Country name,Year,Female deaths,Female deaths of children under the age of 1,Female deaths of children under the age of 5,Female deaths aged 1 to 4 years,Female deaths aged 5 to 9 years,Female deaths aged 10 to 14 years,Female deaths aged 15 to 19 years,Female deaths aged 20 to 29 years,Female deaths aged 30 to 39 years,Female deaths aged 40 to 49 years,Female deaths aged 50 to 59 years,Female deaths aged 60 to 69 years,Female deaths aged 70 to 79 years,Female deaths aged 80 to 89 years,Female deaths aged 90 to 99 years,deaths__female__20_24__records,deaths__female__25_29__records,deaths__female__30_34__records,deaths__female__35_39__records,deaths__female__40_44__records,deaths__female__45_49__records,deaths__female__50_54__records,deaths__female__55_59__records,deaths__female__60_64__records,deaths__female__65_69__records,deaths__female__70_74__records,deaths__female__75_79__records,deaths__female__80_84__records,deaths__female__85_89__records,deaths__female__90_94__records,deaths__female__95_99__records,deaths__female__0_9__records,deaths__female__10_19__records,deaths__female__100plus__records
Afghanistan,1950,131154,49121,75451,26330,5171,3455,3959,8399,7688,6461,6790,7572,5161,1026,20,4286,4113,3975,3713,3380,3081,3331,3459,3917,3655,3139,2022,837,189,20,0,80622,7414,0
Afghanistan,1951,130390,48359,74148,25789,5295,3478,3995,8469,7734,6493,6807,7588,5256,1102,21,4323,4146,4001,3733,3397,3096,3339,3468,3914,3674,3177,2079,892,210,20,1,79443,7473,0
Afghanistan,1952,129562,48354,73251,24897,5377,3465,3998,8461,7710,6469,6774,7553,5313,1164,26,4321,4140,3990,3720,3383,3086,3323,3451,3888,3665,3194,2119,939,225,24,2,78628,7463,0
Afghanistan,1953,129113,48360,72764,24404,5432,3456,4000,8453,7688,6441,6743,7517,5366,1220,31,4319,4134,3981,3707,3369,3072,3310,3433,3866,3651,3211,2155,980,240,29,2,78196,7456,0
Afghanistan,1954,129685,48307,72580,24273,5555,3563,4073,8564,7755,6491,6778,7549,5457,1283,35,4380,4184,4020,3735,3395,3096,3331,3447,3883,3666,3255,2202,1024,259,33,2,78135,7636,0
Afghanistan,1955,128377,48129,72196,24067,5330,3480,3975,8413,7625,6383,6672,7457,5467,1337,41,4300,4113,3953,3672,3338,3045,3279,3393,3834,3623,3246,2221,1056,281,39,2,77526,7455,0
Afghanistan,1956,128315,48091,72196,24105,5211,3522,3963,8402,7607,6362,6651,7443,5520,1394,46,4296,4106,3946,3661,3327,3035,3271,3380,3825,3618,3264,2256,1092,302,44,2,77407,7485,0
Afghanistan,1957,128152,48001,72133,24132,5106,3561,3939,8388,7578,6336,6624,7425,5564,1450,50,4291,4097,3932,3646,3312,3024,3258,3366,3812,3613,3275,2289,1128,322,47,3,77239,7500,0
Afghanistan,1958,127998,47888,72038,24150,5031,3597,3921,8370,7555,6312,6601,7407,5609,1502,54,4284,4086,3921,3634,3299,3013,3246,3355,3797,3610,3284,2325,1161,341,51,3,77069,7518,0
Afghanistan,1959,127854,47786,71944,24158,4980,3607,3918,8345,7526,6284,6576,7402,5656,1558,61,4269,4076,3907,3619,3285,2999,3232,3344,3786,3616,3295,2361,1197,361,57,4,76924,7525,0
Afghanistan,1960,128170,47864,72114,24250,4996,3584,3954,8342,7529,6284,6577,7406,5707,1610,65,4264,4078,3909,3620,3284,3000,3232,3345,3778,3628,3309,2398,1229,381,61,4,77110,7538,0
Afghanistan,1961,128527,48008,72358,24350,5028,3521,4003,8328,7526,6280,6578,7411,5757,1662,73,4252,4076,3907,3619,3281,2999,3231,3347,3773,3638,3324,2433,1262,400,68,5,77386,7524,0
Afghanistan,1962,129200,48256,72771,24515,5077,3462,4072,8341,7545,6295,6595,7430,5814,1718,82,4249,4092,3918,3627,3288,3007,3237,3358,3778,3652,3347,2467,1299,419,75,7,77848,7534,0
Afghanistan,1963,129996,48562,73266,24704,5133,3408,4135,8365,7569,6313,6617,7454,5875,1776,87,4256,4109,3930,3639,3297,3016,3247,3370,3788,3666,3375,2500,1337,439,80,7,78399,7543,0
Afghanistan,1964,130860,48900,73796,24896,5185,3373,4175,8404,7598,6338,6642,7484,5941,1833,94,4282,4122,3947,3651,3310,3028,3258,3384,3804,3680,3407,2534,1374,459,86,8,78981,7548,0
Afghanistan,1965,131819,49237,74356,25119,5245,3383,4162,8469,7631,6370,6674,7526,6014,1890,100,4338,4131,3962,3669,3327,3043,3274,3400,3826,3700,3443,2571,1412,478,92,8,79601,7545,0
Afghanistan,1966,132563,49526,74807,25281,5292,3410,4102,8528,7647,6390,6698,7558,6078,1944,107,4401,4127,3970,3677,3337,3053,3284,3414,3843,3715,3473,2605,1446,498,98,9,80099,7512,0
Afghanistan,1967,133484,49889,75363,25474,5348,3443,4033,8604,7679,6417,6728,7604,6150,2001,115,4478,4126,3987,3692,3350,3067,3299,3429,3866,3738,3507,2643,1483,518,104,11,80711,7476,0
Afghanistan,1968,134401,50236,75906,25670,5402,3474,3968,8679,7709,6445,6758,7654,6224,2056,123,4548,4131,4004,3705,3365,3080,3312,3446,3888,3766,3539,2685,1517,539,111,12,81308,7442,1
Afghanistan,1969,135389,50603,76483,25880,5461,3510,3928,8742,7734,6478,6795,7710,6304,2115,129,4586,4156,4015,3719,3380,3098,3330,3465,3911,3799,3573,2731,1553,562,117,12,81944,7438,1
Afghanistan,1970,136105,50833,76870,26037,5509,3537,3926,8753,7738,6497,6819,7768,6380,2171,137,4556,4197,4012,3726,3388,3109,3340,3479,3934,3834,3604,2776,1588,583,123,14,82379,7463,1
Afghanistan,1971,136940,51124,77310,26186,5564,3570,3962,8746,7745,6527,6854,7826,6464,2228,143,4487,4259,4010,3735,3402,3125,3356,3498,3956,3870,3641,2823,1623,605,129,14,82874,7532,1
Afghanistan,1972,137556,51341,77639,26298,5605,3590,3984,8715,7733,6539,6877,7884,6550,2290,152,4396,4319,3992,3741,3406,3133,3366,3511,3977,3907,3681,2869,1663,627,136,16,83244,7574,1
Afghanistan,1973,138229,51577,77970,26393,5647,3614,4012,8690,7737,6564,6905,7940,6636,2354,160,4317,4373,3988,3749,3417,3147,3378,3527,3998,3942,3722,2914,1705,649,143,17,83617,7626,1
Afghanistan,1974,139081,51857,78384,26527,5698,3643,4045,8671,7762,6592,6944,8011,6740,2423,170,4268,4403,4006,3756,3429,3163,3397,3547,4026,3985,3776,2964,1752,671,151,19,84082,7688,1
Afghanistan,1975,139697,51911,78557,26646,5742,3670,4075,8633,7797,6616,6988,8085,6853,2499,180,4265,4368,4044,3753,3437,3179,3418,3570,4054,4031,3835,3018,1802,697,161,19,84299,7745,1
Afghanistan,1976,140030,51835,78544,26709,5777,3691,4099,8575,7831,6633,7022,8146,6959,2566,190,4290,4285,4090,3741,3442,3191,3433,3589,4077,4069,3890,3069,1848,718,169,21,84321,7790,1
Afghanistan,1977,139939,51654,78313,26659,5785,3694,4104,8475,7842,6628,7028,8186,7052,2631,199,4297,4178,4130,3712,3437,3191,3434,3594,4089,4097,3936,3116,1888,743,177,22,84098,7798,1
Afghanistan,1978,144679,52251,80209,27958,6340,3886,4251,8673,8115,6930,7345,8560,7411,2748,209,4447,4226,4296,3819,3580,3350,3590,3755,4262,4298,4138,3273,1971,777,186,23,86549,8137,2
Afghanistan,1979,150078,52796,82278,29482,7049,4122,4417,8924,8400,7276,7716,8998,7813,2862,218,4614,4310,4445,3955,3738,3538,3772,3944,4467,4531,4368,3445,2052,810,193,25,89327,8539,2
Afghanistan,1980,144981,50786,79233,28447,6861,4005,4290,8633,8094,7033,7484,8723,7601,2805,219,4481,4152,4246,3848,3605,3428,3655,3829,4327,4396,4243,3358,2005,800,192,27,86094,8295,2
Afghanistan,1981,132073,46048,71935,25887,6300,3672,3929,7909,7332,6409,6851,7969,6971,2589,206,4104,3805,3781,3551,3276,3133,3344,3507,3952,4017,3887,3084,1845,744,180,26,78235,7601,2
Afghanistan,1982,118391,39486,63343,23857,6289,3427,3549,7120,6510,5855,6252,7257,6319,2281,181,3690,3430,3283,3227,2963,2892,3054,3198,3593,3664,3536,2783,1629,652,159,22,69632,6976,2
Afghanistan,1983,112014,37254,59778,22524,6010,3251,3366,6762,6121,5557,5946,6889,5993,2167,174,3505,3257,3037,3084,2805,2752,2904,3042,3415,3474,3353,2640,1545,622,153,21,65788,6617,2
Afghanistan,1984,128091,39535,66611,27076,8035,3935,3858,7742,6907,6570,6975,8040,6885,2351,183,4001,3741,3398,3509,3292,3278,3412,3563,3979,4061,3883,3002,1688,663,161,22,74646,7793,2
Afghanistan,1985,133040,40909,68988,28079,8464,4131,4038,8100,7137,6888,7277,8354,7070,2401,188,4186,3914,3542,3595,3469,3419,3560,3717,4145,4209,3998,3072,1724,677,166,22,77452,8169,2
Afghanistan,1986,111800,36981,59238,22257,6165,3313,3425,6876,5999,5677,6026,6914,5872,2116,177,3566,3310,3031,2968,2905,2772,2940,3086,3445,3469,3302,2570,1505,611,155,22,65403,6738,2
Afghanistan,1987,108209,35675,57259,21584,5968,3206,3318,6669,5732,5530,5854,6732,5708,2057,173,3460,3209,2934,2798,2852,2678,2856,2998,3352,3380,3209,2499,1461,596,152,21,63227,6524,2
Afghanistan,1988,94894,32737,50919,18182,4637,2693,2911,5871,4997,4780,5087,5888,5043,1896,166,3052,2819,2590,2407,2491,2289,2476,2611,2933,2955,2816,2227,1339,557,146,20,55556,5604,2
Afghanistan,1989,93249,32400,50078,17678,4433,2600,2849,5775,4877,4688,4997,5830,5032,1914,170,3002,2773,2547,2330,2435,2253,2425,2572,2896,2934,2801,2231,1348,566,148,22,54511,5449,2
Afghanistan,1990,93412,32561,50073,17512,4393,2556,2841,5799,4890,4672,5013,5901,5129,1965,176,3014,2785,2555,2335,2391,2281,2427,2586,2922,2979,2849,2280,1383,582,154,22,54466,5397,2
Afghanistan,1991,88257,30998,47362,16364,4104,2365,2670,5483,4625,4370,4723,5591,4896,1893,171,2848,2635,2413,2212,2191,2179,2279,2444,2761,2830,2714,2182,1332,561,149,22,51466,5035,2
Afghanistan,1992,87280,30969,46728,15759,3923,2260,2627,5458,4609,4325,4690,5587,4945,1948,176,2833,2625,2404,2205,2132,2193,2256,2434,2752,2835,2734,2211,1368,580,154,22,50651,4887,2
Afghanistan,1993,94822,34873,51024,16151,3796,2347,2838,5927,5017,4591,5082,6145,5564,2280,213,3076,2851,2621,2396,2238,2353,2432,2650,3016,3129,3057,2507,1593,687,185,28,54820,5185,2
Afghanistan,1994,103092,38042,55275,17233,4017,2466,3035,6410,5462,5012,5583,6769,6223,2587,243,3323,3087,2846,2616,2428,2584,2679,2904,3311,3458,3408,2815,1806,781,212,31,59292,5501,2
Afghanistan,1995,108931,40058,58219,18161,4294,2592,3164,6701,5722,5216,5926,7235,6755,2837,267,3468,3233,2982,2740,2537,2679,2855,3071,3524,3711,3689,3066,1978,859,232,35,62513,5756,2
Afghanistan,1996,109749,40350,58472,18122,4277,2557,3121,6674,5731,5199,6030,7395,7015,2988,284,3447,3227,2982,2749,2560,2639,2923,3107,3588,3807,3817,3198,2080,908,247,37,62749,5678,3
Afghanistan,1997,111889,40670,59161,18491,4478,2624,3137,6747,5821,5250,6214,7649,7347,3156,301,3477,3270,3028,2793,2611,2639,3036,3178,3701,3948,3987,3360,2194,962,261,40,63639,5761,3
Afghanistan,1998,116862,41017,60159,19142,5104,3052,3434,7262,6242,5566,6602,8030,7752,3336,318,3749,3513,3250,2992,2802,2764,3255,3347,3885,4145,4205,3547,2318,1018,276,42,65263,6486,3
Afghanistan,1999,113175,40646,58886,18240,4567,2673,3097,6743,5891,5266,6436,7960,7855,3466,336,3461,3282,3058,2833,2662,2604,3155,3281,3830,4130,4229,3626,2399,1067,291,45,63453,5770,4
Afghanistan,2000,114111,40697,58783,18086,4608,2708,3100,6766,5956,5352,6542,8138,8149,3650,356,3463,3303,3088,2868,2706,2646,3167,3375,3902,4236,4369,3780,2521,1129,309,47,63391,5808,4
Afghanistan,2001,109165,38605,55647,17042,4432,2611,2960,6434,5709,5169,6295,7892,8010,3638,358,3284,3150,2956,2753,2605,2564,2984,3311,3768,4124,4278,3732,2507,1131,311,47,60079,5571,4
Afghanistan,2002,109414,37970,54776,16806,4563,2741,3040,6494,5793,5247,6357,8004,8228,3790,376,3308,3186,2998,2795,2640,2607,2955,3402,3803,4201,4378,3850,2607,1183,327,49,59339,5781,4
Afghanistan,2003,114129,39635,56642,17007,4538,2754,3118,6633,5998,5510,6722,8591,8975,4219,424,3369,3264,3093,2905,2762,2748,3065,3657,4061,4530,4753,4222,2894,1325,368,56,61180,5872,4
Afghanistan,2004,115801,39607,56491,16884,4581,2819,3194,6697,6112,5667,6901,8934,9436,4509,459,3395,3302,3144,2968,2833,2834,3113,3788,4223,4711,4978,4458,3086,1423,399,60,61072,6013,5
Afghanistan,2005,114659,38504,54888,16384,4539,2829,3206,6614,6086,5701,6904,9071,9648,4684,484,3355,3259,3123,2963,2843,2858,3131,3773,4303,4768,5070,4578,3199,1485,419,65,59427,6035,5
Afghanistan,2006,115711,38245,54175,15930,4499,2837,3263,6761,6233,5871,7014,9371,10038,5003,624,3435,3326,3195,3038,2925,2946,3230,3784,4473,4898,5254,4784,3389,1614,497,127,58674,6100,23
Afghanistan,2007,114947,37518,52743,15225,4348,2796,3263,6735,6243,5952,7035,9580,10337,5241,650,3437,3298,3190,3053,2961,2991,3282,3753,4603,4977,5394,4943,3540,1701,524,126,57091,6059,28
Afghanistan,2008,109010,34557,49048,14491,4222,2748,3143,6079,5729,5697,6829,9599,10412,5147,342,3145,2934,2895,2834,2807,2890,3209,3620,4627,4972,5430,4982,3540,1607,340,2,53270,5891,13
Afghanistan,2009,110483,34069,48322,14253,4309,2790,3241,6261,5838,5851,6977,9954,10873,5527,518,3267,2994,2947,2891,2874,2977,3307,3670,4781,5173,5648,5225,3759,1768,458,60,52631,6031,23
Afghanistan,2010,109997,33502,47035,13533,4229,2767,3271,6253,5784,5899,7077,10149,11191,5788,538,3295,2958,2906,2878,2886,3013,3356,3721,4805,5344,5791,5400,3921,1867,494,44,51264,6038,16
Afghanistan,2011,108564,32497,45279,12782,4088,2695,3255,6174,5659,5904,7174,10284,11480,6022,540,3278,2896,2827,2832,2874,3030,3389,3785,4763,5521,5914,5566,4072,1950,509,31,49367,5950,8
Afghanistan,2012,110321,32660,44887,12227,3997,2653,3309,6449,5794,6077,7397,10559,11931,6458,786,3425,3024,2893,2901,2952,3125,3492,3905,4782,5777,6108,5823,4318,2140,646,140,48884,5962,31
Afghanistan,2013,110691,32394,44165,11771,3849,2588,3296,6552,5792,6165,7554,10761,12321,6776,835,3482,3070,2883,2909,2982,3183,3562,3992,4775,5986,6280,6041,4514,2262,693,142,48014,5884,35
Afghanistan,2014,112527,32196,44087,11891,3887,2603,3326,6741,5855,6331,7800,11054,12832,7109,871,3579,3162,2911,2944,3051,3280,3674,4126,4848,6206,6546,6286,4725,2384,732,139,47974,5929,31
Afghanistan,2015,114751,32019,43812,11793,3922,2609,3361,7028,6005,6558,8095,11366,13427,7511,1012,3716,3312,2990,3015,3150,3408,3812,4283,5011,6355,6877,6550,4966,2545,819,193,47734,5970,42
Afghanistan,2016,113122,30950,42247,11297,3742,2502,3252,6898,5860,6539,8187,11440,13823,7719,894,3639,3259,2917,2943,3120,3419,3847,4340,5111,6329,7124,6699,5114,2605,787,107,45989,5754,20
Afghanistan,2017,108388,29406,38842,9436,3015,2211,3089,6771,5766,6542,8170,11209,13946,7920,896,3563,3208,2870,2896,3128,3414,3842,4328,5072,6137,7216,6730,5236,2684,802,94,41857,5300,13
Afghanistan,2018,108881,28955,37984,9029,2936,2138,3059,6844,5820,6662,8373,11368,14473,8270,945,3579,3265,2914,2906,3174,3488,3935,4438,5204,6164,7515,6958,5458,2812,846,99,40920,5197,7
Afghanistan,2019,110543,28717,37732,9015,3038,2126,3048,6918,5881,6750,8611,11669,15097,8654,1015,3588,3330,2973,2908,3193,3557,4037,4574,5383,6286,7817,7280,5698,2956,901,114,40770,5174,5
Afghanistan,2020,121492,28643,37745,9102,3171,2130,3005,6919,6158,7727,10666,14870,17983,9939,1173,3544,3375,3063,3095,3549,4178,4897,5769,6872,7998,9419,8564,6515,3424,1029,144,40916,5135,5
Afghanistan,2021,126359,28690,37673,8983,3200,2108,3095,7384,6620,8211,11396,15992,18857,10489,1314,3756,3628,3327,3293,3760,4451,5266,6130,7467,8525,9756,9101,6856,3633,1117,197,40873,5203,17
Africa (UN),1950,2910899,949123,1624025,674902,148275,72815,71855,151503,141899,125954,135371,175214,177819,76710,9230,75873,75630,72572,69327,65136,60818,65359,70012,82659,92555,96773,81046,53488,23222,7697,1533,1772300,144670,227
Africa (UN),1951,2945100,965724,1640396,674672,151571,73462,72579,153809,144199,127700,137678,177204,179814,77668,8801,76956,76853,73815,70384,66012,61688,66386,71292,83704,93500,97698,82116,53919,23749,7378,1423,1791967,146041,219
Africa (UN),1952,2955403,969804,1642889,673085,150726,73742,72959,155326,145844,128744,138998,178144,180979,78411,8429,77608,77718,74688,71156,66475,62269,66807,72191,84236,93908,98021,82958,54233,24178,7024,1405,1793615,146701,211
Africa (UN),1953,2971406,973468,1646800,673332,156280,73761,73037,156240,147042,129241,139656,178802,182350,79599,8397,77922,78318,75282,71760,66647,62594,66917,72739,84637,94165,98314,84036,54847,24752,6979,1418,1803080,146798,200
Africa (UN),1954,2981093,974884,1649351,674467,154079,74235,73274,157163,148426,130427,141063,180187,183792,80562,8358,78237,78926,75916,72510,67160,63267,67406,73657,85450,94737,98851,84941,55452,25110,7002,1356,1803430,147509,176
Africa (UN),1955,2991012,977022,1652089,675067,153828,74728,73345,157539,149347,131119,142112,181542,185037,81712,8461,78284,79255,76319,73028,67475,63644,67789,74323,86270,95272,99427,85610,56215,25497,7159,1302,1805917,148073,151
Africa (UN),1956,3012756,982355,1659788,677433,156103,75613,73684,158439,150821,132280,143537,183697,186807,83192,8651,78597,79842,77025,73796,68112,64168,68444,75093,87495,96202,100294,86513,57217,25975,7385,1266,1815891,149297,143
Africa (UN),1957,3096786,1006398,1705197,698799,163733,79579,75407,161331,154100,135457,147451,188967,191214,85336,8865,80029,81302,78658,75442,69778,65679,70421,77030,90226,98741,102757,88457,58795,26541,7631,1234,1868930,154986,146
Africa (UN),1958,3126317,1010607,1710558,699951,167785,81414,76802,163817,157087,137668,149544,191936,193320,87176,9062,81225,82592,80180,76907,71101,66567,71594,77950,91887,100049,103844,89476,60032,27144,7834,1228,1878343,158216,145
Africa (UN),1959,3077520,995659,1675937,680278,162616,78762,75830,161792,156065,136513,148116,191518,192781,88163,9282,80122,81670,79660,76405,70701,65812,71023,77093,91709,99809,103464,89317,60592,27571,8024,1258,1838553,154592,140
Africa (UN),1960,3110279,1002394,1685874,683480,166307,79905,77173,163655,158548,138794,150315,194748,195459,89851,9514,81051,82604,80914,77634,72019,66775,72129,78186,93212,101536,104920,90539,61608,28243,8213,1301,1852181,157078,132
Africa (UN),1961,3133896,1010105,1696899,686794,167102,80058,77638,163623,159196,139980,151655,197734,198253,91805,9817,81050,82573,81124,78072,72659,67321,72701,78954,94337,103397,106373,91880,62729,29076,8465,1352,1864001,157696,132
Africa (UN),1962,3174488,1020187,1711683,691496,170498,81289,79013,165377,161271,141940,153901,201846,203083,94257,10195,81906,83471,82100,79171,73629,68311,73546,80355,95810,106036,108945,94138,64168,30089,8793,1402,1882181,160302,135
Africa (UN),1963,3203223,1028349,1723801,695452,171887,81965,79509,165995,162372,143319,155432,204796,207233,96247,10520,82192,83803,82531,79841,74301,69018,74062,81370,96760,108036,111156,96077,65380,30867,9082,1438,1895688,161474,144
Africa (UN),1964,3224746,1036324,1735135,698811,172643,81806,79166,165699,162272,143952,156293,207124,211212,98370,10925,82157,83542,82342,79930,74546,69406,74314,81979,97599,109525,113248,97964,66760,31610,9411,1514,1907778,160972,148
Africa (UN),1965,3277423,1047079,1755221,708142,176673,84112,80675,168986,165254,146970,159102,210964,216878,101099,11335,83994,84992,83745,81509,76080,70890,75671,83431,99461,111503,116182,100696,68686,32413,9746,1589,1931894,164787,153
Africa (UN),1966,3359169,1065832,1789421,723589,183769,87656,83104,173708,169544,151363,163345,216542,224387,104408,11759,86627,87081,85820,83724,78315,73048,77805,85540,102239,114303,120010,104377,71081,33327,10111,1648,1973190,170760,159
Africa (UN),1967,3389078,1071558,1796260,724702,185763,88239,83908,175680,171284,153857,165695,220066,228803,107161,12201,87855,87825,86585,84699,79524,74333,79055,86640,103797,116269,122264,106539,72947,34214,10475,1726,1982023,172147,160
Africa (UN),1968,3417564,1082516,1809970,727454,187151,88970,84716,176526,171977,155039,166910,222109,231796,109614,12619,88454,88072,86839,85138,80126,74913,79743,87167,104709,117400,123686,108110,74518,35096,10816,1803,1997121,173686,166
Africa (UN),1969,3471779,1096224,1832298,736074,191217,90872,86686,179064,174076,157903,170069,226586,237074,112709,13049,89704,89360,87829,86247,81526,76377,81388,88681,106706,119880,126389,110685,76483,36226,11157,1892,2023515,177558,176
Africa (UN),1970,3510775,1108101,1849226,741125,193690,92168,88080,180381,174862,159465,172358,230250,241401,115317,13393,90194,90187,88175,86687,82227,77238,82524,89834,108254,121996,128601,112800,78048,37269,11442,1951,2042916,180248,183
Africa (UN),1971,3532605,1118575,1861418,742843,194334,92103,88046,179738,173716,159867,173882,233040,245046,117548,13684,89759,89979,87532,86184,82284,77583,83323,90559,109383,123657,130397,114649,79357,38191,11696,1988,2055752,180149,181
Africa (UN),1972,3600565,1132628,1883956,751328,199905,96588,91800,185528,178107,164487,178524,237740,249878,119922,13952,92608,92920,89716,88391,84570,79917,85752,92772,111542,126198,132942,116936,80880,39042,11944,2008,2083861,188388,178
Africa (UN),1973,3594961,1136212,1882289,746077,198039,95542,90773,183108,175368,163442,178805,238753,252603,121848,14210,91578,91530,88197,87171,83836,79606,85766,93039,111699,127054,134234,118369,82127,39721,12169,2041,2080328,186315,180
Africa (UN),1974,3649032,1155781,1913644,757863,201061,96615,91138,183878,175695,164998,181977,242972,257871,124410,14589,92260,91618,88419,87276,84343,80655,87210,94767,113490,129482,137054,120817,83856,40554,12501,2088,2114705,187753,183
Africa (UN),1975,3676094,1164444,1919832,755388,202467,97891,92623,186152,176971,166585,184334,245427,261737,126872,15008,93870,92282,89248,87723,84973,81612,88329,96005,114538,130889,139053,122684,85461,41411,12873,2135,2122299,190514,193
Africa (UN),1976,3657093,1161038,1903816,742778,199317,96285,92311,185299,175366,165530,184574,246310,263924,128828,15339,93697,91602,88699,86667,84242,81288,88344,96230,114875,131435,140123,123801,86688,42140,13159,2180,2103133,188596,192
Africa (UN),1977,3675053,1166869,1909500,742631,199254,96226,92599,185320,174366,165167,186071,249202,268767,132348,16030,93920,91400,88482,85884,83824,81343,88914,97157,116170,133032,142479,126288,88815,43533,13724,2306,2108754,188825,203
Africa (UN),1978,3702130,1174009,1916347,742338,201316,96536,93261,186661,174365,165493,188252,252537,274317,136150,16680,94671,91990,88699,85666,83818,81675,89749,98503,117744,134793,145109,129208,91202,44948,14249,2431,2117663,189797,212
Africa (UN),1979,3732386,1179501,1920098,740597,202902,97117,94308,189463,175483,166241,190784,256665,280493,140836,17736,96017,93446,89327,86156,84077,82164,90790,99994,119773,136892,147939,132554,94059,46777,15033,2703,2123000,191425,258
Africa (UN),1980,3770268,1186758,1929946,743188,205523,98264,95429,192370,176824,167054,193241,260800,286497,145370,18649,97389,94981,89913,86911,84421,82633,91830,101411,121732,139068,150702,135795,96823,48547,15740,2909,2135469,193693,300
Africa (UN),1981,3804159,1189988,1934911,744923,208712,99657,96351,194816,178720,167834,195682,265139,292953,149713,19332,98525,96291,90800,87920,84755,83079,92879,102803,123649,141490,153805,139148,99547,50166,16273,3059,2143623,196008,339
Africa (UN),1982,3841565,1191955,1937576,745621,211673,100883,97680,198300,182014,170125,199207,270475,299269,153954,20051,100247,98053,92356,89658,85860,84265,94395,104812,126253,144222,156771,142498,102245,51709,16882,3169,2149249,198563,358
Africa (UN),1983,4073667,1251791,2057273,805482,232215,111143,103631,209546,192467,179151,209985,284205,312388,160231,21037,106008,103538,97666,94801,90396,88755,99370,110615,132994,151211,163616,148772,106404,53827,17678,3359,2289488,214774,394
Africa (UN),1984,4130610,1254132,2060913,806781,237433,113678,106170,215347,198514,183980,215403,291201,320191,165397,21967,108803,106544,100960,97554,93000,90980,101776,113627,136386,154815,167525,152666,109680,55717,18460,3507,2298346,219848,416
Africa (UN),1985,4170579,1254172,2057832,803660,240643,115404,108214,220045,203503,187757,219439,297993,326573,169897,22838,111007,109038,103825,99678,95237,92520,103405,116034,139652,158341,170698,155875,112489,57408,19182,3656,2298475,223618,441
Africa (UN),1986,4192967,1246064,2039730,793666,242026,116110,110131,224391,208280,191621,223205,305010,333448,174763,23784,113028,111363,106361,101919,97616,94005,104924,118281,142887,162123,174275,159173,115503,59260,19958,3826,2281756,226241,467
Africa (UN),1987,4190027,1218432,1990769,772337,241346,117129,113421,232419,216166,197556,226844,310584,339067,179404,24822,116616,115803,110564,105602,101249,96307,106765,120079,145419,165165,177144,161923,118325,61079,20771,4051,2232115,230550,500
Africa (UN),1988,4378727,1267131,2094317,827186,256595,122432,115701,238030,222073,203537,234678,324893,351920,186727,27201,119353,118677,113479,108594,104345,99192,110172,124506,151960,172933,184120,167800,122696,64031,22487,4714,2350912,238133,622
Africa (UN),1989,4269891,1223962,1995077,771115,242008,118440,115581,239412,223785,203389,233358,324554,353744,191539,28359,119939,119473,114155,109630,104426,98963,109576,123782,151673,172881,184613,169131,125348,66191,23411,4948,2237085,234021,644
Africa (UN),1990,4351505,1233343,2011824,778481,247068,121579,118719,247249,232291,210174,239259,333772,362829,196893,29180,123683,123566,118301,113990,107833,102341,112427,126832,155785,177987,189592,173237,128692,68201,24100,5080,2258892,240298,668
Africa (UN),1991,4498200,1262084,2066829,804745,258329,128070,123725,258296,243478,219238,246991,345182,374266,203001,30108,129100,129196,123960,119518,112500,106738,116192,130799,160818,184364,195844,178422,132544,70457,24885,5223,2325158,251795,687
Africa (UN),1992,4628287,1274128,2088701,814573,269276,134598,130448,273121,258075,231255,255889,357301,386929,210427,31545,136257,136864,131545,126530,118693,112562,120636,135253,166143,191158,202670,184259,137022,73405,26041,5504,2357977,265046,721
Africa (UN),1993,4650424,1260237,2055765,795528,266367,135015,133805,282080,267610,239366,261042,365372,395034,215709,32528,140403,141677,136449,131161,123070,116296,123285,137757,169506,195866,207172,187862,140054,75655,26881,5647,2322132,268820,731
Africa (UN),1994,4903896,1267484,2059162,791678,274473,144949,155754,332188,321313,279250,284126,386418,409338,222617,33555,165397,166791,164227,157086,146739,132511,135673,148453,180133,206285,215552,193786,144416,78201,27742,5813,2333635,300703,752
Africa (UN),1995,4762298,1266700,2050346,783646,271578,136397,138770,296280,283916,254564,272675,379958,414663,227164,35116,146664,149616,144702,139214,131491,123073,129771,142904,174997,204961,217785,196878,146975,80189,28845,6271,2321924,275167,870
Africa (UN),1996,4866585,1273801,2059180,785379,277599,139281,143568,312814,300969,267863,282485,388714,425409,232191,35632,153669,159145,153812,147157,138590,129273,135516,146969,178946,209768,223746,201663,150211,81980,29437,6195,2336779,282849,880
Africa (UN),1997,4937533,1270262,2050592,780330,280251,140899,147183,324578,314937,278989,291689,397113,436055,237923,36465,158629,165949,161143,153794,144365,134624,140885,150804,182896,214217,229286,206769,153914,84009,30263,6202,2330843,288082,858
Africa (UN),1998,5112741,1278366,2071455,793089,295422,148464,155439,346133,338826,298352,307707,411350,453541,246866,38299,168588,177545,173552,165274,154359,143993,149806,157901,189733,221617,238492,215049,159749,87117,31693,6606,2366877,303903,885
Africa (UN),1999,5048251,1252660,2004113,751453,283462,141608,151863,346320,344032,301259,310070,411816,459439,253327,40022,167994,178326,176538,167494,155577,145682,151304,158766,189964,221852,240802,218637,163749,89578,33001,7021,2287575,293471,919
Africa (UN),2000,5087443,1243100,1975911,732811,283667,141316,153132,360025,359218,309672,317263,416400,468257,259742,41840,173962,186063,185293,173925,159826,149846,154873,162390,192394,224006,244828,223429,167709,92033,34323,7517,2259578,294448,999
Africa (UN),2001,5158805,1230948,1943024,712076,286499,142114,155766,376718,381209,325158,328800,424167,480394,269370,44476,180759,195959,197005,184204,168117,157041,161196,167604,196671,227496,250104,230290,173532,95838,36221,8255,2229523,297880,1110
Africa (UN),2002,5192942,1217509,1909862,692353,288560,142384,157133,383559,392601,333591,337297,430466,491224,278314,46712,184161,199398,201747,190854,172588,161003,164911,172386,199650,230816,254395,236829,178855,99459,37835,8877,2198422,299517,1238
Africa (UN),2003,5226678,1199893,1872805,672912,284768,140762,156742,392753,407873,344529,347124,436398,502995,289212,49330,187483,205270,209224,198649,178848,165681,170418,176706,202567,233831,258842,244153,185280,103932,39793,9537,2157573,297504,1387
Africa (UN),2004,5240171,1180998,1835329,654331,286762,140959,157228,396580,412555,351975,356012,442418,510683,297122,51033,189379,207201,210004,202551,182811,169164,174938,181074,206012,236406,261382,249301,190025,107097,41112,9921,2122091,298187,1514
Africa (UN),2005,5231150,1165527,1797573,632046,283761,139548,155902,396952,412244,355922,362148,447458,518190,306480,53333,188702,208250,208609,203635,185051,170871,178318,183830,209284,238174,263718,254472,195582,110898,42872,10461,2081334,295450,1637
Africa (UN),2006,5201751,1147083,1756664,609581,279536,137888,154103,393594,405779,356731,366013,452750,524920,316260,55770,186511,207083,204264,201515,185243,171488,179689,186324,212168,240582,265761,259159,201559,114701,44732,11038,2036200,291991,1743
Africa (UN),2007,5180409,1130841,1720400,589559,276338,136123,151928,390981,400867,358706,369849,457724,531706,325860,58089,184317,206664,202220,198647,186363,172343,181344,188505,215613,242111,268201,263505,207533,118327,46568,11521,1996738,288051,1837
Africa (UN),2008,5169185,1116526,1690049,573523,276623,135359,150921,386509,395854,359038,374128,464764,538476,335377,60175,181917,204592,199784,196070,185859,173179,182625,191503,219791,244973,270984,267492,213380,121997,48225,11950,1966672,286280,1912
Africa (UN),2009,5109083,1096769,1651439,554670,269391,132218,147520,375568,384341,355199,374811,467686,542674,344245,62025,176539,199029,194539,189802,182973,172226,182289,192522,221360,246326,272433,270241,218595,125650,49668,12357,1920830,279738,1966
Africa (UN),2010,5090208,1083747,1625360,541613,270308,132192,146767,367554,375622,351802,376390,474032,549654,354337,64145,173377,194177,190952,184670,179926,171876,182317,194073,223692,250340,275614,274040,224367,129970,51298,12847,1895668,278959,2045
Africa (UN),2011,5044948,1066913,1593214,526301,266321,130015,144145,354262,363677,345574,377078,479705,555666,365346,67670,167730,186532,185504,178173,175699,169875,181955,195123,225988,253717,278391,277275,229970,135376,53877,13793,1859535,274160,2275
Africa (UN),2012,5020013,1048340,1559488,511148,266197,129717,143103,345995,358153,341962,378678,486739,562984,374872,69656,164194,181801,182971,175182,172566,169396,182341,196337,227859,258880,281739,281245,235038,139834,55341,14315,1825685,272820,2467
Africa (UN),2013,5005225,1034750,1533411,498661,263550,128464,141229,337272,351614,340059,381928,495410,571704,385757,72168,160704,176568,179084,172530,170929,169130,183602,198326,231180,264230,286252,285452,240587,145170,57396,14772,1796961,269693,2659
Africa (UN),2014,5002799,1022114,1510925,488811,264245,128870,141205,331589,348643,338413,384567,504076,580229,393162,74063,158579,173010,177002,171641,169492,168921,184605,199962,234936,269140,291021,289208,244176,148986,58984,15079,1775170,270075,2810
Africa (UN),2015,5030948,1009932,1487649,477717,266369,129889,141595,329333,348946,339809,390939,516160,594675,405015,77578,158094,171239,176034,172912,169785,170024,187537,203402,240826,275334,299225,295450,250285,154730,61858,15720,1754018,271484,2990
Africa (UN),2016,5028809,994666,1461134,466468,266027,129811,141404,326092,348226,340237,394303,523724,605860,410036,78922,157068,169024,174549,173677,169977,170260,188927,205376,244162,279562,305774,300086,252793,157243,63125,15797,1727161,271215,3033
Africa (UN),2017,5045356,982489,1438429,455940,266775,130679,142330,323594,347408,340995,398486,532722,618830,419098,82755,156679,166915,173257,174151,170443,170552,190585,207901,248165,284557,313787,305043,257450,161648,66075,16680,1705204,273009,3255
Africa (UN),2018,5072034,971142,1415162,444020,266432,131099,143083,321692,346946,343627,404492,544332,634358,430144,87188,156101,165591,171820,175126,171949,171678,193057,211435,252882,291450,322791,311567,263418,166726,69506,17682,1681594,274182,3479
Africa (UN),2019,5103310,961001,1395436,434435,263331,131132,143861,320846,346223,347251,409945,556141,652243,441754,91473,156106,164740,170613,175610,174299,172952,195118,214827,257385,298756,332380,319863,269916,171838,72792,18681,1658767,274993,3673
Africa (UN),2020,5334716,945054,1367569,422515,259477,130458,141944,315295,346098,365623,455134,640222,730500,480520,98116,153681,161614,168584,177514,181812,183811,213690,241444,293899,346323,377685,352815,292509,188011,78377,19739,1627046,272402,3760
Africa (UN),2021,5637353,936509,1349579,413070,256221,130763,146931,328815,364948,397305,504124,714436,806173,524856,109024,160278,168537,176332,188616,196662,200643,234633,269491,329542,384894,417026,389147,318814,206042,86726,22298,1605800,277694,4178
Albania,1950,12437,4563,6160,1597,245,120,114,240,281,384,617,1215,1657,1169,231,120,120,129,152,185,199,296,321,542,673,817,840,699,470,188,43,6405,234,6
Albania,1951,12908,4767,6402,1635,249,118,114,240,274,387,616,1221,1725,1297,257,120,120,127,147,186,201,287,329,526,695,851,874,732,565,207,50,6651,232,6
Albania,1952,13171,4863,6522,1659,222,114,114,238,269,386,610,1210,1779,1406,291,118,120,125,144,182,204,272,338,502,708,871,908,746,660,233,58,6744,228,7
Albania,1953,13579,5005,6682,1677,306,110,114,236,265,385,607,1196,1833,1506,331,116,120,124,141,177,208,256,351,481,715,894,939,753,753,266,65,6988,224,8
Albania,1954,13761,5114,6803,1689,240,105,114,233,259,384,598,1176,1876,1584,379,115,118,122,137,171,213,243,355,466,710,910,966,759,825,309,70,7043,219,9
Albania,1955,13937,5171,6866,1695,242,100,112,229,255,379,585,1157,1918,1646,440,112,117,120,135,165,214,234,351,464,693,930,988,768,878,362,78,7108,212,10
Albania,1956,13948,5182,6866,1684,244,95,109,225,247,368,566,1124,1931,1661,504,112,113,117,130,158,210,230,336,464,660,935,996,772,889,420,84,7110,204,12
Albania,1957,13831,5147,6802,1655,244,93,105,217,240,354,543,1087,1927,1645,562,109,108,115,125,151,203,230,313,468,619,930,997,777,868,475,87,7046,198,15
Albania,1958,13586,5110,6720,1610,242,88,98,208,229,332,511,1040,1892,1599,610,106,102,110,119,141,191,227,284,464,576,907,985,776,823,516,94,6962,186,16
Albania,1959,13431,5037,6593,1556,227,90,93,205,225,319,496,1027,1893,1586,659,104,101,108,117,137,182,230,266,469,558,896,997,791,795,552,107,6820,183,18
Albania,1960,13123,4898,6388,1490,228,88,86,199,216,305,482,1000,1862,1561,685,102,97,104,112,132,173,228,254,455,545,863,999,797,764,562,123,6616,174,18
Albania,1961,12827,4718,6135,1417,221,90,82,194,213,297,475,989,1844,1566,702,99,95,102,111,129,168,225,250,437,552,829,1015,812,754,558,144,6356,172,18
Albania,1962,12633,4496,5828,1332,228,92,83,196,215,294,485,1002,1858,1614,718,98,98,103,112,130,164,227,258,421,581,810,1048,844,770,553,165,6056,175,19
Albania,1963,12250,4259,5496,1237,222,92,82,192,210,288,484,990,1832,1630,710,95,97,99,111,129,159,221,263,395,595,778,1054,858,772,528,182,5718,174,20
Albania,1964,11855,4005,5147,1142,222,92,82,188,206,282,483,977,1805,1651,697,90,98,97,109,126,156,213,270,373,604,758,1047,874,777,505,192,5369,174,22
Albania,1965,11426,3738,4783,1045,222,94,83,180,203,279,477,954,1773,1672,678,85,95,96,107,125,154,204,273,358,596,752,1021,889,783,485,193,5005,177,24
Albania,1966,11037,3504,4454,950,210,97,85,176,201,274,469,933,1751,1693,668,82,94,95,106,122,152,197,272,356,577,765,986,904,789,476,192,4664,182,27
Albania,1967,10768,3324,4184,860,201,99,86,174,200,275,465,914,1750,1726,662,81,93,95,105,122,153,193,272,362,552,793,957,927,799,475,187,4385,185,30
Albania,1968,10459,3165,3941,776,189,101,89,169,197,272,453,890,1739,1735,652,80,89,95,102,121,151,188,265,371,519,816,923,933,802,475,177,4130,190,32
Albania,1969,10164,3004,3709,705,178,102,89,166,196,269,442,871,1733,1734,642,81,85,95,101,119,150,185,257,379,492,828,905,928,806,473,169,3887,191,34
Albania,1970,9905,2818,3460,642,167,103,90,164,194,266,434,868,1740,1736,640,83,81,95,99,118,148,185,249,389,479,828,912,917,819,477,163,3627,193,35
Albania,1971,9674,2651,3233,582,152,105,94,162,196,265,427,876,1749,1734,642,84,78,96,100,118,147,185,242,394,482,808,941,898,836,480,162,3385,199,35
Albania,1972,9430,2501,3030,529,140,103,97,161,195,262,421,882,1746,1717,640,85,76,94,101,115,147,186,235,392,490,771,975,872,845,480,160,3170,200,34
Albania,1973,9289,2359,2841,482,132,101,99,166,195,263,421,903,1760,1721,650,89,77,94,101,115,148,188,233,390,513,739,1021,861,860,487,163,2973,200,33
Albania,1974,9146,2235,2677,442,124,98,104,168,194,263,424,919,1764,1721,654,90,78,90,104,115,148,189,235,383,536,712,1052,859,862,491,163,2801,202,32
Albania,1975,9014,2136,2544,408,116,94,106,174,189,265,426,930,1753,1724,660,93,81,85,104,116,149,190,236,374,556,697,1056,874,850,497,163,2660,200,31
Albania,1976,8988,2040,2421,381,111,91,110,184,193,268,434,945,1763,1763,674,98,86,86,107,117,151,191,243,370,575,713,1050,921,842,510,164,2532,201,30
Albania,1977,8881,1947,2309,362,106,88,110,190,190,269,439,943,1748,1784,679,102,88,83,107,118,151,191,248,363,580,735,1013,964,820,515,164,2415,198,29
Albania,1978,8883,1869,2212,343,100,84,109,200,190,275,450,951,1762,1836,685,108,92,84,106,123,152,194,256,364,587,777,985,1022,814,522,163,2312,193,28
Albania,1979,8826,1803,2134,331,97,81,108,209,192,277,455,943,1766,1861,673,114,95,88,104,125,152,197,258,365,578,813,953,1052,809,513,160,2231,189,27
Albania,1980,8243,1753,2069,316,85,71,94,196,175,255,419,860,1642,1740,613,106,90,84,91,116,139,181,238,341,519,775,867,978,762,463,150,2154,165,25
Albania,1981,8210,1733,2038,305,80,66,88,199,172,255,414,847,1663,1756,605,106,93,85,87,117,138,179,235,345,502,789,874,960,796,453,152,2118,154,25
Albania,1982,8156,1732,2029,297,76,61,83,198,170,251,406,833,1679,1751,595,104,94,86,84,114,137,176,230,348,485,785,894,922,829,442,153,2105,144,25
Albania,1983,8154,1720,2009,289,63,57,78,199,171,251,403,828,1712,1758,601,102,97,89,82,111,140,175,228,352,476,778,934,888,870,444,157,2072,135,24
Albania,1984,8208,1702,1985,283,69,55,75,200,174,250,404,836,1747,1778,611,99,101,89,85,107,143,175,229,355,481,765,982,870,908,455,156,2054,130,24
Albania,1985,8294,1662,1940,278,69,55,75,203,185,254,409,856,1788,1805,640,97,106,96,89,106,148,176,233,359,497,754,1034,875,930,483,157,2009,130,24
Albania,1986,8296,1601,1865,264,64,49,67,195,189,249,410,872,1805,1831,672,90,105,97,92,100,149,176,234,359,513,737,1068,901,930,518,154,1929,116,25
Albania,1987,8188,1540,1791,251,61,46,64,187,192,243,405,873,1779,1822,697,85,102,99,93,96,147,174,231,351,522,710,1069,926,896,545,152,1852,110,25
Albania,1988,8090,1471,1707,236,59,43,59,177,197,239,401,872,1749,1829,730,78,99,101,96,95,144,174,227,345,527,693,1056,965,864,573,157,1766,102,25
Albania,1989,8087,1389,1610,221,61,42,55,168,203,236,407,883,1749,1884,767,73,95,104,99,97,139,179,228,348,535,703,1046,1026,858,602,165,1671,97,26
Albania,1990,8024,1304,1509,205,57,41,52,160,205,232,408,878,1735,1930,788,70,90,105,100,100,132,183,225,346,532,717,1018,1071,859,611,177,1566,93,25
Albania,1991,8055,1207,1397,190,55,41,49,152,210,233,415,888,1755,2018,812,67,85,107,103,105,128,187,228,353,535,749,1006,1122,896,619,193,1452,90,25
Albania,1992,7983,1123,1298,175,55,41,47,142,211,231,414,881,1749,2070,816,62,80,104,107,107,124,186,228,351,530,768,981,1137,933,607,209,1353,88,25
Albania,1993,8052,1037,1196,159,53,41,45,136,217,237,420,892,1788,2166,833,59,77,105,112,111,126,184,236,355,537,798,990,1163,1003,608,225,1249,86,27
Albania,1994,8127,974,1121,147,53,42,44,131,219,245,426,906,1830,2237,847,56,75,102,117,113,132,182,244,359,547,817,1013,1165,1072,610,237,1174,86,29
Albania,1995,8117,909,1043,134,48,41,42,121,215,250,424,908,1860,2273,860,52,69,96,119,116,134,174,250,356,552,821,1039,1148,1125,619,241,1091,83,32
Albania,1996,8096,833,955,122,47,41,43,114,208,259,421,909,1891,2288,883,49,65,90,118,120,139,169,252,356,553,822,1069,1126,1162,641,242,1002,84,35
Albania,1997,8432,773,935,162,68,51,50,126,225,290,449,963,1985,2332,919,55,71,96,129,136,154,181,268,382,581,859,1126,1134,1198,679,240,1003,101,38
Albania,1998,8180,675,777,102,41,40,43,101,196,275,421,936,1992,2350,965,44,57,81,115,130,145,171,250,376,560,854,1138,1136,1214,725,240,818,83,41
Albania,1999,8190,612,704,92,38,38,44,94,185,280,418,949,2022,2364,1004,41,53,75,110,134,146,177,241,388,561,871,1151,1155,1209,764,240,742,82,42
Albania,2000,8190,550,631,81,34,36,44,91,174,285,417,959,2046,2381,1046,41,50,70,104,137,148,185,232,400,559,886,1160,1188,1193,800,246,665,80,43
Albania,2001,8208,488,560,72,33,35,43,88,167,292,419,970,2076,2407,1083,41,47,68,99,139,153,191,228,404,566,902,1174,1226,1181,826,257,593,78,42
Albania,2002,8235,430,493,63,30,32,42,84,158,297,423,979,2105,2436,1114,41,43,65,93,139,158,196,227,402,577,910,1195,1259,1177,842,272,523,74,42
Albania,2003,8266,384,438,54,27,31,39,79,148,298,431,989,2139,2469,1137,39,40,60,88,135,163,199,232,394,595,915,1224,1285,1184,848,289,465,70,41
Albania,2004,8349,340,388,48,24,28,38,77,140,302,444,1004,2186,2526,1153,40,37,55,85,131,171,200,244,384,620,923,1263,1310,1216,848,305,412,66,42
Albania,2005,8375,297,337,40,22,27,36,75,129,296,457,1003,2223,2567,1157,39,36,50,79,122,174,204,253,369,634,930,1293,1319,1248,840,317,359,63,44
Albania,2006,8474,258,293,35,20,26,35,74,121,294,475,1009,2276,2636,1171,39,35,46,75,117,177,209,266,362,647,951,1325,1341,1295,842,329,313,61,46
Albania,2007,8252,229,259,30,17,22,31,70,109,277,473,969,2240,2597,1143,35,35,42,67,108,169,209,264,348,621,943,1297,1316,1281,817,326,276,53,48
Albania,2008,8392,207,233,26,15,20,30,69,102,269,489,971,2304,2668,1174,35,34,39,63,103,166,219,270,359,612,984,1320,1353,1315,840,334,248,50,52
Albania,2009,8595,190,213,23,12,18,28,70,96,261,503,982,2389,2748,1222,35,35,37,59,99,162,228,275,381,601,1034,1355,1401,1347,878,344,225,46,57
Albania,2010,8774,176,198,22,11,17,26,67,92,251,522,988,2468,2809,1267,32,35,36,56,95,156,237,285,402,586,1075,1393,1442,1367,917,350,209,43,61
Albania,2011,8980,163,181,18,11,16,26,63,87,241,538,1006,2557,2870,1317,30,33,36,51,90,151,242,296,425,581,1108,1449,1479,1391,958,359,192,42,65
Albania,2012,9379,153,170,17,10,13,24,67,86,239,567,1056,2706,2989,1386,32,35,36,50,90,149,250,317,456,600,1148,1558,1541,1448,1009,377,180,37,70
Albania,2013,9581,144,160,16,10,12,22,65,82,229,581,1092,2793,3042,1417,31,34,35,47,84,145,247,334,469,623,1147,1646,1566,1476,1028,389,170,34,71
Albania,2014,9608,136,152,16,8,11,21,60,80,212,582,1126,2818,3048,1417,29,31,36,44,76,136,239,343,471,655,1110,1708,1570,1478,1020,397,160,32,72
Albania,2015,9692,127,143,16,7,10,19,59,79,202,582,1169,2842,3085,1422,28,31,36,43,71,131,228,354,483,686,1075,1767,1600,1485,1016,406,150,29,73
Albania,2016,9749,121,136,15,6,10,17,57,77,191,574,1210,2843,3128,1427,27,30,35,42,66,125,218,356,495,715,1044,1799,1645,1483,1012,415,142,27,74
Albania,2017,9881,117,132,15,5,8,15,55,76,179,565,1255,2856,3213,1445,25,30,35,41,62,117,208,357,516,739,1041,1815,1721,1492,1023,422,137,23,77
Albania,2018,10043,114,128,14,5,7,14,54,78,165,553,1293,2872,3330,1466,23,31,36,42,57,108,200,353,539,754,1071,1801,1819,1511,1038,428,133,21,80
Albania,2019,10232,114,129,15,5,7,14,55,79,158,538,1324,2897,3458,1485,23,32,36,43,55,103,192,346,561,763,1137,1760,1918,1540,1052,433,134,21,83
Albania,2020,12876,114,127,13,16,22,31,69,120,258,634,1504,3539,4606,1849,32,37,47,73,97,161,244,390,625,879,1308,2231,2496,2110,1330,519,143,53,98
Albania,2021,13425,114,127,13,15,22,34,77,133,276,702,1712,3849,4648,1737,35,42,54,79,104,172,270,432,710,1002,1516,2333,2574,2074,1252,485,142,56,91
Algeria,1950,97521,36876,51657,14781,5169,3080,3380,6042,4804,4225,4122,5098,5148,3376,1310,3358,2684,2537,2267,2342,1883,2326,1796,2476,2622,3019,2129,2208,1168,889,421,56826,6460,107
Algeria,1951,101497,39090,54728,15638,5330,3058,3390,6194,4902,4357,4351,5228,5418,3329,1113,3428,2766,2579,2323,2400,1957,2393,1958,2508,2720,3129,2289,2126,1203,760,353,60058,6448,99
Algeria,1952,102689,39226,55870,16644,5165,2990,3353,6254,4937,4442,4526,5276,5646,3221,917,3424,2830,2560,2377,2378,2064,2342,2184,2454,2822,3131,2515,1948,1273,618,299,61035,6343,90
Algeria,1953,105254,39381,56748,17367,5979,2966,3366,6398,5045,4605,4762,5408,5961,3160,775,3450,2948,2568,2477,2370,2235,2280,2482,2422,2986,3150,2811,1812,1348,521,254,62727,6332,79
Algeria,1954,107535,39621,57553,17932,5285,3006,3464,6772,5397,5092,5198,5634,6264,3123,683,3603,3169,2697,2700,2551,2541,2364,2834,2492,3142,3204,3060,1764,1359,467,216,62838,6470,65
Algeria,1955,109497,40237,58517,18280,5488,2957,3426,6830,5482,5202,5383,5854,6526,3149,632,3600,3230,2730,2752,2569,2633,2381,3002,2617,3237,3286,3240,1828,1321,449,183,64005,6383,49
Algeria,1956,112501,40923,59524,18601,5970,2998,3453,6975,5656,5379,5625,6209,6829,3234,608,3650,3325,2835,2821,2653,2726,2498,3127,2890,3319,3451,3378,1987,1247,460,148,65494,6451,39
Algeria,1957,115253,41573,60488,18915,6321,3043,3461,7074,5815,5528,5823,6617,7107,3349,596,3687,3387,2960,2855,2769,2759,2690,3133,3300,3317,3668,3439,2214,1135,479,117,66809,6504,32
Algeria,1958,117641,42321,61556,19235,6612,3067,3436,7091,5922,5612,5948,7020,7310,3466,573,3693,3398,3071,2851,2876,2736,2905,3043,3749,3271,3873,3437,2438,1028,479,94,68168,6503,26
Algeria,1959,119675,42886,62414,19528,6466,3133,3436,7128,6061,5724,6115,7486,7538,3614,538,3706,3422,3184,2877,2980,2744,3107,3008,4152,3334,4054,3484,2622,992,456,82,68880,6569,20
Algeria,1960,122406,43583,63466,19883,6757,3211,3455,7160,6208,5846,6314,7967,7765,3754,489,3712,3448,3274,2934,3059,2787,3259,3055,4443,3524,4187,3578,2734,1020,414,75,70223,6666,15
Algeria,1961,125356,44398,64643,20245,6852,3358,3498,7201,6389,5994,6565,8508,8007,3888,438,3725,3476,3356,3033,3123,2871,3369,3196,4621,3887,4268,3739,2796,1092,365,73,71495,6856,11
Algeria,1962,133102,46554,68180,21626,7282,3537,3589,7421,6710,6259,7002,9399,9205,4127,382,3803,3618,3487,3223,3199,3060,3456,3546,4687,4712,4785,4420,2930,1197,313,69,75462,7126,8
Algeria,1963,132033,46916,68209,21293,6840,3400,3461,7047,6486,5833,6726,9419,9965,4307,332,3582,3465,3346,3140,2940,2893,3177,3549,4353,5066,5024,4941,3038,1269,270,62,75049,6861,6
Algeria,1964,135871,47827,69935,22108,6880,3368,3489,7029,6624,5888,6825,9704,11165,4656,307,3553,3476,3394,3230,2963,2925,3161,3664,4361,5343,5526,5639,3339,1317,254,53,76815,6857,4
Algeria,1965,139213,48364,71266,22902,6912,3355,3466,6977,6735,5934,6861,9851,12452,5107,294,3518,3459,3440,3295,3012,2922,3172,3689,4503,5348,6040,6412,3786,1321,252,42,78178,6821,3
Algeria,1966,142255,48090,71283,23193,7165,3386,3475,7000,6924,6066,6952,10002,13937,5762,295,3542,3458,3524,3400,3122,2944,3242,3710,4737,5265,6566,7371,4431,1331,263,32,78448,6861,3
Algeria,1967,144081,48703,71884,23181,7477,3462,3508,6987,7027,6235,7097,10170,13759,6177,299,3572,3415,3543,3484,3230,3005,3319,3778,4853,5317,6475,7284,4835,1342,273,26,79361,6970,2
Algeria,1968,145945,49371,72440,23069,7712,3540,3563,7027,7134,6441,7255,10428,13552,6550,298,3632,3395,3560,3574,3357,3084,3401,3854,4981,5447,6440,7112,5146,1404,278,20,80152,7103,2
Algeria,1969,147213,49893,72768,22875,7975,3600,3604,7057,7184,6629,7369,10702,13207,6827,292,3686,3371,3546,3638,3468,3161,3461,3908,5082,5620,6371,6836,5303,1524,272,20,80743,7204,1
Algeria,1970,147169,50184,72849,22665,7847,3634,3685,6966,7135,6753,7414,10892,12743,6977,274,3641,3325,3483,3652,3536,3217,3483,3931,5133,5759,6233,6510,5280,1697,256,18,80696,7319,1
Algeria,1971,146234,50153,72595,22442,7725,3663,3720,6850,6990,6815,7407,10923,12297,6991,260,3582,3268,3374,3616,3563,3252,3475,3932,5124,5799,6081,6216,5131,1860,242,18,80320,7383,1
Algeria,1972,144183,49727,71743,22016,7463,3682,3703,6731,6779,6831,7360,10835,11929,6870,255,3524,3207,3241,3538,3557,3274,3450,3910,5070,5765,5963,5966,4908,1962,238,17,79206,7385,1
Algeria,1973,142335,49167,70641,21474,7202,3722,3697,6685,6611,6882,7366,10805,11756,6702,266,3502,3183,3141,3470,3561,3321,3457,3909,5040,5765,5959,5797,4670,2032,250,16,77843,7419,0
Algeria,1974,138357,48458,69195,20737,6871,3635,3584,6470,6265,6730,7172,10484,11343,6317,285,3389,3081,2971,3294,3456,3274,3379,3793,4872,5612,5866,5477,4303,2014,270,15,76066,7219,0
Algeria,1975,135579,47612,67572,19960,6596,3581,3553,6403,6059,6693,7129,10384,11194,6086,325,3408,2995,2880,3179,3412,3281,3378,3751,4815,5569,5909,5285,4081,2005,311,14,74168,7134,0
Algeria,1976,136930,48024,67976,19952,6685,3419,3472,6364,5912,6780,7553,11172,11403,5831,367,3394,2970,2826,3086,3412,3368,3564,3989,5196,5976,6218,5185,3872,1959,352,15,74661,6891,0
Algeria,1977,135402,46934,66468,19534,6523,3272,3303,6194,5680,6703,7802,11808,11768,5491,392,3289,2905,2742,2938,3328,3375,3655,4147,5476,6332,6552,5216,3621,1870,376,16,72991,6575,0
Algeria,1978,131029,45425,63601,18176,6349,3185,3224,6029,5471,6485,7632,11529,11807,5297,419,3210,2819,2684,2787,3184,3301,3589,4043,5328,6201,6533,5274,3505,1792,400,19,69950,6409,0
Algeria,1979,125490,43821,60614,16793,5985,3039,3103,5771,5216,6156,7351,11068,11659,5087,435,3079,2692,2602,2614,2987,3169,3470,3881,5101,5967,6390,5269,3391,1696,413,22,66599,6142,0
Algeria,1980,119473,42037,57443,15406,5616,2975,3037,5595,4940,5780,7008,10461,11314,4861,445,2967,2628,2484,2456,2775,3005,3321,3687,4813,5648,6134,5180,3265,1596,418,27,63059,6012,0
Algeria,1981,110916,39087,52574,13487,4971,2667,2789,5177,4567,5325,6634,9909,11044,4788,463,2726,2451,2299,2268,2529,2796,3145,3489,4549,5360,5909,5135,3239,1549,429,34,57545,5456,1
Algeria,1982,101291,35192,46694,11502,4340,2465,2599,4828,4246,4865,6224,9264,10597,4701,470,2532,2296,2138,2108,2293,2572,2948,3276,4247,5017,5599,4998,3209,1492,430,40,51034,5064,1
Algeria,1983,92587,30702,40134,9432,3801,2333,2473,4624,4064,4554,5992,8898,10427,4797,490,2425,2199,2038,2026,2138,2416,2832,3160,4077,4821,5442,4985,3292,1505,443,47,43935,4806,1
Algeria,1984,84621,26303,33853,7550,3425,2218,2356,4445,3915,4280,5787,8592,10288,4945,518,2335,2110,1948,1967,2009,2271,2722,3065,3935,4657,5306,4982,3400,1545,460,58,37278,4574,1
Algeria,1985,77336,22575,28616,6041,3008,2085,2220,4236,3745,3991,5532,8234,10047,5074,545,2232,2004,1879,1866,1881,2110,2586,2946,3773,4461,5124,4923,3484,1590,479,66,31624,4305,2
Algeria,1986,71260,19554,24571,5017,2775,1933,2080,4007,3555,3711,5247,7857,9752,5196,578,2116,1891,1795,1760,1765,1946,2431,2816,3602,4255,4921,4831,3545,1651,502,76,27346,4013,3
Algeria,1987,70936,17434,21794,4360,2674,1971,2146,4170,3711,3815,5470,8270,10398,5848,670,2203,1967,1880,1831,1837,1978,2508,2962,3797,4473,5202,5196,3947,1901,578,92,24468,4117,4
Algeria,1988,69393,15895,19800,3905,2537,1929,2121,4136,3694,3767,5444,8353,10594,6269,740,2181,1955,1874,1820,1841,1926,2466,2978,3841,4512,5262,5332,4180,2089,635,105,22337,4050,6
Algeria,1989,69972,14894,18493,3599,2463,1946,2159,4224,3774,3849,5559,8695,11085,6874,842,2217,2007,1919,1855,1912,1937,2484,3075,4005,4690,5477,5608,4522,2352,719,123,20956,4105,8
Algeria,1990,69615,14055,17441,3386,2397,1920,2143,4211,3793,3820,5526,8835,11296,7300,931,2198,2013,1912,1881,1907,1913,2438,3088,4075,4760,5559,5737,4741,2559,793,138,19838,4063,10
Algeria,1991,69167,13626,16836,3210,2174,1878,2101,4167,3776,3776,5435,8917,11421,7653,1027,2166,2001,1890,1886,1890,1886,2370,3065,4112,4805,5605,5816,4908,2745,873,154,19010,3979,12
Algeria,1992,69691,13392,16458,3066,2004,1855,2085,4183,3810,3810,5407,9129,11704,8083,1148,2169,2014,1900,1910,1907,1903,2336,3071,4203,4926,5732,5972,5122,2961,974,174,18462,3940,15
Algeria,1993,71861,12961,15911,2950,1843,1873,2144,4342,3987,3996,5563,9677,12410,8777,1317,2249,2093,1985,2002,1990,2006,2391,3172,4441,5236,6074,6336,5502,3275,1117,200,17754,4017,17
Algeria,1994,73605,12406,15256,2850,1759,1849,2197,4501,4165,4201,5682,10149,13007,9345,1475,2335,2166,2074,2091,2080,2121,2442,3240,4635,5514,6368,6639,5804,3541,1249,226,17015,4046,20
Algeria,1995,72937,11327,14042,2715,1636,1730,2168,4466,4164,4228,5615,10341,13288,9647,1590,2317,2149,2081,2083,2108,2120,2419,3196,4688,5653,6513,6775,5944,3703,1344,246,15678,3898,23
Algeria,1996,69586,10315,12873,2558,1464,1532,2049,4230,3977,4060,5300,10010,12949,9476,1635,2189,2041,1993,1984,2033,2027,2301,2999,4497,5513,6353,6596,5798,3678,1374,261,14337,3581,25
Algeria,1997,69829,9541,11875,2334,1336,1363,2012,4161,3868,3970,5233,10456,13831,9962,1732,2145,2016,1954,1914,1985,1985,2255,2978,4621,5835,6629,7202,6202,3760,1448,284,13211,3375,27
Algeria,1998,71247,9039,11210,2171,1226,1229,1966,4173,3839,3923,5209,11036,14778,10769,1860,2151,2022,1957,1882,1951,1972,2239,2970,4767,6269,7074,7704,6878,3891,1545,315,12436,3195,30
Algeria,1999,72395,8881,10967,2086,1166,1146,1883,4192,3902,3944,5228,11213,15208,11503,2011,2159,2033,1985,1917,1960,1984,2298,2930,4761,6452,7428,7780,7433,4070,1661,350,12133,3029,34
Algeria,2000,71551,8896,10907,2011,1134,1034,1713,4081,3842,3883,5054,10909,15178,11699,2082,2101,1980,1942,1900,1916,1967,2260,2794,4561,6348,7516,7662,7610,4089,1711,371,12041,2747,37
Algeria,2001,72369,8909,10932,2023,1111,981,1593,4064,3880,3915,5039,10846,15629,12134,2198,2091,1973,1948,1932,1922,1993,2287,2752,4474,6372,7797,7832,7813,4321,1798,400,12043,2574,42
Algeria,2002,72854,8604,10407,1803,1002,914,1452,4033,3930,3959,5080,10810,16243,12645,2331,2057,1976,1960,1970,1943,2016,2326,2754,4405,6405,8109,8134,7853,4792,1897,434,11409,2366,47
Algeria,2003,77298,8780,10608,1828,1043,1017,1495,4311,4261,4263,5415,11198,17540,13570,2525,2173,2138,2118,2143,2102,2161,2487,2928,4525,6673,8721,8819,8105,5465,2044,481,11651,2512,53
Algeria,2004,76711,8828,10509,1681,904,850,1265,3999,4121,4185,5386,10938,17991,13905,2597,1957,2042,2033,2088,2071,2114,2444,2942,4383,6555,8841,9150,8105,5800,2093,504,11413,2115,57
Algeria,2005,77919,8873,10505,1632,880,814,1181,3903,4168,4268,5511,10862,18669,14406,2688,1844,2059,2049,2119,2127,2141,2512,2999,4339,6523,9042,9627,8302,6104,2156,532,11385,1995,61
Algeria,2006,78775,8940,10545,1605,845,776,1101,3752,4178,4329,5610,10741,19203,14805,2828,1706,2046,2047,2131,2171,2158,2556,3054,4300,6441,9144,10059,8551,6254,2276,552,11390,1877,65
Algeria,2007,79437,9068,10668,1600,798,740,1041,3574,4178,4384,5679,10602,19578,15065,3063,1560,2014,2041,2137,2208,2176,2579,3100,4283,6319,9156,10422,8843,6222,2499,564,11466,1781,67
Algeria,2008,80216,9240,10842,1602,789,702,986,3373,4177,4438,5732,10517,19880,15410,3304,1426,1947,2040,2137,2237,2201,2598,3134,4322,6195,9133,10747,9221,6189,2729,575,11631,1688,70
Algeria,2009,77941,9241,10816,1575,762,639,896,3028,3998,4302,5510,10045,19246,15279,3344,1257,1771,1950,2048,2162,2140,2499,3011,4227,5818,8690,10556,9274,6005,2780,564,11578,1535,70
Algeria,2010,81004,9283,10863,1580,763,637,879,2910,4132,4501,5775,10354,20041,16477,3595,1201,1709,2017,2115,2247,2254,2597,3178,4433,5921,8905,11136,10091,6386,3000,595,11626,1516,75
Algeria,2011,81495,9370,10974,1604,757,612,832,2694,4099,4536,5814,10321,19982,17126,3673,1118,1576,1997,2102,2248,2288,2601,3213,4488,5833,8754,11228,10535,6591,3047,626,11731,1444,76
Algeria,2012,82938,9603,11241,1638,750,597,796,2514,4092,4611,5908,10467,20072,18027,3786,1064,1450,1979,2113,2269,2342,2640,3268,4597,5870,8683,11389,11081,6946,3084,702,11991,1393,77
Algeria,2013,83262,9639,11308,1669,799,579,751,2317,4000,4614,5924,10516,19821,18698,3856,999,1318,1903,2097,2256,2358,2654,3270,4623,5893,8482,11339,11428,7270,3089,767,12107,1330,78
Algeria,2014,81815,9735,11429,1694,757,556,692,2090,3777,4489,5792,10339,19044,18908,3868,918,1172,1750,2027,2185,2304,2609,3183,4498,5841,8079,10965,11433,7475,3077,791,12186,1248,77
Algeria,2015,82388,9816,11528,1712,771,546,662,1945,3640,4471,5822,10468,18797,19624,4034,865,1080,1625,2015,2169,2302,2642,3180,4569,5899,7931,10866,11698,7926,3209,825,12299,1208,80
Algeria,2016,85765,9765,11483,1718,785,563,662,1895,3638,4644,6106,11050,19350,21115,4391,852,1043,1561,2077,2244,2400,2790,3316,4813,6237,8163,11187,12389,8726,3513,878,12268,1225,88
Algeria,2017,88782,9601,11309,1708,803,585,659,1855,3587,4797,6388,11598,19881,22458,4755,837,1018,1474,2113,2313,2484,2933,3455,5027,6571,8447,11434,12972,9486,3838,917,12112,1244,102
Algeria,2018,88685,9342,11031,1689,828,586,640,1744,3373,4764,6425,11658,19714,22830,4978,788,956,1341,2032,2296,2468,2954,3471,5033,6625,8502,11212,12984,9846,4053,925,11859,1226,111
Algeria,2019,87210,9007,10659,1652,816,579,619,1618,3087,4650,6350,11458,19325,22747,5189,732,886,1200,1887,2239,2411,2910,3440,4942,6516,8517,10808,12739,10008,4245,944,11475,1198,115
Algeria,2020,107621,8610,10208,1598,811,587,651,1687,3345,5793,8684,15904,24397,29014,6410,760,927,1278,2067,2705,3088,3904,4780,6828,9076,11168,13229,15877,13137,5315,1095,11019,1238,127
Algeria,2021,90927,8175,9705,1530,778,586,545,1303,2457,4644,7056,13442,20788,23644,5859,603,700,926,1531,2181,2463,3148,3908,5728,7714,9774,11014,12962,10682,4816,1043,10483,1131,119
American Samoa,1950,69,20,27,7,0,0,0,0,0,2,5,10,9,6,0,0,0,0,0,0,2,5,0,5,5,5,4,5,1,0,0,27,0,0
American Samoa,1951,70,20,28,8,0,0,0,0,0,2,7,9,9,6,0,0,0,0,0,0,2,5,2,4,5,5,4,4,2,0,0,28,0,0
American Samoa,1952,69,20,28,8,0,0,0,0,0,1,8,9,10,5,0,0,0,0,0,0,1,5,3,4,5,5,5,3,2,0,0,28,0,0
American Samoa,1953,70,19,26,7,0,0,0,0,0,0,9,8,10,5,0,0,0,0,0,0,0,5,4,3,5,5,5,2,3,0,0,26,0,0
American Samoa,1954,69,19,26,7,0,0,0,0,0,0,10,9,10,3,0,0,0,0,0,0,0,5,5,4,5,5,5,1,2,0,0,26,0,0
American Samoa,1955,70,18,25,7,0,0,0,0,0,0,10,10,10,3,0,0,0,0,0,0,0,5,5,5,5,5,5,2,1,0,0,25,0,0
American Samoa,1956,70,18,25,7,0,0,0,0,0,0,10,10,10,3,0,0,0,0,0,0,0,5,5,5,5,5,5,3,0,0,0,25,0,0
American Samoa,1957,69,18,25,7,0,0,0,0,0,0,9,10,10,4,0,0,0,0,0,0,0,4,5,5,5,5,5,4,0,0,0,25,0,0
American Samoa,1958,67,17,24,7,0,0,0,0,0,0,7,10,10,5,0,0,0,0,0,0,0,2,5,5,5,5,5,5,0,0,0,24,0,0
American Samoa,1959,65,16,23,7,0,0,0,0,0,0,6,10,10,5,0,0,0,0,0,0,0,1,5,5,5,5,5,5,0,0,0,23,0,0
American Samoa,1960,59,15,21,6,0,0,0,0,0,0,4,10,10,5,0,0,0,0,0,0,0,0,4,5,5,5,5,5,0,0,0,21,0,0
American Samoa,1961,54,13,18,5,0,0,0,0,0,0,3,6,10,5,0,0,0,0,0,0,0,0,3,1,5,5,5,5,0,0,0,18,0,0
American Samoa,1962,54,13,17,4,0,0,0,0,0,0,2,10,10,6,0,0,0,0,0,0,0,0,2,5,5,5,5,5,1,0,0,17,0,0
American Samoa,1963,54,13,18,5,0,0,0,0,0,0,2,10,10,6,0,0,0,0,0,0,0,0,2,5,5,5,5,5,1,0,0,18,0,0
American Samoa,1964,55,13,18,5,0,0,0,0,0,0,1,10,10,7,0,0,0,0,0,0,0,0,1,5,5,5,5,5,2,0,0,18,0,0
American Samoa,1965,57,14,19,5,0,0,0,0,0,0,8,10,10,7,0,0,0,0,0,0,0,4,4,5,5,5,5,5,2,0,0,19,0,0
American Samoa,1966,110,20,37,17,11,5,5,10,10,10,10,10,10,7,0,5,5,5,5,5,5,5,5,5,5,5,5,5,2,0,0,48,10,0
American Samoa,1967,60,14,20,6,0,0,0,0,0,0,9,10,10,6,0,0,0,0,0,0,0,4,5,5,5,5,5,5,1,0,0,20,0,0
American Samoa,1968,61,14,20,6,0,0,0,0,0,0,10,10,9,7,0,0,0,0,0,0,0,5,5,5,5,4,5,5,2,0,0,20,0,0
American Samoa,1969,60,13,18,5,0,0,0,0,0,0,10,10,9,8,0,0,0,0,0,0,0,5,5,5,5,4,5,5,3,0,0,18,0,0
American Samoa,1970,61,13,18,5,0,0,0,0,0,0,10,10,8,9,0,0,0,0,0,0,0,5,5,5,5,4,4,5,4,0,0,18,0,0
American Samoa,1971,60,12,17,5,0,0,0,0,0,0,9,10,9,10,0,0,0,0,0,0,0,4,5,5,5,5,4,5,5,0,0,17,0,0
American Samoa,1972,60,12,16,4,0,0,0,0,0,1,8,10,9,10,0,0,0,0,0,0,1,3,5,5,5,5,4,5,5,0,0,16,0,0
American Samoa,1973,61,11,15,4,0,0,0,0,0,5,10,10,9,10,1,0,0,0,0,0,5,5,5,5,5,5,4,5,5,1,0,15,0,0
American Samoa,1974,60,11,15,4,0,0,0,0,0,4,10,10,9,8,0,0,0,0,0,0,4,5,5,5,5,5,4,5,3,0,0,15,0,0
American Samoa,1975,60,10,14,4,0,0,0,0,0,4,10,10,9,9,0,0,0,0,0,0,4,5,5,5,5,5,4,5,4,0,0,14,0,0
American Samoa,1976,61,10,14,4,0,0,0,0,0,3,10,10,10,7,0,0,0,0,0,0,3,5,5,5,5,5,5,3,4,0,0,14,0,0
American Samoa,1977,61,10,14,4,0,0,0,0,0,3,10,10,10,8,0,0,0,0,0,0,3,5,5,5,5,5,5,3,5,0,0,14,0,0
American Samoa,1978,61,10,14,4,0,0,0,0,0,2,10,10,10,6,0,0,0,0,0,0,2,5,5,5,5,5,5,3,3,0,0,14,0,0
American Samoa,1979,61,10,14,4,0,0,0,0,0,1,10,10,10,5,0,0,0,0,0,0,1,5,5,5,5,5,5,3,2,0,0,14,0,0
American Samoa,1980,61,10,14,4,0,0,0,0,0,1,10,10,10,4,1,0,0,0,0,0,1,5,5,5,5,5,5,4,0,1,0,14,0,0
American Samoa,1981,62,10,14,4,0,0,0,0,0,0,10,10,10,5,0,0,0,0,0,0,0,5,5,5,5,5,5,5,0,0,0,14,0,0
American Samoa,1982,63,9,13,4,0,0,0,0,0,0,9,10,10,6,0,0,0,0,0,0,0,4,5,5,5,5,5,5,1,0,0,13,0,0
American Samoa,1983,65,9,13,4,0,0,0,0,0,0,9,10,10,6,0,0,0,0,0,0,0,4,5,5,5,5,5,5,1,0,0,13,0,0
American Samoa,1984,67,8,12,4,0,0,0,0,0,0,9,10,10,7,0,0,0,0,0,0,0,4,5,5,5,5,5,5,2,0,0,12,0,0
American Samoa,1985,68,8,12,4,0,0,0,0,0,3,10,10,10,8,0,0,0,0,0,0,3,5,5,5,5,5,5,5,3,0,0,12,0,0
American Samoa,1986,70,8,12,4,0,0,0,0,0,3,10,10,12,9,0,0,0,0,0,0,3,5,5,5,5,7,5,5,4,0,0,12,0,0
American Samoa,1987,71,8,11,3,0,0,0,0,0,3,10,10,14,10,0,0,0,0,0,0,3,5,5,5,5,7,7,5,5,0,0,11,0,0
American Samoa,1988,75,8,12,4,0,0,0,0,0,3,10,10,14,10,1,0,0,0,0,0,3,5,5,5,5,6,8,5,5,1,0,12,0,0
American Samoa,1989,80,9,13,4,0,0,0,0,0,10,10,10,16,10,1,0,0,0,0,5,5,5,5,5,5,7,9,5,5,1,0,13,0,0
American Samoa,1990,85,10,14,4,0,0,0,2,1,10,10,16,20,11,2,0,2,0,1,5,5,5,5,6,10,10,10,6,5,2,0,14,0,0
American Samoa,1991,88,10,14,4,0,0,0,3,1,10,10,15,20,12,2,0,3,0,1,5,5,5,5,5,10,10,10,7,5,2,0,14,0,0
American Samoa,1992,90,10,14,4,0,0,0,3,2,10,10,15,20,13,2,0,3,0,2,5,5,5,5,5,10,10,10,8,5,2,0,14,0,0
American Samoa,1993,92,9,13,4,0,0,0,4,2,10,10,15,20,14,3,0,4,0,2,5,5,5,5,5,10,10,10,9,5,3,0,13,0,0
American Samoa,1994,95,8,12,4,0,0,0,4,2,10,10,15,20,14,3,0,4,0,2,5,5,5,5,5,10,10,10,9,5,3,0,12,0,0
American Samoa,1995,95,8,12,4,0,0,0,3,2,10,10,15,20,15,3,0,3,0,2,5,5,5,5,5,10,10,10,10,5,3,0,12,0,0
American Samoa,1996,97,7,10,3,0,0,0,3,3,10,10,14,20,16,3,0,3,0,3,5,5,5,5,5,9,10,10,10,6,3,0,10,0,0
American Samoa,1997,99,7,10,3,0,0,0,3,3,10,10,14,21,17,2,0,3,0,3,5,5,5,5,5,9,11,10,10,7,2,0,10,0,0
American Samoa,1998,101,7,10,3,0,0,0,3,3,10,10,14,22,18,2,0,3,0,3,5,5,5,5,5,9,12,10,10,8,2,0,10,0,0
American Samoa,1999,109,8,11,3,0,0,0,3,4,10,10,17,26,18,2,0,3,0,4,5,5,5,5,7,10,13,13,10,8,2,0,11,0,0
American Samoa,2000,112,8,10,2,0,0,0,2,4,10,10,18,27,20,2,0,2,0,4,5,5,5,5,8,10,14,13,11,9,2,0,10,0,0
American Samoa,2001,113,8,10,2,0,0,0,0,4,10,10,18,27,19,3,0,0,0,4,5,5,5,5,8,10,13,14,10,9,3,0,10,0,0
American Samoa,2002,112,7,9,2,0,0,0,0,4,10,10,17,27,19,3,0,0,0,4,5,5,5,5,7,10,12,15,10,9,3,0,9,0,0
American Samoa,2003,116,7,11,4,0,0,0,0,4,10,10,17,27,19,3,0,0,0,4,5,5,5,5,7,10,12,15,11,8,3,0,11,0,0
American Samoa,2004,112,5,7,2,0,0,0,0,4,10,10,17,26,20,4,0,0,0,4,5,5,5,5,7,10,11,15,12,8,4,0,7,0,0
American Samoa,2005,112,4,6,2,0,0,0,0,3,10,10,16,26,21,4,0,0,0,3,5,5,5,5,6,10,10,16,13,8,4,0,6,0,0
American Samoa,2006,120,5,6,1,0,0,0,0,3,10,16,21,29,24,5,0,0,0,3,5,5,6,10,9,12,13,16,15,9,5,0,6,0,0
American Samoa,2007,121,5,6,1,0,0,0,0,3,10,16,22,30,26,5,0,0,0,3,5,5,6,10,10,12,15,15,17,9,5,0,6,0,0
American Samoa,2008,122,5,6,1,0,0,0,0,3,10,17,21,30,26,4,0,0,0,3,5,5,7,10,10,11,15,15,17,9,4,0,6,0,0
American Samoa,2009,141,5,10,5,3,0,4,2,8,12,20,21,30,27,4,0,2,3,5,5,7,10,10,10,11,15,15,17,10,4,0,13,4,0
American Samoa,2010,123,4,5,1,0,0,0,0,2,10,17,21,30,25,4,0,0,0,2,5,5,7,10,10,11,15,15,15,10,4,0,5,0,0
American Samoa,2011,124,4,5,1,0,0,0,0,2,10,19,21,30,26,4,0,0,0,2,5,5,9,10,10,11,15,15,15,11,4,0,5,0,0
American Samoa,2012,122,4,5,1,0,0,0,0,2,10,19,20,29,26,4,0,0,0,2,5,5,9,10,10,10,15,14,14,12,4,0,5,0,0
American Samoa,2013,124,4,5,1,0,0,0,0,2,10,19,23,30,26,4,0,0,0,2,5,5,9,10,10,13,15,15,13,13,4,0,5,0,0
American Samoa,2014,126,3,4,1,0,0,0,0,2,10,19,26,30,25,4,0,0,0,2,5,5,9,10,11,15,15,15,13,12,4,0,4,0,0
American Samoa,2015,125,3,4,1,0,0,0,0,2,10,19,27,30,21,5,0,0,0,2,5,5,9,10,12,15,15,15,11,10,5,0,4,0,0
American Samoa,2016,126,3,4,1,0,0,0,0,1,10,19,27,30,22,5,0,0,0,1,5,5,9,10,12,15,15,15,12,10,5,0,4,0,0
American Samoa,2017,126,3,4,1,0,0,0,0,1,10,18,27,30,23,6,0,0,0,1,5,5,8,10,12,15,15,15,13,10,6,0,4,0,0
American Samoa,2018,128,3,3,0,0,0,0,0,1,10,18,28,30,24,5,0,0,0,1,5,5,8,10,12,16,15,15,14,10,5,0,3,0,0
American Samoa,2019,132,2,2,0,0,0,0,0,0,10,18,31,33,25,5,0,0,0,0,5,5,8,10,13,18,18,15,15,10,5,0,2,0,0
American Samoa,2020,134,3,3,0,0,0,0,0,0,10,18,34,36,24,5,0,0,0,0,5,5,8,10,15,19,20,16,15,9,5,0,3,0,0
American Samoa,2021,118,3,3,0,0,0,0,0,0,8,16,27,32,22,5,0,0,0,0,3,5,6,10,11,16,17,15,14,8,5,0,3,0,0
Andorra,1950,38,2,2,0,0,0,0,0,0,0,0,9,10,8,0,0,0,0,0,0,0,0,0,4,5,5,5,5,3,0,0,2,0,0
Andorra,1951,39,2,2,0,0,0,0,0,0,0,0,9,10,9,0,0,0,0,0,0,0,0,0,4,5,5,5,5,4,0,0,2,0,0
Andorra,1952,33,1,1,0,0,0,0,0,0,0,0,7,10,9,0,0,0,0,0,0,0,0,0,2,5,5,5,5,4,0,0,1,0,0
Andorra,1953,32,1,1,0,0,0,0,0,0,0,0,7,10,9,0,0,0,0,0,0,0,0,0,2,5,5,5,5,4,0,0,1,0,0
Andorra,1954,31,1,1,0,0,0,0,0,0,0,0,6,10,8,0,0,0,0,0,0,0,0,0,1,5,5,5,5,3,0,0,1,0,0
Andorra,1955,32,1,1,0,0,0,0,0,0,0,0,6,10,8,0,0,0,0,0,0,0,0,0,1,5,5,5,5,3,0,0,1,0,0
Andorra,1956,33,1,1,0,0,0,0,0,0,0,0,6,10,9,0,0,0,0,0,0,0,0,0,1,5,5,5,5,4,0,0,1,0,0
Andorra,1957,34,2,2,0,0,0,0,0,0,0,0,6,10,9,0,0,0,0,0,0,0,0,0,1,5,5,5,5,4,0,0,2,0,0
Andorra,1958,31,1,1,0,0,0,0,0,0,0,0,4,10,9,0,0,0,0,0,0,0,0,0,0,4,5,5,5,4,0,0,1,0,0
Andorra,1959,32,2,2,0,0,0,0,0,0,0,0,5,10,9,0,0,0,0,0,0,0,0,0,0,5,5,5,5,4,0,0,2,0,0
Andorra,1960,32,2,2,0,0,0,0,0,0,0,0,4,10,8,0,0,0,0,0,0,0,0,0,0,4,5,5,5,3,0,0,2,0,0
Andorra,1961,33,2,2,0,0,0,0,0,0,0,0,4,10,9,0,0,0,0,0,0,0,0,0,0,4,5,5,5,4,0,0,2,0,0
Andorra,1962,33,2,2,0,0,0,0,0,0,0,0,3,10,9,0,0,0,0,0,0,0,0,0,0,3,5,5,5,4,0,0,2,0,0
Andorra,1963,35,2,2,0,0,0,0,0,0,0,0,2,10,10,0,0,0,0,0,0,0,0,0,0,2,5,5,5,5,0,0,2,0,0
Andorra,1964,34,2,2,0,0,0,0,0,0,0,0,1,10,10,0,0,0,0,0,0,0,0,0,0,1,5,5,5,5,0,0,2,0,0
Andorra,1965,34,2,2,0,0,0,0,0,0,0,0,4,10,10,1,0,0,0,0,0,0,0,0,3,1,5,5,5,5,1,0,2,0,0
Andorra,1966,35,2,2,0,0,0,0,0,0,0,0,6,10,10,1,0,0,0,0,0,0,0,0,4,2,5,5,5,5,1,0,2,0,0
Andorra,1967,37,2,2,0,0,0,0,0,0,0,0,9,9,10,1,0,0,0,0,0,0,0,0,5,4,4,5,5,5,1,0,2,0,0
Andorra,1968,38,2,2,0,0,0,0,0,0,0,0,10,8,10,1,0,0,0,0,0,0,0,0,5,5,3,5,5,5,1,0,2,0,0
Andorra,1969,41,3,3,0,0,0,0,0,0,0,1,10,10,10,1,0,0,0,0,0,0,0,1,5,5,5,5,5,5,1,0,3,0,0
Andorra,1970,39,3,3,0,0,0,0,0,0,0,0,9,10,10,1,0,0,0,0,0,0,0,0,4,5,5,5,5,5,1,0,3,0,0
Andorra,1971,42,3,3,0,0,0,0,0,0,0,1,10,10,10,2,0,0,0,0,0,0,0,1,5,5,5,5,5,5,2,0,3,0,0
Andorra,1972,41,3,3,0,0,0,0,0,0,0,0,10,10,10,2,0,0,0,0,0,0,0,0,5,5,5,5,5,5,2,0,3,0,0
Andorra,1973,44,3,3,0,0,0,0,0,0,0,2,10,10,10,2,0,0,0,0,0,0,0,2,5,5,5,5,5,5,2,0,3,0,0
Andorra,1974,45,3,3,0,0,0,0,0,0,0,2,10,10,10,2,0,0,0,0,0,0,0,2,5,5,5,5,5,5,2,0,3,0,0
Andorra,1975,46,3,3,0,0,0,0,0,0,0,1,10,10,10,2,0,0,0,0,0,0,0,1,5,5,5,5,5,5,2,0,3,0,0
Andorra,1976,47,3,3,0,0,0,0,0,0,0,2,10,10,10,3,0,0,0,0,0,0,0,2,5,5,5,5,5,5,3,0,3,0,0
Andorra,1977,48,3,3,0,0,0,0,0,0,0,2,10,10,10,3,0,0,0,0,0,0,0,2,5,5,5,5,5,5,3,0,3,0,0
Andorra,1978,50,2,2,0,0,0,0,0,0,0,6,10,10,10,3,0,0,0,0,0,0,1,5,5,5,5,5,5,5,3,0,2,0,0
Andorra,1979,51,2,2,0,0,0,0,0,0,0,6,10,11,10,3,0,0,0,0,0,0,1,5,5,5,6,5,5,5,3,0,2,0,0
Andorra,1980,53,3,3,0,0,0,0,0,0,0,6,10,14,10,3,0,0,0,0,0,0,1,5,5,5,6,8,5,5,3,0,3,0,0
Andorra,1981,56,3,3,0,0,0,0,0,0,0,6,10,17,12,3,0,0,0,0,0,0,1,5,5,5,7,10,7,5,3,0,3,0,0
Andorra,1982,58,3,3,0,0,0,0,0,0,0,5,10,18,14,4,0,0,0,0,0,0,0,5,5,5,8,10,9,5,4,0,3,0,0
Andorra,1983,64,3,3,0,0,0,0,0,0,0,6,10,20,15,4,0,0,0,0,0,0,1,5,5,5,10,10,10,5,4,0,3,0,0
Andorra,1984,65,2,2,0,0,0,0,0,0,0,6,10,20,16,4,0,0,0,0,0,0,1,5,5,5,10,10,10,6,4,0,2,0,0
Andorra,1985,71,2,2,0,0,0,0,0,0,0,7,10,21,19,4,0,0,0,0,0,0,2,5,5,5,10,11,13,6,4,0,2,0,0
Andorra,1986,75,2,2,0,0,0,0,0,0,0,7,10,21,22,5,0,0,0,0,0,0,2,5,5,5,10,11,15,7,5,0,2,0,0
Andorra,1987,80,2,2,0,0,0,0,0,0,0,6,10,23,25,5,0,0,0,0,0,0,1,5,5,5,10,13,15,10,5,0,2,0,0
Andorra,1988,88,2,2,0,0,0,0,0,0,0,6,12,25,28,5,0,0,0,0,0,0,1,5,5,7,10,15,15,13,5,0,2,0,0
Andorra,1989,96,3,3,0,0,0,0,0,0,0,7,14,26,30,7,0,0,0,0,0,0,2,5,5,9,11,15,16,14,6,1,3,0,0
Andorra,1990,97,2,2,0,0,0,0,0,0,0,6,14,25,31,11,0,0,0,0,0,0,1,5,5,9,10,15,16,15,8,3,2,0,0
Andorra,1991,115,3,3,0,0,0,0,0,0,0,8,15,29,37,16,0,0,0,0,0,0,3,5,5,10,11,18,20,17,12,4,3,0,0
Andorra,1992,118,3,3,0,0,0,0,0,0,0,8,15,27,38,17,0,0,0,0,0,0,3,5,5,10,10,17,20,18,13,4,3,0,0
Andorra,1993,131,3,3,0,0,0,0,0,0,2,10,15,33,44,20,0,0,0,0,0,2,5,5,5,10,15,18,25,19,14,6,3,0,1
Andorra,1994,120,2,2,0,0,0,0,0,0,0,7,14,28,40,20,0,0,0,0,0,0,2,5,5,9,12,16,21,19,14,6,2,0,1
Andorra,1995,149,3,3,0,0,0,0,0,0,4,10,17,33,51,24,0,0,0,0,0,4,5,5,6,11,15,18,25,26,16,8,3,0,1
Andorra,1996,142,3,3,0,0,0,0,0,0,2,10,15,32,48,25,0,0,0,0,0,2,5,5,5,10,15,17,24,24,17,8,3,0,1
Andorra,1997,157,3,3,0,0,0,0,0,0,3,10,16,37,55,29,0,0,0,0,0,3,5,5,5,11,17,20,27,28,19,10,3,0,1
Andorra,1998,161,3,3,0,0,0,0,0,0,2,10,14,38,56,32,0,0,0,0,0,2,5,5,5,9,17,21,27,29,21,11,3,0,2
Andorra,1999,170,3,3,0,0,0,0,0,0,2,10,14,39,57,36,0,0,0,0,0,2,5,5,5,9,17,22,27,30,24,12,3,0,3
Andorra,2000,194,3,3,0,0,0,0,0,0,4,10,16,45,64,42,0,0,0,0,0,4,5,5,5,11,18,27,31,33,28,14,3,0,4
Andorra,2001,163,2,2,0,0,0,0,0,0,0,9,12,35,55,40,0,0,0,0,0,0,4,5,5,7,13,22,26,29,25,15,2,0,5
Andorra,2002,189,2,2,0,0,0,0,0,0,2,10,13,39,64,46,0,0,0,0,0,2,5,5,5,8,15,24,30,34,29,17,2,0,5
Andorra,2003,157,2,2,0,0,0,0,0,0,0,7,11,32,56,41,0,0,0,0,0,0,2,5,5,6,12,20,27,29,25,16,2,0,5
Andorra,2004,278,4,4,0,0,0,0,0,1,10,11,22,57,95,66,0,0,0,1,5,5,5,6,10,12,21,36,47,48,41,25,4,0,8
Andorra,2005,231,3,3,0,0,0,0,0,0,7,10,16,45,79,60,0,0,0,0,2,5,5,5,6,10,16,29,39,40,37,23,3,0,7
Andorra,2006,226,3,3,0,0,0,0,0,0,6,10,15,41,77,62,0,0,0,0,1,5,5,5,5,10,15,26,38,39,38,24,3,0,8
Andorra,2007,199,2,2,0,0,0,0,0,0,4,10,13,36,68,54,0,0,0,0,0,4,5,5,5,8,12,24,34,34,33,21,2,0,8
Andorra,2008,192,2,2,0,0,0,0,0,0,4,10,13,33,68,51,0,0,0,0,0,4,5,5,5,8,12,21,34,34,30,21,2,0,9
Andorra,2009,184,2,2,0,0,0,0,0,0,4,10,13,33,65,45,0,0,0,0,0,4,5,5,5,8,12,21,32,33,26,19,2,0,9
Andorra,2010,172,2,2,0,0,0,0,0,0,4,10,13,31,65,38,0,0,0,0,0,4,5,5,5,8,12,19,31,34,22,16,2,0,8
Andorra,2011,158,2,2,0,0,0,0,0,0,4,10,13,28,60,31,0,0,0,0,0,4,5,5,5,8,11,17,30,30,19,12,2,0,7
Andorra,2012,166,2,2,0,0,0,0,0,0,4,10,13,28,64,36,0,0,0,0,0,4,5,5,5,8,11,17,30,34,23,13,2,0,7
Andorra,2013,174,2,2,0,0,0,0,0,0,4,10,13,29,66,40,0,0,0,0,0,4,5,5,5,8,11,18,30,36,27,13,2,0,7
Andorra,2014,183,2,2,0,0,0,0,0,0,4,10,14,31,65,47,0,0,0,0,0,4,5,5,5,9,13,18,30,35,31,16,2,0,7
Andorra,2015,193,2,2,0,0,0,0,0,0,4,10,15,33,65,53,0,0,0,0,0,4,5,5,5,10,14,19,30,35,33,20,2,0,8
Andorra,2016,202,2,2,0,0,0,0,0,0,3,10,14,34,64,59,0,0,0,0,0,3,5,5,5,9,14,20,29,35,34,25,2,0,9
Andorra,2017,206,2,2,0,0,0,0,0,0,5,10,14,36,67,58,0,0,0,0,0,5,5,5,5,9,15,21,31,36,34,24,2,0,10
Andorra,2018,211,2,2,0,0,0,0,0,0,5,10,17,38,69,56,0,0,0,0,0,5,5,5,6,11,16,22,30,39,34,22,2,0,11
Andorra,2019,215,2,2,0,0,0,0,0,0,5,10,18,39,71,55,0,0,0,0,0,5,5,5,7,11,16,23,32,39,33,22,2,0,11
Andorra,2020,267,2,2,0,0,0,0,0,0,8,18,32,54,81,59,0,0,0,0,3,5,8,10,15,17,24,30,38,43,38,21,2,0,10
Andorra,2021,248,1,1,0,0,0,0,0,0,7,16,27,50,76,58,0,0,0,0,2,5,6,10,12,15,22,28,36,40,39,19,1,0,9
Angola,1950,57002,17210,30588,13378,3169,1645,1543,3542,3222,2629,2769,3269,3280,1256,89,1763,1779,1679,1543,1377,1252,1339,1430,1516,1753,1858,1422,829,427,80,9,33757,3188,0
Angola,1951,58483,17965,31563,13598,3235,1655,1555,3587,3293,2694,2835,3333,3357,1266,108,1779,1808,1710,1583,1416,1278,1363,1472,1568,1765,1886,1471,848,418,98,10,34798,3210,1
Angola,1952,60028,18477,32480,14003,3294,1662,1572,3647,3383,2787,2916,3429,3452,1280,126,1798,1849,1750,1633,1468,1319,1398,1518,1649,1780,1920,1532,875,405,114,12,35774,3234,1
Angola,1953,61236,19012,33399,14387,3333,1667,1578,3658,3415,2832,2938,3492,3503,1290,137,1794,1864,1761,1654,1496,1336,1408,1530,1717,1775,1927,1576,899,391,124,13,36732,3245,1
Angola,1954,62530,19528,34326,14798,3333,1670,1585,3694,3463,2888,2969,3582,3554,1323,144,1804,1890,1783,1680,1529,1359,1424,1545,1789,1793,1938,1616,931,392,131,13,37659,3255,1
Angola,1955,63584,20011,35162,15151,3345,1669,1583,3728,3491,2906,2967,3651,3554,1374,155,1817,1911,1799,1692,1542,1364,1421,1546,1836,1815,1923,1631,966,408,137,18,38507,3252,1
Angola,1956,64732,20458,35933,15475,3386,1668,1579,3799,3546,2938,2977,3747,3553,1442,165,1846,1953,1833,1713,1561,1377,1423,1554,1881,1866,1910,1643,1007,435,143,22,39319,3247,1
Angola,1957,65445,20868,36642,15774,3424,1659,1558,3838,3549,2905,2916,3787,3479,1504,175,1865,1973,1847,1702,1547,1358,1390,1526,1881,1906,1855,1624,1042,462,148,27,40066,3217,1
Angola,1958,66161,21243,37291,16048,3471,1640,1535,3894,3580,2883,2861,3838,3409,1565,191,1888,2006,1878,1702,1538,1345,1361,1500,1873,1965,1807,1602,1073,492,158,33,40762,3175,2
Angola,1959,66643,21588,37863,16275,3537,1608,1507,3929,3581,2827,2773,3864,3339,1610,205,1897,2032,1895,1686,1511,1316,1317,1456,1852,2012,1773,1566,1092,518,168,37,41400,3115,2
Angola,1960,67344,21901,38383,16482,3607,1589,1489,3987,3646,2820,2725,3901,3310,1658,225,1908,2079,1940,1706,1511,1309,1296,1429,1841,2060,1776,1534,1107,551,183,42,41990,3078,2
Angola,1961,67908,22170,38831,16661,3661,1582,1480,4056,3725,2838,2668,3875,3260,1684,243,1922,2134,1988,1737,1529,1309,1274,1394,1807,2068,1780,1480,1104,580,199,44,42492,3062,3
Angola,1962,68202,22335,39117,16782,3727,1599,1463,4013,3771,2845,2642,3852,3286,1642,237,1873,2140,2012,1759,1530,1315,1274,1368,1773,2079,1847,1439,1072,570,194,43,42844,3062,4
Angola,1963,68462,22439,39287,16848,3777,1628,1450,3977,3834,2861,2637,3820,3347,1609,230,1828,2149,2043,1791,1538,1323,1286,1351,1742,2078,1937,1410,1046,563,190,40,43064,3078,5
Angola,1964,68491,22504,39363,16859,3814,1669,1428,3914,3873,2858,2618,3751,3404,1569,225,1781,2133,2059,1814,1537,1321,1288,1330,1697,2054,2006,1398,1015,554,186,39,43177,3097,5
Angola,1965,68215,22532,39348,16816,3831,1699,1409,3828,3870,2821,2568,3645,3443,1518,220,1734,2094,2054,1816,1520,1301,1269,1299,1640,2005,2039,1404,980,538,182,38,43179,3108,5
Angola,1966,68014,22518,39243,16725,3832,1717,1410,3784,3906,2809,2549,3558,3502,1476,218,1715,2069,2072,1834,1522,1287,1264,1285,1596,1962,2063,1439,952,524,181,37,43075,3127,5
Angola,1967,67401,22442,39030,16588,3815,1723,1408,3711,3888,2749,2490,3424,3521,1428,212,1694,2017,2063,1825,1500,1249,1233,1257,1536,1888,2039,1482,918,510,177,35,42845,3131,4
Angola,1968,66544,22337,38768,16431,3786,1719,1409,3616,3826,2660,2400,3259,3503,1378,208,1665,1951,2031,1795,1467,1193,1185,1215,1466,1793,1979,1524,883,495,174,34,42554,3128,4
Angola,1969,65907,22232,38506,16274,3759,1717,1433,3548,3803,2617,2339,3130,3493,1349,205,1639,1909,2012,1791,1458,1159,1148,1191,1413,1717,1925,1568,871,478,172,33,42265,3150,3
Angola,1970,65552,22189,38367,16178,3760,1727,1459,3483,3788,2607,2294,3038,3479,1347,203,1613,1870,1989,1799,1465,1142,1123,1171,1380,1658,1878,1601,882,465,169,34,42127,3186,3
Angola,1971,65842,22138,38327,16189,3824,1782,1490,3397,3824,2726,2341,3050,3533,1367,182,1578,1819,1970,1854,1535,1191,1148,1193,1393,1657,1883,1650,918,449,157,25,42151,3272,2
Angola,1972,66562,22300,38467,16167,3886,1839,1541,3384,3887,2874,2404,3080,3585,1422,188,1581,1803,1963,1924,1616,1258,1183,1221,1418,1662,1893,1692,980,442,158,30,42353,3380,2
Angola,1973,67510,22698,38875,16177,3942,1892,1599,3405,3923,3015,2458,3102,3600,1489,204,1614,1791,1946,1977,1690,1325,1215,1243,1439,1663,1887,1713,1048,441,164,40,42817,3491,4
Angola,1974,68719,23188,39445,16257,3995,1945,1664,3453,3952,3172,2530,3141,3627,1567,214,1678,1775,1932,2020,1769,1403,1259,1271,1468,1673,1891,1736,1113,454,167,47,43440,3609,8
Angola,1975,71554,23918,40713,16795,4191,2050,1771,3614,4092,3454,2711,3294,3752,1675,225,1793,1821,1980,2112,1912,1542,1360,1351,1549,1745,1952,1800,1193,482,173,52,44904,3821,11
Angola,1976,73719,24560,41774,17214,4299,2127,1859,3744,4157,3678,2860,3400,3818,1759,229,1885,1859,2002,2155,2023,1655,1449,1411,1607,1793,1983,1835,1246,513,175,54,46073,3986,13
Angola,1977,75337,25100,42586,17486,4328,2176,1931,3862,4185,3865,2994,3482,3842,1833,232,1967,1895,2013,2172,2111,1754,1536,1458,1650,1832,1995,1847,1281,552,176,56,46914,4107,15
Angola,1978,76914,25722,43519,17797,4365,2219,1998,3983,4163,4007,3121,3546,3848,1893,235,2044,1939,2005,2158,2171,1836,1621,1500,1682,1864,2000,1848,1302,591,177,58,47884,4217,16
Angola,1979,78671,26415,44563,18148,4421,2262,2062,4136,4135,4135,3264,3621,3865,1944,241,2125,2011,1990,2145,2216,1919,1712,1552,1721,1900,2013,1852,1319,625,182,59,48984,4324,17
Angola,1980,80747,27176,45725,18549,4496,2304,2132,4324,4153,4282,3445,3719,3905,1995,248,2218,2106,2000,2153,2265,2017,1819,1626,1773,1946,2041,1864,1338,657,189,59,50221,4436,18
Angola,1981,82945,27988,46942,18954,4580,2336,2198,4518,4204,4413,3646,3827,3958,2040,263,2317,2201,2036,2168,2299,2114,1932,1714,1830,1997,2079,1879,1356,684,203,60,51522,4534,18
Angola,1982,85214,28853,48255,19402,4675,2363,2259,4706,4260,4514,3850,3937,4017,2072,281,2410,2296,2078,2182,2312,2202,2039,1811,1888,2049,2123,1894,1369,703,218,63,52930,4622,19
Angola,1983,90776,30278,50962,20684,5086,2505,2411,5119,4540,4861,4294,4262,4261,2153,301,2609,2510,2241,2299,2443,2418,2268,2026,2055,2207,2272,1989,1419,734,237,64,56048,4916,19
Angola,1984,93442,31364,52660,21296,5219,2548,2470,5313,4621,4906,4511,4381,4314,2165,314,2700,2613,2330,2291,2433,2473,2372,2139,2126,2255,2314,2000,1422,743,249,65,57879,5018,20
Angola,1985,96281,32409,54310,21901,5349,2596,2525,5529,4752,4978,4766,4543,4398,2185,325,2797,2732,2441,2311,2450,2528,2493,2273,2223,2320,2370,2028,1431,754,259,66,59659,5121,20
Angola,1986,99450,33470,56081,22611,5506,2663,2581,5764,4930,5062,5040,4749,4504,2209,338,2899,2865,2563,2367,2482,2580,2621,2419,2349,2400,2436,2068,1445,764,267,71,61587,5244,20
Angola,1987,108340,35524,60605,25081,6368,2986,2812,6318,5356,5449,5640,5277,4863,2292,350,3167,3151,2813,2543,2659,2790,2917,2723,2643,2634,2644,2219,1505,787,278,72,66973,5798,20
Angola,1988,110172,36273,61717,25444,6419,3031,2833,6458,5507,5402,5807,5442,4902,2281,354,3221,3237,2909,2598,2644,2758,2981,2826,2760,2682,2668,2234,1499,782,279,75,68136,5864,20
Angola,1989,113088,37211,63311,26100,6598,3105,2879,6638,5731,5406,6030,5709,5012,2297,357,3293,3345,3027,2704,2645,2761,3063,2967,2925,2784,2733,2279,1510,787,282,75,69909,5984,20
Angola,1990,116184,38126,64921,26795,6817,3203,2946,6825,5973,5430,6236,6006,5132,2314,358,3371,3454,3152,2821,2661,2769,3126,3110,3098,2908,2806,2326,1526,788,283,75,71738,6149,19
Angola,1991,113881,38140,64108,25968,6425,3103,2875,6657,5922,5149,6031,5961,5005,2274,353,3273,3384,3127,2795,2547,2602,2976,3055,3086,2875,2736,2269,1501,773,278,75,70533,5978,19
Angola,1992,123463,40104,68649,28545,7397,3457,3133,7166,6460,5569,6615,6755,5484,2397,362,3504,3662,3405,3055,2755,2814,3207,3408,3493,3262,3016,2468,1595,802,286,76,76046,6590,19
Angola,1993,121488,39862,67266,27404,6923,3351,3123,7172,6619,5584,6527,6787,5388,2373,358,3496,3676,3469,3150,2818,2766,3125,3402,3505,3282,2967,2421,1583,790,283,75,74189,6474,18
Angola,1994,120777,40101,66945,26844,6668,3325,3121,7110,6673,5484,6383,6905,5408,2383,357,3458,3652,3486,3187,2829,2655,3015,3368,3548,3357,2987,2421,1592,791,282,75,73613,6446,17
Angola,1995,123223,41019,68435,27416,6861,3446,3172,7098,6720,5386,6339,7279,5651,2453,361,3449,3649,3513,3207,2812,2574,2951,3388,3711,3568,3142,2509,1645,808,285,76,75296,6618,18
Angola,1996,126329,41812,69631,27819,6997,3555,3273,7275,6982,5572,6457,7716,5949,2534,369,3544,3731,3631,3351,2940,2632,2993,3464,3910,3806,3333,2616,1704,830,291,78,76628,6828,18
Angola,1997,128584,42416,70451,28035,7080,3638,3357,7382,7146,5716,6490,8082,6238,2612,372,3618,3764,3698,3448,3042,2674,3006,3484,4067,4015,3527,2711,1758,854,294,78,77531,6995,19
Angola,1998,135916,43718,73361,29643,7741,3922,3595,7813,7599,6202,6843,8844,6834,2759,385,3855,3958,3910,3689,3305,2897,3175,3668,4414,4430,3911,2923,1863,896,304,81,81102,7517,19
Angola,1999,135141,43592,72276,28684,7382,3853,3620,7872,7733,6398,6755,8981,7042,2811,390,3903,3969,3953,3780,3418,2980,3140,3615,4440,4541,4055,2987,1897,914,308,82,79658,7473,20
Angola,2000,139040,44440,73699,29259,7675,3985,3741,8052,7905,6662,6880,9494,7583,2940,404,4005,4047,4024,3881,3539,3123,3195,3685,4628,4866,4392,3191,1989,951,318,86,81374,7726,21
Angola,2001,137616,44318,72620,28302,7334,3881,3727,8000,7837,6731,6761,9492,7811,2994,412,3994,4006,3963,3874,3578,3153,3154,3607,4555,4937,4525,3286,2025,969,324,88,79954,7608,21
Angola,2002,140482,44758,73261,28503,7493,3944,3813,8173,7970,6999,6932,9905,8402,3140,428,4079,4094,4011,3959,3699,3300,3248,3684,4668,5237,4863,3539,2127,1013,337,91,80754,7757,22
Angola,2003,134805,43658,70018,26360,6698,3654,3653,7886,7687,6820,6664,9588,8495,3183,436,3937,3949,3851,3836,3600,3220,3154,3510,4439,5149,4883,3612,2154,1029,344,92,76716,7307,23
Angola,2004,133747,43260,68815,25555,6485,3549,3606,7809,7574,6886,6681,9636,8913,3316,453,3904,3905,3778,3796,3613,3273,3216,3465,4395,5241,5092,3821,2248,1068,357,96,75300,7155,24
Angola,2005,132583,42697,67282,24585,6251,3437,3556,7775,7520,6988,6756,9682,9358,3481,474,3888,3887,3744,3776,3644,3344,3305,3451,4372,5310,5310,4048,2368,1113,373,101,73533,6993,26
Angola,2006,131738,41936,65665,23729,6125,3381,3536,7790,7504,7116,6876,9720,9822,3676,495,3899,3891,3741,3763,3684,3432,3400,3476,4365,5355,5532,4290,2511,1165,390,105,71790,6917,27
Angola,2007,128487,40891,63247,22356,5751,3163,3370,7522,7256,7043,6890,9621,10194,3880,519,3760,3762,3624,3632,3615,3428,3432,3458,4312,5309,5692,4502,2663,1217,407,112,68998,6533,29
Angola,2008,126900,39724,60799,21075,5473,3022,3285,7500,7293,7216,7140,9706,10721,4168,550,3731,3769,3650,3643,3675,3541,3574,3566,4354,5352,5932,4789,2876,1292,432,118,66272,6307,31
Angola,2009,123737,38569,58412,19843,5207,2863,3137,7229,7042,7098,7197,9530,11006,4408,576,3590,3639,3530,3512,3584,3514,3592,3605,4265,5265,6013,4993,3051,1357,452,124,63619,6000,32
Angola,2010,121223,37376,56046,18670,4970,2729,3013,7026,6883,7051,7339,9471,11342,4707,607,3475,3551,3451,3432,3530,3521,3649,3690,4235,5236,6105,5237,3261,1446,477,130,61016,5742,34
Angola,2011,119817,36209,53840,17631,4773,2630,2932,6949,6893,7133,7595,9571,11750,5070,645,3415,3534,3453,3440,3540,3593,3771,3824,4293,5278,6222,5528,3510,1560,508,137,58613,5562,36
Angola,2012,116661,34966,51429,16463,4534,2502,2790,6634,6643,6950,7641,9504,11925,5393,679,3249,3385,3320,3323,3417,3533,3774,3867,4278,5226,6196,5729,3719,1674,535,144,55963,5292,37
Angola,2013,116060,33973,49609,15636,4375,2430,2722,6552,6689,7056,7958,9735,12333,5835,726,3184,3368,3334,3355,3442,3614,3913,4045,4426,5309,6297,6036,4006,1829,573,153,53984,5152,39
Angola,2014,114716,33026,47840,14814,4217,2366,2654,6418,6649,7042,8121,9834,12523,6237,772,3105,3313,3309,3340,3417,3625,3973,4148,4551,5283,6297,6226,4259,1978,613,159,52057,5020,41
Angola,2015,114290,32320,46564,14244,4119,2333,2610,6309,6643,7062,8325,10027,12755,6675,825,3040,3269,3300,3343,3416,3646,4050,4275,4714,5313,6345,6410,4533,2142,659,166,50683,4943,42
Angola,2016,115210,31599,45260,13661,4021,2316,2613,6357,6854,7309,8740,10441,13146,7212,895,3045,3312,3396,3458,3537,3772,4231,4509,4967,5474,6502,6644,4869,2343,720,175,49281,4929,43
Angola,2017,114928,31069,44202,13133,3928,2288,2582,6223,6814,7308,8913,10698,13309,7660,959,2979,3244,3365,3449,3540,3768,4284,4629,5134,5564,6564,6745,5141,2519,777,182,48130,4870,43
Angola,2018,114008,30586,43310,12724,3855,2259,2539,6002,6647,7175,8930,10874,13313,8031,1025,2881,3121,3273,3374,3482,3693,4260,4670,5236,5638,6554,6759,5349,2682,836,189,47165,4798,43
Angola,2019,115740,30077,42346,12269,3777,2259,2579,6087,6897,7488,9377,11517,13660,8584,1125,2915,3172,3377,3520,3643,3845,4454,4923,5545,5972,6708,6952,5665,2919,922,203,46123,4838,44
Angola,2020,118390,29702,41604,11902,3699,2229,2549,5877,6720,7492,10041,12938,14642,9312,1237,2829,3048,3270,3450,3605,3887,4680,5361,6192,6746,7297,7345,6070,3242,1020,217,45303,4778,45
Angola,2021,125763,29424,41065,11641,3660,2245,2613,6060,7278,8567,11332,14864,16116,10525,1394,2910,3150,3471,3807,4100,4467,5279,6053,7150,7714,8102,8014,6755,3770,1166,228,44725,4858,43
Anguilla,1950,34,11,15,4,0,0,0,0,0,0,0,0,0,0,0,0,0,0,0,0,0,0,0,0,0,0,0,0,0,0,0,15,0,0
Anguilla,1951,35,12,16,4,0,0,0,0,0,0,0,0,0,0,0,0,0,0,0,0,0,0,0,0,0,0,0,0,0,0,0,16,0,0
Anguilla,1952,35,12,16,4,0,0,0,0,0,0,0,0,0,0,0,0,0,0,0,0,0,0,0,0,0,0,0,0,0,0,0,16,0,0
Anguilla,1953,35,12,16,4,0,0,0,0,0,0,0,0,0,0,0,0,0,0,0,0,0,0,0,0,0,0,0,0,0,0,0,16,0,0
Anguilla,1954,35,11,16,5,0,0,0,0,0,0,0,0,0,0,0,0,0,0,0,0,0,0,0,0,0,0,0,0,0,0,0,16,0,0
Anguilla,1955,34,11,16,5,0,0,0,0,0,0,0,0,0,0,0,0,0,0,0,0,0,0,0,0,0,0,0,0,0,0,0,16,0,0
Anguilla,1956,35,10,15,5,0,0,0,0,0,0,0,0,7,2,0,0,0,0,0,0,0,0,0,0,0,2,5,2,0,0,0,15,0,0
Anguilla,1957,36,9,12,3,0,0,0,0,0,0,0,1,10,4,0,0,0,0,0,0,0,0,0,0,1,5,5,4,0,0,0,12,0,0
Anguilla,1958,38,8,11,3,0,0,0,0,0,0,0,3,10,5,0,0,0,0,0,0,0,0,0,0,3,5,5,5,0,0,0,11,0,0
Anguilla,1959,40,8,11,3,0,0,0,0,0,0,0,5,10,7,0,0,0,0,0,0,0,0,0,0,5,5,5,5,2,0,0,11,0,0
Anguilla,1960,45,7,10,3,0,0,0,0,0,0,0,5,10,9,0,0,0,0,0,0,0,0,0,0,5,5,5,5,4,0,0,10,0,0
Anguilla,1961,43,7,9,2,0,0,0,0,0,0,0,5,10,9,0,0,0,0,0,0,0,0,0,0,5,5,5,5,4,0,0,9,0,0
Anguilla,1962,42,7,9,2,0,0,0,0,0,0,0,5,10,10,0,0,0,0,0,0,0,0,0,0,5,5,5,5,5,0,0,9,0,0
Anguilla,1963,41,6,8,2,0,0,0,0,0,0,0,4,10,10,0,0,0,0,0,0,0,0,0,0,4,5,5,5,5,0,0,8,0,0
Anguilla,1964,40,6,8,2,0,0,0,0,0,0,0,3,10,9,0,0,0,0,0,0,0,0,0,0,3,5,5,5,4,0,0,8,0,0
Anguilla,1965,39,6,7,1,0,0,0,0,0,0,0,3,10,9,0,0,0,0,0,0,0,0,0,0,3,5,5,5,4,0,0,7,0,0
Anguilla,1966,38,5,6,1,0,0,0,0,0,0,0,4,10,8,0,0,0,0,0,0,0,0,0,0,4,5,5,5,3,0,0,6,0,0
Anguilla,1967,37,5,6,1,0,0,0,0,0,0,0,4,10,8,0,0,0,0,0,0,0,0,0,0,4,5,5,5,3,0,0,6,0,0
Anguilla,1968,36,5,5,0,0,0,0,0,0,0,0,5,10,8,0,0,0,0,0,0,0,0,0,0,5,5,5,5,3,0,0,5,0,0
Anguilla,1969,35,4,4,0,0,0,0,0,0,0,0,5,10,8,0,0,0,0,0,0,0,0,0,0,5,5,5,5,3,0,0,4,0,0
Anguilla,1970,34,4,4,0,0,0,0,0,0,0,0,5,10,9,0,0,0,0,0,0,0,0,0,0,5,5,5,5,4,0,0,4,0,0
Anguilla,1971,34,3,3,0,0,0,0,0,0,0,0,5,10,9,0,0,0,0,0,0,0,0,0,0,5,5,5,5,4,0,0,3,0,0
Anguilla,1972,33,3,3,0,0,0,0,0,0,0,0,5,10,9,0,0,0,0,0,0,0,0,0,1,4,5,5,5,4,0,0,3,0,0
Anguilla,1973,32,3,3,0,0,0,0,0,0,0,0,7,10,9,0,0,0,0,0,0,0,0,0,3,4,5,5,5,4,0,0,3,0,0
Anguilla,1974,32,2,2,0,0,0,0,0,0,0,0,8,10,9,0,0,0,0,0,0,0,0,0,3,5,5,5,5,4,0,0,2,0,0
Anguilla,1975,31,2,2,0,0,0,0,0,0,0,0,7,10,9,0,0,0,0,0,0,0,0,0,2,5,5,5,5,4,0,0,2,0,0
Anguilla,1976,31,2,2,0,0,0,0,0,0,0,0,7,10,9,0,0,0,0,0,0,0,0,0,2,5,5,5,5,4,0,0,2,0,0
Anguilla,1977,31,2,2,0,0,0,0,0,0,0,0,6,10,9,0,0,0,0,0,0,0,0,0,1,5,5,5,5,4,0,0,2,0,0
Anguilla,1978,31,2,2,0,0,0,0,0,0,0,0,6,10,9,0,0,0,0,0,0,0,0,0,1,5,5,5,5,4,0,0,2,0,0
Anguilla,1979,31,2,2,0,0,0,0,0,0,0,0,6,10,10,0,0,0,0,0,0,0,0,0,1,5,5,5,5,5,0,0,2,0,0
Anguilla,1980,31,1,1,0,0,0,0,0,0,0,0,5,10,10,1,0,0,0,0,0,0,0,0,0,5,5,5,5,5,1,0,1,0,0
Anguilla,1981,32,1,1,0,0,0,0,0,0,0,0,4,10,9,2,0,0,0,0,0,0,0,0,0,4,5,5,5,4,2,0,1,0,0
Anguilla,1982,33,1,1,0,0,0,0,0,0,0,0,4,10,9,2,0,0,0,0,0,0,0,0,0,4,5,5,5,4,2,0,1,0,0
Anguilla,1983,33,1,1,0,0,0,0,0,0,0,0,5,10,10,2,0,0,0,0,0,0,0,0,1,4,5,5,5,5,2,0,1,0,0
Anguilla,1984,34,1,1,0,0,0,0,0,0,0,0,5,10,10,2,0,0,0,0,0,0,0,0,0,5,5,5,5,5,2,0,1,0,0
Anguilla,1985,34,1,1,0,0,0,0,0,0,0,0,5,10,10,3,0,0,0,0,0,0,0,0,0,5,5,5,5,5,2,1,1,0,0
Anguilla,1986,35,1,1,0,0,0,0,0,0,0,0,4,10,10,3,0,0,0,0,0,0,0,0,0,4,5,5,5,5,2,1,1,0,0
Anguilla,1987,35,1,1,0,0,0,0,0,0,0,0,3,10,10,2,0,0,0,0,0,0,0,0,0,3,5,5,5,5,2,0,1,0,0
Anguilla,1988,35,1,1,0,0,0,0,0,0,0,0,2,10,10,2,0,0,0,0,0,0,0,0,0,2,5,5,5,5,2,0,1,0,0
Anguilla,1989,36,1,1,0,0,0,0,0,0,0,0,3,10,10,1,0,0,0,0,0,0,0,0,0,3,5,5,5,5,1,0,1,0,0
Anguilla,1990,36,1,1,0,0,0,0,0,0,0,0,3,10,10,1,0,0,0,0,0,0,0,0,0,3,5,5,5,5,1,0,1,0,0
Anguilla,1991,36,1,1,0,0,0,0,0,0,0,0,2,10,10,2,0,0,0,0,0,0,0,0,0,2,5,5,5,5,2,0,1,0,0
Anguilla,1992,35,1,1,0,0,0,0,0,0,0,0,3,10,10,3,0,0,0,0,0,0,0,0,0,3,5,5,5,5,3,0,1,0,0
Anguilla,1993,34,1,1,0,0,0,0,0,0,0,0,2,10,10,4,0,0,0,0,0,0,0,0,0,2,5,5,5,5,4,0,1,0,0
Anguilla,1994,34,1,1,0,0,0,0,0,0,0,0,2,10,10,4,0,0,0,0,0,0,0,0,0,2,5,5,5,5,4,0,1,0,0
Anguilla,1995,33,1,1,0,0,0,0,0,0,0,0,2,10,10,5,0,0,0,0,0,0,0,0,0,2,5,5,5,5,5,0,1,0,0
Anguilla,1996,33,1,1,0,0,0,0,0,0,0,0,2,10,10,6,0,0,0,0,0,0,0,0,0,2,5,5,5,5,5,1,1,0,0
Anguilla,1997,32,1,1,0,0,0,0,0,0,0,0,2,10,10,6,0,0,0,0,0,0,0,0,0,2,5,5,5,5,5,1,1,0,0
Anguilla,1998,32,1,1,0,0,0,0,0,0,0,0,2,10,10,3,0,0,0,0,0,0,0,0,0,2,5,5,5,5,3,0,1,0,0
Anguilla,1999,31,1,1,0,0,0,0,0,0,0,0,1,10,10,2,0,0,0,0,0,0,0,0,0,1,5,5,5,5,2,0,1,0,0
Anguilla,2000,31,1,1,0,0,0,0,0,0,0,0,0,10,10,2,0,0,0,0,0,0,0,0,0,0,5,5,5,5,2,0,1,0,0
Anguilla,2001,31,1,1,0,0,0,0,0,0,0,0,0,10,10,2,0,0,0,0,0,0,0,0,0,0,5,5,5,5,2,0,1,0,0
Anguilla,2002,30,1,1,0,0,0,0,0,0,0,0,1,9,10,3,0,0,0,0,0,0,0,0,0,1,4,5,5,5,3,0,1,0,0
Anguilla,2003,30,1,1,0,0,0,0,0,0,0,0,0,10,10,3,0,0,0,0,0,0,0,0,0,0,5,5,5,5,3,0,1,0,0
Anguilla,2004,31,1,1,0,0,0,0,0,0,0,0,0,10,10,4,0,0,0,0,0,0,0,0,0,0,5,5,5,5,4,0,1,0,0
Anguilla,2005,31,1,1,0,0,0,0,0,0,0,0,1,10,10,4,0,0,0,0,0,0,0,0,0,1,5,5,5,5,4,0,1,0,0
Anguilla,2006,31,1,1,0,0,0,0,0,0,0,0,1,10,10,4,0,0,0,0,0,0,0,0,0,1,5,5,5,5,4,0,1,0,0
Anguilla,2007,31,1,1,0,0,0,0,0,0,0,0,1,10,10,4,0,0,0,0,0,0,0,0,0,1,5,5,5,5,4,0,1,0,0
Anguilla,2008,30,1,1,0,0,0,0,0,0,0,0,1,10,10,4,0,0,0,0,0,0,0,0,0,1,5,5,5,5,4,0,1,0,0
Anguilla,2009,30,1,1,0,0,0,0,0,0,0,0,0,10,10,5,0,0,0,0,0,0,0,0,0,0,5,5,5,5,5,0,1,0,0
Anguilla,2010,29,1,1,0,0,0,0,0,0,0,0,0,10,10,3,0,0,0,0,0,0,0,0,0,0,5,5,5,5,3,0,1,0,0
Anguilla,2011,30,1,1,0,0,0,0,0,0,0,0,0,9,10,4,0,0,0,0,0,0,0,0,0,0,4,5,5,5,4,0,1,0,0
Anguilla,2012,31,1,1,0,0,0,0,0,0,0,0,0,8,10,4,0,0,0,0,0,0,0,0,0,0,3,5,5,5,4,0,1,0,0
Anguilla,2013,32,1,1,0,0,0,0,0,0,0,0,0,8,10,3,0,0,0,0,0,0,0,0,0,0,3,5,5,5,3,0,1,0,0
Anguilla,2014,33,0,0,0,0,0,0,0,0,0,0,0,9,10,4,0,0,0,0,0,0,0,0,0,0,4,5,5,5,4,0,0,0,0
Anguilla,2015,32,0,0,0,0,0,0,0,0,0,0,0,9,10,3,0,0,0,0,0,0,0,0,0,0,4,5,5,5,3,0,0,0,0
Anguilla,2016,33,0,0,0,0,0,0,0,0,0,0,5,10,10,4,0,0,0,0,0,0,0,0,0,5,5,5,5,5,4,0,0,0,0
Anguilla,2017,36,1,1,0,0,0,0,0,0,0,0,10,10,10,4,0,0,0,0,0,0,0,0,5,5,5,5,5,5,4,0,1,0,0
Anguilla,2018,35,0,0,0,0,0,0,0,0,0,0,9,10,10,5,0,0,0,0,0,0,0,0,4,5,5,5,5,5,5,0,0,0,0
Anguilla,2019,36,0,0,0,0,0,0,0,0,0,0,9,10,10,3,0,0,0,0,0,0,0,0,4,5,5,5,5,5,3,0,0,0,0
Anguilla,2020,37,0,0,0,0,0,0,0,0,0,0,10,10,10,3,0,0,0,0,0,0,0,0,5,5,5,5,5,5,3,0,0,0,0
Anguilla,2021,40,0,0,0,0,0,0,0,0,0,1,10,10,10,4,0,0,0,0,0,0,0,1,5,5,5,5,5,5,4,0,0,0,0
Antigua and Barbuda,1950,316,62,92,30,7,5,5,10,10,19,27,35,55,49,6,5,5,5,5,9,10,15,12,19,16,25,30,27,22,6,0,99,10,0
Antigua and Barbuda,1951,312,63,91,28,7,5,5,10,10,18,26,35,54,46,8,5,5,5,5,8,10,14,12,18,17,24,30,26,20,8,0,98,10,0
Antigua and Barbuda,1952,307,62,90,28,6,5,5,10,10,17,27,34,46,43,8,5,5,5,5,7,10,14,13,16,18,21,25,24,19,8,0,96,10,0
Antigua and Barbuda,1953,304,62,90,28,6,5,5,10,10,17,29,37,45,42,10,5,5,5,5,7,10,14,15,16,21,20,25,24,18,9,1,96,10,0
Antigua and Barbuda,1954,299,62,90,28,7,5,5,10,10,16,29,38,45,39,9,5,5,5,5,6,10,14,15,16,22,20,25,23,16,8,1,97,10,0
Antigua and Barbuda,1955,294,61,87,26,6,5,5,10,10,16,28,38,45,37,9,5,5,5,5,6,10,13,15,15,23,20,25,22,15,8,1,93,10,0
Antigua and Barbuda,1956,292,60,86,26,6,5,5,10,10,15,31,36,45,37,9,5,5,5,5,5,10,14,17,15,21,21,24,22,15,8,1,92,10,0
Antigua and Barbuda,1957,287,60,86,26,6,5,5,10,10,14,29,38,44,35,8,5,5,5,5,5,9,13,16,17,21,22,22,22,13,7,1,92,10,0
Antigua and Barbuda,1958,283,59,83,24,6,5,5,10,10,14,29,37,44,34,7,5,5,5,5,5,9,13,16,18,19,24,20,21,13,6,1,89,10,0
Antigua and Barbuda,1959,278,57,80,23,6,5,5,10,10,13,29,37,47,33,7,5,5,5,5,5,8,13,16,20,17,27,20,20,13,6,1,86,10,0
Antigua and Barbuda,1960,274,55,77,22,6,5,5,10,10,13,28,37,47,32,7,5,5,5,5,5,8,13,15,20,17,27,20,19,13,6,1,83,10,0
Antigua and Barbuda,1961,266,52,73,21,6,5,5,10,10,13,27,38,46,31,7,5,5,5,5,5,8,12,15,20,18,26,20,19,12,6,1,79,10,0
Antigua and Barbuda,1962,257,49,67,18,6,5,5,10,10,13,26,38,46,27,5,5,5,5,5,5,8,11,15,19,19,24,22,15,12,5,0,73,10,0
Antigua and Barbuda,1963,249,45,61,16,5,5,5,10,10,13,25,39,46,27,5,5,5,5,5,5,8,10,15,19,20,21,25,15,12,5,0,66,10,0
Antigua and Barbuda,1964,237,41,56,15,5,5,5,10,10,12,24,40,47,27,5,5,5,5,5,5,7,10,14,18,22,21,26,15,12,5,0,61,10,0
Antigua and Barbuda,1965,227,37,49,12,5,5,5,10,10,12,23,39,46,27,5,5,5,5,5,5,7,10,13,17,22,20,26,16,11,5,0,54,10,0
Antigua and Barbuda,1966,218,33,43,10,5,5,5,10,10,11,23,38,45,27,5,5,5,5,5,5,6,10,13,16,22,21,24,17,10,5,0,48,10,0
Antigua and Barbuda,1967,209,29,39,10,5,5,5,10,10,11,22,37,45,28,5,5,5,5,5,5,6,10,12,16,21,22,23,18,10,5,0,44,10,0
Antigua and Barbuda,1968,203,25,33,8,5,5,5,10,10,10,21,35,46,30,5,5,5,5,5,5,5,10,11,15,20,24,22,20,10,5,0,38,10,0
Antigua and Barbuda,1969,195,22,29,7,5,5,5,10,10,10,21,34,45,31,5,5,5,5,5,5,5,10,11,15,19,24,21,22,9,5,0,34,10,0
Antigua and Barbuda,1970,192,19,25,6,5,5,5,6,8,10,19,34,44,33,5,5,1,3,5,5,5,9,10,15,19,23,21,23,10,5,0,30,10,0
Antigua and Barbuda,1971,187,17,22,5,3,5,5,6,6,10,19,34,45,33,5,5,1,1,5,5,5,9,10,15,19,23,22,22,11,5,0,25,10,0
Antigua and Barbuda,1972,189,15,20,5,1,4,5,7,5,10,18,33,46,35,6,5,2,0,5,5,5,8,10,14,19,23,23,22,13,5,1,21,9,0
Antigua and Barbuda,1973,191,14,18,4,0,3,5,7,4,10,18,33,49,35,6,5,2,0,4,5,5,8,10,14,19,24,25,20,15,5,1,18,8,0
Antigua and Barbuda,1974,189,13,17,4,0,2,5,7,3,10,18,33,51,37,7,5,2,0,3,5,5,8,10,14,19,24,27,20,17,6,1,17,7,0
Antigua and Barbuda,1975,191,12,15,3,0,2,5,7,2,10,17,33,53,39,7,5,2,0,2,5,5,7,10,14,19,25,28,21,18,6,1,15,7,0
Antigua and Barbuda,1976,194,11,14,3,0,1,5,8,1,10,17,33,54,42,8,5,3,0,1,5,5,7,10,14,19,25,29,23,19,7,1,14,6,0
Antigua and Barbuda,1977,198,11,13,2,0,1,5,9,1,10,17,33,56,44,9,5,4,0,1,5,5,7,10,14,19,26,30,25,19,8,1,13,6,0
Antigua and Barbuda,1978,198,10,12,2,0,0,5,10,0,10,17,32,57,43,10,5,5,0,0,5,5,7,10,14,18,27,30,27,16,9,1,12,5,0
Antigua and Barbuda,1979,202,10,12,2,0,0,5,10,1,10,16,33,57,45,12,5,5,1,0,5,5,6,10,14,19,27,30,29,16,11,1,12,5,0
Antigua and Barbuda,1980,206,9,11,2,0,0,5,10,3,9,16,33,58,48,13,5,5,3,0,4,5,6,10,14,19,28,30,30,18,11,2,11,5,0
Antigua and Barbuda,1981,210,8,10,2,0,0,4,10,4,9,16,33,60,50,14,5,5,4,0,4,5,6,10,14,19,28,32,30,20,12,2,10,4,0
Antigua and Barbuda,1982,214,7,9,2,0,0,4,10,5,9,16,33,63,54,14,5,5,5,0,4,5,6,10,14,19,28,35,31,23,11,3,9,4,0
Antigua and Barbuda,1983,221,7,8,1,0,0,3,10,7,9,16,34,64,57,14,5,5,5,2,4,5,6,10,14,20,29,35,33,24,11,3,8,3,0
Antigua and Barbuda,1984,226,7,8,1,0,0,3,10,10,10,16,34,64,61,15,5,5,5,5,5,5,6,10,14,20,29,35,34,27,11,4,8,3,1
Antigua and Barbuda,1985,229,7,8,1,0,0,2,10,10,10,16,33,66,64,17,5,5,5,5,5,5,6,10,13,20,29,37,37,27,13,4,8,2,1
Antigua and Barbuda,1986,232,7,8,1,0,0,2,10,10,10,15,32,67,67,18,5,5,5,5,5,5,5,10,13,19,29,38,38,29,13,5,8,2,1
Antigua and Barbuda,1987,235,7,8,1,0,0,1,10,10,10,14,31,67,68,20,5,5,5,5,5,5,5,9,13,18,29,38,39,29,15,5,8,1,1
Antigua and Barbuda,1988,238,7,8,1,0,0,0,10,10,10,13,29,67,73,22,5,5,5,5,5,5,5,8,12,17,29,38,42,31,17,5,8,0,1
Antigua and Barbuda,1989,243,7,8,1,0,0,0,9,10,10,13,29,68,76,24,4,5,5,5,5,5,5,8,12,17,28,40,44,32,18,6,8,0,1
Antigua and Barbuda,1990,244,7,8,1,0,0,0,7,10,10,12,27,68,78,24,2,5,5,5,5,5,5,7,11,16,28,40,45,33,18,6,8,0,1
Antigua and Barbuda,1991,245,6,7,1,0,0,0,6,10,10,11,27,67,80,24,1,5,5,5,5,5,5,6,11,16,27,40,45,35,19,5,7,0,1
Antigua and Barbuda,1992,247,7,8,1,0,0,0,5,10,10,11,28,66,82,25,0,5,5,5,5,5,5,6,11,17,25,41,45,37,19,6,8,0,1
Antigua and Barbuda,1993,252,7,8,1,0,0,0,5,10,10,12,28,65,83,27,0,5,5,5,5,5,5,7,11,17,24,41,45,38,20,7,8,0,1
Antigua and Barbuda,1994,249,7,8,1,0,0,0,4,10,10,12,26,62,83,27,0,4,5,5,5,5,5,7,10,16,24,38,45,38,20,7,8,0,1
Antigua and Barbuda,1995,247,8,10,2,0,0,0,4,10,10,11,26,60,83,28,0,4,5,5,5,5,5,6,10,16,23,37,45,38,21,7,10,0,1
Antigua and Barbuda,1996,244,8,9,1,0,0,0,3,10,10,11,24,58,83,28,0,3,5,5,5,5,5,6,10,14,23,35,45,38,21,7,9,0,1
Antigua and Barbuda,1997,242,8,10,2,0,0,0,3,10,10,10,24,55,83,28,0,3,5,5,5,5,5,5,10,14,23,32,44,39,21,7,10,0,1
Antigua and Barbuda,1998,240,8,10,2,0,0,0,2,10,10,11,23,53,83,29,0,2,5,5,5,5,5,6,10,13,22,31,44,39,22,7,10,0,1
Antigua and Barbuda,1999,237,8,10,2,0,0,0,2,10,10,12,23,51,81,29,0,2,5,5,5,5,5,7,10,13,21,30,42,39,22,7,10,0,1
Antigua and Barbuda,2000,234,8,10,2,0,0,0,1,10,10,14,22,50,80,30,0,1,5,5,5,5,6,8,10,12,21,29,41,39,23,7,10,0,1
Antigua and Barbuda,2001,227,8,9,1,0,0,0,0,10,10,19,22,47,73,31,0,0,5,5,5,5,10,9,10,12,19,28,36,37,23,8,9,0,1
Antigua and Barbuda,2002,225,7,8,1,0,0,0,0,9,10,20,23,47,72,32,0,0,4,5,5,5,10,10,10,13,19,28,34,38,23,9,8,0,2
Antigua and Barbuda,2003,238,7,8,1,0,0,0,0,9,12,20,24,49,75,34,0,0,4,5,5,7,10,10,10,14,20,29,36,39,25,9,8,0,2
Antigua and Barbuda,2004,242,6,7,1,0,0,0,0,8,16,20,23,50,75,35,0,0,3,5,6,10,10,10,10,13,20,30,36,39,26,9,7,0,2
Antigua and Barbuda,2005,237,6,7,1,0,0,0,0,8,15,20,23,50,73,35,0,0,3,5,5,10,10,10,10,13,21,29,35,38,26,9,7,0,2
Antigua and Barbuda,2006,241,6,6,0,0,0,0,0,7,15,20,25,49,69,37,0,0,2,5,5,10,10,10,10,15,20,29,34,35,27,10,6,0,2
Antigua and Barbuda,2007,236,5,5,0,0,0,0,0,6,14,20,25,47,69,38,0,0,1,5,5,9,10,10,10,15,19,28,34,35,27,11,5,0,2
Antigua and Barbuda,2008,235,6,6,0,0,0,0,0,6,14,20,27,46,65,37,0,0,1,5,5,9,10,10,12,15,19,27,33,32,26,11,6,0,2
Antigua and Barbuda,2009,235,5,5,0,0,0,0,0,6,14,23,30,48,66,37,0,0,1,5,5,9,10,13,15,15,21,27,33,33,26,11,5,0,2
Antigua and Barbuda,2010,237,5,5,0,0,0,0,0,6,14,25,30,47,68,37,0,0,1,5,5,9,10,15,15,15,21,26,35,33,26,11,5,0,3
Antigua and Barbuda,2011,237,4,4,0,0,0,0,0,5,13,28,30,46,67,37,0,0,0,5,5,8,13,15,15,15,21,25,34,33,25,12,4,0,3
Antigua and Barbuda,2012,237,4,4,0,0,0,0,0,4,13,28,30,47,67,36,0,0,0,4,5,8,13,15,15,15,20,27,33,34,24,12,4,0,3
Antigua and Barbuda,2013,238,3,3,0,0,0,0,0,4,13,27,32,49,64,35,0,0,0,4,5,8,12,15,15,17,21,28,32,32,24,11,3,0,3
Antigua and Barbuda,2014,238,3,3,0,0,0,0,0,3,12,27,38,49,64,35,0,0,0,3,5,7,12,15,18,20,22,27,32,32,24,11,3,0,3
Antigua and Barbuda,2015,248,3,3,0,0,0,0,0,2,12,27,39,49,65,37,0,0,0,2,5,7,12,15,19,20,22,27,32,33,25,12,3,0,4
Antigua and Barbuda,2016,250,3,3,0,0,0,0,0,2,11,27,40,52,67,37,0,0,0,2,5,6,12,15,20,20,25,27,33,34,25,12,3,0,4
Antigua and Barbuda,2017,255,3,3,0,0,0,0,0,2,11,29,45,55,66,37,0,0,0,2,5,6,12,17,20,25,25,30,33,33,25,12,3,0,4
Antigua and Barbuda,2018,257,3,3,0,0,0,0,0,1,11,29,44,57,66,37,0,0,0,1,5,6,12,17,20,24,27,30,34,32,25,12,3,0,4
Antigua and Barbuda,2019,262,3,3,0,0,0,0,0,1,10,27,46,58,65,39,0,0,0,1,5,5,11,16,21,25,28,30,33,32,26,13,3,0,4
Antigua and Barbuda,2020,268,3,3,0,0,0,0,0,0,10,27,50,63,67,39,0,0,0,0,5,5,11,16,23,27,31,32,35,32,25,14,3,0,4
Antigua and Barbuda,2021,288,3,3,0,0,0,0,0,0,10,27,52,72,74,41,0,0,0,0,5,5,10,17,24,28,35,37,38,36,27,14,3,0,4
Argentina,1950,68376,13564,17862,4298,865,600,995,2507,3396,5246,7201,9526,11348,7349,1427,1201,1306,1486,1910,2361,2885,3389,3812,4460,5066,5890,5458,4612,2737,1141,286,18727,1595,50
Argentina,1951,69326,13595,17897,4302,897,609,997,2527,3408,5345,7426,9803,11650,7336,1378,1203,1324,1496,1912,2399,2946,3495,3931,4573,5230,6075,5575,4589,2747,1119,259,18794,1606,48
Argentina,1952,67764,13391,17645,4254,864,593,956,2430,3266,5194,7329,9645,11488,7032,1277,1146,1284,1444,1822,2327,2867,3443,3886,4472,5173,5998,5490,4374,2658,1032,245,18509,1549,44
Argentina,1953,67644,13218,17415,4197,958,592,941,2384,3204,5160,7406,9718,11645,6948,1234,1113,1271,1432,1772,2309,2851,3465,3941,4475,5243,6073,5572,4300,2648,995,239,18373,1533,40
Argentina,1954,68153,13059,17189,4130,899,601,941,2371,3190,5186,7581,9935,12001,7005,1224,1099,1272,1438,1752,2311,2875,3531,4050,4557,5378,6248,5753,4339,2666,995,229,18088,1542,34
Argentina,1955,71173,12957,17004,4047,900,637,989,2468,3341,5456,8114,10625,12934,7404,1270,1138,1330,1515,1826,2417,3039,3762,4352,4869,5756,6726,6208,4617,2787,1041,229,17904,1626,29
Argentina,1956,68913,12944,16890,3946,887,611,936,2303,3146,5146,7809,10254,12596,7109,1200,1061,1242,1433,1713,2259,2887,3600,4209,4709,5545,6544,6052,4473,2636,989,211,17777,1547,25
Argentina,1957,73101,13043,16883,3840,899,661,1000,2420,3350,5463,8443,11140,13823,7714,1278,1118,1302,1527,1823,2371,3092,3867,4576,5143,5997,7178,6645,4909,2805,1065,213,17782,1661,25
Argentina,1958,70425,12993,16772,3779,914,633,948,2242,3145,5097,8024,10652,13359,7408,1208,1044,1198,1433,1712,2186,2911,3651,4373,4950,5702,6931,6428,4763,2645,1012,196,17686,1581,23
Argentina,1959,72810,12911,16522,3611,819,656,985,2285,3243,5232,8393,11240,14235,7920,1264,1072,1213,1474,1769,2226,3006,3796,4597,5248,5992,7361,6874,5123,2797,1063,201,17341,1641,22
Argentina,1960,73314,12958,16429,3471,866,652,987,2243,3208,5149,8416,11396,14536,8146,1267,1060,1183,1451,1757,2185,2964,3789,4627,5333,6063,7478,7058,5286,2860,1066,201,17295,1639,21
Argentina,1961,73553,13080,16419,3339,781,642,985,2197,3149,5038,8387,11509,14766,8382,1276,1046,1151,1415,1734,2143,2895,3763,4624,5385,6124,7542,7224,5442,2940,1073,203,17200,1627,20
Argentina,1962,76149,13354,16579,3225,820,653,1021,2239,3195,5105,8644,12057,15525,8957,1334,1074,1165,1422,1773,2186,2919,3870,4774,5627,6430,7856,7669,5808,3149,1121,213,17399,1674,19
Argentina,1963,77366,13546,16689,3143,781,648,1035,2239,3162,5055,8696,12351,15944,9372,1371,1083,1156,1392,1770,2185,2870,3888,4808,5741,6610,7989,7955,6064,3308,1151,220,17470,1683,19
Argentina,1964,80141,13615,16707,3092,758,657,1074,2301,3213,5151,8965,12971,16792,10075,1456,1121,1180,1403,1810,2244,2907,3991,4974,6000,6971,8358,8434,6505,3570,1226,230,17465,1731,19
Argentina,1965,81437,13629,16678,3049,770,653,1080,2319,3183,5133,9000,13268,17247,10568,1520,1138,1181,1383,1800,2250,2883,3981,5019,6108,7160,8557,8690,6807,3761,1285,235,17448,1733,20
Argentina,1966,82669,13612,16621,3009,733,646,1080,2337,3146,5120,9012,13541,17710,11105,1600,1154,1183,1365,1781,2251,2869,3951,5061,6197,7344,8784,8926,7132,3973,1358,242,17354,1726,20
Argentina,1967,84245,13545,16503,2958,742,641,1082,2373,3120,5146,9050,13859,18266,11737,1703,1176,1197,1359,1761,2266,2880,3921,5129,6300,7559,9089,9177,7514,4223,1449,254,17245,1723,21
Argentina,1968,87136,13411,16303,2892,713,648,1102,2462,3161,5286,9263,14456,19222,12644,1855,1225,1237,1387,1774,2325,2961,3965,5298,6527,7929,9609,9613,8061,4583,1582,273,17016,1750,22
Argentina,1969,90444,13333,16157,2824,721,655,1124,2567,3217,5446,9502,15115,20293,13607,2020,1277,1290,1423,1794,2389,3057,4034,5468,6786,8329,10179,10114,8624,4983,1727,293,16878,1779,23
Argentina,1970,89500,13254,16009,2755,704,625,1084,2510,3098,5276,9182,14885,20221,13787,2090,1244,1266,1382,1716,2304,2972,3887,5295,6651,8234,10153,10068,8666,5121,1788,302,16713,1709,24
Argentina,1971,94662,13054,15733,2679,705,648,1133,2673,3249,5546,9637,15910,21910,15136,2355,1315,1358,1461,1788,2406,3140,4085,5552,7085,8825,10994,10916,9422,5714,2016,339,16438,1781,25
Argentina,1972,95395,12895,15507,2612,705,634,1112,2678,3230,5489,9525,16005,22384,15599,2500,1305,1373,1465,1765,2359,3130,4063,5462,7116,8889,11204,11180,9603,5996,2141,359,16212,1746,26
Argentina,1973,96048,12740,15291,2551,650,621,1091,2677,3216,5422,9410,16063,22854,16056,2668,1290,1387,1470,1746,2305,3117,4051,5359,7131,8932,11396,11458,9770,6286,2284,384,15941,1712,28
Argentina,1974,96934,12587,15076,2489,685,613,1070,2683,3226,5373,9331,16105,23329,16542,2868,1278,1405,1484,1742,2267,3106,4052,5279,7122,8983,11581,11748,9974,6568,2453,415,15761,1683,30
Argentina,1975,97026,12416,14832,2416,635,596,1038,2637,3199,5244,9176,15991,23617,16943,3079,1248,1389,1483,1716,2200,3044,4003,5173,7024,8967,11667,11950,10150,6793,2629,450,15467,1634,32
Argentina,1976,99104,12161,14520,2359,633,597,1028,2660,3267,5260,9279,16243,24444,17753,3387,1252,1408,1523,1744,2205,3055,4061,5218,7069,9174,12009,12435,10598,7155,2882,505,15153,1625,36
Argentina,1977,97528,11884,14193,2309,629,578,980,2548,3194,5028,8993,15765,24182,17813,3580,1191,1357,1497,1697,2115,2913,3940,5053,6780,8985,11803,12379,10625,7188,3032,548,14822,1558,40
Argentina,1978,99856,11497,13696,2199,640,621,1017,2633,3356,5089,9161,15962,24963,18711,3960,1226,1407,1581,1775,2164,2925,4016,5145,6782,9180,12097,12866,11162,7549,3333,627,14336,1638,47
Argentina,1979,101958,11086,13154,2068,623,593,991,2571,3389,5064,9289,16209,25899,19753,4368,1190,1381,1596,1793,2166,2898,4054,5235,6821,9388,12475,13424,11777,7976,3647,721,13777,1584,55
Argentina,1980,105561,10656,12623,1967,588,603,1007,2610,3518,5178,9570,16690,27201,21083,4825,1202,1408,1648,1870,2233,2945,4158,5412,6994,9696,13043,14158,12552,8531,3995,830,13211,1610,65
Argentina,1981,104757,10195,12031,1836,566,558,954,2476,3432,5028,9371,16396,27284,21518,5068,1135,1341,1592,1840,2181,2847,4039,5332,6869,9527,13036,14248,12781,8737,4154,914,12597,1512,76
Argentina,1982,108683,9765,11513,1748,561,569,976,2523,3576,5200,9652,16876,28630,22982,5534,1156,1367,1642,1934,2274,2926,4121,5531,7110,9766,13657,14973,13605,9377,4486,1048,12074,1545,91
Argentina,1983,110638,9366,11040,1674,565,569,972,2509,3632,5258,9705,17016,29387,24000,5880,1148,1361,1648,1984,2317,2941,4097,5608,7229,9787,13998,15389,14158,9842,4713,1167,11605,1541,106
Argentina,1984,114660,9016,10634,1618,544,586,990,2552,3766,5458,9951,17528,30702,25486,6337,1173,1379,1686,2080,2423,3035,4163,5788,7502,10026,14573,16129,14980,10506,5038,1299,11178,1576,126
Argentina,1985,117105,8719,10297,1578,559,589,993,2558,3820,5581,10022,17781,31461,26525,6750,1179,1379,1699,2121,2496,3085,4171,5851,7645,10136,14844,16617,15539,10986,5283,1467,10856,1582,168
Argentina,1986,116758,8464,10008,1544,538,577,968,2495,3770,5575,9829,17616,31383,26891,6932,1154,1341,1667,2103,2509,3066,4088,5741,7594,10022,14680,16703,15692,11199,5416,1516,10546,1545,173
Argentina,1987,116655,8253,9772,1519,523,567,947,2441,3708,5586,9637,17515,31308,27307,7155,1132,1309,1628,2080,2526,3060,4023,5614,7556,9959,14471,16837,15855,11452,5580,1575,10295,1514,184
Argentina,1988,116493,8064,9558,1494,495,556,928,2382,3640,5603,9438,17422,31180,27723,7382,1106,1276,1591,2049,2543,3060,3968,5470,7504,9918,14228,16952,16011,11712,5765,1617,10053,1484,190
Argentina,1989,116638,7893,9361,1468,462,542,915,2332,3560,5633,9270,17342,31088,28237,7689,1081,1251,1549,2011,2559,3074,3931,5339,7443,9899,14046,17042,16233,12004,5981,1708,9823,1457,210
Argentina,1990,118103,7808,9241,1433,451,530,910,2311,3531,5706,9237,17423,31334,29109,8092,1070,1241,1529,2002,2578,3128,3948,5289,7440,9983,14076,17258,16670,12439,6276,1816,9692,1440,230
Argentina,1991,115177,7665,9062,1397,419,495,868,2195,3352,5538,8855,16766,30305,28855,8218,1015,1180,1443,1909,2483,3055,3815,5040,7105,9661,13589,16716,16469,12386,6345,1873,9481,1363,247
Argentina,1992,118174,7504,8863,1359,405,484,874,2200,3352,5677,8999,17013,30943,30250,8832,1015,1185,1441,1911,2521,3156,3906,5093,7135,9878,13910,17033,17223,13027,6788,2044,9268,1358,279
Argentina,1993,119729,7355,8674,1319,398,466,867,2176,3311,5727,9050,17003,31157,31246,9342,1007,1169,1422,1889,2511,3216,3959,5091,7046,9957,14076,17081,17750,13496,7150,2192,9072,1333,311
Argentina,1994,122442,7186,8466,1280,371,452,863,2178,3300,5827,9221,17148,31740,32550,9971,1013,1165,1422,1878,2519,3308,4065,5156,7039,10109,14401,17339,18408,14142,7591,2380,8837,1315,350
Argentina,1995,124092,6928,8169,1241,387,436,845,2163,3267,5852,9332,17118,32067,33505,10548,1008,1155,1412,1855,2512,3340,4143,5189,6986,10132,14575,17492,18819,14686,7964,2584,8556,1281,402
Argentina,1996,125871,6632,7832,1200,376,421,829,2151,3240,5877,9489,17112,32530,34520,11076,1007,1144,1406,1834,2508,3369,4238,5251,6973,10139,14786,17744,19209,15311,8365,2711,8208,1250,416
Argentina,1997,129066,6350,7503,1153,379,413,815,2168,3256,5949,9781,17273,33418,35877,11781,1019,1149,1415,1841,2520,3429,4391,5390,7062,10211,15171,18247,19721,16156,8857,2924,7882,1228,460
Argentina,1998,129494,6132,7233,1101,368,400,777,2134,3187,5866,9866,17019,33556,36366,12229,1001,1133,1387,1800,2473,3393,4442,5424,7007,10012,15188,18368,19726,16640,9157,3072,7601,1177,494
Argentina,1999,130713,5981,7033,1052,360,391,743,2111,3146,5793,10011,16889,33841,37059,12803,985,1126,1366,1780,2430,3363,4512,5499,7011,9878,15244,18597,19879,17180,9557,3246,7393,1134,531
Argentina,2000,131809,5777,6788,1011,367,386,714,2075,3108,5731,10120,16792,34015,37730,13419,960,1115,1347,1761,2392,3339,4536,5584,7027,9765,15229,18786,20078,17652,9992,3427,7155,1100,570
Argentina,2001,131399,5549,6522,973,341,377,676,2017,3030,5593,10095,16541,33706,37948,13946,923,1094,1310,1720,2321,3272,4490,5605,6977,9564,14964,18742,20089,17859,10365,3581,6863,1053,605
Argentina,2002,129749,5361,6294,933,327,365,638,1926,2920,5382,9946,16164,32969,37758,14416,866,1060,1261,1659,2230,3152,4379,5567,6871,9293,14468,18501,19946,17812,10695,3721,6621,1003,642
Argentina,2003,143371,5164,6060,896,331,398,682,2067,3172,5838,11037,17872,36258,42213,16688,914,1153,1374,1798,2413,3425,4801,6236,7657,10215,15719,20539,22312,19901,12356,4332,6391,1080,756
Argentina,2004,136779,5017,5876,859,310,368,632,1897,2963,5435,10485,17005,34162,40487,16442,828,1069,1291,1672,2255,3180,4497,5988,7341,9664,14665,19497,21403,19084,12184,4258,6186,1000,719
Argentina,2005,135708,4900,5725,825,281,356,611,1803,2870,5263,10302,16845,33428,40472,16990,779,1024,1252,1618,2189,3074,4387,5915,7324,9521,14260,19168,21340,19132,12515,4475,6006,967,761
Argentina,2006,137429,4751,5545,794,307,347,606,1748,2844,5198,10317,17082,33381,41364,17881,749,999,1247,1597,2171,3027,4368,5949,7472,9610,14211,19170,21727,19637,13091,4790,5852,953,809
Argentina,2007,144062,4597,5366,769,258,347,625,1757,2929,5337,10682,18023,34535,43854,19444,755,1002,1289,1640,2232,3105,4489,6193,7921,10102,14742,19793,22936,20918,14098,5346,5624,972,904
Argentina,2008,142733,4451,5192,741,258,327,606,1664,2843,5155,10405,17953,33666,43788,19904,721,943,1251,1592,2157,2998,4351,6054,7914,10039,14462,19204,22779,21009,14251,5653,5450,933,968
Argentina,2009,144971,4359,5074,715,249,316,601,1620,2833,5122,10352,18358,33720,44762,20899,711,909,1239,1594,2138,2984,4307,6045,8097,10261,14590,19130,23123,21639,14801,6098,5323,917,1067
Argentina,2010,152042,4270,4960,690,258,314,616,1641,2904,5279,10691,19368,35039,47153,22610,732,909,1257,1647,2200,3079,4424,6267,8495,10873,15270,19769,24168,22985,15889,6721,5218,930,1208
Argentina,2011,149391,4163,4831,668,234,293,582,1559,2791,5084,10311,19100,34152,46311,22851,708,851,1197,1594,2114,2970,4240,6071,8312,10788,14990,19162,23509,22802,15955,6896,5065,875,1289
Argentina,2012,145169,4054,4702,648,208,271,541,1466,2633,4829,9785,18564,32962,44850,22946,674,792,1108,1525,2006,2823,4018,5767,7997,10567,14567,18395,22481,22369,15894,7052,4910,812,1412
Argentina,2013,149728,3946,4574,628,224,264,530,1471,2629,4873,9864,19141,33917,46078,24502,681,790,1088,1541,2030,2843,4041,5823,8144,10997,15092,18825,22791,23287,16842,7660,4798,794,1658
Argentina,2014,152785,3834,4443,609,206,257,513,1463,2591,4881,9851,19512,34664,46785,25767,679,784,1057,1534,2045,2836,4048,5803,8189,11323,15529,19135,22895,23890,17623,8144,4649,770,1854
Argentina,2015,154279,3720,4308,588,192,246,491,1446,2521,4839,9752,19600,35123,46935,26766,669,777,1017,1504,2033,2806,4018,5734,8168,11432,15836,19287,22813,24122,18186,8580,4500,737,2059
Argentina,2016,165730,3542,4112,570,203,253,504,1518,2612,5119,10285,20966,38025,50074,29585,693,825,1045,1567,2160,2959,4254,6031,8685,12281,17240,20785,24288,25786,19902,9683,4315,757,2476
Argentina,2017,162928,3347,3897,550,201,236,477,1457,2474,4970,9955,20462,37786,48836,29660,657,800,992,1482,2107,2863,4125,5830,8415,12047,17207,20579,23743,25093,19889,9771,4098,713,2522
Argentina,2018,162876,3085,3613,528,186,228,454,1416,2383,4904,9769,20253,38228,48461,30307,627,789,964,1419,2077,2827,4050,5719,8288,11965,17449,20779,23674,24787,20197,10110,3799,682,2676
Argentina,2019,161447,2930,3430,500,190,218,427,1357,2271,4786,9505,19750,38281,47687,30646,591,766,932,1339,2014,2772,3930,5575,8040,11710,17476,20805,23425,24262,20219,10427,3620,645,2896
Argentina,2020,180438,2753,3227,474,216,265,615,1855,3157,6281,11582,24887,41590,50865,32751,804,1051,1276,1881,2688,3593,4668,6914,10622,14265,18863,22727,25181,25684,21536,11215,3443,880,3146
Argentina,2021,192819,2649,3099,450,245,368,695,1998,3423,6474,12058,26502,46552,54745,33379,877,1121,1437,1986,2793,3681,4775,7283,10957,15545,21284,25268,27197,27548,21984,11395,3344,1063,3283
Armenia,1950,9219,2364,2902,538,44,67,71,180,173,351,418,1250,2003,1394,362,110,70,56,117,153,198,189,229,562,688,948,1055,806,588,279,83,2946,138,3
Armenia,1951,9381,2476,3054,578,44,65,73,192,164,362,421,1227,2018,1402,347,111,81,55,109,156,206,204,217,528,699,944,1074,839,563,272,75,3098,138,8
Armenia,1952,9663,2539,3142,603,45,62,79,209,162,378,456,1231,2077,1466,347,111,98,60,102,164,214,231,225,490,741,958,1119,909,557,271,76,3187,141,11
Armenia,1953,9687,2611,3230,619,60,51,85,212,158,378,483,1173,2045,1474,327,103,109,68,90,165,213,249,234,422,751,933,1112,941,533,256,71,3290,136,11
Armenia,1954,9779,2693,3326,633,59,42,89,217,156,378,518,1124,2036,1506,315,99,118,77,79,165,213,268,250,371,753,923,1113,976,530,249,66,3385,131,10
Armenia,1955,9789,2782,3427,645,66,36,86,217,158,369,541,1053,2002,1519,300,96,121,84,74,158,211,278,263,332,721,907,1095,984,535,237,63,3493,122,9
Armenia,1956,10029,2909,3570,661,69,33,83,224,172,368,579,1006,2035,1583,297,100,124,96,76,152,216,291,288,320,686,932,1103,1016,567,233,64,3639,116,9
Armenia,1957,10162,3030,3708,678,76,34,77,223,191,358,608,937,2038,1619,288,104,119,111,80,138,220,294,314,321,616,956,1082,1025,594,225,63,3784,111,9
Armenia,1958,10479,3123,3823,700,77,37,68,233,218,356,655,898,2108,1707,288,117,116,129,89,125,231,303,352,346,552,1011,1097,1064,643,224,64,3900,105,9
Armenia,1959,10516,3205,3924,719,79,43,56,229,238,342,673,847,2077,1712,285,119,110,139,99,112,230,299,374,365,482,1001,1076,1055,657,223,62,4003,99,8
Armenia,1960,10703,3246,3980,734,81,48,50,232,263,337,708,844,2092,1761,298,121,111,149,114,109,228,306,402,398,446,994,1098,1075,686,234,64,4061,98,8
Armenia,1961,10589,3209,3957,748,86,53,44,224,272,316,724,850,2020,1738,297,113,111,146,126,105,211,309,415,430,420,921,1099,1050,688,239,58,4043,97,8
Armenia,1962,10474,3097,3845,748,84,56,45,220,280,301,742,899,1959,1732,303,103,117,139,141,110,191,316,426,476,423,827,1132,1035,697,249,54,3929,101,7
Armenia,1963,10594,2933,3665,732,92,61,50,222,304,300,790,1016,1965,1797,324,92,130,139,165,124,176,338,452,550,466,754,1211,1064,733,270,54,3757,111,7
Armenia,1964,10415,2741,3442,701,93,62,58,212,312,296,805,1107,1887,1801,332,78,134,133,179,139,157,342,463,600,507,666,1221,1062,739,280,52,3535,120,6
Armenia,1965,10143,2559,3220,661,95,65,65,199,315,299,796,1180,1779,1790,336,67,132,131,184,153,146,330,466,635,545,603,1176,1059,731,282,54,3315,130,6
Armenia,1966,10110,2397,3013,616,102,67,73,193,323,322,808,1293,1715,1841,351,64,129,134,189,175,147,320,488,683,610,588,1127,1100,741,295,56,3115,140,5
Armenia,1967,9958,2279,2851,572,98,71,77,180,323,352,795,1377,1607,1864,356,63,117,140,183,198,154,292,503,702,675,594,1013,1137,727,297,59,2949,148,5
Armenia,1968,9833,2203,2738,535,93,72,79,171,321,387,771,1452,1506,1880,361,70,101,149,172,220,167,257,514,712,740,625,881,1165,715,301,60,2831,151,5
Armenia,1969,9733,2136,2641,505,93,73,82,164,316,419,743,1520,1442,1873,362,78,86,153,163,235,184,230,513,721,799,671,771,1161,712,300,62,2734,155,4
Armenia,1970,9812,2090,2572,482,86,77,85,166,317,455,730,1611,1458,1877,371,88,78,155,162,248,207,220,510,745,866,740,718,1144,733,307,64,2658,162,5
Armenia,1971,9758,2073,2537,464,80,79,87,165,308,479,696,1652,1489,1812,371,95,70,147,161,248,231,214,482,753,899,804,685,1063,749,303,68,2617,166,5
Armenia,1972,9720,2066,2516,450,72,78,90,170,300,496,653,1680,1571,1720,367,101,69,132,168,236,260,220,433,763,917,882,689,947,773,298,69,2588,168,5
Armenia,1973,9966,2069,2512,443,72,79,96,184,300,526,641,1753,1748,1674,377,108,76,117,183,228,298,246,395,798,955,998,750,852,822,305,72,2584,175,6
Armenia,1974,10162,2089,2527,438,67,78,102,201,290,546,641,1788,1921,1602,386,113,88,100,190,219,327,279,362,805,983,1098,823,766,836,313,73,2594,180,6
Armenia,1975,10491,2118,2556,438,65,76,107,221,283,573,673,1835,2129,1562,407,122,99,89,194,221,352,322,351,807,1028,1207,922,729,833,330,77,2621,183,7
Armenia,1976,10680,2151,2588,437,67,71,110,236,269,580,714,1826,2297,1495,420,128,108,82,187,223,357,364,350,770,1056,1276,1021,713,782,343,77,2655,181,7
Armenia,1977,10811,2174,2605,431,63,68,112,250,252,581,783,1752,2461,1435,439,134,116,80,172,234,347,416,367,680,1072,1320,1141,733,702,362,77,2668,180,7
Armenia,1978,10963,2173,2602,429,64,63,110,264,241,579,864,1678,2626,1407,455,141,123,88,153,244,335,466,398,606,1072,1356,1270,785,622,379,76,2666,173,7
Armenia,1979,11069,2140,2557,417,60,61,107,276,236,573,940,1603,2774,1416,457,146,130,103,133,253,320,497,443,556,1047,1386,1388,856,560,380,77,2617,168,7
Armenia,1980,11528,2130,2527,397,64,60,103,296,237,588,1040,1592,3021,1527,465,155,141,119,118,269,319,528,512,552,1040,1472,1549,980,547,382,83,2591,163,8
Armenia,1981,11484,2104,2486,382,63,56,96,297,229,572,1082,1485,3086,1600,431,154,143,127,102,259,313,519,563,541,944,1479,1607,1069,531,348,83,2549,152,6
Armenia,1982,11614,2074,2444,370,59,56,88,295,233,560,1128,1422,3167,1751,402,150,145,133,100,240,320,505,623,563,859,1503,1664,1197,554,313,89,2503,144,7
Armenia,1983,11671,2065,2424,359,62,53,82,291,245,537,1143,1376,3173,1909,366,143,148,138,107,207,330,475,668,591,785,1487,1686,1322,587,274,92,2486,135,8
Armenia,1984,11962,2036,2385,349,56,54,79,293,269,527,1171,1405,3243,2128,349,139,154,144,125,177,350,455,716,660,745,1486,1757,1471,657,254,95,2441,133,9
Armenia,1985,12193,1965,2300,335,56,52,75,290,291,509,1190,1467,3272,2342,339,133,157,151,140,149,360,445,745,748,719,1444,1828,1603,739,248,91,2356,127,9
Armenia,1986,12173,1866,2188,322,51,51,71,277,306,477,1182,1547,3180,2495,333,122,155,155,151,130,347,442,740,834,713,1324,1856,1677,818,248,85,2239,122,10
Armenia,1987,12850,1762,2068,306,50,52,74,284,338,478,1252,1780,3290,2820,355,122,162,169,169,138,340,479,773,992,788,1286,2004,1844,976,275,80,2118,126,11
Armenia,1988,26593,2159,3584,1425,1167,988,889,2178,1988,1476,2826,3310,4384,3403,382,990,1188,1103,885,586,890,1262,1564,1943,1367,1784,2600,2209,1194,310,72,4751,1877,12
Armenia,1989,12281,1576,1843,267,45,47,68,245,341,401,1162,1966,2880,2911,363,101,144,166,175,164,237,486,676,1094,872,1039,1841,1805,1106,303,60,1888,115,11
Armenia,1990,12756,1577,1832,255,50,47,70,253,375,402,1174,2161,2815,3114,442,105,148,181,194,193,209,511,663,1147,1014,1016,1799,1895,1219,361,81,1882,117,18
Armenia,1991,12933,1472,1712,240,46,47,71,246,388,409,1178,2342,2728,3269,482,103,143,186,202,216,193,511,667,1170,1172,1037,1691,1971,1298,405,77,1758,118,17
Armenia,1992,12866,1326,1557,231,43,47,68,235,397,424,1150,2465,2616,3322,524,100,135,187,210,230,194,475,675,1149,1316,1077,1539,1991,1331,449,75,1600,115,15
Armenia,1993,12560,1100,1303,203,43,44,63,210,378,423,1080,2497,2574,3353,577,92,118,175,203,227,196,404,676,1068,1429,1146,1428,1990,1363,499,78,1346,107,13
Armenia,1994,12376,927,1105,178,41,42,60,196,365,445,1026,2490,2617,3358,628,88,108,164,201,227,218,332,694,995,1495,1272,1345,1959,1399,543,85,1146,102,11
Armenia,1995,12456,799,948,149,36,40,56,184,360,475,988,2495,2798,3379,686,83,101,155,205,234,241,274,714,954,1541,1479,1319,1913,1466,591,95,984,96,10
Armenia,1996,12050,709,836,127,32,38,52,172,338,483,903,2383,2924,3176,700,80,92,139,199,231,252,228,675,910,1473,1634,1290,1716,1460,598,102,868,90,10
Armenia,1997,12675,634,742,108,31,40,55,173,344,530,892,2487,3371,3224,772,80,93,136,208,249,281,235,657,976,1511,1945,1426,1658,1566,651,121,773,95,10
Armenia,1998,12065,561,653,92,30,35,50,159,312,519,782,2324,3469,2957,762,73,86,118,194,241,278,243,539,957,1367,2015,1454,1471,1486,632,130,683,85,10
Armenia,1999,12705,501,581,80,24,36,52,161,312,564,767,2409,3943,3012,833,74,87,116,196,261,303,297,470,1050,1359,2229,1714,1474,1538,685,148,605,88,11
Armenia,2000,12525,445,514,69,26,33,49,153,289,570,704,2329,4153,2849,844,70,83,106,183,261,309,330,374,1054,1275,2225,1928,1404,1445,690,154,540,82,12
Armenia,2001,12339,406,467,61,19,31,48,143,262,568,666,2239,4318,2705,853,65,78,98,164,257,311,352,314,1005,1234,2158,2160,1396,1309,697,156,486,79,13
Armenia,2002,12569,381,435,54,18,30,48,139,247,583,685,2202,4585,2700,879,64,75,94,153,260,323,376,309,933,1269,2124,2461,1485,1215,718,161,453,78,15
Armenia,2003,12159,368,418,50,14,28,44,129,222,561,700,2027,4508,2639,850,60,69,88,134,245,316,375,325,772,1255,1939,2569,1540,1099,689,161,432,72,16
Armenia,2004,12931,358,404,46,13,26,44,135,223,589,809,2054,4770,2951,892,63,72,90,133,247,342,410,399,669,1385,1929,2841,1833,1118,717,175,417,70,18
Armenia,2005,12515,344,387,43,12,22,41,126,202,557,842,1882,4521,3075,832,60,66,84,118,225,332,406,436,522,1360,1762,2759,2023,1052,657,175,399,63,19
Armenia,2006,12663,298,338,40,8,21,38,123,193,547,894,1787,4487,3411,797,59,64,81,112,209,338,418,476,449,1338,1745,2742,2327,1084,613,184,346,59,20
Armenia,2007,12741,295,332,37,10,17,37,119,185,525,924,1658,4414,3748,752,57,62,78,107,190,335,424,500,434,1224,1763,2651,2604,1144,563,189,342,54,21
Armenia,2008,12911,290,324,34,7,14,35,116,179,504,957,1538,4368,4109,735,55,61,75,104,176,328,434,523,483,1055,1828,2540,2846,1263,544,191,331,49,22
Armenia,2009,12660,298,330,32,7,12,30,110,166,461,952,1383,4170,4302,710,51,59,69,97,157,304,429,523,545,838,1848,2322,2894,1408,523,187,337,42,23
Armenia,2010,12770,278,310,32,7,11,27,107,161,431,978,1298,4115,4592,713,49,58,67,94,145,286,437,541,619,679,1890,2225,2947,1645,531,182,317,38,25
Armenia,2011,12887,265,295,30,6,10,24,104,153,399,994,1253,4058,4834,728,47,57,64,89,135,264,441,553,674,579,1851,2207,2932,1902,556,172,301,34,27
Armenia,2012,13676,268,297,29,5,9,21,106,157,391,1059,1347,4168,5280,803,47,59,67,90,137,254,463,596,751,596,1795,2373,3019,2261,634,169,302,30,29
Armenia,2013,13500,255,284,29,6,8,18,99,150,357,1043,1419,3944,5276,867,44,55,64,86,129,228,445,598,771,648,1521,2423,2851,2425,702,165,290,26,30
Armenia,2014,13120,254,281,27,6,7,16,90,142,323,1003,1500,3655,5098,966,38,52,62,80,121,202,411,592,768,732,1206,2449,2622,2476,802,164,287,23,30
Armenia,2015,13056,226,253,27,6,6,14,81,137,302,983,1617,3459,5043,1121,33,48,61,76,116,186,384,599,791,826,971,2488,2517,2526,950,171,259,20,30
Armenia,2016,12961,211,237,26,5,6,12,76,133,283,949,1696,3231,5016,1286,30,46,59,74,112,171,350,599,802,894,821,2410,2501,2515,1102,184,242,18,29
Armenia,2017,13101,189,214,25,5,6,11,69,131,273,927,1784,3047,5124,1483,25,44,59,72,108,165,323,604,829,955,808,2239,2609,2515,1272,211,219,17,29
Armenia,2018,13165,174,196,22,5,5,10,63,128,263,892,1854,2837,5212,1669,22,41,57,71,103,160,297,595,852,1002,901,1936,2748,2464,1419,250,201,15,31
Armenia,2019,13169,160,179,19,5,5,9,57,126,256,840,1915,2647,5266,1829,19,38,55,71,100,156,271,569,876,1039,1057,1590,2886,2380,1522,307,184,14,33
Armenia,2020,17071,147,166,19,5,5,10,57,164,371,1255,3120,3428,6296,2154,19,38,66,98,144,227,389,866,1429,1691,1686,1742,3625,2671,1750,404,171,15,38
Armenia,2021,16683,135,153,18,5,5,9,50,164,357,1180,3126,3280,6116,2196,16,34,65,99,139,218,369,811,1433,1693,1802,1478,3450,2666,1733,463,158,14,40
Aruba,1950,187,60,84,24,6,1,5,10,10,10,10,10,15,17,1,5,5,5,5,5,5,5,5,5,5,5,10,10,7,1,0,90,6,0
Aruba,1951,186,61,85,24,6,1,5,10,10,10,10,14,14,16,2,5,5,5,5,5,5,5,5,6,8,5,9,10,6,2,0,91,6,0
Aruba,1952,181,58,81,23,5,0,4,10,10,10,10,17,14,15,1,5,5,5,5,5,5,5,5,7,10,6,8,10,5,1,0,86,4,0
Aruba,1953,176,55,77,22,6,0,4,10,10,10,10,19,14,14,1,5,5,5,5,5,5,5,5,9,10,8,6,9,5,1,0,83,4,0
Aruba,1954,170,52,72,20,5,0,3,10,10,10,10,19,13,14,0,5,5,5,5,5,5,5,5,9,10,8,5,9,5,0,0,77,3,0
Aruba,1955,165,50,68,18,5,0,3,10,10,10,10,20,15,12,0,5,5,5,5,5,5,5,5,10,10,10,5,7,5,0,0,73,3,0
Aruba,1956,161,47,64,17,5,0,3,10,10,12,12,20,16,10,0,5,5,5,5,5,7,6,6,10,10,10,6,5,5,0,0,69,3,0
Aruba,1957,157,45,61,16,5,0,3,10,10,11,12,20,16,9,0,5,5,5,5,5,6,7,5,10,10,10,6,5,4,0,0,66,3,0
Aruba,1958,156,42,56,14,4,0,3,10,10,11,18,20,18,10,0,5,5,5,5,5,6,10,8,10,10,10,8,5,5,0,0,60,3,0
Aruba,1959,153,40,53,13,4,0,3,10,10,11,20,20,18,9,0,5,5,5,5,5,6,10,10,10,10,10,8,5,4,0,0,57,3,0
Aruba,1960,152,38,50,12,4,0,3,10,10,11,20,20,19,9,0,5,5,5,5,5,6,10,10,10,10,10,9,5,4,0,0,54,3,0
Aruba,1961,151,36,47,11,3,0,3,10,10,11,20,20,21,10,0,5,5,5,5,5,6,10,10,10,10,11,10,5,5,0,0,50,3,0
Aruba,1962,151,34,44,10,3,2,4,10,10,10,20,20,24,11,0,5,5,5,5,5,5,10,10,10,10,13,11,6,5,0,0,47,6,0
Aruba,1963,150,32,41,9,3,1,4,10,10,10,20,20,26,10,0,5,5,5,5,5,5,10,10,10,10,14,12,7,3,0,0,44,5,0
Aruba,1964,151,30,39,9,3,1,5,10,10,10,19,20,29,11,0,5,5,5,5,5,5,9,10,10,10,15,14,8,3,0,0,42,6,0
Aruba,1965,151,28,35,7,3,1,5,10,10,10,19,21,30,12,0,5,5,5,5,5,5,9,10,10,11,15,15,9,3,0,0,38,6,0
Aruba,1966,149,26,33,7,3,0,4,10,10,10,19,20,30,13,0,5,5,5,5,5,5,9,10,10,10,15,15,10,3,0,0,36,4,0
Aruba,1967,148,24,31,7,3,0,4,10,10,10,18,20,30,15,0,5,5,5,5,5,5,8,10,10,10,15,15,12,3,0,0,34,4,0
Aruba,1968,147,22,27,5,2,0,3,10,10,10,18,26,30,17,0,5,5,5,5,5,5,8,10,13,13,15,15,12,5,0,0,29,3,0
Aruba,1969,145,20,25,5,2,0,3,10,10,10,16,29,30,18,0,5,5,5,5,5,5,6,10,14,15,15,15,13,5,0,0,27,3,0
Aruba,1970,144,18,23,5,1,0,3,10,10,10,15,28,30,20,0,5,5,5,5,5,5,5,10,13,15,15,15,14,6,0,0,24,3,0
Aruba,1971,143,16,21,5,0,0,2,10,10,10,14,28,30,21,0,5,5,5,5,5,5,5,9,13,15,15,15,14,7,0,0,21,2,0
Aruba,1972,137,15,18,3,0,0,2,9,10,10,13,27,30,21,1,4,5,5,5,5,5,5,8,12,15,15,15,14,7,1,0,18,2,0
Aruba,1973,134,14,16,2,0,0,0,8,9,10,12,26,30,22,1,3,5,4,5,5,5,5,7,11,15,15,15,15,7,1,0,16,0,0
Aruba,1974,135,13,15,2,0,0,0,8,8,10,12,26,30,23,2,3,5,3,5,5,5,5,7,11,15,15,15,15,8,2,0,15,0,0
Aruba,1975,137,13,15,2,0,0,0,8,7,10,12,26,30,23,2,3,5,2,5,5,5,5,7,11,15,15,15,15,8,2,0,15,0,0
Aruba,1976,142,13,15,2,0,0,0,8,7,10,11,26,37,27,3,3,5,2,5,5,5,5,6,11,15,18,19,17,10,3,0,15,0,0
Aruba,1977,147,12,14,2,0,0,0,8,8,10,11,26,40,28,3,3,5,3,5,5,5,5,6,11,15,20,20,18,10,3,0,14,0,0
Aruba,1978,152,12,14,2,0,0,0,8,10,10,11,25,40,31,3,3,5,5,5,5,5,5,6,10,15,20,20,19,12,3,0,14,0,0
Aruba,1979,156,12,14,2,0,0,0,8,10,10,11,27,41,31,4,3,5,5,5,5,5,5,6,10,17,20,21,19,12,4,0,14,0,0
Aruba,1980,161,12,14,2,0,0,0,7,10,10,10,28,46,33,4,2,5,5,5,5,5,5,5,12,16,22,24,20,13,4,0,14,0,0
Aruba,1981,161,11,13,2,0,0,0,6,10,10,10,26,47,33,5,1,5,5,5,5,5,5,5,11,15,22,25,20,13,5,0,13,0,0
Aruba,1982,169,11,13,2,0,0,0,5,10,10,11,26,49,38,7,0,5,5,5,5,5,5,6,11,15,24,25,22,16,7,0,13,0,0
Aruba,1983,173,11,13,2,0,0,0,5,10,10,10,25,48,41,9,0,5,5,5,5,5,5,5,10,15,23,25,24,17,8,1,13,0,0
Aruba,1984,178,11,13,2,0,0,0,4,10,10,10,24,50,44,11,0,4,5,5,5,5,5,5,10,14,22,28,26,18,10,1,13,0,0
Aruba,1985,182,11,13,2,0,0,0,4,10,10,10,23,49,48,12,0,4,5,5,5,5,5,5,9,14,21,28,28,20,11,1,13,0,0
Aruba,1986,188,10,12,2,0,0,0,4,10,10,11,23,50,51,14,0,4,5,5,5,5,5,6,9,14,20,30,29,22,12,2,12,0,0
Aruba,1987,196,10,12,2,0,0,0,4,10,10,14,20,51,55,18,0,4,5,5,5,5,5,9,8,12,21,30,31,24,14,4,12,0,0
Aruba,1988,203,10,12,2,0,0,0,4,10,10,17,22,52,62,20,0,4,5,5,5,5,7,10,10,12,20,32,35,27,16,4,12,0,0
Aruba,1989,208,9,10,1,0,0,0,3,10,10,18,21,50,64,23,0,3,5,5,5,5,8,10,10,11,20,30,35,29,18,5,10,0,0
Aruba,1990,210,9,10,1,0,0,0,3,10,10,17,20,50,66,21,0,3,5,5,5,5,7,10,10,10,20,30,35,31,16,5,10,0,0
Aruba,1991,210,9,10,1,0,0,0,2,10,10,18,22,50,65,18,0,2,5,5,5,5,8,10,10,12,21,29,37,28,14,4,10,0,0
Aruba,1992,205,9,10,1,0,0,0,0,8,10,19,26,50,63,15,0,0,3,5,5,5,9,10,14,12,20,30,38,25,11,4,10,0,0
Aruba,1993,211,9,10,1,0,0,0,0,8,10,18,28,49,65,14,0,0,3,5,5,5,8,10,15,13,19,30,39,26,11,3,10,0,1
Aruba,1994,217,8,9,1,0,0,0,0,8,12,22,30,51,66,15,0,0,3,5,5,7,10,12,15,15,20,31,39,27,12,3,9,0,1
Aruba,1995,222,9,10,1,0,0,0,0,8,13,22,30,52,66,14,0,0,3,5,5,8,10,12,15,15,19,33,38,28,12,2,10,0,1
Aruba,1996,229,9,10,1,0,0,0,0,8,15,22,34,50,67,15,0,0,3,5,5,10,10,12,15,19,19,31,37,30,13,2,10,0,0
Aruba,1997,237,10,11,1,0,0,0,0,7,15,22,39,52,72,16,0,0,2,5,5,10,10,12,19,20,21,31,39,33,14,2,11,0,0
Aruba,1998,244,9,10,1,0,0,0,0,7,17,22,40,49,73,17,0,0,2,5,7,10,10,12,19,21,21,28,39,34,14,3,10,0,0
Aruba,1999,249,9,10,1,0,0,0,1,7,17,22,41,50,75,18,0,1,2,5,7,10,10,12,19,22,23,27,40,35,15,3,10,0,0
Aruba,2000,257,9,10,1,0,0,0,2,8,18,22,45,54,73,19,0,2,3,5,8,10,10,12,20,25,26,28,41,32,16,3,10,0,0
Aruba,2001,264,9,10,1,0,0,0,1,10,19,25,45,56,71,20,0,1,5,5,9,10,10,15,20,25,28,28,39,32,17,3,10,0,0
Aruba,2002,271,9,10,1,0,0,0,0,10,19,28,48,62,71,23,0,0,5,5,9,10,13,15,20,28,32,30,38,33,20,3,10,0,0
Aruba,2003,280,8,9,1,0,0,0,0,9,18,29,50,66,72,22,0,0,4,5,8,10,14,15,21,29,34,32,37,35,19,3,9,0,0
Aruba,2004,291,8,9,1,0,0,0,0,8,18,30,51,71,73,21,0,0,3,5,8,10,14,16,21,30,36,35,37,36,17,4,9,0,0
Aruba,2005,297,8,9,1,0,0,0,0,7,19,32,52,79,72,22,0,0,2,5,8,11,15,17,21,31,39,40,36,36,18,4,9,0,0
Aruba,2006,309,8,9,1,0,0,0,0,7,18,33,54,85,73,23,0,0,2,5,7,11,15,18,23,31,42,43,38,35,18,5,9,0,0
Aruba,2007,323,8,9,1,0,0,0,0,6,19,34,56,93,75,24,0,0,1,5,7,12,15,19,25,31,46,47,40,35,19,5,9,0,0
Aruba,2008,319,8,9,1,0,0,0,0,6,17,34,56,96,71,24,0,0,1,5,6,11,15,19,25,31,46,50,40,31,19,5,9,0,0
Aruba,2009,318,8,9,1,0,0,0,0,5,16,34,55,96,72,23,0,0,0,5,5,11,15,19,25,30,45,51,42,30,19,4,9,0,0
Aruba,2010,293,8,9,1,0,0,0,0,4,14,31,51,88,70,21,0,0,0,4,5,9,14,17,24,27,40,48,43,27,17,4,9,0,0
Aruba,2011,308,8,9,1,0,0,0,0,4,14,32,52,94,76,22,0,0,0,4,5,9,14,18,24,28,42,52,47,29,17,5,9,0,1
Aruba,2012,325,8,9,1,0,0,0,0,3,13,33,57,99,82,22,0,0,0,3,5,8,14,19,27,30,42,57,53,29,17,5,9,0,1
Aruba,2013,336,8,9,1,0,0,0,0,3,13,33,59,100,89,23,0,0,0,3,5,8,14,19,27,32,42,58,56,33,17,6,9,0,1
Aruba,2014,360,8,9,1,0,0,0,0,3,13,35,63,106,101,23,0,0,0,3,5,8,14,21,28,35,44,62,63,38,17,6,9,0,1
Aruba,2015,377,8,9,1,0,0,0,0,3,12,35,68,109,112,23,0,0,0,3,5,7,13,22,30,38,45,64,68,44,18,5,9,0,1
Aruba,2016,403,7,8,1,0,0,0,0,3,12,35,74,114,124,24,0,0,0,3,5,7,13,22,32,42,49,65,76,48,18,6,8,0,1
Aruba,2017,408,7,8,1,0,0,0,0,3,12,33,74,116,130,24,0,0,0,3,5,7,12,21,32,42,51,65,78,52,18,6,8,0,1
Aruba,2018,424,6,7,1,0,0,0,0,5,12,33,77,120,138,28,0,0,0,5,5,7,12,21,33,44,54,66,82,56,22,6,7,0,1
Aruba,2019,437,6,7,1,0,0,0,0,5,11,32,78,125,143,29,0,0,0,5,5,6,11,21,34,44,58,67,83,60,24,5,7,0,1
Aruba,2020,486,5,6,1,0,0,0,0,5,12,34,93,141,156,35,0,0,0,5,5,7,12,22,39,54,68,73,89,67,28,7,6,0,1
Aruba,2021,569,4,4,0,0,0,0,0,4,14,40,112,166,184,40,0,0,0,4,5,9,14,26,48,64,80,86,102,82,33,7,4,0,1
Asia (UN),1950,14835262,4316392,6532406,2216014,576593,327739,354434,773797,761724,818548,957242,1390790,1426846,805363,108457,388400,385397,375506,386218,408325,410223,457901,499341,662472,728318,736676,690170,523220,282143,90410,18047,7108999,682173,1322
Asia (UN),1951,14707317,4313422,6545081,2231659,572238,317299,347926,757570,749217,810160,951520,1370810,1404507,773384,105981,380458,377112,368646,380571,401286,408874,454307,497213,651484,719326,728646,675861,502227,271157,89232,16749,7117319,665225,1623
Asia (UN),1952,14571253,4397398,6603237,2205839,546463,303080,338199,737465,731603,794561,941012,1344083,1378113,747290,104250,370847,366618,358981,372622,391076,403485,448774,492238,632310,711773,720122,657991,486519,260771,87957,16293,7149700,641279,1897
Asia (UN),1953,14552741,4375385,6591997,2216612,596783,295521,333967,734536,725836,792739,941466,1332295,1367763,734509,103355,369525,365011,356600,369236,387981,404758,449055,492411,618025,714270,721793,645970,480093,254416,87393,15962,7188780,629488,1973
Asia (UN),1954,14401066,4392396,6618246,2225850,551709,284060,322870,720117,709862,781871,935162,1316671,1344527,712914,101184,362478,357639,350172,359690,380429,401442,448095,487067,603762,712909,716631,627896,468523,244391,85710,15474,7169955,606930,1871
Asia (UN),1955,14349521,4376595,6584427,2207832,558923,279009,315578,714021,703350,780485,940540,1319171,1346377,706130,99832,359517,354504,347745,355605,378391,402094,452794,487746,603993,715178,720168,626209,466428,239702,84363,15469,7143350,594587,1676
Asia (UN),1956,14270337,4294420,6487132,2192712,570371,275698,308417,708848,697272,778144,950467,1326390,1361228,705315,99490,356572,352276,345202,352070,377008,401136,458147,492320,611190,715200,727122,634106,468580,236735,83634,15856,7057503,584115,1563
Asia (UN),1957,14330733,4340015,6505452,2165437,585568,276001,302451,706352,694342,777648,961825,1333272,1384355,704347,97555,354393,351959,344190,350152,376831,400817,463735,498090,620771,712501,740548,643807,468507,235840,81644,15911,7091020,578452,1563
Asia (UN),1958,14194898,4247024,6381272,2134248,603319,276961,294738,697818,688421,771387,968875,1329038,1396026,691167,94324,348384,349434,341506,346915,372678,398709,467096,501779,625724,703314,750085,645941,460019,231148,78842,15482,6984591,571699,1552
Asia (UN),1959,16323314,4588606,7435212,2846606,814430,371729,329539,766408,763864,861700,1113761,1494346,1555538,720544,94698,380152,386256,377582,386282,413460,448240,533192,580569,709269,785077,841340,714198,482515,238029,79438,15260,8249642,701268,1544
Asia (UN),1960,18037048,4844145,8150834,3306689,1039575,470773,365308,830668,835274,945908,1244648,1640232,1675517,742641,94145,409024,421644,411361,423913,451339,494569,590521,654127,780254,859978,910619,764898,501048,241593,79175,14970,9190409,836081,1526
Asia (UN),1961,15634522,4235981,6767522,2531541,827618,395320,328502,755912,765478,858207,1123916,1491613,1526897,703930,88183,368758,387154,378409,387069,409702,448505,532127,591789,708396,783217,825975,700922,474321,229609,74273,13910,7595140,723822,1424
Asia (UN),1962,13684053,4062478,5917127,1854649,583790,297723,287179,672535,687311,760535,989704,1335433,1392818,674271,84269,325298,347237,340999,346312,363659,396876,469018,520686,631813,703620,740911,651907,452430,221841,71048,13221,6500917,584902,1357
Asia (UN),1963,14031138,4399691,6242555,1842864,577234,304819,290731,665358,690280,760994,993411,1348141,1398997,675078,82237,320142,345216,342140,348140,364576,396418,468206,525205,636813,711328,734028,664969,454905,220173,69569,12668,6819789,595550,1303
Asia (UN),1964,13999332,4341369,6234678,1893309,551090,305992,293685,650923,685809,753829,991740,1356666,1410071,681216,82357,312942,337981,340088,345721,363066,390763,464863,526877,642760,713906,730948,679123,460193,221023,69872,12485,6785768,599677,1275
Asia (UN),1965,14396563,4343024,6406770,2063746,572719,325949,306686,657556,700304,769062,1018721,1402837,1450810,699936,83967,317193,340363,347568,352736,371050,398012,475656,543065,667070,735767,750415,700395,472793,227143,71449,12518,6979489,632635,1245
Asia (UN),1966,14173674,4228080,6257614,2029534,538015,321261,307664,639144,689557,753403,1009511,1409202,1456196,706559,84372,310257,328887,342061,347496,363629,389774,470631,538880,670140,739062,757525,698671,476660,229899,71887,12485,6795629,628925,1175
Asia (UN),1967,14019254,4124641,6134068,2009427,529403,310740,302853,612987,668393,736451,1005088,1429569,1475989,726407,86123,300514,312473,330403,337990,354192,382259,467260,537828,678980,750589,774866,701123,491591,234816,73455,12668,6663471,613593,1183
Asia (UN),1968,13857815,4105213,6000054,1894841,531342,292974,298176,592359,647414,720772,995417,1445033,1493644,751050,88363,294527,297832,318641,328773,345619,375153,460473,534944,684747,760286,790905,702739,510490,240560,75405,12958,6531396,591150,1214
Asia (UN),1969,13840229,4093517,5945309,1851792,554721,280566,295901,583254,631340,712289,991151,1469726,1512762,771248,90697,295408,287846,308462,322878,339575,372714,455253,535898,694037,775689,806074,706688,526034,245214,77346,13351,6500030,576467,1264
Asia (UN),1970,13968169,4062424,5921765,1859341,599773,282157,303014,590871,628682,717611,998340,1498278,1541929,789456,94960,303853,287018,304847,323835,341324,376287,456603,541737,704573,793705,821685,720244,537922,251534,80815,14145,6521538,585171,1333
Asia (UN),1971,14190460,4035147,5958003,1922856,637457,277577,310568,609055,628378,732402,1018032,1535841,1585591,798691,97523,317220,291835,302847,325531,347686,384716,464646,553386,717982,817859,844346,741245,542594,256097,82505,15018,6595460,588145,1339
Asia (UN),1972,13553654,3859991,5611249,1751258,577272,254452,297962,586607,589355,695744,978247,1494287,1567540,799025,100442,310292,276315,281466,307889,330212,365532,443815,534432,694401,799886,828757,738783,535478,263547,84310,16132,6188521,552414,1472
Asia (UN),1973,13362108,3772305,5470548,1698243,561001,256179,295800,590973,571032,686859,962491,1477140,1572260,811095,105038,315197,275776,271393,299639,326026,360833,437517,524974,682874,794266,826588,745672,536046,275049,87638,17400,6031549,551979,1691
Asia (UN),1974,13198458,3656521,5299916,1643395,548813,262870,294105,601017,557078,682452,952624,1471535,1588694,827378,109967,320660,280357,264722,292356,324335,358117,435338,517286,676537,794998,833906,754788,541442,285936,91412,18555,5848729,556975,2005
Asia (UN),1975,13078745,3510788,5113987,1603199,544098,269683,291255,613689,547280,683149,952335,1477151,1616146,851291,116243,327075,286614,260701,286579,324678,358471,436815,515520,677125,800026,848390,767756,555845,295446,96084,20159,5658085,560938,2437
Asia (UN),1976,12972073,3386922,4901530,1514608,535301,285985,299969,639344,550265,686431,949593,1475691,1641661,880702,122948,339499,299845,263964,286301,326907,359524,436358,513235,676770,798921,858168,783493,575352,305350,101557,21391,5436831,585954,2651
Asia (UN),1977,12641908,3271757,4704336,1432579,507090,263028,275136,608790,513868,659467,930464,1471243,1668939,908507,128262,320851,287939,248064,265804,311956,347511,426250,504214,674122,797121,867520,801419,595641,312866,106451,21811,5211426,538164,2777
Asia (UN),1978,12515417,3196625,4568206,1371581,488106,250593,268465,597902,498075,646079,926917,1476665,1709852,945238,136448,311987,285915,243466,254609,303511,342568,423461,503456,674214,802451,884008,825844,621867,323371,114050,22398,5056312,519058,2871
Asia (UN),1979,12428290,3166247,4476056,1309809,470122,239689,265153,582312,486451,631134,922255,1477158,1749738,981625,143695,300435,281877,241587,244864,293466,337668,419467,502788,670560,806598,899022,850716,645182,336443,120879,22816,4946178,504842,2902
Asia (UN),1980,12419166,3142708,4405923,1263215,450402,231915,263790,568349,479554,618532,922279,1487803,1799513,1033557,154597,288768,279581,241615,237939,284216,334316,417860,504419,671787,816016,917606,881907,675709,357848,130116,24481,4856325,495705,2950
Asia (UN),1981,12385419,3117589,4344704,1227115,438513,224786,263323,553772,474629,606262,917930,1492482,1828736,1076301,160929,277687,276085,242122,232507,275362,330900,415771,502159,671157,821325,926095,902641,699611,376690,134452,26477,4783217,488109,3051
Asia (UN),1982,12392141,3105022,4306358,1201336,426640,218678,260767,541945,473368,595944,917785,1499706,1858040,1121138,168474,269847,272098,243889,229479,267398,328546,415539,502246,672267,827439,935531,922509,724924,396214,139523,28951,4732998,479445,3298
Asia (UN),1983,12318027,3018566,4192508,1173942,410462,210931,253834,531994,472494,582455,916319,1502752,1887584,1173013,180012,266097,265897,244633,227861,258865,323590,414187,502132,674329,828423,944581,943003,752669,420344,147907,32105,4602970,464765,3669
Asia (UN),1984,12324343,2987784,4144014,1156230,402853,204331,249110,526614,475809,571964,916210,1505115,1915457,1218693,190199,267464,259150,245688,230121,253194,318770,413877,502333,678574,826541,952891,962566,779230,439463,155803,34396,4546867,453441,3973
Asia (UN),1985,12356171,2963111,4096590,1133479,398325,198372,246867,523435,482621,563394,917916,1510377,1943720,1267592,202634,270785,252650,248667,233954,249735,313659,414653,503263,683448,826929,962522,981198,806364,461228,166139,36495,4494915,445239,4328
Asia (UN),1986,12373234,2949919,4051166,1101247,389188,189787,244114,519221,487282,555065,918972,1515103,1967073,1314914,216513,273181,246040,249631,237651,247045,308020,413965,505007,685752,829351,972191,994882,831264,483650,177795,38718,4440354,433901,4834
Asia (UN),1987,12408135,2924993,4002442,1077449,383855,183768,243645,519055,495022,551104,923136,1522580,1988124,1359247,230744,274426,244629,251821,243201,247985,303119,413911,509225,690075,832505,980585,1007539,852856,506391,189832,40912,4386297,427413,5413
Asia (UN),1988,12436526,2854700,3910202,1055502,375397,178012,242210,519287,501661,549827,926961,1539400,2017664,1418954,250805,271325,247962,252682,248979,251222,298605,412643,514318,697349,842051,989304,1028360,883283,535671,206303,44502,4285599,420222,6144
Asia (UN),1989,12463482,2806663,3837148,1030485,366423,172391,238373,519677,502381,551933,928780,1559169,2042598,1471326,266611,267126,252551,249820,252561,257006,294927,409095,519685,703497,855672,995918,1046680,910778,560548,219126,47485,4203571,410764,6672
Asia (UN),1990,12564802,2761140,3764627,1003487,357015,170920,235505,526680,505968,559313,934447,1586548,2087432,1539784,289298,266849,259831,247552,258416,264763,294550,407488,526959,713445,873103,1012529,1074903,946142,593642,237069,52229,4121642,406425,7265
Asia (UN),1991,12659776,2632163,3617262,985099,362928,174517,233075,539710,515245,575379,948524,1624111,2146595,1603363,311362,269457,270253,248451,266794,276182,299197,410432,538092,730079,894032,1037560,1109035,979908,623455,254688,56674,3980190,407592,7705
Asia (UN),1992,12457329,2517350,3445153,927803,342796,164122,221040,530792,504436,573727,934222,1623553,2152676,1627744,328769,263389,267403,241723,262713,277287,296440,400740,533482,729708,893845,1037647,1115029,989498,638246,267474,61295,3787949,385162,8296
Asia (UN),1993,12399289,2432300,3318934,886634,338014,163327,214479,526712,506782,583819,926686,1634445,2170478,1659329,347340,261709,265003,244501,262281,282539,301280,395914,530772,732985,901460,1048720,1121758,1004072,655257,281150,66190,3656948,377806,8943
Asia (UN),1994,12475327,2357302,3201675,844373,334603,162420,210038,527776,515022,602766,930922,1667908,2220001,1720916,371520,261787,265989,252280,262742,289698,313068,398027,532895,746918,920990,1078667,1141334,1035379,685537,299346,72174,3536278,372458,9760
Asia (UN),1995,12503734,2290392,3101955,811563,331921,162911,207685,526364,519147,619312,930296,1685547,2250900,1763400,393436,260173,266191,259061,260086,295692,323620,398948,531348,753849,931698,1097905,1152995,1056069,707331,314811,78625,3433876,370596,10860
Asia (UN),1996,12571285,2206776,2976736,769960,326116,163031,208380,526792,525312,638422,936384,1721568,2305303,1818032,413370,259090,267702,266352,258960,303117,335305,403133,533251,766803,954765,1124656,1180647,1087526,730506,328946,84424,3302852,371411,11838
Asia (UN),1997,12506064,2127047,2858132,731085,311365,159724,205306,515344,520113,644849,928019,1728109,2328035,1859163,434568,251688,263656,265189,254924,304331,340518,402242,525777,764385,963724,1135306,1192729,1108571,750592,343490,91078,3169497,365030,13335
Asia (UN),1998,12385442,2048862,2742723,693861,290396,156058,203700,501595,514623,646340,920009,1718929,2342170,1881334,452754,243769,257826,259216,255407,302665,343675,403624,516385,753140,965789,1141557,1200613,1116581,764753,355793,96961,3033119,359758,14811
Asia (UN),1999,12497882,1964948,2617728,652780,273033,155178,203792,492636,520810,656203,934357,1746890,2423487,1966366,490740,238602,254034,257742,263068,304264,351939,416411,517946,755834,991056,1174890,1248597,1157647,808719,384200,106540,2890761,358970,16661
Asia (UN),2000,12469833,1905073,2519804,614731,250733,152254,204299,483350,524893,657534,941914,1747925,2457229,2003077,508944,235340,248010,255104,269789,300112,357422,426307,515607,747633,1000292,1187387,1269842,1175417,827660,396918,112026,2770537,356553,17877
Asia (UN),2001,12264372,1834085,2414623,580538,233922,146953,201558,466585,517707,644036,931692,1714554,2443637,2007946,521587,229749,236836,247903,269804,288728,355308,427160,504532,726739,987815,1181373,1262264,1173841,834105,404056,117531,2648545,348511,19570
Asia (UN),2002,12298885,1759696,2308542,548846,223083,142274,199440,456389,517991,645679,942256,1717790,2498234,2076376,549142,227249,229140,246250,271741,284581,361098,436492,505764,722457,995333,1205856,1292378,1209401,866975,423870,125272,2531625,341714,21687
Asia (UN),2003,12295602,1676154,2189206,513052,209275,136776,196036,443103,508232,646965,951516,1706309,2549773,2150808,583429,223681,219422,241707,266525,283008,363957,443833,507683,714363,991946,1226585,1323188,1250879,899929,448328,135101,2398481,332812,24172
Asia (UN),2004,12462036,1604373,2098496,494123,207942,138679,199438,446153,515942,668976,982833,1714549,2614497,2230270,617945,227276,218877,245101,270841,295466,373510,457759,525074,719904,994645,1256903,1357594,1299630,930640,473378,144567,2306438,338117,26316
Asia (UN),2005,12447978,1526216,1982310,456094,191519,128849,191328,426153,493859,658639,991075,1703028,2669810,2320832,661439,218636,207517,233374,260485,293543,365096,459493,531582,716300,986728,1280038,1389772,1350321,970511,503850,157589,2173829,320177,29136
Asia (UN),2006,12443827,1453745,1876222,422477,178332,117754,181580,412330,478449,656489,1004316,1696574,2717721,2397822,695304,211703,200627,223943,254506,297157,359332,462692,541624,716299,980275,1298939,1418782,1389300,1008522,528187,167117,2054554,299334,30934
Asia (UN),2007,12573513,1397314,1792955,395641,170470,112426,176357,409599,471500,661027,1029416,1711021,2779036,2491381,734662,210201,199398,217920,253580,301831,359196,470350,559066,728179,982842,1322019,1457017,1437668,1053713,555864,178798,1963425,288783,33662
Asia (UN),2008,12846351,1345310,1726820,381510,172471,115686,178289,422691,479614,682649,1069744,1742933,2845661,2598479,774284,216278,206413,218935,260679,311326,371323,484175,585569,751484,991449,1343871,1501790,1494077,1104402,582469,191815,1899291,293975,37030
Asia (UN),2009,12822069,1286793,1634988,348195,151774,104226,165506,407669,454354,675057,1072695,1759618,2870060,2679551,806293,207538,200131,205642,248712,303213,371844,478694,594001,768714,990904,1340011,1530049,1530913,1148638,602906,203387,1786762,269732,40278
Asia (UN),2010,12927526,1230373,1556641,326268,142138,98602,157893,399967,442445,682749,1089558,1791259,2899334,2768736,853862,202741,197226,199622,242823,303474,379275,477617,611941,793376,997883,1336657,1562677,1570911,1197825,635098,218764,1698779,256495,44342
Asia (UN),2011,13056012,1173758,1479127,305369,131624,94686,150563,390312,433937,695214,1112211,1833898,2933449,2853242,899868,195771,194541,195766,238171,305763,389451,480309,631902,823062,1010836,1336576,1596873,1612548,1240694,667557,232311,1610751,245249,47880
Asia (UN),2012,13123902,1127758,1416921,289163,124914,90962,143275,377394,425096,701092,1135726,1871673,2938264,2910844,936281,186717,190677,192618,232478,306601,394491,487382,648344,848909,1022764,1324136,1614128,1637771,1273073,693233,243048,1541835,234237,51459
Asia (UN),2013,13196993,1071965,1345922,273957,117235,86576,134541,358952,413465,697327,1169573,1923113,2940995,2981079,973752,174572,184380,188333,225132,304092,393235,505239,664334,879363,1043750,1314662,1626333,1669063,1312016,722501,251251,1463157,221117,54462
Asia (UN),2014,13316040,1008536,1263898,255362,111539,83066,128441,345584,408929,696602,1212321,1987469,2948909,3051625,1019726,164594,180990,187039,221890,302047,394555,533408,678913,907974,1079495,1315656,1633253,1703374,1348251,758764,260962,1375437,211507,57930
Asia (UN),2015,13442940,951803,1189730,237927,105373,79771,123117,331592,404638,696160,1248725,2052049,2954890,3120476,1074216,154924,176668,185321,219317,298549,397611,562228,686497,935577,1116472,1320204,1634686,1735518,1384958,797220,276996,1295103,202888,62202
Asia (UN),2016,13572960,907431,1127598,220167,99171,75603,117958,318191,401532,691798,1278039,2113162,2965564,3189784,1127881,146132,172059,183707,217825,292906,398892,586330,691709,957493,1155669,1328140,1637424,1768223,1421561,833326,294555,1226769,193561,66679
Asia (UN),2017,13712946,856197,1057463,201266,92170,71535,113778,306740,399411,685137,1291813,2169478,2990817,3275053,1188347,139917,166823,182589,216822,286774,398363,596145,695668,971706,1197772,1349864,1640953,1805846,1469207,874483,313864,1149633,185313,71203
Asia (UN),2018,13879973,808452,997050,188598,88404,69071,110690,298150,398085,674480,1297779,2222644,3035664,3356082,1255974,136086,162064,181562,216523,280116,394364,591033,706746,979799,1242845,1388850,1646814,1835074,1521008,919741,336233,1085454,179761,75900
Asia (UN),2019,14131533,763546,940259,176713,84695,67228,108722,293450,400852,667929,1315336,2270522,3115931,3450140,1334802,134409,159041,182777,218075,276920,391009,587606,727730,984126,1286396,1451517,1664414,1866302,1583838,969818,364984,1024954,175950,81667
Asia (UN),2020,15035816,721454,887187,165733,81923,64696,101457,273115,401016,694287,1457237,2532352,3394493,3647855,1413679,123962,149153,179209,221807,286320,407967,633447,823790,1080756,1451596,1632234,1762259,1959294,1688561,1023796,389883,969110,166153,86519
Asia (UN),2021,17121330,691227,848580,157353,78234,65370,119501,319851,466842,807961,1715288,2960485,3939819,4142800,1560772,148654,171197,208504,258338,332247,475714,742978,972310,1262050,1698435,1932823,2006996,2212680,1930120,1130084,430688,926814,184871,95825
Australia,1950,34364,2007,2466,459,202,156,194,630,1010,1896,3596,6441,9021,7447,1293,290,340,391,619,826,1070,1509,2087,2843,3598,4288,4733,4394,3053,1087,206,2668,350,18
Australia,1951,35711,2105,2675,570,197,149,171,622,1086,1853,3697,6610,9519,7723,1386,268,354,475,611,783,1070,1589,2108,2927,3683,4558,4961,4609,3114,1172,214,2872,320,18
Australia,1952,35686,2037,2582,545,224,143,160,557,1044,1915,3688,6785,9358,7788,1427,226,331,434,610,809,1106,1553,2135,2980,3805,4426,4932,4682,3106,1194,233,2806,303,19
Australia,1953,35308,2040,2580,540,232,108,186,525,921,1814,3559,6661,9535,7677,1494,221,304,368,553,726,1088,1525,2034,2928,3733,4558,4977,4562,3115,1247,247,2812,294,20
Australia,1954,35933,1912,2398,486,215,135,162,478,984,1890,3458,6793,9896,7931,1584,173,305,394,590,811,1079,1509,1949,2933,3860,4782,5114,4738,3193,1329,255,2613,297,19
Australia,1955,35762,1939,2452,513,212,135,156,398,875,1847,3250,6849,9989,7992,1587,180,218,375,500,788,1059,1354,1896,2872,3977,4763,5226,4680,3312,1314,273,2664,291,22
Australia,1956,37729,2010,2492,482,168,139,168,456,891,1839,3320,6984,10734,8817,1700,194,262,372,519,756,1083,1367,1953,2854,4130,5073,5661,5178,3639,1403,297,2660,307,24
Australia,1957,37237,2032,2499,467,188,152,179,442,922,1899,3237,6937,10585,8479,1690,182,260,391,531,804,1095,1315,1922,2800,4137,5047,5538,5024,3455,1395,295,2687,331,26
Australia,1958,36643,1955,2378,423,184,155,162,394,883,1873,3291,6667,10574,8349,1708,180,214,347,536,778,1095,1432,1859,2762,3905,5069,5505,4900,3449,1392,316,2562,317,26
Australia,1959,38843,2068,2492,424,201,139,164,403,939,2010,3383,6810,11228,9057,1985,177,226,368,571,773,1237,1432,1951,2738,4072,5387,5841,5336,3721,1593,392,2693,303,34
Australia,1960,38773,1960,2431,471,205,149,197,405,909,2034,3324,6958,11052,9044,2031,184,221,351,558,796,1238,1438,1886,2795,4163,5251,5801,5443,3601,1641,390,2636,346,36
Australia,1961,38625,2000,2419,419,192,148,184,433,862,1820,3256,6746,11380,9135,2010,202,231,322,540,697,1123,1475,1781,2705,4041,5383,5997,5450,3685,1618,392,2611,332,40
Australia,1962,40630,2010,2416,406,186,134,211,421,860,1945,3481,6849,12120,9838,2128,210,211,328,532,768,1177,1611,1870,2819,4030,5789,6331,5883,3955,1713,415,2602,345,46
Australia,1963,41565,1950,2356,406,190,133,219,463,898,2037,3674,6932,12311,10087,2219,224,239,332,566,847,1190,1638,2036,2957,3975,5742,6569,6013,4074,1789,430,2546,352,52
Australia,1964,44223,1829,2250,421,209,157,264,482,918,2126,3862,7138,13300,11089,2377,236,246,327,591,866,1260,1720,2142,3047,4091,6082,7218,6672,4417,1931,446,2459,421,55
Australia,1965,44086,1748,2142,394,180,151,266,517,919,2181,3987,7114,12996,11198,2378,258,259,332,587,877,1304,1778,2209,2886,4228,6006,6990,6653,4545,1921,457,2322,417,55
Australia,1966,46356,1720,2063,343,200,137,296,520,920,2098,4261,7370,13786,11975,2673,255,265,332,588,846,1252,1918,2343,2975,4395,6238,7548,7074,4901,2144,529,2263,433,63
Australia,1967,45297,1726,2091,365,192,134,250,522,786,2201,4327,7188,13336,11637,2576,279,243,299,487,890,1311,1916,2411,3034,4154,5954,7382,6894,4743,2059,517,2283,384,62
Australia,1968,48119,1831,2217,386,216,155,312,522,879,2218,4300,7517,13808,12970,2930,278,244,343,536,894,1324,1840,2460,3165,4352,5977,7831,7562,5408,2335,595,2433,467,74
Australia,1969,46918,1911,2304,393,215,129,303,541,765,2132,4319,7618,13542,12303,2674,273,268,278,487,838,1294,1841,2478,3219,4399,5839,7703,7241,5062,2141,533,2519,432,71
Australia,1970,50213,1971,2335,364,204,189,320,596,946,2277,4509,7938,14296,13526,3001,296,300,357,589,891,1386,1856,2653,3441,4497,6322,7974,8022,5504,2412,589,2539,509,77
Australia,1971,49028,2119,2491,372,188,129,375,641,825,2241,4298,7472,13677,13520,3090,355,286,344,481,835,1406,1787,2511,3289,4183,5962,7715,7863,5657,2484,606,2679,504,80
Australia,1972,49106,1889,2271,382,190,160,307,622,825,2156,4470,7659,13393,13752,3214,316,306,356,469,797,1359,1892,2578,3389,4270,5900,7493,8008,5744,2578,636,2461,467,87
Australia,1973,48938,1695,2056,361,191,156,327,559,805,2137,4348,7633,13160,14163,3315,273,286,346,459,755,1382,1807,2541,3378,4255,5888,7272,8110,6053,2641,674,2247,483,88
Australia,1974,51341,1576,1922,346,183,164,297,615,818,2147,4572,8258,13471,14960,3836,287,328,321,497,786,1361,2025,2547,3622,4636,5991,7480,8442,6518,3057,779,2105,461,98
Australia,1975,48104,1369,1711,342,161,144,317,585,877,1970,4244,8002,12682,13886,3435,294,291,341,536,731,1239,1857,2387,3525,4477,5671,7011,7688,6198,2727,708,1872,461,85
Australia,1976,50152,1341,1610,269,176,156,295,587,832,1895,4309,8036,13204,14916,4032,275,312,366,466,696,1199,1880,2429,3468,4568,5680,7524,8122,6794,3178,854,1786,451,105
Australia,1977,48292,1187,1445,258,163,127,334,621,813,1839,4196,7837,12739,14230,3842,320,301,351,462,699,1140,1825,2371,3436,4401,5526,7213,7780,6450,3009,833,1608,461,108
Australia,1978,48321,1164,1421,257,153,140,338,625,852,1735,4166,7851,12665,14240,4021,341,284,384,468,668,1067,1727,2439,3391,4460,5653,7012,7616,6624,3152,869,1574,478,110
Australia,1979,47354,1047,1282,235,149,105,294,663,777,1572,3959,7567,12363,14101,4398,356,307,359,418,613,959,1620,2339,3132,4435,5544,6819,7494,6607,3416,982,1431,399,130
Australia,1980,47933,1041,1238,197,138,129,263,583,813,1564,3881,7403,12534,14622,4619,321,262,373,440,642,922,1523,2358,2983,4420,5635,6899,7784,6838,3588,1031,1376,392,145
Australia,1981,48536,1020,1238,218,110,131,288,607,759,1533,3732,7645,12667,14713,4952,296,311,338,421,570,963,1453,2279,3118,4527,5799,6868,7830,6883,3834,1118,1348,419,167
Australia,1982,51025,1026,1248,222,110,119,258,636,771,1502,3869,7931,13207,15509,5670,315,321,334,437,620,882,1577,2292,3328,4603,5989,7218,8213,7296,4387,1283,1358,377,194
Australia,1983,49628,1030,1235,205,105,125,211,628,815,1461,3743,7748,13294,14836,5234,318,310,344,471,577,884,1466,2277,3323,4425,6128,7166,7991,6845,3996,1238,1340,336,187
Australia,1984,51420,936,1125,189,104,121,280,653,867,1517,3536,7815,13772,15642,5768,335,318,351,516,646,871,1382,2154,3374,4441,6371,7401,8522,7120,4380,1388,1229,401,215
Australia,1985,54145,1034,1240,206,113,102,266,704,862,1528,3615,7674,14618,16938,6248,346,358,369,493,594,934,1356,2259,3316,4358,6652,7966,8857,8081,4719,1529,1353,368,236
Australia,1986,52387,889,1073,184,109,99,264,655,825,1537,3328,7719,14342,15931,6256,338,317,350,475,679,858,1260,2068,3205,4514,6485,7857,8428,7503,4687,1569,1182,363,247
Australia,1987,54054,930,1094,164,95,86,293,647,874,1568,3324,7638,14596,16915,6629,322,325,364,510,671,897,1300,2024,3202,4436,6431,8165,9008,7907,4846,1783,1189,379,292
Australia,1988,54404,840,1040,200,103,87,265,655,878,1611,3253,7668,14746,17164,6623,324,331,373,505,684,927,1255,1998,3156,4512,6264,8482,9190,7974,4840,1783,1143,352,304
Australia,1989,57974,915,1093,178,102,91,268,632,864,1702,3166,8012,15282,18676,7717,323,309,377,487,761,941,1272,1894,3272,4740,6448,8834,9854,8822,5596,2121,1195,359,370
Australia,1990,54809,895,1060,165,87,92,266,619,875,1567,3054,7625,14738,17592,6892,297,322,391,484,685,882,1296,1758,2967,4658,6146,8592,9272,8320,5030,1862,1147,358,340
Australia,1991,54924,754,903,149,85,93,217,659,877,1648,3010,7474,14654,17717,7213,298,361,365,512,715,933,1269,1741,2925,4549,6107,8547,9426,8291,5309,1904,988,310,375
Australia,1992,56976,751,924,173,100,83,220,592,878,1688,3105,7271,15001,19131,7577,310,282,391,487,711,977,1308,1797,2833,4438,6325,8676,10107,9024,5581,1996,1024,303,404
Australia,1993,56100,672,828,156,83,100,208,522,938,1672,2954,7000,14589,19125,7650,269,253,388,550,690,982,1204,1750,2678,4322,6278,8311,10091,9034,5609,2041,911,308,431
Australia,1994,59227,669,833,164,81,101,184,540,894,1810,3066,7016,14837,20814,8569,263,277,353,541,752,1058,1275,1791,2601,4415,6475,8362,10934,9880,6255,2314,914,285,483
Australia,1995,58919,635,787,152,98,108,210,562,923,1753,3056,6734,14626,20876,8702,284,278,425,498,710,1043,1348,1708,2537,4197,6382,8244,10802,10074,6324,2378,885,318,487
Australia,1996,60181,621,783,162,76,110,185,529,911,1777,3195,6536,14709,21485,9378,227,302,366,545,733,1044,1373,1822,2515,4021,6249,8460,10955,10530,6846,2532,859,295,498
Australia,1997,61245,628,754,126,85,83,220,578,974,1796,3227,6458,14501,22277,9764,274,304,425,549,734,1062,1441,1786,2469,3989,6250,8251,11147,11130,7114,2650,839,303,521
Australia,1998,60097,532,700,168,69,85,242,565,927,1822,3242,6023,14460,21714,9726,251,314,363,564,756,1066,1519,1723,2402,3621,6015,8445,10777,10937,7105,2621,769,327,519
Australia,1999,60949,608,759,151,74,84,207,581,938,1868,3132,5819,14447,22225,10273,269,312,402,536,779,1089,1385,1747,2372,3447,5876,8571,10593,11632,7567,2706,833,291,540
Australia,2000,61637,563,681,118,74,81,215,580,936,1823,3358,5740,14005,22497,11054,255,325,373,563,763,1060,1484,1874,2311,3429,5664,8341,10395,12102,8111,2943,755,296,590
Australia,2001,61917,523,640,117,66,64,154,464,889,1802,3443,5632,13936,22817,11390,221,243,364,525,779,1023,1543,1900,2314,3318,5596,8340,10819,11998,8305,3085,706,218,617
Australia,2002,64473,571,668,97,72,72,187,457,833,1815,3572,5914,13768,23994,12449,192,265,354,479,745,1070,1595,1977,2536,3378,5345,8423,11345,12649,9038,3411,740,259,669
Australia,2003,63914,518,639,121,60,72,185,447,901,1855,3346,5811,13292,23673,12949,209,238,382,519,761,1094,1389,1957,2491,3320,4983,8309,11267,12406,9353,3596,699,257,683
Australia,2004,64033,520,630,110,53,68,187,471,797,1834,3431,5837,13010,23805,13222,224,247,324,473,733,1101,1412,2019,2448,3389,4806,8204,11728,12077,9575,3647,683,255,686
Australia,2005,63953,599,704,105,54,58,149,417,771,1803,3438,5771,12310,24007,13739,198,219,314,457,742,1061,1458,1980,2518,3253,4648,7662,11616,12391,9937,3802,758,207,725
Australia,2006,65588,551,654,103,62,54,183,444,772,1838,3537,5722,12251,24497,14760,220,224,296,476,719,1119,1466,2071,2532,3190,4609,7642,11700,12797,10528,4232,716,237,817
Australia,2007,68123,548,633,85,62,68,167,449,838,1836,3553,6220,12326,25408,15679,204,245,344,494,718,1118,1530,2023,2841,3379,4696,7630,11735,13673,11047,4632,695,235,884
Australia,2008,69689,543,629,86,55,48,162,420,811,1773,3548,6185,12190,26362,16552,186,234,319,492,671,1102,1487,2061,2809,3376,4710,7480,12023,14339,11491,5061,684,210,952
Australia,2009,68696,507,610,103,55,71,152,465,792,1902,3717,6257,11656,26023,16046,192,273,283,509,697,1205,1639,2078,2822,3435,4687,6969,11525,14498,11003,5043,665,223,948
Australia,2010,69648,497,593,96,56,53,151,456,778,1802,3612,6263,11682,26420,16777,214,242,286,492,705,1097,1550,2062,2838,3425,4859,6823,11485,14935,11446,5331,649,204,1006
Australia,2011,71252,495,593,98,65,58,164,445,819,1844,3688,6438,11628,26698,17734,214,231,322,497,738,1106,1622,2066,2879,3559,4922,6706,11281,15417,12140,5594,658,222,1078
Australia,2012,73422,468,554,86,56,55,174,425,766,1780,3654,6788,11934,27080,18977,204,221,317,449,750,1030,1565,2089,2946,3842,4889,7045,11434,15646,13131,5846,610,229,1174
Australia,2013,72082,514,601,87,51,49,150,409,809,1788,3825,6855,11568,26259,18544,183,226,351,458,722,1066,1629,2196,2948,3907,4788,6780,10952,15307,12972,5572,652,199,1169
Australia,2014,75472,482,562,80,68,54,142,453,816,1825,3826,7156,12483,26448,20298,185,268,351,465,736,1089,1603,2223,3030,4126,5200,7283,10863,15585,14285,6013,630,196,1339
Australia,2015,76756,422,507,85,53,65,151,417,825,1866,3942,7077,12654,26493,21291,174,243,316,509,765,1101,1687,2255,2952,4125,5279,7375,10857,15636,14989,6302,560,216,1415
Australia,2016,76723,410,495,85,41,43,121,447,882,1899,3885,7142,12741,25922,21635,194,253,405,477,774,1125,1618,2267,2951,4191,5363,7378,10614,15308,14958,6677,536,164,1477
Australia,2017,77931,461,547,86,57,53,150,409,812,1828,3868,7204,13317,25981,22207,171,238,338,474,709,1119,1609,2259,2968,4236,5740,7577,10684,15297,15150,7057,604,203,1497
Australia,2018,76442,419,488,69,48,54,151,378,806,1791,3915,7281,13318,24794,21929,164,214,315,491,695,1096,1587,2328,3119,4162,5826,7492,10361,14433,14715,7214,536,205,1485
Australia,2019,80809,393,467,74,47,66,138,548,880,1932,3977,7699,14341,25813,23363,245,303,361,519,745,1187,1541,2436,3294,4405,6325,8016,11161,14652,15738,7625,514,204,1540
Australia,2020,81015,376,446,70,43,33,36,251,412,1314,3272,7388,14861,26888,24341,116,135,151,261,436,878,1219,2053,3148,4240,6558,8303,11837,15051,16135,8206,489,69,1729
Australia,2021,82943,368,436,68,42,20,36,219,389,1169,2997,7316,15363,27913,25087,111,108,129,260,405,764,1092,1905,3045,4271,6681,8682,12357,15556,16419,8668,478,56,1953
Austria,1950,41948,3000,3559,559,199,157,232,835,1021,2409,4331,8348,12777,7297,773,359,476,375,646,993,1416,1923,2408,3406,4942,6316,6461,4830,2467,673,100,3758,389,5
Austria,1951,43119,2612,3140,528,185,128,207,750,957,2245,4304,8231,13663,8283,1014,316,434,394,563,926,1319,1886,2418,3385,4846,6601,7062,5427,2856,886,128,3325,335,7
Austria,1952,41101,2261,2619,358,120,121,146,590,879,2288,4058,7867,13377,8125,899,247,343,385,494,939,1349,1793,2265,3220,4647,6175,7202,5356,2769,787,112,2739,267,7
Austria,1953,41175,2157,2480,323,131,132,140,506,847,2071,4029,7819,13639,8407,960,216,290,401,446,858,1213,1736,2293,3161,4658,6404,7235,5480,2927,839,121,2611,272,11
Austria,1954,41623,2117,2475,358,149,131,132,459,824,2036,4127,7791,13488,8946,1051,200,259,420,404,782,1254,1749,2378,3149,4642,6282,7206,5917,3029,923,128,2624,263,10
Austria,1955,41526,2079,2374,295,155,120,167,462,778,1850,3996,7893,13676,8953,1085,209,253,395,383,741,1109,1752,2244,3208,4685,6186,7490,5871,3082,944,141,2529,287,10
Austria,1956,42555,2143,2450,307,122,96,159,411,794,1878,4022,7911,13918,9605,1176,156,255,406,388,705,1173,1706,2316,3279,4632,6375,7543,6338,3267,1026,150,2572,255,11
Austria,1957,43568,2216,2534,318,130,118,177,450,782,1737,3995,8097,14435,9925,1166,185,265,379,403,573,1164,1653,2342,3329,4768,6732,7703,6484,3441,1012,154,2664,295,10
Austria,1958,42071,2151,2433,282,99,95,162,360,778,1590,3926,7678,13646,10096,1192,150,210,330,448,496,1094,1612,2314,3231,4447,6289,7357,6603,3493,1035,157,2532,257,10
Austria,1959,42992,2186,2483,297,137,83,190,381,806,1485,3775,7698,14140,10536,1268,170,211,304,502,469,1016,1482,2293,3287,4411,6528,7612,6864,3672,1100,168,2620,273,10
Austria,1960,43421,2010,2315,305,93,68,146,331,731,1452,3838,7816,14122,11044,1447,156,175,275,456,459,993,1573,2265,3261,4555,6395,7727,7105,3939,1255,192,2408,214,13
Austria,1961,41929,1825,2079,254,109,75,129,308,691,1329,3729,7677,13604,10781,1406,146,162,263,428,468,861,1520,2209,3265,4412,6145,7459,6859,3922,1206,200,2188,204,13
Austria,1962,44595,1886,2153,267,103,81,125,295,694,1370,3647,7961,14553,12011,1590,146,149,250,444,547,823,1476,2171,3326,4635,6559,7994,7494,4517,1349,241,2256,206,14
Austria,1963,45220,1813,2083,270,93,79,115,311,665,1298,3681,8285,14634,12278,1682,173,138,231,434,572,726,1439,2242,3377,4908,6505,8129,7675,4603,1443,239,2176,194,17
Austria,1964,44072,1644,1933,289,117,76,116,328,598,1211,3556,8165,14219,12036,1699,176,152,208,390,588,623,1454,2102,3291,4874,6414,7805,7458,4578,1468,231,2050,192,17
Austria,1965,46828,1588,1852,264,113,80,116,275,544,1248,3634,8516,15250,13225,1951,134,141,206,338,623,625,1382,2252,3367,5149,6796,8454,8098,5127,1680,271,1965,196,23
Austria,1966,45797,1499,1762,263,102,75,126,341,528,1261,3411,8303,15010,12825,2025,154,187,179,349,602,659,1302,2109,3347,4956,6770,8240,7954,4871,1758,267,1864,201,26
Austria,1967,47618,1365,1598,233,105,76,129,320,509,1416,3318,8359,15857,13669,2236,140,180,201,308,633,783,1130,2188,3266,5093,7311,8546,8395,5274,1928,308,1703,205,27
Austria,1968,47976,1356,1575,219,135,73,98,298,485,1401,3130,8577,15901,13945,2326,145,153,189,296,552,849,988,2142,3462,5115,7418,8483,8564,5381,2000,326,1710,171,27
Austria,1969,49596,1242,1467,225,117,99,137,306,503,1524,3146,8913,16832,14066,2460,120,186,180,323,519,1005,1004,2142,3435,5478,7818,9014,8614,5452,2098,362,1584,236,25
Austria,1970,49727,1181,1410,229,103,74,146,304,491,1498,2946,8761,16980,14499,2492,139,165,202,289,509,989,923,2023,3431,5330,7841,9139,8772,5727,2126,366,1513,220,25
Austria,1971,49441,1142,1324,182,102,98,146,328,501,1456,2700,8436,16661,15024,2639,163,165,223,278,495,961,970,1730,3238,5198,7525,9136,8987,6037,2241,398,1426,244,27
Austria,1972,48261,1089,1280,191,109,85,178,276,462,1316,2714,8123,16665,14539,2486,138,138,221,241,438,878,1114,1600,3139,4984,7460,9205,8732,5807,2083,403,1389,263,29
Austria,1973,47128,933,1069,136,99,88,163,292,486,1266,2647,7773,15889,14656,2672,140,152,249,237,456,810,1288,1359,3040,4733,6991,8898,8727,5929,2230,442,1168,251,34
Austria,1974,47929,926,1068,142,106,83,160,272,468,1179,2636,7659,16345,15118,2793,115,157,220,248,410,769,1304,1332,2939,4720,7191,9154,9088,6030,2344,449,1174,243,41
Austria,1975,49233,786,937,151,94,84,149,306,516,1128,2591,7707,16710,15841,3121,139,167,226,290,413,715,1282,1309,2900,4807,7264,9446,9360,6481,2618,503,1031,233,50
Austria,1976,49295,670,789,119,78,70,138,290,505,1064,2713,7180,16784,16539,3103,144,146,218,287,377,687,1312,1401,2526,4654,7199,9585,9810,6729,2598,505,867,208,47
Austria,1977,47873,613,712,99,72,70,151,281,536,1061,2758,6807,16442,15893,3053,128,153,212,324,357,704,1223,1535,2292,4515,6985,9457,9589,6304,2562,491,784,221,43
Austria,1978,49036,525,636,111,52,62,174,277,512,985,2772,6460,16749,16938,3378,150,127,208,304,390,595,1117,1655,2027,4433,6980,9769,10073,6865,2843,535,688,236,43
Austria,1979,47588,561,654,93,69,67,151,281,553,968,2806,5941,16166,16493,3388,141,140,184,369,356,612,1019,1787,1768,4173,6744,9422,9928,6565,2827,561,723,218,47
Austria,1980,48337,545,657,112,63,57,160,280,496,991,2821,5753,16322,17183,3501,139,141,198,298,396,595,999,1822,1799,3954,6741,9581,10194,6989,2901,600,720,217,51
Austria,1981,48453,481,563,82,51,57,162,303,506,1011,2619,5654,16149,17819,3505,164,139,194,312,428,583,898,1721,1896,3758,6640,9509,10404,7415,2889,616,614,219,57
Austria,1982,47917,483,556,73,54,67,152,291,517,987,2611,5370,15814,17893,3548,142,149,204,313,464,523,961,1650,2125,3245,6377,9437,10410,7483,2930,618,610,219,58
Austria,1983,49081,436,508,72,53,64,164,286,494,1020,2563,5222,15992,18783,3870,142,144,193,301,491,529,965,1598,2411,2811,6475,9517,10870,7913,3203,667,561,228,62
Austria,1984,46476,437,528,91,35,57,120,288,447,1026,2257,5086,14792,17984,3790,154,134,165,282,507,519,837,1420,2551,2535,5923,8869,10267,7717,3149,641,563,177,65
Austria,1985,47730,380,462,82,35,45,113,278,433,1030,2154,4990,14973,18908,4233,145,133,164,269,463,567,796,1358,2537,2453,5753,9220,10829,8079,3514,719,497,158,76
Austria,1986,46681,363,431,68,44,34,119,269,448,1070,1964,4984,14201,18810,4233,139,130,156,292,417,653,714,1250,2360,2624,5265,8936,10564,8246,3513,720,475,153,73
Austria,1987,45697,374,439,65,38,30,109,252,423,1000,1879,5070,13210,18812,4353,128,124,158,265,409,591,667,1212,2173,2897,4613,8597,10481,8331,3575,778,477,139,80
Austria,1988,44716,319,364,45,36,30,87,256,412,1031,1725,5321,12063,18847,4464,123,133,169,243,363,668,639,1086,2102,3219,3928,8135,10333,8514,3673,791,400,117,80
Austria,1989,44623,320,386,66,32,26,96,247,409,997,1768,5277,11557,18955,4789,121,126,177,232,347,650,714,1054,1862,3415,3549,8008,10252,8703,3916,873,418,122,86
Austria,1990,44569,313,382,69,31,26,79,250,387,998,1875,5161,10893,19448,4957,114,136,162,225,399,599,776,1099,1754,3407,3293,7600,10455,8993,4039,918,413,105,88
Austria,1991,44814,302,362,60,32,25,79,251,411,963,1848,5064,10827,19394,5460,130,121,177,234,401,562,827,1021,1677,3387,3774,7053,10292,9102,4439,1021,394,104,100
Austria,1992,44676,299,371,72,28,25,79,255,432,934,1829,4839,10536,19548,5692,116,139,178,254,362,572,871,958,1652,3187,4298,6238,10216,9332,4606,1086,399,104,109
Austria,1993,44270,258,314,56,40,48,77,263,430,963,1892,4599,10130,19353,6038,130,133,216,214,381,582,914,978,1648,2951,4611,5519,9980,9373,4827,1211,354,125,126
Austria,1994,43476,249,308,59,28,30,99,254,436,973,1817,4296,9809,19128,6163,109,145,191,245,360,613,848,969,1526,2770,4832,4977,9923,9205,4926,1237,336,129,134
Austria,1995,43549,210,259,49,22,33,73,213,418,939,1877,4042,9671,19302,6549,74,139,178,240,356,583,893,984,1469,2573,4901,4770,9621,9681,5200,1349,281,106,152
Austria,1996,43535,208,254,46,40,18,62,183,449,897,1955,3892,9940,18792,6889,74,109,179,270,317,580,835,1120,1400,2492,4707,5233,8761,10031,5424,1465,294,80,166
Austria,1997,42355,188,231,43,28,26,71,172,365,867,1837,3652,10140,17790,7002,75,97,142,223,336,531,735,1102,1326,2326,4389,5751,8004,9786,5508,1494,259,97,174
Austria,1998,41890,174,220,46,32,25,60,157,391,827,1966,3357,10283,17027,7357,69,88,156,235,337,490,748,1218,1240,2117,4052,6231,7100,9927,5754,1603,252,85,190
Austria,1999,42381,162,193,31,23,36,79,170,415,873,1958,3352,10489,16560,8024,73,97,160,255,361,512,782,1176,1289,2063,3880,6609,6327,10233,6256,1768,216,115,209
Austria,2000,41630,160,198,38,25,28,72,170,369,916,1903,3222,10331,16029,8159,79,91,134,235,391,525,800,1103,1325,1897,3550,6781,6226,9803,6364,1795,223,100,208
Austria,2001,40177,134,169,35,21,31,70,149,365,859,1792,3253,9666,15343,8237,67,82,151,214,362,497,799,993,1468,1785,3316,6350,6549,8794,6375,1862,190,101,224
Austria,2002,40940,131,155,24,16,29,69,156,362,849,1734,3228,9582,15782,8718,73,83,122,240,360,489,731,1003,1445,1783,3244,6338,7587,8195,6692,2026,171,98,259
Austria,2003,41693,149,191,42,13,32,84,142,362,868,1763,3301,9051,16444,9167,77,65,139,223,351,517,688,1075,1668,1633,3169,5882,8799,7645,7058,2109,204,116,273
Austria,2004,39704,165,185,20,27,29,88,137,297,765,1695,3397,8095,15697,9021,67,70,109,188,306,459,674,1021,1658,1739,2824,5271,9080,6617,6912,2109,212,117,274
Austria,2005,40157,150,184,34,23,21,61,152,315,830,1717,3292,7920,16212,9128,78,74,102,213,317,513,672,1045,1459,1833,2777,5143,9355,6857,6826,2302,207,82,303
Austria,2006,39575,117,145,28,17,23,62,150,285,774,1652,3377,7380,16611,8774,75,75,110,175,331,443,633,1019,1333,2044,2591,4789,8856,7755,6353,2421,162,85,326
Austria,2007,39493,121,145,24,12,20,59,126,245,831,1721,3447,6974,17491,8094,61,65,83,162,323,508,681,1040,1323,2124,2386,4588,8510,8981,5613,2481,157,79,331
Austria,2008,39990,112,138,26,17,15,70,142,234,756,1696,3544,6829,18091,8074,73,69,90,144,281,475,745,951,1338,2206,2329,4500,8214,9877,5313,2761,155,85,383
Austria,2009,40734,131,165,34,17,25,51,141,252,812,1679,3676,6903,18735,7876,66,75,90,162,299,513,763,916,1416,2260,2526,4377,7920,10815,5010,2866,182,76,407
Austria,2010,40504,133,160,27,20,18,44,138,249,816,1641,3536,6720,18501,8223,66,72,83,166,282,534,709,932,1493,2043,2672,4048,7482,11019,5438,2785,180,62,439
Austria,2011,39955,104,123,19,19,16,52,160,220,794,1737,3451,6605,17524,8787,71,89,88,132,263,531,744,993,1452,1999,2823,3782,6976,10548,6205,2582,142,68,467
Austria,2012,42044,124,143,19,16,21,44,115,217,760,1721,3476,6993,17892,10114,49,66,87,130,254,506,756,965,1474,2002,3216,3777,7056,10836,7629,2485,159,65,535
Austria,2013,41499,102,123,21,18,18,37,117,218,734,1699,3468,6983,16913,10603,59,58,90,128,255,479,726,973,1464,2004,3271,3712,6703,10210,8407,2196,141,55,567
Austria,2014,40772,120,140,20,20,18,41,129,245,715,1765,3484,6894,15885,10853,53,76,112,133,257,458,738,1027,1456,2028,3254,3640,6330,9555,8727,2126,160,59,585
Austria,2015,43218,116,133,17,7,19,32,126,219,709,1770,3605,7281,16498,12241,58,68,84,135,258,451,697,1073,1437,2168,3135,4146,6441,10057,9661,2580,140,51,577
Austria,2016,41699,119,139,20,18,19,46,111,223,653,1805,3552,7443,15010,12188,45,66,93,130,236,417,735,1070,1401,2151,2982,4461,5973,9037,9221,2967,157,65,492
Austria,2017,43326,120,141,21,11,18,38,107,220,611,1766,3551,7685,15558,13160,40,67,91,129,214,397,744,1022,1456,2095,2911,4774,6063,9495,9519,3641,152,56,468
Austria,2018,43369,99,118,19,13,12,35,109,261,649,1849,3473,7868,15075,13469,35,74,105,156,252,397,733,1116,1416,2057,2945,4923,5923,9152,9370,4099,131,47,442
Austria,2019,42734,106,136,30,11,17,28,125,224,605,1737,3539,7870,14768,13206,50,75,95,129,203,402,685,1052,1469,2070,3012,4858,5867,8901,8876,4330,147,45,466
Austria,2020,45423,102,132,30,11,13,39,96,251,523,1688,3599,8055,16813,13645,36,60,100,151,194,329,619,1069,1547,2052,3191,4864,7373,9440,9079,4566,143,52,560
Austria,2021,44551,101,129,28,11,13,34,96,216,540,1715,3853,7490,16684,13122,37,59,89,127,210,330,671,1044,1629,2224,3435,4055,8033,8651,8666,4456,140,47,651
Azerbaijan,1950,25818,6782,8377,1595,194,313,366,712,609,1055,1761,2735,5065,4142,489,394,318,279,330,441,614,816,945,1230,1505,2133,2932,2618,1524,442,47,8571,679,1
Azerbaijan,1951,25943,7110,8902,1792,183,290,370,733,599,1026,1776,2685,4795,4064,515,402,331,281,318,428,598,825,951,1211,1474,2013,2782,2558,1506,463,52,9085,660,1
Azerbaijan,1952,26306,7354,9278,1924,177,264,382,771,607,1022,1835,2708,4638,4075,549,416,355,291,316,426,596,848,987,1224,1484,1963,2675,2552,1523,489,60,9455,646,2
Azerbaijan,1953,26946,7638,9646,2008,255,237,394,816,627,1029,1922,2770,4548,4120,584,435,381,309,318,429,600,878,1044,1257,1513,1961,2587,2567,1553,515,69,9901,631,2
Azerbaijan,1954,26977,7953,10031,2078,223,198,391,834,636,1005,1943,2749,4339,4033,593,439,395,323,313,418,587,871,1072,1255,1494,1912,2427,2500,1533,519,74,10254,589,3
Azerbaijan,1955,27036,8294,10437,2143,260,164,376,846,646,976,1946,2723,4148,3913,597,442,404,336,310,403,573,856,1090,1254,1469,1871,2277,2406,1507,518,79,10697,540,3
Azerbaijan,1956,27775,8657,10871,2214,296,146,362,895,689,988,2017,2821,4152,3913,621,466,429,367,322,407,581,869,1148,1313,1508,1912,2240,2381,1532,536,85,11167,508,4
Azerbaijan,1957,27957,9016,11304,2288,310,138,323,910,713,966,2013,2847,4049,3756,622,473,437,385,328,397,569,851,1162,1344,1503,1896,2153,2251,1505,532,90,11614,461,4
Azerbaijan,1958,28217,9363,11730,2367,319,143,283,923,746,946,2008,2894,3989,3607,620,477,446,405,341,389,557,836,1172,1388,1506,1888,2101,2126,1481,530,90,12049,426,5
Azerbaijan,1959,28552,9666,12111,2445,320,162,242,934,783,939,2004,2967,3967,3489,627,479,455,424,359,389,550,826,1178,1443,1524,1887,2080,2023,1466,531,96,12431,404,6
Azerbaijan,1960,28726,9912,12427,2515,332,185,200,926,819,925,1980,3019,3935,3353,621,463,463,440,379,387,538,813,1167,1481,1538,1876,2059,1921,1432,526,95,12759,385,5
Azerbaijan,1961,28918,10068,12640,2572,341,204,175,912,857,918,1965,3097,3945,3237,622,434,478,454,403,392,526,806,1159,1522,1575,1885,2060,1851,1386,525,97,12981,379,6
Azerbaijan,1962,28776,10080,12693,2613,353,216,165,870,884,910,1918,3143,3912,3093,616,388,482,462,422,399,511,786,1132,1536,1607,1873,2039,1782,1311,519,97,13046,381,6
Azerbaijan,1963,28592,9982,12608,2626,361,222,170,821,912,911,1875,3201,3908,2984,612,338,483,470,442,411,500,768,1107,1546,1655,1877,2031,1742,1242,515,97,12969,392,6
Azerbaijan,1964,28309,9741,12350,2609,376,225,190,765,937,924,1840,3252,3914,2913,614,285,480,477,460,430,494,752,1088,1543,1709,1888,2026,1727,1186,516,98,12726,415,7
Azerbaijan,1965,27717,9368,11927,2559,374,229,212,693,949,937,1790,3257,3902,2836,604,234,459,479,470,450,487,728,1062,1515,1742,1895,2007,1709,1127,506,98,12301,441,7
Azerbaijan,1966,27893,8974,11452,2478,389,243,245,655,1013,1007,1828,3417,4111,2916,613,210,445,510,503,494,513,740,1088,1559,1858,2016,2095,1780,1136,512,101,11841,488,7
Azerbaijan,1967,27398,8457,10830,2373,399,252,264,601,1040,1051,1804,3449,4207,2902,591,200,401,521,519,524,527,728,1076,1544,1905,2089,2118,1791,1111,490,101,11229,516,7
Azerbaijan,1968,26585,8024,10272,2248,384,255,266,546,1036,1077,1741,3380,4222,2839,556,203,343,517,519,542,535,702,1039,1490,1890,2124,2098,1763,1076,458,98,10656,521,6
Azerbaijan,1969,26576,7675,9795,2120,407,268,275,529,1065,1152,1753,3440,4425,2908,550,235,294,525,540,577,575,712,1041,1504,1936,2254,2171,1809,1099,448,102,10202,543,6
Azerbaijan,1970,26053,7386,9393,2007,381,272,281,504,1045,1188,1708,3370,4485,2892,529,264,240,502,543,590,598,700,1008,1466,1904,2300,2185,1800,1092,428,101,9774,553,6
Azerbaijan,1971,25687,7154,9065,1911,353,275,286,493,1010,1232,1679,3307,4572,2895,512,289,204,462,548,602,630,702,977,1436,1871,2344,2228,1803,1092,415,97,9418,561,6
Azerbaijan,1972,25300,6948,8784,1836,354,275,289,494,956,1262,1649,3211,4636,2888,496,303,191,407,549,607,655,707,942,1392,1819,2361,2275,1799,1089,404,92,9138,564,6
Azerbaijan,1973,25433,6785,8561,1776,325,280,303,520,922,1326,1682,3205,4830,2974,503,317,203,359,563,629,697,743,939,1388,1817,2427,2403,1855,1119,411,92,8886,583,6
Azerbaijan,1974,25314,6736,8463,1727,312,275,307,545,851,1349,1691,3124,4889,2997,501,318,227,298,553,630,719,771,920,1348,1776,2412,2477,1874,1123,413,88,8775,582,7
Azerbaijan,1975,25892,6720,8416,1696,292,279,325,601,801,1424,1783,3164,5115,3158,525,337,264,251,550,660,764,838,945,1358,1806,2474,2641,1980,1178,435,90,8708,604,7
Azerbaijan,1976,25814,6707,8388,1681,293,266,328,632,715,1443,1817,3076,5116,3208,525,342,290,210,505,665,778,875,942,1313,1763,2427,2689,2023,1185,437,88,8681,594,7
Azerbaijan,1977,26950,6758,8436,1678,272,259,341,671,675,1501,1957,3277,5511,3495,548,357,314,209,466,680,821,954,1003,1367,1910,2488,3023,2192,1303,458,90,8708,600,7
Azerbaijan,1978,27878,6823,8513,1690,284,247,344,692,637,1516,2083,3425,5848,3721,564,375,317,231,406,686,830,1023,1060,1377,2048,2554,3294,2337,1384,470,94,8797,591,7
Azerbaijan,1979,28922,6905,8592,1687,255,237,343,716,611,1510,2229,3547,6190,4100,584,397,319,271,340,696,814,1098,1131,1385,2162,2737,3453,2623,1477,486,98,8847,580,8
Azerbaijan,1980,29498,7117,8807,1690,266,226,337,748,585,1510,2347,3462,6097,4510,597,413,335,299,286,695,815,1153,1194,1379,2083,2844,3253,2967,1543,500,97,9073,563,7
Azerbaijan,1981,30027,7340,9047,1707,258,218,327,774,569,1501,2460,3388,6025,4827,623,424,350,319,250,662,839,1191,1269,1406,1982,2929,3096,3257,1570,526,97,9305,545,6
Azerbaijan,1982,30641,7557,9294,1737,261,212,317,803,578,1482,2576,3360,6097,4987,663,430,373,332,246,601,881,1213,1363,1461,1899,3007,3090,3399,1588,567,96,9555,529,5
Azerbaijan,1983,30706,7680,9420,1740,256,203,301,814,594,1411,2622,3297,6100,4996,692,425,389,332,262,509,902,1186,1436,1497,1800,2970,3130,3345,1651,593,99,9676,504,5
Azerbaijan,1984,32186,7796,9541,1745,255,209,304,872,667,1420,2828,3501,6498,5329,762,441,431,355,312,445,975,1228,1600,1654,1847,3060,3438,3398,1931,656,106,9796,513,5
Azerbaijan,1985,32970,7869,9623,1754,269,209,297,899,732,1371,2969,3654,6644,5500,798,442,457,380,352,378,993,1255,1714,1781,1873,3004,3640,3268,2232,690,108,9892,506,4
Azerbaijan,1986,33441,7835,9588,1753,260,209,292,914,792,1297,3108,3858,6690,5617,816,438,476,408,384,335,962,1312,1796,1920,1938,2897,3793,3161,2456,700,116,9848,501,4
Azerbaijan,1987,32896,7917,9671,1754,287,201,273,873,803,1158,3082,3918,6389,5441,794,406,467,418,385,315,843,1324,1758,1983,1935,2665,3724,3028,2413,673,121,9958,474,4
Azerbaijan,1988,33148,7913,9675,1762,278,200,265,860,839,1068,3136,4150,6313,5513,850,392,468,445,394,341,727,1384,1752,2128,2022,2574,3739,3130,2383,720,130,9953,465,4
Azerbaijan,1989,34194,7732,9511,1779,291,210,270,877,909,1032,3286,4572,6439,5796,990,393,484,490,419,404,628,1483,1803,2357,2215,2618,3821,3412,2384,847,143,9802,480,6
Azerbaijan,1990,34137,7454,9236,1782,283,213,266,843,945,964,3297,4834,6300,5823,1126,373,470,507,438,446,518,1486,1811,2484,2350,2614,3686,3554,2269,975,151,9519,479,7
Azerbaijan,1991,34409,7305,9066,1761,295,216,266,827,998,946,3333,5126,6237,5891,1198,365,462,529,469,490,456,1438,1895,2598,2528,2695,3542,3688,2203,1053,145,9361,482,7
Azerbaijan,1992,34318,7155,8995,1840,362,230,273,824,1058,964,3272,5288,6083,5809,1159,364,460,549,509,521,443,1302,1970,2607,2681,2761,3322,3670,2139,1019,140,9357,503,6
Azerbaijan,1993,34710,6812,8513,1701,292,231,272,804,1110,1036,3270,5633,6283,6093,1168,359,445,557,553,546,490,1151,2119,2673,2960,2969,3314,3802,2291,1015,153,8805,503,6
Azerbaijan,1994,34312,6471,8133,1662,316,236,274,772,1126,1105,3108,5748,6313,6054,1122,348,424,547,579,549,556,943,2165,2621,3127,3097,3216,3682,2372,950,172,8449,510,5
Azerbaijan,1995,33249,6118,7675,1557,268,231,269,732,1106,1152,2843,5681,6217,5970,1102,334,398,524,582,554,598,757,2086,2554,3127,3126,3091,3497,2473,900,202,7943,500,7
Azerbaijan,1996,32998,5648,7106,1458,303,234,277,740,1133,1244,2658,5860,6369,5951,1117,341,399,522,611,590,654,665,1993,2653,3207,3250,3119,3311,2640,895,222,7409,511,8
Azerbaijan,1997,31605,5141,6465,1324,270,229,278,727,1120,1284,2375,5827,6312,5622,1089,337,390,503,617,615,669,628,1747,2689,3138,3265,3047,2981,2641,878,211,6735,507,9
Azerbaijan,1998,30268,4628,5794,1166,250,225,280,717,1103,1314,2133,5787,6291,5258,1106,336,381,485,618,644,670,660,1473,2722,3065,3290,3001,2693,2565,904,202,6044,505,11
Azerbaijan,1999,28872,4158,5157,999,255,222,277,700,1075,1335,1935,5689,6247,4818,1144,332,368,467,608,669,666,728,1207,2699,2990,3290,2957,2436,2382,956,188,5412,499,13
Azerbaijan,2000,28283,3776,4632,856,226,220,276,693,1045,1398,1802,5631,6528,4605,1204,336,357,450,595,702,696,800,1002,2638,2993,3483,3045,2420,2185,1019,185,4858,496,16
Azerbaijan,2001,27964,3423,4158,735,212,215,272,686,1015,1461,1740,5578,6861,4477,1266,336,350,437,578,730,731,866,874,2497,3081,3690,3171,2477,2000,1075,191,4370,487,19
Azerbaijan,2002,27828,3147,3785,638,190,212,272,687,986,1528,1750,5484,7237,4387,1291,339,348,426,560,751,777,912,838,2267,3217,3851,3386,2546,1841,1094,197,3975,484,19
Azerbaijan,2003,27964,2972,3532,560,172,209,272,694,962,1601,1841,5333,7632,4415,1284,344,350,415,547,766,835,941,900,1979,3354,3966,3666,2673,1742,1073,211,3704,481,19
Azerbaijan,2004,28185,2878,3380,502,159,203,271,699,939,1665,1982,5104,7975,4539,1250,345,354,407,532,768,897,965,1017,1672,3432,4024,3951,2833,1706,1019,231,3539,474,19
Azerbaijan,2005,28963,2794,3256,462,141,202,280,727,935,1743,2202,4872,8446,4915,1232,359,368,406,529,773,970,1043,1159,1440,3432,4142,4304,3106,1809,974,258,3397,482,19
Azerbaijan,2006,28596,2745,3179,434,128,187,273,718,892,1720,2305,4393,8537,5097,1146,354,364,389,503,734,986,1074,1231,1250,3143,4137,4400,3225,1872,880,266,3307,460,19
Azerbaijan,2007,28558,2713,3128,415,115,173,269,724,865,1703,2413,4014,8672,5381,1081,354,370,381,484,704,999,1129,1284,1215,2799,4210,4462,3393,1988,812,269,3243,442,20
Azerbaijan,2008,29735,2667,3065,398,111,167,274,769,891,1769,2636,3889,9132,5941,1072,373,396,399,492,716,1053,1254,1382,1360,2529,4453,4679,3701,2240,803,269,3176,441,22
Azerbaijan,2009,28651,2590,2970,380,95,147,254,743,838,1660,2633,3531,8762,5978,1014,358,385,383,455,661,999,1275,1358,1461,2070,4257,4505,3673,2305,767,247,3065,401,24
Azerbaijan,2010,29739,2476,2836,360,90,138,253,766,867,1689,2870,3515,9172,6445,1076,366,400,407,460,665,1024,1393,1477,1656,1859,4370,4802,3969,2476,838,238,2926,391,27
Azerbaijan,2011,29506,2386,2724,338,92,123,235,748,853,1625,2958,3419,9011,6587,1104,354,394,409,444,639,986,1429,1529,1758,1661,4122,4889,4086,2501,885,219,2816,358,28
Azerbaijan,2012,29368,2275,2592,317,77,111,218,734,853,1573,3056,3446,8779,6760,1144,344,390,417,436,620,953,1454,1602,1833,1613,3755,5024,4215,2545,942,202,2669,329,28
Azerbaijan,2013,29289,2138,2434,296,82,100,198,709,852,1509,3149,3586,8482,6954,1210,327,382,421,431,591,918,1457,1692,1884,1702,3314,5168,4340,2614,1015,195,2516,298,28
Azerbaijan,2014,30103,1979,2253,274,74,95,185,713,888,1516,3346,3931,8353,7399,1321,325,388,436,452,595,921,1497,1849,1986,1945,2947,5406,4599,2800,1116,205,2327,280,27
Azerbaijan,2015,29982,1785,2038,253,73,88,167,692,896,1465,3410,4198,7886,7664,1381,310,382,437,459,577,888,1471,1939,2078,2120,2547,5339,4736,2928,1158,223,2111,255,26
Azerbaijan,2016,28722,1566,1796,230,68,79,144,638,863,1367,3304,4277,7100,7677,1386,280,358,415,448,540,827,1375,1929,2085,2192,2208,4892,4722,2955,1150,236,1864,223,24
Azerbaijan,2017,29995,1277,1483,206,68,79,137,638,914,1405,3485,4755,7021,8458,1525,272,366,433,481,560,845,1406,2079,2318,2437,2280,4741,5195,3263,1255,270,1551,216,25
Azerbaijan,2018,30303,1146,1326,180,66,79,125,608,923,1388,3501,5047,6710,8885,1616,253,355,431,492,564,824,1379,2122,2494,2553,2455,4255,5457,3428,1318,298,1392,204,25
Azerbaijan,2019,31024,1112,1267,155,58,78,119,585,943,1398,3531,5390,6566,9321,1743,235,350,435,508,581,817,1367,2164,2708,2682,2794,3772,5691,3630,1417,326,1325,197,26
Azerbaijan,2020,49082,983,1153,170,95,107,154,814,1503,2473,6521,10686,10243,12963,2336,311,503,671,832,1035,1438,2460,4061,5434,5252,5173,5070,8019,4944,1913,423,1248,261,34
Azerbaijan,2021,40381,889,1016,127,60,76,107,564,1147,1964,5463,9462,8424,10187,1884,208,356,505,642,822,1142,2035,3428,4814,4648,4647,3777,6093,4094,1558,326,1076,183,27
Bahamas,1950,444,79,96,17,7,5,7,20,34,37,40,55,75,60,13,10,10,15,19,17,20,20,20,25,30,35,40,36,24,11,2,103,12,0
Bahamas,1951,437,79,97,18,7,5,6,20,34,37,40,54,73,59,12,10,10,15,19,18,19,20,20,25,29,34,39,35,24,10,2,104,11,0
Bahamas,1952,430,78,97,19,6,5,6,20,32,40,40,53,69,56,12,10,10,14,18,20,20,20,20,24,29,32,37,33,23,10,2,103,11,0
Bahamas,1953,425,77,95,18,6,5,6,20,32,40,40,53,66,54,11,10,10,14,18,20,20,20,20,23,30,31,35,33,21,9,2,101,11,0
Bahamas,1954,427,77,95,18,7,5,6,20,31,40,40,53,66,53,11,10,10,13,18,20,20,20,20,23,30,31,35,32,21,9,2,102,11,0
Bahamas,1955,432,78,96,18,7,5,6,20,31,40,42,53,66,53,11,10,10,13,18,20,20,21,21,23,30,31,35,32,21,9,2,103,11,0
Bahamas,1956,435,79,97,18,7,5,6,20,30,40,44,55,66,53,11,10,10,13,17,20,20,21,23,23,32,31,35,32,21,9,2,104,11,0
Bahamas,1957,438,80,98,18,7,5,7,20,30,40,45,56,65,52,11,10,10,13,17,20,20,21,24,23,33,30,35,31,21,9,2,105,12,0
Bahamas,1958,440,82,100,18,8,5,7,20,31,40,46,56,66,51,11,10,10,14,17,20,20,21,25,23,33,31,35,30,21,9,2,108,12,0
Bahamas,1959,445,83,101,18,8,5,7,20,31,40,48,58,66,49,11,10,10,15,16,20,20,23,25,25,33,32,34,28,21,9,2,109,12,0
Bahamas,1960,448,85,103,18,8,5,7,20,31,42,50,58,66,48,11,10,10,15,16,20,22,25,25,25,33,33,33,28,20,9,2,111,12,0
Bahamas,1961,453,87,105,18,8,5,7,21,31,43,50,59,64,47,11,10,11,15,16,20,23,25,25,26,33,34,30,28,19,9,2,113,12,0
Bahamas,1962,456,87,106,19,8,5,7,22,30,44,50,60,65,45,11,10,12,15,15,20,24,25,25,27,33,35,30,27,18,9,2,114,12,0
Bahamas,1963,460,87,106,19,9,5,7,22,31,44,50,62,67,44,12,10,12,15,16,20,24,25,25,28,34,35,32,26,18,10,2,115,12,0
Bahamas,1964,464,87,105,18,9,5,7,23,31,44,50,63,67,43,12,10,13,15,16,20,24,25,25,28,35,35,32,26,17,10,2,114,12,0
Bahamas,1965,475,87,105,18,9,5,7,24,31,44,55,64,71,46,12,10,14,15,16,20,24,27,28,29,35,35,36,27,19,10,2,114,12,0
Bahamas,1966,486,87,106,19,9,5,8,25,34,44,57,65,75,49,13,10,15,15,19,20,24,27,30,30,35,36,39,28,21,10,3,115,13,0
Bahamas,1967,499,86,104,18,9,5,8,25,35,44,58,70,76,54,14,10,15,15,20,20,24,28,30,31,39,36,40,32,22,11,3,113,13,0
Bahamas,1968,510,85,103,18,9,5,8,25,36,43,59,70,76,59,15,10,15,16,20,20,23,29,30,31,39,36,40,34,25,12,3,112,13,0
Bahamas,1969,521,83,101,18,9,5,9,25,36,43,59,74,77,63,18,10,15,16,20,20,23,29,30,34,40,37,40,36,27,14,4,110,14,0
Bahamas,1970,534,80,98,18,10,5,9,25,37,43,59,78,77,69,23,10,15,17,20,20,23,29,30,35,43,38,39,38,31,17,6,108,14,1
Bahamas,1971,539,79,96,17,10,5,9,25,39,42,59,80,80,69,22,10,15,19,20,20,22,29,30,37,43,41,39,39,30,17,5,106,14,1
Bahamas,1972,543,77,93,16,10,5,10,24,40,42,63,81,82,68,22,10,14,20,20,20,22,30,33,37,44,42,40,38,30,16,6,103,15,1
Bahamas,1973,552,75,90,15,10,5,10,25,40,46,65,82,86,68,23,10,15,20,20,21,25,30,35,37,45,45,41,38,30,17,6,100,15,1
Bahamas,1974,545,72,87,15,8,5,10,24,39,45,63,82,87,67,22,10,14,19,20,20,25,28,35,37,45,45,42,37,30,16,6,95,15,1
Bahamas,1975,546,68,83,15,8,5,10,25,39,47,62,84,91,66,22,10,15,19,20,22,25,27,35,37,47,47,44,37,29,16,6,91,15,1
Bahamas,1976,547,68,82,14,8,5,10,27,38,46,61,85,94,66,22,12,15,18,20,21,25,27,34,37,48,47,47,36,30,16,6,90,15,1
Bahamas,1977,556,68,81,13,7,6,11,30,38,47,61,85,97,67,22,15,15,18,20,22,25,27,34,37,48,48,49,37,30,16,6,88,17,1
Bahamas,1978,572,67,79,12,7,6,12,30,42,50,62,89,103,69,24,15,15,18,24,25,25,27,35,40,49,50,53,39,30,17,7,86,18,1
Bahamas,1979,602,66,78,12,7,6,13,30,42,52,65,96,113,75,25,15,15,18,24,25,27,30,35,43,53,55,58,44,31,18,7,85,19,1
Bahamas,1980,618,65,77,12,7,6,13,30,43,53,65,98,115,77,25,15,15,19,24,25,28,30,35,45,53,55,60,46,31,18,7,84,19,2
Bahamas,1981,627,64,76,12,6,6,13,30,44,53,65,100,119,81,26,15,15,20,24,25,28,30,35,45,55,58,61,50,31,19,7,82,19,2
Bahamas,1982,624,64,75,11,6,6,13,33,43,52,64,99,118,84,26,15,18,20,23,25,27,30,34,44,55,58,60,52,32,19,7,81,19,2
Bahamas,1983,624,63,74,11,6,5,13,34,42,51,63,98,119,89,26,15,19,20,22,25,26,30,33,42,56,57,62,54,35,19,7,80,18,2
Bahamas,1984,621,63,74,11,6,5,12,37,40,51,60,95,121,91,26,17,20,20,20,25,26,30,30,39,56,57,64,55,36,19,7,80,17,2
Bahamas,1985,636,63,74,11,6,5,12,38,40,51,65,96,124,95,27,18,20,20,20,25,26,30,35,39,57,59,65,56,39,20,7,80,17,2
Bahamas,1986,657,63,74,11,6,5,12,38,42,54,65,97,130,100,27,18,20,20,22,24,30,30,35,38,59,61,69,60,40,20,7,80,17,2
Bahamas,1987,698,62,73,11,6,5,12,43,50,56,71,99,141,110,30,19,24,25,25,26,30,34,37,39,60,66,75,65,45,22,8,79,17,2
Bahamas,1988,706,60,70,10,6,5,12,43,50,56,70,97,147,118,32,19,24,25,25,26,30,33,37,39,58,70,77,68,50,23,9,76,17,2
Bahamas,1989,718,60,70,10,6,5,12,43,53,56,69,96,147,121,34,19,24,27,26,25,31,33,36,40,56,70,77,71,50,25,9,76,17,2
Bahamas,1990,712,59,69,10,6,5,12,42,57,55,69,94,146,122,34,18,24,29,28,26,29,34,35,40,54,69,77,71,51,25,9,75,17,2
Bahamas,1991,725,59,69,10,5,5,11,41,59,55,71,91,149,129,36,17,24,30,29,27,28,35,36,39,52,69,80,74,55,27,9,74,16,2
Bahamas,1992,739,62,72,10,5,5,10,42,60,58,72,95,148,132,39,17,25,30,30,30,28,35,37,43,52,67,81,77,55,30,9,77,15,2
Bahamas,1993,760,58,67,9,5,5,10,43,66,61,76,96,154,139,41,18,25,32,34,30,31,37,39,43,53,67,87,79,60,31,10,72,15,3
Bahamas,1994,773,52,61,9,5,5,10,41,68,61,78,98,154,143,46,17,24,33,35,31,30,38,40,44,54,63,91,81,62,34,12,66,15,3
Bahamas,1995,796,50,59,9,5,5,10,41,68,65,80,102,156,151,47,17,24,33,35,33,32,38,42,45,57,65,91,84,67,35,12,64,15,3
Bahamas,1996,821,46,54,8,5,5,10,42,75,72,84,109,158,158,50,17,25,35,40,37,35,39,45,48,61,66,92,88,70,37,13,59,15,3
Bahamas,1997,819,45,53,8,5,5,9,39,74,73,82,110,152,161,51,16,23,34,40,38,35,37,45,49,61,64,88,90,71,38,13,58,14,3
Bahamas,1998,827,43,50,7,5,5,9,39,74,77,83,113,151,166,57,16,23,34,40,40,37,37,46,50,63,64,87,94,72,41,16,55,14,3
Bahamas,1999,834,39,46,7,5,5,9,37,76,79,85,115,148,168,58,14,23,34,42,40,39,38,47,52,63,66,82,95,73,42,16,51,14,4
Bahamas,2000,839,38,45,7,5,5,9,36,75,82,86,116,149,169,60,14,22,32,43,42,40,40,46,53,63,68,81,94,75,44,16,50,14,4
Bahamas,2001,852,38,45,7,5,5,9,35,75,88,88,119,150,171,63,14,21,32,43,45,43,42,46,54,65,68,82,94,77,46,17,50,14,4
Bahamas,2002,868,38,44,6,5,5,9,34,73,90,90,123,154,174,65,14,20,31,42,45,45,44,46,55,68,72,82,93,81,48,17,49,14,4
Bahamas,2003,879,37,43,6,5,5,8,34,72,91,91,125,156,175,69,14,20,31,41,46,45,45,46,56,69,74,82,92,83,49,20,48,13,5
Bahamas,2004,900,38,46,8,5,5,8,34,72,99,94,128,158,177,71,14,20,31,41,49,50,47,47,57,71,74,84,90,87,51,20,51,13,5
Bahamas,2005,908,40,46,6,5,5,8,31,70,99,98,130,163,173,73,13,18,30,40,49,50,49,49,57,73,75,88,87,86,52,21,51,13,6
Bahamas,2006,920,36,42,6,5,5,8,31,70,99,100,130,169,173,77,13,18,29,41,48,51,50,50,56,74,78,91,88,85,54,23,47,13,6
Bahamas,2007,972,37,44,7,5,5,8,32,71,107,110,138,181,182,85,13,19,29,42,51,56,55,55,59,79,83,98,93,89,60,25,49,13,7
Bahamas,2008,996,39,45,6,5,5,8,31,71,110,116,141,188,183,89,13,18,29,42,51,59,60,56,59,82,87,101,94,89,63,26,50,13,7
Bahamas,2009,1017,38,44,6,5,5,8,30,71,111,122,143,194,187,91,12,18,29,42,50,61,62,60,61,82,90,104,98,89,64,27,49,13,8
Bahamas,2010,1038,35,41,6,5,5,8,29,69,115,128,146,198,195,93,11,18,27,42,52,63,65,63,63,83,92,106,105,90,64,29,46,13,9
Bahamas,2011,1104,32,38,6,5,5,8,30,71,119,142,158,213,208,97,12,18,29,42,53,66,72,70,71,87,97,116,113,95,66,31,43,13,10
Bahamas,2012,1124,32,38,6,5,5,8,31,69,119,150,163,220,213,98,13,18,29,40,54,65,76,74,74,89,101,119,118,95,66,32,43,13,10
Bahamas,2013,1123,28,33,5,5,5,7,30,66,118,155,164,222,213,97,13,17,27,39,53,65,78,77,75,89,102,120,118,95,65,32,38,12,10
Bahamas,2014,1131,29,33,4,5,5,7,30,62,116,160,172,225,215,96,13,17,26,36,53,63,79,81,79,93,104,121,118,97,64,32,38,12,10
Bahamas,2015,1184,29,35,6,5,5,8,30,64,118,170,181,232,227,96,13,17,26,38,53,65,83,87,84,97,106,126,123,104,65,31,40,13,10
Bahamas,2016,1181,26,30,4,5,5,7,28,61,114,172,188,233,234,97,12,16,25,36,49,65,83,89,87,101,106,127,128,106,67,30,35,12,10
Bahamas,2017,1200,25,29,4,5,5,6,27,59,112,175,199,237,241,99,11,16,24,35,47,65,81,94,93,106,108,129,131,110,68,31,34,11,11
Bahamas,2018,1229,24,28,4,5,5,6,28,58,111,179,207,247,248,100,11,17,24,34,47,64,81,98,98,109,111,136,134,114,68,32,33,11,11
Bahamas,2019,1509,32,54,22,20,16,15,47,84,144,220,248,277,267,107,19,28,35,49,61,83,100,120,119,129,125,152,147,120,74,33,74,31,12
Bahamas,2020,1446,23,27,4,1,4,6,25,56,114,207,270,301,301,122,10,15,22,34,46,68,91,116,127,143,141,160,161,140,86,36,28,10,13
Bahamas,2021,1640,22,26,4,2,3,7,27,61,123,231,316,343,349,137,10,17,25,36,51,72,102,129,150,166,164,179,184,165,97,40,28,10,13
Bahrain,1950,1430,571,953,382,64,27,25,60,50,43,42,62,72,29,0,30,30,25,25,23,20,20,22,29,33,38,34,20,9,0,0,1017,52,0
Bahrain,1951,1464,599,977,378,66,28,27,60,52,43,45,64,74,31,1,30,30,27,25,23,20,21,24,29,35,39,35,22,9,1,0,1043,55,0
Bahrain,1952,1479,607,987,380,66,29,28,60,52,43,47,64,75,32,1,30,30,27,25,23,20,22,25,29,35,39,36,23,9,1,0,1053,57,0
Bahrain,1953,1495,614,996,382,64,31,30,60,53,44,47,64,75,34,2,30,30,28,25,24,20,22,25,29,35,39,36,24,10,2,0,1060,61,0
Bahrain,1954,1500,619,1001,382,61,31,30,60,53,44,46,64,76,35,2,30,30,28,25,24,20,21,25,29,35,39,37,25,10,2,0,1062,61,0
Bahrain,1955,1501,622,1002,380,58,30,30,60,54,44,46,65,76,37,3,30,30,29,25,24,20,21,25,30,35,40,36,26,11,3,0,1060,60,0
Bahrain,1956,1433,597,945,348,54,27,29,58,50,43,44,64,75,37,3,30,28,25,25,23,20,20,24,30,34,39,36,26,11,3,0,999,56,0
Bahrain,1957,1370,573,894,321,51,25,27,56,50,42,43,63,74,38,3,30,26,25,25,22,20,20,23,30,33,39,35,26,12,3,0,945,52,0
Bahrain,1958,1318,555,855,300,47,25,25,53,50,40,42,61,73,41,3,28,25,25,25,20,20,20,22,29,32,39,34,27,14,3,0,902,50,0
Bahrain,1959,1258,534,811,277,46,20,25,50,48,40,42,61,72,40,3,25,25,25,23,20,20,20,22,29,32,38,34,26,14,3,0,857,45,0
Bahrain,1960,1197,509,766,257,43,20,23,50,44,40,41,59,68,40,3,25,25,24,20,20,20,20,21,28,31,35,33,26,14,3,0,809,43,0
Bahrain,1961,1142,484,720,236,41,19,21,50,41,40,40,59,68,39,4,25,25,21,20,20,20,20,20,28,31,35,33,25,14,4,0,761,40,0
Bahrain,1962,1083,455,670,215,40,16,20,43,40,40,40,57,67,38,5,23,20,20,20,20,20,20,20,27,30,35,32,24,14,5,0,710,36,0
Bahrain,1963,1014,423,614,191,39,16,18,40,40,40,40,55,66,38,5,20,20,20,20,20,20,20,20,25,30,35,31,24,14,5,0,653,34,0
Bahrain,1964,948,399,565,166,37,15,16,40,40,40,40,54,64,37,5,20,20,20,20,20,20,20,20,23,31,35,29,23,14,5,0,602,31,0
Bahrain,1965,887,371,516,145,35,15,15,39,40,40,40,52,60,36,5,19,20,20,20,20,20,20,20,22,30,32,28,22,14,5,0,551,30,0
Bahrain,1966,840,346,475,129,32,15,15,30,40,40,40,54,67,36,6,15,15,20,20,20,20,20,20,23,31,35,32,22,14,6,0,507,30,0
Bahrain,1967,794,316,430,114,28,15,15,30,33,40,40,54,73,36,6,15,15,15,18,20,20,20,20,24,30,39,34,23,13,6,0,458,30,0
Bahrain,1968,748,287,387,100,26,13,12,30,30,37,40,55,78,39,6,15,15,15,15,17,20,20,20,25,30,39,39,26,13,6,0,413,25,0
Bahrain,1969,719,261,348,87,22,12,15,23,30,38,41,57,86,42,6,10,13,15,15,18,20,20,21,26,31,42,44,29,13,6,0,370,27,0
Bahrain,1970,687,238,313,75,22,10,10,20,29,35,41,59,92,44,6,10,10,14,15,15,20,20,21,27,32,43,49,32,12,6,0,335,20,0
Bahrain,1971,653,215,280,65,18,10,10,20,25,33,41,59,96,50,6,10,10,10,15,15,18,20,21,27,32,44,52,37,13,6,0,298,20,0
Bahrain,1972,634,200,258,58,17,10,10,20,24,34,41,60,96,54,5,10,10,10,14,15,19,20,21,27,33,43,53,41,13,5,0,275,20,0
Bahrain,1973,616,189,239,50,16,10,10,20,24,34,43,60,91,59,5,10,10,10,14,15,19,20,23,27,33,41,50,43,16,5,0,255,20,0
Bahrain,1974,605,178,224,46,14,10,13,20,23,34,44,60,90,63,5,10,10,10,13,15,19,20,24,27,33,41,49,46,17,5,0,238,23,0
Bahrain,1975,593,169,212,43,13,10,13,21,23,34,44,60,90,67,5,11,10,10,13,15,19,20,24,27,33,41,49,46,21,5,0,225,23,0
Bahrain,1976,582,161,201,40,13,10,12,21,22,34,45,60,89,69,6,11,10,10,12,15,19,20,25,27,33,41,48,46,23,6,0,214,22,0
Bahrain,1977,583,154,191,37,13,10,13,23,23,35,46,62,88,72,6,13,10,10,13,15,20,21,25,29,33,40,48,45,27,6,0,204,23,0
Bahrain,1978,574,147,182,35,13,8,13,24,23,35,47,62,89,73,7,14,10,10,13,15,20,22,25,29,33,41,48,44,29,7,0,195,21,0
Bahrain,1979,576,140,173,33,12,7,13,27,24,36,48,62,89,74,8,15,12,10,14,16,20,23,25,29,33,43,46,44,30,8,0,185,20,0
Bahrain,1980,567,135,165,30,12,7,12,27,23,35,48,63,88,75,9,15,12,10,13,15,20,23,25,30,33,43,45,44,31,9,0,177,19,0
Bahrain,1981,571,129,157,28,12,6,12,30,28,37,51,66,87,76,12,15,15,13,15,16,21,25,26,30,36,43,44,44,32,11,1,169,18,0
Bahrain,1982,568,126,152,26,12,6,12,30,30,37,51,65,87,76,13,15,15,15,15,16,21,25,26,30,35,42,45,44,32,12,1,164,18,0
Bahrain,1983,578,125,150,25,12,6,12,30,30,38,54,67,90,75,14,15,15,15,15,17,21,25,29,31,36,43,47,43,32,13,1,162,18,0
Bahrain,1984,590,124,149,25,11,6,13,30,30,39,56,71,92,74,15,15,15,15,15,17,22,26,30,33,38,44,48,42,32,13,2,160,19,0
Bahrain,1985,608,126,151,25,11,8,13,30,30,40,59,74,96,76,17,15,15,15,15,17,23,28,31,35,39,45,51,43,33,15,2,162,21,0
Bahrain,1986,624,126,151,25,11,8,13,35,33,41,61,77,98,76,17,15,20,18,15,18,23,28,33,36,41,47,51,43,33,15,2,162,21,0
Bahrain,1987,641,127,152,25,11,9,13,37,40,42,64,80,99,79,18,17,20,20,20,19,23,29,35,38,42,48,51,45,34,15,3,163,22,0
Bahrain,1988,661,127,153,26,12,10,13,39,40,44,66,85,105,79,18,19,20,20,20,20,24,30,36,40,45,50,55,47,32,15,3,165,23,0
Bahrain,1989,665,130,157,27,12,7,12,36,40,43,64,85,105,80,19,16,20,20,20,20,23,29,35,40,45,50,55,48,32,16,3,169,19,0
Bahrain,1990,683,130,158,28,13,8,12,36,45,43,66,92,107,83,19,16,20,24,21,20,23,30,36,44,48,52,55,50,33,16,3,171,20,0
Bahrain,1991,708,127,154,27,14,10,12,39,50,46,69,97,111,85,21,17,22,25,25,22,24,32,37,47,50,55,56,51,34,17,4,168,22,0
Bahrain,1992,706,125,151,26,13,10,12,35,50,49,69,98,115,88,21,15,20,25,25,24,25,32,37,47,51,57,58,53,35,17,4,164,22,0
Bahrain,1993,706,119,143,24,12,10,12,34,49,50,66,99,119,92,21,15,19,24,25,25,25,30,36,47,52,58,61,55,37,16,5,155,22,1
Bahrain,1994,705,111,134,23,12,10,13,34,49,50,68,101,121,93,21,15,19,24,25,25,25,30,38,46,55,59,62,55,38,16,5,146,23,1
Bahrain,1995,702,101,121,20,11,10,13,33,51,50,68,103,123,96,22,15,18,24,27,25,25,30,38,46,57,59,64,57,39,17,5,132,23,1
Bahrain,1996,670,93,112,19,8,7,11,29,46,50,64,100,124,95,21,13,16,21,25,25,25,27,37,44,56,60,64,57,38,16,5,120,18,1
Bahrain,1997,669,86,104,18,8,6,11,30,46,50,64,101,128,99,21,14,16,21,25,25,25,27,37,44,57,61,67,59,40,16,5,112,17,1
Bahrain,1998,679,81,96,15,8,6,12,31,47,56,65,103,128,102,25,15,16,21,26,30,26,28,37,46,57,62,66,61,41,20,5,104,18,1
Bahrain,1999,701,78,93,15,8,6,13,31,50,60,68,104,136,109,25,15,16,22,28,30,30,30,38,47,57,67,69,64,45,20,5,101,19,1
Bahrain,2000,673,74,88,14,7,5,10,24,44,59,62,99,135,113,26,10,14,19,25,30,29,28,34,45,54,67,68,67,46,21,5,95,15,1
Bahrain,2001,685,71,85,14,7,5,10,24,45,60,64,102,137,118,26,10,14,19,26,30,30,30,34,47,55,70,67,70,48,21,5,92,15,1
Bahrain,2002,696,71,83,12,6,5,9,24,44,62,64,102,140,122,29,10,14,18,26,30,32,30,34,47,55,73,67,72,50,23,6,89,14,1
Bahrain,2003,721,71,83,12,6,5,9,25,46,69,65,106,146,127,31,10,15,19,27,34,35,31,34,48,58,75,71,73,54,25,6,89,14,1
Bahrain,2004,737,73,84,11,6,5,9,24,45,71,69,109,149,131,32,10,14,18,27,34,37,34,35,49,60,72,77,73,58,26,6,90,14,1
Bahrain,2005,747,75,87,12,5,5,9,23,42,73,72,107,156,134,35,10,13,17,25,33,40,37,35,46,61,72,84,72,62,28,7,92,14,1
Bahrain,2006,776,73,85,12,5,5,9,25,43,78,79,110,164,139,38,10,15,18,25,35,43,42,37,46,64,74,90,75,64,30,8,90,14,1
Bahrain,2007,777,71,85,14,5,5,7,23,39,77,84,107,167,142,39,10,13,16,23,34,43,44,40,44,63,75,92,76,66,31,8,90,12,1
Bahrain,2008,805,69,83,14,5,5,7,24,40,79,93,107,174,149,41,10,14,17,23,34,45,49,44,44,63,79,95,82,67,33,8,88,12,1
Bahrain,2009,843,67,80,13,5,5,7,25,43,84,105,109,180,158,45,10,15,18,25,35,49,55,50,47,62,84,96,90,68,36,9,85,12,1
Bahrain,2010,898,66,77,11,5,5,7,27,48,90,120,116,185,169,48,11,16,21,27,37,53,62,58,53,63,88,97,99,70,38,10,82,12,1
Bahrain,2011,919,64,77,13,5,5,7,25,46,90,126,117,188,180,52,10,15,20,26,37,53,64,62,56,61,89,99,110,70,41,11,82,12,1
Bahrain,2012,917,62,73,11,5,5,6,24,42,85,126,118,190,186,54,10,14,18,24,34,51,63,63,58,60,89,101,112,74,43,11,78,11,1
Bahrain,2013,925,62,73,11,5,5,5,21,40,81,129,122,194,194,55,8,13,17,23,32,49,64,65,60,62,87,107,112,82,43,12,78,10,1
Bahrain,2014,987,64,76,12,5,5,5,20,40,82,141,139,208,207,59,8,12,17,23,32,50,66,75,70,69,92,116,115,92,45,14,81,10,2
Bahrain,2015,1068,65,77,12,5,5,5,21,43,82,155,160,223,227,62,8,13,18,25,32,50,71,84,82,78,95,128,122,105,47,15,82,10,2
Bahrain,2016,1082,64,76,12,5,5,5,20,42,78,152,166,221,242,63,8,12,17,25,32,46,69,83,86,80,93,128,128,114,48,15,81,10,2
Bahrain,2017,1110,62,76,14,5,5,5,20,43,79,154,176,224,255,67,8,12,18,25,33,46,69,85,90,86,94,130,138,117,52,15,81,10,2
Bahrain,2018,1137,59,71,12,5,5,5,20,43,83,157,185,222,264,75,7,13,18,25,36,47,70,87,95,90,96,126,147,117,59,16,76,10,2
Bahrain,2019,1167,55,66,11,5,5,5,20,43,84,159,195,222,275,82,7,13,18,25,36,48,70,89,100,95,98,124,153,122,65,17,71,10,3
Bahrain,2020,1327,52,63,11,5,5,5,17,43,91,170,231,260,336,100,6,11,17,26,39,52,74,96,117,114,114,146,183,153,81,19,68,10,3
Bahrain,2021,1436,46,57,11,5,5,5,14,43,98,180,265,290,362,109,5,9,17,26,42,56,75,105,130,135,131,159,197,165,88,21,62,10,3
Bangladesh,1950,513949,191179,299506,108327,25478,9681,12981,21733,17768,14946,19593,30963,44789,15762,748,11476,10257,9332,8436,7221,7725,9113,10480,13672,17291,22840,21949,11843,3919,700,48,324984,22662,1
Bangladesh,1951,511899,193057,297292,104235,26060,9804,13162,22109,18239,15208,19878,30385,43322,15887,552,11695,10414,9553,8686,7392,7816,9255,10623,13684,16701,21825,21497,12088,3799,534,18,323352,22966,1
Bangladesh,1952,508257,193576,295767,102191,24454,9913,13306,22460,18666,15473,20114,29980,41632,16012,478,11902,10558,9751,8915,7597,7876,9387,10727,13774,16206,20661,20971,12389,3623,459,19,320221,23219,0
Bangladesh,1953,515435,194206,295823,101617,29795,10207,13614,23125,19339,15990,20569,30046,40229,16241,453,12265,10860,10074,9265,7942,8048,9630,10939,14073,15973,19676,20553,12704,3537,437,16,325618,23821,0
Bangladesh,1954,506605,194719,295128,100409,24431,10053,13486,22899,19245,15957,20514,29801,38389,16262,444,12157,10742,9985,9260,7985,7972,9596,10918,14156,15645,18597,19792,12699,3563,433,11,319559,23539,0
Bangladesh,1955,506429,195667,295765,100098,23783,10154,13593,23143,19536,16272,20714,29860,36889,16273,447,12271,10872,10094,9442,8189,8083,9686,11028,14325,15535,17837,19052,12574,3699,439,8,319548,23747,0
Bangladesh,1956,509333,196546,296870,100324,23997,10406,13859,23686,20072,16841,21078,30163,35621,16292,450,12525,11161,10331,9741,8506,8335,9848,11230,14549,15614,17315,18306,12426,3866,441,9,320867,24265,0
Bangladesh,1957,504608,196881,295702,98821,23321,10093,13671,23305,19776,16785,20927,30203,34131,16250,445,12304,11001,10139,9637,8459,8326,9717,11210,14555,15648,16769,17362,12221,4029,435,10,319023,23764,0
Bangladesh,1958,506619,198286,297314,99028,23720,10140,13797,23571,20061,17219,21057,30395,32809,16090,448,12411,11160,10263,9798,8657,8562,9752,11305,14606,15789,16364,16445,11953,4137,437,11,321034,23937,0
Bangladesh,1959,507778,199944,298763,98819,22765,10069,13926,23722,20247,17603,21270,30845,32086,15996,481,12475,11247,10343,9904,8819,8784,9840,11430,14770,16075,16250,15836,11753,4243,469,12,321528,23995,0
Bangladesh,1960,521135,205050,306280,101230,24269,10273,14349,24341,20893,18422,21985,31818,32058,15918,528,12788,11553,10670,10223,9200,9222,10197,11788,15214,16604,16485,15573,11589,4329,517,11,330549,24622,0
Bangladesh,1961,518990,205421,304875,99454,23776,9928,14333,24350,20989,18662,22131,32079,31708,15591,572,12787,11563,10735,10254,9293,9369,10318,11813,15322,16757,16534,15174,11233,4358,562,10,328651,24261,0
Bangladesh,1962,516566,206780,305269,98489,22915,9252,14123,24126,20703,18521,22034,32176,31591,15247,609,12695,11431,10620,10083,9186,9335,10352,11682,15346,16830,16698,14893,10856,4391,601,8,328184,23375,0
Bangladesh,1963,536500,209518,311882,102364,25527,10256,14859,25696,22344,20127,23551,33735,32662,15208,649,13493,12203,11459,10885,9980,10147,11224,12327,16141,17594,17533,15129,10723,4485,642,7,337409,25115,0
Bangladesh,1964,527300,208598,308671,100073,23457,9242,14295,25172,21681,19588,23237,33595,32788,14895,678,13264,11908,11146,10535,9656,9932,11142,12095,16027,17568,17746,15042,10431,4464,668,10,332128,23537,0
Bangladesh,1965,561569,213571,320814,107243,28784,11591,15220,27577,24320,22117,25628,35650,34274,14892,704,14452,13125,12445,11875,10920,11197,12429,13199,17080,18570,18717,15557,10432,4460,692,12,349598,26811,0
Bangladesh,1966,538465,212110,313441,101331,24242,9472,13840,25926,22438,20386,24446,34716,34182,14648,726,13645,12281,11504,10934,9969,10417,11824,12622,16503,18213,18620,15562,10265,4383,711,15,337683,23312,0
Bangladesh,1967,546936,216273,318579,102306,24464,9532,13613,26203,22790,20748,25143,35320,35125,14660,755,13746,12457,11658,11132,10108,10640,12147,12996,16718,18602,19070,16055,10313,4347,739,16,343043,23145,0
Bangladesh,1968,558851,221103,325209,104106,24958,9729,13570,26623,23349,21286,26063,36131,36332,14814,786,13870,12753,11920,11429,10345,10941,12552,13511,17032,19099,19611,16721,10476,4338,767,19,350167,23299,0
Bangladesh,1969,573189,226625,333149,106524,25647,9999,13650,27070,23988,21914,27097,37099,37663,15113,798,13974,13096,12226,11762,10642,11272,13007,14090,17464,19635,20211,17452,10750,4363,780,18,358796,23649,0
Bangladesh,1970,769738,254404,403964,149560,57883,24887,21506,39523,38305,35478,39397,47191,44457,16374,775,19727,19796,19341,18964,17624,17854,19246,20151,22796,24395,24177,20280,11830,4544,765,10,461847,46393,0
Bangladesh,1971,1088449,311264,553397,242133,82179,29573,27886,54738,50241,54892,62437,78158,72597,21549,798,27071,27667,25342,24899,26247,28645,30227,32210,37130,41028,40603,31994,16152,5397,790,8,635576,57459,0
Bangladesh,1972,591393,236643,346247,109604,26496,10417,14181,26479,24709,22792,28909,38126,37701,14718,618,13149,13330,12571,12138,11111,11681,13778,15131,18363,19763,20267,17434,10717,4001,613,5,372743,24598,0
Bangladesh,1973,601471,242355,355162,112807,26518,10490,14204,25895,24602,22858,29223,38610,38295,15039,577,12826,13069,12506,12096,11149,11709,13884,15339,18766,19844,20549,17746,11030,4009,571,6,381680,24694,0
Bangladesh,1974,634494,251710,373024,121314,28663,11454,15103,26719,25694,24115,31046,41180,40817,16096,580,13315,13404,13052,12642,11748,12367,14693,16353,20148,21032,21857,18960,11861,4235,576,4,401687,26557,0
Bangladesh,1975,618149,247631,364501,116870,26436,10580,14545,25378,24836,23396,30421,40753,40431,16297,573,12867,12511,12608,12228,11378,12018,14328,16093,20016,20737,21552,18879,12001,4296,568,5,390937,25125,0
Bangladesh,1976,631406,250908,369155,118247,25709,10643,14867,26179,25621,24115,31511,42920,42457,17530,693,13450,12729,13019,12602,11710,12405,14744,16767,21102,21818,22524,19933,12835,4695,686,7,394864,25510,0
Bangladesh,1977,628923,253214,371755,118541,27862,9991,14047,25205,24604,23132,30313,42151,41506,17603,757,13051,12154,12508,12096,11219,11913,14101,16212,20673,21478,21883,19623,12793,4810,743,14,399617,24038,0
Bangladesh,1978,642382,253526,372118,118592,26846,10374,14505,26517,25824,24327,31928,45308,44395,19348,886,13772,12745,13093,12731,11782,12545,14804,17124,22113,23195,23265,21130,13951,5397,863,23,398964,24879,0
Bangladesh,1979,651511,253687,371300,117613,29105,10462,14506,27136,26352,24868,32689,47326,46189,20581,992,14067,13069,13306,13046,12033,12835,15132,17557,22981,24345,24132,22057,14739,5842,960,32,400405,24968,0
Bangladesh,1980,651923,253035,369365,116330,26736,10532,14313,27586,26421,25127,33047,48704,47469,21535,1091,14136,13450,13196,13225,12158,12969,15302,17745,23529,25175,24798,22671,15327,6208,1049,42,396101,24845,0
Bangladesh,1981,659052,252165,366841,114676,29976,10763,14265,28057,26763,25591,33648,50263,49071,22614,1203,14232,13825,13262,13501,12390,13201,15614,18034,24144,26119,25701,23370,15997,6617,1153,50,396817,25028,0
Bangladesh,1982,661726,250715,363384,112669,29701,11086,14378,28393,27145,26091,34271,51618,50670,23667,1323,14282,14111,13381,13764,12639,13452,15955,18316,24650,26968,26688,23982,16649,7018,1266,57,393085,25464,0
Bangladesh,1983,658555,244506,354696,110190,28957,11440,14577,28408,27459,26602,34953,52886,52377,24739,1455,14170,14238,13522,13937,12886,13716,16324,18629,25097,27789,27776,24601,17312,7427,1390,65,383653,26017,0
Bangladesh,1984,650157,237898,344922,107024,29008,11574,14662,27902,27313,26655,35027,53053,53159,25317,1567,13845,14057,13476,13837,12919,13736,16385,18642,25011,28042,28318,24841,17619,7698,1495,72,373930,26236,0
Bangladesh,1985,643133,231556,336184,104628,29554,12260,14935,27564,27397,26848,35021,52695,53425,25578,1673,13626,13938,13744,13653,13043,13805,16403,18618,24709,27986,28518,24907,17701,7877,1592,81,365738,27195,0
Bangladesh,1986,640918,221190,319172,97982,28522,12276,15664,28185,28363,28112,36991,55947,57843,27915,1928,13953,14232,14331,14032,13636,14476,17285,19706,26071,29876,30829,27014,19203,8712,1830,98,347694,27940,0
Bangladesh,1987,629094,212244,305367,93123,27115,12380,15904,27968,28373,28338,37356,56375,59256,28590,2067,13921,14047,14396,13977,13736,14602,17436,19920,26191,30184,31475,27781,19561,9029,1955,112,332482,28284,1
Bangladesh,1988,631486,202504,290670,88166,26925,12927,16960,29169,29785,29874,39512,59409,63423,30536,2293,14670,14499,15107,14678,14434,15440,18430,21082,27584,31825,33525,29898,20795,9741,2163,130,317595,29887,1
Bangladesh,1989,650064,193948,276469,82521,29206,13966,18726,31667,32455,32711,43439,65013,70211,33632,2568,16133,15534,16381,16074,15727,16984,20252,23187,30230,34783,36979,33232,22877,10755,2418,150,305675,32692,1
Bangladesh,1990,634162,185039,262292,77253,26106,13840,18964,31617,32558,32640,43745,65126,70890,33788,2591,16342,15275,16213,16345,15508,17132,20395,23350,30378,34748,37240,33650,23019,10769,2436,155,288398,32804,1
Bangladesh,1991,687075,182499,271485,88986,40147,20658,22378,36847,38486,37023,46974,66396,70961,33177,2541,19115,17732,19037,19449,17756,19267,22150,24824,31330,35066,37337,33624,22709,10468,2382,159,311632,43036,1
Bangladesh,1992,576342,164078,230724,66646,24314,12308,17675,29220,29698,30027,40746,60336,66496,32229,2565,15446,13774,14490,15208,14068,15959,18999,21747,28337,31999,34691,31805,22019,10210,2396,169,255038,29983,1
Bangladesh,1993,577902,155936,217605,61669,21948,12657,18496,31048,30765,31295,42785,63549,70325,34606,2818,16553,14495,14898,15867,14675,16620,19926,22859,29899,33650,36545,33780,23682,10924,2624,194,239553,31153,2
Bangladesh,1994,563223,150224,207041,56817,19745,12242,18291,31148,30030,30837,42458,63280,70193,35047,2905,16651,14497,14468,15562,14515,16322,19755,22703,29789,33491,36335,33858,23987,11060,2700,205,226786,30533,2
Bangladesh,1995,546189,143035,195583,52548,18197,11757,17895,31082,29101,30243,41896,62569,69565,35308,2995,16612,14470,13985,15116,14475,15768,19482,22414,29424,33145,35855,33710,24103,11205,2775,220,213780,29652,2
Bangladesh,1996,568047,135765,184333,48568,18982,12330,19446,34483,31375,32885,45859,68906,76653,39399,3393,18376,16107,15096,16279,15903,16982,21301,24558,32335,36571,39385,37268,26815,12584,3136,257,203315,31776,3
Bangladesh,1997,500748,131421,176257,44836,15354,9945,16128,29550,26191,27565,38665,58592,65343,34141,3011,15689,13861,12687,13504,13404,14161,17928,20737,27419,31173,33477,31866,23102,11039,2775,236,191611,26073,3
Bangladesh,1998,444348,126182,167989,41807,11806,8002,13389,25263,21992,23222,32661,50170,56519,30466,2862,13266,11997,10787,11205,11292,11930,15076,17585,23395,26775,28821,27698,20398,10068,2614,248,179795,21391,4
Bangladesh,1999,406791,119797,158611,38814,11560,6579,11510,22399,19268,20340,28702,44807,51274,28794,2939,11654,10745,9597,9671,9842,10498,13165,15537,20804,24003,25997,25277,19039,9755,2668,271,170171,18089,4
Bangladesh,2000,414138,114069,150142,36073,8760,6501,11869,23886,20421,21594,30249,48195,56086,32774,3654,12292,11594,10345,10076,10297,11297,13702,16547,22282,25913,28295,27791,21427,11347,3286,368,158902,18370,7
Bangladesh,2001,411144,108474,141987,33513,8557,6168,11484,24075,20598,21646,30304,49038,57994,35052,4230,12268,11807,10594,10004,10202,11444,13610,16694,22581,26457,29147,28847,22702,12350,3771,459,150544,17652,11
Bangladesh,2002,398459,102833,133874,31041,8674,5639,10614,23054,20095,20914,29430,47946,57597,35930,4681,11579,11475,10429,9666,9753,11161,13156,16274,22003,25943,28839,28758,23070,12860,4141,540,142548,16253,15
Bangladesh,2003,394308,97166,125936,28770,9842,5282,10042,22527,20259,20708,29422,48254,58856,37844,5314,11208,11319,10579,9680,9560,11148,13181,16241,22080,26174,29347,29509,24093,13751,4660,654,135778,15324,22
Bangladesh,2004,396098,91433,118153,26720,9190,5190,9688,22648,21025,21057,30313,50002,61827,40872,6103,11154,11494,10985,10040,9654,11403,13662,16651,22851,27151,30701,31126,25810,15062,5322,781,127343,14878,28
Bangladesh,2005,397684,84703,109208,24505,8425,5125,9328,22747,21913,21431,31356,51996,65058,44098,6961,11094,11653,11421,10492,9789,11642,14394,16962,23777,28219,32166,32892,27632,16466,6004,957,117633,14453,40
Bangladesh,2006,407426,78643,101126,22483,9245,5127,9260,23138,23213,22254,33065,55109,69667,48228,7937,11121,12017,12035,11178,10160,12094,15336,17729,25226,29883,34299,35368,30014,18214,6787,1150,110371,14387,53
Bangladesh,2007,433319,73667,94779,21112,10529,5724,9662,24493,25765,24306,36386,60748,77359,54322,9177,11646,12847,13260,12505,11164,13142,16973,19413,27824,32924,37977,39382,33640,20682,7791,1386,105308,15386,67
Bangladesh,2008,427820,68001,86663,18662,9744,5666,9068,23474,25790,24149,36734,61504,79068,56230,9648,11021,12453,13090,12700,11203,12946,17087,19647,28084,33420,38726,40342,34676,21554,8160,1488,96407,14734,74
Bangladesh,2009,433120,62830,79845,17015,8959,6025,8954,23070,26588,24857,38161,63934,82797,59498,10344,10647,12423,13333,13255,11693,13164,17616,20545,29049,34885,40469,42328,36556,22942,8714,1630,88804,14979,85
Bangladesh,2010,398898,58137,73630,15493,8150,5560,7881,20126,24264,22739,35300,58618,76735,55900,9907,9137,10989,12011,12253,10867,11872,16006,19294,26334,32284,37397,39338,34180,21720,8326,1581,81780,13441,88
Bangladesh,2011,405356,53975,68110,14135,7172,5815,7781,19854,24933,23536,36640,60836,80300,59449,10824,8972,10882,12214,12719,11409,12127,16376,20264,27117,33719,38995,41305,36149,23300,9068,1756,75282,13596,104
Bangladesh,2012,376660,50791,63699,12908,6455,5298,7017,17434,22727,21827,33750,56334,74960,56452,10601,7851,9583,10975,11752,10692,11135,14903,18847,25005,31329,36251,38709,34113,22339,8876,1725,70154,12315,107
Bangladesh,2013,369542,48311,60093,11782,5141,4973,6989,16271,21947,21711,33035,55715,74816,57439,11281,7301,8970,10505,11442,10711,11000,14427,18608,24813,30902,36015,38801,34465,22974,9388,1893,65234,11962,129
Bangladesh,2014,386589,45793,56618,10825,5407,4897,7570,16332,22773,23216,34645,59317,80271,62657,12745,7394,8938,10795,11978,11462,11754,15010,19635,26608,32709,38531,41740,37375,25282,10622,2123,62025,12467,141
Bangladesh,2015,390688,43187,53175,9988,4731,4635,7819,15815,22676,23945,34895,60810,82766,65454,13809,7259,8556,10651,12025,11790,12155,15051,19844,27812,32998,39708,43058,38876,26578,11461,2348,57906,12454,160
Bangladesh,2016,386767,41117,50355,9238,4119,4217,7883,14937,21860,23990,34230,60765,83115,66596,14528,6878,8059,10124,11736,11742,12248,14749,19481,28057,32708,39879,43236,39412,27184,12030,2498,54474,12100,171
Bangladesh,2017,381491,38513,47058,8545,3887,3757,7698,14268,20881,23928,33520,60451,83044,67539,15269,6703,7565,9569,11312,11631,12297,14514,19006,27993,32458,39816,43228,39849,27690,12577,2692,50945,11455,187
Bangladesh,2018,384419,36754,44651,7897,3523,3393,7418,14140,20324,24270,33639,61667,84701,70099,16381,6914,7226,9199,11125,11629,12641,14731,18908,28427,33240,40454,44247,41247,28852,13414,2967,48174,10811,210
Bangladesh,2019,376019,35036,42365,7329,3274,2971,6751,13662,18983,23702,32666,60697,83432,70250,17019,6920,6742,8447,10536,11223,12479,14518,18148,27691,33006,39616,43816,41187,29063,13788,3231,45639,9722,245
Bangladesh,2020,429658,33141,39975,6834,3668,2397,6325,10548,16274,24473,53523,87671,92799,73629,18114,4318,6230,6695,9579,11555,12918,20975,32548,39429,48242,45919,46880,43219,30410,14603,3511,43643,8722,266
Bangladesh,2021,434094,31483,37876,6393,3484,3734,9771,10362,14747,32287,54243,85061,91960,72397,17878,5595,4767,6661,8086,11798,20489,24953,29290,39858,45203,46208,45752,41956,30441,14298,3580,41360,13505,293
Barbados,1950,1673,457,573,116,15,5,22,39,66,108,130,165,295,222,33,16,23,30,36,46,62,66,64,78,87,145,150,139,83,30,3,588,27,0
Barbados,1951,1682,478,601,123,15,5,19,38,59,106,125,171,286,220,35,16,22,25,34,42,64,65,60,75,96,135,151,138,82,31,4,616,24,0
Barbados,1952,1663,479,605,126,15,5,18,37,59,101,126,169,272,220,33,16,21,25,34,41,60,67,59,72,97,125,147,142,78,28,5,620,23,0
Barbados,1953,1626,464,585,121,15,5,17,37,56,96,125,171,261,225,33,16,21,25,31,40,56,69,56,70,101,118,143,148,77,28,5,600,22,0
Barbados,1954,1576,434,544,110,15,5,17,35,55,90,125,167,253,236,37,15,20,25,30,38,52,69,56,66,101,112,141,156,80,31,6,559,22,0
Barbados,1955,1522,398,498,100,18,10,16,34,50,88,122,172,249,234,33,15,19,22,28,37,51,66,56,66,106,109,140,155,79,28,5,516,26,0
Barbados,1956,1394,353,432,79,13,5,13,30,45,77,116,154,238,236,33,13,17,20,25,31,46,61,55,58,96,106,132,154,82,28,5,445,18,0
Barbados,1957,1357,314,383,69,12,5,10,30,43,77,124,157,245,238,32,15,15,18,25,33,44,58,66,69,88,113,132,150,88,27,5,395,15,0
Barbados,1958,1295,280,338,58,12,5,10,28,41,76,125,156,244,225,30,13,15,17,24,32,44,55,70,70,86,118,126,138,87,26,4,350,15,0
Barbados,1959,1260,254,304,50,12,5,10,25,39,72,121,153,246,235,35,10,15,17,22,29,43,51,70,70,83,121,125,140,95,30,5,316,15,0
Barbados,1960,1240,233,277,44,12,5,9,24,37,71,118,152,259,238,35,10,14,16,21,29,42,48,70,71,81,124,135,141,97,30,5,289,14,0
Barbados,1961,1209,215,253,38,12,5,9,23,35,67,113,150,257,241,42,10,13,15,20,27,40,46,67,72,78,118,139,142,99,36,6,265,14,0
Barbados,1962,1173,196,232,36,11,5,9,21,34,63,108,157,263,232,39,10,11,15,19,25,38,45,63,76,81,115,148,138,94,34,5,243,14,0
Barbados,1963,1132,177,209,32,9,5,9,20,32,60,104,165,259,220,40,10,10,14,18,24,36,45,59,80,85,108,151,130,90,35,5,218,14,0
Barbados,1964,1112,160,188,28,10,5,8,20,28,57,103,169,263,217,40,10,10,11,17,22,35,46,57,87,82,100,163,132,85,35,5,198,13,0
Barbados,1965,1106,145,170,25,10,5,8,20,27,53,98,176,259,232,47,10,10,10,17,22,31,43,55,89,87,95,164,142,90,40,7,180,13,1
Barbados,1966,1074,132,155,23,9,5,8,20,27,50,96,185,257,222,44,10,10,10,17,22,28,42,54,88,97,99,158,139,83,37,7,164,13,1
Barbados,1967,1085,120,140,20,9,5,8,17,26,50,96,189,263,238,44,10,7,10,16,22,28,41,55,82,107,104,159,153,85,37,7,149,13,1
Barbados,1968,1108,110,129,19,8,5,7,17,25,49,98,192,265,267,50,10,7,10,15,22,27,37,61,79,113,110,155,173,94,41,9,137,12,1
Barbados,1969,1075,100,116,16,7,5,7,17,22,45,102,194,261,254,44,10,7,9,13,19,26,40,62,74,120,118,143,165,89,36,8,123,12,1
Barbados,1970,1126,93,107,14,7,5,7,18,23,47,103,201,277,282,50,10,8,10,13,21,26,41,62,77,124,128,149,182,100,40,10,114,12,1
Barbados,1971,1107,86,100,14,6,5,8,20,20,44,104,193,285,276,46,10,10,7,13,20,24,43,61,77,116,138,147,174,102,37,9,106,13,1
Barbados,1972,1113,80,91,11,6,5,7,19,18,44,101,195,301,283,45,10,9,6,12,19,25,41,60,79,116,151,150,174,109,36,9,97,12,1
Barbados,1973,1110,75,86,11,5,5,7,20,17,45,95,191,317,279,44,10,10,6,11,19,26,38,57,82,109,164,153,165,114,36,8,91,12,1
Barbados,1974,1113,70,80,10,5,5,8,20,21,45,89,192,327,275,47,10,10,10,11,18,27,36,53,87,105,170,157,157,118,38,9,85,13,1
Barbados,1975,1108,66,74,8,5,5,8,20,20,44,86,190,337,273,50,10,10,10,10,17,27,35,51,88,102,171,166,155,118,41,9,79,13,1
Barbados,1976,1119,62,70,8,5,5,9,20,20,45,78,186,350,281,53,10,10,10,10,17,28,32,46,86,100,173,177,160,121,44,9,75,14,1
Barbados,1977,1101,58,66,8,5,5,8,20,15,41,75,183,347,280,58,10,10,5,10,15,26,30,45,83,100,161,186,161,119,49,9,71,13,1
Barbados,1978,1106,55,62,7,3,5,8,18,20,40,69,180,349,294,63,10,8,10,10,14,26,27,42,79,101,150,199,176,118,53,10,65,13,1
Barbados,1979,1086,52,58,6,2,5,9,20,16,38,69,177,344,291,64,10,10,6,10,12,26,27,42,74,103,141,203,178,113,54,10,60,14,1
Barbados,1980,1057,50,56,6,0,4,9,16,15,33,70,167,331,289,64,6,10,5,10,11,22,29,41,69,98,129,202,179,110,53,11,56,13,1
Barbados,1981,1092,47,52,5,1,5,6,16,17,32,69,161,334,320,67,6,10,7,10,11,21,28,41,65,96,127,207,203,117,55,12,53,11,1
Barbados,1982,1132,45,50,5,0,4,5,16,18,30,68,159,344,361,70,6,10,8,10,11,19,28,40,62,97,130,214,231,130,57,13,50,9,1
Barbados,1983,1109,42,47,5,3,5,5,16,19,28,70,158,336,355,67,6,10,9,10,10,18,28,42,65,93,134,202,231,124,53,14,50,10,1
Barbados,1984,1130,40,44,4,5,5,5,15,22,28,69,156,335,381,67,5,10,10,12,11,17,27,42,65,91,134,201,250,131,52,15,49,10,1
Barbados,1985,1198,38,42,4,5,5,5,17,22,32,71,153,353,425,73,7,10,10,12,15,17,28,43,63,90,138,215,276,149,58,15,47,10,2
Barbados,1986,1189,36,40,4,5,5,5,17,22,32,69,155,355,418,68,7,10,10,12,15,17,28,41,65,90,141,214,268,150,53,15,45,10,2
Barbados,1987,1207,35,39,4,5,5,5,17,22,33,67,157,358,432,71,7,10,10,12,15,18,27,40,65,92,143,215,271,161,56,15,44,10,2
Barbados,1988,1243,33,37,4,5,5,5,14,24,36,64,150,364,461,76,5,9,10,14,16,20,27,37,60,90,138,226,278,183,61,15,42,10,2
Barbados,1989,1242,31,35,4,5,5,5,15,25,35,64,153,364,459,75,5,10,10,15,15,20,28,36,62,91,143,221,270,189,62,13,40,10,2
Barbados,1990,1292,29,33,4,5,5,5,17,25,39,62,153,364,501,88,7,10,10,15,18,21,29,33,62,91,141,223,289,212,72,16,38,10,2
Barbados,1991,1299,28,32,4,4,2,6,20,27,40,61,146,362,508,93,10,10,11,16,20,20,28,33,59,87,139,223,294,214,77,16,36,8,2
Barbados,1992,1313,27,31,4,0,2,7,20,30,41,60,145,366,513,99,10,10,12,18,20,21,28,32,59,86,136,230,299,214,83,16,31,9,2
Barbados,1993,1269,26,30,4,0,2,6,18,29,41,60,138,355,487,102,9,9,12,17,20,21,28,32,56,82,131,224,284,203,86,16,30,8,2
Barbados,1994,1292,25,29,4,0,4,5,16,30,42,62,137,355,506,106,6,10,12,18,20,22,30,32,56,81,123,232,298,208,90,16,29,9,2
Barbados,1995,1334,24,28,4,0,1,5,17,29,42,62,131,361,534,118,7,10,11,18,20,22,30,32,54,77,122,239,307,227,100,18,28,6,2
Barbados,1996,1319,23,26,3,0,1,5,16,30,49,61,126,348,535,118,6,10,12,18,24,25,29,32,54,72,117,231,308,227,99,19,26,6,2
Barbados,1997,1330,23,26,3,0,1,5,16,33,51,63,125,335,557,115,6,10,15,18,24,27,30,33,54,71,114,221,322,235,96,19,26,6,2
Barbados,1998,1329,23,25,2,0,1,5,15,33,51,63,125,327,563,120,5,10,15,18,24,27,30,33,54,71,113,214,329,234,98,22,25,6,2
Barbados,1999,1307,23,25,2,0,1,5,15,31,49,63,123,313,557,120,5,10,14,17,23,26,30,33,54,69,114,199,328,229,96,24,25,6,2
Barbados,2000,1311,23,25,2,0,1,5,19,33,55,65,122,307,544,128,6,13,13,20,25,30,30,35,54,68,119,188,316,228,102,26,25,6,3
Barbados,2001,1290,23,25,2,0,5,5,19,34,57,71,118,303,528,126,7,12,15,19,27,30,33,38,52,66,119,184,301,227,100,26,25,10,3
Barbados,2002,1296,23,25,2,0,5,5,17,34,55,74,120,303,528,127,7,10,15,19,25,30,33,41,52,68,115,188,293,235,101,26,25,10,3
Barbados,2003,1287,23,25,2,0,4,5,17,33,53,74,121,299,524,127,7,10,15,18,23,30,32,42,52,69,110,189,283,241,101,26,25,9,3
Barbados,2004,1295,23,26,3,0,5,5,18,30,54,73,116,300,529,133,8,10,14,16,24,30,31,42,51,65,104,196,282,247,105,28,26,10,4
Barbados,2005,1293,23,26,3,0,5,5,18,28,58,78,114,299,525,134,8,10,13,15,24,34,35,43,50,64,98,201,279,246,107,27,26,10,4
Barbados,2006,1258,23,26,3,0,5,5,18,29,59,78,114,285,498,138,8,10,13,16,25,34,35,43,53,61,90,195,270,228,110,28,26,10,4
Barbados,2007,1245,22,24,2,0,5,5,16,29,54,83,112,276,495,142,8,8,14,15,22,32,40,43,54,58,85,191,274,221,114,28,24,10,4
Barbados,2008,1265,22,25,3,0,0,5,12,28,56,83,114,273,506,148,5,7,13,15,23,33,39,44,53,61,81,192,284,222,120,28,25,5,4
Barbados,2009,1254,21,24,3,0,0,4,14,27,56,88,115,261,506,150,5,9,12,15,22,34,43,45,53,62,76,185,288,218,122,28,24,4,4
Barbados,2010,1292,20,23,3,0,0,4,13,31,56,94,118,259,529,159,5,8,12,19,22,34,44,50,52,66,79,180,301,228,128,31,23,4,4
Barbados,2011,1276,20,23,3,0,0,4,12,30,56,96,122,252,522,154,5,7,12,18,22,34,45,51,54,68,76,176,295,227,122,32,23,4,4
Barbados,2012,1268,19,22,3,0,0,4,11,30,55,98,125,249,519,151,5,6,12,18,21,34,45,53,54,71,75,174,290,229,118,33,22,4,4
Barbados,2013,1262,19,21,2,0,0,4,11,28,54,99,126,245,518,149,5,6,11,17,21,33,46,53,53,73,74,171,285,233,115,34,21,4,4
Barbados,2014,1251,18,20,2,0,0,4,10,28,53,99,129,240,506,150,5,5,12,16,21,32,45,54,53,76,75,165,266,240,116,34,20,4,4
Barbados,2015,1250,18,19,1,0,0,4,10,27,53,100,134,239,508,152,5,5,12,15,22,31,45,55,55,79,77,162,264,244,116,36,19,4,4
Barbados,2016,1255,17,18,1,0,0,4,10,27,51,99,138,237,510,153,5,5,12,15,20,31,44,55,56,82,77,160,268,242,118,35,18,4,5
Barbados,2017,1262,17,18,1,0,0,4,10,26,49,101,142,233,515,155,5,5,11,15,19,30,44,57,58,84,79,154,273,242,122,33,18,4,5
Barbados,2018,1276,16,17,1,0,0,4,10,26,49,100,145,234,518,166,5,5,11,15,19,30,43,57,57,88,81,153,278,240,130,36,17,4,6
Barbados,2019,1275,16,17,1,0,0,3,10,26,50,97,146,237,513,166,5,5,11,15,19,31,41,56,57,89,82,155,276,237,131,35,17,3,6
Barbados,2020,1288,15,16,1,0,0,3,10,26,48,96,151,244,515,170,5,5,11,15,17,31,41,55,58,93,84,160,276,239,133,37,16,3,6
Barbados,2021,1294,15,16,1,0,0,3,10,25,48,93,154,252,516,170,5,5,10,15,17,31,39,54,56,98,86,166,273,243,133,37,16,3,5
Belarus,1950,58151,5276,7868,2592,258,289,432,1099,1403,2917,4436,9602,15869,10695,3128,558,541,471,932,1223,1694,1870,2566,4171,5431,7281,8588,6056,4639,2343,785,8126,721,158
Belarus,1951,55960,5169,7720,2551,488,277,420,1102,1312,2789,4351,9211,14758,10202,3155,540,562,467,845,1170,1619,1885,2466,4034,5177,6870,7888,5878,4324,2376,779,8208,697,174
Belarus,1952,52385,4918,7214,2296,341,256,401,1074,1212,2614,4218,8719,13520,9554,3082,510,564,474,738,1108,1506,1864,2354,3773,4946,6371,7149,5659,3895,2296,786,7555,657,184
Belarus,1953,49828,4647,6697,2050,369,232,390,1047,1150,2480,4154,8385,12644,9084,3007,482,565,496,654,1055,1425,1844,2310,3545,4840,5996,6648,5514,3570,2196,811,7066,622,189
Belarus,1954,47570,4359,6179,1820,402,209,382,1012,1114,2359,4103,8097,11984,8649,2889,456,556,523,591,999,1360,1813,2290,3340,4757,5668,6316,5292,3357,2059,830,6581,591,188
Belarus,1955,45161,4060,5675,1615,323,192,365,972,1092,2218,4017,7760,11420,8216,2738,431,541,542,550,918,1300,1739,2278,3130,4630,5380,6040,4994,3222,1906,832,5998,557,176
Belarus,1956,43240,3764,5194,1430,394,175,342,930,1096,2083,3938,7405,11044,7886,2581,412,518,562,534,838,1245,1671,2267,2956,4449,5230,5814,4742,3144,1757,824,5588,517,169
Belarus,1957,41377,3474,4743,1269,294,174,315,887,1115,1952,3862,7062,10779,7619,2403,395,492,574,541,752,1200,1598,2264,2833,4229,5179,5600,4518,3101,1606,797,5037,489,170
Belarus,1958,35943,3197,4322,1125,285,157,251,748,1010,1623,3349,5990,9405,6624,2012,337,411,510,500,603,1020,1365,1984,2451,3539,4600,4805,3889,2735,1329,683,4607,408,165
Belarus,1959,37100,2931,3936,1005,263,175,239,767,1102,1637,3513,6194,9977,7030,2074,350,417,540,562,597,1040,1422,2091,2599,3595,4965,5012,4137,2893,1386,688,4199,414,192
Belarus,1960,33910,2684,3582,898,240,168,202,677,1039,1434,3180,5593,9218,6494,1893,309,368,494,545,531,903,1297,1883,2423,3170,4626,4592,3859,2635,1294,599,3822,370,195
Belarus,1961,33813,2456,3263,807,213,178,188,652,1063,1390,3161,5570,9389,6616,1921,292,360,485,578,538,852,1297,1864,2480,3090,4656,4733,3963,2653,1349,572,3476,366,206
Belarus,1962,35000,2208,2937,729,211,189,196,651,1123,1417,3278,5839,9949,6971,2021,283,368,494,629,594,823,1359,1919,2655,3184,4807,5142,4204,2767,1454,567,3148,385,216
Belarus,1963,35542,1936,2591,655,233,196,208,632,1147,1440,3335,6021,10292,7171,2062,261,371,489,658,657,783,1385,1950,2754,3267,4811,5481,4334,2837,1509,553,2824,404,213
Belarus,1964,33031,1665,2248,583,207,178,207,556,1052,1350,3075,5649,9661,6747,1913,218,338,437,615,660,690,1264,1811,2575,3074,4369,5292,4061,2686,1402,511,2455,385,188
Belarus,1965,33742,1466,1977,511,188,179,226,540,1062,1417,3107,5847,9961,7089,1968,204,336,434,628,724,693,1244,1863,2613,3234,4369,5592,4252,2837,1432,536,2165,405,180
Belarus,1966,34273,1326,1772,446,184,181,243,513,1056,1504,3093,6002,10093,7457,2003,192,321,430,626,783,721,1192,1901,2630,3372,4352,5741,4507,2950,1446,557,1956,424,170
Belarus,1967,34155,1231,1624,393,195,176,246,488,1027,1575,2998,6033,9966,7687,1982,194,294,419,608,809,766,1094,1904,2581,3452,4300,5666,4715,2972,1424,558,1819,422,158
Belarus,1968,35934,1159,1513,354,178,186,259,492,1048,1749,3074,6403,10427,8367,2078,215,277,434,614,868,881,1069,2005,2701,3702,4569,5858,5215,3152,1497,581,1691,445,155
Belarus,1969,35197,1099,1427,328,146,181,249,467,995,1785,2918,6289,10159,8405,2030,227,240,419,576,848,937,986,1932,2635,3654,4552,5607,5312,3093,1477,553,1573,430,146
Belarus,1970,37207,1093,1402,309,146,189,257,484,1014,1954,2974,6628,10759,9108,2146,256,228,429,585,891,1063,1015,1959,2791,3837,4958,5801,5786,3322,1584,562,1548,446,147
Belarus,1971,38350,1090,1389,299,147,187,263,499,1005,2064,2961,6808,11140,9546,2192,280,219,418,587,900,1164,1068,1893,2881,3927,5272,5868,6003,3543,1637,555,1536,450,143
Belarus,1972,39058,1072,1369,297,129,186,263,520,978,2123,2935,6916,11506,9802,2194,291,229,392,586,894,1229,1169,1766,2950,3966,5557,5949,6042,3760,1652,542,1498,449,138
Belarus,1973,39852,1051,1348,297,123,178,270,546,947,2151,2958,7032,11943,10022,2200,297,249,358,589,879,1272,1306,1652,3000,4032,5808,6135,6034,3988,1663,537,1471,448,131
Belarus,1974,40564,1067,1363,296,123,167,273,576,918,2142,3014,7096,12375,10186,2210,298,278,323,595,853,1289,1445,1569,2999,4097,6001,6374,6007,4179,1670,540,1486,440,123
Belarus,1975,42198,1063,1360,297,116,161,278,621,911,2182,3195,7262,13123,10574,2298,307,314,305,606,850,1332,1613,1582,2981,4281,6240,6883,6127,4447,1741,557,1476,439,118
Belarus,1976,43732,1077,1374,297,120,154,281,664,886,2211,3450,7329,13860,10870,2414,315,349,291,595,859,1352,1775,1675,2878,4451,6459,7401,6249,4621,1848,566,1494,435,113
Belarus,1977,44400,1092,1389,297,112,143,274,679,862,2197,3693,7197,14329,10939,2484,316,363,305,557,856,1341,1860,1833,2654,4543,6522,7807,6321,4618,1929,555,1501,417,106
Belarus,1978,46679,1101,1398,297,118,139,275,717,871,2245,4096,7320,15283,11483,2635,334,383,347,524,892,1353,1975,2121,2546,4774,6855,8428,6733,4750,2074,561,1516,414,103
Belarus,1979,46579,1098,1393,295,114,131,254,710,844,2175,4260,7046,15394,11528,2633,333,377,382,462,890,1285,1956,2304,2360,4686,6842,8552,6891,4637,2095,538,1507,385,98
Belarus,1980,49141,1093,1385,292,114,133,250,736,880,2216,4657,7131,16321,12422,2793,344,392,440,440,922,1294,2048,2609,2406,4725,7266,9055,7604,4818,2244,549,1499,383,98
Belarus,1981,49731,1063,1345,282,118,128,235,737,894,2167,4829,6941,16577,12846,2825,340,397,482,412,888,1279,2028,2801,2488,4453,7390,9187,8024,4822,2274,551,1463,363,93
Belarus,1982,49351,1049,1321,272,104,124,215,718,906,2054,4817,6671,16468,13088,2779,329,389,489,417,810,1244,1959,2858,2670,4001,7376,9092,8298,4790,2229,550,1425,339,87
Belarus,1983,52065,1042,1308,266,113,126,209,745,993,2067,5016,6947,17389,14169,2896,331,414,518,475,763,1304,1981,3035,3108,3839,7784,9605,9010,5159,2318,578,1421,335,85
Belarus,1984,53025,1019,1282,263,111,125,203,735,1059,2020,4983,7085,17635,14793,2910,313,422,520,539,687,1333,1916,3067,3458,3627,7816,9819,9365,5428,2322,588,1393,328,81
Belarus,1985,54833,979,1238,259,112,124,204,735,1143,2000,5035,7470,18014,15688,2989,303,432,532,611,641,1359,1888,3147,3844,3626,7746,10268,9780,5908,2380,609,1350,328,80
Belarus,1986,56299,980,1231,251,112,124,202,726,1227,1941,5058,8017,18058,16468,3051,291,435,546,681,609,1332,1896,3162,4206,3811,7421,10637,10132,6336,2425,626,1343,326,80
Belarus,1987,56333,910,1153,243,108,121,198,698,1244,1856,4963,8504,17532,16821,3053,271,427,542,702,626,1230,1870,3093,4358,4146,6760,10772,10193,6628,2434,619,1261,319,79
Belarus,1988,56390,871,1107,236,103,120,194,663,1260,1782,4835,8999,16990,17135,3124,252,411,550,710,681,1101,1866,2969,4410,4589,6174,10816,10276,6859,2508,616,1210,314,79
Belarus,1989,60758,809,1036,227,106,126,202,676,1358,1880,5083,10188,17762,18801,3460,262,414,598,760,824,1056,2030,3053,4752,5436,6210,11552,11212,7589,2808,652,1142,328,81
Belarus,1990,59439,741,960,219,99,120,193,628,1321,1827,4819,10390,16756,18716,3530,250,378,582,739,890,937,1966,2853,4641,5749,5894,10862,11169,7547,2900,630,1059,313,78
Belarus,1991,59510,689,898,209,105,116,189,599,1315,1842,4673,10724,16232,19054,3687,243,356,574,741,971,871,1879,2794,4566,6158,6062,10170,11368,7686,3054,633,1003,305,78
Belarus,1992,62213,669,868,199,108,118,193,595,1366,1988,4703,11374,16613,20197,4011,249,346,592,774,1046,942,1815,2888,4681,6693,6912,9701,12083,8114,3351,660,976,311,78
Belarus,1993,64936,628,818,190,92,120,201,593,1420,2193,4725,11834,17334,21225,4304,256,337,594,826,1109,1084,1700,3025,4718,7116,8028,9306,12682,8543,3604,700,910,321,78
Belarus,1994,58004,593,774,181,87,103,175,511,1239,2065,4064,10343,15652,18939,3981,222,289,496,743,982,1083,1343,2721,4004,6339,7867,7785,11193,7746,3318,663,861,278,71
Belarus,1995,60137,545,713,168,74,103,178,515,1241,2242,4037,10494,16696,19463,4305,223,292,478,763,1007,1235,1260,2777,3952,6542,8804,7892,11177,8286,3569,736,787,281,75
Belarus,1996,60681,510,665,155,83,97,172,503,1204,2367,3845,10355,17698,19109,4498,220,283,450,754,1015,1352,1181,2664,3886,6469,9488,8210,10546,8563,3702,796,748,269,76
Belarus,1997,63099,467,608,141,52,96,173,512,1201,2493,3835,10558,19560,19114,4812,224,288,431,770,1052,1441,1281,2554,3979,6579,10249,9311,10012,9102,3922,890,660,269,81
Belarus,1998,63979,456,582,126,66,90,169,507,1149,2556,3736,10410,21006,18627,4993,223,284,405,744,1084,1472,1427,2309,4017,6393,10539,10467,9340,9287,4041,952,648,259,87
Belarus,1999,67120,436,550,114,57,88,169,518,1132,2674,3833,10625,23129,18891,5354,229,289,407,725,1144,1530,1686,2147,4245,6380,11060,12069,9270,9621,4319,1035,607,257,97
Belarus,2000,64438,411,515,104,51,78,153,481,1026,2543,3651,9838,23078,17636,5290,213,268,380,646,1088,1455,1780,1871,4007,5831,10586,12492,8784,8852,4265,1025,566,231,102
Belarus,2001,68503,375,471,96,49,74,156,494,1030,2677,3913,10096,25220,18458,5746,217,277,390,640,1132,1545,2052,1861,4047,6049,11060,14160,9686,8772,4634,1112,520,230,118
Belarus,2002,71098,340,429,89,40,68,154,496,1006,2753,4217,10054,26502,19225,6025,216,280,395,611,1151,1602,2181,2036,3867,6187,11250,15252,10956,8269,4864,1161,469,222,130
Belarus,2003,69530,313,395,82,47,58,140,472,929,2662,4349,9398,25728,19331,5885,203,269,376,553,1069,1593,2146,2203,3373,6025,10569,15159,11881,7450,4741,1144,442,198,132
Belarus,2004,68589,294,370,76,34,53,127,449,878,2548,4533,8901,24880,19914,5763,190,259,356,522,974,1574,2095,2438,2948,5953,9917,14963,12892,7022,4608,1155,404,180,136
Belarus,2005,69137,274,345,71,36,48,116,435,857,2469,4791,8574,24567,21096,5665,182,253,347,510,906,1563,2094,2697,2704,5870,9534,15033,14023,7073,4461,1204,381,164,143
Belarus,2006,68080,259,324,65,29,43,102,406,816,2327,4910,7955,23688,21989,5341,169,237,331,485,827,1500,2057,2853,2511,5444,9165,14523,14716,7273,4114,1227,353,145,148
Belarus,2007,66223,249,310,61,28,38,87,376,766,2149,4788,7404,22541,22637,4943,155,221,310,456,735,1414,1984,2804,2596,4808,8761,13780,14877,7760,3703,1240,338,125,152
Belarus,2008,66659,236,295,59,24,37,76,356,749,2021,4826,7163,22062,24070,4819,143,213,304,445,679,1342,2020,2806,2893,4270,8773,13289,15326,8744,3536,1283,319,113,162
Belarus,2009,67812,226,282,56,23,32,70,336,735,1914,4853,7135,21808,25583,4860,133,203,302,433,661,1253,2048,2805,3305,3830,8943,12865,15716,9867,3537,1323,305,102,178
Belarus,2010,68771,206,262,56,26,29,65,317,719,1823,4859,7216,21396,26857,5004,122,195,296,423,652,1171,2040,2819,3676,3540,8890,12506,15986,10871,3677,1327,288,94,194
Belarus,2011,67088,191,245,54,23,28,59,290,678,1677,4677,7142,20202,26781,5081,108,182,278,400,618,1059,1938,2739,3853,3289,8192,12010,15398,11383,3825,1256,268,87,204
Belarus,2012,65022,186,239,53,17,25,52,259,636,1525,4453,7202,18792,26274,5327,92,167,259,377,582,943,1820,2633,3774,3428,7237,11555,14673,11601,4137,1190,256,77,218
Belarus,2013,65892,179,231,52,23,24,49,239,629,1460,4439,7703,18260,26640,5959,82,157,253,376,575,885,1738,2701,3813,3890,6511,11749,14405,12235,4769,1190,254,73,240
Belarus,2014,63756,169,220,51,18,20,42,213,589,1357,4162,7893,17029,25566,6398,74,139,233,356,535,822,1550,2612,3631,4262,5579,11450,13425,12141,5223,1175,238,62,246
Belarus,2015,63870,159,209,50,18,20,40,194,570,1325,4004,8301,16383,25485,7070,67,127,225,345,518,807,1434,2570,3596,4705,5101,11282,13066,12419,5818,1252,227,60,252
Belarus,2016,63993,145,194,49,18,17,37,179,550,1292,3850,8681,15589,25541,7789,63,116,214,336,506,786,1338,2512,3589,5092,4871,10718,13062,12479,6393,1396,212,54,256
Belarus,2017,64265,121,168,47,15,18,34,159,531,1272,3695,8788,15120,25718,8491,56,103,205,326,497,775,1242,2453,3584,5204,5268,9852,13209,12509,6886,1605,183,52,259
Belarus,2018,64574,102,145,43,16,17,34,144,511,1254,3495,8912,14774,25817,9191,53,91,192,319,492,762,1163,2332,3666,5246,5959,8815,13462,12355,7346,1845,161,51,264
Belarus,2019,65097,90,128,38,13,17,31,135,488,1236,3317,8942,14752,25914,9843,48,87,180,308,491,745,1137,2180,3707,5235,6841,7911,13759,12155,7717,2126,141,48,280
Belarus,2020,77560,81,117,36,13,15,31,135,554,1426,3649,10348,17767,31325,11854,47,88,195,359,576,850,1303,2346,4239,6109,8986,8781,16565,14760,9212,2642,130,46,327
Belarus,2021,76856,73,105,32,20,14,31,142,561,1462,3711,10857,18751,29279,11573,49,93,195,366,587,875,1358,2353,4398,6459,10088,8663,15368,13911,8778,2795,125,45,354
Belgium,1950,50697,3248,3698,450,143,133,249,886,1163,2523,4972,9284,15557,10591,1483,388,498,419,744,1002,1521,2097,2875,3761,5523,7366,8191,6885,3706,1268,215,3841,382,13
Belgium,1951,51768,2949,3424,475,172,124,184,768,1063,2354,4845,9453,16373,11339,1653,351,417,399,664,963,1391,2090,2755,3766,5687,7551,8822,7187,4152,1431,222,3596,308,17
Belgium,1952,48724,2797,3227,430,142,106,153,633,867,2176,4553,8811,15523,10964,1552,259,374,406,461,822,1354,1931,2622,3699,5112,7208,8315,6923,4041,1351,201,3369,259,17
Belgium,1953,49475,2623,2987,364,129,93,134,567,830,2073,4446,9013,16034,11635,1516,254,313,387,443,791,1282,1840,2606,3645,5368,7317,8717,7241,4394,1309,207,3116,227,18
Belgium,1954,49267,2640,2993,353,168,97,115,538,791,2124,4515,8835,15730,11683,1660,230,308,435,356,849,1275,1891,2624,3614,5221,7094,8636,7442,4241,1423,237,3161,212,21
Belgium,1955,50827,2501,2870,369,180,105,133,511,801,1984,4490,8769,16387,12706,1867,220,291,394,407,764,1220,1819,2671,3606,5163,7406,8981,8012,4694,1596,271,3050,238,22
Belgium,1956,50884,2421,2785,364,147,105,114,413,791,1789,4490,8948,16368,12956,1957,160,253,360,431,689,1100,1822,2668,3758,5190,7473,8895,8216,4740,1670,287,2932,219,22
Belgium,1957,50356,2331,2635,304,156,106,143,463,822,1767,4536,8945,16115,12778,1872,208,255,355,467,626,1141,1830,2706,3699,5246,7408,8707,8076,4702,1601,271,2791,249,20
Belgium,1958,49720,2052,2348,296,163,110,154,409,807,1655,4389,8555,15944,13227,1939,170,239,358,449,565,1090,1774,2615,3635,4920,7224,8720,8314,4913,1661,278,2511,264,22
Belgium,1959,48520,1991,2344,353,157,107,128,399,832,1573,4171,8572,15227,12999,1985,159,240,321,511,483,1090,1605,2566,3650,4922,6859,8368,8079,4920,1690,295,2501,235,24
Belgium,1960,52935,1981,2271,290,129,110,111,413,785,1527,4202,9397,17151,14403,2411,185,228,326,459,486,1041,1595,2607,3962,5435,7632,9519,8842,5561,2045,366,2400,221,30
Belgium,1961,49506,1870,2129,259,145,93,108,384,781,1446,3963,8902,15865,13551,2110,158,226,295,486,486,960,1562,2401,3716,5186,7018,8847,8287,5264,1781,329,2274,201,27
Belgium,1962,52651,1836,2104,268,165,107,121,368,812,1490,4121,9364,16771,14717,2479,175,193,311,501,575,915,1620,2501,3816,5548,7306,9465,8781,5936,2090,389,2269,228,31
Belgium,1963,54470,1851,2118,267,121,112,130,321,762,1536,4076,9693,17189,15730,2648,128,193,310,452,691,845,1559,2517,3909,5784,7661,9528,9448,6282,2237,411,2239,242,33
Belgium,1964,51157,1722,1970,248,149,86,143,379,766,1472,3930,9201,16228,14360,2441,173,206,289,477,679,793,1580,2350,3650,5551,7281,8947,8635,5725,2062,379,2119,229,32
Belgium,1965,53517,1565,1818,253,131,130,156,350,762,1513,3955,9555,16966,15380,2758,167,183,311,451,687,826,1546,2409,3907,5648,7657,9309,9323,6057,2331,427,1949,286,37
Belgium,1966,54169,1587,1833,246,145,99,156,366,692,1583,3859,9647,17032,15780,2931,162,204,258,434,738,845,1484,2375,3849,5798,7674,9358,9513,6267,2464,467,1978,255,42
Belgium,1967,53603,1354,1597,243,141,91,151,350,674,1609,3661,9460,17305,15530,2987,178,172,260,414,691,918,1334,2327,3741,5719,8015,9290,9301,6229,2529,458,1738,242,42
Belgium,1968,57061,1255,1504,249,146,131,164,372,674,1562,3727,9685,18545,17161,3347,195,177,265,409,671,891,1286,2441,3780,5905,8401,10144,10058,7103,2813,534,1650,295,46
Belgium,1969,56191,1190,1439,249,134,125,152,397,644,1787,3516,9751,18513,16534,3153,186,211,242,402,648,1139,1181,2335,3724,6027,8501,10012,9739,6795,2643,510,1573,277,44
Belgium,1970,55928,1233,1449,216,130,113,149,361,698,1802,3389,9787,18473,16314,3216,178,183,274,424,686,1116,1109,2280,3773,6014,8355,10118,9703,6611,2675,541,1579,262,47
Belgium,1971,56174,1171,1385,214,128,103,168,395,636,1688,3329,9423,18535,16951,3382,215,180,231,405,646,1042,1211,2118,3650,5773,8438,10097,9947,7004,2806,576,1513,271,50
Belgium,1972,55002,1078,1299,221,125,100,213,408,570,1657,3318,9084,18194,16472,3509,193,215,201,369,658,999,1305,2013,3493,5591,8165,10029,9782,6690,2905,604,1424,313,54
Belgium,1973,55648,958,1138,180,134,88,178,396,580,1631,3238,8816,18670,17206,3523,195,201,224,356,601,1030,1515,1723,3389,5427,8224,10446,10073,7133,2933,590,1272,266,54
Belgium,1974,55075,880,1060,180,106,99,172,400,571,1607,3173,8386,18441,17326,3673,206,194,218,353,615,992,1609,1564,3233,5153,7956,10485,10186,7140,3046,627,1166,271,60
Belgium,1975,56850,795,947,152,81,89,174,399,577,1618,3249,8418,19159,18229,3846,186,213,227,350,619,999,1581,1668,3118,5300,8312,10847,10850,7379,3179,667,1028,263,65
Belgium,1976,56469,770,934,164,93,95,175,409,614,1576,3208,8017,18987,18259,4033,194,215,259,355,592,984,1533,1675,2919,5098,8122,10865,10686,7573,3316,717,1027,270,68
Belgium,1977,53476,683,824,141,108,80,188,410,621,1509,3278,7384,17984,17430,3596,183,227,269,352,560,949,1473,1805,2694,4690,7722,10262,10399,7031,2942,654,932,268,63
Belgium,1978,55141,647,774,127,110,115,165,427,636,1538,3410,7168,17914,18713,4095,198,229,276,360,585,953,1416,1994,2455,4713,7444,10470,11015,7698,3332,763,884,280,73
Belgium,1979,53254,660,832,172,100,89,186,454,573,1458,3486,6431,17407,18213,3948,231,223,255,318,541,917,1433,2053,2090,4341,7272,10135,10744,7469,3188,760,932,275,75
Belgium,1980,54221,632,785,153,78,91,158,420,634,1389,3421,6545,17297,19083,4235,204,216,289,345,543,846,1350,2071,2108,4437,7081,10216,11109,7974,3415,820,863,249,83
Belgium,1981,53826,556,694,138,78,75,144,397,612,1297,3377,6458,16907,19334,4368,196,201,296,316,471,826,1329,2048,2288,4170,6772,10135,11152,8182,3541,827,772,219,88
Belgium,1982,54307,573,684,111,74,76,143,409,599,1247,3416,6215,16684,20119,4547,183,226,255,344,489,758,1386,2030,2454,3761,6662,10022,11444,8675,3692,855,758,219,95
Belgium,1983,56010,510,614,104,67,75,148,367,674,1319,3272,6175,16886,21411,4900,185,182,279,395,516,803,1338,1934,2712,3463,6697,10189,12002,9409,3960,940,681,223,107
Belgium,1984,53720,456,562,106,59,72,137,355,609,1254,3080,5791,15911,20689,5088,163,192,256,353,476,778,1175,1905,2829,2962,6332,9579,11712,8977,4097,991,621,209,117
Belgium,1985,54352,474,562,88,66,67,128,366,598,1284,2904,5767,15757,21171,5550,151,215,239,359,490,794,1157,1747,2836,2931,6167,9590,11754,9417,4442,1108,628,195,132
Belgium,1986,54913,431,518,87,59,50,115,356,663,1226,2931,6002,15255,21855,5752,176,180,260,403,514,712,1087,1844,2808,3194,5860,9395,12048,9807,4625,1127,577,165,131
Belgium,1987,51672,468,551,83,55,56,118,388,629,1188,2754,5777,13857,20649,5527,169,219,263,366,467,721,1046,1708,2542,3235,5207,8650,11303,9346,4436,1091,606,174,129
Belgium,1988,51281,467,548,81,40,50,104,390,597,1186,2663,6010,13186,20477,5890,189,201,249,348,565,621,1051,1612,2469,3541,4551,8635,10963,9514,4689,1201,588,154,146
Belgium,1989,53224,408,485,77,55,54,116,365,627,1170,2651,6308,12683,21754,6780,174,191,270,357,535,635,984,1667,2477,3831,4123,8560,11442,10312,5358,1422,540,170,176
Belgium,1990,51410,407,493,86,64,53,99,344,639,1249,2483,5964,12111,20965,6770,171,173,245,394,589,660,938,1545,2306,3658,3984,8127,10820,10145,5355,1415,557,152,174
Belgium,1991,51682,446,521,75,42,48,112,334,589,1245,2335,5979,11998,21132,7157,157,177,273,316,569,676,893,1442,2356,3623,4346,7652,10911,10221,5626,1531,563,160,190
Belgium,1992,51519,427,498,71,43,43,104,311,640,1270,2346,5863,11634,21056,7506,155,156,265,375,553,717,905,1441,2310,3553,4595,7039,10716,10340,5869,1637,541,147,206
Belgium,1993,53084,378,437,59,47,48,102,331,563,1292,2262,5709,11513,22169,8380,147,184,211,352,564,728,897,1365,2171,3538,5115,6398,11100,11069,6554,1826,484,150,232
Belgium,1994,51593,363,421,58,40,47,106,308,606,1316,2332,5634,10976,21317,8261,135,173,236,370,561,755,943,1389,2184,3450,5411,5565,10481,10836,6439,1822,461,153,234
Belgium,1995,52007,261,331,70,43,57,105,289,609,1370,2222,5628,11335,21027,8738,141,148,252,357,570,800,864,1358,2214,3414,5493,5842,10181,10846,6744,1994,374,162,260
Belgium,1996,52065,255,316,61,29,50,101,290,587,1381,2217,5167,11177,21254,9215,116,174,232,355,548,833,950,1267,1920,3247,5252,5925,10116,11138,7058,2157,345,151,282
Belgium,1997,52059,286,339,53,38,39,104,253,581,1331,2331,5114,11601,20561,9474,113,140,228,353,523,808,1071,1260,1907,3207,5015,6586,9445,11116,7220,2254,377,143,296
Belgium,1998,52614,262,329,67,54,47,78,244,571,1394,2381,5107,12508,19874,9718,110,134,216,355,578,816,1133,1248,1891,3216,5084,7424,8495,11379,7355,2363,383,125,314
Belgium,1999,52646,231,279,48,39,47,86,255,521,1332,2271,4937,12674,19366,10475,125,130,182,339,555,777,1074,1197,1871,3066,4890,7784,7904,11462,7818,2657,318,133,365
Belgium,2000,52807,252,306,54,26,46,96,270,555,1329,2350,4764,12674,19304,10705,136,134,214,341,533,796,1089,1261,1870,2894,4877,7797,7882,11422,7967,2738,332,142,385
Belgium,2001,52143,224,289,65,44,41,95,242,527,1307,2452,4570,12357,18977,10821,110,132,189,338,528,779,1139,1313,1713,2857,4723,7634,8201,10776,7992,2829,333,136,417
Belgium,2002,53496,205,258,53,34,42,82,239,499,1273,2580,4571,12200,19665,11578,102,137,189,310,495,778,1172,1408,1770,2801,4620,7580,9316,10349,8477,3101,292,124,473
Belgium,2003,54513,196,258,62,25,35,68,244,441,1251,2628,4459,12396,20239,11969,112,132,167,274,481,770,1122,1506,1760,2699,4683,7713,10640,9599,8732,3237,283,103,499
Belgium,2004,51373,204,249,45,25,35,66,205,455,1208,2596,4106,11503,19082,11348,89,116,157,298,468,740,1161,1435,1601,2505,4331,7172,10750,8332,8258,3090,274,101,494
Belgium,2005,52158,197,247,50,37,29,64,175,447,1256,2620,4258,11252,19790,11465,75,100,174,273,487,769,1153,1467,1714,2544,4311,6941,10902,8888,8289,3176,284,93,518
Belgium,2006,51201,223,270,47,28,32,76,189,429,1204,2624,4149,10857,19977,10833,71,118,164,265,453,751,1126,1498,1729,2420,3974,6883,10561,9416,7668,3165,298,108,532
Belgium,2007,51768,208,252,44,24,40,78,202,449,1269,2705,4176,10756,20722,10521,92,110,162,287,472,797,1189,1516,1875,2301,3981,6775,10283,10439,7219,3302,276,118,569
Belgium,2008,52846,212,252,40,24,27,84,206,383,1221,2725,4316,10476,22207,10305,77,129,125,258,457,764,1143,1582,1970,2346,3740,6736,10434,11773,6766,3539,276,111,620
Belgium,2009,52867,191,239,48,33,27,74,209,397,1203,2732,4457,10228,22739,9910,91,118,156,241,451,752,1179,1553,2046,2411,3752,6476,10245,12494,6330,3580,272,101,624
Belgium,2010,53258,189,229,40,18,26,58,230,403,1166,2660,4590,9899,22817,10500,97,133,149,254,428,738,1162,1498,2153,2437,3605,6294,10075,12742,6808,3692,247,84,666
Belgium,2011,52798,196,235,39,32,27,66,195,378,1141,2779,4552,9473,22427,10839,85,110,159,219,384,757,1121,1658,2159,2393,3542,5931,9790,12637,7542,3297,267,93,654
Belgium,2012,55243,194,238,44,31,28,62,163,358,1046,2778,4689,9331,23347,12438,82,81,142,216,378,668,1171,1607,2076,2613,3566,5765,10062,13285,9165,3273,269,90,733
Belgium,2013,55490,184,231,47,26,18,58,187,384,1074,2769,4884,9125,23024,12950,77,110,127,257,386,688,1116,1653,2107,2777,3412,5713,9960,13064,9947,3003,257,76,759
Belgium,2014,53160,173,210,37,19,25,51,161,352,1052,2551,4816,8611,21477,13060,67,94,127,225,408,644,1066,1485,2030,2786,3237,5374,9328,12149,10205,2855,229,76,776
Belgium,2015,57120,172,216,44,27,30,50,171,351,1015,2654,5117,8956,22636,15055,78,93,146,205,364,651,1030,1624,2273,2844,3375,5581,9655,12981,11533,3522,243,80,845
Belgium,2016,54769,138,183,45,23,14,51,177,341,950,2527,4991,8616,21457,14721,66,111,143,198,324,626,1045,1482,2170,2821,3393,5223,8914,12543,10893,3828,206,65,721
Belgium,2017,56004,187,220,33,24,24,53,161,364,912,2409,5014,8898,21548,15702,73,88,145,219,304,608,968,1441,2166,2848,3783,5115,8677,12871,11250,4452,244,77,675
Belgium,2018,56840,190,227,37,23,20,46,154,357,925,2417,5149,8886,21410,16562,65,89,142,215,342,583,940,1477,2261,2888,3884,5002,8601,12809,11483,5079,250,66,664
Belgium,2019,55818,182,212,30,21,22,51,148,320,848,2346,5033,8866,20845,16444,68,80,127,193,307,541,929,1417,2183,2850,4057,4809,8267,12578,11244,5200,233,73,654
Belgium,2020,65028,172,201,29,18,38,50,132,330,892,2381,5345,10217,24438,20108,54,78,129,201,339,553,916,1465,2223,3122,4550,5667,9826,14612,13727,6381,219,88,873
Belgium,2021,54276,174,202,28,21,21,41,152,359,856,2132,5206,9648,18516,16259,69,83,146,213,338,518,826,1306,2135,3071,4340,5308,7470,11046,11001,5258,223,62,864
Belize,1950,540,204,274,70,14,6,10,20,24,30,40,50,47,20,4,10,10,10,14,15,15,19,21,25,25,25,22,12,8,4,0,288,16,0
Belize,1951,562,218,293,75,16,6,10,20,23,30,41,52,48,21,4,10,10,10,13,15,15,19,22,25,27,25,23,14,7,4,0,309,16,0
Belize,1952,579,216,296,80,14,7,10,20,23,30,42,55,52,22,3,10,10,10,13,15,15,19,23,25,30,28,24,15,7,3,0,310,17,0
Belize,1953,584,212,293,81,19,7,10,20,22,30,44,55,55,22,3,10,10,10,12,15,15,20,24,25,30,30,25,16,6,3,0,312,17,0
Belize,1954,568,209,289,80,17,6,10,20,21,30,40,53,55,22,3,10,10,10,11,15,15,18,22,25,28,30,25,16,6,3,0,306,16,0
Belize,1955,575,206,288,82,19,8,10,20,20,30,42,54,56,26,3,10,10,10,10,15,15,20,22,25,29,30,26,19,7,3,0,307,18,0
Belize,1956,563,202,279,77,17,6,9,20,20,29,41,54,57,27,2,10,10,10,10,14,15,19,22,25,29,30,27,20,7,2,0,296,15,0
Belize,1957,552,199,275,76,17,6,9,20,20,27,40,53,58,28,2,10,10,10,10,12,15,19,21,25,28,30,28,21,7,2,0,292,15,0
Belize,1958,536,196,270,74,17,6,7,20,20,26,37,49,58,30,1,10,10,10,10,11,15,17,20,24,25,30,28,21,9,1,0,287,13,0
Belize,1959,519,193,266,73,17,6,5,14,20,24,34,47,53,30,2,5,9,10,10,10,14,15,19,22,25,28,25,21,9,2,0,283,11,0
Belize,1960,516,189,258,69,17,5,5,14,20,24,35,47,56,30,2,5,9,10,10,10,14,15,20,22,25,27,29,21,9,2,0,275,10,0
Belize,1961,684,206,309,103,43,19,14,24,30,34,48,58,66,37,3,10,14,15,15,15,19,23,25,28,30,34,32,26,11,3,0,352,33,0
Belize,1962,523,185,251,66,17,7,8,13,20,23,37,49,60,37,3,5,8,10,10,10,13,17,20,23,26,30,30,26,11,3,0,268,15,0
Belize,1963,522,182,248,66,17,7,9,12,20,23,37,50,60,40,3,5,7,10,10,10,13,17,20,23,27,30,30,26,14,3,0,265,16,0
Belize,1964,527,179,244,65,17,8,10,10,17,22,37,53,60,42,4,5,5,7,10,10,12,17,20,24,29,30,30,28,14,4,0,261,18,0
Belize,1965,528,176,241,65,17,10,10,10,16,22,37,53,60,43,5,5,5,6,10,10,12,17,20,24,29,30,30,28,15,5,0,258,20,0
Belize,1966,529,173,237,64,17,10,10,11,16,22,37,53,61,45,6,6,5,6,10,10,12,17,20,24,29,31,30,28,17,6,0,254,20,0
Belize,1967,523,170,232,62,17,10,10,11,14,21,36,53,64,45,6,6,5,5,9,10,11,16,20,24,29,34,30,28,17,6,0,249,20,0
Belize,1968,521,166,225,59,18,10,10,12,14,21,37,54,66,48,7,7,5,5,9,10,11,16,21,25,29,35,31,29,19,7,0,243,20,0
Belize,1969,515,162,220,58,18,10,10,12,13,20,35,53,67,48,8,7,5,5,8,10,10,15,20,25,28,35,32,29,19,7,1,238,20,0
Belize,1970,501,156,211,55,17,10,10,13,12,20,33,53,67,48,8,8,5,5,7,10,10,14,19,25,28,35,32,29,19,7,1,228,20,0
Belize,1971,502,154,203,49,17,10,10,14,11,20,33,53,70,50,10,9,5,5,6,10,10,14,19,25,28,36,34,30,20,9,1,220,20,0
Belize,1972,503,152,198,46,17,10,10,15,11,20,33,53,73,52,10,10,5,5,6,10,10,14,19,25,28,37,36,31,21,9,1,215,20,0
Belize,1973,492,149,192,43,14,10,10,15,10,20,31,54,72,51,11,10,5,5,5,10,10,13,18,24,30,36,36,30,21,9,2,206,20,0
Belize,1974,496,147,188,41,14,10,10,17,10,19,31,54,73,54,12,10,7,5,5,9,10,13,18,24,30,35,38,33,21,10,2,202,20,0
Belize,1975,484,145,184,39,14,10,10,15,10,18,29,53,71,54,12,9,6,5,5,8,10,12,17,23,30,33,38,33,21,10,2,198,20,0
Belize,1976,474,144,182,38,12,10,10,14,10,17,28,51,70,54,13,9,5,5,5,7,10,12,16,22,29,33,37,33,21,10,3,194,20,0
Belize,1977,472,143,180,37,13,10,10,14,10,16,27,51,69,54,14,9,5,5,5,6,10,11,16,22,29,32,37,33,21,11,3,193,20,0
Belize,1978,476,141,178,37,12,10,10,16,10,16,26,50,72,58,14,10,6,5,5,6,10,11,15,21,29,35,37,35,23,11,3,190,20,0
Belize,1979,473,139,176,37,11,9,10,17,10,15,25,49,72,60,15,10,7,5,5,5,10,10,15,21,28,35,37,36,24,12,3,187,19,1
Belize,1980,477,136,169,33,11,8,10,19,10,15,26,50,73,63,16,10,9,5,5,5,10,11,15,21,29,35,38,38,25,12,4,180,18,1
Belize,1981,479,133,165,32,11,7,10,20,10,15,28,50,76,66,17,10,10,5,5,5,10,13,15,21,29,38,38,39,27,13,4,176,17,1
Belize,1982,498,131,163,32,11,7,11,20,13,16,30,51,82,72,18,10,10,8,5,6,10,14,16,22,29,41,41,44,28,14,4,174,18,1
Belize,1983,492,126,156,30,11,7,10,20,14,16,29,50,82,74,18,10,10,9,5,6,10,13,16,21,29,41,41,43,31,14,4,167,17,1
Belize,1984,470,120,149,29,11,5,10,20,13,15,27,47,80,69,18,10,10,7,6,5,10,12,15,20,27,39,41,40,29,14,4,160,15,1
Belize,1985,472,114,141,27,11,6,10,20,18,16,27,48,83,70,18,10,10,10,8,6,10,12,15,21,27,39,44,40,30,14,4,152,16,1
Belize,1986,455,110,135,25,10,5,10,20,18,15,26,47,81,71,18,10,10,9,9,5,10,11,15,20,27,36,45,40,31,14,4,145,15,1
Belize,1987,447,104,128,24,8,5,10,20,20,15,25,44,79,72,19,10,10,10,10,5,10,10,15,19,25,35,44,41,31,14,5,136,15,1
Belize,1988,442,100,122,22,8,5,9,20,20,15,25,44,79,73,21,10,10,10,10,6,9,10,15,19,25,34,45,42,31,16,5,130,14,1
Belize,1989,443,96,117,21,7,5,9,20,20,20,25,48,78,75,23,10,10,10,10,10,10,10,15,21,27,33,45,44,31,17,6,124,14,1
Belize,1990,460,92,111,19,8,6,10,20,20,20,27,48,83,84,24,10,10,10,10,10,10,11,16,21,27,37,46,50,34,18,6,119,16,1
Belize,1991,483,86,105,19,9,7,10,23,21,20,30,55,88,94,27,10,13,11,10,10,10,14,16,24,31,40,48,57,37,20,7,114,17,1
Belize,1992,503,81,98,17,10,9,10,24,24,20,33,56,91,100,29,10,14,14,10,10,10,15,18,24,32,42,49,60,40,22,7,108,19,1
Belize,1993,495,76,91,15,10,8,10,24,26,21,32,55,87,99,28,10,14,15,11,11,10,14,18,23,32,41,46,59,40,21,7,101,18,1
Belize,1994,465,71,85,14,9,6,10,23,25,21,30,52,81,93,27,10,13,14,11,10,11,13,17,22,30,38,43,53,40,20,7,94,16,1
Belize,1995,487,69,83,14,10,7,10,24,29,26,32,56,86,97,28,10,14,15,14,11,15,15,17,24,32,41,45,51,46,21,7,93,17,1
Belize,1996,488,67,81,14,9,7,10,25,30,30,34,57,91,93,28,10,15,15,15,15,15,15,19,24,33,44,47,47,46,21,7,90,17,1
Belize,1997,530,66,78,12,8,10,10,28,30,32,35,63,102,101,29,13,15,15,15,15,17,15,20,26,37,48,54,51,50,22,7,86,20,1
Belize,1998,569,66,80,14,10,10,11,30,35,35,43,68,113,104,31,15,15,15,20,16,19,20,23,28,40,53,60,55,49,24,7,90,21,1
Belize,1999,573,64,75,11,6,10,10,30,36,40,43,71,117,104,32,15,15,16,20,20,20,21,22,30,41,54,63,59,45,25,7,81,20,1
Belize,2000,597,64,77,13,10,10,12,32,39,40,47,74,125,105,32,15,17,19,20,20,20,24,23,31,43,57,68,64,41,25,7,87,22,1
Belize,2001,620,64,78,14,10,10,13,32,41,47,50,75,128,108,31,15,17,20,21,24,23,25,25,31,44,58,70,70,38,25,6,88,23,1
Belize,2002,610,61,72,11,5,7,12,31,40,50,52,76,129,110,29,15,16,20,20,25,25,27,25,32,44,59,70,72,38,24,5,77,19,1
Belize,2003,622,59,70,11,5,7,12,31,41,50,58,77,133,113,27,15,16,20,21,25,25,28,30,33,44,62,71,74,39,22,5,75,19,1
Belize,2004,629,58,69,11,5,6,12,32,41,52,60,78,133,117,25,15,17,20,21,25,27,29,31,33,45,61,72,75,42,20,5,74,18,1
Belize,2005,650,58,69,11,5,6,12,32,42,56,65,82,137,123,23,15,17,20,22,26,30,30,35,36,46,62,75,77,46,18,5,74,18,1
Belize,2006,622,56,67,11,5,5,10,30,37,55,64,78,130,120,21,15,15,17,20,25,30,30,34,35,43,59,71,74,46,16,5,72,15,1
Belize,2007,608,55,65,10,5,5,9,27,36,54,64,76,125,119,21,12,15,16,20,24,30,30,34,35,41,56,69,72,47,16,5,70,14,1
Belize,2008,604,55,67,12,5,5,9,26,35,53,64,76,121,117,20,11,15,15,20,23,30,30,34,35,41,54,67,70,47,16,4,72,14,1
Belize,2009,588,53,63,10,5,5,7,25,34,50,65,77,117,116,21,10,15,15,19,22,28,32,33,37,40,52,65,70,46,17,4,68,12,1
Belize,2010,587,51,61,10,5,5,7,24,33,49,70,80,115,117,24,10,14,15,18,21,28,35,35,39,41,51,64,69,48,20,4,66,12,1
Belize,2011,595,51,61,10,5,5,6,24,32,50,70,82,115,122,25,10,14,15,17,22,28,35,35,41,41,52,63,71,51,21,4,66,11,1
Belize,2012,596,50,58,8,5,5,5,23,32,50,72,87,112,122,28,10,13,15,17,22,28,37,35,42,45,51,61,70,52,23,5,63,10,1
Belize,2013,613,48,56,8,5,5,5,23,32,50,78,89,114,127,30,9,14,15,17,22,28,38,40,44,45,53,61,72,55,25,5,61,10,1
Belize,2014,634,47,55,8,5,5,5,22,33,50,83,96,119,133,32,8,14,15,18,22,28,39,44,46,50,55,64,73,60,26,6,60,10,1
Belize,2015,650,45,52,7,5,5,5,21,32,52,84,101,121,136,37,8,13,15,17,22,30,39,45,47,54,57,64,74,62,30,7,57,10,1
Belize,2016,665,43,50,7,5,5,5,20,32,52,88,108,126,138,40,7,13,15,17,22,30,39,49,50,58,60,66,74,64,32,8,55,10,1
Belize,2017,681,41,48,7,5,5,5,19,32,52,92,115,132,140,42,7,12,15,17,22,30,39,53,54,61,65,67,74,66,33,9,53,10,1
Belize,2018,697,39,46,7,5,5,5,17,32,53,94,117,136,142,46,6,11,15,17,22,31,40,54,55,62,68,68,74,68,37,9,51,10,1
Belize,2019,708,34,40,6,5,5,5,15,32,53,94,124,144,143,50,5,10,15,17,22,31,40,54,60,64,73,71,75,68,39,11,45,10,1
Belize,2020,787,31,37,6,5,5,10,40,52,66,126,141,131,130,42,12,28,27,25,26,40,56,70,68,73,74,57,70,60,33,9,42,15,1
Belize,2021,977,31,38,7,5,5,12,48,61,82,156,182,167,166,56,16,32,31,30,32,50,70,86,89,93,94,73,88,78,44,12,43,17,2
Benin,1950,37357,8512,14822,6310,1875,832,753,1552,1743,1816,2310,3553,5742,2303,50,754,798,854,889,906,910,1056,1254,1572,1981,2574,3168,1895,408,48,2,16697,1585,0
Benin,1951,37335,8790,14896,6106,1901,850,764,1561,1741,1803,2305,3503,5437,2528,46,762,799,853,888,901,902,1050,1255,1563,1940,2431,3006,2001,527,44,2,16797,1614,0
Benin,1952,37078,8799,14891,6092,1897,861,770,1561,1729,1784,2289,3447,5089,2716,45,766,795,847,882,890,894,1034,1255,1546,1901,2310,2779,2095,621,42,3,16788,1631,0
Benin,1953,36764,8844,14954,6110,1862,870,772,1557,1707,1757,2257,3388,4746,2842,55,768,789,835,872,875,882,1009,1248,1523,1865,2211,2535,2146,696,52,3,16816,1642,0
Benin,1954,36799,8892,15066,6174,1829,894,790,1579,1721,1760,2256,3387,4513,2919,81,783,796,840,881,875,885,1000,1256,1526,1861,2157,2356,2152,767,78,3,16895,1684,0
Benin,1955,36573,8962,15206,6244,1778,903,798,1581,1704,1740,2226,3347,4282,2894,113,787,794,831,873,866,874,982,1244,1514,1833,2089,2193,2073,821,111,2,16984,1701,0
Benin,1956,36222,9043,15314,6271,1753,900,800,1574,1673,1706,2180,3294,4079,2806,143,786,788,817,856,850,856,961,1219,1495,1799,2025,2054,1942,864,142,1,17067,1700,0
Benin,1957,36224,9136,15449,6313,1765,907,817,1593,1672,1702,2163,3291,3972,2724,168,796,797,817,855,851,851,958,1205,1502,1789,2001,1971,1811,913,167,1,17214,1724,0
Benin,1958,35993,9227,15577,6350,1764,891,824,1592,1652,1675,2120,3257,3853,2597,191,796,796,809,843,841,834,944,1176,1493,1764,1963,1890,1659,938,187,4,17341,1715,0
Benin,1959,35973,9320,15724,6404,1798,872,838,1610,1645,1666,2093,3247,3785,2480,213,806,804,809,836,839,827,938,1155,1491,1756,1947,1838,1544,936,205,8,17522,1710,0
Benin,1960,36016,9421,15885,6464,1836,853,852,1634,1646,1661,2074,3242,3735,2366,236,820,814,811,835,838,823,933,1141,1487,1755,1936,1799,1457,909,223,13,17721,1705,0
Benin,1961,36100,9558,16094,6536,1863,843,861,1652,1643,1650,2055,3230,3696,2255,259,831,821,814,829,832,818,926,1129,1475,1755,1925,1771,1391,864,242,17,17957,1704,0
Benin,1962,36153,9660,16256,6596,1894,838,865,1674,1644,1644,2038,3214,3663,2145,276,845,829,819,825,828,816,917,1121,1455,1759,1912,1751,1337,808,256,20,18150,1703,0
Benin,1963,36078,9714,16383,6669,1912,834,854,1685,1638,1627,2011,3178,3625,2044,286,855,830,820,818,818,809,903,1108,1421,1757,1895,1730,1297,747,265,21,18295,1688,0
Benin,1964,36176,9760,16496,6736,1954,852,837,1714,1646,1622,2001,3165,3621,1975,292,872,842,829,817,814,808,897,1104,1404,1761,1895,1726,1271,704,265,27,18450,1689,0
Benin,1965,36096,9788,16573,6785,1975,863,812,1726,1642,1603,1977,3126,3600,1914,285,879,847,829,813,804,799,887,1090,1379,1747,1887,1713,1245,669,257,28,18548,1675,0
Benin,1966,35962,9779,16609,6830,1997,866,795,1733,1637,1584,1947,3076,3578,1865,276,880,853,829,808,794,790,875,1072,1354,1722,1879,1699,1225,640,244,32,18606,1661,0
Benin,1967,35957,9757,16641,6884,2033,876,786,1749,1644,1571,1932,3040,3582,1840,261,882,867,834,810,789,782,872,1060,1342,1698,1888,1694,1218,622,228,33,18674,1662,0
Benin,1968,35805,9752,16654,6902,2050,881,778,1738,1638,1549,1901,2981,3565,1819,249,866,872,831,807,779,770,862,1039,1323,1658,1883,1682,1212,607,214,35,18704,1659,0
Benin,1969,36091,9756,16671,6915,2128,910,805,1759,1680,1564,1913,2985,3612,1825,239,860,899,853,827,789,775,871,1042,1332,1653,1909,1703,1223,602,204,35,18799,1715,1
Benin,1970,36176,9771,16706,6935,2170,928,823,1751,1700,1561,1906,2958,3618,1826,230,839,912,866,834,790,771,869,1037,1323,1635,1907,1711,1227,599,197,33,18876,1751,1
Benin,1971,36148,9813,16754,6941,2189,945,831,1744,1711,1553,1883,2912,3592,1813,222,827,917,875,836,789,764,860,1023,1304,1608,1882,1710,1220,593,190,32,18943,1776,1
Benin,1972,36003,9829,16755,6926,2187,948,831,1716,1708,1536,1856,2868,3566,1813,216,809,907,878,830,784,752,846,1010,1281,1587,1850,1716,1220,593,186,30,18942,1779,1
Benin,1973,35943,9822,16750,6928,2194,960,839,1699,1716,1530,1839,2837,3543,1820,214,804,895,885,831,785,745,836,1003,1262,1575,1818,1725,1224,596,185,29,18944,1799,1
Benin,1974,35890,9814,16735,6921,2199,973,848,1683,1727,1528,1822,2809,3521,1833,212,814,869,893,834,788,740,828,994,1248,1561,1790,1731,1231,602,185,27,18934,1821,1
Benin,1975,35607,9814,16791,6977,2145,962,840,1635,1702,1500,1780,2743,3462,1836,210,809,826,880,822,776,724,808,972,1216,1527,1749,1713,1231,605,185,25,18936,1802,1
Benin,1976,35151,9822,16794,6972,2061,939,826,1580,1662,1462,1724,2663,3386,1837,211,794,786,857,805,757,705,783,941,1180,1483,1703,1683,1232,605,186,25,18855,1765,1
Benin,1977,34731,9833,16795,6962,1964,915,814,1534,1620,1429,1672,2592,3323,1857,213,782,752,830,790,740,689,761,911,1148,1444,1670,1653,1244,613,188,25,18759,1729,1
Benin,1978,34070,9836,16736,6900,1838,871,785,1472,1543,1382,1608,2509,3240,1866,219,756,716,781,762,714,668,735,873,1114,1395,1630,1610,1248,618,193,26,18574,1656,1
Benin,1979,34112,9929,16841,6912,1798,858,786,1475,1513,1380,1593,2490,3236,1912,230,756,719,750,763,713,667,729,864,1107,1383,1629,1607,1275,637,201,29,18639,1644,1
Benin,1980,34251,10097,17058,6961,1755,844,784,1476,1475,1380,1578,2472,3234,1953,239,756,720,716,759,714,666,725,853,1098,1374,1627,1607,1296,657,208,31,18813,1628,2
Benin,1981,34537,10256,17277,7021,1743,844,789,1492,1462,1393,1579,2468,3243,1993,252,767,725,702,760,722,671,728,851,1096,1372,1628,1615,1313,680,218,34,19020,1633,2
Benin,1982,34652,10369,17473,7104,1708,832,785,1493,1431,1393,1568,2450,3237,2019,261,769,724,683,748,724,669,727,841,1084,1366,1618,1619,1317,702,226,35,19181,1617,2
Benin,1983,34513,10424,17572,7148,1645,810,768,1478,1385,1380,1545,2412,3209,2033,270,763,715,663,722,719,661,721,824,1062,1350,1594,1615,1312,721,233,37,19217,1578,3
Benin,1984,34595,10515,17757,7242,1592,793,756,1472,1350,1380,1536,2395,3214,2066,285,761,711,661,689,720,660,721,815,1051,1344,1588,1626,1321,745,245,40,19349,1549,3
Benin,1985,34789,10621,17899,7278,1584,790,754,1484,1330,1389,1543,2391,3229,2103,289,766,718,666,664,723,666,727,816,1046,1345,1591,1638,1337,766,247,42,19483,1544,3
Benin,1986,34730,10700,17999,7299,1534,768,737,1470,1292,1379,1531,2364,3219,2127,307,757,713,657,635,715,664,723,808,1031,1333,1582,1637,1347,780,261,46,19533,1505,4
Benin,1987,34736,10791,18083,7292,1503,754,727,1465,1270,1370,1531,2338,3216,2153,323,752,713,653,617,704,666,724,807,1019,1319,1580,1636,1364,789,275,48,19586,1481,4
Benin,1988,35031,10868,18158,7290,1518,759,736,1492,1283,1385,1554,2351,3251,2201,341,762,730,665,618,703,682,736,818,1025,1326,1599,1652,1396,805,291,50,19676,1495,4
Benin,1989,35279,10909,18255,7346,1511,760,740,1510,1302,1381,1576,2355,3282,2245,361,768,742,674,628,686,695,748,828,1029,1326,1615,1667,1423,822,306,55,19766,1500,4
Benin,1990,35252,10951,18245,7294,1478,749,731,1504,1305,1355,1584,2348,3295,2282,375,761,743,675,630,658,697,754,830,1028,1320,1617,1678,1443,839,316,59,19723,1480,5
Benin,1991,35589,11035,18324,7289,1488,762,742,1533,1332,1363,1617,2367,3334,2329,390,774,759,691,641,654,709,771,846,1039,1328,1633,1701,1469,860,326,64,19812,1504,5
Benin,1992,35856,11039,18281,7242,1510,777,753,1563,1369,1373,1656,2404,3384,2382,403,787,776,712,657,655,718,793,863,1061,1343,1651,1733,1496,886,335,68,19791,1530,5
Benin,1993,36444,11100,18313,7213,1573,811,783,1622,1431,1404,1718,2463,3456,2442,418,817,805,746,685,673,731,827,891,1094,1369,1680,1776,1527,915,346,72,19886,1594,6
Benin,1994,38071,11584,18830,7246,1653,852,838,1802,1591,1489,1820,2562,3567,2552,497,903,899,834,757,734,755,881,939,1145,1417,1727,1840,1583,969,384,113,20483,1690,17
Benin,1995,38406,11475,18727,7252,1739,894,865,1825,1639,1514,1884,2630,3631,2586,457,915,910,857,782,763,751,911,973,1180,1450,1757,1874,1609,977,374,83,20466,1759,12
Benin,1996,39003,11321,18588,7267,1858,951,916,1895,1723,1565,1968,2723,3713,2643,450,950,945,898,825,799,766,949,1019,1227,1496,1797,1916,1647,996,376,74,20446,1867,8
Benin,1997,38943,11274,18472,7198,1836,945,918,1884,1732,1562,1989,2752,3724,2673,459,944,940,898,834,806,756,952,1037,1239,1513,1801,1923,1666,1007,384,75,20308,1863,6
Benin,1998,39066,11261,18404,7143,1826,945,929,1894,1754,1577,2010,2790,3745,2709,475,949,945,905,849,820,757,950,1060,1256,1534,1811,1934,1690,1019,395,80,20230,1874,6
Benin,1999,39382,11243,18295,7052,1867,961,955,1932,1800,1628,2035,2859,3792,2762,491,968,964,924,876,845,783,942,1093,1288,1571,1837,1955,1723,1039,407,84,20162,1916,6
Benin,2000,40069,11203,18158,6955,1978,1004,1005,2026,1892,1718,2086,2969,3883,2830,510,1018,1008,968,924,892,826,946,1140,1342,1627,1888,1995,1764,1066,420,90,20136,2009,7
Benin,2001,41069,11202,18068,6866,2123,1070,1072,2162,2018,1831,2166,3113,4005,2903,528,1091,1071,1029,989,955,876,970,1196,1415,1698,1956,2049,1808,1095,433,95,20191,2142,9
Benin,2002,42616,11261,18033,6772,2362,1173,1173,2362,2204,1991,2282,3305,4174,2999,545,1197,1165,1122,1082,1045,946,1015,1267,1512,1793,2055,2119,1865,1134,445,100,20395,2346,10
Benin,2003,43381,11365,18078,6713,2447,1212,1217,2457,2288,2080,2328,3415,4259,3038,556,1250,1207,1164,1124,1093,987,1040,1288,1571,1844,2109,2150,1884,1154,453,103,20525,2429,11
Benin,2004,44652,11429,18120,6691,2609,1295,1295,2617,2429,2215,2409,3580,4400,3103,567,1337,1280,1235,1194,1167,1048,1102,1307,1654,1926,2192,2208,1922,1181,462,105,20729,2590,12
Benin,2005,44855,11450,18137,6687,2567,1296,1294,2642,2438,2257,2411,3646,4453,3118,574,1349,1293,1238,1200,1188,1069,1131,1280,1686,1960,2224,2229,1928,1190,467,107,20704,2590,13
Benin,2006,45512,11567,18273,6706,2567,1307,1314,2717,2493,2330,2444,3744,4546,3164,600,1382,1335,1268,1225,1223,1107,1164,1280,1725,2019,2276,2270,1953,1211,483,117,20840,2621,15
Benin,2007,46312,11576,18265,6689,2662,1350,1355,2813,2577,2426,2505,3868,4669,3203,599,1426,1387,1309,1268,1268,1158,1210,1295,1770,2098,2341,2328,1980,1223,487,112,20927,2705,14
Benin,2008,46713,11547,18206,6659,2687,1360,1373,2868,2617,2487,2556,3939,4763,3234,604,1448,1420,1328,1289,1294,1193,1244,1312,1780,2159,2387,2376,2002,1232,493,111,20893,2733,14
Benin,2009,47669,11542,18168,6626,2806,1402,1432,2991,2723,2598,2674,4035,4916,3291,619,1504,1487,1384,1339,1346,1252,1300,1374,1785,2250,2469,2447,2041,1250,504,115,20974,2834,13
Benin,2010,48030,11565,18171,6606,2807,1394,1447,3022,2752,2644,2751,4057,5017,3325,626,1515,1507,1402,1350,1362,1282,1337,1414,1756,2301,2524,2493,2067,1258,509,117,20978,2841,14
Benin,2011,49101,11600,18150,6550,2939,1441,1508,3146,2877,2761,2875,4157,5197,3398,635,1575,1571,1470,1407,1418,1343,1402,1473,1776,2381,2626,2571,2118,1280,516,119,21089,2949,14
Benin,2012,50265,11694,18211,6517,3073,1494,1565,3270,3006,2872,3008,4250,5382,3476,650,1635,1635,1543,1463,1475,1397,1472,1536,1802,2448,2733,2649,2176,1300,526,124,21284,3059,15
Benin,2013,50563,11801,18289,6488,3029,1483,1560,3269,3021,2898,3073,4258,5493,3528,649,1633,1636,1557,1464,1484,1414,1507,1566,1811,2447,2799,2694,2216,1312,527,122,21318,3043,14
Benin,2014,51785,11930,18385,6455,3148,1541,1608,3397,3151,3007,3218,4344,5698,3620,655,1700,1697,1627,1524,1539,1468,1579,1639,1893,2451,2914,2784,2282,1338,533,122,21533,3149,14
Benin,2015,52147,12020,18458,6438,3107,1536,1592,3412,3172,3033,3291,4354,5828,3685,663,1712,1700,1637,1535,1550,1483,1616,1675,1947,2407,2979,2849,2328,1357,539,124,21565,3128,14
Benin,2016,53417,12097,18545,6448,3222,1597,1645,3539,3308,3147,3440,4456,6040,3791,673,1777,1762,1703,1605,1608,1539,1684,1756,2024,2432,3080,2960,2399,1392,548,125,21767,3242,14
Benin,2017,53626,12127,18559,6432,3170,1587,1634,3531,3318,3162,3504,4478,6135,3858,679,1773,1758,1700,1618,1613,1549,1709,1795,2061,2417,3104,3031,2440,1418,553,126,21729,3221,14
Benin,2018,54553,12062,18461,6399,3258,1625,1678,3624,3429,3260,3636,4610,6296,3968,693,1819,1805,1751,1678,1662,1598,1764,1872,2141,2469,3147,3149,2510,1458,564,129,21719,3303,14
Benin,2019,54543,11960,18296,6336,3192,1597,1665,3600,3422,3267,3691,4711,6325,4059,703,1796,1804,1741,1681,1664,1603,1782,1909,2184,2527,3095,3230,2568,1491,573,130,21488,3262,14
Benin,2020,56856,11828,18053,6225,3270,1622,1668,3581,3481,3450,4120,5454,6958,4435,746,1777,1804,1754,1727,1745,1705,1961,2159,2518,2936,3410,3548,2809,1626,610,136,21323,3290,14
Benin,2021,58286,11690,17793,6103,3159,1578,1682,3636,3556,3610,4408,5935,7361,4771,785,1792,1844,1782,1774,1810,1800,2078,2330,2758,3177,3558,3803,3014,1757,645,140,20952,3260,15
Bermuda,1950,258,39,50,11,6,5,5,15,20,20,20,33,46,37,6,5,10,10,10,10,10,10,10,15,18,22,24,19,18,6,0,56,10,0
Bermuda,1951,302,54,72,18,7,5,7,20,20,20,24,34,49,33,7,10,10,10,10,10,10,10,14,15,19,24,25,18,15,7,0,79,12,0
Bermuda,1952,253,34,45,11,6,5,5,14,20,20,22,32,47,33,7,5,9,10,10,10,10,10,12,15,17,22,25,18,15,7,0,51,10,0
Bermuda,1953,230,24,32,8,5,5,5,11,17,20,21,32,46,30,7,5,6,8,9,10,10,10,11,15,17,21,25,19,11,7,0,37,10,0
Bermuda,1954,256,42,54,12,6,5,5,10,16,20,21,32,47,32,7,5,5,8,8,10,10,10,11,15,17,22,25,21,11,7,0,60,10,0
Bermuda,1955,218,31,39,8,5,1,5,10,10,18,20,29,44,32,7,5,5,5,5,8,10,10,10,14,15,20,24,20,12,6,1,44,6,0
Bermuda,1956,163,20,25,5,1,0,0,3,10,10,16,23,37,30,6,0,3,5,5,5,5,6,10,10,13,17,20,19,11,5,1,26,0,0
Bermuda,1957,170,19,24,5,1,0,0,7,10,10,19,23,37,32,6,2,5,5,5,5,5,9,10,10,13,17,20,20,12,5,1,25,0,0
Bermuda,1958,155,16,20,4,0,0,0,0,8,10,16,22,36,34,6,0,0,3,5,5,5,6,10,10,12,16,20,20,14,5,1,20,0,0
Bermuda,1959,158,17,21,4,0,0,0,0,7,10,16,22,36,35,6,0,0,2,5,5,5,6,10,10,12,16,20,20,15,6,0,21,0,0
Bermuda,1960,164,16,20,4,0,0,0,0,10,10,17,23,36,37,6,0,0,5,5,5,5,7,10,10,13,16,20,20,17,6,0,20,0,0
Bermuda,1961,206,25,31,6,3,0,0,9,10,11,20,29,40,42,7,4,5,5,5,5,6,10,10,14,15,19,21,24,18,7,0,34,0,0
Bermuda,1962,196,19,24,5,2,0,3,10,10,11,20,29,39,39,8,5,5,5,5,5,6,10,10,14,15,19,20,21,18,8,0,26,3,0
Bermuda,1963,230,29,35,6,4,1,5,10,10,14,24,33,46,41,9,5,5,5,5,5,9,10,14,15,18,21,25,23,18,8,1,39,6,0
Bermuda,1964,172,16,20,4,0,0,0,0,10,10,19,27,38,35,8,0,0,5,5,5,5,9,10,12,15,18,20,20,15,7,1,20,0,0
Bermuda,1965,173,17,21,4,0,0,0,0,8,10,18,27,39,35,9,0,0,3,5,5,5,8,10,12,15,19,20,20,15,7,2,21,0,0
Bermuda,1966,215,22,28,6,3,0,4,10,10,12,22,34,47,38,10,5,5,5,5,5,7,10,12,15,19,22,25,23,15,8,2,31,4,0
Bermuda,1967,154,12,15,3,0,0,0,0,4,10,16,26,37,33,8,0,0,0,4,5,5,6,10,11,15,17,20,20,13,7,1,15,0,0
Bermuda,1968,163,12,15,3,0,0,0,0,4,10,16,28,39,35,8,0,0,0,4,5,5,6,10,13,15,19,20,20,15,7,1,15,0,0
Bermuda,1969,168,14,17,3,0,0,0,0,3,10,15,27,40,36,8,0,0,0,3,5,5,5,10,12,15,20,20,20,16,7,1,17,0,0
Bermuda,1970,146,8,9,1,0,0,0,0,1,10,14,26,37,36,7,0,0,0,1,5,5,5,9,11,15,17,20,20,16,6,1,9,0,0
Bermuda,1971,175,13,16,3,0,0,0,0,2,10,15,30,45,39,9,0,0,0,2,5,5,5,10,12,18,20,25,21,18,7,2,16,0,0
Bermuda,1972,162,11,13,2,0,0,0,0,0,10,13,26,44,39,8,0,0,0,0,5,5,5,8,11,15,20,24,21,18,7,1,13,0,0
Bermuda,1973,151,8,9,1,0,0,0,0,0,8,12,25,40,38,9,0,0,0,0,3,5,5,7,10,15,19,21,21,17,8,1,9,0,0
Bermuda,1974,147,7,8,1,0,0,0,0,0,8,12,25,40,37,9,0,0,0,0,3,5,5,7,10,15,20,20,20,17,8,1,8,0,0
Bermuda,1975,149,5,5,0,0,0,0,0,0,8,12,25,41,36,9,0,0,0,0,3,5,5,7,10,15,20,21,20,16,8,1,5,0,0
Bermuda,1976,161,8,9,1,0,0,0,0,0,8,11,27,45,41,10,0,0,0,0,3,5,5,6,11,16,20,25,24,17,8,2,9,0,0
Bermuda,1977,164,6,7,1,0,0,0,0,0,7,11,27,49,43,11,0,0,0,0,2,5,5,6,11,16,24,25,25,18,9,2,7,0,0
Bermuda,1978,157,5,5,0,0,0,0,0,0,6,11,25,47,43,11,0,0,0,0,1,5,5,6,10,15,23,24,25,18,9,2,5,0,0
Bermuda,1979,162,6,6,0,0,0,0,0,0,6,11,25,47,47,11,0,0,0,0,1,5,5,6,10,15,22,25,27,20,9,2,6,0,0
Bermuda,1980,158,5,5,0,0,0,0,0,0,5,11,25,45,46,12,0,0,0,0,0,5,5,6,10,15,20,25,25,21,10,2,5,0,0
Bermuda,1981,161,4,4,0,0,0,0,0,0,6,12,25,45,46,13,0,0,0,0,1,5,5,7,10,15,20,25,25,21,11,2,4,0,0
Bermuda,1982,160,4,4,0,0,0,0,0,0,6,12,25,48,47,13,0,0,0,0,1,5,5,7,10,15,21,27,26,21,11,2,4,0,0
Bermuda,1983,165,4,4,0,0,0,0,0,0,5,11,23,49,51,13,0,0,0,0,0,5,5,6,10,13,20,29,28,23,11,2,4,0,0
Bermuda,1984,176,4,4,0,0,0,0,0,0,7,13,25,54,54,14,0,0,0,0,2,5,5,8,10,15,23,31,30,24,11,3,4,0,0
Bermuda,1985,198,5,5,0,0,0,0,0,1,10,15,28,58,58,16,0,0,0,1,5,5,5,10,12,16,26,32,32,26,13,3,5,0,0
Bermuda,1986,182,4,4,0,0,0,0,0,0,10,14,26,51,54,14,0,0,0,0,5,5,5,9,11,15,23,28,31,23,11,3,4,0,0
Bermuda,1987,179,2,2,0,0,0,0,0,1,10,14,26,48,55,15,0,0,0,1,5,5,5,9,11,15,22,26,32,23,12,3,2,0,0
Bermuda,1988,164,2,2,0,0,0,0,0,2,10,14,25,44,50,14,0,0,0,2,5,5,5,9,10,15,19,25,29,21,11,3,2,0,0
Bermuda,1989,187,4,4,0,0,0,0,0,3,10,15,27,52,57,14,0,0,0,3,5,5,5,10,12,15,22,30,33,24,11,3,4,0,0
Bermuda,1990,180,3,3,0,0,0,0,0,2,10,14,26,49,58,14,0,0,0,2,5,5,5,9,11,15,20,29,32,26,11,3,3,0,1
Bermuda,1991,174,3,3,0,0,0,0,0,5,10,14,25,45,54,12,0,0,0,5,5,5,5,9,10,15,18,27,29,25,11,1,3,0,1
Bermuda,1992,220,6,6,0,0,0,0,0,8,10,17,32,60,68,14,0,0,3,5,5,5,7,10,14,18,25,35,36,32,13,1,6,0,1
Bermuda,1993,188,2,2,0,0,0,0,0,7,10,16,28,47,61,15,0,0,2,5,5,5,6,10,12,16,20,27,32,29,13,2,2,0,1
Bermuda,1994,234,7,7,0,0,0,0,0,5,10,15,33,63,76,20,0,0,0,5,5,5,5,10,14,19,28,35,42,34,17,3,7,0,0
Bermuda,1995,184,2,2,0,0,0,0,0,3,10,13,26,45,59,20,0,0,0,3,5,5,5,8,11,15,20,25,33,26,17,3,2,0,0
Bermuda,1996,162,1,1,0,0,0,0,0,2,10,12,24,38,50,19,0,0,0,2,5,5,5,7,10,14,17,21,28,22,16,3,1,0,0
Bermuda,1997,159,1,1,0,0,0,0,0,6,10,13,23,36,46,19,0,0,1,5,5,5,5,8,10,13,16,20,24,22,15,4,1,0,0
Bermuda,1998,142,0,0,0,0,0,0,0,7,10,14,20,28,39,19,0,0,2,5,5,5,5,9,10,10,13,15,19,20,14,5,0,0,0
Bermuda,1999,163,1,1,0,0,0,0,0,3,10,14,22,36,50,21,0,0,0,3,5,5,5,9,10,12,16,20,24,26,15,6,1,0,1
Bermuda,2000,166,1,1,0,0,0,0,0,2,10,14,23,38,53,22,0,0,0,2,5,5,5,9,10,13,16,22,25,28,15,7,1,0,1
Bermuda,2001,142,0,0,0,0,0,0,0,3,10,13,20,30,43,20,0,0,0,3,5,5,5,8,10,10,13,17,20,23,13,7,0,0,1
Bermuda,2002,178,1,1,0,0,0,0,0,2,10,16,23,40,58,26,0,0,0,2,5,5,6,10,10,13,17,23,28,30,19,7,1,0,1
Bermuda,2003,204,2,2,0,0,0,0,0,1,10,16,24,49,70,32,0,0,0,1,5,5,6,10,10,14,21,28,35,35,25,7,2,0,2
Bermuda,2004,147,0,0,0,0,0,0,0,0,10,11,20,28,47,27,0,0,0,0,5,5,5,6,10,10,12,16,23,24,21,6,0,0,2
Bermuda,2005,223,2,2,0,0,0,0,0,0,8,14,24,51,80,37,0,0,0,0,3,5,5,9,10,14,21,30,42,38,29,8,2,0,2
Bermuda,2006,239,2,2,0,0,0,0,0,0,7,13,24,56,88,43,0,0,0,0,2,5,5,8,10,14,23,33,46,42,33,10,2,0,2
Bermuda,2007,189,1,1,0,0,0,0,0,0,7,12,21,40,66,38,0,0,0,0,2,5,5,7,10,11,17,23,33,33,27,11,1,0,2
Bermuda,2008,236,2,2,0,0,0,0,0,0,7,14,26,54,86,42,0,0,0,0,2,5,5,9,11,15,22,32,43,43,31,11,2,0,2
Bermuda,2009,209,1,1,0,0,0,0,0,0,8,17,25,43,71,37,0,0,0,0,3,5,7,10,10,15,17,26,34,37,26,11,1,0,2
Bermuda,2010,167,0,0,0,0,0,0,0,0,7,15,20,32,56,32,0,0,0,0,2,5,5,10,10,10,13,19,26,30,21,11,0,0,1
Bermuda,2011,168,0,0,0,0,0,0,0,0,6,14,20,31,55,35,0,0,0,0,1,5,5,9,10,10,13,18,24,31,23,12,0,0,2
Bermuda,2012,174,0,0,0,0,0,0,0,0,5,14,20,31,60,39,0,0,0,0,0,5,5,9,10,10,12,19,28,32,26,13,0,0,2
Bermuda,2013,227,0,0,0,0,0,0,0,0,4,15,25,45,82,50,0,0,0,0,0,4,5,10,10,15,17,28,39,43,36,14,0,0,3
Bermuda,2014,271,1,1,0,0,0,0,0,0,4,15,28,54,103,58,0,0,0,0,0,4,5,10,12,16,21,33,50,53,42,16,1,0,3
Bermuda,2015,195,0,0,0,0,0,0,0,0,6,15,22,34,66,48,0,0,0,0,1,5,5,10,10,12,15,19,31,35,34,14,0,0,2
Bermuda,2016,208,0,0,0,0,0,0,0,0,7,16,23,36,66,52,0,0,0,0,2,5,6,10,10,13,15,21,30,36,36,16,0,0,2
Bermuda,2017,216,0,0,0,0,0,0,0,0,6,16,25,36,70,54,0,0,0,0,1,5,6,10,10,15,15,21,31,39,35,19,0,0,2
Bermuda,2018,271,0,0,0,0,0,0,0,0,5,15,30,50,97,65,0,0,0,0,0,5,5,10,14,16,22,28,43,54,42,23,0,0,4
Bermuda,2019,275,0,0,0,0,0,0,0,0,4,15,30,52,100,66,0,0,0,0,0,4,5,10,14,16,22,30,44,56,42,24,0,0,5
Bermuda,2020,281,0,0,0,0,0,0,0,0,3,14,31,53,101,66,0,0,0,0,0,3,5,9,14,17,23,30,45,56,43,23,0,0,6
Bermuda,2021,323,0,0,0,0,0,0,0,0,7,20,42,67,108,67,0,0,0,0,2,5,7,13,18,24,30,37,50,58,45,22,0,0,7
Bhutan,1950,2838,1033,1597,564,119,78,88,186,170,138,142,157,122,38,1,95,91,88,82,73,65,70,72,80,77,71,51,28,10,1,0,1716,166,0
Bhutan,1951,2834,1016,1571,555,122,79,90,191,172,140,142,160,123,40,1,98,93,89,83,74,66,70,72,82,78,71,52,30,10,1,0,1693,169,0
Bhutan,1952,2846,1030,1569,539,124,80,91,195,175,143,142,161,124,40,1,100,95,91,84,76,67,70,72,83,78,71,53,30,10,1,0,1693,171,0
Bhutan,1953,2868,1044,1576,532,126,81,92,197,178,146,146,161,124,40,2,100,97,93,85,76,70,73,73,83,78,71,53,30,10,2,0,1702,173,0
Bhutan,1954,2898,1059,1593,534,125,82,94,200,181,148,150,163,125,39,2,102,98,94,87,78,70,74,76,84,79,72,53,30,9,2,0,1718,176,0
Bhutan,1955,2930,1073,1612,539,122,84,94,204,184,149,151,165,127,39,2,104,100,96,88,79,70,75,76,84,81,72,55,30,9,2,0,1734,178,0
Bhutan,1956,2963,1087,1634,547,121,86,95,206,188,149,151,165,128,40,2,105,101,98,90,79,70,75,76,84,81,73,55,30,10,2,0,1755,181,0
Bhutan,1957,2996,1100,1654,554,118,86,96,208,189,153,151,165,129,40,2,105,103,99,90,81,72,75,76,84,81,74,55,30,10,2,0,1772,182,0
Bhutan,1958,3028,1112,1672,560,118,86,97,212,192,155,154,168,130,41,2,107,105,100,92,81,74,77,77,86,82,75,55,30,11,2,0,1790,183,0
Bhutan,1959,3060,1123,1691,568,116,87,99,215,195,159,157,170,131,41,2,109,106,102,93,84,75,79,78,87,83,76,55,30,11,2,0,1807,186,0
Bhutan,1960,3092,1135,1710,575,119,86,99,216,198,159,159,171,132,41,2,109,107,103,95,84,75,79,80,88,83,77,55,30,11,2,0,1829,185,0
Bhutan,1961,3122,1147,1727,580,119,85,101,217,200,161,161,174,132,41,2,109,108,104,96,86,75,80,81,89,85,77,55,30,11,2,0,1846,186,0
Bhutan,1962,3148,1156,1742,586,121,81,102,220,202,162,161,175,135,42,2,110,110,105,97,86,76,80,81,89,86,78,57,30,12,2,0,1863,183,0
Bhutan,1963,3176,1167,1758,591,122,79,102,220,205,165,162,176,141,44,2,110,110,107,98,87,78,80,82,90,86,81,60,32,12,2,0,1880,181,0
Bhutan,1964,3201,1176,1772,596,123,78,101,220,207,169,164,176,141,47,2,110,110,108,99,89,80,82,82,90,86,81,60,35,12,2,0,1895,179,0
Bhutan,1965,3224,1183,1783,600,124,79,100,223,209,169,168,179,143,47,2,113,110,109,100,89,80,84,84,92,87,82,61,35,12,2,0,1907,179,0
Bhutan,1966,3243,1188,1792,604,124,79,97,225,211,170,169,182,146,47,3,115,110,109,102,90,80,84,85,94,88,83,63,35,12,3,0,1916,176,0
Bhutan,1967,3256,1191,1797,606,125,79,94,226,212,172,171,182,147,47,3,115,111,110,102,91,81,85,86,94,88,83,64,35,12,3,0,1922,173,0
Bhutan,1968,3270,1192,1798,606,127,81,91,225,213,172,171,185,149,48,3,114,111,110,103,91,81,85,86,94,91,84,65,35,13,3,0,1925,172,0
Bhutan,1969,3264,1185,1790,605,127,80,90,223,213,175,171,185,152,51,3,112,111,110,103,93,82,85,86,94,91,85,67,37,14,3,0,1917,170,0
Bhutan,1970,3262,1175,1778,603,128,80,89,221,213,179,174,188,156,52,3,109,112,110,103,94,85,87,87,96,92,86,70,38,14,3,0,1906,169,0
Bhutan,1971,3262,1165,1766,601,128,81,89,217,213,179,178,192,158,57,3,105,112,110,103,94,85,89,89,98,94,88,70,41,16,3,0,1894,170,0
Bhutan,1972,3263,1156,1757,601,129,81,89,217,215,179,181,195,160,59,3,104,113,110,105,94,85,90,91,99,96,90,70,43,16,3,0,1886,170,0
Bhutan,1973,3250,1144,1738,594,129,80,89,212,213,182,181,196,165,59,3,100,112,110,103,96,86,90,91,99,97,91,74,43,16,3,0,1867,169,0
Bhutan,1974,3245,1134,1723,589,129,81,89,208,214,183,182,200,168,62,3,99,109,110,104,96,87,90,92,101,99,93,75,46,16,3,0,1852,170,0
Bhutan,1975,3239,1125,1709,584,129,81,89,205,213,185,183,204,171,65,4,98,107,109,104,96,89,91,92,103,101,96,75,47,18,4,0,1838,170,0
Bhutan,1976,3228,1116,1693,577,129,80,89,200,212,186,188,206,177,68,5,97,103,109,103,96,90,93,95,104,102,97,80,48,20,5,0,1822,169,0
Bhutan,1977,3212,1104,1672,568,127,80,89,195,211,186,190,208,179,70,5,95,100,109,102,96,90,94,96,104,104,99,80,50,20,5,0,1799,169,0
Bhutan,1978,3207,1094,1656,562,127,80,89,192,210,186,191,212,186,72,5,95,97,108,102,96,90,95,96,107,105,102,84,52,20,5,0,1783,169,0
Bhutan,1979,3191,1079,1632,553,127,80,88,191,208,186,192,215,189,76,5,95,96,106,102,96,90,95,97,108,107,104,85,54,22,5,0,1759,168,0
Bhutan,1980,3175,1062,1606,544,126,80,88,190,204,187,198,219,195,81,5,95,95,102,102,96,91,97,101,109,110,107,88,56,25,5,0,1732,168,0
Bhutan,1981,3156,1044,1575,531,123,79,88,190,202,187,199,224,199,83,7,95,95,100,102,96,91,98,101,112,112,109,90,58,25,7,0,1698,167,0
Bhutan,1982,3134,1026,1539,513,123,77,89,188,198,188,201,228,207,86,7,95,93,96,102,96,92,99,102,113,115,113,94,60,26,7,0,1662,166,0
Bhutan,1983,3115,1008,1506,498,122,77,89,188,194,189,206,236,213,88,7,95,93,93,101,96,93,100,106,116,120,116,97,62,26,7,0,1628,166,0
Bhutan,1984,3099,992,1474,482,120,76,89,188,190,191,209,238,219,92,8,95,93,91,99,96,95,102,107,118,120,119,100,65,27,8,0,1594,165,0
Bhutan,1985,3081,969,1437,468,119,76,89,187,188,193,212,246,227,99,8,95,92,90,98,97,96,103,109,121,125,123,104,68,31,8,0,1556,165,0
Bhutan,1986,3049,947,1396,449,117,75,88,186,184,193,215,250,236,102,10,95,91,90,94,97,96,104,111,123,127,128,108,70,32,9,1,1513,163,0
Bhutan,1987,3017,923,1356,433,113,72,86,185,178,192,217,256,242,106,10,95,90,89,89,96,96,105,112,126,130,131,111,74,32,9,1,1469,158,0
Bhutan,1988,2977,895,1310,415,111,71,86,182,172,191,220,264,248,111,10,94,88,85,87,95,96,106,114,129,135,134,114,77,34,9,1,1421,157,0
Bhutan,1989,2942,869,1266,397,107,71,85,178,170,189,222,268,258,116,11,91,87,85,85,93,96,106,116,131,137,139,119,80,36,10,1,1373,156,0
Bhutan,1990,2909,841,1222,381,105,69,83,176,167,187,225,274,266,122,12,90,86,85,82,91,96,107,118,133,141,143,123,84,38,11,1,1327,152,0
Bhutan,1991,2871,808,1172,364,102,67,83,176,162,184,227,281,276,127,12,90,86,82,80,88,96,108,119,136,145,148,128,87,40,11,1,1274,150,0
Bhutan,1992,2776,760,1098,338,96,65,80,167,160,178,225,283,278,132,13,85,82,80,80,83,95,106,119,136,147,149,129,90,42,12,1,1194,145,0
Bhutan,1993,2442,648,933,285,83,57,70,147,140,157,203,258,259,123,13,75,72,70,70,72,85,96,107,124,134,139,120,84,39,11,2,1016,127,0
Bhutan,1994,2366,606,873,267,80,56,67,145,132,152,200,258,263,125,14,75,70,67,65,69,83,94,106,123,135,139,124,85,40,12,2,953,123,0
Bhutan,1995,2255,556,796,240,73,51,64,137,130,143,196,258,265,130,14,70,67,65,65,65,78,92,104,123,135,140,125,88,42,12,2,869,115,0
Bhutan,1996,2205,520,742,222,71,49,63,136,125,140,198,262,274,133,14,70,66,64,61,65,75,93,105,124,138,145,129,90,43,12,2,813,112,0
Bhutan,1997,2156,483,688,205,66,47,61,134,121,134,198,266,283,141,15,69,65,61,60,63,71,92,106,125,141,149,134,95,46,13,2,754,108,0
Bhutan,1998,2103,448,633,185,62,44,58,128,120,133,199,271,292,149,17,65,63,60,60,62,71,93,106,127,144,153,139,100,49,15,2,695,102,0
Bhutan,1999,2064,416,583,167,58,42,57,127,120,130,198,276,302,156,17,65,62,60,60,61,69,91,107,129,147,158,144,105,51,15,2,641,99,0
Bhutan,2000,2155,416,595,179,63,46,58,127,120,132,198,289,329,178,20,65,62,60,60,62,70,90,108,134,155,169,160,118,60,18,2,658,104,0
Bhutan,2001,2060,363,499,136,51,40,54,120,110,130,191,288,346,200,25,60,60,55,55,61,69,85,106,131,157,177,169,131,69,22,3,550,94,0
Bhutan,2002,2061,338,459,121,47,38,53,117,110,128,186,292,369,228,34,60,57,55,55,59,69,81,105,131,161,186,183,147,81,29,5,506,91,0
Bhutan,2003,2073,314,422,108,43,36,51,115,110,127,181,295,390,260,45,60,55,55,55,58,69,81,100,130,165,194,196,164,96,37,8,465,87,0
Bhutan,2004,2109,305,401,96,37,34,50,112,105,126,181,295,411,294,63,57,55,51,54,57,69,81,100,129,166,202,209,182,112,50,13,438,84,1
Bhutan,2005,2150,291,378,87,36,31,48,109,102,125,177,294,432,330,84,55,54,50,52,57,68,81,96,127,167,208,224,198,132,64,20,414,79,2
Bhutan,2006,2142,271,348,77,32,28,47,107,100,123,177,292,445,349,91,55,52,50,50,56,67,81,96,124,168,212,233,209,140,69,22,380,75,3
Bhutan,2007,2117,256,326,70,28,25,44,100,97,122,180,294,457,353,88,50,50,47,50,55,67,83,97,124,170,217,240,213,140,67,21,354,69,3
Bhutan,2008,2099,239,303,64,26,23,40,100,93,118,180,294,467,365,83,50,50,45,48,53,65,83,97,124,170,219,248,221,144,64,19,329,63,3
Bhutan,2009,2103,223,282,59,26,22,38,100,92,118,184,294,482,379,81,50,50,45,47,53,65,84,100,124,170,225,257,231,148,63,18,308,60,3
Bhutan,2010,2093,209,261,52,23,19,34,90,91,117,186,295,493,397,81,45,45,45,46,53,64,84,102,124,171,227,266,242,155,64,17,284,53,3
Bhutan,2011,2084,193,238,45,22,17,31,89,90,115,184,298,500,416,84,44,45,45,45,51,64,81,103,126,172,227,273,254,162,66,18,260,48,2
Bhutan,2012,2091,181,223,42,19,16,28,84,89,115,184,296,505,442,90,42,42,44,45,51,64,80,104,126,170,228,277,269,173,73,17,242,44,2
Bhutan,2013,2118,172,210,38,18,16,26,79,87,113,185,299,512,471,98,39,40,42,45,49,64,80,105,130,169,230,282,285,186,81,17,228,42,2
Bhutan,2014,2150,162,198,36,17,15,24,77,86,113,187,300,518,503,110,37,40,41,45,49,64,80,107,130,170,233,285,301,202,91,19,215,39,3
Bhutan,2015,2195,152,185,33,16,15,24,75,86,112,186,306,524,534,128,35,40,41,45,48,64,80,106,135,171,236,288,315,219,106,22,201,39,4
Bhutan,2016,2246,139,170,31,15,13,22,73,85,111,188,313,530,569,153,33,40,40,45,47,64,81,107,140,173,239,291,327,242,123,30,185,35,3
Bhutan,2017,2300,127,156,29,14,13,21,69,84,113,188,321,534,603,185,30,39,40,44,48,65,82,106,144,177,240,294,334,269,143,42,170,34,4
Bhutan,2018,2249,114,140,26,14,12,21,66,85,112,185,325,526,584,172,28,38,40,45,50,62,81,104,146,179,235,291,322,262,131,41,154,33,4
Bhutan,2019,2209,103,127,24,12,11,20,63,85,111,186,329,525,568,162,27,36,40,45,50,61,83,103,145,184,233,292,310,258,124,38,139,31,4
Bhutan,2020,2183,98,120,22,12,11,19,60,85,115,188,335,522,553,155,26,34,40,45,53,62,84,104,145,190,231,291,303,250,119,36,132,30,5
Bhutan,2021,2171,95,117,22,11,10,18,58,85,116,190,340,527,541,154,25,33,40,45,53,63,85,105,144,196,235,292,299,242,119,35,128,28,5
Bolivia,1950,38782,11489,19675,8186,1367,610,637,1379,1349,1328,1662,2982,3843,3029,877,713,666,658,691,685,643,734,928,1340,1642,1933,1910,1800,1229,597,280,21042,1247,46
Bolivia,1951,38838,11660,19869,8209,1405,622,641,1402,1356,1352,1661,2997,3832,2877,775,722,680,662,694,698,654,740,921,1340,1657,1947,1885,1715,1162,552,223,21274,1263,47
Bolivia,1952,38992,11770,19991,8221,1447,643,657,1449,1382,1397,1677,3021,3847,2745,694,740,709,680,702,721,676,756,921,1344,1677,1969,1878,1634,1111,510,184,21438,1300,46
Bolivia,1953,38940,11904,20161,8257,1444,648,650,1439,1366,1401,1665,3008,3860,2623,628,726,713,679,687,722,679,759,906,1328,1680,1983,1877,1561,1062,474,154,21605,1298,44
Bolivia,1954,39074,12050,20355,8305,1444,662,655,1458,1375,1422,1671,3006,3885,2521,581,730,728,690,685,730,692,770,901,1319,1687,2001,1884,1510,1011,448,133,21799,1317,37
Bolivia,1955,39223,12199,20567,8368,1440,675,660,1462,1383,1437,1683,2993,3913,2440,543,726,736,700,683,734,703,785,898,1306,1687,2019,1894,1476,964,423,120,22007,1335,30
Bolivia,1956,39412,12358,20789,8431,1437,687,665,1464,1395,1446,1695,2975,3942,2375,513,725,739,712,683,732,714,795,900,1294,1681,2035,1907,1458,917,401,112,22226,1352,24
Bolivia,1957,39709,12525,21023,8498,1444,704,679,1476,1425,1459,1724,2960,3979,2327,487,731,745,732,693,730,729,812,912,1282,1678,2053,1926,1453,874,383,104,22467,1383,20
Bolivia,1958,40054,12783,21351,8568,1447,709,688,1474,1447,1462,1748,2936,4011,2295,463,731,743,746,701,723,739,825,923,1270,1666,2066,1945,1457,838,367,96,22798,1397,18
Bolivia,1959,40445,12953,21608,8655,1463,717,710,1492,1485,1480,1788,2926,4045,2278,442,743,749,767,718,726,754,845,943,1267,1659,2077,1968,1465,813,350,92,23071,1427,15
Bolivia,1960,40744,13059,21809,8750,1476,719,727,1503,1512,1488,1822,2915,4071,2268,421,750,753,779,733,728,760,861,961,1266,1649,2082,1989,1471,797,334,87,23285,1446,14
Bolivia,1961,41117,13166,21975,8809,1504,725,753,1534,1550,1507,1866,2920,4096,2277,400,770,764,795,755,740,767,883,983,1278,1642,2085,2011,1486,791,318,82,23479,1478,12
Bolivia,1962,41292,13261,22119,8858,1507,716,759,1531,1560,1505,1896,2912,4105,2291,382,773,758,791,769,744,761,897,999,1288,1624,2076,2029,1502,789,303,79,23626,1475,12
Bolivia,1963,41451,13337,22210,8873,1518,716,766,1538,1572,1507,1924,2910,4105,2307,365,783,755,789,783,751,756,909,1015,1303,1607,2063,2042,1515,792,290,75,23728,1482,11
Bolivia,1964,41837,13401,22291,8890,1556,732,784,1588,1612,1536,1975,2946,4119,2333,355,814,774,801,811,774,762,931,1044,1336,1610,2059,2060,1537,796,283,72,23847,1516,10
Bolivia,1965,42030,13461,22349,8888,1572,739,785,1612,1625,1553,2003,2971,4111,2358,349,831,781,802,823,790,763,939,1064,1360,1611,2047,2064,1555,803,279,70,23921,1524,9
Bolivia,1966,42084,13500,22373,8873,1570,736,775,1618,1618,1567,2016,2998,4092,2378,341,838,780,794,824,802,765,937,1079,1382,1616,2030,2062,1569,809,276,65,23943,1511,9
Bolivia,1967,42385,13550,22396,8846,1595,751,784,1670,1644,1613,2049,3056,4083,2405,338,867,803,806,838,830,783,942,1107,1415,1641,2020,2063,1586,819,276,62,23991,1535,9
Bolivia,1968,42482,13609,22434,8825,1591,753,778,1674,1634,1634,2056,3102,4055,2429,336,866,808,802,832,844,790,933,1123,1437,1665,2002,2053,1600,829,277,59,24025,1531,8
Bolivia,1969,42673,13640,22428,8788,1601,764,788,1703,1645,1675,2074,3163,4041,2446,335,873,830,809,836,866,809,933,1141,1467,1696,1997,2044,1608,838,277,58,24029,1552,8
Bolivia,1970,42842,13654,22398,8744,1607,774,797,1728,1660,1713,2094,3227,4038,2459,337,878,850,821,839,884,829,939,1155,1497,1730,2003,2035,1612,847,280,57,24005,1571,7
Bolivia,1971,42835,13675,22341,8666,1599,774,799,1729,1658,1731,2096,3278,4025,2463,339,868,861,822,836,885,846,942,1154,1519,1759,2009,2016,1608,855,282,57,23940,1573,7
Bolivia,1972,42874,13665,22282,8617,1590,776,798,1727,1660,1751,2099,3334,4036,2471,343,858,869,828,832,887,864,951,1148,1544,1790,2033,2003,1606,865,286,57,23872,1574,7
Bolivia,1973,42926,13655,22209,8554,1583,775,802,1724,1671,1770,2106,3396,4061,2475,347,854,870,839,832,886,884,965,1141,1572,1824,2068,1993,1603,872,290,57,23792,1577,6
Bolivia,1974,43034,13647,22129,8482,1582,778,810,1730,1691,1791,2126,3459,4101,2478,352,858,872,855,836,887,904,985,1141,1594,1865,2110,1991,1599,879,294,58,23711,1588,6
Bolivia,1975,43008,13589,21987,8398,1571,774,812,1719,1703,1802,2145,3505,4151,2477,355,856,863,865,838,884,918,1003,1142,1606,1899,2151,2000,1594,883,297,58,23558,1586,6
Bolivia,1976,43134,13558,21858,8300,1574,779,825,1732,1738,1824,2185,3556,4222,2472,358,866,866,886,852,891,933,1031,1154,1617,1939,2200,2022,1587,885,300,58,23432,1604,6
Bolivia,1977,43202,13519,21723,8204,1569,778,831,1731,1763,1834,2231,3599,4304,2465,364,871,860,900,863,893,941,1060,1171,1616,1983,2249,2055,1580,885,304,60,23292,1609,6
Bolivia,1978,43374,13453,21559,8106,1575,787,847,1762,1805,1857,2297,3647,4404,2462,369,891,871,918,887,905,952,1097,1200,1617,2030,2304,2100,1577,885,308,61,23134,1634,6
Bolivia,1979,43397,13342,21329,7987,1572,789,853,1778,1829,1869,2352,3682,4505,2464,371,902,876,922,907,912,957,1126,1226,1617,2065,2357,2148,1579,885,310,61,22901,1642,6
Bolivia,1980,43279,13216,21073,7857,1554,783,848,1773,1833,1870,2393,3703,4599,2471,374,900,873,912,921,915,955,1142,1251,1619,2084,2405,2194,1589,882,312,62,22627,1631,6
Bolivia,1981,43332,13072,20780,7708,1556,789,861,1804,1862,1902,2453,3740,4713,2491,374,918,886,916,946,934,968,1164,1289,1639,2101,2462,2251,1611,880,312,62,22336,1650,6
Bolivia,1982,43294,12900,20449,7549,1551,791,868,1824,1881,1928,2506,3769,4828,2517,377,929,895,914,967,952,976,1177,1329,1664,2105,2522,2306,1641,876,313,64,22000,1659,7
Bolivia,1983,43372,12754,20174,7420,1556,800,878,1846,1897,1963,2563,3810,4950,2554,377,941,905,916,981,976,987,1188,1375,1702,2108,2583,2367,1677,877,313,64,21730,1678,7
Bolivia,1984,43178,12516,19730,7214,1533,794,878,1852,1901,1992,2606,3851,5058,2603,377,941,911,919,982,994,998,1195,1411,1740,2111,2631,2427,1721,882,313,64,21263,1672,7
Bolivia,1985,43023,12336,19354,7018,1516,789,879,1852,1896,2023,2636,3900,5144,2651,378,938,914,920,976,1015,1008,1199,1437,1778,2122,2661,2483,1762,889,312,66,20870,1668,7
Bolivia,1986,42948,12150,18974,6824,1504,789,885,1869,1901,2065,2668,3973,5227,2707,377,946,923,926,975,1039,1026,1207,1461,1825,2148,2682,2545,1805,902,311,66,20478,1674,7
Bolivia,1987,42569,11949,18581,6632,1460,770,866,1829,1861,2076,2667,4030,5279,2768,376,922,907,909,952,1045,1031,1204,1463,1863,2167,2676,2603,1848,920,310,66,20041,1636,7
Bolivia,1988,42098,11694,18114,6420,1414,750,846,1790,1826,2077,2654,4098,5315,2831,375,902,888,894,932,1038,1039,1197,1457,1901,2197,2660,2655,1891,940,310,65,19528,1596,7
Bolivia,1989,41575,11409,17627,6218,1363,729,822,1738,1791,2068,2641,4160,5352,2899,377,874,864,877,914,1021,1047,1194,1447,1930,2230,2653,2699,1936,963,311,66,18990,1551,7
Bolivia,1990,41025,11093,17076,5983,1316,707,802,1696,1762,2061,2637,4225,5388,2970,380,853,843,863,899,1002,1059,1196,1441,1954,2271,2660,2728,1983,987,314,66,18392,1509,7
Bolivia,1991,40317,10732,16449,5717,1264,683,778,1646,1725,2043,2624,4267,5408,3036,384,828,818,844,881,977,1066,1195,1429,1958,2309,2673,2735,2025,1011,319,65,17713,1461,7
Bolivia,1992,40071,10353,15851,5498,1255,687,785,1656,1740,2070,2665,4362,5477,3126,392,833,823,851,889,976,1094,1222,1443,1979,2383,2725,2752,2085,1041,327,65,17106,1472,7
Bolivia,1993,38924,9908,15112,5204,1170,637,730,1545,1650,2000,2625,4361,5488,3200,400,777,768,802,848,931,1069,1211,1414,1947,2414,2750,2738,2131,1069,335,65,16282,1367,7
Bolivia,1994,39326,9431,14319,4888,1122,612,710,1506,1624,1971,2637,4492,5832,3738,743,757,749,785,839,917,1054,1219,1418,1968,2524,2918,2914,2386,1352,573,170,15441,1322,23
Bolivia,1995,39780,8977,13576,4599,1087,597,698,1483,1609,1951,2667,4620,6199,4213,1037,745,738,773,836,910,1041,1236,1431,1992,2628,3096,3103,2616,1597,775,262,14663,1295,38
Bolivia,1996,40050,8563,12864,4301,1051,582,686,1459,1595,1930,2697,4711,6546,4602,1272,732,727,763,832,906,1024,1254,1443,2007,2704,3262,3284,2802,1800,933,339,13915,1268,52
Bolivia,1997,40065,8128,12142,4014,1002,562,666,1425,1568,1903,2715,4768,6875,4922,1451,716,709,745,823,898,1005,1262,1453,2011,2757,3421,3454,2953,1969,1053,398,13144,1228,65
Bolivia,1998,39881,7730,11455,3725,954,548,646,1386,1533,1875,2714,4778,7164,5172,1583,694,692,726,807,889,986,1253,1461,2004,2774,3557,3607,3068,2104,1142,441,12409,1194,75
Bolivia,1999,39690,7388,10849,3461,895,522,621,1341,1497,1855,2709,4789,7441,5401,1684,670,671,706,791,880,975,1237,1472,2001,2788,3678,3763,3186,2215,1210,474,11744,1143,84
Bolivia,2000,39626,7015,10254,3239,857,510,612,1326,1485,1864,2728,4823,7713,5608,1756,662,664,701,784,885,979,1229,1499,2013,2810,3788,3925,3304,2304,1259,497,11111,1122,91
Bolivia,2001,39325,6638,9669,3031,807,491,591,1286,1451,1851,2720,4828,7933,5793,1807,640,646,683,768,878,973,1206,1514,2015,2813,3858,4075,3420,2373,1296,511,10476,1082,96
Bolivia,2002,38325,6327,9175,2848,764,471,575,1248,1421,1850,2713,4783,7956,5658,1624,620,628,668,753,874,976,1189,1524,2009,2774,3836,4120,3398,2260,1174,450,9939,1046,89
Bolivia,2003,37736,6053,8731,2678,733,463,574,1240,1420,1874,2736,4790,8022,5597,1475,614,626,668,752,880,994,1193,1543,2031,2759,3826,4196,3414,2183,1080,395,9464,1037,81
Bolivia,2004,37498,5799,8317,2518,719,461,589,1271,1458,1935,2798,4851,8096,5580,1352,629,642,687,771,903,1032,1227,1571,2081,2770,3825,4271,3447,2133,1003,349,9036,1050,74
Bolivia,2005,36983,5570,7938,2368,690,447,585,1260,1454,1954,2806,4867,8092,5576,1249,622,638,684,770,904,1050,1240,1566,2108,2759,3792,4300,3477,2099,941,308,8628,1032,66
Bolivia,2006,36604,5411,7656,2245,659,429,572,1237,1442,1961,2806,4897,8089,5619,1172,611,626,678,764,900,1061,1252,1554,2139,2758,3765,4324,3530,2089,895,277,8315,1001,58
Bolivia,2007,36582,5200,7338,2138,646,427,584,1265,1476,2013,2860,4991,8110,5707,1115,626,639,693,783,917,1096,1290,1570,2196,2795,3761,4349,3609,2098,862,253,7984,1011,51
Bolivia,2008,36057,4960,6986,2026,610,404,559,1224,1446,1996,2860,5005,8055,5791,1070,607,617,676,770,904,1092,1301,1559,2198,2807,3724,4331,3677,2114,837,233,7596,963,46
Bolivia,2009,35562,4717,6624,1907,572,383,536,1186,1416,1980,2876,5018,8006,5879,1043,589,597,660,756,892,1088,1314,1562,2187,2831,3696,4310,3738,2141,823,220,7196,919,40
Bolivia,2010,35446,4496,6294,1798,552,374,530,1191,1428,2003,2941,5078,8010,5976,1029,592,599,662,766,901,1102,1348,1593,2191,2887,3704,4306,3794,2182,821,208,6846,904,36
Bolivia,2011,35195,4289,5988,1699,530,360,512,1170,1413,2005,2980,5111,8005,6067,1025,581,589,653,760,901,1104,1367,1613,2177,2934,3710,4295,3833,2234,823,202,6518,872,33
Bolivia,2012,35342,4099,5697,1598,519,356,513,1193,1446,2052,3074,5204,8061,6171,1027,589,604,666,780,923,1129,1410,1664,2193,3011,3760,4301,3872,2299,833,194,6216,869,30
Bolivia,2013,35220,3956,5482,1526,499,342,494,1169,1427,2049,3111,5230,8100,6253,1038,573,596,654,773,922,1127,1420,1691,2192,3038,3804,4296,3888,2365,847,191,5981,836,28
Bolivia,2014,35648,3833,5291,1458,496,344,502,1202,1472,2114,3221,5333,8234,6351,1057,586,616,674,798,952,1162,1463,1758,2249,3084,3903,4331,3920,2431,868,189,5787,846,26
Bolivia,2015,36023,3731,5130,1399,488,339,504,1219,1504,2167,3317,5421,8384,6442,1085,590,629,689,815,977,1190,1498,1819,2308,3113,4006,4378,3954,2488,894,191,5618,843,25
Bolivia,2016,35918,3643,4984,1341,464,323,479,1175,1475,2158,3331,5420,8483,6488,1113,563,612,673,802,971,1187,1493,1838,2329,3091,4078,4405,3962,2526,920,193,5448,802,24
Bolivia,2017,36465,3565,4863,1298,459,324,482,1189,1510,2221,3430,5527,8701,6581,1153,566,623,690,820,998,1223,1530,1900,2403,3124,4202,4499,4006,2575,956,197,5322,806,24
Bolivia,2018,37145,3481,4735,1254,459,331,494,1222,1569,2304,3548,5683,8921,6661,1194,579,643,721,848,1036,1268,1578,1970,2498,3185,4305,4616,4047,2614,993,201,5194,825,23
Bolivia,2019,37716,3397,4610,1213,456,332,499,1240,1613,2373,3646,5851,9103,6738,1232,586,654,742,871,1064,1309,1622,2024,2588,3263,4363,4740,4093,2645,1024,208,5066,831,23
Bolivia,2020,47254,3291,4446,1155,429,314,475,1287,1912,3208,5385,8771,11858,7794,1354,589,698,848,1064,1398,1810,2336,3049,3980,4791,5846,6012,4815,2979,1129,225,4875,789,24
Bolivia,2021,52128,3184,4296,1112,424,318,521,1418,2168,3659,6225,10019,13138,8479,1439,650,768,960,1208,1589,2070,2703,3522,4580,5439,6445,6693,5256,3223,1201,238,4720,839,25
Bonaire Sint Eustatius and Saba,1950,77,7,9,2,0,0,0,0,0,0,7,10,20,18,3,0,0,0,0,0,0,2,5,5,5,10,10,10,8,3,0,9,0,0
Bonaire Sint Eustatius and Saba,1951,73,6,8,2,0,0,0,0,0,0,6,10,20,18,4,0,0,0,0,0,0,1,5,5,5,10,10,10,8,4,0,8,0,0
Bonaire Sint Eustatius and Saba,1952,66,5,6,1,0,0,0,0,0,0,4,10,18,18,4,0,0,0,0,0,0,0,4,5,5,8,10,10,8,4,0,6,0,0
Bonaire Sint Eustatius and Saba,1953,65,5,6,1,0,0,0,0,0,0,5,10,18,18,4,0,0,0,0,0,0,0,5,5,5,8,10,10,8,4,0,6,0,0
Bonaire Sint Eustatius and Saba,1954,63,5,6,1,0,0,0,0,0,0,4,10,18,18,4,0,0,0,0,0,0,0,4,5,5,8,10,10,8,4,0,6,0,0
Bonaire Sint Eustatius and Saba,1955,65,4,5,1,0,0,0,0,0,0,4,10,18,18,3,0,0,0,0,0,0,0,4,5,5,8,10,10,8,3,0,5,0,0
Bonaire Sint Eustatius and Saba,1956,64,5,6,1,0,0,0,0,0,0,4,10,18,18,3,0,0,0,0,0,0,0,4,5,5,8,10,10,8,3,0,6,0,0
Bonaire Sint Eustatius and Saba,1957,60,4,4,0,0,0,0,0,0,0,3,10,17,17,3,0,0,0,0,0,0,0,3,5,5,7,10,10,7,3,0,4,0,0
Bonaire Sint Eustatius and Saba,1958,58,4,4,0,0,0,0,0,0,0,3,10,16,17,3,0,0,0,0,0,0,0,3,5,5,6,10,10,7,3,0,4,0,0
Bonaire Sint Eustatius and Saba,1959,56,4,4,0,0,0,0,0,0,0,2,10,15,17,3,0,0,0,0,0,0,0,2,5,5,5,10,10,7,3,0,4,0,0
Bonaire Sint Eustatius and Saba,1960,53,3,3,0,0,0,0,0,0,0,1,10,14,15,3,0,0,0,0,0,0,0,1,5,5,5,9,8,7,3,0,3,0,0
Bonaire Sint Eustatius and Saba,1961,54,4,4,0,0,0,0,0,0,0,1,10,14,14,3,0,0,0,0,0,0,0,1,5,5,5,9,8,6,3,0,4,0,0
Bonaire Sint Eustatius and Saba,1962,53,4,4,0,0,0,0,0,0,0,1,10,13,13,3,0,0,0,0,0,0,0,1,5,5,5,8,8,5,3,0,4,0,0
Bonaire Sint Eustatius and Saba,1963,48,3,3,0,0,0,0,0,0,0,0,10,12,13,3,0,0,0,0,0,0,0,0,5,5,5,7,8,5,3,0,3,0,0
Bonaire Sint Eustatius and Saba,1964,49,3,3,0,0,0,0,0,0,0,0,10,11,14,3,0,0,0,0,0,0,0,0,5,5,5,6,9,5,3,0,3,0,0
Bonaire Sint Eustatius and Saba,1965,53,4,4,0,0,0,0,0,0,0,1,10,11,15,3,0,0,0,0,0,0,0,1,5,5,5,6,10,5,3,0,4,0,0
Bonaire Sint Eustatius and Saba,1966,48,3,3,0,0,0,0,0,0,0,0,10,10,14,3,0,0,0,0,0,0,0,0,5,5,5,5,9,5,3,0,3,0,0
Bonaire Sint Eustatius and Saba,1967,45,2,2,0,0,0,0,0,0,0,0,9,10,12,3,0,0,0,0,0,0,0,0,4,5,5,5,7,5,3,0,2,0,0
Bonaire Sint Eustatius and Saba,1968,46,2,2,0,0,0,0,0,0,0,0,9,13,12,2,0,0,0,0,0,0,0,0,4,5,5,8,7,5,2,0,2,0,0
Bonaire Sint Eustatius and Saba,1969,43,2,2,0,0,0,0,0,0,0,0,8,12,13,1,0,0,0,0,0,0,0,0,3,5,5,7,8,5,1,0,2,0,0
Bonaire Sint Eustatius and Saba,1970,43,2,2,0,0,0,0,0,0,0,0,8,11,14,1,0,0,0,0,0,0,0,0,3,5,5,6,9,5,1,0,2,0,0
Bonaire Sint Eustatius and Saba,1971,47,2,2,0,0,0,0,0,0,0,0,7,14,15,2,0,0,0,0,0,0,0,0,2,5,5,9,10,5,2,0,2,0,0
Bonaire Sint Eustatius and Saba,1972,46,2,2,0,0,0,0,0,0,0,0,7,13,16,2,0,0,0,0,0,0,0,0,2,5,5,8,10,6,2,0,2,0,0
Bonaire Sint Eustatius and Saba,1973,47,2,2,0,0,0,0,0,0,0,0,6,14,17,2,0,0,0,0,0,0,0,0,1,5,6,8,10,7,2,0,2,0,0
Bonaire Sint Eustatius and Saba,1974,47,2,2,0,0,0,0,0,0,0,0,5,17,17,3,0,0,0,0,0,0,0,0,0,5,7,10,10,7,3,0,2,0,0
Bonaire Sint Eustatius and Saba,1975,48,2,2,0,0,0,0,0,0,0,0,4,17,18,3,0,0,0,0,0,0,0,0,0,4,7,10,10,8,3,0,2,0,0
Bonaire Sint Eustatius and Saba,1976,50,2,2,0,0,0,0,0,0,0,0,4,17,18,3,0,0,0,0,0,0,0,0,0,4,7,10,10,8,3,0,2,0,0
Bonaire Sint Eustatius and Saba,1977,55,2,2,0,0,0,0,0,0,0,0,5,17,19,3,0,0,0,0,0,0,0,0,0,5,7,10,10,9,3,0,2,0,0
Bonaire Sint Eustatius and Saba,1978,58,2,2,0,0,0,0,0,0,0,0,5,17,20,4,0,0,0,0,0,0,0,0,0,5,7,10,10,10,4,0,2,0,0
Bonaire Sint Eustatius and Saba,1979,60,2,2,0,0,0,0,0,0,0,0,5,18,21,6,0,0,0,0,0,0,0,0,0,5,6,12,11,10,6,0,2,0,0
Bonaire Sint Eustatius and Saba,1980,64,2,2,0,0,0,0,0,0,0,0,5,18,25,8,0,0,0,0,0,0,0,0,0,5,6,12,15,10,8,0,2,0,0
Bonaire Sint Eustatius and Saba,1981,65,2,2,0,0,0,0,0,0,0,0,4,18,27,9,0,0,0,0,0,0,0,0,0,4,6,12,15,12,8,1,2,0,0
Bonaire Sint Eustatius and Saba,1982,61,2,2,0,0,0,0,0,0,0,0,3,15,27,10,0,0,0,0,0,0,0,0,0,3,5,10,15,12,8,2,2,0,0
Bonaire Sint Eustatius and Saba,1983,60,2,2,0,0,0,0,0,0,0,0,3,14,26,10,0,0,0,0,0,0,0,0,0,3,5,9,15,11,8,2,2,0,0
Bonaire Sint Eustatius and Saba,1984,60,2,2,0,0,0,0,0,0,0,0,3,14,25,9,0,0,0,0,0,0,0,0,0,3,5,9,14,11,7,2,2,0,0
Bonaire Sint Eustatius and Saba,1985,59,2,2,0,0,0,0,0,0,0,0,3,14,26,9,0,0,0,0,0,0,0,0,0,3,5,9,14,12,7,2,2,0,0
Bonaire Sint Eustatius and Saba,1986,58,2,2,0,0,0,0,0,0,0,0,3,13,25,9,0,0,0,0,0,0,0,0,0,3,5,8,13,12,7,2,2,0,0
Bonaire Sint Eustatius and Saba,1987,57,2,2,0,0,0,0,0,0,0,0,2,12,24,10,0,0,0,0,0,0,0,0,0,2,5,7,12,12,7,3,2,0,0
Bonaire Sint Eustatius and Saba,1988,55,2,2,0,0,0,0,0,0,0,0,2,12,23,8,0,0,0,0,0,0,0,0,0,2,5,7,11,12,6,2,2,0,0
Bonaire Sint Eustatius and Saba,1989,56,2,2,0,0,0,0,0,0,0,0,2,11,24,9,0,0,0,0,0,0,0,0,0,2,5,6,11,13,7,2,2,0,0
Bonaire Sint Eustatius and Saba,1990,55,2,2,0,0,0,0,0,0,0,0,2,11,22,9,0,0,0,0,0,0,0,0,0,2,5,6,12,10,7,2,2,0,0
Bonaire Sint Eustatius and Saba,1991,55,2,2,0,0,0,0,0,0,0,0,2,10,23,9,0,0,0,0,0,0,0,0,0,2,5,5,13,10,7,2,2,0,0
Bonaire Sint Eustatius and Saba,1992,56,2,2,0,0,0,0,0,0,0,0,3,10,23,9,0,0,0,0,0,0,0,0,0,3,5,5,12,11,7,2,2,0,0
Bonaire Sint Eustatius and Saba,1993,50,1,1,0,0,0,0,0,0,0,0,1,10,20,8,0,0,0,0,0,0,0,0,0,1,5,5,9,11,7,1,1,0,0
Bonaire Sint Eustatius and Saba,1994,50,1,1,0,0,0,0,0,0,0,0,1,10,21,8,0,0,0,0,0,0,0,0,0,1,5,5,10,11,7,1,1,0,0
Bonaire Sint Eustatius and Saba,1995,46,1,1,0,0,0,0,0,0,0,0,0,10,16,6,0,0,0,0,0,0,0,0,0,0,5,5,6,10,5,1,1,0,0
Bonaire Sint Eustatius and Saba,1996,49,1,1,0,0,0,0,0,0,0,0,1,10,20,8,0,0,0,0,0,0,0,0,0,1,5,5,10,10,6,2,1,0,0
Bonaire Sint Eustatius and Saba,1997,46,1,1,0,0,0,0,0,0,0,0,1,10,18,8,0,0,0,0,0,0,0,0,0,1,5,5,9,9,6,2,1,0,0
Bonaire Sint Eustatius and Saba,1998,44,1,1,0,0,0,0,0,0,0,0,0,10,14,9,0,0,0,0,0,0,0,0,0,0,5,5,7,7,7,2,1,0,0
Bonaire Sint Eustatius and Saba,1999,42,1,1,0,0,0,0,0,0,0,0,2,10,13,9,0,0,0,0,0,0,0,0,0,2,5,5,7,6,7,2,1,0,0
Bonaire Sint Eustatius and Saba,2000,42,1,1,0,0,0,0,0,0,0,0,3,10,13,6,0,0,0,0,0,0,0,0,0,3,5,5,8,5,5,1,1,0,0
Bonaire Sint Eustatius and Saba,2001,44,1,1,0,0,0,0,0,0,0,0,5,10,13,6,0,0,0,0,0,0,0,0,0,5,5,5,7,6,5,1,1,0,0
Bonaire Sint Eustatius and Saba,2002,42,1,1,0,0,0,0,0,0,0,0,5,10,13,7,0,0,0,0,0,0,0,0,0,5,5,5,6,7,5,2,1,0,0
Bonaire Sint Eustatius and Saba,2003,43,1,1,0,0,0,0,0,0,0,0,7,10,13,7,0,0,0,0,0,0,0,0,2,5,5,5,5,8,5,2,1,0,0
Bonaire Sint Eustatius and Saba,2004,43,1,1,0,0,0,0,0,0,0,0,6,10,13,7,0,0,0,0,0,0,0,0,1,5,5,5,5,8,5,2,1,0,0
Bonaire Sint Eustatius and Saba,2005,44,1,1,0,0,0,0,0,0,0,0,8,10,12,7,0,0,0,0,0,0,0,0,3,5,5,5,5,7,5,2,1,0,0
Bonaire Sint Eustatius and Saba,2006,50,1,1,0,0,0,0,0,0,0,3,10,10,12,7,0,0,0,0,0,0,0,3,5,5,5,5,5,7,5,2,1,0,0
Bonaire Sint Eustatius and Saba,2007,45,1,1,0,0,0,0,0,0,0,1,9,10,10,5,0,0,0,0,0,0,0,1,4,5,5,5,5,5,5,0,1,0,0
Bonaire Sint Eustatius and Saba,2008,50,1,1,0,0,0,0,0,0,0,4,10,10,10,5,0,0,0,0,0,0,0,4,5,5,5,5,5,5,5,0,1,0,0
Bonaire Sint Eustatius and Saba,2009,51,1,1,0,0,0,0,0,0,0,3,10,11,10,5,0,0,0,0,0,0,0,3,5,5,5,6,5,5,5,0,1,0,0
Bonaire Sint Eustatius and Saba,2010,55,1,1,0,0,0,0,0,0,0,5,10,16,12,5,0,0,0,0,0,0,0,5,5,5,6,10,6,6,5,0,1,0,0
Bonaire Sint Eustatius and Saba,2011,52,1,1,0,0,0,0,0,0,0,3,10,15,12,6,0,0,0,0,0,0,0,3,5,5,5,10,7,5,5,1,1,0,0
Bonaire Sint Eustatius and Saba,2012,63,1,1,0,0,0,0,0,0,0,10,10,17,14,6,0,0,0,0,0,0,5,5,5,5,7,10,8,6,5,1,1,0,0
Bonaire Sint Eustatius and Saba,2013,64,1,1,0,0,0,0,0,0,0,10,10,17,14,7,0,0,0,0,0,0,5,5,5,5,7,10,9,5,5,2,1,0,0
Bonaire Sint Eustatius and Saba,2014,61,1,1,0,0,0,0,0,0,0,9,10,16,15,5,0,0,0,0,0,0,4,5,5,5,6,10,10,5,5,0,1,0,0
Bonaire Sint Eustatius and Saba,2015,62,1,1,0,0,0,0,0,0,0,8,10,17,16,5,0,0,0,0,0,0,3,5,5,5,7,10,10,6,5,0,1,0,0
Bonaire Sint Eustatius and Saba,2016,77,2,2,0,0,0,0,0,0,0,10,13,22,21,6,0,0,0,0,0,0,5,5,5,8,10,12,14,7,5,1,2,0,0
Bonaire Sint Eustatius and Saba,2017,69,1,1,0,0,0,0,0,0,0,8,10,18,21,6,0,0,0,0,0,0,3,5,5,5,8,10,13,8,5,1,1,0,0
Bonaire Sint Eustatius and Saba,2018,85,2,2,0,0,0,0,0,0,0,9,14,21,25,5,0,0,0,0,0,0,4,5,5,9,10,11,15,10,5,0,2,0,0
Bonaire Sint Eustatius and Saba,2019,84,1,1,0,0,0,0,0,0,0,8,13,21,27,6,0,0,0,0,0,0,3,5,5,8,10,11,15,12,5,1,1,0,0
Bonaire Sint Eustatius and Saba,2020,95,2,2,0,0,0,0,0,0,0,8,14,23,29,8,0,0,0,0,0,0,3,5,5,9,10,13,16,13,6,2,2,0,0
Bonaire Sint Eustatius and Saba,2021,111,2,2,0,0,0,0,0,0,0,10,18,29,35,12,0,0,0,0,0,0,5,5,8,10,14,15,18,17,8,4,2,0,0
Bosnia and Herzegovina,1950,21355,7180,9688,2508,408,303,383,672,534,997,1348,2010,3348,1530,132,377,295,218,316,446,551,693,655,975,1035,1672,1676,1049,481,119,13,10096,686,1
Bosnia and Herzegovina,1951,21306,7142,9639,2497,397,290,376,694,528,996,1390,2014,3234,1598,148,382,312,227,301,443,553,709,681,971,1043,1563,1671,1091,507,134,14,10036,666,1
Bosnia and Herzegovina,1952,20354,6929,9287,2358,335,257,351,672,501,950,1373,1941,2947,1582,155,363,309,233,268,417,533,674,699,893,1048,1360,1587,1078,504,138,17,9622,608,2
Bosnia and Herzegovina,1953,19498,6683,8902,2219,400,227,324,646,478,903,1350,1875,2667,1562,165,343,303,242,236,388,515,630,720,806,1069,1171,1496,1060,502,145,20,9302,551,2
Bosnia and Herzegovina,1954,18590,6379,8461,2082,345,202,302,618,468,856,1328,1830,2446,1552,177,323,295,251,217,358,498,594,734,750,1080,1047,1399,1044,508,154,23,8806,504,1
Bosnia and Herzegovina,1955,17786,5985,7927,1942,322,185,282,598,471,819,1316,1809,2302,1564,190,307,291,262,209,334,485,574,742,732,1077,995,1307,1036,528,165,25,8249,467,1
Bosnia and Herzegovina,1956,17026,5572,7364,1792,311,170,260,581,481,781,1301,1797,2196,1581,205,294,287,271,210,310,471,562,739,745,1052,990,1206,1028,553,176,29,7675,430,2
Bosnia and Herzegovina,1957,16280,5159,6795,1636,305,163,237,560,493,735,1277,1775,2120,1598,219,281,279,274,219,281,454,556,721,782,993,1031,1089,1024,574,187,32,7100,400,2
Bosnia and Herzegovina,1958,15528,4829,6310,1481,304,157,211,531,503,682,1227,1736,2042,1590,231,263,268,272,231,253,429,543,684,819,917,1076,966,1002,588,195,36,6614,368,3
Bosnia and Herzegovina,1959,15023,4544,5885,1341,279,160,192,511,522,647,1208,1743,2033,1594,249,251,260,275,247,237,410,544,664,861,882,1125,908,980,614,209,40,6164,352,3
Bosnia and Herzegovina,1960,14483,4271,5489,1218,269,159,174,481,532,612,1177,1746,2014,1558,269,234,247,273,259,228,384,532,645,876,870,1132,882,934,624,224,45,5758,333,4
Bosnia and Herzegovina,1961,14135,4001,5114,1113,256,162,164,460,545,591,1174,1794,2039,1536,295,220,240,273,272,232,359,530,644,888,906,1130,909,891,645,245,50,5370,326,4
Bosnia and Herzegovina,1962,13832,3724,4742,1018,248,163,159,439,558,582,1178,1861,2077,1502,322,204,235,274,284,248,334,524,654,886,975,1097,980,834,668,266,56,4990,322,5
Bosnia and Herzegovina,1963,13463,3446,4374,928,233,163,159,411,558,576,1169,1916,2103,1453,343,185,226,269,289,267,309,509,660,865,1051,1044,1059,772,681,284,59,4607,322,6
Bosnia and Herzegovina,1964,13087,3176,4019,843,220,159,160,382,555,578,1150,1953,2125,1412,364,167,215,263,292,288,290,488,662,844,1109,1014,1111,736,676,300,64,4239,319,7
Bosnia and Herzegovina,1965,12849,2924,3684,760,207,159,165,363,556,594,1137,1997,2180,1409,391,156,207,258,298,309,285,469,668,840,1157,1030,1150,743,666,318,73,3891,324,8
Bosnia and Herzegovina,1966,12586,2671,3356,685,191,157,169,341,551,619,1110,2021,2233,1419,411,147,194,252,299,326,293,442,668,842,1179,1082,1151,776,643,332,79,3547,326,9
Bosnia and Herzegovina,1967,12468,2430,3039,609,179,156,173,327,551,657,1088,2056,2321,1470,440,146,181,247,304,342,315,417,671,864,1192,1186,1135,853,617,351,89,3218,329,10
Bosnia and Herzegovina,1968,12411,2217,2756,539,170,152,176,315,552,704,1063,2086,2422,1537,465,148,167,245,307,359,345,394,669,895,1191,1311,1111,945,592,368,97,2926,328,12
Bosnia and Herzegovina,1969,12383,2028,2504,476,158,149,178,310,548,754,1040,2116,2531,1607,479,155,155,241,307,373,381,380,660,923,1193,1417,1114,1021,586,374,105,2662,327,13
Bosnia and Herzegovina,1970,12254,1853,2269,416,146,142,175,301,530,787,1008,2124,2622,1655,478,158,143,229,301,379,408,374,634,934,1190,1479,1143,1058,597,367,111,2415,317,15
Bosnia and Herzegovina,1971,12188,1705,2069,364,133,134,174,296,512,818,986,2143,2730,1702,474,162,134,217,295,384,434,383,603,940,1203,1516,1214,1070,632,357,117,2202,308,17
Bosnia and Herzegovina,1972,12065,1563,1883,320,120,126,170,293,485,834,969,2149,2823,1729,462,163,130,198,287,383,451,406,563,932,1217,1508,1315,1042,687,341,121,2003,296,18
Bosnia and Herzegovina,1973,12092,1419,1703,284,108,121,167,298,464,855,974,2187,2954,1785,455,165,133,183,281,384,471,445,529,930,1257,1503,1451,1024,761,331,124,1811,288,19
Bosnia and Herzegovina,1974,11889,1290,1541,251,98,113,157,296,430,850,970,2156,2996,1812,451,162,134,163,267,375,475,475,495,891,1265,1467,1529,1009,803,326,125,1639,270,21
Bosnia and Herzegovina,1975,11757,1178,1400,222,87,103,148,294,400,841,985,2118,3033,1866,461,158,136,148,252,363,478,504,481,849,1269,1453,1580,1037,829,337,124,1487,251,22
Bosnia and Herzegovina,1976,11942,1078,1277,199,80,98,144,298,381,852,1045,2119,3139,1984,496,158,140,141,240,361,491,543,502,819,1300,1494,1645,1127,857,371,125,1357,242,24
Bosnia and Herzegovina,1977,11904,986,1164,178,70,89,137,296,355,840,1094,2060,3163,2077,532,154,142,135,220,350,490,563,531,767,1293,1522,1641,1231,846,409,123,1234,226,25
Bosnia and Herzegovina,1978,12224,909,1071,162,65,84,134,298,346,851,1192,2053,3272,2246,586,153,145,139,207,350,501,600,592,737,1316,1605,1667,1386,860,462,124,1136,218,27
Bosnia and Herzegovina,1979,12503,849,996,147,63,78,128,297,336,849,1287,2033,3369,2406,636,150,147,146,190,345,504,628,659,718,1315,1676,1693,1516,890,506,130,1059,206,28
Bosnia and Herzegovina,1980,12612,813,947,134,55,72,120,291,326,827,1354,1987,3414,2526,666,144,147,152,174,332,495,643,711,710,1277,1708,1706,1590,936,529,137,1002,192,28
Bosnia and Herzegovina,1981,12961,792,916,124,54,67,115,288,323,817,1435,1993,3534,2691,701,139,149,157,166,320,497,665,770,747,1246,1762,1772,1662,1029,549,152,970,182,28
Bosnia and Herzegovina,1982,13246,766,880,114,49,62,108,285,324,796,1496,2010,3641,2837,728,137,148,161,163,301,495,678,818,813,1197,1795,1846,1694,1143,557,171,929,170,28
Bosnia and Herzegovina,1983,13428,723,830,107,44,57,100,276,331,766,1538,2034,3720,2955,748,131,145,164,167,279,487,681,857,893,1141,1801,1919,1696,1259,560,188,874,157,28
Bosnia and Herzegovina,1984,14436,670,770,100,43,57,98,283,362,782,1676,2231,4020,3257,825,134,149,175,187,272,510,727,949,1048,1183,1903,2117,1817,1440,614,211,813,155,31
Bosnia and Herzegovina,1985,15770,613,705,92,42,57,98,297,406,815,1855,2535,4385,3616,919,139,158,195,211,275,540,785,1070,1239,1296,2025,2360,1996,1620,691,228,747,155,33
Bosnia and Herzegovina,1986,15301,561,647,86,38,51,87,273,397,749,1802,2581,4186,3534,917,125,148,187,210,249,500,747,1055,1277,1304,1878,2308,1957,1577,702,215,685,138,33
Bosnia and Herzegovina,1987,15592,521,600,79,34,48,82,264,407,724,1831,2796,4165,3630,973,119,145,188,219,247,477,747,1084,1363,1433,1810,2355,2038,1592,762,211,634,130,35
Bosnia and Herzegovina,1988,15704,493,568,75,34,46,76,249,406,692,1822,3002,4072,3684,1020,110,139,183,223,249,443,733,1089,1426,1576,1722,2350,2108,1576,814,206,602,122,36
Bosnia and Herzegovina,1989,16159,472,543,71,36,42,71,240,409,684,1841,3272,4079,3824,1081,103,137,181,228,267,417,731,1110,1509,1763,1715,2364,2219,1605,869,212,579,113,37
Bosnia and Herzegovina,1990,15149,459,528,69,29,36,62,207,376,610,1673,3203,3741,3614,1036,88,119,163,213,255,355,657,1016,1442,1761,1613,2128,2107,1507,829,207,557,98,35
Bosnia and Herzegovina,1991,15826,422,485,63,26,34,59,200,383,616,1688,3469,3887,3838,1106,85,115,164,219,271,345,650,1038,1530,1939,1765,2122,2230,1608,878,228,511,93,36
Bosnia and Herzegovina,1992,27657,882,1967,1085,575,259,294,878,1250,1711,3169,5769,5735,4779,1231,394,484,564,686,842,869,1292,1877,2561,3208,2904,2831,2844,1935,969,262,2542,553,37
Bosnia and Herzegovina,1993,26240,674,1625,951,540,250,252,672,1089,1642,2988,5765,5764,4606,1024,302,370,472,617,805,837,1168,1820,2522,3243,3139,2625,2728,1878,849,175,2165,502,18
Bosnia and Herzegovina,1994,15647,231,270,39,22,28,56,167,382,728,1558,3676,4121,3727,906,74,93,148,234,340,388,555,1003,1546,2130,2285,1836,2100,1627,742,164,292,84,12
Bosnia and Herzegovina,1995,16618,235,367,132,82,56,62,143,333,693,1526,3972,4652,3810,911,65,78,129,204,307,386,516,1010,1639,2333,2636,2016,2117,1693,751,160,449,118,9
Bosnia and Herzegovina,1996,15727,196,225,29,17,25,37,98,253,586,1303,3719,4731,3708,1007,45,53,93,160,251,335,429,874,1501,2218,2638,2093,1994,1714,796,211,242,62,15
Bosnia and Herzegovina,1997,16310,211,238,27,17,24,38,106,256,610,1257,3757,5147,3711,1120,49,57,95,161,258,352,425,832,1497,2260,2780,2367,1942,1769,864,256,255,62,30
Bosnia and Herzegovina,1998,17055,199,225,26,14,23,38,110,253,630,1236,3838,5677,3766,1205,51,59,92,161,262,368,440,796,1509,2329,2959,2718,1936,1830,932,273,239,61,42
Bosnia and Herzegovina,1999,15307,173,198,25,11,17,31,95,211,547,1045,3344,5333,3322,1105,43,52,76,135,223,324,400,645,1293,2051,2689,2644,1715,1607,860,245,209,48,44
Bosnia and Herzegovina,2000,16897,158,182,24,11,18,32,101,214,590,1093,3566,6097,3686,1256,46,55,78,136,233,357,448,645,1355,2211,2993,3104,1962,1724,977,279,193,50,51
Bosnia and Herzegovina,2001,16414,149,172,23,10,15,28,93,193,556,1014,3329,6056,3655,1245,41,52,71,122,216,340,437,577,1235,2094,2907,3149,2049,1606,968,277,182,43,51
Bosnia and Herzegovina,2002,19183,147,168,21,8,15,29,103,207,627,1159,3729,7179,4430,1473,45,58,76,131,239,388,515,644,1341,2388,3389,3790,2642,1788,1140,333,176,44,58
Bosnia and Herzegovina,2003,16657,143,163,20,10,12,23,83,165,517,996,3069,6273,4013,1285,36,47,62,103,194,323,444,552,1065,2004,2911,3362,2522,1491,985,300,173,35,51
Bosnia and Herzegovina,2004,17076,140,159,19,10,11,20,78,157,495,1019,2956,6446,4345,1328,33,45,61,96,182,313,446,573,987,1969,2941,3505,2814,1531,1005,323,169,31,53
Bosnia and Herzegovina,2005,18358,132,151,19,7,11,19,75,155,497,1100,2987,6938,4959,1406,31,44,61,94,179,318,477,623,964,2023,3116,3822,3232,1727,1053,353,158,30,55
Bosnia and Herzegovina,2006,17521,124,142,18,6,8,16,64,135,443,1048,2669,6589,5028,1322,26,38,54,81,156,287,448,600,849,1820,2919,3670,3236,1792,972,350,148,24,54
Bosnia and Herzegovina,2007,18568,123,140,17,5,9,15,60,131,436,1099,2650,6923,5663,1377,24,36,53,78,150,286,460,639,859,1791,3033,3890,3550,2113,996,381,145,24,59
Bosnia and Herzegovina,2008,17679,117,133,16,5,6,13,53,119,389,1036,2390,6479,5649,1339,22,31,48,71,131,258,426,610,811,1579,2809,3670,3399,2250,951,388,138,19,65
Bosnia and Herzegovina,2009,17754,110,126,16,5,6,12,49,111,368,1024,2301,6397,5872,1411,20,29,45,66,123,245,411,613,839,1462,2736,3661,3409,2463,1003,408,131,18,75
Bosnia and Herzegovina,2010,18122,100,114,14,5,7,11,45,106,352,1036,2265,6423,6124,1552,18,27,41,65,118,234,405,631,889,1376,2713,3710,3478,2646,1123,429,119,18,86
Bosnia and Herzegovina,2011,18804,89,103,14,5,6,10,42,106,345,1070,2288,6562,6403,1766,17,25,41,65,114,231,409,661,956,1332,2729,3833,3613,2790,1318,448,108,16,99
Bosnia and Herzegovina,2012,17927,87,101,14,5,5,10,36,92,309,1008,2172,6137,6084,1864,14,22,35,57,101,208,380,628,938,1234,2502,3635,3459,2625,1436,428,106,15,105
Bosnia and Herzegovina,2013,20474,81,93,12,6,6,10,38,99,337,1136,2544,6859,6898,2322,15,23,37,62,109,228,424,712,1103,1441,2736,4123,3984,2914,1830,492,99,16,125
Bosnia and Herzegovina,2014,22947,78,92,14,6,5,13,40,107,353,1234,2953,7405,7885,2721,16,24,41,66,115,238,454,780,1250,1703,2827,4578,4637,3248,2156,565,98,18,136
Bosnia and Herzegovina,2015,22160,75,86,11,5,5,11,35,97,321,1154,2978,6867,7805,2670,14,21,37,60,107,214,418,736,1229,1749,2500,4367,4582,3223,2089,581,91,16,127
Bosnia and Herzegovina,2016,20822,74,86,12,5,5,8,29,83,281,1045,2899,6173,7572,2519,11,18,32,51,96,185,371,674,1170,1729,2178,3995,4396,3176,1920,599,91,13,115
Bosnia and Herzegovina,2017,20686,72,83,11,5,5,7,27,79,261,997,2931,5904,7798,2480,10,17,29,50,90,171,345,652,1160,1771,2111,3793,4437,3361,1828,652,88,12,110
Bosnia and Herzegovina,2018,20699,71,82,11,2,5,6,25,72,244,954,2954,5725,8051,2469,10,15,27,45,85,159,323,631,1139,1815,2162,3563,4471,3580,1773,696,84,11,109
Bosnia and Herzegovina,2019,20706,67,77,10,5,5,5,23,69,230,905,2954,5590,8226,2506,10,13,24,45,80,150,302,603,1114,1840,2289,3301,4471,3755,1790,716,82,10,111
Bosnia and Herzegovina,2020,22798,63,74,11,1,5,5,20,63,242,988,3435,6091,9042,2712,9,11,21,42,82,160,323,665,1262,2173,2790,3301,4817,4225,1978,734,75,10,120
Bosnia and Herzegovina,2021,25067,59,69,10,5,5,8,25,75,276,1084,3844,6643,9975,2934,10,15,26,49,92,184,354,730,1402,2442,3226,3417,5180,4795,2208,726,74,13,127
Botswana,1950,4099,1209,1839,630,167,99,101,227,184,192,250,413,436,174,23,108,119,100,84,89,103,106,144,191,222,246,190,114,60,19,4,2006,200,1
Botswana,1951,4179,1231,1897,666,164,98,102,227,191,190,247,414,448,178,21,107,120,105,86,86,104,107,140,192,222,250,198,118,60,18,3,2061,200,1
Botswana,1952,4198,1233,1909,676,161,96,102,227,198,184,245,414,460,182,22,110,117,110,88,84,100,111,134,189,225,251,209,122,60,18,4,2070,198,1
Botswana,1953,4218,1240,1920,680,156,91,102,225,206,180,242,418,471,185,23,110,115,114,92,84,96,114,128,189,229,251,220,125,60,20,3,2076,193,1
Botswana,1954,4235,1248,1926,678,155,89,100,225,213,174,243,415,481,192,23,113,112,117,96,82,92,117,126,183,232,251,230,131,61,20,3,2081,189,0
Botswana,1955,4247,1253,1925,672,158,86,99,224,214,173,242,413,490,202,23,114,110,115,99,83,90,119,123,181,232,254,236,139,63,20,3,2083,185,0
Botswana,1956,4255,1255,1920,665,160,84,95,223,217,171,240,411,496,209,24,113,110,115,102,84,87,117,123,177,234,257,239,146,63,20,4,2080,179,0
Botswana,1957,4263,1257,1918,661,163,81,95,224,220,172,240,402,503,220,25,113,111,113,107,88,84,114,126,169,233,261,242,154,66,21,4,2081,176,0
Botswana,1958,4261,1251,1906,655,165,79,90,224,219,173,240,396,507,233,25,112,112,109,110,90,83,109,131,164,232,265,242,163,70,21,4,2071,169,0
Botswana,1959,4253,1242,1887,645,164,79,90,224,219,176,238,388,513,244,26,111,113,107,112,94,82,104,134,159,229,269,244,171,73,21,5,2051,169,0
Botswana,1960,4235,1226,1861,635,164,81,85,223,220,180,237,383,520,254,28,109,114,107,113,98,82,101,136,157,226,271,249,176,78,23,5,2025,166,0
Botswana,1961,4209,1207,1828,621,163,82,84,221,219,185,231,379,526,261,28,107,114,105,114,101,84,97,134,158,221,274,252,179,82,23,5,1991,166,1
Botswana,1962,4186,1188,1792,604,163,83,82,220,219,193,227,376,531,270,29,105,115,107,112,105,88,96,131,163,213,274,257,182,88,24,5,1955,165,1
Botswana,1963,4174,1183,1772,589,162,85,81,215,216,201,220,374,536,278,32,100,115,109,107,110,91,94,126,168,206,273,263,184,94,27,5,1934,166,1
Botswana,1964,4168,1182,1757,575,161,88,81,212,216,207,214,374,541,283,33,98,114,110,106,112,95,93,121,174,200,273,268,185,98,28,5,1918,169,1
Botswana,1965,4156,1174,1738,564,160,88,81,208,218,215,212,374,539,290,34,96,112,113,105,115,100,94,118,175,199,268,271,189,101,29,5,1898,169,1
Botswana,1966,4113,1153,1700,547,155,86,83,201,213,216,209,376,535,298,37,93,108,110,103,113,103,96,113,175,201,262,273,194,104,32,5,1855,169,1
Botswana,1967,4066,1127,1661,534,152,85,85,194,212,217,209,377,527,306,40,90,104,110,102,110,107,98,111,170,207,253,274,200,106,34,6,1813,170,1
Botswana,1968,4018,1102,1620,518,147,83,87,189,208,217,208,382,521,311,42,88,101,105,103,106,111,101,107,165,217,246,275,204,107,36,6,1767,170,1
Botswana,1969,3963,1075,1572,497,144,83,86,182,209,216,212,383,513,317,45,86,96,105,104,102,114,105,107,158,225,239,274,209,108,38,7,1716,169,1
Botswana,1970,3905,1047,1521,474,139,81,86,180,205,215,216,384,511,323,49,88,92,101,104,100,115,109,107,153,231,239,272,212,111,41,8,1660,167,1
Botswana,1971,3853,1023,1475,452,134,79,86,179,201,214,223,377,509,330,49,90,89,98,103,100,114,114,109,148,229,242,267,214,116,41,8,1609,165,1
Botswana,1972,3826,1011,1444,433,132,78,86,180,198,212,232,367,510,337,50,92,88,95,103,100,112,120,112,143,224,252,258,217,120,42,8,1576,164,1
Botswana,1973,3831,1015,1431,416,127,77,88,182,198,216,248,359,514,340,52,95,87,94,104,105,111,128,120,143,216,262,252,217,123,43,9,1558,165,1
Botswana,1974,3852,1024,1427,403,124,77,89,187,198,218,261,352,519,342,56,98,89,94,104,108,110,134,127,144,208,273,246,217,125,45,11,1551,166,1
Botswana,1975,3870,1030,1419,389,119,76,89,192,199,221,275,355,523,345,57,100,92,93,106,111,110,139,136,150,205,276,247,215,130,46,11,1538,165,1
Botswana,1976,3888,1034,1412,378,116,73,89,197,198,226,288,360,527,343,59,100,97,93,105,113,113,142,146,157,203,276,251,212,131,48,11,1528,162,1
Botswana,1977,3891,1026,1393,367,111,72,90,202,198,233,298,367,531,338,59,102,100,93,105,116,117,142,156,164,203,269,262,206,132,48,11,1504,162,1
Botswana,1978,3900,1016,1371,355,106,71,90,206,198,242,307,380,535,334,62,103,103,93,105,118,124,141,166,175,205,261,274,200,134,51,11,1477,161,1
Botswana,1979,3917,1002,1346,344,102,69,90,209,200,249,319,396,539,331,64,104,105,95,105,120,129,142,177,187,209,254,285,197,134,53,11,1448,159,1
Botswana,1980,3935,985,1317,332,98,66,88,214,206,255,332,419,544,332,65,104,110,100,106,122,133,146,186,201,218,252,292,198,134,54,11,1415,154,2
Botswana,1981,3935,962,1280,318,97,64,88,216,210,261,335,438,541,338,68,106,110,104,106,123,138,148,187,212,226,250,291,205,133,56,12,1377,152,2
Botswana,1982,3926,930,1235,305,94,61,85,214,213,264,342,464,538,344,71,104,110,107,106,123,141,154,188,226,238,251,287,215,129,58,13,1329,146,2
Botswana,1983,3903,892,1174,282,92,59,84,211,213,263,348,495,537,355,72,101,110,109,104,121,142,160,188,241,254,257,280,227,128,58,14,1266,143,2
Botswana,1984,3880,860,1138,278,91,59,84,217,220,264,347,507,526,354,73,104,113,114,106,121,143,163,184,246,261,256,270,231,123,58,15,1229,143,2
Botswana,1985,3913,833,1108,275,92,60,84,219,228,266,353,526,532,366,74,104,115,118,110,121,145,168,185,253,273,265,267,238,128,59,15,1200,144,2
Botswana,1986,3976,808,1082,274,94,62,86,230,244,271,367,551,543,371,72,109,121,125,119,123,148,175,192,260,291,277,266,238,133,57,15,1176,148,2
Botswana,1987,4084,781,1056,275,95,63,89,246,266,282,389,583,562,373,73,115,131,135,131,128,154,185,204,269,314,293,269,234,139,57,16,1151,152,2
Botswana,1988,4363,772,1075,303,108,76,100,282,314,310,428,625,594,376,72,131,151,157,157,142,168,203,225,281,344,316,278,229,147,56,16,1183,176,2
Botswana,1989,4504,754,1037,283,99,73,102,302,350,336,463,665,621,377,73,138,164,175,175,157,179,218,245,294,371,336,285,223,154,57,16,1136,175,2
Botswana,1990,4836,766,1053,287,103,78,113,346,413,382,509,716,662,379,75,156,190,207,206,184,198,238,271,314,402,364,298,222,157,59,16,1156,191,3
Botswana,1991,5253,798,1094,296,107,84,129,403,487,439,564,773,709,381,77,179,224,243,244,217,222,264,300,342,431,395,314,224,157,61,16,1201,213,3
Botswana,1992,5753,856,1162,306,114,93,146,468,577,507,621,832,767,381,81,205,263,288,289,260,247,290,331,375,457,432,335,226,155,65,16,1276,239,3
Botswana,1993,6311,924,1242,318,120,102,165,539,684,588,677,891,827,384,85,232,307,339,345,311,277,316,361,412,479,471,356,231,153,69,16,1362,267,3
Botswana,1994,6898,998,1330,332,125,110,185,611,796,683,735,952,889,389,89,262,349,393,403,367,316,344,391,450,502,508,381,238,151,72,17,1455,295,3
Botswana,1995,7556,1062,1435,373,136,122,211,696,924,787,792,1014,946,399,92,299,397,454,470,423,364,372,420,486,528,539,407,248,151,75,17,1571,333,3
Botswana,1996,8211,1103,1509,406,147,133,238,798,1068,902,843,1069,993,411,93,344,454,524,544,486,416,400,443,515,554,560,433,260,151,74,19,1656,371,3
Botswana,1997,8929,1156,1594,438,159,146,265,908,1226,1036,901,1132,1037,429,94,394,514,600,626,558,478,432,469,545,587,574,463,274,155,74,20,1753,411,3
Botswana,1998,9675,1222,1690,468,170,157,292,1024,1387,1184,957,1197,1075,449,96,446,578,679,708,636,548,464,493,574,623,582,493,289,160,73,23,1860,449,3
Botswana,1999,10415,1281,1767,486,178,164,317,1147,1551,1335,1022,1257,1108,471,96,502,645,756,795,716,619,505,517,599,658,589,519,307,164,73,23,1945,481,3
Botswana,2000,11106,1337,1843,506,187,175,339,1266,1696,1468,1095,1305,1138,496,96,554,712,824,872,791,677,557,538,620,685,601,537,322,174,73,23,2030,514,3
Botswana,2001,11608,1357,1863,506,186,176,350,1356,1802,1584,1163,1338,1160,525,98,589,767,869,933,850,734,606,557,633,705,612,548,342,183,76,22,2049,526,4
Botswana,2002,11928,1341,1841,500,181,175,355,1421,1871,1672,1217,1354,1178,557,98,612,809,898,973,893,779,650,567,639,715,628,550,363,194,76,22,2022,530,4
Botswana,2003,12060,1315,1804,489,174,170,351,1450,1878,1716,1269,1358,1189,589,101,618,832,899,979,908,808,693,576,638,720,644,545,384,205,79,22,1978,521,4
Botswana,2004,11992,1280,1743,463,164,162,341,1450,1853,1723,1296,1336,1192,621,107,611,839,891,962,903,820,712,584,626,710,651,541,402,219,84,23,1907,503,5
Botswana,2005,11680,1218,1628,410,148,149,317,1385,1766,1694,1320,1312,1194,646,111,577,808,852,914,877,817,720,600,613,699,653,541,414,232,88,23,1776,466,5
Botswana,2006,11549,1171,1605,434,163,156,312,1366,1717,1651,1318,1266,1193,671,119,565,801,842,875,851,800,714,604,592,674,647,546,424,247,95,24,1768,468,5
Botswana,2007,10829,1121,1505,384,134,128,272,1230,1569,1527,1278,1200,1174,685,124,501,729,778,791,781,746,682,596,562,638,628,546,422,263,99,25,1639,400,5
Botswana,2008,10327,1117,1497,380,131,120,247,1106,1419,1400,1244,1155,1173,698,134,450,656,712,707,708,692,654,590,542,613,617,556,418,280,107,27,1628,367,5
Botswana,2009,9771,1087,1458,371,126,109,223,979,1276,1269,1195,1111,1168,709,143,397,582,645,631,635,634,619,576,526,585,604,564,416,293,114,29,1584,332,5
Botswana,2010,9125,1023,1385,362,122,102,200,848,1117,1123,1119,1072,1158,721,152,346,502,565,552,555,568,573,546,515,557,589,569,419,302,122,30,1507,302,5
Botswana,2011,8872,1042,1410,368,124,100,188,761,1024,1035,1090,1075,1162,734,162,312,449,516,508,505,530,551,539,523,552,586,576,426,308,130,32,1534,288,5
Botswana,2012,9051,1032,1401,369,126,100,184,765,1077,1064,1127,1105,1175,747,174,310,455,539,538,518,546,567,560,548,557,590,585,437,310,140,34,1527,284,6
Botswana,2013,8419,1019,1385,366,126,96,163,631,898,908,1030,1069,1163,760,187,261,370,444,454,437,471,508,522,537,532,577,586,451,309,150,37,1511,259,6
Botswana,2014,8259,1037,1405,368,126,93,153,570,833,852,1001,1076,1169,773,197,238,332,406,427,409,443,486,515,543,533,576,593,463,310,157,40,1531,246,6
Botswana,2015,8036,1034,1397,363,126,93,143,514,765,793,963,1073,1170,787,207,218,296,367,398,381,412,463,500,538,535,573,597,473,314,163,44,1523,236,7
Botswana,2016,7399,1031,1376,345,121,86,125,408,602,652,842,1011,1148,803,214,179,229,284,318,314,338,397,445,498,513,553,595,484,319,167,47,1497,211,7
Botswana,2017,6969,1008,1329,321,115,80,113,337,505,569,759,973,1132,823,219,150,187,235,270,276,293,353,406,470,503,538,594,493,330,169,50,1444,193,8
Botswana,2018,8195,998,1353,355,126,93,138,458,738,814,994,1204,1205,843,223,196,262,337,401,406,408,471,523,590,614,590,615,502,341,169,54,1479,231,9
Botswana,2019,8162,979,1327,348,126,92,134,431,707,806,983,1235,1221,862,227,184,247,319,388,405,401,463,520,599,636,599,622,509,353,169,58,1453,226,9
Botswana,2020,8301,952,1297,345,124,91,120,363,618,799,1041,1378,1321,905,237,156,207,269,349,393,406,481,560,660,718,669,652,531,374,177,60,1421,211,10
Botswana,2021,11520,924,1266,342,123,94,166,559,1032,1332,1569,1978,1811,1271,309,235,324,441,591,671,661,732,837,970,1008,935,876,730,541,235,74,1389,260,13
Brazil,1950,419092,182158,235816,53658,21925,10322,11872,24229,19546,18599,18545,19927,18624,15304,4281,12746,11483,9945,9601,9518,9081,9330,9215,10073,9854,9766,8858,8572,6732,3482,799,257741,22194,105
Brazil,1951,426845,183790,238624,54834,22569,10414,11783,24752,20021,19290,19324,20897,19466,15254,4338,12888,11864,10202,9819,9893,9397,9752,9572,10477,10420,10195,9271,8713,6541,3482,856,261193,22197,116
Brazil,1952,432037,185143,240636,55493,22489,10472,11616,25026,20397,19856,20008,21747,20210,15239,4216,12891,12135,10446,9951,10195,9661,10084,9924,10780,10967,10555,9655,8807,6432,3336,880,263125,22088,122
Brazil,1953,440263,186425,242356,55931,25807,10541,11457,25177,20799,20403,20715,22600,20966,15323,3994,12824,12353,10722,10077,10464,9939,10398,10317,11075,11525,10923,10043,8938,6385,3108,886,268163,21998,124
Brazil,1954,442539,187422,243364,55942,23591,10618,11364,25248,21258,20981,21486,23461,21805,15498,3743,12709,12539,11041,10217,10720,10261,10727,10759,11380,12081,11351,10454,9121,6377,2867,876,266955,21982,124
Brazil,1955,446488,188293,244005,55712,24117,10665,11285,25096,21642,21439,22158,24158,22620,15656,3521,12495,12601,11314,10328,10888,10551,10998,11160,11646,12512,11805,10815,9327,6329,2666,855,268122,21950,123
Brazil,1956,450257,188777,244131,55354,24560,10775,11279,24914,22081,21900,22830,24844,23541,15896,3381,12289,12625,11583,10498,11032,10868,11272,11558,11976,12868,12362,11179,9616,6280,2559,822,268691,22054,122
Brazil,1957,453737,189035,243915,54880,24941,10946,11314,24666,22533,22311,23473,25554,24515,16197,3257,12081,12585,11813,10720,11148,11163,11554,11919,12378,13176,12973,11542,9949,6248,2488,769,268856,22260,122
Brazil,1958,456779,189026,243344,54318,25114,11197,11378,24382,22966,22686,24113,26293,25517,16543,3127,11903,12479,11989,10977,11257,11429,11856,12257,12826,13467,13593,11924,10298,6245,2421,706,268458,22575,121
Brazil,1959,457581,188626,242300,53674,23924,11495,11402,24037,23300,22969,24704,26988,26467,16888,2987,11749,12288,12077,11223,11341,11628,12147,12557,13276,13712,14148,12319,10628,6260,2345,642,266224,22897,119
Brazil,1960,460124,187762,240666,52904,24238,11671,11509,23815,23680,23326,25414,27863,27555,17389,2882,11714,12101,12155,11525,11493,11833,12517,12897,13807,14056,14685,12870,11020,6369,2282,600,264904,23180,117
Brazil,1961,461180,186710,238769,52059,24137,11744,11573,23524,23872,23575,26001,28716,28504,17869,2784,11669,11855,12122,11750,11635,11940,12836,13165,14270,14446,15046,13458,11352,6517,2212,572,262906,23317,112
Brazil,1962,462690,185145,236366,51221,23984,11763,11694,23393,24097,23970,26717,29823,29596,18469,2714,11703,11690,12109,11988,11886,12084,13204,13513,14773,15050,15437,14159,11738,6731,2162,552,260350,23457,103
Brazil,1963,463375,183235,233642,50407,23925,11677,11844,23223,24137,24321,27336,30868,30623,19045,2644,11714,11509,12001,12136,12137,12184,13498,13838,15193,15675,15800,14823,12114,6931,2120,524,257567,23521,92
Brazil,1964,464146,180522,230124,49602,23752,11550,12140,23202,24181,24806,28064,32084,31789,19775,2599,11771,11431,11896,12285,12465,12341,13810,14254,15669,16415,16265,15524,12605,7170,2105,494,253876,23690,82
Brazil,1965,463448,176963,225701,48738,23639,11529,12246,23154,24051,25228,28679,33178,32818,20573,2577,11789,11365,11714,12337,12754,12474,14025,14654,16070,17108,16733,16085,13167,7406,2115,462,249340,23775,73
Brazil,1966,463961,173402,221275,47873,23457,11600,12392,23314,24001,25814,29410,34384,34025,21614,2605,11905,11409,11590,12411,13092,12722,14265,15145,16533,17851,17401,16624,13913,7701,2168,437,244732,23992,67
Brazil,1967,463741,169518,216264,46746,23332,11631,12441,23505,23864,26391,30060,35510,35305,22725,2655,12048,11457,11446,12418,13376,13015,14459,15601,16994,18516,18181,17124,14719,8006,2238,417,239596,24072,61
Brazil,1968,462396,165405,210636,45231,22938,11600,12373,23737,23655,26927,30643,36595,36679,23854,2708,12241,11496,11304,12351,13590,13337,14633,16010,17471,19124,19039,17640,15530,8324,2306,402,233574,23973,55
Brazil,1969,462962,162473,206277,43804,22658,11610,12234,24130,23496,27485,31241,37773,38205,25034,2770,12567,11563,11238,12258,13773,13712,14839,16402,18020,19753,19985,18220,16332,8702,2380,390,228935,23844,49
Brazil,1970,464255,160258,202543,42285,22230,11589,12277,24367,23373,28014,31835,38999,39857,26266,2857,12729,11638,11234,12139,13907,14107,15082,16753,18628,20371,20965,18892,17068,9198,2470,387,224773,23866,44
Brazil,1971,465440,158034,198928,40894,21704,11543,12317,24568,23257,28449,32403,40200,41573,27495,2967,12839,11729,11259,11998,13977,14472,15370,17033,19244,20956,21886,19687,17694,9801,2576,391,220632,23860,40
Brazil,1972,466744,155752,195318,39566,21137,11468,12354,24767,23172,28801,33027,41423,43387,28763,3093,12890,11877,11313,11859,13999,14802,15740,17287,19855,21568,22742,20645,18311,10452,2690,403,216455,23822,37
Brazil,1973,468161,153745,192152,38407,20491,11362,12367,24934,23096,29005,33664,42607,45211,30017,3222,12851,12083,11369,11727,13946,15059,16148,17516,20406,22201,23527,21684,18941,11076,2810,412,212643,23729,35
Brazil,1974,471209,151194,188775,37581,19995,11336,12475,25317,23258,29289,34553,44034,47322,31430,3391,12821,12496,11516,11742,13933,15356,16697,17856,21018,23016,24422,22900,19710,11720,2966,425,208770,23811,33
Brazil,1975,472449,149071,185425,36354,19306,11122,12410,25438,23253,29259,35301,45260,49240,32797,3603,12819,12619,11553,11700,13771,15488,17162,18139,21467,23793,25193,24047,20510,12287,3163,440,204731,23532,33
Brazil,1976,475422,147535,182774,35239,18727,10943,12396,25664,23432,29265,36203,46560,51198,34349,3877,12895,12769,11676,11756,13650,15615,17661,18542,21898,24662,25995,25203,21510,12839,3418,459,201501,23339,33
Brazil,1977,477211,145618,179710,34092,18201,10701,12313,25738,23616,29122,37042,47662,52945,35972,4155,12924,12814,11812,11804,13486,15636,18059,18983,22221,25441,26746,26199,22620,13352,3673,482,197911,23014,34
Brazil,1978,478938,143066,175880,32814,17616,10450,12240,25801,23958,29015,37984,48841,54840,37842,4435,12980,12821,12060,11898,13384,15631,18440,19544,22598,26243,27630,27210,23910,13932,3927,508,193496,22690,34
Brazil,1979,479364,139976,171516,31540,17056,10162,12099,25667,24336,28822,38793,49826,56643,39713,4695,12980,12687,12376,11960,13303,15519,18694,20099,22920,26906,28516,28127,25199,14514,4157,538,188572,22261,35
Brazil,1980,478965,136236,166365,30129,16433,9874,11921,25667,24549,28644,39542,50768,58493,41708,4964,12947,12720,12524,12025,13282,15362,18874,20668,23284,27484,29482,29011,26512,15196,4384,580,182798,21795,37
Brazil,1981,477257,132105,160840,28735,15905,9574,11659,25556,24662,28392,40052,51530,60153,43662,5234,12844,12712,12592,12070,13259,15133,18915,21137,23657,27873,30386,29767,27683,15979,4601,633,176745,21233,39
Brazil,1982,475252,127286,154577,27291,15343,9310,11376,25441,24795,28213,40495,52438,61937,45756,5531,12728,12713,12613,12182,13286,14927,18912,21583,24183,28255,31326,30611,28816,16940,4838,693,169920,20686,42
Brazil,1983,474174,122426,148404,25978,14889,9098,11088,25345,24985,28141,40876,53555,63904,47984,5855,12615,12730,12589,12396,13360,14781,18874,22002,24857,28698,32291,31613,29958,18026,5105,750,163293,20186,45
Brazil,1984,472697,117242,141945,24703,14430,8899,10786,25206,25181,28128,41076,54732,65866,50198,6202,12470,12736,12462,12719,13430,14698,18752,22324,25585,29147,33168,32698,31063,19135,5394,808,156375,19685,48
Brazil,1985,471460,112152,135558,23406,14025,8692,10480,24982,25373,28189,41158,56023,67886,52437,6604,12282,12700,12493,12880,13504,14685,18586,22572,26354,29669,33972,33914,32165,20272,5738,866,149583,19172,53
Brazil,1986,468830,107026,129193,22167,13568,8467,10156,24599,25437,28207,40957,57167,69561,54400,7057,12004,12595,12479,12958,13550,14657,18318,22639,26982,30185,34520,35041,33104,21296,6132,925,142761,18623,60
Brazil,1987,465907,102362,123313,20951,13044,8241,9835,24097,25371,28256,40581,58264,71011,56252,7571,11664,12433,12431,12940,13624,14632,18010,22571,27480,30784,34930,36081,34029,22223,6582,989,136357,18076,67
Brazil,1988,466468,97550,117375,19825,12599,8106,9650,23795,25483,28704,40568,59997,73163,58753,8202,11416,12379,12504,12979,13925,14779,17922,22646,28168,31829,35708,37455,35416,23337,7131,1071,129974,17756,75
Brazil,1989,465323,92722,111241,18519,12022,7932,9437,23342,25359,29158,40370,61472,74968,61127,8813,11104,12238,12514,12845,14294,14864,17837,22533,28638,32834,36362,38606,36790,24337,7659,1154,123263,17369,82
Brazil,1990,462044,87818,105057,17239,11409,7699,9166,22719,25217,29263,39951,62500,76302,63270,9401,10729,11990,12410,12807,14402,14861,17726,22225,28826,33674,36877,39425,38089,25181,8154,1247,116466,16865,90
Brazil,1991,466020,83007,98981,15974,10938,7616,9099,22543,25579,29962,40371,64665,79220,66756,10188,10599,11944,12542,13037,14767,15195,18033,22338,29494,35171,38296,40924,40237,26519,8804,1384,109919,16715,101
Brazil,1992,465140,77831,92546,14715,10323,7422,8935,22076,25603,30294,40333,65869,81315,69477,10832,10361,11715,12496,13107,14882,15412,18162,22171,29697,36172,39457,41858,41904,27573,9311,1521,102869,16357,111
Brazil,1993,466711,73569,87023,13454,9623,7232,8808,21694,25706,30769,40535,67137,83963,72595,11504,10195,11499,12481,13225,14972,15797,18399,22136,29909,37228,40971,42992,43733,28862,9833,1671,96646,16040,123
Brazil,1994,466399,69270,81497,12227,9094,6969,8627,21167,25596,31068,40603,67792,86338,75411,12103,9975,11192,12348,13248,14837,16231,18527,22076,29840,37952,42397,43941,45281,30130,10288,1815,90591,15596,135
Brazil,1995,467482,65278,76379,11101,8414,6713,8472,20716,25494,31476,40896,68427,89129,78484,12731,9790,10926,12219,13275,14949,16527,18719,22177,29772,38655,44005,45124,46861,31623,10767,1964,84793,15185,149
Brazil,1996,465934,61116,71237,10121,7845,6398,8238,20153,25147,31625,41003,68401,91456,80984,13286,9550,10603,11961,13186,14958,16667,18814,22189,29454,38947,45270,46186,47995,32989,11185,2101,79082,14636,166
Brazil,1997,466998,57172,66409,9237,7235,6115,8024,19738,24876,31868,41478,68638,94511,83958,13960,9377,10361,11732,13144,15046,16822,19098,22380,29303,39335,46720,47791,49368,34590,11717,2243,73644,14139,185
Brazil,1998,469318,53386,61816,8430,6743,5839,7807,19404,24603,32072,42199,68903,97871,87135,14718,9226,10178,11495,13108,15160,16912,19548,22651,29258,39645,48143,49728,50868,36267,12336,2382,68559,13646,205
Brazil,1999,471921,49438,57157,7719,6289,5568,7574,19106,24298,32125,43127,69180,101320,90410,15547,9090,10016,11252,13046,15271,16854,20193,22934,29354,39826,49449,51871,52464,37946,13032,2515,63446,13142,224
Brazil,2000,465357,45635,52678,7043,5786,5180,7149,18362,23402,31615,42845,67880,102332,91757,16130,8736,9626,10756,12646,14986,16629,20152,22693,28898,38982,49446,52886,53017,38740,13528,2602,58464,12329,240
Brazil,2001,462277,42078,48476,6398,5370,4829,6766,17760,22661,31312,42857,67114,103876,94049,16944,8434,9326,10367,12294,14786,16526,20200,22657,28737,38377,49633,54243,54239,39810,14216,2728,53846,11595,260
Brazil,2002,471696,38518,44314,5796,5070,4632,6588,17685,22590,31916,44159,68414,108293,99452,18303,8363,9322,10314,12276,14999,16917,20756,23403,29501,38913,51138,57155,57420,42032,15362,2941,49384,11220,284
Brazil,2003,480760,35065,40299,5234,4758,4427,6378,17542,22462,32439,45445,69729,112288,105043,19638,8244,9298,10269,12193,15161,17278,21159,24286,30277,39452,52387,59901,60844,44199,16472,3166,45057,10805,307
Brazil,2004,479348,32668,37380,4712,4421,4128,5997,16908,21728,32037,45538,69327,112912,108163,20490,7879,9029,9961,11767,14875,17162,20796,24742,30236,39091,52031,60881,62880,45283,17164,3326,41801,10125,322
Brazil,2005,478511,30426,34667,4241,4158,3843,5627,16258,21011,31554,45641,69095,113224,111658,21430,7500,8758,9660,11351,14554,17000,20715,24926,30203,38892,51543,61681,65052,46606,17895,3535,38825,9470,340
Brazil,2006,487148,28085,31937,3852,3864,3666,5373,15918,20776,31657,46674,70523,115715,117848,22837,7266,8652,9580,11196,14485,17172,21077,25597,30883,39640,52094,63621,68641,49207,18998,3839,35801,9039,367
Brazil,2007,497830,25966,29500,3534,3555,3511,5135,15598,20646,31794,47771,72440,118424,124747,24308,7046,8552,9543,11103,14422,17372,21519,26252,31818,40622,52815,65609,72450,52297,20142,4166,33055,8646,398
Brazil,2008,506582,24137,27414,3277,3303,3349,4884,15159,20441,31685,48459,74248,120331,131205,25670,6780,8379,9459,10982,14232,17453,21844,26615,32803,41445,53324,67007,75780,55425,21198,4472,30717,8233,429
Brazil,2009,519762,22769,25795,3026,3132,3204,4681,14787,20404,31747,49251,76989,123172,138835,27296,6552,8235,9446,10958,14128,17619,22325,26926,34386,42603,54470,68702,79592,59243,22474,4822,28927,7885,466
Brazil,2010,526345,21649,24494,2845,2909,3019,4422,14193,20077,31317,49666,78372,124298,144440,28633,6239,7954,9294,10783,13827,17490,22443,27223,35186,43186,55063,69235,82102,62338,23530,5103,27403,7441,501
Brazil,2011,544749,20788,23530,2742,2695,2903,4292,13896,20211,31563,51203,81637,128348,153189,30735,6060,7836,9341,10870,13866,17697,23047,28156,36762,44875,57075,71273,86304,66885,25251,5484,26225,7195,548
Brazil,2012,554942,19713,22238,2525,2482,2709,4092,13349,19999,31274,51911,83721,130552,159496,32529,5771,7578,9202,10797,13707,17567,23249,28662,37625,46096,58335,72217,89021,70475,26760,5769,24720,6801,587
Brazil,2013,562937,18958,21386,2428,2317,2509,3889,12743,19661,30808,52306,85454,132227,164667,34344,5470,7273,8992,10669,13521,17287,23292,29014,38069,47385,59350,72877,90973,73694,28313,6031,23703,6398,624
Brazil,2014,567787,18678,21018,2340,2183,2303,3657,12061,19156,30110,52226,86645,133216,168426,36131,5153,6908,8686,10470,13252,16858,23098,29128,37846,48799,59920,73296,92017,76409,29844,6287,23201,5960,659
Brazil,2015,582464,18429,20699,2270,2014,2153,3492,11606,18957,29952,52946,89468,136880,174902,38694,4936,6670,8508,10449,13223,16729,23250,29696,38809,50659,61593,75287,94493,80409,31992,6702,22713,5645,704
Brazil,2016,588395,17490,19715,2225,1877,1977,3270,10994,18430,29385,52748,90935,138850,178643,40832,4673,6321,8180,10250,13011,16374,22971,29777,39204,51731,62511,76339,95503,83140,33747,7085,21592,5247,741
Brazil,2017,600120,17420,19686,2266,1814,1855,3087,10533,18061,29162,52881,92933,142300,183594,43432,4484,6049,7936,10125,12949,16213,22824,30057,39925,53008,64212,78088,97219,86375,35859,7573,21500,4942,782
Brazil,2018,609701,17287,19481,2194,1722,1717,2857,9987,17507,28792,52614,94240,145740,188078,46140,4256,5731,7613,9894,12796,15996,22474,30140,40465,53775,66115,79625,98825,89253,38020,8120,21203,4574,823
Brazil,2019,620904,16627,18758,2131,1623,1598,2648,9495,16967,28538,52385,95256,150307,193314,49141,4041,5454,7306,9661,12692,15846,22157,30228,41100,54156,68922,81385,101090,92224,40387,8754,20381,4246,875
Brazil,2020,709097,15798,17838,2040,1086,1611,3459,11052,20607,38248,68319,117222,153164,219049,56483,5062,5990,8363,12244,16669,21579,28647,39672,53186,64036,72186,80978,111985,107064,46582,9901,18924,5070,956
Brazil,2021,807212,15328,17302,1974,1180,1556,3421,12796,26829,51618,89557,142724,177667,224049,57518,5342,7454,10702,16127,22414,29204,37282,52275,65251,77473,84804,92863,115117,108932,47235,10283,18482,4977,994
British Virgin Islands,1950,99,8,12,4,5,5,5,10,10,10,10,10,16,14,0,5,5,5,5,5,5,5,5,5,5,9,7,13,1,0,0,17,10,0
British Virgin Islands,1951,96,8,12,4,5,5,5,10,10,10,10,10,14,16,0,5,5,5,5,5,5,5,5,5,5,8,6,13,3,0,0,17,10,0
British Virgin Islands,1952,88,10,14,4,5,5,5,10,10,10,10,10,13,15,0,5,5,5,5,5,5,5,5,5,5,7,6,10,5,0,0,19,10,0
British Virgin Islands,1953,79,11,15,4,5,5,5,10,10,2,3,10,12,13,0,5,5,5,5,2,0,0,3,5,5,5,7,7,6,0,0,20,10,0
British Virgin Islands,1954,71,12,16,4,4,0,5,2,0,0,0,8,11,13,0,2,0,0,0,0,0,0,0,3,5,5,6,5,8,0,0,20,5,0
British Virgin Islands,1955,62,12,16,4,3,0,0,0,0,0,0,4,10,11,0,0,0,0,0,0,0,0,0,1,3,5,5,5,6,0,0,19,0,0
British Virgin Islands,1956,55,12,17,5,1,0,0,0,0,0,0,3,10,10,1,0,0,0,0,0,0,0,0,0,3,5,5,5,5,1,0,18,0,0
British Virgin Islands,1957,50,11,16,5,0,0,0,0,0,0,0,4,10,9,2,0,0,0,0,0,0,0,0,0,4,5,5,4,5,2,0,16,0,0
British Virgin Islands,1958,50,11,16,5,0,0,0,0,0,0,0,6,10,9,2,0,0,0,0,0,0,0,0,1,5,5,5,5,4,2,0,16,0,0
British Virgin Islands,1959,48,10,15,5,0,0,0,0,0,0,0,5,10,8,3,0,0,0,0,0,0,0,0,0,5,5,5,5,3,3,0,15,0,0
British Virgin Islands,1960,48,10,14,4,0,0,0,0,0,0,0,5,10,6,2,0,0,0,0,0,0,0,0,0,5,5,5,5,1,2,0,14,0,0
British Virgin Islands,1961,45,8,11,3,0,0,0,0,0,0,0,4,10,7,0,0,0,0,0,0,0,0,0,0,4,5,5,5,2,0,0,11,0,0
British Virgin Islands,1962,41,7,10,3,0,0,0,0,0,0,0,3,10,7,0,0,0,0,0,0,0,0,0,0,3,5,5,5,2,0,0,10,0,0
British Virgin Islands,1963,37,6,7,1,0,0,0,0,0,0,0,2,10,8,0,0,0,0,0,0,0,0,0,0,2,5,5,5,3,0,0,7,0,0
British Virgin Islands,1964,35,6,6,0,0,0,0,0,0,0,0,1,10,8,0,0,0,0,0,0,0,0,0,0,1,5,5,5,3,0,0,6,0,0
British Virgin Islands,1965,34,6,6,0,0,0,0,0,0,0,0,0,10,8,0,0,0,0,0,0,0,0,0,0,0,5,5,5,3,0,0,6,0,0
British Virgin Islands,1966,34,6,7,1,0,0,0,0,0,0,0,0,9,9,0,0,0,0,0,0,0,0,0,0,0,4,5,5,4,0,0,7,0,0
British Virgin Islands,1967,34,6,7,1,0,0,0,0,0,0,0,0,8,7,0,0,0,0,0,0,0,0,0,0,0,3,5,5,2,0,0,7,0,0
British Virgin Islands,1968,32,5,6,1,0,0,0,0,0,0,0,0,7,8,0,0,0,0,0,0,0,0,0,0,0,2,5,5,3,0,0,6,0,0
British Virgin Islands,1969,28,4,5,1,0,0,0,0,0,0,0,0,5,8,0,0,0,0,0,0,0,0,0,0,0,0,5,5,3,0,0,5,0,0
British Virgin Islands,1970,25,3,3,0,0,0,0,0,0,0,0,0,2,6,0,0,0,0,0,0,0,0,0,0,0,0,2,5,1,0,0,3,0,0
British Virgin Islands,1971,24,3,3,0,0,0,0,0,0,0,0,1,1,6,0,0,0,0,0,0,0,0,0,0,1,0,1,5,1,0,0,3,0,0
British Virgin Islands,1972,24,3,3,0,0,0,0,0,0,0,0,2,0,7,0,0,0,0,0,0,0,0,0,0,2,0,0,5,2,0,0,3,0,0
British Virgin Islands,1973,23,2,2,0,0,0,0,0,0,0,0,1,1,5,0,0,0,0,0,0,0,0,0,0,1,1,0,4,1,0,0,2,0,0
British Virgin Islands,1974,22,2,2,0,0,0,0,0,0,0,0,1,2,2,0,0,0,0,0,0,0,0,0,0,1,2,0,2,0,0,0,2,0,0
British Virgin Islands,1975,24,2,2,0,0,0,0,0,0,0,0,1,4,2,0,0,0,0,0,0,0,0,0,0,1,4,0,2,0,0,0,2,0,0
British Virgin Islands,1976,24,2,2,0,0,0,0,0,0,0,0,1,5,2,0,0,0,0,0,0,0,0,0,0,1,5,0,1,1,0,0,2,0,0
British Virgin Islands,1977,26,3,3,0,0,0,0,0,0,0,0,1,7,0,0,0,0,0,0,0,0,0,0,0,1,5,2,0,0,0,0,3,0,0
British Virgin Islands,1978,29,4,4,0,0,0,0,0,0,0,0,0,9,2,0,0,0,0,0,0,0,0,0,0,0,5,4,2,0,0,0,4,0,0
British Virgin Islands,1979,30,4,4,0,0,0,0,0,0,0,0,2,9,4,0,0,0,0,0,0,0,0,0,0,2,4,5,4,0,0,0,4,0,0
British Virgin Islands,1980,32,4,4,0,0,0,0,0,0,0,0,3,10,6,0,0,0,0,0,0,0,0,0,0,3,5,5,5,1,0,0,4,0,0
British Virgin Islands,1981,33,4,4,0,0,0,0,0,0,0,0,3,10,7,0,0,0,0,0,0,0,0,0,0,3,5,5,5,2,0,0,4,0,0
British Virgin Islands,1982,31,3,3,0,0,0,0,0,0,0,0,3,10,7,0,0,0,0,0,0,0,0,0,0,3,5,5,5,2,0,0,3,0,0
British Virgin Islands,1983,31,3,3,0,0,0,0,0,0,0,0,4,10,8,0,0,0,0,0,0,0,0,0,0,4,5,5,5,3,0,0,3,0,0
British Virgin Islands,1984,29,2,2,0,0,0,0,0,0,0,0,4,10,8,0,0,0,0,0,0,0,0,0,0,4,5,5,5,3,0,0,2,0,0
British Virgin Islands,1985,28,2,2,0,0,0,0,0,0,0,0,3,10,7,0,0,0,0,0,0,0,0,0,0,3,5,5,4,3,0,0,2,0,0
British Virgin Islands,1986,29,2,2,0,0,0,0,0,0,0,0,4,10,5,0,0,0,0,0,0,0,0,0,0,4,5,5,5,0,0,0,2,0,0
British Virgin Islands,1987,31,2,2,0,0,0,0,0,0,0,0,5,10,6,0,0,0,0,0,0,0,0,0,0,5,5,5,5,1,0,0,2,0,0
British Virgin Islands,1988,30,2,2,0,0,0,0,0,0,0,0,4,10,7,0,0,0,0,0,0,0,0,0,0,4,5,5,5,2,0,0,2,0,0
British Virgin Islands,1989,31,2,2,0,0,0,0,0,0,0,0,4,10,8,0,0,0,0,0,0,0,0,0,0,4,5,5,5,3,0,0,2,0,0
British Virgin Islands,1990,32,2,2,0,0,0,0,0,0,0,0,5,10,8,0,0,0,0,0,0,0,0,0,1,4,5,5,5,3,0,0,2,0,0
British Virgin Islands,1991,37,3,3,0,0,0,0,0,0,0,0,6,10,10,0,0,0,0,0,0,0,0,0,1,5,5,5,5,5,0,0,3,0,0
British Virgin Islands,1992,35,2,2,0,0,0,0,0,0,0,0,5,10,10,0,0,0,0,0,0,0,0,0,0,5,5,5,5,5,0,0,2,0,0
British Virgin Islands,1993,35,2,2,0,0,0,0,0,0,0,0,4,10,10,1,0,0,0,0,0,0,0,0,0,4,5,5,5,5,1,0,2,0,0
British Virgin Islands,1994,36,2,2,0,0,0,0,0,0,0,0,3,10,10,2,0,0,0,0,0,0,0,0,0,3,5,5,5,5,2,0,2,0,0
British Virgin Islands,1995,36,2,2,0,0,0,0,0,0,0,0,2,10,10,2,0,0,0,0,0,0,0,0,0,2,5,5,5,5,2,0,2,0,0
British Virgin Islands,1996,34,2,2,0,0,0,0,0,0,0,0,1,10,10,0,0,0,0,0,0,0,0,0,0,1,5,5,5,5,0,0,2,0,0
British Virgin Islands,1997,36,2,2,0,0,0,0,0,0,0,0,1,10,10,0,0,0,0,0,0,0,0,0,0,1,5,5,5,5,0,0,2,0,0
British Virgin Islands,1998,33,2,2,0,0,0,0,0,0,0,0,0,10,9,0,0,0,0,0,0,0,0,0,0,0,5,5,5,4,0,0,2,0,0
British Virgin Islands,1999,36,2,2,0,0,0,0,0,0,0,0,3,10,10,0,0,0,0,0,0,0,0,0,0,3,5,5,5,5,0,0,2,0,0
British Virgin Islands,2000,39,2,2,0,0,0,0,0,0,0,0,3,10,10,0,0,0,0,0,0,0,0,0,0,3,5,5,5,5,0,0,2,0,0
British Virgin Islands,2001,40,2,2,0,0,0,0,0,0,0,0,4,10,10,1,0,0,0,0,0,0,0,0,0,4,5,5,5,5,1,0,2,0,0
British Virgin Islands,2002,42,2,2,0,0,0,0,0,0,0,2,10,10,10,2,0,0,0,0,0,0,0,2,5,5,5,5,5,5,2,0,2,0,0
British Virgin Islands,2003,45,2,2,0,0,0,0,0,0,0,6,10,10,11,2,0,0,0,0,0,0,1,5,5,5,5,5,6,5,2,0,2,0,0
British Virgin Islands,2004,47,2,2,0,0,0,0,0,0,0,5,10,10,12,3,0,0,0,0,0,0,0,5,5,5,5,5,7,5,3,0,2,0,0
British Virgin Islands,2005,46,2,2,0,0,0,0,0,0,0,4,10,10,13,2,0,0,0,0,0,0,0,4,5,5,5,5,8,5,2,0,2,0,0
British Virgin Islands,2006,52,2,2,0,0,0,0,0,0,0,6,10,11,18,2,0,0,0,0,0,0,1,5,5,5,5,6,10,8,2,0,2,0,0
British Virgin Islands,2007,51,2,2,0,0,0,0,0,0,0,4,10,10,19,3,0,0,0,0,0,0,0,4,5,5,5,5,10,9,3,0,2,0,0
British Virgin Islands,2008,58,3,3,0,0,0,0,0,0,0,7,10,10,19,6,0,0,0,0,0,0,2,5,5,5,5,5,9,10,6,0,3,0,0
British Virgin Islands,2009,59,2,2,0,0,0,0,0,0,0,8,10,10,18,8,0,0,0,0,0,0,3,5,5,5,5,5,8,10,8,0,2,0,0
British Virgin Islands,2010,64,2,2,0,0,0,0,0,0,0,9,10,11,20,10,0,0,0,0,0,0,4,5,5,5,5,6,10,10,9,1,2,0,0
British Virgin Islands,2011,64,2,2,0,0,0,0,0,0,1,10,10,11,20,11,0,0,0,0,0,1,5,5,5,5,5,6,10,10,9,2,2,0,0
British Virgin Islands,2012,67,2,2,0,0,0,0,0,0,1,10,10,10,20,11,0,0,0,0,0,1,5,5,5,5,5,5,10,10,9,2,2,0,0
British Virgin Islands,2013,67,2,2,0,0,0,0,0,0,1,10,10,11,19,12,0,0,0,0,0,1,5,5,5,5,6,5,9,10,9,3,2,0,0
British Virgin Islands,2014,68,2,2,0,0,0,0,0,0,1,10,10,13,18,9,0,0,0,0,0,1,5,5,5,5,6,7,8,10,6,3,2,0,0
British Virgin Islands,2015,69,2,2,0,0,0,0,0,0,1,10,10,16,17,9,0,0,0,0,0,1,5,5,5,5,8,8,7,10,6,3,2,0,0
British Virgin Islands,2016,71,1,1,0,0,0,0,0,0,1,10,12,19,19,9,0,0,0,0,0,1,5,5,5,7,10,9,9,10,6,3,1,0,0
British Virgin Islands,2017,80,1,1,0,0,0,0,0,0,5,10,12,20,19,9,0,0,0,0,0,5,5,5,5,7,10,10,9,10,6,3,1,0,0
British Virgin Islands,2018,77,1,1,0,0,0,0,0,0,2,10,12,20,19,9,0,0,0,0,0,2,5,5,5,7,10,10,9,10,6,3,1,0,0
British Virgin Islands,2019,79,1,1,0,0,0,0,0,0,2,10,15,20,19,8,0,0,0,0,0,2,5,5,5,10,10,10,10,9,6,2,1,0,0
British Virgin Islands,2020,83,1,1,0,0,0,0,0,0,3,10,16,20,19,7,0,0,0,0,0,3,5,5,6,10,10,10,10,9,6,1,1,0,0
British Virgin Islands,2021,100,1,1,0,0,0,0,0,0,4,11,20,29,23,8,0,0,0,0,0,4,5,6,10,10,14,15,13,10,7,1,1,0,0
Brunei,1950,404,118,172,54,13,5,9,20,20,20,27,39,45,32,4,10,10,10,10,10,10,12,15,18,21,25,20,20,12,4,0,185,14,0
Brunei,1951,422,130,185,55,13,5,10,20,20,20,28,41,46,31,4,10,10,10,10,10,10,13,15,19,22,25,21,19,12,4,0,198,15,0
Brunei,1952,430,130,189,59,13,6,10,20,20,20,29,40,47,31,5,10,10,10,10,10,10,14,15,19,21,25,22,19,12,5,0,202,16,0
Brunei,1953,438,131,194,63,13,7,10,20,20,20,29,40,47,26,5,10,10,10,10,10,10,14,15,19,21,25,22,15,11,5,0,207,17,0
Brunei,1954,446,133,199,66,13,8,10,20,20,20,30,40,48,28,5,10,10,10,10,10,10,14,16,20,20,25,23,16,12,5,0,212,18,0
Brunei,1955,457,137,205,68,15,10,10,20,20,20,30,40,49,27,4,10,10,10,10,10,10,13,17,20,20,25,24,16,11,4,0,220,20,0
Brunei,1956,467,141,213,72,17,10,10,20,20,20,29,40,48,27,4,10,10,10,10,10,10,12,17,20,20,25,23,17,10,4,0,230,20,0
Brunei,1957,476,145,218,73,18,10,11,30,20,20,28,41,44,25,4,15,15,10,10,10,10,11,17,21,20,21,23,16,9,4,0,236,21,0
Brunei,1958,478,145,218,73,21,10,11,30,29,20,28,45,40,26,4,15,15,15,14,10,10,11,17,24,21,20,20,17,9,4,0,239,21,0
Brunei,1959,472,142,212,70,21,10,12,30,30,22,27,46,40,24,4,15,15,15,15,12,10,10,17,24,22,20,20,16,8,4,0,233,22,0
Brunei,1960,457,134,196,62,22,10,12,30,30,24,25,49,37,23,4,15,15,15,15,14,10,10,15,25,24,20,17,15,8,4,0,218,22,0
Brunei,1961,440,125,178,53,22,10,12,30,30,25,24,52,36,22,4,15,15,15,15,15,10,10,14,25,27,20,16,14,8,4,0,200,22,0
Brunei,1962,428,117,162,45,21,10,11,30,30,27,23,51,38,22,4,15,15,15,15,15,12,10,13,23,28,21,17,14,8,4,0,183,21,0
Brunei,1963,415,108,148,40,20,10,11,30,30,28,29,49,41,22,3,15,15,15,15,15,13,14,15,21,28,23,18,15,7,3,0,168,21,0
Brunei,1964,408,101,137,36,19,10,14,30,30,30,30,49,44,22,3,15,15,15,15,15,15,15,15,20,29,25,19,15,7,3,0,156,24,0
Brunei,1965,406,95,128,33,18,10,15,30,30,30,30,47,46,24,3,15,15,15,15,15,15,15,15,19,28,26,20,15,9,3,0,146,25,0
Brunei,1966,402,91,121,30,17,11,15,30,30,30,30,45,48,26,3,15,15,15,15,15,15,15,15,18,27,27,21,16,10,3,0,138,26,0
Brunei,1967,404,88,116,28,16,11,15,30,30,30,32,46,48,28,3,15,15,15,15,15,15,15,17,20,26,27,21,17,11,3,0,132,26,0
Brunei,1968,406,87,114,27,16,11,15,30,30,30,33,45,48,32,3,15,15,15,15,15,15,15,18,20,25,26,22,19,13,3,0,130,26,0
Brunei,1969,407,85,111,26,15,11,16,30,30,30,33,44,47,35,4,15,15,15,15,15,15,15,18,20,24,25,22,20,15,4,0,126,27,0
Brunei,1970,408,84,108,24,15,11,17,30,30,30,33,47,44,38,6,15,15,15,15,15,15,15,18,23,24,24,20,20,18,6,0,123,28,0
Brunei,1971,406,81,103,22,14,10,17,31,30,30,32,49,45,39,9,16,15,15,15,15,15,15,17,24,25,25,20,20,19,9,0,117,27,0
Brunei,1972,399,77,97,20,13,10,17,31,30,30,31,49,42,39,11,16,15,15,15,15,15,15,16,24,25,25,17,20,19,11,0,110,27,0
Brunei,1973,391,72,91,19,12,10,17,31,30,30,30,48,46,31,11,16,15,15,15,15,15,15,15,23,25,27,19,16,15,10,1,103,27,0
Brunei,1974,383,67,83,16,11,10,17,31,28,30,32,49,49,30,12,17,14,13,15,15,15,15,17,22,27,28,21,15,15,10,2,94,27,0
Brunei,1975,377,62,76,14,11,10,17,32,27,30,34,50,52,28,11,17,15,12,15,15,15,16,18,21,29,29,23,15,13,9,2,87,27,0
Brunei,1976,372,57,70,13,10,10,17,33,27,30,35,48,56,28,11,18,15,12,15,15,15,15,20,20,28,30,26,16,12,9,2,80,27,0
Brunei,1977,369,52,63,11,10,8,16,33,27,30,35,49,58,30,8,18,15,12,15,15,15,15,20,21,28,30,28,17,13,6,2,73,24,0
Brunei,1978,368,48,58,10,9,7,16,34,28,32,34,47,59,33,8,19,15,13,15,15,17,15,19,20,27,30,29,20,13,6,2,67,23,0
Brunei,1979,368,45,53,8,9,7,16,36,28,34,35,47,60,37,8,20,16,14,14,15,19,15,20,20,27,30,30,23,14,6,2,62,23,0
Brunei,1980,367,42,50,8,8,7,16,37,28,34,36,45,60,40,9,20,17,15,13,15,19,16,20,20,25,30,30,25,15,7,2,58,23,0
Brunei,1981,371,40,48,8,8,6,15,39,30,34,38,45,60,44,8,20,19,15,15,15,19,18,20,20,25,30,30,27,17,7,1,56,21,0
Brunei,1982,373,38,46,8,7,6,14,40,30,33,39,44,62,47,9,20,20,15,15,15,18,19,20,20,24,30,32,28,19,8,1,53,20,0
Brunei,1983,377,36,44,8,7,6,13,40,31,33,40,43,65,47,10,20,20,16,15,15,18,20,20,20,23,31,34,28,19,9,1,51,19,0
Brunei,1984,381,35,43,8,6,6,14,40,32,32,40,42,66,50,9,20,20,17,15,15,17,20,20,20,22,31,35,29,21,8,1,49,20,0
Brunei,1985,386,35,43,8,6,6,14,38,34,32,40,43,65,53,11,18,20,19,15,15,17,20,20,20,23,30,35,32,21,9,2,49,20,0
Brunei,1986,390,34,42,8,5,6,13,36,35,32,40,43,63,57,11,16,20,20,15,15,17,20,20,20,23,28,35,33,24,9,2,47,19,0
Brunei,1987,399,34,42,8,6,6,13,35,38,34,43,44,66,59,14,15,20,20,18,15,19,20,23,20,24,29,37,34,25,11,3,48,19,0
Brunei,1988,405,34,42,8,6,5,13,34,40,33,44,46,65,62,16,15,19,20,20,15,18,20,24,22,24,27,38,36,26,13,3,48,18,0
Brunei,1989,411,34,42,8,6,5,13,33,40,34,45,47,63,64,16,15,18,20,20,16,18,20,25,22,25,26,37,37,27,14,2,48,18,0
Brunei,1990,417,35,43,8,6,5,12,33,40,35,45,48,63,68,19,15,18,20,20,18,17,20,25,23,25,27,36,39,29,16,3,49,17,0
Brunei,1991,423,35,43,8,6,5,11,32,40,36,44,48,62,73,22,15,17,20,20,19,17,20,24,23,25,28,34,42,31,17,5,49,16,0
Brunei,1992,427,34,42,8,6,5,10,31,40,37,44,52,62,75,24,15,16,20,20,20,17,20,24,25,27,29,33,43,32,18,6,48,15,0
Brunei,1993,427,33,41,8,6,5,10,28,39,39,44,52,63,74,24,13,15,19,20,20,19,20,24,25,27,30,33,42,32,18,6,47,15,0
Brunei,1994,428,32,40,8,5,5,10,26,38,40,46,55,63,75,25,11,15,18,20,20,20,21,25,28,27,31,32,42,33,18,7,45,15,1
Brunei,1995,428,30,37,7,5,5,10,25,37,40,46,57,64,76,24,10,15,17,20,20,20,21,25,29,28,31,33,40,36,18,6,42,15,1
Brunei,1996,429,29,36,7,5,5,10,24,36,40,45,59,68,73,24,10,14,16,20,20,20,20,25,29,30,34,34,38,35,18,6,41,15,1
Brunei,1997,432,27,33,6,5,5,10,23,35,47,45,58,70,75,24,10,13,15,20,23,24,20,25,28,30,34,36,38,37,18,6,38,15,1
Brunei,1998,435,26,32,6,5,5,10,22,35,49,46,61,72,73,24,10,12,15,20,24,25,21,25,28,33,34,38,36,37,18,6,37,15,1
Brunei,1999,440,24,29,5,5,5,10,21,34,49,48,65,76,71,25,10,11,15,19,24,25,23,25,30,35,36,40,36,35,19,6,34,15,1
Brunei,2000,447,24,29,5,5,5,10,21,34,49,50,66,76,73,27,10,11,15,19,24,25,25,25,30,36,36,40,38,35,21,6,34,15,1
Brunei,2001,456,23,28,5,5,5,10,21,34,52,51,67,80,73,27,10,11,15,19,24,28,25,26,30,37,38,42,40,33,20,7,33,15,1
Brunei,2002,467,22,26,4,5,5,10,20,34,53,55,68,84,76,29,10,10,15,19,24,29,30,25,31,37,40,44,42,34,22,7,31,15,1
Brunei,2003,480,22,26,4,5,5,11,21,34,54,57,70,89,76,29,10,11,15,19,24,30,30,27,33,37,44,45,44,32,22,7,31,16,1
Brunei,2004,495,22,26,4,5,5,11,22,35,55,60,71,92,80,29,11,11,15,20,25,30,31,29,33,38,46,46,47,33,22,7,31,16,1
Brunei,2005,512,21,25,4,5,5,10,24,35,57,68,73,96,85,28,12,12,15,20,25,32,35,33,32,41,48,48,49,36,21,7,30,15,1
Brunei,2006,530,21,25,4,5,5,10,25,35,59,70,73,102,91,29,12,13,15,20,26,33,35,35,32,41,50,52,52,39,21,8,30,15,1
Brunei,2007,550,21,25,4,5,5,10,27,36,60,78,77,105,94,27,13,14,15,21,26,34,39,39,34,43,51,54,53,41,20,7,30,15,1
Brunei,2008,571,22,26,4,5,5,9,30,38,62,80,80,111,99,30,15,15,16,22,27,35,40,40,36,44,52,59,55,44,22,8,31,14,1
Brunei,2009,593,22,26,4,5,5,9,30,38,64,86,82,116,104,30,15,15,16,22,28,36,42,44,38,44,54,62,56,48,23,7,31,14,1
Brunei,2010,616,23,27,4,5,5,9,28,38,66,89,88,120,107,32,13,15,16,22,29,37,44,45,43,45,56,64,58,49,25,7,32,14,1
Brunei,2011,639,24,28,4,5,5,9,26,40,68,95,89,127,112,34,11,15,17,23,31,37,45,50,46,43,59,68,62,50,26,8,33,14,1
Brunei,2012,668,25,29,4,5,5,9,26,40,71,101,97,133,119,36,11,15,17,23,32,39,48,53,50,47,62,71,68,51,28,8,34,14,1
Brunei,2013,699,25,30,5,5,5,9,25,40,72,105,106,137,125,38,10,15,17,23,32,40,50,55,55,51,64,73,73,52,29,9,35,14,1
Brunei,2014,730,26,31,5,5,5,9,24,40,74,110,116,142,130,39,10,14,17,23,32,42,51,59,60,56,65,77,77,53,30,9,36,14,1
Brunei,2015,763,26,31,5,5,5,9,24,40,76,117,128,147,139,39,10,14,17,23,33,43,54,63,65,63,66,81,82,57,30,9,36,14,1
Brunei,2016,797,26,31,5,5,5,9,23,40,80,119,139,154,148,39,10,13,17,23,34,46,54,65,70,69,68,86,87,61,30,9,36,14,1
Brunei,2017,831,26,31,5,5,5,9,23,40,80,125,150,162,155,40,10,13,17,23,34,46,57,68,75,75,70,92,89,66,30,10,36,14,1
Brunei,2018,867,26,31,5,5,5,9,22,40,81,130,166,171,166,42,10,12,17,23,33,48,59,71,81,85,77,94,94,72,31,11,36,14,1
Brunei,2019,901,26,31,5,5,5,8,22,40,81,133,175,181,175,44,10,12,17,23,33,48,60,73,85,90,85,96,99,76,33,11,36,13,1
Brunei,2020,936,25,30,5,5,5,8,21,39,81,139,188,192,186,46,10,11,16,23,33,48,63,76,90,98,95,97,105,81,36,10,35,13,2
Brunei,2021,989,25,30,5,5,5,8,20,39,81,142,201,212,198,49,10,10,16,23,33,48,65,77,94,107,109,103,114,84,38,11,35,13,2
Bulgaria,1950,36499,6851,8957,2106,467,377,800,2221,1370,2051,2421,4580,6896,5183,1122,1229,992,608,762,993,1058,1129,1292,2239,2341,2945,3951,3374,1809,879,243,9424,1177,55
Bulgaria,1951,38888,6940,9558,2618,521,383,815,2037,1373,1828,2677,5217,7374,5882,1169,1059,978,665,708,838,990,1204,1473,2334,2883,3081,4293,3577,2305,911,258,10079,1198,56
Bulgaria,1952,43806,6914,9499,2585,467,363,754,2028,1419,1978,3125,6404,8956,7183,1551,1013,1015,741,678,868,1110,1407,1718,2629,3775,3804,5152,4298,2885,1207,344,9966,1117,77
Bulgaria,1953,34180,5448,7066,1618,390,255,501,1465,1145,1767,2632,5015,6609,5824,1440,706,759,617,528,795,972,1207,1425,1956,3059,2944,3665,3300,2524,1129,311,7456,756,71
Bulgaria,1954,34303,5838,7352,1514,295,232,394,1145,997,1623,2686,5364,6681,5764,1671,527,618,537,460,677,946,1202,1484,2032,3332,3236,3445,3282,2482,1280,391,7647,626,99
Bulgaria,1955,34175,5633,7402,1769,267,191,250,946,993,1481,2748,5309,7019,5696,1765,431,515,514,479,570,911,1174,1574,2042,3267,3647,3372,3164,2532,1352,413,7669,441,105
Bulgaria,1956,35871,4850,6255,1405,283,185,251,852,1003,1500,2902,5692,8207,6489,2117,382,470,481,522,601,899,1254,1648,2251,3441,4470,3737,3731,2758,1600,517,6538,436,137
Bulgaria,1957,32778,4183,5594,1411,272,181,229,782,1031,1484,2791,5264,7815,5447,1761,340,442,499,532,594,890,1184,1607,2214,3050,4425,3390,3087,2360,1304,457,5866,410,124
Bulgaria,1958,30123,3194,4255,1061,220,161,228,650,934,1307,2819,5049,7670,5059,1650,309,341,425,509,492,815,1264,1555,2195,2854,4278,3392,2934,2125,1209,441,4475,389,124
Bulgaria,1959,36880,3516,4512,996,217,183,201,786,1106,1441,3374,6146,10133,6308,2292,347,439,500,606,557,884,1463,1911,2722,3424,5392,4741,3622,2686,1673,619,4729,384,181
Bulgaria,1960,31332,2902,3631,729,192,168,192,562,1020,1287,2836,5232,8760,5409,1881,229,333,408,612,549,738,1217,1619,2292,2940,4472,4288,3176,2233,1355,526,3823,360,160
Bulgaria,1961,30474,2256,2825,569,197,139,179,559,886,1302,2854,5380,9055,5224,1714,228,331,351,535,535,767,1178,1676,2406,2974,4355,4700,3122,2102,1211,503,3022,318,161
Bulgaria,1962,34433,2223,2704,481,153,145,187,515,915,1239,3080,6056,10687,6268,2254,198,317,370,545,540,699,1218,1862,2669,3387,4787,5900,3670,2598,1581,673,2857,332,228
Bulgaria,1963,32611,2096,2624,528,201,136,222,454,863,1236,2988,6005,9876,5913,1902,190,264,365,498,580,656,1141,1847,2594,3411,4271,5605,3592,2321,1342,560,2825,358,192
Bulgaria,1964,31389,1938,2368,430,157,122,199,420,788,1222,2840,5828,9567,5993,1713,188,232,325,463,631,591,1074,1766,2394,3434,4180,5387,3771,2222,1201,512,2525,321,178
Bulgaria,1965,32451,1641,2005,364,139,105,184,386,765,1235,2891,6160,9878,6756,1749,169,217,311,454,599,636,1152,1739,2494,3666,4383,5495,4401,2355,1200,549,2144,289,199
Bulgaria,1966,33229,1760,2122,362,148,106,191,392,709,1323,2838,6200,9962,7157,1856,183,209,292,417,684,639,1049,1789,2500,3700,4619,5343,4745,2412,1265,591,2270,297,220
Bulgaria,1967,36119,1881,2263,382,133,116,183,389,729,1436,2777,6943,10635,8344,1945,194,195,302,427,671,765,974,1803,2823,4120,4930,5705,5605,2739,1317,628,2396,299,231
Bulgaria,1968,35025,1927,2217,290,126,116,166,410,738,1422,2756,6604,10424,8132,1712,214,196,283,455,631,791,969,1787,2749,3855,5092,5332,5418,2714,1177,535,2343,282,197
Bulgaria,1969,38508,1847,2155,308,149,94,171,428,730,1518,2835,7364,11561,9314,1969,210,218,296,434,609,909,1021,1814,2941,4423,5719,5842,6050,3264,1373,596,2304,265,225
Bulgaria,1970,37237,1595,1885,290,121,95,158,441,664,1563,2689,7134,11421,9129,1757,210,231,244,420,593,970,1017,1672,2876,4258,5666,5755,5724,3405,1253,504,2006,253,187
Bulgaria,1971,39592,1481,1781,300,127,121,151,419,707,1576,2765,7601,12449,9759,1926,203,216,262,445,589,987,1029,1736,2945,4656,5987,6462,5809,3950,1381,545,1908,272,208
Bulgaria,1972,40734,1497,1777,280,129,102,167,410,627,1574,2756,7655,12959,10344,2024,193,217,245,382,605,969,1124,1632,3060,4595,6246,6713,6137,4207,1484,540,1906,269,209
Bulgaria,1973,39399,1605,1860,255,137,96,107,371,638,1553,2700,7319,12676,9758,2004,188,183,249,389,617,936,1228,1472,2857,4462,6017,6659,5578,4180,1514,490,1997,203,183
Bulgaria,1974,41285,1667,1909,242,130,86,146,391,578,1488,2892,7528,13568,10309,2101,164,227,239,339,572,916,1426,1466,2879,4649,6406,7162,5987,4322,1647,454,2039,232,158
Bulgaria,1975,43488,1388,1689,301,130,104,136,399,594,1486,2899,7794,14796,10947,2355,167,232,262,332,553,933,1428,1471,2947,4847,6813,7983,6604,4343,1863,492,1819,240,162
Bulgaria,1976,42731,1361,1660,299,121,107,115,418,588,1479,3048,7597,14449,10595,2403,195,223,262,326,553,926,1509,1539,2754,4843,6557,7892,6298,4297,1897,506,1781,222,153
Bulgaria,1977,45645,1427,1706,279,127,105,140,415,633,1401,3210,7703,15612,11725,2721,191,224,272,361,522,879,1426,1784,2762,4941,7237,8375,7198,4527,2156,565,1833,245,154
Bulgaria,1978,45224,1322,1610,288,132,122,166,397,610,1502,3423,7403,15749,11474,2513,188,209,277,333,553,949,1485,1938,2573,4830,7308,8441,7210,4264,1994,519,1742,288,127
Bulgaria,1979,45748,1155,1413,258,129,89,169,388,584,1406,3630,7143,15934,12051,2687,180,208,279,305,513,893,1522,2108,2411,4732,7321,8613,7555,4496,2115,572,1542,258,125
Bulgaria,1980,47579,1063,1347,284,121,101,150,385,625,1416,3635,7188,16865,12808,2813,169,216,282,343,483,933,1460,2175,2427,4761,7744,9121,8110,4698,2189,624,1468,251,125
Bulgaria,1981,46680,998,1236,238,127,80,131,365,630,1347,3621,6984,16681,12697,2665,165,200,273,357,464,883,1403,2218,2538,4446,7668,9013,8089,4608,2049,616,1363,211,117
Bulgaria,1982,49385,960,1233,273,142,112,155,358,655,1397,3608,7444,17299,13998,2868,148,210,280,375,510,887,1361,2247,2884,4560,7856,9443,8983,5015,2217,651,1375,267,117
Bulgaria,1983,49893,877,1121,244,128,95,135,327,588,1296,3619,6986,17952,14877,2663,156,171,278,310,464,832,1403,2216,3048,3938,7841,10111,9422,5455,2064,599,1249,230,103
Bulgaria,1984,49405,833,1073,240,121,100,139,356,634,1294,3703,7382,17094,14725,2679,147,209,255,379,480,814,1495,2208,3228,4154,7249,9845,9387,5338,2090,589,1194,239,105
Bulgaria,1985,52749,794,1007,213,115,95,159,353,653,1279,3654,7510,18334,16295,3160,157,196,252,401,498,781,1427,2227,3425,4085,7562,10772,10372,5923,2415,745,1122,254,138
Bulgaria,1986,51091,711,906,195,90,83,136,351,676,1181,3527,7337,17368,15978,3320,160,191,254,422,467,714,1400,2127,3318,4019,7130,10238,10118,5860,2558,762,996,219,139
Bulgaria,1987,53170,762,953,191,109,100,134,338,655,1231,3436,7780,17546,17695,3083,151,187,261,394,526,705,1380,2056,3375,4405,7039,10507,10781,6914,2424,659,1062,234,110
Bulgaria,1988,53385,649,852,203,97,99,145,367,603,1336,3458,8124,17088,18147,2971,160,207,231,372,540,796,1333,2125,3345,4779,6472,10616,11105,7042,2392,579,949,244,94
Bulgaria,1989,53306,666,859,193,106,90,130,319,614,1375,3342,8274,16555,18538,3014,159,160,251,363,614,761,1236,2106,3172,5102,6368,10187,11217,7321,2459,555,965,220,89
Bulgaria,1990,54823,642,818,176,106,87,154,332,672,1432,3333,8323,16565,19424,3477,157,175,281,391,620,812,1222,2111,3262,5061,6165,10400,11623,7801,2840,637,924,241,104
Bulgaria,1991,57024,668,873,205,89,94,128,323,591,1444,3314,8689,17149,20405,3823,139,184,210,381,612,832,1220,2094,3344,5345,6650,10499,12137,8268,3169,654,962,222,102
Bulgaria,1992,54955,621,804,183,116,88,156,340,638,1456,3334,8322,16345,19430,3828,165,175,265,373,593,863,1191,2143,3285,5037,6734,9611,11481,7949,3178,650,920,244,95
Bulgaria,1993,55165,538,701,163,92,86,136,352,618,1387,3120,8228,16048,20444,3874,164,188,263,355,548,839,1185,1935,3201,5027,7113,8935,11919,8525,3246,628,793,222,83
Bulgaria,1994,56571,579,741,162,70,73,147,340,671,1569,3078,8276,16667,20905,3955,162,178,239,432,596,973,1162,1916,3214,5062,7469,9198,12516,8389,3296,659,811,220,81
Bulgaria,1995,58496,448,589,141,92,65,151,342,615,1540,3200,8313,16776,21897,4820,154,188,261,354,585,955,1223,1977,3292,5021,7869,8907,12407,9490,3976,844,681,216,96
Bulgaria,1996,60783,460,596,136,84,92,134,358,587,1554,3162,8545,17757,22733,5084,162,196,222,365,608,946,1258,1904,3341,5204,8120,9637,12674,10059,4211,873,680,226,92
Bulgaria,1997,63784,465,655,190,84,104,144,382,627,1703,3349,8686,18885,23529,5541,183,199,238,389,632,1071,1408,1941,3500,5186,8315,10570,12813,10716,4597,944,739,248,94
Bulgaria,1998,60880,412,551,139,76,79,122,343,552,1518,3189,8255,18540,22350,5220,154,189,198,354,591,927,1391,1798,3231,5024,7954,10586,11765,10585,4326,894,627,201,85
Bulgaria,1999,58454,431,530,99,58,76,116,306,608,1533,3215,7883,18629,20445,4972,135,171,253,355,580,953,1414,1801,2943,4940,7716,10913,10734,9711,4094,878,588,192,82
Bulgaria,2000,60374,430,516,86,53,48,122,309,602,1448,3305,8081,18984,21374,5439,158,151,246,356,584,864,1425,1880,3034,5047,7930,11054,11343,10031,4478,961,569,170,89
Bulgaria,2001,58412,432,517,85,48,47,104,300,559,1430,3192,7582,18360,20869,5314,143,157,220,339,530,900,1370,1822,2756,4826,7518,10842,11332,9537,4392,922,565,151,87
Bulgaria,2002,58849,411,490,79,44,41,77,263,561,1358,3291,7467,18318,21138,5698,133,130,219,342,509,849,1409,1882,2665,4802,7348,10970,11836,9302,4651,1047,534,118,102
Bulgaria,2003,57652,356,435,79,26,55,83,278,515,1348,3196,7232,17774,20777,5830,114,164,207,308,524,824,1319,1877,2597,4635,7194,10580,11860,8917,4795,1035,461,138,101
Bulgaria,2004,56062,360,451,91,24,62,79,261,540,1382,3233,6793,17111,20417,5599,112,149,209,331,506,876,1313,1920,2493,4300,7048,10063,12025,8392,4543,1056,475,141,107
Bulgaria,2005,57615,326,387,61,42,49,94,265,504,1388,3239,6836,17997,20955,5747,111,154,189,315,493,895,1265,1974,2651,4185,7389,10608,12233,8722,4641,1106,429,143,111
Bulgaria,2006,57571,370,430,60,55,41,81,225,516,1337,3356,6640,17698,21618,5459,108,117,199,317,522,815,1343,2013,2641,3999,7251,10447,12510,9108,4350,1109,485,122,112
Bulgaria,2007,57652,320,387,67,37,45,83,253,499,1230,3269,6466,17342,22315,5603,111,142,197,302,457,773,1269,2000,2679,3787,7044,10298,12682,9633,4453,1150,424,128,120
Bulgaria,2008,56441,321,385,64,43,41,85,224,493,1176,3131,6267,16626,22366,5485,110,114,200,293,414,762,1241,1890,2643,3624,6667,9959,12436,9930,4356,1129,428,126,118
Bulgaria,2009,55319,322,396,74,26,30,70,224,476,1168,3000,6375,15946,21756,5711,91,133,202,274,404,764,1185,1815,2744,3631,6243,9703,11898,9858,4454,1257,422,100,137
Bulgaria,2010,56422,303,358,55,35,38,73,217,501,1189,2916,6398,15703,22529,6306,107,110,197,304,462,727,1141,1775,2748,3650,5771,9932,12213,10316,4979,1327,393,111,158
Bulgaria,2011,55380,258,313,55,37,25,66,194,462,1150,2843,6394,15081,22461,6198,86,108,151,311,470,680,1101,1742,2797,3597,5414,9667,12055,10406,4988,1210,350,91,154
Bulgaria,2012,56280,219,279,60,35,24,49,158,445,1044,2791,6521,15275,23046,6453,67,91,148,297,401,643,1104,1687,2738,3783,5483,9792,12181,10865,5184,1269,314,73,156
Bulgaria,2013,52995,217,265,48,29,25,43,175,403,1053,2754,6094,13721,21972,6295,74,101,146,257,446,607,1064,1690,2391,3703,4902,8819,11658,10314,4969,1326,294,68,164
Bulgaria,2014,55942,238,284,46,26,22,42,181,415,1102,2978,6647,13954,23226,6873,77,104,160,255,490,612,1247,1731,2702,3945,5217,8737,12357,10869,5382,1491,310,64,189
Bulgaria,2015,56832,191,234,43,24,25,46,173,404,1129,2809,6623,13660,23978,7532,71,102,148,256,440,689,1049,1760,2598,4025,5338,8322,12803,11175,5903,1629,258,71,199
Bulgaria,2016,55040,168,203,35,28,19,45,151,366,1133,2801,6627,13178,22903,7401,50,101,146,220,406,727,1052,1749,2679,3948,5280,7898,12008,10895,5855,1546,231,64,181
Bulgaria,2017,56718,181,218,37,11,20,40,145,357,1142,2763,6699,13460,23877,7800,57,88,130,227,456,686,1020,1743,2662,4037,5637,7823,12434,11443,6224,1576,229,60,183
Bulgaria,2018,57739,158,205,47,26,21,49,143,374,1134,2688,6564,13295,23754,9259,58,85,133,241,452,682,989,1699,2646,3918,5657,7638,11801,11953,7273,1986,231,70,226
Bulgaria,2019,56855,150,194,44,27,29,43,126,372,1074,2502,6369,13406,23616,8901,50,76,128,244,429,645,904,1598,2510,3859,5822,7584,11426,12190,7095,1806,221,72,193
Bulgaria,2020,64000,141,181,40,26,32,38,114,376,1144,2762,7460,16264,26092,9342,51,63,125,251,441,703,1006,1756,2937,4523,7251,9013,12095,13997,7555,1787,207,70,167
Bulgaria,2021,76005,132,169,37,22,29,47,153,463,1359,3417,9364,20981,30015,9842,64,89,157,306,498,861,1302,2115,3576,5788,9325,11656,13945,16070,8098,1744,191,76,145
Burkina Faso,1950,54825,14772,33496,18724,2814,1324,1645,3598,3011,2290,2226,2609,1179,619,15,1840,1758,1578,1433,1222,1068,1089,1137,1301,1308,1039,140,514,105,15,0,36310,2969,0
Burkina Faso,1951,55015,15023,33365,18342,2839,1333,1649,3593,3032,2333,2287,2689,1394,496,8,1836,1757,1584,1448,1242,1091,1119,1168,1341,1348,1138,256,354,142,8,0,36204,2982,0
Burkina Faso,1952,55683,15237,33559,18322,2866,1349,1667,3617,3069,2390,2362,2789,1630,384,2,1848,1769,1599,1470,1272,1118,1156,1206,1393,1396,1217,413,201,183,2,0,36425,3016,0
Burkina Faso,1953,56107,15415,33815,18400,2800,1351,1667,3591,3063,2417,2412,2861,1847,281,2,1834,1757,1592,1471,1285,1132,1183,1229,1435,1426,1267,580,88,193,2,0,36615,3018,0
Burkina Faso,1954,56590,15553,34094,18541,2714,1359,1670,3570,3061,2446,2466,2942,2041,220,7,1825,1745,1589,1472,1299,1147,1210,1256,1478,1464,1316,725,49,171,7,0,36808,3029,0
Burkina Faso,1955,57462,15704,34387,18683,2709,1389,1702,3608,3103,2507,2551,3065,2216,210,13,1848,1760,1607,1496,1329,1178,1251,1300,1541,1524,1379,837,83,127,13,0,37096,3091,0
Burkina Faso,1956,58199,15841,34620,18779,2713,1412,1724,3633,3128,2556,2633,3176,2357,232,17,1863,1770,1616,1512,1351,1205,1289,1344,1593,1583,1436,921,154,78,17,0,37333,3136,0
Burkina Faso,1957,58689,15964,34830,18866,2698,1413,1727,3618,3116,2581,2687,3262,2456,279,19,1862,1756,1607,1509,1357,1224,1308,1379,1629,1633,1476,980,241,38,19,0,37528,3140,0
Burkina Faso,1958,59183,16108,35057,18949,2704,1394,1728,3605,3097,2598,2739,3350,2540,344,18,1862,1743,1594,1503,1360,1238,1326,1413,1663,1687,1514,1026,330,14,18,0,37761,3122,0
Burkina Faso,1959,59668,16257,35229,18972,2732,1367,1737,3601,3083,2616,2793,3444,2630,418,14,1865,1736,1583,1500,1363,1253,1345,1448,1702,1742,1560,1070,407,11,14,0,37961,3104,0
Burkina Faso,1960,60538,16403,35511,19108,2797,1355,1772,3643,3104,2658,2874,3573,2746,495,7,1894,1749,1592,1512,1379,1279,1379,1495,1760,1813,1623,1123,466,29,7,0,38308,3127,0
Burkina Faso,1961,60975,16566,35799,19233,2800,1318,1770,3619,3067,2656,2908,3647,2830,560,2,1885,1734,1571,1496,1373,1283,1392,1516,1794,1853,1670,1160,508,52,2,0,38599,3088,0
Burkina Faso,1962,61505,16743,36122,19379,2808,1293,1766,3607,3033,2651,2945,3729,2921,621,0,1881,1726,1552,1481,1367,1284,1408,1537,1835,1894,1725,1196,543,78,0,0,38930,3059,0
Burkina Faso,1963,62286,16925,36466,19541,2852,1299,1760,3638,3032,2671,3005,3842,3043,680,0,1897,1741,1552,1480,1373,1298,1437,1568,1893,1949,1801,1242,576,104,0,0,39318,3059,0
Burkina Faso,1964,62847,17137,36791,19654,2867,1309,1721,3639,3006,2666,3041,3930,3147,728,2,1901,1738,1539,1467,1367,1299,1452,1589,1936,1994,1862,1285,604,124,2,0,39658,3030,0
Burkina Faso,1965,63229,17350,37154,19804,2849,1309,1662,3610,2953,2636,3053,3992,3236,771,4,1889,1721,1513,1440,1347,1289,1453,1600,1964,2028,1911,1325,632,139,4,0,40003,2971,0
Burkina Faso,1966,64171,17563,37602,20039,2896,1334,1641,3656,2962,2653,3110,4118,3375,822,5,1917,1739,1522,1440,1353,1300,1475,1635,2019,2099,1985,1390,666,156,5,0,40498,2975,0
Burkina Faso,1967,64715,17795,38042,20247,2888,1335,1599,3633,2927,2628,3128,4189,3477,861,7,1904,1729,1508,1419,1336,1292,1477,1651,2042,2147,2033,1444,692,169,7,0,40930,2934,0
Burkina Faso,1968,65515,18036,38487,20451,2913,1350,1599,3623,2930,2627,3166,4294,3606,909,10,1885,1738,1515,1415,1333,1294,1487,1679,2079,2215,2095,1511,727,182,10,0,41400,2949,0
Burkina Faso,1969,66108,18245,38983,20738,2887,1354,1606,3565,2902,2606,3173,4355,3711,952,11,1830,1735,1506,1396,1318,1288,1482,1691,2094,2261,2142,1569,757,195,11,0,41870,2960,0
Burkina Faso,1970,66530,18374,39220,20846,2879,1353,1616,3519,2881,2575,3184,4439,3843,1006,13,1780,1739,1500,1381,1300,1275,1479,1705,2123,2316,2209,1634,797,209,13,0,42099,2969,0
Burkina Faso,1971,67027,18532,39481,20949,2875,1365,1631,3488,2880,2563,3196,4508,3967,1057,16,1740,1748,1502,1378,1290,1273,1479,1717,2148,2360,2273,1694,837,220,16,0,42356,2996,0
Burkina Faso,1972,67439,18591,39609,21018,2867,1365,1641,3452,2871,2542,3210,4608,4127,1126,18,1708,1744,1499,1372,1278,1264,1479,1731,2190,2418,2361,1766,890,236,18,0,42476,3006,0
Burkina Faso,1973,67532,18645,39468,20823,2860,1373,1650,3415,2869,2527,3211,4680,4267,1193,19,1698,1717,1499,1370,1269,1258,1475,1736,2220,2460,2439,1828,941,252,19,0,42328,3023,0
Burkina Faso,1974,67107,18615,39057,20442,2812,1355,1633,3331,2833,2485,3194,4731,4397,1259,21,1685,1646,1481,1352,1248,1237,1463,1731,2237,2494,2508,1889,991,268,21,0,41869,2988,0
Burkina Faso,1975,66442,18528,38511,19983,2739,1329,1607,3234,2791,2436,3160,4759,4521,1325,24,1665,1569,1462,1329,1222,1214,1443,1717,2241,2518,2567,1954,1038,287,24,0,41250,2936,0
Burkina Faso,1976,65895,18401,37861,19460,2702,1317,1596,3179,2773,2413,3146,4812,4665,1401,27,1660,1519,1455,1318,1213,1200,1431,1715,2254,2558,2633,2032,1091,310,27,0,40563,2913,0
Burkina Faso,1977,65460,18367,37384,19017,2654,1299,1580,3122,2738,2384,3121,4855,4806,1478,30,1649,1473,1435,1303,1200,1184,1416,1705,2258,2597,2692,2114,1144,334,30,0,40038,2879,0
Burkina Faso,1978,65228,18447,37137,18690,2607,1280,1562,3089,2689,2360,3096,4887,4942,1542,36,1638,1451,1397,1292,1192,1168,1400,1696,2255,2632,2743,2199,1199,343,36,0,39744,2842,0
Burkina Faso,1979,65105,18556,36992,18436,2575,1263,1547,3078,2629,2335,3058,4897,5060,1625,42,1628,1450,1345,1284,1182,1153,1380,1678,2244,2653,2787,2273,1252,373,42,0,39567,2810,0
Burkina Faso,1980,65764,18636,37130,18494,2605,1264,1559,3124,2617,2350,3072,4989,5266,1739,46,1648,1476,1318,1299,1195,1155,1383,1689,2272,2717,2880,2386,1329,410,46,0,39735,2823,0
Burkina Faso,1981,66974,18822,37477,18655,2697,1305,1602,3229,2667,2410,3114,5088,5476,1846,54,1701,1528,1324,1343,1227,1183,1402,1712,2306,2782,2980,2496,1406,440,54,0,40174,2907,0
Burkina Faso,1982,67099,18906,37517,18611,2675,1273,1579,3205,2613,2383,3081,5115,5637,1959,61,1685,1520,1286,1327,1213,1170,1384,1697,2306,2809,3055,2582,1485,474,60,1,40192,2852,0
Burkina Faso,1983,67795,19093,37791,18698,2711,1276,1584,3236,2607,2405,3079,5155,5807,2074,70,1697,1539,1291,1316,1225,1180,1382,1697,2316,2839,3136,2671,1568,506,70,0,40502,2860,0
Burkina Faso,1984,68468,19333,38060,18727,2741,1276,1584,3261,2594,2427,3079,5193,5980,2193,78,1706,1555,1309,1285,1239,1188,1383,1696,2323,2870,3216,2764,1653,540,77,1,40801,2860,0
Burkina Faso,1985,69592,19582,38295,18713,2849,1313,1621,3358,2640,2491,3117,5287,6202,2326,87,1753,1605,1357,1283,1275,1216,1404,1713,2357,2930,3321,2881,1749,577,86,1,41144,2934,0
Burkina Faso,1986,71425,19686,38356,18670,3097,1408,1729,3591,2783,2625,3233,5496,6529,2484,95,1873,1718,1456,1327,1350,1275,1460,1773,2446,3050,3481,3048,1863,621,94,1,41453,3137,0
Burkina Faso,1987,72948,19730,38413,18683,3296,1492,1814,3776,2902,2731,3328,5658,6803,2627,104,1966,1810,1538,1364,1406,1325,1510,1818,2512,3146,3609,3194,1962,665,102,2,41709,3306,0
Burkina Faso,1988,74497,19778,38496,18718,3498,1585,1903,3961,3043,2820,3426,5814,7074,2770,111,2061,1900,1621,1422,1442,1378,1563,1863,2577,3237,3732,3342,2059,711,109,2,41994,3488,0
Burkina Faso,1989,75971,19924,38782,18858,3654,1666,1976,4101,3171,2874,3507,5927,7295,2899,117,2131,1970,1687,1484,1448,1426,1608,1899,2622,3305,3828,3467,2148,751,115,2,42436,3642,0
Burkina Faso,1990,76589,20226,39292,19066,3643,1680,1971,4078,3187,2847,3509,5901,7370,2989,123,2115,1963,1690,1497,1410,1437,1615,1894,2604,3297,3846,3524,2208,781,121,2,42935,3651,0
Burkina Faso,1991,78323,20655,40057,19402,3769,1748,2042,4183,3290,2891,3580,5978,7543,3113,131,2167,2016,1741,1549,1412,1479,1653,1927,2634,3344,3921,3622,2293,820,129,2,43826,3790,0
Burkina Faso,1992,80088,21086,40884,19798,3889,1814,2118,4275,3387,2933,3655,6056,7706,3234,137,2214,2061,1788,1599,1419,1514,1692,1963,2666,3390,3993,3713,2380,854,135,2,44773,3932,0
Burkina Faso,1993,82405,21490,41687,20197,4093,1914,2248,4463,3546,3018,3785,6197,7928,3374,145,2313,2150,1870,1676,1471,1547,1754,2031,2729,3468,4100,3828,2482,892,143,2,45780,4162,0
Burkina Faso,1994,83446,21913,42440,20527,4086,1935,2290,4478,3573,3017,3825,6196,7991,3463,153,2325,2153,1879,1694,1498,1519,1777,2048,2731,3465,4119,3872,2542,921,151,2,46526,4225,0
Burkina Faso,1995,84933,22325,43116,20791,4150,1988,2372,4581,3657,3053,3911,6257,8111,3574,164,2388,2193,1918,1739,1544,1509,1823,2088,2762,3495,4169,3942,2616,958,161,3,47266,4360,0
Burkina Faso,1996,86007,22625,43478,20853,4200,2032,2444,4672,3726,3083,3991,6315,8216,3677,174,2449,2223,1950,1776,1586,1497,1865,2126,2796,3519,4210,4006,2681,996,170,4,47678,4476,0
Burkina Faso,1997,88779,22927,44048,21121,4503,2211,2645,5012,3974,3251,4185,6515,8443,3807,180,2646,2366,2077,1897,1697,1554,1960,2225,2900,3615,4321,4122,2768,1039,177,3,48551,4856,0
Burkina Faso,1998,88344,22932,43786,20854,4403,2157,2632,4994,3929,3229,4159,6519,8468,3882,189,2655,2339,2050,1879,1692,1537,1929,2230,2913,3606,4320,4148,2810,1072,185,4,48189,4789,0
Burkina Faso,1999,88689,23101,43909,20808,4356,2148,2642,5053,3944,3278,4151,6541,8496,3958,208,2700,2353,2055,1889,1713,1565,1895,2256,2935,3606,4320,4176,2852,1106,201,7,48265,4790,0
Burkina Faso,2000,88401,23299,44053,20754,4205,2087,2595,5017,3884,3281,4094,6495,8451,4017,222,2687,2330,2019,1865,1706,1575,1834,2260,2923,3572,4280,4171,2879,1138,213,9,48258,4682,0
Burkina Faso,2001,89724,23395,44014,20619,4350,2139,2697,5264,4019,3409,4178,6660,8610,4140,240,2824,2440,2088,1931,1771,1638,1840,2338,3007,3653,4354,4256,2959,1181,229,11,48364,4836,0
Burkina Faso,2002,91345,23495,44039,20544,4537,2222,2820,5560,4197,3571,4283,6841,8767,4255,259,2976,2584,2181,2016,1853,1718,1870,2413,3096,3745,4429,4338,3033,1222,244,15,48576,5042,0
Burkina Faso,2003,91828,23587,43778,20191,4578,2229,2862,5717,4274,3652,4318,6954,8849,4342,278,3045,2672,2224,2050,1891,1761,1896,2422,3150,3804,4467,4382,3085,1257,259,19,48356,5091,1
Burkina Faso,2004,91743,23537,43252,19715,4569,2209,2863,5815,4321,3704,4329,7054,8910,4421,292,3077,2738,2252,2069,1913,1791,1939,2390,3199,3855,4495,4415,3133,1288,270,22,47821,5072,2
Burkina Faso,2005,90893,23440,42590,19150,4463,2150,2801,5802,4302,3709,4290,7093,8911,4477,307,3050,2752,2250,2052,1909,1800,1963,2327,3223,3870,4494,4417,3161,1316,282,25,47053,4951,2
Burkina Faso,2006,91182,23445,42103,18658,4515,2176,2814,5942,4406,3796,4325,7222,9008,4558,319,3106,2836,2317,2089,1949,1847,2020,2305,3289,3933,4548,4460,3210,1348,291,28,46618,4990,2
Burkina Faso,2007,91012,23264,41449,18185,4520,2183,2804,6012,4481,3855,4352,7310,9096,4628,323,3127,2885,2370,2111,1974,1881,2065,2287,3328,3982,4603,4493,3250,1378,298,25,45969,4987,2
Burkina Faso,2008,88924,22857,40337,17480,4309,2076,2670,5806,4378,3781,4304,7220,9069,4656,321,3007,2799,2327,2051,1929,1852,2051,2253,3255,3965,4595,4474,3260,1396,302,19,44646,4746,1
Burkina Faso,2009,88984,22524,39513,16989,4387,2104,2693,5886,4499,3859,4427,7291,9247,4750,325,3035,2851,2403,2096,1966,1893,2105,2322,3232,4059,4698,4549,3321,1429,309,16,43900,4797,0
Burkina Faso,2010,88696,22237,38754,16517,4395,2103,2682,5881,4570,3899,4522,7321,9395,4838,334,3016,2865,2446,2124,1982,1917,2145,2377,3182,4139,4780,4615,3374,1464,318,16,43149,4785,0
Burkina Faso,2011,87689,21898,37829,15931,4321,2052,2626,5770,4566,3887,4568,7307,9511,4913,341,2942,2828,2442,2124,1970,1917,2159,2409,3113,4194,4839,4672,3419,1494,325,16,42150,4678,0
Burkina Faso,2012,87678,21638,37159,15521,4358,2055,2633,5778,4652,3936,4666,7356,9710,5019,351,2932,2846,2481,2171,1992,1944,2200,2466,3091,4265,4935,4775,3485,1534,336,15,41517,4688,0
Burkina Faso,2013,88866,21333,36436,15103,4582,2136,2738,5990,4891,4088,4857,7541,10065,5175,368,3031,2959,2598,2293,2071,2017,2286,2571,3187,4354,5117,4948,3590,1585,351,17,41018,4874,0
Burkina Faso,2014,88076,20952,35643,14691,4493,2106,2694,5877,4889,4097,4900,7510,10226,5263,382,2969,2908,2576,2313,2077,2020,2300,2600,3238,4272,5194,5032,3645,1618,363,19,40136,4800,0
Burkina Faso,2015,87635,20511,34720,14209,4470,2105,2688,5848,4945,4147,4974,7518,10447,5375,400,2957,2891,2589,2356,2108,2039,2329,2645,3310,4208,5309,5138,3718,1657,378,22,39190,4793,0
Burkina Faso,2016,87023,19965,33765,13800,4384,2091,2660,5774,4964,4191,5040,7529,10687,5520,419,2925,2849,2582,2382,2139,2052,2354,2686,3378,4151,5429,5258,3815,1705,394,25,38149,4751,0
Burkina Faso,2017,87500,19395,32690,13295,4488,2156,2732,5909,5131,4343,5195,7684,11028,5707,437,3002,2907,2656,2475,2231,2112,2422,2773,3502,4182,5595,5433,3949,1758,410,27,37178,4888,0
Burkina Faso,2018,86892,19026,31777,12751,4394,2145,2711,5851,5127,4405,5253,7773,11151,5855,454,2979,2872,2643,2484,2275,2130,2444,2809,3559,4214,5599,5552,4053,1802,426,28,36171,4856,0
Burkina Faso,2019,88178,18746,31100,12354,4541,2231,2811,6036,5307,4617,5443,8112,11417,6085,474,3080,2956,2724,2583,2398,2219,2532,2911,3706,4406,5640,5777,4216,1869,442,32,35641,5042,0
Burkina Faso,2020,91029,18405,30335,11930,4373,2192,2725,5853,5271,4962,6135,9466,12557,6648,509,2987,2866,2662,2609,2544,2418,2823,3312,4305,5161,6217,6340,4598,2050,476,33,34708,4917,0
Burkina Faso,2021,95934,18109,29625,11516,4481,2282,2961,6349,5765,5565,6895,10677,13602,7189,540,3237,3112,2884,2881,2836,2729,3152,3743,4900,5777,6638,6964,4977,2212,503,37,34106,5243,0
Burundi,1950,26241,8432,13881,5449,1558,726,682,1418,1441,1290,1269,1661,1662,589,63,698,720,728,713,674,616,628,641,764,897,907,755,402,187,54,9,15439,1408,1
Burundi,1951,26972,9000,14615,5615,1557,724,675,1397,1427,1288,1281,1653,1690,610,55,688,709,719,708,672,616,633,648,758,895,918,772,427,183,51,4,16172,1399,1
Burundi,1952,27490,8943,14886,5943,1590,736,686,1410,1443,1310,1324,1672,1737,644,54,696,714,725,718,682,628,650,674,765,907,944,793,466,178,50,4,16476,1422,0
Burundi,1953,27823,8913,15074,6161,1608,743,690,1405,1442,1322,1354,1677,1774,678,53,695,710,723,719,686,636,657,697,766,911,965,809,502,176,50,3,16682,1433,0
Burundi,1954,28029,8882,15182,6300,1607,748,692,1398,1436,1328,1382,1684,1804,712,54,694,704,718,718,688,640,664,718,771,913,981,823,530,182,51,3,16789,1440,0
Burundi,1955,28206,8855,15209,6354,1648,756,697,1393,1431,1334,1407,1698,1832,748,50,693,700,713,718,689,645,671,736,783,915,993,839,553,195,49,1,16857,1453,0
Burundi,1956,28429,8828,15180,6352,1739,768,704,1397,1431,1346,1434,1725,1868,788,52,698,699,712,719,694,652,681,753,804,921,1006,862,574,214,49,3,16919,1472,0
Burundi,1957,28639,8801,15144,6343,1811,779,712,1406,1429,1358,1459,1761,1903,822,52,704,702,710,719,699,659,692,767,834,927,1018,885,590,232,49,3,16955,1491,0
Burundi,1958,28758,8787,15113,6326,1857,787,717,1407,1421,1364,1473,1790,1928,852,52,707,700,705,716,702,662,699,774,862,928,1023,905,601,251,49,3,16970,1504,0
Burundi,1959,29040,8783,15163,6380,1904,793,728,1414,1417,1373,1498,1840,1964,890,55,714,700,702,715,706,667,710,788,896,944,1034,930,620,270,52,3,17067,1521,0
Burundi,1960,29221,8795,15104,6309,1950,816,744,1432,1421,1386,1521,1885,1988,919,59,724,708,705,716,711,675,720,801,922,963,1042,946,637,282,56,3,17054,1560,0
Burundi,1961,29522,8812,15182,6370,1957,853,756,1448,1420,1394,1543,1940,2014,949,67,735,713,705,715,713,681,730,813,947,993,1052,962,657,292,64,3,17139,1609,0
Burundi,1962,30233,8967,15369,6402,2004,900,787,1519,1469,1433,1590,2020,2057,995,86,770,749,733,736,732,701,750,840,978,1042,1071,986,685,310,78,8,17373,1687,1
Burundi,1963,30494,9050,15481,6431,2009,928,795,1532,1464,1435,1604,2071,2069,1018,84,777,755,732,732,731,704,754,850,990,1081,1076,993,702,316,80,4,17490,1723,1
Burundi,1964,30739,9104,15590,6486,2009,956,797,1544,1464,1434,1618,2116,2084,1040,90,784,760,735,729,728,706,759,859,1002,1114,1086,998,716,324,85,5,17599,1753,0
Burundi,1965,33584,9783,16878,7095,2226,1056,881,1733,1611,1578,1780,2338,2266,1120,116,878,855,814,797,798,780,836,944,1100,1238,1193,1073,768,352,101,15,19104,1937,2
Burundi,1966,33145,9928,16929,7001,2128,1020,885,1696,1574,1511,1711,2270,2205,1108,109,860,836,798,776,766,745,802,909,1063,1207,1170,1035,755,353,99,10,19057,1905,1
Burundi,1967,34236,10314,17524,7210,2191,1048,940,1768,1633,1543,1748,2326,2264,1132,120,895,873,832,801,783,760,819,929,1088,1238,1219,1045,766,366,106,14,19715,1988,1
Burundi,1968,35098,10665,18123,7458,2231,1051,967,1789,1649,1545,1769,2371,2329,1152,118,904,885,843,806,784,761,827,942,1109,1262,1273,1056,777,375,106,12,20354,2018,1
Burundi,1969,36488,11051,18827,7776,2319,1105,1049,1883,1739,1601,1823,2435,2407,1175,120,946,937,892,847,814,787,855,968,1142,1293,1328,1079,788,387,108,12,21146,2154,1
Burundi,1970,37217,11307,19275,7968,2385,1109,1064,1891,1746,1601,1845,2494,2496,1192,117,953,938,897,849,814,787,862,983,1167,1327,1382,1114,799,393,108,9,21660,2173,1
Burundi,1971,38218,11598,19792,8194,2464,1133,1083,1968,1797,1627,1880,2554,2584,1210,123,1002,966,924,873,828,799,877,1003,1193,1361,1426,1158,810,400,113,10,22256,2216,1
Burundi,1972,67154,13006,24472,11466,5755,3997,3750,6424,5507,4394,3987,3917,3410,1401,138,3302,3122,2865,2642,2302,2092,2016,1971,1957,1960,1905,1505,951,450,126,12,30227,7747,0
Burundi,1973,44957,11756,20892,9136,3354,1861,1703,2949,2586,2225,2356,2891,2833,1206,97,1547,1402,1329,1257,1148,1077,1128,1228,1374,1517,1552,1281,817,389,95,2,24246,3564,0
Burundi,1974,38898,11626,20103,8477,2628,1180,1087,1999,1772,1594,1878,2623,2731,1189,108,1069,930,906,866,815,779,866,1012,1214,1409,1475,1256,802,387,104,4,22731,2267,0
Burundi,1975,40128,12071,20617,8546,2731,1225,1129,2115,1855,1642,1920,2694,2837,1235,125,1134,981,950,905,844,798,882,1038,1245,1449,1522,1315,835,400,115,10,23348,2354,1
Burundi,1976,40585,12345,20996,8651,2736,1235,1127,2134,1852,1637,1910,2703,2874,1255,124,1127,1007,948,904,844,793,877,1033,1247,1456,1536,1338,856,399,116,8,23732,2362,0
Burundi,1977,40838,12495,21195,8700,2731,1240,1128,2161,1850,1630,1893,2704,2900,1281,127,1126,1035,946,904,842,788,868,1025,1245,1459,1546,1354,882,399,117,10,23926,2368,0
Burundi,1978,41577,12640,21474,8834,2758,1269,1157,2250,1896,1666,1914,2747,2971,1337,138,1156,1094,969,927,864,802,877,1037,1264,1483,1583,1388,929,408,124,14,24232,2426,0
Burundi,1979,41528,12746,21499,8753,2691,1256,1148,2278,1884,1658,1887,2729,2981,1370,147,1150,1128,961,923,862,796,865,1022,1253,1476,1585,1396,954,416,128,19,24190,2404,1
Burundi,1980,41037,12570,21196,8626,2653,1247,1133,2247,1854,1635,1855,2709,2988,1389,129,1126,1121,947,907,852,783,851,1004,1241,1468,1586,1402,970,419,119,10,23849,2380,0
Burundi,1981,42085,12954,21502,8548,2629,1241,1173,2420,2024,1711,1882,2738,3059,1487,208,1208,1212,1056,968,898,813,868,1014,1251,1487,1615,1444,1022,465,158,50,24131,2414,11
Burundi,1982,41576,12665,21029,8364,2640,1242,1165,2375,2030,1707,1871,2742,3094,1512,163,1186,1189,1072,958,895,812,865,1006,1249,1493,1628,1466,1038,474,140,23,23669,2407,6
Burundi,1983,41409,12295,20498,8203,2698,1246,1182,2410,2096,1740,1886,2769,3153,1565,164,1202,1208,1121,975,912,828,876,1010,1256,1513,1653,1500,1067,498,142,22,23196,2428,4
Burundi,1984,41181,11909,19865,7956,2822,1261,1205,2420,2151,1770,1904,2803,3216,1609,152,1207,1213,1168,983,927,843,887,1017,1268,1535,1682,1534,1093,516,138,14,22687,2466,2
Burundi,1985,41627,11652,19432,7780,3043,1312,1257,2493,2260,1846,1961,2876,3319,1668,151,1246,1247,1231,1029,966,880,916,1045,1299,1577,1732,1587,1131,537,140,11,22475,2569,1
Burundi,1986,42500,11472,19129,7657,3388,1397,1332,2580,2384,1933,2042,2981,3449,1733,146,1293,1287,1275,1109,1011,922,956,1086,1345,1636,1800,1649,1176,557,139,7,22517,2729,1
Burundi,1987,43905,11439,19089,7650,3773,1501,1426,2706,2542,2041,2146,3110,3609,1813,151,1364,1342,1337,1205,1067,974,1009,1137,1402,1708,1885,1724,1232,581,145,6,22862,2927,1
Burundi,1988,51312,12055,20637,8582,4902,2072,1921,3557,3339,2599,2596,3541,4017,1958,166,1801,1756,1731,1608,1361,1238,1242,1354,1614,1927,2111,1906,1337,621,159,7,25539,3993,0
Burundi,1989,48566,11817,19655,7838,4793,1846,1690,3158,3044,2355,2448,3449,3982,1976,168,1613,1545,1545,1499,1225,1130,1158,1290,1561,1888,2089,1893,1347,629,161,7,24448,3536,0
Burundi,1990,50653,12035,20041,8006,5236,2018,1807,3349,3234,2504,2578,3578,4116,2025,169,1723,1626,1622,1612,1307,1197,1221,1357,1623,1955,2163,1953,1385,640,164,5,25277,3825,0
Burundi,1991,52933,12250,20438,8188,5687,2224,1942,3577,3412,2701,2723,3722,4257,2071,171,1849,1728,1708,1704,1433,1268,1292,1431,1694,2028,2241,2016,1419,652,164,7,26125,4166,0
Burundi,1992,54892,12438,20843,8405,6028,2424,2060,3776,3550,2872,2852,3840,4367,2105,174,1962,1814,1774,1776,1544,1328,1354,1498,1755,2085,2301,2066,1445,660,167,7,26871,4484,0
Burundi,1993,69642,13412,23581,10169,7861,4078,3403,6034,5409,4221,3708,4326,4639,2172,205,3122,2912,2729,2680,2328,1893,1827,1881,2037,2289,2457,2182,1491,681,185,20,31442,7481,3
Burundi,1994,49732,10794,19154,8360,5940,2516,1938,2871,2719,2554,2638,3568,4016,1761,46,1535,1336,1309,1410,1402,1152,1237,1401,1638,1930,2125,1891,1263,498,44,2,25094,4454,1
Burundi,1995,54393,11966,20490,8524,5981,2591,2218,3788,3338,2917,2841,3716,4153,1991,329,1979,1809,1671,1667,1618,1299,1345,1496,1721,1995,2187,1966,1362,629,194,135,26471,4809,39
Burundi,1996,54109,12651,21026,8375,5836,2561,2225,3702,3192,2873,2803,3653,4058,1932,219,1939,1763,1605,1587,1561,1312,1325,1478,1698,1955,2135,1923,1328,604,160,59,26862,4786,30
Burundi,1997,50965,11841,19925,8084,5552,2466,2167,3371,2854,2696,2659,3487,3859,1807,106,1782,1589,1432,1422,1431,1265,1250,1409,1624,1863,2030,1829,1259,548,106,0,25477,4633,14
Burundi,1998,48546,11366,19103,7737,5196,2333,2116,3206,2631,2552,2527,3337,3684,1747,106,1715,1491,1329,1302,1326,1226,1185,1342,1557,1780,1932,1752,1216,531,105,1,24299,4449,7
Burundi,1999,47983,11437,18987,7550,4891,2269,2137,3271,2594,2530,2476,3299,3630,1764,129,1770,1501,1332,1262,1286,1244,1154,1322,1543,1756,1898,1732,1218,546,125,4,23878,4406,4
Burundi,2000,48035,11587,19119,7532,4684,2239,2167,3350,2582,2530,2494,3314,3629,1784,135,1831,1519,1339,1243,1266,1264,1166,1328,1552,1762,1895,1734,1227,557,132,3,23803,4406,2
Burundi,2001,47057,11573,18777,7204,4497,2159,2125,3359,2514,2423,2473,3254,3555,1773,141,1855,1504,1316,1198,1208,1215,1176,1297,1523,1731,1854,1701,1215,558,136,5,23274,4284,1
Burundi,2002,46376,11672,18665,6993,4226,2071,2065,3412,2484,2324,2447,3211,3513,1798,164,1899,1513,1315,1169,1157,1167,1184,1263,1499,1712,1829,1684,1222,576,152,12,22891,4136,1
Burundi,2003,46269,11781,18671,6890,4045,2032,2039,3513,2488,2270,2462,3217,3527,1828,171,1956,1557,1325,1163,1129,1141,1210,1252,1496,1721,1836,1691,1237,591,160,11,22716,4071,1
Burundi,2004,46042,11888,18558,6670,3894,1929,2007,3636,2523,2220,2466,3208,3525,1868,202,2007,1629,1347,1176,1107,1113,1242,1224,1487,1721,1835,1690,1253,615,179,23,22452,3936,3
Burundi,2005,45882,11963,18576,6613,3706,1797,1940,3704,2551,2180,2478,3222,3558,1923,235,2018,1686,1365,1186,1091,1089,1253,1225,1487,1735,1850,1708,1280,643,199,36,22282,3737,6
Burundi,2006,45838,11860,18262,6402,3652,1761,1918,3812,2632,2176,2519,3259,3613,1974,251,2039,1773,1414,1218,1099,1077,1248,1271,1500,1759,1880,1733,1308,666,211,40,21914,3679,7
Burundi,2007,45819,11659,17866,6207,3661,1717,1904,3913,2724,2184,2568,3297,3682,2027,263,2046,1867,1469,1255,1113,1071,1246,1322,1512,1785,1915,1767,1337,690,222,41,21527,3621,7
Burundi,2008,44701,11430,17418,5988,3478,1573,1797,3824,2706,2125,2535,3243,3673,2045,277,1957,1867,1471,1235,1091,1034,1204,1331,1480,1763,1909,1764,1341,704,232,45,20896,3370,8
Burundi,2009,45301,11325,17074,5749,3606,1576,1787,3983,2897,2197,2624,3303,3791,2129,321,2000,1983,1594,1303,1146,1051,1217,1407,1495,1808,1971,1820,1388,741,258,63,20680,3363,13
Burundi,2010,46639,11296,16913,5617,3774,1605,1792,4237,3186,2335,2728,3431,3955,2255,404,2090,2147,1769,1417,1238,1097,1251,1477,1557,1874,2054,1901,1457,798,304,100,20687,3397,25
Burundi,2011,46313,10913,16306,5393,3831,1573,1743,4218,3309,2379,2712,3508,4027,2298,385,2056,2162,1848,1461,1272,1107,1243,1469,1613,1895,2088,1939,1485,813,302,83,20137,3316,24
Burundi,2012,45576,10430,15560,5130,3839,1547,1670,4115,3392,2405,2684,3566,4087,2333,364,1993,2122,1903,1489,1296,1109,1229,1455,1665,1901,2114,1973,1509,824,297,67,19399,3217,19
Burundi,2013,44948,10000,14894,4894,3814,1538,1588,4024,3481,2439,2652,3615,4144,2385,360,1939,2085,1949,1532,1320,1119,1216,1436,1714,1901,2133,2011,1542,843,293,67,18708,3126,16
Burundi,2014,44410,9628,14274,4646,3797,1540,1549,3883,3559,2477,2631,3670,4215,2436,363,1846,2037,1975,1584,1339,1138,1209,1422,1780,1890,2161,2054,1576,860,302,61,18071,3089,13
Burundi,2015,43490,9307,13726,4419,3652,1507,1491,3663,3543,2489,2585,3698,4265,2490,370,1718,1945,1943,1600,1342,1147,1194,1391,1797,1901,2176,2089,1611,879,310,60,17378,2998,10
Burundi,2016,42751,8678,12787,4109,3795,1575,1470,3504,3570,2537,2580,3779,4343,2510,296,1639,1865,1920,1650,1372,1165,1199,1381,1796,1983,2210,2133,1640,870,277,19,16582,3045,5
Burundi,2017,41296,8182,12033,3851,3612,1548,1413,3251,3456,2524,2513,3772,4336,2537,296,1516,1735,1813,1643,1363,1161,1178,1335,1751,2021,2194,2142,1660,877,274,22,15645,2961,3
Burundi,2018,41439,7817,11416,3599,3693,1619,1475,3205,3539,2648,2559,3893,4447,2637,309,1486,1719,1815,1724,1440,1208,1213,1346,1767,2126,2240,2207,1725,912,286,23,15109,3094,2
Burundi,2019,40806,7662,11035,3373,3424,1571,1466,3073,3456,2691,2551,3937,4475,2747,375,1453,1620,1739,1717,1478,1213,1228,1323,1736,2201,2228,2247,1785,962,324,51,14459,3037,6
Burundi,2020,43108,7506,10652,3146,3429,1625,1514,3029,3537,3007,2954,4669,5135,3119,431,1472,1557,1726,1811,1646,1361,1414,1540,2041,2628,2598,2537,2022,1097,368,63,14081,3139,7
Burundi,2021,44173,7359,10327,2968,3442,1693,1613,3111,3637,3231,3124,4839,5431,3269,452,1522,1589,1761,1876,1767,1464,1520,1604,2120,2719,2800,2631,2109,1160,387,65,13769,3306,5
Cambodia,1950,50333,16365,23296,6931,3988,1766,1648,3276,3207,2773,2753,3264,3116,1123,117,1636,1640,1627,1580,1454,1319,1313,1440,1596,1668,1705,1411,771,352,100,17,27284,3414,2
Cambodia,1951,50970,16563,23704,7141,4008,1773,1663,3311,3238,2799,2786,3311,3123,1138,112,1652,1659,1644,1594,1466,1333,1330,1456,1621,1690,1703,1420,799,339,98,14,27712,3436,1
Cambodia,1952,51742,16740,24027,7287,4072,1794,1690,3370,3293,2846,2836,3389,3145,1167,109,1681,1689,1672,1621,1490,1356,1355,1481,1655,1734,1710,1435,841,326,95,14,28099,3484,2
Cambodia,1953,52373,17030,24491,7461,4102,1791,1698,3390,3310,2860,2861,3434,3140,1192,108,1691,1699,1681,1629,1499,1361,1369,1492,1669,1765,1707,1433,875,317,94,14,28593,3489,2
Cambodia,1954,52606,17211,24710,7499,4143,1775,1687,3373,3297,2852,2864,3460,3126,1212,106,1682,1691,1675,1622,1494,1358,1372,1492,1675,1785,1702,1424,895,317,92,14,28853,3462,1
Cambodia,1955,53660,17480,25040,7560,4332,1807,1721,3445,3368,2915,2931,3552,3187,1254,103,1717,1728,1710,1658,1527,1388,1405,1526,1714,1838,1743,1444,923,331,90,13,29372,3528,1
Cambodia,1956,54005,17626,25172,7546,4420,1807,1720,3453,3379,2926,2953,3588,3209,1278,99,1720,1733,1716,1663,1532,1394,1415,1538,1727,1861,1766,1443,932,346,87,12,29592,3527,1
Cambodia,1957,54333,17722,25257,7535,4502,1811,1718,3465,3390,2939,2977,3627,3244,1304,97,1727,1738,1722,1668,1540,1399,1424,1553,1741,1886,1800,1444,939,365,85,12,29759,3529,1
Cambodia,1958,54379,17483,25001,7518,4585,1827,1719,3482,3408,2958,3004,3668,3294,1333,97,1735,1747,1731,1677,1549,1409,1434,1570,1758,1910,1842,1452,948,385,85,12,29586,3546,1
Cambodia,1959,54741,17042,24485,7443,4760,1902,1756,3563,3495,3034,3088,3775,3406,1374,100,1776,1787,1775,1720,1589,1445,1471,1617,1807,1968,1914,1492,969,405,88,12,29245,3658,1
Cambodia,1960,54338,16603,23908,7305,4777,1937,1753,3559,3493,3041,3105,3807,3462,1391,105,1774,1785,1773,1720,1592,1449,1478,1627,1820,1987,1949,1513,977,414,93,12,28685,3690,1
Cambodia,1961,53778,16299,23468,7169,4734,1950,1730,3515,3453,3017,3094,3809,3498,1400,110,1750,1765,1752,1701,1578,1439,1472,1622,1820,1989,1965,1533,979,421,98,12,28202,3680,1
Cambodia,1962,53419,16011,22983,6972,4738,1975,1724,3501,3441,3017,3102,3840,3561,1417,118,1740,1761,1746,1695,1578,1439,1475,1627,1834,2006,1992,1569,987,430,106,12,27721,3699,1
Cambodia,1963,52850,15705,22465,6760,4688,1985,1715,3469,3412,3002,3096,3849,3613,1431,123,1721,1748,1731,1681,1569,1433,1473,1623,1839,2010,2009,1604,994,437,111,12,27153,3700,1
Cambodia,1964,52550,15658,22208,6550,4615,1988,1722,3437,3385,2989,3092,3862,3667,1453,131,1702,1735,1717,1668,1562,1427,1472,1620,1845,2017,2028,1639,1010,443,118,13,26823,3710,1
Cambodia,1965,52927,15684,22083,6399,4621,2023,1776,3475,3424,3031,3137,3939,3773,1503,137,1722,1753,1736,1688,1583,1448,1493,1644,1880,2059,2077,1696,1046,457,123,14,26704,3799,1
Cambodia,1966,52612,15646,21947,6301,4471,2014,1789,3428,3383,3011,3126,3947,3817,1539,143,1700,1728,1715,1668,1571,1440,1488,1638,1881,2066,2093,1724,1074,465,128,15,26418,3803,1
Cambodia,1967,52845,15568,21850,6282,4391,2036,1834,3439,3397,3042,3167,4017,3918,1603,149,1709,1730,1720,1677,1586,1456,1508,1659,1908,2109,2139,1779,1122,481,133,16,26241,3870,1
Cambodia,1968,53150,15489,21695,6206,4358,2067,1889,3470,3429,3080,3215,4097,4022,1669,159,1733,1737,1736,1693,1605,1475,1531,1684,1938,2159,2188,1834,1172,497,140,19,26053,3956,1
Cambodia,1969,53037,15373,21509,6136,4269,2057,1905,3469,3408,3079,3226,4133,4091,1726,162,1749,1720,1724,1684,1603,1476,1535,1691,1949,2184,2218,1873,1214,512,143,19,25778,3962,1
Cambodia,1970,54862,15731,21820,6089,4150,2021,2007,3786,3715,3560,3500,4209,4149,1779,168,1941,1845,1851,1864,1871,1689,1698,1802,1991,2218,2244,1905,1250,529,149,19,25970,4028,1
Cambodia,1971,54777,15695,21708,6013,4190,2026,2014,3644,3569,3505,3505,4283,4291,1868,178,1900,1744,1764,1805,1832,1673,1695,1810,2013,2270,2317,1974,1307,561,156,22,25898,4040,1
Cambodia,1972,54188,15622,21533,5911,4055,1960,2005,3569,3432,3426,3465,4273,4354,1934,183,1894,1675,1688,1744,1784,1642,1675,1790,2001,2272,2345,2009,1346,588,161,22,25588,3965,1
Cambodia,1973,56043,15680,21977,6297,4283,2029,2123,3747,3519,3525,3587,4442,4567,2049,193,2012,1735,1726,1793,1833,1692,1730,1857,2082,2360,2461,2106,1421,628,170,23,26260,4152,2
Cambodia,1974,56547,14531,21094,6563,4469,2093,2230,3942,3605,3622,3709,4611,4788,2169,208,2126,1816,1764,1841,1881,1741,1785,1924,2162,2449,2578,2210,1498,671,181,27,25563,4323,2
Cambodia,1975,201000,28271,70177,41906,20965,8283,7434,13660,11421,13861,14811,18295,16705,5046,338,7300,6360,5587,5834,6699,7162,7195,7616,8666,9629,9490,7215,3706,1340,300,38,91142,15717,2
Cambodia,1976,248747,14761,38076,23315,27958,24554,24010,38046,29832,24207,18175,12693,8296,2689,210,20386,17660,15068,14764,12942,11265,9798,8377,6931,5762,4820,3476,1926,763,187,23,66034,48564,2
Cambodia,1977,89635,9283,17700,8417,9639,7268,7127,11915,9049,7719,6551,5940,4741,1817,169,6395,5520,4576,4473,4077,3642,3378,3173,3027,2913,2692,2049,1262,555,150,19,27339,14395,1
Cambodia,1978,51570,9583,15229,5646,4878,2259,2302,4523,3476,3713,3926,4827,4497,1764,171,2431,2092,1726,1750,1885,1828,1891,2035,2289,2538,2519,1978,1217,547,152,19,20107,4561,1
Cambodia,1979,44605,11130,14582,3452,3591,1825,1939,3881,2957,3038,3206,3957,3831,1623,169,2084,1797,1484,1473,1565,1473,1540,1666,1869,2088,2109,1722,1103,520,150,19,18173,3764,1
Cambodia,1980,47381,14621,18130,3509,3290,1798,1870,3832,2880,2754,3053,3971,3947,1677,179,2023,1809,1494,1386,1408,1346,1447,1606,1866,2105,2153,1794,1139,538,157,22,21420,3668,2
Cambodia,1981,48071,15817,19663,3846,2882,1732,1786,3680,2765,2644,2993,3962,4039,1731,188,1921,1759,1456,1309,1343,1301,1414,1579,1849,2113,2189,1850,1178,553,165,23,22545,3518,2
Cambodia,1982,49410,16290,20773,4483,2525,1702,1782,3794,2873,2665,3034,4044,4188,1824,198,1941,1853,1544,1329,1350,1315,1432,1602,1884,2160,2256,1932,1246,578,174,24,23298,3484,2
Cambodia,1983,50291,16685,21710,5025,2228,1641,1753,3814,2939,2649,3043,4092,4302,1911,210,1915,1899,1605,1334,1337,1312,1436,1607,1901,2191,2304,1998,1311,600,183,27,23938,3394,2
Cambodia,1984,51085,16980,22360,5380,2166,1540,1717,3830,3022,2634,3049,4129,4407,2006,223,1893,1937,1660,1362,1329,1305,1438,1611,1914,2215,2348,2059,1383,623,193,30,24526,3257,2
Cambodia,1985,51181,16906,22396,5490,2333,1401,1659,3745,3050,2585,3025,4150,4504,2101,232,1835,1910,1674,1376,1303,1282,1425,1600,1914,2236,2386,2118,1451,650,202,30,24729,3060,2
Cambodia,1986,52335,16732,22237,5505,2770,1319,1696,3850,3256,2647,3102,4280,4694,2233,245,1878,1972,1784,1472,1337,1310,1459,1643,1970,2310,2477,2217,1541,692,213,32,25007,3015,2
Cambodia,1987,52654,16605,22073,5468,3143,1179,1672,3803,3352,2589,3084,4333,4818,2344,257,1850,1953,1834,1518,1312,1277,1444,1640,1988,2345,2530,2288,1610,734,222,35,25216,2851,3
Cambodia,1988,52882,16367,21738,5371,3449,1051,1640,3778,3470,2598,3096,4387,4940,2462,271,1837,1941,1889,1581,1326,1272,1448,1648,2009,2378,2585,2355,1681,781,234,37,25187,2691,3
Cambodia,1989,51956,15855,21119,5264,3477,980,1515,3602,3436,2564,3048,4363,5001,2563,284,1748,1854,1854,1582,1324,1240,1424,1624,1988,2375,2603,2398,1735,828,245,39,24596,2495,3
Cambodia,1990,52137,15636,20768,5132,3567,1055,1423,3588,3518,2624,3065,4419,5124,2692,291,1737,1851,1879,1639,1379,1245,1429,1636,2008,2411,2656,2468,1810,882,250,41,24335,2478,3
Cambodia,1991,53529,15956,21218,5262,3686,1210,1330,3633,3649,2727,3112,4522,5292,2829,315,1755,1878,1921,1728,1459,1268,1449,1663,2050,2472,2736,2556,1894,935,270,45,24904,2540,3
Cambodia,1992,54575,16094,21402,5308,3770,1391,1211,3677,3776,2849,3156,4606,5441,2961,339,1772,1905,1954,1822,1552,1297,1467,1689,2085,2521,2805,2636,1975,986,292,47,25172,2602,4
Cambodia,1993,56448,16475,21933,5458,3850,1592,1128,3836,3998,3052,3248,4731,5608,3099,367,1836,2000,2039,1959,1688,1364,1509,1739,2146,2585,2882,2726,2059,1040,317,50,25783,2720,4
Cambodia,1994,58540,16749,22516,5767,3964,1790,1124,3944,4214,3280,3354,4886,5810,3251,397,1857,2087,2125,2089,1825,1455,1559,1795,2217,2669,2978,2832,2152,1099,343,54,26480,2914,4
Cambodia,1995,58743,16292,22097,5805,3919,1876,1179,3829,4273,3437,3393,4970,5954,3384,426,1748,2081,2137,2136,1911,1526,1579,1814,2247,2723,3045,2909,2232,1152,366,60,26016,3055,5
Cambodia,1996,58628,15657,21484,5827,3862,1917,1302,3660,4280,3588,3422,5043,6095,3516,454,1599,2061,2128,2152,1989,1599,1599,1823,2273,2770,3107,2988,2308,1208,389,65,25346,3219,5
Cambodia,1997,58369,14913,20571,5658,3810,1953,1485,3486,4303,3771,3467,5128,6251,3659,484,1435,2051,2134,2169,2083,1688,1628,1839,2305,2823,3178,3073,2393,1266,413,71,24381,3438,5
Cambodia,1998,57794,13957,19294,5337,3771,1979,1697,3309,4317,3957,3529,5211,6409,3799,514,1285,2024,2139,2178,2171,1786,1672,1857,2337,2874,3253,3156,2477,1322,437,77,23065,3676,6
Cambodia,1999,56763,13237,17713,4476,3438,1903,1855,3235,4395,4245,3742,5265,6510,3914,542,1261,1974,2162,2233,2309,1936,1803,1939,2369,2896,3297,3213,2543,1371,459,83,21151,3758,6
Cambodia,2000,54937,12258,16274,4016,3185,1805,1877,3080,4235,4270,3776,5267,6578,4017,568,1288,1792,2075,2160,2294,1976,1851,1925,2368,2899,3321,3257,2599,1418,480,88,19459,3682,7
Cambodia,2001,52177,11060,14483,3423,2788,1651,1804,2915,3994,4209,3780,5218,6609,4118,598,1351,1564,1949,2045,2221,1988,1887,1893,2341,2877,3323,3286,2654,1464,504,94,17271,3455,7
Cambodia,2002,49538,9954,12862,2908,2405,1506,1721,2768,3747,4123,3786,5155,6621,4206,628,1444,1324,1820,1927,2131,1992,1924,1862,2307,2848,3312,3309,2699,1507,529,99,15267,3227,8
Cambodia,2003,47170,8971,11462,2491,2057,1357,1619,2651,3483,4011,3804,5096,6646,4315,661,1533,1118,1677,1806,2028,1983,1961,1843,2273,2823,3305,3341,2754,1561,555,106,13519,2976,9
Cambodia,2004,46245,8192,10354,2162,1902,1282,1578,2690,3338,4023,3940,5152,6794,4482,701,1638,1052,1580,1758,2001,2022,2043,1897,2292,2860,3363,3431,2850,1632,587,114,12256,2860,10
Cambodia,2005,45536,7569,9468,1899,1773,1209,1532,2769,3161,4018,4088,5206,6925,4635,738,1683,1086,1450,1711,1975,2043,2118,1970,2307,2899,3414,3511,2936,1699,617,121,11241,2741,10
Cambodia,2006,44679,7051,8748,1697,1611,1098,1457,2827,2924,3953,4219,5230,7028,4787,780,1663,1164,1285,1639,1926,2027,2182,2037,2313,2917,3449,3579,3020,1767,650,130,10359,2555,11
Cambodia,2007,44208,6676,8223,1547,1497,995,1393,2929,2693,3893,4378,5273,7146,4953,823,1645,1284,1116,1577,1886,2007,2256,2122,2330,2943,3495,3651,3113,1840,685,138,9720,2388,12
Cambodia,2008,43408,6207,7590,1383,1364,885,1308,2983,2444,3783,4501,5307,7241,5116,869,1592,1391,958,1486,1824,1959,2304,2197,2350,2957,3527,3714,3203,1913,722,147,8954,2193,13
Cambodia,2009,41723,5767,7019,1252,1113,739,1154,2832,2144,3547,4490,5269,7243,5245,915,1447,1385,838,1306,1694,1853,2280,2210,2353,2916,3509,3734,3269,1976,757,158,8132,1893,14
Cambodia,2010,42354,5327,6455,1128,1116,718,1142,2917,2152,3601,4726,5514,7518,5505,975,1449,1468,901,1251,1713,1888,2375,2351,2506,3008,3640,3878,3421,2084,805,170,7571,1860,15
Cambodia,2011,41215,4978,6031,1053,933,617,1001,2699,1984,3399,4704,5563,7570,5667,1030,1318,1381,921,1063,1600,1799,2326,2378,2565,2998,3647,3923,3506,2161,849,181,6964,1618,17
Cambodia,2012,41821,4659,5587,928,917,608,956,2714,2008,3422,4890,5845,7830,5930,1093,1305,1409,1047,961,1603,1819,2370,2520,2744,3101,3765,4065,3655,2275,900,193,6504,1564,18
Cambodia,2013,41382,4411,5290,879,800,551,846,2538,1923,3272,4896,6007,7947,6135,1155,1205,1333,1109,814,1513,1759,2325,2571,2853,3154,3808,4139,3762,2373,950,205,6090,1397,19
Cambodia,2014,42184,4179,4984,805,787,538,811,2521,1997,3249,5047,6361,8221,6417,1227,1188,1333,1213,784,1478,1771,2358,2689,3036,3325,3930,4291,3920,2497,1006,221,5771,1349,21
Cambodia,2015,43196,3958,4710,752,786,537,788,2506,2120,3205,5207,6777,8525,6711,1303,1173,1333,1285,835,1415,1790,2405,2802,3230,3547,4063,4462,4086,2625,1066,237,5496,1325,22
Cambodia,2016,42641,3746,4458,712,668,477,704,2276,2077,2951,5111,6987,8629,6906,1371,1050,1226,1218,859,1239,1712,2341,2770,3312,3675,4098,4531,4184,2722,1119,252,5126,1181,24
Cambodia,2017,44059,3549,4223,674,682,485,719,2264,2265,2887,5263,7526,9015,7245,1456,1023,1241,1268,997,1143,1744,2401,2862,3552,3974,4289,4726,4381,2864,1187,269,4905,1204,26
Cambodia,2018,45290,3362,3999,637,685,487,726,2220,2443,2789,5364,8041,9404,7560,1540,985,1235,1294,1149,1042,1747,2443,2921,3767,4274,4495,4909,4560,3000,1255,285,4684,1213,28
Cambodia,2019,46543,3188,3790,602,685,489,723,2183,2578,2730,5449,8525,9847,7885,1627,955,1228,1304,1274,1012,1718,2473,2976,3960,4565,4761,5086,4747,3138,1323,304,4475,1212,30
Cambodia,2020,48853,3034,3602,568,692,492,725,2153,2672,2735,5629,9535,10634,8231,1715,934,1219,1311,1361,1082,1653,2526,3103,4338,5197,5342,5292,4952,3279,1395,320,4294,1217,32
Cambodia,2021,53060,2881,3413,532,591,438,661,1932,2542,2822,6285,11032,12134,9265,1902,846,1086,1204,1338,1188,1634,2765,3520,5011,6021,6189,5945,5522,3743,1551,351,4004,1099,34
Cameroon,1950,59326,16971,31498,14527,3539,1784,1570,3383,3060,2710,2975,3931,3599,1169,106,1693,1690,1577,1483,1397,1313,1423,1552,1873,2058,2009,1590,789,380,94,12,35037,3354,1
Cameroon,1951,59834,17318,31638,14320,3565,1789,1584,3413,3094,2741,3009,3980,3675,1231,115,1708,1705,1596,1498,1413,1328,1439,1570,1893,2087,2042,1633,854,377,103,12,35203,3373,1
Cameroon,1952,60043,17328,31539,14211,3547,1779,1592,3436,3131,2775,3047,4027,3741,1300,129,1718,1718,1615,1516,1430,1345,1456,1591,1915,2112,2077,1664,931,369,114,15,35086,3371,1
Cameroon,1953,60197,17344,31475,14131,3500,1768,1596,3450,3156,2800,3074,4066,3801,1373,136,1724,1726,1628,1528,1443,1357,1469,1605,1931,2135,2111,1690,1006,367,119,17,34975,3364,2
Cameroon,1954,59285,17053,30706,13653,3310,1713,1570,3420,3158,2808,3084,4075,3850,1450,143,1706,1714,1626,1532,1446,1362,1474,1610,1934,2141,2135,1715,1068,382,124,19,34016,3283,2
Cameroon,1955,58565,16832,30086,13254,3147,1667,1542,3393,3156,2817,3094,4089,3903,1524,144,1689,1704,1621,1535,1450,1367,1479,1615,1939,2150,2160,1743,1112,412,125,19,33233,3209,1
Cameroon,1956,57721,16648,29539,12891,3027,1623,1505,3328,3106,2781,3062,4061,3945,1596,145,1656,1672,1592,1514,1430,1351,1463,1599,1921,2140,2174,1771,1146,450,125,20,32566,3128,1
Cameroon,1957,57482,16536,29133,12597,2932,1586,1486,3337,3141,2845,3105,4093,4009,1666,146,1660,1677,1603,1538,1465,1380,1487,1618,1936,2157,2201,1808,1174,492,123,23,32065,3072,2
Cameroon,1958,57070,16453,28795,12342,2856,1542,1455,3301,3119,2837,3103,4104,4071,1731,148,1641,1660,1589,1530,1459,1378,1485,1618,1937,2167,2224,1847,1198,533,124,24,31651,2997,2
Cameroon,1959,57072,16456,28639,12183,2821,1495,1439,3294,3133,2864,3133,4153,4150,1790,158,1635,1659,1591,1542,1472,1392,1500,1633,1958,2195,2261,1889,1225,565,131,27,31460,2934,2
Cameroon,1960,58400,16534,28627,12093,2806,1456,1493,3505,3393,3256,3371,4241,4234,1845,169,1742,1763,1701,1692,1688,1568,1636,1735,2006,2235,2299,1935,1254,591,143,26,31433,2949,2
Cameroon,1961,58801,16676,28782,12106,2809,1432,1491,3503,3405,3281,3400,4293,4317,1900,183,1735,1768,1706,1699,1701,1580,1650,1750,2027,2266,2340,1977,1287,613,157,26,31591,2923,2
Cameroon,1962,57938,16905,29077,12172,2829,1413,1415,3236,3113,2860,3172,4285,4388,1948,197,1591,1645,1582,1531,1468,1392,1512,1660,2007,2278,2374,2014,1320,628,173,24,31906,2828,3
Cameroon,1963,58672,17150,29448,12298,2864,1413,1415,3250,3135,2894,3209,4348,4478,2003,213,1592,1658,1593,1542,1485,1409,1530,1679,2034,2314,2419,2059,1359,644,188,25,32312,2828,3
Cameroon,1964,59425,17330,29690,12360,2891,1426,1404,3281,3191,2957,3279,4441,4579,2057,225,1602,1679,1620,1571,1515,1442,1564,1715,2076,2365,2472,2107,1396,661,198,27,32581,2830,3
Cameroon,1965,59650,17447,29831,12384,2912,1437,1376,3248,3162,2939,3273,4456,4658,2115,238,1589,1659,1605,1557,1503,1436,1559,1714,2077,2379,2507,2151,1435,680,207,31,32743,2813,3
Cameroon,1966,59920,17465,29743,12278,2908,1437,1359,3254,3191,2986,3326,4530,4759,2174,249,1593,1661,1619,1572,1524,1462,1584,1742,2111,2419,2559,2200,1472,702,216,33,32651,2796,3
Cameroon,1967,59729,17376,29427,12051,2878,1427,1331,3220,3184,2994,3350,4568,4847,2238,260,1579,1641,1613,1571,1523,1471,1595,1755,2125,2443,2600,2247,1513,725,223,37,32305,2758,3
Cameroon,1968,59338,17227,28996,11769,2837,1413,1309,3165,3163,2994,3358,4595,4931,2300,269,1550,1615,1601,1562,1520,1474,1597,1761,2134,2461,2636,2295,1552,748,229,40,31833,2722,3
Cameroon,1969,58894,17051,28519,11468,2790,1398,1299,3094,3135,2990,3371,4625,5022,2365,281,1505,1589,1584,1551,1514,1476,1603,1768,2143,2482,2676,2346,1593,772,238,43,31309,2697,3
Cameroon,1970,58732,16917,28085,11168,2739,1385,1300,3063,3149,3027,3427,4697,5128,2435,291,1476,1587,1585,1564,1530,1497,1631,1796,2175,2522,2728,2400,1637,798,246,45,30824,2685,4
Cameroon,1971,58571,16886,27860,10974,2723,1387,1301,3013,3120,3021,3439,4724,5192,2489,299,1444,1569,1566,1554,1524,1497,1636,1803,2184,2540,2754,2438,1670,819,253,46,30583,2688,4
Cameroon,1972,58543,16866,27680,10814,2691,1377,1300,2976,3103,3026,3466,4774,5282,2554,310,1418,1558,1550,1553,1524,1502,1649,1817,2206,2568,2794,2488,1711,843,263,47,30371,2677,5
Cameroon,1973,59043,16990,27794,10804,2700,1392,1319,2968,3108,3053,3513,4844,5392,2630,324,1416,1552,1546,1562,1537,1516,1672,1841,2237,2607,2847,2545,1759,871,273,51,30494,2711,5
Cameroon,1974,60117,17258,28191,10933,2742,1423,1354,3001,3156,3112,3589,4950,5534,2718,338,1448,1553,1568,1588,1566,1546,1707,1882,2284,2666,2916,2618,1817,901,285,53,30933,2777,5
Cameroon,1975,61282,17630,28756,11126,2804,1458,1389,3032,3188,3152,3645,5036,5662,2806,351,1484,1548,1584,1604,1586,1566,1732,1913,2323,2713,2979,2683,1873,933,297,54,31560,2847,6
Cameroon,1976,62498,18114,29470,11356,2874,1498,1426,3054,3200,3170,3679,5100,5770,2885,364,1513,1541,1593,1607,1594,1576,1744,1935,2347,2753,3028,2742,1922,963,307,57,32344,2924,6
Cameroon,1977,63880,18574,30133,11559,2936,1537,1468,3096,3239,3230,3759,5214,5919,2979,371,1550,1546,1615,1624,1624,1606,1779,1980,2400,2814,3103,2816,1984,995,316,55,33069,3005,5
Cameroon,1978,64823,18962,30699,11737,2984,1566,1498,3109,3218,3241,3787,5272,6018,3053,378,1571,1538,1603,1615,1629,1612,1788,1999,2424,2848,3148,2870,2031,1022,324,54,33683,3064,4
Cameroon,1979,65842,19299,31125,11826,3005,1587,1530,3175,3220,3286,3848,5366,6148,3148,398,1608,1567,1595,1625,1649,1637,1815,2033,2467,2899,3210,2938,2090,1058,339,59,34130,3117,4
Cameroon,1980,66420,19532,31362,11830,3005,1597,1551,3210,3193,3295,3880,5432,6250,3231,410,1628,1582,1567,1626,1649,1646,1829,2051,2496,2936,3257,2993,2140,1091,350,60,34367,3148,4
Cameroon,1981,67716,19822,31592,11770,2986,1603,1591,3365,3300,3406,4002,5590,6439,3371,463,1703,1662,1612,1688,1702,1704,1888,2114,2573,3017,3351,3088,2224,1147,381,82,34578,3194,9
Cameroon,1982,68577,19958,31585,11627,2949,1597,1614,3476,3378,3504,4119,5742,6618,3493,487,1754,1722,1642,1736,1744,1760,1945,2174,2645,3097,3440,3178,2299,1194,399,88,34534,3211,12
Cameroon,1983,67520,19512,30897,11385,2891,1572,1584,3361,3253,3452,4111,5765,6667,3522,435,1699,1662,1573,1680,1705,1747,1938,2173,2656,3109,3461,3206,2323,1199,380,55,33788,3156,6
Cameroon,1984,67462,19135,30219,11084,2841,1557,1593,3403,3275,3522,4220,5908,6837,3632,451,1718,1685,1597,1678,1733,1789,1990,2230,2722,3186,3546,3291,2393,1239,394,57,33060,3150,4
Cameroon,1985,67516,18995,29751,10756,2800,1540,1602,3466,3307,3579,4308,6030,6948,3704,476,1745,1721,1634,1673,1759,1820,2031,2277,2778,3252,3605,3343,2435,1269,410,66,32551,3142,3
Cameroon,1986,68762,19083,29680,10597,2889,1623,1692,3639,3416,3701,4455,6206,7133,3821,503,1834,1805,1707,1709,1821,1880,2103,2352,2858,3348,3702,3431,2507,1314,428,75,32569,3315,4
Cameroon,1987,68220,19125,29516,10391,2780,1525,1627,3563,3325,3621,4416,6208,7202,3910,527,1790,1773,1675,1650,1781,1840,2081,2335,2849,3359,3724,3478,2560,1350,445,82,32296,3152,5
Cameroon,1988,69170,19272,29691,10419,2812,1545,1659,3666,3397,3663,4500,6324,7346,4015,550,1839,1827,1725,1672,1800,1863,2122,2378,2899,3425,3793,3553,2623,1392,464,86,32503,3204,6
Cameroon,1989,70755,19569,30209,10640,2879,1592,1711,3813,3533,3730,4614,6475,7506,4119,566,1907,1906,1798,1735,1822,1908,2176,2438,2968,3507,3877,3629,2686,1433,479,87,33088,3303,6
Cameroon,1990,72612,20111,31110,10999,2991,1658,1771,3950,3641,3750,4679,6582,7661,4228,589,1976,1974,1857,1784,1819,1931,2203,2476,3015,3567,3957,3704,2752,1476,497,92,34101,3429,7
Cameroon,1991,74965,20797,32262,11465,3146,1752,1848,4121,3773,3800,4759,6713,7831,4339,609,2063,2058,1931,1842,1832,1968,2235,2524,3074,3639,4046,3785,2820,1519,515,94,35408,3600,8
Cameroon,1992,77095,21517,33478,11961,3283,1834,1908,4252,3870,3814,4797,6805,7971,4447,630,2129,2123,1987,1883,1831,1983,2244,2553,3114,3691,4118,3853,2885,1562,532,98,36761,3742,7
Cameroon,1993,80388,22253,34777,12524,3457,1951,2030,4565,4169,3999,4996,7049,8179,4559,653,2277,2288,2146,2023,1928,2071,2334,2662,3235,3814,4237,3942,2953,1606,551,102,38234,3981,7
Cameroon,1994,83744,22953,35997,13044,3626,2061,2153,4883,4490,4206,5228,7337,8404,4675,680,2426,2457,2314,2176,2056,2150,2441,2787,3378,3959,4365,4039,3023,1652,571,109,39623,4214,8
Cameroon,1995,86368,23522,37021,13499,3776,2159,2265,5126,4725,4331,5365,7523,8581,4791,699,2540,2586,2438,2287,2151,2180,2508,2857,3469,4054,4455,4126,3092,1699,588,111,40797,4424,9
Cameroon,1996,89519,24014,37924,13910,3936,2280,2417,5497,5102,4560,5590,7778,8789,4912,723,2711,2786,2634,2468,2296,2264,2625,2965,3597,4181,4565,4224,3164,1748,608,115,41860,4697,9
Cameroon,1997,91576,24435,38578,14143,4023,2347,2518,5716,5327,4685,5704,7946,8949,5029,750,2814,2902,2750,2577,2386,2299,2687,3017,3680,4266,4642,4307,3233,1796,629,121,42601,4865,9
Cameroon,1998,94199,24972,39315,14343,4107,2428,2642,6023,5665,4909,5871,8174,9134,5151,773,2957,3066,2923,2742,2523,2386,2770,3101,3797,4377,4739,4395,3304,1847,649,124,43422,5070,9
Cameroon,1999,95653,25504,39837,14333,4110,2459,2701,6162,5826,5036,5896,8279,9262,5270,798,3027,3135,3002,2824,2596,2440,2765,3131,3845,4434,4796,4466,3374,1896,670,128,43947,5160,10
Cameroon,2000,97120,25748,40072,14324,4095,2485,2765,6354,6055,5232,5986,8432,9408,5397,826,3124,3230,3115,2940,2702,2530,2786,3200,3916,4516,4871,4537,3451,1946,691,135,44167,5250,10
Cameroon,2001,98397,25802,40091,14289,4057,2499,2823,6553,6296,5446,6097,8593,9559,5521,852,3225,3328,3232,3064,2818,2628,2821,3276,3987,4606,4949,4610,3526,1995,713,139,44148,5322,10
Cameroon,2002,100000,25992,40148,14156,4000,2504,2882,6810,6609,5725,6266,8796,9724,5646,877,3350,3460,3383,3226,2968,2757,2888,3378,4076,4720,5040,4684,3599,2047,734,143,44148,5386,11
Cameroon,2003,100639,26260,40282,14022,3938,2484,2895,6888,6693,5833,6272,8831,9827,5776,910,3397,3491,3418,3275,3025,2808,2894,3378,4075,4756,5085,4742,3675,2101,759,151,44220,5379,12
Cameroon,2004,101666,26480,40402,13922,3892,2464,2923,7021,6855,6015,6344,8933,9962,5903,938,3457,3564,3491,3364,3119,2896,2966,3378,4116,4817,5153,4809,3746,2157,783,155,44294,5387,13
Cameroon,2005,103691,26586,40457,13871,3850,2443,2971,7318,7248,6407,6607,9220,10159,6025,965,3576,3742,3675,3573,3323,3084,3142,3465,4265,4955,5271,4888,3811,2214,805,160,44307,5414,14
Cameroon,2006,103832,26618,40364,13746,3801,2400,2953,7336,7273,6490,6593,9221,10249,6144,992,3574,3762,3676,3597,3361,3129,3172,3421,4270,4951,5306,4943,3875,2269,829,163,44165,5353,14
Cameroon,2007,104828,26646,40286,13640,3802,2393,2990,7515,7453,6696,6697,9310,10389,6263,1019,3643,3872,3760,3693,3465,3231,3261,3436,4322,4988,5379,5010,3939,2324,852,167,44088,5383,14
Cameroon,2008,104882,26587,40083,13496,3773,2339,2942,7486,7452,6776,6744,9313,10510,6392,1059,3612,3874,3753,3699,3497,3279,3310,3434,4321,4992,5436,5074,4008,2384,881,178,43856,5281,15
Cameroon,2009,105234,26529,39800,13271,3747,2308,2923,7540,7544,6920,6882,9312,10632,6511,1095,3628,3912,3799,3745,3563,3357,3386,3496,4293,5019,5490,5142,4073,2438,908,187,43547,5231,16
Cameroon,2010,104956,26210,39186,12976,3721,2282,2887,7516,7563,7003,6992,9273,10740,6639,1133,3610,3906,3813,3750,3595,3408,3443,3549,4236,5037,5526,5214,4145,2494,939,194,42907,5169,18
Cameroon,2011,104589,25716,38291,12575,3667,2255,2856,7527,7644,7136,7130,9284,10848,6762,1172,3604,3923,3863,3781,3654,3482,3520,3610,4207,5077,5562,5286,4215,2547,969,203,41958,5111,19
Cameroon,2012,103316,25056,37086,12030,3540,2181,2761,7381,7625,7193,7240,9272,10933,6880,1205,3517,3864,3857,3768,3668,3525,3579,3661,4172,5100,5576,5357,4281,2599,996,209,40626,4942,20
Cameroon,2013,101983,24397,35876,11479,3435,2129,2678,7206,7560,7211,7338,9251,11029,7010,1241,3420,3786,3823,3737,3660,3551,3627,3711,4162,5089,5594,5435,4356,2654,1024,217,39311,4807,22
Cameroon,2014,101185,23836,34816,10980,3348,2092,2620,7095,7559,7289,7487,9277,11151,7145,1280,3351,3744,3812,3747,3684,3605,3700,3787,4224,5053,5636,5515,4436,2709,1054,226,38164,4712,23
Cameroon,2015,100140,23515,33964,10449,3234,2028,2536,6883,7438,7253,7561,9262,11277,7314,1360,3237,3646,3737,3701,3645,3608,3730,3831,4275,4987,5687,5590,4531,2783,1102,258,37198,4564,31
Cameroon,2016,100667,23286,33322,10036,3138,2002,2520,6900,7644,7496,7860,9424,11458,7463,1403,3217,3683,3819,3825,3753,3743,3879,3981,4407,5017,5790,5668,4619,2844,1135,268,36460,4522,36
Cameroon,2017,100196,22921,32616,9695,3021,1951,2463,6753,7679,7579,8011,9462,11565,7619,1437,3126,3627,3809,3870,3783,3796,3951,4060,4475,4987,5842,5723,4714,2905,1162,275,35637,4414,39
Cameroon,2018,99079,22344,31771,9427,2954,1923,2421,6466,7474,7508,8092,9556,11663,7762,1448,2998,3468,3680,3794,3730,3778,3974,4118,4549,5007,5879,5784,4804,2958,1179,269,34725,4344,36
Cameroon,2019,100040,21925,31148,9223,2898,1920,2444,6520,7724,7815,8453,9900,11784,7915,1481,3009,3511,3786,3938,3883,3932,4150,4303,4732,5168,5909,5875,4894,3021,1206,275,34046,4364,35
Cameroon,2020,104109,21495,30450,8955,2832,1870,2347,6153,7583,8287,9411,11488,13148,8880,1621,2845,3308,3641,3942,4063,4224,4565,4846,5460,6028,6626,6522,5456,3424,1325,296,33282,4217,36
Cameroon,2021,109697,21065,29678,8613,2773,1872,2518,6609,8380,9200,10509,12754,14156,9518,1689,3065,3544,3995,4385,4533,4667,5089,5420,6154,6600,7095,7061,5863,3655,1385,304,32451,4390,36
Canada,1950,53068,6499,7608,1109,453,332,429,1185,1719,2931,4880,8974,12660,9731,2098,543,642,697,1022,1290,1641,2091,2789,3838,5136,6213,6447,5696,4035,1672,426,8061,761,62
Canada,1951,54048,6194,7335,1141,463,284,457,1198,1776,2859,4893,8970,13383,10182,2185,546,652,771,1005,1258,1601,2072,2821,3889,5081,6387,6996,6123,4059,1750,435,7798,741,60
Canada,1952,53336,6690,7892,1202,506,297,345,1096,1741,2876,4860,8779,13067,9679,2140,494,602,767,974,1244,1632,2114,2746,3785,4994,6483,6584,5734,3945,1719,421,8398,642,57
Canada,1953,54218,6574,7664,1090,396,276,313,1029,1595,2843,4921,8989,13627,10213,2284,431,598,669,926,1279,1564,2148,2773,3836,5153,6577,7050,6048,4165,1814,470,8060,589,66
Canada,1954,52633,6283,7251,968,410,224,301,909,1571,2812,4688,8652,13388,10020,2342,376,533,668,903,1271,1541,2059,2629,3673,4979,6423,6965,5865,4155,1867,475,7661,525,70
Canada,1955,53778,6301,7270,969,429,281,313,828,1502,2667,4685,8637,13879,10799,2423,350,478,667,835,1145,1522,1944,2741,3649,4988,6579,7300,6280,4519,1941,482,7699,594,69
Canada,1956,55517,6689,7720,1031,413,262,294,819,1422,2751,4711,8832,14379,11242,2600,334,485,584,838,1186,1565,2009,2702,3818,5014,6759,7620,6695,4547,2066,534,8133,556,71
Canada,1957,56640,6478,7499,1021,436,304,330,900,1455,2883,4904,9084,14516,11573,2682,388,512,643,812,1193,1690,1991,2913,3785,5299,6845,7671,6943,4630,2133,549,7935,634,71
Canada,1958,55872,6121,7063,942,408,272,306,761,1524,2741,4730,8748,14544,11915,2786,327,434,634,890,1193,1548,2011,2719,3671,5077,6759,7785,7018,4897,2188,598,7471,578,74
Canada,1959,58349,5827,6778,951,460,287,309,842,1484,2735,5013,8895,15558,12837,3067,361,481,604,880,1134,1601,2171,2842,3721,5174,7269,8289,7619,5218,2396,671,7238,596,88
Canada,1960,57647,5501,6411,910,429,292,343,742,1436,2861,4907,8921,15302,12898,3027,338,404,550,886,1161,1700,2142,2765,3787,5134,7061,8241,7553,5345,2368,659,6840,635,82
Canada,1961,58021,5399,6245,846,406,273,322,757,1435,2713,4975,8981,15339,13337,3151,340,417,562,873,1100,1613,2231,2744,3714,5267,7053,8286,7829,5508,2469,682,6651,595,90
Canada,1962,59546,5457,6364,907,423,252,374,771,1442,2953,5086,9004,15522,13899,3353,358,413,568,874,1223,1730,2193,2893,3807,5197,7138,8384,8048,5851,2618,735,6787,626,103
Canada,1963,61194,5064,5877,813,469,278,439,788,1389,2935,5198,9266,16015,14845,3574,386,402,540,849,1212,1723,2309,2889,3981,5285,7207,8808,8717,6128,2797,777,6346,717,115
Canada,1964,59781,4603,5419,816,418,290,414,756,1354,2906,5298,9214,15697,14532,3376,384,372,550,804,1226,1680,2360,2938,3971,5243,6957,8740,8482,6050,2653,723,5837,704,108
Canada,1965,61321,4021,4810,789,457,307,428,781,1370,3030,5512,9151,16030,15461,3853,390,391,533,837,1267,1763,2498,3014,3942,5209,7145,8885,8870,6591,3026,827,5267,735,127
Canada,1966,61526,3638,4407,769,479,319,462,781,1404,3106,5535,9403,15715,15737,4048,401,380,559,845,1287,1819,2429,3106,4042,5361,7032,8683,8989,6748,3186,862,4886,781,134
Canada,1967,61758,3417,4131,714,478,339,473,841,1353,3110,5748,9433,15629,15976,4105,426,415,535,818,1331,1779,2503,3245,4103,5330,7039,8590,9141,6835,3243,862,4609,812,136
Canada,1968,63369,3203,3839,636,434,324,488,917,1347,3089,5908,9563,16052,16643,4603,479,438,520,827,1294,1795,2579,3329,4135,5428,7221,8831,9377,7266,3596,1007,4273,812,161
Canada,1969,64083,3016,3633,617,436,335,485,934,1363,3351,5971,9767,16109,16934,4608,491,443,536,827,1322,2029,2538,3433,4236,5531,7131,8978,9498,7436,3597,1011,4069,820,159
Canada,1970,64627,2931,3476,545,424,370,530,983,1400,3247,6091,9935,16079,17230,4703,513,470,586,814,1305,1942,2575,3516,4257,5678,7170,8909,9582,7648,3671,1032,3900,900,160
Canada,1971,65347,2608,3156,548,420,363,576,1032,1373,3176,5942,9933,16058,17902,5244,547,485,562,811,1287,1889,2476,3466,4328,5605,7114,8944,9753,8149,4085,1159,3576,939,174
Canada,1972,67854,2535,3065,530,366,330,638,1072,1418,3213,6294,10449,16733,18398,5679,528,544,583,835,1277,1936,2683,3611,4593,5856,7517,9216,9932,8466,4396,1283,3431,968,192
Canada,1973,68539,2266,2770,504,345,323,665,1146,1387,3155,6470,10515,16753,18786,6004,591,555,582,805,1209,1946,2780,3690,4693,5822,7393,9360,10164,8622,4613,1391,3115,988,218
Canada,1974,70342,2274,2732,458,327,339,655,1179,1384,3143,6363,11047,17118,19403,6423,605,574,609,775,1169,1974,2826,3537,4916,6131,7694,9424,10453,8950,4971,1452,3059,994,231
Canada,1975,70209,2189,2645,456,325,347,618,1189,1398,3223,6336,11206,17272,19077,6338,607,582,611,787,1222,2001,2746,3590,4936,6270,7854,9418,10208,8869,4887,1451,2970,965,241
Canada,1976,70601,2026,2436,410,289,274,594,1085,1410,2945,6246,11270,17286,19680,6814,559,526,625,785,1090,1855,2719,3527,4940,6330,7718,9568,10434,9246,5236,1578,2725,868,272
Canada,1977,70714,2039,2428,389,260,284,600,1129,1385,3012,6504,11240,17224,19409,6952,571,558,617,768,1141,1871,2780,3724,4847,6393,7949,9275,10329,9080,5298,1654,2688,884,285
Canada,1978,71072,1894,2272,378,269,253,547,1161,1407,2725,6491,11442,17450,19633,7132,610,551,633,774,1034,1691,2756,3735,4951,6491,8008,9442,10366,9267,5410,1722,2541,800,293
Canada,1979,71804,1753,2128,375,253,221,641,1200,1509,2774,6556,11474,17507,19734,7487,612,588,662,847,1073,1701,2748,3808,4848,6626,7925,9582,10477,9257,5626,1861,2381,862,319
Canada,1980,73865,1707,2049,342,223,232,560,1197,1482,2708,6443,11634,18464,20428,8073,619,578,663,819,1039,1669,2572,3871,4841,6793,8414,10050,10821,9607,5947,2126,2272,792,371
Canada,1981,74006,1548,1866,318,220,204,518,1138,1428,2676,6419,11941,18230,20697,8278,536,602,642,786,1074,1602,2563,3856,5025,6916,8405,9825,10937,9760,6118,2160,2086,722,389
Canada,1982,76392,1462,1755,293,184,195,459,1061,1470,2589,6342,12063,19219,21721,8884,476,585,637,833,1100,1489,2485,3857,5039,7024,8849,10370,11420,10301,6516,2368,1939,654,446
Canada,1983,76792,1445,1742,297,189,167,412,1005,1451,2554,6067,12065,19695,21812,9138,494,511,631,820,1069,1485,2393,3674,5067,6998,9033,10662,11385,10427,6643,2495,1931,579,497
Canada,1984,77998,1378,1687,309,180,180,353,1005,1425,2497,5960,12143,20016,22203,9790,484,521,614,811,1078,1419,2307,3653,5322,6821,9049,10967,11672,10531,7048,2742,1867,533,564
Canada,1985,80915,1342,1614,272,165,179,408,993,1471,2639,5982,12354,20766,23324,10403,474,519,664,807,1093,1546,2336,3646,5402,6952,9367,11399,12150,11174,7484,2919,1779,587,617
Canada,1986,83264,1320,1610,290,162,158,394,963,1505,2671,5778,12430,21359,24621,10951,449,514,644,861,1108,1563,2328,3450,5333,7097,9680,11679,12905,11716,7871,3080,1772,552,661
Canada,1987,83649,1153,1436,283,163,149,375,940,1423,2689,5835,12654,21237,24786,11239,433,507,620,803,1202,1487,2298,3537,5417,7237,9464,11773,13040,11746,7971,3268,1599,524,723
Canada,1988,86017,1215,1477,262,147,156,333,949,1516,2749,5592,12753,21776,25882,11917,424,525,655,861,1185,1564,2154,3438,5372,7381,9687,12089,13596,12286,8470,3447,1624,489,774
Canada,1989,86807,1256,1521,265,164,157,326,1006,1601,2903,5476,12702,21912,26280,11957,454,552,698,903,1241,1662,2137,3339,5163,7539,9450,12462,13853,12427,8474,3483,1685,483,800
Canada,1990,88089,1256,1493,237,162,165,309,893,1662,2835,5458,12579,22122,27087,12449,381,512,741,921,1231,1604,2171,3287,5004,7575,9513,12609,14241,12846,8772,3677,1655,474,868
Canada,1991,90198,1138,1341,203,157,150,341,917,1619,2988,5405,12772,22708,27724,13152,361,556,680,939,1329,1659,2141,3264,5030,7742,9748,12960,14345,13379,9263,3889,1498,491,928
Canada,1992,90515,1032,1248,216,174,142,319,893,1609,3084,5456,12377,22767,28452,13047,398,495,632,977,1240,1844,2274,3182,5041,7336,9838,12929,14637,13815,9145,3902,1422,461,947
Canada,1993,95480,1058,1260,202,142,143,340,847,1749,3156,5423,12716,23984,30534,14166,380,467,723,1026,1346,1810,2272,3151,5106,7610,10619,13365,15752,14782,9934,4232,1402,483,1021
Canada,1994,97272,1039,1262,223,133,161,295,772,1651,3291,5745,12494,24126,31544,14752,345,427,656,995,1347,1944,2422,3323,4958,7536,10910,13216,16221,15323,10396,4356,1395,456,1048
Canada,1995,99314,1003,1195,192,136,184,318,769,1661,3398,5822,12276,24201,32901,15395,325,444,681,980,1363,2035,2490,3332,4778,7498,10878,13323,16893,16008,10954,4441,1331,502,1058
Canada,1996,101443,878,1084,206,137,133,315,706,1690,3561,5902,12121,24776,33613,16258,314,392,677,1013,1539,2022,2535,3367,4747,7374,10884,13892,17224,16389,11487,4771,1221,448,1142
Canada,1997,103831,836,1041,205,139,152,332,702,1556,3475,5892,11999,25170,34860,17304,309,393,590,966,1449,2026,2530,3362,4745,7254,10790,14380,17632,17228,12204,5100,1180,484,1207
Canada,1998,105138,798,968,170,131,136,309,658,1547,3513,6189,11811,25487,35247,17888,309,349,565,982,1489,2024,2764,3425,4655,7156,10788,14699,17354,17893,12595,5293,1099,445,1247
Canada,1999,105833,777,948,171,114,117,336,690,1518,3497,6310,11558,25347,35843,18304,310,380,521,997,1568,1929,2847,3463,4575,6983,10323,15024,17312,18531,12896,5408,1062,453,1254
Canada,2000,106133,719,848,129,106,138,338,717,1461,3461,6558,11394,25244,36151,18481,359,358,526,935,1456,2005,2995,3563,4603,6791,10332,14912,17272,18879,13125,5356,954,476,1239
Canada,2001,107482,736,883,147,114,123,304,675,1491,3595,6509,11353,24832,36984,19327,322,353,510,981,1466,2129,2917,3592,4525,6828,10194,14638,17812,19172,13676,5651,997,427,1291
Canada,2002,110219,774,924,150,94,138,306,669,1469,3638,6828,11532,24954,38195,20139,349,320,514,955,1437,2201,2929,3899,4864,6668,10037,14917,18619,19576,14200,5939,1018,444,1332
Canada,2003,111222,777,914,137,76,112,282,710,1313,3684,7010,11624,24492,38689,20945,342,368,503,810,1492,2192,3093,3917,5042,6582,9867,14625,18991,19698,14755,6190,990,394,1373
Canada,2004,111899,806,937,131,67,103,267,696,1274,3555,7218,11591,23975,39135,21668,346,350,478,796,1334,2221,3087,4131,5062,6529,9696,14279,19524,19611,15282,6386,1004,370,1414
Canada,2005,113949,820,929,109,77,126,313,711,1259,3755,7334,11660,23960,39937,22433,368,343,495,764,1448,2307,3118,4216,5201,6459,9671,14289,19733,20204,15837,6596,1006,439,1451
Canada,2006,112868,784,904,120,85,113,310,701,1217,3645,7445,11737,23111,39227,22847,338,363,452,765,1393,2252,3257,4188,5182,6555,9235,13876,19093,20134,15980,6867,989,423,1524
Canada,2007,116707,842,957,115,106,112,285,683,1141,3690,7615,12243,22906,41084,24271,327,356,452,689,1314,2376,3264,4351,5454,6789,9326,13580,19340,21744,16879,7392,1063,397,1610
Canada,2008,118049,851,964,113,86,86,283,723,1228,3669,7764,12578,22840,41684,24477,325,398,462,766,1326,2343,3332,4432,5660,6918,9191,13649,19101,22583,16798,7679,1050,369,1660
Canada,2009,117951,871,972,101,70,97,281,732,1244,3583,7725,12754,22145,41810,24767,327,405,514,730,1253,2330,3361,4364,5916,6838,9024,13121,19073,22737,16798,7969,1042,378,1766
Canada,2010,119272,827,947,120,74,89,270,714,1180,3284,7736,13039,22064,41512,26436,347,367,486,694,1161,2123,3350,4386,5896,7143,9027,13037,18571,22941,17880,8556,1021,359,1929
Canada,2011,121201,798,908,110,76,98,269,734,1183,3218,7946,13253,22042,41860,27563,344,390,521,662,1103,2115,3415,4531,5878,7375,9194,12848,18589,23271,18705,8858,984,367,2052
Canada,2012,122100,836,967,131,60,97,280,770,1198,3167,8027,13799,21542,41727,28324,366,404,519,679,1098,2069,3304,4723,6083,7716,9217,12325,18504,23223,19417,8907,1027,377,2142
Canada,2013,125364,838,993,155,72,112,245,762,1182,3013,7995,14070,22411,41662,30458,365,397,513,669,1081,1932,3259,4736,6047,8023,9669,12742,18556,23106,20959,9499,1065,357,2385
Canada,2014,127931,780,907,127,76,101,231,816,1310,2906,8157,14606,22647,42119,31531,333,483,577,733,1104,1802,3284,4873,6422,8184,10045,12602,18490,23629,21711,9820,983,332,2525
Canada,2015,130796,777,893,116,78,99,241,815,1270,2758,8234,15397,23400,42213,32729,376,439,575,695,1091,1667,3314,4920,6687,8710,10430,12970,18711,23502,22385,10344,971,340,2670
Canada,2016,131155,801,924,123,86,106,227,813,1392,2907,8241,15672,24108,41018,32942,364,449,594,798,1116,1791,3292,4949,6709,8963,10812,13296,17897,23121,22104,10838,1010,333,2721
Canada,2017,135575,753,854,101,81,92,242,893,1399,2815,8057,15787,24963,41661,35731,386,507,631,768,1052,1763,3061,4996,6900,8887,11428,13535,17978,23683,23421,12310,935,334,2998
Canada,2018,139327,782,907,125,73,93,231,980,1499,2720,7785,15963,25900,42831,37190,426,554,660,839,1072,1648,2881,4904,6892,9071,11811,14089,18467,24364,23990,13200,980,324,3155
Canada,2019,138655,688,798,110,73,90,240,852,1509,2754,7618,15939,26440,41895,37207,366,486,654,855,1093,1661,2804,4814,6851,9088,12130,14310,18291,23604,23737,13470,871,330,3237
Canada,2020,147886,691,798,107,72,89,222,797,1482,2835,7696,16808,28957,45163,39408,345,452,627,855,1125,1710,2805,4891,7141,9667,13286,15671,19805,25358,25035,14373,870,311,3557
Canada,2021,143785,689,794,105,69,87,192,715,1363,2600,6989,16187,28843,43147,38961,301,414,573,790,1051,1549,2534,4455,6757,9430,13074,15769,19384,23763,24522,14439,863,279,3839
Cape Verde,1950,1857,564,822,258,61,34,37,80,79,97,119,150,230,144,3,40,40,37,42,45,52,56,63,73,77,97,133,110,34,3,0,883,71,0
Cape Verde,1951,1839,551,807,256,64,31,36,80,77,97,124,156,224,141,3,40,40,36,41,45,52,58,66,76,80,96,128,107,34,3,0,871,67,0
Cape Verde,1952,1837,546,799,253,62,32,36,80,76,99,129,165,221,140,3,40,40,36,40,46,53,60,69,79,86,95,126,106,34,3,0,861,68,0
Cape Verde,1953,1841,541,789,248,74,32,34,80,75,99,133,172,217,137,3,40,40,35,40,45,54,62,71,84,88,94,123,103,34,3,0,863,66,0
Cape Verde,1954,1827,536,779,243,65,32,33,78,74,98,137,179,213,134,3,38,40,35,39,44,54,63,74,86,93,94,119,102,32,3,0,844,65,0
Cape Verde,1955,1828,531,770,239,67,32,32,77,74,99,141,190,217,132,3,37,40,35,39,43,56,65,76,91,99,98,119,100,32,3,0,837,64,0
Cape Verde,1956,1833,542,777,235,62,32,31,78,75,98,142,192,215,129,3,38,40,36,39,43,55,65,77,92,100,100,115,97,32,3,0,839,63,0
Cape Verde,1957,1868,553,790,237,60,31,32,79,80,99,146,200,221,129,3,39,40,40,40,43,56,67,79,95,105,105,116,97,32,3,0,850,63,0
Cape Verde,1958,1890,566,809,243,57,31,32,78,80,98,148,202,222,128,3,38,40,40,40,43,55,68,80,97,105,108,114,96,32,3,0,866,63,0
Cape Verde,1959,1928,580,833,253,54,30,32,78,80,98,151,209,230,127,3,38,40,40,40,43,55,69,82,99,110,113,117,95,32,3,0,887,62,0
Cape Verde,1960,1979,594,859,265,56,28,31,83,80,99,156,217,239,126,3,38,45,40,40,43,56,71,85,102,115,117,122,94,32,3,0,915,59,0
Cape Verde,1961,1965,573,839,266,58,26,29,81,81,98,156,220,246,124,3,37,44,41,40,43,55,70,86,104,116,121,125,92,32,3,0,897,55,0
Cape Verde,1962,1983,576,835,259,62,29,30,81,87,98,157,225,256,124,3,37,44,45,42,43,55,70,87,106,119,125,131,92,32,3,0,897,59,0
Cape Verde,1963,2000,579,833,254,66,30,31,80,90,98,156,227,265,125,3,36,44,45,45,44,54,69,87,107,120,129,136,94,31,3,0,899,61,0
Cape Verde,1964,2020,581,831,250,69,31,33,79,90,99,157,231,274,126,3,36,43,45,45,45,54,69,88,109,122,132,142,95,31,3,0,900,64,0
Cape Verde,1965,2040,582,828,246,73,32,34,78,90,99,157,235,283,130,3,36,42,45,45,45,54,68,89,110,125,136,147,99,31,3,0,901,66,0
Cape Verde,1966,2056,582,824,242,71,36,35,78,90,100,158,237,289,134,4,36,42,45,45,46,54,68,90,111,126,138,151,103,31,4,0,895,71,0
Cape Verde,1967,2071,580,819,239,71,36,37,80,90,103,158,244,297,139,4,40,40,45,45,47,56,68,90,115,129,141,156,107,32,4,0,890,73,0
Cape Verde,1968,2076,577,811,234,67,37,39,80,91,105,152,245,303,142,4,40,40,44,47,49,56,67,85,115,130,143,160,110,32,4,0,878,76,0
Cape Verde,1969,2079,574,801,227,65,41,40,82,89,106,153,246,308,146,4,42,40,42,47,50,56,68,85,114,132,145,163,114,32,4,0,866,81,0
Cape Verde,1970,2065,569,788,219,62,40,42,83,85,106,151,244,308,153,4,43,40,40,45,50,56,66,85,112,132,145,163,119,34,4,0,850,82,0
Cape Verde,1971,2044,563,775,212,61,40,43,84,85,104,146,239,311,154,4,44,40,40,45,48,56,65,81,109,130,145,166,120,34,4,0,836,83,0
Cape Verde,1972,2016,550,752,202,58,38,44,84,81,103,144,235,311,161,4,44,40,37,44,48,55,64,80,106,129,145,166,125,36,4,0,810,82,0
Cape Verde,1973,1979,530,722,192,55,37,44,84,79,102,140,232,315,166,4,44,40,36,43,47,55,63,77,104,128,146,169,128,38,4,0,777,81,0
Cape Verde,1974,1938,510,692,182,53,36,45,80,77,101,138,227,316,170,4,40,40,35,42,46,55,62,76,101,126,146,170,131,39,4,0,745,81,0
Cape Verde,1975,1894,491,662,171,51,35,44,79,73,99,134,220,318,177,4,40,39,35,38,46,53,61,73,97,123,146,172,134,43,4,0,713,79,0
Cape Verde,1976,1862,471,630,159,50,35,42,81,73,98,133,215,317,184,4,41,40,35,38,45,53,61,72,95,120,144,173,138,46,4,0,680,77,0
Cape Verde,1977,1808,449,595,146,46,32,41,78,71,95,130,208,318,187,6,40,38,35,36,43,52,59,71,91,117,143,175,140,47,6,0,641,73,0
Cape Verde,1978,1773,431,567,136,45,32,40,75,70,94,128,203,320,195,6,40,35,35,35,42,52,59,69,90,113,142,178,145,50,6,0,612,72,0
Cape Verde,1979,1743,418,547,129,42,31,39,75,68,91,127,197,320,201,7,40,35,34,34,40,51,58,69,86,111,141,179,148,53,7,0,589,70,0
Cape Verde,1980,1743,410,535,125,40,31,39,75,67,90,128,194,324,212,7,40,35,34,33,39,51,59,69,86,108,141,183,155,57,7,0,575,70,0
Cape Verde,1981,1739,411,536,125,38,30,38,76,66,88,127,193,321,218,8,40,36,34,32,37,51,58,69,86,107,138,183,159,59,8,0,574,68,0
Cape Verde,1982,1755,408,533,125,38,30,38,77,65,87,131,194,325,228,10,40,37,33,32,37,50,60,71,87,107,138,187,165,63,10,0,571,68,0
Cape Verde,1983,1765,404,528,124,38,27,36,78,66,85,135,193,329,239,10,40,38,33,33,35,50,62,73,87,106,137,192,172,67,10,0,566,63,0
Cape Verde,1984,1769,401,526,125,39,29,36,79,65,82,137,192,325,244,12,40,39,32,33,33,49,63,74,88,104,135,190,175,69,12,0,565,65,0
Cape Verde,1985,1750,388,504,116,36,26,34,79,65,79,140,193,327,252,12,40,39,33,32,32,47,64,76,90,103,135,192,180,72,12,0,540,60,0
Cape Verde,1986,1701,372,481,109,35,25,32,78,63,75,138,190,317,256,12,39,39,33,30,31,44,62,76,89,101,130,187,180,76,12,0,516,57,0
Cape Verde,1987,1647,355,456,101,33,23,30,74,63,71,135,186,307,257,13,37,37,33,30,30,41,60,75,89,97,125,182,180,77,13,0,489,53,0
Cape Verde,1988,1590,336,430,94,32,21,28,69,62,66,133,185,295,255,14,34,35,32,30,29,37,58,75,89,96,120,175,178,77,14,0,462,49,0
Cape Verde,1989,1564,317,403,86,31,20,27,68,62,64,130,186,292,262,15,33,35,33,29,28,36,55,75,90,96,118,174,180,82,15,0,434,47,0
Cape Verde,1990,1510,303,384,81,29,20,24,65,60,59,125,184,281,260,16,30,35,32,28,25,34,52,73,89,95,113,168,177,83,16,0,413,44,0
Cape Verde,1991,1508,296,375,79,29,20,24,65,63,57,124,188,280,265,18,30,35,34,29,25,32,50,74,91,97,113,167,178,87,17,1,404,44,0
Cape Verde,1992,1519,294,373,79,29,20,24,63,66,60,118,193,280,272,19,29,34,35,31,28,32,46,72,93,100,113,167,181,91,18,1,402,44,0
Cape Verde,1993,1534,294,373,79,28,21,25,63,68,60,115,200,283,279,20,29,34,35,33,29,31,45,70,95,105,116,167,183,96,19,1,401,46,0
Cape Verde,1994,1552,293,374,81,29,22,25,64,70,61,110,207,285,282,22,30,34,35,35,30,31,42,68,98,109,118,167,184,98,21,1,403,47,0
Cape Verde,1995,1651,296,399,103,42,31,35,75,83,68,110,214,287,284,23,35,40,43,40,34,34,42,68,100,114,122,165,184,100,22,1,441,66,0
Cape Verde,1996,1503,273,347,74,25,21,25,60,70,63,98,204,280,280,25,28,32,35,35,32,31,38,60,94,110,120,160,180,100,24,1,372,46,0
Cape Verde,1997,1435,254,321,67,24,20,25,55,69,62,89,197,272,270,26,25,30,34,35,32,30,35,54,88,109,117,155,173,97,25,1,345,45,0
Cape Verde,1998,1412,232,290,58,23,20,25,55,68,65,86,195,279,274,29,25,30,33,35,34,31,35,51,86,109,122,157,173,101,27,2,313,45,0
Cape Verde,1999,1367,208,258,50,23,20,24,54,67,66,82,189,279,272,29,25,29,32,35,35,31,35,47,81,108,123,156,172,100,27,2,281,44,0
Cape Verde,2000,1237,186,229,43,18,16,22,50,63,63,71,167,261,249,28,25,25,28,35,33,30,30,41,69,98,115,146,156,93,26,2,247,38,0
Cape Verde,2001,1178,166,203,37,17,15,19,43,56,60,66,155,254,254,31,20,23,26,30,30,30,30,36,62,93,111,143,156,98,29,2,220,34,0
Cape Verde,2002,1148,151,184,33,16,15,18,40,53,60,62,145,258,262,38,20,20,24,29,30,30,29,33,57,88,111,147,157,105,35,3,200,33,0
Cape Verde,2003,1131,139,168,29,14,12,16,40,50,60,60,135,257,273,47,20,20,22,28,30,30,29,31,51,84,109,148,161,112,43,4,182,28,0
Cape Verde,2004,1114,132,159,27,11,10,15,39,46,60,58,122,257,284,58,19,20,20,26,30,30,28,30,45,77,107,150,164,120,52,6,170,25,0
Cape Verde,2005,1148,128,154,26,11,10,14,37,44,59,59,114,265,308,77,17,20,20,24,29,30,30,29,41,73,107,158,176,132,66,11,165,24,0
Cape Verde,2006,1243,125,149,24,10,10,15,37,44,63,63,113,284,348,107,17,20,20,24,29,34,33,30,41,72,112,172,199,149,85,22,159,25,0
Cape Verde,2007,1219,123,148,25,10,10,13,30,37,58,61,100,271,353,129,15,15,16,21,27,31,31,30,37,63,105,166,201,152,97,32,158,23,1
Cape Verde,2008,1421,121,144,23,10,10,15,36,42,64,73,102,312,430,181,16,20,20,22,28,36,38,35,39,63,118,194,244,186,129,52,154,25,4
Cape Verde,2009,1360,118,141,23,10,9,13,30,34,58,68,88,280,421,197,15,15,15,19,25,33,35,33,36,52,103,177,237,184,132,65,151,22,7
Cape Verde,2010,1431,109,131,22,6,7,12,30,33,55,70,86,283,461,239,15,15,15,18,23,32,35,35,36,50,100,183,256,205,149,90,137,19,14
Cape Verde,2011,1362,107,129,22,8,6,11,30,31,52,70,81,262,454,208,15,15,15,16,22,30,35,35,35,46,88,174,249,205,132,76,137,17,17
Cape Verde,2012,1457,97,116,19,6,6,12,30,33,56,83,88,279,509,213,15,15,15,18,23,33,40,43,40,48,89,190,276,233,139,74,122,18,19
Cape Verde,2013,1305,89,107,18,6,5,10,30,30,50,76,81,243,468,185,15,15,15,15,21,29,36,40,39,42,74,169,249,219,124,61,113,15,18
Cape Verde,2014,1317,84,99,15,6,5,9,30,30,48,79,86,235,487,183,15,15,15,15,19,29,37,42,43,43,68,167,256,231,127,56,105,14,18
Cape Verde,2015,1423,78,93,15,9,5,10,30,38,52,88,98,244,540,199,15,15,18,20,21,31,40,48,50,48,71,173,280,260,143,56,102,15,18
Cape Verde,2016,1324,73,87,14,5,5,9,29,30,46,83,96,214,511,192,14,15,15,15,19,27,37,46,50,46,63,151,263,248,141,51,92,14,15
Cape Verde,2017,1269,68,80,12,5,5,8,27,30,43,80,97,190,495,191,12,15,15,15,18,25,35,45,50,47,57,133,252,243,143,48,85,13,14
Cape Verde,2018,1407,61,72,11,5,5,8,28,37,47,90,115,202,557,222,13,15,17,20,20,27,39,51,59,56,64,138,280,277,169,53,77,13,14
Cape Verde,2019,1386,57,68,11,5,5,8,27,36,46,89,122,188,546,228,12,15,16,20,20,26,38,51,62,60,63,125,269,277,174,54,73,13,13
Cape Verde,2020,1533,54,65,11,5,5,6,25,36,49,103,161,218,596,251,10,15,16,20,21,28,42,61,78,83,82,136,286,310,192,59,70,11,12
Cape Verde,2021,1644,51,60,9,5,5,8,26,39,55,112,190,236,627,266,11,15,17,22,25,30,46,66,91,99,93,143,291,336,203,63,65,13,12
Cayman Islands,1950,55,10,13,3,0,0,0,0,0,0,10,10,10,3,0,0,0,0,0,0,0,5,5,5,5,5,5,3,0,0,0,13,0,0
Cayman Islands,1951,50,9,12,3,0,0,0,0,0,0,9,10,9,0,0,0,0,0,0,0,0,4,5,5,5,5,4,0,0,0,0,12,0,0
Cayman Islands,1952,63,10,13,3,0,0,0,0,0,0,9,10,10,9,0,0,0,0,0,0,0,4,5,5,5,5,5,5,4,0,0,13,0,0
Cayman Islands,1953,68,10,14,4,0,0,0,0,0,0,9,10,10,10,1,0,0,0,0,0,0,4,5,5,5,5,5,5,5,1,0,14,0,0
Cayman Islands,1954,68,10,14,4,0,0,0,0,0,0,8,10,10,10,2,0,0,0,0,0,0,3,5,5,5,5,5,5,5,2,0,14,0,0
Cayman Islands,1955,74,9,13,4,0,0,0,0,0,0,7,10,18,14,3,0,0,0,0,0,0,2,5,5,5,10,8,9,5,3,0,13,0,0
Cayman Islands,1956,73,9,13,4,0,0,0,0,0,0,7,10,18,14,3,0,0,0,0,0,0,2,5,5,5,10,8,9,5,3,0,13,0,0
Cayman Islands,1957,72,9,13,4,0,0,0,0,0,0,6,10,16,15,2,0,0,0,0,0,0,1,5,5,5,9,7,10,5,2,0,13,0,0
Cayman Islands,1958,70,8,11,3,0,0,0,0,0,0,5,10,16,14,2,0,0,0,0,0,0,0,5,5,5,8,8,9,5,2,0,11,0,0
Cayman Islands,1959,69,8,11,3,0,0,0,0,0,0,5,10,17,14,2,0,0,0,0,0,0,0,5,5,5,8,9,8,6,2,0,11,0,0
Cayman Islands,1960,68,8,11,3,0,0,0,0,0,0,5,10,16,14,1,0,0,0,0,0,0,1,4,5,5,7,9,7,7,1,0,11,0,0
Cayman Islands,1961,66,8,11,3,0,0,0,0,0,0,6,10,15,12,1,0,0,0,0,0,0,2,4,5,5,6,9,5,7,1,0,11,0,0
Cayman Islands,1962,64,8,11,3,0,0,0,0,0,0,8,10,15,10,1,0,0,0,0,0,0,3,5,5,5,5,10,5,5,1,0,11,0,0
Cayman Islands,1963,62,8,11,3,0,0,0,0,0,0,7,10,14,11,1,0,0,0,0,0,0,2,5,5,5,5,9,6,5,1,0,11,0,0
Cayman Islands,1964,61,7,10,3,0,0,0,0,0,0,6,10,13,12,2,0,0,0,0,0,0,1,5,5,5,5,8,7,5,2,0,10,0,0
Cayman Islands,1965,59,6,8,2,0,0,0,0,0,0,5,10,13,13,2,0,0,0,0,0,0,0,5,5,5,5,8,8,5,2,0,8,0,0
Cayman Islands,1966,59,7,9,2,0,0,0,0,0,0,5,10,12,14,3,0,0,0,0,0,0,0,5,5,5,5,7,9,5,3,0,9,0,0
Cayman Islands,1967,59,6,8,2,0,0,0,0,0,0,4,10,12,15,2,0,0,0,0,0,0,0,4,5,5,5,7,10,5,2,0,8,0,0
Cayman Islands,1968,60,6,8,2,0,0,0,0,0,0,4,10,11,17,0,0,0,0,0,0,0,0,4,5,5,5,6,10,7,0,0,8,0,0
Cayman Islands,1969,60,6,8,2,0,0,0,0,0,0,3,10,11,18,1,0,0,0,0,0,0,0,3,5,5,5,6,10,8,1,0,8,0,0
Cayman Islands,1970,63,7,9,2,0,0,0,0,0,0,3,10,11,19,2,0,0,0,0,0,0,0,3,5,5,5,6,10,9,2,0,9,0,0
Cayman Islands,1971,62,6,7,1,0,0,0,0,0,0,3,10,11,17,2,0,0,0,0,0,0,0,3,5,5,5,6,9,8,2,0,7,0,0
Cayman Islands,1972,65,8,9,1,0,0,0,0,0,0,3,10,12,17,3,0,0,0,0,0,0,0,3,5,5,5,7,9,8,3,0,9,0,0
Cayman Islands,1973,63,6,7,1,0,0,0,0,0,0,4,10,13,15,4,0,0,0,0,0,0,0,4,5,5,5,8,10,5,4,0,7,0,0
Cayman Islands,1974,62,5,6,1,0,0,0,0,0,0,4,10,13,15,4,0,0,0,0,0,0,0,4,5,5,7,6,10,5,4,0,6,0,0
Cayman Islands,1975,62,5,5,0,0,0,0,0,0,0,3,10,13,16,4,0,0,0,0,0,0,0,3,5,5,7,6,10,6,4,0,5,0,0
Cayman Islands,1976,61,4,4,0,0,0,0,0,0,0,3,10,13,16,4,0,0,0,0,0,0,0,3,5,5,6,7,9,7,4,0,4,0,0
Cayman Islands,1977,60,3,3,0,0,0,0,0,0,0,3,10,13,16,3,0,0,0,0,0,0,0,3,5,5,5,8,8,8,3,0,3,0,0
Cayman Islands,1978,60,3,3,0,0,0,0,0,0,0,5,10,14,16,3,0,0,0,0,0,0,0,5,5,5,5,9,7,9,3,0,3,0,0
Cayman Islands,1979,61,3,3,0,0,0,0,0,0,0,5,10,15,16,3,0,0,0,0,0,0,0,5,5,5,6,9,6,10,3,0,3,0,0
Cayman Islands,1980,62,3,3,0,0,0,0,0,0,0,5,10,16,16,4,0,0,0,0,0,0,0,5,5,5,7,9,6,10,4,0,3,0,0
Cayman Islands,1981,63,3,3,0,0,0,0,0,0,0,6,10,17,13,4,0,0,0,0,0,0,1,5,5,5,7,10,7,6,4,0,3,0,0
Cayman Islands,1982,63,3,3,0,0,0,0,0,0,0,7,10,17,13,4,0,0,0,0,0,0,2,5,5,5,7,10,8,5,4,0,3,0,0
Cayman Islands,1983,64,3,3,0,0,0,0,0,0,0,7,10,19,14,5,0,0,0,0,0,0,2,5,5,5,9,10,9,5,5,0,3,0,0
Cayman Islands,1984,65,3,3,0,0,0,0,0,0,0,7,10,20,15,6,0,0,0,0,0,0,2,5,5,5,10,10,10,5,5,1,3,0,0
Cayman Islands,1985,66,3,3,0,0,0,0,0,0,0,7,10,19,17,6,0,0,0,0,0,0,2,5,5,5,9,10,10,7,5,1,3,0,0
Cayman Islands,1986,68,3,3,0,0,0,0,0,0,0,7,10,19,18,5,0,0,0,0,0,0,2,5,5,5,9,10,10,8,5,0,3,0,0
Cayman Islands,1987,71,3,3,0,0,0,0,0,0,0,8,10,18,20,5,0,0,0,0,0,0,3,5,5,5,8,10,10,10,5,0,3,0,0
Cayman Islands,1988,74,3,3,0,0,0,0,0,0,0,9,10,18,21,5,0,0,0,0,0,0,4,5,5,5,8,10,10,11,5,0,3,0,0
Cayman Islands,1989,77,3,3,0,0,0,0,0,0,1,10,10,18,25,6,0,0,0,0,0,1,5,5,5,5,8,10,12,13,6,0,3,0,0
Cayman Islands,1990,81,3,3,0,0,0,0,0,0,0,10,10,17,26,7,0,0,0,0,0,0,5,5,5,5,7,10,13,13,7,0,3,0,0
Cayman Islands,1991,82,3,3,0,0,0,0,0,0,1,10,10,19,23,8,0,0,0,0,0,1,5,5,5,5,7,12,13,10,7,1,3,0,0
Cayman Islands,1992,84,3,3,0,0,0,0,0,0,7,10,10,18,23,8,0,0,0,0,2,5,5,5,5,5,6,12,13,10,8,0,3,0,0
Cayman Islands,1993,85,3,3,0,0,0,0,0,1,10,10,10,17,23,8,0,0,0,1,5,5,5,5,5,5,6,11,13,10,8,0,3,0,0
Cayman Islands,1994,87,3,3,0,0,0,0,0,2,10,10,10,20,26,8,0,0,0,2,5,5,5,5,5,5,9,11,15,11,7,1,3,0,0
Cayman Islands,1995,89,3,3,0,0,0,0,0,2,10,10,10,19,27,7,0,0,0,2,5,5,5,5,5,5,9,10,15,12,5,2,3,0,0
Cayman Islands,1996,91,3,3,0,0,0,0,0,4,10,10,10,18,26,7,0,0,0,4,5,5,5,5,5,5,8,10,14,12,5,2,3,0,0
Cayman Islands,1997,94,3,3,0,0,0,0,0,5,10,10,10,18,26,8,0,0,0,5,5,5,5,5,5,5,8,10,13,13,6,2,3,0,0
Cayman Islands,1998,96,3,3,0,0,0,0,0,6,10,10,12,20,28,10,0,0,1,5,5,5,5,5,5,7,10,10,14,14,7,3,3,0,0
Cayman Islands,1999,100,3,3,0,0,0,0,0,8,10,10,13,20,28,10,0,0,3,5,5,5,5,5,5,8,10,10,13,15,7,3,3,0,0
Cayman Islands,2000,104,3,3,0,0,0,0,0,9,10,10,13,20,27,7,0,0,4,5,5,5,5,5,5,8,10,10,12,15,7,0,3,0,0
Cayman Islands,2001,107,3,3,0,0,0,0,0,9,10,10,14,22,27,9,0,0,4,5,5,5,5,5,5,9,10,12,12,15,8,1,3,0,0
Cayman Islands,2002,108,3,3,0,0,0,0,0,9,10,10,14,22,26,9,0,0,4,5,5,5,5,5,5,9,10,12,13,13,8,1,3,0,0
Cayman Islands,2003,108,3,3,0,0,0,0,0,8,10,10,13,21,25,11,0,0,3,5,5,5,5,5,5,8,10,11,13,12,9,2,3,0,0
Cayman Islands,2004,110,3,3,0,0,0,0,0,7,10,10,13,22,26,11,0,0,2,5,5,5,5,5,5,8,10,12,14,12,9,2,3,0,0
Cayman Islands,2005,109,3,3,0,0,0,0,0,6,10,10,12,25,27,11,0,0,1,5,5,5,5,5,5,7,10,15,15,12,9,2,3,0,0
Cayman Islands,2006,112,4,4,0,0,0,0,0,5,10,10,12,25,30,11,0,0,0,5,5,5,5,5,5,7,10,15,15,15,8,3,4,0,0
Cayman Islands,2007,111,3,3,0,0,0,0,0,5,10,10,12,24,28,12,0,0,0,5,5,5,5,5,5,7,10,14,15,13,9,3,3,0,0
Cayman Islands,2008,114,3,3,0,0,0,0,0,4,10,10,12,24,27,13,0,0,0,4,5,5,5,5,5,7,10,14,15,12,10,3,3,0,0
Cayman Islands,2009,120,3,3,0,0,0,0,0,5,10,15,13,24,29,13,0,0,0,5,5,5,5,10,6,7,10,14,15,14,10,3,3,0,0
Cayman Islands,2010,120,2,2,0,0,0,0,0,5,10,17,15,22,28,14,0,0,0,5,5,5,7,10,7,8,10,12,15,13,10,4,2,0,0
Cayman Islands,2011,135,3,3,0,0,0,0,0,6,12,20,20,22,36,16,0,0,1,5,5,7,10,10,10,10,10,12,18,18,10,6,3,0,0
Cayman Islands,2012,140,3,3,0,0,0,0,0,8,12,20,20,24,37,15,0,0,3,5,5,7,10,10,10,10,10,14,18,19,10,5,3,0,1
Cayman Islands,2013,146,3,3,0,0,0,0,0,8,13,20,20,26,34,17,0,0,3,5,5,8,10,10,10,10,11,15,18,16,11,6,3,0,1
Cayman Islands,2014,151,3,3,0,0,0,0,0,9,15,20,20,27,34,15,0,0,4,5,5,10,10,10,10,10,12,15,18,16,10,5,3,0,1
Cayman Islands,2015,156,2,2,0,0,0,0,0,9,16,21,28,29,34,16,0,0,4,5,6,10,10,11,15,13,14,15,17,17,11,5,2,0,1
Cayman Islands,2016,161,2,2,0,0,0,0,0,9,16,25,30,30,34,16,0,0,4,5,6,10,10,15,15,15,15,15,17,17,11,5,2,0,1
Cayman Islands,2017,166,2,2,0,0,0,0,0,9,15,26,30,32,37,15,0,0,4,5,5,10,11,15,15,15,15,17,19,18,11,4,2,0,1
Cayman Islands,2018,172,2,2,0,0,0,0,0,9,15,26,30,33,36,14,0,0,4,5,5,10,11,15,15,15,15,18,19,17,11,3,2,0,1
Cayman Islands,2019,177,2,2,0,0,0,0,0,9,15,27,30,37,36,14,0,0,4,5,5,10,12,15,15,15,17,20,20,16,11,3,2,0,1
Cayman Islands,2020,183,2,2,0,0,0,0,0,9,15,28,31,40,37,14,0,0,4,5,5,10,13,15,15,16,20,20,20,17,11,3,2,0,1
Cayman Islands,2021,189,2,2,0,0,0,0,0,10,15,28,34,40,37,16,0,0,5,5,5,10,13,15,15,19,20,20,20,17,12,4,2,0,1
Central African Republic,1950,20742,5688,9117,3429,845,459,468,1159,1191,1206,1398,2033,2091,726,50,559,600,586,605,606,600,681,717,916,1117,1157,934,527,199,45,5,9962,927,1
Central African Republic,1951,20930,5759,9312,3553,855,461,470,1166,1194,1205,1404,1996,2075,740,49,561,605,590,604,606,599,682,722,899,1097,1145,930,535,205,45,4,10167,931,1
Central African Republic,1952,20928,5771,9383,3612,855,459,468,1165,1187,1201,1401,1945,2055,755,50,559,606,591,596,604,597,675,726,876,1069,1132,923,545,210,45,5,10238,927,1
Central African Republic,1953,20906,5779,9430,3651,855,457,468,1162,1186,1192,1399,1899,2038,767,52,557,605,595,591,599,593,666,733,859,1040,1120,918,555,212,46,6,10285,925,0
Central African Republic,1954,20871,5788,9448,3660,865,459,466,1159,1184,1187,1396,1858,2016,777,56,555,604,599,585,595,592,658,738,846,1012,1105,911,560,217,50,6,10313,925,0
Central African Republic,1955,20843,5804,9456,3652,883,458,465,1155,1186,1181,1390,1828,1994,787,57,553,602,602,584,592,589,651,739,839,989,1089,905,563,224,51,6,10339,923,0
Central African Republic,1956,20819,5821,9464,3643,899,462,464,1154,1188,1174,1384,1809,1970,797,61,552,602,604,584,587,587,647,737,841,968,1070,900,567,230,54,7,10363,926,0
Central African Republic,1957,20806,5843,9478,3635,910,463,463,1148,1192,1165,1376,1798,1945,802,63,549,599,605,587,581,584,645,731,849,949,1048,897,566,236,56,7,10388,926,0
Central African Republic,1958,20794,5860,9490,3630,922,466,463,1147,1196,1159,1366,1794,1921,809,63,549,598,605,591,575,584,644,722,860,934,1026,895,567,242,56,7,10412,929,1
Central African Republic,1959,20790,5881,9505,3624,928,469,463,1143,1199,1151,1357,1794,1895,815,66,547,596,604,595,572,579,643,714,869,925,1006,889,568,247,59,7,10433,932,1
Central African Republic,1960,20726,5882,9473,3591,924,476,464,1139,1201,1146,1350,1795,1870,817,68,546,593,603,598,570,576,641,709,872,923,989,881,568,249,61,7,10397,940,1
Central African Republic,1961,20679,5891,9450,3559,917,482,466,1135,1201,1144,1347,1799,1846,822,71,543,592,601,600,571,573,641,706,871,928,974,872,569,253,63,8,10367,948,1
Central African Republic,1962,20635,5904,9430,3526,908,487,468,1129,1199,1141,1343,1806,1817,827,73,541,588,599,600,574,567,638,705,865,941,958,859,573,254,65,8,10338,955,1
Central African Republic,1963,20620,5926,9434,3508,903,492,468,1124,1197,1141,1342,1812,1798,831,79,539,585,596,601,578,563,637,705,857,955,949,849,574,257,69,10,10337,960,1
Central African Republic,1964,20572,5943,9412,3469,894,493,468,1121,1192,1142,1338,1817,1781,833,80,538,583,592,600,582,560,634,704,850,967,944,837,575,258,70,10,10306,961,1
Central African Republic,1965,20543,5972,9411,3439,883,490,474,1115,1185,1141,1333,1816,1775,838,82,537,578,589,596,583,558,629,704,842,974,947,828,575,263,71,11,10294,964,1
Central African Republic,1966,20534,6016,9432,3416,875,485,480,1109,1177,1142,1324,1811,1778,837,84,536,573,584,593,584,558,624,700,837,974,958,820,572,265,73,11,10307,965,1
Central African Republic,1967,20502,6049,9440,3391,866,481,485,1102,1166,1139,1310,1800,1788,837,87,535,567,578,588,582,557,615,695,833,967,973,815,568,269,75,12,10306,966,1
Central African Republic,1968,20488,6089,9461,3372,859,476,490,1093,1152,1138,1298,1788,1804,837,88,532,561,571,581,578,560,608,690,831,957,993,811,566,271,76,12,10320,966,1
Central African Republic,1969,20425,6093,9453,3360,853,471,492,1088,1137,1131,1281,1771,1822,837,88,532,556,564,573,573,558,599,682,825,946,1009,813,562,275,76,12,10306,963,1
Central African Republic,1970,20352,6069,9416,3347,850,468,488,1085,1122,1124,1270,1762,1841,837,91,535,550,556,566,567,557,594,676,821,941,1020,821,562,275,79,12,10266,956,1
Central African Republic,1971,20245,6048,9370,3322,850,465,485,1078,1099,1113,1256,1753,1855,832,91,535,543,544,555,558,555,590,666,817,936,1021,834,557,275,79,12,10220,950,1
Central African Republic,1972,20097,6006,9290,3284,850,462,480,1069,1075,1097,1244,1744,1868,823,90,535,534,532,543,549,548,587,657,810,934,1017,851,551,272,79,11,10140,942,1
Central African Republic,1973,19948,5953,9204,3251,856,462,477,1058,1049,1080,1233,1734,1879,821,90,536,522,518,531,539,541,587,646,803,931,1009,870,551,270,79,11,10060,939,1
Central African Republic,1974,19814,5916,9120,3204,858,461,472,1047,1023,1061,1224,1732,1896,827,90,532,515,506,517,526,535,585,639,798,934,1007,889,557,270,80,10,9978,933,1
Central African Republic,1975,19712,5886,9057,3171,863,464,471,1039,1002,1044,1216,1723,1906,835,90,526,513,496,506,516,528,583,633,791,932,1005,901,565,270,80,10,9920,935,0
Central African Republic,1976,19669,5901,9032,3131,863,466,470,1033,982,1028,1212,1716,1922,851,91,522,511,487,495,507,521,581,631,785,931,1010,912,580,271,81,10,9895,936,0
Central African Republic,1977,19518,5934,9001,3067,851,463,469,1031,955,986,1169,1654,1912,914,110,518,513,477,478,487,499,559,610,750,904,994,918,614,300,95,15,9852,932,1
Central African Republic,1978,19409,5982,9014,3032,836,461,468,1038,930,948,1125,1590,1895,969,128,518,520,467,463,469,479,534,591,713,877,975,920,643,326,108,20,9850,929,2
Central African Republic,1979,19315,6042,9061,3019,819,460,468,1043,916,911,1082,1519,1871,1023,148,519,524,464,452,451,460,512,570,676,843,952,919,669,354,122,26,9880,928,3
Central African Republic,1980,19263,6101,9125,3024,803,455,470,1045,907,875,1039,1453,1845,1071,165,520,525,465,442,434,441,488,551,644,809,926,919,692,379,136,29,9928,925,4
Central African Republic,1981,19245,6170,9213,3043,790,453,471,1052,911,847,997,1389,1819,1117,184,523,529,473,438,422,425,467,530,616,773,902,917,711,406,150,34,10003,924,5
Central African Republic,1982,19242,6231,9299,3068,784,450,472,1062,918,821,958,1326,1789,1156,201,528,534,483,435,411,410,449,509,593,733,877,912,725,431,162,39,10083,922,5
Central African Republic,1983,19272,6295,9397,3102,786,446,477,1075,931,800,917,1267,1756,1195,219,534,541,497,434,404,396,430,487,573,694,851,905,738,457,177,42,10183,923,6
Central African Republic,1984,19337,6371,9506,3135,794,444,481,1094,953,785,881,1211,1717,1229,236,541,553,514,439,400,385,415,466,555,656,822,895,750,479,190,46,10300,925,7
Central African Republic,1985,19398,6456,9627,3171,807,439,486,1121,981,776,846,1158,1656,1242,249,553,568,528,453,399,377,401,445,536,622,785,871,748,494,200,49,10434,925,7
Central African Republic,1986,19491,6540,9743,3203,821,437,493,1150,1019,779,819,1110,1593,1256,262,566,584,545,474,406,373,390,429,516,594,745,848,749,507,212,50,10564,930,8
Central African Republic,1987,19618,6637,9879,3242,836,438,497,1187,1071,785,792,1063,1523,1261,279,582,605,570,501,415,370,379,413,495,568,700,823,744,517,223,56,10715,935,8
Central African Republic,1988,19771,6718,10012,3294,853,444,503,1235,1133,797,767,1023,1445,1263,292,602,633,598,535,426,371,371,396,473,550,651,794,738,525,233,59,10865,947,9
Central African Republic,1989,20100,6840,10214,3374,881,457,511,1292,1212,836,767,1005,1378,1242,296,625,667,635,577,452,384,374,393,462,543,615,763,721,521,237,59,11095,968,9
Central African Republic,1990,20749,7024,10506,3482,921,483,526,1362,1321,928,824,1048,1340,1194,288,654,708,689,632,507,421,404,420,485,563,610,730,697,497,229,59,11427,1009,9
Central African Republic,1991,21437,7202,10782,3580,959,510,540,1442,1441,1037,883,1095,1310,1150,279,687,755,747,694,572,465,438,445,512,583,613,697,673,477,222,57,11741,1050,8
Central African Republic,1992,22206,7347,11012,3665,999,543,565,1536,1585,1168,962,1153,1292,1112,271,724,812,817,768,650,518,483,479,545,608,629,663,652,460,215,56,12011,1108,8
Central African Republic,1993,23010,7480,11212,3732,1031,571,595,1635,1743,1320,1052,1216,1282,1080,266,762,873,892,851,742,578,533,519,582,634,649,633,632,448,210,56,12243,1166,8
Central African Republic,1994,23943,7619,11413,3794,1062,604,634,1749,1928,1500,1162,1291,1287,1047,259,803,946,980,948,844,656,595,567,625,666,674,613,609,438,204,55,12475,1238,8
Central African Republic,1995,24976,7805,11659,3854,1088,632,680,1869,2130,1696,1281,1365,1297,1012,255,847,1022,1074,1056,946,750,662,619,667,698,693,604,583,429,200,55,12747,1312,8
Central African Republic,1996,25954,7951,11870,3919,1107,658,724,1984,2335,1905,1408,1438,1307,962,244,888,1096,1170,1165,1051,854,736,672,708,730,708,599,551,411,191,53,12977,1382,8
Central African Republic,1997,27065,8062,12060,3998,1135,691,780,2120,2560,2141,1554,1525,1328,924,238,942,1178,1272,1288,1168,973,818,736,757,768,724,604,523,401,186,52,13195,1471,8
Central African Republic,1998,28125,8175,12223,4048,1146,716,829,2249,2784,2384,1702,1608,1352,889,232,1001,1248,1377,1407,1284,1100,900,802,805,803,738,614,498,391,182,50,13369,1545,8
Central African Republic,1999,29244,8321,12414,4093,1162,741,883,2388,3003,2631,1864,1690,1374,859,227,1070,1318,1479,1524,1405,1226,993,871,853,837,750,624,479,380,179,48,13576,1624,8
Central African Republic,2000,30567,8499,12694,4195,1206,781,947,2553,3222,2867,2053,1775,1398,840,226,1161,1392,1581,1641,1526,1341,1106,947,906,869,766,632,471,369,178,48,13900,1728,8
Central African Republic,2001,31446,8591,12817,4226,1215,797,990,2674,3370,3052,2223,1846,1409,825,224,1236,1438,1648,1722,1618,1434,1211,1012,952,894,776,633,468,357,176,48,14032,1787,7
Central African Republic,2002,31865,8631,12865,4234,1209,791,1006,2735,3440,3167,2353,1888,1407,788,210,1277,1458,1674,1766,1675,1492,1296,1057,985,903,783,624,462,326,164,46,14074,1797,7
Central African Republic,2003,32469,8775,13029,4254,1216,800,1036,2820,3478,3257,2482,1942,1410,784,208,1331,1489,1683,1795,1713,1544,1380,1102,1021,921,788,622,469,315,163,45,14245,1836,7
Central African Republic,2004,32764,8874,13154,4280,1229,807,1054,2858,3437,3288,2576,1979,1403,775,198,1359,1499,1652,1785,1719,1569,1433,1143,1048,931,786,617,471,304,156,42,14383,1861,6
Central African Republic,2005,32870,8969,13256,4287,1233,813,1063,2876,3349,3270,2642,2011,1396,770,188,1370,1506,1599,1750,1697,1573,1452,1190,1072,939,783,613,471,299,149,39,14489,1876,5
Central African Republic,2006,32902,9069,13348,4279,1233,813,1064,2888,3240,3231,2700,2041,1394,769,178,1377,1511,1541,1699,1665,1566,1464,1236,1092,949,780,614,470,299,141,37,14581,1877,4
Central African Republic,2007,32668,9119,13402,4283,1236,812,1055,2843,3081,3143,2726,2063,1386,763,159,1358,1485,1465,1616,1606,1537,1455,1271,1106,957,775,611,465,298,130,29,14638,1867,3
Central African Republic,2008,32458,9174,13438,4264,1229,809,1046,2808,2942,3054,2753,2082,1383,762,151,1344,1464,1409,1533,1550,1504,1446,1307,1115,967,775,608,460,302,124,27,14667,1855,2
Central African Republic,2009,32173,9181,13383,4202,1213,801,1033,2767,2821,2968,2772,2121,1386,764,144,1325,1442,1368,1453,1498,1470,1439,1333,1141,980,779,607,459,305,119,25,14596,1834,2
Central African Republic,2010,31951,9196,13341,4145,1198,789,1021,2730,2722,2887,2778,2185,1394,765,141,1308,1422,1345,1377,1449,1438,1432,1346,1183,1002,787,607,459,306,117,24,14539,1810,1
Central African Republic,2011,31680,9136,13194,4058,1149,756,984,2683,2684,2852,2813,2263,1404,762,136,1275,1408,1348,1336,1422,1430,1444,1369,1237,1026,798,606,459,303,116,20,14343,1740,1
Central African Republic,2012,30820,8968,12939,3971,1145,754,973,2546,2482,2659,2742,2300,1406,747,121,1221,1325,1266,1216,1312,1347,1395,1347,1266,1034,804,602,454,293,109,12,14084,1727,1
Central African Republic,2013,29978,8713,12583,3870,1108,727,934,2410,2355,2542,2718,2353,1409,731,104,1155,1255,1209,1146,1239,1303,1372,1346,1308,1045,810,599,448,283,99,5,13691,1661,1
Central African Republic,2014,29908,8572,12591,4019,1233,776,962,2319,2196,2387,2694,2449,1470,733,97,1130,1189,1134,1062,1140,1247,1343,1351,1356,1093,849,621,454,279,93,4,13824,1738,1
Central African Republic,2015,27366,7946,11469,3523,1078,708,888,2046,1935,2114,2529,2406,1425,689,80,1009,1037,994,941,988,1126,1243,1286,1315,1091,829,596,430,259,76,4,12547,1596,1
Central African Republic,2016,26621,7705,11009,3304,1040,687,871,1979,1856,1989,2482,2464,1463,695,85,986,993,950,906,917,1072,1207,1275,1324,1140,853,610,432,263,80,5,12049,1558,0
Central African Republic,2017,26366,7687,10845,3158,1020,674,867,1952,1812,1895,2452,2540,1513,708,90,983,969,924,888,867,1028,1181,1271,1342,1198,883,630,439,269,85,5,11865,1541,0
Central African Republic,2018,26283,7690,10775,3085,1012,669,863,1929,1771,1810,2427,2635,1572,725,94,980,949,902,869,830,980,1157,1270,1365,1270,916,656,450,275,88,6,11787,1532,1
Central African Republic,2019,26142,7586,10557,2971,964,650,850,1948,1787,1771,2422,2709,1640,744,98,989,959,909,878,823,948,1148,1274,1387,1322,959,681,462,282,92,6,11521,1500,1
Central African Republic,2020,27097,7561,10450,2889,919,637,822,1923,1783,1823,2659,3160,1959,846,114,977,946,898,885,854,969,1238,1421,1600,1560,1171,788,527,319,107,7,11369,1459,1
Central African Republic,2021,28448,7713,10672,2959,936,652,867,2074,1893,1896,2789,3431,2185,922,130,1047,1027,954,939,905,991,1286,1503,1734,1697,1313,872,576,346,119,11,11608,1519,1
Chad,1950,33333,9889,16407,6518,1825,859,811,1732,1822,1726,1879,2602,2666,913,86,841,891,907,915,891,835,920,959,1209,1393,1447,1219,633,280,74,12,18232,1670,1
Chad,1951,34283,10590,17294,6704,1831,857,810,1731,1824,1727,1896,2591,2687,949,85,839,892,910,914,893,834,924,972,1194,1397,1451,1236,674,275,75,10,19125,1667,1
Chad,1952,35107,10649,17706,7057,1881,876,828,1767,1869,1764,1950,2625,2746,1006,88,858,909,935,934,909,855,933,1017,1197,1428,1480,1266,736,270,77,11,19587,1704,1
Chad,1953,35462,10718,18013,7295,1882,874,827,1764,1871,1763,1970,2607,2752,1051,90,858,906,937,934,904,859,924,1046,1175,1432,1485,1267,784,267,78,12,19895,1701,1
Chad,1954,35860,10788,18291,7503,1873,879,829,1768,1883,1772,1991,2607,2775,1098,90,861,907,944,939,905,867,917,1074,1169,1438,1499,1276,822,276,79,11,20164,1708,1
Chad,1955,36405,10858,18499,7641,1931,897,842,1795,1917,1802,2031,2636,2821,1150,91,875,920,961,956,919,883,926,1105,1186,1450,1524,1297,854,296,80,11,20430,1739,1
Chad,1956,36711,10931,18610,7679,2014,904,844,1798,1923,1807,2040,2646,2841,1190,90,878,920,962,961,922,885,929,1111,1207,1439,1535,1306,870,320,79,11,20624,1748,1
Chad,1957,37230,11001,18729,7728,2114,925,858,1829,1960,1838,2068,2688,2895,1235,90,893,936,977,983,938,900,947,1121,1252,1436,1565,1330,887,348,78,12,20843,1783,1
Chad,1958,37491,11067,18868,7801,2164,926,858,1829,1962,1836,2065,2711,2919,1265,89,892,937,974,988,939,897,955,1110,1297,1414,1576,1343,894,371,77,12,21032,1784,1
Chad,1959,37786,11140,18984,7844,2225,926,865,1837,1969,1844,2065,2742,2941,1292,93,896,941,974,995,945,899,963,1102,1333,1409,1584,1357,903,389,81,12,21209,1791,1
Chad,1960,38221,11213,19111,7898,2291,946,880,1860,1993,1868,2087,2793,2972,1324,101,907,953,985,1008,960,908,978,1109,1367,1426,1594,1378,919,405,89,12,21402,1826,1
Chad,1961,38605,11289,19259,7970,2321,980,891,1870,2005,1887,2105,2843,2988,1345,109,913,957,990,1015,971,916,987,1118,1383,1460,1591,1397,931,414,97,12,21580,1871,1
Chad,1962,39140,11372,19395,8023,2381,1025,911,1904,2036,1923,2142,2915,3014,1376,117,929,975,1007,1029,992,931,1002,1140,1395,1520,1587,1427,952,424,105,12,21776,1936,1
Chad,1963,39412,11452,19520,8068,2401,1055,918,1908,2039,1938,2155,2954,3008,1391,124,931,977,1010,1029,1002,936,1004,1151,1382,1572,1567,1441,962,429,112,12,21921,1973,1
Chad,1964,39723,11539,19662,8123,2423,1092,917,1917,2042,1950,2169,2993,3015,1410,130,938,979,1013,1029,1008,942,1006,1163,1375,1618,1565,1450,976,434,118,12,22085,2009,1
Chad,1965,40733,11671,19928,8257,2536,1154,955,1982,2104,2022,2245,3107,3104,1454,137,973,1009,1044,1060,1043,979,1040,1205,1414,1693,1619,1485,1007,447,123,14,22464,2109,1
Chad,1966,40622,11685,19892,8207,2515,1149,974,1977,2093,2021,2232,3082,3086,1458,137,974,1003,1038,1055,1043,978,1034,1198,1401,1681,1628,1458,1008,450,124,13,22407,2123,1
Chad,1967,40893,11745,19993,8248,2540,1162,1005,1983,2095,2033,2244,3094,3128,1479,137,979,1004,1038,1057,1045,988,1040,1204,1413,1681,1683,1445,1023,456,124,13,22533,2167,1
Chad,1968,41181,11805,20084,8279,2570,1174,1037,1992,2097,2042,2254,3105,3183,1500,141,987,1005,1038,1059,1044,998,1048,1206,1432,1673,1748,1435,1037,463,127,14,22654,2211,0
Chad,1969,41436,11893,20202,8309,2592,1184,1076,1986,2092,2043,2261,3110,3231,1516,143,982,1004,1035,1057,1041,1002,1053,1208,1445,1665,1798,1433,1046,470,129,14,22794,2260,0
Chad,1970,41768,12003,20348,8345,2620,1195,1106,2002,2089,2047,2275,3125,3286,1528,145,993,1009,1033,1056,1040,1007,1062,1213,1458,1667,1834,1452,1050,478,131,14,22968,2301,0
Chad,1971,43424,12238,20892,8654,2786,1291,1190,2169,2207,2161,2377,3230,3417,1555,149,1090,1079,1093,1114,1097,1064,1117,1260,1510,1720,1896,1521,1064,491,135,14,23678,2481,0
Chad,1972,42575,12470,20879,8409,2675,1213,1125,2063,2075,2042,2293,3152,3378,1528,149,1048,1015,1025,1050,1036,1006,1075,1218,1467,1685,1843,1535,1036,492,135,14,23554,2338,0
Chad,1973,43954,12908,21687,8779,2785,1253,1156,2129,2097,2064,2346,3238,3494,1552,154,1096,1033,1038,1059,1048,1016,1101,1245,1498,1740,1870,1624,1044,508,140,14,24472,2409,0
Chad,1974,45155,13098,22257,9159,2895,1294,1194,2212,2139,2105,2403,3317,3595,1583,157,1162,1050,1059,1080,1070,1035,1128,1275,1528,1789,1895,1700,1063,520,142,15,25152,2488,0
Chad,1975,46044,13277,22676,9399,2999,1327,1222,2278,2162,2127,2443,3373,3664,1612,159,1207,1071,1073,1089,1081,1046,1146,1297,1550,1823,1915,1749,1088,524,145,14,25675,2549,0
Chad,1976,45826,13392,22846,9454,2960,1302,1204,2254,2108,2079,2399,3303,3604,1610,155,1186,1068,1049,1059,1056,1023,1123,1276,1516,1787,1879,1725,1096,514,142,13,25806,2506,1
Chad,1977,46257,13511,23118,9607,3036,1318,1211,2275,2085,2065,2404,3317,3626,1649,153,1188,1087,1040,1045,1047,1018,1120,1284,1523,1794,1900,1726,1140,509,143,10,26154,2529,1
Chad,1978,46649,13593,23304,9711,3128,1339,1223,2301,2060,2055,2410,3330,3649,1694,153,1192,1109,1028,1032,1039,1016,1116,1294,1530,1800,1928,1721,1189,505,144,9,26432,2562,0
Chad,1979,46800,13685,23467,9782,3167,1347,1223,2311,2009,2024,2395,3322,3651,1729,151,1183,1128,999,1010,1021,1003,1104,1291,1528,1794,1940,1711,1222,507,143,8,26634,2570,0
Chad,1980,47365,13899,23872,9973,3194,1361,1232,2351,2002,2007,2393,3335,3681,1779,161,1196,1155,998,1004,1011,996,1100,1293,1536,1799,1958,1723,1253,526,150,11,27066,2593,0
Chad,1981,45711,13357,23347,9990,3141,1353,1168,2076,1783,1852,2295,3251,3608,1724,109,1069,1007,889,894,921,931,1048,1247,1496,1755,1919,1689,1221,503,106,3,26488,2521,0
Chad,1982,45588,13299,23225,9926,3121,1368,1181,2088,1776,1815,2265,3244,3622,1762,122,1082,1006,900,876,901,914,1034,1231,1493,1751,1917,1705,1226,536,120,2,26346,2549,0
Chad,1983,47749,14637,24614,9977,3013,1369,1228,2344,1959,1864,2277,3266,3682,1873,240,1209,1135,1023,936,934,930,1046,1231,1504,1762,1930,1752,1261,612,180,60,27627,2597,16
Chad,1984,49144,15426,25592,10166,3049,1409,1251,2412,2020,1877,2291,3315,3752,1926,227,1242,1170,1080,940,941,936,1054,1237,1526,1789,1955,1797,1283,643,182,45,28641,2660,16
Chad,1985,49034,15167,25704,10537,3099,1451,1242,2295,1931,1805,2263,3346,3804,1926,157,1189,1106,1041,890,900,905,1037,1226,1536,1810,1978,1826,1287,639,151,6,28803,2693,8
Chad,1986,49133,14971,25559,10588,3088,1477,1277,2342,1973,1809,2258,3360,3840,1970,175,1214,1128,1053,920,906,903,1034,1224,1536,1824,1991,1849,1315,655,165,10,28647,2754,4
Chad,1987,51051,15564,26326,10762,3126,1523,1371,2566,2165,1948,2362,3452,3937,2048,220,1328,1238,1144,1021,985,963,1088,1274,1575,1877,2041,1896,1366,682,195,25,29452,2894,5
Chad,1988,52979,16280,27300,11020,3365,1610,1453,2677,2260,1914,2369,3558,4078,2140,249,1378,1299,1192,1068,968,946,1081,1288,1612,1946,2116,1962,1432,708,217,32,30665,3063,6
Chad,1989,54391,16804,28007,11203,3518,1632,1508,2785,2377,1935,2394,3609,4149,2198,267,1429,1356,1240,1137,977,958,1091,1303,1626,1983,2154,1995,1474,724,232,35,31525,3140,6
Chad,1990,56015,17248,28811,11563,3630,1656,1574,2929,2519,2023,2446,3661,4225,2255,279,1503,1426,1305,1214,1028,995,1118,1328,1646,2015,2195,2030,1511,744,243,36,32441,3230,6
Chad,1991,57934,17487,29519,12032,3975,1769,1677,3059,2622,2080,2494,3780,4382,2318,261,1570,1489,1366,1256,1069,1011,1134,1360,1696,2084,2282,2100,1557,761,238,23,33494,3446,3
Chad,1992,60538,18254,30562,12308,4224,1796,1762,3327,2845,2221,2571,3903,4551,2434,331,1703,1624,1491,1354,1165,1056,1169,1402,1752,2151,2374,2177,1621,813,273,58,34786,3558,10
Chad,1993,62703,18904,31475,12571,4513,1875,1833,3521,3017,2337,2630,3990,4682,2498,330,1807,1714,1586,1431,1248,1089,1196,1434,1795,2195,2446,2236,1659,839,274,56,35988,3708,10
Chad,1994,62939,18694,31582,12888,4707,1946,1829,3468,2993,2347,2611,3992,4720,2479,258,1790,1678,1569,1424,1280,1067,1185,1426,1796,2196,2470,2250,1653,826,238,20,36289,3775,4
Chad,1995,63988,18816,31908,13092,4903,2006,1867,3582,3096,2419,2625,4011,4774,2516,276,1853,1729,1623,1473,1335,1084,1194,1431,1805,2206,2494,2280,1673,843,249,27,36811,3873,2
Chad,1996,66396,19818,33193,13375,5041,2054,1913,3848,3314,2555,2665,4030,4828,2583,363,1981,1867,1743,1571,1403,1152,1223,1442,1813,2217,2513,2315,1705,878,293,70,38234,3967,12
Chad,1997,67968,20303,33885,13582,5279,2145,1929,3976,3443,2661,2694,4071,4897,2619,353,2033,1943,1808,1635,1451,1210,1242,1452,1830,2241,2539,2358,1731,888,292,61,39164,4074,12
Chad,1998,69649,20562,34296,13734,5612,2259,1989,4138,3616,2802,2750,4147,5001,2674,354,2093,2045,1893,1723,1517,1285,1271,1479,1863,2284,2581,2420,1770,904,298,56,39908,4248,11
Chad,1999,71159,20783,34705,13922,5871,2356,2064,4279,3772,2953,2787,4207,5083,2719,354,2143,2136,1970,1802,1582,1371,1285,1502,1887,2320,2614,2469,1803,916,302,52,40576,4420,9
Chad,2000,72457,21021,35170,14149,6012,2453,2131,4408,3919,3085,2831,4216,5113,2749,362,2189,2219,2044,1875,1646,1439,1314,1517,1891,2325,2623,2490,1824,925,306,56,41182,4584,9
Chad,2001,73568,21225,35396,14171,6239,2554,2197,4479,4045,3180,2905,4250,5166,2791,358,2202,2277,2109,1936,1704,1476,1367,1538,1904,2346,2646,2520,1856,935,306,52,41635,4751,8
Chad,2002,75018,21282,35420,14138,6574,2698,2324,4604,4250,3334,3022,4317,5251,2854,364,2242,2362,2217,2033,1793,1541,1448,1574,1933,2384,2692,2559,1900,954,312,52,41994,5022,7
Chad,2003,76266,21439,35591,14152,6799,2817,2422,4705,4423,3462,3120,4349,5297,2900,376,2292,2413,2316,2107,1866,1596,1522,1598,1948,2401,2719,2578,1931,969,318,58,42390,5239,7
Chad,2004,78487,22072,36316,14244,7031,2921,2530,4943,4679,3647,3252,4403,5354,2971,425,2424,2519,2458,2221,1971,1676,1632,1620,1977,2426,2750,2604,1972,999,343,82,43347,5451,14
Chad,2005,81471,22688,37032,14344,7442,3061,2702,5272,5034,3900,3443,4531,5488,3071,465,2594,2678,2648,2386,2112,1788,1751,1692,2044,2487,2821,2667,2032,1039,366,99,44474,5763,22
Chad,2006,83097,23021,37568,14547,7658,3159,2807,5388,5215,4064,3578,4575,5524,3094,447,2673,2715,2738,2477,2200,1864,1810,1768,2073,2502,2838,2686,2046,1048,360,87,45226,5966,21
Chad,2007,83827,23199,37766,14567,7742,3220,2881,5442,5315,4162,3676,4568,5505,3094,440,2740,2702,2774,2541,2250,1912,1846,1830,2079,2489,2826,2679,2041,1053,358,82,45508,6101,19
Chad,2008,84932,23276,37885,14609,7943,3310,2986,5543,5450,4302,3822,4607,5539,3111,423,2814,2729,2815,2635,2319,1983,1905,1917,2103,2504,2840,2699,2048,1063,352,71,45828,6296,16
Chad,2009,86996,23429,38007,14578,8321,3463,3140,5807,5706,4534,4060,4699,5640,3170,436,2947,2860,2920,2786,2441,2093,2001,2059,2145,2554,2891,2749,2081,1089,360,76,46328,6603,15
Chad,2010,87834,23571,38097,14526,8493,3537,3195,5914,5784,4649,4197,4730,5627,3169,431,3014,2900,2935,2849,2498,2151,2058,2139,2166,2564,2882,2745,2078,1091,361,70,46590,6732,13
Chad,2011,88491,23626,38111,14485,8634,3586,3255,6023,5819,4756,4288,4801,5604,3167,430,3085,2938,2925,2894,2553,2203,2113,2175,2231,2570,2867,2737,2077,1090,362,68,46745,6841,12
Chad,2012,88967,23702,38077,14375,8710,3596,3299,6145,5807,4856,4378,4881,5586,3178,444,3150,2995,2891,2916,2610,2246,2165,2213,2305,2576,2853,2733,2081,1097,371,73,46787,6895,12
Chad,2013,90129,23699,37969,14270,8958,3672,3384,6348,5897,5030,4535,5030,5634,3217,448,3265,3083,2932,2965,2711,2319,2249,2286,2419,2611,2877,2757,2108,1109,377,71,46927,7056,11
Chad,2014,91016,23764,37929,14165,9035,3712,3451,6499,5984,5174,4671,5160,5662,3252,470,3352,3147,2992,2992,2792,2382,2323,2348,2547,2613,2892,2770,2128,1124,390,80,46964,7163,14
Chad,2015,91560,23716,37852,14136,9040,3750,3507,6594,6012,5283,4792,5282,5683,3276,475,3395,3199,3018,2994,2849,2434,2386,2406,2639,2643,2907,2776,2142,1134,396,79,46892,7257,14
Chad,2016,92604,23353,37313,13960,9381,3898,3623,6798,6114,5465,4986,5494,5764,3308,452,3494,3304,3089,3025,2940,2525,2480,2506,2728,2766,2961,2803,2166,1142,388,64,46694,7521,9
Chad,2017,93173,23087,36809,13722,9480,3974,3684,6984,6187,5595,5144,5682,5814,3345,466,3585,3399,3171,3016,2991,2604,2554,2590,2800,2882,2994,2820,2185,1160,395,71,46289,7658,9
Chad,2018,93328,22993,36389,13396,9466,4014,3708,7089,6219,5662,5255,5846,5826,3365,476,3625,3464,3211,3008,2997,2665,2604,2651,2855,2991,3005,2821,2193,1172,401,75,45855,7722,10
Chad,2019,93673,23051,36113,13062,9393,4027,3730,7197,6274,5729,5386,6067,5847,3404,500,3678,3519,3239,3035,3003,2726,2664,2722,2925,3142,3004,2843,2212,1192,415,85,45506,7757,12
Chad,2020,97696,22905,35771,12866,9608,4129,3817,7337,6513,6170,6210,7217,6646,3742,527,3762,3575,3350,3163,3170,3000,3040,3170,3457,3760,3489,3157,2425,1317,444,83,45379,7946,12
Chad,2021,100400,22718,35449,12731,9551,4159,3945,7672,6802,6520,6722,7941,7118,3958,549,3922,3750,3507,3295,3290,3230,3274,3448,3850,4091,3781,3337,2559,1399,463,86,45000,8104,11
Chile,1950,49938,13789,18342,4553,677,507,844,1860,2081,2355,2984,4097,5444,5867,4237,977,883,930,1151,1143,1212,1524,1460,1944,2153,2573,2871,2968,2899,2680,1557,19019,1351,640
Chile,1951,45538,14053,18763,4710,674,493,799,1862,2059,2360,3014,4102,5123,4415,1580,959,903,927,1132,1148,1212,1509,1505,1964,2138,2473,2650,2473,1942,1077,503,19437,1292,288
Chile,1952,43224,14149,18914,4765,670,475,751,1834,2011,2339,3002,4070,4823,3515,691,918,916,916,1095,1138,1201,1475,1527,1956,2114,2361,2462,2119,1396,545,146,19584,1226,126
Chile,1953,41989,14248,19037,4789,667,460,710,1806,1971,2321,2990,4054,4605,2961,354,875,931,908,1063,1127,1194,1442,1548,1950,2104,2275,2330,1880,1081,317,37,19704,1170,52
Chile,1954,41077,14345,19123,4778,737,472,673,1816,1909,2290,2974,3908,4366,2569,219,886,930,916,993,1093,1197,1496,1478,1901,2007,2174,2192,1692,877,214,5,19860,1145,19
Chile,1955,41128,14439,19214,4775,656,418,641,1701,2025,2321,3010,4057,4464,2453,164,745,956,967,1058,1128,1193,1410,1600,1950,2107,2244,2220,1658,795,162,2,19870,1059,6
Chile,1956,40004,14552,19312,4760,594,404,591,1603,1876,2190,2953,3945,4206,2210,122,733,870,884,992,1062,1128,1347,1606,1923,2022,2133,2073,1521,689,121,1,19906,995,2
Chile,1957,42366,14543,19280,4737,651,464,672,1790,1992,2387,3154,4597,4829,2432,114,822,968,919,1073,1155,1232,1388,1766,2131,2466,2483,2346,1700,732,114,0,19931,1136,1
Chile,1958,39572,14454,19180,4726,674,413,546,1593,1877,2186,2960,3864,4145,2043,85,710,883,938,939,1042,1144,1353,1607,1854,2010,2148,1997,1443,600,85,0,19854,959,0
Chile,1959,41802,14342,18985,4643,689,415,618,1608,2017,2431,3345,4397,4850,2356,93,739,869,972,1045,1123,1308,1531,1814,2127,2270,2520,2330,1673,683,93,0,19674,1033,0
Chile,1960,40468,14181,18736,4555,721,459,621,1545,2013,2320,3158,4210,4451,2156,81,729,816,1000,1013,1047,1273,1444,1714,2075,2135,2304,2147,1536,620,81,0,19457,1080,0
Chile,1961,40292,13956,18398,4442,623,408,567,1588,1943,2219,3063,4454,4674,2271,85,764,824,987,956,1021,1198,1388,1675,2139,2315,2404,2270,1616,655,85,0,19021,975,0
Chile,1962,39936,13631,17888,4257,666,381,540,1474,2074,2408,3275,4354,4559,2231,85,716,758,1068,1006,1146,1262,1545,1730,2133,2221,2320,2239,1580,651,85,0,18554,921,0
Chile,1963,41955,13235,17345,4110,598,361,569,1517,2145,2462,3581,5003,5567,2705,103,702,815,1046,1099,1133,1329,1617,1964,2422,2581,2814,2753,1910,795,103,0,17943,930,0
Chile,1964,39648,12759,16648,3889,654,414,568,1409,2020,2146,3310,4633,5201,2548,96,685,724,949,1071,1002,1144,1580,1730,2224,2409,2599,2602,1799,749,96,0,17302,982,0
Chile,1965,39492,12208,15863,3655,559,365,571,1457,1914,2123,3300,4808,5632,2792,107,678,779,884,1030,994,1129,1468,1832,2242,2566,2794,2838,1972,820,107,0,16422,936,0
Chile,1966,39285,13091,15593,2502,543,298,529,1370,1846,2246,3342,4669,5823,2911,112,657,713,769,1077,1079,1167,1509,1833,2078,2591,2881,2942,2060,851,112,0,16136,827,0
Chile,1967,37710,11879,13861,1982,512,354,489,1270,1746,2191,3404,4728,5962,3070,122,610,660,778,968,1023,1168,1550,1854,2143,2585,2916,3046,2178,892,122,0,14373,843,0
Chile,1968,36843,10648,12328,1680,452,307,507,1276,1698,2179,3445,4972,6224,3323,134,637,639,672,1026,1037,1142,1531,1914,2339,2633,3003,3221,2360,963,134,0,12780,814,0
Chile,1969,37148,9875,11474,1599,467,289,501,1248,1534,2276,3503,5246,6766,3695,151,615,633,668,866,1102,1174,1516,1987,2376,2870,3246,3520,2626,1069,151,0,11941,790,0
Chile,1970,36779,9616,11358,1742,497,357,478,1190,1479,2160,3312,5284,6712,3797,156,600,590,673,806,996,1164,1427,1885,2465,2819,3182,3530,2690,1107,155,1,11855,835,0
Chile,1971,36795,9151,10683,1532,522,347,457,1102,1390,2249,3376,5274,7102,4117,174,541,561,653,737,1134,1115,1493,1883,2405,2869,3356,3746,2902,1215,173,1,11205,804,0
Chile,1972,37204,9087,10398,1311,450,385,503,1181,1517,2338,3588,5287,7124,4250,181,575,606,734,783,1156,1182,1615,1973,2380,2907,3356,3768,2977,1273,180,1,10848,888,0
Chile,1973,34499,8010,9098,1088,380,320,477,1132,1269,2012,3268,4942,7073,4334,192,527,605,584,685,930,1082,1424,1844,2247,2695,3336,3737,3010,1324,191,1,9478,797,0
Chile,1974,34626,7886,9139,1253,395,341,449,962,1240,1999,3048,5048,7206,4586,213,447,515,567,673,876,1123,1324,1724,2354,2694,3390,3816,3157,1429,212,1,9534,790,0
Chile,1975,31758,6458,7476,1018,365,290,462,1020,1203,1954,2964,4901,6554,4349,218,525,495,587,616,861,1093,1295,1669,2242,2659,3081,3473,2961,1388,217,1,7841,752,0
Chile,1976,34489,6016,7031,1015,383,358,487,1029,1320,2076,3260,5472,7631,5162,281,515,514,609,711,846,1230,1422,1838,2381,3091,3620,4011,3477,1685,279,2,7414,845,0
Chile,1977,31140,5051,5860,809,358,303,403,953,1122,1908,3160,5042,6939,4805,284,478,475,498,624,757,1151,1435,1725,2275,2767,3306,3633,3201,1604,281,3,6218,706,0
Chile,1978,30437,4037,4727,690,304,255,392,854,1188,1901,3061,5369,7016,5041,327,437,417,490,698,755,1146,1424,1637,2445,2924,3328,3688,3313,1728,323,4,5031,647,0
Chile,1979,31887,3884,4521,637,275,271,403,876,1166,1879,3246,5344,7882,5631,392,463,413,511,655,778,1101,1525,1721,2289,3055,3781,4101,3656,1975,388,4,4796,674,0
Chile,1980,31135,3538,4117,579,283,270,389,855,1115,1749,3310,5347,7700,5582,418,424,431,488,627,713,1036,1561,1749,2252,3095,3669,4031,3587,1995,412,6,4400,659,0
Chile,1981,29608,3192,3737,545,257,261,331,801,1004,1625,3137,5054,7465,5490,445,389,412,458,546,717,908,1511,1626,2218,2836,3527,3938,3490,2000,437,8,3994,592,0
Chile,1982,29197,2924,3430,506,199,239,300,764,966,1576,3050,4964,7574,5636,498,344,420,433,533,668,908,1452,1598,2142,2822,3549,4025,3547,2089,487,11,3629,539,0
Chile,1983,30514,2581,3167,586,215,217,282,691,968,1611,3184,5203,8245,6147,585,337,354,406,562,689,922,1423,1761,2156,3047,3853,4392,3842,2305,569,16,3382,499,0
Chile,1984,30049,2315,2773,458,198,195,298,665,924,1678,3133,5090,8225,6237,631,326,339,370,554,751,927,1321,1812,2196,2894,3801,4424,3884,2353,613,18,2971,493,0
Chile,1985,30605,2395,2814,419,197,192,282,689,887,1644,3111,4934,8578,6567,704,345,344,375,512,708,936,1274,1837,2108,2826,3955,4623,4083,2484,681,23,3011,474,0
Chile,1986,30497,2295,2704,409,168,182,276,671,935,1554,3011,5000,8544,6694,759,323,348,416,519,692,862,1172,1839,2102,2898,3916,4628,4157,2537,729,30,2872,458,0
Chile,1987,30587,2296,2663,367,166,154,276,720,909,1586,2915,5041,8464,6873,820,348,372,372,537,669,917,1157,1758,2202,2839,3834,4630,4261,2612,784,36,2829,430,0
Chile,1988,31229,2450,2870,420,173,156,252,655,888,1580,2908,5083,8552,7204,906,322,333,398,490,681,899,1208,1700,2231,2852,3834,4718,4451,2753,859,47,3043,408,0
Chile,1989,31545,2246,2669,423,172,159,252,643,977,1665,3084,5128,8472,7350,972,280,363,448,529,727,938,1305,1779,2241,2887,3796,4676,4512,2838,914,58,2841,411,0
Chile,1990,32363,2085,2483,398,144,137,256,630,916,1697,3039,5595,8827,7613,1025,278,352,432,484,736,961,1260,1779,2571,3024,3914,4913,4663,2950,956,69,2627,393,0
Chile,1991,31271,1880,2202,322,179,137,208,576,881,1694,2783,5388,8588,7555,1079,253,323,381,500,710,984,1186,1597,2439,2949,3788,4800,4573,2982,996,83,2381,345,0
Chile,1992,31947,1797,2133,336,148,127,234,617,856,1530,2701,5470,8698,8141,1287,286,331,357,499,665,865,1158,1543,2420,3050,3875,4823,4819,3322,1175,112,2281,361,1
Chile,1993,33078,1583,1897,314,153,140,220,558,891,1593,2754,5551,8944,8840,1537,251,307,373,518,639,954,1242,1512,2406,3145,3898,5046,5112,3728,1391,146,2050,360,2
Chile,1994,32711,1487,1748,261,155,134,201,519,873,1694,2862,5539,8378,8906,1697,238,281,358,515,687,1007,1254,1608,2346,3193,3764,4614,5021,3885,1530,167,1903,335,3
Chile,1995,33773,1311,1653,342,142,150,188,541,941,1623,2867,5680,8848,9310,1824,249,292,376,565,662,961,1234,1633,2396,3284,4065,4783,5203,4107,1644,180,1795,338,3
Chile,1996,34013,1310,1537,227,136,133,194,509,941,1589,2845,5582,8776,9730,2035,231,278,428,513,640,949,1294,1551,2192,3390,3966,4810,5352,4378,1832,203,1673,327,4
Chile,1997,32927,1177,1419,242,153,161,215,504,889,1565,2861,5335,8527,9301,1993,236,268,382,507,663,902,1242,1619,2053,3282,3922,4605,5091,4210,1789,204,1572,376,5
Chile,1998,35229,1214,1456,242,140,121,192,459,898,1573,2897,5277,9194,10460,2555,206,253,369,529,641,932,1270,1627,2138,3139,4162,5032,5560,4900,2287,268,1596,313,7
Chile,1999,35275,1168,1380,212,125,101,191,512,840,1603,2878,5121,9215,10655,2645,236,276,364,476,689,914,1269,1609,1995,3126,4224,4991,5656,4999,2362,283,1505,292,7
Chile,2000,33264,1079,1243,164,124,124,188,455,834,1523,2825,5030,9079,9502,2331,204,251,335,499,663,860,1260,1565,2119,2911,4157,4922,5125,4377,2065,266,1367,312,8
Chile,2001,35125,985,1185,200,126,137,179,502,867,1646,3002,5151,9407,10198,2713,204,298,355,512,725,921,1293,1709,2178,2973,4343,5064,5478,4720,2375,338,1311,316,11
Chile,2002,34640,847,1048,201,103,123,169,459,750,1640,2952,5106,9741,9939,2597,210,249,290,460,695,945,1283,1669,2190,2916,4548,5193,5464,4475,2249,348,1151,292,12
Chile,2003,37046,860,1034,174,99,111,156,431,785,1704,3079,5211,9746,11170,3501,208,223,321,464,726,978,1318,1761,2322,2889,4386,5360,5979,5191,2963,538,1133,267,20
Chile,2004,37550,835,1009,174,86,129,195,499,804,1700,2942,5288,9973,11408,3497,231,268,305,499,716,984,1240,1702,2283,3005,4273,5700,6228,5180,2927,570,1095,324,23
Chile,2005,38175,790,934,144,89,113,198,404,801,1695,2983,5222,10045,11877,3782,183,221,329,472,719,976,1265,1718,2286,2936,4128,5917,6490,5387,3114,668,1023,311,31
Chile,2006,40416,768,903,135,91,132,202,462,856,1924,3257,5759,10532,12404,3856,216,246,373,483,781,1143,1364,1893,2482,3277,4207,6325,6879,5525,3131,725,994,334,39
Chile,2007,43940,809,945,136,90,113,238,494,860,1981,3531,6092,11083,13923,4532,246,248,348,512,783,1198,1477,2054,2630,3462,4335,6748,7678,6245,3603,929,1035,351,58
Chile,2008,42579,850,971,121,94,134,245,530,864,1820,3423,5875,10307,13631,4608,249,281,363,501,745,1075,1491,1932,2640,3235,4202,6105,7453,6178,3588,1020,1065,379,75
Chile,2009,43578,837,974,137,85,95,238,540,831,1877,3518,6033,10155,14150,4984,261,279,344,487,747,1130,1556,1962,2710,3323,4146,6009,7640,6510,3813,1171,1059,333,101
Chile,2010,46972,783,920,137,80,101,221,563,837,2010,3584,6379,10734,15652,5754,277,286,346,491,824,1186,1621,1963,2863,3516,4517,6217,8299,7353,4352,1402,1000,322,139
Chile,2011,46670,837,962,125,74,102,198,515,790,1850,3698,6314,10364,15633,5996,262,253,314,476,684,1166,1611,2087,2804,3510,4477,5887,8117,7516,4496,1500,1036,300,172
Chile,2012,49319,784,914,130,80,90,194,484,812,1883,3691,6545,10827,16791,6785,234,250,353,459,779,1104,1575,2116,2823,3722,4686,6141,8481,8310,5050,1735,994,284,226
Chile,2013,49072,685,811,126,74,107,205,511,775,1926,3838,6508,10611,16430,7004,221,290,328,447,750,1176,1702,2136,2774,3734,4701,5910,8083,8347,5176,1828,885,312,271
Chile,2014,50472,802,921,119,73,87,163,509,782,1796,3805,6584,10737,16826,7838,245,264,322,460,702,1094,1602,2203,2785,3799,4757,5980,8056,8770,5728,2110,994,250,349
Chile,2015,51163,692,814,122,91,99,180,513,825,1906,3989,6665,10634,16643,8383,224,289,313,512,755,1151,1689,2300,2784,3881,4675,5959,7856,8787,6062,2321,905,279,418
Chile,2016,52188,699,820,121,80,95,190,501,767,1785,3971,6725,10952,16698,9102,250,251,336,431,709,1076,1689,2282,2887,3838,4916,6036,7825,8873,6510,2592,900,285,501
Chile,2017,54691,674,774,100,74,86,165,496,789,1762,3869,6733,10972,17980,10393,228,268,354,435,688,1074,1644,2225,2895,3838,4949,6023,8380,9600,7425,2968,848,251,600
Chile,2018,56599,662,784,122,80,104,175,515,858,1884,3935,7377,11290,17951,10955,238,277,358,500,742,1142,1647,2288,3139,4238,5050,6240,8461,9490,7739,3216,864,279,691
Chile,2019,57758,661,752,91,69,82,171,516,873,1881,3956,7523,11593,17900,11624,235,281,366,507,744,1137,1647,2309,3188,4335,5253,6340,8471,9429,8065,3559,821,253,815
Chile,2020,65375,484,570,86,52,74,169,567,948,1975,4424,8314,13127,19153,14777,253,314,426,522,791,1184,1737,2687,3734,4580,6010,7117,8847,10306,9803,4974,622,243,1226
Chile,2021,68801,536,628,92,59,92,164,659,1168,2151,4903,9126,14464,20591,13729,281,378,543,625,851,1300,1975,2928,4054,5072,6584,7880,9860,10731,9296,4433,687,256,1068
China,1950,5870944,1344567,1980494,635927,250310,132995,113624,257242,279561,365129,462073,768601,761971,449795,48906,127511,129731,133262,146299,175889,189240,212453,249620,349617,418984,391257,370714,291960,157835,43607,5299,2230804,246619,239
China,1951,5793919,1355123,2008642,653519,250703,125770,110293,248943,271715,358235,453197,743831,745863,425523,50918,124000,124943,128355,143360,170301,187934,208274,244923,338424,405407,388215,357648,274517,151006,45087,5831,2259345,236063,283
China,1952,5800194,1449709,2119692,669983,243377,119294,106362,241548,264236,350302,445029,720648,732628,404681,52066,120928,120620,123618,140618,165128,185174,206753,238276,328505,392143,390604,342024,261285,143396,45742,6324,2363069,225656,328
China,1953,5750771,1421945,2114504,692559,283734,113382,101328,235811,256469,343220,437513,702422,721259,388416,52337,118283,117528,119944,136525,161293,181927,207462,230051,320521,381901,395561,325698,251765,136651,45705,6632,2398238,214710,376
China,1954,5696632,1429769,2153218,723449,254507,109401,96065,231161,249507,338368,433153,691586,712977,374578,51691,116535,114626,117771,131736,158602,179766,210607,222546,315120,376466,398773,314204,244387,130191,44874,6817,2407725,205466,418
China,1955,5676810,1427224,2147021,719797,262899,107479,91743,228698,245780,337172,435086,690854,713697,365232,50703,115732,112966,116712,129068,158075,179097,215574,219512,315934,374920,399841,313856,240910,124322,43713,6990,2409920,199222,447
China,1956,5574342,1348375,2063643,715268,272196,106672,88066,226298,241152,334422,437414,686800,714015,354642,48561,114431,111867,114537,126615,157858,176564,218049,219365,316563,370237,394818,319197,236616,118026,41586,6975,2335839,194738,463
China,1957,5580065,1391088,2086836,695748,281928,107233,84762,223140,236471,331574,440072,680719,717278,343481,46108,112238,110902,112477,123994,157460,174114,218498,221574,314019,366700,389503,327775,230159,113322,39286,6822,2368764,191995,469
China,1958,5460535,1301970,1977877,675907,295504,109767,81697,218601,233317,327800,443357,672811,722937,332723,43688,108484,110117,111201,122116,155135,172665,217769,225588,308177,364634,386088,336849,222701,110022,37212,6476,2273381,191464,457
China,1959,7592974,1653368,3057248,1403880,506826,204591,120573,292124,310215,420322,583865,829473,867920,356543,42836,143580,148544,147970,162245,197064,223258,280219,303646,381368,448105,464413,403507,241902,114641,36680,6156,3564074,325164,443
China,1960,9260436,1906980,3782173,1875193,728693,301141,157212,356576,379003,502264,708455,963735,968961,371837,39973,173259,183317,180637,198366,233961,268303,333720,374735,444022,519713,523714,445247,256885,114952,34403,5570,4510866,458353,409
China,1961,6822175,1301971,2412214,1110243,515361,221889,119340,279874,303224,410384,581001,805207,808647,330867,33822,133316,146558,144843,158381,189498,220886,271903,309098,368436,436771,437044,371603,229999,100868,29163,4659,2927575,341229,345
China,1962,4808445,1121745,1564212,442467,271111,119810,76018,194096,218332,307106,438958,635131,658098,295754,29530,90265,103831,104380,113952,140073,167033,205699,233259,289548,345583,353326,304772,206901,88853,25538,3992,1835323,195828,287
China,1963,5116678,1458117,1893489,435372,262449,122304,77270,186768,215727,302092,435997,635636,658233,298382,28088,86777,99991,103318,112409,137703,164389,203625,232372,295138,340498,353594,304639,212319,86063,24439,3649,2155938,199574,242
China,1964,5069553,1404858,1900822,495964,239688,122230,79014,178030,211169,294064,430381,632851,656951,297520,26634,83502,94528,101662,109507,135249,158815,200464,229917,300717,332134,352252,304699,213572,83948,23352,3282,2140510,201244,196
China,1965,4965839,1315440,1863666,548226,214135,122093,79547,169442,205306,285080,422473,629088,654251,295284,25313,80603,88839,99273,106033,131858,153222,196818,225655,303922,325166,351496,302755,211142,84142,22403,2910,2077801,201640,161
China,1966,4889100,1248351,1819717,571366,193615,121808,81806,165016,203155,279123,417420,631890,654612,296302,24496,79620,85396,98164,104991,129202,149921,195892,221528,306381,325509,353309,301303,209349,86953,21862,2634,2013332,203614,138
China,1967,4762606,1150893,1721396,570503,187463,119096,83336,160482,198669,271744,411248,634145,652357,298713,23828,78934,81548,95408,103261,125949,145795,194155,217093,305469,328676,351360,300997,208710,90003,21351,2477,1908859,202432,127
China,1968,4783131,1208096,1743455,535359,203381,114877,84569,157843,193139,266292,404414,637827,650101,303621,23488,79821,78022,91463,101676,123603,142689,190236,214178,303150,334677,346948,303153,210764,92857,21074,2414,1946836,199446,121
China,1969,4748869,1201876,1707825,505949,223004,106801,84796,157250,187115,261452,396100,643814,648165,308891,23533,81888,75362,86787,100328,120779,140673,184447,211653,300981,342833,341870,306295,214545,94346,21175,2358,1930829,191597,115
China,1970,4653330,1156925,1637876,480951,230974,96327,85273,155824,180017,254708,386599,643854,646919,310675,24181,82802,73022,81809,98208,117236,137472,178405,208194,296232,347622,337646,309273,216320,94355,21876,2305,1868850,181600,102
China,1971,4507183,1068914,1523318,454404,234475,86229,83626,154218,172771,247451,378554,638264,650857,311900,25427,83313,70905,77221,95550,114369,133082,172948,205606,289331,348933,338520,312337,217156,94744,23139,2288,1757793,169855,88
China,1972,4346080,974025,1402276,428251,227427,81958,81260,153899,165370,240434,369860,628259,653576,315049,26634,84119,69780,73132,92238,111619,128815,167163,202697,282175,346084,341759,311817,218992,96057,24349,2285,1629703,163218,76
China,1973,4164127,896043,1289564,393521,212424,85184,76881,152651,155128,231520,355393,610503,648850,318456,27506,83545,69106,68492,86636,107608,123912,160418,194975,273090,337413,343288,305562,220574,97882,25196,2310,1501988,162065,67
China,1974,3993685,799730,1153247,353517,199226,92078,71904,153840,147248,225161,344047,599818,651840,326813,28404,83385,70455,65685,81563,105200,119961,156632,187415,267213,332605,350028,301812,225284,101529,25972,2432,1352473,163982,62
China,1975,3829081,685809,999378,313569,186192,96766,65119,154745,140580,220165,336549,595881,663952,339986,29701,83626,71119,63611,76969,103280,116885,153950,182599,265103,330778,359480,304472,234007,105979,26991,2710,1185570,161885,64
China,1976,3680035,601860,868624,266764,171866,98917,58051,152874,133965,214981,328225,590988,677250,352787,31439,81681,71193,61496,72469,100637,114344,149948,178277,264559,326429,365564,311686,242670,110117,28355,3084,1040490,156968,75
China,1977,3556456,528467,756860,228393,162977,97847,54696,152364,130054,210411,320293,585561,688075,363649,33577,79926,72438,60943,69111,97896,112515,146417,173876,263784,321777,367304,320771,248509,115140,30143,3434,919837,152543,91
China,1978,3478088,487349,682526,195177,151039,93274,56252,151088,128051,205306,315454,580934,701574,376037,36445,77411,73677,61784,66267,94166,111140,144277,171177,260686,320248,368473,333101,253776,122261,32674,3771,833565,149526,113
China,1979,3441761,479502,648021,168519,136805,89165,60371,146891,127764,199757,311526,574820,718022,388919,39560,72840,74051,63567,64197,89675,110082,141644,169882,254942,319878,370538,347484,258793,130126,35524,4036,784826,149536,137
China,1980,3424429,474643,627204,152561,122432,85931,64776,142030,127757,194468,307665,571271,733173,405057,42504,66911,75119,64912,62845,85452,109016,139246,168419,250539,320732,372190,360983,266398,138659,38187,4317,749636,150707,165
China,1981,3409607,472578,615522,142944,109290,82048,68841,135596,127875,189028,302842,568746,740183,424033,45407,60930,74666,66171,61704,81626,107402,137570,165272,246476,322270,370042,370141,277364,146669,40711,4696,724812,150889,198
China,1982,3427748,489311,628206,138895,97988,78337,69880,131264,129497,183977,299581,567856,746090,445521,49326,57628,73636,67898,61599,78535,105442,136599,162982,243087,324769,369320,376770,291356,154165,44089,5237,726194,148217,228
China,1983,3382326,439918,579361,139443,86831,73941,66966,130820,131997,177547,297057,563831,751588,467847,54283,59256,71564,69343,62654,75645,101902,135504,161553,240849,322982,370442,381146,306786,161061,48359,5924,666192,140907,256
China,1984,3395178,437248,575979,138731,78605,68620,64043,131698,134961,171475,294955,560006,761705,492964,59881,64112,67586,70129,64832,73757,97718,135145,159810,240991,319015,374065,387640,324592,168372,53202,6679,654584,132663,281
China,1985,3424696,454803,591672,136869,73561,62469,61677,131301,137723,165789,291854,555602,770021,517150,65564,69216,62085,71321,66402,72379,93410,134302,157552,239933,315669,377830,392191,340148,177002,58199,7365,665233,124146,310
China,1986,3469948,485365,623052,137687,71053,56017,59215,130856,139336,161125,289611,550533,776702,540844,71249,74060,56796,71275,68061,71422,89703,133095,156516,237233,313300,383223,393479,352405,188439,63177,8072,694105,115232,350
China,1987,3503492,513164,653968,140804,70575,49749,56730,128817,139829,157265,285666,543247,780441,560053,76751,74972,53845,70133,69696,71145,86120,130435,155231,233967,309280,386931,393510,359656,200397,67743,9008,724543,106479,405
China,1988,3517102,499718,647559,147841,70159,44298,54080,128224,140044,156087,281623,542134,787130,582162,83125,72138,56086,68510,71534,72727,83360,126730,154893,233302,308832,388359,398771,367534,214628,72850,10275,717718,98378,472
China,1989,3565194,505490,659228,153738,69004,40220,50670,130617,138087,157734,278204,545005,796357,609360,90155,69432,61185,65227,72860,75820,81914,122487,155717,232685,312320,388189,408168,378685,230675,78439,11716,728232,90890,544
China,1990,3663192,518601,673675,155074,68806,38233,47428,135901,137418,162102,278890,555630,821128,643938,99450,68508,67393,61427,75991,79640,82462,120120,158770,235574,320056,395835,425293,394875,249063,86128,13322,742481,85661,595
China,1991,3720703,435979,591927,155948,70859,38146,44706,144000,138291,170497,285236,576333,864283,683812,111923,68890,75110,58774,79517,85394,85103,120644,164592,244993,331340,412046,452237,414526,269286,96688,15235,662786,82852,688
China,1992,3595984,383581,531809,148228,71107,36546,39084,139164,131350,169059,272410,560231,850470,676466,117528,64776,74388,54521,76829,85844,83215,113801,158609,238945,321286,400809,449661,407409,269057,101370,16158,602916,75630,758
China,1993,3513508,353926,487434,133508,71394,35429,34123,130813,129187,170090,259957,550059,840629,678539,124979,60566,70247,55493,73694,86537,83553,108324,151633,234446,315613,394973,445656,407687,270852,107534,17445,558828,69552,872
China,1994,3557181,329188,447860,118672,73541,35475,31332,126553,132966,178260,257413,560563,862768,711884,137522,57718,68835,61504,71462,89685,88575,108261,149152,239750,320813,407539,455229,427014,284870,118017,19505,521401,66807,1047
China,1995,3494715,307211,411287,104076,72083,34645,28566,117907,130705,180267,246588,550525,855305,720746,144854,52247,65660,65587,65118,90376,89891,105240,141348,236267,314258,404586,450719,432643,288103,123525,21329,483370,63211,1237
China,1996,3547124,284045,376061,92016,72007,35593,27764,113083,133159,187527,246291,563009,878150,756144,156867,48331,64752,71934,61225,92835,94692,106695,139596,241203,321806,413519,464631,456378,299766,132542,24325,448068,63357,1468
China,1997,3538435,261665,344032,82367,68283,36137,27225,106192,131918,190600,243338,564005,883682,777006,164325,43516,62676,73568,58350,92424,98176,107575,135763,240101,323904,414809,468873,471173,305833,137380,26945,412315,63362,1694
China,1998,3454521,242343,316739,74396,59771,36012,26381,96404,128223,187380,236882,547369,871767,777703,167969,37919,58485,69378,58845,88517,98863,107865,129017,229499,317870,407929,463838,469394,308309,138905,29064,376510,62393,1919
China,1999,3596766,224617,290812,66195,53742,38470,27228,93087,136778,193775,250587,568125,923699,833939,184274,35766,57321,69917,66861,88359,105416,117738,132849,232748,335377,428135,495564,497617,336322,151313,32961,344554,65698,2250
China,2000,3554438,217927,276677,58750,45291,38553,26672,84648,138513,187399,249770,553805,918425,843586,188602,32670,51978,66883,71630,80788,106611,120015,129755,221573,332232,422075,496350,498441,345145,154016,34586,321968,65225,2503
China,2001,3359099,194926,247288,52362,38339,35544,25226,73693,133948,171364,238478,515857,871827,820259,184534,29316,44377,60967,72981,70128,101236,116897,121581,202218,313639,400488,471339,479828,340431,149760,34774,285627,60770,2739
China,2002,3394056,177586,224316,46730,36017,33545,25690,69349,135301,169045,245928,513816,888236,855190,194472,29040,40309,59598,75703,67329,101716,122289,123639,198595,315221,408071,480165,494928,360262,157329,37143,260333,59235,3149
China,2003,3430481,162037,203130,41093,31482,31113,26383,65428,131442,170969,255697,507740,907307,889168,207052,29105,36323,57547,73895,70187,100782,127435,128262,195575,312165,415697,491610,512332,376836,167441,39611,234612,57496,3570
China,2004,3474005,150290,186437,36147,28073,28363,27286,62063,126057,173954,266123,500057,924343,924735,222545,28994,33069,54372,71685,76984,96970,131129,134994,194385,305672,424093,500250,533259,391476,180095,42450,214510,55649,3961
China,2005,3510605,139149,171084,31935,27332,25227,28016,59850,120266,174832,275824,491415,936039,958451,237959,28971,30879,50332,69934,84345,90487,135365,140459,193798,297617,430039,506000,550870,407581,192947,45012,198416,53243,4307
China,2006,3559161,129440,157964,28524,26167,22697,27918,59114,114472,176522,284674,486587,952865,991461,254089,29348,29766,46108,68364,92192,84330,137860,146814,194589,291998,436316,516549,565062,426399,206830,47259,184131,50615,4634
China,2007,3612393,121444,147300,25856,24962,20906,26624,59441,108909,176819,292712,486005,968658,1024339,270807,29895,29546,41921,66988,95677,81142,138705,154007,198130,287875,440137,528521,579521,444818,221063,49744,172262,47530,4911
China,2008,3727855,116041,141695,25654,24910,21915,27794,65915,109142,184782,306052,497089,987083,1067844,288391,33664,32251,40610,68532,97297,87485,141425,164627,209138,287951,442141,544942,600432,467412,234677,53714,166605,49709,5246
China,2009,3738894,108467,130491,22024,21537,18585,22990,61686,96208,184165,299501,502005,986839,1103922,305325,32023,29663,34580,61628,91140,93025,133238,166263,217679,284326,431210,555629,613053,490869,246749,58576,152028,41575,5640
China,2010,3801584,100424,121279,20855,20618,17957,20650,63185,90154,192072,298096,513959,991070,1140869,325629,33229,29956,32572,57582,89613,102459,125240,172856,228298,285661,423160,567910,626371,514498,261819,63810,141897,38607,6040
China,2011,3850058,92376,111631,19255,18387,17223,18335,63168,83812,199292,292305,526147,993335,1173302,346727,32948,30220,31220,52592,87401,111891,116395,175910,238720,287427,415933,577402,641763,531539,277741,68986,130018,35558,6385
China,2012,3893694,91646,109533,17887,16758,16306,16777,62069,78531,201203,287392,541238,989734,1201018,366332,31350,30719,30857,47674,85299,115904,111143,176249,249331,291907,408931,580803,655341,545677,292221,74111,126291,33083,6803
China,2013,3967856,82110,98886,16776,15518,15369,15728,61310,74359,196848,291897,566892,988011,1244691,390819,29519,31791,31134,43225,82971,113877,116149,175748,261756,305136,406685,581326,676047,568644,311140,79679,114404,31097,7532
China,2014,4031156,77456,93180,15724,14518,14345,14830,60032,70387,189121,296948,591885,978719,1281447,417259,27097,32935,31061,39326,78541,110580,127463,169485,269903,321982,406014,572705,695051,586396,331828,85431,107698,29175,8489
China,2015,4091027,67983,82609,14626,13506,13218,14166,58040,67929,181418,299581,617705,971596,1316260,445488,24117,33923,31167,36762,73078,108340,140532,159049,280386,337319,408202,563394,712856,603404,352692,92796,96115,27384,9511
China,2016,4151846,65162,78769,13607,12747,12059,13678,55332,66933,172851,302276,639424,967876,1349697,469640,21570,33762,31596,35337,66981,105870,153915,148361,286110,353314,411693,556183,727867,621830,368879,100761,91516,25737,10563
China,2017,4216860,61351,73858,12507,11969,11114,13052,52035,67308,164954,302801,660089,973254,1380809,493867,19827,32208,32253,35055,61029,103925,160161,142640,288423,371666,421204,552050,739049,641760,384959,108908,85827,24166,11751
China,2018,4249892,49369,61053,11684,11259,10288,12205,48308,67978,154806,302686,671638,981820,1395567,519299,18368,29940,33002,34976,54725,100081,155593,147093,284823,386815,436430,545390,735465,660102,401794,117505,72312,22493,12986
China,2019,4349355,42531,53198,10667,10600,9754,11548,45151,69704,145788,314412,680747,1016620,1424647,552617,17462,27689,34490,35214,50203,95585,152366,162046,277965,402782,465329,551291,734767,689880,423074,129543,63798,21302,14568
China,2020,4415492,33669,43152,9483,9919,9172,10661,41292,70812,135718,327013,679070,1049872,1441733,580620,16663,24629,35503,35309,46876,88842,149148,177865,261202,417868,490003,559869,730223,711510,439588,141032,53071,19833,16454
China,2021,4556874,27581,35839,8258,9244,8682,9765,38374,71599,127328,343440,681376,1112301,1486033,614224,16188,22186,35593,36006,45354,81974,146846,196594,245819,435557,528668,583633,743657,742376,462500,151724,45083,18447,18670
Colombia,1950,95562,33008,47305,14297,4892,1844,2196,5523,5301,4797,4999,6857,6713,4604,518,2737,2786,2510,2791,2221,2576,2786,2213,3573,3284,3046,3667,3200,1404,440,78,52197,4040,12
Colombia,1951,95496,33477,48008,14531,4717,1581,2027,5284,5196,4591,4750,6325,7532,5006,470,2640,2644,2396,2800,2230,2361,2558,2192,3268,3057,3532,4000,3403,1603,404,66,52725,3608,10
Colombia,1952,94361,33493,47894,14401,4532,1438,1935,5046,5031,4463,4629,6093,7673,5176,443,2531,2515,2299,2732,2223,2240,2434,2195,3115,2978,3717,3956,3386,1790,374,69,52426,3373,9
Colombia,1953,93072,33503,47741,14238,4388,1359,1880,4813,4836,4381,4584,6040,7418,5175,447,2415,2398,2218,2618,2202,2179,2367,2217,3055,2985,3697,3721,3245,1930,375,72,52129,3239,8
Colombia,1954,92044,33465,47544,14079,4319,1331,1850,4610,4662,4334,4597,6105,7107,5091,490,2307,2303,2155,2507,2175,2159,2344,2253,3073,3032,3620,3487,3082,2009,417,73,51863,3181,7
Colombia,1955,91315,33428,47309,13881,4291,1306,1800,4425,4519,4293,4625,6207,6973,5009,553,2205,2220,2101,2418,2143,2150,2327,2298,3126,3081,3600,3373,2961,2048,480,73,51600,3106,6
Colombia,1956,91061,33356,47038,13682,4300,1303,1749,4289,4434,4282,4681,6336,7062,4965,617,2125,2164,2072,2362,2124,2158,2322,2359,3210,3126,3677,3385,2891,2074,546,71,51338,3052,6
Colombia,1957,88619,32866,45691,12825,4056,1218,1631,4040,4268,4150,4597,6289,7112,4883,676,1987,2053,1995,2273,2038,2112,2249,2348,3230,3059,3717,3395,2809,2074,608,68,49747,2849,6
Colombia,1958,88833,32755,45384,12629,4089,1225,1589,3950,4250,4176,4677,6447,7423,4889,728,1930,2020,1988,2262,2024,2152,2260,2417,3348,3099,3890,3533,2804,2085,659,69,49473,2814,6
Colombia,1959,87538,32376,44437,12061,3942,1169,1509,3773,4161,4116,4675,6501,7601,4884,763,1833,1940,1943,2218,1976,2140,2239,2436,3402,3099,3975,3626,2806,2078,687,76,48379,2678,6
Colombia,1960,87001,32046,43750,11704,3873,1144,1471,3666,4127,4126,4745,6628,7760,4919,786,1777,1889,1925,2202,1967,2159,2266,2479,3466,3162,4042,3718,2849,2070,697,89,47623,2615,6
Colombia,1961,86744,31799,43268,11469,3823,1122,1455,3577,4107,4148,4836,6777,7845,4978,799,1736,1841,1913,2194,1969,2179,2316,2520,3519,3258,4058,3787,2916,2062,699,100,47091,2577,6
Colombia,1962,86537,31521,42795,11274,3780,1105,1454,3498,4095,4167,4940,6935,7890,5062,811,1706,1792,1902,2193,1980,2187,2387,2553,3553,3382,4031,3859,3006,2056,699,112,46575,2559,6
Colombia,1963,86114,31105,42126,11021,3726,1085,1454,3413,4078,4171,5038,7083,7935,5186,816,1676,1737,1886,2192,1992,2179,2458,2580,3566,3517,3993,3942,3123,2063,696,120,45852,2539,6
Colombia,1964,85847,30628,41394,10766,3695,1082,1466,3349,4062,4181,5131,7234,8048,5377,819,1655,1694,1868,2194,2009,2172,2521,2610,3577,3657,3996,4052,3279,2098,694,125,45089,2548,7
Colombia,1965,85638,29974,40468,10494,3691,1095,1488,3300,4054,4192,5216,7384,8278,5633,823,1644,1656,1852,2202,2028,2164,2567,2649,3589,3795,4064,4214,3472,2161,695,128,44159,2583,8
Colombia,1966,85470,29187,39370,10183,3703,1126,1513,3263,4039,4207,5292,7530,8621,5960,831,1638,1625,1830,2209,2048,2159,2595,2697,3600,3930,4197,4424,3710,2250,702,129,43073,2639,9
Colombia,1967,85389,28341,38181,9840,3729,1173,1547,3244,4026,4236,5368,7665,9024,6336,848,1639,1605,1809,2217,2074,2162,2603,2765,3614,4051,4378,4646,3982,2354,715,133,41910,2720,10
Colombia,1968,85044,27356,36784,9428,3720,1211,1577,3229,3990,4265,5438,7781,9435,6730,874,1641,1588,1777,2213,2094,2171,2600,2838,3632,4149,4578,4857,4255,2475,740,134,40504,2788,11
Colombia,1969,84515,26299,35282,8983,3682,1242,1606,3229,3944,4297,5509,7891,9802,7100,915,1654,1575,1745,2199,2111,2186,2602,2907,3665,4226,4758,5044,4491,2609,778,137,38964,2848,12
Colombia,1970,83896,25292,33861,8569,3610,1265,1632,3247,3886,4332,5586,7996,10081,7416,971,1677,1570,1715,2171,2120,2212,2617,2969,3715,4281,4897,5184,4661,2755,830,141,37471,2897,13
Colombia,1971,82722,24200,32224,8024,3456,1259,1655,3272,3807,4362,5653,8077,10233,7676,1037,1706,1566,1682,2125,2119,2243,2637,3016,3778,4299,4977,5256,4763,2913,891,146,35680,2914,13
Colombia,1972,81305,23171,30676,7505,3251,1221,1656,3276,3698,4375,5696,8155,10296,7885,1106,1722,1554,1639,2059,2105,2270,2659,3037,3860,4295,5010,5286,4806,3079,954,152,33927,2877,13
Colombia,1973,80007,22242,29263,7021,3040,1191,1668,3303,3605,4391,5735,8246,10312,8068,1176,1750,1553,1609,1996,2089,2302,2689,3046,3950,4296,5019,5293,4826,3242,1016,160,32303,2859,14
Colombia,1974,78623,21350,27892,6542,2810,1155,1673,3325,3515,4383,5763,8329,10291,8230,1248,1770,1555,1582,1933,2062,2321,2712,3051,4015,4314,5022,5269,4855,3375,1077,171,30702,2828,14
Colombia,1975,76940,20503,26549,6046,2539,1080,1639,3295,3409,4328,5756,8393,10244,8383,1311,1752,1543,1544,1865,2015,2313,2713,3043,4041,4352,5020,5224,4907,3476,1129,182,29088,2719,15
Colombia,1976,75628,19752,25376,5624,2315,1032,1618,3284,3338,4266,5756,8483,10222,8548,1377,1741,1543,1523,1815,1969,2297,2716,3040,4048,4435,5033,5189,4994,3554,1180,197,27691,2650,15
Colombia,1977,74341,18967,24185,5218,2101,982,1587,3263,3271,4187,5757,8585,10231,8737,1441,1723,1540,1500,1771,1916,2271,2714,3043,4025,4560,5060,5171,5116,3621,1232,209,26286,2569,16
Colombia,1978,73332,18221,23072,4851,1912,932,1556,3247,3222,4118,5786,8708,10296,8957,1507,1704,1543,1482,1740,1873,2245,2723,3063,3998,4710,5112,5184,5262,3695,1284,223,24984,2488,17
Colombia,1979,72994,17527,22092,4565,1794,926,1558,3272,3215,4086,5861,8883,10480,9230,1572,1709,1563,1488,1727,1851,2235,2752,3109,4010,4873,5222,5258,5422,3808,1336,236,23886,2484,18
Colombia,1980,72181,16712,20930,4218,1618,845,1493,3197,3156,4028,5925,9048,10742,9545,1638,1662,1535,1462,1694,1819,2209,2773,3152,4039,5009,5356,5386,5581,3964,1388,250,22548,2338,19
Colombia,1981,72162,15958,19910,3952,1515,814,1469,3185,3142,4028,6056,9265,11138,9912,1706,1651,1534,1459,1683,1818,2210,2824,3232,4117,5148,5556,5582,5756,4156,1442,264,21425,2283,21
Colombia,1982,72182,15196,18867,3671,1419,776,1435,3159,3126,4027,6193,9463,11613,10304,1773,1633,1526,1455,1671,1820,2207,2874,3319,4217,5246,5800,5813,5934,4370,1495,278,20286,2211,22
Colombia,1983,72574,14470,17917,3447,1365,767,1427,3181,3147,4058,6350,9653,12139,10706,1840,1639,1542,1473,1674,1841,2217,2931,3419,4340,5313,6064,6075,6118,4588,1548,292,19282,2194,24
Colombia,1984,72647,13817,17022,3205,1279,724,1384,3161,3139,4063,6447,9792,12620,11083,1908,1623,1538,1474,1665,1846,2217,2957,3490,4436,5356,6276,6344,6311,4772,1607,301,18301,2108,25
Colombia,1985,84662,13804,18074,4270,2524,1864,2426,4998,4440,4958,7312,10665,13748,11636,1992,2604,2394,2203,2237,2322,2636,3371,3941,4900,5765,6862,6886,6669,4967,1681,311,20598,4290,26
Colombia,1986,73074,12753,15615,2862,1187,715,1369,3248,3227,4090,6512,9940,13368,11733,2042,1651,1597,1535,1692,1860,2230,2942,3570,4554,5386,6523,6845,6724,5009,1726,316,16802,2084,27
Colombia,1987,73700,12371,15168,2797,1189,739,1386,3340,3322,4128,6512,10016,13688,12061,2119,1685,1655,1595,1727,1876,2252,2916,3596,4603,5413,6576,7112,6957,5104,1793,326,16357,2125,29
Colombia,1988,73429,11958,14559,2601,1089,698,1346,3316,3352,4104,6435,10027,13879,12390,2199,1657,1659,1615,1737,1860,2244,2857,3578,4609,5418,6551,7328,7187,5203,1863,336,15648,2044,31
Colombia,1989,73786,11633,14113,2480,1044,695,1337,3331,3430,4118,6406,10108,14086,12800,2287,1649,1682,1658,1772,1865,2253,2830,3576,4641,5467,6569,7517,7462,5338,1933,354,15157,2032,33
Colombia,1990,74466,11344,13732,2388,1007,692,1331,3328,3524,4159,6422,10248,14299,13298,2388,1631,1697,1705,1819,1889,2270,2835,3587,4693,5555,6630,7669,7772,5526,2011,377,14739,2023,35
Colombia,1991,75483,11047,13365,2318,990,702,1333,3321,3645,4224,6488,10465,14528,13884,2499,1614,1707,1758,1887,1929,2295,2875,3613,4772,5693,6737,7791,8120,5764,2095,404,14355,2035,37
Colombia,1992,76408,10731,12961,2230,955,691,1324,3261,3736,4290,6557,10715,14721,14537,2622,1573,1688,1788,1948,1972,2318,2927,3630,4858,5857,6868,7853,8501,6036,2188,434,13916,2015,39
Colombia,1993,77426,10410,12558,2148,931,690,1329,3198,3822,4367,6641,10974,14898,15218,2754,1536,1662,1813,2009,2024,2343,2988,3653,4944,6030,7018,7880,8875,6343,2288,466,13489,2019,42
Colombia,1994,78499,10022,12095,2073,921,700,1357,3159,3916,4481,6739,11215,15080,15884,2905,1516,1643,1844,2072,2094,2387,3054,3685,5021,6194,7162,7918,9189,6695,2408,497,13016,2057,45
Colombia,1995,79237,9636,11607,1971,892,698,1385,3104,3960,4594,6806,11367,15223,16488,3066,1495,1609,1852,2108,2157,2437,3096,3710,5061,6306,7262,7961,9412,7076,2541,525,12499,2083,48
Colombia,1996,80034,9250,11140,1890,883,713,1435,3081,3994,4746,6867,11460,15372,17051,3234,1494,1587,1860,2134,2240,2506,3126,3741,5074,6386,7348,8024,9564,7487,2684,550,12023,2148,52
Colombia,1997,80603,8853,10632,1779,863,724,1489,3060,3989,4897,6912,11482,15529,17561,3407,1499,1561,1851,2138,2321,2576,3141,3771,5053,6429,7417,8112,9643,7918,2832,575,11495,2213,56
Colombia,1998,81457,8507,10218,1711,864,745,1551,3070,3985,5080,6979,11499,15764,18051,3591,1523,1547,1842,2143,2412,2668,3161,3818,5031,6468,7505,8259,9713,8338,2988,603,11082,2296,60
Colombia,1999,83054,8224,9941,1717,928,815,1639,3160,4042,5315,7117,11570,16120,18552,3792,1589,1571,1860,2182,2526,2789,3221,3896,5043,6527,7645,8475,9860,8692,3158,634,10869,2454,64
Colombia,2000,83333,7887,9477,1590,853,753,1598,3067,3907,5378,7175,11560,16464,19030,4002,1562,1505,1776,2131,2548,2830,3247,3928,5025,6535,7760,8704,10079,8951,3331,671,10330,2351,68
Colombia,2001,85120,7630,9260,1630,897,765,1603,3104,3901,5556,7384,11715,17051,19590,4225,1597,1507,1754,2147,2619,2937,3355,4029,5089,6626,7991,9060,10432,9158,3514,711,10157,2368,72
Colombia,2002,85620,7276,8734,1458,820,719,1546,3047,3791,5595,7496,11728,17517,20095,4454,1581,1466,1682,2109,2616,2979,3422,4074,5102,6626,8153,9364,10808,9287,3703,751,9554,2265,75
Colombia,2003,86468,6966,8320,1354,773,684,1483,3002,3691,5628,7649,11794,18020,20656,4683,1563,1439,1620,2071,2603,3025,3518,4131,5148,6646,8333,9687,11244,9412,3892,791,9093,2167,79
Colombia,2004,87535,6676,7972,1296,745,659,1425,2978,3613,5682,7832,11895,18476,21278,4891,1547,1431,1577,2036,2596,3086,3629,4203,5209,6686,8495,9981,11678,9600,4055,836,8717,2084,82
Colombia,2005,88431,6401,7648,1247,720,640,1368,2956,3528,5710,8008,11990,18770,21928,5079,1523,1433,1540,1988,2575,3135,3728,4280,5262,6728,8589,10181,12058,9870,4196,883,8368,2008,86
Colombia,2006,89087,6111,7295,1184,687,626,1315,2933,3445,5724,8171,12072,18889,22586,5255,1494,1439,1511,1934,2545,3179,3823,4348,5310,6762,8604,10285,12378,10208,4325,930,7982,1941,90
Colombia,2007,90188,5850,6981,1131,656,618,1271,2917,3377,5727,8337,12152,18901,23451,5686,1463,1454,1497,1880,2510,3217,3916,4421,5353,6799,8565,10336,12701,10750,4628,1058,7637,1889,113
Colombia,2008,91247,5574,6631,1057,622,608,1228,2881,3310,5694,8504,12237,18874,24342,6177,1423,1458,1489,1821,2458,3236,3996,4508,5396,6841,8511,10363,13000,11342,4969,1208,7253,1836,139
Colombia,2009,92510,5328,6324,996,589,597,1189,2829,3258,5639,8678,12358,18899,25238,6741,1378,1451,1489,1769,2398,3241,4066,4612,5462,6896,8500,10399,13281,11957,5370,1371,6913,1786,168
Colombia,2010,94170,5134,6112,978,578,598,1172,2800,3264,5624,8908,12575,19079,26032,7234,1347,1453,1515,1749,2366,3258,4153,4755,5590,6985,8583,10496,13540,12492,5734,1500,6690,1770,190
Colombia,2011,95995,4945,5878,933,552,582,1149,2740,3273,5576,9158,12829,19375,26866,7797,1306,1434,1538,1735,2326,3250,4224,4934,5739,7090,8741,10634,13811,13055,6154,1643,6430,1731,216
Colombia,2012,98146,4726,5584,858,521,563,1126,2675,3297,5524,9433,13144,19736,27810,8477,1267,1408,1563,1734,2292,3232,4291,5142,5926,7218,8957,10779,14109,13701,6665,1812,6105,1689,250
Colombia,2013,100821,4543,5360,817,509,553,1109,2633,3345,5485,9742,13558,20146,28859,9233,1242,1391,1591,1754,2267,3218,4367,5375,6174,7384,9223,10923,14432,14427,7231,2002,5869,1662,288
Colombia,2014,103686,4378,5163,785,499,542,1085,2601,3388,5449,10047,14065,20541,29970,10012,1226,1375,1605,1783,2246,3203,4440,5607,6455,7610,9496,11045,14756,15214,7811,2201,5662,1627,324
Colombia,2015,106669,4211,4959,748,497,533,1058,2595,3434,5429,10346,14689,20869,31142,10765,1225,1370,1611,1823,2231,3198,4522,5824,6772,7917,9750,11119,15083,16059,8368,2397,5456,1591,356
Colombia,2016,109378,4054,4769,715,496,525,1022,2608,3472,5433,10599,15414,21134,32244,11290,1233,1375,1604,1868,2228,3205,4592,6007,7134,8280,9981,11153,15386,16858,8767,2523,5265,1547,370
Colombia,2017,112226,3924,4628,704,512,535,1016,2685,3562,5499,10832,16233,21532,33233,11592,1272,1413,1624,1938,2265,3234,4651,6181,7537,8696,10256,11276,15676,17557,9000,2592,5140,1551,372
Colombia,2018,115423,3799,4469,670,499,526,1015,2782,3686,5608,10973,17015,22158,34274,12015,1313,1469,1671,2015,2349,3259,4652,6321,7906,9109,10578,11580,16026,18248,9279,2736,4968,1541,403
Colombia,2019,119339,3707,4366,659,498,542,1067,2937,3911,5812,11060,17709,23281,35273,12433,1371,1566,1788,2123,2516,3296,4601,6459,8231,9478,11075,12206,16479,18794,9545,2888,4864,1609,450
Colombia,2020,144396,3593,4223,630,379,507,1012,3101,4534,7033,14204,23696,30991,41274,12928,1406,1695,1944,2590,3051,3982,5930,8274,11075,12621,14554,16437,21743,19531,9822,3106,4602,1519,512
Colombia,2021,171151,3508,4150,642,433,592,1069,3630,5697,9474,19010,31607,37908,43751,13303,1607,2023,2561,3136,4286,5188,7710,11300,15150,16457,18454,19454,23557,20194,10156,3147,4583,1661,532
Comoros,1950,2105,623,993,370,109,61,73,160,148,113,105,137,146,60,0,80,80,77,71,62,51,50,55,64,73,80,66,53,7,0,0,1102,134,0
Comoros,1951,2477,694,1130,436,153,84,86,190,179,145,131,157,163,68,0,95,95,92,87,79,66,65,66,75,82,89,74,55,13,0,0,1283,170,0
Comoros,1952,2203,678,1074,396,107,60,73,160,149,118,110,137,149,67,0,80,80,77,72,64,54,54,56,65,72,80,69,49,18,0,0,1181,133,0
Comoros,1953,2250,698,1109,411,105,60,73,160,149,122,112,139,149,71,0,80,80,77,72,66,56,55,57,67,72,80,69,48,23,0,0,1214,133,0
Comoros,1954,2294,713,1139,426,105,60,73,162,150,123,112,140,149,71,1,82,80,77,73,66,57,55,57,68,72,80,69,47,24,1,0,1244,133,0
Comoros,1955,2324,726,1163,437,108,60,73,160,150,128,116,141,152,72,3,80,80,77,73,68,60,58,58,68,73,80,72,47,25,3,0,1271,133,0
Comoros,1956,2345,734,1177,443,109,59,72,160,147,128,121,145,152,74,4,80,80,75,72,68,60,60,61,70,75,80,72,48,26,4,0,1286,131,0
Comoros,1957,2360,740,1188,448,113,58,72,158,146,128,121,145,152,74,6,80,78,75,71,68,60,60,61,70,75,80,72,49,25,6,0,1301,130,0
Comoros,1958,2380,745,1194,449,117,58,72,157,145,129,124,147,153,73,7,80,77,75,70,68,61,62,62,71,76,80,73,50,23,7,0,1311,130,0
Comoros,1959,2405,749,1199,450,123,58,72,159,146,131,130,151,153,75,9,80,79,75,71,68,63,65,65,73,78,80,73,50,25,9,0,1322,130,0
Comoros,1960,2422,753,1202,449,127,58,72,160,145,133,131,154,157,75,9,80,80,75,70,68,65,65,66,74,80,84,73,50,25,9,0,1329,130,0
Comoros,1961,2421,755,1201,446,127,59,70,159,144,131,132,157,157,75,9,80,79,74,70,67,64,65,67,76,81,84,73,50,25,8,1,1328,129,0
Comoros,1962,2430,756,1201,445,129,59,69,159,144,129,138,160,159,75,9,80,79,74,70,66,63,68,70,78,82,85,74,50,25,8,1,1330,128,0
Comoros,1963,2437,757,1199,442,129,61,69,159,141,128,139,161,164,76,9,80,79,73,68,65,63,68,71,78,83,89,75,51,25,8,1,1328,130,0
Comoros,1964,2455,757,1198,441,132,63,68,160,144,128,142,167,166,78,9,80,80,75,69,65,63,69,73,82,85,90,76,53,25,8,1,1330,131,0
Comoros,1965,2462,756,1193,437,133,67,66,160,143,127,144,170,170,79,9,80,80,75,68,65,62,69,75,83,87,91,79,54,25,8,1,1326,133,0
Comoros,1966,2453,756,1190,434,131,67,66,158,139,124,143,172,173,79,10,78,80,73,66,63,61,68,75,84,88,93,80,54,25,9,1,1321,133,0
Comoros,1967,2424,756,1185,429,128,65,64,148,136,120,142,175,175,79,10,73,75,72,64,60,60,68,74,85,90,95,80,54,25,9,1,1313,129,0
Comoros,1968,2392,758,1185,427,122,62,62,135,129,114,139,176,177,80,10,65,70,68,61,58,56,65,74,86,90,95,82,55,25,9,1,1307,124,0
Comoros,1969,2364,761,1184,423,116,61,61,125,123,110,136,177,180,80,10,60,65,64,59,55,55,63,73,86,91,95,85,55,25,9,1,1300,122,0
Comoros,1970,2342,765,1185,420,112,57,60,116,116,105,132,179,184,83,10,56,60,60,56,53,52,61,71,87,92,99,85,57,26,9,1,1297,117,0
Comoros,1971,2325,770,1185,415,108,56,59,110,114,102,130,182,188,85,10,54,56,59,55,51,51,60,70,87,95,100,88,58,27,9,1,1293,115,0
Comoros,1972,2315,776,1187,411,103,53,56,103,109,100,127,185,195,86,10,51,52,55,54,50,50,58,69,88,97,104,91,58,28,9,1,1290,109,0
Comoros,1973,2332,783,1193,410,103,53,57,102,109,99,126,189,204,89,10,52,50,55,54,50,49,57,69,89,100,109,95,60,29,9,1,1296,110,0
Comoros,1974,2353,790,1198,408,102,52,58,103,110,99,125,193,213,92,10,55,48,55,55,50,49,56,69,89,104,113,100,62,30,9,1,1300,110,0
Comoros,1975,2505,810,1244,434,116,61,64,117,120,106,132,206,232,97,10,63,54,60,60,55,51,60,72,95,111,123,109,66,31,9,1,1360,125,0
Comoros,1976,2405,804,1206,402,101,52,58,107,108,101,124,204,233,98,10,58,49,53,55,51,50,56,68,94,110,124,109,67,31,9,1,1307,110,0
Comoros,1977,2437,810,1210,400,102,52,59,111,108,102,125,209,251,101,10,60,51,53,55,52,50,56,69,95,114,132,119,70,31,9,1,1312,111,0
Comoros,1978,2453,814,1208,394,101,52,60,113,106,102,122,211,261,104,10,61,52,51,55,52,50,55,67,95,116,137,124,72,32,9,1,1309,112,0
Comoros,1979,2486,819,1207,388,102,52,61,119,106,103,122,215,276,110,10,63,56,51,55,53,50,55,67,95,120,144,132,76,34,9,1,1309,113,0
Comoros,1980,2515,821,1204,383,103,53,61,123,106,104,123,217,291,115,11,65,58,51,55,54,50,56,67,95,122,150,141,81,34,10,1,1307,114,0
Comoros,1981,2536,821,1197,376,103,54,62,127,107,106,124,221,300,123,11,65,62,52,55,55,51,57,67,96,125,153,147,87,36,10,1,1300,116,0
Comoros,1982,2550,817,1185,368,103,56,63,130,109,110,125,222,307,130,13,67,63,55,54,55,55,58,67,96,126,155,152,92,38,11,2,1288,119,0
Comoros,1983,2584,811,1175,364,106,56,64,134,111,110,128,224,319,139,14,69,65,57,54,55,55,59,69,97,127,160,159,98,41,12,2,1281,120,0
Comoros,1984,2572,799,1151,352,103,56,64,133,113,110,129,224,328,146,14,68,65,60,53,55,55,60,69,96,128,164,164,105,41,12,2,1254,120,0
Comoros,1985,2579,789,1131,342,103,56,66,134,115,115,131,225,336,155,14,69,65,62,53,58,57,61,70,96,129,168,168,110,45,12,2,1234,122,0
Comoros,1986,2580,779,1111,332,103,56,66,134,117,118,133,225,342,162,14,69,65,63,54,58,60,63,70,96,129,169,173,114,48,12,2,1214,122,0
Comoros,1987,2612,771,1099,328,107,59,68,139,122,119,138,225,349,171,15,70,69,65,57,59,60,65,73,96,129,172,177,120,51,13,2,1206,127,0
Comoros,1988,2607,760,1076,316,104,58,69,141,126,119,140,224,353,179,17,71,70,66,60,58,61,66,74,95,129,172,181,125,54,15,2,1180,127,0
Comoros,1989,2613,751,1058,307,105,59,71,142,131,121,143,223,355,188,17,72,70,68,63,58,63,69,74,95,128,172,183,130,58,15,2,1163,130,0
Comoros,1990,2615,740,1040,300,105,60,72,143,136,121,147,223,355,195,17,73,70,70,66,58,63,70,77,95,128,172,183,134,61,15,2,1145,132,0
Comoros,1991,2626,727,1017,290,104,62,75,146,138,125,152,228,362,202,19,76,70,70,68,60,65,73,79,100,128,174,188,138,64,17,2,1121,137,0
Comoros,1992,2603,711,992,281,102,60,72,143,138,123,153,228,365,206,20,73,70,70,68,60,63,73,80,100,128,175,190,139,67,18,2,1094,132,0
Comoros,1993,2555,693,963,270,98,57,71,137,130,123,152,226,362,211,23,72,65,65,65,62,61,72,80,100,126,172,190,142,69,21,2,1061,128,0
Comoros,1994,2538,675,936,261,97,58,71,136,132,124,155,226,362,215,24,71,65,65,67,64,60,73,82,100,126,170,192,144,71,21,3,1033,129,0
Comoros,1995,2517,664,919,255,95,57,71,135,131,126,154,226,362,221,25,70,65,65,66,66,60,71,83,100,126,170,192,146,75,22,3,1014,128,0
Comoros,1996,2514,659,908,249,93,57,71,133,131,129,155,228,361,224,26,69,64,65,66,68,61,71,84,102,126,169,192,148,76,23,3,1001,128,0
Comoros,1997,2496,655,899,244,91,56,68,128,125,130,155,229,356,231,28,67,61,60,65,68,62,71,84,103,126,165,191,151,80,24,4,990,124,0
Comoros,1998,2550,658,910,252,96,58,72,133,129,137,158,235,361,235,28,70,63,62,67,70,67,72,86,105,130,169,192,154,81,24,4,1006,130,0
Comoros,1999,2540,653,896,243,92,58,72,133,128,139,157,237,358,237,32,70,63,61,67,70,69,70,87,107,130,167,191,155,82,28,4,988,130,0
Comoros,2000,2603,658,911,253,96,61,76,137,133,145,162,250,359,243,32,72,65,65,68,70,75,72,90,110,140,170,189,158,85,28,4,1007,137,0
Comoros,2001,2602,660,909,249,91,57,72,133,129,144,162,259,367,245,33,70,63,61,68,70,74,74,88,117,142,184,183,159,86,28,5,1000,129,0
Comoros,2002,2672,666,923,257,96,60,77,137,131,147,167,266,389,247,34,73,64,62,69,73,74,82,85,127,139,210,179,159,88,29,5,1019,137,0
Comoros,2003,2694,661,914,253,96,59,77,136,130,147,168,267,416,249,34,72,64,61,69,74,73,88,80,135,132,237,179,159,90,29,5,1010,136,0
Comoros,2004,2685,662,908,246,92,57,76,135,126,146,168,268,422,248,36,72,63,60,66,75,71,88,80,133,135,232,190,158,90,31,5,1000,133,1
Comoros,2005,2727,663,902,239,92,57,74,140,127,150,177,280,439,245,37,75,65,60,67,75,75,90,87,129,151,225,214,155,90,31,6,994,131,1
Comoros,2006,2760,659,890,231,90,58,75,143,133,157,186,292,456,243,37,77,66,64,69,78,79,90,96,122,170,213,243,152,91,31,6,980,133,1
Comoros,2007,2776,654,883,229,87,56,74,143,132,158,194,300,471,237,38,77,66,65,67,78,80,89,105,116,184,203,268,146,91,32,6,970,130,1
Comoros,2008,2803,646,865,219,84,56,74,146,133,164,199,306,488,241,38,78,68,65,68,79,85,88,111,114,192,202,286,150,91,32,6,949,130,1
Comoros,2009,2789,642,857,215,78,53,69,141,132,162,201,307,495,252,38,74,67,65,67,76,86,88,113,117,190,210,285,160,92,32,6,935,122,1
Comoros,2010,2833,638,846,208,77,53,71,145,134,169,207,312,506,271,40,75,70,65,69,79,90,92,115,126,186,230,276,180,91,33,7,923,124,1
Comoros,2011,2825,631,835,204,73,51,67,139,133,165,206,310,511,294,42,70,69,65,68,76,89,95,111,135,175,250,261,206,88,35,7,908,118,1
Comoros,2012,2863,621,821,200,73,49,69,141,136,168,212,313,519,315,43,71,70,66,70,77,91,100,112,146,167,268,251,228,87,35,8,894,118,1
Comoros,2013,2840,608,802,194,70,47,66,137,134,165,213,314,523,330,44,67,70,65,69,75,90,103,110,153,161,275,248,241,89,36,8,872,113,1
Comoros,2014,2880,597,787,190,70,47,67,139,142,168,222,327,536,340,44,69,70,70,72,77,91,108,114,159,168,275,261,242,98,36,8,857,114,1
Comoros,2015,2849,585,768,183,66,43,63,133,136,165,220,331,540,343,42,66,67,67,69,76,89,107,113,157,174,261,279,231,112,34,8,834,106,1
Comoros,2016,2882,572,748,176,66,43,64,134,142,169,232,345,548,349,41,67,67,70,72,78,91,111,121,156,189,248,300,221,128,33,8,814,107,1
Comoros,2017,2841,560,731,171,62,41,59,125,139,164,232,350,547,353,41,63,62,69,70,77,87,109,123,150,200,232,315,213,140,33,8,793,100,1
Comoros,2018,2874,544,708,164,61,41,58,126,141,168,240,366,558,364,43,64,62,69,72,79,89,110,130,152,214,233,325,216,148,35,8,769,99,1
Comoros,2019,2924,529,687,158,63,41,59,130,148,175,252,380,569,376,47,65,65,72,76,82,93,115,137,157,223,243,326,228,148,39,8,750,100,1
Comoros,2020,2962,514,664,150,58,37,50,111,138,171,261,413,601,398,55,55,56,64,74,79,92,116,145,171,242,275,326,251,147,47,8,722,87,1
Comoros,2021,3193,499,644,145,58,37,53,123,152,193,293,465,663,446,63,60,63,69,83,89,104,128,165,202,263,322,341,293,153,55,8,702,90,1
Congo,1950,9217,2749,4822,2073,485,251,237,533,505,455,491,633,579,202,24,263,270,259,246,234,221,238,253,302,331,322,257,134,68,20,4,5307,488,1
Congo,1951,9241,2745,4800,2055,480,248,235,534,508,459,498,641,597,218,25,263,271,259,249,236,223,242,256,305,336,328,269,148,70,21,4,5280,483,1
Congo,1952,9212,2728,4754,2026,471,243,232,529,507,459,501,643,612,234,29,261,268,259,248,236,223,242,259,305,338,335,277,164,70,23,6,5225,475,1
Congo,1953,9174,2707,4699,1992,467,239,230,523,501,457,501,650,625,251,28,258,265,255,246,234,223,242,259,308,342,341,284,179,72,24,4,5166,469,1
Congo,1954,9139,2677,4622,1945,461,235,227,521,504,462,506,655,643,267,29,257,264,256,248,237,225,242,264,310,345,350,293,192,75,25,4,5083,462,1
Congo,1955,9077,2646,4537,1891,455,230,225,516,503,464,512,665,658,287,31,253,263,255,248,237,227,245,267,315,350,357,301,204,83,26,5,4992,455,1
Congo,1956,8983,2613,4444,1831,445,225,220,507,495,462,511,667,672,304,31,248,259,251,244,236,226,244,267,315,352,362,310,213,91,26,5,4889,445,1
Congo,1957,8894,2573,4346,1773,436,220,215,499,491,461,514,673,685,323,32,245,254,248,243,235,226,246,268,318,355,367,318,222,101,27,5,4782,435,1
Congo,1958,8809,2536,4249,1713,425,216,210,489,487,460,515,678,702,337,34,240,249,246,241,234,226,247,268,321,357,376,326,227,110,28,6,4674,426,1
Congo,1959,8751,2498,4154,1656,413,213,209,487,489,466,522,690,719,351,35,238,249,246,243,237,229,249,273,327,363,383,336,235,116,29,6,4567,422,1
Congo,1960,8668,2461,4066,1605,403,210,205,477,481,463,522,697,735,368,39,233,244,241,240,234,229,249,273,329,368,390,345,243,125,33,6,4469,415,1
Congo,1961,8622,2430,3987,1557,394,207,204,473,481,467,530,708,751,381,42,230,243,241,240,236,231,252,278,333,375,397,354,250,131,36,6,4381,411,1
Congo,1962,8555,2406,3919,1513,387,204,200,463,471,462,529,713,766,395,46,225,238,236,235,233,229,251,278,334,379,402,364,259,136,39,7,4306,404,1
Congo,1963,8561,2399,3876,1477,380,205,200,461,472,466,533,725,786,409,51,225,236,236,236,234,232,254,279,338,387,412,374,269,140,44,7,4256,405,1
Congo,1964,8586,2399,3847,1448,375,201,201,459,471,469,540,739,804,421,55,224,235,235,236,236,233,257,283,343,396,421,383,277,144,47,8,4222,402,1
Congo,1965,8628,2402,3825,1423,371,200,202,459,474,475,550,753,824,435,57,223,236,235,239,237,238,262,288,348,405,431,393,286,149,49,8,4196,402,1
Congo,1966,8657,2406,3805,1399,365,199,203,457,474,475,557,765,846,447,61,223,234,235,239,237,238,264,293,353,412,442,404,294,153,52,9,4170,402,1
Congo,1967,8802,2417,3811,1394,373,206,212,468,485,493,572,786,875,464,65,229,239,240,245,246,247,272,300,363,423,459,416,304,160,54,11,4184,418,1
Congo,1968,8772,2423,3790,1367,357,198,205,458,477,486,573,791,891,478,68,225,233,236,241,242,244,271,302,364,427,467,424,312,166,57,11,4147,403,1
Congo,1969,8829,2435,3789,1354,354,197,206,458,476,490,579,801,915,493,68,227,231,235,241,242,248,274,305,369,432,479,436,322,171,57,11,4143,403,1
Congo,1970,8922,2451,3797,1346,353,197,207,464,481,498,589,817,941,507,70,229,235,238,243,247,251,279,310,375,442,492,449,330,177,59,11,4150,404,1
Congo,1971,9004,2475,3813,1338,353,196,209,466,482,500,598,827,960,520,74,231,235,238,244,247,253,283,315,380,447,500,460,339,181,62,12,4166,405,1
Congo,1972,9140,2500,3832,1332,352,196,211,476,488,514,613,850,990,537,77,237,239,240,248,254,260,289,324,390,460,515,475,349,188,65,12,4184,407,1
Congo,1973,9225,2514,3844,1330,353,197,213,480,493,518,621,862,1011,549,79,239,241,242,251,257,261,293,328,396,466,523,488,356,193,66,13,4197,410,1
Congo,1974,9328,2528,3857,1329,355,198,216,488,496,525,632,879,1035,566,83,243,245,244,252,259,266,298,334,404,475,533,502,368,198,69,14,4212,414,1
Congo,1975,9495,2542,3866,1324,357,199,221,503,507,541,651,906,1069,589,88,249,254,249,258,266,275,307,344,416,490,549,520,382,207,73,15,4223,420,2
Congo,1976,9526,2543,3850,1307,358,202,221,500,504,544,662,912,1077,603,91,248,252,247,257,266,278,310,352,418,494,550,527,390,213,75,16,4208,423,2
Congo,1977,9631,2530,3826,1296,361,204,224,511,511,562,689,932,1097,621,93,252,259,250,261,274,288,321,368,428,504,557,540,400,221,77,16,4187,428,2
Congo,1978,9615,2510,3790,1280,357,207,226,508,505,563,698,941,1094,628,94,252,256,248,257,273,290,324,374,434,507,554,540,405,223,78,16,4147,433,2
Congo,1979,9676,2485,3742,1257,355,210,231,516,511,577,720,970,1103,640,99,257,259,253,258,280,297,336,384,455,515,561,542,414,226,83,16,4097,441,2
Congo,1980,9637,2462,3694,1232,350,210,232,519,504,574,726,987,1097,640,100,259,260,253,251,278,296,343,383,471,516,565,532,417,223,84,16,4044,442,2
Congo,1981,9696,2448,3647,1199,348,210,238,530,511,583,753,1027,1105,641,102,265,265,257,254,281,302,360,393,502,525,583,522,424,217,84,18,3995,448,2
Congo,1982,9673,2433,3604,1171,344,209,241,536,508,578,762,1057,1105,629,99,268,268,256,252,276,302,365,397,521,536,597,508,421,208,81,18,3948,450,2
Congo,1983,9717,2408,3550,1142,341,208,248,553,519,584,784,1103,1115,617,92,276,277,261,258,274,310,373,411,537,566,609,506,415,202,76,16,3891,456,2
Congo,1984,9748,2381,3488,1107,335,206,254,573,536,593,812,1155,1128,591,76,286,287,269,267,273,320,378,434,543,612,615,513,392,199,60,16,3823,460,2
Congo,1985,10014,2415,3512,1097,333,209,259,603,567,612,849,1213,1183,603,73,299,304,285,282,280,332,387,462,548,665,629,554,384,219,57,16,3845,468,2
Congo,1986,10254,2423,3529,1106,329,209,263,627,597,628,876,1260,1243,617,74,311,316,302,295,291,337,393,483,551,709,648,595,383,234,58,16,3858,472,2
Congo,1987,10685,2444,3563,1119,329,215,273,679,660,670,930,1328,1318,638,78,334,345,336,324,316,354,419,511,577,751,685,633,393,245,63,15,3892,488,2
Congo,1988,11319,2483,3627,1144,334,226,292,769,763,744,1004,1403,1403,664,88,372,397,391,372,360,384,460,544,621,782,744,659,415,249,73,15,3961,518,2
Congo,1989,12058,2534,3707,1173,343,235,311,873,891,837,1082,1483,1495,696,99,415,458,457,434,416,421,505,577,682,801,819,676,448,248,84,15,4050,546,2
Congo,1990,12915,2612,3832,1220,362,248,338,996,1046,942,1171,1564,1582,729,105,463,533,537,509,479,463,555,616,746,818,892,690,484,245,92,13,4194,586,2
Congo,1991,13828,2711,3981,1270,379,261,368,1124,1212,1059,1252,1647,1667,763,110,512,612,620,592,544,515,597,655,804,843,956,711,519,244,97,13,4360,629,2
Congo,1992,14913,2843,4189,1346,395,268,389,1266,1429,1214,1354,1741,1747,803,115,559,707,727,702,631,583,644,710,859,882,1002,745,550,253,100,15,4584,657,2
Congo,1993,15705,2987,4425,1438,422,283,414,1359,1557,1298,1390,1791,1806,839,122,596,763,789,768,675,623,654,736,873,918,1008,798,568,271,103,19,4847,697,2
Congo,1994,16526,3154,4697,1543,453,302,441,1456,1688,1381,1421,1837,1851,873,125,633,823,857,831,720,661,663,758,876,961,993,858,578,295,103,22,5150,743,2
Congo,1995,17085,3326,4976,1650,496,334,477,1508,1721,1401,1402,1854,1887,904,124,664,844,878,843,734,667,650,752,864,990,975,912,586,318,102,22,5472,811,2
Congo,1996,17631,3518,5287,1769,530,355,491,1541,1761,1428,1394,1862,1913,940,129,686,855,902,859,753,675,651,743,855,1007,961,952,600,340,104,25,5817,846,2
Congo,1997,19795,3877,6064,2187,693,428,566,1745,1969,1630,1508,1990,2050,1017,133,793,952,1006,963,868,762,720,788,914,1076,1024,1026,650,367,109,24,6757,994,2
Congo,1998,19495,3921,6082,2161,666,427,548,1683,1934,1583,1449,1934,2007,1047,132,764,919,988,946,847,736,705,744,895,1039,1016,991,677,370,112,20,6748,975,1
Congo,1999,19133,3937,6017,2080,618,415,537,1639,1903,1554,1399,1860,1954,1087,147,748,891,968,935,834,720,694,705,872,988,1013,941,714,373,124,23,6635,952,2
Congo,2000,19028,3943,6011,2068,611,414,536,1609,1880,1550,1376,1811,1940,1131,155,734,875,949,931,830,720,691,685,854,957,1028,912,754,377,132,23,6622,950,2
Congo,2001,19458,4052,6098,2046,607,409,548,1669,1945,1612,1402,1802,1964,1198,199,757,912,976,969,861,751,711,691,849,953,1053,911,799,399,157,42,6705,957,8
Congo,2002,19268,4028,6000,1972,587,398,538,1624,1916,1625,1406,1770,1964,1234,195,731,893,952,964,862,763,714,692,825,945,1049,915,815,419,160,35,6587,936,8
Congo,2003,18876,3897,5782,1885,564,384,525,1558,1867,1632,1413,1738,1962,1255,192,696,862,919,948,860,772,717,696,797,941,1030,932,809,446,159,33,6346,909,7
Congo,2004,18541,3783,5530,1747,519,358,503,1513,1836,1654,1439,1721,1978,1277,207,673,840,896,940,867,787,727,712,779,942,1014,964,794,483,167,40,6049,861,7
Congo,2005,18071,3659,5277,1618,482,334,477,1440,1764,1644,1450,1692,1993,1297,215,643,797,857,907,858,786,734,716,762,930,1000,993,783,514,171,44,5759,811,8
Congo,2006,17991,3554,5057,1503,442,308,453,1435,1812,1718,1507,1688,2009,1319,229,637,798,880,932,896,822,769,738,767,921,994,1015,783,536,179,50,5499,761,10
Congo,2007,17801,3465,4875,1410,420,293,435,1392,1782,1737,1543,1686,2032,1347,248,620,772,867,915,903,834,791,752,777,909,1001,1031,797,550,193,55,5295,728,12
Congo,2008,17657,3413,4739,1326,394,276,415,1348,1761,1760,1584,1688,2042,1373,266,602,746,856,905,908,852,818,766,795,893,1014,1028,822,551,208,58,5133,691,14
Congo,2009,17392,3362,4634,1272,379,262,392,1274,1687,1746,1608,1690,2047,1387,272,569,705,817,870,892,854,829,779,812,878,1026,1021,850,537,219,53,5013,654,12
Congo,2010,17547,3426,4704,1278,383,260,387,1249,1642,1738,1639,1709,2070,1433,314,558,691,793,849,879,859,841,798,830,879,1041,1029,892,541,245,69,5087,647,17
Congo,2011,17667,3384,4638,1254,372,251,378,1239,1661,1794,1715,1762,2085,1449,312,547,692,795,866,897,897,877,838,863,899,1049,1036,913,536,247,65,5010,629,16
Congo,2012,17902,3331,4582,1251,372,249,374,1237,1697,1863,1810,1829,2104,1468,308,541,696,802,895,923,940,922,888,900,929,1051,1053,924,544,247,61,4954,623,15
Congo,2013,17525,3241,4464,1223,378,250,361,1148,1586,1798,1812,1849,2103,1477,290,502,646,741,845,879,919,916,896,904,945,1033,1070,920,557,236,54,4842,611,11
Congo,2014,17531,3124,4272,1148,361,240,352,1119,1597,1854,1913,1935,2123,1485,275,485,634,739,858,898,956,965,948,947,988,1034,1089,913,572,225,50,4633,592,7
Congo,2015,17765,3022,4160,1138,372,246,356,1128,1645,1931,2010,2016,2145,1498,262,489,639,760,885,935,996,1016,994,991,1025,1043,1102,911,587,215,47,4532,602,5
Congo,2016,17426,2919,4031,1112,379,246,345,1057,1548,1860,1996,2036,2150,1513,258,463,594,715,833,900,960,1006,990,1003,1033,1047,1103,917,596,212,46,4410,591,3
Congo,2017,17622,2834,3925,1091,382,251,352,1058,1570,1916,2079,2114,2178,1534,262,465,593,724,846,930,986,1048,1031,1049,1065,1077,1101,933,601,217,45,4307,603,2
Congo,2018,17876,2761,3838,1077,385,256,359,1063,1595,1975,2161,2202,2212,1556,271,469,594,737,858,960,1015,1087,1074,1100,1102,1115,1097,953,603,226,45,4223,615,2
Congo,2019,19670,2846,4284,1438,613,402,469,1241,1739,2102,2295,2327,2314,1601,281,569,672,812,927,1029,1073,1153,1142,1165,1162,1187,1127,994,607,237,44,4897,871,3
Congo,2020,18592,2623,3661,1038,378,265,363,1021,1531,1989,2392,2573,2469,1659,294,460,561,698,833,949,1040,1173,1219,1277,1296,1305,1164,1032,627,249,45,4039,628,3
Congo,2021,19643,2563,3589,1026,372,273,372,1033,1585,2159,2632,2871,2683,1762,307,468,565,706,879,1015,1144,1279,1353,1428,1443,1429,1254,1090,672,261,46,3961,645,3
Cook Islands,1950,187,45,68,23,14,10,12,20,17,10,10,10,10,5,0,10,10,10,7,5,5,5,5,5,5,5,5,5,0,0,0,82,22,0
Cook Islands,1951,180,44,66,22,14,10,10,20,16,10,10,10,10,5,0,10,10,10,6,5,5,5,5,5,5,5,5,5,0,0,0,80,20,0
Cook Islands,1952,171,43,64,21,12,9,10,20,14,10,10,10,10,5,0,10,10,9,5,5,5,5,5,5,5,5,5,5,0,0,0,76,19,0
Cook Islands,1953,162,42,61,19,11,6,10,19,10,10,10,10,10,4,0,10,9,5,5,5,5,5,5,5,5,5,5,4,0,0,0,72,16,0
Cook Islands,1954,154,41,59,18,10,5,10,16,10,10,10,10,10,3,0,10,6,5,5,5,5,5,5,5,5,5,5,3,0,0,0,69,15,0
Cook Islands,1955,148,39,57,18,9,5,9,13,10,10,10,10,10,4,0,8,5,5,5,5,5,5,5,5,5,5,5,4,0,0,0,66,14,0
Cook Islands,1956,141,37,53,16,8,5,8,11,10,10,10,10,10,3,0,6,5,5,5,5,5,5,5,5,5,5,5,3,0,0,0,61,13,0
Cook Islands,1957,133,36,51,15,7,5,6,10,10,10,10,10,10,3,0,5,5,5,5,5,5,5,5,5,5,5,5,3,0,0,0,58,11,0
Cook Islands,1958,128,35,49,14,7,5,5,10,10,10,10,10,10,3,0,5,5,5,5,5,5,5,5,5,5,5,5,3,0,0,0,56,10,0
Cook Islands,1959,122,34,48,14,6,5,5,10,10,10,10,10,10,4,0,5,5,5,5,5,5,5,5,5,5,5,5,4,0,0,0,54,10,0
Cook Islands,1960,116,33,45,12,6,5,5,10,10,10,10,10,10,5,0,5,5,5,5,5,5,5,5,5,5,5,5,5,0,0,0,51,10,0
Cook Islands,1961,111,31,42,11,6,5,5,10,10,10,10,10,10,5,0,5,5,5,5,5,5,5,5,5,5,5,5,5,0,0,0,48,10,0
Cook Islands,1962,106,29,40,11,5,5,5,10,10,10,10,10,10,5,0,5,5,5,5,5,5,5,5,5,5,5,5,5,0,0,0,45,10,0
Cook Islands,1963,101,27,37,10,5,5,5,10,10,10,10,10,10,3,0,5,5,5,5,5,5,5,5,5,5,5,5,3,0,0,0,42,10,0
Cook Islands,1964,95,25,34,9,5,5,5,10,10,10,10,10,10,3,0,5,5,5,5,5,5,5,5,5,5,5,5,3,0,0,0,39,10,0
Cook Islands,1965,91,23,30,7,5,4,5,10,10,10,10,10,10,4,0,5,5,5,5,5,5,5,5,5,5,5,5,4,0,0,0,35,9,0
Cook Islands,1966,86,20,27,7,5,2,5,10,6,10,10,10,10,5,0,5,5,1,5,5,5,5,5,5,5,5,5,5,0,0,0,32,7,0
Cook Islands,1967,80,18,24,6,5,0,5,5,0,9,10,10,10,5,0,5,0,0,0,4,5,5,5,5,5,5,5,5,0,0,0,29,5,0
Cook Islands,1968,76,17,22,5,4,0,3,2,0,3,10,10,10,6,0,2,0,0,0,0,3,5,5,5,5,5,5,5,1,0,0,26,3,0
Cook Islands,1969,71,16,20,4,3,0,0,0,0,1,10,10,10,7,0,0,0,0,0,0,1,5,5,5,5,5,5,5,2,0,0,23,0,0
Cook Islands,1970,66,14,18,4,2,0,0,0,0,0,10,10,10,7,0,0,0,0,0,0,0,5,5,5,5,5,5,5,2,0,0,20,0,0
Cook Islands,1971,61,13,17,4,1,0,0,0,0,0,7,10,10,6,0,0,0,0,0,0,0,2,5,5,5,5,5,5,1,0,0,18,0,0
Cook Islands,1972,58,12,16,4,0,0,0,0,0,0,3,10,10,6,0,0,0,0,0,0,0,0,3,5,5,5,5,5,1,0,0,16,0,0
Cook Islands,1973,54,10,14,4,0,0,0,0,0,0,2,10,10,7,0,0,0,0,0,0,0,0,2,5,5,5,5,5,2,0,0,14,0,0
Cook Islands,1974,52,9,12,3,0,0,0,0,0,0,3,10,10,8,0,0,0,0,0,0,0,0,3,5,5,5,5,5,3,0,0,12,0,0
Cook Islands,1975,51,8,10,2,0,0,0,0,0,0,4,10,10,8,0,0,0,0,0,0,0,0,4,5,5,5,5,5,3,0,0,10,0,0
Cook Islands,1976,51,7,8,1,0,0,0,0,0,0,5,10,10,8,0,0,0,0,0,0,0,0,5,5,5,5,5,5,3,0,0,8,0,0
Cook Islands,1977,51,6,6,0,0,0,0,0,0,0,8,10,10,9,0,0,0,0,0,0,0,3,5,5,5,5,5,5,4,0,0,6,0,0
Cook Islands,1978,52,6,6,0,0,0,0,0,0,0,9,10,10,9,0,0,0,0,0,0,0,4,5,5,5,5,5,5,4,0,0,6,0,0
Cook Islands,1979,51,6,6,0,0,0,0,0,0,0,8,10,10,8,0,0,0,0,0,0,0,3,5,5,5,5,5,5,3,0,0,6,0,0
Cook Islands,1980,50,5,5,0,0,0,0,0,0,0,7,10,10,8,0,0,0,0,0,0,0,2,5,5,5,5,5,5,3,0,0,5,0,0
Cook Islands,1981,48,5,5,0,0,0,0,0,0,0,6,10,10,8,0,0,0,0,0,0,0,1,5,5,5,5,5,5,3,0,0,5,0,0
Cook Islands,1982,46,5,5,0,0,0,0,0,0,0,5,10,10,7,0,0,0,0,0,0,0,1,4,5,5,5,5,4,3,0,0,5,0,0
Cook Islands,1983,45,5,5,0,0,0,0,0,0,0,5,10,10,7,0,0,0,0,0,0,0,1,4,5,5,5,5,5,2,0,0,5,0,0
Cook Islands,1984,45,5,5,0,0,0,0,0,0,0,4,10,10,6,0,0,0,0,0,0,0,1,3,5,5,5,5,5,1,0,0,5,0,0
Cook Islands,1985,45,4,4,0,0,0,0,0,0,0,6,10,10,7,0,0,0,0,0,0,0,2,4,5,5,5,5,5,2,0,0,4,0,0
Cook Islands,1986,45,4,4,0,0,0,0,0,0,0,7,10,10,7,0,0,0,0,0,0,0,2,5,5,5,5,5,5,2,0,0,4,0,0
Cook Islands,1987,48,5,5,0,0,0,0,0,0,0,7,10,10,8,0,0,0,0,0,0,0,2,5,5,5,5,5,5,3,0,0,5,0,0
Cook Islands,1988,46,4,4,0,0,0,0,0,0,0,6,10,10,9,0,0,0,0,0,0,0,1,5,5,5,5,5,5,4,0,0,4,0,0
Cook Islands,1989,47,5,5,0,0,0,0,0,0,0,8,10,10,9,0,0,0,0,0,0,0,3,5,5,5,5,5,5,4,0,0,5,0,0
Cook Islands,1990,51,5,5,0,0,0,0,0,0,0,10,10,10,9,0,0,0,0,0,0,0,5,5,5,5,5,5,5,4,0,0,5,0,0
Cook Islands,1991,48,5,5,0,0,0,0,0,0,0,9,10,10,9,0,0,0,0,0,0,0,4,5,5,5,5,5,5,4,0,0,5,0,0
Cook Islands,1992,48,5,5,0,0,0,0,0,0,0,9,10,10,8,0,0,0,0,0,0,0,4,5,5,5,5,5,5,3,0,0,5,0,0
Cook Islands,1993,49,5,5,0,0,0,0,0,0,0,8,10,10,9,0,0,0,0,0,0,0,3,5,5,5,5,5,5,4,0,0,5,0,0
Cook Islands,1994,50,5,5,0,0,0,0,0,0,0,8,10,10,10,0,0,0,0,0,0,0,3,5,5,5,5,5,5,5,0,0,5,0,0
Cook Islands,1995,50,4,4,0,0,0,0,0,0,0,7,10,10,10,0,0,0,0,0,0,0,2,5,5,5,5,5,5,5,0,0,4,0,0
Cook Islands,1996,50,4,4,0,0,0,0,0,0,0,7,10,10,10,0,0,0,0,0,0,0,2,5,5,5,5,5,5,5,0,0,4,0,0
Cook Islands,1997,61,5,9,4,0,0,0,0,0,0,9,10,10,10,0,0,0,0,0,0,0,4,5,5,5,5,5,5,5,0,0,9,0,0
Cook Islands,1998,49,3,3,0,0,0,0,0,0,0,7,10,10,10,1,0,0,0,0,0,0,2,5,5,5,5,5,5,5,1,0,3,0,0
Cook Islands,1999,47,3,3,0,0,0,0,0,0,0,6,10,10,10,2,0,0,0,0,0,0,1,5,5,5,5,5,5,5,2,0,3,0,0
Cook Islands,2000,45,3,3,0,0,0,0,0,0,0,5,10,10,10,3,0,0,0,0,0,0,0,5,5,5,5,5,5,5,3,0,3,0,0
Cook Islands,2001,43,2,2,0,0,0,0,0,0,0,4,10,10,10,2,0,0,0,0,0,0,0,4,5,5,5,5,5,5,2,0,2,0,0
Cook Islands,2002,40,2,2,0,0,0,0,0,0,0,3,10,10,10,0,0,0,0,0,0,0,0,3,5,5,5,5,5,5,0,0,2,0,0
Cook Islands,2003,39,2,2,0,0,0,0,0,0,0,2,10,10,10,1,0,0,0,0,0,0,0,2,5,5,5,5,5,5,1,0,2,0,0
Cook Islands,2004,38,2,2,0,0,0,0,0,0,0,1,10,10,10,1,0,0,0,0,0,0,0,1,5,5,5,5,5,5,1,0,2,0,0
Cook Islands,2005,37,2,2,0,0,0,0,0,0,0,0,10,10,10,2,0,0,0,0,0,0,0,0,5,5,5,5,5,5,2,0,2,0,0
Cook Islands,2006,37,2,2,0,0,0,0,0,0,0,0,9,10,10,2,0,0,0,0,0,0,0,0,4,5,5,5,5,5,2,0,2,0,0
Cook Islands,2007,37,1,1,0,0,0,0,0,0,0,0,9,10,10,1,0,0,0,0,0,0,0,0,4,5,5,5,5,5,1,0,1,0,0
Cook Islands,2008,38,1,1,0,0,0,0,0,0,0,0,8,10,10,0,0,0,0,0,0,0,0,0,3,5,5,5,5,5,0,0,1,0,0
Cook Islands,2009,40,1,1,0,0,0,0,0,0,0,0,10,10,10,0,0,0,0,0,0,0,0,0,5,5,5,5,5,5,0,0,1,0,0
Cook Islands,2010,43,1,1,0,0,0,0,0,0,0,1,10,10,10,0,0,0,0,0,0,0,0,1,5,5,5,5,5,5,0,0,1,0,0
Cook Islands,2011,45,1,1,0,0,0,0,0,0,0,3,10,10,10,1,0,0,0,0,0,0,0,3,5,5,5,5,5,5,1,0,1,0,0
Cook Islands,2012,47,1,1,0,0,0,0,0,0,0,5,10,11,10,1,0,0,0,0,0,0,0,5,5,5,5,6,5,5,1,0,1,0,0
Cook Islands,2013,49,1,1,0,0,0,0,0,0,0,5,10,12,10,2,0,0,0,0,0,0,0,5,5,5,5,7,5,5,2,0,1,0,0
Cook Islands,2014,50,1,1,0,0,0,0,0,0,0,6,10,16,10,3,0,0,0,0,0,0,1,5,5,5,7,9,5,5,3,0,1,0,0
Cook Islands,2015,51,1,1,0,0,0,0,0,0,0,7,10,16,11,3,0,0,0,0,0,0,2,5,5,5,6,10,6,5,3,0,1,0,0
Cook Islands,2016,53,1,1,0,0,0,0,0,0,0,8,10,15,12,4,0,0,0,0,0,0,3,5,5,5,5,10,7,5,4,0,1,0,0
Cook Islands,2017,54,1,1,0,0,0,0,0,0,0,8,10,15,13,4,0,0,0,0,0,0,3,5,5,5,5,10,8,5,4,0,1,0,0
Cook Islands,2018,55,1,1,0,0,0,0,0,0,0,8,10,14,14,4,0,0,0,0,0,0,3,5,5,5,5,9,9,5,4,0,1,0,0
Cook Islands,2019,56,1,1,0,0,0,0,0,0,0,7,10,13,15,4,0,0,0,0,0,0,2,5,5,5,5,8,10,5,4,0,1,0,0
Cook Islands,2020,57,1,1,0,0,0,0,0,0,0,7,10,13,16,4,0,0,0,0,0,0,2,5,5,5,5,8,10,6,4,0,1,0,0
Cook Islands,2021,58,1,1,0,0,0,0,0,0,0,7,10,14,17,5,0,0,0,0,0,0,2,5,5,5,5,9,10,7,5,0,1,0,0
Costa Rica,1950,5969,2270,3117,847,161,85,109,241,267,329,409,513,469,209,55,124,117,122,145,159,170,194,215,256,257,255,214,147,62,35,20,3278,194,4
Costa Rica,1951,6016,2317,3179,862,163,83,105,236,258,324,406,516,475,222,41,121,115,118,140,158,166,194,212,256,260,257,218,155,67,27,14,3342,188,3
Costa Rica,1952,5979,2355,3216,861,155,79,100,226,246,314,397,506,473,231,30,115,111,114,132,153,161,190,207,249,257,254,219,161,70,20,10,3371,179,3
Costa Rica,1953,6038,2387,3245,858,186,76,99,220,240,311,396,507,482,249,26,110,110,113,127,151,160,189,207,245,262,258,224,171,78,19,7,3431,175,2
Costa Rica,1954,5925,2414,3270,856,157,71,91,207,226,293,378,488,468,254,23,103,104,107,119,142,151,179,199,233,255,249,219,172,82,17,6,3427,162,2
Costa Rica,1955,5957,2437,3292,855,157,69,89,200,222,288,378,489,479,270,25,100,100,106,116,139,149,178,200,231,258,254,225,181,89,19,6,3449,158,1
Costa Rica,1956,6146,2459,3311,852,169,72,92,203,229,302,398,518,520,301,27,100,103,110,119,144,158,185,213,244,274,276,244,199,102,23,4,3480,164,1
Costa Rica,1957,6130,2488,3336,848,161,72,89,197,222,293,391,510,520,310,29,98,99,107,115,138,155,181,210,240,270,276,244,202,108,25,4,3497,161,1
Costa Rica,1958,6194,2515,3359,844,175,72,85,192,223,291,390,515,538,326,30,95,97,107,116,135,156,180,210,244,271,285,253,209,117,27,3,3534,157,1
Costa Rica,1959,6382,2531,3371,840,186,78,89,198,232,297,411,545,580,354,36,99,99,111,121,136,161,190,221,259,286,306,274,225,129,32,4,3557,167,1
Costa Rica,1960,6292,2529,3362,833,172,77,84,186,222,286,399,530,575,357,39,94,92,106,116,131,155,185,214,254,276,303,272,225,132,35,4,3534,161,1
Costa Rica,1961,6321,2510,3332,822,175,78,85,186,224,284,404,541,595,379,43,94,92,105,119,130,154,187,217,260,281,311,284,238,141,39,4,3507,163,0
Costa Rica,1962,6402,2468,3271,803,187,83,89,189,228,291,417,568,625,401,47,95,94,107,121,134,157,194,223,272,296,323,302,252,149,43,4,3458,172,0
Costa Rica,1963,6380,2406,3186,780,177,85,92,190,229,290,427,582,646,422,55,95,95,106,123,136,154,199,228,278,304,329,317,267,155,48,7,3363,177,0
Costa Rica,1964,6269,2322,3069,747,181,86,95,183,223,285,425,585,650,436,56,92,91,102,121,135,150,197,228,278,307,329,321,275,161,49,7,3250,181,0
Costa Rica,1965,6108,2220,2929,709,173,87,93,180,216,279,416,582,649,445,59,90,90,98,118,133,146,191,225,274,308,325,324,281,164,52,7,3102,180,0
Costa Rica,1966,6058,2106,2772,666,173,90,98,182,219,284,427,603,676,473,62,92,90,99,120,136,148,194,233,283,320,339,337,297,176,54,8,2945,188,1
Costa Rica,1967,5929,1985,2602,617,160,89,101,181,216,284,426,612,690,497,67,93,88,98,118,136,148,192,234,284,328,347,343,312,185,56,11,2762,190,1
Costa Rica,1968,5780,1840,2417,577,163,96,105,185,213,284,424,615,695,511,69,96,89,98,115,136,148,187,237,286,329,352,343,318,193,58,11,2580,201,1
Costa Rica,1969,5552,1730,2251,521,154,88,100,178,203,278,410,607,695,521,71,95,83,93,110,132,146,180,230,281,326,352,343,321,200,60,11,2405,188,1
Costa Rica,1970,5568,1630,2105,475,143,92,109,186,207,287,421,639,740,562,75,101,85,96,111,136,151,183,238,296,343,377,363,344,218,64,11,2248,201,1
Costa Rica,1971,5329,1524,1952,428,134,87,106,181,197,275,404,624,728,563,77,99,82,91,106,129,146,176,228,289,335,371,357,341,222,66,11,2086,193,1
Costa Rica,1972,5306,1425,1811,386,121,89,110,189,199,281,411,647,765,594,84,103,86,92,107,130,151,180,231,300,347,389,376,356,238,73,11,1932,199,1
Costa Rica,1973,5057,1337,1686,349,119,84,105,185,187,266,389,622,747,581,87,102,83,86,101,123,143,173,216,289,333,378,369,347,234,76,11,1805,189,1
Costa Rica,1974,4957,1263,1574,311,102,82,103,188,183,261,385,624,763,597,94,102,86,84,99,120,141,173,212,287,337,384,379,354,243,82,12,1676,185,1
Costa Rica,1975,4866,1192,1471,279,97,78,104,191,179,255,379,624,773,613,101,104,87,82,97,115,140,172,207,286,338,387,386,363,250,88,13,1568,182,1
Costa Rica,1976,4768,1129,1379,250,81,74,100,190,177,250,373,620,784,628,108,103,87,82,95,113,137,169,204,280,340,389,395,370,258,93,15,1460,174,1
Costa Rica,1977,4569,1065,1290,225,79,66,95,185,167,232,357,591,764,625,111,101,84,79,88,105,127,163,194,263,328,377,387,368,257,94,17,1369,161,1
Costa Rica,1978,4480,1003,1206,203,71,63,92,184,166,227,353,582,773,644,119,99,85,79,87,103,124,160,193,255,327,379,394,378,266,100,19,1277,155,2
Costa Rica,1979,4606,947,1130,183,66,62,93,194,174,233,369,609,829,707,135,103,91,85,89,106,127,167,202,263,346,404,425,414,293,113,22,1196,155,2
Costa Rica,1980,4554,882,1047,165,60,59,89,195,175,229,369,607,843,735,145,103,92,87,88,105,124,167,202,262,345,409,434,429,306,119,26,1107,148,2
Costa Rica,1981,4668,826,977,151,60,56,92,204,184,234,381,628,894,798,159,106,98,92,92,108,126,170,211,271,357,432,462,463,335,131,28,1037,148,3
Costa Rica,1982,4428,779,918,139,57,51,82,190,174,217,357,583,856,781,159,97,93,88,86,100,117,158,199,253,330,413,443,452,329,130,29,975,133,3
Costa Rica,1983,4564,741,871,130,52,51,81,197,184,222,367,603,907,846,177,99,98,93,91,102,120,160,207,265,338,436,471,487,359,143,34,923,132,3
Costa Rica,1984,4676,709,831,122,50,48,79,199,195,225,371,619,948,910,193,100,99,98,97,103,122,160,211,274,345,452,496,521,389,158,35,881,127,4
Costa Rica,1985,4792,677,791,114,46,48,76,200,205,230,383,635,990,973,210,99,101,103,102,105,125,165,218,284,351,468,522,554,419,171,39,837,124,4
Costa Rica,1986,4874,660,772,112,48,47,73,199,210,232,381,645,1012,1026,223,97,102,105,105,107,125,163,218,289,356,473,539,580,446,182,41,820,120,5
Costa Rica,1987,4960,629,736,107,47,45,69,198,217,236,384,659,1041,1085,238,96,102,108,109,110,126,164,220,295,364,479,562,609,476,195,43,783,114,5
Costa Rica,1988,4959,582,685,103,45,44,67,193,223,237,378,664,1042,1125,252,92,101,111,112,112,125,162,216,297,367,472,570,626,499,205,47,730,111,5
Costa Rica,1989,4980,547,641,94,40,42,63,185,225,239,374,671,1053,1174,270,86,99,110,115,117,122,162,212,299,372,471,582,648,526,219,51,681,105,6
Costa Rica,1990,5088,520,609,89,39,40,60,181,231,245,377,687,1075,1243,294,83,98,111,120,121,124,163,214,304,383,478,597,679,564,236,58,648,100,7
Costa Rica,1991,5446,497,585,88,44,43,65,189,251,267,400,737,1154,1374,331,86,103,121,130,133,134,174,226,323,414,513,641,746,628,266,65,629,108,8
Costa Rica,1992,5577,478,560,82,39,40,60,181,255,277,404,754,1185,1450,360,82,99,120,135,139,138,175,229,327,427,531,654,782,668,289,71,599,100,9
Costa Rica,1993,5741,468,549,81,39,39,60,180,262,291,411,770,1215,1526,389,80,100,122,140,146,145,178,233,330,440,549,666,817,709,313,76,588,99,10
Costa Rica,1994,5947,458,536,78,37,39,60,176,269,308,418,791,1258,1612,424,79,97,125,144,154,154,180,238,335,456,574,684,857,755,342,82,573,99,12
Costa Rica,1995,6144,449,526,77,36,38,60,173,274,329,430,811,1305,1692,459,78,95,125,149,164,165,186,244,341,470,599,706,893,799,371,88,562,98,13
Costa Rica,1996,6344,442,522,80,41,40,60,173,281,346,443,827,1349,1756,493,78,95,126,155,173,173,193,250,346,481,622,727,918,838,399,94,563,100,14
Costa Rica,1997,6241,429,503,74,32,35,55,161,267,344,433,804,1337,1748,509,74,87,118,149,170,174,191,242,337,467,616,721,902,846,410,99,535,90,15
Costa Rica,1998,6775,413,484,71,33,37,56,167,286,382,474,867,1472,1920,578,76,91,125,161,188,194,213,261,365,502,676,796,980,940,464,114,517,93,17
Costa Rica,1999,6724,400,469,69,31,34,55,158,275,382,475,847,1471,1915,594,72,86,117,158,185,197,218,257,358,489,671,800,968,947,473,121,500,89,17
Costa Rica,2000,6805,383,449,66,27,33,52,154,270,392,484,848,1498,1957,626,71,83,114,156,189,203,226,258,359,489,678,820,985,972,494,132,476,85,19
Costa Rica,2001,7198,364,427,63,31,33,54,157,273,419,522,891,1596,2094,684,72,85,114,159,199,220,247,275,379,512,717,879,1053,1041,536,148,458,87,21
Costa Rica,2002,7124,342,403,61,26,29,50,149,260,417,524,874,1584,2089,697,68,81,107,153,196,221,250,274,372,502,705,879,1055,1034,545,152,429,79,21
Costa Rica,2003,7396,328,384,56,26,28,50,147,258,433,556,901,1648,2196,746,66,81,106,152,201,232,265,291,382,519,724,924,1117,1079,581,165,410,78,23
Costa Rica,2004,7526,319,374,55,26,28,48,142,249,437,579,910,1669,2260,777,64,78,102,147,201,236,274,305,386,524,725,944,1156,1104,604,173,400,76,24
Costa Rica,2005,7664,315,368,53,24,26,45,137,243,438,606,922,1692,2330,810,61,76,101,142,199,239,287,319,391,531,729,963,1193,1137,628,182,392,71,26
Costa Rica,2006,7830,312,364,52,24,24,44,133,236,441,630,935,1717,2417,842,59,74,97,139,197,244,297,333,399,536,736,981,1238,1179,652,190,388,68,28
Costa Rica,2007,8284,315,368,53,23,26,43,133,237,456,678,987,1799,2597,903,60,73,99,138,201,255,318,360,425,562,771,1028,1326,1271,698,205,391,69,30
Costa Rica,2008,8569,316,368,52,21,25,40,131,235,459,714,1023,1845,2730,947,59,72,98,137,199,260,334,380,449,574,793,1052,1388,1342,729,218,389,65,32
Costa Rica,2009,8725,310,362,52,21,24,40,126,227,452,731,1051,1860,2816,980,57,69,94,133,193,259,338,393,472,579,802,1058,1423,1393,753,227,383,64,33
Costa Rica,2010,9246,301,354,53,21,22,38,126,230,463,787,1127,1959,3026,1062,56,70,96,134,194,269,358,429,514,613,847,1112,1519,1507,815,247,375,60,36
Costa Rica,2011,9022,290,339,49,19,21,35,116,212,431,773,1110,1893,2979,1060,51,65,88,124,179,252,348,425,512,598,819,1074,1480,1499,814,246,358,56,36
Costa Rica,2012,9522,280,328,48,19,20,35,114,214,437,818,1191,1983,3171,1153,50,64,88,126,179,258,364,454,554,637,858,1125,1558,1613,887,266,347,55,39
Costa Rica,2013,9786,268,313,45,19,19,33,112,207,429,839,1250,2027,3279,1216,49,63,85,122,175,254,367,472,580,670,873,1154,1591,1688,937,279,332,52,41
Costa Rica,2014,10803,259,303,44,17,19,34,115,220,455,923,1420,2235,3639,1376,49,66,90,130,185,270,401,522,653,767,962,1273,1747,1892,1062,314,320,53,46
Costa Rica,2015,10825,250,292,42,19,17,32,108,211,433,915,1464,2233,3646,1405,46,62,86,125,177,256,393,522,675,789,961,1272,1738,1908,1084,321,311,49,46
Costa Rica,2016,10740,241,283,42,17,17,31,100,198,410,898,1483,2210,3613,1433,43,57,81,117,168,242,379,519,681,802,956,1254,1713,1900,1102,331,300,48,47
Costa Rica,2017,11500,234,275,41,20,17,30,100,200,418,945,1621,2371,3871,1577,44,56,82,118,173,245,392,553,740,881,1036,1335,1832,2039,1210,367,295,47,51
Costa Rica,2018,11560,225,264,39,16,16,28,93,191,400,926,1657,2401,3886,1626,41,52,79,112,166,234,379,547,753,904,1067,1334,1840,2046,1245,381,280,44,53
Costa Rica,2019,12214,210,248,38,15,16,27,93,191,405,954,1769,2572,4106,1759,41,52,78,113,168,237,383,571,796,973,1168,1404,1944,2162,1342,417,263,43,59
Costa Rica,2020,12650,193,228,35,17,30,48,128,230,409,941,1726,2756,4220,1851,60,68,100,130,166,243,364,577,759,967,1203,1553,2031,2189,1405,446,245,78,63
Costa Rica,2021,16337,181,214,33,17,30,55,157,299,561,1210,2322,3633,5562,2207,72,85,122,177,235,326,466,744,1032,1290,1600,2033,2648,2914,1696,511,231,85,70
Cote d'Ivoire,1950,41238,16198,25535,9337,2275,1146,1019,2110,1799,1560,1626,1931,1665,506,60,1071,1039,936,863,808,752,792,834,944,987,944,721,333,173,51,9,27810,2165,2
Cote d'Ivoire,1951,42247,16643,26260,9617,2307,1156,1038,2158,1845,1590,1657,1970,1690,514,63,1095,1063,965,880,824,766,807,850,964,1006,957,733,355,159,53,10,28567,2194,2
Cote d'Ivoire,1952,42935,16912,26686,9774,2302,1155,1050,2207,1902,1627,1692,2010,1712,527,67,1117,1090,998,904,844,783,823,869,984,1026,970,742,383,144,54,13,28988,2205,2
Cote d'Ivoire,1953,43529,17155,27058,9903,2276,1151,1058,2245,1951,1663,1727,2051,1735,544,64,1133,1112,1027,924,862,801,843,884,1005,1046,985,750,407,137,52,12,29334,2209,3
Cote d'Ivoire,1954,44022,17363,27358,9995,2267,1147,1062,2275,1995,1690,1753,2086,1758,565,62,1145,1130,1049,946,877,813,855,898,1023,1063,1001,757,427,138,50,12,29625,2209,3
Cote d'Ivoire,1955,44498,17522,27551,10029,2277,1145,1065,2311,2050,1731,1792,2131,1790,587,60,1160,1151,1074,976,898,833,874,918,1046,1085,1021,769,441,146,48,12,29828,2210,3
Cote d'Ivoire,1956,44840,17667,27702,10035,2289,1142,1062,2331,2088,1757,1816,2162,1819,610,59,1166,1165,1089,999,913,844,887,929,1058,1104,1037,782,452,158,46,13,29991,2204,3
Cote d'Ivoire,1957,45284,17806,27831,10025,2304,1135,1063,2370,2150,1804,1861,2213,1860,630,59,1180,1190,1116,1034,937,867,908,953,1083,1130,1062,798,461,169,45,14,30135,2198,3
Cote d'Ivoire,1958,45611,17948,27965,10017,2326,1123,1058,2385,2188,1828,1881,2242,1895,651,60,1184,1201,1131,1057,949,879,918,963,1094,1148,1082,813,470,181,44,16,30291,2181,4
Cote d'Ivoire,1959,45916,18053,28028,9975,2338,1113,1054,2406,2230,1869,1915,2284,1940,673,61,1190,1216,1150,1080,972,897,936,979,1114,1170,1106,834,480,193,44,17,30366,2167,5
Cote d'Ivoire,1960,46339,18310,28257,9947,2344,1110,1047,2398,2249,1902,1949,2332,1991,692,64,1181,1217,1158,1091,992,910,952,997,1134,1198,1136,855,491,201,48,16,30601,2157,5
Cote d'Ivoire,1961,47006,18571,28530,9959,2349,1115,1054,2438,2320,1970,2000,2388,2046,716,72,1195,1243,1193,1127,1032,938,978,1022,1161,1227,1166,880,506,210,53,19,30879,2169,6
Cote d'Ivoire,1962,47595,18821,28804,9983,2356,1125,1059,2465,2373,2021,2037,2431,2099,737,79,1201,1264,1219,1154,1062,959,996,1041,1181,1250,1194,905,520,217,60,19,31160,2184,7
Cote d'Ivoire,1963,48347,19098,29134,10036,2369,1148,1064,2512,2447,2090,2084,2478,2159,765,87,1217,1295,1257,1190,1103,987,1021,1063,1202,1276,1226,933,539,226,65,22,31503,2212,8
Cote d'Ivoire,1964,48992,19362,29443,10081,2379,1165,1064,2533,2495,2145,2126,2529,2219,791,92,1223,1310,1279,1216,1132,1013,1042,1084,1226,1303,1257,962,558,233,70,22,31822,2229,8
Cote d'Ivoire,1965,49807,19627,29788,10161,2401,1181,1076,2571,2567,2220,2190,2596,2288,819,100,1237,1334,1312,1255,1168,1052,1075,1115,1258,1338,1295,993,577,242,74,26,32189,2257,8
Cote d'Ivoire,1966,50478,19877,30072,10195,2421,1192,1088,2592,2621,2285,2240,2654,2354,850,102,1247,1345,1337,1284,1196,1089,1101,1139,1287,1367,1329,1025,600,250,76,26,32493,2280,9
Cote d'Ivoire,1967,51103,20117,30338,10221,2447,1205,1105,2603,2663,2340,2282,2702,2419,881,107,1253,1350,1355,1308,1222,1118,1121,1161,1308,1394,1362,1057,621,260,80,27,32785,2310,9
Cote d'Ivoire,1968,51918,20370,30626,10256,2475,1220,1136,2633,2736,2430,2355,2779,2494,916,112,1263,1370,1388,1348,1264,1166,1159,1196,1346,1433,1402,1092,645,271,84,28,33101,2356,9
Cote d'Ivoire,1969,52505,20587,30855,10268,2494,1230,1159,2640,2776,2481,2405,2828,2560,953,116,1263,1377,1404,1372,1289,1192,1186,1219,1368,1460,1432,1128,669,284,86,30,33349,2389,9
Cote d'Ivoire,1970,53037,20789,31030,10241,2514,1244,1178,2653,2798,2527,2459,2882,2631,991,123,1272,1381,1410,1388,1312,1215,1218,1241,1392,1490,1468,1163,695,296,92,31,33544,2422,10
Cote d'Ivoire,1971,53660,21007,31187,10180,2524,1256,1197,2687,2839,2591,2530,2953,2715,1035,130,1291,1396,1426,1413,1342,1249,1257,1273,1426,1527,1510,1205,725,310,96,34,33711,2453,11
Cote d'Ivoire,1972,54227,21221,31334,10113,2492,1248,1203,2751,2940,2686,2603,2995,2757,1066,139,1320,1431,1470,1470,1394,1292,1302,1301,1448,1547,1530,1227,744,322,102,37,33826,2451,13
Cote d'Ivoire,1973,54693,21468,31484,10016,2511,1269,1220,2740,2888,2692,2655,3070,2860,1131,155,1337,1403,1438,1450,1391,1301,1329,1326,1481,1589,1581,1279,786,345,112,43,33995,2489,15
Cote d'Ivoire,1974,54751,21656,31564,9908,2489,1265,1214,2710,2841,2677,2663,3080,2897,1168,165,1337,1373,1412,1429,1380,1297,1331,1332,1484,1596,1597,1300,809,359,118,47,34053,2479,16
Cote d'Ivoire,1975,55012,21772,31545,9773,2456,1261,1218,2723,2852,2716,2721,3137,2971,1220,175,1346,1377,1415,1437,1396,1320,1356,1365,1510,1627,1633,1338,842,378,126,49,34001,2479,18
Cote d'Ivoire,1976,54819,21845,31516,9671,2431,1250,1207,2665,2761,2668,2712,3140,3009,1258,183,1323,1342,1370,1391,1366,1302,1345,1367,1510,1630,1648,1361,865,393,132,51,33947,2457,18
Cote d'Ivoire,1977,55308,22189,31390,9201,2300,1252,1294,2795,2564,2529,2684,3147,3169,1746,408,1428,1367,1287,1277,1278,1251,1320,1364,1508,1639,1679,1490,1105,641,308,100,33690,2546,24
Cote d'Ivoire,1978,55691,22387,31470,9083,2219,1236,1342,2887,2405,2417,2663,3160,3271,2045,546,1491,1396,1220,1185,1205,1212,1296,1367,1509,1651,1709,1562,1257,788,414,132,33689,2578,27
Cote d'Ivoire,1979,56145,22643,31781,9138,2171,1211,1363,2955,2320,2335,2657,3191,3337,2192,606,1524,1431,1188,1132,1152,1183,1284,1373,1524,1667,1740,1597,1337,855,460,146,33952,2574,28
Cote d'Ivoire,1980,56740,22923,32223,9300,2163,1189,1362,3005,2308,2296,2674,3254,3397,2235,607,1539,1466,1195,1113,1125,1171,1286,1388,1557,1697,1779,1618,1363,872,460,147,34386,2551,27
Cote d'Ivoire,1981,57149,23128,32599,9471,2195,1169,1341,3016,2323,2260,2686,3313,3439,2206,570,1530,1486,1217,1106,1102,1158,1286,1400,1587,1726,1812,1627,1348,858,431,139,34794,2510,25
Cote d'Ivoire,1982,58244,23286,32905,9619,2288,1177,1341,3113,2466,2338,2808,3484,3579,2193,527,1558,1555,1308,1158,1140,1198,1343,1465,1674,1810,1896,1683,1347,846,398,129,35193,2518,24
Cote d'Ivoire,1983,59076,23427,33167,9740,2409,1189,1325,3156,2597,2392,2893,3621,3688,2140,474,1562,1594,1396,1201,1168,1224,1381,1512,1745,1876,1961,1727,1321,819,358,116,35576,2514,21
Cote d'Ivoire,1984,61068,23536,33377,9841,2550,1235,1354,3372,2947,2629,3156,3933,3936,2138,424,1640,1732,1595,1352,1294,1335,1510,1646,1899,2034,2102,1834,1334,804,323,101,35927,2589,18
Cote d'Ivoire,1985,61971,23624,33582,9958,2701,1278,1354,3415,3145,2732,3271,4093,4007,2024,354,1644,1771,1701,1444,1358,1374,1564,1707,1976,2117,2153,1854,1281,743,274,80,36283,2632,15
Cote d'Ivoire,1986,63002,23738,33804,10066,2850,1340,1360,3441,3347,2842,3378,4260,4117,1952,295,1641,1800,1795,1552,1427,1415,1612,1766,2051,2209,2221,1896,1259,693,234,61,36654,2700,12
Cote d'Ivoire,1987,64125,23863,34039,10176,2987,1428,1381,3456,3560,2971,3489,4431,4231,1891,241,1630,1826,1883,1677,1505,1466,1659,1830,2126,2305,2292,1939,1249,642,199,42,37026,2809,9
Cote d'Ivoire,1988,66277,24206,34335,10129,3062,1553,1495,3654,3802,3113,3646,4664,4445,2145,350,1732,1922,1985,1817,1583,1530,1727,1919,2231,2433,2388,2057,1393,752,285,65,37397,3048,11
Cote d'Ivoire,1989,69967,25441,35297,9856,3012,1699,1752,4121,3827,3066,3695,4834,4803,3030,806,2022,2099,2003,1824,1547,1519,1730,1965,2302,2532,2502,2301,1838,1192,627,179,38309,3451,27
Cote d'Ivoire,1990,73578,26487,36875,10388,3068,1811,1881,4415,4108,3251,3836,5055,4982,3303,954,2159,2256,2127,1981,1654,1597,1785,2051,2409,2646,2622,2360,1974,1329,735,219,39943,3692,38
Cote d'Ivoire,1991,77205,27423,38360,10937,3111,1919,2024,4734,4400,3470,3995,5310,5179,3562,1095,2314,2420,2262,2138,1783,1687,1851,2144,2532,2778,2753,2426,2092,1470,836,259,41471,3943,48
Cote d'Ivoire,1992,80605,28326,39793,11467,3141,2000,2173,5050,4673,3690,4123,5530,5366,3789,1221,2472,2578,2398,2275,1925,1765,1907,2216,2638,2892,2871,2495,2183,1606,922,299,42934,4173,57
Cote d'Ivoire,1993,84052,29109,41034,11925,3211,2070,2338,5416,4995,3964,4278,5779,5575,3992,1336,2659,2757,2569,2426,2110,1854,1983,2295,2757,3022,2998,2577,2256,1736,1001,335,44245,4408,65
Cote d'Ivoire,1994,87213,29789,42055,12266,3323,2119,2497,5773,5302,4239,4420,6008,5784,4172,1444,2845,2928,2745,2557,2294,1945,2064,2356,2867,3141,3112,2672,2317,1855,1075,369,45378,4616,72
Cote d'Ivoire,1995,90603,30734,43288,12554,3451,2153,2654,6151,5634,4535,4566,6222,5990,4334,1547,3039,3112,2934,2700,2472,2063,2153,2413,2968,3254,3213,2777,2375,1959,1146,401,46739,4807,79
Cote d'Ivoire,1996,93952,31571,44336,12765,3554,2157,2792,6577,6028,4890,4754,6460,6204,4472,1638,3247,3330,3150,2878,2668,2222,2265,2489,3078,3382,3323,2881,2430,2042,1211,427,47890,4949,85
Cote d'Ivoire,1997,98347,32411,45391,12980,3656,2170,2944,7251,6700,5463,5087,6814,6458,4596,1720,3561,3690,3506,3194,2964,2499,2451,2636,3249,3565,3466,2992,2490,2106,1271,449,49047,5114,91
Cote d'Ivoire,1998,103394,33247,46392,13145,3691,2169,3056,8084,7639,6257,5553,7250,6731,4694,1787,3920,4164,3984,3655,3357,2900,2700,2853,3460,3790,3627,3104,2547,2147,1319,468,50083,5225,95
Cote d'Ivoire,1999,107740,33801,47136,13335,3719,2203,3130,8866,8601,7053,6011,7617,6939,4631,1740,4239,4627,4463,4138,3737,3316,2950,3061,3632,3985,3764,3175,2549,2082,1285,455,50855,5333,94
Cote d'Ivoire,2000,110349,34006,47419,13413,3735,2238,3121,9384,9358,7675,6391,7828,7061,4462,1597,4434,4950,4827,4531,4028,3647,3172,3219,3724,4104,3851,3210,2517,1945,1183,414,51154,5359,84
Cote d'Ivoire,2001,112701,33854,47255,13401,3767,2319,3144,9993,10229,8310,6751,7917,7142,4341,1462,4656,5337,5263,4966,4347,3963,3407,3344,3760,4157,3902,3240,2506,1835,1086,376,51022,5463,74
Cote d'Ivoire,2002,114216,33471,46730,13259,3770,2380,3108,10351,10930,8874,7147,8029,7237,4257,1334,4733,5618,5609,5321,4636,4238,3675,3472,3816,4213,3962,3275,2506,1751,996,338,50500,5488,63
Cote d'Ivoire,2003,115585,33077,46060,12983,3752,2407,3095,10668,11494,9304,7509,8110,7377,4378,1363,4781,5887,5903,5591,4874,4430,3946,3563,3867,4243,4028,3349,2587,1791,1006,357,49812,5502,64
Cote d'Ivoire,2004,116124,32430,44966,12536,3689,2390,3098,10851,11946,9669,7860,8181,7494,4515,1393,4764,6087,6144,5802,5093,4576,4205,3655,3930,4251,4081,3413,2664,1851,1020,373,48655,5488,68
Cote d'Ivoire,2005,115840,31737,43808,12071,3593,2325,3055,10677,12072,9910,8246,8340,7636,4669,1437,4592,6085,6195,5877,5231,4679,4435,3811,4044,4296,4155,3481,2740,1929,1048,389,47401,5380,73
Cote d'Ivoire,2006,115213,31045,42685,11640,3514,2291,3082,10546,12189,10026,8467,8325,7688,4837,1487,4460,6086,6255,5934,5309,4717,4550,3917,4072,4253,4157,3531,2822,2015,1083,404,46199,5373,79
Cote d'Ivoire,2007,114153,30328,41545,11217,3442,2286,3169,10453,12321,10014,8511,8123,7649,5008,1546,4380,6073,6343,5978,5322,4692,4543,3968,3994,4129,4090,3559,2903,2105,1125,421,44987,5455,85
Cote d'Ivoire,2008,112238,29566,40289,10723,3329,2237,3151,10022,12130,9902,8600,8041,7648,5183,1612,4204,5818,6242,5888,5243,4659,4513,4087,3959,4082,4051,3597,2983,2200,1175,437,43618,5388,90
Cote d'Ivoire,2009,110131,28814,39079,10265,3214,2194,3089,9587,11855,9746,8627,7980,7627,5348,1685,4070,5517,6091,5764,5129,4617,4442,4185,3931,4049,3997,3630,3058,2290,1231,454,42293,5283,96
Cote d'Ivoire,2010,109143,28265,38142,9877,3108,2159,3042,9336,11790,9766,8741,8059,7629,5506,1764,4034,5302,6046,5744,5112,4654,4436,4305,3991,4068,3965,3664,3129,2377,1293,471,41250,5201,101
Cote d'Ivoire,2011,108653,27872,37506,9634,3050,2136,3010,9135,11711,9806,8847,8199,7637,5665,1846,4042,5093,5974,5737,5115,4691,4443,4404,4096,4103,3944,3693,3201,2464,1354,492,40556,5146,106
Cote d'Ivoire,2012,106975,27226,36584,9358,2980,2110,2951,8780,11552,9870,8924,8317,7534,5568,1709,3983,4797,5805,5747,5143,4727,4464,4460,4217,4100,3889,3645,3164,2404,1281,428,39564,5061,92
Cote d'Ivoire,2013,104969,26561,35622,9061,2924,2079,2896,8375,11199,9834,8942,8447,7457,5507,1613,3878,4497,5517,5682,5123,4711,4477,4465,4369,4078,3855,3602,3143,2364,1227,386,38546,4975,76
Cote d'Ivoire,2014,105069,25883,34600,8717,2863,2058,2917,8374,11420,10278,9273,8776,7444,5465,1535,3882,4492,5503,5917,5368,4910,4682,4591,4627,4149,3878,3566,3130,2335,1183,352,37463,4975,62
Cote d'Ivoire,2015,103944,25536,33949,8413,2821,2027,2901,8139,11054,10278,9323,8972,7428,5468,1526,3779,4360,5208,5846,5365,4913,4734,4589,4760,4212,3897,3531,3135,2333,1174,352,36770,4928,57
Cote d'Ivoire,2016,105698,25387,33595,8208,2800,2030,2968,8385,11339,10872,9754,9408,7488,5477,1520,3858,4527,5228,6111,5681,5191,4990,4764,4998,4410,3968,3520,3137,2340,1169,351,36395,4998,55
Cote d'Ivoire,2017,105033,25302,33333,8031,2768,2010,2946,8235,10832,10903,9815,9633,7494,5494,1518,3778,4457,4913,5919,5688,5215,5027,4788,5073,4560,3990,3504,3139,2355,1169,349,36101,4956,54
Cote d'Ivoire,2018,106013,24712,32501,7789,2683,1964,2915,8276,10809,11508,10388,10259,7623,5510,1523,3776,4500,4851,5958,5979,5529,5316,5072,5336,4923,4087,3536,3136,2374,1174,349,35184,4879,55
Cote d'Ivoire,2019,105118,24169,31708,7539,2621,1953,2915,8231,10505,11604,10448,10375,7639,5529,1533,3786,4445,4742,5763,6015,5589,5333,5115,5301,5074,4091,3548,3130,2399,1183,350,34329,4868,55
Cote d'Ivoire,2020,108507,23840,31187,7347,2557,1922,2808,8013,10389,12257,11511,11698,8538,5951,1619,3697,4316,4702,5687,6282,5975,5812,5699,5874,5824,4655,3883,3347,2604,1256,363,33744,4730,57
Cote d'Ivoire,2021,113404,23664,30732,7068,2479,1902,2902,8339,10714,13228,12631,12922,9356,6431,1707,3871,4468,4934,5780,6702,6526,6363,6268,6479,6443,5147,4209,3601,2830,1331,376,33211,4804,59
Croatia,1950,27220,3757,4667,910,217,165,289,707,743,1674,2613,4265,6665,4538,666,341,366,281,462,717,957,1241,1372,1872,2393,2998,3667,2898,1640,561,105,4884,454,12
Croatia,1951,26909,3496,4432,936,212,159,274,697,721,1658,2647,4272,6540,4594,688,334,363,302,419,713,945,1256,1391,1840,2432,2981,3559,2952,1642,580,108,4644,433,13
Croatia,1952,25591,3237,4117,880,206,143,251,650,679,1571,2571,4082,6161,4466,679,312,338,320,359,673,898,1211,1360,1719,2363,2865,3296,2892,1574,568,111,4323,394,13
Croatia,1953,24482,3082,3899,817,205,131,227,606,645,1485,2493,3902,5847,4349,677,290,316,338,307,629,856,1159,1334,1614,2288,2776,3071,2822,1527,565,112,4104,358,13
Croatia,1954,24071,2890,3681,791,210,124,213,579,638,1440,2488,3854,5778,4355,698,277,302,353,285,597,843,1140,1348,1586,2268,2788,2990,2808,1547,582,116,3891,337,13
Croatia,1955,23737,2777,3531,754,214,118,201,552,640,1384,2475,3805,5752,4340,717,260,292,351,289,551,833,1113,1362,1580,2225,2805,2947,2760,1580,593,124,3745,319,12
Croatia,1956,23454,2586,3314,728,216,113,191,530,660,1321,2471,3774,5791,4330,733,245,285,345,315,495,826,1090,1381,1600,2174,2844,2947,2702,1628,602,131,3530,304,13
Croatia,1957,22850,2353,3039,686,210,109,177,499,675,1232,2433,3692,5774,4259,737,226,273,330,345,429,803,1058,1375,1608,2084,2841,2933,2601,1658,602,135,3249,286,14
Croatia,1958,22149,2112,2743,631,202,108,164,467,683,1139,2377,3602,5737,4167,742,209,258,313,370,369,770,1026,1351,1610,1992,2812,2925,2503,1664,604,138,2945,272,15
Croatia,1959,21758,1968,2552,584,195,109,154,438,686,1066,2337,3580,5736,4124,761,194,244,299,387,338,728,1008,1329,1629,1951,2784,2952,2460,1664,617,144,2747,263,16
Croatia,1960,21231,1786,2321,535,185,111,144,409,670,1007,2278,3563,5678,4070,783,181,228,287,383,339,668,989,1289,1637,1926,2711,2967,2433,1637,634,149,2506,255,17
Croatia,1961,20658,1661,2145,484,174,111,134,376,641,948,2198,3542,5562,4008,800,168,208,272,369,363,585,961,1237,1634,1908,2593,2969,2416,1592,651,149,2319,245,18
Croatia,1962,20657,1529,1986,457,167,113,132,354,627,923,2186,3634,5594,4079,844,159,195,267,360,408,515,960,1226,1674,1960,2539,3055,2489,1590,687,157,2153,245,20
Croatia,1963,20723,1416,1844,428,157,112,133,337,613,907,2178,3724,5631,4182,883,151,186,260,353,450,457,950,1228,1701,2023,2504,3127,2585,1597,717,166,2001,245,22
Croatia,1964,20513,1301,1696,395,146,109,137,314,590,895,2126,3747,5588,4242,896,141,173,249,341,474,421,907,1219,1687,2060,2469,3119,2645,1597,725,171,1842,246,23
Croatia,1965,20121,1239,1597,358,134,103,138,291,559,890,2026,3715,5477,4275,894,130,161,232,327,468,422,830,1196,1638,2077,2438,3039,2678,1597,717,177,1731,241,24
Croatia,1966,20347,1161,1502,341,126,102,143,279,544,938,1967,3798,5541,4463,918,125,154,221,323,468,470,757,1210,1637,2161,2515,3026,2800,1663,728,190,1628,245,25
Croatia,1967,20171,1046,1363,317,119,97,142,266,521,975,1856,3807,5504,4576,921,122,144,206,315,452,523,660,1196,1612,2195,2561,2943,2867,1709,724,197,1482,239,25
Croatia,1968,20547,965,1268,303,112,93,145,264,509,1037,1797,3909,5643,4796,949,125,139,198,311,448,589,593,1204,1642,2267,2685,2958,2986,1810,741,208,1380,238,26
Croatia,1969,20390,860,1136,276,104,87,141,260,483,1055,1698,3895,5685,4864,956,129,131,185,298,434,621,547,1151,1638,2257,2748,2937,2995,1869,746,210,1240,228,27
Croatia,1970,20538,825,1079,254,98,82,138,256,460,1056,1648,3906,5849,4958,980,134,122,176,284,429,627,565,1083,1652,2254,2854,2995,3005,1953,767,213,1177,220,29
Croatia,1971,20686,815,1050,235,93,78,135,255,436,1044,1603,3902,6035,5021,1009,139,116,167,269,422,622,626,977,1662,2240,2956,3079,2983,2038,796,213,1143,213,30
Croatia,1972,20637,790,1010,220,86,70,130,250,409,1010,1552,3858,6166,5025,1034,137,113,157,252,409,601,702,850,1644,2214,3013,3153,2926,2099,823,211,1096,200,31
Croatia,1973,20676,764,976,212,80,66,123,250,384,983,1517,3829,6301,5065,1070,137,113,146,238,397,586,773,744,1618,2211,3052,3249,2908,2157,859,211,1056,189,32
Croatia,1974,20783,718,922,204,72,63,117,254,359,956,1511,3789,6443,5142,1119,136,118,136,223,384,572,820,691,1563,2226,3070,3373,2945,2197,903,216,994,180,32
Croatia,1975,21037,668,866,198,69,60,111,259,343,937,1550,3735,6622,5276,1180,134,125,130,213,369,568,828,722,1476,2259,3088,3534,3046,2230,956,224,935,171,32
Croatia,1976,21253,655,842,187,63,56,104,260,327,909,1631,3614,6767,5401,1240,132,128,123,204,349,560,821,810,1332,2282,3085,3682,3165,2236,1007,233,905,160,33
Croatia,1977,21682,642,825,183,62,53,100,262,318,891,1753,3496,6981,5597,1313,130,132,124,194,334,557,814,939,1178,2318,3128,3853,3334,2263,1066,247,887,153,33
Croatia,1978,22074,642,819,177,60,50,95,259,311,869,1861,3367,7162,5814,1374,126,133,126,185,320,549,806,1055,1038,2329,3188,3974,3510,2304,1114,260,879,145,33
Croatia,1979,22597,596,772,176,59,48,90,257,312,848,1948,3288,7377,6130,1433,123,134,133,179,306,542,803,1145,978,2310,3287,4090,3730,2400,1155,278,831,138,33
Croatia,1980,24633,592,773,181,63,48,92,272,336,882,2107,3484,8079,6902,1559,127,145,153,183,318,564,863,1244,1113,2371,3618,4461,4221,2681,1251,308,836,140,36
Croatia,1981,26027,571,752,181,63,47,91,280,352,886,2204,3602,8577,7519,1612,128,152,168,184,321,565,902,1302,1339,2263,3861,4716,4612,2907,1287,325,815,138,36
Croatia,1982,28080,548,730,182,66,49,94,293,382,915,2347,3833,9330,8318,1687,131,162,186,196,333,582,964,1383,1682,2151,4208,5122,5105,3213,1345,342,796,143,36
Croatia,1983,29575,539,713,174,67,49,95,300,412,925,2447,3990,9928,8899,1711,132,168,200,212,338,587,1005,1442,1999,1991,4452,5476,5445,3454,1370,341,780,144,34
Croatia,1984,26921,471,616,145,59,44,82,261,386,803,2191,3637,9055,8216,1534,113,148,183,203,293,510,895,1296,1950,1687,3985,5070,4982,3234,1238,296,675,126,30
Croatia,1985,26247,434,564,130,55,42,74,242,389,744,2087,3630,8708,8164,1519,105,137,177,212,268,476,836,1251,1903,1727,3684,5024,4890,3274,1238,281,619,116,29
Croatia,1986,26050,402,523,121,52,41,68,229,396,705,2012,3825,8355,8272,1548,99,130,176,220,254,451,784,1228,1869,1956,3305,5050,4897,3375,1276,272,575,109,29
Croatia,1987,26597,350,466,116,47,39,66,221,403,695,1997,4191,8167,8635,1639,95,126,176,227,256,439,762,1235,1870,2321,2960,5207,5080,3555,1364,275,513,105,30
Croatia,1988,26129,324,429,105,42,38,62,206,394,665,1900,4360,7660,8666,1683,88,118,167,227,255,410,709,1191,1799,2561,2533,5127,5096,3570,1407,276,471,100,29
Croatia,1989,26853,308,407,99,41,37,62,198,396,670,1882,4619,7592,9099,1822,85,113,165,231,272,398,690,1192,1813,2806,2415,5177,5363,3736,1527,295,448,99,30
Croatia,1990,26646,272,362,90,37,34,59,184,384,657,1784,4563,7416,9226,1908,77,107,158,226,288,369,655,1129,1784,2779,2538,4878,5441,3785,1597,311,399,93,30
Croatia,1991,26768,289,406,117,54,42,65,200,409,700,1747,4547,7299,9289,1984,85,115,165,244,328,372,653,1094,1784,2763,2924,4375,5468,3821,1653,331,460,107,30
Croatia,1992,25287,224,305,81,34,31,51,154,347,617,1535,4202,6884,9119,1983,64,90,135,212,288,329,568,967,1655,2547,3229,3655,5330,3789,1649,334,339,82,27
Croatia,1993,25504,215,288,73,30,28,49,143,330,624,1465,4147,6886,9403,2083,60,83,127,203,292,332,542,923,1638,2509,3654,3232,5433,3970,1722,361,318,77,26
Croatia,1994,24992,209,269,60,24,23,45,130,305,620,1348,3955,6768,9313,2157,55,75,114,191,282,338,497,851,1559,2396,3790,2978,5269,4044,1762,395,293,68,31
Croatia,1995,26239,220,290,70,29,24,48,140,315,692,1351,4056,7301,9588,2365,62,78,119,196,301,391,491,860,1565,2491,3948,3353,5237,4351,1921,444,319,72,39
Croatia,1996,26349,213,272,59,23,21,43,120,285,691,1283,3965,7840,9273,2491,53,67,105,180,291,400,461,822,1484,2481,3930,3910,4774,4499,2028,463,295,64,41
Croatia,1997,26824,203,262,59,22,20,41,116,275,694,1262,3941,8494,8970,2680,52,64,102,173,289,405,464,798,1445,2496,3913,4581,4280,4690,2180,500,284,61,46
Croatia,1998,27036,162,219,57,20,19,38,114,262,695,1242,3885,9040,8602,2847,51,63,97,165,282,413,472,770,1392,2493,3878,5162,3788,4814,2317,530,239,57,52
Croatia,1999,26815,147,197,50,19,17,35,109,246,677,1216,3757,9235,8286,2965,50,59,91,155,270,407,485,731,1318,2439,3787,5448,3526,4760,2405,560,216,52,58
Croatia,2000,26487,131,176,45,18,16,32,105,228,652,1187,3578,9088,8281,3060,48,57,83,145,254,398,510,677,1253,2325,3721,5367,3779,4502,2463,597,194,48,64
Croatia,2001,26326,153,193,40,18,14,28,101,213,632,1164,3403,8962,8366,3158,46,55,77,136,241,391,527,637,1197,2206,3676,5286,4329,4037,2510,648,211,42,71
Croatia,2002,26607,122,162,40,17,13,28,95,203,621,1165,3294,8975,8659,3299,42,53,74,129,231,390,537,628,1157,2137,3697,5278,5066,3593,2591,708,179,41,78
Croatia,2003,27671,115,153,38,16,13,27,93,198,623,1220,3282,9254,9200,3508,40,53,71,127,229,394,568,652,1155,2127,3825,5429,5898,3302,2732,776,169,40,87
Croatia,2004,25868,115,147,32,14,12,22,80,175,557,1157,2917,8556,8831,3310,33,47,65,110,200,357,530,627,1028,1889,3537,5019,5853,2978,2550,760,161,34,89
Croatia,2005,26968,124,156,32,12,12,22,80,173,553,1240,2894,8809,9558,3366,33,47,65,108,198,355,545,695,1002,1892,3572,5237,6139,3419,2563,803,168,34,98
Croatia,2006,26308,111,141,30,12,11,19,73,156,512,1240,2699,8450,9830,3060,29,44,60,96,182,330,530,710,922,1777,3335,5115,6017,3813,2265,795,153,30,103
Croatia,2007,27318,118,150,32,12,11,20,71,152,505,1286,2698,8631,10750,2921,29,42,59,93,177,328,543,743,934,1764,3326,5305,6215,4535,2087,834,162,31,113
Croatia,2008,27039,82,113,31,11,10,18,65,144,472,1269,2599,8405,11095,2718,27,38,57,87,165,307,523,746,922,1677,3160,5245,6130,4965,1872,846,124,28,119
Croatia,2009,27609,114,142,28,10,9,18,61,142,453,1280,2599,8396,11596,2782,25,36,56,86,158,295,520,760,967,1632,3077,5319,6240,5356,1908,874,152,27,127
Croatia,2010,27561,74,103,29,10,8,17,55,136,425,1252,2559,8155,11716,2995,22,33,54,82,146,279,498,754,1028,1531,2971,5184,6296,5420,2141,854,113,25,133
Croatia,2011,26993,83,107,24,9,7,15,50,125,389,1200,2468,7705,11613,3163,20,30,49,76,133,256,465,735,1053,1415,2811,4894,6229,5384,2391,772,116,22,136
Croatia,2012,27216,70,93,23,9,6,14,47,118,369,1182,2462,7502,11818,3446,20,27,45,73,125,244,447,735,1071,1391,2723,4779,6340,5478,2737,709,102,20,146
Croatia,2013,26641,64,85,21,8,6,13,42,111,338,1114,2417,7087,11667,3600,17,25,40,71,115,223,415,699,1064,1353,2566,4521,6252,5415,2939,661,93,19,150
Croatia,2014,27124,81,99,18,8,5,13,39,107,324,1088,2494,6921,11968,3895,16,23,39,68,111,213,397,691,1080,1414,2498,4423,6387,5581,3175,720,107,18,159
Croatia,2015,29174,64,86,22,7,6,12,41,108,328,1124,2784,7186,12949,4379,17,24,38,70,115,213,406,718,1157,1627,2540,4646,6796,6153,3506,873,93,18,166
Croatia,2016,27485,66,84,18,7,5,11,36,97,290,1013,2713,6552,12221,4318,15,21,34,63,104,186,361,652,1096,1617,2276,4276,6271,5950,3403,915,91,16,141
Croatia,2017,29021,54,73,19,7,5,10,36,95,288,1022,2892,6746,12966,4750,15,21,33,62,105,183,362,660,1156,1736,2357,4389,6523,6443,3681,1069,80,15,131
Croatia,2018,28285,50,67,17,6,5,9,34,86,269,951,2834,6463,12655,4785,15,19,30,56,99,170,333,618,1105,1729,2301,4162,6239,6416,3661,1124,73,14,123
Croatia,2019,27912,57,72,15,6,5,8,31,79,256,885,2784,6302,12465,4885,13,18,27,52,95,161,309,576,1069,1715,2341,3961,6008,6457,3708,1177,78,13,132
Croatia,2020,30487,59,76,17,7,5,11,33,79,271,919,3011,6848,13541,5529,13,20,27,52,101,170,317,602,1135,1876,2745,4103,6465,7076,4190,1339,83,16,158
Croatia,2021,30166,64,81,17,6,5,9,30,75,260,861,2973,6777,13265,5655,12,18,26,49,96,164,294,567,1093,1880,2889,3888,6300,6965,4284,1371,87,14,171
Cuba,1950,27117,6648,9585,2937,689,351,441,966,1242,1620,1701,2983,3831,2884,811,465,501,557,685,772,848,815,886,1370,1613,1911,1920,1676,1208,598,213,10274,792,8
Cuba,1951,27307,6616,9581,2965,680,351,441,962,1242,1673,1781,3075,3950,2810,741,464,498,555,687,787,886,872,909,1382,1693,1981,1969,1656,1154,562,179,10261,792,21
Cuba,1952,27124,6503,9404,2901,659,343,440,950,1221,1699,1862,3112,4016,2719,676,457,493,546,675,795,904,929,933,1347,1765,2012,2004,1625,1094,516,160,10063,783,26
Cuba,1953,26885,6434,9253,2819,639,330,435,934,1192,1704,1943,3111,4057,2637,620,449,485,536,656,793,911,980,963,1288,1823,2024,2033,1596,1041,474,146,9892,765,27
Cuba,1954,26665,6370,9110,2740,625,319,429,914,1162,1701,2025,3095,4113,2576,574,439,475,523,639,787,914,1024,1001,1241,1854,2050,2063,1579,997,442,132,9735,748,24
Cuba,1955,26536,6296,8955,2659,614,305,421,898,1134,1700,2109,3094,4199,2552,538,431,467,512,622,780,920,1061,1048,1226,1868,2098,2101,1584,968,416,122,9569,726,20
Cuba,1956,26521,6217,8795,2578,601,297,413,884,1119,1700,2203,3097,4326,2560,507,426,458,507,612,773,927,1095,1108,1237,1860,2177,2149,1608,952,393,114,9396,710,18
Cuba,1957,26557,6135,8633,2498,585,288,402,869,1103,1700,2301,3099,4486,2591,484,420,449,500,603,762,938,1120,1181,1276,1823,2287,2199,1648,943,379,105,9218,690,17
Cuba,1958,26641,6065,8483,2418,568,281,392,857,1090,1695,2396,3104,4653,2640,464,417,440,493,597,748,947,1139,1257,1333,1771,2402,2251,1698,942,366,98,9051,673,15
Cuba,1959,26831,6087,8430,2343,558,274,381,847,1079,1688,2486,3134,4799,2691,449,413,434,488,591,735,953,1156,1330,1403,1731,2481,2318,1746,945,356,93,8988,655,14
Cuba,1960,26990,6149,8419,2270,540,266,371,833,1063,1672,2553,3188,4890,2747,434,406,427,481,582,721,951,1169,1384,1475,1713,2502,2388,1792,955,347,87,8959,637,13
Cuba,1961,27156,6208,8426,2218,527,260,363,825,1052,1659,2608,3272,4934,2798,424,400,425,476,576,713,946,1182,1426,1551,1721,2468,2466,1830,968,341,83,8953,623,12
Cuba,1962,27269,6261,8435,2174,513,253,353,810,1031,1626,2638,3386,4948,2848,415,390,420,466,565,697,929,1190,1448,1636,1750,2383,2565,1860,988,336,79,8948,606,11
Cuba,1963,28433,6385,8710,2325,649,320,385,875,1104,1694,2753,3602,4998,2921,409,417,458,501,603,735,959,1246,1507,1766,1836,2309,2689,1904,1017,334,75,9359,705,10
Cuba,1964,27269,6101,8190,2089,488,237,332,772,986,1566,2663,3686,4944,2982,409,365,407,443,543,675,891,1196,1467,1804,1882,2213,2731,1943,1039,336,73,8678,569,9
Cuba,1965,27123,5834,7853,2019,478,228,320,740,967,1535,2666,3853,4967,3085,417,347,393,433,534,663,872,1187,1479,1873,1980,2206,2761,2012,1073,344,73,8331,548,9
Cuba,1966,26972,5549,7468,1919,470,220,309,706,944,1510,2664,4034,5000,3207,427,331,375,422,522,654,856,1172,1492,1932,2102,2247,2753,2098,1109,355,72,7938,529,8
Cuba,1967,26823,5268,7071,1803,462,212,296,670,924,1488,2658,4219,5028,3355,441,312,358,413,511,646,842,1151,1507,1974,2245,2331,2697,2212,1143,370,71,7533,508,8
Cuba,1968,26674,4998,6676,1678,454,205,287,637,900,1467,2643,4387,5056,3498,455,296,341,402,498,637,830,1126,1517,1998,2389,2440,2616,2320,1178,383,72,7130,492,8
Cuba,1969,26485,4724,6279,1555,443,199,278,613,882,1448,2624,4520,5112,3608,465,286,327,395,487,628,820,1105,1519,2013,2507,2554,2558,2389,1219,393,72,6722,477,8
Cuba,1970,26230,4437,5875,1438,425,195,274,604,868,1432,2597,4603,5196,3674,477,284,320,388,480,619,813,1090,1507,2021,2582,2658,2538,2411,1263,404,73,6300,469,8
Cuba,1971,25864,4131,5445,1314,401,192,273,602,856,1417,2566,4629,5289,3701,490,285,317,384,472,608,809,1080,1486,2019,2610,2747,2542,2386,1315,414,76,5846,465,7
Cuba,1972,25658,3806,4993,1187,373,190,277,613,847,1401,2523,4611,5431,3862,525,292,321,381,466,597,804,1070,1453,2011,2600,2821,2610,2403,1459,444,81,5366,467,8
Cuba,1973,25308,3382,4430,1048,347,194,288,637,846,1389,2482,4552,5519,4027,589,309,328,381,465,587,802,1065,1417,1996,2556,2879,2640,2407,1620,502,87,4777,482,8
Cuba,1974,24931,2928,3830,902,318,200,305,673,856,1384,2444,4470,5533,4213,697,331,342,388,468,583,801,1059,1385,1968,2502,2910,2623,2430,1783,598,99,4148,505,8
Cuba,1975,24594,2461,3224,763,297,209,336,721,878,1387,2416,4374,5463,4423,861,361,360,401,477,585,802,1053,1363,1927,2447,2902,2561,2469,1954,740,121,3521,545,8
Cuba,1976,24412,2042,2683,641,276,222,379,777,911,1395,2398,4278,5361,4630,1087,397,380,419,492,592,803,1048,1350,1876,2402,2854,2507,2494,2136,925,162,2959,601,8
Cuba,1977,24454,1692,2229,537,263,235,436,839,952,1412,2394,4194,5289,4823,1385,439,400,441,511,606,806,1049,1345,1823,2371,2781,2508,2497,2326,1144,241,2492,671,10
Cuba,1978,24701,1381,1832,451,251,247,503,899,994,1428,2396,4129,5282,4981,1747,479,420,464,530,622,806,1055,1341,1778,2351,2709,2573,2458,2523,1374,373,2083,750,16
Cuba,1979,25282,1242,1626,384,243,253,565,944,1030,1444,2409,4089,5362,5113,2165,511,433,483,547,636,808,1066,1343,1750,2339,2674,2688,2395,2718,1593,572,1869,818,32
Cuba,1980,25883,1045,1350,305,223,256,609,973,1053,1456,2433,4086,5543,5220,2616,532,441,493,560,646,810,1081,1352,1746,2340,2703,2840,2363,2857,1795,821,1573,865,65
Cuba,1981,26752,989,1257,268,215,254,623,983,1058,1467,2469,4112,5806,5297,3083,542,441,494,564,656,811,1101,1368,1762,2350,2792,3014,2440,2857,1985,1098,1472,877,128
Cuba,1982,26802,1073,1313,240,203,250,610,990,1052,1496,2543,4174,6136,5251,2628,552,438,486,566,668,828,1136,1407,1797,2377,2936,3200,2766,2485,1718,910,1516,860,155
Cuba,1983,27040,1055,1275,220,186,242,583,992,1041,1530,2626,4258,6492,5380,2268,558,434,478,563,680,850,1170,1456,1838,2420,3095,3397,3204,2176,1517,751,1461,825,162
Cuba,1984,27519,1021,1238,217,172,232,552,995,1033,1572,2709,4358,6852,5625,2017,562,433,472,561,694,878,1204,1505,1881,2477,3244,3608,3629,1996,1371,646,1410,784,162
Cuba,1985,28105,987,1198,211,159,218,528,1007,1030,1628,2790,4467,7172,5932,1828,569,438,468,562,714,914,1235,1555,1926,2541,3356,3816,3941,1991,1257,571,1357,746,151
Cuba,1986,28742,957,1164,207,144,203,514,1026,1035,1693,2858,4578,7427,6277,1681,576,450,468,567,740,953,1256,1602,1977,2601,3424,4003,4121,2156,1163,518,1308,717,136
Cuba,1987,29435,947,1150,203,133,185,506,1049,1047,1764,2927,4687,7628,6657,1575,579,470,474,573,771,993,1280,1647,2031,2656,3460,4168,4210,2447,1086,489,1283,691,125
Cuba,1988,30154,939,1136,197,128,166,497,1072,1059,1831,2984,4792,7794,7067,1507,578,494,479,580,802,1029,1302,1682,2091,2701,3491,4303,4270,2797,1037,470,1264,663,115
Cuba,1989,30902,898,1092,194,126,148,482,1088,1073,1892,3030,4883,7935,7508,1528,573,515,486,587,828,1064,1323,1707,2148,2735,3527,4408,4357,3151,1054,474,1218,630,114
Cuba,1990,31691,852,1040,188,123,133,454,1095,1083,1933,3066,4972,8064,7973,1646,562,533,492,591,844,1089,1344,1722,2201,2771,3577,4487,4497,3476,1176,470,1163,587,107
Cuba,1991,32496,760,942,182,122,119,412,1085,1089,1958,3088,5064,8178,8454,1881,545,540,499,590,850,1108,1363,1725,2248,2816,3635,4543,4691,3763,1413,468,1064,531,104
Cuba,1992,33288,678,850,172,123,109,362,1059,1096,1963,3099,5150,8267,8910,2199,525,534,508,588,846,1117,1376,1723,2289,2861,3687,4580,4902,4008,1737,462,973,471,101
Cuba,1993,34024,615,773,158,122,103,312,1017,1100,1958,3118,5226,8332,9303,2559,498,519,517,583,835,1123,1390,1728,2319,2907,3722,4610,5088,4215,2095,464,895,415,102
Cuba,1994,34602,565,709,144,122,101,267,959,1103,1942,3146,5278,8371,9600,2901,461,498,526,577,817,1125,1405,1741,2334,2944,3737,4634,5210,4390,2414,487,831,368,101
Cuba,1995,35094,532,663,131,122,100,228,888,1105,1924,3195,5319,8405,9783,3254,415,473,533,572,800,1124,1429,1766,2341,2978,3752,4653,5247,4536,2678,576,785,328,104
Cuba,1996,35321,492,614,122,121,101,197,809,1109,1902,3255,5333,8415,9804,3553,362,447,536,573,779,1123,1459,1796,2336,2997,3762,4653,5197,4607,2842,711,735,298,103
Cuba,1997,35465,499,613,114,117,101,178,730,1108,1875,3318,5337,8412,9737,3829,310,420,530,578,758,1117,1489,1829,2332,3005,3781,4631,5107,4630,2934,895,730,279,109
Cuba,1998,35505,479,587,108,108,100,164,657,1106,1841,3380,5344,8398,9645,4055,262,395,517,589,736,1105,1516,1864,2333,3011,3805,4593,5021,4624,2994,1061,695,264,118
Cuba,1999,35634,461,565,104,98,96,158,590,1099,1803,3429,5358,8388,9608,4281,222,368,496,603,717,1086,1530,1899,2349,3009,3833,4555,4986,4622,3057,1224,663,254,165
Cuba,2000,35890,426,527,101,89,93,152,530,1081,1763,3452,5381,8397,9680,4525,191,339,469,612,706,1057,1524,1928,2379,3002,3855,4542,5025,4655,3143,1382,616,245,216
Cuba,2001,36317,400,496,96,77,88,148,479,1057,1728,3458,5425,8451,9858,4776,171,308,442,615,705,1023,1503,1955,2416,3009,3872,4579,5122,4736,3252,1524,573,236,273
Cuba,2002,36904,391,485,94,67,82,144,430,1024,1699,3451,5492,8564,10089,5032,157,273,417,607,714,985,1469,1982,2452,3040,3890,4674,5235,4854,3377,1655,552,226,348
Cuba,2003,37584,366,456,90,59,78,138,390,977,1683,3427,5576,8717,10356,5299,150,240,393,584,734,949,1426,2001,2498,3078,3926,4791,5345,5011,3547,1752,515,216,425
Cuba,2004,38394,333,420,87,55,70,134,357,923,1684,3400,5682,8853,10668,5654,147,210,368,555,758,926,1391,2009,2547,3135,3953,4900,5443,5225,3811,1843,475,204,495
Cuba,2005,39134,307,389,82,52,65,129,333,863,1702,3374,5804,8956,10977,5961,147,186,341,522,776,926,1365,2009,2595,3209,3967,4989,5524,5453,4058,1903,441,194,527
Cuba,2006,39850,280,358,78,53,60,126,314,803,1730,3352,5926,9039,11270,6261,148,166,309,494,786,944,1353,1999,2651,3275,4005,5034,5633,5637,4271,1990,411,186,556
Cuba,2007,40563,274,347,73,55,58,123,299,750,1767,3326,6052,9140,11521,6544,147,152,277,473,782,985,1347,1979,2713,3339,4068,5072,5786,5735,4430,2114,402,181,575
Cuba,2008,41314,287,357,70,55,56,119,293,703,1809,3301,6178,9281,11736,6822,147,146,247,456,766,1043,1337,1964,2762,3416,4132,5149,5933,5803,4539,2283,412,175,603
Cuba,2009,42003,294,360,66,59,56,115,293,663,1845,3296,6288,9438,11930,7065,147,146,223,440,741,1104,1335,1961,2794,3494,4231,5207,6059,5871,4626,2439,419,171,594
Cuba,2010,42685,285,350,65,57,57,110,299,632,1868,3312,6367,9612,12106,7317,149,150,208,424,717,1151,1348,1964,2803,3564,4379,5233,6174,5932,4743,2574,407,167,595
Cuba,2011,43481,285,350,65,56,59,106,310,605,1872,3346,6454,9822,12292,7569,151,159,197,408,698,1174,1375,1971,2795,3659,4521,5301,6225,6067,4842,2727,406,165,644
Cuba,2012,44262,267,331,64,54,60,103,318,580,1856,3393,6548,10087,12581,7653,152,166,192,388,689,1167,1421,1972,2779,3769,4672,5415,6282,6299,4850,2803,385,163,701
Cuba,2013,44956,257,321,64,51,61,103,321,561,1821,3456,6664,10401,12913,7537,149,172,196,365,681,1140,1496,1960,2790,3874,4865,5536,6425,6488,4862,2675,372,164,741
Cuba,2014,45813,246,309,63,49,59,102,324,549,1775,3543,6811,10797,13215,7515,145,179,203,346,671,1104,1580,1963,2839,3972,5047,5750,6561,6654,4922,2593,358,161,766
Cuba,2015,46827,243,305,62,47,57,102,320,542,1726,3655,6970,11296,13477,7569,138,182,214,328,658,1068,1655,2000,2908,4062,5220,6076,6667,6810,4983,2586,352,159,763
Cuba,2016,47967,226,286,60,47,52,103,311,531,1685,3789,7144,11823,13734,7716,130,181,221,310,638,1047,1720,2069,2995,4149,5412,6411,6853,6881,5122,2594,333,155,747
Cuba,2017,49140,216,274,58,46,48,102,302,527,1645,3953,7311,12318,14003,7876,126,176,227,300,605,1040,1764,2189,3090,4221,5591,6727,7067,6936,5308,2568,320,150,731
Cuba,2018,50203,214,268,54,52,48,104,297,530,1607,4162,7448,12700,14259,8004,124,173,231,299,563,1044,1791,2371,3163,4285,5698,7002,7216,7043,5427,2577,320,152,721
Cuba,2019,50926,199,253,54,61,51,107,294,548,1578,4405,7598,12831,14408,8088,125,169,244,304,525,1053,1819,2586,3261,4337,5709,7122,7345,7063,5492,2596,314,158,704
Cuba,2020,51926,186,237,51,47,44,106,270,496,1525,4360,7573,12938,15031,8558,118,152,208,288,499,1026,1707,2653,3270,4303,5781,7157,7793,7238,5806,2752,284,150,742
Cuba,2021,73955,174,223,49,49,60,97,398,835,2166,6618,11406,19375,21131,10745,176,222,364,471,660,1506,2563,4055,4934,6472,8708,10667,11298,9833,7343,3402,272,157,852
Curacao,1950,583,118,154,36,9,5,9,20,20,29,39,68,132,75,19,10,10,10,10,14,15,17,22,27,41,65,67,43,32,14,5,163,14,1
Curacao,1951,592,119,154,35,9,5,9,20,20,29,40,68,136,78,19,10,10,10,10,14,15,17,23,28,40,65,71,47,31,14,5,163,14,1
Curacao,1952,584,118,151,33,9,5,9,20,20,28,40,66,135,79,17,10,10,10,10,13,15,18,22,28,38,61,74,51,28,13,4,160,14,1
Curacao,1953,571,114,147,33,8,5,7,20,20,27,39,66,131,83,16,10,10,10,10,12,15,17,22,29,37,57,74,56,27,13,3,155,12,1
Curacao,1954,563,110,140,30,8,5,7,20,20,26,39,65,129,86,16,10,10,10,10,11,15,17,22,29,36,55,74,59,27,13,3,148,12,1
Curacao,1955,565,106,135,29,9,5,7,20,20,26,40,66,125,91,16,10,10,10,10,11,15,18,22,29,37,52,73,63,28,13,3,144,12,0
Curacao,1956,558,102,130,28,9,5,6,20,20,25,41,67,125,95,13,10,10,10,10,10,15,19,22,30,37,52,73,65,30,11,2,139,11,0
Curacao,1957,548,98,124,26,7,5,5,20,20,25,41,66,118,101,13,10,10,10,10,10,15,19,22,29,37,49,69,67,34,11,2,131,10,0
Curacao,1958,543,94,119,25,7,5,5,19,20,24,41,67,114,105,12,9,10,10,10,10,14,19,22,29,38,49,65,69,36,10,2,126,10,0
Curacao,1959,545,90,115,25,7,5,5,20,20,28,42,69,112,109,14,10,10,10,10,13,15,20,22,30,39,50,62,70,39,12,2,122,10,0
Curacao,1960,539,87,112,25,7,5,5,19,20,28,41,69,111,110,13,9,10,10,10,13,15,19,22,31,38,50,61,69,41,11,2,119,10,0
Curacao,1961,535,81,105,24,7,5,5,19,20,28,42,71,109,111,14,9,10,10,10,13,15,19,23,31,40,50,59,68,43,12,2,112,10,0
Curacao,1962,533,77,99,22,8,5,5,20,20,28,43,72,110,110,17,10,10,10,10,13,15,18,25,31,41,51,59,65,45,15,2,107,10,0
Curacao,1963,525,74,95,21,7,5,5,16,20,27,42,73,110,110,17,6,10,10,10,12,15,18,24,31,42,51,59,63,47,15,2,102,10,0
Curacao,1964,523,71,90,19,7,5,5,20,20,26,43,74,111,106,17,10,10,10,10,11,15,18,25,31,43,52,59,60,46,15,2,97,10,0
Curacao,1965,523,68,87,19,7,5,6,20,20,26,42,76,113,105,19,10,10,10,10,11,15,18,24,32,44,53,60,59,46,17,2,94,11,0
Curacao,1966,516,65,84,19,7,5,5,18,20,25,42,75,114,102,20,10,8,10,10,10,15,17,25,31,44,54,60,58,44,18,2,91,10,0
Curacao,1967,516,61,77,16,7,5,6,20,20,25,43,75,116,101,22,10,10,10,10,10,15,18,25,31,44,56,60,58,43,20,2,84,11,0
Curacao,1968,516,58,72,14,7,5,6,20,20,25,43,76,120,100,23,10,10,10,10,10,15,18,25,33,43,58,62,58,42,20,3,79,11,0
Curacao,1969,506,54,68,14,6,5,5,18,20,24,42,76,121,99,23,9,9,10,10,10,14,18,24,33,43,58,63,58,41,20,3,74,10,0
Curacao,1970,504,51,63,12,6,5,5,19,20,25,42,76,125,98,23,9,10,10,10,10,15,18,24,34,42,60,65,58,40,20,3,69,10,0
Curacao,1971,502,47,58,11,6,5,5,19,20,25,41,78,125,100,21,9,10,10,10,10,15,18,23,35,43,60,65,60,40,18,3,64,10,0
Curacao,1972,489,43,53,10,5,5,5,14,18,24,39,76,126,101,22,5,9,8,10,10,14,17,22,34,42,59,67,61,40,18,4,58,10,0
Curacao,1973,490,41,50,9,5,5,5,14,20,24,38,78,129,101,21,5,9,10,10,10,14,17,21,34,44,59,70,61,40,17,4,55,10,0
Curacao,1974,478,38,46,8,5,5,5,10,15,23,38,76,128,103,21,5,5,5,10,10,13,17,21,32,44,58,70,63,40,17,4,51,10,0
Curacao,1975,482,35,42,7,5,5,5,11,20,24,38,77,129,104,21,5,6,10,10,10,14,17,21,31,46,56,73,64,40,17,4,47,10,0
Curacao,1976,485,33,39,6,5,5,5,10,20,24,39,77,131,107,20,5,5,10,10,10,14,17,22,30,47,58,73,67,40,17,3,44,10,0
Curacao,1977,490,32,37,5,5,5,5,10,20,25,40,78,133,111,20,5,5,10,10,10,15,17,23,29,49,59,74,69,42,17,3,42,10,0
Curacao,1978,482,30,35,5,5,5,5,10,18,25,38,74,132,111,20,5,5,8,10,10,15,16,22,29,45,60,72,69,42,17,3,40,10,0
Curacao,1979,486,29,33,4,5,5,5,10,18,25,39,74,135,116,20,5,5,8,10,10,15,17,22,29,45,63,72,73,43,17,3,38,10,0
Curacao,1980,490,28,32,4,5,5,5,10,17,25,39,74,135,119,20,5,5,7,10,10,15,17,22,29,45,64,71,74,45,17,3,37,10,0
Curacao,1981,494,27,31,4,5,5,5,10,17,25,39,72,140,123,21,5,5,7,10,10,15,17,22,30,42,67,73,76,47,18,3,36,10,0
Curacao,1982,499,26,30,4,5,5,5,10,17,24,40,72,142,126,23,5,5,7,10,10,14,18,22,31,41,68,74,77,49,20,3,35,10,0
Curacao,1983,502,25,29,4,5,2,5,10,17,24,41,73,142,127,24,5,5,7,10,10,14,18,23,31,42,66,76,76,51,20,4,34,7,0
Curacao,1984,506,25,29,4,4,2,5,10,17,24,42,73,143,127,24,5,5,7,10,10,14,19,23,31,42,64,79,75,52,20,4,33,7,0
Curacao,1985,513,25,29,4,4,1,5,10,19,24,42,74,145,130,24,5,5,9,10,10,14,19,23,31,43,62,83,76,54,20,4,33,6,0
Curacao,1986,514,24,28,4,4,1,5,10,19,25,43,75,147,132,25,5,5,9,10,10,15,19,24,31,44,61,86,77,55,21,4,32,6,0
Curacao,1987,509,24,28,4,3,0,5,10,17,25,41,74,142,130,26,5,5,7,10,10,15,18,23,30,44,58,84,76,54,22,4,31,5,0
Curacao,1988,513,23,27,4,3,0,5,10,17,26,42,76,141,135,29,5,5,7,10,11,15,18,24,31,45,58,83,80,55,24,5,30,5,0
Curacao,1989,524,23,27,4,5,0,5,10,20,27,43,77,142,139,30,5,5,10,10,12,15,18,25,32,45,59,83,84,55,25,5,32,5,0
Curacao,1990,521,22,26,4,3,0,4,10,18,26,42,78,138,144,30,5,5,8,10,11,15,18,24,32,46,60,78,88,56,25,5,29,4,0
Curacao,1991,525,21,25,4,3,0,4,10,18,26,43,77,139,148,31,5,5,8,10,11,15,18,25,32,45,62,77,91,57,26,5,28,4,0
Curacao,1992,531,20,24,4,3,0,3,10,18,26,45,78,139,151,32,5,5,8,10,11,15,20,25,33,45,63,76,92,59,26,6,27,3,0
Curacao,1993,535,18,22,4,3,0,3,10,17,27,45,79,141,153,32,5,5,7,10,11,16,20,25,33,46,64,77,92,61,26,6,25,3,0
Curacao,1994,536,17,21,4,2,0,3,10,17,27,45,82,142,155,32,5,5,7,10,11,16,20,25,35,47,65,77,90,65,26,6,23,3,1
Curacao,1995,543,17,21,4,3,0,3,10,16,27,45,82,145,156,32,5,5,6,10,11,16,20,25,35,47,65,80,87,69,26,6,24,3,1
Curacao,1996,546,16,20,4,2,0,2,10,16,27,45,85,149,157,34,5,5,6,10,11,16,20,25,36,49,66,83,86,71,27,7,22,2,1
Curacao,1997,550,15,19,4,1,0,1,10,15,27,47,85,153,157,37,5,5,5,10,11,16,21,26,36,49,67,86,85,72,29,8,20,1,1
Curacao,1998,550,14,18,4,1,0,0,10,15,26,46,85,153,156,40,5,5,5,10,11,15,21,25,35,50,67,86,84,72,32,8,19,0,1
Curacao,1999,556,14,18,4,0,0,0,7,14,26,46,87,155,157,41,2,5,5,9,11,15,21,25,35,52,68,87,88,69,33,8,18,0,1
Curacao,2000,560,13,17,4,0,0,0,5,14,26,48,88,156,157,43,0,5,5,9,11,15,21,27,35,53,69,87,89,68,35,8,17,0,1
Curacao,2001,563,13,16,3,0,0,0,4,13,27,49,87,157,157,44,0,4,5,8,12,15,21,28,34,53,70,87,92,65,36,8,16,0,1
Curacao,2002,569,13,16,3,0,0,0,3,13,28,49,88,160,162,44,0,3,5,8,12,16,21,28,34,54,72,88,96,66,36,8,16,0,1
Curacao,2003,576,12,14,2,0,0,1,4,12,28,49,91,163,164,46,1,3,5,7,12,16,21,28,36,55,74,89,96,68,37,9,14,1,1
Curacao,2004,586,12,14,2,0,0,1,6,12,29,50,92,166,168,46,3,3,5,7,12,17,21,29,37,55,76,90,98,70,35,11,14,1,1
Curacao,2005,596,12,14,2,0,0,1,10,12,29,51,94,169,172,46,5,5,5,7,12,17,22,29,39,55,78,91,99,73,35,11,14,1,1
Curacao,2006,606,12,14,2,0,0,1,10,11,29,53,96,173,173,46,5,5,5,6,11,18,23,30,41,55,79,94,99,74,35,11,14,1,1
Curacao,2007,616,12,14,2,0,0,0,10,11,29,53,97,176,176,47,5,5,5,6,11,18,23,30,41,56,80,96,99,77,36,11,14,0,1
Curacao,2008,629,12,14,2,0,0,0,8,10,29,56,102,180,180,48,3,5,5,5,11,18,24,32,44,58,82,98,102,78,37,11,14,0,1
Curacao,2009,647,11,13,2,0,0,0,7,10,29,58,107,187,185,49,2,5,5,5,11,18,25,33,45,62,85,102,104,81,38,11,13,0,1
Curacao,2010,631,11,12,1,0,0,0,4,10,26,55,105,183,180,50,0,4,5,5,9,17,23,32,44,61,82,101,102,78,39,11,12,0,1
Curacao,2011,620,10,10,0,0,0,0,2,10,24,54,102,179,180,51,0,2,5,5,9,15,23,31,42,60,80,99,102,78,40,11,10,0,1
Curacao,2012,644,10,10,0,0,0,0,2,10,24,55,108,187,188,53,0,2,5,5,9,15,23,32,44,64,83,104,107,81,42,11,10,0,1
Curacao,2013,625,9,9,0,0,0,0,1,10,21,52,102,182,187,52,0,1,5,5,8,13,22,30,42,60,82,100,106,81,41,11,9,0,1
Curacao,2014,648,9,9,0,0,0,0,1,10,21,53,105,189,195,56,0,1,5,5,8,13,22,31,42,63,85,104,111,84,44,12,9,0,2
Curacao,2015,650,8,8,0,0,0,0,0,10,19,52,102,188,199,60,0,0,5,5,7,12,22,30,42,60,85,103,113,86,46,14,8,0,2
Curacao,2016,677,7,7,0,0,0,0,0,10,19,52,107,199,212,64,0,0,5,5,7,12,21,31,42,65,90,109,120,92,49,15,7,0,2
Curacao,2017,704,7,7,0,0,0,0,4,10,19,52,109,210,221,66,2,2,5,5,7,12,21,31,44,65,95,115,125,96,51,15,7,0,2
Curacao,2018,736,7,7,0,0,0,0,7,10,18,54,113,220,236,71,2,5,5,5,6,12,21,33,45,68,97,123,132,104,55,16,7,0,2
Curacao,2019,771,9,9,0,0,0,0,9,10,19,55,118,229,246,75,4,5,5,5,7,12,21,34,47,71,100,129,136,110,57,18,9,0,2
Curacao,2020,800,8,8,0,0,0,0,8,10,18,52,121,240,259,80,3,5,5,5,6,12,19,33,48,73,105,135,143,116,60,20,8,0,3
Curacao,2021,894,8,8,0,0,0,0,7,10,20,58,139,268,292,88,2,5,5,5,7,13,21,37,56,83,118,150,161,131,67,21,8,0,3
Cyprus,1950,2710,660,816,156,45,20,31,71,88,144,243,403,569,257,26,35,36,41,47,63,81,115,128,181,222,299,270,165,92,25,1,861,51,0
Cyprus,1951,2654,606,764,158,43,20,29,68,87,142,240,388,573,271,28,34,34,40,47,64,78,115,125,175,213,296,277,176,95,27,1,807,49,0
Cyprus,1952,2579,548,694,146,41,20,28,63,84,138,237,379,573,284,33,30,33,39,45,60,78,112,125,168,211,282,291,186,98,30,3,735,48,0
Cyprus,1953,2559,525,664,139,40,20,28,64,82,139,238,371,568,299,41,30,34,38,44,60,79,108,130,157,214,263,305,194,105,37,4,704,48,0
Cyprus,1954,2520,509,634,125,44,16,26,61,80,137,235,365,561,314,45,29,32,37,43,58,79,100,135,147,218,242,319,200,114,41,4,678,42,0
Cyprus,1955,2502,483,598,115,44,17,26,58,79,139,236,362,553,330,60,26,32,36,43,56,83,96,140,140,222,225,328,208,122,51,9,642,43,0
Cyprus,1956,2509,462,569,107,43,16,26,57,78,140,238,361,551,355,73,26,31,35,43,55,85,94,144,139,222,225,326,227,128,63,10,612,42,0
Cyprus,1957,2501,447,547,100,41,16,24,56,77,138,236,360,536,382,93,26,30,35,42,54,84,97,139,149,211,233,303,257,125,78,15,588,40,0
Cyprus,1958,2490,432,525,93,38,17,22,55,74,134,231,353,517,407,117,26,29,34,40,54,80,102,129,162,191,254,263,292,115,93,24,563,39,1
Cyprus,1959,2500,417,505,88,36,18,21,52,72,131,228,351,502,435,142,25,27,35,37,56,75,110,118,181,170,279,223,328,107,107,35,541,39,2
Cyprus,1960,2475,402,486,84,34,20,21,51,67,124,222,344,488,450,163,25,26,34,33,54,70,115,107,191,153,296,192,343,107,110,53,520,41,4
Cyprus,1961,2466,394,475,81,32,20,20,50,65,120,220,346,482,457,170,25,25,33,32,53,67,117,103,192,154,292,190,327,130,94,76,507,40,8
Cyprus,1962,2391,352,425,73,31,20,20,47,64,117,225,356,503,451,124,22,25,31,33,50,67,113,112,180,176,265,238,274,177,58,66,456,40,9
Cyprus,1963,2732,362,484,122,57,31,30,65,84,143,268,426,581,464,94,30,35,39,45,59,84,125,143,193,233,261,320,237,227,38,56,541,61,9
Cyprus,1964,2699,337,449,112,57,29,30,64,82,140,273,437,597,454,78,30,34,37,45,56,84,118,155,177,260,231,366,204,250,35,43,506,59,8
Cyprus,1965,2335,295,344,49,26,16,24,43,61,111,240,395,552,441,73,20,23,27,34,42,69,97,143,151,244,199,353,198,243,43,30,370,40,8
Cyprus,1966,2352,276,320,44,25,16,24,43,61,111,239,405,553,465,81,21,22,26,35,43,68,94,145,154,251,208,345,239,226,63,18,345,40,7
Cyprus,1967,2347,259,299,40,24,15,23,42,59,105,234,406,545,494,94,21,21,25,34,42,63,92,142,162,244,232,313,294,200,84,10,323,38,6
Cyprus,1968,2424,244,280,36,21,15,23,42,58,107,235,419,558,547,114,22,20,25,33,45,62,94,141,177,242,269,289,355,192,105,9,301,38,5
Cyprus,1969,2489,229,262,33,21,15,23,42,56,106,231,430,573,599,126,22,20,25,31,46,60,94,137,189,241,302,271,392,207,116,10,283,38,4
Cyprus,1970,2521,212,242,30,18,15,23,42,54,106,221,435,588,644,130,22,20,24,30,45,61,89,132,196,239,323,265,394,250,115,15,260,38,2
Cyprus,1971,2587,203,229,26,16,15,23,42,52,104,215,446,619,685,138,22,20,23,29,44,60,87,128,200,246,340,279,371,314,115,23,245,38,1
Cyprus,1972,2597,191,215,24,15,15,22,42,48,102,201,442,639,699,158,22,20,21,27,42,60,82,119,196,246,342,297,333,366,127,31,230,37,1
Cyprus,1973,2691,150,171,21,15,15,22,42,47,102,198,455,689,722,208,22,20,20,27,41,61,82,116,198,257,360,329,314,408,172,36,186,37,2
Cyprus,1974,2879,137,156,19,13,13,34,83,90,172,239,471,723,663,222,43,40,40,50,78,94,109,130,204,267,364,359,298,365,190,32,169,47,3
Cyprus,1975,2736,117,134,17,11,12,21,44,50,105,202,476,789,648,242,22,22,24,26,40,65,88,114,195,281,378,411,307,341,212,30,145,33,3
Cyprus,1976,2702,116,130,14,10,11,21,43,50,100,201,469,810,613,239,22,21,25,25,38,62,88,113,183,286,371,439,314,299,210,29,140,32,2
Cyprus,1977,2698,98,111,13,10,11,21,45,51,97,203,465,820,623,242,22,23,25,26,37,60,90,113,177,288,367,453,345,278,206,36,121,32,2
Cyprus,1978,2688,91,102,11,10,10,19,45,50,96,202,453,817,648,236,22,23,25,25,36,60,90,112,170,283,367,450,376,272,196,40,112,29,2
Cyprus,1979,2757,90,101,11,10,10,19,45,51,95,206,453,832,696,235,22,23,25,26,37,58,90,116,170,283,380,452,410,286,188,47,111,29,3
Cyprus,1980,2812,96,107,11,10,10,18,45,52,93,207,447,841,739,237,22,23,25,27,37,56,90,117,170,277,393,448,427,312,185,52,117,28,3
Cyprus,1981,2895,90,101,11,8,10,16,47,60,93,213,450,863,782,250,23,24,30,30,37,56,92,121,174,276,409,454,436,346,192,58,109,26,3
Cyprus,1982,2954,99,110,11,8,10,16,45,60,95,212,448,881,792,277,21,24,30,30,39,56,90,122,176,272,415,466,422,370,212,65,118,26,3
Cyprus,1983,3024,94,105,11,7,10,15,47,60,97,215,453,918,800,294,22,25,29,31,39,58,91,124,178,275,423,495,428,372,227,67,112,25,4
Cyprus,1984,3122,87,97,10,7,10,15,47,67,101,223,465,967,838,289,22,25,32,35,41,60,94,129,185,280,434,533,469,369,225,64,104,25,4
Cyprus,1985,3076,76,84,8,5,8,14,45,65,99,217,452,959,846,274,20,25,30,35,41,58,89,128,181,271,420,539,492,354,213,61,89,22,5
Cyprus,1986,3253,70,78,8,6,7,15,47,67,104,229,475,1015,928,276,20,27,31,36,44,60,94,135,192,283,438,577,551,377,214,62,84,22,5
Cyprus,1987,3150,65,73,8,5,6,13,43,65,101,218,456,970,935,257,19,24,30,35,42,59,88,130,187,269,414,556,557,378,201,56,78,19,5
Cyprus,1988,3220,66,74,8,5,6,13,44,66,104,218,462,976,993,257,19,25,30,36,44,60,88,130,191,271,415,561,585,408,203,54,79,19,5
Cyprus,1989,3230,64,72,8,5,5,13,39,66,103,212,456,956,1032,260,16,23,30,36,45,58,87,125,188,268,405,551,594,438,207,53,77,18,7
Cyprus,1990,3405,66,74,8,5,5,13,41,66,109,217,475,984,1115,291,18,23,30,36,48,61,89,128,195,280,414,570,622,493,232,59,79,18,6
Cyprus,1991,3497,64,72,8,5,5,12,39,66,112,216,482,990,1160,329,17,22,30,36,50,62,89,127,197,285,415,575,626,534,261,68,77,17,5
Cyprus,1992,3413,66,73,7,5,5,10,36,63,110,206,461,943,1129,369,15,21,29,34,48,62,85,121,186,275,392,551,593,536,286,83,78,15,5
Cyprus,1993,3339,58,65,7,5,5,9,35,60,108,195,442,909,1094,405,15,20,28,32,48,60,80,115,176,266,379,530,572,522,309,96,70,14,5
Cyprus,1994,3464,54,61,7,5,5,9,35,62,115,204,459,944,1137,414,15,20,28,34,50,65,86,118,182,277,396,548,609,528,317,97,66,14,7
Cyprus,1995,3317,49,55,6,5,5,9,31,60,110,198,439,906,1096,394,13,18,27,33,46,64,85,113,173,266,385,521,599,497,302,92,60,14,9
Cyprus,1996,3257,44,50,6,5,5,9,30,58,112,195,429,888,1089,379,12,18,25,33,46,66,86,109,168,261,380,508,600,489,292,87,55,14,10
Cyprus,1997,3220,41,47,6,5,5,9,28,56,112,194,417,874,1088,375,11,17,24,32,45,67,86,108,164,253,375,499,597,491,287,88,52,14,11
Cyprus,1998,3174,37,42,5,5,5,8,26,54,109,193,403,859,1087,367,10,16,23,31,44,65,87,106,157,246,370,489,587,500,283,84,47,13,13
Cyprus,1999,3310,33,38,5,5,5,8,26,55,113,204,414,894,1146,391,10,16,23,32,45,68,92,112,161,253,384,510,607,539,298,93,43,13,13
Cyprus,2000,3374,31,35,4,5,5,8,25,54,114,211,414,908,1176,410,10,15,23,31,47,67,96,115,161,253,389,519,610,566,310,100,40,13,12
Cyprus,2001,3345,28,32,4,5,5,7,24,51,111,212,399,892,1170,429,10,14,22,29,45,66,97,115,156,243,380,512,600,570,322,107,37,12,10
Cyprus,2002,3264,26,30,4,5,5,6,23,49,107,210,382,861,1138,446,10,13,20,29,43,64,95,115,151,231,364,497,581,557,333,113,35,11,11
Cyprus,2003,3229,24,28,4,5,5,6,22,46,104,210,376,850,1121,450,10,12,19,27,43,61,95,115,151,225,355,495,574,547,337,113,33,11,13
Cyprus,2004,3285,23,27,4,5,5,5,22,46,107,216,382,859,1138,464,10,12,19,27,43,64,96,120,155,227,356,503,587,551,348,116,32,10,15
Cyprus,2005,3320,21,25,4,2,5,5,21,45,107,222,387,863,1149,477,9,12,18,27,42,65,96,126,160,227,355,508,597,552,357,120,27,10,17
Cyprus,2006,3339,21,24,3,1,3,5,20,44,106,224,390,859,1160,485,8,12,18,26,41,65,95,129,162,228,351,508,607,553,361,124,25,8,18
Cyprus,2007,3268,19,22,3,0,2,5,18,42,105,221,384,832,1141,477,7,11,17,25,40,65,92,129,161,223,341,491,599,542,352,125,22,7,19
Cyprus,2008,3309,19,22,3,0,1,5,17,41,102,222,393,831,1164,482,6,11,16,25,39,63,92,130,167,226,341,490,609,555,353,129,22,6,23
Cyprus,2009,3219,18,21,3,0,0,5,16,38,97,216,387,800,1142,471,5,11,15,23,37,60,90,126,166,221,329,471,591,551,339,132,21,5,22
Cyprus,2010,3236,17,20,3,0,0,5,15,37,96,213,394,800,1156,474,5,10,15,22,36,60,90,123,172,222,331,469,590,566,337,137,20,5,21
Cyprus,2011,3258,16,19,3,0,0,4,14,36,93,211,400,800,1173,481,5,9,15,21,36,57,90,121,176,224,332,468,590,583,342,139,19,4,22
Cyprus,2012,3453,16,19,3,0,0,4,14,36,96,220,428,840,1241,525,5,9,15,21,36,60,94,126,189,239,347,493,619,622,377,148,19,4,25
Cyprus,2013,3477,15,18,3,0,0,4,13,33,92,219,436,841,1248,543,5,8,14,19,35,57,93,126,189,247,347,494,619,629,396,147,18,4,28
Cyprus,2014,3480,15,18,3,0,0,3,13,31,88,216,437,834,1245,558,5,8,13,18,33,55,91,125,186,251,344,490,616,629,410,148,18,3,30
Cyprus,2015,3551,14,17,3,0,0,3,12,31,87,217,446,849,1267,587,5,7,13,18,32,55,90,127,184,262,351,498,626,641,432,155,17,3,32
Cyprus,2016,3560,15,18,3,0,0,2,11,29,85,214,447,845,1268,607,5,6,12,17,30,55,88,126,180,267,352,493,626,642,444,163,18,2,33
Cyprus,2017,3605,14,17,3,0,0,1,11,28,79,213,451,855,1283,636,5,6,11,17,28,51,86,127,179,272,359,496,632,651,460,176,17,1,34
Cyprus,2018,3901,14,17,3,0,0,1,11,29,83,224,483,922,1385,705,5,6,11,18,29,54,89,135,191,292,391,531,683,702,501,204,17,1,40
Cyprus,2019,3937,14,17,3,0,0,0,10,27,79,221,485,941,1400,719,5,5,10,17,27,52,89,132,192,293,405,536,689,711,511,208,17,0,36
Cyprus,2020,3967,14,17,3,0,0,5,10,26,95,213,469,984,1391,721,5,5,9,17,28,67,87,126,188,281,431,553,686,705,508,213,17,5,37
Cyprus,2021,4206,13,15,2,0,0,0,8,31,95,223,505,1064,1481,737,3,5,11,20,32,63,84,139,205,300,462,602,763,718,516,221,15,0,40
Czechia,1950,49405,5220,6018,798,249,189,323,1160,1348,2929,4883,9041,13974,8347,937,510,650,434,914,1252,1677,2108,2775,3809,5232,6730,7244,5554,2793,830,107,6267,512,6
Czechia,1951,49024,4507,5331,824,214,145,249,959,1221,2732,4954,9026,14386,8773,1025,423,536,458,763,1147,1585,2209,2745,3853,5173,6859,7527,5746,3027,905,120,5545,394,8
Czechia,1952,46877,3330,4003,673,212,145,224,818,1101,2543,4910,8838,14050,8969,1056,351,467,446,655,1058,1485,2124,2786,3657,5181,6633,7417,5913,3056,925,131,4215,369,7
Czechia,1953,47311,2623,3244,621,182,135,206,671,994,2597,4899,9051,14607,9559,1156,295,376,492,502,1056,1541,2115,2784,3693,5358,7034,7573,6269,3290,1015,141,3426,341,10
Czechia,1954,47737,2111,2584,473,182,125,154,577,910,2460,4935,9268,15214,10153,1160,251,326,480,430,984,1476,2064,2871,3726,5542,7194,8020,6680,3473,1020,140,2766,279,11
Czechia,1955,44334,1871,2294,423,169,138,141,561,858,2276,4858,8792,14118,9085,1033,222,339,484,374,895,1381,2099,2759,3602,5190,6771,7347,5884,3201,899,134,2463,279,10
Czechia,1956,44161,1774,2151,377,165,125,139,510,860,2112,4788,8752,13845,9537,1162,216,294,440,420,796,1316,2029,2759,3733,5019,6698,7147,6247,3290,1005,157,2316,264,10
Czechia,1957,47006,1616,2001,385,176,150,162,506,862,1993,4900,9422,15282,10273,1271,229,277,423,439,700,1293,1979,2921,3975,5447,7257,8025,6798,3475,1098,173,2177,312,10
Czechia,1958,44524,1342,1663,321,150,129,167,423,850,1844,4612,8962,14655,9847,1211,172,251,360,490,558,1286,1879,2733,3791,5171,6924,7731,6393,3454,1046,165,1813,296,9
Czechia,1959,46053,1112,1454,342,140,115,166,393,829,1760,4804,9284,15216,10519,1363,140,253,346,483,497,1263,1967,2837,3944,5340,7236,7980,6714,3805,1179,184,1594,281,10
Czechia,1960,44313,1039,1269,230,130,112,170,415,826,1623,4751,9057,14415,10324,1212,176,239,315,511,429,1194,1928,2823,3803,5254,6737,7678,6656,3668,1047,165,1399,282,11
Czechia,1961,45077,1014,1227,213,149,102,177,338,837,1596,4594,9106,14819,10712,1399,148,190,316,521,497,1099,1873,2721,3870,5236,6825,7994,6760,3952,1217,182,1376,279,13
Czechia,1962,49512,1176,1405,229,146,123,165,344,885,1482,4605,10071,16368,12203,1700,167,177,336,549,566,916,1858,2747,4287,5784,7521,8847,7815,4388,1469,231,1551,288,17
Czechia,1963,47196,1273,1485,212,133,113,202,350,752,1469,4442,9927,15401,11459,1443,146,204,310,442,691,778,1837,2605,4141,5786,7095,8306,7308,4151,1247,196,1618,315,17
Czechia,1964,48099,1191,1411,220,129,103,191,331,708,1416,4639,10165,15831,11646,1511,172,159,300,408,730,686,1845,2794,4230,5935,7433,8398,7464,4182,1315,196,1540,294,17
Czechia,1965,49623,1397,1603,206,129,127,221,336,668,1446,4585,10306,16468,12054,1659,183,153,230,438,761,685,1786,2799,4138,6168,7724,8744,7650,4404,1439,220,1732,348,17
Czechia,1966,49687,1246,1436,190,103,120,217,374,656,1448,4388,10237,16731,12247,1709,191,183,226,430,733,715,1646,2742,4139,6098,7937,8794,7753,4494,1477,232,1539,337,19
Czechia,1967,51199,1239,1441,202,101,109,204,387,675,1580,4188,10556,17173,12894,1868,228,159,232,443,685,895,1379,2809,4188,6368,8300,8873,8112,4782,1607,261,1542,313,21
Czechia,1968,54254,1207,1385,178,88,94,232,441,637,1778,4116,10913,18527,14030,1988,226,215,227,410,682,1096,1234,2882,4363,6550,8774,9753,8834,5196,1706,282,1473,326,24
Czechia,1969,56163,1304,1519,215,109,87,218,472,622,1898,4090,11701,19517,13862,2041,244,228,225,397,720,1178,1112,2978,4661,7040,9534,9983,8664,5198,1743,298,1628,305,24
Czechia,1970,58440,1283,1466,183,101,102,229,453,656,1907,4010,11901,20628,14699,2259,227,226,245,411,670,1237,1156,2854,4792,7109,9817,10811,9126,5573,1932,327,1567,331,26
Czechia,1971,57534,1274,1458,184,124,83,184,451,599,1911,3844,11725,20476,14496,2158,233,218,235,364,658,1253,1247,2597,4589,7136,9660,10816,9135,5361,1836,322,1582,267,23
Czechia,1972,56912,1402,1563,161,108,85,185,416,554,1886,3665,11343,20302,14571,2209,204,212,214,340,653,1233,1468,2197,4647,6696,9583,10719,9097,5474,1875,334,1671,270,24
Czechia,1973,59183,1436,1611,175,83,70,175,441,537,1748,3596,11431,21407,15693,2359,204,237,246,291,629,1119,1606,1990,4558,6873,10087,11320,9787,5906,1999,360,1694,245,29
Czechia,1974,60934,1608,1775,167,100,66,163,409,544,1761,3550,11503,22246,16295,2486,178,231,240,304,657,1104,1851,1699,4505,6998,10326,11920,10135,6160,2113,373,1875,229,34
Czechia,1975,59735,1569,1728,159,99,71,141,414,586,1550,3454,10981,21960,16142,2573,178,236,278,308,554,996,1830,1624,4105,6876,9967,11993,10151,5991,2205,368,1827,212,37
Czechia,1976,60156,1459,1627,168,85,75,129,426,517,1538,3532,10835,21835,16750,2768,185,241,250,267,536,1002,1707,1825,3923,6912,9758,12077,10521,6229,2357,411,1712,204,41
Czechia,1977,61022,1342,1541,199,103,73,126,410,604,1491,3813,10228,22357,17521,2706,187,223,269,335,529,962,1689,2124,3394,6834,10015,12342,11189,6332,2286,420,1644,199,44
Czechia,1978,61830,1219,1400,181,104,85,137,395,607,1419,4226,10061,22816,17835,2699,182,213,254,353,474,945,1752,2474,2980,7081,10239,12577,11414,6421,2284,415,1504,222,46
Czechia,1979,62381,1093,1262,169,111,55,113,397,700,1438,4398,9569,23110,18399,2786,169,228,312,388,504,934,1680,2718,2746,6823,10186,12924,11700,6699,2363,423,1373,168,43
Czechia,1980,66722,987,1168,181,129,91,108,344,638,1442,4608,9738,24939,20406,3061,137,207,282,356,535,907,1661,2947,2711,7027,11096,13843,12919,7487,2601,460,1297,199,45
Czechia,1981,63872,878,1047,169,106,68,116,372,645,1368,4453,9085,23814,19892,2864,163,209,307,338,466,902,1622,2831,2976,6109,10520,13294,12591,7301,2444,420,1153,184,40
Czechia,1982,64373,814,942,128,117,78,140,316,706,1426,4139,8981,24016,20449,3017,130,186,287,419,515,911,1530,2609,3447,5534,10603,13413,12812,7637,2561,456,1059,218,43
Czechia,1983,66547,775,917,142,121,78,133,319,713,1391,4231,8931,24696,21758,3212,116,203,271,442,543,848,1560,2671,4022,4909,10830,13866,13516,8242,2729,483,1038,211,44
Czechia,1984,65421,784,904,120,93,79,124,319,720,1351,4110,8780,23959,21673,3268,117,202,280,440,567,784,1489,2621,4519,4261,10198,13761,13454,8219,2780,488,997,203,42
Czechia,1985,65018,715,826,111,114,63,110,278,680,1352,3947,8436,23892,21930,3347,120,158,241,439,585,767,1446,2501,4419,4017,9993,13899,13344,8586,2842,505,940,173,39
Czechia,1986,65837,666,777,111,90,71,104,289,749,1523,3855,9014,23349,22444,3529,132,157,301,448,708,815,1338,2517,4370,4644,9388,13961,13591,8853,2998,531,867,175,39
Czechia,1987,62826,644,742,98,80,72,121,251,652,1475,3726,9207,21004,21947,3506,115,136,245,407,623,852,1299,2427,4042,5165,7763,13241,13352,8595,3009,497,822,193,41
Czechia,1988,61999,642,747,105,76,64,124,260,648,1587,3558,9831,19691,21818,3549,130,130,233,415,746,841,1240,2318,4021,5810,6616,13075,13177,8641,3042,507,823,188,45
Czechia,1989,63351,499,591,92,71,79,105,258,643,1694,3504,10263,19178,22851,4064,128,130,239,404,718,976,1246,2258,3824,6439,5988,13190,13667,9184,3473,591,662,184,53
Czechia,1990,62705,584,679,95,63,70,165,260,670,1717,3384,10422,18318,22840,4059,128,132,249,421,735,982,1190,2194,3807,6615,5761,12557,13596,9244,3444,615,742,235,52
Czechia,1991,60996,560,651,91,61,66,165,287,627,1816,3309,9837,17006,22815,4300,142,145,220,407,749,1067,1247,2062,3553,6284,6111,10895,13545,9270,3649,651,712,231,57
Czechia,1992,58623,504,603,99,68,69,136,315,604,1723,3180,9344,16088,22156,4282,145,170,201,403,670,1053,1256,1924,3469,5875,6657,9431,13044,9112,3626,656,671,205,56
Czechia,1993,58993,420,503,83,52,64,141,310,589,1735,3006,9004,16047,22827,4652,153,157,191,398,653,1082,1238,1768,3334,5670,7777,8270,13219,9608,3925,727,555,205,61
Czechia,1994,58725,341,443,102,66,66,138,300,520,1720,2985,8574,15459,23563,4825,160,140,184,336,665,1055,1305,1680,3184,5390,8393,7066,13526,10037,4054,771,509,204,66
Czechia,1995,58890,293,372,79,73,67,157,281,534,1735,3239,8324,15594,23414,5031,150,131,196,338,653,1082,1451,1788,3031,5293,8592,7002,13006,10408,4213,818,445,224,73
Czechia,1996,56072,252,327,75,52,44,106,272,476,1628,3059,7629,15984,21383,5040,156,116,183,293,579,1049,1395,1664,2743,4886,8388,7596,11417,9966,4214,826,379,150,72
Czechia,1997,56083,238,310,72,56,44,110,268,517,1654,3221,7314,16647,20426,5436,145,123,205,312,608,1046,1462,1759,2606,4708,8163,8484,9983,10443,4517,919,366,154,78
Czechia,1998,54333,203,250,47,40,56,114,253,392,1494,3280,6910,17128,18907,5431,144,109,137,255,538,956,1456,1824,2442,4468,7524,9604,8341,10566,4504,927,290,170,77
Czechia,1999,54946,190,228,38,56,43,92,269,398,1432,3359,6734,17848,18342,6044,141,128,149,249,478,954,1508,1851,2390,4344,7292,10556,7607,10735,5010,1034,284,135,97
Czechia,2000,54074,157,203,46,38,55,107,281,393,1464,3487,6348,17581,17886,6143,145,136,150,243,475,989,1567,1920,2300,4048,6846,10735,7387,10499,5128,1015,241,162,93
Czechia,2001,53967,150,189,39,32,44,95,282,410,1408,3580,6129,17518,17815,6363,130,152,153,257,485,923,1549,2031,2329,3800,6698,10820,8413,9402,5264,1099,221,139,104
Czechia,2002,53764,171,211,40,31,37,101,268,432,1262,3541,5938,16861,18345,6628,121,147,172,260,414,848,1453,2088,2367,3571,6595,10266,10020,8325,5433,1195,242,138,114
Czechia,2003,55383,160,200,40,25,38,82,250,436,1258,3754,6079,16542,19376,7222,115,135,175,261,410,848,1478,2276,2608,3471,6309,10233,11694,7682,5930,1292,225,120,121
Czechia,2004,52920,160,195,35,26,37,84,214,401,1202,3461,5955,15390,18806,7025,91,123,149,252,405,797,1345,2116,2609,3346,5866,9524,12324,6482,5725,1300,221,121,124
Czechia,2005,53860,140,175,35,25,51,86,225,420,1170,3578,6029,15008,19544,7407,89,136,184,236,390,780,1368,2210,2698,3331,5615,9393,12809,6735,5938,1469,200,137,145
Czechia,2006,51702,142,176,34,20,18,59,201,419,1104,3433,6075,13777,19711,6558,96,105,177,242,431,673,1267,2166,2835,3240,5059,8718,12119,7592,5084,1474,196,77,151
Czechia,2007,51873,146,180,34,19,27,73,174,387,1048,3344,6175,13362,20888,6036,70,104,150,237,442,606,1252,2092,2904,3271,4792,8570,11972,8916,4471,1565,199,100,160
Czechia,2008,51761,138,170,32,15,25,69,200,423,1013,3314,6342,12564,21999,5459,85,115,200,223,408,605,1220,2094,2951,3391,4591,7973,11752,10247,3833,1626,185,94,168
Czechia,2009,53330,154,189,35,24,24,62,199,450,1004,3063,6630,12575,23210,5706,108,91,194,256,382,622,1117,1946,2992,3638,4516,8059,11667,11543,3896,1810,213,86,191
Czechia,2010,52586,138,175,37,25,25,64,177,392,990,2915,6734,11961,23129,5809,86,91,161,231,360,630,1053,1862,2963,3771,4536,7425,11192,11937,4111,1698,200,89,196
Czechia,2011,52695,120,147,27,18,29,66,179,436,967,2800,6884,11575,22951,6434,94,85,167,269,385,582,941,1859,2981,3903,4571,7004,11131,11820,4861,1573,165,95,212
Czechia,2012,53552,124,145,21,30,18,57,164,416,976,2687,6995,11508,23040,7274,77,87,159,257,360,616,884,1803,2960,4035,4744,6764,10959,12081,5848,1426,175,75,243
Czechia,2013,54035,106,133,27,22,11,47,184,383,925,2585,7282,11378,22763,8053,76,108,135,248,351,574,920,1665,2910,4372,4910,6468,10789,11974,6784,1269,155,58,271
Czechia,2014,51859,110,143,33,24,13,39,162,372,914,2350,6773,11088,21265,8440,67,95,125,247,348,566,831,1519,2673,4100,4906,6182,9894,11371,7224,1216,167,52,272
Czechia,2015,55328,103,134,31,24,25,43,158,361,915,2294,6977,11774,22517,9819,73,85,111,250,378,537,864,1430,2661,4316,5319,6455,10429,12088,8258,1561,158,68,287
Czechia,2016,53130,135,170,35,19,25,41,158,396,955,2216,6638,11669,20883,9725,60,98,141,255,398,557,848,1368,2479,4159,5370,6299,9275,11608,7917,1808,189,66,235
Czechia,2017,55180,120,149,29,20,17,43,127,344,924,2146,6694,12434,21084,10951,63,64,137,207,388,536,845,1301,2514,4180,5809,6625,9204,11880,8582,2369,169,60,246
Czechia,2018,55710,130,162,32,29,14,40,141,350,937,2062,6646,12939,20812,11308,59,82,129,221,368,569,813,1249,2552,4094,6072,6867,8912,11900,8594,2714,191,54,271
Czechia,2019,54989,119,148,29,25,24,47,152,355,980,2067,6274,13254,19963,11427,61,91,123,232,411,569,792,1275,2399,3875,5939,7315,8646,11317,8426,3001,173,71,275
Czechia,2020,60751,113,141,28,24,23,34,123,338,1019,2180,6081,15202,22927,12362,44,79,127,211,384,635,840,1340,2144,3937,6654,8548,10175,12752,9005,3357,165,57,301
Czechia,2021,63983,106,134,28,23,18,37,124,367,1173,2476,6860,17752,22608,12064,49,75,145,222,411,762,927,1549,2327,4533,7807,9945,10713,11895,8732,3332,157,55,344
Democratic Republic of Congo,1950,165602,46858,81392,34534,10551,4743,4296,8555,8394,7318,7591,9698,12556,9439,1054,4274,4281,4256,4138,3816,3502,3566,4025,4485,5213,6086,6470,6464,2975,904,150,91943,9039,17
Democratic Republic of Congo,1951,166069,47145,81306,34161,10818,4846,4396,8755,8588,7481,7744,9813,12155,9130,1020,4373,4382,4353,4235,3903,3578,3637,4107,4584,5229,5979,6176,6050,3080,887,133,92124,9242,16
Democratic Republic of Congo,1952,165470,47466,81149,33683,10865,4871,4432,8835,8649,7542,7801,9860,11750,8732,968,4411,4424,4383,4266,3940,3602,3674,4127,4653,5207,5843,5907,5553,3179,833,135,92014,9303,16
Democratic Republic of Congo,1953,166183,47930,81517,33587,10960,4949,4514,8995,8798,7675,7920,10021,11518,8354,948,4487,4508,4458,4340,4017,3658,3747,4173,4774,5247,5776,5742,5129,3225,813,135,92477,9463,15
Democratic Republic of Congo,1954,166251,48333,81976,33643,10865,4989,4547,9055,8847,7738,7977,10121,11263,7900,963,4515,4540,4482,4365,4054,3684,3788,4189,4850,5271,5696,5567,4759,3141,834,129,92841,9536,13
Democratic Republic of Congo,1955,167658,48732,82705,33973,10895,5098,4640,9235,9021,7896,8127,10334,11173,7517,1001,4603,4632,4572,4449,4140,3756,3867,4260,4963,5371,5705,5468,4518,2999,873,128,93600,9738,10
Democratic Republic of Congo,1956,168508,49178,83486,34308,10828,5161,4691,9338,9114,7991,8220,10477,11041,7109,1040,4656,4682,4620,4494,4190,3801,3914,4306,5024,5453,5692,5349,4311,2798,912,128,94314,9852,10
Democratic Republic of Congo,1957,169504,49791,84560,34769,10750,5194,4719,9402,9169,8059,8294,10602,10935,6739,1070,4692,4710,4652,4517,4222,3837,3946,4348,5053,5549,5685,5250,4152,2587,947,123,95310,9913,11
Democratic Republic of Congo,1958,172102,50534,85766,35232,10974,5292,4835,9634,9394,8260,8492,10872,11000,6485,1084,4812,4822,4770,4624,4323,3937,4033,4459,5142,5730,5768,5232,4071,2414,961,123,96740,10127,12
Democratic Republic of Congo,1959,174179,51252,87092,35840,11128,5310,4910,9756,9513,8384,8627,11071,11056,6258,1069,4878,4878,4832,4681,4382,4002,4090,4537,5203,5868,5847,5209,3988,2270,940,129,98220,10220,12
Democratic Republic of Congo,1960,177141,52114,88583,36469,11410,5341,5030,9984,9727,8578,8822,11321,11208,6095,1030,4994,4990,4942,4785,4479,4099,4182,4640,5302,6019,5975,5233,3928,2167,892,138,99993,10371,12
Democratic Republic of Congo,1961,182908,53609,91567,37958,11877,5426,5201,10345,10045,8920,9180,11755,11568,6017,990,5172,5173,5104,4941,4645,4275,4358,4822,5500,6255,6221,5347,3914,2103,842,148,103444,10627,13
Democratic Republic of Congo,1962,187404,54730,93423,38693,12342,5526,5390,10737,10417,9218,9468,12084,11878,5964,945,5364,5373,5294,5123,4800,4418,4503,4965,5671,6413,6447,5431,3904,2060,789,156,105765,10916,13
Democratic Republic of Congo,1963,190071,55843,95195,39352,12506,5532,5428,10913,10573,9337,9589,12198,12032,5859,895,5444,5469,5372,5201,4863,4474,4571,5018,5748,6450,6581,5451,3854,2005,737,158,107701,10960,15
Democratic Republic of Congo,1964,196464,57267,97929,40662,13097,5729,5582,11415,11039,9780,10009,12649,12487,5871,859,5691,5724,5606,5433,5091,4689,4785,5224,5986,6663,6868,5619,3887,1984,703,156,111026,11311,16
Democratic Republic of Congo,1965,197422,57977,98860,40883,13099,5732,5516,11505,11122,9795,10017,12631,12520,5786,821,5735,5770,5652,5470,5108,4687,4793,5224,5992,6639,6890,5630,3848,1938,672,149,111959,11248,18
Democratic Republic of Congo,1966,197867,58314,98845,40531,13208,5788,5483,11659,11288,9806,10017,12625,12574,5754,799,5810,5849,5744,5544,5132,4674,4789,5228,5994,6631,6898,5676,3844,1910,655,144,112053,11271,20
Democratic Republic of Congo,1967,200700,59228,100403,41175,13410,5856,5453,11835,11473,9961,10168,12795,12780,5761,783,5891,5944,5844,5629,5219,4742,4861,5307,6068,6727,6970,5810,3867,1894,643,140,113813,11309,22
Democratic Republic of Congo,1968,204245,60046,101886,41840,13757,5980,5501,12071,11755,10177,10388,13053,13063,5819,770,5986,6085,5997,5758,5338,4839,4963,5425,6178,6875,7072,5991,3927,1892,635,135,115643,11481,24
Democratic Republic of Congo,1969,207400,60722,103200,42478,14067,6078,5558,12223,11997,10375,10583,13297,13329,5904,766,6016,6207,6127,5870,5447,4928,5052,5531,6284,7013,7174,6155,4002,1902,631,135,117267,11636,25
Democratic Republic of Congo,1970,210540,61327,103976,42649,14530,6226,5674,12413,12309,10626,10817,13576,13603,6009,754,6048,6365,6287,6022,5583,5043,5163,5654,6413,7163,7299,6304,4095,1914,624,130,118506,11900,25
Democratic Republic of Congo,1971,213760,61989,105230,43241,14892,6346,5771,12507,12545,10831,11022,13831,13868,6147,744,6029,6478,6405,6140,5691,5140,5260,5762,6533,7298,7435,6433,4209,1938,620,124,120122,12117,23
Democratic Republic of Congo,1972,216935,62534,106246,43712,15325,6500,5880,12582,12782,11052,11240,14117,14150,6307,735,6011,6571,6516,6266,5804,5248,5363,5877,6676,7441,7599,6551,4343,1964,617,118,121571,12380,21
Democratic Republic of Congo,1973,220458,63060,107343,44283,15788,6676,6010,12688,13051,11303,11482,14429,14452,6493,729,6044,6644,6641,6410,5933,5370,5478,6004,6835,7594,7785,6667,4494,1999,616,113,123131,12686,18
Democratic Republic of Congo,1974,223142,63689,108592,44903,16044,6792,6084,12670,13188,11449,11633,14636,14670,6648,725,6059,6611,6703,6485,6005,5444,5552,6081,6940,7696,7919,6751,4610,2038,615,110,124636,12876,16
Democratic Republic of Congo,1975,228332,64447,109880,45433,16748,7087,6314,12935,13637,11846,12011,15112,15131,6885,731,6242,6693,6924,6713,6214,5632,5733,6278,7171,7941,8180,6951,4774,2111,626,105,126628,13401,14
Democratic Republic of Congo,1976,232632,65207,111210,46003,17258,7334,6498,13092,13950,12151,12309,15490,15506,7079,740,6392,6700,7077,6873,6375,5776,5880,6429,7350,8140,8384,7122,4898,2181,635,105,128468,13832,13
Democratic Republic of Congo,1977,236526,65846,112354,46508,17721,7571,6673,13204,14191,12436,12598,15872,15886,7263,752,6518,6686,7186,7005,6525,5911,6023,6575,7525,8347,8579,7307,5003,2260,648,104,130075,14244,12
Democratic Republic of Congo,1978,243302,66814,114269,47455,18562,7949,6977,13592,14632,12962,13123,16517,16493,7487,736,6768,6824,7376,7256,6798,6164,6283,6840,7822,8695,8898,7595,5140,2347,648,88,132831,14926,7
Democratic Republic of Congo,1979,246024,68149,115435,47286,18502,8037,7132,13941,14819,13121,13229,16617,16637,7662,867,6971,6970,7437,7382,6900,6221,6344,6885,7863,8754,8950,7687,5216,2446,716,151,133937,15169,23
Democratic Republic of Congo,1980,252648,69820,117522,47702,19082,8322,7434,14548,15267,13599,13675,17143,17165,7924,928,7284,7264,7600,7667,7157,6442,6562,7113,8108,9035,9227,7938,5380,2544,759,169,136604,15756,33
Democratic Republic of Congo,1981,256917,70896,119259,48363,19392,8522,7629,14867,15413,13896,13969,17474,17507,8067,894,7451,7416,7598,7815,7308,6588,6706,7263,8263,9211,9413,8094,5483,2584,757,137,138651,16151,28
Democratic Republic of Congo,1982,261362,71769,120845,49076,19752,8729,7843,15199,15568,14212,14303,17858,17908,8243,886,7626,7573,7610,7958,7463,6749,6865,7438,8443,9415,9637,8271,5616,2627,767,119,140597,16572,21
Democratic Republic of Congo,1983,266471,72866,122561,49695,20211,8958,8093,15592,15779,14579,14685,18301,18365,8444,885,7831,7761,7692,8087,7644,6935,7044,7641,8656,9645,9898,8467,5771,2673,781,104,142772,17051,13
Democratic Republic of Congo,1984,270407,74269,124606,50337,20448,9065,8249,15815,15798,14791,14931,18576,18668,8581,874,7957,7858,7729,8069,7744,7047,7159,7772,8788,9788,10068,8600,5879,2702,785,89,145054,17314,7
Democratic Republic of Congo,1985,277971,76181,127340,51159,21181,9323,8577,16465,16192,15288,15420,19137,19238,8865,939,8296,8169,7996,8196,8002,7286,7396,8024,9062,10075,10378,8860,6071,2794,827,112,148521,17900,8
Democratic Republic of Congo,1986,282207,77946,130541,52595,21243,9317,8636,16593,16072,15380,15596,19356,19508,9017,938,8377,8216,8020,8052,8041,7339,7484,8112,9166,10190,10510,8998,6172,2845,834,104,151784,17953,4
Democratic Republic of Congo,1987,287273,79666,133291,53625,21575,9391,8775,16904,16144,15578,15863,19686,19871,9214,975,8549,8355,8135,8009,8133,7445,7619,8244,9329,10357,10690,9181,6293,2921,858,117,154866,18166,5
Democratic Republic of Congo,1988,287997,81018,135668,54650,21166,9176,8631,16744,15796,15317,15759,19593,19859,9278,1002,8481,8263,8018,7778,7961,7356,7577,8182,9285,10308,10653,9206,6318,2960,874,128,156834,17807,7
Democratic Republic of Congo,1989,292317,82236,137890,55654,21314,9223,8709,17043,15941,15394,16006,19929,20273,9540,1043,8644,8399,8125,7816,7946,7448,7704,8302,9442,10487,10850,9423,6480,3060,906,137,159204,17932,9
Democratic Republic of Congo,1990,293997,83454,139983,56529,20869,9112,8602,17040,15824,15191,16023,20018,20494,9750,1079,8650,8390,8081,7743,7768,7423,7720,8303,9471,10547,10935,9559,6608,3142,935,144,160852,17714,10
Democratic Republic of Congo,1991,299894,85302,142635,57333,21157,9251,8714,17517,16184,15330,16354,20457,21015,10101,1162,8880,8637,8278,7906,7769,7561,7879,8475,9669,10788,11190,9825,6831,3270,992,170,163792,17965,17
Democratic Republic of Congo,1992,303705,86905,144898,57993,21142,9286,8689,17689,16302,15291,16539,20772,21433,10416,1226,8951,8738,8348,7954,7689,7602,7962,8577,9799,10973,11390,10043,7034,3382,1043,183,166040,17975,22
Democratic Republic of Congo,1993,304978,88313,147128,58815,20632,9144,8473,17403,16048,15042,16585,20943,21718,10638,1204,8778,8625,8216,7832,7526,7516,7970,8615,9857,11086,11521,10197,7185,3453,1051,153,167760,17617,14
Democratic Republic of Congo,1994,312318,90570,150706,60136,20723,9316,8612,17908,16488,15252,16991,21473,22368,11107,1353,8994,8914,8460,8028,7663,7589,8163,8828,10095,11378,11844,10524,7479,3628,1145,208,171429,17928,26
Democratic Republic of Congo,1995,322069,96105,157085,60980,20086,9117,8627,18666,17128,15434,17268,21883,22985,11788,1899,9294,9372,8844,8284,7842,7592,8300,8968,10272,11611,12132,10853,7843,3945,1424,475,177171,17744,106
Democratic Republic of Congo,1996,341109,100244,165507,65263,21961,9855,9093,19547,18124,16389,18521,23485,24551,12332,1662,9677,9870,9351,8773,8370,8019,8905,9616,11027,12458,12994,11557,8252,4080,1357,305,187468,18948,84
Democratic Republic of Congo,1997,331314,97382,161581,64199,21057,9635,8755,18288,17295,15645,18041,23114,24328,12248,1283,9025,9263,8898,8397,8050,7595,8646,9395,10839,12275,12863,11465,8232,4016,1188,95,182638,18390,41
Democratic Republic of Congo,1998,328443,95036,158561,63525,20682,9658,8813,17988,17309,15824,18176,23234,24553,12409,1213,8877,9111,8863,8446,8202,7622,8702,9474,10902,12332,12971,11582,8347,4062,1137,76,179243,18471,23
Democratic Republic of Congo,1999,333073,94968,157762,62794,21408,9989,9161,18349,17811,16208,18583,24023,25475,12961,1329,9068,9281,9116,8695,8430,7778,8832,9751,11269,12754,13452,12023,8692,4269,1234,95,179170,19150,12
Democratic Republic of Congo,2000,336351,95536,157341,61805,22224,10276,9397,18392,17909,16141,18653,24708,26367,13495,1438,9125,9267,9178,8731,8383,7758,8747,9906,11565,13143,13907,12460,9026,4469,1320,118,179565,19673,8
Democratic Republic of Congo,2001,341510,95798,156387,60589,23287,10607,9792,18862,18431,16628,19038,25535,27340,14052,1547,9428,9434,9422,9009,8638,7990,8836,10202,11937,13598,14404,12936,9381,4671,1405,142,179674,20399,5
Democratic Republic of Congo,2002,347057,96030,155838,59808,24062,10926,10217,19463,19003,17189,19434,26334,28296,14613,1673,9818,9645,9684,9319,8934,8255,8948,10486,12289,14045,14884,13412,9735,4878,1498,175,179900,21143,4
Democratic Republic of Congo,2003,351963,95756,154702,58946,24833,11249,10633,20046,19517,17689,19805,27194,29318,15199,1774,10211,9835,9907,9610,9198,8491,9085,10720,12661,14533,15398,13920,10113,5086,1582,192,179535,21882,4
Democratic Republic of Congo,2004,354714,95044,152955,57911,25281,11484,10934,20456,19790,18049,20043,27920,30225,15730,1843,10509,9947,9997,9793,9384,8665,9221,10822,12972,14948,15852,14373,10459,5271,1645,198,178236,22418,3
Democratic Republic of Congo,2005,357181,94795,151630,56835,25386,11695,11141,20890,19971,18386,20224,28552,31068,16275,1954,10790,10100,10044,9927,9560,8826,9381,10843,13244,15308,16271,14797,10808,5467,1732,222,177016,22836,5
Democratic Republic of Congo,2006,358112,95148,150878,55730,25035,11772,11179,21121,19887,18532,20213,28931,31716,16762,2081,10947,10174,9963,9924,9634,8898,9473,10740,13395,15536,16584,15132,11112,5650,1820,261,175913,22951,8
Democratic Republic of Congo,2007,364233,95134,150153,55019,25789,12179,11552,22023,20368,19138,20632,29811,32874,17474,2222,11435,10588,10174,10194,9956,9182,9767,10865,13779,16032,17181,15693,11573,5901,1925,297,175942,23731,14
Democratic Republic of Congo,2008,367649,95379,150066,54687,25846,12226,11650,22483,20400,19439,20877,30347,33834,18118,2333,11668,10815,10177,10223,10103,9336,9953,10924,13960,16387,17667,16167,11988,6130,2017,316,175912,23876,18
Democratic Republic of Congo,2009,368230,95676,149553,53877,25436,12057,11589,22629,20195,19534,20992,30544,34558,18682,2432,11721,10908,10084,10111,10135,9399,10045,10947,13932,16612,18013,16545,12340,6342,2098,334,174989,23646,21
Democratic Republic of Congo,2010,370101,95713,148901,53188,25407,12003,11714,22904,20183,19700,21248,30829,35421,19330,2439,11827,11077,10127,10056,10195,9505,10179,11069,13908,16921,18429,16992,12743,6587,2095,344,174308,23717,21
Democratic Republic of Congo,2011,370558,95981,148613,52632,25014,11759,11743,22964,20017,19707,21381,30844,36064,19875,2555,11806,11158,10118,9899,10162,9545,10245,11136,13747,17097,18709,17355,13078,6797,2198,357,173627,23502,20
Democratic Republic of Congo,2012,379067,96263,148531,52268,26170,12141,12276,24018,20766,20410,22156,31629,37474,20761,2714,12289,11729,10592,10174,10496,9914,10621,11535,13964,17665,19400,18074,13649,7112,2330,384,174701,24417,21
Democratic Republic of Congo,2013,378863,95845,147645,51800,25731,11963,12184,23974,20628,20358,22316,31647,38201,21380,2819,12206,11768,10623,10005,10410,9948,10700,11616,13901,17746,19699,18502,14033,7347,2427,392,173376,24147,17
Democratic Republic of Congo,2014,380406,95896,147334,51438,25355,11823,12108,24063,20657,20365,22569,31786,39126,22176,3019,12208,11855,10725,9932,10351,10014,10826,11743,13986,17800,20100,19026,14516,7660,2569,450,172689,23931,25
Democratic Republic of Congo,2015,386702,95529,146355,50826,26233,12140,12379,24904,21373,20845,23258,32401,40488,23114,3182,12648,12256,11157,10216,10549,10296,11165,12093,14373,18028,20761,19727,15109,8005,2700,482,172588,24519,29
Democratic Republic of Congo,2016,386128,95153,145412,50259,25637,11921,12093,24833,21328,20664,23402,32358,41222,23864,3354,12653,12180,11171,10157,10399,10265,11242,12160,14488,17870,21067,20155,15559,8305,2826,528,171049,24014,37
Democratic Republic of Congo,2017,393879,95248,144728,49480,26641,12310,12420,25802,22288,21208,24206,33088,42652,24934,3552,13168,12634,11698,10590,10642,10566,11637,12569,14964,18124,21748,20904,16235,8699,2979,573,171369,24730,46
Democratic Republic of Congo,2018,392521,95048,143536,48488,25981,12101,12227,25534,22255,20964,24304,33094,43136,25663,3676,13031,12503,11675,10580,10487,10477,11687,12617,15054,18040,21856,21280,16679,8984,3090,586,169517,24328,47
Democratic Republic of Congo,2019,394277,95075,143590,48515,25467,12065,12176,25438,22343,20904,24574,33447,43823,26584,3820,12973,12465,11697,10646,10451,10453,11819,12755,15247,18200,21995,21828,17244,9340,3222,598,169057,24241,44
Democratic Republic of Congo,2020,414053,94382,141310,46928,26068,12307,12215,25413,22961,22390,28050,39506,49682,29889,4216,12861,12552,11876,11085,11052,11338,13318,14732,17939,21567,25239,24443,19275,10614,3575,641,167378,24522,41
Democratic Republic of Congo,2021,427704,93797,139627,45830,24730,11943,12336,25959,23895,23774,30742,43703,53641,32763,4542,13005,12954,12206,11689,11714,12060,14420,16322,20106,23597,26910,26731,21088,11675,3855,687,164357,24279,43
Denmark,1950,19380,989,1181,192,71,60,75,255,488,1038,1788,3584,5775,4328,732,101,154,203,285,402,636,802,986,1494,2090,2712,3063,2705,1623,620,112,1252,135,9
Denmark,1951,18721,905,1072,167,66,43,71,233,463,974,1809,3509,5700,4108,665,102,131,196,267,412,562,807,1002,1471,2038,2745,2955,2531,1577,563,102,1138,114,8
Denmark,1952,19090,932,1125,193,87,56,83,226,456,939,1767,3430,5822,4299,788,96,130,190,266,376,563,750,1017,1451,1979,2696,3126,2670,1629,672,116,1212,139,9
Denmark,1953,19300,853,1005,152,76,45,66,217,433,964,1847,3488,6025,4363,759,85,132,179,254,386,578,759,1088,1392,2096,2797,3228,2758,1605,647,112,1081,111,9
Denmark,1954,19303,814,970,156,60,50,56,190,410,959,1793,3498,6065,4528,717,61,129,174,236,368,591,736,1057,1407,2091,2820,3245,2809,1719,604,113,1030,106,10
Denmark,1955,18434,830,938,108,62,36,64,192,407,879,1748,3431,5753,4249,670,83,109,186,221,361,518,719,1029,1438,1993,2656,3097,2669,1580,560,110,1000,100,9
Denmark,1956,18789,753,867,114,45,52,66,158,391,899,1855,3321,5938,4438,749,60,98,159,232,348,551,783,1072,1389,1932,2740,3198,2746,1692,627,122,912,118,10
Denmark,1957,19827,688,840,152,57,54,75,182,414,885,1761,3538,6260,4924,827,71,111,172,242,348,537,718,1043,1469,2069,2888,3372,2972,1952,691,136,897,129,11
Denmark,1958,19582,677,774,97,51,46,60,164,369,821,1768,3512,6177,4984,843,69,95,143,226,297,524,756,1012,1472,2040,2741,3436,3068,1916,708,135,825,106,11
Denmark,1959,20102,673,798,125,81,55,59,182,387,841,1799,3460,6377,5203,846,71,111,151,236,328,513,775,1024,1465,1995,2895,3482,3259,1944,714,132,879,114,12
Denmark,1960,20682,706,813,107,49,40,62,132,392,826,1831,3535,6572,5488,932,52,80,152,240,333,493,764,1067,1520,2015,2940,3632,3404,2084,796,136,862,102,13
Denmark,1961,20208,698,807,109,58,37,72,148,382,830,1730,3480,6447,5295,907,67,81,133,249,352,478,715,1015,1430,2050,2899,3548,3297,1998,771,136,865,109,13
Denmark,1962,20975,649,768,119,55,43,82,146,315,823,1750,3669,6680,5658,976,73,73,136,179,330,493,711,1039,1491,2178,2980,3700,3489,2169,825,151,823,125,14
Denmark,1963,21294,650,773,123,50,42,81,160,375,830,1808,3764,6638,5729,1033,73,87,146,229,346,484,732,1076,1524,2240,2896,3742,3465,2264,870,163,823,123,14
Denmark,1964,21450,644,743,99,60,39,76,172,308,787,1742,3759,6709,6019,1024,70,102,103,205,310,477,727,1015,1510,2249,3008,3701,3697,2322,861,163,803,115,14
Denmark,1965,22064,647,771,124,62,53,90,158,349,782,1870,3833,6848,6215,1017,71,87,127,222,317,465,754,1116,1547,2286,3065,3783,3801,2414,851,166,833,143,14
Denmark,1966,22734,608,724,116,52,47,88,150,308,830,1838,3866,7118,6504,1193,77,73,114,194,346,484,749,1089,1534,2332,3181,3937,3891,2613,1000,193,776,135,16
Denmark,1967,21895,471,573,102,71,48,72,141,302,904,1830,3830,6810,6166,1132,71,70,103,199,363,541,727,1103,1588,2242,3139,3671,3721,2445,947,185,644,120,16
Denmark,1968,21647,495,588,93,56,46,64,178,333,837,1823,3735,6648,6152,1169,88,90,113,220,349,488,735,1088,1545,2190,3084,3564,3701,2451,980,189,644,110,17
Denmark,1969,21898,414,513,99,68,52,75,188,321,906,1796,3850,6734,6140,1234,84,104,123,198,337,569,709,1087,1565,2285,3198,3536,3663,2477,1032,202,581,127,19
Denmark,1970,22139,385,467,82,73,41,83,196,312,811,1906,3879,6740,6343,1268,103,93,127,185,302,509,816,1090,1672,2207,3070,3670,3709,2634,1051,217,540,124,21
Denmark,1971,22070,426,502,76,70,49,78,196,299,894,1865,3710,6630,6371,1381,87,109,125,174,349,545,815,1050,1542,2168,2982,3648,3646,2725,1148,233,572,127,23
Denmark,1972,23004,355,443,88,60,43,71,179,301,836,1866,3973,6968,6756,1480,79,100,115,186,315,521,802,1064,1644,2329,3156,3812,3890,2866,1220,260,503,114,26
Denmark,1973,22843,349,412,63,64,50,80,183,318,887,1758,3771,6824,6851,1619,80,103,135,183,349,538,702,1056,1579,2192,2947,3877,3910,2941,1315,304,476,130,29
Denmark,1974,23311,304,362,58,44,44,60,158,282,760,1907,3701,7158,7107,1701,80,78,112,170,257,503,810,1097,1580,2121,3113,4045,4029,3078,1379,322,406,104,31
Denmark,1975,23122,309,372,63,75,45,56,163,306,785,1851,3732,6921,7063,1719,68,95,122,184,285,500,787,1064,1531,2201,2974,3947,3974,3089,1405,314,447,101,31
Denmark,1976,24808,248,308,60,44,46,65,168,316,819,1927,3910,7366,7731,2072,67,101,154,162,304,515,797,1130,1590,2320,3250,4116,4346,3385,1677,395,352,111,41
Denmark,1977,23025,203,274,71,41,43,56,167,328,738,1787,3609,6805,7194,1942,88,79,158,170,302,436,706,1081,1474,2135,2934,3871,4020,3174,1566,376,315,99,40
Denmark,1978,24226,231,282,51,46,29,82,179,309,740,1822,3704,7066,7821,2102,84,95,129,180,293,447,734,1088,1487,2217,3059,4007,4331,3490,1689,413,328,111,44
Denmark,1979,24981,199,265,66,35,30,77,172,352,733,1822,3723,7280,8135,2303,80,92,156,196,277,456,716,1106,1569,2154,3208,4072,4497,3638,1825,478,300,107,53
Denmark,1980,25808,205,256,51,29,34,85,178,399,824,1868,3770,7288,8475,2543,78,100,158,241,327,497,732,1136,1544,2226,3207,4081,4721,3754,2020,523,285,119,58
Denmark,1981,26077,176,225,49,46,41,65,179,365,799,1843,3786,7326,8722,2619,81,98,142,223,301,498,711,1132,1543,2243,3161,4165,4785,3937,2082,537,271,106,60
Denmark,1982,25877,174,215,41,28,34,65,177,383,722,1795,3792,7339,8784,2478,68,109,144,239,281,441,721,1074,1657,2135,3137,4202,4793,3991,1972,506,243,99,59
Denmark,1983,26819,161,206,45,34,41,54,171,374,782,1801,3779,7418,9207,2874,75,96,148,226,305,477,697,1104,1648,2131,3231,4187,4964,4243,2264,610,240,95,75
Denmark,1984,27072,156,201,45,21,36,62,157,408,788,1769,3869,7455,9201,3021,72,85,156,252,323,465,735,1034,1653,2216,3246,4209,4857,4344,2374,647,222,98,81
Denmark,1985,27918,183,220,37,32,37,62,156,379,817,1844,3739,7612,9659,3274,76,80,134,245,335,482,742,1102,1660,2079,3323,4289,5041,4618,2560,714,252,99,90
Denmark,1986,27893,203,244,41,26,25,62,153,347,848,1818,3997,7497,9584,3203,64,89,132,215,402,446,724,1094,1705,2292,3118,4379,5084,4500,2507,696,270,87,90
Denmark,1987,27995,177,232,55,20,19,49,163,318,847,1862,3806,7396,9701,3477,76,87,128,190,362,485,742,1120,1565,2241,3086,4310,5085,4616,2702,775,252,68,102
Denmark,1988,28670,204,255,51,16,25,58,177,334,895,1749,4029,7500,9896,3631,81,96,144,190,380,515,683,1066,1603,2426,3063,4437,5124,4772,2809,822,271,83,109
Denmark,1989,28980,206,247,41,25,22,51,160,347,918,1784,3876,7418,10110,3900,78,82,125,222,409,509,723,1061,1512,2364,3034,4384,5244,4866,2985,915,272,73,124
Denmark,1990,29792,196,230,34,24,30,56,148,302,899,1845,3884,7567,10665,4012,72,76,103,199,364,535,750,1095,1543,2341,3134,4433,5479,5186,3049,963,254,86,130
Denmark,1991,29562,203,237,34,24,20,48,147,310,883,1714,3820,7529,10570,4125,60,87,117,193,330,553,682,1032,1548,2272,3237,4292,5502,5068,3124,1001,261,68,136
Denmark,1992,30287,186,225,39,14,17,58,143,332,869,1729,3803,7587,10965,4403,57,86,119,213,334,535,707,1022,1545,2258,3317,4270,5544,5421,3367,1036,239,75,142
Denmark,1993,31534,156,200,44,19,25,43,139,305,911,1775,3889,7886,11515,4668,53,86,93,212,352,559,753,1022,1558,2331,3429,4457,5857,5658,3540,1128,219,68,160
Denmark,1994,30612,163,205,42,24,16,35,146,301,931,1770,3765,7554,11113,4591,66,80,123,178,310,621,773,997,1457,2308,3309,4245,5579,5534,3485,1106,229,51,161
Denmark,1995,31788,150,182,32,20,18,41,154,338,908,1839,3904,7745,11544,4918,71,83,126,212,336,572,819,1020,1549,2355,3387,4358,5748,5796,3729,1189,202,59,177
Denmark,1996,30639,155,196,41,18,23,40,136,312,858,1782,3731,7506,11028,4835,52,84,119,193,316,542,812,970,1509,2222,3182,4324,5485,5543,3662,1173,214,63,178
Denmark,1997,30361,163,190,27,6,16,45,121,293,848,1853,3648,7389,10974,4797,53,68,109,184,333,515,856,997,1456,2192,3132,4257,5339,5635,3602,1195,196,61,180
Denmark,1998,29566,147,182,35,15,21,28,107,291,750,1770,3591,7302,10338,4978,46,61,112,179,310,440,770,1000,1450,2141,3114,4188,5004,5334,3715,1263,197,49,193
Denmark,1999,30420,111,138,27,15,17,32,110,293,769,1854,3539,7295,10837,5313,45,65,119,174,286,483,802,1052,1451,2088,2981,4314,5191,5646,3939,1374,153,49,208
Denmark,2000,29718,149,174,25,11,17,43,117,250,716,1850,3469,7086,10500,5278,46,71,89,161,255,461,777,1073,1417,2052,2932,4154,4977,5523,3896,1382,185,60,211
Denmark,2001,30009,153,190,37,21,18,27,95,272,733,1893,3318,6916,10632,5664,39,56,90,182,275,458,742,1151,1309,2009,2786,4130,5089,5543,4185,1479,211,45,233
Denmark,2002,30274,124,159,35,10,17,37,105,268,708,1830,3271,6900,10939,5786,42,63,88,180,263,445,700,1130,1337,1934,2811,4089,5227,5712,4260,1526,169,54,245
Denmark,2003,29444,121,146,25,15,19,20,103,243,700,1804,3178,6538,10613,5815,47,56,91,152,234,466,676,1128,1326,1852,2757,3781,5229,5384,4275,1540,161,39,252
Denmark,2004,28366,129,163,34,14,15,32,93,230,682,1758,3154,6228,10045,5685,46,47,78,152,254,428,677,1081,1369,1785,2613,3615,4998,5047,4103,1582,177,47,266
Denmark,2005,28179,112,134,22,9,12,32,80,210,643,1713,3177,6060,10017,5806,25,55,69,141,230,413,688,1025,1457,1720,2512,3548,4928,5089,4142,1664,143,44,282
Denmark,2006,28338,110,125,15,14,15,36,72,196,621,1699,3307,6046,10151,5766,27,45,66,130,262,359,659,1040,1503,1804,2490,3556,4764,5387,4084,1682,139,51,284
Denmark,2007,28564,106,129,23,12,17,34,83,183,663,1675,3327,5885,10463,5799,30,53,65,118,240,423,671,1004,1587,1740,2466,3419,4866,5597,4104,1695,141,51,290
Denmark,2008,27807,114,126,12,11,16,30,66,223,620,1597,3354,5718,9782,5932,27,39,79,144,248,372,634,963,1533,1821,2362,3356,4511,5271,4114,1818,137,46,333
Denmark,2009,27940,88,116,28,14,12,34,86,187,596,1540,3428,5726,9981,5879,34,52,72,115,213,383,604,936,1523,1905,2336,3390,4515,5466,4074,1805,130,46,341
Denmark,2010,27525,97,108,11,9,14,30,74,158,596,1517,3368,5682,9847,5776,43,31,62,96,215,381,601,916,1449,1919,2358,3324,4413,5434,4034,1742,117,44,344
Denmark,2011,26626,97,114,17,19,13,27,64,144,577,1426,3213,5475,9170,5996,39,25,57,87,188,389,560,866,1349,1864,2303,3172,4169,5001,4146,1850,133,40,389
Denmark,2012,26405,93,113,20,6,10,19,65,141,529,1427,3281,5429,9085,5920,27,38,60,81,179,350,560,867,1269,2012,2310,3119,4313,4772,4142,1778,119,29,382
Denmark,2013,26507,96,110,14,12,7,24,72,139,470,1367,3138,5377,9044,6318,33,39,50,89,174,296,519,848,1223,1915,2299,3078,4094,4950,4381,1937,122,31,428
Denmark,2014,25755,95,109,14,5,10,20,69,151,475,1266,3213,5382,8501,6136,40,29,58,93,157,318,510,756,1245,1968,2321,3061,3910,4591,4278,1858,114,30,420
Denmark,2015,26392,100,110,10,11,12,21,58,128,457,1313,3099,5491,8721,6525,28,30,51,77,165,292,516,797,1230,1869,2521,2970,4035,4686,4508,2017,121,33,444
Denmark,2016,26347,79,92,13,16,8,30,94,134,425,1310,3073,5724,8698,6319,48,46,50,84,145,280,529,781,1243,1830,2608,3116,4005,4693,4315,2004,108,38,423
Denmark,2017,26352,95,108,13,6,6,25,67,124,402,1227,2778,5831,8804,6529,27,40,39,85,144,258,509,718,1107,1671,2703,3128,4056,4748,4408,2121,114,31,447
Denmark,2018,27262,93,104,11,9,6,20,53,153,398,1261,2893,6132,8988,6776,19,34,61,92,155,243,483,778,1128,1765,2772,3360,4179,4809,4546,2230,113,26,470
Denmark,2019,26452,73,85,12,12,10,22,73,128,340,1160,2856,6017,8894,6407,31,42,51,77,119,221,481,679,1139,1717,2669,3348,4168,4726,4259,2148,97,32,448
Denmark,2020,26771,84,87,3,6,11,22,84,129,358,1127,2820,6180,8955,6513,39,45,56,73,133,225,420,707,1142,1678,2599,3581,4251,4704,4293,2220,93,33,480
Denmark,2021,28407,74,86,12,12,10,20,76,117,348,1164,2730,6699,10017,6628,31,45,48,69,116,232,400,764,1084,1646,2522,4177,4728,5289,4382,2246,98,30,505
Djibouti,1950,667,222,392,170,46,21,20,40,30,30,30,30,26,9,0,20,20,15,15,15,15,15,15,15,15,15,11,6,3,0,0,438,41,0
Djibouti,1951,670,219,390,171,47,21,20,40,32,30,30,30,26,10,0,20,20,17,15,15,15,15,15,15,15,15,11,7,3,0,0,437,41,0
Djibouti,1952,682,224,390,166,50,22,20,40,35,30,30,30,27,9,0,20,20,20,15,15,15,15,15,15,15,15,12,7,2,0,0,440,42,0
Djibouti,1953,696,229,392,163,51,22,20,40,38,30,30,35,29,9,0,20,20,20,18,15,15,15,15,15,20,16,13,7,2,0,0,443,42,0
Djibouti,1954,709,233,396,163,52,22,20,40,40,30,30,37,31,10,0,20,20,20,20,15,15,15,15,17,20,17,14,8,2,0,0,448,42,0
Djibouti,1955,727,238,403,165,53,24,20,40,40,32,30,39,33,11,0,20,20,20,20,17,15,15,15,19,20,19,14,8,3,0,0,456,44,0
Djibouti,1956,742,243,412,169,52,24,20,40,40,33,30,40,34,12,0,20,20,20,20,18,15,15,15,20,20,19,15,9,3,0,0,464,44,0
Djibouti,1957,762,247,421,174,52,26,20,40,40,34,32,40,35,12,0,20,20,20,20,19,15,15,17,20,20,20,15,9,3,0,0,473,46,0
Djibouti,1958,777,250,428,178,52,26,25,42,40,35,33,40,36,13,0,22,20,20,20,20,15,15,18,20,20,20,16,9,4,0,0,480,51,0
Djibouti,1959,799,256,435,179,53,27,25,50,41,36,38,43,39,14,0,25,25,21,20,20,16,18,20,20,23,22,17,10,4,0,0,488,52,0
Djibouti,1960,814,260,443,183,54,27,25,50,43,37,40,45,40,16,0,25,25,23,20,20,17,20,20,20,25,23,17,11,5,0,0,497,52,0
Djibouti,1961,834,265,452,187,56,26,25,50,45,40,40,46,43,17,0,25,25,25,20,20,20,20,20,21,25,25,18,12,5,0,0,508,51,0
Djibouti,1962,856,272,462,190,56,26,25,50,47,40,40,48,44,17,0,25,25,25,22,20,20,20,20,23,25,25,19,12,5,0,0,518,51,0
Djibouti,1963,886,280,476,196,59,26,25,50,50,41,40,49,46,18,0,25,25,25,25,21,20,20,20,24,25,25,21,12,6,0,0,535,51,0
Djibouti,1964,926,290,493,203,62,27,30,52,50,43,42,52,52,19,1,27,25,25,25,23,20,20,22,25,27,29,23,13,6,1,0,555,57,0
Djibouti,1965,965,301,511,210,65,28,29,60,51,45,45,55,54,20,1,30,30,26,25,25,20,20,25,25,30,30,24,14,6,1,0,576,57,0
Djibouti,1966,1005,312,530,218,67,29,29,60,55,47,49,57,57,22,1,30,30,30,25,25,22,24,25,27,30,30,27,16,6,1,0,597,58,0
Djibouti,1967,1041,322,545,223,69,31,31,60,59,50,50,60,61,26,1,30,30,30,29,25,25,25,25,29,31,33,28,19,7,1,0,614,62,0
Djibouti,1968,1078,331,560,229,73,32,31,64,60,52,51,64,64,26,1,34,30,30,30,27,25,25,26,30,34,35,29,19,7,1,0,633,63,0
Djibouti,1969,1111,339,572,233,76,33,31,69,60,54,53,66,66,28,2,35,34,30,30,29,25,25,28,31,35,35,31,21,7,2,0,648,64,0
Djibouti,1970,1163,351,592,241,80,34,31,70,65,56,58,71,72,32,2,35,35,35,30,30,26,28,30,34,37,39,33,23,9,2,0,672,65,0
Djibouti,1971,1245,366,621,255,87,39,35,79,70,63,61,76,75,33,2,39,40,35,35,33,30,30,31,36,40,40,35,24,9,2,0,708,74,0
Djibouti,1972,1267,377,631,254,87,38,35,78,71,63,63,79,81,38,2,38,40,36,35,33,30,30,33,38,41,44,37,26,12,2,0,718,73,0
Djibouti,1973,1320,392,654,262,89,39,35,77,74,65,68,84,85,41,2,37,40,39,35,35,30,33,35,39,45,45,40,28,13,2,0,743,74,0
Djibouti,1974,1393,410,683,273,94,43,40,84,80,71,72,90,93,43,3,40,44,40,40,36,35,35,37,42,48,50,43,30,13,3,0,777,83,0
Djibouti,1975,1491,434,723,289,102,46,42,85,85,75,78,98,102,49,3,40,45,45,40,40,35,38,40,46,52,54,48,33,16,3,0,825,88,0
Djibouti,1976,1612,464,772,308,111,50,45,94,93,83,85,107,110,53,4,45,49,48,45,43,40,40,45,50,57,59,51,36,17,4,0,883,95,0
Djibouti,1977,1731,494,820,326,120,54,50,103,102,89,93,117,121,61,4,50,53,52,50,46,43,45,48,55,62,65,56,40,21,4,0,940,104,0
Djibouti,1978,1866,527,873,346,128,59,55,108,112,96,101,128,133,66,6,54,54,57,55,50,46,49,52,60,68,70,63,45,21,6,0,1001,114,0
Djibouti,1979,1998,559,922,363,137,63,59,115,118,105,110,141,148,75,6,58,57,62,56,55,50,53,57,66,75,79,69,50,25,6,0,1059,122,0
Djibouti,1980,2113,583,958,375,145,67,63,122,126,114,118,151,160,80,8,62,60,65,61,59,55,57,61,71,80,85,75,54,26,8,0,1103,130,0
Djibouti,1981,2201,600,983,383,152,72,65,130,132,118,125,159,170,88,9,65,65,67,65,62,56,60,65,74,85,90,80,58,30,9,0,1135,137,0
Djibouti,1982,2250,599,978,379,157,73,69,134,135,124,130,167,179,91,9,69,65,68,67,64,60,63,67,79,88,95,84,61,30,9,0,1135,142,0
Djibouti,1983,2279,598,973,375,158,76,70,138,137,126,134,173,186,96,11,70,68,67,70,66,60,64,70,81,92,98,88,64,32,10,1,1131,146,0
Djibouti,1984,2292,596,963,367,158,77,72,140,136,128,137,178,191,98,11,71,69,66,70,67,61,66,71,83,95,100,91,65,33,10,1,1121,149,0
Djibouti,1985,2348,600,968,368,163,77,74,145,142,134,141,185,200,106,13,75,70,68,74,69,65,68,73,86,99,105,95,70,36,12,1,1131,151,0
Djibouti,1986,2413,611,981,370,163,79,78,151,144,138,149,194,212,110,13,77,74,70,74,73,65,72,77,90,104,110,102,73,37,12,1,1144,157,0
Djibouti,1987,2540,629,1006,377,175,86,83,163,151,148,159,208,228,120,14,83,80,74,77,78,70,77,82,97,111,119,109,78,42,12,2,1181,169,0
Djibouti,1988,2657,650,1037,387,181,87,88,171,158,158,168,220,242,130,16,87,84,78,80,83,75,81,87,102,118,126,116,86,44,14,2,1218,175,0
Djibouti,1989,2811,674,1073,399,193,96,93,184,167,169,181,236,259,140,17,94,90,84,83,88,81,87,94,109,127,135,124,93,47,15,2,1266,189,0
Djibouti,1990,3021,717,1142,425,205,101,101,199,178,183,195,257,287,153,18,102,97,92,86,95,88,93,102,119,138,150,137,101,52,16,2,1347,202,0
Djibouti,1991,3338,776,1230,454,226,112,113,225,200,208,220,289,322,175,22,115,110,103,97,108,100,106,114,135,154,167,155,115,60,20,2,1456,225,0
Djibouti,1992,3505,801,1270,469,233,116,119,241,215,219,234,304,342,188,23,123,118,110,105,112,107,113,121,140,164,178,164,124,64,21,2,1503,235,0
Djibouti,1993,3270,726,1159,433,224,112,113,229,201,202,219,290,324,179,22,117,112,104,97,101,101,105,114,135,155,169,155,118,61,20,2,1383,225,0
Djibouti,1994,3452,758,1215,457,240,117,119,241,213,209,232,304,344,189,24,123,118,110,103,103,106,112,120,140,164,179,165,124,65,21,3,1455,236,0
Djibouti,1995,3322,704,1120,416,229,112,116,238,210,205,229,303,343,190,26,121,117,109,101,100,105,110,119,140,163,178,165,124,66,22,4,1349,228,0
Djibouti,1996,3395,690,1101,411,240,117,120,250,221,211,239,315,354,196,26,127,123,114,107,103,108,115,124,145,170,184,170,128,68,22,4,1341,237,0
Djibouti,1997,3511,684,1096,412,253,125,129,267,239,219,251,328,371,206,28,135,132,124,115,109,110,122,129,152,176,192,179,135,71,24,4,1349,254,0
Djibouti,1998,3643,690,1095,405,264,128,135,289,259,233,265,345,385,214,28,145,144,134,125,117,116,128,137,160,185,200,185,140,74,24,4,1359,263,0
Djibouti,1999,3696,704,1103,399,258,126,134,300,269,235,272,354,393,221,32,150,150,140,129,121,114,133,139,164,190,204,189,144,77,27,5,1361,260,0
Djibouti,2000,3830,714,1110,396,268,131,141,317,288,247,286,369,410,228,33,157,160,150,138,129,118,138,148,170,199,213,197,149,79,28,5,1378,272,0
Djibouti,2001,3874,717,1105,388,263,131,141,323,297,254,292,377,420,236,33,158,165,155,142,133,121,141,151,174,203,218,202,154,82,28,5,1368,272,0
Djibouti,2002,3953,717,1104,387,264,132,143,333,313,265,301,392,435,245,34,162,171,163,150,139,126,143,158,182,210,226,209,159,86,29,5,1368,275,0
Djibouti,2003,3963,707,1092,385,255,130,141,333,317,270,301,398,444,249,35,160,173,165,152,143,127,142,159,183,215,231,213,163,86,30,5,1347,271,0
Djibouti,2004,4016,689,1076,387,260,132,143,331,326,277,307,410,460,259,35,159,172,169,157,146,131,141,166,190,220,239,221,169,90,30,5,1336,275,0
Djibouti,2005,3896,653,1020,367,241,125,134,312,315,275,300,409,462,261,36,150,162,163,152,144,131,137,163,189,220,240,222,170,91,31,5,1261,259,1
Djibouti,2006,3914,625,977,352,245,125,135,310,321,281,307,420,479,273,38,148,162,165,156,148,133,140,167,195,225,247,232,177,96,32,6,1222,260,1
Djibouti,2007,3882,605,945,340,236,119,133,304,319,285,306,426,488,279,40,146,158,163,156,149,136,141,165,198,228,251,237,182,97,34,6,1181,252,1
Djibouti,2008,3916,583,903,320,238,119,133,305,325,296,312,442,506,292,43,146,159,165,160,155,141,146,166,206,236,259,247,189,103,36,7,1141,252,1
Djibouti,2009,3963,564,868,304,240,119,136,310,334,307,317,457,525,304,44,150,160,169,165,161,146,152,165,213,244,269,256,197,107,37,7,1108,255,1
Djibouti,2010,3890,547,839,292,224,113,130,298,322,306,314,459,530,311,45,145,153,160,162,160,146,152,162,213,246,271,259,202,109,38,7,1063,243,1
Djibouti,2011,3956,531,808,277,223,116,132,302,331,318,326,476,551,325,48,147,155,164,167,167,151,158,168,220,256,282,269,212,113,40,8,1031,248,1
Djibouti,2012,3909,517,782,265,206,111,126,293,321,317,329,478,561,334,49,144,149,158,163,166,151,161,168,217,261,287,274,217,117,41,8,988,237,1
Djibouti,2013,3981,505,757,252,206,115,127,297,325,330,341,492,584,351,53,145,152,159,166,172,158,167,174,219,273,297,287,228,123,44,9,963,242,1
Djibouti,2014,3891,492,731,239,183,106,119,283,309,325,341,487,590,359,55,139,144,150,159,168,157,167,174,213,274,300,290,232,127,46,9,914,225,1
Djibouti,2015,3952,482,709,227,181,108,121,286,311,335,355,498,614,376,59,139,147,150,161,173,162,173,182,215,283,312,302,242,134,48,11,890,229,1
Djibouti,2016,4010,469,687,218,177,105,123,289,311,345,369,510,638,393,60,140,149,150,161,177,168,181,188,220,290,324,314,252,141,49,11,864,228,1
Djibouti,2017,3933,459,669,210,158,96,115,274,292,337,369,504,646,405,64,132,142,141,151,171,166,181,188,219,285,327,319,259,146,53,11,827,211,1
Djibouti,2018,3989,447,647,200,156,94,118,275,295,345,381,516,675,422,65,132,143,143,152,174,171,187,194,228,288,342,333,269,153,54,11,803,212,1
Djibouti,2019,4110,438,632,194,159,95,122,284,303,359,402,531,709,444,68,136,148,148,155,179,180,197,205,239,292,361,348,283,161,57,11,791,217,1
Djibouti,2020,4299,428,612,184,141,84,111,262,287,370,450,608,800,497,76,126,136,139,148,179,191,219,231,275,333,415,385,316,181,64,12,753,195,1
Djibouti,2021,4550,418,592,174,141,84,114,276,305,399,491,665,860,535,82,133,143,148,157,191,208,238,253,306,359,442,418,338,197,69,13,733,198,1
Dominica,1950,508,103,183,80,22,10,10,20,20,20,22,36,89,54,12,10,10,10,10,10,10,10,12,15,21,47,42,34,20,9,3,205,20,0
Dominica,1951,501,112,187,75,21,10,10,20,20,20,21,34,87,54,10,10,10,10,10,10,10,10,11,15,19,43,44,33,21,8,2,208,20,0
Dominica,1952,521,124,205,81,23,10,10,20,20,20,21,33,83,56,11,10,10,10,10,10,10,10,11,15,18,38,45,34,22,9,2,228,20,0
Dominica,1953,470,127,191,64,17,10,10,20,20,20,20,32,77,57,11,10,10,10,10,10,10,10,10,15,17,31,46,34,23,9,2,208,20,0
Dominica,1954,451,124,186,62,16,7,9,10,18,17,20,30,72,58,10,5,5,8,10,10,7,10,10,14,16,26,46,35,23,9,1,202,16,0
Dominica,1955,461,136,207,71,14,6,5,10,13,16,20,29,65,58,10,5,5,5,8,10,6,10,10,13,16,23,42,34,24,9,1,221,11,0
Dominica,1956,485,142,226,84,15,6,5,10,14,20,20,32,62,61,10,5,5,5,9,10,10,10,10,14,18,22,40,37,24,9,1,241,11,0
Dominica,1957,444,124,189,65,12,5,5,10,10,20,20,34,61,65,10,5,5,5,5,10,10,10,10,15,19,25,36,40,25,9,1,201,10,0
Dominica,1958,479,135,214,79,12,5,5,10,10,20,22,36,62,68,11,5,5,5,5,10,10,10,12,15,21,28,34,41,27,10,1,226,10,0
Dominica,1959,438,119,185,66,9,5,5,10,10,12,21,37,61,68,14,5,5,5,5,5,7,10,11,16,21,29,32,40,28,12,2,194,10,0
Dominica,1960,447,117,178,61,9,5,5,10,10,13,22,40,67,72,16,5,5,5,5,5,8,10,12,18,22,32,35,39,33,14,2,187,10,0
Dominica,1961,417,96,152,56,9,5,5,10,10,12,23,40,66,70,17,5,5,5,5,5,7,10,13,18,22,31,35,38,32,15,2,161,10,0
Dominica,1962,391,91,138,47,8,5,5,10,10,11,22,38,66,65,16,5,5,5,5,5,6,10,12,17,21,30,36,35,30,14,2,146,10,0
Dominica,1963,449,111,184,73,10,5,5,10,10,13,24,42,71,65,17,5,5,5,5,5,8,10,14,18,24,31,40,36,29,14,3,194,10,0
Dominica,1964,335,64,96,32,6,5,5,10,10,10,22,39,65,62,17,5,5,5,5,5,5,10,12,17,22,27,38,36,26,14,3,102,10,0
Dominica,1965,335,59,88,29,6,5,5,10,10,11,22,41,66,65,15,5,5,5,5,5,6,10,12,18,23,28,38,38,27,12,3,94,10,0
Dominica,1966,348,65,94,29,7,5,5,10,10,12,22,42,66,68,14,5,5,5,5,5,7,10,12,18,24,29,37,40,28,11,3,101,10,0
Dominica,1967,329,52,74,22,6,5,5,10,10,12,22,42,64,70,15,5,5,5,5,5,7,10,12,18,24,29,35,40,30,12,3,80,10,0
Dominica,1968,361,69,97,28,7,5,5,10,10,12,22,44,65,77,15,5,5,5,5,5,7,10,12,18,26,30,35,43,34,12,3,104,10,0
Dominica,1969,386,66,98,32,8,5,5,10,10,13,24,47,70,82,18,5,5,5,5,5,8,10,14,19,28,34,36,43,39,15,3,106,10,0
Dominica,1970,348,45,66,21,7,5,5,10,10,12,24,45,69,83,20,5,5,5,5,5,7,10,14,18,27,34,35,40,43,18,2,73,10,0
Dominica,1971,380,55,79,24,9,5,5,10,10,13,26,48,70,82,23,5,5,5,5,5,8,11,15,19,29,35,35,38,44,21,2,88,10,0
Dominica,1972,305,33,45,12,5,5,5,10,10,10,23,41,69,70,22,5,5,5,5,5,5,10,13,17,24,34,35,35,35,20,2,50,10,0
Dominica,1973,294,35,48,13,5,5,5,4,4,10,19,40,68,68,23,4,0,0,4,5,5,8,11,16,24,33,35,35,33,20,3,53,10,0
Dominica,1974,283,29,40,11,5,1,5,3,4,10,19,38,68,64,23,3,0,0,4,5,5,8,11,16,22,33,35,34,30,19,4,45,6,0
Dominica,1975,264,21,27,6,4,1,5,4,4,10,19,38,67,61,21,4,0,0,4,5,5,7,12,16,22,32,35,34,27,17,4,31,6,0
Dominica,1976,265,20,26,6,4,1,5,7,4,10,19,39,68,62,20,5,2,0,4,5,5,7,12,16,23,32,36,35,27,16,4,30,6,0
Dominica,1977,286,18,23,5,5,5,5,10,10,10,23,43,73,68,21,5,5,5,5,5,5,10,13,18,25,33,40,39,29,16,5,28,10,0
Dominica,1978,257,14,18,4,2,2,5,10,10,10,20,38,67,63,20,5,5,5,5,5,5,8,12,16,22,32,35,35,28,15,5,20,7,0
Dominica,1979,254,9,14,5,5,5,5,10,10,10,19,36,63,66,19,5,5,5,5,5,5,8,11,15,21,29,34,35,31,15,4,19,10,1
Dominica,1980,245,9,11,2,0,1,5,10,10,10,18,36,64,68,22,5,5,5,5,5,5,8,10,15,21,29,35,35,33,17,5,11,6,1
Dominica,1981,243,10,12,2,0,0,4,2,0,10,15,33,64,72,27,2,0,0,0,5,5,5,10,14,19,29,35,35,37,21,6,12,4,1
Dominica,1982,253,6,6,0,0,1,5,10,10,10,19,36,64,70,26,5,5,5,5,5,5,9,10,16,20,29,35,35,35,20,6,6,6,1
Dominica,1983,258,10,12,2,0,0,5,6,2,10,17,34,70,72,28,5,1,0,2,5,5,7,10,14,20,30,40,37,35,23,5,12,5,1
Dominica,1984,296,17,21,4,0,1,5,10,10,10,18,38,80,80,31,5,5,5,5,5,5,8,10,15,23,32,48,43,37,24,7,21,6,1
Dominica,1985,314,21,26,5,1,0,5,10,5,10,17,39,86,88,32,5,5,0,5,5,5,7,10,15,24,34,52,49,39,25,7,27,5,1
Dominica,1986,283,14,18,4,0,0,2,2,0,10,15,35,78,84,31,2,0,0,0,5,5,5,10,13,22,30,48,48,36,24,7,18,2,1
Dominica,1987,292,15,19,4,0,0,3,5,3,10,16,37,77,90,30,4,1,0,3,5,5,6,10,14,23,31,46,52,38,23,7,19,3,1
Dominica,1988,286,12,15,3,0,0,4,10,10,10,17,36,72,91,30,5,5,5,5,5,5,7,10,14,22,30,42,53,38,23,7,15,4,1
Dominica,1989,330,15,19,4,1,0,5,10,10,10,20,42,80,107,34,5,5,5,5,5,5,8,12,17,25,34,46,62,45,26,8,20,5,1
Dominica,1990,338,15,19,4,1,0,4,10,10,10,19,39,77,114,38,5,5,5,5,5,5,8,11,16,23,32,45,64,50,28,10,20,4,1
Dominica,1991,352,13,17,4,2,0,5,10,10,10,20,41,77,116,41,5,5,5,5,5,5,8,12,16,25,34,43,61,55,30,11,19,5,1
Dominica,1992,320,9,9,0,0,0,4,10,10,10,18,38,70,107,41,5,5,5,5,5,5,7,11,15,23,31,39,53,54,30,11,9,4,1
Dominica,1993,320,10,12,2,0,0,3,10,10,10,16,38,73,106,41,5,5,5,5,5,5,6,10,15,23,32,41,52,54,30,11,12,3,1
Dominica,1994,326,13,16,3,0,0,2,10,10,10,17,39,76,110,41,5,5,5,5,5,5,6,11,17,22,34,42,53,57,30,11,16,2,1
Dominica,1995,309,10,12,2,0,0,0,10,10,10,15,37,73,102,39,5,5,5,5,5,5,5,10,16,21,31,42,50,52,30,9,12,0,2
Dominica,1996,304,8,8,0,0,0,1,10,10,10,17,37,71,100,39,5,5,5,5,5,5,7,10,16,21,30,41,49,51,30,9,8,1,2
Dominica,1997,316,9,10,1,0,0,0,9,10,10,16,39,74,103,39,4,5,5,5,5,5,6,10,16,23,30,44,53,50,30,9,10,0,2
Dominica,1998,324,9,10,1,0,0,2,8,10,10,18,40,75,105,39,3,5,5,5,5,5,7,11,17,23,31,44,55,50,30,9,10,2,2
Dominica,1999,342,11,14,3,0,0,2,6,10,10,18,42,81,114,41,1,5,5,5,5,5,8,10,17,25,34,47,58,56,32,9,14,2,2
Dominica,2000,311,9,10,1,0,0,0,1,10,10,15,38,72,108,41,0,1,5,5,5,5,5,10,15,23,30,42,53,55,31,10,10,0,2
Dominica,2001,331,11,13,2,0,0,0,0,10,10,15,39,77,118,44,0,0,5,5,5,5,5,10,15,24,33,44,56,62,34,10,13,0,1
Dominica,2002,311,7,7,0,0,0,0,0,9,10,16,36,72,109,43,0,0,4,5,5,5,6,10,13,23,32,40,52,57,34,9,7,0,1
Dominica,2003,343,9,11,2,0,0,2,2,10,10,19,41,82,114,46,1,1,5,5,5,5,9,10,15,26,37,45,55,59,37,9,11,2,1
Dominica,2004,336,9,11,2,0,0,0,0,9,10,17,37,84,111,47,0,0,4,5,5,5,7,10,13,24,37,47,55,56,38,9,11,0,1
Dominica,2005,314,8,8,0,0,0,0,0,7,10,16,33,78,105,48,0,0,2,5,5,5,6,10,12,21,34,44,53,52,38,10,8,0,1
Dominica,2006,300,5,5,0,0,0,0,2,8,10,20,34,72,96,45,2,0,3,5,5,5,10,10,13,21,31,41,48,48,35,10,5,0,1
Dominica,2007,346,9,11,2,0,0,0,0,6,10,18,37,90,115,51,0,0,1,5,5,5,8,10,14,23,38,52,59,56,39,12,11,0,1
Dominica,2008,320,7,7,0,0,0,0,0,4,10,17,33,81,107,51,0,0,0,4,5,5,7,10,13,20,33,48,54,53,38,13,7,0,1
Dominica,2009,361,11,13,2,0,0,0,0,4,10,18,34,93,124,59,0,0,0,4,5,5,8,10,13,21,37,56,63,61,42,17,13,0,2
Dominica,2010,369,10,12,2,0,0,0,0,4,10,20,36,91,126,64,0,0,0,4,5,5,10,10,14,22,36,55,64,62,43,21,12,0,2
Dominica,2011,416,13,16,3,0,0,0,0,5,13,21,40,102,137,71,0,0,0,5,5,8,10,11,16,24,40,62,70,67,47,24,16,0,2
Dominica,2012,399,13,16,3,0,0,0,0,4,13,21,40,96,134,66,0,0,0,4,5,8,10,11,16,24,37,59,70,64,43,23,16,0,3
Dominica,2013,416,17,21,4,0,0,0,1,10,15,24,44,105,133,58,0,1,5,5,5,10,10,14,18,26,42,63,71,62,40,18,21,0,3
Dominica,2014,401,15,18,3,0,0,0,0,4,14,23,42,98,131,57,0,0,0,4,5,9,10,13,17,25,39,59,70,61,40,17,18,0,4
Dominica,2015,364,14,19,5,4,0,2,10,10,16,27,44,92,106,33,5,5,5,5,6,10,12,15,19,25,38,54,59,47,25,8,23,2,3
Dominica,2016,344,13,16,3,0,0,0,0,9,14,25,43,89,108,35,0,0,4,5,5,9,10,15,18,25,37,52,60,48,26,9,16,0,3
Dominica,2017,382,15,21,6,5,5,5,10,10,18,32,48,92,105,33,5,5,5,5,7,11,15,17,21,27,39,53,60,45,25,8,26,10,2
Dominica,2018,250,3,3,0,0,0,0,0,8,13,24,34,60,76,24,0,0,3,5,5,8,10,14,15,19,25,35,42,34,18,6,3,0,2
Dominica,2019,251,3,3,0,0,0,0,0,9,13,26,35,59,75,24,0,0,4,5,5,8,11,15,15,20,26,33,41,34,18,6,3,0,1
Dominica,2020,248,3,3,0,0,0,0,3,10,12,26,37,60,74,22,0,3,5,5,5,7,11,15,17,20,26,34,40,34,16,6,3,0,1
Dominica,2021,278,3,3,0,0,0,0,3,10,13,27,43,70,84,21,0,3,5,5,5,8,12,15,20,23,30,40,45,39,17,4,3,0,1
Dominican Republic,1950,23639,10140,15290,5150,1054,467,527,988,823,715,792,1105,1193,597,86,510,478,425,398,365,350,370,422,513,592,631,562,395,202,68,18,16344,994,0
Dominican Republic,1951,24165,10424,15659,5235,1075,462,532,1006,841,730,813,1133,1225,608,84,518,488,436,405,372,358,380,433,526,607,649,576,403,205,69,15,16734,994,1
Dominican Republic,1952,24420,10582,15809,5227,1083,450,533,1016,853,741,823,1154,1254,617,85,522,494,442,411,378,363,385,438,535,619,664,590,409,208,69,16,16892,983,2
Dominican Republic,1953,24654,10739,15961,5222,1096,435,527,1017,864,750,837,1175,1282,626,83,522,495,447,417,382,368,391,446,545,630,678,604,415,211,69,14,17057,962,2
Dominican Republic,1954,24858,10869,16094,5225,1104,424,519,1014,869,759,848,1195,1310,634,84,519,495,449,420,386,373,396,452,553,642,693,617,421,213,69,15,17198,943,2
Dominican Republic,1955,25037,10972,16203,5231,1106,413,509,1011,877,768,859,1214,1339,647,83,516,495,452,425,391,377,401,458,560,654,707,632,430,217,69,14,17309,922,2
Dominican Republic,1956,25186,11037,16263,5226,1112,410,499,1008,886,777,871,1238,1372,659,83,512,496,456,430,396,381,407,464,571,667,724,648,440,219,70,13,17375,909,2
Dominican Republic,1957,25293,11062,16269,5207,1117,410,487,1007,892,788,889,1262,1408,677,86,509,498,457,435,401,387,415,474,581,681,742,666,453,224,72,14,17386,897,2
Dominican Republic,1958,25360,11052,16220,5168,1125,416,475,1004,902,800,902,1287,1443,695,87,505,499,460,442,407,393,421,481,591,696,758,685,466,229,73,14,17345,891,2
Dominican Republic,1959,25386,11009,16122,5113,1133,421,466,997,911,816,920,1312,1482,714,89,499,498,463,448,415,401,429,491,603,709,778,704,480,234,75,14,17255,887,2
Dominican Republic,1960,25367,10929,15971,5042,1142,427,460,988,919,831,938,1340,1522,734,92,490,498,466,453,423,408,437,501,614,726,798,724,494,240,76,16,17113,887,2
Dominican Republic,1961,25310,10822,15777,4955,1147,433,460,977,932,850,956,1368,1562,755,94,481,496,471,461,432,418,446,510,626,742,819,743,508,247,78,16,16924,893,2
Dominican Republic,1962,25215,10687,15541,4854,1152,436,463,963,941,869,975,1397,1602,778,95,469,494,473,468,441,428,456,519,640,757,839,763,523,255,79,16,16693,899,2
Dominican Republic,1963,25319,10557,15355,4798,1194,460,481,963,965,905,1006,1435,1653,804,97,464,499,485,480,459,446,471,535,657,778,864,789,540,264,81,16,16549,941,2
Dominican Republic,1964,24928,10353,14970,4617,1146,443,478,932,953,911,1017,1456,1690,828,101,447,485,476,477,460,451,476,541,666,790,882,808,557,271,85,16,16116,921,2
Dominican Republic,1965,24908,10158,14638,4480,1138,450,498,956,997,977,1063,1494,1737,855,102,462,494,494,503,497,480,501,562,684,810,904,833,574,281,86,16,15776,948,2
Dominican Republic,1966,24592,9989,14331,4342,1134,457,495,909,960,945,1061,1523,1785,884,105,442,467,475,485,475,470,497,564,695,828,927,858,594,290,89,16,15465,952,2
Dominican Republic,1967,24276,9731,13910,4179,1110,456,498,897,956,955,1085,1554,1832,912,107,444,453,472,484,479,476,508,577,708,846,949,883,612,300,91,16,15020,954,2
Dominican Republic,1968,23905,9400,13411,4011,1087,457,504,893,954,970,1108,1587,1880,942,109,451,442,467,487,484,486,519,589,722,865,972,908,633,309,93,16,14498,961,2
Dominican Republic,1969,23524,9089,12907,3818,1059,456,509,888,950,987,1134,1618,1927,971,114,457,431,461,489,490,497,532,602,735,883,994,933,651,320,96,18,13966,965,2
Dominican Republic,1970,23163,8813,12430,3617,1027,453,514,887,943,1006,1160,1653,1973,999,118,463,424,454,489,497,509,546,614,750,903,1017,956,669,330,100,18,13457,967,2
Dominican Republic,1971,22997,8530,11954,3424,991,445,520,884,932,1021,1179,1684,2091,1135,155,467,417,442,490,502,519,556,623,762,922,1062,1029,748,387,128,27,12945,965,3
Dominican Republic,1972,23004,8245,11481,3236,954,436,522,885,918,1042,1207,1731,2214,1368,238,470,415,427,491,511,531,570,637,782,949,1107,1107,860,508,192,46,12435,958,8
Dominican Republic,1973,22989,7971,11030,3059,914,427,523,885,902,1062,1235,1779,2326,1579,319,471,414,413,489,519,543,585,650,803,976,1149,1177,963,616,255,64,11944,950,12
Dominican Republic,1974,22897,7655,10548,2893,877,416,522,888,881,1074,1262,1828,2429,1766,391,472,416,399,482,523,551,597,665,825,1003,1191,1238,1059,707,312,79,11425,938,16
Dominican Republic,1975,22772,7345,10078,2733,842,406,519,893,856,1081,1287,1877,2529,1930,456,475,418,388,468,524,557,607,680,845,1032,1230,1299,1146,784,363,93,10920,925,19
Dominican Republic,1976,22681,7091,9669,2578,814,396,515,899,834,1079,1312,1929,2626,2075,513,479,420,380,454,519,560,615,697,866,1063,1269,1357,1224,851,408,105,10483,911,20
Dominican Republic,1977,22614,6851,9290,2439,788,386,510,906,811,1080,1338,1984,2725,2212,562,482,424,377,434,515,565,623,715,888,1096,1310,1415,1296,916,446,116,10078,896,23
Dominican Republic,1978,22582,6623,8935,2312,764,375,504,910,797,1081,1367,2041,2825,2347,608,484,426,379,418,512,569,633,734,911,1130,1352,1473,1366,981,481,127,9699,879,25
Dominican Republic,1979,23456,6518,8882,2364,886,444,545,989,853,1147,1450,2142,2957,2475,657,524,465,416,437,540,607,673,777,956,1186,1415,1542,1432,1043,515,142,9768,989,27
Dominican Republic,1980,22670,6239,8329,2090,713,357,496,930,802,1106,1444,2160,3025,2573,706,490,440,395,407,511,595,670,774,959,1201,1445,1580,1476,1097,550,156,9042,853,30
Dominican Republic,1981,22341,6059,8058,1999,683,346,491,952,825,1130,1487,2198,3025,2448,667,498,454,410,415,512,618,698,789,977,1221,1467,1558,1417,1031,519,148,8741,837,26
Dominican Republic,1982,22035,5896,7803,1907,650,331,489,970,857,1158,1536,2228,3019,2337,629,503,467,427,430,514,644,731,805,994,1234,1483,1536,1362,975,489,140,8453,820,24
Dominican Republic,1983,21785,5795,7620,1825,608,316,483,989,900,1184,1586,2249,3002,2231,592,509,480,447,453,515,669,764,822,1012,1237,1489,1513,1307,924,461,131,8228,799,20
Dominican Republic,1984,21462,5664,7415,1751,560,297,473,1007,942,1200,1633,2251,2969,2139,557,514,493,466,476,515,685,793,840,1025,1226,1484,1485,1257,882,435,122,7975,770,17
Dominican Republic,1985,21018,5489,7173,1684,503,275,458,1024,976,1203,1673,2233,2908,2058,521,519,505,481,495,517,686,812,861,1035,1198,1458,1450,1210,848,411,110,7676,733,13
Dominican Republic,1986,20508,5326,6931,1605,441,250,440,1039,1002,1193,1704,2196,2826,1985,489,524,515,493,509,518,675,821,883,1039,1157,1417,1409,1168,817,390,99,7372,690,10
Dominican Republic,1987,19987,5169,6689,1520,382,228,420,1048,1018,1172,1727,2160,2744,1932,462,525,523,499,519,521,651,823,904,1044,1116,1372,1372,1139,793,373,89,7071,648,7
Dominican Republic,1988,19537,5034,6469,1435,334,209,404,1051,1034,1151,1740,2136,2676,1897,434,523,528,506,528,526,625,819,921,1051,1085,1333,1343,1120,777,356,78,6803,613,5
Dominican Republic,1989,19186,4902,6256,1354,296,197,390,1048,1053,1134,1742,2138,2635,1884,411,518,530,514,539,531,603,811,931,1065,1073,1307,1328,1117,767,342,69,6552,587,4
Dominican Republic,1990,18917,4714,5993,1279,272,190,381,1040,1080,1128,1731,2176,2639,1894,391,510,530,524,556,535,593,801,930,1089,1087,1304,1335,1130,764,331,60,6265,571,2
Dominican Republic,1991,18773,4504,5711,1207,260,192,374,1027,1114,1134,1713,2252,2686,1926,378,497,530,538,576,540,594,790,923,1121,1131,1324,1362,1157,769,323,55,5971,566,2
Dominican Republic,1992,18751,4293,5429,1136,258,195,370,1017,1157,1154,1690,2358,2769,1981,373,486,531,556,601,547,607,777,913,1163,1195,1362,1407,1198,783,319,54,5687,565,2
Dominican Republic,1993,18856,4107,5178,1071,258,200,364,1005,1200,1188,1667,2480,2883,2056,378,474,531,576,624,558,630,766,901,1206,1274,1417,1466,1249,807,322,56,5436,564,2
Dominican Republic,1994,19036,3924,4932,1008,260,200,355,1002,1245,1231,1647,2603,3010,2155,395,466,536,598,647,574,657,755,892,1244,1359,1479,1531,1311,844,335,60,5192,555,1
Dominican Republic,1995,19674,3743,4699,956,262,196,342,1002,1276,1280,1641,2726,3179,2401,645,458,544,613,663,596,684,754,887,1278,1448,1555,1624,1428,973,468,177,4961,538,25
Dominican Republic,1996,20312,3584,4492,908,259,185,327,1015,1305,1338,1648,2826,3349,2646,870,455,560,628,677,627,711,761,887,1301,1525,1633,1716,1544,1102,592,278,4751,512,55
Dominican Republic,1997,20922,3409,4267,858,252,172,311,1036,1328,1395,1664,2902,3513,2895,1093,454,582,641,687,661,734,776,888,1314,1588,1710,1803,1660,1235,718,375,4519,483,91
Dominican Republic,1998,21769,3258,4104,846,274,179,308,1085,1378,1479,1712,2979,3685,3143,1315,468,617,665,713,712,767,811,901,1330,1649,1789,1896,1778,1365,846,469,4378,487,132
Dominican Republic,1999,22239,3142,3904,762,231,158,296,1100,1387,1533,1739,3005,3827,3370,1516,467,633,667,720,745,788,836,903,1323,1682,1856,1971,1882,1488,965,551,4135,454,173
Dominican Republic,2000,22880,3057,3774,717,215,161,303,1135,1425,1609,1797,3029,3967,3577,1682,479,656,680,745,785,824,875,922,1317,1712,1922,2045,1980,1597,1066,616,3989,464,206
Dominican Republic,2001,23424,2933,3613,680,201,176,320,1164,1474,1686,1869,3040,4092,3755,1804,492,672,695,779,825,861,919,950,1307,1733,1981,2111,2066,1689,1143,661,3814,496,231
Dominican Republic,2002,23879,2812,3457,645,188,194,341,1182,1517,1753,1949,3040,4209,3907,1895,504,678,706,811,855,898,963,986,1291,1749,2038,2171,2140,1767,1202,693,3645,535,248
Dominican Republic,2003,24049,2834,3492,658,183,213,362,1195,1554,1805,2032,3023,4293,3920,1747,513,682,717,837,876,929,1002,1030,1268,1755,2084,2209,2164,1756,1141,606,3675,575,235
Dominican Republic,2004,24377,2866,3601,735,203,235,380,1196,1574,1843,2123,3021,4399,3944,1642,519,677,725,849,886,957,1044,1079,1259,1762,2138,2261,2189,1755,1100,542,3804,615,219
Dominican Republic,2005,23891,2722,3351,629,169,211,361,1148,1522,1816,2165,2976,4449,3954,1569,496,652,701,821,864,952,1062,1103,1242,1734,2157,2292,2198,1756,1072,497,3520,572,202
Dominican Republic,2006,23646,2659,3276,617,164,189,332,1085,1441,1768,2192,2961,4526,3991,1536,467,618,669,772,831,937,1068,1124,1247,1714,2188,2338,2221,1770,1063,473,3440,521,187
Dominican Republic,2007,23523,2650,3268,618,173,166,300,1024,1355,1712,2212,2952,4615,4039,1529,438,586,634,721,794,918,1070,1142,1268,1684,2222,2393,2248,1791,1068,461,3441,466,175
Dominican Republic,2008,23281,2679,3273,594,155,133,264,945,1253,1633,2202,2940,4678,4098,1540,400,545,592,661,745,888,1055,1147,1294,1646,2235,2443,2280,1818,1084,456,3428,397,165
Dominican Republic,2009,23234,2718,3311,593,148,113,243,881,1178,1576,2204,2945,4730,4180,1567,374,507,558,620,709,867,1046,1158,1331,1614,2236,2494,2327,1853,1109,458,3459,356,158
Dominican Republic,2010,23281,2737,3334,597,139,104,233,833,1128,1540,2218,2960,4755,4282,1604,357,476,535,593,684,856,1042,1176,1363,1597,2214,2541,2389,1893,1139,465,3473,337,152
Dominican Republic,2011,23625,2748,3374,626,140,110,247,821,1125,1551,2260,3002,4780,4414,1652,360,461,531,594,684,867,1053,1207,1403,1599,2185,2595,2469,1945,1176,476,3514,357,150
Dominican Republic,2012,23797,2733,3347,614,117,104,250,784,1105,1549,2294,3049,4773,4564,1709,352,432,515,590,679,870,1060,1234,1434,1615,2132,2641,2559,2005,1216,493,3464,354,149
Dominican Republic,2013,24240,2730,3345,615,105,107,260,770,1111,1580,2354,3140,4782,4753,1780,354,416,511,600,692,888,1082,1272,1475,1665,2086,2696,2669,2084,1265,515,3450,367,152
Dominican Republic,2014,24844,2726,3340,614,95,104,262,763,1122,1626,2437,3278,4812,4977,1871,357,406,506,616,716,910,1115,1322,1535,1743,2068,2744,2793,2184,1328,543,3435,366,157
Dominican Republic,2015,25639,2726,3341,615,90,93,249,763,1129,1677,2549,3468,4890,5244,1979,361,402,497,632,742,935,1163,1386,1622,1846,2093,2797,2931,2313,1401,578,3431,342,164
Dominican Republic,2016,26550,2718,3334,616,88,80,225,767,1134,1729,2685,3695,4997,5536,2099,362,405,487,647,771,958,1220,1465,1725,1970,2160,2837,3077,2459,1482,617,3422,305,174
Dominican Republic,2017,27319,2704,3314,610,84,68,204,761,1136,1762,2806,3905,5079,5796,2216,355,406,482,654,788,974,1269,1537,1823,2082,2243,2836,3198,2598,1560,656,3398,272,185
Dominican Republic,2018,27746,2686,3290,604,84,64,198,747,1152,1764,2883,4029,5084,5950,2303,340,407,493,659,783,981,1293,1590,1889,2140,2313,2771,3250,2700,1620,683,3374,262,195
Dominican Republic,2019,27547,2626,3222,596,84,75,221,725,1189,1715,2877,4008,4959,5924,2345,319,406,530,659,747,968,1273,1604,1890,2118,2322,2637,3194,2730,1648,697,3306,296,202
Dominican Republic,2020,28585,2539,3115,576,47,68,207,752,1139,1714,2889,4295,5259,6307,2568,329,423,509,630,738,976,1192,1697,2023,2272,2506,2753,3350,2957,1805,763,3162,275,223
Dominican Republic,2021,30963,2462,3016,554,35,72,178,788,1189,1903,3119,4941,5790,6817,2867,341,447,533,656,846,1057,1329,1790,2330,2611,2817,2973,3561,3256,2017,850,3051,250,250
East Timor,1950,6960,2372,3745,1373,287,192,199,442,388,333,336,494,418,124,1,229,213,211,177,152,181,184,152,251,243,238,180,98,26,1,0,4032,391,0
East Timor,1951,6721,2169,3492,1323,292,196,203,444,394,326,345,483,415,127,1,228,216,213,181,149,177,191,154,238,245,236,179,98,29,1,0,3784,399,0
East Timor,1952,6633,2178,3395,1217,295,198,211,447,400,318,358,467,411,131,2,227,220,213,187,151,167,197,161,218,249,232,179,99,32,2,0,3690,409,0
East Timor,1953,6606,2191,3357,1166,297,197,218,449,406,313,376,449,409,133,4,224,225,212,194,156,157,203,173,196,253,229,180,100,33,4,0,3654,415,0
East Timor,1954,6596,2203,3339,1136,297,199,225,450,409,308,388,434,407,135,4,223,227,211,198,160,148,203,185,183,251,228,179,100,35,4,0,3636,424,0
East Timor,1955,6601,2215,3342,1127,291,201,229,453,415,308,396,420,407,137,6,224,229,213,202,165,143,202,194,176,244,228,179,101,36,6,0,3633,430,0
East Timor,1956,6620,2230,3366,1136,276,203,233,457,419,310,400,409,407,137,7,229,228,216,203,170,140,196,204,178,231,230,177,101,36,7,0,3642,436,0
East Timor,1957,6651,2247,3392,1145,264,206,235,461,424,317,395,399,411,138,7,236,225,220,204,175,142,185,210,187,212,234,177,102,36,7,0,3656,441,0
East Timor,1958,6688,2266,3421,1155,257,207,236,468,427,328,391,395,415,138,8,245,223,223,204,181,147,174,217,202,193,240,175,102,36,8,0,3678,443,0
East Timor,1959,6727,2285,3451,1166,251,209,237,476,429,337,380,393,413,140,8,255,221,226,203,187,150,164,216,214,179,238,175,103,37,8,0,3702,446,0
East Timor,1960,6722,2286,3454,1168,247,205,240,479,430,342,372,397,408,142,8,257,222,226,204,188,154,157,215,224,173,232,176,105,37,8,0,3701,445,0
East Timor,1961,6748,2296,3472,1176,249,197,240,488,430,349,361,410,397,142,9,261,227,225,205,190,159,154,207,235,175,218,179,104,38,9,0,3721,437,0
East Timor,1962,6771,2303,3488,1185,251,189,245,495,432,355,355,428,383,143,9,263,232,222,210,191,164,158,197,243,185,201,182,104,39,9,0,3739,434,0
East Timor,1963,6809,2312,3508,1196,254,182,246,506,433,361,347,449,372,143,9,264,242,220,213,190,171,162,185,250,199,184,188,103,40,9,0,3762,428,0
East Timor,1964,6829,2313,3515,1202,256,176,246,514,434,366,340,467,359,144,9,265,249,219,215,191,175,166,174,253,214,171,188,104,40,9,0,3771,422,0
East Timor,1965,6745,2275,3460,1185,256,169,240,515,431,364,338,470,347,145,9,264,251,218,213,189,175,171,167,247,223,166,181,104,41,9,0,3716,409,0
East Timor,1966,6692,2247,3421,1174,256,168,228,516,429,366,337,471,341,149,9,264,252,218,211,189,177,173,164,239,232,169,172,108,41,9,0,3677,396,0
East Timor,1967,6616,2209,3367,1158,254,167,216,514,431,364,341,466,336,152,10,263,251,225,206,190,174,178,163,225,241,178,158,111,41,9,1,3621,383,0
East Timor,1968,6595,2189,3342,1153,255,168,206,514,432,366,350,456,335,155,12,264,250,230,202,193,173,183,167,210,246,192,143,114,41,11,1,3597,374,0
East Timor,1969,6571,2167,3313,1146,255,168,198,513,437,369,360,447,342,157,12,264,249,236,201,195,174,186,174,199,248,206,136,115,42,11,1,3568,366,0
East Timor,1970,6554,2144,3283,1139,256,171,195,510,441,372,370,438,352,155,12,259,251,240,201,196,176,191,179,191,247,218,134,112,43,11,1,3539,366,0
East Timor,1971,6506,2108,3232,1124,256,171,195,500,447,370,377,429,367,153,12,248,252,243,204,194,176,193,184,188,241,229,138,107,46,11,1,3488,366,0
East Timor,1972,6442,2063,3169,1106,253,171,195,490,452,368,384,419,387,147,12,235,255,242,210,190,178,193,191,191,228,239,148,99,48,11,1,3422,366,0
East Timor,1973,6353,2000,3082,1082,253,171,195,478,456,367,386,409,407,142,12,225,253,241,215,186,181,190,196,196,213,246,161,93,49,11,1,3335,366,0
East Timor,1974,6964,2121,3386,1265,317,204,209,492,488,395,424,438,452,143,13,226,266,254,234,198,197,206,218,219,219,268,184,91,52,12,1,3703,413,0
East Timor,1975,9101,2587,4400,1813,504,305,270,609,632,548,568,546,550,156,14,281,328,321,311,275,273,277,291,283,263,320,230,101,55,13,1,4904,575,0
East Timor,1976,8624,2469,4128,1659,468,287,268,589,613,536,550,511,507,152,14,283,306,310,303,274,262,270,280,274,237,285,222,101,51,13,1,4596,555,0
East Timor,1977,9285,2634,4480,1846,544,328,290,617,641,574,590,544,498,155,15,308,309,324,317,298,276,290,300,297,247,268,230,108,47,14,1,5024,618,0
East Timor,1978,10488,2960,5118,2158,681,402,328,682,687,638,662,614,497,160,16,348,334,346,341,334,304,326,336,342,272,257,240,116,44,15,1,5799,730,0
East Timor,1979,10075,2897,4887,1990,653,393,324,681,665,631,645,603,424,149,16,351,330,334,331,331,300,318,327,339,264,217,207,109,40,15,1,5540,717,0
East Timor,1980,7511,2255,3518,1263,396,263,259,581,546,523,515,484,295,117,13,296,285,274,272,275,248,255,260,273,211,153,142,84,33,12,1,3914,522,0
East Timor,1981,7295,2285,3496,1211,355,254,252,571,520,506,501,479,249,100,10,289,282,262,258,263,243,248,253,267,212,139,110,70,30,9,1,3851,506,0
East Timor,1982,7075,2235,3447,1212,303,239,242,548,501,484,473,476,251,100,10,276,272,255,246,252,232,234,239,256,220,146,105,70,30,9,1,3750,481,0
East Timor,1983,7002,2205,3458,1253,280,230,239,534,489,467,462,478,258,104,10,270,264,249,240,242,225,229,233,251,227,155,103,74,30,9,1,3738,469,0
East Timor,1984,6466,2042,3175,1133,234,195,223,501,459,433,423,449,259,101,10,253,248,235,224,225,208,210,213,231,218,160,99,72,29,9,1,3409,418,0
East Timor,1985,6673,2103,3329,1226,254,196,223,505,461,431,423,455,282,103,10,256,249,236,225,224,207,210,213,230,225,175,107,72,31,9,1,3583,419,0
East Timor,1986,6685,2103,3360,1257,266,184,218,499,454,427,416,445,299,107,10,253,246,233,221,222,205,207,209,223,222,186,113,73,34,9,1,3626,402,0
East Timor,1987,6426,2025,3217,1192,259,162,206,487,441,408,397,425,309,107,10,247,240,226,215,212,196,198,199,212,213,188,121,71,36,9,1,3476,368,0
East Timor,1988,6603,2082,3346,1264,286,161,201,491,445,410,394,421,323,110,12,247,244,229,216,213,197,197,197,211,210,193,130,73,37,11,1,3632,362,0
East Timor,1989,6397,2078,3356,1278,301,156,180,444,395,346,356,404,331,114,13,221,223,208,187,176,170,174,182,202,202,192,139,76,38,12,1,3657,336,0
East Timor,1990,6442,2092,3400,1308,320,161,171,441,397,345,352,392,326,120,14,217,224,210,187,175,170,174,178,197,195,184,142,80,40,13,1,3720,332,0
East Timor,1991,6463,2071,3391,1320,341,171,164,435,404,348,353,391,323,125,18,210,225,214,190,177,171,175,178,197,194,179,144,84,41,16,2,3732,335,0
East Timor,1992,6222,1988,3203,1215,327,165,155,409,395,339,355,398,331,127,16,196,213,209,186,171,168,177,178,199,199,184,147,88,39,14,2,3530,320,0
East Timor,1993,6059,1912,3056,1144,319,164,148,386,388,335,358,408,344,131,17,184,202,204,184,171,164,180,178,202,206,190,154,92,39,14,3,3375,312,0
East Timor,1994,5921,1851,2940,1089,310,166,143,365,380,332,361,416,358,139,16,174,191,199,181,171,161,182,179,204,212,199,159,98,41,13,3,3250,309,0
East Timor,1995,6083,1871,3001,1130,325,178,144,355,380,338,376,437,384,149,15,169,186,197,183,174,164,187,189,212,225,213,171,105,44,12,3,3326,322,0
East Timor,1996,5968,1806,2893,1087,315,176,142,337,368,336,378,443,405,160,14,161,176,187,181,173,163,184,194,210,233,224,181,113,47,12,2,3208,318,0
East Timor,1997,5860,1746,2788,1042,305,175,143,320,357,336,377,447,426,171,15,151,169,178,179,169,167,176,201,208,239,234,192,120,51,13,2,3093,318,0
East Timor,1998,6083,1778,2878,1100,328,188,149,318,355,348,390,469,458,187,16,149,169,173,182,171,177,175,215,216,253,250,208,131,56,14,2,3206,337,0
East Timor,1999,6666,1843,3075,1232,388,212,167,340,384,394,430,518,522,215,18,159,181,183,201,190,204,191,239,239,279,285,237,149,66,16,2,3463,379,0
East Timor,2000,4063,1168,1637,469,134,92,107,226,259,267,300,385,431,205,19,107,119,123,136,128,139,133,167,180,205,230,201,140,65,17,2,1771,199,0
East Timor,2001,3993,1126,1563,437,126,88,106,215,243,261,295,388,454,228,23,105,110,118,125,126,135,137,158,187,201,241,213,154,74,21,2,1689,194,0
East Timor,2002,3943,1087,1499,412,119,83,103,206,230,253,288,394,477,255,29,104,102,114,116,125,128,141,147,198,196,250,227,170,85,26,3,1618,186,0
East Timor,2003,3898,1041,1431,390,112,79,99,199,221,248,285,401,500,286,36,103,96,112,109,124,124,149,136,208,193,258,242,188,98,31,5,1543,178,0
East Timor,2004,3833,985,1347,362,106,74,95,191,208,240,284,404,518,316,48,102,89,106,102,121,119,154,130,209,195,258,260,204,112,40,8,1453,169,0
East Timor,2005,3804,931,1271,340,101,72,93,185,198,231,294,418,529,351,57,99,86,99,99,114,117,153,141,207,211,255,274,221,130,47,10,1372,165,0
East Timor,2006,3782,881,1198,317,96,68,89,183,187,221,307,449,535,384,62,98,85,90,97,105,116,144,163,212,237,247,288,237,147,51,11,1294,157,0
East Timor,2007,3774,827,1118,291,92,63,85,179,180,216,313,487,547,422,73,95,84,85,95,101,115,134,179,224,263,252,295,253,169,62,11,1210,148,1
East Timor,2008,3783,778,1042,264,87,59,84,177,171,207,309,531,562,460,93,93,84,79,92,95,112,125,184,242,289,266,296,269,191,78,15,1129,143,1
East Timor,2009,3827,735,974,239,84,58,80,174,163,202,302,583,589,495,121,90,84,76,87,94,108,121,181,265,318,292,297,282,213,102,19,1058,138,1
East Timor,2010,3902,699,915,216,82,56,79,173,159,197,287,639,627,525,161,90,83,75,84,93,104,118,169,285,354,324,303,293,232,135,26,997,135,3
East Timor,2011,3971,679,878,199,77,56,77,173,155,197,277,673,676,541,187,90,83,75,80,93,104,117,160,288,385,355,321,300,241,152,35,955,133,4
East Timor,2012,3987,651,839,188,75,54,75,172,153,197,275,675,722,564,181,89,83,75,78,93,104,120,155,277,398,380,342,315,249,145,36,914,129,4
East Timor,2013,4020,623,798,175,69,53,75,168,153,198,277,673,775,596,181,85,83,76,77,92,106,122,155,270,403,408,367,332,264,144,37,867,128,4
East Timor,2014,4074,596,760,164,66,53,72,168,150,197,278,666,829,639,191,85,83,75,75,90,107,123,155,261,405,438,391,353,286,152,39,826,125,4
East Timor,2015,4153,573,725,152,63,49,71,169,150,199,281,658,881,687,218,85,84,77,73,90,109,125,156,253,405,464,417,374,313,176,42,788,120,5
East Timor,2016,4115,553,697,144,59,48,70,166,152,198,282,642,926,661,208,84,82,77,75,88,110,128,154,240,402,491,435,368,293,167,41,756,118,4
East Timor,2017,4086,534,672,138,57,48,70,162,153,199,287,623,973,647,193,82,80,78,75,86,113,132,155,229,394,514,459,369,278,155,38,729,118,4
East Timor,2018,4068,516,647,131,54,45,70,160,155,199,291,606,1015,643,181,80,80,80,75,85,114,134,157,222,384,530,485,379,264,144,37,701,115,3
East Timor,2019,4061,500,625,125,51,43,67,160,156,196,298,585,1060,644,168,80,80,80,76,83,113,137,161,215,370,541,519,392,252,133,35,676,110,3
East Timor,2020,4044,487,605,118,50,40,60,145,148,188,306,590,1108,644,156,74,71,73,75,79,109,140,166,222,368,558,550,403,241,123,33,655,100,2
East Timor,2021,4366,476,593,117,52,41,64,159,164,207,346,630,1238,716,158,79,80,80,84,87,120,157,189,244,386,607,631,453,263,124,34,645,105,3
Ecuador,1950,32720,10879,15714,4835,727,434,583,1246,1258,1323,1835,3023,3653,1413,1482,620,626,603,655,631,692,812,1023,1343,1680,1897,1756,605,808,802,680,16441,1017,29
Ecuador,1951,33072,11072,16090,5018,755,449,600,1281,1280,1347,1861,3058,3788,1378,1108,638,643,615,665,645,702,827,1034,1356,1702,1932,1856,749,629,632,476,16845,1049,72
Ecuador,1952,33333,11216,16326,5110,781,460,612,1309,1289,1372,1872,3069,3884,1423,850,651,658,624,665,663,709,837,1035,1358,1711,1965,1919,960,463,517,333,17107,1072,88
Ecuador,1953,33630,11367,16544,5177,815,471,618,1328,1294,1391,1874,3064,3953,1528,665,660,668,631,663,679,712,843,1031,1353,1711,1996,1957,1180,348,427,238,17359,1089,84
Ecuador,1954,33840,11477,16670,5193,845,475,622,1340,1292,1403,1871,3053,4005,1672,523,664,676,636,656,689,714,846,1025,1346,1707,2016,1989,1352,320,347,176,17515,1097,70
Ecuador,1955,34077,11581,16790,5209,874,480,626,1347,1289,1410,1875,3043,4049,1833,409,666,681,638,651,690,720,850,1025,1340,1703,2030,2019,1469,364,275,134,17664,1106,53
Ecuador,1956,34030,11519,16626,5107,882,483,632,1348,1289,1413,1883,3036,4079,1999,318,667,681,642,647,687,726,855,1028,1335,1701,2035,2044,1543,456,211,107,17508,1115,39
Ecuador,1957,34005,11465,16476,5011,889,487,637,1350,1289,1416,1892,3031,4103,2167,240,666,684,646,643,677,739,855,1037,1332,1699,2035,2068,1588,579,152,88,17365,1124,29
Ecuador,1958,33972,11398,16318,4920,889,493,642,1346,1289,1412,1902,3023,4122,2315,190,664,682,646,643,665,747,857,1045,1328,1695,2031,2091,1614,701,116,74,17207,1135,22
Ecuador,1959,33960,11348,16182,4834,890,499,646,1346,1293,1410,1909,3015,4142,2440,174,664,682,649,644,654,756,858,1051,1325,1690,2030,2112,1643,797,114,60,17072,1145,16
Ecuador,1960,33957,11313,16054,4741,893,507,648,1342,1294,1408,1913,3001,4164,2538,185,663,679,649,645,649,759,861,1052,1319,1682,2030,2134,1676,862,139,46,16947,1155,12
Ecuador,1961,34025,11331,15992,4661,898,512,650,1341,1298,1400,1912,2984,4189,2621,213,664,677,649,649,646,754,864,1048,1313,1671,2034,2155,1711,910,178,35,16890,1162,10
Ecuador,1962,34114,11341,15940,4599,907,521,653,1342,1302,1393,1916,2976,4212,2689,252,668,674,649,653,648,745,873,1043,1315,1661,2038,2174,1747,942,226,26,16847,1174,8
Ecuador,1963,34190,11312,15852,4540,916,526,660,1348,1310,1389,1926,2978,4235,2749,293,674,674,651,659,653,736,887,1039,1321,1657,2045,2190,1782,967,273,20,16768,1186,7
Ecuador,1964,34336,11311,15802,4491,926,531,677,1363,1321,1393,1949,2992,4251,2801,325,685,678,654,667,660,733,902,1047,1333,1659,2050,2201,1812,989,305,20,16728,1208,5
Ecuador,1965,34537,11314,15762,4448,936,537,700,1388,1335,1403,1984,3032,4261,2844,356,699,689,661,674,669,734,918,1066,1356,1676,2053,2208,1834,1010,328,28,16698,1237,4
Ecuador,1966,34786,11291,15709,4418,949,550,730,1420,1355,1421,2031,3087,4267,2883,379,717,703,671,684,678,743,932,1099,1383,1704,2058,2209,1851,1032,344,35,16658,1280,3
Ecuador,1967,35054,11308,15699,4391,960,558,757,1453,1371,1444,2079,3147,4268,2916,397,735,718,681,690,689,755,941,1138,1410,1737,2058,2210,1864,1052,353,44,16659,1315,2
Ecuador,1968,35312,11338,15698,4360,969,566,776,1486,1385,1467,2121,3201,4277,2947,415,752,734,688,697,699,768,944,1177,1431,1770,2062,2215,1875,1072,362,53,16667,1342,2
Ecuador,1969,35741,11385,15765,4380,1004,583,796,1545,1418,1504,2154,3250,4306,2985,428,787,758,705,713,717,787,947,1207,1452,1798,2076,2230,1894,1091,370,58,16769,1379,2
Ecuador,1970,35619,11333,15639,4306,992,568,783,1551,1411,1507,2132,3247,4327,3018,443,793,758,701,710,721,786,931,1201,1450,1797,2085,2242,1907,1111,381,62,16631,1351,3
Ecuador,1971,35492,11239,15480,4241,997,554,770,1560,1413,1514,2089,3225,4371,3058,459,803,757,699,714,727,787,913,1176,1440,1785,2105,2266,1927,1131,394,65,16477,1324,3
Ecuador,1972,35207,11101,15233,4132,999,539,751,1559,1412,1516,2018,3178,4424,3096,472,805,754,697,715,733,783,890,1128,1423,1755,2133,2291,1947,1149,405,67,16232,1290,4
Ecuador,1973,34771,10883,14872,3989,1010,528,735,1552,1410,1519,1938,3114,4480,3128,484,801,751,693,717,740,779,867,1071,1397,1717,2166,2314,1963,1165,415,69,15882,1263,5
Ecuador,1974,34196,10607,14427,3820,1021,518,721,1535,1403,1511,1853,3034,4525,3152,492,788,747,686,717,740,771,843,1010,1356,1678,2192,2333,1974,1178,422,70,15448,1239,5
Ecuador,1975,33578,10302,13938,3636,1046,517,715,1515,1397,1504,1774,2946,4558,3163,498,773,742,680,717,741,763,821,953,1303,1643,2212,2346,1977,1186,426,72,14984,1232,5
Ecuador,1976,33008,9988,13443,3455,1085,527,720,1502,1396,1499,1709,2863,4588,3169,505,764,738,675,721,740,759,804,905,1246,1617,2229,2359,1977,1192,429,76,14528,1247,6
Ecuador,1977,32420,9687,12966,3279,1116,528,720,1476,1385,1484,1654,2785,4617,3177,510,750,726,667,718,733,751,789,865,1182,1603,2241,2376,1976,1201,433,77,14082,1248,6
Ecuador,1978,31964,9402,12517,3115,1143,534,724,1454,1381,1468,1621,2733,4663,3198,519,742,712,665,716,724,744,782,839,1129,1604,2258,2405,1985,1213,439,80,13660,1258,6
Ecuador,1979,31607,9131,12090,2959,1151,535,726,1430,1379,1454,1611,2708,4744,3243,532,734,696,665,714,714,740,783,828,1094,1614,2295,2449,2008,1235,449,83,13241,1261,7
Ecuador,1980,31329,8845,11645,2800,1127,528,723,1412,1377,1439,1628,2713,4863,3318,552,728,684,665,712,703,736,795,833,1080,1633,2354,2509,2053,1265,464,88,12772,1251,7
Ecuador,1981,31087,8543,11183,2640,1072,510,707,1396,1372,1423,1671,2745,5011,3415,573,721,675,666,706,691,732,815,856,1085,1660,2431,2580,2114,1301,481,92,12255,1217,8
Ecuador,1982,30837,8229,10719,2490,1007,491,689,1384,1362,1412,1732,2791,5151,3496,593,716,668,663,699,682,730,840,892,1110,1681,2514,2637,2167,1329,496,97,11726,1180,8
Ecuador,1983,30582,7922,10284,2362,946,479,676,1384,1363,1412,1808,2841,5241,3534,602,716,668,661,702,681,731,870,938,1147,1694,2578,2663,2197,1337,503,99,11230,1155,9
Ecuador,1984,29819,7541,9700,2159,859,450,650,1357,1347,1406,1868,2869,5206,3496,597,700,657,645,702,677,729,890,978,1183,1686,2572,2634,2173,1323,498,99,10559,1100,9
Ecuador,1985,29035,7221,9236,2015,803,437,636,1343,1341,1422,1922,2887,5038,3371,584,692,651,632,709,686,736,907,1015,1218,1669,2490,2548,2094,1277,486,98,10039,1073,9
Ecuador,1986,28124,6934,8822,1888,764,429,625,1321,1340,1447,1959,2889,4765,3188,564,680,641,623,717,702,745,914,1045,1251,1638,2347,2418,1972,1216,468,96,9586,1054,9
Ecuador,1987,27212,6650,8423,1773,733,424,620,1300,1343,1482,1983,2884,4457,3006,551,666,634,617,726,723,759,916,1067,1280,1604,2173,2284,1845,1161,455,96,9156,1044,9
Ecuador,1988,26445,6397,8069,1672,707,421,617,1281,1342,1524,1996,2881,4180,2867,548,655,626,612,730,747,777,913,1083,1306,1575,2008,2172,1743,1124,452,96,8776,1038,9
Ecuador,1989,25894,6154,7736,1582,686,419,618,1267,1342,1571,2008,2889,3984,2802,561,647,620,614,728,774,797,914,1094,1333,1556,1888,2096,1691,1111,461,100,8422,1037,10
Ecuador,1990,25591,5912,7399,1487,659,414,619,1259,1340,1616,2022,2911,3899,2840,602,642,617,617,723,795,821,918,1104,1356,1555,1829,2070,1703,1137,492,110,8058,1033,10
Ecuador,1991,25926,5695,7154,1459,665,429,643,1305,1382,1681,2063,2974,3955,2997,665,665,640,646,736,823,858,939,1124,1390,1584,1842,2113,1792,1205,542,123,7819,1072,11
Ecuador,1992,25849,5427,6756,1329,612,405,633,1274,1361,1689,2072,3017,4051,3222,747,651,623,643,718,818,871,947,1125,1406,1611,1880,2171,1925,1297,607,140,7368,1038,12
Ecuador,1993,26303,5168,6416,1248,601,417,652,1300,1386,1726,2112,3098,4213,3518,845,666,634,663,723,822,904,974,1138,1436,1662,1958,2255,2103,1415,686,159,7017,1069,13
Ecuador,1994,26342,4886,6012,1126,544,383,631,1258,1361,1722,2126,3151,4362,3832,951,644,614,655,706,800,922,989,1137,1447,1704,2026,2336,2278,1554,767,184,6556,1014,15
Ecuador,1995,26649,4608,5645,1037,521,379,634,1250,1363,1738,2166,3222,4509,4146,1060,640,610,658,705,792,946,1019,1147,1467,1755,2093,2416,2440,1706,850,210,6166,1013,17
Ecuador,1996,26883,4327,5277,950,503,376,634,1237,1367,1755,2206,3291,4619,4428,1168,633,604,656,711,791,964,1048,1158,1486,1805,2142,2477,2568,1860,930,238,5780,1010,19
Ecuador,1997,27107,4074,4963,889,490,375,632,1221,1363,1770,2254,3351,4702,4686,1275,625,596,647,716,792,978,1078,1176,1503,1848,2178,2524,2664,2022,1006,269,5453,1007,22
Ecuador,1998,27270,3836,4656,820,476,375,631,1204,1355,1780,2313,3393,4764,4907,1386,617,587,635,720,797,983,1114,1199,1513,1880,2202,2562,2728,2179,1082,304,5132,1006,27
Ecuador,1999,27306,3586,4323,737,453,371,623,1179,1334,1773,2375,3416,4810,5105,1510,606,573,617,717,798,975,1148,1227,1518,1898,2220,2590,2786,2319,1170,340,4776,994,34
Ecuador,2000,27464,3383,4076,693,439,371,619,1163,1309,1774,2443,3428,4859,5290,1647,601,562,599,710,803,971,1177,1266,1523,1905,2240,2619,2853,2437,1267,380,4515,990,42
Ecuador,2001,27591,3204,3853,649,418,367,611,1149,1273,1772,2505,3417,4914,5463,1801,597,552,579,694,806,966,1197,1308,1522,1895,2264,2650,2926,2537,1377,424,4271,978,53
Ecuador,2002,27794,3047,3654,607,400,364,605,1142,1238,1776,2566,3408,4978,5623,1969,598,544,562,676,810,966,1209,1357,1526,1882,2289,2689,3009,2614,1498,471,4054,969,65
Ecuador,2003,28006,2913,3483,570,380,356,594,1133,1204,1780,2627,3405,5054,5770,2139,596,537,548,656,812,968,1215,1412,1538,1867,2316,2738,3096,2674,1618,521,3863,950,80
Ecuador,2004,28313,2795,3334,539,368,346,584,1134,1182,1793,2684,3430,5142,5917,2301,596,538,540,642,818,975,1213,1471,1565,1865,2344,2798,3184,2733,1727,574,3702,930,95
Ecuador,2005,28701,2691,3205,514,362,338,574,1144,1177,1811,2741,3490,5246,6060,2442,597,547,543,634,823,988,1218,1523,1609,1881,2374,2872,3263,2797,1814,628,3567,912,109
Ecuador,2006,29180,2602,3094,492,364,327,563,1159,1191,1834,2798,3592,5367,6211,2560,598,561,556,635,828,1006,1235,1563,1673,1919,2407,2960,3344,2867,1879,681,3458,890,124
Ecuador,2007,29711,2517,2985,468,362,315,553,1172,1214,1856,2849,3724,5492,6378,2675,596,576,572,642,832,1024,1257,1592,1751,1973,2439,3053,3426,2952,1933,742,3347,868,139
Ecuador,2008,30332,2438,2892,454,364,306,542,1183,1242,1877,2886,3886,5622,6580,2795,592,591,591,651,834,1043,1282,1604,1844,2042,2476,3146,3521,3059,1991,804,3256,848,157
Ecuador,2009,30932,2346,2772,426,355,296,527,1179,1268,1889,2904,4057,5748,6822,2936,580,599,606,662,834,1055,1303,1601,1940,2117,2520,3228,3632,3190,2067,869,3127,823,178
Ecuador,2010,31590,2260,2668,408,342,287,514,1160,1283,1890,2919,4215,5865,7121,3119,566,594,613,670,830,1060,1317,1602,2021,2194,2572,3293,3767,3354,2178,941,3010,801,202
Ecuador,2011,32263,2176,2565,389,323,282,499,1124,1285,1875,2937,4350,5972,7482,3336,547,577,612,673,820,1055,1326,1611,2079,2271,2632,3340,3930,3552,2321,1015,2888,781,230
Ecuador,2012,32953,2060,2436,376,303,279,488,1082,1282,1858,2960,4474,6083,7887,3569,527,555,605,677,813,1045,1331,1629,2121,2353,2705,3378,4113,3774,2486,1083,2739,767,259
Ecuador,2013,33647,1920,2275,355,286,277,476,1040,1274,1834,2994,4593,6215,8307,3792,507,533,596,678,803,1031,1338,1656,2143,2450,2791,3424,4307,4000,2650,1142,2561,753,284
Ecuador,2014,34397,1802,2139,337,275,275,466,1004,1272,1816,3038,4728,6381,8718,3984,491,513,591,681,795,1021,1351,1687,2158,2570,2888,3493,4507,4211,2798,1186,2414,741,302
Ecuador,2015,35248,1710,2029,319,275,277,460,987,1281,1814,3106,4900,6597,9088,4122,480,507,595,686,794,1020,1377,1729,2192,2708,2998,3599,4699,4389,2907,1215,2304,737,311
Ecuador,2016,36497,1641,1968,327,309,306,482,1034,1345,1865,3228,5139,6896,9389,4226,500,534,629,716,819,1046,1428,1800,2271,2868,3145,3751,4868,4521,2987,1239,2277,788,316
Ecuador,2017,36929,1580,1865,285,282,276,453,998,1328,1854,3282,5291,7123,9514,4337,480,518,618,710,811,1043,1441,1841,2322,2969,3259,3864,4935,4579,3059,1278,2147,729,326
Ecuador,2018,37501,1527,1799,272,266,268,448,1014,1355,1902,3365,5409,7353,9452,4522,492,522,623,732,835,1067,1457,1908,2381,3028,3414,3939,4879,4573,3159,1363,2065,716,349
Ecuador,2019,37829,1482,1745,263,229,251,438,1038,1385,1974,3440,5411,7500,9164,4859,517,521,619,766,875,1099,1452,1988,2410,3001,3583,3917,4670,4494,3330,1529,1974,689,393
Ecuador,2020,53924,1426,1678,252,201,234,417,1122,1729,2906,5472,9707,12599,12350,5158,513,609,728,1001,1256,1650,2206,3266,4349,5358,6287,6312,6724,5626,3679,1479,1879,651,349
Ecuador,2021,49396,1375,1619,244,192,253,401,1094,1680,2656,5168,8500,10648,11392,5388,531,563,723,957,1142,1514,2113,3055,3795,4705,5339,5309,6016,5376,3762,1626,1811,654,400
Egypt,1950,317511,156629,254001,97372,4280,2881,2965,5493,5372,5740,9320,12798,11074,3018,553,2654,2839,2597,2775,2646,3094,4545,4775,6390,6408,6472,4602,1795,1223,458,95,258281,5846,11
Egypt,1951,314931,154021,246687,92666,5212,2930,3020,5722,5642,6063,9795,13678,12313,3304,553,2754,2968,2727,2915,2790,3273,4804,4991,6775,6903,7055,5258,2190,1114,471,82,251899,5950,10
Egypt,1952,301000,150656,236701,86045,2623,2746,2823,5471,5448,5877,9467,13416,12497,3396,527,2623,2848,2631,2817,2695,3182,4675,4792,6574,6842,7019,5478,2475,921,451,76,239324,5569,8
Egypt,1953,298345,147544,229661,82117,7106,2645,2684,5318,5357,5797,9335,13384,12876,3657,514,2539,2779,2584,2773,2648,3149,4641,4694,6478,6906,7098,5778,2830,827,440,74,236767,5329,7
Egypt,1954,289835,143541,222819,79278,5533,2581,2541,5153,5256,5712,9211,13306,13213,4019,486,2445,2708,2530,2726,2598,3114,4599,4612,6365,6941,7178,6035,3167,852,412,74,228352,5122,6
Egypt,1955,283087,139508,216249,76741,4631,2596,2439,5035,5224,5696,9213,13353,13693,4500,449,2369,2666,2510,2714,2582,3114,4609,4604,6325,7028,7361,6332,3516,984,376,73,220880,5035,5
Egypt,1956,281451,137581,213177,75596,4905,2672,2363,4945,5230,5738,9293,13435,14225,5052,410,2306,2639,2505,2725,2601,3137,4651,4642,6314,7121,7594,6631,3874,1178,337,73,218082,5035,4
Egypt,1957,279398,135225,209439,74214,5097,2816,2306,4850,5224,5753,9421,13576,14845,5680,386,2237,2613,2496,2728,2603,3150,4709,4712,6337,7239,7895,6950,4263,1417,307,79,214536,5122,5
Egypt,1958,277695,132916,205502,72586,5753,3003,2275,4760,5231,5789,9560,13692,15438,6314,379,2173,2587,2491,2740,2622,3167,4772,4788,6363,7329,8190,7248,4640,1674,298,81,211255,5278,5
Egypt,1959,275503,130809,201738,70929,4763,3276,2308,4714,5300,5902,9830,14004,16242,7015,409,2133,2581,2516,2784,2675,3227,4899,4931,6499,7505,8579,7663,5062,1953,333,76,206501,5584,4
Egypt,1960,272705,128466,197358,68892,5136,3362,2343,4581,5272,5912,9910,14066,16720,7564,476,2063,2518,2494,2778,2681,3231,4931,4979,6537,7529,8772,7948,5371,2193,404,72,202494,5705,4
Egypt,1961,272586,126470,193460,66990,5162,3515,2511,4610,5432,6135,10350,14657,17795,8372,579,2073,2537,2559,2873,2783,3352,5138,5212,6839,7818,9255,8540,5860,2512,510,69,198622,6026,5
Egypt,1962,270223,124367,189271,64904,5303,3543,2660,4517,5433,6195,10492,14844,18351,8931,679,2034,2483,2551,2882,2808,3387,5191,5301,6966,7878,9447,8904,6167,2764,614,65,194574,6203,7
Egypt,1963,268160,122661,185801,63140,4965,3533,2849,4438,5428,6257,10635,15058,18901,9491,790,2014,2424,2537,2891,2832,3425,5240,5395,7109,7949,9626,9275,6476,3015,724,66,190766,6382,8
Egypt,1964,266196,120897,182554,61657,5092,3435,3055,4357,5374,6271,10695,15186,19272,9987,909,2010,2347,2497,2877,2832,3439,5251,5444,7199,7987,9715,9557,6752,3235,829,80,187646,6490,8
Egypt,1965,265097,118741,179202,60461,4881,3486,3177,4387,5387,6388,10939,15599,19932,10663,1049,2076,2311,2482,2905,2879,3509,5355,5584,7408,8191,9961,9971,7162,3501,945,104,184083,6663,7
Egypt,1966,265849,117687,177002,59315,4787,3581,3271,4496,5425,6552,11259,16154,20699,11422,1196,2196,2300,2475,2950,2945,3607,5503,5756,7673,8481,10263,10436,7633,3789,1068,128,181789,6852,7
Egypt,1967,268500,117077,175593,58516,4812,3673,3389,4722,5541,6827,11722,16922,21643,12292,1354,2397,2325,2501,3040,3065,3762,5729,5993,8033,8889,10656,10987,8185,4107,1199,155,180405,7062,5
Egypt,1968,272140,116718,174824,58106,4931,3759,3487,4996,5612,7044,12210,17814,22709,13232,1517,2633,2363,2507,3105,3146,3898,5970,6240,8444,9370,11117,11592,8786,4446,1334,183,179755,7246,5
Egypt,1969,276591,116688,174521,57833,5111,3830,3547,5402,5722,7354,12761,18738,23784,14148,1666,2944,2458,2531,3191,3279,4075,6248,6513,8869,9869,11609,12175,9362,4786,1457,209,179632,7377,6
Egypt,1970,279767,116817,174516,57699,5103,3851,3632,5650,5707,7516,13139,19422,24585,14855,1783,3096,2554,2510,3197,3337,4179,6436,6703,9178,10244,11997,12588,9793,5062,1556,227,179619,7483,7
Egypt,1971,282755,117093,174480,57387,5092,3848,3728,5878,5662,7634,13497,20097,25396,15543,1892,3188,2690,2485,3177,3370,4264,6609,6888,9474,10623,12416,12980,10212,5331,1649,243,179572,7576,7
Egypt,1972,284668,117147,173898,56751,4994,3828,3768,6128,5598,7739,13812,20670,26095,16147,1987,3254,2874,2457,3141,3400,4339,6758,7054,9708,10962,12814,13281,10580,5567,1732,255,178892,7596,7
Egypt,1973,285294,116115,171958,55843,4866,3807,3793,6433,5593,7912,14162,21203,26768,16714,2075,3308,3125,2468,3125,3470,4442,6926,7236,9918,11285,13215,13553,10927,5787,1810,265,176824,7600,7
Egypt,1974,283742,114843,169103,54260,4677,3771,3745,6578,5477,7824,14313,21585,27328,17180,2157,3224,3354,2460,3017,3397,4427,6980,7333,10057,11528,13548,13780,11208,5972,1883,274,173780,7516,7
Egypt,1975,281282,113427,165662,52235,4499,3704,3692,6694,5432,7756,14426,21848,27774,17552,2234,3236,3458,2504,2928,3334,4422,7021,7405,10149,11699,13803,13971,11422,6130,1949,285,170161,7396,8
Egypt,1976,278786,111296,161445,50149,4351,3660,3640,6812,5475,7714,14622,22242,28443,18048,2324,3286,3526,2611,2864,3279,4435,7100,7522,10313,11929,14149,14294,11698,6350,2024,300,165796,7300,8
Egypt,1977,277351,108737,156727,47990,4265,3649,3642,6952,5650,7763,15000,22921,29550,18777,2449,3342,3610,2806,2844,3259,4504,7261,7739,10625,12296,14697,14853,12101,6676,2127,322,160992,7291,9
Egypt,1978,275611,106526,152300,45774,4231,3595,3630,7003,5877,7750,15286,23463,30522,19389,2557,3360,3643,3040,2837,3213,4537,7375,7911,10886,12577,15164,15358,12414,6975,2215,342,156531,7225,9
Egypt,1979,274061,104477,148181,43704,4132,3529,3625,6980,6190,7707,15549,24001,31485,20004,2667,3361,3619,3318,2872,3159,4548,7478,8071,11146,12855,15613,15872,12732,7272,2306,361,152313,7154,10
Egypt,1980,271527,101068,142746,41678,4240,3465,3615,7061,6439,7647,15809,24574,32470,20660,2789,3368,3693,3470,2969,3109,4538,7574,8235,11417,13157,16065,16405,13091,7569,2409,380,146986,7080,11
Egypt,1981,273503,96837,136304,39467,4170,3567,3763,7475,7009,7926,16789,26296,34929,22224,3034,3509,3966,3738,3271,3209,4717,8010,8779,12218,14078,17236,17693,14057,8167,2625,409,140474,7330,12
Egypt,1982,267975,93020,129852,36832,4124,3484,3684,7430,7238,7748,16807,26562,35401,22516,3118,3455,3975,3776,3462,3138,4610,7990,8817,12338,14224,17408,17993,14257,8259,2705,413,133976,7168,14
Egypt,1983,261867,89409,123425,34016,3877,3401,3572,7338,7459,7559,16737,26739,35739,22788,3214,3395,3943,3762,3697,3086,4473,7923,8814,12409,14330,17502,18237,14469,8319,2797,417,127302,6973,15
Egypt,1984,258453,84827,116102,31275,4005,3410,3534,7412,7853,7597,17021,27549,36920,23628,3400,3424,3988,3775,4078,3162,4435,8008,9013,12764,14785,18017,18903,15051,8577,2962,438,120107,6944,18
Egypt,1985,253575,80223,108796,28573,3611,3402,3473,7427,8154,7653,17125,28173,37848,24329,3559,3419,4008,3865,4289,3278,4375,7990,9135,13031,15142,18429,19419,15541,8788,3098,461,112407,6875,20
Egypt,1986,249694,75796,101949,26153,3435,3398,3433,7433,8429,7806,17220,28858,38863,25120,3724,3421,4012,3984,4445,3472,4334,7954,9266,13320,15538,18904,19959,16082,9038,3232,492,105384,6831,23
Egypt,1987,243739,71807,95928,24121,3354,3307,3336,7267,8445,7874,16932,28934,39076,25453,3806,3334,3933,3978,4467,3665,4209,7734,9198,13316,15618,19011,20065,16309,9144,3284,522,99282,6643,26
Egypt,1988,235443,67928,90272,22344,3089,3147,3191,6960,8228,7883,16303,28462,38616,25429,3834,3170,3790,3870,4358,3838,4045,7360,8943,13054,15408,18800,19816,16271,9158,3281,553,93361,6338,29
Egypt,1989,233638,63983,84858,20875,2930,3114,3195,6953,8274,8345,16325,29192,39849,26535,4030,3135,3818,3909,4365,4226,4119,7292,9033,13342,15850,19411,20438,16929,9606,3420,610,87788,6309,34
Egypt,1990,228322,60143,79651,19508,2660,2987,3127,6764,8243,8513,15901,29177,40134,26988,4133,3022,3742,3855,4388,4342,4171,7054,8847,13280,15897,19546,20588,17152,9836,3482,651,82311,6114,39
Egypt,1991,224629,56673,74781,18108,2465,2861,3079,6642,8274,8766,15594,29370,40788,27683,4285,2947,3695,3808,4466,4425,4341,6894,8700,13307,16063,19849,20939,17512,10171,3590,695,77246,5940,43
Egypt,1992,226040,54356,71063,16707,2513,2834,3112,6696,8481,9314,15667,30268,42473,29025,4546,2967,3729,3867,4614,4597,4717,6920,8747,13660,16608,20650,21823,18270,10755,3801,745,73576,5946,49
Egypt,1993,224989,51298,66594,15296,2266,2720,3072,6632,8548,9815,15638,30884,43870,30122,4775,2946,3686,3875,4673,4680,5135,6950,8688,13876,17008,21300,22570,18878,11244,3997,778,68860,5792,54
Egypt,1994,221504,48096,62164,14068,2127,2587,2993,6482,8479,10169,15437,30897,44503,30675,4932,2901,3581,3836,4643,4618,5551,6976,8461,13793,17104,21568,22935,19165,11510,4139,793,64291,5580,59
Egypt,1995,217398,44842,57481,12639,2005,2424,2879,6316,8375,10442,15346,30720,45029,31209,5105,2849,3467,3776,4599,4658,5784,7120,8226,13596,17124,21773,23256,19454,11755,4292,813,59486,5303,65
Egypt,1996,216047,41920,53330,11410,1874,2322,2786,6249,8351,10799,15635,30893,46182,32192,5365,2836,3413,3762,4589,4787,6012,7508,8127,13528,17365,22267,23915,20042,12150,4512,853,55204,5108,71
Egypt,1997,214371,39498,49817,10319,1747,2205,2675,6149,8270,10982,16007,30817,47030,32990,5607,2795,3354,3714,4556,4838,6144,8009,7998,13331,17486,22595,24435,20529,12461,4708,899,51564,4880,78
Egypt,1998,218749,37606,47000,9394,1615,2162,2647,6257,8444,11408,17134,31684,49419,34875,6021,2836,3421,3766,4678,5016,6392,8929,8205,13530,18154,23650,25769,21707,13168,5042,979,48615,4809,86
Egypt,1999,220511,35575,44205,8630,1596,2086,2563,6270,8480,11485,18294,31933,51008,36197,6306,2824,3446,3742,4738,5094,6391,9871,8423,13476,18457,24322,26686,22545,13652,5264,1042,45801,4649,93
Egypt,2000,218464,33696,41674,7978,1449,1971,2419,6129,8316,11528,18890,31376,51426,36751,6440,2732,3397,3636,4680,5058,6470,10273,8617,13136,18240,24423,27003,22895,13856,5356,1084,43123,4390,97
Egypt,2001,218898,32278,39685,7407,1373,1878,2310,6022,8244,11714,19688,31103,52364,37766,6646,2642,3380,3579,4665,5048,6666,10606,9082,12963,18140,24764,27600,23521,14245,5507,1139,41058,4188,103
Egypt,2002,219649,30928,37869,6941,1270,1784,2210,5910,8176,11842,20598,30841,53323,38859,6852,2557,3353,3541,4635,5046,6796,10849,9749,12832,18009,25128,28195,24195,14664,5662,1190,39139,3994,110
Egypt,2003,227278,29899,36441,6542,1210,1745,2191,5999,8398,12356,22340,31728,56124,41331,7287,2558,3441,3649,4749,5235,7121,11380,10960,13278,18450,26352,29772,25729,15602,6007,1280,37651,3936,123
Egypt,2004,228458,28738,34935,6197,1156,1650,2097,5859,8331,12441,23374,31715,56932,42389,7447,2459,3400,3647,4684,5262,7179,11374,12000,13499,18216,26591,30341,26382,16007,6134,1313,36091,3747,131
Egypt,2005,228788,27970,33873,5903,1076,1548,1996,5652,8209,12430,24149,31778,57186,43187,7568,2337,3315,3624,4585,5235,7195,11611,12538,13902,17876,26499,30687,26861,16326,6238,1330,34949,3544,137
Egypt,2006,229966,27171,32795,5624,1059,1454,1900,5444,8124,12406,24899,32293,57536,44186,7727,2236,3208,3609,4515,5221,7185,11946,12953,14649,17644,26394,31142,27442,16744,6378,1349,33854,3354,141
Egypt,2007,232401,26732,32112,5380,962,1377,1808,5258,8075,12416,25546,33317,58070,45385,7930,2144,3114,3591,4484,5204,7212,12211,13335,15777,17540,26320,31750,28123,17262,6555,1375,33074,3185,144
Egypt,2008,234439,26080,31247,5167,911,1303,1714,5069,8028,12388,25933,34715,58363,46497,8125,2057,3012,3562,4466,5155,7233,12374,13559,17141,17574,26101,32262,28737,17760,6726,1399,32158,3017,145
Egypt,2009,237925,25586,30563,4977,883,1233,1628,4879,8018,12420,26172,36885,58804,47909,8380,1975,2904,3534,4484,5111,7309,12555,13617,18867,18018,25960,32844,29540,18369,6948,1432,31446,2861,147
Egypt,2010,240456,25774,30588,4814,850,1165,1537,4663,7938,12340,26605,38567,58569,48907,8581,1888,2775,3462,4476,5030,7310,12638,13967,19877,18690,25615,32954,30086,18821,7122,1459,31438,2702,147
Egypt,2011,241411,25566,30323,4757,829,1107,1445,4451,7781,12209,26877,40082,57834,49576,8746,1801,2650,3340,4441,4938,7271,12566,14311,20450,19632,25141,32693,30436,19140,7270,1476,31152,2552,146
Egypt,2012,246227,25589,30205,4616,762,1054,1371,4285,7724,12261,27472,42511,58084,51195,9141,1725,2560,3267,4457,4943,7318,12718,14754,21180,21331,25170,32914,31382,19813,7590,1551,30967,2425,156
Egypt,2013,251836,25669,30331,4662,786,1031,1322,4167,7698,12360,28059,45177,58504,52764,9472,1668,2499,3213,4485,4999,7361,12918,15141,21750,23427,25480,33024,32307,20457,7880,1592,31117,2353,159
Egypt,2014,251715,25263,29793,4530,735,960,1224,3916,7431,12105,27931,46746,57909,53118,9682,1555,2361,3050,4381,4931,7174,12835,15096,21480,25266,25645,32264,32411,20707,8039,1643,30528,2184,169
Egypt,2015,260619,24650,29170,4520,751,951,1200,3861,7450,12380,28946,50045,60187,55326,10178,1522,2339,3013,4437,5089,7291,13256,15690,22756,27289,27414,32773,33572,21754,8465,1713,29921,2151,175
Egypt,2016,255192,22500,26885,4385,739,882,1106,3557,6998,11944,28236,50354,59811,54395,10120,1389,2168,2808,4190,4941,7003,12919,15317,22901,27453,28268,31543,32748,21647,8425,1695,27624,1988,167
Egypt,2017,252329,21442,25633,4191,727,826,1028,3296,6605,11586,27623,50424,60397,53816,10201,1280,2016,2630,3975,4801,6785,12592,15031,22896,27528,29767,30630,32054,21762,8481,1720,26360,1854,165
Egypt,2018,260959,20517,24415,3898,751,815,1001,3190,6524,11813,28319,52650,64753,55754,10798,1236,1954,2583,3941,4883,6930,12817,15502,23876,28774,33165,31588,32793,22961,8966,1832,25166,1816,171
Egypt,2019,273820,19374,23063,3689,765,827,998,3148,6541,12270,29523,55369,71400,58214,11523,1219,1929,2583,3958,5040,7230,13223,16300,25210,30159,37712,33688,33826,24388,9566,1957,23828,1825,179
Egypt,2020,289539,18598,22078,3480,778,732,842,2680,6051,12583,31824,62980,77985,59208,11622,1026,1654,2337,3714,5056,7527,13756,18068,28097,34883,42264,35721,33891,25317,9682,1940,22856,1574,177
Egypt,2021,319313,17925,21211,3286,795,749,1057,3103,6725,13957,35623,71911,88053,63415,12526,1242,1861,2644,4081,5525,8432,15145,20478,31802,40109,47321,40732,35930,27485,10466,2060,22006,1806,187
El Salvador,1950,22571,6741,9638,2897,830,494,988,2110,1606,1170,1176,1613,1894,927,116,1125,985,861,745,612,558,573,603,740,873,967,927,639,288,92,24,10468,1482,1
El Salvador,1951,23248,7038,10194,3156,915,551,953,1983,1577,1198,1225,1649,1938,952,112,1048,935,836,741,623,575,595,630,759,890,992,946,655,297,92,20,11109,1504,2
El Salvador,1952,22827,7231,10492,3261,865,498,841,1744,1448,1136,1195,1618,1912,966,109,914,830,761,687,586,550,576,619,744,874,971,941,664,302,91,18,11357,1339,2
El Salvador,1953,23064,7456,10865,3409,887,517,797,1612,1388,1126,1211,1636,1927,991,108,839,773,727,661,577,549,579,632,753,883,974,953,683,308,91,17,11752,1314,2
El Salvador,1954,23289,7663,11194,3531,918,532,757,1502,1336,1114,1226,1652,1939,1011,106,778,724,697,639,566,548,581,645,762,890,976,963,697,314,92,14,12112,1289,1
El Salvador,1955,23470,7859,11482,3623,949,536,722,1420,1290,1106,1236,1657,1938,1025,109,732,688,666,624,559,547,583,653,766,891,975,963,704,321,94,15,12431,1258,1
El Salvador,1956,23582,8040,11739,3699,969,527,688,1356,1249,1097,1239,1649,1928,1033,105,698,658,637,612,554,543,584,655,765,884,972,956,705,328,93,12,12708,1215,1
El Salvador,1957,23639,8212,11976,3764,971,511,656,1309,1210,1087,1237,1632,1911,1037,103,672,637,607,603,548,539,584,653,759,873,966,945,705,332,92,11,12947,1167,1
El Salvador,1958,23628,8355,12171,3816,951,489,629,1279,1170,1073,1225,1611,1889,1041,102,655,624,580,590,541,532,579,646,753,858,957,932,704,337,91,11,13122,1118,0
El Salvador,1959,23521,8441,12296,3855,909,471,607,1246,1130,1051,1209,1586,1865,1043,103,637,609,557,573,529,522,572,637,743,843,944,921,703,340,92,11,13205,1078,0
El Salvador,1960,23420,8556,12433,3877,845,459,594,1225,1093,1025,1186,1560,1842,1048,105,624,601,540,553,515,510,560,626,731,829,929,913,704,344,94,11,13278,1053,0
El Salvador,1961,23357,8689,12577,3888,777,453,587,1215,1060,996,1162,1540,1825,1056,109,616,599,529,531,498,498,546,616,721,819,914,911,707,349,98,11,13354,1040,0
El Salvador,1962,23326,8802,12701,3899,726,448,581,1197,1029,977,1147,1533,1810,1063,113,602,595,522,507,486,491,537,610,716,817,900,910,709,354,102,11,13427,1029,0
El Salvador,1963,23450,8944,12849,3905,697,442,566,1166,1009,960,1140,1546,1834,1119,124,582,584,520,489,476,484,532,608,720,826,899,935,742,377,111,13,13546,1008,0
El Salvador,1964,23585,8973,12894,3921,715,429,546,1124,1001,961,1151,1587,1859,1183,137,558,566,518,483,473,488,536,615,738,849,905,954,776,407,122,15,13609,975,0
El Salvador,1965,23882,8973,12890,3917,804,416,526,1076,1010,990,1195,1663,1897,1260,154,535,541,514,496,486,504,556,639,772,891,928,969,809,451,135,19,13694,942,1
El Salvador,1966,24162,8931,12815,3884,947,388,487,1002,1017,1034,1256,1763,1932,1344,175,502,500,502,515,506,528,587,669,819,944,960,972,835,509,154,21,13762,875,1
El Salvador,1967,24585,8873,12717,3844,1153,368,450,933,1033,1096,1325,1879,1976,1443,211,470,463,489,544,536,560,624,701,875,1004,1007,969,861,582,185,26,13870,818,1
El Salvador,1968,24980,8770,12556,3786,1380,351,417,869,1042,1162,1389,1985,2018,1547,265,443,426,472,570,566,596,659,730,926,1059,1058,960,886,661,231,34,13936,768,2
El Salvador,1969,25250,8651,12368,3717,1557,339,390,815,1034,1212,1426,2061,2061,1643,345,419,396,450,584,591,621,682,744,964,1097,1107,954,907,736,297,48,13925,729,3
El Salvador,1970,25255,8535,12169,3634,1604,329,372,769,1003,1231,1414,2077,2100,1727,459,401,368,424,579,600,631,678,736,977,1100,1142,958,924,803,389,70,13773,701,4
El Salvador,1971,24764,8477,12035,3558,1502,326,367,742,954,1220,1374,2040,2123,1631,443,391,351,400,554,590,630,661,713,964,1076,1152,971,891,740,375,68,13537,693,5
El Salvador,1972,24219,8487,11976,3489,1311,322,373,725,902,1190,1317,1972,2138,1561,421,388,337,380,522,572,618,633,684,933,1039,1144,994,865,696,354,67,13287,695,5
El Salvador,1973,23647,8479,11922,3443,1109,322,388,715,852,1145,1258,1891,2141,1507,392,388,327,365,487,545,600,604,654,894,997,1127,1014,846,661,325,67,13031,710,6
El Salvador,1974,23174,8462,11863,3401,933,324,412,718,820,1113,1213,1822,2126,1462,360,394,324,358,462,525,588,582,631,859,963,1099,1027,835,627,293,67,12796,736,5
El Salvador,1975,22829,8422,11782,3360,806,329,447,733,808,1096,1199,1779,2088,1423,330,405,328,361,447,511,585,578,621,836,943,1063,1025,828,595,264,66,12588,776,5
El Salvador,1976,22621,8368,11681,3313,727,332,490,763,820,1093,1218,1759,2039,1390,305,423,340,375,445,505,588,590,628,826,933,1027,1012,824,566,243,62,12408,822,5
El Salvador,1977,22500,8304,11556,3252,679,333,538,801,842,1100,1254,1749,1990,1365,286,447,354,392,450,505,595,611,643,823,926,996,994,823,542,227,59,12235,871,5
El Salvador,1978,22422,8212,11397,3185,649,332,584,846,873,1110,1303,1750,1955,1348,267,472,374,411,462,508,602,639,664,827,923,976,979,826,522,214,53,12046,916,5
El Salvador,1979,22573,8137,11298,3161,654,335,626,903,916,1136,1367,1775,1963,1343,250,505,398,433,483,521,615,675,692,841,934,980,983,833,510,203,47,11952,961,5
El Salvador,1980,26175,8532,12547,4015,1049,480,759,1178,1138,1368,1644,2071,2272,1427,239,644,534,546,592,631,737,813,831,984,1087,1155,1117,901,526,195,44,13596,1239,5
El Salvador,1981,22346,7765,10639,2874,573,300,654,1062,1047,1265,1485,1775,1996,1330,218,591,471,489,558,599,666,743,742,852,923,1010,986,829,501,179,39,11212,954,5
El Salvador,1982,22531,7631,10671,3040,666,328,628,1060,1008,1193,1477,1826,2106,1356,208,586,474,473,535,561,632,729,748,876,950,1072,1034,846,510,172,36,11337,956,4
El Salvador,1983,20918,7069,9626,2557,503,264,560,1029,969,1156,1422,1752,2072,1355,204,569,460,449,520,552,604,698,724,844,908,1054,1018,839,516,169,35,10129,824,4
El Salvador,1984,20180,6695,9078,2383,476,254,511,998,918,1100,1386,1754,2108,1392,203,549,449,424,494,530,570,669,717,844,910,1071,1037,859,533,170,33,9554,765,4
El Salvador,1985,19408,6279,8466,2187,451,249,472,969,871,1060,1354,1759,2112,1429,210,528,441,402,469,512,548,641,713,847,912,1069,1043,879,550,175,35,8917,721,4
El Salvador,1986,19313,5895,7944,2049,508,312,501,1039,911,1094,1377,1813,2109,1481,220,561,478,427,484,534,560,642,735,874,939,1063,1046,907,574,185,35,8452,813,4
El Salvador,1987,18055,5534,7293,1759,412,250,428,922,821,1028,1314,1790,2038,1526,231,489,433,384,437,500,528,600,714,859,931,1016,1022,928,598,195,36,7705,678,4
El Salvador,1988,17409,5184,6755,1571,392,252,415,882,791,1001,1284,1809,2002,1580,242,460,422,374,417,483,518,577,707,866,943,991,1011,956,624,205,37,7147,667,4
El Salvador,1989,17120,4763,6154,1391,364,254,429,917,844,1085,1314,1850,2006,1650,254,472,445,400,444,527,558,591,723,886,964,988,1018,995,655,215,39,6518,683,4
El Salvador,1990,16379,4334,5553,1219,333,251,417,841,795,1022,1267,1876,2046,1713,262,428,413,381,414,488,534,563,704,892,984,1003,1043,1033,680,223,39,5886,668,4
El Salvador,1991,15910,3935,5001,1066,303,246,423,806,791,1011,1251,1905,2129,1772,271,410,396,381,410,478,533,558,693,900,1005,1046,1083,1068,704,229,42,5304,669,4
El Salvador,1992,15544,3564,4490,926,274,239,434,782,800,1009,1245,1934,2239,1819,278,402,380,385,415,475,534,560,685,903,1031,1103,1136,1096,723,236,42,4764,673,4
El Salvador,1993,15236,3214,4017,803,249,230,443,763,817,1014,1248,1960,2359,1851,287,396,367,391,426,476,538,569,679,905,1055,1166,1193,1114,737,242,45,4266,673,4
El Salvador,1994,15061,2919,3613,694,227,220,446,753,833,1016,1266,1993,2501,1897,294,396,357,397,436,476,540,585,681,905,1088,1240,1261,1143,754,249,45,3840,666,4
El Salvador,1995,15115,2840,3506,666,226,208,440,740,838,1010,1286,2016,2620,1918,299,394,346,397,441,472,538,599,687,900,1116,1297,1323,1160,758,254,45,3732,648,4
El Salvador,1996,14949,2644,3244,600,222,200,426,732,835,1005,1316,2031,2699,1928,309,390,342,391,444,471,534,613,703,893,1138,1330,1369,1172,756,263,46,3466,626,4
El Salvador,1997,14752,2447,2987,540,217,193,407,723,820,995,1345,2037,2753,1939,327,386,337,379,441,468,527,623,722,885,1152,1349,1404,1182,757,279,48,3204,600,5
El Salvador,1998,14944,2334,2871,537,259,208,399,742,831,1010,1394,2060,2814,1991,360,393,349,380,451,479,531,641,753,889,1171,1372,1442,1217,774,305,55,3130,607,6
El Salvador,1999,14579,2131,2572,441,207,177,358,713,787,979,1396,2041,2848,2082,411,376,337,355,432,465,514,634,762,880,1161,1385,1463,1269,813,343,68,2779,535,7
El Salvador,2000,14650,1954,2353,399,197,167,334,710,772,977,1408,2046,2922,2260,494,371,339,347,425,466,511,637,771,886,1160,1416,1506,1366,894,405,89,2550,501,8
El Salvador,2001,15540,1787,2208,421,252,220,364,798,835,1037,1463,2110,3073,2549,620,414,384,382,453,495,542,665,798,926,1184,1486,1587,1520,1029,497,123,2460,584,11
El Salvador,2002,15270,1580,1908,328,169,148,295,708,755,987,1405,2076,3141,2874,786,362,346,342,413,467,520,638,767,919,1157,1498,1643,1680,1194,615,171,2077,443,15
El Salvador,2003,15952,1434,1751,317,170,150,292,721,770,1014,1410,2114,3273,3264,998,363,358,355,415,477,537,644,766,946,1168,1534,1739,1861,1403,758,240,1921,442,25
El Salvador,2004,16367,1285,1549,264,143,135,277,692,754,1011,1395,2134,3373,3630,1235,342,350,351,403,473,538,636,759,960,1174,1539,1834,2004,1626,915,320,1692,412,44
El Salvador,2005,16967,1182,1431,249,144,140,281,679,765,1025,1403,2165,3459,3930,1481,327,352,360,405,477,548,640,763,976,1189,1529,1930,2097,1833,1070,411,1575,421,64
El Salvador,2006,17315,1082,1294,212,130,140,285,653,765,1026,1409,2186,3495,4130,1712,309,344,363,402,477,549,642,767,984,1202,1497,1998,2130,2000,1207,505,1424,425,87
El Salvador,2007,17685,1002,1194,192,126,147,293,627,774,1027,1432,2207,3517,4279,1941,292,335,369,405,476,551,651,781,990,1217,1464,2053,2147,2132,1341,600,1320,440,119
El Salvador,2008,17585,946,1127,181,122,154,304,603,780,1037,1471,2235,3508,4215,1898,281,322,373,407,479,558,668,803,1006,1229,1448,2060,2131,2084,1331,567,1249,458,133
El Salvador,2009,17791,898,1085,187,135,169,317,588,797,1055,1532,2281,3541,4234,1915,276,312,381,416,484,571,698,834,1033,1248,1465,2076,2183,2051,1358,557,1220,486,143
El Salvador,2010,17912,842,999,157,104,153,306,545,763,1039,1563,2313,3600,4362,2011,262,283,361,402,468,571,711,852,1054,1259,1495,2105,2298,2064,1439,572,1103,459,152
El Salvador,2011,18441,807,956,149,93,141,294,518,737,1037,1609,2373,3739,4618,2170,257,261,346,391,458,579,731,878,1085,1288,1561,2178,2477,2141,1563,607,1049,435,157
El Salvador,2012,18978,762,900,138,81,127,277,497,705,1037,1658,2440,3902,4902,2299,255,242,324,381,449,588,751,907,1118,1322,1636,2266,2661,2241,1667,632,981,404,156
El Salvador,2013,19363,727,858,131,76,114,262,485,680,1046,1710,2513,4060,5092,2320,255,230,305,375,446,600,773,937,1151,1362,1707,2353,2775,2317,1684,636,934,376,147
El Salvador,2014,19376,695,820,125,71,108,252,486,661,1075,1768,2583,4159,5072,2189,259,227,287,374,456,619,797,971,1181,1402,1757,2402,2756,2316,1582,607,891,360,131
El Salvador,2015,18892,659,778,119,72,109,247,501,658,1127,1829,2644,4141,4750,1922,265,236,276,382,484,643,824,1005,1212,1432,1774,2367,2577,2173,1377,545,850,356,113
El Salvador,2016,18181,610,721,111,74,116,249,525,663,1191,1885,2693,4040,4283,1639,272,253,269,394,523,668,849,1036,1239,1454,1764,2276,2321,1962,1163,476,795,365,97
El Salvador,2017,17911,570,676,106,79,120,246,540,662,1238,1942,2753,4000,4042,1518,273,267,264,398,553,685,873,1069,1271,1482,1767,2233,2185,1857,1069,449,755,366,93
El Salvador,2018,18542,536,635,99,82,111,223,518,631,1217,1984,2850,4158,4337,1685,258,260,257,374,539,678,884,1100,1318,1532,1820,2338,2328,2009,1184,501,717,334,109
El Salvador,2019,21075,513,607,94,85,85,180,445,558,1097,2008,3007,4714,5703,2424,222,223,241,317,460,637,878,1130,1384,1623,1963,2751,3003,2700,1711,713,692,265,162
El Salvador,2020,23939,491,582,91,84,75,178,464,602,1234,2404,3687,5518,6426,2517,222,242,263,339,510,724,1035,1369,1661,2026,2433,3085,3390,3036,1829,688,666,253,161
El Salvador,2021,24811,474,565,91,80,75,175,477,623,1273,2527,3888,5737,6667,2560,223,254,277,346,522,751,1076,1451,1770,2118,2546,3191,3559,3108,1885,675,645,250,161
Equatorial Guinea,1950,2837,854,1292,438,108,59,60,140,141,144,184,283,304,111,7,69,71,71,70,72,72,84,100,129,154,165,139,79,32,7,0,1400,119,0
Equatorial Guinea,1951,2886,863,1326,463,110,59,60,143,144,144,184,285,307,114,8,69,74,74,70,72,72,84,100,130,155,166,141,81,33,8,0,1436,119,0
Equatorial Guinea,1952,2910,864,1340,476,110,59,60,143,147,144,184,285,310,120,9,69,74,74,73,72,72,84,100,130,155,167,143,86,34,8,1,1450,119,0
Equatorial Guinea,1953,2938,866,1352,486,113,59,60,145,150,150,184,287,312,123,9,70,75,75,75,75,75,84,100,130,157,168,144,89,34,8,1,1465,119,0
Equatorial Guinea,1954,2953,868,1356,488,115,59,60,145,150,150,184,286,313,126,9,70,75,75,75,75,75,84,100,129,157,168,145,91,35,9,0,1471,119,0
Equatorial Guinea,1955,2970,869,1357,488,120,59,60,145,150,151,185,288,318,130,9,70,75,75,75,75,76,85,100,129,159,171,147,94,36,9,0,1477,119,0
Equatorial Guinea,1956,2980,870,1356,486,123,62,60,145,150,151,184,285,320,134,9,70,75,75,75,75,76,85,99,128,157,172,148,95,39,9,0,1479,122,0
Equatorial Guinea,1957,2995,872,1358,486,127,63,60,145,150,152,187,284,322,136,10,70,75,75,75,76,76,86,101,128,156,173,149,96,40,9,1,1485,123,0
Equatorial Guinea,1958,3007,874,1359,485,129,63,61,145,151,153,188,284,324,139,10,70,75,75,76,77,76,87,101,128,156,174,150,97,42,9,1,1488,124,0
Equatorial Guinea,1959,3020,877,1361,484,130,64,61,145,152,154,189,282,328,144,12,70,75,75,77,77,77,88,101,127,155,176,152,99,45,11,1,1491,125,0
Equatorial Guinea,1960,3038,881,1364,483,130,66,62,145,152,157,190,283,330,145,12,70,75,75,77,80,77,89,101,128,155,177,153,100,45,11,1,1494,128,0
Equatorial Guinea,1961,3052,886,1368,482,130,68,63,145,154,158,190,282,332,146,12,70,75,75,79,80,78,89,101,127,155,177,155,101,45,11,1,1498,131,0
Equatorial Guinea,1962,3076,894,1378,484,131,70,64,145,157,160,191,284,333,148,13,70,75,77,80,80,80,89,102,129,155,177,156,102,46,12,1,1509,134,0
Equatorial Guinea,1963,3096,904,1389,485,131,72,64,147,159,160,191,284,336,151,13,72,75,79,80,80,80,89,102,129,155,177,159,104,47,12,1,1520,136,0
Equatorial Guinea,1964,3128,917,1404,487,131,74,66,148,160,161,193,284,337,153,14,73,75,80,80,80,81,90,103,129,155,177,160,105,48,13,1,1535,140,0
Equatorial Guinea,1965,3154,931,1421,490,131,74,69,149,159,162,197,284,337,157,16,74,75,79,80,80,82,92,105,129,155,176,161,107,50,14,2,1552,143,0
Equatorial Guinea,1966,3193,949,1445,496,131,74,71,150,160,164,199,285,337,159,16,74,76,80,80,82,82,93,106,130,155,176,161,109,50,14,2,1576,145,0
Equatorial Guinea,1967,3231,967,1469,502,132,74,73,153,160,165,199,285,339,161,17,75,78,80,80,82,83,93,106,130,155,177,162,110,51,15,2,1601,147,0
Equatorial Guinea,1968,3279,988,1496,508,133,74,76,158,164,171,202,290,339,163,17,78,80,80,84,85,86,95,107,134,156,177,162,112,51,15,2,1629,150,0
Equatorial Guinea,1969,5060,1061,1737,676,310,236,230,413,413,376,357,391,398,181,17,204,209,205,208,194,182,180,177,189,202,210,188,125,56,15,2,2047,466,0
Equatorial Guinea,1970,5040,1059,1735,676,309,236,230,419,408,374,355,386,391,179,17,210,209,202,206,193,181,180,175,188,198,207,184,123,56,15,2,2044,466,0
Equatorial Guinea,1971,4102,1016,1605,589,221,153,152,292,279,265,272,329,350,167,17,148,144,139,140,135,130,135,137,156,173,184,166,114,53,15,2,1826,305,0
Equatorial Guinea,1972,3277,968,1471,503,141,83,85,176,172,174,206,280,313,155,17,91,85,85,87,87,87,98,108,129,151,164,149,105,50,15,2,1612,168,0
Equatorial Guinea,1973,3168,939,1428,489,139,79,81,174,162,170,196,269,303,149,16,90,84,80,82,85,85,93,103,124,145,159,144,100,49,14,2,1567,160,0
Equatorial Guinea,1974,3388,920,1423,503,169,108,107,222,201,198,217,278,300,146,17,115,107,101,100,100,98,105,112,131,147,158,142,99,47,15,2,1592,215,0
Equatorial Guinea,1975,3753,905,1437,532,217,151,145,290,261,246,250,293,304,145,17,147,143,131,130,126,120,123,127,139,154,162,142,99,46,15,2,1654,296,0
Equatorial Guinea,1976,4591,905,1510,605,313,236,222,438,382,345,322,335,324,147,16,220,218,194,188,178,167,162,160,164,171,175,149,100,47,14,2,1823,458,0
Equatorial Guinea,1977,3078,828,1280,452,160,103,99,210,187,180,197,250,267,129,14,104,106,95,92,90,90,95,102,118,132,142,125,87,42,12,2,1440,202,0
Equatorial Guinea,1978,3018,811,1249,438,157,102,97,210,185,179,193,244,264,125,14,102,108,95,90,90,89,93,100,115,129,140,124,83,42,12,2,1406,199,0
Equatorial Guinea,1979,2856,830,1293,463,138,69,66,154,140,145,179,252,279,129,14,74,80,71,69,70,75,84,95,117,135,148,131,87,42,12,2,1431,135,0
Equatorial Guinea,1980,2498,784,1160,376,103,57,57,130,123,122,153,217,244,118,14,64,66,63,60,60,62,72,81,101,116,129,115,79,39,12,2,1263,114,0
Equatorial Guinea,1981,2550,803,1181,378,103,57,57,134,125,123,156,222,251,124,14,64,70,65,60,60,63,73,83,102,120,132,119,83,41,12,2,1284,114,0
Equatorial Guinea,1982,2647,835,1225,390,104,59,59,137,134,130,161,232,262,130,14,67,70,69,65,64,66,75,86,106,126,138,124,87,43,12,2,1329,118,0
Equatorial Guinea,1983,2779,878,1285,407,109,62,63,143,139,132,169,243,276,136,15,69,74,74,65,65,67,79,90,111,132,144,132,91,45,13,2,1394,125,0
Equatorial Guinea,1984,2946,938,1355,417,112,63,67,158,160,143,177,254,288,142,22,78,80,84,76,71,72,83,94,116,138,149,139,95,47,16,6,1467,130,1
Equatorial Guinea,1985,3067,1003,1430,427,112,63,69,166,164,150,179,258,293,150,26,81,85,85,79,75,75,84,95,119,139,154,139,99,51,20,6,1542,132,2
Equatorial Guinea,1986,3190,1057,1502,445,113,63,70,176,175,154,184,262,299,155,28,86,90,90,85,78,76,86,98,120,142,155,144,102,53,21,7,1615,133,2
Equatorial Guinea,1987,3314,1102,1571,469,116,65,72,183,187,163,189,270,306,160,28,88,95,95,92,83,80,89,100,124,146,160,146,105,55,21,7,1687,137,3
Equatorial Guinea,1988,3407,1137,1629,492,120,65,72,189,198,167,191,272,312,163,29,90,99,100,98,86,81,89,102,125,147,163,149,107,56,21,8,1749,137,3
Equatorial Guinea,1989,3500,1166,1680,514,124,66,72,191,201,174,196,276,319,167,28,91,100,101,100,89,85,92,104,126,150,167,152,110,57,21,7,1804,138,2
Equatorial Guinea,1990,3597,1193,1721,528,129,68,74,197,210,185,201,284,327,173,27,93,104,105,105,96,89,94,107,130,154,172,155,113,60,21,6,1850,142,2
Equatorial Guinea,1991,3693,1218,1759,541,136,69,75,201,220,193,208,290,334,176,27,94,107,110,110,102,91,98,110,134,156,174,160,115,61,21,6,1895,144,2
Equatorial Guinea,1992,3778,1243,1797,554,144,73,77,202,227,202,211,295,341,180,30,94,108,114,113,107,95,100,111,135,160,178,163,118,62,25,5,1941,150,1
Equatorial Guinea,1993,3866,1269,1833,564,151,73,77,206,230,213,215,300,350,186,30,95,111,115,115,113,100,103,112,139,161,183,167,121,65,25,5,1984,150,1
Equatorial Guinea,1994,3971,1297,1872,575,157,78,80,210,240,223,225,309,358,190,32,97,113,120,120,118,105,108,117,143,166,186,172,124,66,25,7,2029,158,1
Equatorial Guinea,1995,4046,1318,1899,581,161,79,81,211,248,232,229,314,364,193,32,97,114,123,125,122,110,111,118,144,170,188,176,126,67,25,7,2060,160,1
Equatorial Guinea,1996,4134,1339,1930,591,166,84,84,213,256,243,237,321,372,198,33,98,115,126,130,126,117,115,122,148,173,193,179,129,69,26,7,2096,168,1
Equatorial Guinea,1997,4195,1355,1949,594,167,87,86,215,257,251,243,325,376,205,33,100,115,127,130,129,122,119,124,149,176,194,182,134,71,26,7,2116,173,1
Equatorial Guinea,1998,4270,1368,1962,594,168,92,86,217,264,263,252,334,384,207,35,101,116,129,135,134,129,124,128,154,180,198,186,135,72,26,9,2130,178,1
Equatorial Guinea,1999,4313,1378,1967,589,168,93,89,217,266,270,263,338,392,212,36,101,116,129,137,137,133,130,133,154,184,203,189,139,73,27,9,2135,182,2
Equatorial Guinea,2000,4347,1384,1968,584,167,95,92,217,267,275,272,344,397,216,36,102,115,129,138,139,136,135,137,159,185,204,193,142,74,27,9,2135,187,3
Equatorial Guinea,2001,4460,1403,1978,575,166,98,97,221,271,285,289,363,425,225,35,105,116,129,142,143,142,144,145,166,197,221,204,148,77,28,7,2144,195,2
Equatorial Guinea,2002,4551,1414,1980,566,166,101,104,225,274,295,301,379,456,235,35,108,117,129,145,148,147,151,150,174,205,238,218,154,81,28,7,2146,205,2
Equatorial Guinea,2003,4653,1426,1982,556,164,102,109,228,273,303,314,396,493,250,35,111,117,129,144,152,151,161,153,184,212,256,237,166,84,28,7,2146,211,2
Equatorial Guinea,2004,4772,1444,1990,546,160,102,117,233,274,311,330,414,532,268,36,115,118,129,145,158,153,171,159,194,220,273,259,179,89,29,7,2150,219,1
Equatorial Guinea,2005,4915,1469,2011,542,156,102,122,243,276,318,344,432,574,294,36,122,121,130,146,162,156,179,165,203,229,288,286,197,97,31,5,2167,224,1
Equatorial Guinea,2006,5045,1496,2035,539,151,101,124,251,272,325,360,445,610,329,38,129,122,130,142,166,159,184,176,206,239,297,313,222,107,33,5,2186,225,1
Equatorial Guinea,2007,5215,1528,2078,550,145,99,125,262,273,332,374,461,647,374,43,136,126,130,143,166,166,186,188,209,252,304,343,253,121,36,7,2223,224,1
Equatorial Guinea,2008,5388,1553,2116,563,141,94,126,272,274,338,389,474,678,430,49,142,130,130,144,164,174,185,204,206,268,308,370,291,139,40,9,2257,220,1
Equatorial Guinea,2009,5625,1572,2149,577,140,93,126,288,283,352,413,497,716,510,58,151,137,134,149,166,186,189,224,210,287,316,400,341,169,50,8,2289,219,1
Equatorial Guinea,2010,5828,1582,2170,588,139,88,124,301,286,361,427,516,744,597,75,155,146,136,150,166,195,191,236,219,297,326,418,392,205,64,11,2309,212,1
Equatorial Guinea,2011,5999,1583,2176,593,145,84,120,306,286,361,435,529,768,695,95,156,150,137,149,164,197,195,240,232,297,343,425,442,253,82,13,2321,204,1
Equatorial Guinea,2012,5962,1527,2100,573,151,81,115,315,293,362,447,539,753,698,103,156,159,142,151,164,198,209,238,255,284,355,398,434,264,86,17,2251,196,3
Equatorial Guinea,2013,5996,1518,2064,546,158,79,115,323,306,367,461,559,748,700,113,156,167,151,155,169,198,224,237,282,277,370,378,426,274,91,22,2222,194,3
Equatorial Guinea,2014,5990,1501,2026,525,163,78,110,327,316,369,473,580,744,685,119,154,173,158,158,173,196,237,236,306,274,379,365,409,276,96,23,2189,188,3
Equatorial Guinea,2015,5940,1480,1985,505,166,80,105,322,319,363,478,595,735,662,127,148,174,162,157,172,191,243,235,313,282,376,359,385,277,101,26,2151,185,4
Equatorial Guinea,2016,5982,1454,1941,487,164,82,101,323,336,372,501,629,745,644,134,145,178,172,164,177,195,252,249,324,305,373,372,367,277,106,28,2105,183,5
Equatorial Guinea,2017,5950,1426,1900,474,160,87,97,318,347,374,514,651,741,616,138,141,177,178,169,177,197,251,263,318,333,357,384,343,273,110,28,2060,184,5
Equatorial Guinea,2018,6005,1394,1853,459,156,92,98,317,372,390,538,692,754,598,143,138,179,192,180,185,205,254,284,320,372,349,405,330,268,115,28,2009,190,5
Equatorial Guinea,2019,5971,1364,1805,441,152,96,97,306,381,392,545,712,756,576,146,132,174,196,185,186,206,248,297,314,398,345,411,318,258,117,29,1957,193,5
Equatorial Guinea,2020,6327,1335,1762,427,146,98,96,291,401,436,625,835,852,621,153,125,166,199,202,204,232,276,349,362,473,401,451,349,272,124,29,1908,194,6
Equatorial Guinea,2021,6501,1296,1706,410,142,99,102,295,435,469,665,900,904,629,151,125,170,213,222,220,249,292,373,401,499,450,454,368,261,124,27,1848,201,5
Eritrea,1950,11806,3489,6151,2662,858,377,338,642,603,500,533,749,771,253,30,323,319,309,294,262,238,247,286,349,400,423,348,173,80,25,5,7009,715,1
Eritrea,1951,11772,3394,6016,2622,882,384,347,662,620,512,538,753,774,258,25,333,329,318,302,269,243,250,288,350,403,422,352,183,75,21,4,6898,731,1
Eritrea,1952,11766,3431,5959,2528,893,389,352,675,628,516,539,751,775,265,25,341,334,323,305,272,244,251,288,348,403,421,354,194,71,22,3,6852,741,1
Eritrea,1953,11793,3465,5937,2472,897,394,357,687,640,526,542,750,770,271,23,347,340,330,310,278,248,252,290,347,403,417,353,204,67,21,2,6834,751,0
Eritrea,1954,11781,3486,5917,2431,890,397,359,693,648,528,540,742,761,278,23,352,341,333,315,280,248,253,287,341,401,413,348,212,66,20,3,6807,756,0
Eritrea,1955,11871,3500,5929,2429,888,405,367,712,662,542,547,745,766,287,22,361,351,341,321,288,254,256,291,342,403,416,350,218,69,20,2,6817,772,0
Eritrea,1956,11930,3508,5945,2437,868,412,372,725,677,551,553,744,765,296,20,367,358,348,329,293,258,261,292,342,402,416,349,221,75,18,2,6813,784,0
Eritrea,1957,11923,3521,5954,2433,849,415,372,731,681,556,553,737,758,299,18,368,363,351,330,296,260,261,292,340,397,413,345,220,79,16,2,6803,787,0
Eritrea,1958,11991,3528,5961,2433,850,417,378,744,695,567,556,734,759,306,18,373,371,356,339,302,265,262,294,340,394,415,344,222,84,16,2,6811,795,0
Eritrea,1959,12054,3537,5968,2431,855,417,383,758,707,578,563,738,760,311,18,379,379,363,344,307,271,266,297,345,393,415,345,223,88,16,2,6823,800,0
Eritrea,1960,12043,3528,5960,2432,854,408,384,761,712,581,565,731,755,309,20,380,381,366,346,309,272,268,297,341,390,412,343,220,89,18,2,6814,792,0
Eritrea,1961,12135,3522,5969,2447,874,402,392,774,729,593,572,736,759,315,21,386,388,375,354,315,278,273,299,345,391,414,345,223,92,19,2,6843,794,0
Eritrea,1962,12234,3533,5988,2455,895,395,397,785,741,606,581,742,762,318,23,391,394,381,360,322,284,278,303,349,393,413,349,224,94,21,2,6883,792,0
Eritrea,1963,12373,3545,6012,2467,922,393,403,801,765,621,594,748,768,320,25,398,403,395,370,330,291,286,308,352,396,415,353,225,95,23,2,6934,796,0
Eritrea,1964,12469,3563,6050,2487,940,393,403,811,774,631,602,751,766,321,26,403,408,399,375,335,296,290,312,354,397,413,353,225,96,24,2,6990,796,0
Eritrea,1965,12658,3589,6098,2509,970,399,405,829,795,648,617,764,774,327,26,413,416,410,385,345,303,299,318,361,403,416,358,230,97,24,2,7068,804,0
Eritrea,1966,12816,3614,6144,2530,997,411,400,843,813,666,632,773,779,332,28,421,422,420,393,355,311,306,326,366,407,418,361,233,99,26,2,7141,811,0
Eritrea,1967,12985,3633,6189,2556,1025,422,395,861,833,678,645,784,785,336,28,430,431,428,405,360,318,313,332,372,412,423,362,237,99,26,2,7214,817,0
Eritrea,1968,13143,3644,6212,2568,1056,434,395,874,852,696,660,797,792,342,28,436,438,436,416,370,326,319,341,378,419,427,365,241,101,26,2,7268,829,0
Eritrea,1969,13323,3643,6212,2569,1094,448,399,893,877,717,680,814,804,348,29,443,450,447,430,381,336,329,351,387,427,436,368,245,103,26,3,7306,847,0
Eritrea,1970,13426,3648,6216,2568,1116,458,401,898,891,732,695,825,809,352,30,441,457,453,438,389,343,337,358,393,432,440,369,247,105,27,3,7332,859,0
Eritrea,1971,13545,3643,6204,2561,1143,471,412,902,907,750,711,840,819,356,30,435,467,460,447,399,351,344,367,402,438,445,374,249,107,27,3,7347,883,0
Eritrea,1972,13667,3630,6181,2551,1170,483,426,908,924,770,730,858,830,360,32,432,476,469,455,410,360,353,377,412,446,451,379,251,109,28,4,7351,909,0
Eritrea,1973,13776,3623,6162,2539,1192,495,436,911,940,787,746,875,841,364,32,430,481,477,463,420,367,362,384,422,453,457,384,253,111,28,4,7354,931,0
Eritrea,1974,13843,3629,6159,2530,1195,499,442,909,948,802,760,885,846,366,33,428,481,481,467,428,374,369,391,428,457,460,386,254,112,29,4,7354,941,0
Eritrea,1975,13902,3642,6165,2523,1194,503,448,903,954,815,770,893,854,368,35,428,475,485,469,436,379,374,396,433,460,465,389,255,113,31,4,7359,951,0
Eritrea,1976,13997,3658,6182,2524,1200,508,456,900,961,825,783,909,864,372,36,436,464,489,472,439,386,381,402,441,468,470,394,258,114,32,4,7382,964,0
Eritrea,1977,14017,3674,6195,2521,1191,508,458,889,960,828,789,918,864,377,36,438,451,489,471,440,388,383,406,444,474,470,394,261,116,32,4,7386,966,0
Eritrea,1978,14248,3686,6203,2517,1227,524,475,907,982,855,812,948,890,388,36,453,454,499,483,452,403,395,417,459,489,485,405,269,119,32,4,7430,999,0
Eritrea,1979,14387,3707,6215,2508,1242,532,484,916,991,869,830,970,903,395,38,463,453,501,490,458,411,403,427,468,502,491,412,274,121,34,4,7457,1016,0
Eritrea,1980,14682,3744,6280,2536,1278,547,500,943,1003,889,855,1003,935,408,38,481,462,503,500,468,421,414,441,484,519,508,427,282,126,34,4,7558,1047,0
Eritrea,1981,14945,3795,6327,2532,1312,561,516,973,1015,910,881,1033,959,417,40,496,477,500,515,478,432,428,453,498,535,523,436,289,128,36,4,7639,1077,0
Eritrea,1982,15122,3850,6394,2544,1320,564,525,991,1013,926,898,1051,977,423,40,506,485,491,522,485,441,437,461,507,544,535,442,294,129,36,4,7714,1089,0
Eritrea,1983,15334,3904,6466,2562,1335,572,533,1012,1013,937,916,1075,1000,434,43,516,496,488,525,491,446,447,469,519,556,549,451,300,134,38,5,7801,1105,0
Eritrea,1984,15459,3933,6509,2576,1337,573,537,1025,1004,944,930,1091,1020,444,43,523,502,482,522,494,450,453,477,526,565,560,460,306,138,38,5,7846,1110,0
Eritrea,1985,15587,3947,6550,2603,1336,575,540,1037,995,951,944,1114,1042,453,44,529,508,481,514,498,453,461,483,536,578,573,469,312,141,39,5,7886,1115,0
Eritrea,1986,15671,3942,6536,2594,1348,581,543,1049,987,955,959,1135,1068,464,47,533,516,486,501,501,454,466,493,546,589,586,482,320,144,41,6,7884,1124,0
Eritrea,1987,15667,3926,6491,2565,1341,579,544,1055,975,960,969,1149,1086,473,48,538,517,489,486,503,457,471,498,551,598,594,492,325,148,42,6,7832,1123,0
Eritrea,1988,15647,3909,6427,2518,1339,579,544,1059,965,958,978,1163,1106,484,50,538,521,490,475,500,458,472,506,557,606,604,502,333,151,43,7,7766,1123,0
Eritrea,1989,16058,3932,6510,2578,1384,595,557,1089,981,987,1020,1220,1162,505,50,552,537,505,476,511,476,492,528,583,637,634,528,347,158,43,7,7894,1152,0
Eritrea,1990,15456,3768,6146,2378,1321,576,545,1060,953,948,993,1199,1157,507,46,538,522,493,460,487,461,477,516,572,627,629,528,348,159,42,4,7467,1121,0
Eritrea,1991,15154,3634,5916,2282,1284,566,536,1044,940,923,991,1210,1177,522,46,532,512,485,455,465,458,475,516,576,634,638,539,359,163,43,3,7200,1102,0
Eritrea,1992,12630,3006,4831,1825,1062,472,449,874,787,754,836,1038,1021,459,43,445,429,407,380,373,381,399,437,494,544,551,470,315,144,40,3,5893,921,0
Eritrea,1993,12406,2855,4589,1734,1049,470,448,858,776,742,844,1061,1055,478,40,437,421,400,376,363,379,402,442,506,555,570,485,329,149,39,1,5638,918,0
Eritrea,1994,12431,2828,4455,1627,1023,464,452,890,799,744,856,1086,1089,508,61,452,438,413,386,363,381,409,447,516,570,585,504,346,162,50,11,5478,916,3
Eritrea,1995,12165,2683,4204,1521,1014,461,447,871,787,729,862,1105,1116,521,49,443,428,405,382,357,372,411,451,524,581,598,518,357,164,46,3,5218,908,1
Eritrea,1996,12774,2827,4293,1466,986,453,467,993,880,770,894,1148,1179,585,116,501,492,460,420,389,381,429,465,543,605,628,551,390,195,78,38,5279,920,10
Eritrea,1997,12406,2666,4043,1377,978,450,453,950,857,750,896,1161,1198,587,80,479,471,445,412,384,366,431,465,546,615,637,561,395,192,64,16,5021,903,7
Eritrea,1998,12617,2470,3798,1328,975,452,476,1024,943,865,974,1205,1233,604,65,518,506,481,462,453,412,474,500,567,638,655,578,408,196,59,6,4773,928,3
Eritrea,1999,14923,2621,4492,1871,1229,543,555,1181,1092,1045,1170,1437,1448,667,60,597,584,553,539,547,498,568,602,675,762,775,673,455,212,57,3,5721,1098,2
Eritrea,2000,12517,2290,3639,1349,1033,472,472,951,879,781,948,1279,1341,653,66,477,474,452,427,408,373,445,503,593,686,711,630,442,211,60,6,4672,944,1
Eritrea,2001,11658,2100,3209,1109,956,440,445,882,823,740,891,1235,1322,655,62,444,438,422,401,386,354,409,482,570,665,699,623,443,212,58,4,4165,885,1
Eritrea,2002,11915,2108,3146,1038,973,440,459,926,858,768,906,1270,1377,704,84,465,461,441,417,402,366,410,496,585,685,726,651,471,233,71,13,4119,899,3
Eritrea,2003,11780,2067,3043,976,943,428,449,910,845,768,891,1277,1409,729,86,459,451,433,412,401,367,400,491,586,691,742,667,487,242,74,12,3986,877,3
Eritrea,2004,12234,2123,3066,943,938,429,467,982,907,808,915,1323,1481,790,125,494,488,466,441,423,385,411,504,607,716,778,703,521,269,95,30,4004,896,8
Eritrea,2005,12003,2092,3003,911,870,408,444,946,875,799,894,1323,1506,812,118,476,470,449,426,416,383,405,489,606,717,788,718,536,276,94,24,3873,852,7
Eritrea,2006,11702,2027,2900,873,799,391,422,905,843,783,870,1317,1523,831,114,456,449,431,412,407,376,402,468,603,714,792,731,548,283,96,18,3699,813,4
Eritrea,2007,11487,1930,2776,846,760,387,408,866,812,774,857,1326,1558,855,99,436,430,413,399,400,374,402,455,606,720,805,753,565,290,90,9,3536,795,2
Eritrea,2008,11479,1875,2702,827,741,386,402,855,804,780,859,1345,1607,894,104,431,424,409,395,401,379,409,450,611,734,825,782,589,305,95,9,3443,788,1
Eritrea,2009,11301,1849,2620,771,687,362,387,835,780,768,845,1334,1631,930,123,420,415,395,385,395,373,407,438,600,734,831,800,610,320,105,18,3307,749,2
Eritrea,2010,11228,1797,2526,729,669,349,381,818,765,766,850,1341,1672,969,121,410,408,386,379,392,374,412,438,595,746,847,825,634,335,107,14,3195,730,1
Eritrea,2011,10992,1755,2439,684,621,324,367,778,729,750,842,1319,1692,1004,127,390,388,368,361,381,369,408,434,572,747,851,841,655,349,113,14,3060,691,1
Eritrea,2012,10981,1694,2343,649,612,315,369,766,719,751,858,1325,1737,1050,130,384,382,362,357,381,370,415,443,564,761,870,867,685,365,117,13,2955,684,1
Eritrea,2013,10997,1624,2249,625,604,311,374,756,711,758,874,1336,1790,1097,132,381,375,357,354,383,375,423,451,562,774,894,896,716,381,121,11,2853,685,0
Eritrea,2014,10750,1571,2166,595,549,293,355,717,671,735,868,1311,1811,1138,136,362,355,337,334,369,366,419,449,545,766,900,911,740,398,126,10,2715,648,0
Eritrea,2015,10574,1494,2054,560,525,288,346,683,639,719,869,1301,1843,1172,131,348,335,320,319,358,361,419,450,544,757,915,928,762,410,123,8,2579,634,0
Eritrea,2016,10521,1436,1963,527,505,286,338,671,620,714,878,1299,1892,1221,137,347,324,310,310,352,362,421,457,555,744,938,954,791,430,130,7,2468,624,0
Eritrea,2017,10527,1383,1874,491,491,285,331,667,605,712,892,1302,1942,1276,148,352,315,302,303,350,362,427,465,566,736,961,981,822,454,138,10,2365,616,0
Eritrea,2018,10350,1349,1809,460,445,267,314,644,567,687,885,1287,1962,1321,158,344,300,282,285,336,351,422,463,567,720,963,999,845,476,147,11,2254,581,0
Eritrea,2019,10486,1328,1756,428,437,266,321,659,569,691,904,1306,2013,1386,176,353,306,282,287,335,356,430,474,583,723,980,1033,881,505,162,14,2193,587,0
Eritrea,2020,10715,1306,1709,403,410,256,319,655,553,682,941,1426,2121,1452,195,352,303,275,278,329,353,441,500,634,792,1044,1077,915,537,177,18,2119,575,0
Eritrea,2021,11552,1289,1682,393,391,248,322,666,555,733,1074,1662,2338,1655,228,352,314,275,280,341,392,497,577,748,914,1128,1210,1033,622,205,23,2073,570,0
Estonia,1950,7773,282,344,62,27,24,41,109,141,350,669,1286,2428,1974,374,54,55,48,93,140,210,291,378,533,753,1061,1367,1195,779,307,67,371,65,2
Estonia,1951,7782,297,363,66,27,23,39,111,141,347,666,1270,2395,2010,387,55,56,51,90,139,208,291,375,527,743,1041,1354,1222,788,320,67,390,62,6
Estonia,1952,7671,296,363,67,26,22,38,108,133,339,655,1235,2326,2023,392,51,57,52,81,137,202,285,370,512,723,1012,1314,1240,783,321,71,389,60,9
Estonia,1953,7678,281,351,70,26,21,38,107,131,337,657,1226,2296,2074,401,50,57,59,72,137,200,284,373,509,717,1006,1290,1281,793,327,74,377,59,11
Estonia,1954,7676,277,347,70,27,20,38,107,132,331,660,1214,2266,2112,414,48,59,64,68,135,196,286,374,502,712,998,1268,1305,807,337,77,374,58,11
Estonia,1955,7538,280,347,67,28,17,36,101,130,318,646,1183,2200,2098,418,46,55,65,65,129,189,279,367,490,693,972,1228,1287,811,339,79,375,53,10
Estonia,1956,7529,250,318,68,29,18,34,102,134,311,647,1183,2185,2129,425,46,56,68,66,123,188,278,369,492,691,968,1217,1289,840,344,81,347,52,10
Estonia,1957,7567,235,301,66,29,18,33,100,141,303,648,1188,2190,2170,434,45,55,70,71,115,188,277,371,496,692,969,1221,1290,880,350,84,330,51,11
Estonia,1958,7537,231,293,62,30,18,33,96,150,292,642,1184,2177,2174,438,44,52,72,78,103,189,273,369,499,685,961,1216,1268,906,354,84,323,51,11
Estonia,1959,7132,227,283,56,28,18,28,90,159,284,661,1249,2181,1841,305,40,50,72,87,98,186,272,389,525,724,1008,1173,1124,717,247,58,311,46,8
Estonia,1960,6877,223,275,52,27,18,26,82,155,260,623,1192,2100,1811,306,38,44,67,88,90,170,258,365,507,685,961,1139,1090,721,243,63,302,44,6
Estonia,1961,7080,207,261,54,27,19,25,81,160,261,633,1227,2177,1878,329,37,44,67,93,94,167,264,369,523,704,984,1193,1125,753,266,63,288,44,5
Estonia,1962,7477,211,267,56,28,20,26,84,167,269,659,1290,2304,1993,365,40,44,69,98,108,161,273,386,551,739,1038,1266,1195,798,298,67,295,46,5
Estonia,1963,7087,198,250,52,25,19,25,76,155,251,617,1221,2184,1902,355,35,41,63,92,111,140,257,360,521,700,981,1203,1145,757,293,62,275,44,6
Estonia,1964,6934,183,232,49,25,18,26,70,146,242,589,1195,2123,1895,368,31,39,58,88,114,128,245,344,507,688,938,1185,1130,765,305,63,257,44,8
Estonia,1965,7391,165,215,50,25,20,30,73,149,255,617,1269,2251,2066,410,32,41,58,91,127,128,252,365,530,739,991,1260,1220,846,342,68,240,50,10
Estonia,1966,7555,169,216,47,24,20,31,75,148,267,609,1287,2288,2148,431,32,43,56,92,132,135,241,368,531,756,1007,1281,1265,883,354,77,240,51,11
Estonia,1967,7395,169,213,44,23,18,31,70,140,272,568,1254,2230,2127,433,29,41,53,87,131,141,215,353,516,738,980,1250,1255,872,354,79,236,49,11
Estonia,1968,7631,169,212,43,24,17,31,74,140,293,559,1281,2296,2227,463,34,40,54,86,133,160,201,358,524,757,1011,1285,1323,904,378,85,236,48,10
Estonia,1969,8124,164,209,45,26,20,32,76,142,317,577,1358,2440,2400,512,37,39,56,86,139,178,202,375,550,808,1095,1345,1425,975,415,97,235,52,10
Estonia,1970,8125,173,215,42,23,20,33,76,141,327,554,1348,2446,2407,523,39,37,59,82,138,189,191,363,549,799,1110,1336,1425,982,427,96,238,53,10
Estonia,1971,7996,158,200,42,21,18,31,73,134,325,532,1314,2421,2397,518,39,34,56,78,133,192,194,338,536,778,1101,1320,1407,990,426,92,221,49,11
Estonia,1972,8273,172,214,42,22,18,32,77,134,334,535,1338,2496,2505,556,41,36,57,77,134,200,218,317,541,797,1136,1360,1458,1047,453,103,236,50,12
Estonia,1973,8362,170,211,41,21,18,32,78,130,331,534,1333,2529,2550,583,41,37,54,76,130,201,241,293,539,794,1145,1384,1476,1074,473,110,232,50,13
Estonia,1974,8165,177,218,41,20,17,32,79,125,313,513,1274,2485,2495,582,40,39,50,75,120,193,246,267,514,760,1117,1368,1425,1070,473,109,238,49,15
Estonia,1975,8779,169,215,46,20,17,34,89,129,326,555,1350,2687,2696,649,43,46,49,80,122,204,282,273,536,814,1190,1497,1526,1170,524,125,235,51,16
Estonia,1976,9191,166,212,46,21,17,33,94,133,334,600,1378,2819,2836,696,46,48,49,84,123,211,305,295,530,848,1233,1586,1600,1236,561,135,233,50,17
Estonia,1977,9027,169,213,44,21,17,32,92,131,319,620,1303,2779,2783,700,44,48,48,83,117,202,303,317,478,825,1207,1572,1563,1220,559,141,234,49,16
Estonia,1978,9372,162,207,45,22,16,33,97,132,322,672,1304,2880,2920,752,45,52,53,79,120,202,313,359,456,848,1243,1637,1652,1268,593,159,229,49,17
Estonia,1979,9474,187,230,43,22,17,32,94,132,318,698,1281,2906,2957,767,43,51,58,74,123,195,313,385,434,847,1241,1665,1689,1268,606,161,252,49,17
Estonia,1980,9519,169,215,46,22,17,29,96,133,313,723,1246,2917,3008,785,43,53,62,71,125,188,311,412,416,830,1248,1669,1743,1265,625,160,237,46,18
Estonia,1981,9539,174,217,43,22,16,30,93,134,307,738,1215,2909,3040,797,41,52,65,69,126,181,309,429,430,785,1252,1657,1767,1273,636,161,239,46,21
Estonia,1982,9355,180,221,41,20,16,28,90,130,293,719,1162,2837,3012,806,41,49,64,66,121,172,295,424,459,703,1218,1619,1759,1253,640,166,241,44,22
Estonia,1983,9475,180,224,44,20,15,27,90,136,287,715,1160,2859,3097,822,41,49,66,70,114,173,288,427,506,654,1224,1635,1798,1299,650,172,244,42,24
Estonia,1984,10129,161,208,47,21,16,27,94,151,303,751,1240,3040,3367,879,42,52,69,82,115,188,296,455,577,663,1299,1741,1951,1416,694,185,229,43,26
Estonia,1985,10204,170,215,45,21,18,27,92,161,301,741,1258,3042,3422,883,40,52,72,89,111,190,286,455,623,635,1278,1764,1965,1457,692,191,236,45,25
Estonia,1986,9598,179,221,42,19,17,25,83,154,279,682,1223,2796,3228,846,36,47,67,87,100,179,258,424,607,616,1137,1659,1842,1386,662,184,240,42,23
Estonia,1987,9842,181,225,44,22,17,25,85,160,281,684,1323,2769,3350,878,37,48,68,92,100,181,258,426,631,692,1070,1699,1893,1457,690,188,247,42,24
Estonia,1988,10027,161,206,45,22,16,25,84,164,285,684,1419,2743,3449,903,36,48,69,95,109,176,262,422,648,771,1007,1736,1930,1519,713,190,228,41,24
Estonia,1989,9798,147,189,42,21,16,27,80,162,276,659,1439,2627,3397,886,33,47,68,94,115,161,261,398,632,807,932,1695,1881,1516,701,185,210,43,24
Estonia,1990,10081,127,168,41,20,16,26,77,164,287,663,1538,2614,3536,945,32,45,67,97,130,157,273,390,647,891,913,1701,1962,1574,750,195,188,42,26
Estonia,1991,10136,117,154,37,21,16,26,75,164,287,653,1579,2565,3585,985,32,43,66,98,135,152,273,380,646,933,951,1614,1989,1596,778,207,175,42,25
Estonia,1992,10095,112,145,33,21,16,26,72,160,287,641,1582,2520,3599,997,32,40,65,95,138,149,272,369,634,948,1043,1477,1993,1606,800,197,166,42,24
Estonia,1993,10513,97,129,32,21,16,27,71,163,311,653,1642,2621,3780,1057,31,40,66,97,144,167,268,385,643,999,1192,1429,2092,1688,850,207,150,43,21
Estonia,1994,10653,95,123,28,20,16,26,69,159,329,655,1640,2680,3849,1066,33,36,63,96,144,185,256,399,629,1011,1297,1383,2125,1724,855,211,143,42,21
Estonia,1995,9983,86,111,25,19,15,24,63,140,318,603,1504,2539,3609,1020,30,33,54,86,135,183,226,377,563,941,1303,1236,1949,1660,821,199,130,39,20
Estonia,1996,9392,70,91,21,15,14,22,58,127,302,559,1386,2484,3335,982,28,30,48,79,125,177,206,353,510,876,1277,1207,1736,1599,781,201,106,36,19
Estonia,1997,9132,67,85,18,14,13,21,55,118,290,535,1313,2544,3132,994,27,28,44,74,117,173,195,340,480,833,1259,1285,1559,1573,791,203,99,34,20
Estonia,1998,9563,62,81,19,12,13,22,56,119,303,548,1346,2797,3178,1065,26,30,43,76,122,181,215,333,498,848,1326,1471,1521,1657,849,216,93,35,22
Estonia,1999,9010,49,65,16,10,12,20,53,107,282,509,1240,2715,2929,1046,24,29,38,69,112,170,217,292,476,764,1237,1478,1363,1566,829,217,75,32,23
Estonia,2000,9092,52,66,14,10,12,20,52,101,280,511,1216,2841,2865,1090,24,28,37,64,109,171,233,278,483,733,1238,1603,1309,1556,870,220,76,32,26
Estonia,2001,8944,48,60,12,9,11,19,50,97,270,499,1160,2838,2783,1120,23,27,37,60,104,166,236,263,470,690,1201,1637,1337,1446,882,238,69,30,28
Estonia,2002,8971,37,49,12,9,9,18,51,91,263,495,1139,2855,2808,1152,23,28,34,57,102,161,239,256,467,672,1184,1671,1478,1330,899,253,58,27,32
Estonia,2003,8955,41,52,11,8,8,18,48,88,257,506,1104,2819,2852,1164,23,25,35,53,99,158,237,269,438,666,1145,1674,1617,1235,899,265,60,26,33
Estonia,2004,8663,43,53,10,5,7,17,45,82,243,503,1043,2670,2818,1142,21,24,34,48,93,150,225,278,392,651,1060,1610,1676,1142,878,264,58,24,33
Estonia,2005,8452,45,53,8,5,7,16,41,76,223,507,993,2548,2842,1100,20,21,31,45,83,140,219,288,356,637,985,1563,1752,1090,839,261,58,23,34
Estonia,2006,8455,25,36,11,5,6,15,42,76,213,512,976,2506,2982,1046,20,22,32,44,78,135,217,295,343,633,950,1556,1836,1146,784,262,41,21,38
Estonia,2007,8438,38,47,9,5,5,12,40,71,205,502,950,2443,3130,988,19,21,30,41,75,130,206,296,329,621,918,1525,1863,1267,725,263,52,17,40
Estonia,2008,8281,36,44,8,5,5,12,39,66,191,484,904,2336,3218,936,18,21,27,39,67,124,197,287,337,567,887,1449,1845,1373,671,265,49,17,42
Estonia,2009,8143,26,34,8,5,5,11,37,65,176,464,870,2243,3277,916,18,19,25,40,60,116,189,275,354,516,882,1361,1820,1457,648,268,39,16,43
Estonia,2010,8042,24,31,7,5,5,8,34,60,164,447,842,2149,3353,896,16,18,24,36,58,106,178,269,368,474,870,1279,1806,1547,639,257,36,13,45
Estonia,2011,7785,23,30,7,4,5,7,30,58,149,418,801,2019,3309,906,13,17,23,35,54,95,165,253,364,437,830,1189,1741,1568,668,238,34,12,45
Estonia,2012,7868,27,33,6,4,4,7,29,57,140,408,788,1988,3377,984,12,17,22,35,51,89,162,246,368,420,825,1163,1737,1640,751,233,37,11,47
Estonia,2013,8061,17,23,6,4,3,7,28,56,137,404,825,1973,3456,1096,11,17,23,33,51,86,160,244,374,451,788,1185,1728,1728,859,237,27,10,53
Estonia,2014,8089,20,26,6,4,4,6,26,53,130,388,850,1936,3423,1187,10,16,22,31,51,79,151,237,367,483,733,1203,1660,1763,940,247,30,10,56
Estonia,2015,8071,18,23,5,4,3,5,24,53,125,369,871,1891,3380,1269,10,14,22,31,49,76,141,228,362,509,681,1210,1587,1793,1023,246,27,8,54
Estonia,2016,8114,12,17,5,4,3,5,24,51,123,351,886,1862,3368,1370,10,14,22,29,50,73,131,220,357,529,653,1209,1555,1813,1103,267,21,8,53
Estonia,2017,8306,12,16,4,3,3,5,22,51,120,347,901,1870,3421,1498,9,13,21,30,48,72,127,220,353,548,642,1228,1568,1853,1193,305,19,8,51
Estonia,2018,8414,10,14,4,3,2,5,20,50,119,335,902,1852,3431,1627,8,12,19,31,47,72,120,215,348,554,685,1167,1595,1836,1264,363,17,7,52
Estonia,2019,8221,7,11,4,2,1,5,18,49,116,312,866,1783,3334,1671,8,10,20,29,44,72,109,203,333,533,720,1063,1597,1737,1272,399,13,6,52
Estonia,2020,8586,6,9,3,2,3,5,16,54,118,355,925,1791,3444,1812,6,10,20,34,44,74,132,223,355,570,783,1008,1672,1772,1361,451,11,8,55
Estonia,2021,9906,5,6,1,1,5,5,20,49,116,326,1042,2054,4059,2149,10,10,19,30,43,73,128,198,362,680,1039,1015,1907,2152,1600,549,7,10,68
Eswatini,1950,2845,955,1465,510,125,68,71,173,172,156,161,210,181,55,6,83,90,87,85,81,75,77,84,100,110,108,73,37,18,5,1,1590,139,0
Eswatini,1951,2885,965,1492,527,125,68,71,173,171,156,163,212,185,57,6,83,90,86,85,81,75,79,84,100,112,108,77,40,17,6,0,1617,139,0
Eswatini,1952,2921,969,1509,540,129,68,72,173,172,159,164,214,195,59,6,83,90,87,85,81,78,80,84,101,113,113,82,42,17,6,0,1638,140,0
Eswatini,1953,2965,973,1520,547,132,69,74,175,179,163,168,220,201,61,5,85,90,90,89,83,80,82,86,103,117,115,86,44,17,5,0,1652,143,0
Eswatini,1954,2986,977,1526,549,134,69,74,175,179,165,172,220,207,62,5,85,90,90,89,85,80,85,87,103,117,118,89,46,16,5,0,1660,143,0
Eswatini,1955,3028,984,1534,550,139,73,75,176,180,168,173,223,213,66,6,86,90,90,90,86,82,85,88,105,118,120,93,49,17,6,0,1673,148,0
Eswatini,1956,3058,990,1539,549,143,73,75,179,180,172,179,224,218,71,6,88,91,90,90,88,84,88,91,105,119,122,96,51,20,6,0,1682,148,0
Eswatini,1957,3085,997,1546,549,145,75,76,178,180,173,179,227,225,75,6,88,90,90,90,88,85,88,91,106,121,125,100,55,20,6,0,1691,151,0
Eswatini,1958,3115,1005,1553,548,148,76,76,178,180,174,183,227,227,79,5,88,90,90,90,89,85,90,93,106,121,126,101,59,20,5,0,1701,152,0
Eswatini,1959,3139,1011,1558,547,149,79,77,180,180,174,186,228,233,82,5,88,92,90,90,89,85,91,95,106,122,128,105,61,21,5,0,1707,156,0
Eswatini,1960,3181,1021,1569,548,149,81,79,185,182,180,190,233,236,87,5,90,95,91,91,91,89,93,97,109,124,130,106,64,23,5,0,1718,160,0
Eswatini,1961,3203,1029,1577,548,149,82,80,185,181,181,193,233,242,93,5,90,95,91,90,91,90,94,99,109,124,132,110,67,26,5,0,1726,162,0
Eswatini,1962,3218,1038,1586,548,149,85,82,184,180,180,193,235,243,96,6,90,94,90,90,90,90,94,99,111,124,132,111,69,27,6,0,1735,167,0
Eswatini,1963,3267,1050,1596,546,147,85,84,187,190,183,200,241,249,100,7,92,95,95,95,92,91,98,102,115,126,134,115,71,29,7,0,1743,169,0
Eswatini,1964,3280,1056,1601,545,147,86,86,186,183,182,201,245,250,105,8,91,95,92,91,91,91,98,103,118,127,134,116,74,31,8,0,1748,172,0
Eswatini,1965,3278,1062,1607,545,147,86,87,183,180,180,198,245,252,109,8,90,93,90,90,90,90,96,102,118,127,134,118,76,33,8,0,1754,173,0
Eswatini,1966,3274,1072,1613,541,147,85,89,180,172,173,195,242,253,112,8,90,90,87,85,86,87,93,102,116,126,134,119,78,34,8,0,1760,174,0
Eswatini,1967,3282,1077,1615,538,146,84,89,180,171,171,195,244,254,116,9,90,90,86,85,85,86,93,102,117,127,135,119,80,36,9,0,1761,173,0
Eswatini,1968,3291,1091,1629,538,145,83,91,183,170,170,193,247,254,120,10,94,89,85,85,85,85,93,100,117,130,134,120,83,37,9,1,1774,174,0
Eswatini,1969,3300,1106,1639,533,144,83,91,182,163,163,192,247,259,123,12,94,88,83,80,81,82,92,100,117,130,135,124,84,39,11,1,1783,174,0
Eswatini,1970,3327,1118,1649,531,143,82,90,187,163,163,194,255,261,128,12,97,90,83,80,81,82,93,101,121,134,137,124,87,41,11,1,1792,172,0
Eswatini,1971,3355,1127,1654,527,142,81,89,192,164,164,196,259,266,130,13,101,91,84,80,82,82,93,103,121,138,141,125,88,42,12,1,1796,170,0
Eswatini,1972,3383,1127,1647,520,140,81,89,199,169,171,200,269,274,136,13,103,96,86,83,85,86,94,106,126,143,145,129,91,45,12,1,1787,170,0
Eswatini,1973,3390,1121,1633,512,136,79,88,202,171,171,203,273,279,139,14,105,97,86,85,85,86,96,107,127,146,149,130,93,46,12,2,1769,167,0
Eswatini,1974,3402,1125,1626,501,135,78,87,205,172,171,205,280,288,142,16,105,100,87,85,85,86,97,108,130,150,154,134,95,47,14,2,1761,165,0
Eswatini,1975,3392,1123,1612,489,131,76,87,205,169,170,204,282,294,146,17,103,102,88,81,84,86,96,108,130,152,158,136,98,48,15,2,1743,163,0
Eswatini,1976,3358,1116,1594,478,129,74,83,200,167,163,201,282,298,148,17,99,101,87,80,80,83,94,107,130,152,161,137,98,50,15,2,1723,157,0
Eswatini,1977,3296,1104,1571,467,127,71,81,191,159,156,193,278,301,148,17,94,97,84,75,75,81,91,102,128,150,162,139,98,50,15,2,1698,152,0
Eswatini,1978,3247,1089,1543,454,124,71,79,184,159,152,189,275,305,150,18,90,94,84,75,75,77,88,101,125,150,163,142,99,51,16,2,1667,150,0
Eswatini,1979,3203,1073,1510,437,121,69,76,178,156,147,181,276,312,153,18,87,91,84,72,71,76,84,97,124,152,166,146,101,52,16,2,1631,145,0
Eswatini,1980,3192,1057,1480,423,118,67,76,176,160,148,181,281,322,160,20,86,90,85,75,72,76,84,97,126,155,170,152,105,55,17,3,1598,143,0
Eswatini,1981,3177,1037,1445,408,117,66,76,175,164,150,181,283,332,164,22,85,90,87,77,74,76,84,97,127,156,174,158,109,55,19,3,1562,142,0
Eswatini,1982,3121,1005,1391,386,112,66,76,170,164,143,178,286,342,174,23,85,85,87,77,71,72,82,96,126,160,178,164,114,60,20,3,1503,142,0
Eswatini,1983,3374,1058,1515,457,134,78,81,180,176,155,186,304,364,183,24,90,90,92,84,78,77,86,100,134,170,188,176,122,61,21,3,1649,159,0
Eswatini,1984,3094,947,1296,349,108,64,75,170,172,152,179,297,365,189,24,85,85,88,84,76,76,83,96,129,168,188,177,127,62,21,3,1404,139,0
Eswatini,1985,3020,911,1234,323,98,61,73,168,173,155,179,294,370,193,25,83,85,87,86,78,77,83,96,126,168,191,179,128,65,21,4,1332,134,0
Eswatini,1986,2978,873,1179,306,95,57,71,167,174,161,183,290,377,201,25,82,85,86,88,81,80,86,97,124,166,193,184,134,67,21,4,1274,128,0
Eswatini,1987,2936,838,1124,286,91,57,69,159,173,164,184,289,387,211,26,79,80,84,89,83,81,87,97,124,165,198,189,140,71,22,4,1215,126,0
Eswatini,1988,2884,806,1078,272,87,54,67,157,168,165,185,286,393,219,29,77,80,81,87,84,81,88,97,123,163,199,194,144,75,24,5,1165,121,0
Eswatini,1989,2945,800,1058,258,85,54,69,166,181,183,199,292,403,228,31,81,85,87,94,93,90,95,104,127,165,204,199,149,79,26,5,1143,123,0
Eswatini,1990,2924,775,1028,253,85,55,69,164,180,186,199,288,405,236,31,79,85,86,94,96,90,95,104,126,162,202,203,154,82,26,5,1113,124,0
Eswatini,1991,3037,782,1035,253,87,57,72,178,197,208,214,297,414,245,33,85,93,95,102,107,101,103,111,132,165,207,207,160,85,28,5,1122,129,1
Eswatini,1992,3259,815,1085,270,94,62,80,203,228,242,239,313,424,254,34,96,107,111,117,125,117,116,123,141,172,210,214,164,90,29,5,1179,142,1
Eswatini,1993,3588,865,1153,288,99,68,91,244,283,294,277,339,435,264,37,114,130,139,144,152,142,136,141,156,183,216,219,169,95,31,6,1252,159,1
Eswatini,1994,4003,919,1244,325,111,79,106,297,355,360,322,370,444,273,39,137,160,175,180,186,174,162,160,174,196,220,224,175,98,33,6,1355,185,1
Eswatini,1995,4312,921,1283,362,126,89,121,331,412,416,358,394,455,282,42,151,180,202,210,213,203,183,175,186,208,227,228,180,102,36,6,1409,210,1
Eswatini,1996,4914,971,1377,406,143,107,148,421,534,520,428,434,468,292,44,189,232,262,272,266,254,223,205,210,224,235,233,185,107,37,7,1520,255,1
Eswatini,1997,5432,1025,1451,426,153,118,170,501,646,616,493,467,472,300,47,223,278,317,329,314,302,261,232,230,237,240,232,189,111,39,8,1604,288,1
Eswatini,1998,5971,1081,1535,454,166,130,193,579,751,707,560,514,479,308,49,259,320,364,387,362,345,299,261,261,253,248,231,193,115,41,8,1701,323,1
Eswatini,1999,6634,1147,1627,480,181,146,224,680,874,820,651,575,490,315,52,307,373,422,452,421,399,349,302,296,279,257,233,195,120,44,8,1808,370,1
Eswatini,2000,7332,1208,1721,513,192,158,252,789,1007,938,754,647,496,321,55,357,432,484,523,485,453,406,348,339,308,263,233,197,124,46,9,1913,410,1
Eswatini,2001,7840,1248,1793,545,200,171,277,877,1088,1015,831,704,502,326,59,399,478,522,566,529,486,447,384,371,333,269,233,198,128,48,11,1993,448,1
Eswatini,2002,8498,1260,1808,548,195,177,303,1004,1233,1151,945,784,508,328,61,455,549,591,642,602,549,508,437,416,368,276,232,196,132,50,11,2003,480,1
Eswatini,2003,9265,1282,1845,563,193,183,324,1164,1415,1309,1059,860,516,329,64,518,646,681,734,690,619,570,489,458,402,284,232,194,135,53,11,2038,507,1
Eswatini,2004,9828,1302,1869,567,190,188,341,1290,1531,1418,1147,928,524,331,66,568,722,741,790,749,669,613,534,497,431,295,229,192,139,55,11,2059,529,1
Eswatini,2005,10208,1309,1875,566,188,186,352,1392,1609,1487,1207,982,530,328,70,607,785,787,822,784,703,636,571,528,454,306,224,187,141,58,12,2063,538,1
Eswatini,2006,9770,1205,1706,501,179,182,358,1334,1447,1392,1203,1026,543,328,74,592,742,715,732,720,672,619,584,548,478,319,224,186,142,61,13,1885,540,1
Eswatini,2007,9665,1157,1627,470,170,171,350,1348,1437,1372,1199,1046,545,327,76,592,756,721,716,705,667,611,588,559,487,326,219,184,143,62,14,1797,521,2
Eswatini,2008,9531,1147,1607,460,165,160,342,1339,1408,1325,1180,1055,549,323,80,582,757,720,688,674,651,596,584,563,492,332,217,181,142,65,15,1772,502,2
Eswatini,2009,9627,1085,1508,423,141,136,309,1416,1569,1396,1187,1029,535,319,83,583,833,816,753,713,683,609,578,552,477,322,213,178,141,67,16,1649,445,2
Eswatini,2010,8649,956,1314,358,130,126,289,1216,1296,1196,1102,1028,547,314,84,513,703,680,616,595,601,560,542,546,482,331,216,174,140,68,16,1444,415,2
Eswatini,2011,8035,817,1117,300,110,109,256,1118,1222,1110,1045,998,550,309,85,465,653,648,574,547,563,534,511,526,472,329,221,172,137,69,16,1227,365,2
Eswatini,2012,7471,730,1003,273,100,99,224,1020,1139,1008,975,957,550,307,87,420,600,608,531,494,514,497,478,500,457,327,223,170,137,70,17,1103,323,2
Eswatini,2013,6913,692,947,255,95,90,194,893,1023,890,906,926,554,306,88,368,525,544,479,433,457,460,446,479,447,326,228,169,137,70,18,1042,284,2
Eswatini,2014,6403,683,927,244,90,81,164,759,896,776,840,901,565,307,90,314,445,475,421,375,401,421,419,458,443,330,235,171,136,70,20,1017,245,2
Eswatini,2015,5847,618,842,224,83,73,140,643,786,677,769,861,571,310,90,265,378,413,373,327,350,380,389,428,433,330,241,177,133,69,21,925,213,3
Eswatini,2016,5415,593,806,213,79,67,122,537,680,591,709,833,585,316,90,220,317,352,328,285,306,344,365,407,426,336,249,183,133,69,21,885,189,3
Eswatini,2017,5112,606,818,212,79,64,111,447,578,513,655,822,608,322,91,184,263,295,283,247,266,309,346,395,427,348,260,190,132,70,21,897,175,3
Eswatini,2018,4791,540,736,196,74,59,100,385,517,464,611,794,621,333,91,156,229,259,258,227,237,285,326,377,417,353,268,200,133,70,21,810,159,3
Eswatini,2019,4597,490,675,185,69,57,91,340,479,438,580,782,642,347,90,137,203,236,243,218,220,265,315,369,413,362,280,210,137,69,21,744,148,3
Eswatini,2020,4948,470,649,179,67,53,86,309,476,469,640,910,777,412,99,123,186,226,250,235,234,287,353,426,484,441,336,250,162,76,23,716,139,3
Eswatini,2021,5882,491,674,183,69,58,104,372,592,568,748,1097,973,512,109,152,220,280,312,290,278,332,416,516,581,550,423,313,199,86,23,743,162,4
Ethiopia,1950,230781,76550,131623,55073,14052,6322,5650,11225,10901,9625,9597,13421,13530,4483,342,5602,5623,5539,5362,5003,4622,4467,5130,6134,7287,7397,6133,3211,1272,303,39,145675,11972,4
Ethiopia,1951,233152,77410,132458,55048,14322,6400,5726,11379,11047,9751,9704,13458,13791,4762,348,5678,5701,5616,5431,5056,4695,4558,5146,6145,7313,7509,6282,3456,1306,312,36,146780,12126,4
Ethiopia,1952,235695,77303,132098,54795,14835,6574,5898,11699,11362,9999,9956,13634,14171,5098,366,5839,5860,5779,5583,5188,4811,4739,5217,6242,7392,7721,6450,3764,1334,327,39,146933,12472,5
Ethiopia,1953,236273,77049,131678,54629,14897,6628,5954,11796,11455,10062,10070,13613,14346,5383,387,5891,5905,5829,5626,5231,4831,4864,5206,6260,7353,7829,6517,4020,1363,344,43,146575,12582,4
Ethiopia,1954,237264,76748,131263,54515,14933,6736,6041,11944,11604,10174,10250,13664,14573,5679,402,5968,5976,5905,5699,5300,4874,5001,5249,6306,7358,7949,6624,4237,1442,361,41,146196,12777,3
Ethiopia,1955,237964,76412,130568,54156,14972,6862,6125,12099,11756,10295,10441,13710,14761,5951,417,6048,6051,5982,5774,5371,4924,5114,5327,6339,7371,8027,6734,4397,1554,378,39,145540,12987,2
Ethiopia,1956,238988,76152,130059,53907,15035,7004,6216,12270,11918,10433,10654,13787,14961,6215,432,6137,6133,6061,5857,5447,4986,5210,5444,6375,7412,8088,6873,4527,1688,391,41,145094,13220,2
Ethiopia,1957,304921,95225,168655,73430,20881,10203,7687,14674,14095,12774,13578,17039,17812,7062,460,7404,7270,7143,6952,6584,6190,6586,6992,7945,9094,9647,8165,5105,1957,415,45,189536,17890,3
Ethiopia,1958,301461,94010,165282,71272,20699,10231,7730,14756,14147,12827,13702,16885,17605,7125,469,7453,7303,7165,6982,6614,6213,6579,7123,7863,9022,9467,8138,5072,2053,420,49,185981,17961,3
Ethiopia,1959,234338,74609,124694,50085,14751,7080,6344,12483,12066,10595,11010,13591,14726,6527,470,6264,6219,6125,5941,5538,5057,5244,5766,6275,7316,7797,6929,4553,1974,420,50,139445,13424,2
Ethiopia,1960,237047,75184,125738,50554,14836,7111,6480,12691,12245,10770,11230,13783,14913,6733,513,6372,6319,6214,6031,5629,5141,5317,5913,6392,7391,7861,7052,4669,2064,462,51,140574,13591,2
Ethiopia,1961,237641,75286,126582,51296,14542,6995,6501,12666,12192,10756,11256,13811,14905,6871,562,6361,6305,6188,6004,5621,5135,5313,5943,6455,7356,7839,7066,4748,2123,507,55,141124,13496,3
Ethiopia,1962,240640,75559,127470,51911,14650,7038,6678,12949,12437,10982,11472,14116,15129,7101,614,6500,6449,6315,6122,5741,5241,5415,6057,6680,7436,7965,7164,4907,2194,558,56,142120,13716,3
Ethiopia,1963,242484,76004,128648,52644,14593,6977,6712,13044,12489,11056,11537,14288,15199,7272,665,6544,6500,6346,6143,5779,5277,5460,6077,6851,7437,8018,7181,5025,2247,604,61,143241,13689,3
Ethiopia,1964,245761,76800,129989,53189,14915,7016,6775,13288,12679,11240,11698,14597,15376,7475,712,6672,6616,6447,6232,5875,5365,5551,6147,7064,7533,8124,7252,5158,2317,643,69,144904,13791,4
Ethiopia,1965,252361,78223,132984,54761,15560,7167,6902,13716,13030,11567,12036,15129,15754,7748,763,6903,6813,6629,6401,6042,5525,5721,6315,7345,7784,8326,7428,5329,2419,684,79,148544,14069,4
Ethiopia,1966,284978,87712,151788,64076,18544,8429,7587,15105,14243,12794,13445,16910,17078,8234,815,7645,7460,7243,7000,6648,6146,6396,7049,8228,8682,9058,8020,5659,2575,727,88,170332,16016,5
Ethiopia,1967,263845,81160,137746,56586,16913,7367,7126,14631,13814,12222,12653,16104,16296,8134,835,7402,7229,7040,6774,6382,5840,6027,6626,7747,8357,8589,7707,5533,2601,740,95,154659,14493,5
Ethiopia,1968,270346,83811,141532,57721,17518,7472,7199,14965,14137,12476,12899,16521,16494,8265,866,7569,7396,7213,6924,6511,5965,6146,6753,7860,8661,8671,7823,5585,2680,762,104,159050,14671,5
Ethiopia,1969,279113,86701,147033,60332,18033,7663,7308,15299,14482,12775,13228,17039,16873,8470,906,7702,7597,7396,7086,6662,6113,6306,6922,8025,9014,8868,8005,5694,2776,794,112,165066,14971,6
Ethiopia,1970,288759,89606,152202,62596,18803,7997,7493,15780,14983,13199,13657,17635,17374,8686,943,7883,7897,7655,7328,6880,6319,6513,7144,8255,9380,9171,8203,5827,2859,825,118,171005,15490,7
Ethiopia,1971,295756,92106,156631,64525,19234,8243,7540,16024,15264,13426,13907,17975,17716,8814,975,7932,8092,7800,7464,7000,6426,6635,7272,8384,9591,9419,8297,5907,2907,854,121,175865,15783,8
Ethiopia,1972,321365,99623,171406,71783,21514,9356,8004,17021,16272,14384,14994,19284,18906,9187,1026,8358,8663,8303,7969,7482,6902,7155,7839,9016,10268,10188,8718,6179,3008,898,128,192920,17360,9
Ethiopia,1973,327830,101612,174918,73306,22078,9661,8095,17251,16608,14652,15282,19585,19335,9303,1055,8420,8831,8469,8139,7626,7026,7296,7986,9178,10407,10548,8787,6269,3034,923,132,196996,17756,9
Ethiopia,1974,367231,113544,198318,84774,25636,11356,8921,18633,18053,16049,16906,21468,21034,9747,1099,9111,9522,9203,8850,8322,7727,8070,8836,10122,11346,11609,9425,6599,3148,962,137,223954,20277,10
Ethiopia,1975,374562,116080,201676,85596,26496,11694,9208,18910,18545,16442,17296,21867,21507,9791,1111,9253,9657,9473,9072,8527,7915,8259,9037,10334,11533,11913,9594,6633,3158,971,140,228172,20902,10
Ethiopia,1976,342426,106525,180681,74156,23632,10306,8790,17862,17881,15595,16131,20410,20528,9512,1089,8719,9143,9162,8719,8146,7449,7709,8422,9623,10787,11304,9224,6410,3102,956,133,204313,19096,8
Ethiopia,1977,352404,109747,186061,76314,24377,10679,9194,18094,18413,16034,16572,20959,21216,9682,1113,8841,9253,9457,8956,8382,7652,7913,8659,9889,11070,11600,9616,6512,3170,975,138,210438,19873,7
Ethiopia,1978,355844,110546,187715,77169,24641,10877,9444,18116,18621,16217,16736,21146,21518,9687,1121,8872,9244,9561,9060,8488,7729,7985,8751,9981,11165,11648,9870,6503,3184,975,146,212356,20321,8
Ethiopia,1979,354345,109649,186816,77167,24142,10722,9478,18011,18512,16151,16682,21174,21742,9768,1135,8856,9155,9468,9044,8457,7694,7952,8730,9979,11195,11660,10082,6556,3212,984,151,210958,20200,9
Ethiopia,1980,352712,109349,186147,76798,23937,10724,9488,17901,18346,16040,16558,21025,21663,9745,1128,8881,9020,9312,9034,8407,7633,7887,8671,9911,11114,11550,10113,6563,3182,978,150,210084,20212,10
Ethiopia,1981,348590,108374,184652,76278,23511,10576,9369,17597,17934,15773,16295,20704,21378,9678,1113,8843,8754,9020,8914,8262,7511,7764,8531,9760,10944,11362,10016,6558,3120,963,150,208163,19945,11
Ethiopia,1982,361522,112107,190888,78781,24584,10983,9776,18294,18503,16393,16942,21566,22255,10167,1160,9328,8966,9219,9284,8575,7818,8074,8868,10169,11397,11828,10427,6946,3221,1004,156,215472,20759,12
Ethiopia,1983,510257,157177,281917,124740,38131,17582,13011,23311,23067,21304,22735,28404,27737,11777,1266,12119,11192,11390,11677,10980,10324,10826,11909,13570,14834,14958,12779,8207,3570,1093,173,320048,30593,15
Ethiopia,1984,511719,157664,280231,122567,38788,17730,13323,23933,23337,21725,23044,28685,27759,11888,1261,12477,11456,11529,11808,11210,10515,10991,12053,13724,14961,15030,12729,8317,3571,1089,172,319019,31053,15
Ethiopia,1985,509342,157230,275421,118191,38988,17698,13644,24715,23690,22132,23217,28787,27706,12024,1301,12853,11862,11735,11955,11471,10661,11090,12127,13787,15000,15036,12670,8396,3628,1108,193,314409,31342,22
Ethiopia,1986,516099,159225,277680,118455,39741,18026,14006,25577,24002,22648,23610,29208,27988,12263,1330,13238,12339,11910,12092,11782,10866,11291,12319,13999,15209,15208,12780,8519,3744,1136,194,317421,32032,22
Ethiopia,1987,390357,119197,197398,78201,28226,12450,11515,22094,20429,18870,18995,23823,23837,11376,1319,11277,10817,10191,10238,9978,8892,9107,9888,11297,12526,12813,11024,7752,3624,1121,198,225624,23965,20
Ethiopia,1988,408899,122400,204906,82506,29794,13327,12199,23751,21504,19944,19999,24986,25043,12000,1423,12066,11685,10771,10733,10542,9402,9611,10388,11842,13144,13440,11603,8105,3895,1203,220,234700,25526,21
Ethiopia,1989,423126,124407,209956,85549,31229,13924,12616,24909,22372,20670,20821,26084,26249,12699,1573,12612,12297,11272,11100,10875,9795,10001,10820,12349,13735,14056,12193,8506,4193,1321,252,241185,26540,22
Ethiopia,1990,443057,127583,217058,89475,33582,14840,13287,26499,23697,21836,22034,27569,27675,13297,1657,13397,13102,12041,11656,11396,10440,10595,11439,13046,14523,14828,12847,8894,4403,1391,266,250640,28127,24
Ethiopia,1991,438247,126883,213448,86565,33538,14722,13255,26527,23745,21475,21710,27181,27451,13442,1729,13392,13135,12214,11531,11160,10315,10429,11281,12854,14327,14671,12780,8958,4484,1451,278,246986,27977,25
Ethiopia,1992,449301,127962,214472,86510,35867,15243,13847,27850,24929,22001,22259,27841,28465,14421,2076,14000,13850,13028,11901,11371,10630,10679,11580,13168,14673,15126,13339,9529,4892,1723,353,250339,29090,31
Ethiopia,1993,453243,126952,212330,85378,37519,15477,14238,28488,25688,22418,22772,28468,29072,14660,2080,14253,14235,13538,12150,11547,10871,10918,11854,13465,15003,15466,13606,9726,4934,1731,349,249849,29715,32
Ethiopia,1994,457725,126057,209774,83717,39243,15805,14725,29211,26589,22905,23398,29215,29794,14948,2084,14543,14668,14034,12555,11815,11090,11225,12173,13818,15397,15873,13921,9952,4996,1742,342,249017,30530,34
Ethiopia,1995,462888,124610,206486,81876,41128,16335,15305,30116,27688,23498,24175,30101,30650,15286,2086,14936,15180,14574,13114,12152,11346,11624,12551,14236,15865,16357,14293,10203,5083,1750,336,247614,31640,35
Ethiopia,1996,465267,123263,202897,79634,42461,16840,15723,30780,28617,23970,24898,30817,31215,15234,1787,15257,15523,14971,13646,12410,11560,12018,12880,14584,16233,16711,14504,10251,4983,1565,222,245358,32563,25
Ethiopia,1997,464420,121646,199068,77422,42883,17208,15823,30971,29106,24029,25274,31220,31622,15386,1805,15395,15576,15121,13985,12450,11579,12244,13030,14775,16445,16935,14687,10353,5033,1577,228,241951,33031,23
Ethiopia,1998,466433,118917,194073,75156,43914,17899,16095,31600,29970,24462,25862,31984,32476,15967,2098,15797,15803,15483,14487,12705,11757,12535,13327,15137,16847,17372,15104,10682,5285,1762,336,237987,33994,30
Ethiopia,1999,479489,117000,191122,74122,46771,19191,16942,33387,31869,26024,27280,33656,34118,16763,2322,16814,16573,16398,15471,13578,12446,13187,14093,15947,17709,18254,15864,11187,5576,1908,414,237893,36133,38
Ethiopia,2000,480779,113764,184407,70643,48314,19985,17455,34242,32782,26681,27885,34541,35019,17130,2298,17352,16890,16849,15933,14019,12662,13379,14506,16373,18168,18738,16281,11448,5682,1899,399,232721,37440,41
Ethiopia,2001,482277,111222,178906,67684,49319,20534,17922,34880,33404,27284,28380,35290,35912,17766,2625,17730,17150,17136,16268,14475,12809,13505,14875,16719,18571,19186,16726,11811,5955,2111,514,228225,38456,56
Ethiopia,2002,478881,107928,172688,64760,49436,20663,18289,35060,33524,27632,28578,35670,36410,18112,2751,17808,17252,17137,16387,14818,12814,13489,15089,16871,18799,19430,16980,12022,6090,2195,556,222124,38952,66
Ethiopia,2003,465773,103661,165286,61625,47244,20037,18184,34228,32565,27219,28072,35359,36373,18288,2837,17332,16896,16573,15992,14688,12531,13201,14871,16672,18687,19361,17012,12117,6171,2253,584,212530,38221,76
Ethiopia,2004,458717,99717,157942,58225,46247,19873,18459,34193,32324,27401,28058,35687,36902,18671,2878,17250,16943,16372,15952,14791,12610,13217,14841,16809,18878,19605,17297,12369,6302,2292,586,204189,38332,82
Ethiopia,2005,446411,95634,150245,54611,44122,19279,18273,33584,31476,27130,27593,35579,37049,18996,2996,16923,16661,15881,15595,14584,12546,13034,14559,16755,18824,19622,17427,12553,6443,2377,619,194367,37552,89
Ethiopia,2006,432044,91851,143653,51802,40690,18211,17627,32450,30136,26635,27029,35563,37404,19456,3095,16391,16059,15183,14953,14196,12439,12782,14247,16747,18816,19738,17666,12832,6624,2457,638,184343,35838,95
Ethiopia,2007,411044,87942,136168,48226,36458,16731,16490,30671,28185,25620,25917,34840,37126,19619,3122,15620,15051,14227,13958,13515,12105,12271,13646,16401,18439,19517,17609,12913,6706,2487,635,172626,33221,97
Ethiopia,2008,393172,83727,129235,45508,32783,15452,15470,29198,26525,24787,25148,34371,37196,19883,3034,15050,14148,13452,13073,12948,11839,11932,13216,16128,18243,19486,17710,13082,6801,2455,579,162018,30922,92
Ethiopia,2009,371606,79658,122432,42774,28438,13864,14164,27155,24396,23475,24196,33442,36951,20117,2886,14147,13008,12446,11950,12163,11312,11524,12672,15560,17882,19264,17687,13205,6912,2350,536,150870,28028,85
Ethiopia,2010,363031,76418,116309,39891,26763,13272,13774,26708,23764,23208,24193,33581,37655,20767,2962,14000,12708,12192,11572,11970,11238,11601,12592,15471,18110,19562,18093,13617,7150,2438,524,143072,27046,79
Ethiopia,2011,352346,73327,110656,37329,24548,12446,13145,25952,22820,22637,23983,33453,38161,21403,3069,13612,12340,11740,11080,11611,11026,11618,12365,15227,18226,19731,18430,14007,7396,2540,529,135204,25591,76
Ethiopia,2012,343012,70035,104788,34753,22622,11730,12612,25407,22047,22165,23909,33439,38835,22170,3214,13249,12158,11329,10718,11293,10872,11723,12186,15029,18410,19968,18867,14475,7695,2666,548,127410,24342,76
Ethiopia,2013,330704,67032,99170,32138,20130,10751,11829,24397,20863,21330,23574,33060,39270,22890,3366,12597,11800,10675,10188,10772,10558,11654,11920,14721,18339,20062,19208,14896,7994,2792,574,119300,22580,75
Ethiopia,2014,330679,64999,94671,29672,19724,10646,11881,24912,21088,21570,24175,33706,40693,23999,3545,12755,12157,10738,10350,10830,10740,11965,12210,14992,18714,20733,19960,15583,8416,2945,600,114395,22527,74
Ethiopia,2015,321952,63305,91010,27705,17578,9790,11180,23976,20157,20859,23984,33361,41361,24877,3739,12191,11785,10242,9915,10391,10468,11833,12151,14815,18546,20997,20364,16083,8794,3099,640,108588,20970,76
Ethiopia,2016,312290,61915,87759,25844,15239,8828,10363,22762,19088,20038,23701,32816,41930,25749,3937,11503,11259,9724,9364,9923,10115,11623,12078,14536,18280,21221,20709,16571,9178,3259,678,102998,19191,78
Ethiopia,2017,318178,60531,84556,24025,15434,8973,10666,23640,19955,20729,24816,33786,44009,27331,4203,11908,11732,10256,9699,10291,10438,12079,12737,14978,18808,22275,21734,17548,9783,3483,720,99990,19639,81
Ethiopia,2018,311369,59708,82166,22458,13558,8173,9986,22563,19155,20082,24667,33472,44643,28385,4439,11338,11225,9964,9191,9983,10099,11926,12741,14818,18654,22476,22167,18150,10235,3677,762,95724,18159,83
Ethiopia,2019,313933,59165,80489,21324,13050,7964,9901,22644,19383,20278,25213,34239,46100,29860,4729,11347,11297,10190,9193,10135,10143,12145,13068,15187,19052,23034,23066,19033,10827,3920,809,93539,17865,86
Ethiopia,2020,330221,58017,78834,20817,13182,7970,9676,22315,19537,21286,27976,39455,51592,33081,5228,11150,11165,10250,9287,10563,10723,13288,14688,17526,21929,26085,25507,20976,12105,4345,883,92016,17646,90
Ethiopia,2021,342552,56993,77352,20359,10949,6977,9192,21900,19724,22377,30371,43782,56798,37202,5836,10873,11027,10263,9461,10944,11433,14298,16073,19765,24017,28414,28384,23397,13805,4867,969,88301,16169,95
Europe (UN),1950,3178988,402126,494768,92642,21084,20309,29291,87376,102692,181607,287937,517363,793417,539095,102187,42685,44691,39400,63292,79494,102113,127632,160305,221100,296263,380893,412524,332793,206302,80528,21659,515852,49600,1860
Europe (UN),1951,3254768,375011,479189,104178,20344,19331,27873,84767,100156,182839,296454,534550,836658,568084,102035,40598,44169,40117,60039,79816,103023,131172,165282,226589,307961,396153,440505,352078,216006,82555,19480,499533,47204,2488
Europe (UN),1952,3086967,344683,441648,96965,18817,16806,25543,75800,90582,174583,287257,512550,801670,545259,93980,35136,40664,38788,51794,76160,98423,127384,159873,216782,295768,378929,422741,341752,203507,76838,17142,460465,42349,2471
Europe (UN),1953,3066482,321187,410880,89693,18600,14616,23583,68205,84563,170362,285487,511474,815718,565434,95133,30162,38043,39034,45529,74126,96236,126357,159130,213389,298085,383457,432261,357722,207712,78381,16752,429480,38199,2426
Europe (UN),1954,2999823,306083,387803,81720,18588,12097,21480,61847,78592,164669,282624,505649,804984,565264,93928,26615,35232,38567,40025,70874,93795,124850,157774,209529,296120,379269,425715,361109,204155,77500,16428,406391,33577,2298
Europe (UN),1955,2957500,290228,366891,76663,19993,10902,20113,57798,75195,157389,278173,497812,803162,573543,94409,24547,33251,37760,37435,66562,90827,121742,156431,206818,290994,378506,424656,365241,208302,77772,16637,386884,31015,2118
Europe (UN),1956,2910523,255375,321501,66126,19129,9682,17798,51880,72176,147387,271151,490613,813072,596008,98005,22172,29708,35710,36466,59763,87624,117253,153898,204173,286440,381244,431828,380046,215962,80599,17406,340630,27480,2120
Europe (UN),1957,2931097,255156,321182,66026,20025,10249,17738,52384,75657,145000,276043,499656,819372,595558,96157,23051,29333,36593,39064,56403,88597,118555,157488,209805,289851,387287,432085,378522,217036,78966,17191,341207,27987,2073
Europe (UN),1958,2783008,231698,289315,57617,18213,9213,14738,46270,71831,130393,261130,468189,783997,592812,94845,20918,25352,33746,38085,47807,82586,111665,149465,198854,269335,367164,416833,374252,218560,77621,17224,307528,23951,2062
Europe (UN),1959,2866401,229421,286482,57061,18150,10667,14178,46160,75102,127827,269102,481481,808351,614596,111209,21326,24834,34201,40901,44752,83075,113133,155969,205235,276246,379460,428891,381417,233179,87615,23594,304632,24845,3096
Europe (UN),1960,2844764,207981,257955,49974,16319,10543,12335,43006,72802,121421,262260,480144,811209,637404,115853,20091,22915,32216,40586,41685,79736,111042,151218,204873,275271,375826,435383,394345,243059,91929,23924,274274,22878,3512
Europe (UN),1961,2826900,198295,247217,48922,16012,11244,11777,41402,71808,117558,260619,481285,806506,639479,118092,19629,21773,31235,40573,42861,74697,111375,149244,206366,274919,371899,434607,391477,248002,93843,24249,263229,23021,3901
Europe (UN),1962,2967224,189015,236290,47275,15949,11725,12106,41431,73457,117847,269762,504656,854309,694965,130277,19091,22340,31410,42047,46836,71011,114505,155257,215906,288750,390656,463653,422043,272922,103923,26354,252239,23831,4449
Europe (UN),1963,2968284,176861,220831,43970,15368,11676,12746,39448,70688,115370,268176,510767,857607,707247,133951,17282,22166,29217,41471,50222,65148,113688,154488,218189,292578,388110,469497,429019,278228,107720,26231,236199,24422,4408
Europe (UN),1964,2869472,164303,204456,40153,14527,11095,13254,37148,67375,109962,262953,501269,827881,684111,131039,15421,21727,26998,40377,51178,58784,111323,151630,215857,285412,374290,453591,415803,268308,105398,25641,218983,24349,4402
Europe (UN),1965,2980969,151816,189511,37695,14252,11255,14616,36429,67108,111769,267118,521185,867029,731747,144233,14303,22126,26268,40840,53731,58038,110652,156466,220821,300364,391503,475526,442954,288793,115800,28433,203763,25871,4716
Europe (UN),1966,2987622,144316,179390,35074,13715,10762,15567,35371,65028,113904,262514,521437,869358,745403,150318,13725,21646,25429,39599,54431,59473,105767,156747,218710,302727,395014,474344,450725,294678,120262,30056,193105,26329,4854
Europe (UN),1967,3049631,143363,176242,32879,13504,10727,16207,35148,64537,120062,257143,533548,888322,770391,158798,14208,20940,25730,38807,55446,64616,97956,159187,223662,309886,405912,482410,464901,305490,126911,31887,189746,26934,5000
Europe (UN),1968,3159942,137980,169445,31465,13235,10685,16623,34005,63550,126048,253403,548112,921916,827320,170475,14916,19089,26108,37442,56359,69689,91269,162134,227320,320792,423319,498597,499278,328042,136108,34367,182680,27308,5123
Europe (UN),1969,3257801,134864,165819,30955,13027,10779,17272,34866,64723,135263,255743,580603,958294,842629,173462,16649,18217,27713,37010,58219,77044,88086,167657,238313,342290,445133,513161,507006,335623,138123,35339,178846,28051,5320
Europe (UN),1970,3246880,129793,159416,29623,12417,10498,16976,34766,62660,135381,244974,569626,957131,857557,179907,18216,16550,27672,34988,56951,78430,83923,161051,236096,333530,444518,512613,513355,344202,143260,36647,171833,27474,5570
Europe (UN),1971,3278977,125045,153919,28874,12011,10266,16768,35084,62091,136486,240808,569006,970524,878748,187453,19372,15712,27446,34645,55671,80815,87657,153151,236269,332737,449163,521361,519961,358787,149223,38230,165930,27034,5813
Europe (UN),1972,3300395,118172,145899,27727,11537,9879,16760,35935,60873,135726,236256,570718,985656,890612,194557,19926,16009,26398,34475,54545,81181,94543,141713,236937,333781,454346,531310,522851,367761,154904,39653,157436,26639,5985
Europe (UN),1973,3367964,114159,141466,27307,11170,9678,16429,37405,59712,134834,232547,575645,1013676,923189,205902,20401,17004,24498,35214,52740,82094,101683,130864,237694,337951,465951,547725,534445,388744,164205,41697,152636,26107,6311
Europe (UN),1974,3364045,111363,137019,25656,10440,9021,15687,37535,57990,130797,227703,572291,1019513,927872,211916,19566,17969,22227,35763,49783,81014,107504,120199,235382,336909,470557,548956,534275,393597,169265,42651,147459,24708,6260
Europe (UN),1975,3448998,108304,133948,25644,10231,8860,15626,39925,57354,129480,230099,576607,1054675,962662,223003,19684,20241,20468,36886,48514,80966,111597,118502,232401,344206,479816,574859,554250,408412,178110,44893,144179,24486,6526
Europe (UN),1976,3489924,104151,129019,24868,9992,8618,15489,41371,56171,128216,237835,568730,1069672,983277,234698,19527,21844,19518,36653,47982,80234,114517,123318,221937,346793,482833,586839,564841,418436,186851,47847,139011,24107,6835
Europe (UN),1977,3448801,99656,124128,24472,9689,8174,15100,41471,54998,124793,245061,545038,1063688,973463,236259,19193,22278,19907,35091,47693,77100,113542,131519,202647,342391,478967,584721,564223,409240,187526,48733,133817,23274,6937
Europe (UN),1978,3518702,96419,120612,24193,9413,8126,14901,41864,53944,123944,257460,532569,1093009,1006393,249210,18932,22932,21371,32573,48969,74975,114963,142497,186972,345597,487347,605662,586628,419765,197651,51559,130025,23027,7257
Europe (UN),1979,3563807,93617,117304,23687,9204,7795,14490,41849,53385,123300,268727,521689,1115775,1024940,257726,18665,23184,23296,30089,51216,72084,116201,152526,175248,346441,492688,623087,597260,427680,203674,54052,126508,22285,7621
Europe (UN),1980,3647349,90232,113850,23618,9214,7740,14059,41424,54323,122876,274299,515555,1143071,1072281,270516,18439,22985,26148,28175,52710,70166,115743,158556,171907,343648,504600,638471,627865,444416,213252,57264,123064,21799,8140
Europe (UN),1981,3649824,85223,107631,22408,8792,7377,13457,40144,54049,120201,273351,500778,1139636,1100626,275253,17745,22399,27645,26404,51360,68841,113181,160170,176851,323927,502138,637498,643875,456751,216389,58864,116423,20834,8527
Europe (UN),1982,3645344,82758,104056,21298,8525,7106,12835,39056,55095,117039,270400,486937,1140858,1116032,278514,17296,21760,28327,26768,48949,68090,109419,160981,189610,297327,500452,640406,652906,463126,218003,60511,112581,19941,8890
Europe (UN),1983,3747232,79414,100616,21202,8440,6985,12507,38887,58192,116415,271663,481977,1168876,1177807,295222,17118,21769,29362,28830,46131,70284,107431,164232,206455,275522,510460,658416,686767,491040,229853,65369,109056,19492,9645
Europe (UN),1984,3758688,77331,98142,20811,8174,6868,11992,38359,61915,116548,268589,478171,1169372,1191435,299103,16631,21728,30117,31798,42943,73605,102923,165666,221231,256940,508533,660839,695125,496310,232040,67063,106316,18860,10019
Europe (UN),1985,3857638,73364,93608,20244,8137,6794,11586,37275,65170,114995,266921,482034,1189714,1252468,318255,16116,21159,29502,35668,39731,75264,100286,166635,229918,252116,507721,681993,721270,531198,246716,71539,101745,18380,10680
Europe (UN),1986,3736793,68237,86299,18062,7368,6295,10936,34446,63771,108080,250365,476132,1125986,1238328,318086,14717,19729,27477,36294,36774,71306,94066,156299,224964,251168,464491,661495,705439,532889,246941,71145,93667,17231,10701
Europe (UN),1987,3727736,66768,84419,17651,7124,6133,10700,33744,64775,106621,248387,497817,1086517,1247257,322946,14302,19442,27281,37494,37405,69216,95232,153155,228149,269668,426209,660308,707434,539823,250557,72389,91543,16833,11295
Europe (UN),1988,3767061,62827,80229,17402,6882,6051,10501,33363,65856,105266,245205,523640,1055887,1283324,338663,14088,19275,27064,38792,40035,65231,97303,147902,231083,292557,391060,664827,722239,561085,262823,75840,87111,16552,12192
Europe (UN),1989,3768916,56934,73279,16345,6792,5935,10348,32161,65153,102836,239776,535211,1018165,1311551,354714,13698,18463,26593,38560,43283,59553,99309,140467,227662,307549,358393,659772,729908,581643,275198,79516,80071,16283,12992
Europe (UN),1990,3834503,52313,67812,15499,6652,6106,10451,31752,65496,104132,238944,549218,1007106,1355947,377165,13493,18259,26458,39038,48391,55741,101696,137248,229606,319612,350777,656329,753507,602440,293580,83585,74464,16557,13722
Europe (UN),1991,3877477,48052,62600,14548,6546,5953,10476,31243,65474,106840,237571,558375,994851,1388115,395326,13389,17854,26842,38632,52593,54247,102592,134979,228178,330197,366557,628294,769077,619038,308537,86789,69146,16429,14106
Europe (UN),1992,3901793,44446,58740,14294,6958,6008,10488,31471,66273,111497,238151,562787,977546,1408698,408942,13552,17919,27028,39245,55537,55960,100509,137642,225163,337624,395123,582423,777305,631393,319513,89429,65698,16496,14234
Europe (UN),1993,4118021,41430,55298,13868,7062,6270,10947,31984,69323,122623,247062,588813,1008292,1507116,448095,13776,18208,28220,41103,60975,61648,99271,147791,228827,359986,447409,560883,825221,681895,351171,96924,62360,17217,15136
Europe (UN),1994,4130524,39140,51170,12030,6301,5925,10623,31031,68709,130665,247138,582304,998973,1525257,457638,13515,17516,27614,41095,61865,68800,92266,154872,219561,362743,477426,521547,831566,693691,359619,98019,57471,16548,14790
Europe (UN),1995,4159759,35843,46876,11033,6048,5906,10685,30858,67427,137916,243587,573566,1003282,1539038,479651,13632,17226,26893,40534,61605,76311,85427,158160,211433,362133,494768,508514,820912,718126,375683,103968,52924,16591,14919
Europe (UN),1996,4124901,33658,43597,9939,5409,5502,10180,29631,64152,139515,234587,554524,1022493,1504514,495405,13064,16567,24953,39199,58960,80555,80095,154492,203661,350863,502476,520017,776013,728501,386280,109125,49006,15682,15392
Europe (UN),1997,4085543,31386,40802,9416,4886,5271,9968,28024,60427,139476,228434,539362,1056818,1444376,511603,12578,15446,22836,37591,57068,82408,80902,147532,202252,337110,504852,551966,709250,735126,396701,114902,45688,15239,16094
Europe (UN),1998,4068612,29386,37884,8498,4378,5076,9585,27562,57077,139181,220981,525532,1097992,1392894,533433,12510,15052,21219,35858,55817,83364,85148,135833,204927,320605,506224,591768,646940,745954,411214,122219,42262,14661,17036
Europe (UN),1999,4150713,27832,36003,8171,4185,5068,9766,28052,56893,142845,221700,527728,1153250,1383993,563033,12729,15323,21217,35676,56573,86272,94810,126890,216994,310734,514178,639072,616148,767845,432676,130357,40188,14834,18195
Europe (UN),2000,4120454,26509,34075,7566,3644,4644,9424,27233,54581,140135,222002,518041,1164974,1348940,573857,12468,14765,20569,34012,55135,85000,105024,116978,220794,297247,509390,655584,597701,751239,440888,132969,37719,14068,18902
Europe (UN),2001,4091164,25230,32334,7104,3373,4375,8975,26549,52050,136944,223099,505878,1164967,1322061,590166,11940,14609,19832,32218,53896,83048,112536,110563,217547,288331,497443,667524,615524,706537,451094,139072,35707,13350,20393
Europe (UN),2002,4166139,24451,31226,6775,3235,4047,8833,26590,50992,136345,231533,505948,1182263,1340973,621840,12007,14583,19969,31023,53374,82971,117986,113547,212368,293580,492425,689838,674381,666592,473414,148426,34461,12880,22314
Europe (UN),2003,4242883,23579,30041,6462,3032,3766,8424,26248,49627,134738,245064,503969,1187721,1371707,654385,11705,14543,19721,29906,52344,82394,122389,122675,199477,304492,479435,708286,741743,629964,496543,157842,33073,12190,24161
Europe (UN),2004,4072385,22855,28794,5939,2776,3298,7921,24876,46891,128218,250881,486348,1123006,1318886,626578,10981,13895,18812,28079,49009,79209,119781,131100,177944,308404,440816,682190,756219,562667,472925,153653,31570,11219,23911
Europe (UN),2005,4133569,21547,27268,5721,2738,3064,7385,24185,46096,124628,263735,479261,1110101,1370065,649096,10591,13594,18558,27538,46849,77779,117777,145958,164089,315172,424813,685288,795096,574969,483622,165474,30006,10449,25947
Europe (UN),2006,4030458,20854,26230,5376,2435,2742,6811,22606,43959,117507,265796,455493,1060348,1384808,614856,9811,12795,17678,26281,43475,74032,112900,152896,152444,303049,403849,656499,792509,592299,447319,167537,28665,9553,26866
Europe (UN),2007,4013775,20496,25587,5091,2267,2616,6175,21627,42022,111726,263921,439181,1029202,1444445,596036,9327,12300,16951,25071,40640,71086,108460,155461,152157,287024,398624,630578,799093,645352,419295,176741,27854,8791,28970
Europe (UN),2008,4031570,20179,25187,5008,2142,2347,5744,20822,41093,107181,264117,424828,1009413,1510842,586288,8840,11982,16743,24350,38831,68350,106518,157599,160968,263860,406004,603409,808122,702720,397874,188414,27329,8091,31565
Europe (UN),2009,4000220,19728,24599,4871,2113,2267,5160,19994,39761,102031,257701,411344,981914,1546975,573215,8499,11495,16273,23488,36894,65137,103092,154609,173019,238325,415509,566405,801110,745865,380541,192674,26712,7427,33146
Europe (UN),2010,4030843,19070,23903,4833,1969,2057,4664,18915,38974,97671,252829,410110,974160,1578021,592161,7958,10957,15814,23160,35955,61716,100919,151910,191157,218953,424297,549863,804104,773917,398418,193743,25872,6721,35408
Europe (UN),2011,3948535,17842,22279,4437,1882,1944,4253,17619,37084,91744,241475,403003,932418,1548639,609325,7319,10300,15133,21951,34234,57510,96288,145187,199911,203092,407908,524510,772166,776473,426233,183092,24161,6197,36869
Europe (UN),2012,4035002,18670,23000,4330,1868,1808,3791,16368,35851,87888,235673,412577,929127,1581794,664818,6583,9785,14486,21365,33039,54849,93557,142116,205514,207063,394867,534260,771407,810387,485829,178989,24868,5599,40438
Europe (UN),2013,4017144,17407,21846,4439,1792,1728,3590,15467,35086,84172,229540,427755,908830,1555896,689416,6058,9409,14014,21072,32091,52081,90048,139492,208991,218764,364855,543975,740078,815818,521839,167577,23638,5318,42024
Europe (UN),2014,3956975,16633,20957,4324,1723,1655,3389,14479,33906,80793,220285,439904,883830,1503125,709487,5540,8939,13472,20434,31260,49533,85890,134395,205184,234720,329669,554161,699257,803868,545157,164330,22680,5044,43441
Europe (UN),2015,4092046,15450,19574,4124,1662,1647,3263,13564,32708,78887,214830,462657,879363,1546829,791030,5100,8464,12839,19869,30305,48582,82385,132445,202790,259867,308772,570591,703614,843215,603719,187311,21236,4910,46030
Europe (UN),2016,3988222,14790,18670,3880,1629,1543,3072,12763,31878,76398,205806,467869,841071,1488491,796728,4754,8009,12640,19238,29355,47043,77362,128444,195080,272789,289083,551988,673697,814794,594850,201878,20299,4615,42304
Europe (UN),2017,4042286,13541,17119,3578,1631,1533,2963,11703,30871,74172,198003,468774,826778,1508124,859086,4430,7273,12027,18844,28513,45659,74175,123828,190529,278245,293297,533481,686966,821158,625796,233290,18750,4496,41527
Europe (UN),2018,4043108,12413,15818,3405,1637,1490,2969,11198,30395,73612,194258,477587,815526,1504151,874714,4216,6982,11922,18473,28636,44976,71755,122503,190875,286712,311531,503995,708955,795196,625920,248794,17455,4459,39751
Europe (UN),2019,3993508,11803,14890,3087,1572,1465,2758,10554,29241,71454,186339,469240,798288,1488836,879412,4107,6447,11279,17962,27834,43620,69066,117273,185825,283415,335776,462512,726810,762026,620757,258655,16462,4223,39457
Europe (UN),2020,4503142,11027,13447,2420,1634,1759,3805,13806,45344,94121,216670,510003,889455,1674419,991519,5039,8767,17596,27748,38773,55348,82323,134347,206489,303514,404403,485052,823129,851290,697491,294028,15081,5564,47159
Europe (UN),2021,4764659,10820,13161,2341,1609,1866,3869,13726,48076,101423,226843,557738,965407,1773348,1004284,5209,8517,18053,30023,41997,59426,86991,139852,227779,329959,460175,505232,890629,882719,705285,298999,14770,5735,53309
Falkland Islands,1950,17,2,4,2,0,0,0,0,0,0,0,0,0,0,0,0,0,0,0,0,0,0,0,0,0,0,0,0,0,0,0,4,0,0
Falkland Islands,1951,17,2,3,1,0,0,0,0,0,0,0,0,0,0,0,0,0,0,0,0,0,0,0,0,0,0,0,0,0,0,0,3,0,0
Falkland Islands,1952,16,2,2,0,0,0,0,0,0,0,0,0,0,0,0,0,0,0,0,0,0,0,0,0,0,0,0,0,0,0,0,2,0,0
Falkland Islands,1953,16,2,3,1,0,0,0,0,0,0,0,0,0,0,0,0,0,0,0,0,0,0,0,0,0,0,0,0,0,0,0,3,0,0
Falkland Islands,1954,16,2,3,1,0,0,0,0,0,0,0,0,0,0,0,0,0,0,0,0,0,0,0,0,0,0,0,0,0,0,0,3,0,0
Falkland Islands,1955,16,2,2,0,0,0,0,0,0,0,0,0,0,0,0,0,0,0,0,0,0,0,0,0,0,0,0,0,0,0,0,2,0,0
Falkland Islands,1956,15,2,2,0,0,0,0,0,0,0,0,0,0,0,0,0,0,0,0,0,0,0,0,0,0,0,0,0,0,0,0,2,0,0
Falkland Islands,1957,15,2,2,0,0,0,0,0,0,0,0,0,0,0,0,0,0,0,0,0,0,0,0,0,0,0,0,0,0,0,0,2,0,0
Falkland Islands,1958,15,2,2,0,0,0,0,0,0,0,0,0,0,0,0,0,0,0,0,0,0,0,0,0,0,0,0,0,0,0,0,2,0,0
Falkland Islands,1959,15,2,2,0,0,0,0,0,0,0,0,0,0,0,0,0,0,0,0,0,0,0,0,0,0,0,0,0,0,0,0,2,0,0
Falkland Islands,1960,15,2,2,0,0,0,0,0,0,0,0,0,0,0,0,0,0,0,0,0,0,0,0,0,0,0,0,0,0,0,0,2,0,0
Falkland Islands,1961,15,2,3,1,0,0,0,0,0,0,0,0,0,0,0,0,0,0,0,0,0,0,0,0,0,0,0,0,0,0,0,3,0,0
Falkland Islands,1962,15,2,3,1,0,0,0,0,0,0,0,0,0,0,0,0,0,0,0,0,0,0,0,0,0,0,0,0,0,0,0,3,0,0
Falkland Islands,1963,15,2,2,0,0,0,0,0,0,0,0,0,0,0,0,0,0,0,0,0,0,0,0,0,0,0,0,0,0,0,0,2,0,0
Falkland Islands,1964,15,2,2,0,0,0,0,0,0,0,0,0,0,0,0,0,0,0,0,0,0,0,0,0,0,0,0,0,0,0,0,2,0,0
Falkland Islands,1965,15,2,2,0,0,0,0,0,0,0,0,0,0,0,0,0,0,0,0,0,0,0,0,0,0,0,0,0,0,0,0,2,0,0
Falkland Islands,1966,15,2,2,0,0,0,0,0,0,0,0,0,0,0,0,0,0,0,0,0,0,0,0,0,0,0,0,0,0,0,0,2,0,0
Falkland Islands,1967,15,2,2,0,0,0,0,0,0,0,0,0,0,0,0,0,0,0,0,0,0,0,0,0,0,0,0,0,0,0,0,2,0,0
Falkland Islands,1968,15,2,2,0,0,0,0,0,0,0,0,0,0,0,0,0,0,0,0,0,0,0,0,0,0,0,0,0,0,0,0,2,0,0
Falkland Islands,1969,15,2,2,0,0,0,0,0,0,0,0,0,0,0,0,0,0,0,0,0,0,0,0,0,0,0,0,0,0,0,0,2,0,0
Falkland Islands,1970,15,2,2,0,0,0,0,0,0,0,0,0,0,0,0,0,0,0,0,0,0,0,0,0,0,0,0,0,0,0,0,2,0,0
Falkland Islands,1971,15,2,2,0,0,0,0,0,0,0,0,0,0,0,0,0,0,0,0,0,0,0,0,0,0,0,0,0,0,0,0,2,0,0
Falkland Islands,1972,16,2,2,0,0,0,0,0,0,0,0,0,0,0,0,0,0,0,0,0,0,0,0,0,0,0,0,0,0,0,0,2,0,0
Falkland Islands,1973,16,2,2,0,0,0,0,0,0,0,0,0,0,0,0,0,0,0,0,0,0,0,0,0,0,0,0,0,0,0,0,2,0,0
Falkland Islands,1974,16,2,2,0,0,0,0,0,0,0,0,0,0,0,0,0,0,0,0,0,0,0,0,0,0,0,0,0,0,0,0,2,0,0
Falkland Islands,1975,16,2,2,0,0,0,0,0,0,0,0,0,0,0,0,0,0,0,0,0,0,0,0,0,0,0,0,0,0,0,0,2,0,0
Falkland Islands,1976,16,2,2,0,0,0,0,0,0,0,0,0,0,0,0,0,0,0,0,0,0,0,0,0,0,0,0,0,0,0,0,2,0,0
Falkland Islands,1977,16,1,1,0,0,0,0,0,0,0,0,0,0,0,0,0,0,0,0,0,0,0,0,0,0,0,0,0,0,0,0,1,0,0
Falkland Islands,1978,16,1,1,0,0,0,0,0,0,0,0,0,0,0,0,0,0,0,0,0,0,0,0,0,0,0,0,0,0,0,0,1,0,0
Falkland Islands,1979,17,1,1,0,0,0,0,0,0,0,0,0,0,0,0,0,0,0,0,0,0,0,0,0,0,0,0,0,0,0,0,1,0,0
Falkland Islands,1980,17,1,1,0,0,0,0,0,0,0,0,0,0,0,0,0,0,0,0,0,0,0,0,0,0,0,0,0,0,0,0,1,0,0
Falkland Islands,1981,18,1,1,0,0,0,0,0,0,0,0,0,0,0,0,0,0,0,0,0,0,0,0,0,0,0,0,0,0,0,0,1,0,0
Falkland Islands,1982,18,1,1,0,0,0,0,0,0,0,0,0,0,0,0,0,0,0,0,0,0,0,0,0,0,0,0,0,0,0,0,1,0,0
Falkland Islands,1983,19,1,1,0,0,0,0,0,0,0,0,0,0,0,0,0,0,0,0,0,0,0,0,0,0,0,0,0,0,0,0,1,0,0
Falkland Islands,1984,19,2,2,0,0,0,0,0,0,0,0,0,0,0,0,0,0,0,0,0,0,0,0,0,0,0,0,0,0,0,0,2,0,0
Falkland Islands,1985,19,2,2,0,0,0,0,0,0,0,0,0,0,0,0,0,0,0,0,0,0,0,0,0,0,0,0,0,0,0,0,2,0,0
Falkland Islands,1986,20,2,2,0,0,0,0,0,0,0,0,0,0,0,0,0,0,0,0,0,0,0,0,0,0,0,0,0,0,0,0,2,0,0
Falkland Islands,1987,20,2,2,0,0,0,0,0,0,0,0,0,0,0,0,0,0,0,0,0,0,0,0,0,0,0,0,0,0,0,0,2,0,0
Falkland Islands,1988,19,1,1,0,0,0,0,0,0,0,0,0,0,0,0,0,0,0,0,0,0,0,0,0,0,0,0,0,0,0,0,1,0,0
Falkland Islands,1989,19,1,1,0,0,0,0,0,0,0,0,0,0,0,0,0,0,0,0,0,0,0,0,0,0,0,0,0,0,0,0,1,0,0
Falkland Islands,1990,19,1,1,0,0,0,0,0,0,0,0,0,0,0,0,0,0,0,0,0,0,0,0,0,0,0,0,0,0,0,0,1,0,0
Falkland Islands,1991,18,1,1,0,0,0,0,0,0,0,0,0,0,0,0,0,0,0,0,0,0,0,0,0,0,0,0,0,0,0,0,1,0,0
Falkland Islands,1992,18,1,1,0,0,0,0,0,0,0,0,0,0,0,0,0,0,0,0,0,0,0,0,0,0,0,0,0,0,0,0,1,0,0
Falkland Islands,1993,17,1,1,0,0,0,0,0,0,0,0,0,0,0,0,0,0,0,0,0,0,0,0,0,0,0,0,0,0,0,0,1,0,0
Falkland Islands,1994,16,1,1,0,0,0,0,0,0,0,0,0,0,0,0,0,0,0,0,0,0,0,0,0,0,0,0,0,0,0,0,1,0,0
Falkland Islands,1995,15,1,1,0,0,0,0,0,0,0,0,0,0,0,0,0,0,0,0,0,0,0,0,0,0,0,0,0,0,0,0,1,0,0
Falkland Islands,1996,14,1,1,0,0,0,0,0,0,0,0,0,0,0,0,0,0,0,0,0,0,0,0,0,0,0,0,0,0,0,0,1,0,0
Falkland Islands,1997,13,1,1,0,0,0,0,0,0,0,0,0,0,0,0,0,0,0,0,0,0,0,0,0,0,0,0,0,0,0,0,1,0,0
Falkland Islands,1998,13,1,1,0,0,0,0,0,0,0,0,0,0,0,0,0,0,0,0,0,0,0,0,0,0,0,0,0,0,0,0,1,0,0
Falkland Islands,1999,12,0,0,0,0,0,0,0,0,0,0,0,0,0,0,0,0,0,0,0,0,0,0,0,0,0,0,0,0,0,0,0,0,0
Falkland Islands,2000,11,0,0,0,0,0,0,0,0,0,0,0,0,0,0,0,0,0,0,0,0,0,0,0,0,0,0,0,0,0,0,0,0,0
Falkland Islands,2001,10,0,0,0,0,0,0,0,0,0,0,0,0,0,0,0,0,0,0,0,0,0,0,0,0,0,0,0,0,0,0,0,0,0
Falkland Islands,2002,10,0,0,0,0,0,0,0,0,0,0,0,0,0,0,0,0,0,0,0,0,0,0,0,0,0,0,0,0,0,0,0,0,0
Falkland Islands,2003,10,0,0,0,0,0,0,0,0,0,0,0,0,0,0,0,0,0,0,0,0,0,0,0,0,0,0,0,0,0,0,0,0,0
Falkland Islands,2004,10,0,0,0,0,0,0,0,0,0,0,0,0,0,0,0,0,0,0,0,0,0,0,0,0,0,0,0,0,0,0,0,0,0
Falkland Islands,2005,10,0,0,0,0,0,0,0,0,0,0,0,0,0,0,0,0,0,0,0,0,0,0,0,0,0,0,0,0,0,0,0,0,0
Falkland Islands,2006,9,0,0,0,0,0,0,0,0,0,0,0,0,0,0,0,0,0,0,0,0,0,0,0,0,0,0,0,0,0,0,0,0,0
Falkland Islands,2007,9,0,0,0,0,0,0,0,0,0,0,0,0,0,0,0,0,0,0,0,0,0,0,0,0,0,0,0,0,0,0,0,0,0
Falkland Islands,2008,9,0,0,0,0,0,0,0,0,0,0,0,0,0,0,0,0,0,0,0,0,0,0,0,0,0,0,0,0,0,0,0,0,0
Falkland Islands,2009,9,0,0,0,0,0,0,0,0,0,0,0,0,0,0,0,0,0,0,0,0,0,0,0,0,0,0,0,0,0,0,0,0,0
Falkland Islands,2010,9,0,0,0,0,0,0,0,0,0,0,0,0,0,0,0,0,0,0,0,0,0,0,0,0,0,0,0,0,0,0,0,0,0
Falkland Islands,2011,9,0,0,0,0,0,0,0,0,0,0,0,0,0,0,0,0,0,0,0,0,0,0,0,0,0,0,0,0,0,0,0,0,0
Falkland Islands,2012,10,0,0,0,0,0,0,0,0,0,0,0,0,0,0,0,0,0,0,0,0,0,0,0,0,0,0,0,0,0,0,0,0,0
Falkland Islands,2013,10,0,0,0,0,0,0,0,0,0,0,0,0,0,0,0,0,0,0,0,0,0,0,0,0,0,0,0,0,0,0,0,0,0
Falkland Islands,2014,10,0,0,0,0,0,0,0,0,0,0,0,0,0,0,0,0,0,0,0,0,0,0,0,0,0,0,0,0,0,0,0,0,0
Falkland Islands,2015,11,0,0,0,0,0,0,0,0,0,0,0,0,0,0,0,0,0,0,0,0,0,0,0,0,0,0,0,0,0,0,0,0,0
Falkland Islands,2016,11,0,0,0,0,0,0,0,0,0,0,0,0,0,0,0,0,0,0,0,0,0,0,0,0,0,0,0,0,0,0,0,0,0
Falkland Islands,2017,11,0,0,0,0,0,0,0,0,0,0,0,0,1,0,0,0,0,0,0,0,0,0,0,0,0,0,1,0,0,0,0,0,0
Falkland Islands,2018,12,0,0,0,0,0,0,0,0,0,0,0,0,4,0,0,0,0,0,0,0,0,0,0,0,0,0,4,0,0,0,0,0,0
Falkland Islands,2019,12,0,0,0,0,0,0,0,0,0,0,0,0,3,0,0,0,0,0,0,0,0,0,0,0,0,0,3,0,0,0,0,0,0
Falkland Islands,2020,12,0,0,0,0,0,0,0,0,0,0,0,0,3,0,0,0,0,0,0,0,0,0,0,0,0,0,2,1,0,0,0,0,0
Falkland Islands,2021,12,0,0,0,0,0,0,0,0,0,0,0,0,3,0,0,0,0,0,0,0,0,0,0,0,0,0,1,2,0,0,0,0,0
Faroe Islands,1950,204,24,35,11,5,0,5,10,10,10,17,27,45,36,9,5,5,5,5,5,5,7,10,10,17,20,25,21,15,8,1,40,5,0
Faroe Islands,1951,229,39,53,14,5,4,5,10,10,10,18,27,45,37,7,5,5,5,5,5,5,8,10,10,17,20,25,22,15,6,1,58,9,0
Faroe Islands,1952,202,22,28,6,5,0,5,10,10,10,18,27,43,35,7,5,5,5,5,5,5,8,10,10,17,20,23,22,13,6,1,33,5,0
Faroe Islands,1953,194,19,24,5,4,0,5,10,10,10,17,25,42,35,7,5,5,5,5,5,5,7,10,10,15,20,22,22,13,6,1,28,5,0
Faroe Islands,1954,210,27,38,11,5,1,5,10,10,10,16,29,48,38,7,5,5,5,5,5,5,6,10,13,16,23,25,23,15,6,1,43,6,0
Faroe Islands,1955,179,19,26,7,2,0,0,2,10,10,14,23,44,38,6,0,2,5,5,5,5,5,9,10,13,22,22,23,15,6,0,28,0,0
Faroe Islands,1956,129,9,11,2,0,0,0,0,0,9,10,20,37,33,6,0,0,0,0,4,5,5,5,10,10,17,20,20,13,6,0,11,0,0
Faroe Islands,1957,118,9,11,2,0,0,0,0,0,4,10,18,34,32,6,0,0,0,0,0,4,5,5,8,10,14,20,19,13,6,0,11,0,0
Faroe Islands,1958,117,9,11,2,0,0,0,0,0,4,10,17,33,30,7,0,0,0,0,0,4,5,5,7,10,13,20,17,13,7,0,11,0,0
Faroe Islands,1959,117,9,11,2,0,0,0,0,0,3,10,17,33,31,7,0,0,0,0,0,3,5,5,7,10,13,20,18,13,7,0,11,0,0
Faroe Islands,1960,117,8,10,2,0,0,0,0,0,3,10,17,32,31,6,0,0,0,0,0,3,5,5,7,10,13,19,18,13,6,0,10,0,0
Faroe Islands,1961,114,7,8,1,0,0,0,0,0,2,10,16,32,31,7,0,0,0,0,0,2,5,5,6,10,13,19,18,13,6,1,8,0,0
Faroe Islands,1962,109,6,6,0,0,0,0,0,0,2,10,16,30,31,7,0,0,0,0,0,2,5,5,6,10,12,18,18,13,6,1,6,0,0
Faroe Islands,1963,105,5,5,0,0,0,0,0,0,2,10,15,29,30,8,0,0,0,0,0,2,5,5,5,10,12,17,18,12,7,1,5,0,0
Faroe Islands,1964,102,4,4,0,0,0,0,0,0,1,10,14,29,30,8,0,0,0,0,0,1,5,5,5,9,13,16,19,11,7,1,4,0,0
Faroe Islands,1965,101,5,5,0,0,0,0,0,0,1,10,14,30,31,8,0,0,0,0,0,1,5,5,5,9,14,16,19,12,7,1,5,0,0
Faroe Islands,1966,109,6,7,1,0,0,0,0,0,2,10,15,32,32,6,0,0,0,0,0,2,5,5,5,10,15,17,20,12,5,1,7,0,0
Faroe Islands,1967,114,6,7,1,0,0,0,0,0,2,10,15,33,34,6,0,0,0,0,0,2,5,5,5,10,15,18,20,14,5,1,7,0,0
Faroe Islands,1968,116,6,6,0,0,0,0,0,0,3,10,14,34,35,7,0,0,0,0,0,3,5,5,5,9,14,20,20,15,6,1,6,0,0
Faroe Islands,1969,118,6,6,0,0,0,0,0,0,3,10,15,35,36,9,0,0,0,0,0,3,5,5,5,10,15,20,20,16,7,2,6,0,0
Faroe Islands,1970,123,6,6,0,0,0,0,0,0,2,10,16,35,37,10,0,0,0,0,0,2,5,5,6,10,15,20,20,17,8,2,6,0,0
Faroe Islands,1971,128,6,7,1,0,0,0,0,0,2,10,17,36,39,10,0,0,0,0,0,2,5,5,7,10,15,21,22,17,8,2,7,0,0
Faroe Islands,1972,131,6,7,1,0,0,0,0,0,2,10,18,38,42,11,0,0,0,0,0,2,5,5,8,10,15,23,25,17,8,3,7,0,0
Faroe Islands,1973,126,4,4,0,0,0,0,0,0,3,10,18,36,39,11,0,0,0,0,0,3,5,5,8,10,14,22,22,17,8,3,4,0,0
Faroe Islands,1974,122,3,3,0,0,0,0,0,0,2,10,18,32,38,10,0,0,0,0,0,2,5,5,8,10,13,19,20,18,8,2,3,0,0
Faroe Islands,1975,123,3,3,0,0,0,0,0,0,2,10,18,33,41,10,0,0,0,0,0,2,5,5,8,10,13,20,23,18,8,2,3,0,0
Faroe Islands,1976,138,5,5,0,0,0,0,0,0,2,10,20,38,44,11,0,0,0,0,0,2,5,5,9,11,16,22,25,19,9,2,5,0,0
Faroe Islands,1977,144,6,6,0,0,0,0,0,0,2,10,22,38,47,12,0,0,0,0,0,2,5,5,10,12,16,22,27,20,10,2,6,0,0
Faroe Islands,1978,148,5,5,0,0,0,0,0,0,2,10,23,39,49,13,0,0,0,0,0,2,5,5,10,13,16,23,28,21,11,2,5,0,0
Faroe Islands,1979,146,4,4,0,0,0,0,0,0,2,10,23,38,48,13,0,0,0,0,0,2,5,5,10,13,16,22,27,21,11,2,4,0,0
Faroe Islands,1980,143,3,3,0,0,0,0,0,0,2,10,23,38,47,13,0,0,0,0,0,2,5,5,10,13,16,22,26,21,10,3,3,0,0
Faroe Islands,1981,144,4,4,0,0,0,0,0,0,1,10,22,38,48,14,0,0,0,0,0,1,5,5,10,12,17,21,26,22,11,3,4,0,0
Faroe Islands,1982,143,3,3,0,0,0,0,0,0,0,10,21,37,49,13,0,0,0,0,0,0,5,5,9,12,17,20,25,24,10,3,3,0,0
Faroe Islands,1983,144,3,3,0,0,0,0,0,0,0,10,22,37,49,15,0,0,0,0,0,0,5,5,9,13,17,20,25,24,12,3,3,0,0
Faroe Islands,1984,151,3,3,0,0,0,0,0,0,0,9,21,42,53,18,0,0,0,0,0,0,4,5,9,12,19,23,28,25,14,4,3,0,0
Faroe Islands,1985,148,3,3,0,0,0,0,0,0,0,8,21,41,52,16,0,0,0,0,0,0,3,5,9,12,18,23,27,25,13,3,3,0,0
Faroe Islands,1986,150,3,3,0,0,0,0,0,0,0,9,20,41,50,17,0,0,0,0,0,0,4,5,8,12,17,24,26,24,14,3,3,0,0
Faroe Islands,1987,162,4,4,0,0,0,0,0,0,0,9,21,46,54,21,0,0,0,0,0,0,4,5,8,13,20,26,29,25,16,5,4,0,0
Faroe Islands,1988,173,4,4,0,0,0,0,0,0,0,10,23,49,58,23,0,0,0,0,0,0,5,5,9,14,19,30,30,28,18,5,4,0,0
Faroe Islands,1989,173,4,4,0,0,0,0,0,0,1,10,23,50,61,19,0,0,0,0,0,1,5,5,9,14,21,29,31,30,15,4,4,0,1
Faroe Islands,1990,180,5,5,0,0,0,0,0,0,1,10,22,52,65,22,0,0,0,0,0,1,5,5,8,14,22,30,34,31,17,5,5,0,1
Faroe Islands,1991,180,3,3,0,0,0,0,0,0,4,10,23,51,61,20,0,0,0,0,0,4,5,5,9,14,21,30,34,27,16,4,3,0,1
Faroe Islands,1992,257,4,8,4,0,0,0,0,0,8,10,31,79,88,28,0,0,0,0,3,5,5,5,11,20,33,46,50,38,21,7,8,0,1
Faroe Islands,1993,165,1,1,0,0,0,0,0,0,8,10,21,43,56,21,0,0,0,0,3,5,5,5,9,12,19,24,31,25,16,5,1,0,1
Faroe Islands,1994,186,2,2,0,0,0,0,0,0,6,10,22,52,67,23,0,0,0,0,1,5,5,5,8,14,22,30,36,31,19,4,2,0,1
Faroe Islands,1995,212,2,2,0,0,0,0,0,0,6,10,22,61,77,27,0,0,0,0,1,5,5,5,8,14,25,36,42,35,21,6,2,0,1
Faroe Islands,1996,237,2,2,0,0,0,0,0,0,6,10,26,69,89,30,0,0,0,0,1,5,5,5,9,17,29,40,49,40,22,8,2,0,1
Faroe Islands,1997,159,1,1,0,0,0,0,0,0,5,10,17,40,58,21,0,0,0,0,0,5,5,5,6,11,17,23,29,29,16,5,1,0,1
Faroe Islands,1998,197,2,2,0,0,0,0,0,0,4,10,18,52,78,26,0,0,0,0,0,4,5,5,6,12,20,32,38,40,19,7,2,0,1
Faroe Islands,1999,212,2,2,0,0,0,0,0,0,4,10,19,56,87,29,0,0,0,0,0,4,5,5,6,13,21,35,43,44,22,7,2,0,1
Faroe Islands,2000,190,1,1,0,0,0,0,0,0,3,10,16,47,78,28,0,0,0,0,0,3,5,5,5,11,18,29,37,41,22,6,1,0,1
Faroe Islands,2001,229,1,1,0,0,0,0,0,0,4,10,19,61,95,33,0,0,0,0,0,4,5,5,7,12,23,38,46,49,25,8,1,0,2
Faroe Islands,2002,272,3,4,1,0,0,0,0,0,4,11,23,73,113,41,0,0,0,0,0,4,5,6,10,13,27,46,57,56,31,10,4,0,2
Faroe Islands,2003,190,1,1,0,0,0,0,0,0,6,10,19,42,73,34,0,0,0,0,1,5,5,5,9,10,15,27,37,36,27,7,1,0,1
Faroe Islands,2004,290,3,4,1,0,0,0,0,0,5,11,24,72,120,47,0,0,0,0,0,5,5,6,10,14,26,46,64,56,36,11,4,0,1
Faroe Islands,2005,279,2,2,0,0,0,0,0,0,5,11,23,67,116,46,0,0,0,0,0,5,5,6,10,13,25,42,61,55,35,11,2,0,2
Faroe Islands,2006,211,1,1,0,0,0,0,0,0,4,10,19,44,84,37,0,0,0,0,0,4,5,5,9,10,16,28,43,41,29,8,1,0,2
Faroe Islands,2007,232,2,2,0,0,0,0,0,0,3,10,19,49,98,44,0,0,0,0,0,3,5,5,8,11,17,32,48,50,33,11,2,0,2
Faroe Islands,2008,251,3,3,0,0,0,0,0,0,3,12,24,50,106,48,0,0,0,0,0,3,5,7,10,14,17,33,52,54,35,13,3,0,2
Faroe Islands,2009,251,2,2,0,0,0,0,0,0,4,12,25,50,104,50,0,0,0,0,0,4,5,7,10,15,18,32,48,56,37,13,2,0,2
Faroe Islands,2010,282,2,2,0,0,0,0,0,0,4,11,25,57,118,57,0,0,0,0,0,4,5,6,10,15,22,35,54,64,42,15,2,0,2
Faroe Islands,2011,252,2,2,0,0,0,0,0,0,3,10,23,48,104,54,0,0,0,0,0,3,5,5,10,13,18,30,47,57,39,15,2,0,2
Faroe Islands,2012,246,2,2,0,0,0,0,0,0,2,10,21,45,103,57,0,0,0,0,0,2,5,5,9,12,18,27,46,57,40,17,2,0,2
Faroe Islands,2013,247,2,2,0,0,0,0,0,0,2,10,21,47,101,59,0,0,0,0,0,2,5,5,9,12,20,27,44,57,42,17,2,0,2
Faroe Islands,2014,216,1,1,0,0,0,0,0,0,3,10,18,36,84,57,0,0,0,0,0,3,5,5,8,10,15,21,37,47,39,18,1,0,2
Faroe Islands,2015,240,1,1,0,0,0,0,0,0,2,10,21,43,90,66,0,0,0,0,0,2,5,5,8,13,19,24,39,51,46,20,1,0,3
Faroe Islands,2016,247,1,1,0,0,0,0,0,0,2,10,24,46,93,64,0,0,0,0,0,2,5,5,10,14,19,27,39,54,46,18,1,0,4
Faroe Islands,2017,362,3,5,2,0,0,0,0,0,2,12,33,81,139,84,0,0,0,0,0,2,5,7,12,21,33,48,61,78,62,22,5,0,5
Faroe Islands,2018,338,2,2,0,0,0,0,0,0,3,12,31,75,126,80,0,0,0,0,0,3,5,7,11,20,30,45,54,72,59,21,2,0,4
Faroe Islands,2019,301,2,2,0,0,0,0,0,0,2,11,28,65,111,74,0,0,0,0,0,2,5,6,10,18,26,39,47,64,53,21,2,0,4
Faroe Islands,2020,276,2,2,0,0,0,0,0,0,2,10,25,58,99,73,0,0,0,0,0,2,5,5,10,15,24,34,42,57,52,21,2,0,2
Faroe Islands,2021,288,2,2,0,0,0,0,0,0,2,11,26,62,99,79,0,0,0,0,0,2,5,6,10,16,25,37,43,56,55,24,2,0,2
Fiji,1950,3030,546,747,201,63,42,54,108,100,116,228,454,802,304,8,58,50,50,50,54,62,99,129,207,247,349,453,235,69,8,0,810,96,0
Fiji,1951,2825,539,734,195,62,42,54,108,100,116,217,417,669,288,16,58,50,50,50,55,61,94,123,194,223,290,379,220,68,14,2,796,96,0
Fiji,1952,2675,554,743,189,63,42,55,109,103,117,211,385,561,271,18,58,51,50,53,55,62,92,119,181,204,246,315,205,66,17,1,806,97,0
Fiji,1953,2487,555,734,179,63,40,52,104,102,116,197,350,463,247,17,56,48,50,52,55,61,88,109,168,182,209,254,185,62,15,2,797,92,0
Fiji,1954,2343,555,728,173,61,39,52,101,100,116,187,323,390,226,17,54,47,48,52,55,61,84,103,156,167,183,207,167,59,15,2,789,91,0
Fiji,1955,2205,551,719,168,60,37,51,100,96,116,177,297,335,203,17,53,47,45,51,55,61,81,96,145,152,162,173,147,56,15,2,779,88,0
Fiji,1956,2119,543,707,164,56,37,51,99,95,116,174,282,299,183,18,53,46,45,50,55,61,81,93,138,144,150,149,130,53,16,2,763,88,0
Fiji,1957,2021,534,694,160,55,36,49,99,94,116,166,266,266,166,18,53,46,45,49,55,61,79,87,131,135,136,130,114,52,16,2,749,85,0
Fiji,1958,1936,522,676,154,53,36,47,95,89,116,163,247,243,152,18,50,45,42,47,55,61,79,84,122,125,127,116,101,51,16,2,729,83,0
Fiji,1959,1882,507,655,148,52,36,46,94,87,116,161,240,228,146,18,50,44,40,47,55,61,79,82,119,121,119,109,93,53,16,2,707,82,0
Fiji,1960,1812,488,630,142,51,36,45,91,85,115,158,228,216,139,20,49,42,40,45,54,61,79,79,113,115,114,102,86,53,18,2,681,81,0
Fiji,1961,1734,467,603,136,49,35,43,89,83,112,154,215,202,129,22,48,41,40,43,53,59,76,78,105,110,106,96,78,51,20,2,652,78,0
Fiji,1962,1674,459,587,128,48,32,42,85,82,111,150,205,189,122,21,45,40,40,42,52,59,75,75,100,105,100,89,73,49,19,2,635,74,0
Fiji,1963,1632,445,567,122,47,32,41,85,81,110,151,197,183,118,23,45,40,40,41,50,60,76,75,97,100,97,86,71,47,20,3,614,73,0
Fiji,1964,1571,427,544,117,44,31,40,80,75,107,148,188,175,113,24,42,38,35,40,48,59,74,74,93,95,93,82,68,45,20,4,588,71,0
Fiji,1965,1546,411,522,111,44,31,41,78,75,108,152,187,175,111,23,40,38,35,40,48,60,77,75,92,95,94,81,66,45,20,3,566,72,0
Fiji,1966,1533,398,504,106,43,32,42,79,75,107,154,187,175,112,24,41,38,35,40,47,60,78,76,93,94,94,81,67,45,20,4,547,74,0
Fiji,1967,1547,383,487,104,42,32,40,80,76,107,160,189,179,125,29,42,38,35,41,47,60,81,79,96,93,95,84,73,52,25,4,529,72,0
Fiji,1968,1539,375,474,99,42,32,41,80,78,107,162,188,179,122,30,43,37,37,41,47,60,81,81,96,92,94,85,72,50,25,5,516,73,0
Fiji,1969,1574,371,467,96,43,35,42,85,82,111,171,196,187,129,31,45,40,40,42,49,62,87,84,101,95,98,89,75,54,25,6,510,77,0
Fiji,1970,1590,366,462,96,42,36,43,85,82,112,176,203,191,133,30,45,40,40,42,50,62,89,87,106,97,100,91,78,55,25,5,504,79,0
Fiji,1971,1617,363,457,94,42,36,44,86,83,113,182,208,194,139,32,46,40,40,43,51,62,91,91,108,100,100,94,81,58,26,6,499,80,0
Fiji,1972,1640,356,449,93,42,37,46,88,85,115,188,213,197,142,34,47,41,40,45,53,62,92,96,111,102,100,97,83,59,27,7,491,83,0
Fiji,1973,1762,354,453,99,48,42,52,95,95,126,205,235,216,158,37,51,44,45,50,58,68,100,105,123,112,110,106,92,66,30,7,501,94,0
Fiji,1974,1747,349,438,89,42,39,51,97,92,126,207,239,218,162,39,52,45,43,49,58,68,99,108,126,113,110,108,94,68,31,8,480,90,0
Fiji,1975,1780,357,444,87,41,39,52,98,92,130,209,248,221,169,40,52,46,43,49,59,71,100,109,131,117,112,109,98,71,32,8,485,91,1
Fiji,1976,1814,363,447,84,41,39,52,98,93,131,211,258,224,175,43,53,45,43,50,59,72,100,111,137,121,114,110,102,73,34,9,488,91,1
Fiji,1977,1835,365,447,82,39,38,53,101,96,136,214,267,226,176,42,55,46,45,51,62,74,101,113,143,124,116,110,103,73,34,8,486,91,1
Fiji,1978,1856,365,447,82,37,38,54,105,96,139,217,278,233,174,40,58,47,45,51,63,76,103,114,147,131,121,112,103,71,32,8,484,92,1
Fiji,1979,1868,365,451,86,40,39,55,105,99,140,215,282,233,166,39,58,47,48,51,63,77,103,112,148,134,121,112,99,67,31,8,491,94,1
Fiji,1980,1964,356,436,80,38,39,58,114,105,152,236,312,257,176,40,63,51,50,55,69,83,114,122,162,150,136,121,106,70,32,8,474,97,1
Fiji,1981,2031,345,421,76,38,39,59,124,111,164,249,335,275,182,39,68,56,53,58,73,91,122,127,172,163,147,128,110,72,31,8,459,98,1
Fiji,1982,2072,334,406,72,38,39,60,128,117,169,259,348,288,183,36,69,59,56,61,76,93,128,131,176,172,155,133,112,71,30,6,444,99,1
Fiji,1983,2039,324,394,70,38,37,59,128,116,166,255,347,288,179,34,68,60,55,61,73,93,126,129,173,174,157,131,109,70,28,6,432,96,1
Fiji,1984,2003,314,381,67,37,35,55,125,114,165,253,341,292,177,32,66,59,54,60,73,92,126,127,169,172,160,132,108,69,27,5,418,90,1
Fiji,1985,1966,304,373,69,38,34,53,122,114,161,250,329,291,170,31,64,58,54,60,70,91,125,125,161,168,160,131,104,66,26,5,411,87,1
Fiji,1986,1971,291,356,65,33,33,50,122,114,160,254,332,303,177,32,63,59,55,59,69,91,126,128,161,171,166,137,108,69,27,5,389,83,1
Fiji,1987,2001,279,338,59,31,32,49,123,115,164,262,334,321,190,37,63,60,55,60,71,93,131,131,161,173,174,147,115,75,30,7,369,81,1
Fiji,1988,2006,267,322,55,31,33,49,120,118,167,265,337,332,192,38,60,60,59,59,74,93,132,133,164,173,181,151,117,75,31,7,353,82,1
Fiji,1989,2031,258,312,54,31,34,48,120,121,170,274,343,341,198,40,60,60,60,61,75,95,136,138,168,175,186,155,118,80,33,7,343,82,1
Fiji,1990,2035,246,295,49,28,34,47,119,123,173,281,347,348,200,40,59,60,60,63,78,95,139,142,173,174,188,160,120,80,33,7,323,81,1
Fiji,1991,2050,235,282,47,26,34,47,119,128,175,287,353,354,204,44,59,60,62,66,80,95,141,146,177,176,189,165,121,83,36,8,308,81,1
Fiji,1992,2052,223,267,44,26,32,46,114,130,177,291,356,358,207,44,55,59,62,68,79,98,143,148,182,174,189,169,124,83,36,8,293,78,1
Fiji,1993,2067,212,256,44,29,33,47,111,132,181,295,360,364,209,45,54,57,62,70,80,101,143,152,184,176,190,174,125,84,37,8,285,80,2
Fiji,1994,2057,201,240,39,25,29,47,108,132,183,295,366,365,212,50,53,55,61,71,81,102,141,154,188,178,189,176,128,84,41,9,265,76,2
Fiji,1995,2062,193,231,38,25,29,47,107,132,189,295,375,364,216,51,52,55,61,71,84,105,141,154,193,182,188,176,131,85,41,10,256,76,2
Fiji,1996,2077,187,223,36,24,29,45,102,133,192,301,386,365,221,53,51,51,61,72,86,106,144,157,198,188,188,177,135,86,42,11,247,74,2
Fiji,1997,2121,182,220,38,25,29,45,104,136,200,309,401,369,228,53,53,51,61,75,91,109,148,161,206,195,190,179,140,88,42,11,245,74,2
Fiji,1998,2141,176,209,33,21,27,44,103,132,201,313,411,378,244,55,53,50,59,73,92,109,151,162,212,199,194,184,150,94,43,12,230,71,2
Fiji,1999,2197,174,208,34,22,27,42,104,135,206,322,427,388,259,59,54,50,59,76,96,110,158,164,220,207,199,189,158,101,46,13,230,69,2
Fiji,2000,2359,173,206,33,20,27,43,111,140,222,349,466,420,287,66,58,53,61,79,102,120,172,177,239,227,217,203,174,113,51,15,226,70,2
Fiji,2001,2439,173,206,33,20,26,43,111,141,231,358,489,436,304,68,58,53,61,80,104,127,177,181,250,239,227,209,184,120,53,15,226,69,2
Fiji,2002,2639,175,208,33,20,28,45,117,150,255,389,541,477,337,73,60,57,64,86,114,141,190,199,275,266,251,226,201,136,58,15,228,73,3
Fiji,2003,2638,179,214,35,21,26,44,115,145,253,387,542,476,339,73,57,58,63,82,112,141,187,200,273,269,252,224,201,138,58,15,235,70,2
Fiji,2004,2671,181,215,34,20,24,42,114,141,256,397,552,488,343,76,55,59,60,81,112,144,188,209,274,278,260,228,202,141,61,15,235,66,2
Fiji,2005,2706,182,216,34,20,23,40,113,140,259,404,560,502,349,78,54,59,60,80,113,146,193,211,276,284,268,234,204,145,63,15,236,63,2
Fiji,2006,2755,188,224,36,17,22,39,111,140,260,418,572,520,356,83,53,58,61,79,112,148,203,215,279,293,279,241,207,149,67,16,241,61,2
Fiji,2007,2847,191,227,36,18,22,38,110,141,265,432,595,548,367,84,53,57,61,80,113,152,213,219,291,304,296,252,213,154,68,16,245,60,2
Fiji,2008,2890,190,226,36,17,21,36,103,141,265,438,607,569,375,87,49,54,64,77,111,154,217,221,299,308,308,261,217,158,71,16,243,57,2
Fiji,2009,2912,189,226,37,17,20,34,100,140,262,445,621,586,369,87,48,52,64,76,108,154,223,222,310,311,317,269,215,154,70,17,243,54,3
Fiji,2010,2923,183,219,36,17,19,32,97,136,257,455,629,606,365,87,46,51,63,73,105,152,226,229,316,313,326,280,216,149,70,17,236,51,3
Fiji,2011,2928,178,213,35,16,17,30,94,135,254,464,633,623,363,84,44,50,62,73,103,151,227,237,317,316,332,291,218,145,66,18,229,47,3
Fiji,2012,3018,179,216,37,18,17,30,92,135,256,484,653,658,373,83,43,49,61,74,103,153,234,250,325,328,347,311,227,146,66,17,234,47,3
Fiji,2013,3101,177,211,34,17,17,29,90,137,254,504,679,690,387,83,42,48,61,76,102,152,240,264,335,344,359,331,239,148,66,17,228,46,3
Fiji,2014,3179,178,212,34,18,17,28,88,138,250,518,705,714,401,83,41,47,59,79,100,150,244,274,342,363,367,347,252,149,66,17,230,45,3
Fiji,2015,3360,179,214,35,21,17,28,89,142,259,547,762,763,432,83,41,48,59,83,104,155,254,293,372,390,388,375,275,157,66,17,235,45,3
Fiji,2016,3355,182,222,40,22,20,27,85,142,251,541,764,764,435,78,38,47,59,83,103,148,249,292,379,385,387,377,281,154,63,15,244,47,3
Fiji,2017,3299,180,217,37,17,17,24,77,132,242,526,763,762,441,76,35,42,55,77,100,142,239,287,386,377,386,376,286,155,61,15,234,41,3
Fiji,2018,3367,181,219,38,21,18,24,76,128,241,525,787,785,463,76,34,42,53,75,102,139,235,290,402,385,400,385,302,161,61,15,240,42,2
Fiji,2019,3427,183,220,37,17,18,23,72,123,240,523,808,813,488,77,33,39,52,71,104,136,231,292,415,393,420,393,317,171,62,15,237,41,2
Fiji,2020,3496,184,223,39,17,18,24,69,121,239,521,836,835,512,79,32,37,50,71,104,135,228,293,427,409,433,402,331,181,64,15,240,42,2
Fiji,2021,3870,184,223,39,18,18,24,66,122,259,565,955,942,590,85,29,37,49,73,112,147,244,321,474,481,488,454,378,212,70,15,241,42,2
Finland,1950,20039,1786,2216,430,133,111,198,623,728,1103,1857,3615,5749,3215,490,286,337,338,390,499,604,847,1010,1499,2116,2742,3007,1975,1240,416,74,2349,309,2
Finland,1951,19590,1429,1756,327,120,106,155,544,689,1039,1812,3677,5751,3438,494,243,301,303,386,447,592,827,985,1517,2160,2717,3034,2135,1303,434,60,1876,261,4
Finland,1952,19154,1344,1651,307,122,81,131,451,585,1036,1838,3676,5690,3446,436,198,253,266,319,443,593,805,1033,1518,2158,2700,2990,2249,1197,382,54,1773,212,5
Finland,1953,19488,1286,1591,305,137,70,102,357,555,1009,1874,3669,5934,3676,509,155,202,250,305,431,578,802,1072,1449,2220,2776,3158,2460,1216,447,62,1728,172,6
Finland,1954,18530,1138,1379,241,106,63,98,345,542,1023,1774,3421,5736,3578,464,138,207,274,268,436,587,765,1009,1421,2000,2757,2979,2501,1077,407,57,1485,161,4
Finland,1955,19128,1122,1356,234,122,88,102,299,528,1003,1826,3477,5862,3920,541,146,153,225,303,421,582,786,1040,1362,2115,2699,3163,2615,1305,470,71,1478,190,4
Finland,1956,18765,979,1209,230,126,75,109,271,522,1036,1828,3417,5850,3851,462,110,161,223,299,400,636,792,1036,1320,2097,2772,3078,2577,1274,401,61,1335,184,5
Finland,1957,19792,1058,1400,342,123,90,96,270,542,996,1940,3698,6174,3974,481,122,148,237,305,392,604,816,1124,1472,2226,2949,3225,2656,1318,410,71,1523,186,6
Finland,1958,18921,851,1102,251,81,72,75,267,457,939,1871,3405,5986,4191,469,102,165,185,272,373,566,760,1111,1402,2003,2819,3167,2678,1513,397,72,1183,147,5
Finland,1959,18694,804,1015,211,83,65,84,249,417,895,1840,3511,6009,4100,421,102,147,162,255,350,545,795,1045,1489,2022,2823,3186,2665,1435,350,71,1098,149,4
Finland,1960,19177,731,870,139,89,76,81,217,429,882,1824,3563,6316,4299,525,106,111,173,256,331,551,784,1040,1542,2021,2969,3347,2712,1587,442,83,959,157,6
Finland,1961,19892,746,904,158,88,70,88,177,433,864,1921,3701,6535,4545,556,74,103,160,273,364,500,813,1108,1565,2136,3095,3440,2910,1635,483,73,992,158,6
Finland,1962,20621,704,831,127,79,59,93,191,398,875,1971,3867,6781,4813,649,89,102,164,234,357,518,822,1149,1640,2227,3088,3693,3031,1782,561,88,910,152,8
Finland,1963,20040,660,797,137,73,60,76,216,353,842,1971,3901,6550,4583,603,101,115,149,204,332,510,860,1111,1611,2290,3031,3519,2939,1644,534,69,870,136,9
Finland,1964,20254,553,682,129,68,59,138,197,379,779,1910,3965,6708,4713,639,97,100,156,223,303,476,776,1134,1670,2295,3047,3661,3036,1677,564,75,750,197,9
Finland,1965,21194,562,678,116,99,62,104,179,327,815,1894,4094,6995,5235,701,83,96,138,189,354,461,745,1149,1619,2475,3079,3916,3380,1855,608,93,777,166,8
Finland,1966,20699,518,645,127,81,65,106,202,343,789,1855,4140,6869,4943,655,92,110,131,212,340,449,701,1154,1700,2440,3121,3748,3165,1778,560,95,726,171,6
Finland,1967,20457,504,620,116,76,66,93,197,282,763,1842,4074,6843,4949,645,99,98,109,173,277,486,701,1141,1664,2410,3152,3691,3233,1716,555,90,696,159,6
Finland,1968,21230,421,549,128,70,51,108,188,311,771,1826,4207,7111,5333,692,97,91,113,198,335,436,686,1140,1701,2506,3357,3754,3474,1859,594,98,619,159,8
Finland,1969,21458,403,506,103,84,48,96,233,313,831,1819,4223,7176,5390,730,119,114,128,185,305,526,694,1125,1763,2460,3462,3714,3445,1945,636,94,590,144,8
Finland,1970,20316,381,459,78,66,45,87,190,280,738,1708,4100,6832,5091,706,109,81,115,165,275,463,677,1031,1725,2375,3211,3621,3207,1884,609,97,525,132,7
Finland,1971,21170,316,401,85,70,57,98,215,293,721,1631,4254,7346,5346,728,108,107,118,175,282,439,618,1013,1756,2498,3481,3865,3341,2005,618,110,471,155,9
Finland,1972,20358,275,340,65,70,60,95,217,284,662,1558,3998,6973,5357,737,107,110,126,158,268,394,588,970,1660,2338,3317,3656,3350,2007,624,113,410,155,8
Finland,1973,19693,249,305,56,70,63,94,208,252,638,1464,3816,6879,5147,747,104,104,96,156,226,412,581,883,1518,2298,3249,3630,3126,2021,636,111,375,157,9
Finland,1974,20349,302,369,67,59,42,102,218,265,679,1493,3896,6924,5448,841,91,127,125,140,264,415,608,885,1575,2321,3055,3869,3368,2080,715,126,428,144,11
Finland,1975,19947,260,326,66,52,44,81,204,274,635,1526,3774,6886,5267,862,101,103,116,158,239,396,640,886,1443,2331,3112,3774,3263,2004,734,128,378,125,11
Finland,1976,20353,273,324,51,41,36,71,229,282,609,1509,3676,7152,5478,927,87,142,119,163,232,377,646,863,1345,2331,3293,3859,3392,2086,794,133,365,107,14
Finland,1977,19887,252,310,58,34,25,62,217,258,542,1375,3660,6993,5410,984,87,130,100,158,205,337,513,862,1410,2250,3144,3849,3295,2115,842,142,344,87,15
Finland,1978,19923,215,253,38,29,42,61,163,282,526,1361,3419,7124,5632,1017,68,95,139,143,194,332,535,826,1252,2167,3202,3922,3419,2213,853,164,282,103,14
Finland,1979,20254,224,257,33,31,34,71,163,276,536,1380,3349,7173,5884,1084,67,96,126,150,228,308,527,853,1203,2146,3280,3893,3695,2189,888,196,288,105,16
Finland,1980,20641,208,244,36,22,30,58,160,281,482,1315,3202,7148,6482,1194,65,95,140,141,207,275,506,809,1163,2039,3280,3868,3953,2529,978,216,266,88,21
Finland,1981,20987,171,202,31,33,24,49,156,265,495,1246,3294,7222,6740,1243,50,106,147,118,207,288,470,776,1226,2068,3280,3942,4109,2631,1016,227,235,73,22
Finland,1982,20538,181,208,27,27,24,54,148,284,489,1208,3058,7147,6591,1269,62,86,134,150,214,275,463,745,1171,1887,3120,4027,4037,2554,1032,237,235,78,27
Finland,1983,21687,188,226,38,29,20,60,165,316,513,1283,2935,7549,7159,1403,69,96,122,194,218,295,461,822,1162,1773,3266,4283,4312,2847,1125,278,255,80,35
Finland,1984,21697,182,215,33,28,24,60,154,262,493,1120,3012,7380,7419,1495,63,91,101,161,210,283,438,682,1199,1813,3132,4248,4382,3037,1222,273,243,84,36
Finland,1985,23285,177,206,29,30,22,48,131,292,491,1165,3013,7709,8329,1810,58,73,111,181,207,284,419,746,1204,1809,3140,4569,4861,3468,1469,341,236,70,42
Finland,1986,23144,138,168,30,16,16,57,172,325,554,1131,2982,7594,8199,1886,78,94,127,198,207,347,399,732,1190,1792,3012,4582,4672,3527,1530,356,184,73,45
Finland,1987,23618,157,195,38,25,18,56,159,332,533,1178,3066,7410,8632,1964,65,94,126,206,228,305,439,739,1202,1864,2948,4462,4895,3737,1589,375,220,74,49
Finland,1988,24354,171,205,34,21,32,58,142,318,605,1126,3058,7447,9004,2287,71,71,112,206,242,363,472,654,1203,1855,2811,4636,5172,3832,1871,416,226,90,55
Finland,1989,24564,167,213,46,17,16,50,143,324,641,1097,2909,7232,9515,2359,62,81,122,202,307,334,455,642,1112,1797,2746,4486,5397,4118,1918,441,230,66,50
Finland,1990,25066,180,206,26,29,20,72,164,278,675,1073,2978,7108,9886,2522,91,73,121,157,332,343,469,604,1087,1891,2779,4329,5551,4335,2042,480,235,92,57
Finland,1991,24677,164,201,37,26,21,43,136,324,645,1058,2777,6944,9895,2546,66,70,109,215,306,339,456,602,1053,1724,2633,4311,5492,4403,2043,503,227,64,63
Finland,1992,24938,143,166,23,35,32,53,143,296,720,1029,2811,6791,9938,2851,61,82,99,197,307,413,434,595,1021,1790,2630,4161,5476,4462,2292,559,201,85,68
Finland,1993,26203,120,145,25,18,22,38,135,286,691,1059,2726,6825,11037,3149,53,82,108,178,287,404,461,598,1011,1715,2737,4088,5772,5265,2509,640,163,60,73
Finland,1994,24446,139,165,26,21,24,41,142,266,667,1006,2464,6292,10173,3104,54,88,95,171,256,411,461,545,919,1545,2606,3686,5350,4823,2456,648,186,65,79
Finland,1995,24977,108,143,35,18,19,34,121,264,700,1106,2405,6331,10574,3174,48,73,90,174,268,432,500,606,862,1543,2574,3757,5396,5178,2516,658,161,53,86
Finland,1996,24850,101,131,30,23,21,41,96,260,700,1025,2309,6182,10447,3512,47,49,102,158,283,417,437,588,801,1508,2534,3648,5217,5230,2768,744,154,62,98
Finland,1997,25187,101,129,28,24,25,42,102,251,753,1099,2345,6222,10337,3757,43,59,104,147,292,461,518,581,859,1486,2496,3726,5028,5309,2949,808,153,67,104
Finland,1998,24737,106,124,18,15,22,43,116,243,671,1161,2163,6199,10074,3798,65,51,103,140,242,429,587,574,810,1353,2492,3707,4854,5220,2977,821,139,65,103
Finland,1999,24950,95,119,24,24,24,50,106,232,670,1163,2073,6018,10350,4013,55,51,95,137,251,419,575,588,820,1253,2318,3700,4862,5488,3156,857,143,74,104
Finland,2000,25333,88,104,16,18,25,46,129,256,670,1243,2105,6027,10214,4384,64,65,101,155,255,415,611,632,862,1243,2258,3769,4815,5399,3443,941,122,71,112
Finland,2001,24757,63,80,17,14,12,40,102,245,637,1224,2076,5842,9935,4435,50,52,76,169,254,383,619,605,869,1207,2114,3728,4715,5220,3471,964,94,52,117
Finland,2002,25464,78,91,13,20,12,43,98,238,617,1299,1984,5696,10343,4886,56,42,95,143,235,382,601,698,828,1156,2126,3570,4875,5468,3782,1104,111,55,137
Finland,2003,25099,82,96,14,13,13,35,118,182,579,1320,1989,5544,10206,4860,61,57,66,116,217,362,569,751,822,1167,1999,3545,4911,5295,3742,1118,109,48,142
Finland,2004,23775,71,89,18,16,18,44,130,185,588,1460,1995,4991,9523,4594,60,70,55,130,235,353,599,861,827,1168,1841,3150,4708,4815,3468,1126,105,62,142
Finland,2005,23868,79,104,25,30,26,46,105,213,600,1529,2007,4802,9505,4749,55,50,74,139,215,385,617,912,899,1108,1821,2981,4750,4755,3549,1200,134,72,154
Finland,2006,23752,71,86,15,18,13,39,89,175,535,1430,2036,4628,9613,4931,43,46,65,110,205,330,591,839,889,1147,1656,2972,4724,4889,3653,1278,104,52,163
Finland,2007,24305,68,88,20,15,19,44,120,161,530,1365,2195,4521,9849,5209,65,55,66,95,207,323,519,846,993,1202,1571,2950,4588,5261,3787,1422,103,63,195
Finland,2008,24635,63,79,16,12,13,38,115,169,493,1380,2194,4536,10083,5313,52,63,64,105,191,302,542,838,1057,1137,1658,2878,4668,5415,3828,1485,91,51,210
Finland,2009,24767,83,96,13,8,18,40,115,162,526,1296,2284,4413,10234,5352,53,62,72,90,197,329,493,803,1133,1151,1686,2727,4651,5583,3826,1526,104,58,225
Finland,2010,25345,58,76,18,16,9,30,123,155,482,1243,2358,4439,10567,5597,58,65,70,85,172,310,510,733,1137,1221,1683,2756,4646,5921,3991,1606,92,39,249
Finland,2011,25299,62,76,14,13,16,30,110,160,413,1205,2466,4167,10365,5998,55,55,69,91,144,269,474,731,1153,1313,1646,2521,4517,5848,4283,1715,89,46,281
Finland,2012,25986,68,89,21,18,11,41,126,161,402,1163,2533,4380,10580,6198,58,68,66,95,144,258,436,727,1134,1399,1789,2591,4603,5977,4468,1730,107,52,286
Finland,2013,25795,41,60,19,5,12,37,96,151,417,1097,2559,4367,10298,6389,47,49,67,84,144,273,407,690,1090,1469,1701,2666,4373,5925,4647,1742,65,49,304
Finland,2014,26562,55,66,11,16,13,22,101,167,312,1067,2654,4451,10494,6867,45,56,77,90,109,203,426,641,1046,1608,1727,2724,4348,6146,5035,1832,82,35,332
Finland,2015,26343,48,55,7,8,14,31,73,150,342,993,2612,4390,10356,6991,32,41,71,79,107,235,405,588,966,1646,1702,2688,4198,6158,5157,1834,63,45,324
Finland,2016,26976,42,54,12,14,14,28,106,140,325,966,2565,4688,10412,7328,53,53,63,77,105,220,375,591,1008,1557,1939,2749,4113,6299,5304,2024,68,42,339
Finland,2017,26788,44,60,16,13,11,33,101,157,324,1000,2573,4736,10067,7369,54,47,69,88,132,192,399,601,963,1610,1985,2751,4101,5966,5286,2083,73,44,347
Finland,2018,27236,49,63,14,6,10,29,105,151,323,975,2484,4810,10107,7803,46,59,58,93,119,204,370,605,971,1513,2136,2674,4084,6023,5520,2283,69,39,368
Finland,2019,26926,41,48,7,4,21,38,123,159,314,899,2380,4934,9804,7834,66,57,64,95,135,179,365,534,877,1503,2253,2681,4076,5728,5485,2349,52,59,365
Finland,2020,27376,34,42,8,3,10,36,103,162,314,874,2340,5172,9883,8058,45,58,72,90,125,189,313,561,856,1484,2407,2765,4199,5684,5581,2477,45,46,379
Finland,2021,28234,39,46,7,3,12,26,90,148,286,846,2158,5360,10282,8539,42,48,61,87,118,168,306,540,820,1338,2335,3025,4467,5815,5897,2642,49,38,436
France,1950,262180,18878,22201,3323,766,750,1379,4812,5720,12560,23128,44665,78454,59125,8527,2092,2720,2009,3711,5161,7399,10081,13047,18305,26360,36513,41941,36797,22328,7342,1185,22967,2129,92
France,1951,279941,17866,21416,3550,780,680,1231,4655,5707,12685,24228,46584,85647,66181,10039,1994,2661,2309,3398,5085,7600,10474,13754,19209,27375,38365,47282,40560,25621,8684,1355,22196,1911,110
France,1952,258336,16069,19573,3504,735,514,1017,3706,4907,11897,22983,43451,79522,60564,9353,1637,2069,2230,2677,4904,6993,10018,12965,17645,25806,35672,43850,36985,23579,8062,1291,20308,1531,108
France,1953,276074,14066,16873,2807,775,495,902,3502,4884,11940,23954,45106,87166,69231,11118,1482,2020,2382,2502,4830,7110,10316,13638,18319,26787,38149,49017,42634,26597,9576,1542,17648,1397,129
France,1954,254038,13975,16639,2664,727,459,835,3122,4454,11209,22499,42354,78686,62704,10228,1324,1798,2379,2075,4480,6729,9618,12881,17412,24942,34521,44165,39025,23679,8736,1492,17366,1294,121
France,1955,257983,13148,15767,2619,730,405,725,2903,4311,10797,22119,42070,79836,67170,11022,1192,1711,2282,2029,4138,6659,9421,12698,17236,24834,34836,45000,41528,25642,9348,1674,16497,1130,128
France,1956,267489,12292,14414,2122,748,451,699,2696,4594,10325,22117,42479,83244,73189,12385,1070,1626,2273,2321,3788,6537,9487,12630,17502,24977,36491,46753,45764,27425,10450,1935,15162,1150,148
France,1957,258464,11699,13955,2256,778,518,735,2621,4616,9458,21296,41696,80126,70512,12012,1073,1548,2126,2490,3324,6134,8998,12298,17405,24291,35528,44598,44122,26390,10112,1900,14733,1253,148
France,1958,246619,10800,12820,2020,713,455,629,2345,4291,8159,19634,38985,75961,70565,11910,978,1367,1858,2433,2660,5499,8209,11425,16076,22909,33184,42777,43700,26865,9977,1933,13533,1084,152
France,1959,250068,10248,12221,1973,787,561,613,2385,4541,7885,19850,39168,76785,72487,12606,1055,1330,1828,2713,2422,5463,8207,11643,16270,22898,33274,43511,44483,28004,10483,2123,13008,1174,178
France,1960,255306,9361,11000,1639,651,524,631,2298,4600,7732,19782,39783,77803,76683,13619,972,1326,1794,2806,2392,5340,8250,11532,16280,23503,33446,44357,46008,30675,11353,2266,11651,1155,198
France,1961,242945,9040,10671,1631,623,547,667,2101,4323,7247,18719,37933,73720,73065,13119,861,1240,1790,2533,2605,4642,7687,11032,15718,22215,31528,42192,43240,29825,10877,2242,11294,1214,204
France,1962,263891,8710,10396,1686,648,551,788,2047,4421,7443,19157,40283,79577,83239,15104,873,1174,1804,2617,3047,4396,7838,11319,16619,23664,33511,46066,48383,34856,12546,2558,11044,1339,234
France,1963,270760,9207,10721,1514,674,532,838,2179,4203,7458,19351,41109,81328,85719,16395,939,1240,1734,2469,3561,3897,7856,11495,16797,24312,34370,46958,49587,36132,13691,2704,11395,1370,256
France,1964,249789,8386,9850,1464,614,528,883,1902,4142,6974,18510,38490,74037,78151,15453,858,1044,1645,2497,3606,3368,7707,10803,15916,22574,31659,42378,45455,32696,12897,2556,10464,1411,252
France,1965,261383,7815,9108,1293,615,523,948,2042,4205,7333,18369,39478,77119,83893,17465,938,1104,1661,2544,3812,3521,7202,11167,16132,23346,33132,43987,48677,35216,14567,2898,9723,1471,283
France,1966,254046,7631,8896,1265,642,497,938,2058,4063,7597,17348,38439,74544,81252,17481,996,1062,1513,2550,3722,3875,6724,10624,15776,22663,32620,41924,46900,34352,14584,2897,9538,1435,292
France,1967,260900,7181,8436,1255,604,537,1079,2207,4011,7992,16602,38651,76504,84774,19176,1144,1063,1567,2444,3588,4404,6110,10492,15614,23037,33408,43096,48478,36296,15920,3256,9040,1616,330
France,1968,267021,7184,8445,1261,654,543,1142,2133,3725,8613,15962,38831,78244,87724,20643,1138,995,1371,2354,3658,4955,5365,10597,15535,23296,33949,44295,49906,37818,16949,3694,9099,1685,364
France,1969,275043,6956,8168,1212,688,602,1112,2308,3785,9223,15671,41140,82666,88612,20696,1268,1040,1362,2423,3654,5569,4923,10748,16225,24915,36246,46420,50338,38274,16940,3756,8856,1714,370
France,1970,263253,6584,7684,1100,664,537,1124,2275,3630,8916,14421,37658,77359,87017,21554,1280,995,1375,2255,3545,5371,4883,9538,14870,22788,33378,43981,48850,38167,17504,4050,8348,1661,412
France,1971,269003,6427,7605,1178,672,595,1133,2405,3602,8933,14371,37228,78389,90606,23011,1367,1038,1323,2279,3529,5404,5451,8920,14631,22597,33407,44982,50138,40468,18514,4497,8277,1728,450
France,1972,264811,6004,7040,1036,691,573,1175,2570,3540,8899,14027,36727,77783,88647,22688,1400,1170,1350,2190,3586,5313,6115,7912,14655,22072,32964,44819,49162,39485,18280,4408,7731,1748,449
France,1973,271207,5535,6633,1098,666,559,1175,2572,3364,8521,13518,36086,79623,93359,24610,1397,1175,1261,2103,3408,5113,6570,6948,14118,21968,33672,45951,51396,41963,19752,4858,7299,1734,520
France,1974,266215,4875,5927,1052,617,523,1129,2456,3118,8314,13459,34436,77833,92477,25361,1222,1234,1299,1819,3322,4992,7270,6189,13438,20998,32908,44925,50845,41632,20320,5041,6544,1652,558
France,1975,269545,4301,5281,980,560,495,1093,2560,3049,8231,13637,34009,78691,94895,26442,1214,1346,1228,1821,3217,5014,7339,6298,12854,21155,32754,45937,52093,42802,21147,5295,5841,1588,602
France,1976,267728,3853,4748,895,582,499,1116,2569,3020,8005,14106,31613,77878,95466,27469,1228,1341,1214,1806,3097,4908,7230,6876,11626,19987,31787,46091,52209,43257,21852,5617,5330,1615,655
France,1977,255507,3617,4481,864,571,488,1095,2677,3054,7462,14245,28736,73776,91696,26562,1263,1414,1313,1741,2791,4671,6700,7545,10045,18691,30157,43619,50428,41268,21037,5525,5052,1583,659
France,1978,261126,3357,4116,759,564,479,1053,2404,3155,7382,15084,27322,74099,96111,28634,1155,1249,1476,1679,2721,4661,6566,8518,8853,18469,30045,44054,52762,43349,22604,6030,4680,1532,725
France,1979,258324,3325,3986,661,558,459,1078,2406,3145,7091,15612,25578,72108,96343,29196,1182,1224,1509,1636,2691,4400,6604,9008,7817,17761,28964,43144,52217,44126,22989,6207,4544,1537,755
France,1980,261826,3398,4143,745,510,484,1083,2452,3301,6958,15508,24376,72021,98784,31354,1203,1249,1643,1658,2627,4331,6455,9053,7631,16745,28486,43535,53222,45562,24495,6859,4653,1567,851
France,1981,267503,3241,3982,741,509,478,1097,2361,3407,6545,14944,24457,72028,103948,32822,1121,1240,1648,1759,2452,4093,6146,8798,8782,15675,28026,44002,55548,48400,25540,7282,4491,1575,921
France,1982,260735,3157,3826,669,465,457,999,2409,3572,6195,14604,23550,69558,101453,32686,1174,1235,1652,1920,2312,3883,6155,8449,9766,13784,27032,42526,53995,47458,25404,7282,4291,1456,957
France,1983,271054,2839,3577,738,442,448,953,2502,3708,6093,14642,23094,70483,108322,35719,1205,1297,1694,2014,2298,3795,6149,8493,10822,12272,27118,43365,57248,51074,27639,8080,4019,1401,1070
France,1984,260273,2746,3357,611,392,418,925,2395,3720,5962,13879,21985,66905,104284,34985,1132,1263,1654,2066,2291,3671,5777,8102,11445,10540,25780,41125,54843,49441,27063,7922,3749,1343,1063
France,1985,265752,2653,3269,616,374,395,860,2343,3813,5622,13830,22136,66272,108563,37108,1119,1224,1578,2235,2172,3450,5689,8141,11684,10452,24833,41439,56319,52244,28588,8520,3643,1255,1168
France,1986,263624,2660,3243,583,368,379,872,2236,3685,5715,13382,23039,62588,108618,38246,1067,1169,1501,2184,2409,3306,5458,7924,11521,11518,22434,40154,55758,52860,29316,8930,3611,1251,1253
France,1987,252310,2435,2964,529,381,347,746,2116,3673,5719,12906,23725,57116,103496,37845,998,1118,1454,2219,2553,3166,5219,7687,10775,12950,19259,37857,52644,50852,28960,8885,3345,1093,1277
France,1988,252320,2517,3054,537,320,323,767,2144,3638,5918,12503,24648,53838,103998,39785,989,1155,1450,2188,2769,3149,5031,7472,10570,14078,16888,36950,51984,52014,30351,9434,3374,1090,1382
France,1989,255236,2377,2903,526,337,354,739,2153,3713,5998,12121,25491,50362,106500,43007,1011,1142,1505,2208,2917,3081,4781,7340,10446,15045,14475,35887,52200,54300,32580,10427,3240,1093,1557
France,1990,253980,2299,2752,453,306,302,729,2064,3596,5980,11711,25034,48422,106503,44905,911,1153,1483,2113,2961,3019,4571,7140,10094,14940,14260,34162,51758,54745,33873,11032,3058,1031,1672
France,1991,252034,2248,2765,517,314,297,702,2189,3526,6364,11124,24979,46640,105831,45621,959,1230,1515,2011,3113,3251,4342,6782,10061,14918,15799,30841,50796,55035,34489,11132,3079,999,1684
France,1992,250258,2023,2425,402,300,282,648,2140,3790,6534,10689,24290,45138,104412,47785,924,1216,1596,2194,3005,3529,4185,6504,9801,14489,17894,27244,49663,54749,35860,11925,2725,930,1825
France,1993,256651,1835,2243,408,285,284,696,2132,3648,7011,10619,24480,44204,107740,51311,929,1203,1568,2080,3185,3826,4136,6483,9925,14555,19738,24466,50408,57332,38435,12876,2528,980,1994
France,1994,249220,1740,2099,359,259,296,554,2024,3742,7091,10282,23701,42209,103153,51703,904,1120,1572,2170,3030,4061,4160,6122,9473,14228,21367,20842,48010,55143,38523,13180,2358,850,2104
France,1995,256327,1546,1931,385,242,293,594,2034,3753,7479,9938,23634,43358,105245,55486,909,1125,1593,2160,3154,4325,4135,5803,9353,14281,22308,21050,47171,58074,40899,14587,2173,887,2338
France,1996,259370,1465,1788,323,237,239,541,1879,3684,7469,10207,23016,45880,102637,59215,848,1031,1530,2154,3045,4424,4436,5771,9044,13972,22183,23697,43990,58647,43277,15938,2025,780,2581
France,1997,257931,1446,1796,350,202,255,577,1588,3265,7368,10413,22454,48309,98287,60653,725,863,1323,1942,2934,4434,4936,5477,8545,13909,21183,27126,39194,59093,43815,16838,1998,832,2757
France,1998,260267,1509,1779,270,226,250,517,1675,3183,7194,10707,21857,51334,95189,63376,764,911,1235,1948,2910,4284,5184,5523,8366,13491,21180,30154,35257,59932,45369,18007,2005,767,2981
France,1999,263397,1406,1701,295,223,241,538,1586,3095,7374,10906,21167,53992,92792,66572,712,874,1187,1908,3000,4374,5519,5387,8131,13036,20586,33406,31645,61147,47505,19067,1924,779,3216
France,2000,259306,1458,1775,317,193,233,555,1337,3078,7343,11169,20333,53342,89026,67524,631,706,1187,1891,2892,4451,5712,5457,7728,12605,20160,33182,30836,58190,47991,19533,1968,788,3398
France,2001,258694,1490,1822,332,163,234,559,1422,2972,7321,11731,19632,52226,87819,69127,655,767,1076,1896,2924,4397,5853,5878,7523,12109,19950,32276,34827,52992,48811,20316,1985,793,3666
France,2002,262265,1370,1661,291,191,221,494,1368,2782,7404,12427,19038,51699,89019,71961,645,723,1016,1766,2979,4425,6055,6372,7195,11843,19509,32190,40461,48558,50574,21387,1852,715,3997
France,2003,272757,1312,1634,322,175,187,422,1235,2800,7218,13063,18886,52213,92322,78141,573,662,1060,1740,2841,4377,6215,6848,7273,11613,19798,32415,46929,45393,54613,23528,1809,609,4456
France,2004,245860,1331,1577,246,152,182,427,1140,2657,6952,13138,17681,46879,81624,69319,548,592,999,1658,2794,4158,6015,7123,7153,10528,18055,28824,45688,35936,48075,21244,1729,609,4132
France,2005,255916,1202,1467,265,154,160,409,1141,2563,6812,13372,17667,47016,87680,72876,552,589,961,1602,2610,4202,5848,7524,7264,10403,17646,29370,48851,38829,49447,23429,1621,569,4599
France,2006,250416,1266,1532,266,153,157,396,1087,2462,6672,13740,17598,45292,88769,67731,539,548,879,1583,2555,4117,5949,7791,7651,9947,16883,28409,46019,42750,44068,23663,1685,553,4830
France,2007,252764,1177,1422,245,169,149,357,1077,2271,6488,13623,17806,43958,95171,65046,479,598,802,1469,2500,3988,5733,7890,8297,9509,16171,27787,45204,49967,40094,24952,1591,506,5226
France,2008,260412,1303,1567,264,151,155,339,1006,2383,6500,13670,18654,44119,102158,63960,456,550,864,1519,2508,3992,5826,7844,8923,9731,15903,28216,45570,56588,37174,26786,1718,494,5747
France,2009,264556,1294,1547,253,152,163,354,1085,2265,6464,13880,19111,42511,108134,62744,485,600,826,1439,2490,3974,5873,8007,9358,9753,15332,27179,45186,62948,34836,27908,1699,517,6143
France,2010,265794,1257,1504,247,134,158,313,1044,2089,6198,13622,19950,41295,108295,64595,459,585,713,1376,2325,3873,5774,7848,10120,9830,14796,26499,44587,63708,37165,27430,1638,471,6600
France,2011,262564,1184,1412,228,135,149,327,998,2052,5997,13380,20515,38949,104323,67547,462,536,750,1302,2247,3750,5655,7725,10473,10042,14008,24941,42780,61543,43251,24296,1547,476,6780
France,2012,277655,1191,1414,223,135,162,303,977,1967,5824,13246,21572,38973,109091,76431,447,530,729,1238,2132,3692,5548,7698,10467,11105,13835,25138,44599,64492,53081,23350,1549,465,7562
France,2013,277424,1231,1468,237,158,148,271,879,1900,5713,13062,22305,37736,106505,79485,388,491,724,1176,2156,3557,5397,7665,10482,11823,14031,23705,42995,63510,58395,21090,1626,419,7794
France,2014,271768,1187,1407,220,137,138,267,872,1846,5590,12771,22741,36116,101591,80368,355,517,683,1163,2137,3453,5315,7456,10259,12482,13391,22725,41160,60431,60800,19568,1544,405,7926
France,2015,292047,1206,1416,210,131,149,310,863,1798,5432,12958,23815,37180,107069,92432,389,474,695,1103,2041,3391,5377,7581,10247,13568,14115,23065,42563,64506,68287,24145,1547,459,8490
France,2016,291322,1160,1376,216,126,142,272,915,1799,5273,12619,24659,36909,104171,95616,399,516,727,1072,1884,3389,5030,7589,10496,14163,14836,22073,40819,63352,66785,28831,1502,414,7444
France,2017,300896,1227,1431,204,107,138,273,821,1794,5106,12868,25027,37917,104157,104189,363,458,670,1124,1829,3277,5240,7628,10601,14426,16275,21642,39658,64499,69129,35060,1538,411,7066
France,2018,300589,1190,1391,201,129,127,270,825,1780,5231,12784,24924,38663,101990,105847,341,484,679,1101,1928,3303,5126,7658,10431,14493,17332,21331,38501,63489,67799,38048,1520,397,6630
France,2019,303584,1154,1347,193,126,124,263,798,1742,5120,12649,24504,39372,101038,109688,335,463,663,1079,1857,3263,5028,7621,10324,14180,18298,21074,37643,63395,68480,41208,1473,387,6809
France,2020,328139,1103,1287,184,123,130,264,805,1832,4960,12260,25317,44298,109967,118740,362,443,723,1109,1883,3077,4990,7270,10474,14843,20895,23403,38952,71015,74246,44494,1410,394,8152
France,2021,317988,1070,1248,178,115,116,254,796,1768,4625,11896,25391,47677,99112,115221,363,433,672,1096,1868,2757,4807,7089,10460,14931,22098,25579,35290,63822,71390,43831,1363,370,9767
French Guiana,1950,224,37,53,16,6,5,5,10,10,10,17,27,40,29,4,5,5,5,5,5,5,7,10,11,16,20,20,18,11,4,0,59,10,0
French Guiana,1951,219,35,53,18,6,3,5,10,10,10,17,26,40,28,4,5,5,5,5,5,5,7,10,11,15,20,20,18,10,4,0,59,8,0
French Guiana,1952,213,34,50,16,6,3,5,10,10,10,16,25,40,28,4,5,5,5,5,5,5,6,10,10,15,20,20,18,10,4,0,56,8,0
French Guiana,1953,211,33,48,15,7,3,5,10,10,10,17,25,39,27,4,5,5,5,5,5,5,7,10,10,15,19,20,17,10,4,0,55,8,0
French Guiana,1954,207,33,47,14,7,3,5,10,10,10,17,25,39,27,4,5,5,5,5,5,5,7,10,10,15,19,20,17,10,4,0,54,8,0
French Guiana,1955,203,32,46,14,7,4,5,10,10,10,17,24,38,27,4,5,5,5,5,5,5,7,10,10,14,18,20,17,10,4,0,53,9,0
French Guiana,1956,202,32,46,14,7,5,5,10,10,10,18,25,38,25,4,5,5,5,5,5,5,8,10,10,15,18,20,16,9,4,0,53,10,0
French Guiana,1957,196,32,46,14,6,5,5,10,10,10,17,25,37,25,4,5,5,5,5,5,5,7,10,10,15,17,20,16,9,4,0,52,10,0
French Guiana,1958,193,31,43,12,6,5,5,10,10,10,17,25,36,24,4,5,5,5,5,5,5,7,10,10,15,16,20,15,9,4,0,49,10,0
French Guiana,1959,186,32,43,11,5,5,5,10,10,10,15,24,30,24,4,5,5,5,5,5,5,5,10,10,14,15,15,15,9,4,0,48,10,0
French Guiana,1960,180,32,44,12,5,5,1,10,10,10,14,24,30,23,3,5,5,5,5,5,5,5,9,10,14,15,15,15,8,3,0,49,6,0
French Guiana,1961,184,31,42,11,5,5,5,10,10,10,17,25,34,23,3,5,5,5,5,5,5,7,10,10,15,19,15,15,8,3,0,47,10,0
French Guiana,1962,180,31,42,11,5,4,5,10,10,10,16,25,35,22,3,5,5,5,5,5,5,6,10,10,15,19,16,14,8,3,0,47,9,0
French Guiana,1963,172,30,40,10,4,1,5,6,10,10,14,24,34,22,3,1,5,5,5,5,5,5,9,10,14,18,16,14,8,3,0,44,6,0
French Guiana,1964,161,29,39,10,3,0,0,0,9,10,12,23,33,22,3,0,0,4,5,5,5,5,7,10,13,17,16,14,8,3,0,42,0,0
French Guiana,1965,158,28,36,8,3,0,0,0,8,10,11,23,34,22,3,0,0,3,5,5,5,5,6,10,13,17,17,14,8,3,0,39,0,0
French Guiana,1966,161,27,35,8,3,0,3,3,10,10,13,24,35,22,3,1,2,5,5,5,5,5,8,10,14,17,18,14,8,3,0,38,3,0
French Guiana,1967,163,26,34,8,3,0,4,5,10,10,15,24,36,21,3,3,2,5,5,5,5,5,10,10,14,17,19,13,8,3,0,37,4,0
French Guiana,1968,163,25,31,6,3,0,4,7,10,10,15,24,36,22,3,5,2,5,5,5,5,5,10,10,14,16,20,14,8,3,0,34,4,0
French Guiana,1969,168,25,31,6,4,0,5,10,10,10,16,24,37,22,3,5,5,5,5,5,5,6,10,10,14,17,20,14,8,3,0,35,5,0
French Guiana,1970,171,25,31,6,4,1,5,10,10,10,17,24,38,23,3,5,5,5,5,5,5,7,10,10,14,18,20,15,8,3,0,35,6,0
French Guiana,1971,173,25,31,6,4,1,5,10,10,10,18,24,39,24,3,5,5,5,5,5,5,8,10,10,14,19,20,16,8,3,0,35,6,0
French Guiana,1972,170,25,31,6,3,0,5,10,10,10,16,24,38,25,3,5,5,5,5,5,5,6,10,10,14,18,20,17,8,3,0,34,5,0
French Guiana,1973,173,24,30,6,3,0,5,10,10,10,17,24,39,25,3,5,5,5,5,5,5,7,10,10,14,19,20,17,8,3,0,33,5,0
French Guiana,1974,172,24,30,6,3,0,5,10,10,10,16,24,38,28,4,5,5,5,5,5,5,6,10,10,14,18,20,18,10,4,0,33,5,0
French Guiana,1975,176,24,30,6,3,0,5,10,10,10,16,25,38,28,4,5,5,5,5,5,5,6,10,10,15,18,20,18,10,4,0,33,5,0
French Guiana,1976,179,24,30,6,3,0,5,10,10,10,17,26,39,27,4,5,5,5,5,5,5,7,10,11,15,19,20,17,10,4,0,33,5,0
French Guiana,1977,183,24,30,6,4,1,5,10,10,10,18,26,39,29,4,5,5,5,5,5,5,8,10,11,15,19,20,18,11,4,0,34,6,0
French Guiana,1978,181,25,31,6,3,0,5,10,10,10,17,26,39,30,4,5,5,5,5,5,5,7,10,11,15,19,20,18,12,4,0,34,5,0
French Guiana,1979,184,24,29,5,3,0,5,10,10,10,17,26,39,30,4,5,5,5,5,5,5,7,10,11,15,19,20,18,12,4,0,32,5,0
French Guiana,1980,181,24,29,5,2,0,4,10,10,10,17,26,40,30,4,5,5,5,5,5,5,7,10,11,15,20,20,18,12,4,0,31,4,0
French Guiana,1981,183,23,28,5,2,0,4,10,10,10,17,27,40,31,4,5,5,5,5,5,5,7,10,11,16,20,20,19,12,4,0,30,4,0
French Guiana,1982,186,23,28,5,2,0,4,10,10,10,17,28,40,31,4,5,5,5,5,5,5,7,10,12,16,20,20,19,12,4,0,30,4,0
French Guiana,1983,185,23,28,5,1,0,4,10,10,10,16,28,40,31,5,5,5,5,5,5,5,6,10,12,16,20,20,19,12,5,0,29,4,0
French Guiana,1984,190,23,28,5,1,0,4,10,10,10,17,28,40,32,6,5,5,5,5,5,5,7,10,12,16,20,20,20,12,6,0,29,4,0
French Guiana,1985,192,24,29,5,1,0,4,10,10,10,18,28,40,33,6,5,5,5,5,5,5,8,10,12,16,20,20,20,13,6,0,30,4,0
French Guiana,1986,196,24,29,5,1,0,4,10,10,10,19,28,44,33,6,5,5,5,5,5,5,9,10,12,16,21,23,20,13,6,0,30,4,0
French Guiana,1987,197,25,30,5,1,0,4,10,10,10,20,28,46,33,6,5,5,5,5,5,5,10,10,12,16,21,25,20,13,6,0,31,4,0
French Guiana,1988,201,26,31,5,1,0,3,10,10,10,20,29,46,36,6,5,5,5,5,5,5,10,10,12,17,21,25,21,15,6,0,32,3,0
French Guiana,1989,206,27,32,5,1,0,3,10,10,10,20,29,47,37,6,5,5,5,5,5,5,10,10,12,17,22,25,22,15,6,0,33,3,0
French Guiana,1990,211,28,33,5,1,0,3,10,10,10,20,29,47,38,8,5,5,5,5,5,5,10,10,12,17,22,25,23,15,7,1,34,3,0
French Guiana,1991,214,29,34,5,1,0,2,10,10,16,20,29,48,38,8,5,5,5,5,6,10,10,10,12,17,23,25,23,15,7,1,35,2,0
French Guiana,1992,218,29,34,5,1,0,1,10,10,17,20,29,48,40,8,5,5,5,5,7,10,10,10,12,17,23,25,24,16,7,1,35,1,0
French Guiana,1993,220,29,35,6,1,0,0,9,10,16,20,29,51,42,8,4,5,5,5,6,10,10,10,12,17,23,28,25,17,7,1,36,0,0
French Guiana,1994,219,29,35,6,1,0,0,4,10,16,20,28,51,44,8,0,4,5,5,6,10,10,10,12,16,23,28,27,17,7,1,36,0,0
French Guiana,1995,222,28,34,6,1,0,0,4,10,15,20,28,52,47,9,0,4,5,5,5,10,10,10,12,16,23,29,28,19,8,1,35,0,0
French Guiana,1996,224,28,33,5,1,0,0,3,10,15,20,28,52,48,10,0,3,5,5,5,10,10,10,12,16,23,29,29,19,8,2,34,0,0
French Guiana,1997,227,27,32,5,1,0,0,3,10,15,20,28,53,49,11,0,3,5,5,5,10,10,10,12,16,23,30,29,20,9,2,33,0,0
French Guiana,1998,231,27,32,5,1,0,0,2,10,16,20,29,53,51,11,0,2,5,5,6,10,10,10,13,16,23,30,30,21,9,2,33,0,0
French Guiana,1999,243,27,32,5,1,0,0,3,10,17,20,31,54,53,11,0,3,5,5,7,10,10,10,14,17,23,31,31,22,9,2,33,0,0
French Guiana,2000,261,27,32,5,3,0,3,10,10,20,30,33,57,57,12,5,5,5,5,10,10,15,15,15,18,25,32,33,24,10,2,35,3,0
French Guiana,2001,269,26,31,5,2,0,3,10,11,21,30,35,58,59,13,5,5,5,6,10,11,15,15,15,20,25,33,34,25,11,2,33,3,0
French Guiana,2002,275,26,31,5,1,0,3,10,11,22,30,36,58,61,13,5,5,5,6,10,12,15,15,16,20,25,33,35,26,11,2,32,3,0
French Guiana,2003,282,25,30,5,1,0,4,10,11,22,30,37,59,61,15,5,5,5,6,10,12,15,15,16,21,26,33,35,26,12,3,31,4,0
French Guiana,2004,292,25,30,5,2,0,5,10,12,23,34,37,60,63,17,5,5,5,7,10,13,15,19,16,21,26,34,35,28,14,3,32,5,0
French Guiana,2005,295,25,30,5,1,0,4,10,12,23,35,37,60,65,17,5,5,5,7,10,13,15,20,16,21,26,34,36,29,14,3,31,4,0
French Guiana,2006,302,26,31,5,1,0,4,10,12,24,36,39,63,70,17,5,5,5,7,10,14,16,20,18,21,29,34,39,31,14,3,32,4,0
French Guiana,2007,299,26,31,5,1,0,3,6,10,22,35,41,61,71,18,1,5,5,5,10,12,15,20,19,22,28,33,40,31,15,3,32,3,0
French Guiana,2008,308,25,30,5,1,0,3,7,11,22,36,42,65,73,20,2,5,5,6,10,12,16,20,20,22,30,35,40,33,17,3,31,3,0
French Guiana,2009,312,25,30,5,1,0,3,5,10,22,35,42,66,74,22,0,5,5,5,10,12,15,20,20,22,30,36,40,34,17,5,31,3,1
French Guiana,2010,324,24,29,5,1,0,3,6,11,23,36,44,68,76,23,1,5,5,6,10,13,16,20,20,24,30,38,40,36,18,5,30,3,1
French Guiana,2011,327,24,29,5,1,0,0,4,10,23,36,50,71,77,24,0,4,5,5,10,13,16,20,25,25,32,39,41,36,19,5,30,0,1
French Guiana,2012,331,23,28,5,0,0,0,3,10,21,36,51,73,80,26,0,3,5,5,9,12,16,20,25,26,32,41,43,37,21,5,28,0,1
French Guiana,2013,349,23,28,5,1,0,0,4,10,23,38,53,77,83,26,0,4,5,5,10,13,17,21,25,28,34,43,45,38,21,5,29,0,1
French Guiana,2014,365,23,28,5,1,0,0,4,10,24,40,57,83,86,28,0,4,5,5,10,14,18,22,27,30,38,45,46,40,22,6,29,0,1
French Guiana,2015,382,24,29,5,1,0,3,6,10,24,43,60,83,90,30,1,5,5,5,10,14,19,24,29,31,38,45,49,41,23,7,30,3,1
French Guiana,2016,401,25,30,5,0,0,4,7,10,25,45,66,88,94,31,2,5,5,5,10,15,20,25,31,35,40,48,52,42,24,7,30,4,1
French Guiana,2017,419,25,30,5,0,0,4,9,10,25,47,71,94,99,33,4,5,5,5,10,15,21,26,33,38,43,51,55,44,25,8,30,4,1
French Guiana,2018,435,26,31,5,0,0,4,10,10,26,48,74,100,101,33,5,5,5,5,10,16,21,27,33,41,46,54,57,44,25,8,31,4,1
French Guiana,2019,450,26,31,5,1,0,3,10,10,26,48,78,102,109,33,5,5,5,5,10,16,21,27,35,43,47,55,61,48,25,8,32,3,1
French Guiana,2020,471,26,31,5,1,0,3,10,10,26,50,82,109,111,36,5,5,5,5,10,16,22,28,37,45,51,58,60,51,27,9,32,3,1
French Guiana,2021,592,26,31,5,1,0,5,10,13,33,68,114,142,137,39,5,5,5,8,13,20,29,39,51,63,69,73,74,63,30,9,32,5,1
French Polynesia,1950,394,124,183,59,17,10,13,29,26,20,20,21,30,20,2,15,14,11,15,10,10,10,10,10,11,15,15,13,7,2,0,200,23,0
French Polynesia,1951,395,126,184,58,16,10,14,30,25,21,20,21,30,20,3,15,15,10,15,11,10,10,10,10,11,15,15,13,7,3,0,200,24,0
French Polynesia,1952,387,124,179,55,14,10,13,30,24,21,21,21,30,20,3,15,15,10,14,11,10,10,11,10,11,15,15,13,7,3,0,193,23,0
French Polynesia,1953,379,123,175,52,13,10,12,26,22,22,21,23,30,19,3,12,14,10,12,12,10,10,11,12,11,15,15,12,7,3,0,188,22,0
French Polynesia,1954,373,121,172,51,13,10,11,23,20,22,21,23,30,19,2,12,11,10,10,12,10,10,11,13,10,15,15,12,7,2,0,185,21,0
French Polynesia,1955,368,120,171,51,13,10,10,21,20,20,20,24,30,19,2,11,10,10,10,10,10,10,10,14,10,15,15,12,7,2,0,184,20,0
French Polynesia,1956,365,119,167,48,13,10,10,20,20,20,20,25,30,20,2,10,10,10,10,10,10,10,10,15,10,15,15,13,7,2,0,180,20,0
French Polynesia,1957,365,118,166,48,13,10,10,20,20,20,23,26,29,20,2,10,10,10,10,10,10,13,10,14,12,14,15,13,7,2,0,179,20,0
French Polynesia,1958,363,117,164,47,13,8,10,20,20,20,24,27,29,20,2,10,10,10,10,10,10,13,11,14,13,14,15,13,7,2,0,177,18,0
French Polynesia,1959,361,116,162,46,13,7,10,20,20,20,25,27,28,20,3,10,10,10,10,10,10,13,12,13,14,13,15,13,7,3,0,175,17,0
French Polynesia,1960,362,115,162,47,13,7,10,20,20,24,28,28,28,19,3,10,10,10,10,10,14,14,14,13,15,13,15,12,7,3,0,175,17,0
French Polynesia,1961,363,115,161,46,13,7,10,20,20,23,30,30,30,19,3,10,10,10,10,10,13,15,15,15,15,15,15,12,7,3,0,174,17,0
French Polynesia,1962,366,115,160,45,13,8,10,20,20,23,30,30,30,20,3,10,10,10,10,10,13,15,15,15,15,15,15,13,7,3,0,173,18,0
French Polynesia,1963,370,116,161,45,13,8,10,20,20,22,30,30,31,20,3,10,10,10,10,10,12,15,15,15,15,16,15,13,7,3,0,174,18,0
French Polynesia,1964,375,117,162,45,13,10,10,20,20,22,30,30,32,21,3,10,10,10,10,10,12,15,15,15,15,17,15,13,8,3,0,175,20,0
French Polynesia,1965,380,118,163,45,13,10,10,20,20,21,30,33,33,20,3,10,10,10,10,10,11,15,15,18,15,18,15,12,8,3,0,176,20,0
French Polynesia,1966,383,119,164,45,13,10,10,20,20,21,30,34,33,20,3,10,10,10,10,10,11,15,15,19,15,18,15,12,8,3,0,177,20,0
French Polynesia,1967,386,119,164,45,13,10,10,20,20,20,30,36,34,19,3,10,10,10,10,10,10,15,15,20,16,19,15,11,8,3,0,177,20,0
French Polynesia,1968,389,120,164,44,13,10,10,20,20,20,30,37,34,18,3,10,10,10,10,10,10,14,16,20,17,18,16,10,8,3,0,177,20,0
French Polynesia,1969,393,120,164,44,13,10,10,20,20,24,34,38,34,18,3,10,10,10,10,12,12,14,20,20,18,17,17,10,8,3,0,177,20,0
French Polynesia,1970,396,120,164,44,13,10,10,20,24,26,34,40,33,17,3,10,10,12,12,11,15,14,20,20,20,16,17,10,7,3,0,177,20,0
French Polynesia,1971,398,118,162,44,14,10,10,20,29,26,34,40,33,15,3,10,10,14,15,11,15,15,19,20,20,16,17,10,5,3,0,176,20,0
French Polynesia,1972,400,117,161,44,14,10,10,20,29,29,33,40,33,15,3,10,10,14,15,14,15,15,18,20,20,17,16,10,5,3,0,175,20,0
French Polynesia,1973,403,115,158,43,14,10,10,20,29,30,33,45,34,16,3,10,10,14,15,15,15,15,18,21,24,18,16,11,5,3,0,172,20,0
French Polynesia,1974,406,113,154,41,14,10,10,20,29,30,32,50,38,17,3,10,10,14,15,15,15,15,17,25,25,22,16,12,5,3,0,168,20,0
French Polynesia,1975,405,110,149,39,13,10,10,20,29,30,32,50,39,19,3,10,10,14,15,15,15,15,17,25,25,23,16,13,6,3,0,162,20,0
French Polynesia,1976,401,106,142,36,13,10,10,20,28,30,33,49,41,20,3,10,10,13,15,15,15,17,16,24,25,24,17,14,6,3,0,155,20,0
French Polynesia,1977,397,102,135,33,12,10,10,20,26,30,34,50,44,21,2,10,10,11,15,15,15,19,15,25,25,25,19,15,6,2,0,147,20,0
French Polynesia,1978,387,94,124,30,12,10,10,20,25,30,34,51,47,22,1,10,10,10,15,15,15,18,16,24,27,27,20,15,7,1,0,136,20,0
French Polynesia,1979,382,89,115,26,11,10,10,20,23,30,35,50,51,24,2,10,10,10,13,15,15,18,17,22,28,28,23,15,9,2,0,126,20,0
French Polynesia,1980,374,85,108,23,9,7,10,20,21,30,36,51,55,26,2,10,10,10,11,15,15,17,19,21,30,29,26,15,11,2,0,117,17,0
French Polynesia,1981,367,82,102,20,8,5,10,20,20,29,36,49,58,27,2,10,10,10,10,14,15,16,20,20,29,30,28,16,11,2,0,110,15,0
French Polynesia,1982,357,75,93,18,7,5,9,20,20,28,36,49,59,31,2,10,10,10,10,13,15,16,20,20,29,30,29,18,13,2,0,100,14,0
French Polynesia,1983,348,69,84,15,7,5,8,20,20,26,35,48,61,32,3,10,10,10,10,11,15,15,20,20,28,31,30,19,13,3,0,91,13,0
French Polynesia,1984,334,65,78,13,5,5,6,19,20,25,34,47,63,31,4,9,10,10,10,10,15,15,19,20,27,33,30,21,10,4,0,83,11,0
French Polynesia,1985,323,60,71,11,5,5,5,10,15,24,33,44,64,38,8,5,5,5,10,10,14,15,18,20,24,34,30,23,15,7,1,76,10,0
French Polynesia,1986,312,55,66,11,5,5,5,10,13,23,32,42,63,41,11,5,5,5,8,10,13,15,17,20,22,33,30,25,16,9,2,71,10,0
French Polynesia,1987,313,51,62,11,5,5,5,10,12,22,31,41,59,43,12,5,5,5,7,10,12,15,16,20,21,32,27,25,18,10,2,67,10,0
French Polynesia,1988,310,51,59,8,5,5,5,10,11,22,30,40,60,46,13,5,5,5,6,10,12,15,15,20,20,31,29,25,21,11,2,64,10,0
French Polynesia,1989,309,48,56,8,5,2,5,10,10,21,30,43,58,48,16,5,5,5,5,10,11,15,15,21,22,28,30,25,23,13,3,61,7,0
French Polynesia,1990,309,46,54,8,5,2,5,10,10,22,30,45,60,47,16,5,5,5,5,10,12,15,15,21,24,27,33,25,22,13,3,59,7,0
French Polynesia,1991,309,44,52,8,5,3,5,10,12,22,30,46,60,44,16,5,5,5,7,10,12,15,15,21,25,26,34,24,20,13,3,57,8,0
French Polynesia,1992,308,42,50,8,5,2,5,10,15,22,32,48,60,44,16,5,5,5,10,10,12,15,17,20,28,26,34,25,19,12,4,55,7,0
French Polynesia,1993,305,39,47,8,5,1,5,10,15,21,33,48,62,44,15,5,5,5,10,10,11,15,18,20,28,27,35,27,17,12,3,52,6,0
French Polynesia,1994,297,36,43,7,5,1,5,10,14,21,33,47,60,45,15,5,5,5,9,10,11,15,18,20,27,28,32,29,16,12,3,48,6,0
French Polynesia,1995,282,31,37,6,4,1,5,10,11,20,31,45,57,48,12,5,5,5,6,10,10,14,17,20,25,29,28,32,16,9,3,41,6,1
French Polynesia,1996,262,28,34,6,3,0,5,10,10,17,27,40,55,46,12,5,5,5,5,7,10,12,15,18,22,29,26,32,14,9,3,37,5,1
French Polynesia,1997,246,24,29,5,3,0,4,10,10,16,26,37,54,47,12,5,5,5,5,6,10,11,15,16,21,29,25,31,16,9,3,32,4,1
French Polynesia,1998,239,21,26,5,5,3,5,10,10,15,25,35,53,44,11,5,5,5,5,5,10,10,15,15,20,28,25,28,16,8,3,31,8,1
French Polynesia,1999,226,20,24,4,1,0,2,10,10,14,23,35,52,45,11,5,5,5,5,5,9,10,13,15,20,26,26,26,19,8,3,25,2,1
French Polynesia,2000,228,20,24,4,1,0,2,10,10,14,23,35,53,46,11,5,5,5,5,5,9,10,13,15,20,25,28,26,20,7,4,25,2,1
French Polynesia,2001,235,20,24,4,1,0,2,10,10,15,23,36,56,48,11,5,5,5,5,5,10,10,13,16,20,26,30,25,23,7,4,25,2,1
French Polynesia,2002,247,19,23,4,0,0,3,10,10,16,23,39,60,50,13,5,5,5,5,6,10,10,13,17,22,26,34,26,24,9,4,23,3,1
French Polynesia,2003,260,18,22,4,0,0,3,10,10,17,24,42,61,53,16,5,5,5,5,7,10,10,14,18,24,27,34,29,24,12,4,22,3,1
French Polynesia,2004,275,18,22,4,0,0,3,10,10,18,24,44,67,59,16,5,5,5,5,8,10,10,14,18,26,30,37,34,25,12,4,22,3,1
French Polynesia,2005,291,18,22,4,1,0,3,10,10,18,25,46,71,64,20,5,5,5,5,8,10,10,15,19,27,32,39,39,25,16,4,23,3,1
French Polynesia,2006,305,18,22,4,0,0,3,10,10,18,26,47,74,68,23,5,5,5,5,8,10,11,15,19,28,35,39,42,26,19,4,22,3,1
French Polynesia,2007,311,17,21,4,0,0,3,10,10,18,27,49,76,74,23,5,5,5,5,8,10,12,15,20,29,35,41,46,28,18,5,21,3,1
French Polynesia,2008,309,17,21,4,0,0,2,10,10,18,28,48,77,75,21,5,5,5,5,8,10,13,15,19,29,37,40,45,30,15,6,21,2,1
French Polynesia,2009,310,17,21,4,0,0,2,10,10,17,28,47,78,76,21,5,5,5,5,7,10,13,15,18,29,38,40,45,31,15,6,21,2,1
French Polynesia,2010,310,16,20,4,0,0,1,10,10,16,28,46,81,80,20,5,5,5,5,6,10,13,15,18,28,38,43,45,35,14,6,20,1,1
French Polynesia,2011,309,15,18,3,0,0,0,10,10,16,27,43,83,83,20,5,5,5,5,6,10,12,15,17,26,38,45,45,38,14,6,18,0,1
French Polynesia,2012,312,14,17,3,0,0,0,9,10,15,27,43,84,84,21,4,5,5,5,5,10,12,15,17,26,39,45,45,39,16,5,17,0,1
French Polynesia,2013,317,13,16,3,0,0,0,8,10,15,27,43,88,88,23,3,5,5,5,5,10,12,15,17,26,39,49,47,41,18,5,16,0,1
French Polynesia,2014,328,13,16,3,0,0,0,7,10,15,27,44,88,88,31,2,5,5,5,5,10,12,15,18,26,39,49,48,40,24,7,16,0,2
French Polynesia,2015,342,12,15,3,0,0,0,6,10,15,28,45,93,93,34,1,5,5,5,5,10,13,15,19,26,40,53,52,41,26,8,15,0,3
French Polynesia,2016,356,12,15,3,0,0,0,6,10,15,28,46,95,96,39,1,5,5,5,5,10,13,15,20,26,41,54,56,40,29,10,15,0,4
French Polynesia,2017,371,11,14,3,0,0,0,5,10,14,29,47,97,103,45,0,5,5,5,5,9,13,16,20,27,41,56,61,42,32,13,14,0,5
French Polynesia,2018,386,11,13,2,0,0,0,4,10,14,29,49,100,110,49,0,4,5,5,5,9,12,17,21,28,42,58,65,45,33,16,13,0,5
French Polynesia,2019,401,10,12,2,0,0,0,3,10,14,29,49,102,120,52,0,3,5,5,5,9,12,17,21,28,42,60,70,50,34,18,12,0,5
French Polynesia,2020,414,10,12,2,0,0,0,3,10,13,29,52,103,127,53,0,3,5,5,5,8,12,17,22,30,42,61,73,54,33,20,12,0,6
French Polynesia,2021,627,10,12,2,0,0,0,2,10,15,57,127,165,171,59,0,2,5,5,5,10,21,36,58,69,78,87,98,73,37,22,12,0,6
Gabon,1950,5662,1068,1954,886,217,121,120,301,329,345,446,693,767,335,33,143,158,162,167,172,173,205,241,314,379,410,357,232,103,28,5,2171,241,0
Gabon,1951,5641,1058,1926,868,212,116,117,297,329,346,447,692,772,350,35,141,156,162,167,172,174,205,242,313,379,410,362,240,110,29,6,2138,233,0
Gabon,1952,5565,1038,1890,852,207,113,114,289,319,338,437,683,776,364,37,137,152,157,162,167,171,200,237,308,375,411,365,248,116,32,5,2097,227,1
Gabon,1953,5501,1020,1852,832,201,108,112,282,312,332,431,676,779,377,37,134,148,153,159,164,168,197,234,305,371,410,369,256,121,32,5,2053,220,1
Gabon,1954,5459,1005,1816,811,196,106,108,277,309,330,427,672,784,390,41,131,146,152,157,162,168,195,232,303,369,411,373,263,127,35,6,2012,214,1
Gabon,1955,5395,991,1780,789,192,102,105,270,302,322,422,666,787,400,45,128,142,148,154,159,163,193,229,300,366,411,376,268,132,39,6,1972,207,1
Gabon,1956,5357,979,1747,768,189,101,102,264,298,322,419,664,793,412,49,125,139,146,152,159,163,192,227,298,366,413,380,274,138,41,8,1936,203,1
Gabon,1957,5291,970,1719,749,187,97,100,255,290,312,412,655,793,422,51,121,134,142,148,154,158,188,224,293,362,410,383,279,143,43,8,1906,197,1
Gabon,1958,5260,964,1696,732,183,96,97,251,285,311,408,651,796,432,52,119,132,138,147,153,158,186,222,290,361,410,386,284,148,45,7,1879,193,1
Gabon,1959,5238,961,1676,715,179,95,95,247,282,309,405,650,802,440,57,117,130,137,145,151,158,185,220,290,360,413,389,288,152,49,8,1855,190,1
Gabon,1960,5197,959,1660,701,176,94,93,241,275,304,401,644,806,446,58,114,127,133,142,149,155,183,218,287,357,413,393,292,154,49,9,1836,187,1
Gabon,1961,5179,956,1646,690,173,92,91,234,272,300,401,642,810,453,63,110,124,132,140,147,153,183,218,285,357,414,396,295,158,52,11,1819,183,1
Gabon,1962,5169,954,1633,679,169,91,91,231,269,299,400,644,816,463,65,109,122,131,138,146,153,183,217,285,359,416,400,300,163,54,11,1802,182,1
Gabon,1963,5146,949,1617,668,166,90,90,226,264,297,396,641,820,470,68,106,120,128,136,144,153,180,216,285,356,417,403,304,166,57,11,1783,180,1
Gabon,1964,5106,945,1602,657,164,88,88,220,255,291,391,635,819,477,69,103,117,123,132,142,149,178,213,280,355,416,403,309,168,58,11,1766,176,1
Gabon,1965,5084,943,1589,646,162,88,88,214,253,287,387,632,826,485,72,101,113,122,131,139,148,176,211,280,352,418,408,313,172,60,12,1751,176,1
Gabon,1966,5066,942,1577,635,159,86,87,211,247,285,385,631,830,493,75,100,111,119,128,138,147,175,210,279,352,419,411,317,176,63,12,1736,173,1
Gabon,1967,5052,938,1561,623,158,84,85,208,244,282,384,631,834,500,75,99,109,117,127,136,146,174,210,279,352,420,414,321,179,63,12,1719,169,1
Gabon,1968,5039,937,1551,614,156,83,86,205,243,281,383,626,837,507,79,98,107,117,126,135,146,174,209,275,351,420,417,325,182,65,14,1707,169,1
Gabon,1969,5030,937,1542,605,156,83,86,202,238,277,382,626,843,514,81,97,105,114,124,133,144,173,209,275,351,423,420,329,185,67,14,1698,169,2
Gabon,1970,5035,942,1539,597,153,83,86,203,235,275,381,625,848,524,83,98,105,113,122,133,142,173,208,275,350,424,424,334,190,68,15,1692,169,2
Gabon,1971,5053,949,1539,590,152,83,86,204,234,275,382,627,854,532,86,99,105,112,122,133,142,173,209,275,352,425,429,339,193,70,16,1691,169,2
Gabon,1972,5049,955,1539,584,151,83,85,204,230,272,378,625,855,537,87,99,105,109,121,131,141,171,207,274,351,426,429,341,196,71,16,1690,168,2
Gabon,1973,5054,958,1535,577,150,83,85,203,229,269,377,625,861,546,90,98,105,109,120,128,141,170,207,274,351,427,434,345,201,74,16,1685,168,2
Gabon,1974,5051,958,1528,570,147,81,84,202,225,269,376,626,863,552,92,98,104,107,118,128,141,170,206,274,352,427,436,350,202,76,16,1675,165,2
Gabon,1975,5059,961,1525,564,146,81,84,202,224,269,376,626,870,562,93,98,104,107,117,128,141,170,206,274,352,430,440,355,207,77,16,1671,165,2
Gabon,1976,5028,967,1525,558,143,78,84,203,225,269,372,618,857,557,94,98,105,109,116,128,141,168,204,270,348,423,434,351,206,78,16,1668,162,2
Gabon,1977,5049,974,1525,551,145,79,84,198,218,260,370,619,872,574,100,96,102,105,113,124,136,166,204,270,349,429,443,361,213,82,18,1670,163,2
Gabon,1978,5018,980,1527,547,144,78,84,195,212,255,362,613,866,578,100,95,100,103,109,121,134,163,199,267,346,426,440,362,216,82,18,1671,162,2
Gabon,1979,5047,984,1525,541,144,78,84,197,212,259,364,616,873,587,103,95,102,103,109,123,136,163,201,269,347,427,446,367,220,84,19,1669,162,2
Gabon,1980,5086,990,1528,538,142,78,85,199,217,259,368,622,883,600,108,96,103,106,111,123,136,165,203,270,352,432,451,374,226,88,20,1670,163,2
Gabon,1981,5101,997,1529,532,142,78,85,199,217,256,367,622,886,608,108,97,102,106,111,120,136,165,202,270,352,433,453,378,230,88,20,1671,163,3
Gabon,1982,5179,1000,1525,525,142,78,86,203,225,263,376,633,904,623,114,98,105,110,115,124,139,169,207,276,357,442,462,387,236,92,22,1667,164,3
Gabon,1983,5173,1003,1528,525,142,78,86,203,224,259,373,630,905,627,116,98,105,110,114,122,137,168,205,274,356,442,463,389,238,93,23,1670,164,3
Gabon,1984,5218,1005,1525,520,142,80,88,205,229,263,376,636,914,640,118,100,105,112,117,123,140,169,207,276,360,445,469,396,244,95,23,1667,168,3
Gabon,1985,5209,1006,1523,517,142,80,88,205,228,260,374,631,914,642,119,100,105,111,117,123,137,168,206,274,357,445,469,397,245,96,23,1665,168,3
Gabon,1986,5250,1008,1522,514,142,81,89,210,231,265,379,638,919,649,122,102,108,112,119,125,140,170,209,277,361,447,472,400,249,99,23,1664,170,3
Gabon,1987,5279,1016,1527,511,143,82,91,213,233,265,379,640,924,655,124,103,110,113,120,126,139,170,209,279,361,450,474,405,250,101,23,1670,173,3
Gabon,1988,5372,1021,1531,510,146,84,94,223,246,277,391,651,934,663,127,108,115,118,128,133,144,176,215,284,367,455,479,408,255,103,24,1677,178,3
Gabon,1989,5407,1023,1532,509,147,84,95,225,249,279,395,655,939,672,129,109,116,121,128,133,146,178,217,285,370,455,484,412,260,105,24,1679,179,3
Gabon,1990,5504,1025,1534,509,148,87,99,237,262,294,407,671,949,678,133,114,123,126,136,143,151,183,224,294,377,461,488,416,262,107,26,1682,186,3
Gabon,1991,5578,1029,1538,509,150,89,104,246,272,305,416,681,954,688,135,119,127,131,141,148,157,188,228,299,382,465,489,421,267,109,26,1688,193,3
Gabon,1992,5675,1034,1543,509,152,92,105,257,284,318,426,692,965,697,139,124,133,138,146,155,163,192,234,305,387,471,494,425,272,112,27,1695,197,4
Gabon,1993,5700,1040,1551,511,154,94,110,260,287,321,423,691,964,703,140,126,134,140,147,156,165,190,233,304,387,470,494,429,274,113,27,1705,204,4
Gabon,1994,5802,1040,1556,516,158,97,115,274,301,335,435,701,974,711,142,132,142,147,154,163,172,196,239,309,392,475,499,433,278,115,27,1714,212,4
Gabon,1995,5872,1036,1551,515,158,100,119,285,314,347,444,709,978,718,146,138,147,153,161,169,178,202,242,314,395,477,501,436,282,118,28,1709,219,4
Gabon,1996,5979,1038,1556,518,163,102,124,299,330,364,456,720,985,725,149,145,154,162,168,177,187,209,247,320,400,481,504,439,286,120,29,1719,226,4
Gabon,1997,6051,1045,1557,512,163,106,127,309,340,375,466,730,989,735,152,149,160,166,174,182,193,216,250,325,405,482,507,444,291,122,30,1720,233,4
Gabon,1998,6148,1055,1563,508,161,106,131,324,359,390,479,739,996,742,157,155,169,175,184,189,201,224,255,329,410,487,509,447,295,125,32,1724,237,4
Gabon,1999,6217,1063,1572,509,165,107,136,334,367,400,486,744,996,747,159,160,174,179,188,194,206,228,258,333,411,487,509,449,298,127,32,1737,243,4
Gabon,2000,6209,1072,1576,504,162,108,136,332,363,395,485,739,997,754,161,160,172,177,186,191,204,229,256,329,410,487,510,453,301,129,32,1738,244,4
Gabon,2001,6285,1078,1580,502,160,109,139,343,374,407,498,744,1001,762,164,165,178,182,192,198,209,235,263,332,412,487,514,456,306,131,33,1740,248,5
Gabon,2002,6383,1081,1583,502,159,109,142,360,395,425,514,753,1007,769,168,173,187,193,202,209,216,243,271,337,416,492,515,460,309,134,34,1742,251,5
Gabon,2003,6335,1079,1570,491,155,108,140,351,383,415,511,746,1003,776,170,169,182,187,196,204,211,241,270,330,416,488,515,462,314,136,34,1725,248,5
Gabon,2004,6437,1080,1568,488,153,107,143,365,404,434,531,757,1009,784,174,175,190,198,206,213,221,252,279,337,420,492,517,465,319,140,34,1721,250,5
Gabon,2005,6520,1081,1558,477,150,105,144,378,418,453,548,770,1017,792,181,180,198,205,213,222,231,260,288,345,425,497,520,470,322,143,38,1708,249,6
Gabon,2006,6495,1085,1556,471,147,102,140,372,412,446,546,766,1018,798,188,177,195,202,210,218,228,258,288,346,420,497,521,472,326,148,40,1703,242,6
Gabon,2007,6545,1084,1546,462,145,100,140,377,424,459,558,775,1022,804,189,178,199,207,217,223,236,263,295,352,423,498,524,475,329,148,41,1691,240,7
Gabon,2008,6483,1083,1536,453,142,95,135,364,409,449,550,767,1021,812,196,172,192,200,209,218,231,258,292,350,417,497,524,478,334,153,43,1678,230,7
Gabon,2009,6534,1086,1528,442,138,93,133,367,418,459,564,780,1028,822,199,172,195,203,215,223,236,264,300,358,422,500,528,483,339,155,44,1666,226,8
Gabon,2010,6473,1090,1521,431,134,89,125,350,401,446,557,778,1030,830,202,165,185,195,206,215,231,259,298,357,421,499,531,486,344,158,44,1655,214,8
Gabon,2011,6565,1093,1517,424,132,89,125,361,421,466,573,792,1034,839,210,168,193,205,216,225,241,269,304,365,427,501,533,491,348,162,48,1649,214,9
Gabon,2012,6508,1079,1500,421,129,84,120,343,410,457,564,790,1035,848,214,159,184,199,211,221,236,265,299,363,427,498,537,496,352,165,49,1629,204,10
Gabon,2013,6585,1062,1473,411,127,84,119,349,424,475,585,814,1048,857,221,160,189,205,219,230,245,276,309,375,439,504,544,501,356,169,52,1600,203,10
Gabon,2014,6662,1038,1438,400,124,84,115,349,440,496,608,838,1063,867,225,159,190,212,228,240,256,288,320,388,450,512,551,506,361,172,53,1562,199,11
Gabon,2015,6605,1008,1391,383,122,79,112,335,431,494,609,844,1069,876,227,151,184,206,225,239,255,288,321,390,454,515,554,512,364,174,53,1513,191,11
Gabon,2016,6676,962,1322,360,118,76,108,330,445,522,646,884,1094,887,230,147,183,210,235,251,271,305,341,408,476,533,561,518,369,176,54,1440,184,11
Gabon,2017,6540,931,1276,345,116,74,106,315,431,506,625,858,1092,897,231,140,175,204,227,244,262,295,330,394,464,530,562,524,373,178,53,1392,180,11
Gabon,2018,6650,903,1240,337,114,74,102,307,438,531,663,908,1121,907,232,136,171,204,234,254,277,312,351,416,492,552,569,530,377,179,53,1354,176,11
Gabon,2019,6759,885,1211,326,116,74,105,310,455,558,692,936,1144,918,233,136,174,210,245,267,291,327,365,430,506,566,578,537,381,181,52,1327,179,10
Gabon,2020,6811,860,1174,314,113,74,101,286,423,538,699,993,1208,951,238,127,159,194,229,256,282,326,373,452,541,606,602,555,396,185,53,1287,175,10
Gabon,2021,7281,831,1129,298,110,74,101,283,440,600,787,1111,1337,1042,253,126,157,196,244,281,319,367,420,512,599,673,664,605,437,198,55,1239,175,9
Gambia,1950,4800,1228,2937,1709,293,128,115,239,213,189,195,238,197,55,0,118,121,108,105,98,91,92,103,115,123,114,83,47,8,0,0,3230,243,0
Gambia,1951,4866,1286,2940,1654,301,131,120,248,223,193,199,243,205,61,0,121,127,113,110,101,92,95,104,118,125,119,86,50,11,0,0,3241,251,0
Gambia,1952,4953,1317,2975,1658,304,134,120,255,230,199,203,250,213,67,0,125,130,120,110,104,95,97,106,121,129,123,90,51,16,0,0,3279,254,0
Gambia,1953,5012,1348,3022,1674,298,135,120,257,235,201,204,251,217,69,1,126,131,125,110,105,96,97,107,121,130,124,93,53,16,1,0,3320,255,0
Gambia,1954,5125,1379,3092,1713,289,139,122,263,250,204,208,258,224,75,1,128,135,134,116,107,97,99,109,124,134,128,96,55,20,1,0,3381,261,0
Gambia,1955,5246,1409,3163,1754,284,144,125,269,260,212,214,264,233,78,2,131,138,139,121,111,101,102,112,126,138,132,101,57,21,2,0,3447,269,0
Gambia,1956,5363,1439,3233,1794,283,148,127,275,269,215,217,268,238,81,3,134,141,144,125,113,102,103,114,129,139,134,104,60,21,3,0,3516,275,0
Gambia,1957,5425,1454,3249,1795,286,151,131,280,282,221,222,274,247,86,4,135,145,149,133,115,106,106,116,131,143,139,108,64,22,4,0,3535,282,0
Gambia,1958,5469,1467,3266,1799,287,149,132,281,289,221,224,277,249,90,4,135,146,150,139,115,106,107,117,133,144,139,110,65,25,4,0,3553,281,0
Gambia,1959,5531,1481,3288,1807,294,144,134,284,297,225,227,282,257,94,5,136,148,152,145,118,107,108,119,135,147,144,113,68,26,5,0,3582,278,0
Gambia,1960,5587,1495,3309,1814,301,141,137,286,304,231,231,284,262,96,5,137,149,155,149,122,109,110,121,136,148,146,116,70,26,5,0,3610,278,0
Gambia,1961,5650,1508,3326,1818,308,138,141,291,309,238,234,289,267,100,6,140,151,155,154,127,111,112,122,138,151,149,118,73,27,6,0,3634,279,0
Gambia,1962,5728,1520,3346,1826,318,137,143,295,319,247,241,297,276,104,6,142,153,160,159,134,113,116,125,142,155,153,123,75,29,6,0,3664,280,0
Gambia,1963,5778,1531,3366,1835,323,138,142,298,320,255,243,299,280,107,7,145,153,160,160,140,115,116,127,143,156,155,125,78,29,7,0,3689,280,0
Gambia,1964,5831,1539,3373,1834,331,139,138,301,326,264,248,305,287,112,8,147,154,164,162,147,117,119,129,145,160,159,128,80,32,8,0,3704,277,0
Gambia,1965,5879,1545,3381,1836,338,144,135,305,328,272,252,310,293,116,8,150,155,164,164,152,120,121,131,148,162,162,131,83,33,8,0,3719,279,0
Gambia,1966,5948,1548,3383,1835,347,149,134,311,336,284,258,318,302,120,8,154,157,168,168,157,127,124,134,152,166,166,136,86,34,8,0,3730,283,0
Gambia,1967,5975,1554,3384,1830,352,150,130,313,335,289,260,321,306,124,9,154,159,166,169,158,131,124,136,153,168,168,138,88,36,9,0,3736,280,0
Gambia,1968,6034,1562,3384,1822,361,155,131,318,340,299,266,328,314,129,9,156,162,168,172,161,138,127,139,157,171,172,142,92,37,9,0,3745,286,0
Gambia,1969,6088,1572,3385,1813,367,157,135,317,344,309,273,334,321,135,9,152,165,169,175,164,145,131,142,159,175,176,145,94,41,9,0,3752,292,0
Gambia,1970,6144,1584,3393,1809,373,161,138,319,346,316,279,340,327,139,11,149,170,171,175,167,149,134,145,162,178,179,148,98,41,11,0,3766,299,0
Gambia,1971,6190,1594,3397,1803,376,165,142,319,347,323,285,345,335,145,12,147,172,171,176,169,154,139,146,164,181,182,153,100,45,11,1,3773,307,0
Gambia,1972,6223,1609,3393,1784,381,167,146,316,352,326,292,351,340,147,12,143,173,175,177,170,156,145,147,167,184,186,154,102,45,11,1,3774,313,0
Gambia,1973,6304,1625,3407,1782,388,171,149,318,356,335,304,360,349,153,12,144,174,178,178,174,161,153,151,172,188,190,159,106,47,11,1,3795,320,0
Gambia,1974,6330,1637,3417,1780,388,171,151,316,355,336,311,363,354,158,14,146,170,179,176,175,161,158,153,173,190,192,162,108,50,13,1,3805,322,0
Gambia,1975,6443,1646,3424,1778,398,176,156,317,361,338,320,370,378,184,22,151,166,182,179,176,162,163,157,175,195,202,176,123,61,19,3,3822,332,0
Gambia,1976,6532,1657,3433,1776,404,179,160,317,360,336,325,378,399,208,31,155,162,183,177,174,162,165,160,178,200,211,188,137,71,26,5,3837,339,0
Gambia,1977,6705,1668,3463,1795,419,185,167,325,369,342,339,388,429,238,40,163,162,188,181,176,166,170,169,182,206,223,206,154,84,33,7,3882,352,0
Gambia,1978,6887,1692,3507,1815,435,193,175,340,375,345,350,394,454,267,51,172,168,190,185,178,167,174,176,183,211,233,221,170,97,41,10,3942,368,0
Gambia,1979,6889,1693,3477,1784,435,189,175,339,363,336,347,396,474,298,59,172,167,181,182,172,164,169,178,182,214,239,235,188,110,47,12,3912,364,1
Gambia,1980,6989,1708,3484,1776,444,192,179,351,360,332,350,400,498,328,71,178,173,176,184,171,161,169,181,184,216,249,249,205,123,56,15,3928,371,1
Gambia,1981,7128,1726,3495,1769,452,197,186,367,364,340,356,411,523,362,79,187,180,176,188,175,165,171,185,191,220,257,266,223,139,63,16,3947,383,1
Gambia,1982,7187,1742,3503,1761,453,198,186,371,354,328,351,415,542,394,87,189,182,170,184,169,159,168,183,195,220,263,279,242,152,70,17,3956,384,1
Gambia,1983,7314,1756,3508,1752,465,203,191,384,357,330,353,427,566,428,98,195,189,173,184,172,158,169,184,204,223,272,294,261,167,77,21,3973,394,2
Gambia,1984,7423,1770,3510,1740,471,208,195,400,357,332,349,435,594,468,111,204,196,178,179,175,157,167,182,208,227,282,312,283,185,88,23,3981,403,2
Gambia,1985,7457,1783,3509,1726,469,210,197,409,352,329,350,443,596,479,116,208,201,180,172,174,155,167,183,213,230,282,314,288,191,91,25,3978,407,2
Gambia,1986,7559,1801,3513,1712,478,214,203,423,354,330,354,461,609,496,122,215,208,185,169,174,156,168,186,222,239,287,322,299,197,96,26,3991,417,2
Gambia,1987,7591,1815,3499,1684,479,217,206,432,353,329,351,471,613,508,128,219,213,189,164,173,156,165,186,224,247,287,326,304,204,100,28,3978,423,3
Gambia,1988,7705,1829,3507,1678,487,219,211,449,359,331,356,491,628,531,136,226,223,195,164,173,158,166,190,230,261,293,335,317,214,105,31,3994,430,3
Gambia,1989,7775,1843,3518,1675,487,220,213,456,364,324,355,502,641,549,143,229,227,199,165,166,158,165,190,230,272,298,343,326,223,111,32,4005,433,3
Gambia,1990,7826,1860,3524,1664,483,219,215,462,368,315,350,512,657,567,151,231,231,202,166,158,157,162,188,230,282,306,351,335,232,116,35,4007,434,4
Gambia,1991,7803,1878,3529,1651,462,213,210,456,366,299,342,514,666,581,158,228,228,201,165,147,152,159,183,230,284,313,353,342,239,122,36,3991,423,4
Gambia,1992,7801,1895,3536,1641,447,207,205,453,363,292,335,514,681,598,165,226,227,201,162,142,150,156,179,228,286,324,357,351,247,127,38,3983,412,5
Gambia,1993,7762,1903,3527,1624,431,201,200,447,363,280,329,513,692,607,162,221,226,201,162,136,144,155,174,227,286,335,357,355,252,123,39,3958,401,5
Gambia,1994,7656,1902,3495,1593,416,196,195,439,365,276,326,506,686,595,157,216,223,201,164,139,137,155,171,223,283,336,350,349,246,120,37,3911,391,5
Gambia,1995,7553,1885,3442,1557,400,190,190,427,365,270,324,502,690,593,155,210,217,199,166,139,131,155,169,221,281,340,350,347,246,119,36,3842,380,5
Gambia,1996,7548,1863,3372,1509,403,194,191,430,375,269,328,505,710,605,160,211,219,204,171,143,126,157,171,221,284,350,360,353,252,123,37,3775,385,6
Gambia,1997,7690,1855,3329,1474,427,206,203,451,399,281,338,520,740,622,165,221,230,215,184,153,128,162,176,226,294,361,379,363,259,126,39,3756,409,6
Gambia,1998,7693,1839,3251,1412,431,208,206,454,410,286,338,526,764,640,170,224,230,220,190,159,127,160,178,227,299,368,396,371,269,131,39,3682,414,6
Gambia,1999,7773,1827,3206,1379,444,215,215,465,425,298,340,536,791,658,176,230,235,225,200,166,132,157,183,231,305,376,415,381,277,135,41,3650,430,6
Gambia,2000,7952,1790,3119,1329,481,233,232,496,455,325,350,557,830,686,184,246,250,240,215,182,143,157,193,239,318,393,437,399,287,141,43,3600,465,7
Gambia,2001,8102,1768,3049,1281,510,246,248,525,484,347,355,572,859,716,189,260,265,254,230,195,152,155,200,247,325,404,455,418,298,145,44,3559,494,7
Gambia,2002,8320,1741,2974,1233,552,265,267,560,517,376,366,593,896,749,197,280,280,270,247,212,164,158,208,257,336,422,474,442,307,152,45,3526,532,7
Gambia,2003,8410,1717,2907,1190,569,272,279,582,529,396,367,604,917,781,203,292,290,275,254,223,173,159,208,263,341,431,486,464,317,156,47,3476,551,7
Gambia,2004,8378,1707,2861,1154,574,276,281,584,541,416,366,605,907,766,192,293,291,280,261,233,183,165,201,267,338,428,479,459,307,148,44,3435,557,7
Gambia,2005,8369,1696,2825,1129,581,276,284,592,551,437,368,609,902,752,184,297,295,284,267,244,193,173,195,270,339,428,474,453,299,143,41,3406,560,6
Gambia,2006,8316,1687,2781,1094,577,274,284,592,553,455,371,610,894,740,174,297,295,284,269,252,203,181,190,272,338,425,469,446,294,136,38,3358,558,6
Gambia,2007,8443,1670,2733,1063,613,287,297,618,582,487,388,625,901,737,170,310,308,298,284,267,220,196,192,279,346,429,472,443,294,133,37,3346,584,6
Gambia,2008,8379,1647,2685,1038,604,284,296,614,581,503,396,624,893,730,163,309,305,296,285,274,229,205,191,276,348,424,469,437,293,129,34,3289,580,5
Gambia,2009,8324,1627,2639,1012,598,281,293,612,579,516,412,620,886,720,161,307,305,294,285,278,238,215,197,268,352,420,466,430,290,127,34,3237,574,5
Gambia,2010,8476,1603,2583,980,636,296,308,642,608,549,448,626,900,723,158,322,320,308,300,293,256,235,213,263,363,429,471,432,291,124,34,3219,604,5
Gambia,2011,8259,1576,2520,944,603,281,294,617,583,545,460,610,882,706,155,309,308,296,287,288,257,242,218,251,359,421,461,422,284,123,32,3123,575,4
Gambia,2012,8087,1548,2467,919,570,268,282,598,564,540,472,597,872,698,154,300,298,286,278,282,258,249,223,243,354,418,454,418,280,122,32,3037,550,4
Gambia,2013,8348,1512,2396,884,629,291,307,642,604,580,520,614,896,705,155,322,320,306,298,302,278,274,246,250,364,434,462,425,280,123,32,3025,598,4
Gambia,2014,8326,1467,2319,852,630,293,307,645,607,593,547,616,906,704,154,325,320,308,299,307,286,287,260,262,354,443,463,425,279,124,30,2949,600,4
Gambia,2015,8428,1422,2240,818,655,304,319,665,626,616,586,626,926,709,154,335,330,317,309,317,299,306,280,280,346,456,470,429,280,124,30,2895,623,4
Gambia,2016,8269,1376,2164,788,621,294,310,648,613,609,604,623,927,703,152,326,322,310,303,312,297,312,292,289,334,456,471,427,276,122,30,2785,604,4
Gambia,2017,8413,1333,2088,755,648,309,325,673,633,637,645,646,947,709,152,338,335,320,313,325,312,331,314,311,335,466,481,431,278,122,30,2736,634,4
Gambia,2018,8588,1291,2009,718,680,325,340,703,663,664,688,681,967,717,149,353,350,335,328,339,325,349,339,336,345,472,495,436,281,119,30,2689,665,4
Gambia,2019,8308,1259,1947,688,618,303,322,670,625,639,689,691,941,711,145,337,333,316,309,323,316,346,343,344,347,447,494,432,279,117,28,2565,625,3
Gambia,2020,8893,1230,1888,658,629,313,332,682,654,707,821,866,1061,789,152,344,338,327,327,351,356,405,416,431,435,504,557,479,310,124,28,2517,645,3
Gambia,2021,9442,1205,1836,631,635,320,353,733,707,779,926,1005,1138,850,160,370,363,351,356,385,394,451,475,506,499,530,608,517,333,131,29,2471,673,3
Georgia,1950,23501,3889,4800,911,110,151,205,547,671,1131,1650,3287,5457,5053,433,299,248,239,432,501,630,668,982,1421,1866,2455,3002,3235,1818,414,19,4910,356,0
Georgia,1951,23333,3957,4904,947,106,139,204,553,631,1134,1636,3213,5254,5043,518,288,265,233,398,506,628,684,952,1386,1827,2398,2856,3168,1875,488,30,5010,343,1
Georgia,1952,24531,3922,4878,956,107,132,226,593,643,1233,1774,3412,5570,5318,642,289,304,255,388,560,673,768,1006,1470,1942,2564,3006,3253,2065,595,47,4985,358,1
Georgia,1953,24004,3915,4864,949,120,111,231,585,603,1218,1759,3317,5418,5076,703,270,315,261,342,560,658,784,975,1430,1887,2507,2911,3017,2059,642,61,4984,342,1
Georgia,1954,23637,3899,4837,938,119,94,230,578,583,1202,1753,3256,5295,4928,764,257,321,273,310,550,652,801,952,1416,1840,2458,2837,2858,2070,685,79,4956,324,1
Georgia,1955,23904,3934,4859,925,134,83,227,586,598,1217,1818,3283,5332,4927,836,257,329,298,300,543,674,834,984,1434,1849,2480,2852,2798,2129,738,98,4993,310,2
Georgia,1956,23813,3991,4906,915,131,77,211,579,615,1202,1869,3241,5292,4807,884,262,317,318,297,510,692,844,1025,1410,1831,2462,2830,2707,2100,770,114,5037,288,4
Georgia,1957,23796,4038,4948,910,131,75,190,575,648,1181,1924,3217,5297,4677,922,273,302,344,304,465,716,848,1076,1397,1820,2458,2839,2672,2005,794,128,5079,265,5
Georgia,1958,23344,4067,4976,909,135,76,160,555,668,1128,1929,3132,5179,4457,941,275,280,355,313,412,716,829,1100,1358,1774,2393,2786,2595,1862,800,141,5111,236,7
Georgia,1959,23071,4074,4980,906,131,81,135,542,688,1081,1951,3095,5083,4332,964,273,269,363,325,374,707,825,1126,1333,1762,2340,2743,2551,1781,811,153,5111,216,9
Georgia,1960,23363,4081,4983,902,133,87,119,540,726,1061,2028,3171,5139,4356,1009,271,269,372,354,362,699,852,1176,1381,1790,2359,2780,2588,1768,842,167,5116,206,11
Georgia,1961,23420,4026,4920,894,128,92,110,531,752,1023,2085,3233,5163,4354,1016,254,277,367,385,361,662,883,1202,1453,1780,2366,2797,2610,1744,838,178,5048,202,14
Georgia,1962,23044,3906,4785,879,129,94,109,509,751,964,2090,3246,5084,4297,970,224,285,343,408,366,598,901,1189,1505,1741,2323,2761,2592,1705,787,183,4914,203,16
Georgia,1963,22663,3769,4623,854,131,94,109,481,748,914,2086,3263,5011,4257,928,191,290,323,425,379,535,911,1175,1554,1709,2292,2719,2576,1681,740,188,4754,203,18
Georgia,1964,23412,3548,4370,822,133,99,125,484,793,941,2209,3496,5286,4496,963,175,309,329,464,422,519,960,1249,1700,1796,2438,2848,2719,1777,760,203,4503,224,20
Georgia,1965,22754,3288,4065,777,130,98,130,446,778,928,2160,3500,5161,4406,931,151,295,321,457,443,485,916,1244,1709,1791,2389,2772,2662,1744,729,202,4195,228,21
Georgia,1966,22374,3085,3807,722,127,97,135,412,765,946,2123,3572,5082,4376,909,139,273,323,442,470,476,856,1267,1716,1856,2340,2742,2637,1739,713,196,3934,232,22
Georgia,1967,23150,3000,3686,686,143,103,144,398,770,1018,2167,3824,5290,4667,914,142,256,337,433,513,505,816,1351,1779,2045,2385,2905,2813,1854,726,188,3829,247,23
Georgia,1968,23164,2874,3530,656,132,107,147,373,748,1057,2114,3932,5300,4804,893,144,229,338,410,533,524,749,1365,1779,2153,2366,2934,2888,1916,718,175,3662,254,24
Georgia,1969,22941,2785,3409,624,127,108,147,350,712,1067,2022,3954,5225,4917,879,149,201,328,384,533,534,687,1335,1766,2188,2362,2863,2942,1975,710,169,3536,255,24
Georgia,1970,23446,2693,3278,585,131,112,155,342,706,1108,1993,4084,5354,5256,905,161,181,331,375,540,568,667,1326,1825,2259,2529,2825,3152,2104,733,172,3409,267,25
Georgia,1971,23358,2634,3174,540,120,113,157,329,696,1135,1907,4123,5428,5219,927,169,160,326,370,534,601,643,1264,1858,2265,2689,2739,3112,2107,755,172,3294,270,24
Georgia,1972,23501,2583,3098,515,111,111,158,327,682,1159,1869,4172,5609,5217,970,176,151,308,374,518,641,661,1208,1900,2272,2860,2749,3085,2132,797,173,3209,269,23
Georgia,1973,23697,2515,3013,498,106,111,159,334,663,1173,1831,4238,5812,5209,1025,181,153,279,384,495,678,691,1140,1940,2298,2987,2825,3008,2201,850,175,3119,270,22
Georgia,1974,23846,2453,2937,484,100,108,160,343,637,1178,1803,4274,6004,5190,1091,182,161,243,394,474,704,727,1076,1956,2318,3050,2954,2914,2276,909,182,3037,268,23
Georgia,1975,23788,2431,2903,472,94,104,159,351,600,1155,1780,4229,6136,5124,1126,183,168,207,393,452,703,757,1023,1913,2316,3040,3096,2808,2316,940,186,2997,263,23
Georgia,1976,24516,2359,2807,448,88,102,163,374,586,1175,1873,4342,6539,5266,1176,191,183,188,398,460,715,829,1044,1910,2432,3133,3406,2853,2413,975,201,2895,265,24
Georgia,1977,24203,2282,2708,426,86,94,160,374,541,1133,1909,4229,6631,5137,1172,189,185,173,368,454,679,864,1045,1784,2445,3086,3545,2810,2327,964,208,2794,254,23
Georgia,1978,24794,2233,2638,405,81,90,162,390,517,1139,2036,4270,6944,5253,1246,196,194,177,340,477,662,929,1107,1717,2553,3182,3762,2947,2306,1020,226,2719,252,24
Georgia,1979,24454,2210,2604,394,84,82,155,385,471,1091,2066,4097,6891,5224,1278,192,193,183,288,476,615,939,1127,1583,2514,3140,3751,3026,2198,1040,238,2688,237,24
Georgia,1980,25849,2164,2543,379,77,82,157,408,468,1136,2262,4237,7362,5699,1391,202,206,205,263,508,628,1006,1256,1609,2628,3360,4002,3409,2290,1133,258,2620,239,26
Georgia,1981,24862,2113,2476,363,77,77,145,392,428,1067,2199,3956,7077,5611,1332,192,200,208,220,477,590,939,1260,1526,2430,3266,3811,3460,2151,1087,245,2553,222,26
Georgia,1982,25167,2065,2413,348,67,73,139,396,427,1056,2247,3909,7226,5859,1323,193,203,217,210,455,601,911,1336,1574,2335,3376,3850,3692,2167,1074,249,2480,212,28
Georgia,1983,25418,2027,2363,336,75,72,131,397,435,1035,2271,3852,7365,6077,1316,193,204,223,212,413,622,868,1403,1640,2212,3463,3902,3844,2233,1054,262,2438,203,30
Georgia,1984,26514,2014,2337,323,64,71,128,410,469,1035,2351,3947,7732,6569,1365,197,213,236,233,372,663,858,1493,1769,2178,3631,4101,4123,2446,1079,286,2401,199,33
Georgia,1985,25977,1983,2301,318,66,68,117,394,474,960,2253,3834,7516,6639,1323,186,208,232,242,308,652,801,1452,1788,2046,3484,4032,4080,2559,1035,288,2367,185,33
Georgia,1986,26327,1933,2246,313,62,66,112,389,495,918,2230,3956,7541,6945,1330,179,210,234,261,271,647,793,1437,1895,2061,3395,4146,4131,2814,1038,292,2308,178,33
Georgia,1987,27679,1862,2182,320,69,70,115,405,534,911,2307,4323,7870,7480,1379,180,225,248,286,267,644,845,1462,2109,2214,3408,4462,4335,3145,1083,296,2251,185,35
Georgia,1988,27140,1799,2103,304,60,63,108,381,529,827,2204,4389,7623,7445,1371,163,218,244,285,266,561,843,1361,2170,2219,3169,4454,4253,3192,1090,281,2163,171,36
Georgia,1989,27503,1777,2080,303,63,66,109,378,545,784,2183,4590,7595,7610,1463,156,222,250,295,294,490,877,1306,2268,2322,3055,4540,4314,3296,1178,285,2143,175,39
Georgia,1990,27523,1763,2055,292,64,60,103,355,541,724,2153,4649,7392,7795,1590,144,211,250,291,315,409,896,1257,2253,2396,2932,4460,4405,3390,1303,287,2119,163,41
Georgia,1991,27360,1685,1978,293,66,67,108,351,557,691,2126,4728,7145,7792,1713,144,207,261,296,337,354,890,1236,2210,2518,2885,4260,4418,3374,1426,287,2044,175,41
Georgia,1992,27835,1538,1813,275,58,57,101,334,572,699,2139,4956,7152,8053,1861,139,195,267,305,360,339,861,1278,2194,2762,2984,4168,4628,3425,1567,294,1871,158,40
Georgia,1993,27306,1394,1654,260,54,56,98,316,574,720,2057,4967,6879,7978,1912,135,181,267,307,370,350,762,1295,2066,2901,2987,3892,4644,3334,1608,304,1708,154,39
Georgia,1994,26836,1265,1503,238,54,54,91,287,545,716,1950,4936,6704,7970,1990,125,162,251,294,350,366,631,1319,1939,2997,3062,3642,4655,3315,1659,331,1557,145,39
Georgia,1995,25150,1158,1374,216,54,51,82,259,508,706,1766,4593,6302,7457,1960,117,142,228,280,327,379,492,1274,1746,2847,3027,3275,4308,3149,1610,350,1428,133,38
Georgia,1996,24667,1057,1248,191,45,48,79,244,492,722,1657,4468,6393,7246,1992,112,132,213,279,323,399,408,1249,1698,2770,3190,3203,4075,3171,1609,383,1293,127,37
Georgia,1997,24837,962,1131,169,47,49,77,239,490,746,1570,4468,6780,7177,2022,110,129,202,288,327,419,376,1194,1747,2721,3502,3278,3898,3279,1612,410,1178,126,37
Georgia,1998,25318,867,1017,150,42,50,77,238,491,780,1490,4518,7324,7191,2065,109,129,192,299,340,440,402,1088,1854,2664,3883,3441,3767,3424,1635,430,1059,127,40
Georgia,1999,24670,773,904,131,41,48,75,226,463,772,1333,4364,7531,6847,2026,103,123,174,289,338,434,440,893,1896,2468,4003,3528,3468,3379,1596,430,945,123,42
Georgia,2000,24006,695,808,113,37,46,74,215,430,763,1188,4226,7668,6494,2011,96,119,157,273,337,426,482,706,1917,2309,3982,3686,3252,3242,1582,429,845,120,45
Georgia,2001,23474,618,714,96,33,45,71,207,400,761,1079,4123,7805,6189,2003,92,115,147,253,339,422,516,563,1878,2245,3873,3932,3176,3013,1583,420,747,116,48
Georgia,2002,22406,557,639,82,27,42,67,192,359,739,1000,3878,7730,5763,1919,86,106,134,225,332,407,518,482,1686,2192,3594,4136,3084,2679,1530,389,666,109,47
Georgia,2003,22196,504,575,71,25,40,67,186,335,740,1032,3722,7871,5646,1906,84,102,131,204,332,408,528,504,1456,2266,3391,4480,3169,2477,1527,379,600,107,47
Georgia,2004,22437,469,530,61,23,37,67,185,324,750,1132,3641,8033,5755,1916,84,101,131,193,331,419,539,593,1220,2421,3245,4788,3400,2355,1534,382,553,104,48
Georgia,2005,21295,432,486,54,20,32,61,168,289,708,1154,3314,7567,5666,1781,78,90,121,168,303,405,511,643,927,2387,2949,4618,3497,2169,1410,371,506,93,48
Georgia,2006,21213,393,441,48,18,30,60,164,274,692,1208,3129,7461,6001,1688,78,86,117,157,283,409,506,702,754,2375,2919,4542,3823,2178,1309,379,459,90,48
Georgia,2007,22266,365,408,43,16,29,59,169,278,711,1306,3067,7761,6761,1655,81,88,120,158,274,437,532,774,727,2340,3147,4614,4426,2335,1257,398,424,88,48
Georgia,2008,22643,346,385,39,15,26,59,171,277,711,1354,2872,7795,7348,1586,82,89,118,159,259,452,548,806,793,2079,3341,4454,4893,2455,1186,400,400,85,47
Georgia,2009,22029,333,368,35,13,23,53,158,257,653,1320,2557,7510,7581,1491,76,82,109,148,227,426,535,785,891,1666,3424,4086,5021,2560,1103,388,381,76,47
Georgia,2010,22273,310,343,33,13,21,49,158,250,622,1340,2375,7563,8003,1487,74,84,103,147,209,413,549,791,1027,1348,3599,3964,5158,2845,1107,380,356,70,49
Georgia,2011,22260,282,314,32,11,19,45,153,244,581,1344,2274,7548,8209,1468,71,82,100,144,199,382,555,789,1129,1145,3564,3984,5059,3150,1120,348,325,64,49
Georgia,2012,22049,260,290,30,10,17,40,147,236,538,1335,2270,7386,8283,1448,67,80,97,139,191,347,551,784,1172,1098,3290,4096,4829,3454,1134,314,300,57,49
Georgia,2013,22075,248,277,29,10,15,35,138,230,505,1334,2401,7214,8370,1496,63,75,95,135,188,317,544,790,1200,1201,2905,4309,4634,3736,1195,301,287,50,50
Georgia,2014,21496,241,267,26,10,14,30,127,216,469,1278,2497,6809,8159,1571,56,71,90,126,181,288,506,772,1172,1325,2428,4381,4377,3782,1278,293,277,44,51
Georgia,2015,21560,241,269,28,10,12,30,120,208,449,1265,2613,6554,8226,1754,51,69,87,121,176,273,488,777,1171,1442,2069,4485,4365,3861,1448,306,279,42,51
Georgia,2016,21444,228,254,26,7,12,26,113,200,429,1239,2685,6210,8267,1957,47,66,85,115,169,260,461,778,1156,1529,1806,4404,4419,3848,1637,320,261,38,48
Georgia,2017,22393,214,239,25,6,11,25,113,204,433,1271,2867,6134,8782,2262,46,67,87,117,171,262,454,817,1210,1657,1793,4341,4797,3985,1911,351,245,36,47
Georgia,2018,22952,203,228,25,10,11,23,109,205,437,1272,2986,5918,9202,2508,43,66,87,118,172,265,436,836,1250,1736,1913,4005,5168,4034,2123,385,238,34,48
Georgia,2019,22643,186,211,25,10,11,21,100,200,420,1222,2978,5494,9303,2626,39,61,86,114,164,256,409,813,1249,1729,2066,3428,5349,3954,2200,426,221,32,48
Georgia,2020,24606,174,197,23,10,10,19,92,203,430,1232,3218,5761,10475,2909,36,56,86,117,168,262,407,825,1338,1880,2479,3282,6064,4411,2400,509,207,29,52
Georgia,2021,27388,173,194,21,10,10,22,101,232,494,1436,3789,6461,11574,3016,40,61,96,136,188,306,488,948,1574,2215,3056,3405,6668,4906,2448,568,204,32,53
Germany,1950,358539,28388,32174,3786,1490,1248,1574,5628,8774,19487,35620,69722,110849,62888,8981,2400,3228,2920,5854,8371,11116,15030,20590,28877,40845,55063,55786,39630,23258,7765,1216,33664,2822,103
Germany,1951,363575,26409,30133,3724,1278,1207,1553,5294,8463,19557,36171,70779,115621,64778,8637,2252,3042,3093,5370,8325,11232,15246,20925,29310,41469,55818,59803,41455,23323,7693,944,31411,2760,104
Germany,1952,369399,24609,28208,3599,1171,1138,1565,5004,8140,19557,36764,71836,119881,67627,8404,2125,2879,3390,4750,8236,11321,15495,21269,29699,42137,56643,63238,43850,23777,7512,892,29379,2703,103
Germany,1953,375880,23131,26566,3435,1110,1060,1601,4769,7790,19590,37302,72932,123020,71709,8337,2009,2760,3680,4110,8141,11449,15706,21596,30028,42904,57445,65575,47500,24209,7438,899,27676,2661,91
Germany,1954,382820,21887,25159,3272,1067,978,1633,4603,7449,19588,37730,74126,125875,76094,8442,1936,2667,3830,3619,7995,11593,15882,21848,30428,43698,58199,67676,51017,25077,7517,925,26226,2611,69
Germany,1955,389951,20662,23779,3117,1062,872,1644,4489,7282,19389,38163,75224,128570,80833,8594,1920,2569,3757,3525,7702,11687,16080,22083,30895,44329,59309,69261,54451,26382,7607,987,24841,2516,51
Germany,1956,397541,19871,22847,2976,1070,762,1638,4399,7391,18853,38529,76427,131875,84993,8708,1933,2466,3583,3808,7175,11678,16238,22291,31399,45028,60641,71234,58006,26987,7687,1021,23917,2400,52
Germany,1957,410199,19052,22078,3026,1180,794,1784,4509,7855,18113,39866,80218,135942,88675,9126,2042,2467,3514,4341,6496,11617,16742,23124,33166,47052,62832,73110,60116,28559,8061,1065,23258,2578,59
Germany,1958,400920,19127,21827,2700,1045,703,1543,4144,7677,16454,39167,77073,131354,90490,9377,1890,2254,3149,4528,5489,10965,16396,22771,32465,44608,61010,70344,60451,30039,8259,1118,22872,2246,65
Germany,1959,408683,19361,22217,2856,1081,749,1471,4161,7904,15497,39053,77987,133413,95214,9863,2014,2147,3095,4809,4664,10833,16332,22721,32272,45715,61895,71518,63071,32143,8662,1201,23298,2220,70
Germany,1960,429493,18920,21646,2726,1038,632,1328,4172,7870,15455,39344,81280,140838,104246,11553,1974,2198,2953,4917,4580,10875,16246,23098,33458,47822,64728,76110,67772,36474,10140,1413,22684,1960,86
Germany,1961,416659,18235,20958,2723,1069,718,1200,4064,7230,14997,38613,79790,135327,101561,11046,2028,2036,2752,4478,5091,9906,16100,22513,32849,46941,62187,73140,64933,36628,9690,1356,22027,1918,85
Germany,1962,429758,16730,19389,2659,1085,713,1201,4005,6882,14352,39079,81190,140876,108451,12440,1871,2134,2713,4169,5572,8780,16004,23075,33284,47906,64912,75964,68207,40244,10891,1549,20474,1914,97
Germany,1963,439109,16222,18917,2695,1043,705,1124,3897,6407,14143,39100,83560,145095,111457,13551,1770,2127,2444,3963,6372,7771,15782,23318,34135,49425,66321,78774,69594,41863,11925,1626,19960,1829,104
Germany,1964,426198,14889,17251,2362,1099,724,1002,3809,6400,13217,38334,82526,141080,107163,13486,1689,2120,2462,3938,6560,6657,15208,23126,34066,48460,64839,76241,66756,40407,11907,1579,18350,1726,103
Germany,1965,448061,13428,15887,2459,1038,787,1026,3716,6246,13040,38634,86231,149950,115603,15779,1529,2187,2490,3756,6456,6584,15147,23487,35387,50844,68876,81074,71874,43729,13892,1887,16925,1813,124
Germany,1966,452234,12985,15423,2438,1128,759,1167,3598,6275,13383,37147,86015,151675,118654,16879,1436,2162,2540,3735,6063,7320,14006,23141,35010,51005,69298,82377,73744,44910,14840,2039,16551,1926,138
Germany,1967,454668,11883,14149,2266,1154,730,1215,3572,5958,14061,35151,86571,153782,120460,17717,1393,2179,2457,3501,5832,8229,12282,22869,35092,51479,70214,83568,75315,45145,15513,2204,15303,1945,148
Germany,1968,489336,11068,13381,2313,1235,775,1321,3355,6049,14957,34486,90431,166739,135329,21106,1352,2003,2605,3444,5762,9195,11230,23256,36035,54396,76320,90419,84161,51168,18329,2777,14616,2096,176
Germany,1969,494466,10498,12687,2189,1325,840,1434,3250,6313,16101,33287,93779,170419,134276,20580,1275,1975,2747,3566,5863,10238,10118,23169,37297,56482,78233,92186,83949,50327,17808,2772,14012,2274,176
Germany,1970,493189,9658,11654,1996,1217,834,1456,3274,6159,15573,31962,91879,171133,136738,21114,1395,1879,2729,3430,5622,9951,9879,22083,36444,55435,78099,93034,85602,51136,18138,2976,12871,2290,193
Germany,1971,490478,9188,11042,1854,1270,841,1492,3158,6297,14629,30793,89222,169351,140386,21792,1504,1654,2765,3532,5306,9323,10771,20022,35166,54056,76330,93021,87383,53003,18621,3171,12312,2333,206
Germany,1972,489503,7666,9253,1587,1168,803,1569,3046,6296,13841,29823,88109,170949,141774,22646,1543,1503,2774,3522,5152,8689,12027,17796,34416,53693,76765,94184,88098,53676,19249,3397,10421,2372,231
Germany,1973,489329,6969,8369,1400,1201,795,1388,3053,6140,13463,28598,86164,171502,145047,23349,1537,1516,2552,3588,5005,8458,13011,15587,33364,52800,76714,94788,89259,55788,19762,3587,9570,2183,258
Germany,1974,489961,6541,7793,1252,975,743,1315,2859,6195,13204,27113,85188,171883,148410,24004,1459,1400,2594,3601,4815,8389,13849,13264,32287,52901,76343,95540,90738,57672,20278,3726,8768,2058,281
Germany,1975,508571,6100,7333,1233,1000,783,1543,2972,6165,12809,27106,84915,179841,157919,25871,1531,1441,2338,3827,4864,7945,13665,13441,31433,53482,78994,100847,96817,61102,21846,4025,8333,2326,315
Germany,1976,499073,5538,6558,1020,871,806,1626,3109,5773,12781,27453,80217,175163,157663,26712,1567,1542,2037,3736,4996,7785,12817,14636,28386,51831,77327,97836,95398,62265,22528,4184,7429,2432,338
Germany,1977,479442,4998,5903,905,810,729,1631,3167,5587,12307,27606,72747,168346,153751,26500,1520,1647,1962,3625,5020,7287,11924,15682,24571,48176,73701,94645,93330,60421,22290,4210,6713,2360,356
Germany,1978,493792,4744,5674,930,715,725,1638,3246,5471,12505,28848,69797,173341,162676,28755,1599,1647,1982,3489,5113,7392,11394,17454,21816,47981,75140,98201,98566,64110,24153,4602,6389,2363,399
Germany,1979,490679,4558,5420,862,624,695,1538,3141,5139,12228,29723,65811,171984,164433,29520,1504,1637,1771,3368,5242,6986,11182,18541,18811,47000,74496,97488,98882,65551,24772,4748,6044,2233,418
Germany,1980,496260,4566,5440,874,529,618,1466,2989,4881,12062,28789,63270,173513,170790,31448,1415,1574,1785,3096,5258,6804,10776,18013,18700,44570,74209,99304,101746,69044,26291,5157,5969,2084,460
Germany,1981,501083,4171,5021,850,488,602,1539,2931,4669,12262,27640,61232,174102,176055,34031,1381,1550,1879,2790,5334,6928,10589,17051,20180,41052,73527,100575,103868,72187,28384,5647,5509,2141,512
Germany,1982,497284,3955,4747,792,442,496,1416,2918,4564,12205,26320,59095,170670,179145,34724,1431,1487,1978,2586,5214,6991,10218,16102,22592,36503,71030,99640,105729,73416,28888,5836,5189,1912,536
Germany,1983,497667,3498,4312,814,416,449,1346,2937,4242,11955,25145,56274,170083,182990,36934,1442,1495,1778,2464,4945,7010,9718,15427,24738,31536,69906,100177,107399,75591,30631,6303,4728,1795,586
Germany,1984,486448,3375,4070,695,406,384,1217,2841,4196,11744,24262,52835,163791,182621,37475,1381,1460,1809,2387,4625,7119,9168,15094,25961,26874,66224,97567,106040,76581,31058,6417,4476,1601,605
Germany,1985,496346,3163,3888,725,427,357,1056,2724,4147,11555,23942,51562,163053,191581,41369,1332,1392,1790,2357,4192,7363,9266,14676,25210,26352,64244,98809,110085,81496,34227,7142,4315,1413,689
Germany,1986,498130,3178,3851,673,371,311,984,2648,4229,11260,23379,53230,158146,194993,43966,1279,1369,1786,2443,3877,7383,9293,14086,24141,29089,60020,98126,111041,83952,36238,7728,4222,1295,761
Germany,1987,483517,3082,3666,584,336,307,882,2581,4200,10856,23006,54516,145271,192176,44909,1279,1302,1774,2426,3537,7319,9410,13596,22803,31713,51285,93986,108511,83665,36835,8074,4002,1189,814
Germany,1988,483835,2816,3489,673,382,310,783,2652,4370,10664,23150,56772,137240,195942,47193,1269,1383,1781,2589,3494,7170,10040,13110,21653,35119,44963,92277,109967,85975,38538,8655,3871,1093,886
Germany,1989,487184,2729,3319,590,369,217,779,2609,4554,10098,23361,58427,128935,201820,51674,1231,1378,1904,2650,3375,6723,10393,12968,21245,37182,38794,90141,111903,89917,41867,9807,3688,996,1021
Germany,1990,497260,2641,3287,646,413,327,707,2728,4716,9968,23615,58027,126414,209450,56446,1264,1464,1862,2854,3595,6373,10399,13216,21361,36666,38158,88256,115028,94422,45461,10985,3700,1034,1155
Germany,1991,489674,2328,2944,616,360,311,715,2577,4812,9660,23973,55649,121339,208908,57215,1105,1472,2023,2789,3798,5862,10817,13156,20755,34894,41333,80006,113633,95275,45804,11411,3304,1026,1210
Germany,1992,475447,2117,2647,530,331,298,645,2552,4643,9435,23656,51955,114135,204564,59288,1062,1490,1918,2725,3986,5449,10202,13454,19559,32396,44778,69357,109539,95025,47347,11941,2978,943,1298
Germany,1993,481764,1948,2465,517,302,319,656,2292,4736,9605,24097,50463,111737,209626,64008,893,1399,2036,2700,4240,5365,10192,13905,19065,31398,50613,61124,110249,99377,50919,13089,2767,975,1458
Germany,1994,475643,1820,2337,517,290,289,649,2091,4638,9285,23977,48802,105512,209926,66274,849,1242,1994,2644,4097,5188,9771,14206,18400,30402,53008,52504,107712,102214,52562,13712,2627,938,1570
Germany,1995,474314,1715,2138,423,331,278,688,2066,4656,9404,23405,47953,103106,208924,69638,839,1227,1943,2713,4157,5247,8991,14414,18251,29702,51317,51789,104415,104509,54989,14649,2469,966,1724
Germany,1996,475758,1698,2093,395,248,262,667,1954,4631,9811,22452,47355,105452,204498,74428,774,1180,1836,2795,4087,5724,8142,14310,18343,29012,49082,56370,97572,106926,58566,15862,2341,929,1906
Germany,1997,462671,1659,2053,394,235,249,628,1705,4469,9833,21517,45522,107464,190628,76347,674,1031,1750,2719,4049,5784,7541,13976,18405,27117,45890,61574,85875,104753,59756,16591,2288,877,2020
Germany,1998,459556,1558,1934,376,213,256,654,1613,4161,9719,20525,44685,111825,181090,80711,657,956,1556,2605,3884,5835,7130,13395,18810,25875,44026,67799,74331,106759,63032,17679,2147,910,2170
Germany,1999,456469,1497,1833,336,240,249,671,1562,4129,9697,19861,44049,113938,172441,85433,673,889,1526,2603,3937,5760,7115,12746,19163,24886,42282,71656,65441,107000,66424,19009,2073,920,2366
Germany,2000,450487,1426,1754,328,198,249,627,1492,4044,9665,19100,43862,109724,169028,88268,704,788,1472,2572,3909,5756,7331,11769,19376,24486,40673,69051,64533,104495,68494,19774,1952,876,2476
Germany,2001,445245,1309,1653,344,191,258,603,1357,3792,9569,18384,43575,104412,166385,92305,653,704,1208,2584,3836,5733,7768,10616,19128,24447,38809,65603,70269,96116,70860,21445,1844,861,2755
Germany,2002,452677,1335,1694,359,175,224,557,1341,3550,9796,18189,44063,101800,169857,98361,674,667,1203,2347,3936,5860,8106,10083,18864,25199,38128,63672,81077,88780,74811,23550,1869,781,3073
Germany,2003,457957,1259,1553,294,205,226,531,1280,3416,9584,18173,44066,99737,171590,104259,630,650,1124,2292,3883,5701,8235,9938,18136,25930,37156,62581,91601,79989,78758,25501,1758,757,3339
Germany,2004,435863,1264,1553,289,165,176,524,1260,3020,9359,17724,43041,93134,160606,101798,638,622,974,2046,3582,5777,7967,9757,16956,26085,34395,58739,93060,67546,75644,26154,1718,700,3500
Germany,2005,441984,1117,1379,262,198,232,453,1138,2891,9440,18083,42373,91658,165215,105184,558,580,932,1959,3725,5715,8030,10053,16079,26294,34193,57465,93186,72029,77230,27954,1577,685,3747
Germany,2006,436206,1122,1345,223,137,190,453,1132,2680,9250,18336,40105,89771,170012,98803,541,591,848,1832,3540,5710,7944,10392,14399,25706,34198,55573,89887,80125,70166,28637,1482,643,3989
Germany,2007,436485,1129,1379,250,131,171,427,1159,2540,8922,18973,39250,88043,177372,93723,532,627,829,1711,3318,5604,7994,10979,13522,25728,34540,53503,86430,90942,63473,30250,1510,598,4395
Germany,2008,447574,1010,1261,251,143,182,389,1176,2334,9064,19203,39123,89044,189931,90837,521,655,752,1582,3267,5797,8058,11145,13840,25283,36557,52487,86213,103718,58178,32659,1404,571,4888
Germany,2009,450629,980,1192,212,150,190,409,1198,2282,8941,19346,37924,89066,197933,86780,560,638,831,1451,3178,5763,8096,11250,13477,24447,37613,51453,86177,111756,53616,33164,1342,599,5218
Germany,2010,449944,1036,1258,222,143,149,377,1187,2162,8676,19441,36500,90158,193787,90619,543,644,806,1356,3072,5604,8331,11110,14128,22372,38249,51909,83670,110117,58634,31985,1401,526,5493
Germany,2011,444860,1065,1275,210,148,171,323,1121,2108,8429,19854,35760,89259,186162,94600,497,624,847,1261,2865,5564,8395,11459,15283,20477,38220,51039,80027,106135,65708,28892,1423,494,5650
Germany,2012,453634,1019,1203,184,127,115,320,1039,1977,7954,19669,35029,91099,185814,103246,465,574,780,1197,2646,5308,8416,11253,15586,19443,38041,53058,79799,106015,77018,26228,1330,435,6045
Germany,2013,465170,997,1188,191,134,151,338,1071,2109,7659,20339,36147,93979,185973,109677,468,603,868,1241,2490,5169,8610,11729,16218,19929,37479,56500,78842,107131,85633,24044,1322,489,6409
Germany,2014,448820,1041,1234,193,96,130,301,950,1977,7081,20103,35074,91524,174316,109467,428,522,804,1173,2233,4848,8527,11576,15942,19132,34820,56704,73467,100849,85738,23729,1330,431,6563
Germany,2015,476904,1118,1321,203,107,154,342,1019,2112,6907,20552,37539,94202,185195,120898,418,601,893,1219,2135,4772,8530,12022,16784,20755,33959,60243,78570,106625,93215,27683,1428,496,6552
Germany,2016,463473,1223,1418,195,124,153,315,917,2114,6709,20703,38742,89667,178430,118529,362,555,880,1234,2071,4638,8291,12412,16712,22030,30814,58853,77510,100920,88083,30446,1542,468,5645
Germany,2017,475768,1132,1336,204,125,137,294,954,2137,6153,20435,39813,89073,183069,127081,407,547,881,1256,1891,4262,8131,12304,16942,22871,29847,59226,81784,101285,90988,36093,1461,431,5155
Germany,2018,453046,1096,1327,231,120,134,301,912,2253,5972,20741,41874,88620,174118,112343,364,548,903,1350,1953,4019,7977,12764,17605,24269,29728,58892,86720,87398,77837,34506,1447,435,4330
Germany,2019,444942,1086,1282,196,122,138,268,873,2274,5432,20300,41307,84334,173147,110926,356,517,872,1402,1862,3570,7738,12562,17319,23988,29175,55159,88727,84420,75795,35131,1404,406,4534
Germany,2020,480803,1051,1244,193,122,139,257,833,2240,5340,20111,43202,81405,196950,123181,343,490,860,1380,2008,3332,7176,12935,18269,24933,31714,49691,99014,97936,83957,39224,1366,396,5782
Germany,2021,511577,1032,1218,186,123,147,263,863,2406,5468,21164,47200,81909,213714,129838,358,505,943,1463,2161,3307,7350,13814,20075,27125,36998,44911,106181,107533,88069,41769,1341,410,7266
Ghana,1950,50368,15639,25520,9881,2596,1500,1583,2802,2124,1562,1611,2753,4440,3273,592,1498,1304,1157,967,831,731,782,829,1137,1616,2112,2328,2035,1238,492,100,28116,3083,11
Ghana,1951,51285,16195,26586,10391,2553,1446,1581,2906,2213,1600,1633,2671,4315,3192,579,1552,1354,1202,1011,856,744,790,843,1103,1568,2051,2264,1987,1205,479,100,29139,3027,11
Ghana,1952,52223,16655,27556,10901,2553,1399,1568,3019,2309,1645,1661,2598,4211,3128,567,1604,1415,1249,1060,883,762,800,861,1074,1524,2001,2210,1948,1180,469,98,30109,2967,11
Ghana,1953,53065,17073,28422,11349,2600,1342,1537,3124,2393,1689,1689,2530,4104,3063,557,1644,1480,1290,1103,910,779,807,882,1049,1481,1948,2156,1908,1155,459,98,31022,2879,12
Ghana,1954,54029,17443,29182,11739,2745,1299,1508,3241,2492,1756,1729,2489,4017,3016,547,1687,1554,1336,1156,953,803,818,911,1041,1448,1905,2112,1877,1139,451,96,31927,2807,12
Ghana,1955,54828,17758,29804,12046,2905,1262,1463,3327,2588,1824,1760,2453,3925,2962,539,1708,1619,1383,1205,994,830,829,931,1044,1409,1859,2066,1840,1122,444,95,32709,2725,12
Ghana,1956,55592,18070,30393,12323,3068,1239,1418,3385,2688,1893,1787,2436,3833,2907,531,1710,1675,1434,1254,1039,854,846,941,1062,1374,1813,2020,1804,1103,437,94,33461,2657,12
Ghana,1957,56329,18323,30887,12564,3232,1233,1376,3427,2796,1970,1821,2433,3753,2863,523,1700,1727,1496,1300,1089,881,868,953,1090,1343,1772,1981,1773,1090,431,92,34119,2609,12
Ghana,1958,57451,18581,31374,12793,3475,1283,1355,3505,2964,2082,1880,2468,3704,2834,518,1703,1802,1595,1369,1157,925,903,977,1135,1333,1748,1956,1752,1082,427,91,34849,2638,12
Ghana,1959,58220,18823,31867,13044,3609,1340,1306,3496,3076,2170,1916,2495,3627,2789,514,1660,1836,1664,1412,1206,964,929,987,1172,1323,1709,1918,1721,1068,424,90,35476,2646,12
Ghana,1960,59023,19033,32310,13277,3736,1421,1275,3480,3197,2273,1969,2537,3557,2748,509,1617,1863,1734,1463,1263,1010,964,1005,1202,1335,1674,1883,1694,1054,420,89,36046,2696,12
Ghana,1961,60166,19281,32770,13489,3927,1536,1276,3489,3366,2404,2045,2608,3507,2717,505,1596,1893,1824,1542,1333,1071,1007,1038,1234,1374,1650,1857,1674,1043,417,88,36697,2812,12
Ghana,1962,61975,19553,33289,13736,4058,1619,1302,3527,3442,2467,2106,2749,3769,3039,593,1612,1915,1866,1576,1361,1106,1033,1073,1278,1471,1743,2026,1866,1173,485,108,37347,2921,13
Ghana,1963,63558,19855,33842,13987,4141,1680,1333,3521,3497,2502,2158,2870,3994,3334,671,1608,1913,1891,1606,1370,1132,1055,1103,1313,1557,1822,2172,2041,1293,545,126,37983,3013,15
Ghana,1964,64502,20067,34197,14130,4157,1703,1367,3455,3510,2501,2187,2952,4147,3575,735,1577,1878,1892,1618,1359,1142,1069,1118,1328,1624,1876,2271,2183,1392,594,141,38354,3070,17
Ghana,1965,66198,20294,34681,14387,4314,1774,1450,3480,3608,2563,2263,3068,4348,3833,800,1592,1888,1936,1672,1385,1178,1106,1157,1366,1702,1967,2381,2333,1500,643,157,38995,3224,19
Ghana,1966,68031,20585,35224,14639,4507,1859,1547,3528,3721,2647,2349,3178,4537,4058,852,1618,1910,1983,1738,1429,1218,1154,1195,1414,1764,2071,2466,2461,1597,684,168,39731,3406,21
Ghana,1967,69643,21009,35905,14896,4619,1924,1631,3543,3786,2716,2422,3265,4681,4233,894,1630,1913,2000,1786,1469,1247,1196,1226,1455,1810,2161,2520,2556,1677,718,176,40524,3555,22
Ghana,1968,72130,21522,36784,15262,4867,2048,1752,3657,3940,2854,2541,3402,4886,4438,942,1703,1954,2061,1879,1555,1299,1260,1281,1521,1881,2284,2602,2667,1771,757,185,41651,3800,24
Ghana,1969,73997,22106,37655,15549,4980,2130,1832,3726,4009,2942,2631,3487,5029,4572,977,1775,1951,2071,1938,1618,1324,1306,1325,1565,1922,2377,2652,2733,1839,786,191,42635,3962,25
Ghana,1970,74713,22597,38330,15733,4901,2155,1852,3718,3973,2979,2673,3506,5049,4573,984,1811,1907,2028,1945,1649,1330,1327,1346,1581,1925,2398,2651,2715,1858,793,191,43231,4007,26
Ghana,1971,76272,23016,39056,16040,5031,2272,1933,3818,4086,3131,2788,3581,5059,4513,979,1896,1922,2066,2020,1742,1389,1385,1403,1622,1959,2410,2649,2664,1849,791,188,44087,4205,25
Ghana,1972,76488,23036,39037,16001,5162,2386,1999,3823,4214,3331,2888,3611,4902,4216,898,1928,1895,2103,2111,1858,1473,1440,1448,1641,1970,2356,2546,2478,1738,733,165,44199,4385,22
Ghana,1973,76757,23308,39320,16012,5129,2441,2056,3830,4222,3485,2978,3637,4801,3986,852,1957,1873,2082,2140,1937,1548,1483,1495,1660,1977,2317,2484,2331,1655,701,151,44449,4497,21
Ghana,1974,77100,23395,39425,16030,5113,2485,2129,3893,4204,3647,3081,3697,4758,3821,826,1999,1894,2049,2155,2017,1630,1527,1554,1696,2001,2299,2459,2229,1592,681,145,44538,4614,19
Ghana,1975,77191,23295,39158,15863,5133,2519,2213,3974,4182,3796,3188,3773,4733,3693,810,2043,1931,2019,2163,2086,1710,1575,1613,1739,2034,2298,2435,2159,1534,669,141,44291,4732,18
Ghana,1976,77100,23107,38742,15635,5107,2528,2284,4039,4150,3931,3292,3858,4735,3615,803,2078,1961,1983,2167,2142,1789,1629,1663,1791,2067,2316,2419,2132,1483,662,141,43849,4812,17
Ghana,1977,77990,22949,38324,15375,5280,2617,2413,4184,4239,4168,3457,4008,4842,3629,816,2157,2027,2001,2238,2253,1915,1729,1728,1882,2126,2388,2454,2163,1466,670,146,43604,5030,17
Ghana,1978,79010,23496,38839,15343,5229,2573,2477,4356,4119,4208,3612,4121,4937,3680,844,2265,2091,1957,2162,2241,1967,1811,1801,1951,2170,2446,2491,2214,1466,688,156,44068,5050,18
Ghana,1979,80224,23832,39437,15605,5182,2525,2516,4539,4020,4222,3760,4260,5063,3793,884,2381,2158,1948,2072,2206,2016,1894,1866,2029,2231,2514,2549,2298,1495,714,170,44619,5041,20
Ghana,1980,83010,24381,40346,15965,5407,2582,2631,4904,4087,4324,3996,4509,5303,3970,929,2587,2317,2035,2052,2222,2102,2017,1979,2163,2346,2638,2665,2410,1560,746,183,45753,5213,22
Ghana,1981,83294,24926,41311,16385,5428,2561,2649,5140,4077,4319,4161,4562,4969,3390,705,2714,2426,2093,1984,2187,2132,2101,2060,2220,2342,2527,2442,2091,1299,574,131,46739,5210,16
Ghana,1982,84943,25373,42226,16853,5692,2650,2730,5508,4227,4418,4407,4740,4804,2982,543,2896,2612,2234,1993,2212,2206,2224,2183,2338,2402,2479,2325,1866,1116,450,93,47918,5380,11
Ghana,1983,86576,25953,42984,17031,5855,2668,2743,5808,4296,4370,4628,4954,4858,2899,502,3029,2779,2332,1964,2155,2215,2314,2314,2460,2494,2519,2339,1820,1079,416,86,48839,5411,10
Ghana,1984,87851,26491,43679,17188,5931,2645,2725,6104,4337,4210,4839,5160,4917,2827,464,3144,2960,2406,1931,2038,2172,2386,2453,2571,2589,2566,2351,1782,1045,386,78,49610,5370,8
Ghana,1985,87411,25872,42814,16942,6025,2666,2665,6097,4447,4112,4942,5372,5037,2821,415,3081,3016,2477,1970,1972,2140,2426,2516,2677,2695,2638,2399,1793,1028,364,51,48839,5331,4
Ghana,1986,86274,25377,41722,16345,5995,2656,2582,5977,4519,3971,4978,5537,5130,2814,389,2963,3014,2517,2002,1889,2082,2427,2551,2750,2787,2705,2425,1809,1005,349,40,47717,5238,3
Ghana,1987,85525,24664,40474,15810,6015,2690,2549,5899,4663,3879,5056,5783,5281,2855,377,2874,3025,2591,2072,1837,2042,2441,2615,2856,2927,2809,2472,1856,999,345,32,46489,5239,2
Ghana,1988,84255,23811,38895,15084,5986,2716,2524,5766,4786,3787,5092,6011,5423,2892,372,2769,2997,2651,2135,1808,1979,2428,2664,2955,3056,2905,2518,1894,998,343,29,44881,5240,1
Ghana,1989,83370,22984,37330,14346,5988,2763,2540,5684,4949,3759,5144,6261,5631,2957,362,2707,2977,2732,2217,1838,1921,2412,2732,3059,3202,3034,2597,1946,1011,332,30,43318,5303,1
Ghana,1990,83902,22276,36054,13778,6180,2903,2649,5758,5258,3850,5268,6593,5936,3059,390,2739,3019,2889,2369,1943,1907,2431,2837,3200,3393,3215,2721,2021,1038,357,33,42234,5552,1
Ghana,1991,84428,21748,35081,13333,6281,3015,2749,5784,5516,3945,5342,6893,6260,3164,396,2764,3020,3005,2511,2057,1888,2435,2907,3324,3569,3405,2855,2090,1074,360,36,41362,5764,1
Ghana,1992,85316,21284,34200,12916,6436,3137,2879,5833,5786,4081,5415,7233,6634,3277,403,2814,3019,3114,2672,2200,1881,2438,2977,3465,3768,3629,3005,2158,1119,364,39,40636,6016,1
Ghana,1993,87662,20965,33608,12643,6805,3358,3112,6070,6202,4350,5542,7691,7096,3417,412,2974,3096,3286,2916,2404,1946,2466,3076,3663,4028,3904,3192,2250,1167,371,41,40413,6470,1
Ghana,1994,90093,20689,33320,12631,7095,3539,3322,6285,6542,4659,5619,8142,7578,3568,424,3130,3155,3402,3140,2605,2054,2471,3148,3864,4278,4180,3398,2356,1212,382,42,40415,6861,1
Ghana,1995,90096,20434,32780,12346,6915,3509,3386,6269,6571,4822,5496,8311,7905,3694,437,3169,3100,3349,3222,2708,2114,2396,3100,3927,4384,4354,3551,2442,1252,393,44,39695,6895,1
Ghana,1996,90507,20144,32237,12093,6809,3499,3468,6325,6602,5046,5416,8507,8285,3851,463,3241,3084,3297,3305,2833,2213,2346,3070,3987,4520,4546,3739,2556,1295,414,49,39046,6967,1
Ghana,1997,90420,20043,31862,11819,6557,3419,3478,6331,6500,5238,5293,8621,8657,3995,467,3285,3046,3188,3312,2931,2307,2285,3008,3998,4623,4723,3934,2666,1329,415,52,38419,6897,1
Ghana,1998,91269,20012,31451,11439,6503,3403,3552,6510,6511,5521,5252,8799,9095,4163,498,3410,3100,3149,3362,3082,2439,2291,2961,4027,4772,4943,4152,2789,1374,442,56,37954,6955,1
Ghana,1999,91839,19973,31064,11091,6356,3347,3585,6663,6456,5772,5234,8936,9519,4369,531,3508,3155,3097,3359,3209,2563,2348,2886,4016,4920,5144,4375,2938,1431,467,64,37420,6932,1
Ghana,2000,94258,20001,30676,10675,6559,3446,3740,7076,6640,6199,5390,9219,10082,4661,567,3736,3340,3185,3455,3431,2768,2502,2888,4077,5142,5413,4669,3144,1517,496,71,37235,7186,2
Ghana,2001,97286,19713,30129,10416,6867,3594,3945,7617,6908,6701,5635,9537,10725,5015,608,4026,3591,3332,3576,3682,3019,2714,2921,4166,5371,5728,4997,3392,1623,526,82,36996,7539,2
Ghana,2002,96925,19335,29473,10138,6589,3474,3875,7725,6776,6853,5686,9476,11065,5278,648,4062,3663,3305,3471,3715,3138,2841,2845,4086,5390,5867,5198,3578,1700,549,99,36062,7349,5
Ghana,2003,96878,18997,28906,9909,6364,3364,3789,7842,6696,6990,5819,9390,11459,5562,690,4091,3751,3318,3378,3727,3263,2988,2831,3993,5397,6031,5428,3776,1786,576,114,35270,7153,8
Ghana,2004,99320,18724,28393,9669,6613,3434,3885,8288,6954,7351,6188,9469,12064,5935,732,4284,4004,3505,3449,3852,3499,3220,2968,3980,5489,6328,5736,4029,1906,609,123,35006,7319,11
Ghana,2005,99390,18866,28343,9477,6380,3279,3762,8269,6877,7358,6409,9279,12372,6267,779,4222,4047,3519,3358,3773,3585,3353,3056,3862,5417,6454,5918,4241,2026,647,132,34723,7041,14
Ghana,2006,101384,18555,27857,9302,6600,3298,3817,8585,7129,7579,6846,9298,12849,6679,831,4328,4257,3698,3431,3812,3767,3584,3262,3843,5455,6654,6195,4502,2177,692,139,34457,7115,16
Ghana,2007,101732,18186,27309,9123,6546,3209,3749,8626,7226,7588,7205,9179,13150,7055,877,4299,4327,3796,3430,3747,3841,3764,3441,3776,5403,6740,6410,4735,2320,731,146,33855,6958,18
Ghana,2008,103879,17866,26696,8830,6794,3262,3810,8908,7613,7767,7734,9246,13601,7499,931,4381,4527,4034,3579,3786,3981,4030,3704,3847,5399,6887,6714,5023,2476,775,156,33490,7072,20
Ghana,2009,102936,17591,26052,8461,6528,3136,3657,8710,7622,7601,8001,9112,13703,7808,982,4236,4474,4058,3564,3671,3930,4155,3846,3892,5220,6817,6886,5205,2603,818,164,32580,6793,21
Ghana,2010,105677,17395,25444,8049,6832,3259,3742,9008,8109,7812,8586,9382,14137,8287,1057,4352,4656,4329,3780,3775,4037,4437,4149,4151,5231,6928,7209,5492,2795,883,174,32276,7001,22
Ghana,2011,104247,17157,24726,7569,6505,3149,3559,8705,8073,7594,8788,9347,14085,8583,1108,4181,4524,4309,3764,3681,3913,4502,4286,4286,5061,6807,7278,5655,2928,933,175,31231,6708,20
Ghana,2012,102863,16781,24034,7253,6121,3030,3376,8372,8005,7392,8967,9397,14046,8934,1171,4002,4370,4251,3754,3612,3780,4535,4432,4470,4927,6698,7348,5851,3083,993,178,30155,6406,18
Ghana,2013,104952,16367,23292,6925,6313,3137,3436,8520,8434,7582,9454,9851,14239,9430,1246,4068,4452,4445,3989,3762,3820,4704,4750,4820,5031,6710,7529,6152,3278,1060,186,29605,6573,17
Ghana,2014,102528,15840,22453,6613,5832,2962,3247,8046,8207,7361,9447,10021,13904,9722,1311,3835,4211,4286,3921,3701,3660,4610,4837,4962,5059,6459,7445,6317,3405,1116,195,28285,6209,16
Ghana,2015,104888,15541,21769,6228,6047,3063,3360,8196,8596,7641,9858,10712,14011,10205,1411,3896,4300,4435,4161,3902,3739,4709,5149,5334,5378,6456,7555,6610,3595,1201,210,27816,6423,15
Ghana,2016,101938,14888,20777,5889,5477,2838,3173,7652,8219,7430,9693,11007,13690,10453,1502,3626,4026,4186,4033,3830,3600,4536,5157,5471,5536,6243,7447,6714,3739,1275,227,26254,6011,16
Ghana,2017,103805,13972,19541,5569,5698,2924,3309,7795,8553,7793,9995,11861,13814,10894,1613,3688,4107,4305,4248,4070,3723,4589,5406,5882,5979,6278,7536,6941,3953,1368,245,25239,6233,16
Ghana,2018,105821,13708,19017,5309,5830,2967,3407,7862,8754,8142,10190,12703,13936,11277,1718,3725,4137,4349,4405,4289,3853,4611,5579,6277,6426,6395,7541,7113,4164,1456,262,24847,6374,17
Ghana,2019,103603,13332,18328,4996,5368,2774,3249,7435,8334,8068,9925,13084,13797,11413,1806,3539,3896,4092,4242,4258,3810,4453,5472,6427,6657,6481,7316,7097,4316,1526,280,23696,6023,18
Ghana,2020,109230,12937,17651,4714,5498,2830,3342,7561,8508,8578,10686,15318,15053,12206,1976,3633,3928,4150,4358,4490,4088,4734,5952,7448,7870,7447,7606,7480,4726,1667,309,23149,6172,20
Ghana,2021,114802,12616,17076,4460,5615,2894,3439,7726,8730,9365,11414,17122,16255,12987,2153,3759,3967,4215,4515,4867,4498,5081,6333,8312,8810,8338,7917,7866,5121,1814,339,22691,6333,23
Gibraltar,1950,104,8,11,3,0,0,0,0,2,10,10,16,26,22,1,0,0,0,2,5,5,5,5,6,10,11,15,10,12,1,0,11,0,0
Gibraltar,1951,117,10,15,5,0,0,0,4,10,10,10,17,28,21,2,0,4,5,5,5,5,5,5,7,10,13,15,11,10,2,0,15,0,0
Gibraltar,1952,115,10,15,5,0,0,0,2,10,10,10,17,28,22,3,0,2,5,5,5,5,5,5,7,10,13,15,12,10,3,0,15,0,0
Gibraltar,1953,112,9,14,5,0,0,0,0,10,10,10,17,28,23,4,0,0,5,5,5,5,5,5,7,10,13,15,13,10,4,0,14,0,0
Gibraltar,1954,109,8,12,4,0,0,0,0,5,10,10,16,27,23,4,0,0,0,5,5,5,5,5,6,10,12,15,13,10,4,0,12,0,0
Gibraltar,1955,113,8,12,4,0,0,0,0,7,10,10,16,28,22,5,0,0,2,5,5,5,5,5,6,10,13,15,14,8,5,0,12,0,0
Gibraltar,1956,114,8,12,4,0,0,0,0,6,10,10,16,28,22,5,0,0,1,5,5,5,5,5,6,10,13,15,14,8,5,0,12,0,0
Gibraltar,1957,110,8,11,3,0,0,0,0,2,10,10,15,27,23,6,0,0,0,2,5,5,5,5,5,10,12,15,14,9,5,1,11,0,0
Gibraltar,1958,113,8,11,3,0,0,0,0,4,10,10,18,29,24,6,0,0,0,4,5,5,5,5,8,10,14,15,14,10,5,1,11,0,0
Gibraltar,1959,113,8,11,3,0,0,0,0,3,10,10,17,28,25,6,0,0,0,3,5,5,5,5,7,10,13,15,15,10,5,1,11,0,0
Gibraltar,1960,107,7,9,2,0,0,0,0,1,10,10,16,29,25,6,0,0,0,1,5,5,5,5,6,10,14,15,15,10,6,0,9,0,0
Gibraltar,1961,110,7,9,2,0,0,0,0,1,10,10,17,29,26,4,0,0,0,1,5,5,5,5,7,10,14,15,15,11,4,0,9,0,0
Gibraltar,1962,109,8,10,2,0,0,0,0,0,10,10,18,28,24,4,0,0,0,0,5,5,5,5,8,10,13,15,13,11,4,0,10,0,0
Gibraltar,1963,117,9,12,3,0,0,0,0,1,10,10,18,28,25,5,0,0,0,1,5,5,5,5,8,10,13,15,14,11,5,0,12,0,0
Gibraltar,1964,106,7,9,2,0,0,0,0,0,9,10,17,27,25,6,0,0,0,0,4,5,5,5,7,10,12,15,15,10,5,1,9,0,0
Gibraltar,1965,102,7,8,1,0,0,0,0,0,7,10,16,26,26,6,0,0,0,0,2,5,5,5,6,10,11,15,15,11,5,1,8,0,0
Gibraltar,1966,116,8,10,2,0,0,0,0,0,9,10,16,29,27,8,0,0,0,0,4,5,5,5,6,10,14,15,15,12,7,1,10,0,0
Gibraltar,1967,103,6,7,1,0,0,0,0,0,6,10,15,26,25,6,0,0,0,0,1,5,5,5,5,10,11,15,15,10,6,0,7,0,0
Gibraltar,1968,114,7,9,2,0,0,0,0,0,7,10,18,28,26,5,0,0,0,0,2,5,5,5,8,10,13,15,15,11,5,0,9,0,0
Gibraltar,1969,116,7,9,2,0,0,0,0,0,7,10,19,27,26,5,0,0,0,0,2,5,5,5,7,12,12,15,15,11,5,0,9,0,0
Gibraltar,1970,117,7,9,2,0,0,0,0,0,6,10,20,31,27,7,0,0,0,0,1,5,5,5,9,11,15,16,15,12,6,1,9,0,0
Gibraltar,1971,117,7,9,2,0,0,0,0,0,5,10,19,30,28,6,0,0,0,0,0,5,5,5,9,10,15,15,16,12,5,1,9,0,0
Gibraltar,1972,122,7,9,2,0,0,0,0,0,5,10,19,30,29,8,0,0,0,0,0,5,5,5,9,10,15,15,17,12,6,2,9,0,0
Gibraltar,1973,119,6,8,2,0,0,0,0,0,3,10,18,31,30,7,0,0,0,0,0,3,5,5,8,10,15,16,17,13,6,1,8,0,0
Gibraltar,1974,132,7,10,3,0,0,0,0,0,6,10,21,35,32,7,0,0,0,0,2,4,5,5,9,12,17,18,19,13,6,1,10,0,0
Gibraltar,1975,120,6,8,2,0,0,0,0,0,2,10,18,33,31,7,0,0,0,0,0,2,5,5,8,10,16,17,18,13,6,1,8,0,0
Gibraltar,1976,125,6,8,2,0,0,0,0,0,2,10,20,33,32,8,0,0,0,0,0,2,5,5,8,12,15,18,18,14,7,1,8,0,0
Gibraltar,1977,120,6,7,1,0,0,0,0,0,1,10,19,33,30,8,0,0,0,0,0,1,5,5,7,12,15,18,17,13,7,1,7,0,0
Gibraltar,1978,117,6,7,1,0,0,0,0,0,0,10,19,33,29,8,0,0,0,0,0,0,5,5,7,12,15,18,16,13,7,1,7,0,0
Gibraltar,1979,118,6,7,1,0,0,0,0,0,1,10,17,32,30,8,0,0,0,0,0,1,5,5,6,11,15,17,16,14,7,1,7,0,0
Gibraltar,1980,107,5,5,0,0,0,0,0,0,0,10,15,31,27,8,0,0,0,0,0,0,5,5,5,10,15,16,16,11,7,1,5,0,0
Gibraltar,1981,117,6,6,0,0,0,0,0,0,0,10,19,32,29,9,0,0,0,0,0,0,5,5,8,11,15,17,17,12,7,2,6,0,0
Gibraltar,1982,122,6,7,1,0,0,0,0,0,1,10,19,36,32,10,0,0,0,0,0,1,5,5,8,11,17,19,19,13,8,2,7,0,0
Gibraltar,1983,108,5,5,0,0,0,0,0,0,0,9,17,31,30,8,0,0,0,0,0,0,4,5,7,10,15,16,17,13,6,2,5,0,0
Gibraltar,1984,102,4,4,0,0,0,0,0,0,0,7,15,29,30,8,0,0,0,0,0,0,2,5,5,10,13,16,17,13,6,2,4,0,0
Gibraltar,1985,95,4,4,0,0,0,0,0,0,0,5,14,27,27,8,0,0,0,0,0,0,0,5,5,9,12,15,15,12,6,2,4,0,0
Gibraltar,1986,98,3,3,0,0,0,0,0,0,0,5,14,27,29,9,0,0,0,0,0,0,0,5,5,9,11,16,16,13,7,2,3,0,0
Gibraltar,1987,122,4,4,0,0,0,0,0,0,0,9,16,34,38,11,0,0,0,0,0,0,4,5,6,10,13,21,20,18,8,3,4,0,1
Gibraltar,1988,89,3,3,0,0,0,0,0,0,0,2,12,25,29,9,0,0,0,0,0,0,0,2,5,7,10,15,15,14,7,2,3,0,0
Gibraltar,1989,134,4,4,0,0,0,0,0,0,1,10,17,36,46,13,0,0,0,0,0,1,5,5,6,11,15,21,26,20,10,3,4,0,1
Gibraltar,1990,102,3,3,0,0,0,0,0,0,0,4,13,27,36,12,0,0,0,0,0,0,0,4,5,8,10,17,20,16,9,3,3,0,1
Gibraltar,1991,100,3,3,0,0,0,0,0,0,0,4,12,25,37,13,0,0,0,0,0,0,0,4,5,7,10,15,20,17,10,3,3,0,1
Gibraltar,1992,124,3,3,0,0,0,0,0,0,0,8,14,30,45,13,0,0,0,0,0,0,3,5,5,9,14,16,26,19,12,1,3,0,1
Gibraltar,1993,92,2,2,0,0,0,0,0,0,0,1,11,22,35,12,0,0,0,0,0,0,0,1,5,6,10,12,19,16,10,2,2,0,1
Gibraltar,1994,90,2,2,0,0,0,0,0,0,0,0,10,21,34,14,0,0,0,0,0,0,0,0,5,5,10,11,17,17,11,3,2,0,1
Gibraltar,1995,126,3,3,0,0,0,0,0,0,1,7,12,33,45,19,0,0,0,0,0,1,2,5,5,7,14,19,22,23,14,5,3,0,1
Gibraltar,1996,115,3,3,0,0,0,0,0,0,0,5,11,27,41,18,0,0,0,0,0,0,1,4,5,6,12,15,19,22,13,5,3,0,1
Gibraltar,1997,86,2,2,0,0,0,0,0,0,0,0,8,22,31,17,0,0,0,0,0,0,0,0,3,5,9,13,15,16,12,5,2,0,1
Gibraltar,1998,90,2,2,0,0,0,0,0,0,0,0,8,21,31,17,0,0,0,0,0,0,0,0,3,5,8,13,15,16,11,6,2,0,1
Gibraltar,1999,84,1,1,0,0,0,0,0,0,0,0,7,19,30,18,0,0,0,0,0,0,0,0,2,5,7,12,15,15,12,6,1,0,1
Gibraltar,2000,95,1,1,0,0,0,0,0,0,0,0,10,21,32,20,0,0,0,0,0,0,0,0,5,5,8,13,17,15,13,7,1,0,2
Gibraltar,2001,103,2,2,0,0,0,0,0,0,0,2,9,24,38,21,0,0,0,0,0,0,0,2,4,5,9,15,20,18,14,7,2,0,2
Gibraltar,2002,106,1,1,0,0,0,0,0,0,0,2,8,23,39,22,0,0,0,0,0,0,0,2,3,5,8,15,20,19,14,8,1,0,2
Gibraltar,2003,120,2,2,0,0,0,0,0,0,0,6,9,27,45,24,0,0,0,0,0,0,1,5,3,6,10,17,24,21,16,8,2,0,3
Gibraltar,2004,111,1,1,0,0,0,0,0,0,0,2,8,23,42,23,0,0,0,0,0,0,0,2,3,5,9,14,21,21,15,8,1,0,3
Gibraltar,2005,96,1,1,0,0,0,0,0,0,0,1,7,18,36,20,0,0,0,0,0,0,0,1,2,5,6,12,18,18,13,7,1,0,3
Gibraltar,2006,110,1,1,0,0,0,0,0,0,0,1,9,22,43,22,0,0,0,0,0,0,0,1,4,5,9,13,21,22,14,8,1,0,3
Gibraltar,2007,133,2,2,0,0,0,0,0,0,0,5,12,26,51,28,0,0,0,0,0,0,0,5,5,7,10,16,24,27,19,9,2,0,4
Gibraltar,2008,117,2,2,0,0,0,0,0,0,0,2,10,21,46,27,0,0,0,0,0,0,0,2,5,5,8,13,21,25,17,10,2,0,3
Gibraltar,2009,117,2,2,0,0,0,0,0,0,0,2,10,22,47,26,0,0,0,0,0,0,0,2,5,5,10,12,22,25,17,9,2,0,4
Gibraltar,2010,114,2,2,0,0,0,0,0,0,0,1,10,23,45,25,0,0,0,0,0,0,0,1,5,5,9,14,21,24,17,8,2,0,4
Gibraltar,2011,102,1,1,0,0,0,0,0,0,0,0,10,20,39,24,0,0,0,0,0,0,0,0,5,5,8,12,19,20,16,8,1,0,3
Gibraltar,2012,101,1,1,0,0,0,0,0,0,0,0,9,20,38,23,0,0,0,0,0,0,0,0,4,5,8,12,18,20,17,6,1,0,3
Gibraltar,2013,122,2,2,0,0,0,0,0,0,0,4,12,22,46,27,0,0,0,0,0,0,0,4,5,7,8,14,21,25,20,7,2,0,3
Gibraltar,2014,100,1,1,0,0,0,0,0,0,0,0,8,17,37,26,0,0,0,0,0,0,0,0,3,5,6,11,17,20,18,8,1,0,3
Gibraltar,2015,125,2,2,0,0,0,0,0,0,0,3,11,22,46,31,0,0,0,0,0,0,0,3,5,6,8,14,21,25,21,10,2,0,3
Gibraltar,2016,131,2,2,0,0,0,0,0,0,0,6,11,24,47,33,0,0,0,0,0,0,1,5,5,6,10,14,21,26,22,11,2,0,3
Gibraltar,2017,135,2,2,0,0,0,0,0,0,0,5,12,24,47,36,0,0,0,0,0,0,0,5,5,7,11,13,22,25,23,13,2,0,3
Gibraltar,2018,136,2,2,0,0,0,0,0,0,0,5,12,26,47,37,0,0,0,0,0,0,0,5,5,7,12,14,22,25,23,14,2,0,4
Gibraltar,2019,138,1,1,0,0,0,0,0,0,0,4,11,25,47,38,0,0,0,0,0,0,0,4,5,6,12,13,21,26,24,14,1,0,4
Gibraltar,2020,144,1,1,0,0,0,0,0,0,0,6,11,25,49,42,0,0,0,0,0,0,1,5,5,6,11,14,21,28,27,15,1,0,5
Gibraltar,2021,182,1,1,0,0,0,0,0,0,0,7,16,38,61,46,0,0,0,0,0,0,2,5,6,10,17,21,27,34,29,17,1,0,6
Greece,1950,35316,3469,4170,701,264,254,410,973,1159,1965,3084,5376,7893,7474,2193,501,472,501,658,862,1103,1372,1712,2323,3053,3826,4067,4225,3249,1672,521,4434,664,97
Greece,1951,34398,3549,4296,747,266,228,379,933,1073,1878,2995,5230,7770,7138,2118,476,457,465,608,826,1052,1344,1651,2237,2993,3849,3921,4044,3094,1612,506,4562,607,96
Greece,1952,32966,3676,4454,778,268,198,342,869,967,1752,2833,4947,7514,6709,2021,438,431,422,545,770,982,1268,1565,2086,2861,3775,3739,3811,2898,1535,486,4722,540,93
Greece,1953,34810,3792,4596,804,290,209,362,932,995,1839,3004,5204,8105,7034,2146,464,468,445,550,803,1036,1335,1669,2163,3041,4082,4023,4008,3026,1624,522,4886,571,99
Greece,1954,36721,3829,4594,765,284,192,346,941,1001,1906,3190,5520,8861,7486,2291,460,481,457,544,821,1085,1402,1788,2262,3258,4427,4434,4283,3203,1730,561,4878,538,106
Greece,1955,36211,3790,4510,720,268,177,317,898,947,1835,3146,5417,8956,7373,2252,431,467,444,503,774,1061,1356,1790,2207,3210,4439,4517,4239,3134,1694,558,4778,494,105
Greece,1956,36886,3620,4291,671,254,178,302,895,947,1837,3219,5520,9419,7604,2306,425,470,456,491,757,1080,1367,1852,2268,3252,4646,4773,4399,3205,1730,576,4545,480,108
Greece,1957,36276,3389,4005,616,232,173,271,845,917,1759,3149,5403,9524,7606,2281,398,447,452,465,708,1051,1335,1814,2272,3131,4690,4834,4434,3172,1708,573,4237,444,108
Greece,1958,36828,3213,3787,574,215,175,251,821,921,1729,3180,5468,9897,7927,2341,386,435,461,460,680,1049,1356,1824,2375,3093,4890,5007,4669,3258,1752,589,4002,426,111
Greece,1959,37105,3158,3712,554,242,173,232,777,918,1670,3167,5459,10079,8189,2375,363,414,463,455,645,1025,1360,1807,2446,3013,5004,5075,4874,3315,1775,600,3954,405,114
Greece,1960,36059,3079,3622,543,189,164,208,704,877,1539,3013,5289,9846,8148,2340,326,378,442,435,588,951,1313,1700,2432,2857,4873,4973,4875,3273,1743,597,3811,372,115
Greece,1961,35174,2935,3468,533,220,155,192,636,842,1422,2876,5154,9606,8143,2345,291,345,418,424,543,879,1263,1613,2392,2762,4678,4928,4857,3286,1737,608,3688,347,118
Greece,1962,36930,2812,3317,505,188,154,197,619,867,1425,3001,5484,10152,8835,2561,277,342,420,447,547,878,1319,1682,2517,2967,4807,5345,5218,3617,1890,671,3505,351,129
Greece,1963,37034,2668,3144,476,190,148,196,570,851,1366,2979,5568,10170,9060,2660,249,321,398,453,535,831,1300,1679,2497,3071,4656,5514,5258,3802,1954,706,3334,344,134
Greece,1964,38426,2539,2978,439,174,149,200,547,864,1371,3074,5875,10564,9614,2872,236,311,392,472,550,821,1324,1750,2574,3301,4686,5878,5470,4144,2105,767,3152,349,145
Greece,1965,36411,2412,2822,410,166,138,185,480,789,1250,2859,5594,9922,9225,2831,209,271,348,441,516,734,1206,1653,2370,3224,4322,5600,5181,4044,2071,760,2988,323,147
Greece,1966,36128,2341,2731,390,158,129,174,438,745,1206,2768,5558,9768,9319,2974,195,243,320,425,511,695,1138,1630,2295,3263,4255,5513,5214,4105,2173,801,2889,303,158
Greece,1967,39645,2303,2679,376,162,138,183,452,785,1313,2989,6135,10715,10446,3462,210,242,332,453,571,742,1195,1794,2499,3636,4757,5958,5879,4567,2537,925,2841,321,185
Greece,1968,40235,2164,2518,354,145,135,179,437,758,1329,2966,6241,10892,10742,3691,212,225,317,441,588,741,1155,1811,2527,3714,4986,5906,6121,4621,2716,975,2663,314,200
Greece,1969,39158,1938,2255,317,139,125,172,408,701,1294,2810,6091,10632,10550,3770,203,205,289,412,574,720,1072,1738,2457,3634,5007,5625,6080,4470,2772,998,2394,297,211
Greece,1970,37322,1752,2032,280,130,114,161,370,627,1229,2573,5764,10232,10115,3748,187,183,254,373,543,686,972,1601,2340,3424,4939,5293,5845,4270,2731,1017,2162,275,222
Greece,1971,38021,1614,1869,255,127,110,163,368,603,1247,2521,5835,10607,10367,3954,183,185,240,363,544,703,956,1565,2380,3455,5188,5419,5940,4427,2835,1119,1996,273,249
Greece,1972,39803,1538,1779,241,133,111,167,381,597,1304,2541,6088,11333,10870,4218,186,195,233,364,555,749,978,1563,2489,3599,5538,5795,6127,4743,2964,1254,1912,278,282
Greece,1973,39896,1489,1719,230,124,110,162,379,567,1297,2456,6065,11613,10867,4243,183,196,217,350,538,759,968,1488,2474,3591,5614,5999,6009,4858,2923,1320,1843,272,297
Greece,1974,39398,1490,1709,219,126,105,156,370,530,1261,2348,5933,11689,10681,4175,178,192,204,326,511,750,953,1395,2397,3536,5577,6112,5812,4869,2831,1344,1835,261,308
Greece,1975,40169,1458,1668,210,109,106,151,378,519,1265,2340,5991,12168,10893,4247,183,195,203,316,504,761,978,1362,2368,3623,5670,6498,5895,4998,2866,1381,1777,257,329
Greece,1976,39679,1403,1603,200,117,103,146,369,494,1218,2283,5827,12217,10766,4192,180,189,200,294,479,739,978,1305,2242,3585,5573,6644,5862,4904,2848,1344,1720,249,341
Greece,1977,40751,1321,1510,189,108,106,145,376,496,1222,2345,5895,12727,11142,4319,185,191,211,285,479,743,1025,1320,2198,3697,5726,7001,6177,4965,2981,1338,1618,251,362
Greece,1978,39077,1247,1421,174,97,100,139,356,464,1132,2248,5513,12286,10807,4155,174,182,206,258,442,690,993,1255,1996,3517,5477,6809,6133,4674,2914,1241,1518,239,358
Greece,1979,39513,1174,1336,162,89,100,137,352,459,1101,2278,5431,12523,11117,4228,170,182,208,251,427,674,1006,1272,1928,3503,5552,6971,6440,4677,3000,1228,1425,237,366
Greece,1980,41128,1089,1237,148,88,100,142,361,470,1105,2386,5473,13108,11891,4398,170,191,217,253,424,681,1046,1340,1927,3546,5833,7275,7021,4870,3138,1260,1325,242,370
Greece,1981,40878,985,1123,138,79,94,142,357,466,1057,2385,5267,13070,12143,4345,167,190,213,253,399,658,1027,1358,1870,3397,5838,7232,7247,4896,3093,1252,1202,236,353
Greece,1982,41041,900,1025,125,78,89,141,353,466,1015,2400,5119,13156,12520,4339,162,191,208,258,375,640,1009,1391,1855,3264,5893,7263,7466,5054,3065,1274,1103,230,336
Greece,1983,41211,825,941,116,77,83,138,350,470,976,2407,4988,13198,12917,4339,162,188,206,264,353,623,986,1421,1858,3130,5897,7301,7631,5286,3040,1299,1018,221,324
Greece,1984,41407,757,864,107,69,79,136,346,470,939,2404,4910,13231,13290,4351,162,184,206,264,339,600,966,1438,1887,3023,5860,7371,7771,5519,3029,1322,933,215,319
Greece,1985,41864,687,784,97,70,76,134,342,477,912,2404,4890,13317,13744,4398,163,179,210,267,333,579,950,1454,1940,2950,5781,7536,7905,5839,3070,1328,854,210,315
Greece,1986,41249,626,715,89,63,73,127,337,464,865,2331,4802,12994,13797,4375,161,176,206,258,325,540,910,1421,1951,2851,5497,7497,7820,5977,3072,1303,778,200,314
Greece,1987,43598,570,650,80,69,72,127,353,484,888,2416,5108,13575,14802,4718,170,183,219,265,351,537,937,1479,2115,2993,5579,7996,8299,6503,3345,1373,719,199,339
Greece,1988,41428,522,592,70,54,64,112,331,450,814,2229,4890,12670,14252,4631,159,172,204,246,338,476,859,1370,2046,2844,5075,7595,7931,6321,3322,1309,646,176,333
Greece,1989,42089,481,544,63,51,63,107,333,452,807,2191,5023,12613,14698,4863,161,172,203,249,344,463,834,1357,2102,2921,4966,7647,8142,6556,3519,1344,595,170,347
Greece,1990,42648,454,511,57,49,60,105,332,451,802,2142,5143,12444,15153,5098,156,176,198,253,347,455,805,1337,2136,3007,4866,7578,8404,6749,3729,1369,560,165,355
Greece,1991,43576,433,486,53,42,58,102,332,461,811,2101,5316,12395,15735,5375,153,179,201,260,349,462,776,1325,2175,3141,4886,7509,8740,6995,3960,1415,528,160,360
Greece,1992,44846,417,470,53,42,58,100,334,474,842,2071,5525,12442,16416,5707,150,184,203,271,355,487,749,1322,2214,3311,4998,7444,9131,7285,4212,1495,512,158,368
Greece,1993,44351,400,450,50,33,53,94,322,468,845,1955,5490,12038,16400,5842,141,181,203,265,349,496,695,1260,2148,3342,4949,7089,9088,7312,4294,1548,483,147,363
Greece,1994,44462,387,436,49,36,49,92,315,465,857,1876,5502,11897,16548,6029,135,180,203,262,353,504,669,1207,2108,3394,5013,6884,9083,7465,4409,1620,472,141,365
Greece,1995,45257,372,420,48,31,47,88,312,472,885,1835,5581,12017,16927,6276,133,179,209,263,367,518,665,1170,2098,3483,5189,6828,9114,7813,4588,1688,451,135,370
Greece,1996,45163,357,401,44,29,42,84,296,467,882,1770,5516,12043,16876,6391,126,170,208,259,370,512,668,1102,2035,3481,5292,6751,8881,7995,4675,1716,430,126,368
Greece,1997,45013,338,381,43,27,37,80,283,461,878,1714,5414,12123,16702,6537,120,163,206,255,374,504,692,1022,1965,3449,5393,6730,8577,8125,4747,1790,408,117,378
Greece,1998,46684,316,357,41,26,34,78,280,481,908,1736,5504,12750,17141,6981,121,159,215,266,388,520,749,987,1967,3537,5710,7040,8633,8508,5029,1952,383,112,413
Greece,1999,46779,295,335,40,28,34,77,274,486,918,1718,5398,12991,16944,7144,118,156,217,269,389,529,769,949,1893,3505,5812,7179,8455,8489,5125,2019,363,111,431
Greece,2000,47385,277,313,36,25,29,68,260,482,922,1723,5322,13413,16956,7430,111,149,210,272,380,542,787,936,1830,3492,5952,7461,8461,8495,5342,2088,338,97,442
Greece,2001,46161,257,291,34,25,27,61,245,460,901,1682,5007,13307,16325,7385,104,141,197,263,368,533,759,923,1687,3320,5831,7476,8259,8066,5320,2065,316,88,442
Greece,2002,46782,239,271,32,21,24,56,237,455,911,1734,4857,13710,16404,7630,102,135,189,266,365,546,754,980,1590,3267,5909,7801,8475,7929,5485,2145,292,80,474
Greece,2003,47903,222,253,31,24,23,52,230,451,926,1813,4751,14225,16760,7884,98,132,182,269,373,553,762,1051,1516,3235,6017,8208,8858,7902,5635,2249,277,75,510
Greece,2004,47314,209,239,30,20,21,47,215,432,898,1812,4497,14180,16661,7767,90,125,170,262,362,536,755,1057,1425,3072,5897,8283,9002,7659,5499,2268,259,68,523
Greece,2005,46455,197,225,28,17,21,42,197,407,860,1789,4238,13947,16604,7576,82,115,160,247,352,508,743,1046,1355,2883,5700,8247,9142,7462,5293,2283,242,63,528
Greece,2006,47572,187,214,27,20,21,40,186,398,866,1813,4191,14224,17433,7616,74,112,157,241,355,511,758,1055,1401,2790,5716,8508,9722,7711,5241,2375,234,61,549
Greece,2007,49295,178,204,26,13,21,37,181,390,875,1856,4207,14613,18603,7705,69,112,153,237,363,512,786,1070,1523,2684,5798,8815,10465,8138,5213,2492,217,58,585
Greece,2008,48119,176,202,26,15,18,34,164,359,845,1791,3979,14061,18708,7344,62,102,144,215,348,497,754,1037,1552,2427,5517,8544,10562,8146,4912,2432,217,52,596
Greece,2009,47329,173,199,26,15,17,32,149,331,815,1748,3807,13570,18956,7082,56,93,134,197,336,479,725,1023,1547,2260,5252,8318,10661,8295,4729,2353,214,49,608
Greece,2010,48422,169,195,26,15,16,30,141,322,816,1772,3821,13559,19963,7138,53,88,129,193,333,483,716,1056,1586,2235,5182,8377,11106,8857,4801,2337,210,46,639
Greece,2011,48491,161,188,27,15,16,29,125,308,795,1759,3836,13191,20504,7072,48,77,124,184,319,476,706,1053,1560,2276,4943,8248,11219,9285,4851,2221,203,45,651
Greece,2012,51018,155,182,27,10,14,29,120,309,819,1842,4153,13440,22007,7404,47,73,125,184,321,498,726,1116,1612,2541,4870,8570,11809,10198,5186,2218,192,43,686
Greece,2013,48409,150,176,26,11,12,26,105,282,753,1745,4062,12320,21190,7070,41,64,113,169,284,469,693,1052,1525,2537,4317,8003,11138,10052,5039,2031,187,38,652
Greece,2014,49185,151,176,25,13,12,25,98,271,748,1755,4191,12150,21756,7345,39,59,106,165,274,474,697,1058,1566,2625,4192,7958,11240,10516,5329,2016,189,37,646
Greece,2015,52188,152,177,25,16,11,25,96,271,772,1842,4494,12596,23192,8049,39,57,103,168,279,493,740,1102,1687,2807,4349,8247,11815,11377,5951,2098,193,36,645
Greece,2016,50965,151,176,25,7,11,22,89,247,731,1794,4366,12116,22663,8154,37,52,89,158,263,468,718,1076,1657,2709,4352,7764,11423,11240,6108,2046,183,33,590
Greece,2017,53454,146,170,24,11,11,22,88,243,737,1873,4567,12548,23729,8873,37,51,84,159,265,472,758,1115,1765,2802,4846,7702,11890,11839,6697,2176,181,33,578
Greece,2018,51023,138,160,22,10,11,19,78,217,671,1804,4363,11823,22539,8800,33,45,74,143,245,426,725,1079,1690,2673,4879,6944,11230,11309,6655,2145,170,30,532
Greece,2019,53161,132,156,24,12,11,19,77,209,671,1880,4587,12199,23332,9483,33,44,69,140,246,425,757,1123,1763,2824,5203,6996,11521,11811,7141,2342,168,30,528
Greece,2020,54979,129,152,23,1,20,40,102,245,838,2166,4352,12467,24248,9846,46,56,90,155,317,521,923,1243,1818,2534,5190,7277,11865,12383,7377,2469,153,60,501
Greece,2021,59132,123,144,21,1,20,37,102,228,864,2433,5228,13794,25106,10636,46,56,84,144,322,542,1006,1427,2188,3040,5742,8052,11714,13392,7936,2700,145,57,535
Greenland,1950,203,53,75,22,12,6,11,22,20,17,16,13,10,4,0,12,10,10,10,10,7,10,6,8,5,5,5,4,0,0,0,87,17,0
Greenland,1951,243,52,72,20,13,6,12,19,18,19,18,23,21,19,1,13,6,8,10,10,9,8,10,10,13,10,11,12,7,1,0,85,18,0
Greenland,1952,227,53,74,21,11,6,11,21,17,20,18,20,19,15,0,14,7,7,10,10,10,8,10,10,10,10,9,10,5,0,0,85,17,0
Greenland,1953,231,56,78,22,11,9,11,24,17,20,20,20,16,11,0,15,9,7,10,10,10,10,10,10,10,10,6,6,5,0,0,89,20,0
Greenland,1954,209,57,79,22,9,5,8,19,14,20,15,20,14,9,0,10,9,5,9,10,10,6,9,10,10,9,5,5,4,0,0,88,13,0
Greenland,1955,190,58,79,21,7,5,6,19,10,10,12,15,13,4,0,10,9,5,5,5,5,5,7,10,5,8,5,4,0,0,0,86,11,0
Greenland,1956,167,57,77,20,7,5,5,10,10,10,10,10,10,0,0,5,5,5,5,5,5,5,5,5,5,5,5,0,0,0,0,84,10,0
Greenland,1957,151,55,72,17,6,5,5,10,10,10,10,10,10,1,0,5,5,5,5,5,5,5,5,5,5,5,5,1,0,0,0,78,10,0
Greenland,1958,146,53,68,15,6,5,5,10,10,10,10,10,10,1,0,5,5,5,5,5,5,5,5,5,5,5,5,1,0,0,0,74,10,0
Greenland,1959,138,49,63,14,5,2,5,10,10,10,10,10,10,2,0,5,5,5,5,5,5,5,5,5,5,5,5,2,0,0,0,68,7,0
Greenland,1960,135,50,64,14,5,0,5,10,10,10,10,10,10,3,0,5,5,5,5,5,5,5,5,5,5,5,5,3,0,0,0,69,5,0
Greenland,1961,138,51,66,15,5,0,5,10,10,10,10,10,10,4,0,5,5,5,5,5,5,5,5,5,5,5,5,4,0,0,0,71,5,0
Greenland,1962,141,52,67,15,5,0,4,10,10,10,10,12,10,5,0,5,5,5,5,5,5,5,5,5,7,5,5,5,0,0,0,72,4,0
Greenland,1963,141,52,67,15,5,0,3,10,10,10,10,13,11,6,0,5,5,5,5,5,5,5,5,5,8,6,5,5,1,0,0,72,3,0
Greenland,1964,136,51,66,15,4,0,0,10,10,10,10,12,13,6,0,5,5,5,5,5,5,5,5,5,7,8,5,5,1,0,0,70,0,0
Greenland,1965,134,49,64,15,4,0,0,8,10,10,10,14,14,7,0,3,5,5,5,5,5,5,5,5,9,9,5,5,2,0,0,68,0,0
Greenland,1966,138,47,62,15,5,0,0,10,10,10,10,19,16,5,0,5,5,5,5,5,5,5,5,9,10,10,6,5,0,0,0,67,0,0
Greenland,1967,143,43,57,14,6,2,5,10,10,10,10,20,17,6,0,5,5,5,5,5,5,5,5,10,10,10,7,5,1,0,0,63,7,0
Greenland,1968,135,37,48,11,5,1,4,10,10,10,10,20,18,7,0,5,5,5,5,5,5,5,5,10,10,10,8,5,2,0,0,53,5,0
Greenland,1969,133,33,44,11,5,1,5,10,10,10,11,20,19,7,0,5,5,5,5,5,5,5,6,10,10,10,9,5,2,0,0,49,6,0
Greenland,1970,127,26,35,9,5,1,5,10,10,10,11,20,19,4,0,5,5,5,5,5,5,5,6,10,10,10,9,4,0,0,0,40,6,0
Greenland,1971,126,21,28,7,5,5,5,10,10,10,12,20,20,5,0,5,5,5,5,5,5,5,7,10,10,10,10,5,0,0,0,33,10,0
Greenland,1972,132,18,23,5,5,5,5,10,10,10,13,20,22,7,0,5,5,5,5,5,5,5,8,10,10,12,10,6,1,0,0,28,10,0
Greenland,1973,144,15,19,4,5,5,5,10,10,10,15,20,25,9,0,5,5,5,5,5,5,5,10,10,10,14,11,7,2,0,0,24,10,0
Greenland,1974,150,14,18,4,5,5,5,10,10,15,16,24,27,10,0,5,5,5,5,6,9,6,10,10,14,15,12,8,2,0,0,23,10,0
Greenland,1975,159,15,19,4,5,5,5,10,13,17,17,25,28,11,0,5,5,8,5,7,10,7,10,10,15,15,13,8,3,0,0,24,10,0
Greenland,1976,152,15,19,4,5,5,5,10,10,14,16,24,29,12,0,5,5,5,5,5,9,6,10,10,14,15,14,9,3,0,0,24,10,0
Greenland,1977,149,14,18,4,5,5,5,10,10,13,16,23,30,12,0,5,5,5,5,5,8,7,9,10,13,15,15,9,3,0,0,23,10,0
Greenland,1978,151,13,17,4,5,5,5,10,10,13,20,23,30,14,0,5,5,5,5,5,8,10,10,10,13,15,15,11,3,0,0,22,10,0
Greenland,1979,151,13,17,4,1,5,5,10,10,13,20,22,30,15,0,5,5,5,5,5,8,10,10,10,12,15,15,12,3,0,0,18,10,0
Greenland,1980,159,14,18,4,1,4,5,10,10,13,20,22,36,18,0,5,5,5,5,5,8,10,10,10,12,16,20,13,5,0,0,19,9,0
Greenland,1981,163,15,19,4,1,3,5,10,10,12,20,22,36,18,0,5,5,5,5,5,7,10,10,10,12,16,20,13,5,0,0,20,8,0
Greenland,1982,170,15,19,4,1,3,6,11,10,12,20,23,35,21,0,6,5,5,5,5,7,10,10,10,13,15,20,15,6,0,0,20,9,0
Greenland,1983,180,15,19,4,2,2,8,14,11,17,20,24,36,24,1,9,5,5,6,9,8,10,10,10,14,16,20,17,7,1,0,21,10,0
Greenland,1984,186,14,18,4,3,2,8,20,14,20,20,24,36,24,2,10,10,8,6,10,10,10,10,10,14,16,20,17,7,2,0,21,10,0
Greenland,1985,188,13,17,4,3,1,7,20,15,20,23,23,35,26,0,10,10,10,5,10,10,10,13,10,13,15,20,18,8,0,0,20,8,0
Greenland,1986,178,14,18,4,2,0,5,17,10,18,20,22,34,27,0,10,7,5,5,8,10,10,10,10,12,15,19,18,9,0,0,20,5,0
Greenland,1987,177,14,18,4,2,0,5,13,10,17,21,25,34,28,1,6,7,5,5,7,10,10,11,13,12,15,19,19,9,1,0,20,5,0
Greenland,1988,180,15,19,4,2,0,4,15,10,16,21,26,33,28,2,6,9,5,5,6,10,10,11,14,12,15,18,19,9,2,0,21,4,0
Greenland,1989,179,15,19,4,1,0,4,11,10,15,22,28,33,26,2,5,6,5,5,5,10,10,12,15,13,16,17,16,10,2,0,20,4,0
Greenland,1990,189,16,20,4,2,0,4,15,12,15,22,30,36,28,0,5,10,7,5,5,10,10,12,15,15,16,20,17,11,0,0,22,4,0
Greenland,1991,189,16,20,4,2,0,4,14,16,15,22,30,36,28,1,5,9,8,8,5,10,10,12,15,15,16,20,17,11,1,0,22,4,0
Greenland,1992,164,9,11,2,0,0,3,10,10,13,20,30,29,25,2,5,5,5,5,5,8,10,10,15,15,14,15,15,10,2,0,11,3,0
Greenland,1993,178,11,15,4,1,0,4,13,20,17,21,30,33,26,3,5,8,10,10,8,9,10,11,15,15,15,18,15,11,3,0,16,4,0
Greenland,1994,197,16,20,4,3,0,5,13,20,20,20,35,36,27,2,5,8,10,10,10,10,10,10,15,20,16,20,16,11,2,0,23,5,0
Greenland,1995,199,16,20,4,3,0,5,12,20,20,20,35,37,29,1,5,7,10,10,10,10,10,10,15,20,17,20,17,12,1,0,23,5,0
Greenland,1996,194,12,16,4,3,0,5,12,20,20,23,35,36,28,2,5,7,10,10,10,10,11,12,15,20,18,18,17,11,2,0,19,5,0
Greenland,1997,191,10,14,4,2,0,5,11,20,20,26,35,33,26,2,5,6,10,10,10,10,11,15,15,20,18,15,17,9,2,0,16,5,0
Greenland,1998,186,8,8,0,0,0,5,10,20,20,26,34,35,24,3,5,5,10,10,10,10,11,15,15,19,20,15,15,9,3,0,8,5,0
Greenland,1999,175,7,7,0,0,0,5,10,18,20,25,32,35,24,2,5,5,8,10,10,10,10,15,14,18,20,15,15,9,2,0,7,5,0
Greenland,2000,174,6,6,0,0,0,5,10,17,20,24,32,36,25,1,5,5,7,10,10,10,10,14,15,17,20,16,15,10,1,0,6,5,0
Greenland,2001,169,5,5,0,0,0,5,10,16,20,23,31,37,23,2,5,5,6,10,10,10,10,13,15,16,20,17,14,9,2,0,5,5,0
Greenland,2002,154,3,3,0,0,0,5,10,15,20,22,27,31,19,2,5,5,5,10,10,10,10,12,13,14,16,15,10,9,2,0,3,5,0
Greenland,2003,158,3,3,0,0,0,4,10,14,20,21,30,37,21,3,5,5,5,9,10,10,10,11,15,15,19,18,11,10,3,0,3,4,0
Greenland,2004,161,3,3,0,0,0,4,10,14,20,21,30,37,19,4,5,5,5,9,10,10,10,11,15,15,18,19,11,8,4,0,3,4,0
Greenland,2005,182,6,6,0,0,0,5,10,13,20,24,30,42,22,4,5,5,5,8,10,10,13,11,15,15,20,22,14,8,4,0,6,5,0
Greenland,2006,169,4,4,0,0,0,4,10,12,20,21,29,38,22,5,5,5,5,7,10,10,11,10,14,15,18,20,15,7,5,0,4,4,0
Greenland,2007,179,5,5,0,0,0,4,10,11,20,25,32,44,25,5,5,5,5,6,10,10,12,13,14,18,19,25,18,7,5,0,5,4,0
Greenland,2008,171,4,4,0,0,0,4,10,10,20,25,30,37,25,3,5,5,5,5,10,10,11,14,13,17,17,20,18,7,3,0,4,4,0
Greenland,2009,172,3,3,0,0,0,4,10,10,23,30,31,36,27,1,5,5,5,5,9,14,15,15,13,18,16,20,19,8,1,0,3,4,0
Greenland,2010,167,3,3,0,0,0,3,10,10,21,30,30,36,28,0,5,5,5,5,8,13,15,15,13,17,16,20,19,9,0,0,3,3,0
Greenland,2011,164,3,3,0,0,0,3,10,10,19,30,29,36,30,1,5,5,5,5,7,12,15,15,12,17,17,19,19,11,1,0,3,3,0
Greenland,2012,161,3,3,0,0,0,1,8,10,16,29,28,38,31,2,3,5,5,5,6,10,14,15,13,15,19,19,19,12,2,0,3,1,0
Greenland,2013,159,3,3,0,0,0,0,0,8,15,28,27,38,31,5,0,0,3,5,5,10,13,15,14,13,20,18,19,12,5,0,3,0,0
Greenland,2014,161,3,3,0,0,0,0,3,10,14,29,29,38,31,6,0,3,5,5,5,9,14,15,15,14,20,18,19,12,6,0,3,0,0
Greenland,2015,161,3,3,0,0,0,0,3,10,14,30,30,36,31,7,0,3,5,5,5,9,15,15,15,15,19,17,20,11,5,2,3,0,0
Greenland,2016,162,2,2,0,0,0,0,3,10,13,29,30,36,31,7,0,3,5,5,5,8,14,15,15,15,18,18,19,12,5,2,2,0,0
Greenland,2017,172,2,2,0,0,0,0,5,10,13,29,30,40,34,8,0,5,5,5,5,8,14,15,15,15,18,22,20,14,5,3,2,0,0
Greenland,2018,176,3,3,0,0,0,0,3,10,12,30,33,41,36,8,0,3,5,5,5,7,14,16,16,17,17,24,20,16,6,2,3,0,0
Greenland,2019,176,3,3,0,0,0,0,3,10,11,32,36,40,32,9,0,3,5,5,5,6,13,19,18,18,16,24,18,14,7,2,3,0,0
Greenland,2020,176,3,3,0,0,0,0,3,10,10,31,40,39,33,8,0,3,5,5,5,5,12,19,20,20,15,24,19,14,7,1,3,0,0
Greenland,2021,180,3,3,0,0,0,0,2,10,10,30,40,40,36,9,0,2,5,5,5,5,11,19,20,20,17,23,21,15,8,1,3,0,0
Grenada,1950,690,152,241,89,8,5,7,20,26,35,55,78,97,94,21,10,10,11,15,15,20,31,24,40,38,51,46,48,46,17,4,249,12,0
Grenada,1951,638,133,216,83,8,5,5,20,23,33,52,75,91,83,19,10,10,10,13,15,18,29,23,38,37,47,44,44,39,17,2,224,10,0
Grenada,1952,619,144,216,72,7,5,5,19,22,32,52,72,88,74,19,9,10,10,12,15,17,28,24,34,38,44,44,40,34,17,2,223,10,0
Grenada,1953,623,152,222,70,10,5,5,19,22,32,54,73,88,70,21,9,10,10,12,15,17,28,26,33,40,41,47,38,32,18,3,232,10,0
Grenada,1954,613,158,228,70,8,5,5,18,21,32,49,71,86,67,20,8,10,10,11,15,17,24,25,31,40,41,45,39,28,17,3,236,10,0
Grenada,1955,606,162,231,69,8,5,5,18,21,32,49,70,84,63,19,8,10,10,11,15,17,24,25,31,39,40,44,38,25,16,3,239,10,0
Grenada,1956,588,164,233,69,8,5,5,15,20,30,47,66,82,61,16,5,10,10,10,14,16,24,23,29,37,40,42,38,23,13,3,241,10,0
Grenada,1957,590,165,233,68,7,5,5,14,20,30,47,66,82,62,16,5,9,10,10,14,16,24,23,29,37,40,42,39,23,13,3,240,10,0
Grenada,1958,602,162,229,67,8,5,5,17,20,30,49,71,88,68,18,7,10,10,10,14,16,24,25,33,38,45,43,44,24,13,5,237,10,0
Grenada,1959,592,156,220,64,8,5,5,16,20,30,48,69,89,66,16,6,10,10,10,14,16,24,24,32,37,44,45,43,23,12,4,228,10,0
Grenada,1960,576,147,208,61,8,5,5,14,20,29,48,69,88,69,16,5,9,10,10,13,16,24,24,32,37,43,45,44,25,12,4,216,10,1
Grenada,1961,549,134,189,55,8,5,5,13,20,25,46,68,87,69,15,5,8,10,10,10,15,24,22,31,37,42,45,44,25,11,4,197,10,1
Grenada,1962,518,119,167,48,6,5,5,12,20,23,45,67,85,70,14,5,7,10,10,10,13,23,22,31,36,40,45,44,26,10,4,173,10,1
Grenada,1963,484,105,146,41,7,5,5,10,20,22,40,62,80,69,14,5,5,10,10,10,12,19,21,29,33,39,41,43,26,10,4,153,10,1
Grenada,1964,460,92,126,34,6,5,5,10,13,22,40,61,81,71,15,5,5,5,8,10,12,19,21,28,33,38,43,43,28,11,4,132,10,1
Grenada,1965,460,82,113,31,6,5,5,10,14,22,40,66,84,75,16,5,5,5,9,10,12,19,21,31,35,39,45,45,30,12,4,119,10,1
Grenada,1966,472,74,101,27,6,5,5,10,17,22,41,70,89,84,18,5,5,7,10,10,12,19,22,33,37,41,48,51,33,14,4,107,10,1
Grenada,1967,469,68,93,25,6,5,5,10,15,22,41,73,88,86,19,5,5,5,10,10,12,19,22,34,39,40,48,52,34,15,4,99,10,1
Grenada,1968,447,62,85,23,5,5,5,10,13,21,39,71,84,85,19,5,5,5,8,10,11,18,21,33,38,40,44,52,33,15,4,90,10,1
Grenada,1969,437,58,78,20,5,5,5,10,12,21,38,70,83,85,20,5,5,5,7,10,11,18,20,32,38,40,43,52,33,16,4,83,10,1
Grenada,1970,427,55,74,19,5,5,5,10,11,21,34,72,81,88,22,5,5,5,6,10,11,17,17,33,39,40,41,53,35,17,5,79,10,1
Grenada,1971,426,54,71,17,5,5,5,10,10,20,33,73,80,86,22,5,5,5,5,10,10,16,17,33,40,40,40,51,35,17,5,76,10,1
Grenada,1972,421,53,68,15,5,5,5,10,10,20,31,69,84,87,22,5,5,5,5,10,10,15,16,29,40,44,40,49,38,17,5,73,10,1
Grenada,1973,416,51,65,14,5,5,6,10,10,19,31,67,86,87,23,5,5,5,5,9,10,15,16,28,39,44,42,47,40,18,5,70,11,1
Grenada,1974,410,50,64,14,5,5,5,10,10,18,31,67,90,84,23,5,5,5,5,8,10,15,16,27,40,45,45,45,39,18,5,69,10,1
Grenada,1975,404,48,62,14,3,5,5,10,10,17,29,65,90,84,24,5,5,5,5,7,10,14,15,26,39,45,45,45,39,18,6,65,10,1
Grenada,1976,400,45,57,12,2,5,5,10,10,15,29,61,90,82,26,5,5,5,5,5,10,14,15,24,37,45,45,44,38,20,6,59,10,1
Grenada,1977,426,43,55,12,2,5,5,14,10,17,31,66,100,90,29,9,5,5,5,7,10,15,16,26,40,50,50,50,40,22,7,57,10,1
Grenada,1978,422,40,51,11,3,5,5,14,10,15,30,64,101,92,32,9,5,5,5,5,10,15,15,26,38,50,51,52,40,25,7,54,10,1
Grenada,1979,417,39,50,11,1,5,5,13,10,14,29,62,101,91,31,8,5,5,5,5,9,14,15,25,37,49,52,53,38,24,7,51,10,1
Grenada,1980,409,36,44,8,1,4,5,12,10,13,29,59,99,91,31,7,5,5,5,5,8,14,15,24,35,48,51,54,37,24,7,45,9,1
Grenada,1981,396,32,40,8,1,4,5,10,10,12,29,58,98,90,29,5,5,5,5,5,7,14,15,24,34,47,51,54,36,22,7,41,9,1
Grenada,1982,395,32,40,8,0,3,5,16,10,12,29,57,101,94,29,7,9,5,5,5,7,14,15,23,34,46,55,55,39,21,8,40,8,1
Grenada,1983,400,32,40,8,0,3,5,19,12,13,29,54,98,94,28,9,10,7,5,5,8,14,15,23,31,44,54,54,40,20,8,40,8,1
Grenada,1984,388,31,39,8,0,3,5,17,12,12,28,54,98,94,27,7,10,7,5,5,7,13,15,23,31,44,54,54,40,19,8,39,8,1
Grenada,1985,388,32,40,8,0,2,5,16,13,11,27,52,95,97,27,6,10,8,5,5,6,12,15,22,30,42,53,57,40,19,8,40,7,1
Grenada,1986,384,32,39,7,0,2,5,15,14,11,25,51,93,100,28,5,10,9,5,5,6,11,14,21,30,41,52,58,42,21,7,39,7,1
Grenada,1987,387,31,38,7,0,1,5,15,15,11,23,52,93,102,28,5,10,10,5,5,6,10,13,22,30,41,52,59,43,21,7,38,6,2
Grenada,1988,380,26,33,7,0,1,5,13,16,10,22,51,90,103,28,5,8,10,6,5,5,10,12,21,30,39,51,60,43,21,7,33,6,2
Grenada,1989,375,25,32,7,0,1,5,13,17,10,22,50,88,106,30,5,8,10,7,5,5,10,12,21,29,39,49,62,44,23,7,32,6,2
Grenada,1990,368,23,29,6,0,0,5,12,19,10,21,49,85,106,30,5,7,10,9,5,5,10,11,21,28,37,48,61,45,23,7,29,5,2
Grenada,1991,362,22,27,5,0,0,5,11,20,12,21,49,85,104,30,5,6,10,10,7,5,10,11,21,28,37,48,59,45,23,7,27,5,1
Grenada,1992,360,20,24,4,0,0,4,11,20,14,21,49,83,104,30,5,6,10,10,9,5,10,11,21,28,37,46,59,45,23,7,24,4,1
Grenada,1993,357,18,22,4,0,0,3,10,20,15,21,48,83,104,30,5,5,10,10,10,5,10,11,20,28,37,46,59,45,23,7,22,3,1
Grenada,1994,355,16,20,4,0,0,2,10,19,16,21,49,83,103,30,5,5,9,10,10,6,10,11,21,28,37,46,58,45,23,7,20,2,1
Grenada,1995,349,15,19,4,0,0,1,10,18,16,21,48,83,101,30,5,5,8,10,10,6,10,11,20,28,37,46,56,45,23,7,19,1,1
Grenada,1996,349,15,19,4,0,0,0,10,17,20,21,48,82,104,32,5,5,7,10,10,10,10,11,20,28,36,46,57,47,25,7,19,0,1
Grenada,1997,350,14,16,2,0,0,0,10,16,20,21,49,83,105,32,5,5,6,10,10,10,10,11,20,29,37,46,58,47,25,7,16,0,1
Grenada,1998,349,12,14,2,0,0,0,9,15,20,20,50,82,104,32,4,5,5,10,10,10,10,10,21,29,37,45,58,46,25,7,14,0,1
Grenada,1999,357,12,14,2,0,0,0,8,14,20,20,51,85,106,33,3,5,5,9,10,10,10,10,21,30,39,46,59,47,25,8,14,0,1
Grenada,2000,376,11,13,2,0,0,2,9,14,20,22,53,91,114,37,4,5,5,9,10,10,12,10,21,32,43,48,64,50,28,9,13,2,1
Grenada,2001,373,11,13,2,0,0,3,10,13,20,23,52,90,112,36,5,5,5,8,10,10,13,10,20,32,43,47,62,50,27,9,13,3,1
Grenada,2002,377,11,13,2,0,0,3,10,12,20,25,51,92,112,36,5,5,5,7,10,10,15,10,20,31,44,48,62,50,27,9,13,3,1
Grenada,2003,373,10,12,2,0,0,3,10,12,21,25,49,93,111,35,5,5,5,7,10,11,15,10,18,31,43,50,61,50,26,9,12,3,1
Grenada,2004,415,12,17,5,5,5,5,10,13,28,27,52,100,118,39,5,5,5,8,13,15,15,12,19,33,46,54,63,55,30,9,22,10,1
Grenada,2005,364,10,12,2,0,0,1,10,10,22,27,44,93,108,35,5,5,5,5,10,12,15,12,16,28,42,51,57,51,26,9,12,1,1
Grenada,2006,365,11,13,2,0,0,0,10,10,22,28,43,93,106,39,5,5,5,5,10,12,15,13,16,27,41,52,56,50,30,9,13,0,1
Grenada,2007,354,11,13,2,0,0,0,9,10,21,30,40,90,103,39,4,5,5,5,9,12,15,15,15,25,40,50,55,48,30,9,13,0,1
Grenada,2008,365,11,13,2,0,0,0,9,10,20,33,39,92,109,39,4,5,5,5,8,12,18,15,15,24,41,51,59,50,30,9,13,0,1
Grenada,2009,359,11,13,2,0,0,0,8,10,18,33,39,88,108,39,3,5,5,5,7,11,18,15,17,22,38,50,59,49,30,9,13,0,1
Grenada,2010,375,11,13,2,0,0,0,8,10,19,34,42,90,114,40,3,5,5,5,7,12,19,15,20,22,38,52,63,51,30,10,13,0,2
Grenada,2011,371,12,14,2,0,0,0,7,10,17,35,42,85,115,44,2,5,5,5,6,11,19,16,21,21,36,49,64,51,33,11,14,0,2
Grenada,2012,386,12,14,2,0,0,0,7,10,17,37,44,87,122,46,2,5,5,5,6,11,19,18,23,21,35,52,67,55,34,12,14,0,2
Grenada,2013,395,12,14,2,0,0,0,6,10,16,39,48,85,127,47,1,5,5,5,5,11,19,20,23,25,33,52,67,60,35,12,14,0,2
Grenada,2014,400,12,14,2,0,0,0,6,10,14,39,49,83,130,48,1,5,5,5,5,9,19,20,24,25,32,51,70,60,35,13,14,0,2
Grenada,2015,407,13,15,2,0,0,0,5,10,14,38,54,81,136,48,0,5,5,5,5,9,18,20,27,27,31,50,71,65,35,13,15,0,2
Grenada,2016,425,13,15,2,0,0,0,5,10,14,39,59,82,141,55,0,5,5,5,5,9,18,21,28,31,32,50,72,69,40,15,15,0,3
Grenada,2017,435,13,15,2,0,0,0,4,10,14,39,62,84,141,58,0,4,5,5,5,9,18,21,29,33,34,50,72,69,42,16,15,0,3
Grenada,2018,442,13,15,2,0,0,0,4,10,14,38,69,81,146,60,0,4,5,5,5,9,17,21,33,36,35,46,74,72,44,16,15,0,3
Grenada,2019,449,12,14,2,0,0,0,3,10,13,38,69,83,147,63,0,3,5,5,5,8,16,22,33,36,38,45,74,73,47,16,14,0,3
Grenada,2020,456,12,14,2,0,0,0,3,10,13,36,75,85,147,66,0,3,5,5,5,8,15,21,36,39,41,44,73,74,50,16,14,0,3
Grenada,2021,463,12,14,2,0,0,0,2,10,13,34,76,88,146,68,0,2,5,5,5,8,14,20,36,40,45,43,72,74,51,17,14,0,4
Guadeloupe,1950,2099,354,634,280,24,17,25,84,115,147,176,217,328,271,58,36,48,52,63,67,80,81,95,99,118,152,176,160,111,47,11,658,42,1
Guadeloupe,1951,2010,335,604,269,27,17,24,82,113,145,173,212,311,252,53,35,47,51,62,66,79,80,93,99,113,144,167,151,101,43,10,631,41,1
Guadeloupe,1952,1950,330,577,247,21,16,24,81,113,147,173,219,298,236,51,34,47,51,62,66,81,80,93,104,115,140,158,141,95,41,10,598,40,1
Guadeloupe,1953,1826,322,554,232,33,15,22,75,105,138,161,206,265,205,48,32,43,47,58,62,76,75,86,99,107,127,138,123,82,38,10,587,37,1
Guadeloupe,1954,1692,314,532,218,26,15,20,68,96,128,150,197,236,178,43,29,39,43,53,57,71,71,79,93,104,116,120,107,71,34,9,558,35,1
Guadeloupe,1955,1602,307,512,205,26,15,18,65,90,122,141,187,225,166,40,28,37,41,49,55,67,67,74,88,99,111,114,100,66,31,9,538,33,1
Guadeloupe,1956,1588,299,491,192,22,15,18,63,90,122,143,190,228,166,39,27,36,41,49,55,67,69,74,89,101,113,115,100,66,31,8,513,33,1
Guadeloupe,1957,1514,288,471,183,22,15,17,58,86,115,134,182,217,157,38,25,33,38,48,52,63,65,69,86,96,108,109,95,62,30,8,493,32,1
Guadeloupe,1958,1454,281,455,174,22,15,16,53,81,109,132,175,212,155,38,23,30,37,44,48,61,65,67,81,94,105,107,94,61,30,8,477,31,1
Guadeloupe,1959,1403,274,436,162,19,15,15,51,77,104,124,166,205,151,39,22,29,34,43,46,58,60,64,77,89,102,103,90,61,30,9,455,30,1
Guadeloupe,1960,1411,272,425,153,18,14,15,50,78,104,127,168,213,158,40,22,28,34,44,46,58,60,67,76,92,105,108,93,65,30,10,443,29,1
Guadeloupe,1961,1438,264,408,144,18,14,16,51,78,107,131,173,227,169,44,22,29,34,44,46,61,62,69,78,95,111,116,98,71,33,11,426,30,1
Guadeloupe,1962,1417,260,395,135,19,14,16,49,75,105,132,173,224,171,44,21,28,32,43,46,59,62,70,76,97,109,115,100,71,33,11,414,30,2
Guadeloupe,1963,1415,246,373,127,19,15,17,49,74,105,134,175,231,175,44,21,28,31,43,47,58,63,71,77,98,111,120,102,73,35,9,392,32,2
Guadeloupe,1964,1441,231,352,121,20,15,20,48,74,109,139,182,241,189,49,21,27,31,43,49,60,65,74,83,99,116,125,111,78,38,11,372,35,2
Guadeloupe,1965,1387,219,329,110,19,15,19,45,71,104,136,177,239,189,49,20,25,30,41,47,57,64,72,82,95,114,125,113,76,38,11,348,34,2
Guadeloupe,1966,1447,210,313,103,19,15,20,46,72,110,142,187,256,205,53,20,26,31,41,50,60,67,75,88,99,122,134,122,83,42,11,332,35,2
Guadeloupe,1967,1417,197,289,92,18,15,19,44,68,108,140,187,255,211,54,20,24,29,39,48,60,65,75,89,98,122,133,126,85,43,11,307,34,2
Guadeloupe,1968,1414,185,270,85,17,16,21,45,66,109,140,192,260,220,57,21,24,28,38,48,61,64,76,91,101,124,136,130,90,44,13,287,37,2
Guadeloupe,1969,1330,174,251,77,16,15,18,40,62,101,131,183,243,212,55,20,20,27,35,44,57,60,71,85,98,116,127,124,88,43,12,267,33,2
Guadeloupe,1970,1321,163,233,70,13,15,19,41,59,100,132,187,247,215,60,21,20,25,34,43,57,60,72,87,100,117,130,124,91,45,15,246,34,2
Guadeloupe,1971,1287,151,214,63,13,14,18,40,56,95,128,186,240,218,62,20,20,23,33,39,56,59,69,85,101,112,128,124,94,47,15,227,32,3
Guadeloupe,1972,1249,139,196,57,11,13,17,40,53,91,122,184,240,216,63,20,20,22,31,38,53,56,66,84,100,112,128,122,94,47,16,207,30,3
Guadeloupe,1973,1219,129,181,52,11,13,16,38,51,88,120,181,237,216,66,18,20,21,30,36,52,55,65,82,99,111,126,120,96,50,16,192,29,3
Guadeloupe,1974,1164,120,165,45,11,12,15,36,48,80,116,174,231,209,67,16,20,20,28,32,48,55,61,78,96,109,122,116,93,51,16,176,27,3
Guadeloupe,1975,1122,110,151,41,8,11,15,35,44,76,109,169,225,208,67,15,20,19,25,31,45,51,58,76,93,108,117,115,93,51,16,159,26,4
Guadeloupe,1976,1093,100,137,37,6,9,15,34,43,73,107,165,222,208,73,15,19,20,23,31,42,50,57,74,91,108,114,114,94,54,19,143,24,4
Guadeloupe,1977,1110,89,122,33,6,9,15,33,43,71,108,168,233,218,79,15,18,20,23,30,41,50,58,75,93,113,120,119,99,59,20,128,24,5
Guadeloupe,1978,1097,80,110,30,6,8,14,33,43,67,106,163,235,222,83,15,18,20,23,28,39,48,58,71,92,113,122,122,100,61,22,116,22,5
Guadeloupe,1979,1088,74,100,26,6,8,13,32,42,65,105,163,238,223,88,15,17,20,22,27,38,47,58,71,92,113,125,122,101,65,23,106,21,6
Guadeloupe,1980,1075,70,92,22,6,7,12,31,41,63,100,158,237,224,91,15,16,20,21,26,37,44,56,68,90,110,127,121,103,65,26,98,19,7
Guadeloupe,1981,1064,66,85,19,5,6,11,30,40,62,98,159,239,225,93,15,15,20,20,26,36,42,56,69,90,110,129,122,103,67,26,90,17,7
Guadeloupe,1982,1051,64,83,19,5,6,10,32,40,59,96,155,240,225,93,15,17,19,21,24,35,41,55,68,87,110,130,122,103,66,27,88,16,7
Guadeloupe,1983,1041,62,77,15,5,6,10,31,41,57,93,153,241,227,93,15,16,19,22,23,34,40,53,68,85,111,130,125,102,66,27,82,16,7
Guadeloupe,1984,1032,61,76,15,5,5,10,31,45,55,89,151,239,227,93,14,17,20,25,22,33,38,51,67,84,110,129,126,101,64,29,81,15,8
Guadeloupe,1985,1040,60,74,14,5,5,10,31,44,56,90,153,240,233,94,14,17,20,24,25,31,39,51,68,85,110,130,132,101,65,29,79,15,8
Guadeloupe,1986,1033,58,72,14,4,5,9,32,44,56,85,151,240,235,96,13,19,20,24,25,31,37,48,67,84,110,130,133,102,66,30,76,14,8
Guadeloupe,1987,1047,55,67,12,3,5,9,32,45,56,86,155,243,244,97,13,19,20,25,25,31,38,48,68,87,111,132,137,107,67,30,70,14,8
Guadeloupe,1988,1062,53,65,12,3,5,8,31,46,56,85,157,247,251,99,12,19,20,26,25,31,38,47,68,89,112,135,140,111,69,30,68,13,9
Guadeloupe,1989,1077,52,64,12,5,5,8,30,46,60,86,156,250,260,103,12,18,21,25,28,32,37,49,66,90,112,138,144,116,72,31,69,13,9
Guadeloupe,1990,1080,50,61,11,2,5,7,29,46,60,83,155,252,265,104,11,18,21,25,29,31,36,47,65,90,113,139,144,121,73,31,63,12,9
Guadeloupe,1991,1096,48,58,10,2,5,7,28,46,62,84,155,257,275,108,11,17,21,25,29,33,36,48,65,90,115,142,149,126,76,32,60,12,10
Guadeloupe,1992,1108,46,54,8,2,5,6,27,46,62,84,152,262,284,114,11,16,21,25,28,34,36,48,62,90,119,143,153,131,81,33,56,11,10
Guadeloupe,1993,1114,44,52,8,1,5,6,26,48,64,82,152,262,288,118,11,15,21,27,29,35,35,47,62,90,120,142,156,132,83,35,53,11,10
Guadeloupe,1994,1128,42,50,8,1,5,6,26,47,63,81,151,267,297,125,11,15,20,27,28,35,35,46,62,89,122,145,160,137,88,37,51,11,11
Guadeloupe,1995,1142,40,47,7,1,5,5,25,45,69,80,150,270,305,132,10,15,19,26,30,39,35,45,62,88,123,147,163,142,93,39,48,10,11
Guadeloupe,1996,1161,38,45,7,1,5,5,24,44,68,80,149,276,313,138,9,15,18,26,30,38,36,44,62,87,124,152,166,147,97,41,46,10,12
Guadeloupe,1997,1173,37,44,7,0,5,5,23,44,69,82,148,280,320,146,9,14,17,27,30,39,38,44,62,86,125,155,168,152,101,45,44,10,13
Guadeloupe,1998,1185,35,41,6,0,4,5,22,44,69,84,145,283,326,152,8,14,17,27,30,39,40,44,61,84,124,159,170,156,106,46,41,9,13
Guadeloupe,1999,1201,34,40,6,1,5,5,20,43,69,85,145,286,335,159,7,13,17,26,31,38,41,44,60,85,124,162,173,162,109,50,41,10,14
Guadeloupe,2000,1209,32,36,4,0,3,5,18,41,69,87,145,284,343,164,6,12,16,25,31,38,42,45,60,85,121,163,177,166,113,51,36,8,15
Guadeloupe,2001,1207,30,34,4,0,3,5,16,39,68,88,143,279,346,169,5,11,16,23,30,38,42,46,58,85,117,162,179,167,117,52,34,8,16
Guadeloupe,2002,1207,27,31,4,0,2,5,14,38,67,88,140,278,352,177,5,9,15,23,29,38,42,46,57,83,116,162,184,168,121,56,31,7,17
Guadeloupe,2003,1213,25,29,4,0,2,5,13,34,66,87,138,276,358,184,5,8,13,21,28,38,41,46,56,82,115,161,188,170,126,58,29,7,18
Guadeloupe,2004,1204,23,25,2,0,1,5,12,32,64,88,134,272,360,193,5,7,12,20,27,37,40,48,57,77,113,159,188,172,130,63,25,6,20
Guadeloupe,2005,1226,21,23,2,0,1,5,11,30,65,89,131,272,375,202,5,6,12,18,27,38,40,49,55,76,113,159,195,180,135,67,23,6,22
Guadeloupe,2006,1247,19,21,2,0,0,5,10,29,64,91,135,273,387,212,5,5,11,18,26,38,40,51,57,78,113,160,198,189,140,72,21,5,24
Guadeloupe,2007,1232,18,20,2,0,0,4,10,26,61,89,131,264,388,216,5,5,9,17,24,37,40,49,57,74,109,155,197,191,140,76,20,4,25
Guadeloupe,2008,1265,17,19,2,0,0,4,10,25,59,90,133,266,402,229,5,5,9,16,22,37,40,50,60,73,111,155,201,201,148,81,19,4,28
Guadeloupe,2009,1288,16,17,1,0,0,3,10,24,58,90,138,265,410,239,5,5,8,16,22,36,40,50,63,75,109,156,202,208,154,85,17,3,31
Guadeloupe,2010,1300,15,16,1,0,0,3,10,21,56,91,140,265,414,249,5,5,7,14,21,35,41,50,64,76,108,157,201,213,160,89,16,3,33
Guadeloupe,2011,1278,14,15,1,0,0,2,10,20,53,89,139,256,407,252,5,5,7,13,20,33,40,49,63,76,104,152,196,211,163,89,15,2,35
Guadeloupe,2012,1252,13,14,1,0,0,0,10,18,48,88,136,246,397,258,5,5,6,12,18,30,39,49,63,73,99,147,188,209,168,90,14,0,37
Guadeloupe,2013,1315,13,14,1,0,0,0,10,17,48,89,144,255,415,279,5,5,5,12,18,30,40,49,65,79,103,152,196,219,181,98,14,0,41
Guadeloupe,2014,1314,12,13,1,0,0,0,10,16,45,87,144,249,415,290,5,5,5,11,17,28,38,49,63,81,102,147,196,219,187,103,13,0,44
Guadeloupe,2015,1376,11,12,1,0,0,0,10,14,43,90,154,257,433,314,5,5,5,9,17,26,39,51,67,87,107,150,204,229,200,114,12,0,49
Guadeloupe,2016,1364,10,10,0,0,0,0,9,13,40,87,153,253,427,322,4,5,5,8,15,25,36,51,65,88,106,147,201,226,202,120,10,0,51
Guadeloupe,2017,1409,9,9,0,0,0,0,9,13,40,88,156,261,437,340,4,5,5,8,14,26,36,52,66,90,111,150,205,232,211,129,9,0,55
Guadeloupe,2018,1482,9,9,0,0,0,0,9,13,39,88,164,276,456,365,4,5,5,8,14,25,35,53,69,95,121,155,212,244,225,140,9,0,60
Guadeloupe,2019,1499,8,8,0,0,0,0,9,12,36,87,163,284,459,375,4,5,5,7,12,24,34,53,70,93,127,157,211,248,230,145,8,0,64
Guadeloupe,2020,1568,8,8,0,0,0,0,9,11,34,88,183,312,468,387,4,5,5,6,11,23,33,55,77,106,146,166,215,253,235,152,8,0,68
Guadeloupe,2021,1970,8,8,0,0,0,0,8,12,40,109,238,404,613,458,3,5,5,7,12,28,42,67,102,136,187,217,279,334,283,175,8,0,78
Guam,1950,179,33,39,6,3,0,3,10,10,15,22,32,36,7,0,5,5,5,5,5,10,10,12,15,17,23,13,7,0,0,0,42,3,0
Guam,1951,175,34,40,6,3,0,4,10,10,15,20,31,33,6,0,5,5,5,5,5,10,10,10,15,16,21,12,6,0,0,0,43,4,0
Guam,1952,172,35,42,7,3,0,4,10,10,15,20,29,30,6,0,5,5,5,5,5,10,10,10,14,15,18,12,6,0,0,0,45,4,0
Guam,1953,168,35,42,7,4,0,4,10,10,15,20,29,29,6,0,5,5,5,5,5,10,10,10,14,15,17,12,6,0,0,0,46,4,0
Guam,1954,165,34,41,7,4,0,4,10,10,15,20,28,26,5,0,5,5,5,5,5,10,10,10,13,15,15,11,5,0,0,0,45,4,0
Guam,1955,163,35,42,7,4,0,4,10,10,15,20,27,26,5,0,5,5,5,5,5,10,10,10,12,15,15,11,5,0,0,0,46,4,0
Guam,1956,162,35,42,7,4,0,4,10,10,15,20,27,23,5,0,5,5,5,5,5,10,10,10,12,15,13,10,5,0,0,0,46,4,0
Guam,1957,163,36,43,7,5,0,4,10,10,15,20,26,23,5,0,5,5,5,5,5,10,10,10,11,15,13,10,5,0,0,0,48,4,0
Guam,1958,161,34,41,7,5,0,4,10,10,15,20,25,24,5,0,5,5,5,5,5,10,10,10,10,15,14,10,5,0,0,0,46,4,0
Guam,1959,160,33,40,7,5,0,5,10,10,15,20,25,25,5,0,5,5,5,5,5,10,10,10,10,15,15,10,5,0,0,0,45,5,0
Guam,1960,160,33,40,7,5,0,5,10,10,15,20,24,23,5,0,5,5,5,5,5,10,10,10,10,14,15,8,5,0,0,0,45,5,0
Guam,1961,161,33,40,7,5,1,5,10,10,15,20,23,25,5,0,5,5,5,5,5,10,10,10,10,13,15,10,5,0,0,0,45,6,0
Guam,1962,165,33,41,8,5,5,5,10,10,15,20,22,26,5,0,5,5,5,5,5,10,10,10,10,12,15,11,5,0,0,0,46,10,0
Guam,1963,161,31,38,7,5,2,5,10,10,14,20,22,27,7,0,5,5,5,5,5,9,10,10,10,12,15,12,6,1,0,0,43,7,0
Guam,1964,161,31,38,7,5,2,5,10,10,14,20,22,27,8,0,5,5,5,5,5,9,10,10,10,12,15,12,7,1,0,0,43,7,0
Guam,1965,165,32,39,7,5,2,5,10,10,14,20,27,28,9,0,5,5,5,5,5,9,10,10,12,15,15,13,8,1,0,0,44,7,0
Guam,1966,174,34,41,7,5,3,5,10,10,14,23,27,29,11,0,5,5,5,5,5,9,10,13,12,15,15,14,9,2,0,0,46,8,0
Guam,1967,165,31,38,7,5,1,5,10,10,14,20,26,29,12,0,5,5,5,5,5,9,10,10,11,15,15,14,9,3,0,0,43,6,0
Guam,1968,161,30,36,6,5,1,5,10,10,13,20,25,29,15,0,5,5,5,5,5,8,10,10,10,15,14,15,11,4,0,0,41,6,0
Guam,1969,170,32,39,7,5,2,5,10,10,13,20,25,28,19,0,5,5,5,5,5,8,10,10,10,15,13,15,13,6,0,0,44,7,0
Guam,1970,171,32,38,6,5,2,5,10,10,13,20,25,27,21,1,5,5,5,5,5,8,10,10,10,15,13,14,14,7,1,0,43,7,0
Guam,1971,177,33,39,6,5,2,5,10,10,14,20,25,27,21,2,5,5,5,5,5,9,10,10,10,15,14,13,14,7,2,0,44,7,0
Guam,1972,177,33,39,6,5,2,5,10,10,14,20,25,27,21,2,5,5,5,5,5,9,10,10,10,15,15,12,14,7,2,0,44,7,0
Guam,1973,179,33,39,6,5,2,5,10,10,14,20,27,27,21,2,5,5,5,5,5,9,10,10,12,15,15,12,13,8,2,0,44,7,0
Guam,1974,184,33,40,7,5,2,5,10,10,14,23,30,29,19,2,5,5,5,5,5,9,10,13,15,15,17,12,12,7,2,0,45,7,0
Guam,1975,187,33,40,7,5,1,5,10,10,14,23,30,30,20,1,5,5,5,5,5,9,10,13,15,15,17,13,12,8,1,0,45,6,0
Guam,1976,189,33,41,8,5,5,5,10,10,13,22,30,31,18,2,5,5,5,5,5,8,10,12,15,15,17,14,11,7,2,0,46,10,0
Guam,1977,181,30,36,6,5,1,5,10,10,13,21,30,32,17,2,5,5,5,5,5,8,10,11,15,15,16,16,10,7,2,0,41,6,0
Guam,1978,178,26,31,5,4,1,5,10,10,12,20,30,31,18,2,5,5,5,5,5,7,10,10,15,15,16,15,11,7,2,0,35,6,0
Guam,1979,178,25,29,4,4,1,5,10,10,12,20,29,32,20,2,5,5,5,5,5,7,10,10,14,15,16,16,13,7,2,0,33,6,0
Guam,1980,185,24,28,4,5,1,5,10,10,12,24,30,34,23,3,5,5,5,5,5,7,11,13,15,15,16,18,14,9,3,0,33,6,0
Guam,1981,190,23,27,4,5,1,5,10,10,12,26,32,35,26,3,5,5,5,5,5,7,11,15,15,17,18,17,17,9,3,0,32,6,0
Guam,1982,194,22,26,4,5,1,5,10,10,12,26,34,35,28,3,5,5,5,5,5,7,11,15,15,19,19,16,18,10,3,0,31,6,0
Guam,1983,199,22,26,4,5,2,5,10,10,12,25,34,36,29,3,5,5,5,5,5,7,10,15,15,19,20,16,18,11,3,0,31,7,0
Guam,1984,203,21,25,4,5,2,5,10,10,13,25,34,37,30,4,5,5,5,5,5,8,10,15,15,19,20,17,19,11,4,0,30,7,0
Guam,1985,208,21,25,4,5,2,5,10,10,13,25,35,40,31,4,5,5,5,5,5,8,10,15,15,20,22,18,19,12,4,0,30,7,0
Guam,1986,213,22,26,4,4,2,5,10,10,14,25,34,41,34,5,5,5,5,5,5,9,10,15,15,19,23,18,20,14,5,0,30,7,0
Guam,1987,219,21,25,4,4,2,5,10,13,14,25,39,43,34,5,5,5,5,8,5,9,10,15,20,19,24,19,19,15,5,0,29,7,0
Guam,1988,223,21,25,4,4,1,5,10,14,13,25,40,45,36,7,5,5,5,9,5,8,10,15,19,21,25,20,19,17,6,1,29,6,0
Guam,1989,229,21,25,4,4,1,5,10,13,14,25,40,46,35,8,5,5,5,8,6,8,10,15,19,21,25,21,19,16,7,1,29,6,0
Guam,1990,241,20,24,4,4,1,5,10,14,15,26,41,47,36,10,5,5,5,9,7,8,11,15,19,22,25,22,19,17,9,1,28,6,0
Guam,1991,245,20,24,4,3,1,5,10,14,20,26,43,49,37,12,5,5,5,9,10,10,11,15,19,24,26,23,21,16,11,1,27,6,0
Guam,1992,252,20,24,4,4,1,5,10,14,20,27,44,52,37,12,5,5,5,9,10,10,12,15,19,25,27,25,22,15,10,2,28,6,0
Guam,1993,261,19,23,4,4,1,5,10,14,20,27,46,52,39,13,5,5,5,9,10,10,12,15,19,27,27,25,24,15,11,2,27,6,0
Guam,1994,268,19,23,4,4,1,5,10,14,20,27,47,56,41,14,5,5,5,9,10,10,12,15,19,28,30,26,25,16,11,3,27,6,0
Guam,1995,274,18,22,4,4,1,5,10,15,23,29,47,59,43,14,5,5,5,10,10,13,12,17,20,27,30,29,26,17,11,3,26,6,0
Guam,1996,294,18,22,4,4,1,5,10,15,25,34,49,63,47,14,5,5,5,10,10,15,15,19,21,28,33,30,28,19,10,4,26,6,1
Guam,1997,299,18,22,4,4,1,5,10,15,25,34,48,64,48,14,5,5,5,10,10,15,15,19,21,27,34,30,29,19,10,4,26,6,1
Guam,1998,302,17,21,4,4,0,5,10,15,27,34,48,65,49,16,5,5,5,10,11,16,15,19,21,27,35,30,29,20,11,5,25,5,1
Guam,1999,305,16,20,4,4,0,5,10,15,28,36,51,66,50,16,5,5,5,10,11,17,18,18,23,28,35,31,30,20,11,5,24,5,1
Guam,2000,307,17,21,4,3,0,5,10,15,28,40,52,66,51,15,5,5,5,10,11,17,20,20,24,28,34,32,30,21,10,5,24,5,1
Guam,2001,287,16,20,4,3,0,5,10,15,26,38,48,62,48,15,5,5,5,10,10,16,20,18,22,26,33,29,29,19,10,5,23,5,1
Guam,2002,285,14,18,4,3,0,5,10,14,25,38,47,61,49,14,5,5,5,9,10,15,20,18,21,26,31,30,28,21,10,4,21,5,1
Guam,2003,288,14,18,4,2,0,5,10,14,25,40,46,60,49,15,5,5,5,9,10,15,20,20,20,26,30,30,28,21,11,4,20,5,1
Guam,2004,296,15,19,4,2,0,5,10,14,25,40,48,62,52,17,5,5,5,9,10,15,20,20,21,27,32,30,29,23,12,5,21,5,1
Guam,2005,296,14,18,4,2,0,4,10,14,25,44,47,62,51,19,5,5,5,9,10,15,21,23,20,27,32,30,28,23,14,5,20,4,1
Guam,2006,302,15,19,4,2,0,4,10,15,25,45,47,66,53,20,5,5,5,10,10,15,21,24,20,27,34,32,30,23,14,6,21,4,2
Guam,2007,312,15,19,4,2,0,4,10,15,26,46,48,68,55,22,5,5,5,10,10,16,21,25,21,27,35,33,32,23,16,6,21,4,2
Guam,2008,316,15,19,4,2,0,4,10,14,26,46,52,69,54,23,5,5,5,9,10,16,21,25,25,27,35,34,33,21,16,7,21,4,2
Guam,2009,322,15,19,4,2,0,4,10,14,26,49,51,69,55,23,5,5,5,9,10,16,21,28,25,26,34,35,34,21,16,7,21,4,2
Guam,2010,320,19,23,4,2,0,4,10,14,26,48,51,68,54,22,5,5,5,9,10,16,21,27,26,25,34,34,34,20,15,7,25,4,2
Guam,2011,322,18,22,4,1,0,3,10,13,25,48,56,68,57,23,5,5,5,8,10,15,21,27,30,26,33,35,35,22,15,8,23,3,2
Guam,2012,347,19,23,4,1,0,3,10,13,27,50,61,69,67,23,5,5,5,8,10,17,21,29,30,31,34,35,40,27,15,8,24,3,3
Guam,2013,365,18,22,4,0,0,3,10,13,27,51,69,75,71,25,5,5,5,8,10,17,22,29,34,35,35,40,40,31,16,9,22,3,3
Guam,2014,377,18,22,4,2,0,3,10,13,27,51,74,75,77,25,5,5,5,8,10,17,22,29,36,38,35,40,43,34,16,9,24,3,4
Guam,2015,398,18,22,4,2,0,3,10,12,29,53,78,80,83,27,5,5,5,7,11,18,23,30,37,41,38,42,45,38,17,10,24,3,4
Guam,2016,407,18,22,4,2,0,2,10,12,27,53,82,84,86,30,5,5,5,7,10,17,23,30,37,45,42,42,46,40,20,10,24,2,5
Guam,2017,415,17,21,4,2,0,2,10,11,27,53,84,85,90,33,5,5,5,6,10,17,23,30,37,47,45,40,49,41,24,9,23,2,5
Guam,2018,424,16,20,4,2,0,1,7,9,26,53,85,88,92,36,2,5,4,5,9,17,23,30,37,48,47,41,49,43,25,11,22,1,6
Guam,2019,433,15,19,4,3,0,1,4,7,24,53,85,93,93,39,0,4,2,5,8,16,23,30,36,49,52,41,49,44,29,10,22,1,6
Guam,2020,441,15,19,4,2,0,1,3,7,23,53,85,99,97,42,0,3,2,5,7,16,23,30,36,49,57,42,51,46,30,12,21,1,6
Guam,2021,511,14,18,4,2,0,0,4,7,23,60,106,123,109,48,0,4,2,5,7,16,25,35,44,62,72,51,56,53,35,13,20,0,6
Guatemala,1950,36669,12634,18892,6258,3145,1017,1307,2420,1786,1845,1817,1954,1287,958,228,1323,1097,886,900,887,958,906,911,1249,705,658,629,547,411,178,50,22037,2324,12
Guatemala,1951,36712,12954,19413,6459,2955,935,1204,2376,1736,1796,1792,1957,1273,990,271,1286,1090,870,866,866,930,896,896,1212,745,662,611,550,440,209,62,22368,2139,15
Guatemala,1952,37084,13208,19776,6568,2965,913,1153,2432,1776,1804,1803,1971,1262,966,249,1295,1137,902,874,876,928,896,907,1194,777,670,592,537,429,191,58,22741,2066,14
Guatemala,1953,37681,13421,20067,6646,3101,923,1133,2529,1869,1843,1832,1993,1257,919,204,1316,1213,965,904,902,941,903,929,1189,804,680,577,519,400,155,49,23168,2056,11
Guatemala,1954,38268,13583,20285,6702,3246,942,1122,2618,1975,1886,1867,2022,1260,868,165,1328,1290,1034,941,927,959,914,953,1193,829,694,566,497,371,124,41,23531,2064,9
Guatemala,1955,38594,13691,20449,6758,3280,948,1100,2645,2055,1901,1891,2049,1283,832,149,1312,1333,1084,971,933,968,923,968,1197,852,717,566,481,351,112,37,23729,2048,7
Guatemala,1956,38635,13778,20574,6796,3207,942,1065,2597,2094,1887,1901,2081,1321,812,147,1264,1333,1106,988,921,966,930,971,1207,874,747,574,469,343,112,35,23781,2007,7
Guatemala,1957,38485,13844,20654,6810,3081,928,1026,2493,2111,1855,1897,2119,1365,803,147,1195,1298,1112,999,898,957,935,962,1218,901,778,587,463,340,114,33,23735,1954,7
Guatemala,1958,38019,13761,20490,6729,2925,913,988,2365,2112,1812,1888,2164,1412,797,147,1125,1240,1105,1007,872,940,937,951,1233,931,810,602,459,338,118,29,23415,1901,6
Guatemala,1959,37574,13674,20312,6638,2810,901,960,2236,2100,1756,1881,2209,1460,794,145,1062,1174,1090,1010,844,912,938,943,1249,960,838,622,459,335,119,26,23122,1861,6
Guatemala,1960,37302,13622,20168,6546,2772,894,948,2140,2090,1704,1876,2254,1517,790,143,1025,1115,1076,1014,823,881,936,940,1266,988,860,657,462,328,118,25,22940,1842,5
Guatemala,1961,37226,13612,20073,6461,2806,897,951,2073,2088,1664,1876,2296,1581,787,138,1008,1065,1065,1023,815,849,933,943,1281,1015,878,703,468,319,114,24,22879,1848,4
Guatemala,1962,37284,13595,19974,6379,2892,906,967,2026,2092,1639,1878,2338,1649,790,128,1006,1020,1057,1035,818,821,924,954,1294,1044,899,750,478,312,107,21,22866,1873,3
Guatemala,1963,37491,13606,19897,6291,3009,918,994,2006,2103,1635,1894,2388,1726,797,122,1019,987,1048,1055,834,801,920,974,1310,1078,926,800,492,305,103,19,22906,1912,3
Guatemala,1964,37842,13631,19843,6212,3142,936,1025,2011,2119,1652,1919,2449,1808,819,116,1042,969,1036,1083,860,792,917,1002,1331,1118,961,847,517,302,98,18,22985,1961,2
Guatemala,1965,38298,13637,19772,6135,3269,958,1053,2042,2150,1700,1952,2528,1891,867,113,1073,969,1029,1121,902,798,918,1034,1359,1169,1004,887,560,307,95,18,23041,2011,2
Guatemala,1966,39102,13737,19864,6127,3408,992,1082,2101,2191,1780,1996,2634,1997,940,113,1114,987,1024,1167,956,824,928,1068,1399,1235,1064,933,622,318,95,18,23272,2074,2
Guatemala,1967,39582,13747,19800,6053,3491,1013,1094,2155,2209,1860,2028,2714,2086,1016,114,1152,1003,1007,1202,1008,852,934,1094,1430,1284,1120,966,686,330,96,18,23291,2107,2
Guatemala,1968,39756,13693,19621,5928,3511,1021,1093,2203,2199,1937,2035,2769,2161,1086,115,1183,1020,983,1216,1055,882,933,1102,1451,1318,1169,992,742,344,97,18,23132,2114,2
Guatemala,1969,40027,13677,19556,5879,3528,1044,1093,2249,2182,2015,2039,2811,2236,1155,116,1208,1041,965,1217,1095,920,938,1101,1467,1344,1218,1018,790,365,98,18,23084,2137,2
Guatemala,1970,39592,13572,19323,5751,3430,1028,1068,2233,2102,2024,1985,2790,2273,1217,120,1196,1037,932,1170,1091,933,921,1064,1451,1339,1242,1031,816,401,103,17,22753,2096,2
Guatemala,1971,39020,13486,19132,5646,3300,1016,1042,2198,2002,2004,1916,2733,2287,1267,124,1170,1028,899,1103,1068,936,902,1014,1415,1318,1248,1039,823,444,107,17,22432,2058,1
Guatemala,1972,38241,13379,18905,5526,3134,995,1012,2136,1884,1959,1843,2652,2287,1303,131,1126,1010,865,1019,1027,932,883,960,1362,1290,1238,1049,819,484,114,17,22039,2007,1
Guatemala,1973,37379,13263,18663,5400,2943,966,979,2063,1769,1891,1771,2570,2288,1335,136,1074,989,836,933,972,919,864,907,1306,1264,1225,1063,819,516,119,17,21606,1945,1
Guatemala,1974,36605,13162,18430,5268,2743,930,953,1998,1687,1833,1722,2502,2295,1365,145,1030,968,818,869,921,912,854,868,1251,1251,1214,1081,824,541,128,17,21173,1883,1
Guatemala,1975,36075,13045,18194,5149,2540,887,942,1948,1649,1786,1697,2441,2318,1436,227,1002,946,815,834,880,906,851,846,1197,1244,1208,1110,848,588,185,42,20734,1829,6
Guatemala,1976,47569,13714,20453,6739,3971,2145,1982,3447,2620,2660,2467,3051,2825,1619,318,1841,1606,1362,1258,1294,1366,1275,1192,1491,1560,1503,1322,965,654,248,70,24424,4127,11
Guatemala,1977,35162,12713,17586,4873,2187,786,933,1870,1648,1705,1709,2377,2389,1575,379,970,900,832,816,813,892,863,846,1122,1255,1223,1166,926,649,288,91,19773,1719,16
Guatemala,1978,34947,12561,17292,4731,2057,737,930,1849,1676,1674,1757,2376,2457,1670,447,967,882,848,828,791,883,884,873,1105,1271,1254,1203,989,681,332,115,19349,1667,21
Guatemala,1979,34919,12429,17058,4629,1973,698,922,1838,1711,1641,1821,2393,2564,1773,498,967,871,863,848,775,866,910,911,1103,1290,1316,1248,1057,716,366,132,19031,1620,26
Guatemala,1980,35108,12358,16913,4555,1933,668,906,1853,1744,1625,1902,2412,2687,1892,540,981,872,870,874,773,852,942,960,1114,1298,1387,1300,1137,755,391,149,18846,1574,29
Guatemala,1981,34804,12148,16487,4339,1855,624,866,1857,1757,1593,1958,2405,2786,2008,574,986,871,860,897,770,823,960,998,1123,1282,1446,1340,1208,800,410,164,18342,1490,32
Guatemala,1982,42533,13170,19509,6339,2701,902,1062,2349,2142,1980,2539,2984,3423,2291,614,1237,1112,1043,1099,964,1016,1233,1306,1418,1566,1804,1619,1397,894,438,176,22210,1964,35
Guatemala,1983,34553,11638,15683,4045,1788,577,764,1798,1708,1469,2019,2454,3051,2384,811,953,845,798,910,740,729,951,1068,1184,1270,1587,1464,1381,1003,550,261,17471,1341,51
Guatemala,1984,34494,11289,15184,3895,1747,563,723,1783,1704,1455,2049,2509,3190,2586,937,939,844,782,922,746,709,941,1108,1233,1276,1649,1541,1467,1119,627,310,16931,1286,63
Guatemala,1985,34227,10919,14650,3731,1687,552,696,1768,1714,1471,2069,2582,3281,2703,986,920,848,783,931,762,709,927,1142,1284,1298,1684,1597,1513,1190,660,326,16337,1248,70
Guatemala,1986,33985,10654,14202,3548,1607,544,677,1749,1736,1514,2077,2669,3333,2783,1020,896,853,799,937,790,724,907,1170,1337,1332,1698,1635,1539,1244,687,333,15809,1221,76
Guatemala,1987,33867,10499,13894,3395,1517,537,668,1722,1755,1575,2067,2775,3368,2851,1055,865,857,818,937,823,752,882,1185,1393,1382,1704,1664,1561,1290,716,339,15411,1205,80
Guatemala,1988,33745,10335,13559,3224,1414,531,666,1691,1782,1654,2046,2892,3399,2927,1098,833,858,844,938,865,789,860,1186,1449,1443,1706,1693,1592,1335,749,349,14973,1197,85
Guatemala,1989,33759,10140,13232,3092,1318,524,675,1670,1818,1745,2032,3027,3443,3030,1156,810,860,872,946,911,834,853,1179,1506,1521,1718,1725,1643,1387,791,365,14550,1199,89
Guatemala,1990,34077,9893,12924,3031,1255,532,699,1673,1884,1851,2043,3179,3537,3180,1223,804,869,911,973,960,891,869,1174,1564,1615,1758,1779,1727,1453,839,384,14179,1231,94
Guatemala,1991,34019,9584,12434,2850,1148,515,707,1650,1923,1928,2035,3294,3635,3357,1291,792,858,928,995,992,936,888,1147,1596,1698,1802,1833,1828,1529,888,403,13582,1222,99
Guatemala,1992,34308,9366,12103,2737,1086,510,727,1645,1968,2003,2041,3406,3784,3564,1367,794,851,945,1023,1018,985,922,1119,1620,1786,1872,1912,1951,1613,940,427,13189,1237,104
Guatemala,1993,34533,9160,11792,2632,1035,503,741,1630,1985,2051,2046,3480,3948,3777,1431,795,835,946,1039,1027,1024,959,1087,1615,1865,1949,1999,2079,1698,983,448,12827,1244,109
Guatemala,1994,34503,8956,11454,2498,972,483,742,1600,1970,2071,2052,3487,4098,3975,1483,790,810,931,1039,1023,1048,993,1059,1572,1915,2015,2083,2197,1778,1017,466,12426,1225,114
Guatemala,1995,33915,8738,11134,2396,927,470,742,1581,1936,2065,2066,3436,4204,3950,1300,791,790,910,1026,1013,1052,1023,1043,1507,1929,2059,2145,2226,1724,910,390,12061,1212,102
Guatemala,1996,33082,8475,10760,2285,876,451,731,1547,1863,2021,2074,3322,4285,3914,1150,781,766,871,992,989,1032,1042,1032,1420,1902,2079,2206,2239,1675,821,329,11636,1182,89
Guatemala,1997,32264,8233,10419,2186,829,436,718,1514,1782,1968,2092,3173,4363,3865,1027,771,743,830,952,963,1005,1058,1034,1323,1850,2092,2271,2240,1625,747,280,11248,1154,74
Guatemala,1998,31816,8048,10195,2147,835,449,721,1517,1727,1936,2139,3039,4456,3809,928,777,740,802,925,950,986,1085,1054,1248,1791,2109,2347,2234,1575,690,238,11030,1170,62
Guatemala,1999,30844,7736,9739,2003,753,411,696,1480,1642,1883,2170,2904,4532,3729,848,761,719,759,883,927,956,1095,1075,1190,1714,2118,2414,2211,1518,643,205,10492,1107,51
Guatemala,2000,30424,7531,9450,1919,724,404,694,1482,1604,1884,2234,2848,4627,3642,788,764,718,740,864,929,955,1113,1121,1184,1664,2145,2482,2187,1455,609,179,10174,1098,42
Guatemala,2001,30206,7340,9171,1831,697,399,695,1491,1587,1917,2323,2855,4730,3562,746,770,721,728,859,946,971,1135,1188,1220,1635,2184,2546,2167,1395,585,161,9868,1094,35
Guatemala,2002,30078,7042,8784,1742,672,398,705,1514,1592,1970,2432,2898,4835,3519,725,782,732,731,861,972,998,1161,1271,1285,1613,2220,2615,2168,1351,574,151,9456,1103,31
Guatemala,2003,30050,6736,8395,1659,644,390,712,1532,1599,2031,2549,2976,4930,3534,728,790,742,736,863,1000,1031,1185,1364,1376,1600,2240,2690,2197,1337,580,148,9039,1102,29
Guatemala,2004,30145,6446,8016,1570,617,385,719,1545,1608,2079,2667,3082,5011,3628,759,794,751,747,861,1015,1064,1213,1454,1472,1610,2238,2773,2267,1361,605,154,8633,1104,29
Guatemala,2005,31294,6243,7907,1664,749,465,773,1629,1686,2177,2828,3245,5126,3847,828,830,799,797,889,1049,1128,1284,1544,1587,1658,2243,2883,2402,1445,655,173,8656,1238,31
Guatemala,2006,30572,5885,7284,1399,565,378,721,1539,1593,2104,2842,3308,5122,4148,934,777,762,761,832,989,1115,1294,1548,1639,1669,2174,2948,2567,1581,733,201,7849,1099,36
Guatemala,2007,30963,5681,7000,1319,540,377,714,1521,1573,2085,2900,3424,5144,4567,1073,761,760,764,809,955,1130,1335,1565,1707,1717,2111,3033,2792,1775,835,238,7540,1091,42
Guatemala,2008,31414,5437,6690,1253,518,379,708,1507,1559,2058,2953,3560,5155,5045,1236,748,759,767,792,918,1140,1378,1575,1780,1780,2059,3096,3042,2003,954,282,7208,1087,49
Guatemala,2009,31863,5229,6406,1177,487,374,700,1485,1545,2029,3008,3702,5155,5509,1401,735,750,767,778,885,1144,1416,1592,1851,1851,2034,3121,3272,2237,1075,326,6893,1074,57
Guatemala,2010,32447,5046,6173,1127,476,385,709,1477,1557,2021,3100,3870,5179,5884,1549,733,744,774,783,872,1149,1458,1642,1928,1942,2054,3125,3446,2438,1183,366,6649,1094,66
Guatemala,2011,32833,4882,5944,1062,436,373,714,1456,1561,2012,3207,4056,5199,6129,1673,728,728,774,787,867,1145,1492,1715,2007,2049,2110,3089,3542,2587,1274,399,6380,1087,73
Guatemala,2012,33272,4723,5724,1001,413,373,732,1447,1585,2026,3337,4269,5224,6280,1784,729,718,779,806,880,1146,1529,1808,2092,2177,2199,3025,3577,2703,1357,427,6137,1105,81
Guatemala,2013,33692,4527,5478,951,394,368,746,1440,1610,2052,3470,4499,5281,6365,1898,732,708,782,828,904,1148,1563,1907,2175,2324,2317,2964,3559,2806,1441,457,5872,1114,89
Guatemala,2014,34225,4383,5290,907,387,366,756,1440,1634,2092,3600,4738,5385,6414,2025,738,702,782,852,935,1157,1599,2001,2264,2474,2447,2938,3512,2902,1533,492,5677,1122,99
Guatemala,2015,35042,4268,5154,886,408,381,774,1470,1669,2164,3719,4984,5547,6479,2181,759,711,786,883,979,1185,1638,2081,2368,2616,2586,2961,3474,3005,1644,537,5562,1155,112
Guatemala,2016,35521,4134,4965,831,394,357,747,1445,1654,2208,3784,5180,5738,6550,2372,749,696,764,890,1002,1206,1658,2126,2456,2724,2721,3017,3435,3115,1774,598,5359,1104,129
Guatemala,2017,36179,3955,4757,802,403,350,731,1448,1668,2282,3853,5366,5999,6595,2582,752,696,761,907,1040,1242,1677,2176,2548,2818,2883,3116,3385,3210,1916,666,5160,1081,147
Guatemala,2018,37008,3756,4543,787,427,366,734,1474,1728,2382,3950,5544,6337,6580,2777,759,715,788,940,1097,1285,1695,2255,2652,2892,3093,3244,3329,3251,2044,733,4970,1100,166
Guatemala,2019,37264,3509,4236,727,390,335,697,1420,1760,2450,4039,5672,6705,6463,2908,712,708,809,951,1148,1302,1678,2361,2741,2931,3332,3373,3260,3203,2120,788,4626,1032,184
Guatemala,2020,38709,3282,3969,687,262,318,570,1385,1724,2801,4598,6749,7320,6134,2703,708,677,752,972,1220,1581,1906,2692,3319,3430,3771,3549,3203,2931,1966,737,4231,888,175
Guatemala,2021,49390,3116,3762,646,267,344,643,1602,2336,3647,5817,8625,9387,8530,4135,773,829,1054,1282,1653,1994,2496,3321,4196,4429,4607,4780,4442,4088,2948,1187,4029,987,295
Guernsey,1950,272,9,11,2,0,0,0,0,4,10,19,42,76,84,22,0,0,0,4,5,5,8,11,17,25,34,42,47,37,17,5,11,0,0
Guernsey,1951,264,8,9,1,0,0,0,0,4,10,19,41,74,79,22,0,0,0,4,5,5,8,11,17,24,34,40,45,34,17,5,9,0,0
Guernsey,1952,391,5,6,1,0,0,0,0,3,12,26,53,102,135,52,0,0,0,3,5,7,10,16,23,30,44,58,69,66,38,14,6,0,0
Guernsey,1953,382,4,4,0,0,0,0,0,2,11,26,53,100,132,49,0,0,0,2,5,6,10,16,23,30,43,57,66,66,34,15,4,0,0
Guernsey,1954,381,4,4,0,0,0,0,0,2,11,26,55,101,129,47,0,0,0,2,5,6,10,16,23,32,43,58,65,64,33,14,4,0,1
Guernsey,1955,337,4,4,0,0,0,0,0,0,10,22,48,91,115,43,0,0,0,0,5,5,9,13,20,28,39,52,59,56,32,11,4,0,1
Guernsey,1956,356,4,4,0,0,0,0,0,0,10,24,52,97,118,45,0,0,0,0,5,5,10,14,21,31,41,56,63,55,34,11,4,0,2
Guernsey,1957,353,5,5,0,0,0,0,0,0,10,23,51,98,115,43,0,0,0,0,5,5,9,14,20,31,42,56,63,52,33,10,5,0,2
Guernsey,1958,327,5,5,0,0,0,0,0,0,9,20,47,90,107,39,0,0,0,0,4,5,8,12,18,29,39,51,60,47,30,9,5,0,2
Guernsey,1959,319,5,5,0,0,0,0,0,0,8,20,45,90,106,37,0,0,0,0,3,5,8,12,17,28,39,51,60,46,29,8,5,0,2
Guernsey,1960,292,5,5,0,0,0,0,0,0,7,17,42,84,99,32,0,0,0,0,2,5,6,11,16,26,36,48,55,44,23,9,5,0,2
Guernsey,1961,314,6,7,1,0,0,0,0,1,10,20,47,91,101,29,0,0,0,1,5,5,8,12,18,29,39,52,56,45,22,7,7,0,1
Guernsey,1962,307,6,6,0,0,0,0,0,1,10,20,43,90,101,28,0,0,0,1,5,5,8,12,17,26,39,51,57,44,21,7,6,0,1
Guernsey,1963,301,6,6,0,0,0,0,0,0,10,20,43,90,101,27,0,0,0,0,5,5,8,12,17,26,39,51,57,44,20,7,6,0,1
Guernsey,1964,280,5,5,0,0,0,0,0,0,9,17,40,81,96,26,0,0,0,0,4,5,7,10,16,24,35,46,54,42,20,6,5,0,1
Guernsey,1965,283,5,5,0,0,0,0,0,0,8,17,40,82,98,26,0,0,0,0,3,5,7,10,16,24,36,46,55,43,20,6,5,0,1
Guernsey,1966,294,5,5,0,0,0,0,0,0,9,18,42,85,102,26,0,0,0,0,4,5,7,11,17,25,36,49,57,45,20,6,5,0,1
Guernsey,1967,273,5,5,0,0,0,0,0,0,7,16,37,78,98,27,0,0,0,0,2,5,6,10,15,22,34,44,54,44,22,5,5,0,1
Guernsey,1968,327,6,6,0,0,0,0,0,0,10,19,46,93,113,31,0,0,0,0,5,5,7,12,18,28,39,54,63,50,25,6,6,0,1
Guernsey,1969,326,6,6,0,0,0,0,0,0,9,19,46,90,114,32,0,0,0,0,4,5,7,12,18,28,39,51,61,53,25,7,6,0,1
Guernsey,1970,314,5,5,0,0,0,0,0,0,8,17,45,86,112,33,0,0,0,0,3,5,6,11,17,28,37,49,59,53,26,7,5,0,1
Guernsey,1971,325,5,5,0,0,0,0,0,0,8,18,46,87,113,38,0,0,0,0,3,5,6,12,17,29,38,49,59,54,30,8,5,0,1
Guernsey,1972,303,5,5,0,0,0,0,0,0,7,15,42,82,106,39,0,0,0,0,2,5,5,10,16,26,36,46,55,51,30,9,5,0,1
Guernsey,1973,307,5,5,0,0,0,0,0,0,7,14,42,85,107,39,0,0,0,0,2,5,5,9,16,26,38,47,56,51,30,9,5,0,1
Guernsey,1974,312,5,5,0,0,0,0,0,0,7,13,41,87,110,39,0,0,0,0,2,5,5,8,16,25,39,48,59,51,30,9,5,0,1
Guernsey,1975,319,5,5,0,0,0,0,0,0,7,12,42,90,113,39,0,0,0,0,2,5,5,7,17,25,41,49,60,53,30,9,5,0,1
Guernsey,1976,309,5,5,0,0,0,0,0,0,6,11,40,86,111,39,0,0,0,0,1,5,5,6,16,24,38,48,59,52,30,9,5,0,1
Guernsey,1977,309,4,4,0,0,0,0,0,0,6,11,38,87,111,39,0,0,0,0,1,5,5,6,14,24,38,49,58,53,30,9,4,0,1
Guernsey,1978,293,4,4,0,0,0,0,0,0,5,10,34,83,108,39,0,0,0,0,0,5,5,5,12,22,35,48,56,52,30,9,4,0,1
Guernsey,1979,310,4,4,0,0,0,0,0,0,6,15,35,87,111,42,0,0,0,0,1,5,5,10,12,23,36,51,57,54,31,11,4,0,1
Guernsey,1980,299,4,4,0,0,0,0,0,0,5,14,32,84,108,43,0,0,0,0,0,5,5,9,11,21,34,50,55,53,32,11,4,0,1
Guernsey,1981,308,4,4,0,0,0,0,0,0,6,14,32,85,109,48,0,0,0,0,1,5,5,9,11,21,34,51,55,54,35,13,4,0,2
Guernsey,1982,316,4,4,0,0,0,0,0,0,6,14,34,87,114,47,0,0,0,0,1,5,5,9,13,21,34,53,60,54,35,12,4,0,2
Guernsey,1983,321,4,4,0,0,0,0,0,0,6,14,35,90,117,47,0,0,0,0,1,5,5,9,13,22,36,54,63,54,35,12,4,0,2
Guernsey,1984,292,3,3,0,0,0,0,0,0,5,12,30,78,109,46,0,0,0,0,0,5,5,7,11,19,32,46,60,49,34,12,3,0,2
Guernsey,1985,312,4,4,0,0,0,0,0,0,5,13,31,83,120,47,0,0,0,0,0,5,5,8,12,19,35,48,67,53,35,12,4,0,2
Guernsey,1986,304,3,3,0,0,0,0,0,0,5,13,31,81,121,45,0,0,0,0,0,5,5,8,12,19,34,47,66,55,33,12,3,0,1
Guernsey,1987,279,3,3,0,0,0,0,0,0,3,11,28,72,111,43,0,0,0,0,0,3,5,6,11,17,29,43,59,52,31,12,3,0,1
Guernsey,1988,286,3,3,0,0,0,0,0,0,3,11,28,74,114,43,0,0,0,0,0,3,5,6,11,17,29,45,59,55,31,12,3,0,2
Guernsey,1989,281,3,3,0,0,0,0,0,0,3,10,27,71,114,43,0,0,0,0,0,3,5,5,10,17,27,44,57,57,31,12,3,0,2
Guernsey,1990,286,3,3,0,0,0,0,0,0,3,10,27,71,117,44,0,0,0,0,0,3,5,5,10,17,27,44,57,60,32,12,3,0,2
Guernsey,1991,334,4,4,0,0,0,0,0,0,9,12,32,82,137,51,0,0,0,0,4,5,5,7,12,20,31,51,66,71,38,13,4,0,2
Guernsey,1992,276,3,3,0,0,0,0,0,0,6,10,24,65,115,48,0,0,0,0,1,5,5,5,9,15,25,40,56,59,36,12,3,0,2
Guernsey,1993,317,4,4,0,0,0,0,0,0,7,10,29,74,128,55,0,0,0,0,2,5,5,5,11,18,29,45,64,64,42,13,4,0,2
Guernsey,1994,291,3,3,0,0,0,0,0,0,6,10,24,67,118,55,0,0,0,0,1,5,5,5,9,15,26,41,59,59,43,12,3,0,2
Guernsey,1995,297,3,3,0,0,0,0,0,0,6,10,24,65,120,60,0,0,0,0,1,5,5,5,9,15,26,39,60,60,45,15,3,0,2
Guernsey,1996,295,3,3,0,0,0,0,0,0,5,10,24,65,119,62,0,0,0,0,0,5,5,5,9,15,26,39,59,60,45,17,3,0,2
Guernsey,1997,307,3,3,0,0,0,0,0,0,5,10,25,68,121,67,0,0,0,0,0,5,5,5,10,15,27,41,59,62,47,20,3,0,3
Guernsey,1998,279,3,3,0,0,0,0,0,0,4,10,21,61,107,64,0,0,0,0,0,4,5,5,8,13,24,37,51,56,44,20,3,0,3
Guernsey,1999,273,3,3,0,0,0,0,0,0,3,10,21,61,105,63,0,0,0,0,0,3,5,5,8,13,23,38,49,56,43,20,3,0,3
Guernsey,2000,274,3,3,0,0,0,0,0,0,3,10,21,59,105,62,0,0,0,0,0,3,5,5,8,13,22,37,49,56,42,20,3,0,4
Guernsey,2001,272,2,2,0,0,0,0,0,0,3,10,20,59,104,61,0,0,0,0,0,3,5,5,8,12,22,37,49,55,40,21,2,0,5
Guernsey,2002,274,2,2,0,0,0,0,0,0,3,10,20,60,105,61,0,0,0,0,0,3,5,5,8,12,23,37,51,54,40,21,2,0,6
Guernsey,2003,282,2,2,0,0,0,0,0,0,5,10,20,60,108,66,0,0,0,0,0,5,5,5,7,13,23,37,55,53,45,21,2,0,6
Guernsey,2004,269,2,2,0,0,0,0,0,0,4,10,18,56,103,63,0,0,0,0,0,4,5,5,6,12,21,35,51,52,42,21,2,0,6
Guernsey,2005,266,2,2,0,0,0,0,0,0,4,10,18,55,101,64,0,0,0,0,0,4,5,5,6,12,21,34,51,50,44,20,2,0,6
Guernsey,2006,248,2,2,0,0,0,0,0,0,2,10,16,50,96,62,0,0,0,0,0,2,5,5,5,11,19,31,46,50,42,20,2,0,6
Guernsey,2007,257,2,2,0,0,0,0,0,0,3,10,19,51,99,62,0,0,0,0,0,3,5,5,7,12,18,33,47,52,42,20,2,0,6
Guernsey,2008,239,2,2,0,0,0,0,0,0,1,10,15,46,93,59,0,0,0,0,0,1,5,5,5,10,17,29,44,49,39,20,2,0,6
Guernsey,2009,259,2,2,0,0,0,0,0,0,3,10,20,49,100,65,0,0,0,0,0,3,5,5,9,11,18,31,47,53,41,24,2,0,7
Guernsey,2010,256,2,2,0,0,0,0,0,0,3,10,18,49,98,68,0,0,0,0,0,3,5,5,8,10,18,31,47,51,43,25,2,0,7
Guernsey,2011,249,2,2,0,0,0,0,0,0,2,10,17,47,96,66,0,0,0,0,0,2,5,5,7,10,18,29,45,51,41,25,2,0,7
Guernsey,2012,267,2,2,0,0,0,0,0,0,3,10,20,49,103,69,0,0,0,0,0,3,5,5,8,12,19,30,48,55,44,25,2,0,8
Guernsey,2013,270,2,2,0,0,0,0,0,0,3,10,21,48,105,70,0,0,0,0,0,3,5,5,7,14,18,30,49,56,44,26,2,0,9
Guernsey,2014,261,2,2,0,0,0,0,0,0,2,10,20,46,102,67,0,0,0,0,0,2,5,5,7,13,17,29,46,56,42,25,2,0,9
Guernsey,2015,276,2,2,0,0,0,0,0,0,3,10,22,50,108,69,0,0,0,0,0,3,5,5,8,14,18,32,48,60,44,25,2,0,10
Guernsey,2016,272,2,2,0,0,0,0,0,0,3,10,21,50,103,71,0,0,0,0,0,3,5,5,7,14,20,30,45,58,46,25,2,0,10
Guernsey,2017,297,2,2,0,0,0,0,0,0,3,10,21,55,114,79,0,0,0,0,0,3,5,5,7,14,24,31,50,64,53,26,2,0,10
Guernsey,2018,286,2,2,0,0,0,0,0,0,3,10,21,55,106,76,0,0,0,0,0,3,5,5,7,14,24,31,48,58,51,25,2,0,10
Guernsey,2019,270,2,2,0,0,0,0,0,0,2,10,18,52,99,68,0,0,0,0,0,2,5,5,6,12,23,29,46,53,44,24,2,0,10
Guernsey,2020,252,2,2,0,0,0,0,0,0,2,10,19,54,90,62,0,0,0,0,0,2,5,5,7,12,25,29,44,46,38,24,2,0,10
Guernsey,2021,245,2,2,0,0,0,0,0,0,2,10,19,53,87,56,0,0,0,0,0,2,5,5,7,12,23,30,42,45,33,23,2,0,10
Guinea,1950,39978,12326,21221,8895,2025,975,911,1939,2000,1765,1880,2947,3200,1086,26,950,989,1005,995,917,848,877,1003,1264,1683,1779,1421,887,199,26,0,23246,1886,0
Guinea,1951,41307,13141,22139,8998,2068,990,928,1973,2046,1806,1914,2931,3293,1189,27,965,1008,1026,1020,940,866,896,1018,1256,1675,1821,1472,927,262,26,1,24207,1918,0
Guinea,1952,42128,13371,22788,9417,2067,994,930,1984,2063,1831,1930,2883,3361,1270,30,970,1014,1034,1029,956,875,907,1023,1247,1636,1845,1516,949,321,27,3,24855,1924,0
Guinea,1953,42872,13593,23308,9715,2069,1004,938,2002,2085,1862,1956,2839,3430,1342,34,977,1025,1045,1040,976,886,921,1035,1244,1595,1868,1562,971,371,31,3,25377,1942,0
Guinea,1954,43651,13822,23852,10030,2046,1019,947,2024,2116,1902,1985,2817,3490,1407,50,987,1037,1061,1055,998,904,938,1047,1253,1564,1882,1608,999,408,46,4,25898,1966,0
Guinea,1955,44441,14039,24263,10224,2076,1042,965,2060,2161,1950,2030,2813,3539,1469,68,1005,1055,1082,1079,1025,925,961,1069,1264,1549,1890,1649,1035,434,65,3,26339,2007,0
Guinea,1956,45144,14245,24627,10382,2145,1059,977,2086,2196,1993,2066,2818,3561,1525,89,1017,1069,1099,1097,1046,947,978,1088,1281,1537,1876,1685,1073,452,86,3,26772,2036,0
Guinea,1957,45815,14450,24961,10511,2209,1074,991,2117,2233,2037,2106,2835,3566,1578,107,1032,1085,1117,1116,1066,971,996,1110,1299,1536,1845,1721,1112,466,103,4,27170,2065,0
Guinea,1958,46164,14650,25301,10651,2224,1065,987,2110,2230,2047,2120,2823,3518,1615,121,1030,1080,1114,1116,1066,981,1001,1119,1299,1524,1786,1732,1141,474,116,5,27525,2052,0
Guinea,1959,46833,14831,25590,10759,2302,1067,1008,2146,2271,2096,2170,2865,3512,1669,133,1047,1099,1134,1137,1087,1009,1025,1145,1326,1539,1760,1752,1179,490,126,7,27892,2075,0
Guinea,1960,47191,15013,25877,10864,2327,1058,1012,2144,2277,2113,2192,2873,3465,1704,143,1046,1098,1135,1142,1094,1019,1036,1156,1334,1539,1725,1740,1198,506,133,10,28204,2070,0
Guinea,1961,47746,15203,26163,10960,2365,1077,1028,2167,2305,2150,2236,2914,3437,1750,152,1057,1110,1148,1157,1112,1038,1059,1177,1358,1556,1711,1726,1224,526,138,14,28528,2105,0
Guinea,1962,48277,15377,26437,11060,2402,1100,1040,2190,2331,2183,2275,2956,3405,1797,158,1069,1121,1160,1171,1127,1056,1082,1193,1381,1575,1709,1696,1251,546,143,15,28839,2140,0
Guinea,1963,48569,15539,26705,11166,2402,1111,1033,2188,2324,2189,2299,2975,3348,1829,165,1068,1120,1155,1169,1130,1059,1096,1203,1395,1580,1700,1648,1266,563,147,18,29107,2144,0
Guinea,1964,49151,15693,26944,11251,2452,1152,1035,2222,2360,2229,2353,3032,3343,1862,172,1086,1136,1172,1188,1150,1079,1125,1228,1425,1607,1716,1627,1280,582,152,20,29396,2187,1
Guinea,1965,49520,15850,27191,11341,2465,1173,1027,2231,2365,2243,2385,3065,3325,1872,180,1095,1136,1174,1191,1156,1087,1142,1243,1441,1624,1723,1602,1276,596,159,21,29656,2200,1
Guinea,1966,50093,16010,27431,11421,2514,1192,1046,2264,2394,2277,2435,3127,3341,1881,188,1113,1151,1188,1206,1173,1104,1164,1271,1471,1656,1746,1595,1269,612,166,22,29945,2238,1
Guinea,1967,50420,16170,27671,11501,2522,1197,1055,2266,2393,2289,2463,3159,3343,1868,195,1114,1152,1187,1206,1178,1111,1175,1288,1484,1675,1756,1587,1243,625,173,22,30193,2252,1
Guinea,1968,50459,16341,27840,11499,2500,1190,1057,2238,2367,2272,2467,3162,3327,1837,201,1098,1140,1176,1191,1168,1104,1171,1296,1483,1679,1754,1573,1206,631,178,23,30340,2247,1
Guinea,1969,51148,16526,28116,11590,2553,1213,1098,2261,2399,2312,2522,3235,3387,1838,209,1099,1162,1192,1207,1187,1125,1192,1330,1515,1720,1791,1596,1196,642,186,23,30669,2311,2
Guinea,1970,51626,16735,28413,11678,2572,1223,1121,2263,2405,2326,2554,3281,3420,1828,216,1094,1169,1194,1211,1192,1134,1203,1351,1536,1745,1814,1606,1186,642,191,25,30985,2344,2
Guinea,1971,52100,16918,28660,11742,2598,1236,1132,2283,2411,2341,2589,3336,3472,1824,220,1104,1179,1196,1215,1198,1143,1217,1372,1564,1772,1844,1628,1184,640,195,25,31258,2368,1
Guinea,1972,52373,17077,28902,11825,2593,1237,1131,2275,2394,2333,2597,3369,3505,1809,225,1105,1170,1187,1207,1191,1142,1221,1376,1583,1786,1865,1640,1180,629,200,25,31495,2368,1
Guinea,1973,53146,17208,29221,12013,2641,1262,1153,2306,2420,2365,2651,3461,3598,1830,232,1130,1176,1200,1220,1206,1159,1245,1406,1632,1829,1919,1679,1203,627,206,26,31862,2415,1
Guinea,1974,53614,17311,29353,12042,2688,1281,1169,2329,2436,2388,2688,3533,3672,1839,234,1164,1165,1209,1227,1216,1172,1262,1426,1670,1863,1960,1712,1217,622,208,26,32041,2450,1
Guinea,1975,53628,17383,29449,12066,2668,1276,1163,2305,2399,2363,2684,3553,3699,1834,233,1171,1134,1194,1205,1201,1162,1259,1425,1678,1875,1973,1726,1221,613,207,26,32117,2439,1
Guinea,1976,53800,17435,29463,12028,2686,1282,1170,2305,2392,2360,2699,3605,3754,1851,230,1172,1133,1193,1199,1198,1162,1264,1435,1700,1905,2001,1753,1238,613,204,26,32149,2452,0
Guinea,1977,53858,17481,29446,11965,2690,1283,1173,2300,2365,2348,2705,3647,3807,1869,224,1170,1130,1178,1187,1190,1158,1265,1440,1711,1936,2024,1783,1254,615,201,23,32136,2456,0
Guinea,1978,53882,17548,29449,11901,2667,1280,1173,2294,2326,2327,2704,3682,3859,1897,223,1166,1128,1154,1172,1178,1149,1263,1441,1717,1965,2045,1814,1274,623,199,24,32116,2453,1
Guinea,1979,54021,17675,29518,11843,2649,1279,1173,2309,2279,2308,2705,3721,3921,1932,221,1167,1142,1119,1160,1167,1141,1262,1443,1725,1996,2073,1848,1299,633,198,23,32167,2452,1
Guinea,1980,54155,17736,29542,11806,2636,1279,1176,2324,2247,2292,2709,3759,3991,1973,225,1171,1153,1095,1152,1156,1136,1261,1448,1735,2024,2108,1883,1327,646,200,25,32178,2455,0
Guinea,1981,54447,17782,29574,11792,2645,1288,1187,2341,2245,2291,2726,3813,4079,2025,228,1184,1157,1095,1150,1155,1136,1268,1458,1754,2059,2154,1925,1363,662,203,25,32219,2475,0
Guinea,1982,54746,17917,29686,11769,2640,1291,1193,2355,2238,2281,2730,3851,4164,2080,235,1194,1161,1098,1140,1149,1132,1268,1462,1768,2083,2202,1962,1399,681,209,26,32326,2484,0
Guinea,1983,55116,18077,29873,11796,2621,1297,1199,2370,2229,2273,2738,3890,4251,2137,240,1202,1168,1105,1124,1142,1131,1270,1468,1783,2107,2252,1999,1438,699,214,26,32494,2496,1
Guinea,1984,55566,18219,30013,11794,2641,1300,1204,2392,2231,2273,2752,3942,4358,2207,250,1215,1177,1129,1102,1143,1130,1274,1478,1804,2138,2309,2049,1483,724,221,29,32654,2504,1
Guinea,1985,55795,18391,30185,11794,2605,1284,1199,2388,2211,2251,2741,3963,4438,2266,262,1212,1176,1137,1074,1134,1117,1267,1474,1809,2154,2346,2092,1519,747,230,32,32790,2483,1
Guinea,1986,56685,18600,30405,11805,2683,1315,1232,2463,2265,2287,2784,4049,4578,2347,272,1248,1215,1167,1098,1154,1133,1285,1499,1846,2203,2415,2163,1571,776,240,32,33088,2547,1
Guinea,1987,57257,18845,30573,11728,2731,1331,1249,2510,2297,2295,2799,4094,4676,2410,286,1271,1239,1185,1112,1159,1136,1291,1508,1863,2231,2454,2222,1609,801,250,36,33304,2580,1
Guinea,1988,58724,19036,30867,11831,2892,1394,1310,2641,2417,2364,2886,4244,4880,2525,306,1335,1306,1246,1171,1190,1174,1331,1555,1929,2315,2549,2331,1681,844,266,40,33759,2704,2
Guinea,1989,59865,19155,30976,11821,3047,1456,1366,2761,2543,2409,2956,4359,5049,2621,317,1393,1368,1305,1238,1203,1206,1363,1593,1977,2382,2627,2422,1742,879,276,41,34023,2822,2
Guinea,1990,61169,19213,30976,11763,3267,1540,1441,2914,2703,2485,3043,4505,5235,2725,334,1468,1446,1379,1324,1234,1251,1402,1641,2042,2463,2718,2517,1812,913,288,46,34243,2981,3
Guinea,1991,62229,19601,31452,11851,3292,1554,1456,2964,2750,2518,3079,4590,5386,2835,350,1491,1473,1408,1342,1250,1268,1417,1662,2074,2516,2787,2599,1885,950,302,48,34744,3010,3
Guinea,1992,62227,19817,31607,11790,3201,1518,1427,2929,2718,2487,3051,4576,5437,2904,362,1470,1459,1394,1324,1240,1247,1404,1647,2062,2514,2804,2633,1931,973,313,49,34808,2945,4
Guinea,1993,62285,19676,31329,11653,3213,1521,1431,2948,2747,2501,3060,4616,5534,3002,378,1478,1470,1411,1336,1259,1242,1407,1653,2074,2542,2849,2685,1997,1005,326,52,34542,2952,4
Guinea,1994,63463,19536,31101,11565,3420,1607,1508,3106,2904,2609,3164,4764,5740,3140,397,1557,1549,1494,1410,1342,1267,1458,1706,2138,2626,2953,2787,2089,1051,343,54,34521,3115,4
Guinea,1995,63098,19128,30358,11230,3465,1619,1521,3130,2941,2628,3179,4795,5824,3225,409,1567,1563,1512,1429,1375,1253,1469,1710,2148,2647,2990,2834,2143,1082,353,56,33823,3140,4
Guinea,1996,63054,18887,29732,10845,3543,1641,1544,3173,3000,2665,3205,4853,5941,3329,427,1586,1587,1541,1459,1397,1268,1483,1722,2169,2684,3044,2897,2206,1123,367,60,33275,3185,4
Guinea,1997,62259,18617,29108,10491,3467,1613,1521,3128,2971,2650,3166,4824,5971,3391,437,1561,1567,1523,1448,1388,1262,1464,1702,2153,2671,3050,2921,2239,1152,376,61,32575,3134,5
Guinea,1998,61690,17974,28089,10115,3560,1654,1545,3127,2995,2688,3178,4873,6077,3474,423,1563,1564,1529,1466,1405,1283,1465,1713,2173,2700,3096,2981,2287,1187,377,46,31649,3199,3
Guinea,1999,61861,17454,27142,9688,3737,1733,1613,3236,3109,2811,3226,4979,6238,3591,443,1620,1616,1582,1527,1460,1351,1472,1754,2219,2760,3173,3065,2357,1234,392,51,30879,3346,2
Guinea,2000,62497,16990,26233,9243,4009,1851,1713,3392,3266,2964,3316,5123,6441,3720,458,1705,1687,1659,1607,1535,1429,1501,1815,2281,2842,3272,3169,2438,1282,406,52,30242,3564,2
Guinea,2001,62442,16444,25252,8808,4162,1927,1777,3470,3345,3052,3384,5207,6575,3817,466,1752,1718,1693,1652,1584,1468,1532,1852,2317,2890,3336,3239,2499,1318,417,49,29414,3704,1
Guinea,2002,61470,15813,24150,8337,4200,1961,1800,3428,3309,3059,3384,5221,6632,3869,454,1741,1687,1669,1640,1587,1472,1537,1847,2319,2902,3357,3275,2534,1335,415,39,28350,3761,1
Guinea,2003,61247,15403,23349,7946,4240,2003,1853,3491,3346,3117,3420,5268,6717,3955,484,1783,1708,1685,1661,1618,1499,1570,1850,2338,2930,3392,3325,2587,1368,437,47,27589,3856,1
Guinea,2004,60824,15143,22747,7604,4192,2009,1884,3517,3339,3141,3430,5273,6762,4023,508,1805,1712,1680,1659,1630,1511,1613,1817,2340,2933,3407,3355,2626,1397,454,54,26939,3893,1
Guinea,2005,60238,14972,22285,7313,4092,1987,1889,3506,3288,3138,3419,5255,6776,4078,523,1807,1699,1651,1637,1623,1515,1639,1780,2337,2918,3405,3371,2657,1421,467,56,26377,3876,1
Guinea,2006,59790,14826,21896,7070,4017,1977,1904,3509,3248,3140,3414,5235,6788,4126,535,1817,1692,1630,1618,1620,1520,1640,1774,2330,2905,3403,3385,2683,1443,476,59,25913,3881,1
Guinea,2007,59428,14765,21719,6954,3869,1939,1899,3507,3187,3125,3415,5204,6811,4195,555,1822,1685,1599,1588,1604,1521,1642,1773,2311,2893,3407,3404,2720,1475,492,63,25588,3838,1
Guinea,2008,59142,14739,21548,6809,3743,1898,1896,3517,3142,3114,3429,5175,6834,4268,577,1834,1683,1577,1565,1593,1521,1646,1783,2288,2887,3410,3424,2759,1509,510,67,25291,3794,1
Guinea,2009,59723,14784,21527,6743,3759,1909,1938,3618,3181,3162,3531,5192,6930,4370,605,1891,1727,1602,1579,1612,1550,1681,1850,2271,2921,3453,3477,2817,1553,530,75,25286,3847,1
Guinea,2010,59530,14729,21398,6669,3657,1872,1928,3645,3150,3151,3571,5157,6946,4445,605,1908,1737,1593,1557,1599,1552,1690,1881,2230,2927,3449,3497,2856,1589,525,80,25055,3800,2
Guinea,2011,59998,14657,21285,6628,3679,1878,1958,3749,3192,3193,3636,5215,7035,4545,637,1962,1787,1624,1568,1617,1576,1725,1911,2254,2961,3486,3549,2914,1631,552,85,24964,3836,2
Guinea,2012,59521,14599,21183,6584,3533,1808,1912,3734,3138,3144,3625,5168,7016,4592,663,1951,1783,1605,1533,1585,1559,1724,1901,2240,2928,3465,3551,2936,1656,572,91,24716,3720,3
Guinea,2013,59975,14572,21083,6511,3558,1801,1926,3830,3186,3175,3690,5225,7107,4693,696,1995,1835,1640,1546,1598,1577,1756,1934,2289,2936,3503,3604,2994,1699,599,97,24641,3727,2
Guinea,2014,60605,14649,21250,6601,3537,1799,1932,3921,3230,3199,3751,5266,7191,4794,724,2033,1888,1673,1557,1608,1591,1788,1963,2363,2903,3539,3652,3051,1743,620,104,24787,3731,3
Guinea,2015,61803,14766,21318,6552,3656,1842,1983,4089,3364,3278,3867,5382,7343,4919,759,2108,1981,1751,1613,1646,1632,1841,2026,2464,2918,3622,3721,3124,1795,646,113,24974,3825,4
Guinea,2016,61998,14683,21028,6345,3662,1824,1973,4146,3424,3292,3928,5460,7439,5026,790,2123,2023,1789,1635,1652,1640,1865,2063,2505,2955,3672,3767,3184,1842,668,122,24690,3797,5
Guinea,2017,61694,14534,20839,6305,3539,1780,1922,4130,3431,3263,3939,5481,7451,5097,816,2099,2031,1800,1631,1635,1628,1865,2074,2515,2966,3666,3785,3220,1877,687,129,24378,3702,6
Guinea,2018,62595,14347,20570,6223,3632,1833,1961,4280,3595,3349,4054,5653,7579,5230,851,2159,2121,1893,1702,1681,1668,1913,2141,2589,3064,3714,3865,3299,1931,712,139,24202,3794,8
Guinea,2019,62291,14194,20302,6108,3512,1800,1918,4250,3618,3332,4065,5755,7550,5301,878,2128,2122,1910,1708,1676,1656,1913,2152,2609,3146,3654,3896,3334,1967,732,146,23814,3718,9
Guinea,2020,64815,14033,19973,5940,3536,1815,1881,4165,3689,3512,4562,6690,8317,5721,943,2075,2090,1930,1759,1751,1761,2114,2448,3013,3677,4075,4242,3584,2137,786,157,23509,3696,11
Guinea,2021,67281,13817,19576,5759,3479,1805,1932,4363,3966,3766,4972,7360,8906,6135,1004,2159,2204,2065,1901,1876,1890,2280,2692,3368,3992,4347,4559,3830,2305,838,166,23055,3737,13
Guinea-Bissau,1950,7212,2200,4014,1814,408,183,166,397,393,306,303,427,444,151,14,189,208,201,192,171,135,150,153,197,230,242,202,102,49,13,1,4422,349,0
Guinea-Bissau,1951,7295,2218,4038,1820,417,185,167,398,397,316,310,432,456,162,16,190,208,203,194,176,140,153,157,198,234,247,209,111,51,15,1,4455,352,0
Guinea-Bissau,1952,7319,2215,4025,1810,415,184,166,402,397,320,312,436,467,177,19,194,208,203,194,177,143,150,162,199,237,252,215,124,53,17,2,4440,350,0
Guinea-Bissau,1953,7326,2211,4010,1799,411,184,165,404,391,323,311,438,477,191,23,195,209,202,189,177,146,145,166,198,240,257,220,136,55,21,2,4421,349,0
Guinea-Bissau,1954,7341,2208,3996,1788,406,184,164,408,391,326,311,440,487,204,24,199,209,203,188,176,150,141,170,198,242,261,226,145,59,22,2,4402,348,0
Guinea-Bissau,1955,7344,2206,3987,1781,399,185,163,409,385,324,309,442,496,219,27,199,210,200,185,174,150,139,170,198,244,265,231,153,66,24,3,4386,348,0
Guinea-Bissau,1956,7356,2205,3977,1772,395,185,162,414,383,323,307,447,506,233,30,201,213,201,182,171,152,139,168,202,245,270,236,160,73,26,4,4372,347,0
Guinea-Bissau,1957,7370,2205,3971,1766,391,184,161,417,383,319,303,453,515,245,30,201,216,201,182,168,151,140,163,208,245,274,241,166,79,26,4,4362,345,0
Guinea-Bissau,1958,7350,2207,3966,1759,386,181,159,416,376,310,297,454,518,254,30,198,218,199,177,162,148,143,154,212,242,275,243,168,86,26,4,4352,340,0
Guinea-Bissau,1959,7363,2209,3962,1753,383,178,159,420,377,304,296,459,527,264,33,198,222,200,177,158,146,145,151,216,243,279,248,173,91,28,5,4345,337,0
Guinea-Bissau,1960,7367,2212,3963,1751,382,173,161,420,377,295,293,462,532,273,37,197,223,201,176,154,141,146,147,216,246,280,252,177,96,31,6,4345,334,0
Guinea-Bissau,1961,7378,2214,3956,1742,378,171,159,422,380,292,294,465,540,280,40,197,225,204,176,153,139,147,147,215,250,283,257,181,99,34,6,4334,330,0
Guinea-Bissau,1962,7387,2202,3966,1764,389,174,157,409,383,295,300,462,536,276,39,189,220,206,177,155,140,149,151,207,255,280,256,180,96,33,6,4355,331,1
Guinea-Bissau,1963,7442,2181,3945,1764,400,178,159,407,406,319,318,465,538,273,36,188,219,216,190,169,150,158,160,201,264,279,259,180,93,31,5,4345,337,1
Guinea-Bissau,1964,7385,2145,3896,1751,408,182,156,389,409,322,323,461,536,270,35,180,209,217,192,172,150,158,165,195,266,278,258,179,91,31,4,4304,338,1
Guinea-Bissau,1965,7084,2012,3716,1704,411,187,148,341,385,312,318,448,528,262,26,159,182,200,185,166,146,154,164,187,261,275,253,176,86,25,1,4127,335,1
Guinea-Bissau,1966,6806,1870,3506,1636,414,190,147,304,368,309,319,438,527,258,24,144,160,187,181,164,145,154,165,184,254,277,250,174,84,23,1,3920,337,0
Guinea-Bissau,1967,6607,1785,3335,1550,415,195,149,285,357,310,320,429,532,258,23,140,145,176,181,164,146,154,166,185,244,283,249,175,83,22,1,3750,344,0
Guinea-Bissau,1968,6569,1782,3262,1480,414,202,155,286,354,316,325,429,538,263,25,144,142,171,183,168,148,155,170,193,236,290,248,177,86,24,1,3676,357,0
Guinea-Bissau,1969,6578,1811,3241,1430,411,204,164,292,347,324,327,427,543,267,27,150,142,164,183,171,153,156,171,200,227,294,249,179,88,25,2,3652,368,0
Guinea-Bissau,1970,6494,1780,3181,1401,402,208,169,280,331,325,329,427,548,269,27,147,133,152,179,172,153,157,172,204,223,295,253,181,88,25,2,3583,377,0
Guinea-Bissau,1971,6513,1792,3183,1391,387,212,175,290,323,332,334,429,548,271,28,155,135,146,177,176,156,160,174,207,222,290,258,181,90,26,2,3570,387,0
Guinea-Bissau,1972,6427,1759,3131,1372,371,214,179,281,298,333,336,437,546,268,26,154,127,131,167,176,157,161,175,211,226,280,266,179,89,25,1,3502,393,0
Guinea-Bissau,1973,6420,1763,3126,1363,358,214,185,291,283,336,338,447,538,273,28,162,129,124,159,177,159,164,174,213,234,267,271,180,93,26,2,3484,399,0
Guinea-Bissau,1974,6395,1790,3141,1351,349,213,186,293,263,318,333,455,534,276,33,165,128,118,145,165,153,160,173,213,242,258,276,182,94,29,4,3490,399,0
Guinea-Bissau,1975,6855,1993,3474,1481,359,210,195,340,275,316,327,464,560,298,37,188,152,130,145,163,153,158,169,212,252,272,288,196,102,33,4,3833,405,0
Guinea-Bissau,1976,7384,2213,3870,1657,380,204,200,383,293,313,320,462,589,324,44,206,177,146,147,161,152,155,165,208,254,288,301,212,112,38,6,4250,404,0
Guinea-Bissau,1977,7932,2422,4269,1847,412,203,200,422,324,312,314,453,619,354,54,221,201,167,157,161,151,154,160,201,252,304,315,229,125,46,8,4681,403,0
Guinea-Bissau,1978,8463,2605,4614,2009,450,206,200,458,362,316,308,443,652,391,66,232,226,191,171,164,152,152,156,195,248,317,335,250,141,54,12,5064,406,0
Guinea-Bissau,1979,8872,2733,4827,2094,496,216,196,484,402,325,305,425,681,431,86,237,247,215,187,172,153,152,153,187,238,321,360,273,158,67,19,5323,412,1
Guinea-Bissau,1980,8806,2758,4780,2022,491,216,196,489,401,312,302,422,668,447,85,239,250,217,184,164,148,149,153,187,235,311,357,284,163,67,18,5271,412,1
Guinea-Bissau,1981,8916,2781,4797,2016,498,219,192,483,398,309,308,434,687,490,98,233,250,218,180,163,146,150,158,191,243,318,369,310,180,77,21,5295,411,2
Guinea-Bissau,1982,9050,2793,4812,2019,504,226,190,478,406,307,316,452,711,533,112,229,249,223,183,161,146,153,163,200,252,327,384,335,198,88,24,5316,416,3
Guinea-Bissau,1983,9172,2798,4823,2025,504,233,190,473,413,305,325,466,734,576,125,224,249,228,185,159,146,155,170,205,261,336,398,359,217,97,28,5327,423,4
Guinea-Bissau,1984,9284,2797,4829,2032,504,239,192,467,418,305,333,483,757,616,139,220,247,230,188,159,146,158,175,213,270,347,410,379,237,107,32,5333,431,4
Guinea-Bissau,1985,9369,2790,4822,2032,505,245,196,459,424,302,335,498,781,649,148,217,242,232,192,158,144,157,178,221,277,359,422,394,255,114,34,5327,441,5
Guinea-Bissau,1986,9388,2759,4764,2005,504,250,201,450,426,299,339,513,799,679,159,213,237,232,194,157,142,157,182,228,285,370,429,409,270,123,36,5268,451,5
Guinea-Bissau,1987,9431,2728,4702,1974,503,254,207,445,432,301,344,534,825,710,168,211,234,233,199,159,142,157,187,239,295,383,442,423,287,130,38,5205,461,6
Guinea-Bissau,1988,9387,2697,4630,1933,496,251,211,433,428,297,342,544,840,731,180,207,226,227,201,159,138,156,186,244,300,391,449,432,299,137,43,5126,462,6
Guinea-Bissau,1989,9382,2676,4580,1904,496,251,216,428,425,296,340,556,854,747,186,209,219,224,201,160,136,154,186,248,308,398,456,438,309,143,43,5076,467,6
Guinea-Bissau,1990,9332,2617,4481,1864,490,249,221,426,424,298,337,570,873,763,195,212,214,220,204,163,135,151,186,252,318,406,467,445,318,150,45,4971,470,7
Guinea-Bissau,1991,9290,2577,4396,1819,484,248,227,425,418,301,335,580,890,777,201,215,210,214,204,167,134,149,186,255,325,414,476,453,324,155,46,4880,475,7
Guinea-Bissau,1992,9226,2590,4366,1776,479,250,231,433,422,315,333,580,868,746,192,224,209,213,209,176,139,149,184,254,326,405,463,434,312,148,44,4845,481,7
Guinea-Bissau,1993,9305,2622,4378,1756,477,254,239,450,437,341,341,594,865,730,187,235,215,218,219,191,150,154,187,259,335,407,458,426,304,144,43,4855,493,7
Guinea-Bissau,1994,9502,2666,4442,1776,491,270,254,482,460,374,354,605,868,715,179,254,228,227,233,209,165,162,192,263,342,413,455,419,296,140,39,4933,524,7
Guinea-Bissau,1995,9356,2658,4386,1728,465,259,248,485,451,388,352,601,854,690,173,257,228,222,229,215,173,163,189,260,341,411,443,406,284,134,39,4851,507,7
Guinea-Bissau,1996,9397,2644,4353,1709,456,262,253,512,465,417,365,611,854,674,166,270,242,227,238,229,188,172,193,264,347,417,437,399,275,129,37,4809,515,7
Guinea-Bissau,1997,9840,2668,4439,1771,493,291,285,587,518,481,400,636,877,666,162,308,279,253,265,260,221,194,206,275,361,433,444,396,270,126,36,4932,576,6
Guinea-Bissau,1998,9397,2591,4222,1631,427,252,263,566,499,489,404,621,857,637,154,293,273,243,256,261,228,200,204,269,352,426,431,380,257,119,35,4649,515,6
Guinea-Bissau,1999,9512,2579,4218,1639,442,263,279,600,519,516,426,621,858,620,146,307,293,256,263,271,245,215,211,269,352,430,428,371,249,114,32,4660,542,6
Guinea-Bissau,2000,9120,2526,4079,1553,409,238,260,567,488,494,420,599,835,590,138,286,281,244,244,254,240,216,204,259,340,419,416,354,236,107,31,4488,498,5
Guinea-Bissau,2001,9105,2489,3999,1510,401,233,260,588,507,514,448,601,839,576,132,293,295,258,249,261,253,234,214,260,341,420,419,347,229,103,29,4400,493,5
Guinea-Bissau,2002,9028,2468,3931,1463,393,226,258,597,514,522,469,596,835,560,125,294,303,266,248,261,261,247,222,259,337,416,419,339,221,97,28,4324,484,5
Guinea-Bissau,2003,9041,2439,3855,1416,383,220,256,613,539,543,505,602,843,556,122,301,312,282,257,268,275,267,238,265,337,418,425,339,217,96,26,4238,476,4
Guinea-Bissau,2004,8892,2395,3766,1371,371,214,249,606,539,535,522,595,831,543,116,298,308,285,254,262,273,277,245,263,332,411,420,333,210,92,24,4137,463,4
Guinea-Bissau,2005,9008,2366,3729,1363,383,224,257,636,575,553,561,604,833,539,112,312,324,305,270,269,284,296,265,273,331,410,423,334,205,89,23,4112,481,4
Guinea-Bissau,2006,8700,2298,3564,1266,349,203,238,607,569,537,575,600,816,529,108,296,311,301,268,259,278,298,277,275,325,401,415,330,199,85,23,3913,441,4
Guinea-Bissau,2007,8605,2256,3472,1216,337,200,231,602,582,535,598,606,808,528,104,292,310,306,276,258,277,306,292,284,322,396,412,332,196,83,21,3809,431,3
Guinea-Bissau,2008,8518,2199,3388,1189,339,201,228,596,586,529,614,614,796,524,101,288,308,305,281,256,273,309,305,295,319,389,407,331,193,80,21,3727,429,3
Guinea-Bissau,2009,8272,2107,3219,1112,314,189,216,577,581,521,624,628,785,521,99,274,303,298,283,254,267,308,316,307,321,382,403,330,191,78,21,3533,405,3
Guinea-Bissau,2010,8095,2035,3088,1053,304,181,210,558,576,514,630,643,773,521,96,263,295,292,284,254,260,306,324,320,323,376,397,330,191,77,19,3392,391,3
Guinea-Bissau,2011,8005,1988,2987,999,294,177,209,548,584,518,642,670,765,522,93,256,292,294,290,259,259,307,335,339,331,372,393,330,192,74,19,3281,386,3
Guinea-Bissau,2012,7888,1950,2903,953,285,172,204,529,578,518,641,691,757,521,91,246,283,288,290,264,254,301,340,353,338,368,389,327,194,73,18,3188,376,3
Guinea-Bissau,2013,7838,1902,2811,909,277,168,200,519,582,528,645,729,758,523,92,241,278,289,293,272,256,299,346,373,356,372,386,328,195,74,18,3088,368,3
Guinea-Bissau,2014,7843,1843,2719,876,269,167,200,515,591,547,661,775,771,532,91,240,275,293,298,284,263,304,357,397,378,381,390,332,200,74,17,2988,367,3
Guinea-Bissau,2015,7770,1782,2623,841,260,163,198,504,589,560,660,812,776,533,92,235,269,291,298,292,268,301,359,412,400,389,387,331,202,76,16,2883,361,2
Guinea-Bissau,2016,7682,1720,2527,807,252,161,195,488,580,568,653,844,785,534,93,230,258,285,295,295,273,297,356,422,422,399,386,329,205,77,16,2779,356,2
Guinea-Bissau,2017,7703,1649,2420,771,246,159,195,493,592,596,666,893,807,538,94,235,258,289,303,308,288,303,363,441,452,418,389,333,205,78,16,2666,354,2
Guinea-Bissau,2018,7618,1602,2335,733,239,156,192,478,577,599,658,919,827,536,96,229,249,279,298,306,293,300,358,446,473,435,392,330,206,80,16,2574,348,2
Guinea-Bissau,2019,7672,1560,2257,697,233,154,193,480,588,624,672,959,865,543,99,230,250,281,307,315,309,310,362,457,502,464,401,334,209,82,17,2490,347,2
Guinea-Bissau,2020,8124,1522,2185,663,227,149,188,461,587,680,774,1150,1020,594,106,220,241,273,314,333,347,357,417,538,612,566,454,364,230,88,18,2412,337,2
Guinea-Bissau,2021,8534,1484,2117,633,219,149,196,494,628,749,848,1272,1127,624,109,235,259,289,339,361,388,399,449,592,680,633,494,382,242,91,18,2336,345,2
Guyana,1950,3585,871,1222,351,46,28,57,166,192,262,361,503,436,209,103,84,82,91,101,116,146,172,189,224,279,243,193,111,98,61,42,1268,85,3
Guyana,1951,3390,834,1174,340,46,27,53,161,180,246,348,465,421,185,82,82,79,85,95,109,137,167,181,208,257,235,186,105,80,52,30,1220,80,6
Guyana,1952,3294,846,1169,323,43,26,49,155,172,237,339,438,416,174,69,78,77,81,91,106,131,166,173,200,238,232,184,106,68,46,23,1212,75,7
Guyana,1953,3192,844,1154,310,47,26,47,151,163,225,332,412,405,164,61,74,77,77,86,102,123,165,167,194,218,225,180,106,58,42,19,1201,73,7
Guyana,1954,3078,839,1140,301,44,25,45,143,151,211,318,389,392,162,49,69,74,72,79,97,114,159,159,188,201,215,177,109,53,35,14,1184,70,7
Guyana,1955,3048,829,1120,291,44,27,45,144,149,209,320,383,391,167,48,69,75,71,78,97,112,158,162,187,196,211,180,114,53,34,14,1164,72,6
Guyana,1956,2977,814,1095,281,43,27,42,138,144,201,313,375,381,172,44,64,74,70,74,93,108,152,161,183,192,200,181,116,56,31,13,1138,69,5
Guyana,1957,2914,796,1066,270,40,27,43,133,142,195,304,366,372,179,42,63,70,70,72,89,106,144,160,178,188,191,181,119,60,30,12,1106,70,5
Guyana,1958,2884,778,1036,258,44,27,44,131,141,191,299,366,369,188,43,61,70,70,71,85,106,139,160,177,189,187,182,124,64,31,12,1080,71,4
Guyana,1959,2873,759,1007,248,40,28,45,131,142,188,299,372,369,201,44,61,70,70,72,83,105,138,161,180,192,186,183,131,70,32,12,1047,73,4
Guyana,1960,2859,737,974,237,42,29,48,129,142,188,295,374,370,214,48,60,69,70,72,82,106,135,160,181,193,189,181,138,76,35,13,1016,77,4
Guyana,1961,2868,719,947,228,42,29,49,129,144,186,295,382,377,227,56,61,68,72,72,82,104,136,159,186,196,192,185,144,83,40,16,989,78,4
Guyana,1962,2861,702,922,220,42,31,50,131,145,185,296,387,378,232,57,64,67,73,72,82,103,139,157,189,198,194,184,145,87,41,16,964,81,4
Guyana,1963,2855,687,901,214,42,33,54,131,145,185,300,392,378,236,55,65,66,73,72,83,102,143,157,193,199,194,184,145,91,39,16,943,87,4
Guyana,1964,2852,675,883,208,42,33,55,130,146,182,300,398,378,241,56,65,65,73,73,83,99,145,155,196,202,195,183,147,94,41,15,925,88,4
Guyana,1965,2857,665,870,205,41,34,56,134,147,183,302,402,383,246,58,69,65,72,75,84,99,145,157,197,205,199,184,148,98,43,15,911,90,5
Guyana,1966,2868,657,858,201,41,35,60,135,146,182,305,410,384,248,63,70,65,71,75,84,98,145,160,197,213,200,184,148,100,47,16,899,95,5
Guyana,1967,2876,648,847,199,41,36,60,139,144,183,304,415,387,253,66,73,66,68,76,84,99,142,162,196,219,201,186,149,104,50,16,888,96,5
Guyana,1968,2887,641,836,195,41,36,63,142,143,184,306,417,392,257,71,75,67,67,76,84,100,140,166,194,223,203,189,149,108,54,17,877,99,5
Guyana,1969,2901,635,829,194,41,36,64,143,142,185,304,423,395,259,75,76,67,66,76,85,100,137,167,195,228,206,189,149,110,56,19,870,100,5
Guyana,1970,2916,632,825,193,41,36,64,148,140,186,304,425,402,264,80,79,69,65,75,86,100,136,168,195,230,211,191,152,112,60,20,866,100,5
Guyana,1971,2928,624,816,192,41,36,65,150,137,186,300,429,409,267,83,80,70,65,72,86,100,134,166,198,231,218,191,153,114,62,21,857,101,5
Guyana,1972,2930,621,810,189,39,36,68,155,136,187,297,428,418,266,84,83,72,65,71,88,99,134,163,200,228,224,194,154,112,62,22,849,104,6
Guyana,1973,2942,619,806,187,38,36,68,159,135,187,296,429,428,265,87,85,74,66,69,87,100,136,160,204,225,232,196,155,110,64,23,844,104,6
Guyana,1974,2946,613,797,184,38,36,69,165,135,189,294,429,437,263,85,88,77,67,68,88,101,136,158,206,223,236,201,155,108,62,23,835,105,6
Guyana,1975,2954,606,789,183,38,36,70,171,135,190,294,429,445,262,84,91,80,68,67,88,102,137,157,207,222,237,208,155,107,61,23,827,106,6
Guyana,1976,2964,600,781,181,38,36,71,176,138,190,293,432,454,266,86,93,83,71,67,85,105,137,156,206,226,238,216,160,106,61,25,819,107,7
Guyana,1977,2973,593,772,179,38,36,71,182,141,191,296,433,457,267,84,95,87,73,68,85,106,138,158,204,229,235,222,160,107,59,25,810,107,7
Guyana,1978,2976,588,764,176,37,36,72,188,145,187,297,431,461,271,82,98,90,75,70,81,106,138,159,199,232,232,229,163,108,57,25,801,108,7
Guyana,1979,2983,582,755,173,37,36,72,192,149,188,301,430,464,275,82,99,93,79,70,81,107,140,161,196,234,230,234,166,109,57,25,792,108,7
Guyana,1980,2976,573,742,169,35,35,71,194,153,184,302,427,465,281,78,99,95,81,72,79,105,141,161,192,235,229,236,171,110,56,22,777,106,7
Guyana,1981,2986,572,738,166,35,34,71,199,159,182,304,427,466,288,78,101,98,84,75,79,103,143,161,194,233,231,235,177,111,57,21,773,105,7
Guyana,1982,2988,569,730,161,34,33,69,201,163,180,306,421,468,295,79,101,100,87,76,79,101,144,162,194,227,235,233,183,112,58,21,764,102,6
Guyana,1983,2991,559,714,155,33,32,69,204,170,178,308,420,474,303,80,102,102,90,80,80,98,146,162,198,222,240,234,189,114,60,20,747,101,6
Guyana,1984,2981,546,696,150,32,31,67,203,175,178,306,418,473,311,80,100,103,93,82,83,95,144,162,201,217,241,232,194,117,60,20,728,98,6
Guyana,1985,2958,532,675,143,32,31,66,202,181,179,304,420,472,315,80,99,103,96,85,85,94,142,162,205,215,240,232,195,120,60,20,707,97,6
Guyana,1986,2928,515,652,137,30,31,63,202,183,177,297,419,466,317,81,98,104,96,87,85,92,138,159,206,213,233,233,193,124,60,21,682,94,6
Guyana,1987,2892,499,629,130,28,30,62,194,188,183,291,420,459,316,83,94,100,98,90,90,93,133,158,203,217,225,234,191,125,62,21,657,92,6
Guyana,1988,2864,483,608,125,26,27,60,193,189,184,288,424,452,320,84,93,100,98,91,90,94,130,158,200,224,217,235,190,130,63,21,634,87,6
Guyana,1989,2824,466,586,120,25,27,59,189,190,192,281,423,440,314,88,89,100,98,92,95,97,125,156,193,230,209,231,185,129,65,23,611,86,6
Guyana,1990,2776,449,564,115,25,26,57,186,192,195,275,420,427,310,90,89,97,99,93,97,98,122,153,185,235,204,223,182,128,66,24,589,83,6
Guyana,1991,2718,430,541,111,24,26,56,181,191,201,268,415,415,303,93,86,95,97,94,99,102,120,148,179,236,205,210,179,124,67,26,565,82,6
Guyana,1992,2664,421,531,110,24,24,54,176,190,203,261,398,409,298,91,84,92,95,95,100,103,119,142,173,225,209,200,177,121,66,25,555,78,6
Guyana,1993,2611,409,516,107,22,22,51,171,190,204,259,388,407,289,90,81,90,95,95,100,104,121,138,173,215,219,188,172,117,65,25,538,73,6
Guyana,1994,2573,396,500,104,21,22,49,168,188,206,256,380,408,281,83,79,89,93,95,99,107,122,134,174,206,228,180,167,114,61,22,521,71,7
Guyana,1995,2601,384,486,102,20,22,49,169,192,216,265,384,426,281,84,79,90,95,97,104,112,129,136,180,204,242,184,166,115,61,23,506,71,7
Guyana,1996,2565,370,468,98,21,22,48,166,190,220,266,377,431,271,80,78,88,93,97,105,115,132,134,178,199,242,189,157,114,59,21,489,70,7
Guyana,1997,2519,357,450,93,20,19,46,160,186,221,269,371,432,256,77,74,86,90,96,105,116,135,134,174,197,235,197,145,111,57,20,470,65,7
Guyana,1998,2445,344,433,89,22,19,42,153,181,217,268,359,428,242,74,71,82,88,93,104,113,136,132,166,193,221,207,135,107,54,20,455,61,6
Guyana,1999,2443,330,415,85,19,19,41,151,181,223,279,361,433,237,72,69,82,88,93,107,116,142,137,165,196,212,221,132,105,52,20,434,60,6
Guyana,2000,2390,316,399,83,19,19,40,144,176,222,281,356,428,232,72,66,78,85,91,106,116,143,138,159,197,201,227,131,101,52,20,418,59,6
Guyana,2001,2349,301,378,77,18,19,36,140,172,222,286,351,421,229,69,64,76,83,89,106,116,145,141,157,194,194,227,136,93,51,18,396,55,6
Guyana,2002,2392,288,362,74,18,19,36,139,175,230,304,359,427,244,72,63,76,84,91,108,122,153,151,161,198,199,228,152,92,53,19,380,55,6
Guyana,2003,2426,275,345,70,18,20,37,136,177,238,319,368,430,259,73,60,76,84,93,110,128,159,160,170,198,206,224,171,88,54,19,363,57,6
Guyana,2004,2383,263,329,66,17,19,36,130,171,235,321,361,418,272,74,58,72,82,89,108,127,158,163,170,191,207,211,183,89,54,20,346,55,6
Guyana,2005,2393,257,324,67,18,19,36,124,167,233,327,361,412,285,73,55,69,79,88,106,127,160,167,174,187,208,204,193,92,53,20,342,55,6
Guyana,2006,2358,244,303,59,17,19,36,118,162,229,331,361,405,297,76,52,66,77,85,103,126,161,170,178,183,206,199,197,100,54,22,320,55,6
Guyana,2007,2306,235,290,55,14,18,34,110,154,221,326,358,392,302,75,49,61,73,81,98,123,158,168,178,180,199,193,192,110,50,25,304,52,7
Guyana,2008,2346,228,283,55,15,18,34,110,154,221,339,374,399,315,76,50,60,73,81,98,123,164,175,188,186,198,201,189,126,51,25,298,52,7
Guyana,2009,2358,220,271,51,13,16,34,106,149,221,344,388,403,324,79,48,58,70,79,98,123,166,178,198,190,197,206,183,141,54,25,284,50,8
Guyana,2010,2371,214,262,48,11,15,35,102,147,217,350,401,405,330,83,48,54,68,79,97,120,168,182,205,196,193,212,178,152,58,25,273,50,8
Guyana,2011,2373,208,255,47,11,14,35,100,141,212,354,414,407,331,90,48,52,64,77,94,118,169,185,209,205,193,214,175,156,65,25,266,49,9
Guyana,2012,2375,202,247,45,11,14,31,100,135,210,356,425,407,332,100,49,51,61,74,93,117,168,188,215,210,193,214,176,156,74,26,258,45,9
Guyana,2013,2387,197,241,44,11,13,30,99,131,205,359,437,408,333,108,49,50,59,72,91,114,167,192,219,218,196,212,180,153,83,25,252,43,9
Guyana,2014,2417,192,234,42,11,13,30,99,127,207,364,455,416,331,119,49,50,56,71,91,116,167,197,224,231,204,212,186,145,93,26,245,43,9
Guyana,2015,2429,187,227,40,11,12,30,98,123,204,367,468,423,331,125,48,50,54,69,90,114,167,200,229,239,212,211,192,139,99,26,238,42,9
Guyana,2016,2454,182,222,40,11,11,30,99,119,204,369,484,433,332,129,48,51,52,67,90,114,167,202,236,248,221,212,197,135,100,29,233,41,9
Guyana,2017,2467,176,213,37,11,11,27,98,116,202,369,496,447,335,135,46,52,51,65,88,114,165,204,242,254,231,216,198,137,101,34,224,38,8
Guyana,2018,2498,170,206,36,11,11,25,99,111,198,371,510,465,342,137,46,53,50,61,85,113,167,204,249,261,245,220,200,142,98,39,217,36,9
Guyana,2019,2586,173,209,36,10,11,25,104,117,205,377,529,492,353,145,48,56,55,62,89,116,169,208,258,271,260,232,204,149,95,50,219,36,10
Guyana,2020,2748,164,199,35,8,11,25,99,114,203,400,598,554,379,151,45,54,55,59,85,118,178,222,291,307,299,255,212,167,96,55,207,36,12
Guyana,2021,3542,161,193,32,8,11,30,120,142,272,523,777,720,544,184,52,68,66,76,113,159,233,290,382,395,402,318,308,236,116,68,201,41,16
Haiti,1950,40878,16781,25148,8367,881,672,753,1677,1734,1672,1653,2071,2726,1601,276,833,844,867,867,848,824,840,813,984,1087,1348,1378,1037,564,220,56,26029,1425,12
Haiti,1951,41104,16713,25210,8497,892,681,767,1692,1747,1712,1723,2095,2712,1609,256,843,849,871,876,863,849,878,845,998,1097,1332,1380,1048,561,210,46,26102,1448,10
Haiti,1952,40648,16287,24742,8455,875,668,770,1680,1734,1721,1786,2114,2686,1623,241,841,839,864,870,863,858,908,878,1002,1112,1308,1378,1065,558,199,42,25617,1438,8
Haiti,1953,39992,15906,24224,8318,842,649,764,1657,1701,1712,1830,2118,2633,1623,231,833,824,846,855,854,858,924,906,996,1122,1272,1361,1071,552,193,38,25066,1413,6
Haiti,1954,39938,15604,23852,8248,884,672,791,1692,1724,1755,1923,2166,2619,1637,225,856,836,856,868,872,883,965,958,1017,1149,1265,1354,1082,555,190,35,24736,1463,4
Haiti,1955,39196,15310,23350,8040,837,634,769,1656,1675,1724,1949,2176,2571,1635,219,841,815,831,844,852,872,969,980,1026,1150,1245,1326,1078,557,187,32,24187,1403,3
Haiti,1956,39022,15091,23036,7945,846,632,773,1669,1671,1735,2011,2225,2564,1642,216,852,817,828,843,854,881,991,1020,1061,1164,1253,1311,1077,565,186,30,23882,1405,2
Haiti,1957,39084,15011,22974,7963,855,629,773,1680,1658,1741,2066,2277,2563,1650,214,861,819,820,838,854,887,1009,1057,1105,1172,1274,1289,1076,574,184,30,23829,1402,2
Haiti,1958,39191,14969,22907,7938,870,625,774,1698,1653,1751,2125,2342,2571,1660,212,873,825,817,836,856,895,1028,1097,1159,1183,1304,1267,1076,584,183,29,23777,1399,1
Haiti,1959,39416,14968,22893,7925,892,625,780,1728,1656,1765,2182,2426,2592,1661,212,891,837,819,837,861,904,1045,1137,1219,1207,1333,1259,1071,590,186,26,23785,1405,1
Haiti,1960,39509,14899,22809,7910,901,628,780,1742,1651,1770,2229,2512,2618,1656,214,897,845,818,833,859,911,1060,1169,1272,1240,1356,1262,1063,593,189,25,23710,1408,1
Haiti,1961,39598,14803,22693,7890,912,632,783,1756,1651,1776,2271,2613,2649,1645,217,901,855,821,830,860,916,1072,1199,1327,1286,1374,1275,1051,594,192,25,23605,1415,1
Haiti,1962,39719,14730,22615,7885,921,638,782,1766,1646,1775,2309,2726,2689,1630,219,902,864,822,824,857,918,1084,1225,1381,1345,1389,1300,1036,594,196,23,23536,1420,1
Haiti,1963,43192,15073,23604,8531,1420,890,914,2015,1902,2042,2603,3058,2867,1650,227,1018,997,952,950,988,1054,1226,1377,1549,1509,1478,1389,1047,603,202,25,25024,1804,1
Haiti,1964,40111,14562,22388,7826,959,679,791,1819,1676,1798,2392,2983,2795,1605,224,918,901,846,830,864,934,1114,1278,1492,1491,1434,1361,1015,590,200,24,23347,1470,1
Haiti,1965,40194,14432,22221,7789,962,687,796,1832,1687,1798,2417,3098,2866,1604,223,922,910,856,831,862,936,1120,1297,1536,1562,1478,1388,1019,585,199,24,23183,1483,1
Haiti,1966,40499,14298,22112,7814,1006,715,810,1851,1713,1811,2462,3226,2956,1614,224,931,920,873,840,867,944,1138,1324,1587,1639,1542,1414,1035,579,199,25,23118,1525,0
Haiti,1967,40338,14106,21782,7676,978,706,818,1850,1722,1797,2472,3319,3037,1627,223,930,920,881,841,858,939,1139,1333,1617,1702,1611,1426,1056,571,198,25,22760,1524,0
Haiti,1968,40426,13959,21554,7595,987,715,840,1852,1744,1797,2495,3422,3143,1649,225,930,922,897,847,857,940,1145,1350,1649,1773,1698,1445,1085,564,199,26,22541,1555,0
Haiti,1969,40521,13801,21302,7501,996,726,863,1861,1772,1800,2517,3520,3267,1673,224,933,928,913,859,859,941,1151,1366,1682,1838,1788,1479,1112,561,199,25,22298,1589,0
Haiti,1970,40606,13654,21057,7403,1004,732,877,1873,1791,1801,2535,3611,3404,1699,221,939,934,921,870,859,942,1155,1380,1711,1900,1877,1527,1133,566,196,25,22061,1609,0
Haiti,1971,40652,13469,20776,7307,1008,736,890,1887,1808,1805,2548,3691,3558,1730,218,949,938,926,882,864,941,1158,1390,1736,1955,1964,1594,1153,577,193,25,21784,1626,1
Haiti,1972,41039,13297,20507,7210,1047,762,928,1955,1873,1840,2594,3800,3749,1765,217,991,964,955,918,887,953,1177,1417,1779,2021,2066,1683,1173,592,191,26,21554,1690,0
Haiti,1973,41313,13084,20162,7078,1077,786,962,2026,1928,1878,2633,3898,3947,1804,214,1042,984,977,951,912,966,1192,1441,1820,2078,2163,1784,1193,611,190,24,21239,1748,1
Haiti,1974,41877,13018,19957,6939,1124,817,1008,2120,2005,1933,2683,4005,4156,1853,213,1104,1016,1012,993,946,987,1213,1470,1864,2141,2265,1891,1227,626,188,25,21081,1825,1
Haiti,1975,42390,13045,19869,6824,1154,838,1040,2192,2059,1973,2713,4088,4340,1912,215,1146,1046,1036,1023,973,1000,1226,1487,1897,2191,2350,1990,1272,640,191,24,21023,1878,1
Haiti,1976,43046,13035,19807,6772,1196,865,1077,2283,2122,2029,2754,4177,4529,1985,218,1196,1087,1069,1053,1007,1022,1243,1511,1934,2243,2434,2095,1334,651,195,23,21003,1942,1
Haiti,1977,43635,13021,19750,6729,1231,888,1111,2369,2170,2085,2783,4254,4700,2066,223,1238,1131,1093,1077,1041,1044,1256,1527,1963,2291,2505,2195,1407,659,202,21,20981,1999,1
Haiti,1978,44255,12994,19696,6702,1268,911,1145,2469,2215,2149,2815,4331,4870,2157,229,1283,1186,1113,1102,1079,1070,1269,1546,1994,2337,2576,2294,1487,670,207,22,20964,2056,0
Haiti,1979,44972,12972,19633,6661,1322,942,1192,2591,2277,2222,2857,4411,5032,2257,233,1339,1252,1144,1133,1120,1102,1290,1567,2027,2384,2642,2390,1569,688,212,21,20955,2134,0
Haiti,1980,45820,12955,19595,6640,1402,982,1240,2706,2363,2308,2914,4504,5200,2373,237,1395,1311,1189,1174,1164,1144,1320,1594,2067,2437,2714,2486,1656,717,216,21,20997,2222,0
Haiti,1981,46113,12921,19461,6540,1419,986,1254,2756,2399,2341,2926,4535,5314,2477,240,1415,1341,1212,1187,1177,1164,1330,1596,2076,2459,2758,2556,1730,747,218,22,20880,2240,0
Haiti,1982,46610,12925,19374,6449,1470,1006,1282,2827,2455,2394,2957,4581,5428,2594,244,1448,1379,1250,1205,1196,1198,1351,1606,2093,2488,2805,2623,1807,787,221,23,20844,2288,0
Haiti,1983,46970,12822,19179,6357,1519,1021,1305,2888,2510,2440,2989,4619,5535,2714,249,1476,1412,1297,1213,1211,1229,1376,1613,2106,2513,2851,2684,1884,830,225,24,20698,2326,0
Haiti,1984,47417,12716,18960,6244,1585,1047,1335,2966,2586,2500,3042,4672,5641,2831,254,1513,1453,1354,1232,1234,1266,1412,1630,2127,2545,2897,2744,1956,875,230,24,20545,2382,0
Haiti,1985,47220,12620,18759,6139,1578,1029,1316,2951,2584,2488,3032,4632,5671,2916,262,1504,1447,1358,1226,1223,1265,1414,1618,2102,2530,2900,2771,2004,912,237,25,20337,2345,0
Haiti,1986,47184,12554,18622,6068,1582,1025,1301,2926,2583,2484,3044,4616,5719,3008,275,1488,1438,1360,1223,1217,1267,1427,1617,2088,2528,2913,2806,2055,953,249,26,20204,2326,0
Haiti,1987,47467,12438,18401,5963,1624,1046,1318,2973,2649,2513,3101,4640,5799,3106,288,1510,1463,1392,1257,1230,1283,1462,1639,2098,2542,2946,2853,2110,996,263,25,20025,2364,0
Haiti,1988,47465,12307,18171,5864,1643,1060,1317,2974,2691,2502,3142,4628,5843,3186,304,1509,1465,1403,1288,1221,1281,1487,1655,2089,2539,2958,2885,2150,1036,278,26,19814,2377,0
Haiti,1989,47931,12156,17898,5742,1709,1106,1360,3066,2803,2551,3231,4679,5932,3278,320,1553,1513,1452,1351,1243,1308,1533,1698,2113,2566,2997,2935,2202,1076,294,26,19607,2466,0
Haiti,1990,48401,11955,17592,5637,1783,1155,1409,3162,2910,2619,3321,4736,6012,3362,338,1600,1562,1504,1406,1280,1339,1577,1744,2145,2591,3031,2981,2249,1113,309,29,19375,2564,1
Haiti,1991,47523,11581,17102,5521,1719,1125,1365,3052,2842,2581,3303,4679,5992,3411,354,1542,1510,1461,1381,1263,1318,1561,1742,2121,2558,3009,2983,2271,1140,324,30,18821,2490,1
Haiti,1992,47284,11221,16570,5349,1734,1141,1381,3059,2867,2611,3344,4698,6032,3481,373,1544,1515,1468,1399,1286,1325,1567,1777,2141,2557,3021,3011,2310,1171,340,33,18304,2522,1
Haiti,1993,46779,10901,16037,5136,1718,1136,1384,3022,2854,2614,3359,4697,6039,3531,390,1524,1498,1457,1397,1307,1307,1560,1799,2153,2544,3016,3023,2336,1195,355,35,17755,2520,1
Haiti,1994,46826,10646,15695,5049,1792,1176,1404,3012,2874,2659,3410,4733,6070,3588,406,1518,1494,1461,1413,1346,1313,1574,1836,2183,2550,3023,3047,2368,1220,368,38,17487,2580,1
Haiti,1995,45250,10230,14945,4715,1621,1089,1346,2873,2752,2585,3338,4671,6003,3614,419,1454,1419,1395,1357,1309,1276,1531,1807,2161,2510,2978,3025,2377,1237,379,40,16566,2435,1
Haiti,1996,44378,9930,14448,4518,1556,1057,1313,2782,2674,2555,3301,4653,5962,3642,431,1411,1371,1351,1323,1294,1261,1509,1792,2160,2493,2948,3014,2388,1254,389,42,16004,2370,1
Haiti,1997,44241,9636,13943,4307,1548,1067,1340,2818,2700,2611,3327,4737,5999,3703,444,1438,1380,1361,1339,1318,1293,1520,1807,2209,2528,2960,3039,2421,1282,401,43,15491,2407,1
Haiti,1998,43386,9350,13464,4114,1475,1032,1301,2733,2617,2599,3267,4744,5959,3734,458,1403,1330,1315,1302,1297,1302,1485,1782,2218,2526,2931,3028,2433,1301,411,47,14939,2333,1
Haiti,1999,42093,9052,12978,3926,1331,955,1221,2577,2467,2531,3171,4711,5909,3767,473,1332,1245,1235,1232,1246,1285,1432,1739,2199,2512,2897,3012,2445,1322,424,49,14309,2176,1
Haiti,2000,41792,8826,12592,3766,1286,942,1214,2567,2443,2548,3181,4770,5944,3824,488,1332,1235,1218,1225,1247,1301,1437,1744,2221,2549,2915,3029,2476,1348,436,52,13878,2156,1
Haiti,2001,42059,8518,12133,3615,1307,965,1255,2668,2506,2628,3259,4901,6040,3895,503,1388,1280,1250,1256,1281,1347,1479,1780,2272,2629,2972,3068,2517,1378,449,54,13440,2220,1
Haiti,2002,41747,8231,11697,3466,1269,943,1246,2670,2484,2639,3283,4960,6086,3946,519,1390,1280,1238,1246,1279,1360,1501,1782,2280,2680,3005,3081,2543,1403,461,58,12966,2189,1
Haiti,2003,40801,8038,11365,3327,1168,875,1177,2554,2362,2568,3237,4929,6069,3967,529,1325,1229,1172,1190,1234,1334,1503,1734,2237,2692,3008,3061,2549,1418,471,58,12533,2052,1
Haiti,2004,43988,8404,12284,3880,1536,1063,1315,2806,2569,2793,3468,5204,6325,4073,547,1451,1355,1275,1294,1343,1450,1641,1827,2352,2852,3160,3165,2617,1456,485,62,13820,2378,1
Haiti,2005,39650,7657,10706,3049,1052,789,1105,2452,2240,2505,3217,4920,6110,3999,551,1260,1192,1112,1128,1192,1313,1521,1696,2199,2721,3053,3057,2555,1444,487,64,11758,1894,1
Haiti,2006,39415,7495,10441,2946,1000,753,1075,2423,2209,2489,3243,4947,6211,4057,566,1241,1182,1100,1109,1179,1310,1534,1709,2204,2743,3113,3098,2584,1473,500,66,11441,1828,1
Haiti,2007,39367,7350,10226,2876,966,728,1047,2405,2194,2486,3288,4976,6347,4116,585,1227,1178,1098,1096,1172,1314,1551,1737,2211,2765,3192,3155,2615,1501,516,69,11192,1775,2
Haiti,2008,39536,7239,10107,2868,951,712,1011,2365,2175,2488,3368,5006,6537,4213,610,1199,1166,1094,1081,1165,1323,1573,1795,2210,2796,3294,3243,2671,1542,536,74,11058,1723,1
Haiti,2009,39420,7122,9835,2713,877,671,981,2356,2172,2480,3430,5028,6693,4276,621,1192,1164,1099,1073,1157,1323,1586,1844,2209,2819,3373,3320,2708,1568,547,74,10712,1652,2
Haiti,2010,89108,9222,16739,7517,6013,5419,5194,9509,7458,6750,7479,8766,9959,5134,683,5031,4478,3993,3465,3338,3412,3655,3824,4053,4713,5364,4595,3332,1802,603,80,22752,10613,2
Haiti,2011,40282,6993,9742,2749,930,715,999,2475,2308,2577,3583,5131,6868,4324,630,1243,1232,1179,1129,1199,1378,1647,1936,2267,2864,3440,3428,2746,1578,555,75,10672,1714,2
Haiti,2012,39557,6771,9293,2522,829,639,922,2347,2240,2514,3582,5173,6978,4396,643,1170,1177,1140,1100,1163,1351,1634,1948,2299,2874,3467,3511,2800,1596,566,77,10122,1561,1
Haiti,2013,39409,6568,8985,2417,779,606,887,2291,2235,2501,3613,5248,7117,4489,656,1132,1159,1133,1102,1153,1348,1641,1972,2373,2875,3505,3612,2869,1620,577,79,9764,1493,2
Haiti,2014,39149,6412,8734,2322,725,565,838,2197,2197,2468,3623,5305,7238,4592,671,1075,1122,1107,1090,1134,1334,1637,1986,2431,2874,3538,3700,2943,1649,588,83,9459,1403,1
Haiti,2015,39369,6279,8518,2239,707,549,821,2170,2222,2487,3675,5420,7397,4720,683,1050,1120,1112,1110,1144,1343,1657,2018,2495,2925,3601,3796,3034,1686,598,85,9225,1370,2
Haiti,2016,39543,6182,8398,2216,711,542,794,2105,2215,2492,3700,5513,7519,4858,697,1010,1095,1102,1113,1147,1345,1663,2037,2540,2973,3651,3868,3130,1728,610,87,9109,1336,1
Haiti,2017,39269,6005,8032,2027,642,494,758,2036,2193,2482,3710,5616,7603,4991,705,973,1063,1084,1109,1147,1335,1662,2048,2579,3037,3683,3920,3224,1767,618,87,8674,1252,2
Haiti,2018,39696,5842,7777,1935,635,490,753,2032,2238,2538,3781,5820,7730,5177,722,969,1063,1102,1136,1183,1355,1690,2091,2647,3173,3725,4005,3351,1826,632,90,8412,1243,2
Haiti,2019,39606,5719,7584,1865,593,459,705,1919,2180,2527,3776,5949,7820,5350,742,914,1005,1066,1114,1182,1345,1680,2096,2674,3275,3747,4073,3461,1889,650,92,8177,1164,2
Haiti,2020,41263,5573,7335,1762,577,449,689,1886,2196,2581,4052,6644,8417,5661,775,900,986,1069,1127,1208,1373,1780,2272,2957,3687,4125,4292,3645,2016,681,94,7912,1138,2
Haiti,2021,44895,5479,7280,1801,724,580,812,2121,2459,2965,4499,7446,9064,6122,815,1022,1099,1199,1260,1390,1575,1995,2504,3372,4074,4490,4574,3938,2184,717,98,8004,1392,2
High-income countries,1950,3731106,475024,657645,182621,51290,27373,43001,125073,134840,207847,332723,580624,862816,601294,103243,60456,64617,58264,76576,93297,114550,147637,185086,249275,331349,420027,442789,376081,225213,84334,18909,708935,70374,3337
High-income countries,1951,3731269,443022,611943,168921,45737,25284,37726,110930,126762,202434,335634,591799,904873,629414,105792,52693,58237,55850,70912,90314,112120,147865,187769,252311,339488,433228,471645,392860,236554,87670,18122,657680,63010,2941
High-income countries,1952,3561471,414005,559677,145672,40751,23131,33064,95659,114619,192474,327373,576196,882245,611857,101821,44897,50762,51810,62809,85388,107086,144432,182941,245305,330891,421319,460926,381550,230307,84660,17161,600428,56195,2604
High-income countries,1953,3573874,389887,519753,129866,42020,21245,29578,85568,107280,188337,327032,582989,914757,645582,107193,39842,45726,50352,56928,82621,105716,142824,184208,244873,338116,433285,481472,403294,242288,89197,17996,561773,50823,2540
High-income countries,1954,3470606,368575,484033,115458,39251,19794,27381,80348,102240,183330,319371,572102,895898,637347,107053,37409,42939,49587,52653,79459,103871,139331,180040,238550,333552,423891,472007,399839,237508,88800,18253,523284,47175,2457
High-income countries,1955,3476224,356469,462394,105925,36600,18991,26324,75643,98770,179256,316457,574874,911382,661630,111442,35098,40545,47623,51147,76742,102514,136439,180018,239736,335138,429798,481584,412766,248864,91928,19514,498994,45315,2460
High-income countries,1956,3554857,341876,440214,98338,34743,18022,25422,72070,98281,177826,320659,588932,950808,704959,120340,33508,38562,46612,51669,73861,103965,136670,183989,245823,343109,446454,504354,442332,262627,99009,21331,474957,43444,2579
High-income countries,1957,3602328,338995,435685,96690,34807,19157,26355,72954,101547,177637,325710,604268,965876,713558,122148,33980,38974,47088,54459,71945,105692,138516,187194,253602,350666,456569,509307,447119,266439,100289,21859,470492,45512,2624
High-income countries,1958,3473283,321227,409696,88469,32420,17802,23916,66539,95841,165431,312680,574750,935340,713215,122955,31029,35510,42941,52900,64870,100561,133814,178866,244516,330234,438955,496385,445899,267316,100561,22394,442116,41718,2696
High-income countries,1959,3526226,314604,400839,86235,31770,18676,23738,65239,97301,162446,316032,581203,956511,739985,129594,30451,34788,42402,54899,62369,100077,135347,180685,247683,333520,447244,509267,460322,279663,105813,23781,432609,42414,2891
High-income countries,1960,3556866,294404,373443,79039,29708,18036,22672,62441,94285,161137,314129,587588,977167,774741,138382,29215,33226,40367,53918,61586,99551,135047,179082,250785,336803,453125,524042,478679,296062,113183,25199,403151,40708,3136
High-income countries,1961,3525338,285362,361777,76415,28661,18105,22095,59846,91573,156629,311573,583283,968864,779784,139892,28233,31613,39256,52317,62117,94512,135330,176243,248415,334868,448752,520112,477212,302572,114363,25529,390438,40200,3255
High-income countries,1962,3661658,275118,347686,72568,28218,18040,21978,59128,91613,157943,319756,603770,1017225,840784,151994,27857,31271,39075,52538,65472,92471,138726,181030,256114,347656,467157,550068,509642,331142,124275,27719,375904,40018,3523
High-income countries,1963,3678285,263085,331804,68719,27083,17353,22312,57276,88450,157836,321417,611124,1024260,856939,158740,26876,30400,37198,51252,69015,88821,138524,182893,257316,353808,467848,556412,517386,339553,130034,28706,358887,39665,3691
High-income countries,1964,3580030,250948,315400,64452,25828,16521,22106,54651,85213,153091,318023,598689,995229,834911,156687,25799,28852,35828,49385,69405,83686,136852,181171,252081,346608,454153,541076,504710,330201,128365,28322,341228,38627,3680
High-income countries,1965,3673969,233761,294058,60297,24623,16197,22321,53053,83547,153841,320032,613113,1031875,885749,171620,24824,28229,34847,48700,69574,84267,135087,184945,255883,357230,467458,564417,532696,353053,140539,31081,318681,38518,3938
High-income countries,1966,3664246,219778,276081,56303,23660,15689,23210,51787,80901,153992,316795,609047,1033534,895513,179845,24465,27322,33824,47077,68542,85450,131618,185177,252650,356397,469823,563711,536549,358964,146921,32924,299741,38899,4190
High-income countries,1967,3682536,215941,267794,51853,22458,15164,22672,50959,78416,155458,311601,611344,1041729,912361,188137,24382,26577,32538,45878,67090,88368,124933,186668,253649,357695,474553,567176,545217,367144,153477,34660,290252,37836,4443
High-income countries,1968,3822179,205527,254894,49367,22212,15180,22922,51360,77878,161331,312924,629159,1088211,975830,205400,25048,26312,32284,45594,67246,94085,121659,191265,260462,368697,495921,592290,580485,395345,166968,38432,277106,38102,4877
High-income countries,1969,3868376,197673,244896,47223,21390,15240,23309,52539,77991,166716,311518,648822,1111927,982474,206517,26059,26480,32446,45545,67185,99531,118366,193152,268044,380778,512237,599690,584670,397804,167302,39215,266286,38549,5036
High-income countries,1970,3857488,191521,235934,44413,20504,15034,23317,52853,75658,163883,305150,639318,1107679,998524,214250,26793,26060,31634,44024,65479,98404,117355,187795,266670,372648,508419,599260,593630,404894,173026,41224,256438,38351,5383
High-income countries,1971,3865009,179635,221902,42267,20095,14718,23217,52540,74278,160657,299964,633771,1109844,1023654,224536,27031,25509,31306,42972,64112,96545,119930,180034,266231,367540,506452,603392,603637,420017,180314,44222,241997,37935,5833
High-income countries,1972,3870972,165902,205832,39930,19143,14359,23152,52889,72897,157966,296249,633036,1117985,1037689,233555,27123,25766,30988,41909,62724,95242,123799,172450,265676,367360,507720,610265,608617,429072,187071,46484,224975,37511,6219
High-income countries,1973,3937439,157255,195198,37943,18407,13946,22948,52687,71460,154857,294111,633364,1140736,1082990,249941,26668,26019,30297,41163,61324,93533,129849,164262,264924,368440,512895,627841,628731,454259,200069,49872,213605,36894,6794
High-income countries,1974,3915002,150925,186178,35253,16934,13182,21765,50717,69020,149746,287501,628810,1135629,1090095,258273,24947,25770,29520,39500,59401,90345,133119,154382,261487,367323,509657,625972,627661,462434,206628,51645,203112,34947,7151
High-income countries,1975,3931274,141607,175072,33465,16197,12767,21395,51114,67685,145947,286057,623521,1146729,1110994,266363,25019,26095,28626,39059,57523,88424,131703,154354,255156,368365,509849,636880,638947,472047,213005,53358,191269,34162,7433
High-income countries,1976,3962839,133065,164061,30996,15805,12334,21052,50725,65936,142627,288692,616842,1151001,1141197,284388,24424,26301,27899,38037,55924,86703,130338,158354,247108,369734,507925,643076,650058,491139,226232,58156,179866,33386,8178
High-income countries,1977,3897538,125015,154422,29407,15219,12071,21228,50609,65681,138847,290269,598779,1131417,1125554,285012,24383,26226,28192,37489,54781,84066,127311,162958,233731,365048,498881,632536,643818,481736,225863,59149,169641,33299,8428
High-income countries,1978,3954038,118251,146031,27780,14374,11708,20747,50041,65688,136204,295819,586934,1149722,1164486,303174,24182,25859,28792,36896,53695,82509,124493,171326,221400,365534,504825,644897,667832,496654,239701,63473,160405,32455,9110
High-income countries,1979,3938947,113680,139640,25960,13262,10957,20069,48553,64985,132174,297903,568949,1146054,1175653,311271,23558,24995,28627,36358,52564,79610,121657,176246,209598,359351,503311,642743,674246,501407,245433,65838,152902,31026,9477
High-income countries,1980,4064266,109601,134486,24885,13125,10994,19878,48943,66264,131816,299853,575484,1181541,1232980,338249,23628,25315,29954,36310,52890,78926,121190,178663,213479,362005,518455,663086,703642,529338,265545,72704,147611,30872,10653
High-income countries,1981,4042547,103139,126418,23279,11565,10144,18521,46532,64419,127108,291506,563809,1169704,1254665,346864,21969,24563,29460,34959,50622,76486,117494,174012,217652,346157,513299,656405,711095,543570,271296,75568,137983,28665,11291
High-income countries,1982,4044169,98566,120419,21853,10966,9809,17814,45530,65000,124337,286471,556143,1171872,1268981,354727,21558,23972,29585,35415,49915,74422,114587,171884,227234,328909,513426,658446,717366,551615,276116,78611,131385,27623,12098
High-income countries,1983,4158027,92313,113244,20931,10783,9499,17487,45787,65886,124203,285331,556596,1197903,1335014,382714,21612,24175,29213,36673,50086,74117,114497,170834,242000,314596,522558,675345,747810,587204,296002,86712,124027,26986,13579
High-income countries,1984,4118925,87727,107211,19484,9663,8984,16604,44286,66090,122820,275676,547195,1182040,1332637,391274,20772,23514,28947,37143,49887,72933,109512,166164,249625,297570,510759,671281,741685,590952,300759,90515,116874,25588,14443
High-income countries,1985,4234193,84006,102411,18405,9675,8682,16186,43360,67326,121946,275118,550292,1202794,1396478,423949,20234,23126,29029,38297,48993,72953,108964,166154,250945,299347,511502,691292,769130,627348,324685,99264,112086,24868,15975
High-income countries,1986,4235554,79506,96916,17410,9056,8171,16275,43270,68483,121772,267463,554713,1183822,1409667,439034,20071,23199,29212,39271,49509,72263,106214,161249,246625,308088,493204,690618,771806,637861,335299,103735,105972,24446,16909
High-income countries,1987,4214807,77337,93837,16500,8759,7621,15903,42937,68999,121660,264548,562754,1147677,1409639,452283,19719,23218,29410,39589,49937,71723,105659,158889,243274,319480,462508,685169,766000,643639,343924,108359,102596,23524,18190
High-income countries,1988,4279199,75326,91367,16041,8506,7561,15410,42647,68822,123209,260357,577438,1126563,1455157,482254,19482,23165,29348,39474,51637,71572,104346,156011,239194,338244,437282,689281,785184,669973,366622,115632,99873,22971,19907
High-income countries,1989,4291764,73143,88548,15405,8395,7489,15200,41923,69236,123974,255768,581883,1096256,1479351,502338,19070,22853,29855,39381,53161,70813,103058,152710,232655,349228,413770,682486,795377,683974,381043,121295,96943,22689,21403
High-income countries,1990,4324351,69014,83473,14459,7990,7431,14766,41055,69440,124383,251335,578416,1086092,1511738,525412,18477,22578,29507,39933,54341,70042,101736,149599,230905,347511,411705,674387,808626,703112,397626,127786,91463,22197,22819
High-income countries,1991,4351477,64371,78464,14093,7613,7034,14252,40518,70032,127192,249232,571997,1076451,1536103,548378,18279,22239,29811,40221,56260,70932,101938,147294,227546,344451,425232,651219,819181,716922,413443,134935,86077,21286,24210
High-income countries,1992,4341859,60602,73703,13101,7097,6843,13471,39462,69493,128821,245560,560787,1058818,1546055,566495,17683,21779,29135,40358,56674,72147,100425,145135,222296,338491,442800,616018,820577,725478,425621,140874,80800,20314,25253
High-income countries,1993,4470638,56247,69034,12787,7080,6947,13338,38696,70761,132652,246495,558278,1068845,1614565,616176,17155,21541,29740,41021,57526,75126,101270,145225,221220,337058,475484,593361,847086,767479,460541,155635,76114,20285,27771
High-income countries,1994,4437866,53549,65482,11933,6557,6524,12722,37570,70919,134817,244544,542422,1045996,1613698,627667,16573,20997,29534,41385,57056,77761,101585,142959,214581,327841,488985,557011,836633,777065,467682,159985,72039,19246,28947
High-income countries,1995,4522148,49485,60843,11358,6445,6677,13022,37141,71576,139118,245601,540712,1056211,1648744,664614,16397,20744,29912,41664,58696,80422,101948,143653,212699,328013,491961,564250,838791,809953,493710,170904,67288,19699,31443
High-income countries,1996,4534831,47654,58202,10548,6157,6199,12654,35468,69551,140079,243345,530179,1067646,1643489,688675,15316,20152,28646,40905,58064,82015,101574,141771,208459,321720,485730,581916,816127,827362,510202,178473,64359,18853,33184
High-income countries,1997,4533037,45378,55446,10068,5949,5880,12619,33681,66001,139035,244282,516997,1080498,1618990,717998,14864,18817,26553,39448,57249,81786,103440,140842,204456,312541,475884,604614,775209,843781,528249,189749,61395,18499,35660
High-income countries,1998,4572843,44075,53550,9475,5623,5668,12206,32788,64528,137858,246471,509024,1111775,1602304,753034,14625,18163,25514,39014,57363,80495,106426,140045,202144,306880,469583,642192,738940,863364,552081,200953,59173,17874,38013
High-income countries,1999,4658629,41995,50903,8908,5516,5528,12082,32323,63210,139275,250015,504541,1138622,1612198,803450,14533,17790,24845,38365,57803,81472,109096,140919,201782,302759,462199,676423,721055,891143,588711,214739,56419,17610,40965
High-income countries,2000,4603945,41010,49297,8287,5032,5246,11526,31391,61822,139261,251653,490854,1114515,1584308,817008,14316,17075,24148,37674,57306,81955,112547,139106,198165,292689,450352,664163,710916,873392,597990,219018,54329,16772,42030
High-income countries,2001,4599955,38723,46962,8239,4856,5116,10906,30488,61073,139836,255037,480653,1093523,1581779,845304,13802,16686,23729,37344,57071,82765,115475,139562,195052,285601,440086,653437,733889,847890,615822,229482,51818,16022,44422
High-income countries,2002,4668930,37752,45609,7857,4701,5027,10873,30021,59876,140366,259657,476692,1087474,1608832,891681,13887,16134,23482,36394,56896,83470,116373,143284,194378,282314,434808,652666,781218,827614,647901,243780,50310,15900,48121
High-income countries,2003,4772366,36655,44404,7749,4467,4896,10541,30048,58976,141030,266631,479549,1084841,1653214,941874,13898,16150,23136,35840,56762,84268,117047,149584,197131,282418,433180,651661,843191,810023,680959,260915,48871,15437,51895
High-income countries,2004,4635308,36111,43388,7277,4127,4649,10434,28816,56269,139139,267181,469961,1036211,1601536,921181,13247,15569,22036,34233,55144,83995,115858,151323,193915,276046,414762,621449,851276,750260,660171,261010,47515,15083,52416
High-income countries,2005,4736894,35186,42034,6848,4197,4469,9909,28449,55754,138582,273126,467111,1030515,1654231,971363,13150,15299,21948,33806,54605,83977,117377,155749,193033,274078,408245,622270,869129,785102,687865,283498,46231,14378,57153
High-income countries,2006,4680550,34892,41642,6750,3883,4164,9824,28214,53999,135934,276079,458703,999080,1654577,954874,12742,15472,20873,33126,53373,82561,117282,158797,191496,267207,395250,603830,846605,807972,662655,292219,45525,13988,59577
High-income countries,2007,4727184,34860,41384,6524,3798,4177,9482,27903,52566,133461,276340,461876,981234,1709727,961187,12525,15378,20280,32286,51479,81982,116669,159671,195878,265998,388002,593232,844275,865452,650768,310419,45182,13659,64047
High-income countries,2008,4798311,33993,40329,6336,3569,3799,9168,27270,51510,131719,274518,467322,970675,1771195,976858,12012,15258,20065,31445,50713,81006,117075,157443,202960,264362,385169,585506,839851,931344,644383,332475,43898,12967,70376
High-income countries,2009,4779520,32556,38757,6201,3621,3850,8766,27609,50935,130323,275174,468618,945112,1788335,964223,12106,15503,20109,30826,49624,80699,118172,157002,206070,262548,377750,567362,822892,965443,625480,338743,42378,12616,74194
High-income countries,2010,4847777,31030,37041,6011,3246,3538,8065,26095,49422,125213,274953,472536,939503,1807726,1019489,11546,14549,19538,29884,47542,77671,117181,157772,211414,261122,377209,562294,824093,983633,667231,352258,40287,11603,80949
High-income countries,2011,4911413,29898,35854,5956,3378,3546,8010,26283,49755,124783,278041,482512,930487,1809370,1072653,11704,14579,20334,29421,47541,77242,117500,160541,218821,263691,375687,554800,818657,990713,717834,354819,39232,11556,86741
High-income countries,2012,5026055,29463,35139,5676,3154,3344,7423,25360,47798,121036,276681,492848,932132,1842252,1144823,11197,14163,19634,28164,46165,74871,115795,160886,219995,272853,375801,556331,824799,1017453,785132,359691,38293,10767,94064
High-income countries,2013,5049621,28115,33650,5535,3108,3368,7111,24800,47672,118679,277882,502508,927789,1821568,1183102,10981,13819,19471,28201,45306,73373,115234,162648,220048,282460,376429,551360,812110,1009458,830352,352750,36758,10479,98382
High-income countries,2014,5038267,27906,33158,5252,3031,3170,6946,24829,47896,116821,278165,509309,921053,1780153,1211108,10766,14063,19440,28456,45222,71599,114403,163762,220798,288511,375543,545510,794354,985799,856909,354199,36189,10116,102627
High-income countries,2015,5254208,27274,32466,5192,3039,3358,7208,25138,48357,115901,280328,529645,942630,1852358,1304620,10859,14279,19875,28482,44512,71389,114516,165812,227265,302380,383254,559376,818067,1034291,915393,389227,35505,10566,109159
High-income countries,2016,5207355,26932,32130,5198,3085,3276,7112,26189,50516,115017,278509,538190,933663,1802487,1308448,11187,15002,20864,29652,43827,71190,112460,166049,227989,310201,383160,550503,794661,1007826,898729,409719,35215,10388,108733
High-income countries,2017,5331173,25930,30868,4938,3052,3317,7097,26259,50681,113335,274486,543179,953286,1833391,1379970,11051,15208,20941,29740,43126,70209,109842,164644,229046,314133,397207,556079,804560,1028831,931496,448474,33920,10414,112252
High-income countries,2018,5336856,24843,29670,4827,2990,3363,7129,25876,50821,111799,271861,545867,970159,1821126,1383897,10661,15215,20964,29857,42788,69011,107377,164484,232040,313827,410345,559814,804042,1017084,915357,468540,32660,10492,112295
High-income countries,2019,5314930,23997,28807,4810,2927,3283,6960,25670,51021,110102,266405,544612,976914,1801780,1381706,10770,14900,20948,30073,42447,67655,104588,161817,232450,312162,420365,556549,798744,1003036,901464,480242,31734,10243,114742
High-income countries,2020,5818714,22959,27388,4429,2775,3227,7208,27590,56260,118804,281752,590394,1078671,2005818,1492977,11490,16100,23238,33022,46959,71845,111237,170515,249144,341250,475063,603608,877508,1128310,982653,510324,30163,10435,125850
High-income countries,2021,5875644,22349,26748,4399,2725,3169,7261,27944,57413,120058,303407,625301,1128957,1952515,1484796,11767,16177,24296,33117,47329,72729,119226,184181,262098,363203,513255,615702,875538,1076977,968812,515984,29473,10430,135349
Honduras,1950,17696,6472,9940,3468,649,323,359,753,670,649,770,995,1282,1176,125,380,373,324,346,331,318,380,390,510,485,595,687,816,360,104,21,10589,682,3
Honduras,1951,18093,6659,10281,3622,672,328,364,771,682,661,787,1032,1232,1154,126,388,383,334,348,339,322,385,402,523,509,586,646,762,392,106,20,10953,692,3
Honduras,1952,18276,6737,10441,3704,688,327,365,779,691,674,804,1066,1195,1119,124,392,387,349,342,348,326,386,418,524,542,575,620,692,427,103,21,11129,692,3
Honduras,1953,18382,6805,10551,3746,704,325,364,776,693,682,817,1099,1168,1070,126,393,383,361,332,353,329,383,434,521,578,567,601,619,451,105,21,11255,689,3
Honduras,1954,18501,6861,10625,3764,728,327,365,782,704,694,830,1133,1160,1014,134,399,383,374,330,359,335,381,449,523,610,571,589,563,451,113,21,11353,692,3
Honduras,1955,18543,6899,10655,3756,748,329,362,782,710,699,840,1160,1163,952,146,399,383,381,329,359,340,382,458,529,631,586,577,521,431,125,21,11403,691,2
Honduras,1956,18599,6921,10654,3733,768,334,363,783,723,704,850,1189,1180,890,161,400,383,387,336,358,346,385,465,544,645,613,567,491,399,138,23,11422,697,2
Honduras,1957,18492,6856,10488,3632,779,340,362,787,741,710,855,1213,1211,835,172,400,387,390,351,353,357,389,466,566,647,655,556,473,362,150,22,11267,702,2
Honduras,1958,18303,6788,10332,3544,772,342,354,771,739,699,851,1228,1248,784,178,389,382,380,359,339,360,390,461,586,642,697,551,459,325,156,22,11104,696,2
Honduras,1959,18182,6721,10175,3454,770,349,355,767,748,697,855,1250,1293,746,181,385,382,377,371,333,364,396,459,605,645,736,557,449,297,156,25,10945,704,2
Honduras,1960,18006,6660,10031,3371,756,351,349,748,739,691,851,1262,1334,717,174,374,374,367,372,329,362,397,454,611,651,760,574,441,276,148,26,10787,700,2
Honduras,1961,18104,6615,9920,3305,787,377,364,762,763,712,876,1298,1384,695,164,380,382,377,386,344,368,412,464,625,673,780,604,433,262,135,29,10707,741,2
Honduras,1962,17839,6530,9712,3182,752,372,364,743,749,706,877,1312,1420,678,153,371,372,371,378,350,356,415,462,619,693,777,643,426,252,122,31,10464,736,2
Honduras,1963,17783,6466,9561,3095,749,377,373,742,749,715,896,1341,1467,672,142,371,371,373,376,366,349,426,470,616,725,776,691,424,248,109,33,10310,750,2
Honduras,1964,17661,6412,9422,3010,736,375,379,725,735,716,902,1354,1505,672,133,365,360,367,368,375,341,429,473,609,745,777,728,430,242,101,32,10158,754,3
Honduras,1965,17632,6360,9284,2924,732,379,394,726,736,729,917,1376,1549,684,124,368,358,367,369,385,344,434,483,611,765,793,756,446,238,94,30,10016,773,3
Honduras,1966,17560,6282,9120,2838,725,379,405,725,733,742,922,1390,1589,708,119,371,354,365,368,389,353,431,491,615,775,817,772,472,236,91,28,9845,784,3
Honduras,1967,17520,6196,8948,2752,721,382,422,736,736,761,931,1399,1628,740,112,383,353,365,371,393,368,426,505,622,777,851,777,507,233,88,24,9669,804,3
Honduras,1968,17425,6136,8815,2679,705,377,422,731,722,767,930,1399,1666,779,108,387,344,354,368,385,382,415,515,627,772,889,777,546,233,86,22,9520,799,4
Honduras,1969,17385,6074,8664,2590,697,377,430,742,721,783,936,1407,1709,814,105,398,344,351,370,385,398,411,525,637,770,922,787,576,238,84,21,9361,807,3
Honduras,1970,17360,6012,8516,2504,692,377,438,760,718,794,943,1420,1749,845,101,413,347,348,370,384,410,413,530,648,772,944,805,597,248,82,19,9208,815,3
Honduras,1971,17380,5969,8394,2425,686,379,446,783,718,806,954,1440,1789,875,101,429,354,346,372,386,420,424,530,662,778,957,832,611,264,82,19,9080,825,3
Honduras,1972,17287,5923,8270,2347,667,373,442,792,701,803,957,1460,1824,898,100,435,357,338,363,385,418,439,518,675,785,957,867,613,285,82,18,8937,815,3
Honduras,1973,18823,5974,8478,2504,874,547,583,995,820,911,1062,1578,1937,936,101,551,444,401,419,443,468,509,553,738,840,999,938,627,309,83,18,9352,1130,2
Honduras,1974,21914,6362,9637,3275,1498,778,669,1155,986,1095,1230,1733,2048,982,103,625,530,479,507,538,557,612,618,821,912,1039,1009,651,331,86,17,11135,1447,2
Honduras,1975,16942,5698,7807,2109,625,357,435,818,672,790,981,1501,1889,960,104,441,377,328,344,380,410,485,496,694,807,939,950,631,329,88,16,8432,792,2
Honduras,1976,17041,5643,7684,2041,611,348,429,819,663,784,996,1517,1953,1082,149,436,383,327,336,375,409,490,506,689,828,958,995,699,383,124,25,8295,777,3
Honduras,1977,17099,5541,7510,1969,598,342,424,824,661,782,1017,1530,2007,1203,196,434,390,329,332,371,411,491,526,678,852,981,1026,774,429,162,34,8108,766,5
Honduras,1978,17146,5434,7336,1902,586,336,418,821,661,780,1041,1543,2061,1320,237,430,391,334,327,367,413,488,553,665,878,1007,1054,848,472,193,44,7922,754,6
Honduras,1979,17132,5334,7162,1828,572,326,409,810,660,771,1059,1548,2106,1424,276,421,389,339,321,358,413,486,573,655,893,1031,1075,909,515,222,54,7734,735,7
Honduras,1980,17076,5217,6967,1750,556,320,400,799,663,762,1068,1553,2152,1516,310,413,386,344,319,353,409,483,585,655,898,1055,1097,959,557,249,61,7523,720,8
Honduras,1981,17072,5088,6765,1677,546,315,398,795,676,758,1080,1569,2211,1610,344,410,385,354,322,349,409,484,596,670,899,1084,1127,1004,606,272,72,7311,713,9
Honduras,1982,16925,4957,6577,1620,531,306,378,757,664,736,1067,1566,2264,1694,375,388,369,348,316,337,399,478,589,688,878,1110,1154,1036,658,294,81,7108,684,11
Honduras,1983,16771,4807,6338,1531,500,291,364,732,662,720,1062,1574,2332,1778,406,375,357,346,316,328,392,479,583,716,858,1144,1188,1067,711,315,91,6838,655,12
Honduras,1984,16677,4655,6107,1452,484,285,360,720,668,710,1059,1592,2386,1851,436,368,352,345,323,324,386,479,580,743,849,1165,1221,1097,754,338,98,6591,645,13
Honduras,1985,16885,4511,5892,1381,490,296,374,753,712,735,1089,1649,2468,1943,469,385,368,364,348,339,396,494,595,780,869,1197,1271,1141,802,363,106,6382,670,14
Honduras,1986,16649,4372,5676,1304,463,281,357,713,696,716,1070,1661,2494,2007,500,363,350,349,347,333,383,483,587,782,879,1188,1306,1172,835,388,112,6139,638,16
Honduras,1987,16527,4241,5478,1237,441,272,345,685,685,707,1063,1690,2523,2077,537,350,335,339,346,332,375,477,586,779,911,1172,1351,1208,869,415,122,5919,617,17
Honduras,1988,16674,4116,5293,1177,438,277,357,704,715,731,1085,1754,2570,2159,572,359,345,349,366,350,381,483,602,787,967,1165,1405,1257,902,444,128,5731,634,19
Honduras,1989,16287,4002,5117,1115,416,268,346,678,697,729,1072,1768,2532,2101,544,347,331,338,359,354,375,474,598,777,991,1137,1395,1235,866,421,123,5533,614,18
Honduras,1990,16055,3901,4961,1060,399,262,344,671,697,742,1069,1791,2520,2063,518,343,328,336,361,365,377,470,599,775,1016,1136,1384,1225,838,402,116,5360,606,17
Honduras,1991,15757,3804,4811,1007,379,252,337,651,682,751,1052,1792,2501,2032,492,334,317,327,355,372,379,460,592,770,1022,1146,1355,1217,815,383,109,5190,589,17
Honduras,1992,15738,3722,4689,967,375,254,345,665,696,784,1062,1818,2528,2030,476,342,323,332,364,390,394,465,597,784,1034,1196,1332,1228,802,371,105,5064,599,16
Honduras,1993,15807,3727,4741,1014,383,257,344,660,689,802,1056,1819,2549,2031,459,341,319,328,361,398,404,461,595,789,1030,1248,1301,1239,792,358,101,5124,601,15
Honduras,1994,15728,3585,4511,926,367,255,356,685,712,844,1074,1839,2591,2033,444,355,330,339,373,415,429,473,601,803,1036,1302,1289,1244,789,347,97,4878,611,15
Honduras,1995,15445,3463,4333,870,344,240,341,657,690,849,1060,1828,2623,2031,433,341,316,326,364,410,439,469,591,798,1030,1331,1292,1241,790,340,93,4677,581,14
Honduras,1996,15387,3365,4189,824,331,234,341,667,693,877,1071,1839,2681,2025,425,346,321,328,365,417,460,481,590,802,1037,1355,1326,1229,796,334,91,4520,575,13
Honduras,1997,15468,3269,4056,787,328,233,348,687,711,916,1099,1869,2763,2025,419,357,330,336,375,429,487,502,597,810,1059,1373,1390,1214,811,332,87,4384,581,13
Honduras,1998,23907,4096,6612,2516,1804,980,776,1381,1384,1506,1523,2259,3133,2109,426,708,673,676,708,737,769,733,790,1000,1259,1543,1590,1256,853,340,86,8416,1756,13
Honduras,1999,15383,3101,3825,724,313,223,340,690,711,948,1141,1881,2877,2012,415,357,333,335,376,436,512,541,600,804,1077,1367,1510,1183,829,332,83,4138,563,12
Honduras,2000,15443,2982,3666,684,307,223,344,713,729,976,1189,1898,2935,2035,415,368,345,344,385,446,530,573,616,808,1090,1376,1559,1203,832,333,82,3973,567,12
Honduras,2001,15261,2854,3509,655,292,213,327,688,712,968,1212,1881,2966,2069,424,352,336,336,376,440,528,592,620,796,1085,1380,1586,1240,829,342,82,3801,540,11
Honduras,2002,15416,2723,3346,623,290,214,334,714,740,1004,1279,1906,3017,2131,432,364,350,352,388,456,548,628,651,808,1098,1407,1610,1307,824,350,82,3636,548,11
Honduras,2003,15614,2593,3185,592,291,218,343,746,774,1041,1358,1931,3065,2206,442,378,368,369,405,471,570,667,691,820,1111,1439,1626,1386,820,360,82,3476,561,11
Honduras,2004,15408,2458,3013,555,272,206,323,709,752,1027,1381,1914,3073,2274,452,356,353,359,393,463,564,671,710,817,1097,1446,1627,1449,825,368,84,3285,529,11
Honduras,2005,15715,2340,2867,527,280,215,338,751,799,1074,1470,1961,3127,2364,458,375,376,383,416,483,591,705,765,847,1114,1472,1655,1511,853,373,85,3147,553,11
Honduras,2006,15903,2223,2711,488,272,214,346,771,834,1111,1548,2003,3170,2446,462,383,388,400,434,501,610,731,817,877,1126,1490,1680,1553,893,374,88,2983,560,11
Honduras,2007,16248,2113,2573,460,273,220,361,810,887,1165,1640,2065,3234,2540,468,401,409,426,461,525,640,765,875,923,1142,1511,1723,1588,952,376,92,2846,581,11
Honduras,2008,16594,2020,2463,443,273,226,376,841,933,1213,1721,2138,3294,2629,472,415,426,448,485,547,666,796,925,977,1161,1527,1767,1612,1017,377,95,2736,602,11
Honduras,2009,16404,1911,2318,407,250,210,354,789,907,1191,1724,2162,3299,2700,486,387,402,432,475,536,655,790,934,1005,1157,1515,1784,1628,1072,387,99,2568,564,11
Honduras,2010,16474,1842,2255,413,247,208,343,765,900,1191,1741,2218,3314,2775,503,375,390,427,473,536,655,794,947,1048,1170,1511,1803,1655,1120,404,99,2502,551,12
Honduras,2011,16301,1740,2109,369,219,190,319,713,868,1171,1733,2272,3317,2848,531,349,364,406,462,527,644,787,946,1085,1187,1504,1813,1687,1161,430,101,2328,509,12
Honduras,2012,16281,1662,2008,346,202,179,303,677,848,1164,1736,2338,3327,2920,566,331,346,393,455,524,640,785,951,1123,1215,1502,1825,1730,1190,463,103,2210,482,13
Honduras,2013,16360,1596,1924,328,192,171,291,655,837,1168,1748,2418,3342,2989,605,321,334,384,453,527,641,790,958,1158,1260,1506,1836,1775,1214,501,104,2116,462,14
Honduras,2014,16723,1539,1852,313,187,169,294,663,861,1214,1804,2542,3396,3079,645,326,337,392,469,549,665,813,991,1207,1335,1536,1860,1830,1249,536,109,2039,463,14
Honduras,2015,16776,1488,1783,295,174,158,282,642,845,1218,1811,2618,3420,3138,674,316,326,381,464,551,667,815,996,1226,1392,1557,1863,1857,1281,560,114,1957,440,14
Honduras,2016,17244,1445,1730,285,172,158,289,655,869,1273,1875,2756,3506,3235,709,322,333,389,480,577,696,843,1032,1270,1486,1615,1891,1904,1331,587,122,1902,447,14
Honduras,2017,17700,1405,1681,276,168,158,293,671,893,1327,1937,2883,3607,3330,743,330,341,397,496,601,726,872,1065,1311,1572,1688,1919,1945,1385,609,134,1849,451,13
Honduras,2018,18145,1364,1628,264,162,154,294,681,910,1379,1997,3002,3725,3425,777,333,348,402,508,623,756,901,1096,1353,1649,1775,1950,1985,1440,631,146,1790,448,13
Honduras,2019,18736,1329,1592,263,166,158,301,707,940,1447,2073,3125,3884,3520,813,346,361,415,525,652,795,938,1135,1399,1726,1884,2000,2024,1496,656,157,1758,459,14
Honduras,2020,21826,1292,1550,258,170,158,304,726,995,1686,2565,3999,4733,4020,911,354,372,430,565,743,943,1149,1416,1784,2215,2408,2325,2293,1727,737,174,1720,462,16
Honduras,2021,25493,1259,1523,264,171,160,335,844,1189,2059,3126,4852,5619,4589,1010,407,437,512,677,899,1160,1401,1725,2201,2651,2900,2719,2608,1981,821,189,1694,495,17
Hong Kong,1950,8304,2711,3492,781,108,64,119,395,501,575,704,720,1008,515,103,180,215,236,265,280,295,352,352,322,398,550,458,313,202,83,20,3600,183,3
Hong Kong,1951,8357,2442,3420,978,124,57,113,388,507,596,742,742,1027,538,104,175,213,237,270,291,305,365,377,348,394,535,492,335,203,87,17,3544,170,3
Hong Kong,1952,8420,2391,3427,1036,156,49,102,372,500,608,763,762,1018,552,103,167,205,233,267,297,311,370,393,373,389,505,513,351,201,86,17,3583,151,3
Hong Kong,1953,8355,2341,3402,1061,163,44,93,351,487,612,770,780,986,564,106,157,194,227,260,300,312,369,401,394,386,469,517,365,199,89,17,3565,137,2
Hong Kong,1954,8428,2294,3337,1043,229,43,84,336,484,626,790,826,972,592,112,149,187,226,258,307,319,375,415,424,402,455,517,386,206,93,19,3566,127,2
Hong Kong,1955,8465,2228,3241,1013,257,43,76,323,479,641,816,884,963,623,117,142,181,221,258,312,329,384,432,452,432,457,506,405,218,98,19,3498,119,2
Hong Kong,1956,8521,2183,3169,986,260,46,68,311,477,659,844,949,963,653,125,134,177,218,259,316,343,393,451,479,470,470,493,419,234,102,23,3429,114,2
Hong Kong,1957,8602,2136,3088,952,259,55,62,300,477,677,877,1021,978,676,130,126,174,214,263,318,359,407,470,506,515,493,485,428,248,106,24,3347,117,2
Hong Kong,1958,8687,2075,2979,904,255,64,57,289,477,700,914,1099,1026,687,138,117,172,210,267,321,379,423,491,536,563,534,492,423,264,109,29,3234,121,3
Hong Kong,1959,8728,2005,2849,844,252,80,54,276,475,719,947,1168,1091,672,144,108,168,206,269,324,395,438,509,561,607,581,510,401,271,114,30,3101,134,3
Hong Kong,1960,8657,1905,2665,760,240,90,53,257,467,725,965,1227,1182,631,151,98,159,201,266,324,401,450,515,587,640,636,546,370,261,117,34,2905,143,3
Hong Kong,1961,8616,1800,2454,654,225,96,58,239,459,735,998,1298,1305,590,153,89,150,198,261,329,406,472,526,621,677,705,600,355,235,118,35,2679,154,4
Hong Kong,1962,8708,1670,2251,581,232,111,70,224,458,749,1044,1356,1404,640,163,81,143,199,259,338,411,501,543,650,706,754,650,410,230,127,36,2483,181,5
Hong Kong,1963,8460,1507,1988,481,200,104,76,196,424,721,1049,1367,1460,700,170,72,124,184,240,326,395,508,541,653,714,772,688,466,234,133,37,2188,180,5
Hong Kong,1964,8338,1373,1801,428,195,106,85,177,402,704,1051,1374,1504,759,176,66,111,174,228,318,386,508,543,650,724,782,722,511,248,137,39,1996,191,6
Hong Kong,1965,8287,1248,1626,378,177,103,95,163,379,686,1059,1399,1570,838,183,66,97,161,218,305,381,505,554,648,751,800,770,563,275,143,40,1803,198,6
Hong Kong,1966,8377,1083,1444,361,174,110,107,160,369,683,1086,1444,1659,933,199,70,90,152,217,298,385,508,578,655,789,833,826,618,315,154,45,1618,217,7
Hong Kong,1967,8572,927,1239,312,157,109,111,163,354,687,1135,1526,1789,1064,228,80,83,141,213,294,393,519,616,687,839,891,898,691,373,175,53,1396,220,8
Hong Kong,1968,8664,819,1100,281,150,111,116,166,335,674,1148,1559,1868,1171,254,89,77,130,205,285,389,516,632,703,856,930,938,757,414,196,58,1250,227,11
Hong Kong,1969,8925,757,999,242,138,109,122,178,317,668,1176,1621,1990,1296,298,102,76,118,199,281,387,524,652,738,883,997,993,838,458,230,68,1137,231,11
Hong Kong,1970,8885,673,877,204,125,103,120,185,288,639,1155,1620,2041,1379,339,110,75,104,184,270,369,513,642,748,872,1030,1011,891,488,256,83,1002,223,11
Hong Kong,1971,8807,631,805,174,118,103,120,197,262,604,1118,1598,2060,1434,377,118,79,94,168,256,348,495,623,747,851,1040,1020,921,513,273,104,923,223,12
Hong Kong,1972,8981,613,773,160,109,101,124,213,244,586,1113,1631,2130,1550,393,129,84,88,156,248,338,491,622,767,864,1064,1066,971,579,274,119,882,225,15
Hong Kong,1973,9168,571,698,127,86,90,120,223,225,572,1119,1694,2222,1691,411,131,92,82,143,240,332,490,629,796,898,1091,1131,1027,664,283,128,784,210,19
Hong Kong,1974,9418,544,661,117,77,86,120,242,214,561,1123,1754,2308,1815,437,139,103,81,133,233,328,489,634,821,933,1113,1195,1071,744,304,133,738,206,23
Hong Kong,1975,9825,500,612,112,71,83,123,264,211,558,1143,1847,2436,1965,481,144,120,84,127,228,330,491,652,855,992,1154,1282,1137,828,346,135,683,206,28
Hong Kong,1976,10287,476,585,109,69,82,125,286,211,554,1163,1946,2574,2115,545,151,135,90,121,220,334,491,672,882,1064,1201,1373,1215,900,407,138,654,207,33
Hong Kong,1977,10975,464,565,101,64,78,123,311,219,559,1206,2088,2779,2309,632,159,152,100,119,217,342,501,705,923,1165,1290,1489,1332,977,489,143,629,201,38
Hong Kong,1978,11248,447,544,97,63,73,120,322,229,538,1200,2142,2872,2397,700,162,160,114,115,203,335,494,706,926,1216,1335,1537,1398,999,552,148,607,193,43
Hong Kong,1979,11481,390,481,91,61,67,116,331,241,519,1194,2196,2980,2482,774,164,167,129,112,192,327,488,706,931,1265,1388,1592,1466,1016,606,168,542,183,41
Hong Kong,1980,11291,377,462,85,56,57,105,321,247,475,1132,2142,2962,2487,811,157,164,141,106,173,302,465,667,903,1239,1395,1567,1488,999,614,197,518,162,36
Hong Kong,1981,11221,390,469,79,50,51,95,310,256,435,1070,2084,2987,2540,839,149,161,150,106,158,277,445,625,886,1198,1437,1550,1533,1007,605,234,519,146,34
Hong Kong,1982,11623,375,452,77,47,51,91,314,282,420,1067,2108,3127,2737,887,146,168,162,120,152,268,443,624,903,1205,1515,1612,1636,1101,625,262,499,142,39
Hong Kong,1983,12112,349,422,73,43,48,84,320,312,408,1078,2155,3279,2956,952,144,176,174,138,147,261,446,632,926,1229,1597,1682,1754,1202,677,275,465,132,49
Hong Kong,1984,12486,310,377,67,41,45,77,316,338,396,1077,2193,3391,3140,1039,138,178,182,156,144,252,444,633,941,1252,1669,1722,1861,1279,748,291,418,122,54
Hong Kong,1985,12550,286,348,62,39,42,70,303,355,381,1040,2162,3404,3230,1118,129,174,182,173,142,239,423,617,916,1246,1676,1728,1903,1327,807,311,387,112,54
Hong Kong,1986,12766,258,313,55,36,39,64,291,377,372,1012,2152,3468,3365,1219,120,171,189,188,149,223,410,602,906,1246,1692,1776,1956,1409,860,359,349,103,55
Hong Kong,1987,13075,242,292,50,36,36,62,277,392,370,987,2127,3572,3583,1278,112,165,194,198,165,205,398,589,893,1234,1685,1887,2012,1571,884,394,328,98,62
Hong Kong,1988,13633,244,291,47,33,34,60,268,411,381,979,2148,3724,3864,1366,107,161,201,210,186,195,382,597,887,1261,1675,2049,2089,1775,944,422,324,94,72
Hong Kong,1989,14200,224,267,43,32,33,59,260,429,400,967,2174,3844,4148,1500,101,159,206,223,208,192,365,602,886,1288,1658,2186,2175,1973,1047,453,299,92,83
Hong Kong,1990,14488,211,252,41,30,31,54,246,431,420,923,2154,3819,4376,1661,94,152,204,227,231,189,342,581,873,1281,1608,2211,2262,2114,1177,484,282,85,93
Hong Kong,1991,15036,203,244,41,28,30,51,238,441,454,884,2160,3809,4672,1922,92,146,203,238,253,201,320,564,868,1292,1599,2210,2413,2259,1379,543,272,81,103
Hong Kong,1992,15352,200,240,40,25,27,46,224,437,482,833,2120,3732,4863,2201,86,138,195,242,264,218,293,540,848,1272,1606,2126,2525,2338,1581,620,265,73,120
Hong Kong,1993,15564,187,227,40,25,26,41,207,431,514,775,2065,3625,4981,2489,80,127,188,243,273,241,271,504,830,1235,1629,1996,2594,2387,1766,723,252,67,158
Hong Kong,1994,15810,174,214,40,22,25,36,192,425,545,727,2016,3534,5065,2813,73,119,181,244,280,265,257,470,810,1206,1662,1872,2612,2453,1940,873,236,61,198
Hong Kong,1995,15954,155,196,41,22,22,33,175,409,570,687,1945,3449,5055,3141,66,109,171,238,282,288,252,435,767,1178,1684,1765,2531,2524,2083,1058,218,55,250
Hong Kong,1996,16425,132,172,40,21,22,32,163,400,607,669,1911,3486,5071,3544,59,104,166,234,293,314,266,403,735,1176,1719,1767,2427,2644,2246,1298,193,54,328
Hong Kong,1997,16399,122,168,46,23,21,34,155,386,633,662,1862,3630,4933,3506,55,100,158,228,303,330,291,371,710,1152,1702,1928,2317,2616,2199,1307,191,55,384
Hong Kong,1998,16187,98,139,41,21,17,31,143,372,646,671,1802,3765,4828,3338,51,92,149,223,304,342,324,347,673,1129,1668,2097,2281,2547,2103,1235,160,48,417
Hong Kong,1999,16161,87,124,37,19,17,29,137,358,669,695,1758,3888,4847,3180,49,88,139,219,311,358,359,336,640,1118,1652,2236,2352,2495,2022,1158,143,46,430
Hong Kong,2000,15849,82,115,33,19,16,27,128,342,667,727,1665,3878,4897,2952,47,81,131,211,305,362,395,332,593,1072,1616,2262,2477,2420,1902,1050,134,43,414
Hong Kong,2001,15573,71,98,27,18,15,25,120,324,668,767,1568,3809,5067,2716,44,76,124,200,298,370,423,344,541,1027,1583,2226,2656,2411,1781,935,116,40,379
Hong Kong,2002,16010,66,92,26,17,15,24,114,314,676,836,1514,3837,5391,2814,44,70,119,195,291,385,452,384,510,1004,1585,2252,2821,2570,1848,966,109,39,371
Hong Kong,2003,16861,62,94,32,21,20,28,125,324,717,936,1485,3938,5762,3030,50,75,126,198,304,413,493,443,496,989,1623,2315,3002,2760,1993,1037,115,48,385
Hong Kong,2004,17432,56,80,24,15,15,23,103,286,702,1009,1437,3984,6107,3277,40,63,111,175,290,412,516,493,485,952,1637,2347,3148,2959,2160,1117,95,38,396
Hong Kong,2005,17766,53,76,23,13,13,21,101,267,686,1073,1387,3940,6298,3490,40,61,102,165,279,407,526,547,483,904,1604,2336,3192,3106,2299,1191,89,34,399
Hong Kong,2006,18111,50,72,22,12,12,20,92,252,666,1133,1356,3888,6466,3735,35,57,95,157,268,398,541,592,506,850,1569,2319,3208,3258,2449,1286,84,32,408
Hong Kong,2007,18565,50,70,20,12,11,19,92,241,644,1188,1351,3866,6660,3982,35,57,89,152,258,386,557,631,557,794,1543,2323,3235,3425,2599,1383,82,30,431
Hong Kong,2008,19157,50,73,23,11,11,19,87,232,624,1242,1383,3884,6881,4237,32,55,84,148,243,381,574,668,630,753,1508,2376,3286,3595,2769,1468,84,30,471
Hong Kong,2009,19684,48,73,25,11,10,17,86,221,606,1278,1438,3877,7058,4506,31,55,80,141,231,375,579,699,706,732,1459,2418,3324,3734,2933,1573,84,27,508
Hong Kong,2010,19664,49,74,25,10,8,17,78,205,570,1263,1485,3720,7025,4675,28,50,76,129,213,357,562,701,767,718,1365,2355,3288,3737,3011,1664,84,25,533
Hong Kong,2011,20063,48,71,23,9,7,15,75,196,549,1266,1584,3610,7139,4962,26,49,75,121,204,345,546,720,831,753,1287,2323,3331,3808,3154,1808,80,22,578
Hong Kong,2012,20276,51,75,24,9,7,15,69,183,524,1256,1684,3441,7167,5215,24,45,72,111,197,327,525,731,867,817,1189,2252,3321,3846,3288,1927,84,22,628
Hong Kong,2013,20672,53,79,26,9,6,13,64,176,496,1255,1819,3291,7235,5529,24,40,70,106,189,307,513,742,909,910,1114,2177,3341,3894,3467,2062,88,19,698
Hong Kong,2014,21123,50,75,25,9,5,12,62,168,470,1252,1958,3164,7317,5859,23,39,67,101,181,289,505,747,948,1010,1072,2092,3374,3943,3629,2230,84,17,773
Hong Kong,2015,21673,49,72,23,8,5,12,59,162,449,1243,2111,3086,7409,6195,22,37,65,97,172,277,497,746,975,1136,1074,2012,3381,4028,3770,2425,80,17,861
Hong Kong,2016,21816,46,69,23,8,5,10,54,155,424,1199,2213,2992,7331,6404,21,33,61,94,160,264,476,723,985,1228,1111,1881,3287,4044,3826,2578,77,15,955
Hong Kong,2017,21517,43,65,22,8,5,8,49,144,399,1139,2247,2930,7167,6349,19,30,55,89,146,253,447,692,988,1259,1201,1729,3160,4007,3831,2518,73,13,1007
Hong Kong,2018,21403,39,61,22,7,5,7,44,134,375,1085,2281,2930,7042,6374,16,28,49,85,134,241,416,669,996,1285,1321,1609,3027,4015,3876,2498,68,12,1057
Hong Kong,2019,22723,35,58,23,7,5,7,43,133,376,1106,2455,3174,7363,6839,16,27,47,86,134,242,414,692,1059,1396,1542,1632,3077,4286,4175,2664,65,12,1162
Hong Kong,2020,23153,29,51,22,7,5,6,38,124,358,1078,2494,3440,7276,7050,14,24,43,81,129,229,397,681,1061,1433,1787,1653,2978,4298,4300,2750,58,11,1225
Hong Kong,2021,23888,23,43,20,8,5,6,35,115,345,1053,2555,3748,7302,7373,12,23,40,75,127,218,386,667,1054,1501,1955,1793,2951,4351,4474,2899,51,11,1301
Hungary,1950,51365,7141,8291,1150,406,320,633,1849,1756,3219,5419,9465,12063,7141,793,860,989,611,1145,1370,1849,2471,2948,4151,5314,6202,5861,4711,2430,688,105,8697,953,7
Hungary,1951,52334,6854,8034,1180,340,312,539,1661,1641,3088,5272,9532,13014,7930,959,771,890,703,938,1354,1734,2276,2996,4002,5530,6575,6439,5038,2892,834,125,8374,851,8
Hungary,1952,51760,5624,6509,885,230,190,431,1424,1563,2917,5493,9842,13678,8387,1087,637,787,738,825,1239,1678,2392,3101,4107,5735,6697,6981,5463,2924,946,141,6739,621,7
Hungary,1953,54916,6327,7344,1017,260,230,340,1050,1394,2890,5504,10156,15251,9278,1209,477,573,734,660,1219,1671,2343,3161,4121,6035,7386,7865,6049,3229,1052,157,7604,570,9
Hungary,1954,52801,5907,6679,772,195,174,261,989,1230,2790,5226,9912,15578,8796,960,435,554,688,542,1187,1603,2134,3092,3889,6023,7552,8026,5916,2880,836,124,6874,435,7
Hungary,1955,47923,5182,5930,748,241,160,246,846,1124,2525,4961,9251,13839,7876,913,356,490,594,530,1077,1448,2029,2932,3976,5275,6868,6971,5254,2622,782,131,6171,406,6
Hungary,1956,50387,4851,5624,773,213,191,290,897,1268,2540,5020,9637,15047,8626,1026,412,485,659,609,987,1553,2083,2937,4067,5570,7385,7662,5784,2842,888,138,5837,481,9
Hungary,1957,50548,4275,5016,741,186,177,286,794,1288,2455,4970,9714,15476,9098,1072,349,445,617,671,874,1581,1997,2973,4234,5480,7692,7784,6025,3073,923,149,5202,463,13
Hungary,1958,48161,3698,4360,662,177,173,211,688,1243,2247,4700,9326,15053,8991,982,291,397,571,672,753,1494,1978,2722,4018,5308,7355,7698,6066,2925,848,134,4537,384,10
Hungary,1959,50426,3332,3870,538,192,137,227,676,1224,2115,5016,9867,16048,9906,1132,282,394,484,740,664,1451,2026,2990,4200,5667,7553,8495,6649,3257,975,157,4062,364,12
Hungary,1960,49825,2942,3417,475,171,114,217,603,1225,2090,4755,9795,16218,10047,1156,271,332,505,720,636,1454,2013,2742,4185,5610,7508,8710,6747,3300,993,163,3588,331,14
Hungary,1961,47060,2594,2974,380,167,151,209,555,1139,1892,4663,9292,15037,9842,1125,261,294,451,688,670,1222,1981,2682,3923,5369,6970,8067,6552,3290,978,147,3141,360,10
Hungary,1962,53020,2639,3081,442,182,156,225,541,1150,1934,4953,10286,17153,11895,1450,253,288,443,707,781,1153,2101,2852,4246,6040,7709,9444,7754,4141,1260,190,3263,381,12
Hungary,1963,48611,2492,2870,378,141,140,232,528,1007,1958,4598,9908,15497,10472,1249,242,286,403,604,917,1041,1994,2604,4073,5835,7069,8428,6830,3642,1084,165,3011,372,8
Hungary,1964,48947,2241,2561,320,150,102,161,471,957,1719,4641,9764,15844,11270,1292,222,249,369,588,860,859,1939,2702,3953,5811,7343,8501,7408,3862,1111,181,2711,263,10
Hungary,1965,52654,2192,2497,305,131,125,207,466,929,1795,4777,10290,17146,12774,1501,205,261,346,583,916,879,1870,2907,4090,6200,7881,9265,8380,4394,1284,217,2628,332,12
Hungary,1966,49761,2336,2584,248,97,116,205,461,888,1839,4536,9805,16044,11730,1434,206,255,324,564,905,934,1751,2785,3876,5929,7700,8344,7650,4080,1236,198,2681,321,12
Hungary,1967,53094,2412,2672,260,112,117,183,469,822,2017,4358,10229,17469,13099,1532,213,256,340,482,862,1155,1548,2810,4031,6198,8422,9047,8498,4601,1327,205,2784,300,12
Hungary,1968,55708,2325,2600,275,121,136,209,453,878,2063,4390,10666,18401,13981,1797,198,255,315,563,834,1229,1373,3017,4158,6508,8804,9597,8945,5036,1549,248,2721,345,14
Hungary,1969,55814,2428,2669,241,92,119,183,439,880,2213,4442,10842,18565,13664,1684,199,240,345,535,846,1367,1356,3086,4215,6627,9054,9511,8669,4995,1457,227,2761,302,15
Hungary,1970,57641,2273,2530,257,105,106,187,469,832,2275,4240,10892,19532,14531,1923,211,258,311,521,872,1403,1316,2924,4464,6428,9246,10286,9008,5523,1662,261,2635,293,19
Hungary,1971,58596,2271,2488,217,103,93,206,492,861,2362,4345,11199,20256,14200,1968,212,280,316,545,907,1455,1541,2804,4702,6497,9478,10778,8837,5363,1705,263,2591,299,19
Hungary,1972,57183,2171,2399,228,92,94,204,445,876,2239,4257,10851,19486,14156,2066,218,227,325,551,880,1359,1761,2496,4582,6269,9003,10483,8679,5477,1787,279,2491,298,19
Hungary,1973,59266,2216,2424,208,83,87,178,482,831,2255,4252,11292,20235,14836,2293,218,264,335,496,853,1402,1954,2298,4639,6653,9214,11021,9144,5692,1983,310,2507,265,21
Hungary,1974,60484,2990,3212,222,117,100,202,448,908,2253,4151,11236,20147,15299,2387,209,239,377,531,884,1369,2163,1988,4746,6490,9153,10994,9382,5917,2058,329,3329,302,23
Hungary,1975,62857,2695,2888,193,92,79,175,508,819,2318,4258,11442,21285,16391,2575,243,265,339,480,854,1464,2244,2014,4564,6878,9442,11843,10218,6173,2212,363,2980,254,25
Hungary,1976,63788,2344,2547,203,97,81,166,518,876,2364,4670,11473,21466,16930,2573,231,287,357,519,883,1481,2285,2385,4423,7050,9613,11853,10666,6264,2189,384,2644,247,29
Hungary,1977,63041,1963,2159,196,105,73,145,464,926,2240,4879,11136,21423,16832,2627,222,242,387,539,839,1401,2184,2695,3837,7299,9492,11931,10689,6143,2237,390,2264,218,33
Hungary,1978,67022,1665,1861,196,88,87,168,516,936,2372,5362,11083,22833,18759,2918,226,290,356,580,878,1494,2239,3123,3520,7563,10064,12769,11963,6796,2475,443,1949,255,39
Hungary,1979,64668,1591,1777,186,90,67,132,480,946,2362,5748,10465,21872,17914,2781,198,282,385,561,917,1445,2277,3471,3167,7298,9820,12052,11307,6607,2346,435,1867,199,36
Hungary,1980,68659,1427,1596,169,91,92,138,521,1010,2482,5897,10881,23125,19714,3064,212,309,396,614,942,1540,2329,3568,3408,7473,10637,12488,12385,7329,2589,475,1687,230,41
Hungary,1981,68284,1245,1378,133,85,88,126,531,1114,2490,5981,10596,23314,19597,2945,213,318,467,647,958,1532,2486,3495,3608,6988,10728,12586,12079,7518,2479,466,1463,214,41
Hungary,1982,68129,1103,1240,137,108,82,137,469,1080,2359,5711,10417,23150,20168,3159,159,310,442,638,936,1423,2199,3512,4247,6170,10802,12348,12419,7749,2643,516,1348,219,45
Hungary,1983,70017,1005,1156,151,116,89,145,492,1164,2468,5793,10271,23792,21173,3308,158,334,494,670,958,1510,2245,3548,4942,5329,11045,12747,12784,8389,2792,516,1272,234,47
Hungary,1984,68539,1092,1227,135,82,79,145,452,1192,2395,5712,9853,23472,20407,3469,160,292,503,689,981,1414,2232,3480,5273,4580,10752,12720,12321,8086,2919,550,1309,224,50
Hungary,1985,69632,1162,1285,123,94,71,138,421,1238,2496,5721,9807,23566,21054,3684,152,269,531,707,1020,1476,2266,3455,5085,4722,10375,13191,12547,8507,3107,577,1379,209,51
Hungary,1986,70072,1001,1126,125,88,89,144,427,1306,2427,5519,10585,23160,21281,3862,153,274,562,744,974,1453,2166,3353,5101,5484,9790,13370,12647,8634,3292,570,1214,233,52
Hungary,1987,67711,882,1008,126,77,82,139,380,1246,2359,5410,10813,21493,20768,3878,155,225,509,737,985,1374,2082,3328,4869,5944,8414,13079,12274,8494,3292,586,1085,221,55
Hungary,1988,66690,845,949,104,59,79,144,377,1254,2359,5189,11501,20130,20614,3974,163,214,489,765,970,1389,2025,3164,4767,6734,6993,13137,12303,8311,3338,636,1008,223,56
Hungary,1989,68148,849,966,117,81,87,124,399,1301,2581,5416,11975,19295,21677,4177,168,231,506,795,1060,1521,2111,3305,4749,7226,6352,12943,12918,8759,3496,681,1047,211,62
Hungary,1990,68638,816,921,105,87,84,171,389,1305,2648,5196,11900,19230,22120,4522,190,199,472,833,1116,1532,2088,3108,4738,7162,6397,12833,13316,8804,3767,755,1008,255,71
Hungary,1991,67998,846,946,100,65,73,157,373,1328,2663,5134,11770,18443,22375,4594,181,192,428,900,1102,1561,2097,3037,4692,7078,7025,11418,13372,9003,3818,776,1011,230,76
Hungary,1992,69010,731,831,100,62,79,155,359,1356,2872,5337,11583,18643,22896,4757,162,197,428,928,1299,1573,2216,3121,4599,6984,8139,10504,13750,9146,3934,823,893,234,77
Hungary,1993,69684,628,741,113,50,78,150,342,1405,3042,5354,11719,18117,23411,5184,145,197,401,1004,1363,1679,2231,3123,4760,6959,9168,8949,14041,9370,4268,916,791,228,92
Hungary,1994,68181,567,665,98,52,49,131,334,1209,2987,5193,11192,17877,23352,5054,167,167,339,870,1338,1649,2253,2940,4565,6627,10048,7829,13839,9513,4155,899,717,180,90
Hungary,1995,67957,505,593,88,54,64,124,323,1066,3025,5150,11040,17452,23896,5080,141,182,319,747,1331,1694,2139,3011,4500,6540,9647,7805,13766,10130,4136,944,647,188,90
Hungary,1996,68215,501,593,92,60,64,100,351,917,2860,4753,10512,18657,23861,5391,148,203,268,649,1248,1612,1984,2769,4103,6409,9589,9068,13047,10814,4371,1020,653,164,96
Hungary,1997,66028,413,493,80,50,43,113,304,827,2957,4909,10058,19344,21427,5402,154,150,249,578,1331,1626,2029,2880,3998,6060,9138,10206,10788,10639,4375,1027,543,156,101
Hungary,1998,66490,396,479,83,48,47,93,311,804,2952,5031,9830,20509,20462,5808,140,171,263,541,1242,1710,2161,2870,3855,5975,8864,11645,9378,11084,4709,1099,527,140,113
Hungary,1999,68498,342,406,64,47,49,97,289,755,3034,5025,9944,21952,20477,6294,133,156,237,518,1205,1829,2124,2901,3829,6115,9133,12819,8884,11593,5119,1175,453,146,127
Hungary,2000,65138,410,474,64,40,54,88,267,716,2846,4809,9311,20792,19342,6276,139,128,236,480,1013,1833,2093,2716,3702,5609,8521,12271,8561,10781,5155,1121,514,142,122
Hungary,2001,63818,351,396,45,36,46,80,284,613,2701,4806,8851,19886,19454,6547,108,176,222,391,912,1789,2158,2648,3639,5212,8193,11693,9765,9689,5321,1226,432,126,123
Hungary,2002,64019,335,395,60,36,44,81,283,623,2680,4783,8637,19416,20040,6869,108,175,206,417,875,1805,2210,2573,3494,5143,8025,11391,11281,8759,5553,1316,431,125,133
Hungary,2003,65819,300,353,53,45,46,76,250,598,2540,5049,8593,19617,21097,7399,104,146,234,364,823,1717,2296,2753,3590,5003,8102,11515,13333,7764,5977,1422,398,122,159
Hungary,2004,64161,280,324,44,35,34,77,226,581,2321,5068,8643,18561,20602,7527,86,140,218,363,743,1578,2353,2715,3694,4949,7603,10958,13759,6843,6032,1495,359,111,169
Hungary,2005,65947,255,305,50,33,33,85,252,613,2153,5192,8489,19005,21954,7664,91,161,208,405,703,1450,2430,2762,3520,4969,7659,11346,14073,7881,6123,1541,338,118,173
Hungary,2006,63738,252,310,58,16,42,71,217,573,1959,5243,8413,17559,22331,6828,80,137,227,346,624,1335,2406,2837,3556,4857,7007,10552,13507,8824,5262,1566,326,113,177
Hungary,2007,64622,267,315,48,30,44,68,212,573,1993,5464,8347,17240,23571,6568,91,121,207,366,645,1348,2427,3037,3514,4833,6861,10379,13467,10104,4818,1750,345,112,198
Hungary,2008,63737,240,281,41,29,35,75,193,537,1757,5256,8280,16791,24372,5927,75,118,214,323,612,1145,2352,2904,3636,4644,6556,10235,12962,11410,4154,1773,310,110,208
Hungary,2009,64052,230,270,40,26,36,70,171,548,1637,5237,8451,16456,25013,5901,78,93,197,351,573,1064,2227,3010,3668,4783,6574,9882,12852,12161,3998,1903,296,106,231
Hungary,2010,65181,219,258,39,19,25,65,167,491,1493,5080,8254,16427,25896,6753,63,104,179,312,505,988,1999,3081,3654,4600,6659,9768,13198,12698,4862,1891,277,90,252
Hungary,2011,64863,195,252,57,19,23,64,169,470,1503,4869,8459,16062,25299,7397,74,95,169,301,548,955,1784,3085,3803,4656,6530,9532,12810,12489,5651,1746,271,87,281
Hungary,2012,65963,218,252,34,29,23,45,162,438,1409,4769,8667,15811,25797,8261,69,93,151,287,526,883,1669,3100,3905,4762,6486,9325,13109,12688,6664,1597,281,68,301
Hungary,2013,64757,187,216,29,19,28,52,157,438,1351,4475,8650,15415,25286,8367,72,85,147,291,467,884,1497,2978,3979,4671,6320,9095,12668,12618,7048,1319,235,80,297
Hungary,2014,64378,187,213,26,19,18,40,146,433,1334,4220,8883,15225,24615,8892,49,97,136,297,493,841,1420,2800,4104,4779,6361,8864,12344,12271,7492,1400,232,58,340
Hungary,2015,68182,167,211,44,25,20,39,172,404,1308,4218,9469,15889,26247,9848,75,97,116,288,484,824,1489,2729,4409,5060,6677,9212,13022,13225,8119,1729,236,59,332
Hungary,2016,64361,168,199,31,17,22,40,144,417,1249,3697,9298,15152,24184,9653,67,77,133,284,477,772,1261,2436,4262,5036,6265,8887,11915,12269,7729,1924,216,62,289
Hungary,2017,67664,141,179,38,31,26,36,120,437,1282,3622,9820,15723,25694,10450,49,71,148,289,447,835,1320,2302,4346,5474,6469,9254,12416,13278,8203,2247,210,62,242
Hungary,2018,66940,144,172,28,13,14,44,171,375,1266,3399,9680,15600,25378,10611,89,82,129,246,476,790,1242,2157,4231,5449,6428,9172,12274,13104,8108,2503,185,58,216
Hungary,2019,66588,143,172,29,22,24,43,131,369,1218,3302,9495,15826,25227,10524,55,76,139,230,481,737,1229,2073,3945,5550,6553,9273,12177,13050,8011,2513,194,67,234
Hungary,2020,72159,122,159,37,14,13,28,158,385,1314,3420,10299,17779,26975,11315,71,87,141,244,501,813,1348,2072,3956,6343,7505,10274,13075,13900,8668,2647,173,41,297
Hungary,2021,77719,134,161,27,22,25,40,217,419,1448,4182,11454,20321,27350,11714,74,143,164,255,473,975,1721,2461,4074,7380,9367,10954,14113,13237,8885,2829,183,65,367
Iceland,1950,540,36,45,9,4,1,5,10,15,26,50,75,132,138,35,5,5,5,10,10,16,21,29,34,41,62,70,74,64,28,7,49,6,2
Iceland,1951,563,35,45,10,5,1,5,10,16,26,51,80,138,141,44,5,5,6,10,10,16,21,30,35,45,62,76,74,67,35,9,50,6,2
Iceland,1952,522,35,43,8,4,0,5,10,14,24,48,75,126,131,40,5,5,5,9,10,14,20,28,33,42,54,72,69,62,31,9,47,5,2
Iceland,1953,555,28,37,9,5,0,5,10,15,25,48,82,138,143,42,5,5,5,10,10,15,20,28,35,47,57,81,74,69,33,9,42,5,2
Iceland,1954,513,28,35,7,4,0,3,10,13,23,45,77,126,133,44,5,5,5,8,10,13,19,26,34,43,52,74,72,61,33,11,39,3,1
Iceland,1955,519,31,39,8,5,0,3,10,13,23,44,76,123,134,47,5,5,5,8,10,13,19,25,35,41,52,71,77,57,37,10,44,3,1
Iceland,1956,582,31,39,8,5,3,5,10,15,26,48,87,138,154,54,5,5,5,10,10,16,20,28,39,48,60,78,89,65,41,13,44,8,2
Iceland,1957,584,31,38,7,5,2,5,10,15,26,49,85,136,159,55,5,5,5,10,10,16,21,28,39,46,61,75,93,66,42,13,43,7,2
Iceland,1958,558,31,39,8,4,2,5,10,14,25,47,84,128,151,51,5,5,5,9,10,15,20,27,38,46,60,68,89,62,40,11,43,7,3
Iceland,1959,575,33,40,7,5,2,5,10,13,25,48,86,133,158,51,5,5,5,8,10,15,21,27,38,48,63,70,92,66,39,12,45,7,3
Iceland,1960,584,27,34,7,5,3,5,10,14,27,50,89,138,159,51,5,5,5,9,10,17,21,29,38,51,64,74,88,71,39,12,39,8,3
Iceland,1961,572,29,37,8,4,3,5,10,13,25,48,85,136,155,53,5,5,5,8,10,15,20,28,35,50,62,74,83,72,40,13,41,8,2
Iceland,1962,593,30,38,8,4,2,5,10,13,25,49,88,143,160,52,5,5,5,8,10,15,21,28,36,52,64,79,82,78,38,14,42,7,2
Iceland,1963,598,29,37,8,4,3,5,10,13,26,50,90,149,162,52,5,5,5,8,10,16,21,29,37,53,68,81,84,78,38,14,41,8,2
Iceland,1964,594,29,37,8,5,3,5,10,13,25,50,86,146,159,54,5,5,5,8,10,15,21,29,36,50,67,79,84,75,40,14,42,8,3
Iceland,1965,601,28,35,7,4,2,5,10,14,25,51,87,152,160,56,5,5,5,9,10,15,22,29,37,50,71,81,85,75,44,12,39,7,2
Iceland,1966,616,27,34,7,4,2,5,10,14,27,52,89,159,162,57,5,5,5,9,10,17,23,29,38,51,74,85,89,73,45,12,38,7,2
Iceland,1967,618,25,32,7,5,1,5,10,13,26,53,90,163,164,59,5,5,5,8,10,16,23,30,39,51,75,88,90,74,47,12,37,6,2
Iceland,1968,653,23,31,8,5,3,5,10,13,26,57,95,173,173,64,5,5,5,8,10,16,24,33,42,53,77,96,97,76,50,14,36,8,2
Iceland,1969,668,23,29,6,4,3,5,10,13,27,57,99,179,179,60,5,5,5,8,10,17,23,34,44,55,79,100,102,77,46,14,33,8,2
Iceland,1970,644,20,25,5,5,3,5,10,13,26,55,94,175,176,58,5,5,5,8,10,16,23,32,41,53,74,101,101,75,42,16,30,8,2
Iceland,1971,659,26,31,5,4,3,5,10,12,26,57,97,178,182,58,5,5,5,7,10,16,24,33,42,55,75,103,107,75,39,19,35,8,2
Iceland,1972,659,25,30,5,4,2,5,10,11,25,55,97,176,190,54,5,5,5,6,10,15,23,32,42,55,75,101,114,76,36,18,34,7,2
Iceland,1973,645,22,28,6,4,2,5,10,10,25,53,95,170,191,52,5,5,5,5,10,15,22,31,41,54,73,97,112,79,36,16,32,7,2
Iceland,1974,636,19,24,5,2,1,5,10,10,23,52,93,163,196,51,5,5,5,5,9,14,22,30,40,53,69,94,114,82,36,15,26,6,3
Iceland,1975,606,18,23,5,1,0,4,10,10,20,48,87,154,190,50,5,5,5,5,8,12,20,28,39,48,66,88,109,81,38,12,24,4,3
Iceland,1976,581,16,21,5,1,0,4,10,10,19,44,81,147,188,53,5,5,5,5,7,12,18,26,35,46,64,83,104,84,40,13,22,4,3
Iceland,1977,630,19,24,5,1,0,5,10,10,22,46,87,156,207,58,5,5,5,5,9,13,19,27,38,49,69,87,111,96,45,13,25,5,3
Iceland,1978,634,17,22,5,1,0,4,10,10,21,46,87,156,212,66,5,5,5,5,8,13,18,28,37,50,68,88,111,101,50,16,23,4,3
Iceland,1979,657,18,23,5,1,0,5,10,10,19,46,89,160,218,73,5,5,5,5,7,12,18,28,38,51,70,90,113,105,57,16,24,5,3
Iceland,1980,662,12,17,5,1,0,4,9,10,19,45,88,162,227,79,5,4,5,5,7,12,18,27,37,51,70,92,115,112,60,19,18,4,4
Iceland,1981,740,16,20,4,1,0,4,10,10,19,49,97,178,252,98,5,5,5,5,7,12,20,29,41,56,76,102,128,124,74,24,21,4,4
Iceland,1982,732,16,21,5,1,0,4,10,10,18,48,92,175,243,102,5,5,5,5,7,11,19,29,39,53,76,99,122,121,79,23,22,4,4
Iceland,1983,700,17,22,5,1,0,3,10,10,16,43,89,168,234,103,5,5,5,5,5,11,18,25,37,52,73,95,117,117,79,24,23,3,3
Iceland,1984,731,14,19,5,1,0,3,10,10,19,44,92,173,243,112,5,5,5,5,7,12,18,26,39,53,74,99,122,121,85,27,20,3,4
Iceland,1985,767,12,16,4,0,0,3,10,11,20,47,93,182,259,118,5,5,5,6,9,11,19,28,39,54,80,102,130,129,91,27,16,3,7
Iceland,1986,736,7,11,4,1,0,3,10,10,20,42,91,175,254,115,5,5,5,5,9,11,16,26,37,54,76,99,128,126,88,27,12,3,6
Iceland,1987,792,15,19,4,1,0,3,10,11,20,44,96,188,270,128,5,5,5,6,9,11,16,28,40,56,81,107,136,134,95,33,20,3,6
Iceland,1988,854,18,21,3,1,0,3,10,12,21,48,99,201,289,143,5,5,5,7,10,11,18,30,39,60,87,114,144,145,103,40,22,3,5
Iceland,1989,829,12,16,4,1,0,3,10,12,21,45,96,195,284,140,5,5,5,7,10,11,17,28,38,58,83,112,142,142,100,40,17,3,7
Iceland,1990,799,13,16,3,0,0,3,10,12,19,42,93,188,275,136,5,5,5,7,9,10,16,26,37,56,79,109,137,138,96,40,16,3,8
Iceland,1991,790,13,17,4,0,0,3,9,11,21,40,93,185,275,135,4,5,5,6,10,11,15,25,38,55,78,107,136,139,98,37,17,3,9
Iceland,1992,847,14,18,4,1,0,3,10,10,22,40,94,200,297,144,5,5,5,5,10,12,15,25,39,55,85,115,147,150,105,39,19,3,10
Iceland,1993,880,12,16,4,1,0,3,9,11,22,40,97,208,309,152,4,5,5,6,9,13,16,24,41,56,88,120,152,157,109,43,17,3,9
Iceland,1994,819,9,13,4,0,0,3,10,11,20,37,88,194,293,142,5,5,5,6,8,12,15,22,36,52,82,112,143,150,105,37,13,3,8
Iceland,1995,936,14,18,4,1,0,3,10,12,24,44,99,219,335,164,5,5,5,7,10,14,19,25,39,60,93,126,166,169,122,42,19,3,10
Iceland,1996,895,10,14,4,1,0,3,8,11,22,42,94,207,318,164,5,3,5,6,10,12,19,23,37,57,86,121,160,158,119,45,15,3,9
Iceland,1997,861,8,11,3,1,0,2,7,11,22,41,89,203,310,158,4,3,5,6,9,13,18,23,34,55,84,119,155,155,113,45,12,2,9
Iceland,1998,886,7,10,3,0,0,1,8,11,24,41,90,206,322,163,4,4,5,6,10,14,18,23,34,56,83,123,160,162,116,47,10,1,10
Iceland,1999,943,8,11,3,0,0,2,10,11,24,45,94,218,344,174,5,5,5,6,10,14,20,25,35,59,87,131,169,175,123,51,11,2,10
Iceland,2000,921,5,7,2,1,0,3,9,11,22,45,89,219,337,169,4,5,5,6,9,13,20,25,34,55,88,131,165,172,118,51,8,3,9
Iceland,2001,803,6,6,0,0,0,1,5,10,19,41,75,185,300,149,3,2,5,5,8,11,17,24,29,46,75,110,148,152,103,46,6,1,8
Iceland,2002,887,4,5,1,0,0,2,7,10,23,47,79,202,334,167,4,3,5,5,10,13,21,26,30,49,82,120,165,169,118,49,5,2,10
Iceland,2003,929,4,4,0,0,0,0,7,11,23,47,83,209,351,180,4,3,5,6,10,13,19,28,33,50,85,124,174,177,126,54,4,0,11
Iceland,2004,864,5,5,0,0,0,0,5,10,22,44,77,192,329,171,1,4,5,5,10,12,18,26,32,45,78,114,164,165,119,52,5,0,10
Iceland,2005,898,5,5,0,0,0,0,5,10,23,45,78,194,346,179,2,3,5,5,10,13,18,27,33,45,76,118,171,175,124,55,5,0,12
Iceland,2006,945,6,7,1,0,0,1,4,10,23,48,80,202,365,188,2,2,5,5,10,13,20,28,35,45,77,125,176,189,132,56,7,1,13
Iceland,2007,943,2,3,1,0,0,1,5,10,21,48,81,197,366,194,2,3,5,5,9,12,18,30,37,44,75,122,174,192,135,59,3,1,13
Iceland,2008,1010,7,7,0,0,0,0,6,10,23,49,89,204,391,212,3,3,5,5,9,14,20,29,40,49,76,128,181,210,148,64,7,0,14
Iceland,2009,977,4,5,1,0,0,0,4,10,21,50,86,193,380,205,2,2,5,5,8,13,21,29,38,48,73,120,175,205,144,61,5,0,16
Iceland,2010,959,5,5,0,0,0,0,4,9,20,49,87,184,379,200,1,3,4,5,7,13,19,30,39,48,70,114,175,204,143,57,5,0,15
Iceland,2011,994,1,2,1,0,0,0,3,10,20,47,93,186,392,218,1,2,5,5,7,13,19,28,40,53,70,116,182,210,156,62,2,0,16
Iceland,2012,1008,5,5,0,0,0,0,4,10,20,50,96,184,398,221,3,1,5,5,7,13,22,28,42,54,70,114,184,214,161,60,5,0,17
Iceland,2013,1059,6,7,1,0,0,1,4,10,22,51,103,193,412,238,1,3,5,5,8,14,21,30,44,59,78,115,190,222,174,64,7,1,16
Iceland,2014,999,6,7,1,0,0,0,1,10,19,50,94,183,384,236,0,1,5,5,7,12,20,30,40,54,75,108,175,209,172,64,7,0,12
Iceland,2015,1116,4,5,1,0,0,0,3,10,21,54,108,203,428,269,2,1,5,5,8,13,22,32,44,64,84,119,189,239,198,71,5,0,12
Iceland,2016,1113,2,2,0,0,0,0,5,9,20,55,108,203,422,273,2,3,4,5,8,12,23,32,45,63,89,114,183,239,199,74,2,0,12
Iceland,2017,1114,6,6,0,0,0,0,4,9,19,55,108,206,421,275,1,3,4,5,8,11,22,33,43,65,91,115,180,241,196,79,6,0,13
Iceland,2018,1110,2,3,1,0,0,0,2,9,21,54,109,210,411,274,0,2,4,5,9,12,21,33,45,64,93,117,174,237,195,79,3,0,15
Iceland,2019,1183,1,1,0,0,0,0,5,9,23,54,118,229,426,300,1,4,4,5,10,13,20,34,49,69,99,130,182,244,213,87,1,0,17
Iceland,2020,1195,1,1,0,0,0,0,2,9,23,53,115,243,422,307,0,2,4,5,9,14,19,34,46,69,107,136,184,238,220,87,1,0,18
Iceland,2021,1214,1,1,0,0,0,0,2,9,21,54,120,256,416,317,0,2,5,4,8,13,20,34,48,72,109,147,182,234,226,91,1,0,17
India,1950,4006836,1406698,2127332,720634,121854,85951,111914,238212,236072,213500,224227,254526,247526,125075,20560,117589,120623,118086,117986,111795,101705,115752,108475,140876,113650,131087,116439,82218,42857,15585,4975,2249186,197865,84
India,1951,4116559,1433097,2188372,755275,128851,86721,113742,242806,239787,219186,233265,268689,250554,125453,18858,120202,122604,120113,119674,114242,104944,119462,113803,145225,123464,130862,119692,82926,42527,14829,4029,2317223,200463,279
India,1952,4170728,1448345,2216758,768413,131344,86707,115344,246516,242565,224286,239796,277519,247611,124429,17419,122233,124283,121375,121190,115676,108610,119564,120232,142247,135272,125577,122034,82597,41832,14006,3413,2348102,202051,437
India,1953,4234587,1465066,2248059,782993,134253,87886,118099,252681,247490,231246,246761,283942,243918,123370,16404,125418,127263,123587,123903,117688,113558,118820,127941,136432,147510,120232,123686,82228,41142,13463,2941,2382312,205985,482
India,1954,4212897,1473101,2251963,778862,131407,84185,115529,248366,242898,229624,246969,284567,239267,121988,15694,123178,125188,120972,121926,115419,114205,115590,131379,130501,154066,117053,122214,81546,40442,13135,2559,2383370,199714,437
India,1955,4233008,1479951,2260840,780889,135176,83257,114491,248174,242161,230840,250404,288725,241066,122204,15320,122984,125190,120536,121625,115021,115819,115671,134733,130168,158557,119999,121067,81924,40280,12954,2366,2396016,197748,351
India,1956,4259755,1483579,2266177,782598,140203,82796,112988,247977,241410,231583,254762,295010,247601,123870,15086,122800,125177,120277,121133,114640,116943,117685,137077,134348,160662,128630,118971,83464,40406,12828,2258,2406380,195784,290
India,1957,4299891,1487272,2271827,784555,147038,83314,111655,248988,241708,232695,259776,302495,258434,126774,14920,123239,125749,120682,121026,114862,117833,121787,137989,143291,159204,142921,115513,86107,40667,12752,2168,2418865,194969,261
India,1958,4324269,1486481,2268441,781960,152557,83378,109715,248611,240954,232389,263540,309188,271051,129388,14826,122897,125714,120594,120360,114696,117693,126184,137356,154047,155141,158530,112521,88386,41002,12703,2123,2420998,193093,235
India,1959,4330451,1482895,2258197,775302,155098,83547,107691,246486,239291,231068,266088,314935,282528,130518,14802,121490,124996,119976,119315,114085,116983,129389,136699,162400,152535,169831,112697,89071,41447,12699,2103,2413295,191238,208
India,1960,4363565,1488350,2259472,771122,157498,86300,108253,248272,241827,233071,270081,320910,292408,130429,14851,121859,126413,121411,120416,115271,117800,132384,137697,167619,153291,175625,116783,88477,41952,12756,2095,2416970,194553,192
India,1961,4420799,1498180,2269971,771791,160351,91195,111320,253862,248407,238307,275485,326758,300942,129093,14921,123888,129974,124820,123587,118255,120052,135226,140259,169604,157154,176204,124738,86329,42764,12831,2090,2430322,202515,184
India,1962,4467365,1506861,2277858,770997,160951,95904,114578,258510,254703,243104,280330,332181,307353,126723,14988,125163,133347,128033,126670,120978,122126,136554,143776,167769,164412,170973,136380,82777,43946,12902,2086,2438809,210482,179
India,1963,4513446,1516333,2286781,770448,161091,100611,117678,261917,260297,247323,285266,338706,313151,125311,15134,125836,136081,130860,129437,123259,124064,137121,148145,164778,173928,163960,149191,80264,45047,13045,2089,2447872,218289,176
India,1964,4568874,1527958,2300542,772584,162544,104282,121261,263871,264747,250755,290725,346998,320685,126859,15430,126262,137609,133091,131656,124964,125791,137981,152744,164058,182940,161106,159579,81222,45637,13322,2108,2463086,225543,175
India,1965,4875713,1605649,2457184,851535,188734,117453,129386,271082,274563,261767,309556,373136,342512,134207,15959,130056,141026,137918,136645,129861,131906,145248,164308,174237,198899,170446,172066,87738,46469,13809,2150,2645918,246839,175
India,1966,4905213,1603885,2451976,848091,193290,116561,130134,265388,271499,259548,315357,386921,355903,142006,16450,128058,137330,136416,135083,128000,131548,146439,168918,180781,206140,179664,176239,96046,45960,14276,2174,2645266,246695,174
India,1967,4941175,1606357,2450532,844175,200148,114726,129842,257978,266359,255922,321495,402692,371754,152535,17020,125755,132223,133935,132424,125221,130701,148110,173385,191093,211599,195449,176305,107767,44768,14833,2187,2650680,244568,172
India,1968,4717469,1539109,2304109,765000,184475,99827,123554,241589,250797,241389,313906,403218,376393,160807,17234,119097,122492,126274,124523,117211,124178,143704,170202,195383,207835,207364,169029,117467,43340,15049,2185,2488584,223381,170
India,1969,4750033,1541381,2305220,763839,192436,97041,122420,236510,243570,237331,318956,418424,391423,169351,17182,118620,117890,122532,121038,114302,123029,145216,173740,206186,212238,222843,168580,125414,43937,14976,2206,2497656,219461,170
India,1970,4779778,1545741,2308669,762928,200079,95171,121958,235990,237094,234793,323022,430562,402056,173477,16735,120826,115164,118996,118098,112404,122389,146421,176601,213858,216704,231671,170385,127752,45725,14513,2222,2508748,217129,171
India,1971,4811696,1556069,2318226,762157,207380,95048,123809,240369,232750,234756,325840,437937,406162,173265,15976,125494,114875,116298,116452,112135,122621,147450,178390,217615,220322,232661,173501,124956,48309,13720,2256,2525606,218857,174
India,1972,4835791,1565961,2330006,764045,213010,95511,126535,246937,228314,235300,326934,441769,406060,170053,15180,131327,115610,113281,115033,112408,122892,147804,179130,217750,224019,227024,179036,118242,51811,12852,2328,2543016,222046,179
India,1973,4837703,1567721,2326733,759012,216631,95822,129634,255335,224305,236178,326415,442216,403351,166064,14830,138126,117209,110485,113820,113070,123108,147510,178905,215228,226988,218282,185069,110814,55250,12410,2420,2543364,225456,191
India,1974,4798366,1554846,2297428,742582,216123,94546,131367,262339,218787,235303,323602,439634,399566,164146,15312,143035,119304,107278,111509,112914,122389,146181,177421,211662,227972,210979,188587,106685,57461,12796,2516,2513551,225913,212
India,1975,4769278,1533856,2265694,731838,216952,93868,132311,268165,213339,234156,321823,439407,400142,166458,16721,145951,122214,104513,108826,112525,121631,145248,176575,210097,229310,208861,191281,107464,58994,14069,2652,2482646,226179,243
India,1976,4738117,1515522,2231207,715685,216895,91906,131020,269787,206334,230930,319948,441654,405726,173356,19072,146166,123621,101352,104982,110974,119956,143983,175965,210251,231403,211806,193920,112880,60476,16249,2823,2448102,222926,289
India,1977,4705862,1487676,2187188,699512,218051,89790,128287,268100,198842,226855,318732,446653,416077,184539,22395,144208,123892,98251,100591,108884,117971,142853,175879,212403,234250,219813,196264,122932,61607,19362,3033,2405239,218077,351
India,1978,4661479,1459467,2138756,679289,216926,86074,123915,262879,190006,220664,316555,452045,428930,198091,26214,140106,122773,94644,95362,105531,115133,141182,175373,215139,236906,230294,198636,135273,62818,22875,3339,2355682,209989,420
India,1979,4631501,1442645,2099513,656868,216964,82767,119482,255519,182974,214293,314900,458637,444022,212177,29768,135150,120369,92271,90703,101821,112472,139817,175083,218356,240281,240853,203169,146590,65587,25919,3849,2316477,202249,485
India,1980,4611079,1431954,2069087,637133,217311,79884,115321,246869,177773,207864,313424,465361,459754,225262,32626,130032,116837,91039,86734,97818,110046,138688,174736,221379,243982,249791,209963,155213,70049,28083,4543,2286398,195205,543
India,1981,4589013,1418866,2039127,620261,218267,77614,111799,238603,173760,201940,311872,470731,474104,235978,34630,125370,113233,90243,83517,93776,108164,137830,174042,223681,247050,256213,217891,160329,75649,29274,5356,2257394,189413,586
India,1982,4561894,1400314,2006285,605971,219618,75947,109125,230929,170868,196684,310368,474709,486688,244314,35743,121259,109670,89888,80980,89821,106863,137255,173113,225195,249514,259774,226914,161896,82418,29463,6280,2225903,185072,617
India,1983,4536413,1383501,1976340,592839,220415,74721,107233,224080,169095,192117,309129,477617,497313,251229,36467,117740,106340,90052,79043,86255,105862,136877,172252,226127,251490,261298,236015,161901,89328,29321,7146,2196755,181954,658
India,1984,4520949,1373854,1955420,581566,220901,73875,105990,218235,168403,188232,308294,479739,505722,257787,37615,114836,103399,90083,78320,83425,104807,136559,171735,226828,252911,262263,243459,163068,94719,29870,7745,2176321,179865,733
India,1985,4501837,1358073,1928867,570794,220269,73294,105355,213450,168661,185013,307960,481523,512290,264864,39455,112379,101071,89885,78776,81486,103527,136170,171790,227553,253970,263388,248902,166480,98384,31355,8100,2149136,178649,842
India,1986,4492356,1349392,1908946,559554,217575,72823,105298,209931,169826,182318,308481,483383,517788,273004,42001,110341,99590,90021,79805,80436,101882,135807,172674,228389,254994,264783,253005,172251,100753,33695,8306,2126521,178121,979
India,1987,4471077,1325123,1873591,548468,212315,72404,105584,207752,171781,180025,310087,485727,522836,282552,45278,108842,98910,90402,81379,80154,99871,135643,174444,229512,256215,266830,256006,180487,102065,36912,8366,2085906,177988,1142
India,1988,4446302,1296709,1830513,533804,204909,71958,106012,206972,174478,178381,312514,488899,528180,293301,48884,108003,98969,90977,83501,80438,97943,135683,176831,231079,257820,269613,258567,189982,103319,40429,8455,2035422,177970,1307
India,1989,4426405,1270131,1787484,517353,197222,71371,106307,207246,176836,178313,315154,493259,534745,304798,52238,107677,99569,91559,85277,81714,96599,135738,179416,233187,260072,272929,261816,198912,105886,43411,8827,1984706,177678,1430
India,1990,4409199,1238096,1739560,501464,190359,70973,106306,208698,178940,180314,318008,499341,543282,316734,55178,108063,100635,92321,86619,83998,96316,136037,181971,236061,263280,277013,266269,206571,110163,45679,9499,1929919,177279,1512
India,1991,4407131,1214170,1699786,485616,185288,70512,105610,211081,180990,183452,320910,507268,553996,328937,57730,109175,101906,93162,87828,86337,97115,136590,184320,239816,267452,282175,271821,213009,115928,47335,10395,1885074,176122,1566
India,1992,4412865,1192199,1662766,470567,181940,69887,104043,213906,182638,187541,323720,516912,566756,341194,59964,110684,103222,93894,88744,88643,98898,137262,186458,244377,272535,288364,278392,218117,123077,48453,11511,1844706,173930,1599
India,1993,4426867,1166706,1624625,457919,180081,69879,102570,218120,184810,193036,327057,528204,581222,353402,62220,113024,105096,94993,89817,91461,101575,138397,188660,249503,278701,295554,285668,222590,130812,49558,12662,1804706,172449,1639
India,1994,4433678,1143172,1586605,443433,177179,68841,100368,221196,185635,198234,329576,539020,595335,365052,64898,114894,106302,95423,90212,93391,104843,139542,190034,253851,285169,302874,292461,227218,137834,51302,13596,1763784,169209,1734
India,1995,4443895,1119592,1548558,428966,173977,68161,99272,224862,186940,204144,332614,549706,609226,376370,68176,117094,107768,95996,90944,95146,108998,141283,191331,257380,292326,310559,298667,232597,143773,53871,14305,1722535,167433,1886
India,1996,4443693,1090898,1504236,413338,169148,67385,99103,227893,188138,209866,335413,559407,621717,387320,71983,118868,109025,96267,91871,97230,112636,143002,192411,259583,299824,317813,303904,238599,148721,57119,14864,1673384,166488,2081
India,1997,4436958,1062093,1459239,397146,162872,66467,99953,229871,189250,215025,337481,567842,632316,397980,76341,120010,109861,96300,92950,99546,115479,144349,193132,260427,307415,324266,308050,245264,152716,61003,15338,1622111,166420,2320
India,1998,4424693,1031876,1411965,380089,155678,65684,101668,230753,190558,219946,338943,574983,642099,408805,81046,120469,110284,96348,94210,101857,118089,145332,193611,260288,314695,330372,311727,252422,156383,65167,15879,1567643,167352,2565
India,1999,4398393,994894,1355054,360160,147293,64956,103550,230425,191672,223307,340953,580180,652197,420216,85811,120269,110156,96304,95368,103581,119726,146941,194012,259240,320940,336543,315654,259666,160550,69104,16707,1502347,168506,2778
India,2000,4375655,969236,1311981,342745,138743,63435,104426,227916,191160,223929,342504,582584,663093,432347,90575,119177,108739,95666,95494,103752,120177,148752,193752,257435,325149,342918,320175,266790,165557,72700,17875,1450724,167861,2962
India,2001,4365604,945257,1272250,326993,132213,63236,105344,225634,191616,225349,344022,584483,677023,445842,95466,118402,107232,95920,95696,103309,122040,150812,193210,256418,328065,350844,326179,274227,171615,76177,19289,1404463,168580,3126
India,2002,4324536,911703,1222831,311128,124279,61050,103191,218818,188743,223977,342165,583276,692235,460223,100463,115441,103377,94818,93925,100143,123834,151631,190534,254977,328299,359290,332945,281584,178639,79531,20932,1347110,164241,3282
India,2003,4285836,871097,1166637,295540,117854,59769,100730,212377,186460,223308,340481,582445,710491,476278,105568,112837,99540,94200,92260,96609,126699,152977,187504,254682,327763,369233,341258,289745,186533,82984,22584,1284491,160499,3440
India,2004,4250511,826704,1104392,277688,112069,58945,98169,206694,184775,223533,339921,582796,730719,493998,110856,110567,96127,93899,90876,93525,130008,153739,186182,255915,326881,379851,350868,299172,194826,86763,24093,1216461,157114,3644
India,2005,4211020,785046,1045421,260375,105570,56623,94164,199803,181017,221950,338917,583519,750803,513174,116179,107381,92422,92368,88649,90091,131859,152806,186111,257692,325827,389653,361150,309971,203203,90820,25359,1150991,150787,3879
India,2006,4180244,741163,983092,241929,99634,54456,90675,194645,177821,221196,340560,586785,771627,534155,121471,104840,89805,90685,87136,88183,133013,152807,187753,260326,326459,399167,372460,322434,211721,95006,26465,1082726,145131,4123
India,2007,4168326,705172,929971,224799,93959,51962,87775,191076,174631,220678,345396,592384,792870,556723,126547,102910,88166,88485,86146,88055,132623,153684,191712,263049,329335,408080,384790,336467,220256,99167,27380,1023930,139737,4350
India,2008,4162084,670147,877723,207576,87646,49226,85200,188275,171373,220513,353973,600067,813178,579441,130953,101075,87200,85776,85597,89480,131033,155594,198379,265784,334283,415606,397572,350981,228460,102864,28089,965369,134426,4520
India,2009,4161075,637719,829440,191721,81272,46426,82510,185219,168348,221049,364568,612240,830760,600386,134249,98802,86417,82872,85476,91977,129072,158843,205725,271034,341206,420745,410015,364469,235917,105600,28649,910712,128936,4605
India,2010,4155351,602893,780050,177157,74977,43637,79418,180771,165672,222391,377360,628692,844301,617338,136133,95526,85245,80090,85582,95086,127305,163912,213448,279313,349379,423151,421150,375325,242013,107134,28999,855027,123055,4607
India,2011,4141181,566328,729025,162697,68702,41067,75639,174390,163407,224803,394886,646547,853543,628110,136505,90943,83447,77588,85819,98374,126429,171446,223440,289226,357321,422903,430640,382158,245952,107450,29055,797727,116706,4556
India,2012,4119151,530615,679658,149043,63055,38730,70893,165569,161305,228316,417593,664793,858152,631066,135528,84911,80658,75331,85974,101121,127195,181856,235737,301383,363410,420082,438070,383961,247105,106652,28876,742713,109623,4491
India,2013,4098508,497092,633994,136902,58379,36743,65778,155322,159486,232838,444605,683691,859851,628967,134385,78170,77152,73494,85992,103205,129633,194789,249816,316035,367656,416325,443526,382364,246603,105697,28688,692373,102521,4468
India,2014,4070688,455116,579096,123980,53917,34811,60707,144774,157763,237535,472773,702995,860576,626592,134598,71438,73336,71930,85833,104704,132831,208639,264134,329046,373949,413629,446947,380151,246441,105812,28786,633013,95518,4548
India,2015,4070163,425502,537652,112150,50274,33223,56426,135624,156723,242325,499416,723558,864002,628732,137420,65751,69873,70799,85924,105944,136381,221601,277815,339331,384227,414127,449875,380210,248522,107908,29512,587926,89649,4783
India,2016,4092578,400523,501849,101326,47066,31831,53274,128586,156429,246550,520560,745236,872217,640023,143764,61477,67109,70192,86237,107042,139508,231182,289378,348362,396874,418556,453661,385461,254562,112672,31092,548915,85105,5195
India,2017,4135995,370734,463011,92277,44307,30798,51548,124679,157273,249692,532513,768786,887602,665213,154739,59062,65617,70345,86928,108349,141343,235347,297166,355236,413550,427753,459849,398790,266423,120890,33849,507318,82346,5833
India,2018,4205476,347675,431643,83968,41785,29984,50808,123298,158905,251506,535696,794089,909410,701859,169818,58162,65136,70941,87964,109701,141805,234611,301085,359840,434249,440829,468581,418460,283399,132096,37722,473428,80792,6677
India,2019,4278435,321954,398799,76845,39364,29261,50450,123167,161058,253429,536334,816110,937642,739208,186030,58035,65132,71700,89358,111120,142309,232852,303482,363408,452702,459354,478288,437752,301456,144003,42027,438163,79711,7583
India,2020,4659520,300392,371321,70929,37044,28049,45977,113117,159507,267414,586334,938895,1063389,828518,211257,52904,60213,69053,90454,115819,151595,252154,334180,413269,525626,540421,522968,484778,343740,163299,47958,408365,74026,8696
India,2021,6087398,287348,353369,66021,34993,28024,59902,158521,216720,360480,781814,1265231,1415623,1131486,270735,74855,83666,94513,122207,154060,206420,341072,440742,565105,700126,729769,685854,653387,478099,211296,59439,388362,87926,10503
Indonesia,1950,728348,245141,400353,155212,41460,23116,26007,50837,45043,38818,34481,34632,25138,7814,642,27087,23750,22596,22447,20997,17821,17354,17127,17961,16671,14839,10299,5641,2173,554,88,441813,49123,7
Indonesia,1951,732053,248267,399617,151350,40513,22818,25979,51386,44638,39562,35592,36254,26618,8339,719,27323,24063,22389,22249,21235,18327,17794,17798,18753,17501,15656,10962,6008,2331,606,113,440130,48797,14
Indonesia,1952,726880,250663,396356,145693,38381,21769,25192,50577,43317,39592,36331,37636,28038,8881,789,26741,23836,21759,21558,21047,18545,18087,18244,19394,18242,16413,11625,6391,2490,656,133,434737,46961,21
Indonesia,1953,731252,253142,395548,142406,37084,21328,25215,51382,43276,40333,37628,39438,29660,9474,852,26990,24392,21867,21409,21257,19076,18741,18887,20265,19173,17300,12360,6814,2660,704,148,432632,46543,27
Indonesia,1954,732453,255402,396733,141331,35278,20419,24497,50709,42424,40354,38565,41110,31329,10109,899,26436,24273,21576,20848,21044,19310,19244,19321,21047,20063,18204,13125,7271,2838,748,151,432011,44916,29
Indonesia,1955,738062,257092,397548,140456,34147,19924,24325,51171,42560,40784,39812,43001,33057,10759,945,26508,24663,21851,20709,21058,19726,19924,19888,21961,21040,19161,13896,7741,3018,791,154,431695,44249,29
Indonesia,1956,736189,258717,398019,139302,32499,18857,23237,49776,41652,40221,40405,44438,34643,11415,998,25627,24149,21567,20085,20522,19699,20239,20166,22608,21830,20023,14620,8213,3202,838,160,430518,42094,29
Indonesia,1957,740373,260544,399054,138510,31835,18180,22649,49421,41699,40141,41479,46196,36480,12150,1057,25321,24100,21784,19915,20260,19881,20752,20727,23398,22798,21044,15436,8741,3409,890,167,430889,40829,29
Indonesia,1958,741111,262005,399868,137863,31089,17200,21589,48056,41265,39682,42326,47667,38307,12915,1119,24497,23559,21674,19591,19820,19862,21088,21238,23974,23693,22045,16262,9284,3631,945,174,430957,38789,30
Indonesia,1959,744158,263359,400188,136829,30938,16517,20870,47309,41337,39298,43301,49249,40232,13706,1186,23994,23315,21802,19535,19469,19829,21435,21866,24575,24674,23106,17126,9841,3865,1003,183,431126,37387,31
Indonesia,1960,751200,264818,400729,135911,31238,16083,20469,47227,42051,39362,44627,51146,42408,14573,1259,23820,23407,22195,19856,19413,19949,21938,22689,25315,25831,24307,18101,10446,4127,1066,193,431967,36552,31
Indonesia,1961,756748,265652,400820,135168,31463,15656,19946,46743,42576,39273,45766,53006,44646,15479,1338,23417,23326,22397,20179,19343,19930,22331,23435,26038,26968,25525,19121,11074,4405,1135,203,432283,35602,32
Indonesia,1962,759286,265543,399474,133931,31497,15295,19278,45821,42803,38962,46613,54776,46901,16410,1421,22778,23043,22374,20429,19217,19745,22560,24053,26786,27990,26735,20166,11715,4695,1206,215,430971,34573,33
Indonesia,1963,763055,265017,397654,132637,31646,15215,18722,45086,43233,38949,47539,56713,49337,17413,1515,22237,22849,22418,20815,19300,19649,22823,24716,27722,28991,28042,21295,12405,5008,1287,228,429300,33937,33
Indonesia,1964,754295,263914,394032,130118,30574,14561,17272,42166,41849,37826,47153,57629,51268,18325,1607,20612,21554,21471,20378,18836,18990,22417,24736,28177,29452,29021,22247,13027,5298,1367,240,424606,31833,35
Indonesia,1965,918876,285621,454804,169183,47470,20167,20920,51795,52069,49169,60554,73945,64603,21531,1813,25018,26777,26496,25573,24371,24798,28705,31849,36291,37654,36887,27716,15445,6086,1545,268,502274,41087,39
Indonesia,1966,806990,260760,391697,130937,36510,19750,20462,48935,50637,44112,52413,63437,56856,20391,1757,23548,25387,25700,24937,22595,21517,24791,27622,31408,32029,32140,24716,14488,5903,1518,239,428207,40212,31
Indonesia,1967,744725,253613,374580,120967,29738,14638,15665,38393,41474,38306,48039,62645,58124,21280,1817,18457,19936,20799,20675,19564,18742,22178,25861,30702,31943,32652,25472,15096,6184,1587,230,404318,30303,22
Indonesia,1968,742038,248660,366429,117769,29474,14709,15527,37226,41332,38894,48341,64811,60829,22542,1911,17827,19399,20591,20741,19986,18908,22117,26224,31608,33203,33966,26863,15986,6556,1680,231,395903,30236,15
Indonesia,1969,735871,243842,357539,113697,28690,14553,15346,35669,40707,39218,48204,66630,63330,23881,2079,17028,18641,20134,20573,20213,19005,21895,26309,32254,34376,35082,28248,16907,6974,1809,270,386229,29899,19
Indonesia,1970,731454,238781,348847,110066,28006,14431,15305,34244,40110,39739,48205,68685,66188,25400,2263,16314,17930,19678,20432,20458,19281,21804,26401,32965,35720,36349,29839,17952,7448,1952,311,376853,29736,27
Indonesia,1971,727552,233657,340053,106396,27452,14378,15396,33144,39610,40379,48201,70564,68993,26912,2433,15794,17350,19263,20347,20692,19687,21798,26403,33575,36989,37607,31386,18989,7923,2089,344,367505,29774,35
Indonesia,1972,723976,228736,331599,102863,26856,14288,15437,32149,38980,40997,48205,72324,71960,28532,2605,15407,16742,18773,20207,20847,20150,21873,26332,34102,38222,39049,32911,20101,8431,2232,373,358455,29725,42
Indonesia,1973,720606,224372,323172,98800,26177,14133,15477,31371,38341,41628,48339,73969,74964,30207,2778,15217,16154,18283,20058,20970,20658,22071,26268,34564,39405,40655,34309,21248,8959,2376,402,349349,29610,47
Indonesia,1974,717824,218856,314014,95158,25488,14011,15605,30994,37846,42381,48725,75579,78166,32008,2958,15293,15701,17881,19965,21147,21234,22449,26276,34981,40598,42449,35717,22484,9524,2532,426,339502,29616,51
Indonesia,1975,715641,214537,306273,91736,24779,13822,15622,30548,37109,42926,49177,76881,81388,33908,3150,15366,15182,17379,19730,21219,21707,22901,26276,35218,41663,44253,37135,23787,10121,2697,453,331052,29444,54
Indonesia,1976,710996,210208,298302,88094,23900,13535,15500,29976,36072,43131,49555,77574,84318,35739,3341,15350,14626,16767,19305,21142,21989,23340,26215,35145,42429,45830,38488,25025,10714,2862,479,322202,29035,56
Indonesia,1977,706593,205742,290567,84825,22895,13107,15242,29389,34882,43171,50142,78239,87637,37706,3555,15232,14157,16103,18779,20991,22180,23863,26279,35047,43192,47487,40150,26321,11385,3050,505,313462,28349,58
Indonesia,1978,709133,202430,283861,81431,22539,13119,15551,30058,34688,43999,51563,79241,91141,39539,3771,15689,14369,15949,18739,21273,22726,24775,26788,35192,44049,49164,41977,27484,12055,3237,534,306400,28670,59
Indonesia,1979,709298,199200,278682,79482,21778,12776,15257,29716,33478,43941,52611,79976,95193,41780,4049,15524,14192,15304,18174,21064,22877,25408,27203,35215,44761,50967,44226,28883,12897,3479,570,300460,28033,62
Indonesia,1980,704807,195124,271926,76802,20754,12253,14794,29228,32071,43503,53408,80091,98572,43829,4313,15223,14005,14590,17481,20660,22843,25817,27591,35072,45019,52336,46236,30127,13702,3707,606,292680,27047,64
Indonesia,1981,712189,190838,265515,74677,20643,12345,15161,30401,32240,44516,55733,81628,102990,46333,4613,15779,14622,14670,17570,20976,23540,26892,28841,35757,45871,54285,48705,31718,14615,3968,645,286158,27506,66
Indonesia,1982,708121,186690,258712,72022,19733,11837,14677,29903,31095,43940,56679,81760,106142,48659,4913,15436,14467,14190,16905,20471,23469,27174,29505,35885,45875,55448,50694,33236,15423,4225,688,278445,26514,69
Indonesia,1983,700642,181222,250404,69182,18667,11220,14024,29048,29859,43008,57333,81756,108918,51092,5237,14907,14141,13748,16111,19793,23215,27251,30082,36054,45702,56352,52566,34900,16192,4502,735,269071,25244,72
Indonesia,1984,704559,174960,241035,66075,18525,11277,14362,30207,30484,43777,59681,83460,112341,53758,5575,15431,14776,14288,16196,19980,23797,28157,31524,37187,46273,57659,54682,36785,16973,4793,782,259560,25639,77
Indonesia,1985,696011,165712,228558,62846,17716,10822,13902,29716,29901,43089,60616,84338,114848,56477,5946,15083,14633,14264,15637,19461,23628,28362,32254,37950,46388,58339,56509,38667,17810,5113,833,246274,24724,81
Indonesia,1986,689818,156781,216146,59365,17066,10493,13580,29516,29700,42639,61749,85853,117288,59365,6338,14886,14630,14413,15287,19100,23539,28692,33057,39062,46791,58950,58338,40613,18752,5449,889,233212,24073,84
Indonesia,1987,700144,150465,205931,55466,17234,10813,14280,31520,31514,44044,64898,89641,120773,62670,6732,15828,15692,15533,15981,19664,24380,30029,34869,41345,48296,60203,60570,42803,19867,5786,946,223165,25093,89
Indonesia,1988,701633,145283,197025,51742,16753,10645,14240,31881,32175,43995,66466,92418,123037,65794,7110,15920,15961,15960,16215,19534,24461,30596,35870,43036,49382,60792,62245,44763,21031,6101,1009,213778,24885,93
Indonesia,1989,697635,139254,187745,48491,15896,10228,13757,31218,32169,43152,67121,94854,124886,68997,7515,15492,15726,15945,16224,19035,24117,30703,36418,44394,50460,61219,63667,46697,22300,6436,1079,203641,23985,98
Indonesia,1990,693533,132385,177644,45259,15084,9920,13458,30916,32582,42554,67821,97456,126205,71868,7923,15259,15657,16087,16495,18691,23863,30818,37003,45692,51764,61601,64604,48401,23467,6774,1149,192728,23378,102
Indonesia,1991,702538,127561,169920,42359,14660,9981,13769,31929,34276,43260,69983,101941,128979,75316,8415,15683,16246,16860,17416,18996,24264,31585,38398,47743,54198,62954,66025,50447,24869,7188,1227,184580,23750,107
Indonesia,1992,694002,121576,161179,39603,13614,9523,13122,30635,33846,42101,69460,103893,129761,77866,8889,14957,15678,16524,17322,18520,23581,31056,38404,48312,55581,63411,66350,51816,26050,7596,1293,174793,22645,111
Indonesia,1993,683982,116122,153009,36887,12366,8775,12203,28808,32908,40808,68495,105649,130904,80497,9438,13978,14830,15912,16996,18083,22725,30306,38189,48649,57000,64180,66724,53189,27308,8075,1363,165375,20978,118
Indonesia,1994,700376,111695,146103,34408,12330,9056,12937,30677,35411,42787,71203,111172,134860,83661,10049,14852,15825,17071,18340,19328,23459,31288,39915,50912,60260,66738,68122,54956,28705,8611,1438,158433,21993,125
Indonesia,1995,701835,107703,139959,32256,11648,8676,12643,30135,35630,42939,71290,114098,137800,86201,10682,14533,15602,17040,18590,19753,23186,31074,40216,51831,62267,68773,69027,56200,30001,9158,1524,151607,21319,133
Indonesia,1996,719256,104092,134398,30306,11628,8813,13310,31822,38031,45177,73584,119250,142809,88935,11355,15335,16487,18114,19917,21226,23951,31935,41649,53959,65291,72090,70719,57579,31356,9733,1622,146026,22123,142
Indonesia,1997,718683,100508,129180,28672,10975,8287,12791,30701,37629,45243,72846,121197,146611,91028,12040,14760,15941,17765,19864,21491,23752,31439,41407,54480,66717,74609,72002,58458,32570,10306,1734,140155,21078,151
Indonesia,1998,733181,95565,122695,27130,10881,8299,13262,31954,39558,47646,74379,125521,152583,93488,12759,15354,16600,18594,20964,22822,24824,32006,42373,56244,69277,78300,74283,59662,33826,10903,1856,133576,21561,159
Indonesia,1999,728327,90421,115977,25556,10185,7706,12551,30478,38612,47778,72946,126412,156835,95233,13445,14617,15861,17984,20628,22850,24928,31253,41693,56257,70155,80717,76118,60414,34819,11462,1983,126162,20257,168
Indonesia,2000,749814,86220,110197,23977,10285,7859,13178,32311,41082,51331,75135,131352,164558,98117,14225,15515,16796,19073,22009,24529,26802,32177,42958,58250,73102,84865,79693,62088,36029,12104,2121,120482,21037,178
Indonesia,2001,745556,82451,104837,22386,9641,7323,12267,30576,39717,51463,73569,131538,169379,100112,14944,14651,15925,18265,21452,24389,27074,31465,42104,57802,73736,86913,82466,63246,36866,12684,2260,114478,19590,188
Indonesia,2002,757932,78673,99539,20866,9518,7285,12288,31194,40788,53887,74668,134172,176024,102717,15650,14945,16249,18659,22129,25412,28475,32140,42528,58557,75615,89806,86218,64994,37723,13254,2396,109057,19573,199
Indonesia,2003,753297,75197,94781,19584,8874,6736,11242,29116,38934,53483,73315,133581,181075,105553,16396,13910,15206,17643,21291,24970,28513,31901,41414,57655,75926,91448,89627,66930,38623,13849,2547,103655,17978,211
Indonesia,2004,869208,77150,106119,28969,18062,13174,17557,41329,52678,68107,85147,145196,194033,110425,17159,19985,21344,24263,28415,32311,35796,38428,46719,63083,82113,98129,95904,70501,39924,14461,2698,124181,30731,223
Indonesia,2005,796431,70279,87597,17318,8907,7045,11916,31740,42602,59988,78886,139764,196122,113840,17788,15071,16669,19229,23373,27747,32241,35781,43105,59666,80098,97695,98427,73000,40840,14942,2846,96504,18961,236
Indonesia,2006,793080,68693,85382,16689,8468,6749,11101,29563,40536,59111,78049,137754,199805,117916,18399,13913,15650,18186,22350,27050,32061,36069,41980,58331,79423,98651,101154,75976,41940,15397,3002,93850,17850,252
Indonesia,2007,812579,67133,82761,15628,8130,6625,11217,30043,41620,61730,81261,139717,206474,123644,19082,14003,16040,18640,22980,28073,33657,38120,43141,59005,80712,101409,105065,80107,43537,15915,3167,90891,17842,270
Indonesia,2008,836413,64753,79672,14919,8092,6789,11617,31106,43336,64902,85536,141922,213331,130023,19795,14387,16719,19407,23929,29370,35532,40484,45052,59841,82081,104312,109019,84574,45449,16464,3331,87764,18406,290
Indonesia,2009,834392,62068,76446,14378,7589,6406,10848,28987,41371,63873,86174,139621,216424,135828,20509,13294,15693,18435,22936,28610,35263,40813,45361,58569,81052,104975,111449,88363,47465,17016,3493,84035,17254,311
Indonesia,2010,857885,59714,73493,13779,7608,6509,11237,29807,42896,66708,91195,141387,222464,142916,21331,13636,16171,19136,23760,29741,36967,43135,48060,59336,82051,107278,115186,92851,50065,17680,3651,81101,17746,333
Indonesia,2011,876055,58441,71502,13061,7487,6448,11355,29858,43516,68416,95413,142283,227225,149958,22240,13698,16160,19396,24120,30311,38105,44948,50465,59794,82489,108736,118489,97001,52957,18427,3813,78989,17803,359
Indonesia,2012,889163,56246,68678,12432,7351,6301,11316,29411,43534,69343,98896,142888,230883,156918,23259,13564,15847,19374,24160,30501,38842,46357,52539,60434,82454,109492,121391,100832,56086,19281,3978,76029,17617,386
Indonesia,2013,880511,53081,64982,11901,6846,5739,10368,26616,40605,66729,98526,140666,231418,163182,24415,12310,14306,17945,22660,29040,37689,45839,52687,60077,80589,108429,122989,103949,59233,20258,4157,71828,16107,415
Indonesia,2014,897667,50316,61612,11296,6822,5726,10542,26782,41241,68250,102575,143055,234581,170285,25755,12465,14317,18178,23063,29575,38675,47475,55100,62307,80748,108985,125596,107675,62610,21413,4342,68434,16268,443
Indonesia,2015,912605,47664,58360,10696,6715,5660,10523,26617,41303,69129,106014,145652,237219,177587,27356,12466,14151,18091,23212,29815,39314,48758,57256,64863,80789,109314,127905,111491,66096,22797,4559,65075,16183,472
Indonesia,2016,930222,45237,55352,10115,6651,5649,10543,26714,41462,70202,109744,149179,239919,185108,29204,12569,14145,18006,23456,30184,40018,50149,59595,67875,81304,109864,130055,115475,69633,24397,4807,62003,16192,500
Indonesia,2017,945618,42836,52328,9492,6566,5643,10513,26822,41484,71044,113088,153072,241445,191939,31144,12674,14148,17833,23651,30480,40564,51358,61730,70754,82318,109991,131454,119036,72903,26067,5077,58894,16156,527
Indonesia,2018,938671,40986,50190,9204,6265,5365,9588,24556,38436,67965,111491,153716,239546,197750,33246,11637,12919,16275,22161,28948,39017,50215,61276,71407,82309,108263,131283,121742,76008,27843,5403,56455,14953,556
Indonesia,2019,952760,39222,47692,8470,5905,5205,9402,24264,37930,68261,113949,159015,240491,204549,35512,11519,12745,15910,22020,28998,39263,50982,62967,74056,84959,108217,132274,125126,79423,29736,5776,53597,14607,588
Indonesia,2020,1132477,37673,45691,8018,5788,5246,9583,24871,40286,78267,140034,205734,289292,245210,41822,11754,13117,16551,23735,32637,45630,61704,78330,95014,110720,133640,155652,148330,96880,35172,6650,51479,14829,652
Indonesia,2021,1286380,36282,43927,7645,5649,5335,10466,27432,44669,89031,162630,244338,326888,278719,46602,12883,14549,18305,26364,36818,52213,71071,91559,113570,130768,151342,175546,167938,110781,39265,7337,49576,15801,695
Iran,1950,235412,86696,130645,43949,5320,4225,5251,12155,9757,10143,12214,17784,19194,7876,842,5978,6177,5112,4645,5063,5080,5781,6433,8487,9297,10011,9183,5415,2461,719,123,135965,9476,3
Iran,1951,240797,87943,135346,47403,5436,4167,5256,12270,10019,10118,12268,17759,19217,8108,824,5994,6276,5355,4664,4995,5123,5833,6435,8415,9344,9992,9225,5645,2463,713,111,140782,9423,8
Iran,1952,242820,88357,136893,48536,5576,4079,5237,12285,10355,10042,12333,17671,19159,8359,815,6021,6264,5644,4711,4880,5162,5868,6465,8280,9391,9968,9191,5921,2438,702,113,142469,9316,11
Iran,1953,245596,88986,138207,49221,5850,4073,5276,12403,10858,10037,12519,17695,19206,8641,818,6135,6268,6007,4851,4796,5241,5948,6571,8196,9499,10028,9178,6200,2441,703,115,144057,9349,11
Iran,1954,245327,89536,138962,49426,6043,3923,5096,12096,11007,9754,12416,17381,19016,8809,817,6025,6071,6116,4891,4607,5147,5883,6533,7983,9398,9952,9064,6328,2481,708,109,145005,9019,9
Iran,1955,245317,89500,138382,48882,6390,3894,5006,12042,11334,9664,12479,17270,19021,9005,822,6011,6031,6268,5066,4563,5101,5905,6574,7918,9352,9977,9044,6421,2584,716,106,144772,8900,7
Iran,1956,246576,89963,139049,49086,6736,3936,4917,11995,11607,9576,12545,17161,19064,9160,824,5983,6012,6329,5278,4561,5015,5932,6613,7899,9262,10027,9037,6453,2707,719,105,145785,8853,7
Iran,1957,248140,90529,139541,49012,7133,4132,4891,12066,11906,9533,12647,17055,19126,9285,819,6001,6065,6336,5570,4616,4917,5989,6658,7929,9126,10100,9026,6438,2847,713,106,146674,9023,7
Iran,1958,246468,90788,139155,48367,7087,4018,4626,11731,11857,9312,12531,16818,19104,9396,826,5787,5944,6117,5740,4613,4699,5928,6603,7912,8906,10087,9017,6415,2981,718,108,146242,8644,8
Iran,1959,246438,90983,139096,48113,7208,4152,4530,11562,11909,9281,12496,16727,19136,9478,853,5662,5900,5993,5916,4710,4571,5890,6606,7949,8778,10085,9051,6409,3069,744,109,146304,8682,7
Iran,1960,245976,89802,137697,47895,7314,4382,4523,11447,11997,9419,12520,16820,19313,9636,905,5566,5881,5941,6056,4881,4538,5855,6665,8039,8781,10132,9181,6483,3153,793,112,145011,8905,7
Iran,1961,244134,88106,135397,47291,7374,4565,4540,11279,12006,9613,12453,16877,19349,9719,954,5443,5836,5906,6100,5080,4533,5754,6699,8090,8787,10070,9279,6525,3194,841,113,142771,9105,7
Iran,1962,249676,87513,134698,47185,8312,5398,5055,11935,12727,10457,12897,17515,19780,9885,1009,5732,6203,6298,6429,5642,4815,5877,7020,8408,9107,10218,9562,6648,3237,895,114,143010,10453,7
Iran,1963,241000,86184,131499,45315,7496,4898,4681,10934,11866,10226,12199,17049,19265,9831,1048,5203,5731,5911,5955,5586,4640,5441,6758,8141,8908,9795,9470,6613,3218,933,115,138995,9579,7
Iran,1964,240079,85279,129605,44326,7606,5021,4876,10857,11860,10609,12112,17223,19282,9942,1082,5164,5693,5951,5909,5819,4790,5341,6771,8202,9021,9733,9549,6700,3242,962,120,137211,9897,7
Iran,1965,239580,84684,128038,43354,7678,5060,5143,10851,11888,10967,12050,17400,19317,10068,1110,5195,5656,5985,5903,5985,4982,5310,6740,8270,9130,9735,9582,6794,3274,982,128,135716,10203,7
Iran,1966,237242,84374,126764,42390,7407,4904,5238,10617,11638,11052,11796,17346,19187,10159,1129,5142,5475,5859,5779,5936,5116,5238,6558,8221,9125,9695,9492,6864,3295,993,136,134171,10142,7
Iran,1967,237328,84248,125672,41424,7417,4948,5474,10664,11701,11357,11750,17559,19275,10347,1151,5256,5408,5871,5830,5946,5411,5311,6439,8321,9238,9825,9450,7004,3343,1007,144,133089,10422,8
Iran,1968,240214,84146,125432,41286,7804,5377,5939,10966,11929,11798,11878,17874,19487,10551,1171,5519,5447,5957,5972,5986,5812,5508,6370,8464,9410,10062,9425,7145,3406,1019,152,133236,11316,8
Iran,1969,233613,83000,122527,39527,7027,4819,5593,10437,11298,11501,11573,17622,19351,10659,1190,5362,5075,5584,5714,5681,5820,5493,6080,8295,9327,10041,9310,7196,3463,1033,157,129554,10412,8
Iran,1970,229994,81065,119467,38402,6782,4725,5488,10388,10949,11464,11630,17577,19500,10799,1214,5463,4925,5363,5586,5556,5908,5639,5991,8197,9380,10158,9342,7254,3545,1053,161,126249,10213,9
Iran,1971,225096,78473,115408,36935,6520,4577,5356,10327,10545,11340,11764,17446,19667,10900,1241,5522,4805,5117,5428,5438,5902,5817,5947,8023,9423,10253,9414,7269,3631,1076,165,121928,9933,9
Iran,1972,223489,75332,110898,35566,6799,4813,5579,10808,10592,11557,12330,17619,20153,11056,1270,5855,4953,5099,5493,5553,6004,6226,6104,7963,9656,10504,9649,7311,3745,1102,168,117697,10392,10
Iran,1973,212997,72628,105423,32795,6103,4258,5123,10232,9721,10891,12222,16913,19903,10916,1280,5574,4658,4636,5085,5252,5639,6250,5972,7479,9434,10313,9590,7153,3763,1111,169,111526,9381,10
Iran,1974,208785,71077,101900,30823,5895,4072,5001,10178,9343,10665,12516,16693,20164,11032,1321,5508,4670,4442,4901,5160,5505,6423,6093,7275,9418,10404,9760,7189,3843,1147,174,107795,9073,11
Iran,1975,206393,70073,99634,29561,5627,3863,4836,10052,8964,10472,12855,16661,20689,11344,1383,5342,4710,4274,4690,5051,5421,6552,6303,7224,9437,10628,10061,7381,3963,1202,181,105261,8699,11
Iran,1976,203947,69910,97787,27877,5387,3691,4677,9935,8635,10264,13092,16502,21003,11532,1431,5198,4737,4156,4479,4925,5339,6566,6526,7192,9310,10757,10246,7524,4008,1244,187,103174,8368,12
Iran,1977,201032,69146,95598,26452,5163,3566,4516,9773,8304,10063,13272,16298,21276,11715,1474,5049,4724,4053,4251,4788,5275,6472,6800,7207,9091,10880,10396,7686,4029,1283,191,100761,8082,12
Iran,1978,213515,69438,96607,27169,6748,4851,5519,11511,9312,11098,14616,17135,22423,12150,1531,5934,5577,4657,4655,5265,5833,6944,7672,7787,9348,11528,10895,8041,4109,1334,197,103355,10370,12
Iran,1979,193833,67981,91499,23518,4570,3210,4073,9269,7719,9512,13284,15839,21342,11972,1531,4712,4557,3905,3814,4425,5087,6089,7195,7328,8511,10824,10518,7932,4040,1332,199,96069,7283,12
Iran,1980,192428,66774,89345,22571,4246,3005,3864,9026,7686,9488,13548,16204,21867,12527,1607,4588,4438,3957,3729,4364,5124,6096,7452,7641,8563,10975,10892,8303,4224,1395,212,93591,6869,13
Iran,1981,191101,64741,86383,21642,4148,2961,3848,9144,7960,9774,13846,16550,21977,12858,1637,4651,4493,4137,3823,4481,5293,6211,7635,7959,8591,10885,11092,8514,4344,1416,221,90531,6809,13
Iran,1982,189665,64376,84748,20372,3784,2631,3624,9045,8085,9621,13821,17123,22224,13274,1670,4558,4487,4240,3845,4370,5251,6211,7610,8377,8746,10789,11435,8781,4493,1440,230,88532,6255,13
Iran,1983,184952,62688,82178,19490,3459,2348,3296,8351,7726,9124,13453,17510,22123,13663,1707,4168,4183,4062,3664,4083,5041,6074,7379,8662,8848,10523,11600,9011,4652,1469,238,85637,5644,14
Iran,1984,181014,60304,78993,18689,3410,2220,3098,7821,7453,8570,13157,18146,22235,14141,1753,3855,3966,3901,3552,3782,4788,5942,7215,8991,9155,10439,11796,9307,4834,1508,245,82403,5318,14
Iran,1985,176840,57438,75236,17798,3302,2074,2928,7425,7331,8315,12979,18643,22239,14550,1806,3622,3803,3759,3572,3669,4646,5866,7113,9175,9468,10404,11835,9554,4996,1556,250,78538,5002,14
Iran,1986,173361,54125,70968,16843,3245,1985,2799,7125,7290,8175,12965,19308,22483,15119,1884,3453,3672,3667,3623,3631,4544,5845,7120,9343,9965,10576,11907,9901,5218,1627,257,74213,4784,15
Iran,1987,171953,50435,66254,15819,3427,2044,2843,7239,7601,8313,13258,20277,22944,15769,1968,3501,3738,3773,3828,3752,4561,5953,7305,9547,10730,10958,11986,10309,5460,1706,262,69681,4887,15
Iran,1988,166813,46509,60938,14429,3276,1957,2666,6865,7484,8154,13192,20774,23155,16286,2053,3318,3547,3654,3830,3729,4425,5870,7322,9441,11333,11279,11876,10614,5672,1785,268,64214,4623,16
Iran,1989,161262,42960,56156,13196,3174,1933,2452,6279,7045,7737,12888,21133,23552,16747,2145,3034,3245,3420,3625,3566,4171,5648,7240,9308,11825,11714,11838,10853,5894,1867,278,59330,4385,16
Iran,1990,178683,41019,55833,14814,6046,4095,3894,8574,9024,9234,14219,22936,25173,17384,2252,4268,4306,4482,4542,4442,4792,6264,7955,9987,12949,12872,12301,11198,6186,1962,290,61879,7989,17
Iran,1991,159286,37790,48767,10977,3048,1968,2409,6374,7315,8313,13153,22323,25648,17608,2347,3091,3283,3538,3777,3979,4334,5682,7471,9553,12770,13205,12443,11219,6389,2044,303,51815,4377,17
Iran,1992,156536,34557,44753,10196,2833,1930,2312,6084,7153,8428,13061,22560,26984,18047,2374,2935,3149,3428,3725,4059,4369,5584,7477,9649,12911,14126,12858,11362,6685,2065,309,47586,4242,17
Iran,1993,155014,30995,40449,9454,2786,2005,2349,6006,7187,8723,13119,22897,28558,18392,2524,2885,3121,3411,3776,4230,4493,5567,7552,9872,13025,15154,13404,11440,6952,2193,331,43235,4354,18
Iran,1994,147576,25966,34296,8330,2505,1935,2234,5342,6638,8545,12686,22612,29531,18565,2664,2550,2792,3087,3551,4095,4450,5344,7342,9786,12826,15734,13797,11442,7123,2312,352,36801,4169,19
Iran,1995,146398,22516,29868,7352,2424,1981,2345,5340,6681,8892,12807,23019,31197,19005,2816,2545,2795,3072,3609,4181,4711,5418,7389,9985,13034,16531,14666,11699,7306,2441,375,32292,4326,21
Iran,1996,140880,19825,26108,6283,2620,2302,2764,5490,6022,8290,12199,23104,31396,17802,2755,2782,2708,2749,3273,3816,4474,5105,7094,9872,13232,16398,14998,10993,6809,2371,384,28728,5066,22
Iran,1997,141876,17880,23431,5551,2683,2520,3104,5820,6179,8612,12240,23481,32391,18495,2896,3003,2817,2828,3351,3913,4699,5218,7022,9925,13556,16373,16018,11474,7021,2493,403,26114,5624,23
Iran,1998,144120,16678,21387,4709,2353,2316,3160,5820,6006,8651,12071,23471,35575,20092,3192,3069,2751,2750,3256,3862,4789,5237,6834,9808,13663,17632,17943,12702,7390,2728,464,23740,5476,28
Iran,1999,140930,15844,19958,4114,2163,2267,3324,6042,5982,8743,12096,23185,34361,19567,3215,3267,2775,2759,3223,3875,4868,5373,6723,9692,13493,16432,17929,12465,7102,2732,483,22121,5591,30
Iran,2000,142882,15109,18791,3682,1955,2198,3455,6301,5956,8762,12240,23149,35157,21362,3518,3489,2812,2770,3186,3877,4885,5568,6672,9551,13598,16203,18954,13850,7512,2966,552,20746,5653,36
Iran,2001,146236,14467,17868,3401,1769,2136,3572,6620,5949,8773,12432,23096,37420,22857,3701,3729,2891,2787,3162,3867,4906,5756,6676,9386,13710,17648,19772,14902,7955,3095,606,19637,5708,41
Iran,2002,148353,13666,16766,3100,1577,2062,3635,6973,5950,8778,12666,23164,38366,24526,3841,3968,3005,2800,3150,3844,4934,5935,6731,9205,13959,17978,20388,16172,8354,3184,657,18343,5697,46
Iran,2003,161131,13137,16846,3709,2543,3492,5148,9451,7467,10120,14029,23599,38060,26292,4033,5424,4027,3596,3871,4503,5617,6722,7307,9514,14085,18047,20013,17434,8858,3322,711,19389,8640,52
Iran,2004,148230,12200,14791,2591,1284,1845,3550,7459,5756,8580,13044,22221,37265,28067,4306,4268,3191,2702,3054,3671,4909,6124,6920,8836,13385,17509,19756,18476,9591,3525,781,16075,5395,61
Iran,2005,149940,11701,14094,2393,1315,2052,4099,5982,4249,6903,12493,22022,40245,32014,4412,3528,2454,1930,2319,2862,4041,5708,6785,8461,13561,18612,21633,20843,11171,3644,768,15409,6151,59
Iran,2006,148216,11318,13550,2232,1149,1404,3426,6427,4499,7479,12573,22052,39208,31761,4619,3719,2708,2145,2354,3067,4412,5461,7112,8843,13209,18388,20820,20436,11325,3789,830,14699,4830,72
Iran,2007,148453,11044,13142,2098,1071,1238,3105,7088,4694,7502,13455,22349,38100,31738,4878,4175,2913,2197,2497,3021,4481,5744,7711,9244,13105,17780,20320,20151,11587,3954,924,14213,4343,90
Iran,2008,162307,10747,12732,1985,1222,1302,3545,9982,5684,8058,14580,22879,41031,35749,5450,5823,4159,2756,2928,3358,4700,6197,8383,9631,13248,18601,22430,22098,13651,4462,988,13954,4847,97
Iran,2009,166588,10422,12298,1876,1379,1902,3060,12053,7623,9196,15477,22544,39735,35451,5771,6098,5955,3895,3728,3997,5199,6892,8585,9774,12770,18219,21516,21036,14415,4764,1007,13677,4962,99
Iran,2010,163323,10128,11995,1867,1249,1181,2585,11339,6907,7860,15216,23546,39486,36102,5760,5581,5758,3947,2960,3279,4581,6502,8714,10340,13206,17629,21857,21648,14454,4781,979,13244,3766,94
Iran,2011,160642,9979,11749,1770,1105,1033,2054,8967,6287,7517,14874,24069,39861,36510,6515,3967,5000,3614,2673,3271,4246,6252,8622,10802,13267,18024,21837,21419,15091,5463,1052,12854,3087,100
Iran,2012,158602,10007,11773,1766,1195,1039,1905,7635,6336,7589,14558,24614,38465,36204,7177,3287,4348,3558,2778,3381,4208,6247,8311,11085,13529,17104,21361,20722,15482,6026,1151,12968,2944,109
Iran,2013,162095,10015,11753,1738,1199,995,1689,6755,6349,7689,14995,26023,38509,38240,7794,2779,3976,3470,2879,3435,4254,6413,8582,11973,14050,16729,21780,22172,16068,6588,1206,12952,2684,107
Iran,2014,167956,9962,11660,1698,1182,1009,1498,5930,6452,7118,14272,26388,40350,42805,9171,2260,3670,3410,3042,3194,3924,5872,8400,12096,14292,17667,22683,24857,17948,7743,1428,12842,2507,120
Iran,2015,168463,9639,11333,1694,1090,1007,1550,5063,6400,7462,14152,26740,40480,43490,9574,2101,2962,3312,3088,3258,4204,5778,8374,11819,14921,17770,22710,25258,18232,8069,1505,12423,2557,120
Iran,2016,166324,9275,10955,1680,1176,1077,1461,4839,6691,7442,13760,26823,39530,42300,10128,1890,2949,3461,3230,3252,4190,5501,8259,11650,15173,17137,22393,24210,18090,8380,1748,12131,2538,141
Iran,2017,164727,8889,10401,1512,1134,1013,1376,4095,6444,7093,12855,25989,39566,43636,10976,1640,2455,3388,3056,3054,4039,5086,7769,10624,15365,17354,22212,24936,18700,9008,1968,11535,2389,151
Iran,2018,168254,8116,9672,1556,1258,1002,1422,3792,6343,7617,13625,27577,39395,44457,11912,1577,2215,3124,3219,3352,4265,5359,8266,11186,16391,17612,21783,24695,19762,9580,2332,10930,2424,179
Iran,2019,175640,7010,8529,1519,1295,1125,1567,3708,6720,8372,14356,29746,39801,47160,13039,1531,2177,3185,3535,3752,4620,5786,8570,12149,17597,18242,21559,25915,21245,10284,2755,9824,2692,217
Iran,2020,203366,6393,7859,1466,1999,1488,1946,4493,8315,11610,20381,40009,42445,49058,13543,1951,2542,3645,4670,5085,6525,8198,12183,17674,22335,19760,22685,26661,22397,10779,2764,9858,3434,217
Iran,2021,240914,5979,7279,1300,1326,1188,1729,3691,7640,10772,19591,42565,57932,68551,18339,1585,2106,3357,4283,4880,5892,7889,11702,17732,24833,27788,30144,36104,32447,14607,3732,8605,2917,312
Iraq,1950,63749,27269,43154,15885,1027,767,897,2077,2455,2789,3170,2666,3044,1526,179,1016,1061,1195,1260,1336,1453,1574,1596,1271,1395,1567,1477,1029,497,154,25,44181,1664,1
Iraq,1951,61171,26276,40678,14402,988,736,869,1991,2350,2730,3248,2757,3063,1574,183,981,1010,1134,1216,1295,1435,1587,1661,1369,1388,1568,1495,1061,513,158,25,41666,1605,2
Iraq,1952,60683,26666,40263,13597,943,709,840,1920,2247,2662,3305,2882,3092,1628,186,953,967,1074,1173,1253,1409,1604,1701,1509,1373,1575,1517,1099,529,160,26,41206,1549,3
Iraq,1953,60038,26212,39403,13191,938,696,828,1893,2183,2627,3377,3065,3142,1687,192,945,948,1031,1152,1234,1393,1636,1741,1687,1378,1594,1548,1141,546,165,27,40341,1524,3
Iraq,1954,58346,24950,37748,12798,912,665,796,1823,2076,2553,3402,3246,3175,1747,200,914,909,972,1104,1195,1358,1640,1762,1834,1412,1604,1571,1178,569,173,27,38660,1461,3
Iraq,1955,54916,22053,34183,12130,893,647,777,1783,1997,2504,3440,3462,3214,1806,212,896,887,931,1066,1168,1336,1645,1795,1962,1500,1620,1594,1213,593,184,28,35076,1424,2
Iraq,1956,52213,20301,31313,11012,884,629,758,1744,1924,2457,3472,3699,3247,1865,220,876,868,898,1026,1143,1314,1642,1830,2061,1638,1631,1616,1246,619,191,29,32197,1387,2
Iraq,1957,47827,16950,26774,9824,889,605,739,1703,1847,2407,3489,3949,3268,1925,229,855,848,867,980,1117,1290,1624,1865,2126,1823,1628,1640,1278,647,199,30,27663,1344,2
Iraq,1958,44716,15018,23502,8484,894,586,717,1662,1772,2355,3495,4208,3300,1986,237,832,830,838,934,1088,1267,1599,1896,2170,2038,1635,1665,1310,676,206,31,24396,1303,3
Iraq,1959,44308,15501,22695,7194,897,577,710,1654,1739,2349,3530,4469,3390,2045,247,826,828,830,909,1084,1265,1594,1936,2222,2247,1696,1694,1343,702,215,32,23592,1287,3
Iraq,1960,43955,15517,22155,6638,877,567,693,1613,1677,2275,3511,4689,3535,2095,261,804,809,807,870,1040,1235,1565,1946,2270,2419,1816,1719,1368,727,227,34,23032,1260,3
Iraq,1961,44561,16024,22417,6393,837,559,678,1590,1643,2247,3515,4893,3746,2156,277,791,799,796,847,1019,1228,1555,1960,2330,2563,1999,1747,1402,754,240,37,23254,1237,3
Iraq,1962,46757,18114,24413,6299,765,552,653,1544,1596,2186,3486,5050,4003,2219,289,768,776,778,818,979,1207,1535,1951,2385,2665,2244,1759,1438,781,252,37,25178,1205,3
Iraq,1963,48272,18779,25436,6657,712,562,647,1527,1581,2160,3487,5221,4338,2291,305,759,768,774,807,953,1207,1532,1955,2459,2762,2545,1793,1481,810,266,39,26148,1209,3
Iraq,1964,49293,18542,25673,7131,730,586,652,1526,1580,2145,3516,5437,4758,2367,322,758,768,776,804,934,1211,1543,1973,2549,2888,2859,1899,1527,840,280,42,26403,1238,3
Iraq,1965,48926,18120,25080,6960,662,569,641,1496,1556,2089,3467,5512,5102,2414,332,744,752,764,792,906,1183,1519,1948,2565,2947,3066,2036,1554,860,289,43,25742,1210,3
Iraq,1966,48850,17839,24668,6829,642,548,627,1451,1519,2031,3435,5608,5507,2466,347,720,731,745,774,879,1152,1502,1933,2577,3031,3256,2251,1583,883,300,47,25310,1175,3
Iraq,1967,48944,17581,24187,6606,676,524,638,1429,1504,1986,3423,5732,5967,2517,362,707,722,736,768,862,1124,1495,1928,2593,3139,3415,2552,1606,911,313,49,24863,1162,3
Iraq,1968,49586,17473,23936,6463,762,499,661,1440,1518,1979,3454,5891,6478,2593,377,714,726,740,778,866,1113,1509,1945,2620,3271,3567,2911,1650,943,325,52,24698,1160,4
Iraq,1969,49704,17318,23491,6173,769,457,670,1433,1515,1955,3439,5963,6908,2711,390,712,721,735,780,865,1090,1499,1940,2613,3350,3681,3227,1740,971,337,53,24260,1127,4
Iraq,1970,49846,17102,23087,5985,787,430,668,1410,1493,1916,3408,6027,7317,2895,402,703,707,723,770,852,1064,1477,1931,2609,3418,3810,3507,1900,995,347,55,23874,1098,4
Iraq,1971,49825,16786,22507,5721,774,411,659,1401,1480,1892,3380,6065,7686,3146,416,703,698,714,766,847,1045,1454,1926,2603,3462,3944,3742,2127,1019,358,58,23281,1070,4
Iraq,1972,50081,16474,22021,5547,788,428,639,1418,1483,1897,3361,6107,8037,3465,431,724,694,715,768,855,1042,1431,1930,2609,3498,4100,3937,2426,1039,371,60,22809,1067,4
Iraq,1973,49825,16146,21466,5320,758,439,573,1384,1433,1862,3290,6075,8290,3803,445,716,668,688,745,839,1023,1382,1908,2586,3489,4219,4071,2740,1063,383,62,22224,1012,5
Iraq,1974,50762,15901,21160,5259,797,472,553,1456,1490,1968,3347,6167,8664,4216,464,761,695,711,779,898,1070,1402,1945,2625,3542,4394,4270,3075,1141,399,65,21957,1025,5
Iraq,1975,50667,15532,20597,5065,783,487,515,1428,1457,1949,3291,6155,8921,4604,478,749,679,693,764,888,1061,1371,1920,2612,3543,4488,4433,3344,1260,411,67,21380,1002,5
Iraq,1976,49701,15045,19743,4698,696,475,468,1324,1351,1832,3153,6076,9102,4984,490,687,637,643,708,824,1008,1305,1848,2568,3508,4524,4578,3565,1419,421,69,20439,943,5
Iraq,1977,49601,14675,19171,4496,674,470,471,1287,1318,1822,3098,6071,9330,5382,503,647,640,624,694,815,1007,1290,1808,2561,3510,4566,4764,3756,1626,430,73,19845,941,6
Iraq,1978,50433,14374,18691,4317,714,498,537,1333,1380,1896,3140,6206,9687,5823,524,640,693,654,726,848,1048,1323,1817,2621,3585,4672,5015,3958,1865,447,77,19405,1035,6
Iraq,1979,50644,14100,18247,4147,702,493,566,1301,1376,1908,3122,6229,9908,6221,562,598,703,653,723,848,1060,1330,1792,2621,3608,4711,5197,4140,2081,484,78,18949,1059,6
Iraq,1980,52189,13859,17849,3990,729,521,676,1490,1593,2203,3308,6364,10193,6630,626,672,818,754,839,1004,1199,1444,1864,2679,3685,4802,5391,4354,2276,545,81,18578,1197,6
Iraq,1981,52973,13715,17580,3865,707,516,740,1572,1710,2379,3394,6360,10319,6983,705,707,865,808,902,1098,1281,1508,1886,2664,3696,4823,5496,4546,2437,622,83,18287,1256,6
Iraq,1982,53850,13555,17298,3743,733,539,790,1631,1787,2449,3471,6439,10539,7370,801,763,868,861,926,1130,1319,1555,1916,2673,3766,4911,5628,4786,2584,716,85,18031,1329,7
Iraq,1983,53844,13438,17085,3647,703,526,775,1607,1787,2428,3460,6359,10566,7674,866,808,799,873,914,1118,1310,1558,1902,2605,3754,4911,5655,4974,2700,777,89,17788,1301,7
Iraq,1984,55143,13477,17050,3573,736,552,819,1694,1891,2515,3578,6459,10806,8055,977,905,789,933,958,1160,1355,1619,1959,2628,3831,5024,5782,5209,2846,879,98,17786,1371,7
Iraq,1985,55503,13400,16921,3521,723,546,821,1715,1908,2526,3608,6419,10890,8346,1077,954,761,945,963,1162,1364,1637,1971,2601,3818,5052,5838,5366,2980,963,114,17644,1367,7
Iraq,1986,55866,13154,16578,3424,743,561,852,1800,1967,2570,3676,6412,10969,8571,1159,1029,771,969,998,1183,1387,1670,2006,2605,3807,5086,5883,5471,3100,1027,132,17321,1413,8
Iraq,1987,57023,13158,16548,3390,769,578,891,1924,2034,2642,3794,6483,11209,8894,1250,1091,833,972,1062,1213,1429,1720,2074,2653,3830,5200,6009,5620,3274,1095,155,17317,1469,8
Iraq,1988,68456,14701,20726,6025,1932,1000,1222,2619,2517,3254,4494,7373,12467,9502,1347,1434,1185,1159,1358,1500,1754,2050,2444,3070,4303,5855,6612,5984,3518,1167,180,22658,2222,8
Iraq,1989,80060,16464,25327,8863,3248,1483,1523,3185,2803,3586,5098,8382,13851,10126,1440,1687,1498,1262,1541,1627,1959,2307,2791,3541,4841,6574,7277,6369,3757,1239,201,28575,3006,9
Iraq,1990,81163,16711,25574,8863,3294,1505,1568,3395,2871,3693,5235,8445,13857,10218,1500,1758,1637,1258,1613,1683,2010,2366,2869,3612,4833,6566,7291,6388,3830,1284,216,28868,3073,10
Iraq,1991,67606,14744,20462,5718,1958,1017,1198,2748,2320,3047,4476,7255,12121,9459,1533,1396,1352,1001,1319,1392,1655,2003,2473,3122,4133,5659,6462,5845,3614,1315,218,22420,2215,12
Iraq,1992,58116,13385,16609,3224,907,642,916,2212,1919,2577,3958,6540,11112,9158,1547,1115,1097,855,1064,1189,1388,1751,2207,2824,3716,5090,6022,5605,3553,1325,222,17516,1558,13
Iraq,1993,58324,13534,16781,3247,876,625,888,2178,1901,2607,3975,6588,11091,9261,1537,1094,1084,914,987,1216,1391,1757,2218,2858,3730,5022,6069,5656,3605,1307,230,17657,1513,15
Iraq,1994,62053,14017,17435,3418,988,692,977,2425,2104,2884,4288,7078,11671,9764,1731,1214,1211,1078,1026,1362,1522,1899,2389,3090,3988,5256,6415,5966,3798,1484,247,18423,1669,17
Iraq,1995,64822,14028,17495,3467,1146,785,1105,2753,2379,3179,4593,7501,12029,10050,1787,1374,1379,1280,1099,1521,1658,2042,2551,3297,4204,5420,6609,6150,3900,1530,257,18641,1890,19
Iraq,1996,67382,13962,17362,3400,1299,879,1246,3112,2704,3470,4890,7919,12339,10309,1836,1548,1564,1505,1199,1660,1810,2181,2709,3496,4423,5585,6754,6317,3992,1567,269,18661,2125,20
Iraq,1997,71032,14171,17697,3526,1570,1017,1428,3556,3143,3805,5236,8415,12688,10580,1875,1762,1794,1744,1399,1775,2030,2340,2896,3724,4691,5805,6883,6502,4078,1597,278,19267,2445,21
Iraq,1998,74276,14119,17401,3282,1821,1175,1670,4126,3749,4134,5622,8910,12965,10781,1899,2040,2086,2026,1723,1854,2280,2527,3095,3954,4956,6017,6948,6643,4138,1613,286,19222,2845,22
Iraq,1999,71025,14168,17473,3305,1461,957,1357,3427,3338,3735,5343,8633,12625,10728,1926,1677,1750,1733,1605,1572,2163,2394,2949,3789,4844,5891,6734,6583,4145,1631,295,18934,2314,23
Iraq,2000,68998,14186,17473,3287,1233,825,1163,2977,3088,3491,5168,8474,12439,10690,1951,1445,1532,1551,1537,1406,2085,2311,2857,3690,4784,5832,6607,6526,4164,1650,301,18706,1988,24
Iraq,2001,70115,14137,17407,3270,1248,843,1183,3023,3253,3563,5338,8715,12696,10832,1989,1464,1559,1599,1654,1419,2144,2406,2932,3789,4926,5999,6697,6586,4246,1682,307,18655,2026,25
Iraq,2002,70878,14023,17266,3243,1254,859,1192,3042,3357,3629,5512,8899,12934,10894,2015,1472,1570,1634,1723,1504,2125,2532,2980,3865,5034,6155,6779,6578,4316,1703,312,18520,2051,25
Iraq,2003,73595,14033,17239,3206,1319,917,1298,3332,3710,3973,5944,9287,13420,11074,2061,1619,1713,1798,1912,1805,2168,2790,3154,4045,5242,6430,6990,6641,4433,1742,319,18558,2215,26
Iraq,2004,75310,14109,17267,3158,1346,947,1348,3469,3905,4173,6252,9546,13781,11153,2091,1691,1778,1882,2023,2037,2136,2969,3283,4162,5384,6632,7149,6662,4491,1769,322,18613,2295,27
Iraq,2005,77385,14033,17155,3122,1414,999,1422,3639,4122,4418,6583,9904,14262,11305,2135,1781,1858,1976,2146,2266,2152,3147,3436,4325,5579,6886,7376,6754,4551,1806,329,18569,2421,28
Iraq,2006,81016,14023,17109,3086,1550,1093,1601,4069,4611,4959,7084,10385,14857,11494,2177,2002,2067,2199,2412,2650,2309,3385,3699,4549,5836,7189,7668,6893,4601,1843,334,18659,2694,28
Iraq,2007,80270,13355,16257,2902,1602,1125,1667,4149,4705,5157,7121,10356,14797,11174,2128,2045,2104,2236,2469,2740,2417,3294,3827,4534,5822,7159,7638,6750,4424,1803,325,17859,2792,27
Iraq,2008,80378,12935,15703,2768,1716,1196,1749,4215,4743,5321,7089,10522,14964,11032,2102,2077,2138,2260,2483,2712,2609,3101,3988,4619,5903,7232,7732,6727,4305,1782,320,17419,2945,27
Iraq,2009,82441,13217,16027,2810,1761,1220,1771,4204,4734,5540,7191,10935,15553,11322,2153,2067,2137,2251,2483,2724,2816,2991,4200,4815,6120,7500,8053,6952,4370,1822,331,17788,2991,28
Iraq,2010,82093,13475,16293,2818,1608,1121,1635,3908,4454,5587,7096,10981,15750,11457,2168,1920,1988,2095,2359,2656,2931,2852,4244,4831,6150,7565,8185,7067,4390,1833,335,17901,2756,28
Iraq,2011,83783,13787,16544,2757,1588,1114,1640,3943,4483,5865,7223,11300,16156,11714,2183,1944,1999,2102,2381,2722,3143,2876,4347,5009,6291,7748,8408,7263,4451,1841,342,18132,2754,29
Iraq,2012,85758,13739,16504,2765,1595,1117,1656,4014,4545,6114,7427,11777,16673,12095,2207,1990,2024,2126,2419,2808,3306,3082,4345,5321,6456,7992,8681,7535,4560,1855,352,18099,2773,29
Iraq,2013,88856,13816,16808,2992,1651,1131,1667,4089,4617,6361,7718,12446,17404,12666,2265,2037,2052,2158,2459,2908,3453,3465,4253,5705,6741,8339,9065,7920,4746,1898,367,18459,2798,31
Iraq,2014,89237,13499,16244,2745,1518,1070,1609,4003,4534,6400,7820,12862,17830,13104,2214,1998,2005,2117,2417,2900,3500,3746,4074,5939,6923,8532,9298,8208,4896,1838,376,17762,2679,31
Iraq,2015,91168,12927,15708,2781,1590,1092,1645,4126,4643,6630,8145,13402,18371,13512,2272,2060,2066,2174,2469,2986,3644,4098,4047,6228,7174,8792,9579,8480,5032,1891,381,17298,2737,32
Iraq,2016,85536,12231,14836,2605,1187,838,1321,3448,4011,6141,7694,12653,17683,13401,2290,1706,1742,1848,2163,2734,3407,3991,3703,5795,6858,8397,9286,8374,5027,1907,383,16023,2159,33
Iraq,2017,81999,11613,14091,2478,1079,754,1168,3073,3592,5647,7488,12196,17237,13340,2300,1505,1568,1654,1938,2467,3180,3839,3649,5376,6820,8130,9107,8302,5038,1916,384,15170,1922,33
Iraq,2018,84196,11337,13757,2420,1160,786,1170,3082,3585,5665,8036,12581,17980,13963,2400,1492,1590,1658,1927,2435,3230,3960,4076,5263,7318,8482,9498,8667,5296,2001,399,14917,1956,34
Iraq,2019,86050,11140,13508,2368,1198,798,1177,3139,3641,5771,8541,12756,18539,14455,2491,1510,1629,1684,1957,2466,3305,4082,4459,5074,7682,8766,9773,8946,5509,2076,415,14706,1975,35
Iraq,2020,106506,10874,13087,2213,1191,818,1302,3523,4286,7356,11980,17594,24077,18288,2964,1686,1837,1944,2342,3057,4299,5518,6462,6847,10747,11697,12380,11191,7097,2492,472,14278,2120,38
Iraq,2021,98668,10648,12772,2124,1104,777,1150,3132,3862,6513,11203,16045,22493,16815,2762,1490,1642,1761,2101,2693,3820,5035,6168,6176,9869,10960,11533,10373,6442,2313,449,13876,1927,36
Ireland,1950,17729,1250,1511,261,113,95,178,513,677,798,1445,2917,5525,3418,530,241,272,310,367,377,421,663,782,1252,1665,2693,2832,2261,1157,430,100,1624,273,9
Ireland,1951,20043,1230,1516,286,97,88,144,438,619,778,1640,3267,6527,4234,686,200,238,246,373,364,414,773,867,1364,1903,3080,3447,2820,1414,549,137,1613,232,10
Ireland,1952,16272,1212,1440,228,98,68,125,313,449,772,1352,2582,5212,3336,511,132,181,191,258,328,444,644,708,1132,1450,2600,2612,2202,1134,409,102,1538,193,7
Ireland,1953,16244,1088,1317,229,107,70,82,252,437,781,1376,2485,5160,3581,583,107,145,201,236,348,433,645,731,1061,1424,2521,2639,2353,1228,471,112,1424,152,11
Ireland,1954,16462,993,1199,206,78,58,83,192,410,664,1388,2631,5325,3830,594,79,113,180,230,286,378,623,765,1128,1503,2497,2828,2468,1362,488,106,1277,141,13
Ireland,1955,17079,967,1129,162,78,61,55,198,381,684,1348,2643,5576,4199,712,87,111,181,200,289,395,599,749,1165,1478,2670,2906,2697,1502,581,131,1207,116,17
Ireland,1956,15726,915,1090,175,72,50,38,168,350,614,1281,2455,4925,4002,670,82,86,140,210,283,331,535,746,1076,1379,2215,2710,2577,1425,551,119,1162,88,15
Ireland,1957,15996,862,1002,140,76,39,63,165,349,683,1330,2457,5057,4093,669,73,92,127,222,292,391,552,778,1048,1409,2262,2795,2541,1552,544,125,1078,102,15
Ireland,1958,15797,877,1003,126,48,42,42,128,313,642,1267,2419,4861,4312,703,61,67,119,194,269,373,527,740,1071,1348,2117,2744,2637,1675,567,136,1051,84,15
Ireland,1959,15619,815,941,126,63,36,48,125,295,644,1232,2443,4838,4189,751,53,72,116,179,248,396,518,714,1029,1414,2101,2737,2611,1578,602,149,1004,84,17
Ireland,1960,15173,729,859,130,67,40,44,111,273,583,1237,2373,4679,4176,717,57,54,114,159,227,356,573,664,1044,1329,2102,2577,2537,1639,587,130,926,84,15
Ireland,1961,15997,765,911,146,56,53,37,117,271,551,1138,2475,4863,4653,849,49,68,104,167,205,346,515,623,1083,1392,2269,2594,2831,1822,701,148,967,90,19
Ireland,1962,15418,744,863,119,63,30,38,98,239,568,1157,2365,4679,4473,825,49,49,84,155,221,347,546,611,1066,1299,2203,2476,2721,1752,682,143,926,68,20
Ireland,1963,15541,687,794,107,46,37,37,115,241,571,1169,2431,4583,4599,896,52,63,78,163,254,317,524,645,1051,1380,2139,2444,2804,1795,746,150,840,74,20
Ireland,1964,14973,733,848,115,57,48,58,112,201,577,1134,2358,4324,4377,867,49,63,86,115,220,357,504,630,1096,1262,1961,2363,2661,1716,716,151,905,106,16
Ireland,1965,15033,654,767,113,55,27,42,101,176,550,1118,2338,4597,4373,876,44,57,64,112,202,348,505,613,980,1358,2100,2497,2599,1774,716,160,822,69,14
Ireland,1966,15913,629,739,110,57,38,57,91,182,502,1267,2520,4804,4675,968,42,49,72,110,205,297,570,697,1000,1520,2237,2567,2685,1990,789,179,796,95,14
Ireland,1967,14321,617,697,80,47,37,37,85,168,520,1155,2331,4296,3989,944,44,41,79,89,189,331,504,651,934,1397,2005,2291,2210,1779,771,173,744,74,12
Ireland,1968,15065,568,649,81,39,43,48,92,160,587,1145,2415,4502,4319,1057,52,40,69,91,211,376,486,659,990,1425,2084,2418,2441,1878,853,204,688,91,13
Ireland,1969,15321,580,675,95,49,37,61,104,183,482,1240,2526,4546,4407,997,48,56,80,103,172,310,523,717,1046,1480,2092,2454,2491,1916,802,195,724,98,14
Ireland,1970,15174,546,646,100,52,42,63,104,152,514,1203,2497,4607,4264,1013,53,51,55,97,200,314,505,698,1092,1405,2204,2403,2458,1806,809,204,698,105,16
Ireland,1971,14484,512,597,85,41,27,54,118,148,416,1207,2251,4417,4142,1046,57,61,68,80,130,286,497,710,967,1284,2123,2294,2409,1733,832,214,638,81,17
Ireland,1972,15535,524,620,96,60,34,68,119,149,486,1170,2371,4797,4476,1165,59,60,52,97,175,311,496,674,1039,1332,2248,2549,2690,1786,931,234,680,102,21
Ireland,1973,15383,514,600,86,37,33,40,110,158,485,1176,2414,4811,4343,1162,50,60,56,102,153,332,506,670,1040,1374,2254,2557,2547,1796,929,233,637,73,22
Ireland,1974,15932,488,575,87,34,35,58,114,142,448,1159,2574,4924,4680,1171,59,55,56,86,160,288,462,697,1129,1445,2439,2485,2693,1987,932,239,609,93,21
Ireland,1975,15084,499,587,88,43,33,30,109,154,416,1135,2374,4651,4415,1117,54,55,62,92,139,277,465,670,983,1391,2053,2598,2555,1860,870,247,630,63,22
Ireland,1976,15523,455,529,74,39,35,57,108,154,397,1075,2474,4741,4688,1204,49,59,54,100,165,232,435,640,1033,1441,1941,2800,2728,1960,922,282,568,92,29
Ireland,1977,15264,477,562,85,51,47,50,99,143,385,1091,2438,4703,4558,1111,52,47,66,77,142,243,461,630,1007,1431,2055,2648,2632,1926,847,264,613,97,28
Ireland,1978,15278,464,549,85,39,36,61,121,168,378,1072,2412,4554,4741,1120,51,70,68,100,135,243,418,654,1018,1394,1946,2608,2741,2000,873,247,588,97,25
Ireland,1979,14980,384,472,88,49,21,45,107,150,396,1083,2393,4549,4596,1098,56,51,74,76,152,244,406,677,919,1474,1997,2552,2693,1903,862,236,521,66,26
Ireland,1980,15147,360,439,79,39,31,51,104,145,369,1035,2497,4641,4727,1046,59,45,71,74,158,211,401,634,1029,1468,2078,2563,2768,1959,830,216,478,82,26
Ireland,1981,14776,322,390,68,42,30,66,97,157,348,970,2396,4365,4721,1168,49,48,71,86,124,224,369,601,945,1451,1951,2414,2725,1996,932,236,432,96,30
Ireland,1982,14639,327,407,80,42,30,47,98,167,331,969,2337,4320,4634,1223,54,44,73,94,121,210,349,620,953,1384,1996,2324,2799,1835,972,251,449,77,35
Ireland,1983,14838,296,360,64,28,24,50,120,150,315,963,2333,4324,4870,1274,60,60,62,88,126,189,359,604,944,1389,1988,2336,2869,2001,1010,264,388,74,33
Ireland,1984,14551,247,297,50,35,32,58,116,147,348,890,2282,4348,4722,1246,59,57,57,90,137,211,364,526,965,1317,2073,2275,2787,1935,984,262,332,90,31
Ireland,1985,14942,240,295,55,27,31,42,85,170,321,847,2296,4505,4930,1365,50,35,77,93,139,182,309,538,940,1356,2095,2410,2760,2170,1073,292,322,73,33
Ireland,1986,15218,242,280,38,29,33,42,81,149,345,853,2260,4596,5122,1393,38,43,62,87,130,215,304,549,946,1314,2071,2525,2738,2384,1091,302,309,75,39
Ireland,1987,14354,189,238,49,29,27,42,81,160,303,778,2231,4331,4725,1367,41,40,63,97,131,172,316,462,866,1365,1880,2451,2528,2197,1067,300,267,69,38
Ireland,1988,14537,206,244,38,22,31,53,92,163,335,772,2155,4401,4856,1369,49,43,67,96,149,186,299,473,864,1291,1917,2484,2604,2252,1049,320,266,84,44
Ireland,1989,14973,169,209,40,22,30,46,89,133,340,792,2190,4567,5104,1406,51,38,60,73,152,188,317,475,815,1375,1954,2613,2758,2346,1080,326,231,76,44
Ireland,1990,14447,183,215,32,22,26,58,111,167,352,745,2011,4291,4929,1479,47,64,64,103,136,216,296,449,753,1258,1770,2521,2744,2185,1149,330,237,84,43
Ireland,1991,14604,164,197,33,24,25,49,94,164,366,686,1969,4435,4934,1618,44,50,67,97,157,209,275,411,740,1229,1852,2583,2667,2267,1252,366,221,74,47
Ireland,1992,14313,131,164,33,17,22,38,84,148,414,731,1893,4263,4886,1611,36,48,56,92,149,265,271,460,677,1216,1787,2476,2774,2112,1267,344,181,60,49
Ireland,1993,15021,130,159,29,17,25,33,86,163,381,716,1848,4371,5447,1724,41,45,66,97,152,229,280,436,679,1169,1896,2475,3047,2400,1356,368,176,58,53
Ireland,1994,14497,114,136,22,9,17,38,100,148,384,744,1768,4121,5306,1679,49,51,54,94,143,241,308,436,631,1137,1799,2322,2889,2417,1306,373,145,55,53
Ireland,1995,15089,134,164,30,12,29,42,114,173,401,736,1804,4276,5484,1802,59,55,81,92,155,246,315,421,652,1152,1798,2478,3032,2452,1378,424,176,71,58
Ireland,1996,14951,135,166,31,11,16,51,95,163,362,712,1675,4226,5580,1839,39,56,69,94,141,221,323,389,634,1041,1776,2450,3030,2550,1397,442,177,67,60
Ireland,1997,14958,157,187,30,13,23,62,102,174,399,745,1657,4143,5631,1769,51,51,72,102,159,240,351,394,678,979,1750,2393,2988,2643,1347,422,200,85,56
Ireland,1998,14910,120,145,25,18,26,54,84,189,375,753,1606,4131,5561,1904,47,37,77,112,157,218,357,396,666,940,1665,2466,2910,2651,1448,456,163,80,64
Ireland,1999,15568,143,176,33,15,24,51,109,154,396,819,1604,4182,5919,2058,58,51,61,93,157,239,369,450,624,980,1607,2575,2998,2921,1570,488,191,75,66
Ireland,2000,15101,134,150,16,19,22,61,111,191,430,812,1536,3938,5756,2009,63,48,65,126,174,256,372,440,614,922,1596,2342,2887,2869,1530,479,169,83,67
Ireland,2001,14371,157,190,33,16,20,40,110,195,407,818,1447,3644,5506,1909,63,47,63,132,164,243,397,421,549,898,1335,2309,2817,2689,1456,453,206,60,70
Ireland,2002,14207,140,169,29,11,21,47,112,185,364,773,1392,3467,5459,2130,54,58,77,108,144,220,324,449,536,856,1355,2112,2764,2695,1632,498,180,68,80
Ireland,2003,14093,132,155,23,10,14,34,102,164,346,878,1462,3341,5340,2170,54,48,59,105,140,206,346,532,612,850,1211,2130,2787,2553,1656,514,165,48,81
Ireland,2004,13737,133,151,18,15,17,32,97,173,393,854,1377,3147,5198,2201,44,53,75,98,174,219,329,525,567,810,1222,1925,2654,2544,1675,526,166,49,83
Ireland,2005,13734,124,150,26,10,20,40,121,166,411,800,1445,3007,5271,2214,64,57,68,98,147,264,325,475,608,837,1175,1832,2704,2567,1672,542,160,60,85
Ireland,2006,13806,101,119,18,9,16,58,102,150,407,839,1380,2883,5317,2431,41,61,62,88,160,247,343,496,626,754,1071,1812,2614,2703,1823,608,128,74,101
Ireland,2007,13590,107,130,23,9,18,40,103,183,363,761,1365,2997,5199,2329,39,64,80,103,140,223,311,450,662,703,1238,1759,2555,2644,1719,610,139,58,96
Ireland,2008,13690,124,146,22,9,13,38,107,184,445,801,1392,2731,5280,2439,40,67,66,118,162,283,348,453,665,727,1088,1643,2504,2776,1762,677,155,51,107
Ireland,2009,13482,104,130,26,13,14,25,107,205,398,812,1413,2752,5128,2378,38,69,89,116,140,258,338,474,689,724,1121,1631,2419,2709,1718,660,143,39,106
Ireland,2010,13507,119,136,17,12,7,30,69,169,388,789,1502,2630,5021,2634,26,43,71,98,167,221,343,446,646,856,1061,1569,2263,2758,1894,740,148,37,123
Ireland,2011,13799,112,125,13,9,10,35,99,187,411,765,1554,2643,5065,2755,39,60,81,106,168,243,308,457,684,870,1025,1618,2254,2811,1970,785,134,45,141
Ireland,2012,14073,122,140,18,11,13,24,83,187,382,820,1538,2623,5152,2944,34,49,79,108,162,220,335,485,645,893,1010,1613,2284,2868,2132,812,151,37,152
Ireland,2013,14422,106,126,20,18,7,22,81,162,341,812,1569,2702,5197,3219,38,43,79,83,129,212,356,456,635,934,1057,1645,2278,2919,2348,871,144,29,166
Ireland,2014,14192,95,112,17,16,8,17,69,167,333,794,1610,2718,5106,3085,27,42,74,93,135,198,321,473,625,985,1126,1592,2255,2851,2239,846,128,25,160
Ireland,2015,14789,101,114,13,7,6,15,75,176,333,846,1532,2799,5234,3472,31,44,78,98,132,201,326,520,618,914,1187,1612,2286,2948,2511,961,121,21,180
Ireland,2016,14911,85,98,13,9,12,31,46,156,339,811,1586,2937,5213,3492,17,29,66,90,134,205,321,490,620,966,1302,1635,2344,2869,2481,1011,107,43,184
Ireland,2017,14850,82,91,9,13,8,28,56,161,349,720,1523,2942,5208,3572,20,36,62,99,141,208,292,428,667,856,1353,1589,2416,2792,2508,1064,104,36,187
Ireland,2018,15007,80,89,9,13,8,28,55,156,353,716,1501,3013,5236,3648,20,35,57,99,142,211,289,427,666,835,1395,1618,2425,2811,2528,1120,102,36,192
Ireland,2019,15396,76,84,8,12,8,28,55,152,358,717,1503,3071,5227,3983,21,34,56,96,144,214,288,429,666,837,1409,1662,2411,2816,2694,1289,96,36,201
Ireland,2020,16206,73,81,8,11,4,32,36,146,329,627,1468,3336,5452,4386,12,24,43,103,149,180,259,368,674,794,1447,1889,2551,2901,2714,1672,92,36,305
Ireland,2021,17039,70,78,8,10,8,28,48,137,377,740,1623,3512,5802,4322,18,30,48,89,153,224,299,441,700,923,1485,2027,2556,3246,2725,1597,88,36,357
Isle of Man,1950,413,18,26,8,4,0,4,10,11,21,36,71,122,87,22,5,5,5,6,10,11,16,20,29,42,57,65,58,29,17,5,30,4,1
Isle of Man,1951,415,18,26,8,4,0,4,10,11,21,36,71,123,93,18,5,5,5,6,10,11,16,20,29,42,58,65,61,32,15,3,30,4,1
Isle of Man,1952,396,15,21,6,2,0,2,10,10,19,35,66,120,94,18,5,5,5,5,9,10,15,20,27,39,55,65,60,34,13,5,23,2,1
Isle of Man,1953,391,13,19,6,2,0,0,10,10,18,33,65,120,99,17,5,5,5,5,8,10,14,19,26,39,55,65,61,38,13,4,21,0,1
Isle of Man,1954,396,12,18,6,2,0,0,10,10,18,33,66,119,100,18,5,5,5,5,8,10,14,19,27,39,54,65,61,39,13,5,20,0,1
Isle of Man,1955,393,11,16,5,2,0,0,8,10,17,32,66,121,105,19,3,5,5,5,7,10,14,18,27,39,54,67,62,43,15,4,18,0,1
Isle of Man,1956,401,11,16,5,2,0,0,8,10,17,33,67,122,108,20,3,5,5,5,7,10,14,19,28,39,54,68,64,44,16,4,18,0,1
Isle of Man,1957,402,11,16,5,1,0,0,6,10,16,33,66,121,110,21,1,5,5,5,6,10,14,19,27,39,53,68,65,45,17,4,17,0,1
Isle of Man,1958,405,11,16,5,1,0,0,5,10,15,33,67,124,111,24,0,5,5,5,5,10,14,19,28,39,54,70,66,45,20,4,17,0,1
Isle of Man,1959,403,11,15,4,0,0,0,2,10,14,32,69,121,112,22,0,2,5,5,5,9,14,18,28,41,54,67,67,45,19,3,15,0,1
Isle of Man,1960,413,12,17,5,1,0,0,2,10,14,33,70,125,113,24,0,2,5,5,5,9,14,19,28,42,55,70,69,44,20,4,18,0,1
Isle of Man,1961,421,12,17,5,1,0,0,3,10,14,33,73,129,116,22,0,3,5,5,5,9,14,19,30,43,58,71,73,43,20,2,18,0,1
Isle of Man,1962,421,11,16,5,1,0,0,1,9,13,31,73,129,120,23,0,1,4,5,5,8,13,18,30,43,60,69,76,44,20,3,17,0,1
Isle of Man,1963,440,12,17,5,1,0,0,1,10,12,33,75,131,126,28,0,1,5,5,5,7,13,20,31,44,61,70,77,49,23,5,18,0,0
Isle of Man,1964,432,11,16,5,0,0,0,0,7,12,31,73,131,126,29,0,0,2,5,5,7,13,18,30,43,60,71,75,51,25,4,16,0,0
Isle of Man,1965,441,10,14,4,0,0,0,0,7,11,31,74,132,128,32,0,0,2,5,5,6,13,18,30,44,61,71,74,54,25,7,14,0,0
Isle of Man,1966,448,10,14,4,0,0,0,0,6,11,30,76,135,131,34,0,0,1,5,5,6,12,18,31,45,63,72,75,56,26,8,14,0,1
Isle of Man,1967,448,9,13,4,0,0,0,0,4,10,29,76,137,131,39,0,0,0,4,5,5,12,17,30,46,63,74,74,57,30,9,13,0,1
Isle of Man,1968,462,10,14,4,0,0,0,1,5,10,30,79,141,134,39,1,0,0,5,5,5,12,18,31,48,64,77,76,58,30,9,14,0,1
Isle of Man,1969,477,10,15,5,1,0,1,7,7,12,30,81,146,139,38,5,2,2,5,5,7,12,18,31,50,66,80,80,59,30,8,16,1,1
Isle of Man,1970,484,13,17,4,0,0,0,9,6,12,29,81,149,139,38,5,4,1,5,5,7,11,18,31,50,68,81,81,58,30,8,17,0,1
Isle of Man,1971,493,13,17,4,0,0,0,10,8,12,28,83,152,145,40,5,5,3,5,5,7,10,18,32,51,70,82,86,59,30,10,17,0,1
Isle of Man,1972,511,14,19,5,1,0,0,10,10,12,28,84,159,151,40,5,5,5,5,5,7,10,18,32,52,74,85,89,62,30,10,20,0,1
Isle of Man,1973,501,12,16,4,0,0,0,9,10,11,26,80,160,152,40,4,5,5,5,5,6,10,16,30,50,74,86,89,63,30,10,16,0,1
Isle of Man,1974,514,11,15,4,0,0,0,8,10,12,29,81,164,155,40,3,5,5,5,5,7,12,17,31,50,75,89,90,65,31,9,15,0,1
Isle of Man,1975,507,9,13,4,0,0,0,7,10,11,27,79,163,156,43,2,5,5,5,5,6,11,16,29,50,75,88,91,65,32,11,13,0,1
Isle of Man,1976,512,9,13,4,0,0,0,6,10,11,27,79,165,157,44,1,5,5,5,5,6,11,16,29,50,75,90,92,65,33,11,13,0,1
Isle of Man,1977,517,9,13,4,0,0,0,6,10,11,26,78,166,162,46,1,5,5,5,5,6,11,15,28,50,75,91,94,68,35,11,13,0,2
Isle of Man,1978,524,9,12,3,0,0,0,5,10,10,26,74,169,166,48,0,5,5,5,5,5,11,15,26,48,74,95,95,71,36,12,12,0,2
Isle of Man,1979,528,9,12,3,0,0,0,5,10,10,27,74,172,167,48,0,5,5,5,5,5,11,16,26,48,74,98,95,72,37,11,12,0,2
Isle of Man,1980,527,9,12,3,0,0,0,5,10,10,26,68,169,170,52,1,4,5,5,5,5,10,16,23,45,71,98,98,72,40,12,12,0,2
Isle of Man,1981,520,8,10,2,0,0,0,2,10,10,24,66,165,172,55,0,2,5,5,5,5,9,15,21,45,69,96,100,72,40,15,10,0,2
Isle of Man,1982,529,8,11,3,0,0,0,5,10,10,23,66,167,179,57,2,3,5,5,5,5,9,14,24,42,70,97,104,75,42,15,11,0,2
Isle of Man,1983,520,8,10,2,0,0,0,0,10,10,21,61,161,181,59,0,0,5,5,5,5,8,13,23,38,65,96,104,77,43,16,10,0,2
Isle of Man,1984,524,8,10,2,0,0,0,0,9,10,20,60,160,182,62,0,0,4,5,5,5,8,12,25,35,65,95,107,75,46,16,10,0,3
Isle of Man,1985,544,8,10,2,0,0,0,4,10,10,20,60,162,194,67,1,3,5,5,5,5,8,12,24,36,67,95,115,79,49,18,10,0,3
Isle of Man,1986,532,8,10,2,0,0,0,1,6,10,20,57,154,192,72,0,1,1,5,5,5,8,12,22,35,63,91,114,78,51,21,10,0,3
Isle of Man,1987,527,8,10,2,0,0,0,0,8,10,19,56,149,196,70,0,0,3,5,5,5,8,11,21,35,60,89,113,83,48,22,10,0,3
Isle of Man,1988,517,8,10,2,0,0,0,0,10,10,19,56,139,199,65,0,0,5,5,5,5,8,11,19,37,53,86,112,87,45,20,10,0,3
Isle of Man,1989,534,8,10,2,0,0,0,5,10,10,20,56,143,209,66,0,5,5,5,5,5,9,11,20,36,53,90,114,95,46,20,10,0,3
Isle of Man,1990,499,8,10,2,0,0,0,2,10,10,18,50,132,201,66,0,2,5,5,5,5,8,10,18,32,49,83,106,95,48,18,10,0,3
Isle of Man,1991,495,8,10,2,0,0,0,2,10,10,18,48,126,201,66,0,2,5,5,5,5,8,10,17,31,48,78,104,97,50,16,10,0,2
Isle of Man,1992,483,7,9,2,0,0,0,0,10,10,17,45,120,197,69,0,0,5,5,5,5,7,10,16,29,46,74,101,96,52,17,9,0,2
Isle of Man,1993,550,8,10,2,0,0,0,7,10,10,20,52,136,223,78,2,5,5,5,5,5,10,10,19,33,56,80,114,109,58,20,10,0,2
Isle of Man,1994,515,8,10,2,0,0,0,3,10,10,20,46,123,212,78,0,3,5,5,5,5,10,10,16,30,53,70,108,104,58,20,10,0,3
Isle of Man,1995,531,8,10,2,0,0,0,4,10,12,20,48,126,217,82,0,4,5,5,5,7,10,10,17,31,54,72,109,108,62,20,10,0,3
Isle of Man,1996,511,7,9,2,0,0,0,2,10,11,20,44,121,210,83,0,2,5,5,5,6,10,10,16,28,50,71,103,107,65,18,9,0,3
Isle of Man,1997,505,7,9,2,0,0,0,1,10,11,20,42,118,201,87,0,1,5,5,5,6,10,10,16,26,47,71,96,105,69,18,9,0,3
Isle of Man,1998,528,8,10,2,0,0,0,4,10,11,21,45,127,203,95,0,4,5,5,5,6,10,11,17,28,49,78,94,109,74,21,10,0,4
Isle of Man,1999,546,8,10,2,0,0,0,4,10,12,21,46,130,204,104,0,4,5,5,5,7,10,11,18,28,49,81,93,111,78,26,10,0,5
Isle of Man,2000,506,7,9,2,0,0,0,3,10,11,20,42,118,186,102,0,3,5,5,5,6,10,10,17,25,45,73,85,101,72,30,9,0,5
Isle of Man,2001,499,7,9,2,0,0,0,2,10,10,21,41,113,181,103,0,2,5,5,5,5,10,11,17,24,43,70,86,95,70,33,9,0,6
Isle of Man,2002,488,7,8,1,0,0,0,1,10,10,21,41,106,175,102,0,1,5,5,5,5,10,11,17,24,40,66,88,87,70,32,8,0,7
Isle of Man,2003,506,7,9,2,0,0,0,1,10,10,25,42,110,182,105,0,1,5,5,5,5,10,15,17,25,41,69,96,86,72,33,9,0,8
Isle of Man,2004,451,6,7,1,0,0,0,0,9,10,18,38,94,165,95,0,0,4,5,5,5,8,10,15,23,36,58,88,77,64,31,7,0,8
Isle of Man,2005,437,6,7,1,0,0,0,0,7,10,18,36,88,159,97,0,0,2,5,5,5,8,10,14,22,32,56,83,76,65,32,7,0,8
Isle of Man,2006,453,6,7,1,0,0,0,0,7,10,19,38,90,168,99,0,0,2,5,5,5,8,11,16,22,34,56,84,84,65,34,7,0,10
Isle of Man,2007,470,6,7,1,0,0,0,0,6,10,22,41,91,175,102,0,0,1,5,5,5,10,12,17,24,35,56,85,90,66,36,7,0,10
Isle of Man,2008,420,6,7,1,0,0,0,0,4,10,17,36,82,158,91,0,0,0,4,5,5,7,10,15,21,32,50,75,83,57,34,7,0,10
Isle of Man,2009,418,6,7,1,0,0,0,0,4,10,18,36,80,157,91,0,0,0,4,5,5,8,10,15,21,32,48,73,84,56,35,7,0,11
Isle of Man,2010,412,6,7,1,0,0,0,0,3,10,18,38,77,153,91,0,0,0,3,5,5,8,10,16,22,31,46,71,82,56,35,7,0,12
Isle of Man,2011,411,5,6,1,0,0,0,0,2,10,18,38,78,150,90,0,0,0,2,5,5,8,10,16,22,32,46,69,81,57,33,6,0,13
Isle of Man,2012,412,5,6,1,0,0,0,0,2,10,18,37,78,149,93,0,0,0,2,5,5,8,10,15,22,33,45,68,81,60,33,6,0,13
Isle of Man,2013,413,5,6,1,0,0,0,0,1,10,18,39,78,146,96,0,0,0,1,5,5,8,10,15,24,32,46,66,80,64,32,6,0,14
Isle of Man,2014,414,4,5,1,0,0,0,0,1,10,18,38,79,143,98,0,0,0,1,5,5,8,10,14,24,33,46,65,78,64,34,5,0,14
Isle of Man,2015,459,5,6,1,0,0,0,0,1,10,19,44,92,154,108,0,0,0,1,5,5,9,10,16,28,39,53,69,85,70,38,6,0,15
Isle of Man,2016,414,4,4,0,0,0,0,0,0,10,18,37,82,139,102,0,0,0,0,5,5,8,10,13,24,35,47,63,76,62,40,4,0,15
Isle of Man,2017,414,4,4,0,0,0,0,0,0,10,18,37,85,138,101,0,0,0,0,5,5,8,10,13,24,37,48,64,74,63,38,4,0,16
Isle of Man,2018,414,4,4,0,0,0,0,0,0,9,17,38,87,138,98,0,0,0,0,4,5,7,10,14,24,37,50,65,73,63,35,4,0,16
Isle of Man,2019,415,4,4,0,0,0,0,0,0,10,18,36,87,138,99,0,0,0,0,5,5,8,10,14,22,37,50,67,71,64,35,4,0,16
Isle of Man,2020,425,3,3,0,0,0,0,0,0,10,18,36,93,141,100,0,0,0,0,5,5,8,10,14,22,39,54,69,72,64,36,3,0,16
Isle of Man,2021,429,3,3,0,0,0,0,0,0,10,18,38,96,143,97,0,0,0,0,5,5,8,10,15,23,40,56,70,73,61,36,3,0,16
Israel,1950,3785,858,1010,152,39,29,46,124,191,287,368,587,753,279,68,60,64,72,119,139,148,182,186,264,323,401,352,166,113,55,13,1049,75,2
Israel,1951,4094,872,1040,168,42,29,49,130,196,319,407,638,831,337,79,61,69,76,120,157,162,199,208,283,355,426,405,213,124,66,13,1082,78,2
Israel,1952,4355,882,1055,173,48,30,48,130,195,343,445,679,897,393,93,61,69,79,116,168,175,210,235,292,387,443,454,263,130,78,15,1103,78,2
Israel,1953,4551,885,1059,174,50,30,46,128,193,365,478,711,939,450,105,59,69,81,112,172,193,215,263,295,416,451,488,313,137,87,18,1109,76,2
Israel,1954,4712,809,985,176,56,31,45,123,195,390,513,747,991,521,114,56,67,85,110,177,213,224,289,303,444,468,523,366,155,96,18,1041,76,2
Israel,1955,4846,793,963,170,57,31,45,121,190,399,537,773,1019,585,120,55,66,84,106,171,228,224,313,314,459,482,537,406,179,101,19,1020,76,2
Israel,1956,5127,805,973,168,61,34,45,121,196,418,575,818,1081,677,128,55,66,87,109,171,247,241,334,341,477,521,560,459,218,105,23,1034,79,2
Israel,1957,5317,769,934,165,63,37,43,120,200,426,603,858,1136,760,132,55,65,88,112,164,262,257,346,377,481,563,573,502,258,106,26,997,80,2
Israel,1958,5437,770,928,158,65,39,42,114,198,417,621,884,1166,827,137,52,62,86,112,155,262,276,345,412,472,593,573,531,296,108,29,993,81,2
Israel,1959,5642,761,917,156,64,41,44,113,200,417,652,927,1223,900,147,52,61,85,115,150,267,299,353,450,477,632,591,563,337,117,30,981,85,2
Israel,1960,5656,746,896,150,61,42,44,105,192,395,655,947,1231,928,159,48,57,80,112,143,252,315,340,473,474,635,596,566,362,129,30,957,86,2
Israel,1961,5818,702,851,149,60,45,46,104,192,390,688,996,1280,982,182,47,57,77,115,144,246,335,353,494,502,647,633,583,399,149,33,911,91,2
Israel,1962,6086,695,845,150,60,46,50,103,194,386,734,1066,1349,1044,206,47,56,78,116,149,237,359,375,514,552,658,691,602,442,173,33,905,96,3
Israel,1963,6438,697,848,151,60,49,57,106,197,388,792,1154,1435,1113,236,49,57,78,119,155,233,375,417,532,622,671,764,628,485,201,35,908,106,3
Israel,1964,6699,729,877,148,60,50,62,107,192,387,830,1215,1491,1163,260,52,55,76,116,162,225,381,449,541,674,676,815,649,514,222,38,937,112,3
Israel,1965,7039,753,904,151,61,51,68,110,193,391,874,1290,1574,1231,289,55,55,77,116,165,226,379,495,545,745,706,868,689,542,246,43,965,119,4
Israel,1966,7323,778,931,153,61,52,72,114,192,398,900,1347,1643,1293,318,58,56,76,116,170,228,374,526,566,781,748,895,738,555,269,49,992,124,4
Israel,1967,7696,753,915,162,63,53,76,122,193,412,934,1431,1751,1396,351,65,57,77,116,173,239,367,567,609,822,829,922,818,578,296,55,978,129,4
Israel,1968,8134,799,963,164,64,52,80,129,192,427,950,1512,1874,1504,384,72,57,76,116,178,249,360,590,668,844,933,941,906,598,322,62,1027,132,4
Israel,1969,8489,817,985,168,64,53,83,139,189,435,957,1592,1978,1602,408,78,61,74,115,175,260,354,603,726,866,1022,956,981,621,340,68,1049,136,4
Israel,1970,8984,889,1062,173,66,56,85,151,191,445,962,1679,2139,1712,430,86,65,76,115,177,268,357,605,801,878,1137,1002,1050,662,356,74,1128,141,5
Israel,1971,9377,927,1104,177,66,53,85,157,188,450,963,1776,2274,1809,447,89,68,74,114,175,275,364,599,858,918,1207,1067,1095,714,366,81,1170,138,5
Israel,1972,9745,893,1079,186,67,55,86,168,187,452,959,1891,2431,1903,462,93,75,74,113,174,278,378,581,914,977,1262,1169,1120,783,374,88,1146,141,6
Israel,1973,10134,904,1094,190,68,53,85,173,186,451,954,2003,2594,1989,478,94,79,75,111,172,279,389,565,941,1062,1291,1303,1131,858,382,96,1162,138,7
Israel,1974,10476,917,1106,189,68,53,84,180,184,440,951,2101,2739,2068,496,96,84,76,108,170,270,401,550,956,1145,1319,1420,1144,924,397,99,1174,137,7
Israel,1975,10752,899,1088,189,68,51,83,185,182,428,947,2175,2871,2148,521,95,90,78,104,163,265,403,544,935,1240,1315,1556,1175,973,419,102,1156,134,8
Israel,1976,10761,833,1016,183,66,49,79,180,178,409,937,2173,2931,2191,545,90,90,81,97,156,253,398,539,893,1280,1332,1599,1212,979,443,102,1082,128,9
Israel,1977,11283,783,964,181,69,50,78,182,186,412,972,2250,3140,2363,605,90,92,89,97,157,255,404,568,867,1383,1436,1704,1346,1017,497,108,1033,128,10
Israel,1978,11723,746,923,177,70,50,78,186,194,402,995,2276,3331,2541,665,91,95,96,98,153,249,403,592,843,1433,1575,1756,1508,1033,552,113,993,128,11
Israel,1979,11928,730,896,166,69,49,75,183,197,388,992,2249,3459,2656,709,88,95,100,97,148,240,388,604,807,1442,1682,1777,1627,1029,592,117,965,124,11
Israel,1980,12274,652,811,159,68,49,73,180,209,378,989,2233,3638,2874,760,86,94,108,101,145,233,382,607,809,1424,1843,1795,1807,1067,633,127,879,122,12
Israel,1981,12254,680,822,142,64,47,70,172,210,358,955,2144,3694,2936,772,83,89,107,103,135,223,363,592,802,1342,1891,1803,1847,1089,635,137,886,117,12
Israel,1982,13546,684,837,153,67,51,73,184,239,377,1019,2277,4209,3346,859,89,95,117,122,141,236,385,634,905,1372,2161,2048,2075,1271,694,165,904,124,14
Israel,1983,12816,678,815,137,59,46,67,161,229,337,917,2066,4064,3232,807,77,84,109,120,126,211,346,571,865,1201,2038,2026,1944,1288,637,170,874,113,14
Israel,1984,12872,658,791,133,54,45,65,156,231,327,869,2002,4163,3328,823,74,82,107,124,125,202,328,541,872,1130,2031,2132,1951,1377,634,189,845,110,15
Israel,1985,13269,590,728,138,51,45,65,156,239,330,855,2020,4356,3538,871,73,83,106,133,130,200,320,535,882,1138,2020,2336,1995,1543,666,205,779,110,17
Israel,1986,14056,594,730,136,53,47,66,159,251,341,870,2136,4591,3833,961,74,85,110,141,144,197,327,543,923,1213,2034,2557,2145,1688,735,226,783,113,21
Israel,1987,14022,528,657,129,49,44,65,153,244,340,838,2144,4518,3933,1011,71,82,105,139,154,186,314,524,897,1247,1878,2640,2206,1727,783,228,706,109,25
Israel,1988,14212,541,660,119,47,42,64,148,244,343,809,2162,4447,4117,1103,70,78,102,142,163,180,306,503,870,1292,1769,2678,2360,1757,869,234,707,106,28
Israel,1989,14150,510,623,113,47,40,64,142,239,343,767,2127,4317,4242,1168,67,75,99,140,168,175,289,478,821,1306,1662,2655,2471,1771,930,238,670,104,32
Israel,1990,14212,516,624,108,45,37,61,133,231,352,729,2070,4196,4421,1276,64,69,97,134,174,178,278,451,786,1284,1637,2559,2633,1788,1025,251,669,98,36
Israel,1991,15247,486,601,115,47,37,64,140,240,389,751,2182,4400,4913,1448,68,72,99,141,188,201,281,470,810,1372,1787,2613,2938,1975,1157,291,648,101,41
Israel,1992,16012,482,595,113,45,38,63,141,242,421,751,2225,4485,5365,1593,70,71,100,142,195,226,274,477,822,1403,1948,2537,3208,2157,1259,334,640,101,45
Israel,1993,15947,422,530,108,43,35,60,138,234,436,722,2130,4381,5537,1653,69,69,96,138,195,241,262,460,781,1349,2011,2370,3238,2299,1282,371,573,95,47
Israel,1994,16240,411,512,101,41,37,58,138,230,452,713,2064,4397,5791,1754,70,68,94,136,198,254,262,451,757,1307,2097,2300,3311,2480,1340,414,553,95,51
Israel,1995,17166,399,498,99,44,37,57,143,233,485,738,2094,4634,6215,1930,72,71,94,139,205,280,279,459,761,1333,2207,2427,3401,2814,1455,475,542,94,60
Israel,1996,16807,391,481,90,40,34,54,135,220,472,710,1979,4585,6049,1979,67,68,88,132,195,277,290,420,724,1255,2154,2431,3180,2869,1483,496,521,88,66
Israel,1997,17379,399,487,88,40,33,53,136,218,476,730,1977,4802,6176,2170,67,69,86,132,195,281,325,405,724,1253,2173,2629,3065,3111,1617,553,527,86,81
Israel,1998,17826,361,448,87,38,33,52,134,215,482,748,1949,4978,6259,2393,65,69,86,129,192,290,357,391,722,1227,2156,2822,2979,3280,1796,597,486,85,97
Israel,1999,18267,365,448,83,36,31,52,135,214,487,771,1919,5103,6352,2605,63,72,86,128,192,295,382,389,717,1202,2108,2995,2943,3409,1963,642,484,83,113
Israel,2000,18381,346,427,81,34,31,52,132,207,481,793,1848,5080,6350,2821,61,71,85,122,190,291,401,392,698,1150,2050,3030,2984,3366,2135,686,461,83,126
Israel,2001,18089,356,435,79,33,30,49,126,197,461,804,1748,4928,6211,2927,57,69,82,115,182,279,400,404,647,1101,1937,2991,3026,3185,2200,727,468,79,139
Israel,2002,19063,377,467,90,36,30,50,130,206,474,881,1764,5078,6521,3265,59,71,88,118,188,286,417,464,634,1130,1974,3104,3358,3163,2441,824,503,80,159
Israel,2003,19062,345,430,85,33,28,46,125,202,455,921,1704,4919,6612,3425,57,68,87,115,179,276,420,501,595,1109,1889,3030,3556,3056,2537,888,463,74,168
Israel,2004,18807,333,409,76,29,26,42,117,194,434,933,1635,4661,6647,3506,54,63,84,110,169,265,414,519,566,1069,1785,2876,3679,2968,2569,937,438,68,175
Israel,2005,19546,301,379,78,28,25,43,116,200,438,993,1671,4680,7076,3704,56,60,88,112,167,271,423,570,585,1086,1768,2912,3898,3178,2657,1047,407,68,192
Israel,2006,19624,292,372,80,33,25,42,114,199,431,1007,1658,4566,7282,3688,53,61,87,112,164,267,418,589,616,1042,1738,2828,3965,3317,2579,1109,405,67,205
Israel,2007,20039,295,364,69,29,23,41,110,199,424,1004,1677,4553,7649,3735,52,58,85,114,160,264,412,592,683,994,1739,2814,4030,3619,2523,1212,393,64,227
Israel,2008,19811,282,347,65,27,21,39,105,193,406,988,1658,4376,7731,3681,48,57,81,112,154,252,396,592,736,922,1700,2676,3910,3821,2442,1239,374,60,240
Israel,2009,19486,279,339,60,27,21,35,99,185,387,965,1638,4182,7701,3652,44,55,76,109,149,238,381,584,768,870,1647,2535,3723,3978,2409,1243,366,56,255
Israel,2010,19699,274,334,60,27,21,34,97,182,377,961,1685,4079,7811,3812,44,53,73,109,147,230,378,583,821,864,1631,2448,3677,4134,2557,1255,361,55,279
Israel,2011,20507,263,325,62,25,21,33,100,185,382,986,1814,4147,8121,4062,45,55,73,112,152,230,387,599,887,927,1635,2512,3725,4396,2796,1266,350,54,305
Israel,2012,21032,263,324,61,24,20,32,97,184,386,992,1942,4133,8238,4330,44,53,72,112,157,229,391,601,907,1035,1583,2550,3737,4501,3067,1263,348,52,328
Israel,2013,20812,228,287,59,23,21,31,93,178,381,960,2030,3993,7988,4491,42,51,70,108,157,224,376,584,909,1121,1470,2523,3578,4410,3262,1229,310,52,335
Israel,2014,20944,241,298,57,24,20,30,88,175,381,947,2131,3935,7819,4752,41,47,70,105,159,222,368,579,922,1209,1412,2523,3492,4327,3496,1256,322,50,343
Israel,2015,21495,263,319,56,23,21,31,85,174,388,952,2266,3985,7831,5077,37,48,72,102,162,226,361,591,939,1327,1420,2565,3456,4375,3722,1355,342,52,351
Israel,2016,21731,259,316,57,22,19,29,82,170,386,939,2332,3991,7779,5312,36,46,70,100,161,225,352,587,939,1393,1485,2506,3461,4318,3853,1459,338,48,348
Israel,2017,21361,252,308,56,22,17,29,77,160,378,903,2267,3916,7551,5383,34,43,66,94,154,224,335,568,902,1365,1588,2328,3383,4168,3789,1594,330,46,348
Israel,2018,21657,275,332,57,21,17,30,77,157,378,890,2284,3963,7537,5604,34,43,63,94,151,227,334,556,892,1392,1756,2207,3431,4106,3817,1787,353,47,365
Israel,2019,22440,245,307,62,21,16,30,77,159,390,901,2371,4149,7723,5896,34,43,62,97,153,237,340,561,912,1459,1953,2196,3555,4168,3896,2000,328,46,401
Israel,2020,23284,227,286,59,22,16,30,76,164,394,908,2475,4642,7898,5938,34,42,64,100,150,244,351,557,941,1534,2221,2421,3910,3988,3826,2112,308,46,435
Israel,2021,24327,213,270,57,21,18,32,81,169,404,923,2581,5032,8169,6145,37,44,65,104,153,251,361,562,970,1611,2428,2604,3964,4205,3906,2239,291,50,485
Italy,1950,218528,26394,34474,8080,1578,1437,2056,6123,6684,11037,18835,36346,56806,38312,4799,2758,3365,2538,4146,5030,6007,8068,10767,15203,21143,27756,29050,24689,13623,4189,610,36052,3493,41
Italy,1951,232638,25613,33194,7581,1540,1333,1960,5950,6637,11261,19404,38885,62954,43836,5632,2764,3186,2686,3951,5030,6231,8202,11202,16037,22848,29333,33621,27663,16173,4902,730,34734,3293,47
Italy,1952,228599,24134,31028,6894,1528,1231,1547,4701,5919,10822,19192,38685,63346,44594,5954,2119,2582,2544,3375,4789,6033,8012,11180,15919,22766,29349,33997,27896,16698,5139,815,32556,2778,56
Italy,1953,227760,21939,27473,5534,1554,1062,1453,4345,5577,10563,18998,39667,65722,45171,6115,1919,2426,2625,2952,4650,5913,8038,10960,16102,23565,30611,35111,28660,16511,5294,821,29027,2515,61
Italy,1954,211004,20753,25301,4548,1359,971,1308,4018,5209,10272,17818,36782,60264,41730,5916,1771,2247,2625,2584,4500,5772,7445,10373,15018,21764,28090,32174,26692,15038,5092,824,26660,2279,59
Italy,1955,212215,19677,23744,4067,1383,899,1223,3824,5179,9971,17766,36652,62001,43060,6450,1691,2133,2774,2405,4383,5588,7506,10260,14860,21792,28882,33119,27313,15747,5531,919,25127,2122,64
Italy,1956,237186,18985,22736,3751,1344,872,1146,3492,5014,10334,19387,40674,71694,52685,7726,1523,1969,2561,2453,4144,6190,8043,11344,16380,24294,33644,38050,33565,19120,6612,1114,24080,2018,78
Italy,1957,228574,19674,23704,4030,1361,986,1250,3601,5386,10134,18948,40252,67662,48025,7188,1551,2050,2556,2830,3980,6154,8039,10909,16262,23990,32196,35466,30838,17187,6113,1075,25065,2236,71
Italy,1958,215922,18467,22326,3859,1264,828,1094,3181,5093,9246,17989,36814,63791,47375,6848,1397,1784,2299,2794,3485,5761,7740,10249,15061,21753,30030,33761,30481,16894,5774,1074,23590,1922,77
Italy,1959,214404,18479,22041,3562,1153,867,1057,3070,5228,8754,18292,36211,62877,47619,7149,1370,1700,2192,3036,3005,5749,7957,10335,14838,21373,29283,33594,30509,17110,6009,1140,23194,1924,91
Italy,1960,225820,17533,20830,3297,1019,799,899,3028,5299,8694,18577,37539,67803,52898,8330,1296,1732,2232,3067,2870,5824,8007,10570,15285,22254,30956,36847,33649,19249,6968,1362,21849,1698,105
Italy,1961,218386,16749,19591,2842,983,844,893,2849,4934,8372,18337,36253,65537,51602,8075,1289,1560,2063,2871,2973,5399,7906,10431,14877,21376,29902,35635,31819,19783,6750,1325,20574,1737,112
Italy,1962,238442,17183,20112,2929,950,794,910,2840,4962,8697,19500,38747,73037,58540,9219,1288,1552,2141,2821,3356,5341,8353,11147,15699,23048,32876,40161,35811,22729,7735,1484,21062,1704,129
Italy,1963,241809,16828,19592,2764,1010,849,1054,2879,4888,8786,19796,39267,73910,59996,9641,1329,1550,1974,2914,3822,4964,8567,11229,15747,23520,33288,40622,36907,23089,8094,1547,20602,1903,142
Italy,1964,227775,16268,18716,2448,801,687,890,2526,4540,8084,19276,37225,69190,56825,8879,1108,1418,1851,2689,3826,4258,8258,11018,15134,22091,30803,38387,34930,21895,7480,1399,19517,1577,138
Italy,1965,242264,15014,17260,2246,895,641,921,2392,4452,8140,19586,39384,74863,63293,10274,1030,1362,1760,2692,4055,4085,8348,11238,16131,23253,33506,41357,38960,24333,8657,1617,18155,1562,158
Italy,1966,230972,14507,16639,2132,760,591,861,2266,4132,7875,19014,37361,70448,60672,10192,969,1297,1722,2410,3764,4111,7783,11231,15285,22076,31306,39142,37633,23039,8619,1573,17399,1452,159
Italy,1967,239154,13511,15507,1996,795,569,833,2358,4112,8190,19001,38288,73165,64591,11567,1047,1311,1678,2434,3722,4468,7389,11612,15762,22526,32534,40631,39483,25108,9779,1788,16302,1402,179
Italy,1968,250507,13055,14944,1889,775,610,837,2133,4103,8830,18850,39330,76523,70799,12586,959,1174,1663,2440,3684,5146,6830,12020,16123,23207,33586,42937,43147,27652,10614,1972,15719,1447,189
Italy,1969,250163,12442,14255,1813,756,613,805,2197,4095,9298,18679,42408,78182,66923,11776,1042,1155,1650,2445,3627,5671,6230,12449,17560,24848,35449,42733,40803,26120,9894,1882,15011,1418,176
Italy,1970,244418,11372,13072,1700,723,613,843,2097,3779,9045,17246,39431,74819,69653,12888,1033,1064,1520,2259,3427,5618,5769,11477,16736,22695,32934,41885,42066,27587,10763,2125,13795,1456,204
Italy,1971,244342,11151,12620,1469,758,542,763,2090,3722,8465,16822,39339,73570,72105,13334,1015,1075,1494,2228,3223,5242,5898,10924,16724,22615,32126,41444,43012,29093,11047,2287,13378,1305,211
Italy,1972,244307,10124,11400,1276,728,608,816,2060,3615,8629,16678,39593,73980,72079,13904,984,1076,1513,2102,3334,5295,6498,10180,16771,22822,32426,41554,42674,29405,11494,2410,12128,1424,216
Italy,1973,257814,9682,10946,1264,704,601,783,1979,3501,8455,16311,40404,77940,79666,16264,958,1021,1460,2041,3198,5257,7026,9285,16841,23563,33397,44543,46592,33074,13463,2801,11650,1384,256
Italy,1974,248799,8457,9464,1007,613,512,738,1733,3228,8063,15681,39671,75117,77515,16203,790,943,1278,1950,3054,5009,7456,8225,16251,23420,32359,42758,45137,32378,13412,2791,10077,1250,261
Italy,1975,259122,7271,8197,926,577,568,816,1782,3114,7862,15838,40607,79215,82729,17537,796,986,1175,1939,3045,4817,7866,7972,16333,24274,33837,45378,48012,34717,14591,2946,8774,1384,280
Italy,1976,256992,6343,7209,866,576,555,761,1817,3109,7693,15747,39999,78402,82909,17918,829,988,1143,1966,2862,4831,7650,8097,15751,24248,33166,45236,47841,35068,14870,3048,7785,1316,295
Italy,1977,254904,5516,6308,792,546,564,732,1622,2951,7339,15880,38285,77375,83929,19038,760,862,1127,1824,2785,4554,7209,8671,14183,24102,33250,44125,47670,36259,15631,3407,6854,1296,327
Italy,1978,251438,5049,5802,753,476,527,655,1589,2867,7015,16538,36448,76651,83351,19185,719,870,1156,1711,2699,4316,7021,9517,12871,23577,33222,43429,47545,35806,15737,3448,6278,1182,333
Italy,1979,250823,4387,5062,675,464,523,722,1546,2753,6999,17039,34521,75853,84890,20100,725,821,1113,1640,2633,4366,6899,10140,11440,23081,33012,42841,48717,36173,16386,3714,5526,1245,354
Italy,1980,260002,3815,4526,711,584,586,792,1652,2905,7040,17198,34265,79679,88845,21550,818,834,1257,1648,2728,4312,6637,10561,11017,23248,35000,44679,50299,38546,17492,4058,5110,1378,381
Italy,1981,256339,3766,4321,555,412,423,701,1547,2656,6728,16880,33437,78042,89190,21598,731,816,1086,1570,2578,4150,6630,10250,11371,22066,33772,44270,50438,38752,17545,4053,4733,1124,399
Italy,1982,252252,3472,3962,490,404,406,730,1517,2473,6514,16269,32306,77971,87355,21898,754,763,1015,1458,2547,3967,6284,9985,12265,20041,33956,44015,48726,38629,17734,4164,4366,1136,446
Italy,1983,268202,3183,3701,518,375,388,682,1499,2642,6455,16256,32410,82207,96470,24592,713,786,1061,1581,2497,3958,6467,9789,13735,18675,34996,47211,53545,42925,19817,4775,4076,1070,529
Italy,1984,252439,2784,3213,429,316,370,661,1466,2496,6223,15401,30838,77578,90098,23255,708,758,1032,1464,2381,3842,6060,9341,14519,16319,33171,44407,49399,40699,18722,4533,3529,1031,522
Italy,1985,260435,2560,2960,400,297,392,665,1485,2487,5905,15202,30588,79685,94387,25776,741,744,918,1569,2173,3732,5847,9355,14790,15798,33243,46442,51612,42775,20636,5140,3257,1057,607
Italy,1986,259513,2363,2686,323,273,371,585,1479,2588,6087,14873,30087,77872,95441,26552,728,751,975,1613,2200,3887,5703,9170,14106,15981,31859,46013,52061,43380,21170,5382,2959,956,625
Italy,1987,253292,2355,2732,377,243,327,532,1504,2454,5908,14377,30509,73697,93293,27058,731,773,943,1511,2241,3667,5527,8850,13815,16694,28515,45182,50743,42550,21481,5577,2975,859,658
Italy,1988,258023,2264,2590,326,228,300,577,1621,2371,5763,14031,32254,70938,96925,29652,778,843,933,1438,2238,3525,5498,8533,13599,18655,25468,45470,52520,44405,23434,6218,2818,877,776
Italy,1989,254032,2144,2434,290,225,248,522,1574,2401,5618,13613,32709,66757,96670,30429,729,845,999,1402,2174,3444,5428,8185,12798,19911,22602,44155,52502,44168,23917,6512,2659,770,830
Italy,1990,261500,1973,2264,291,207,256,562,1674,2426,5433,13296,32947,66016,102336,33139,752,922,1026,1400,2285,3148,5184,8112,12701,20246,21530,44486,55193,47143,25971,7168,2471,818,941
Italy,1991,265655,2040,2374,334,196,254,566,1779,2555,5436,13091,32357,65470,105760,34826,741,1038,1194,1361,2233,3203,5226,7865,12627,19730,22414,43056,56354,49406,27119,7707,2570,820,993
Italy,1992,263214,1943,2246,303,194,279,582,1731,2666,5239,12666,31312,63676,105880,35668,683,1048,1217,1449,2050,3189,5035,7631,11972,19340,23874,39802,56498,49382,27513,8155,2440,861,1072
Italy,1993,267035,1695,2076,381,241,247,502,1734,2740,5245,12481,30683,62554,109580,37791,707,1027,1226,1514,2093,3152,5020,7461,11827,18856,26562,35992,58147,51433,29009,8782,2317,749,1164
Italy,1994,269597,1494,1844,350,218,227,458,1636,2787,5315,12231,29969,61556,111946,40099,611,1025,1336,1451,1971,3344,4787,7444,11595,18374,29005,32551,57744,54202,30621,9478,2062,685,1307
Italy,1995,269811,1362,1671,309,214,202,429,1577,2976,5449,11919,29290,59674,113177,41815,638,939,1457,1519,2029,3420,4612,7307,11104,18186,29036,30638,57251,55926,31838,9977,1885,631,1417
Italy,1996,269809,1496,1761,265,208,231,439,1534,2945,5407,11729,28694,59455,112774,43154,621,913,1421,1524,1997,3410,4444,7285,10857,17837,28204,31251,55062,57712,32879,10275,1969,670,1473
Italy,1997,275626,1309,1651,342,190,183,368,1340,2645,5061,11568,27712,62127,113340,47717,574,766,1192,1453,1916,3145,4510,7058,10615,17097,27772,34355,52376,60964,36146,11571,1841,551,1723
Italy,1998,283196,1304,1499,195,156,186,396,1327,2444,5119,11648,27718,66538,112531,51733,604,723,1026,1418,2023,3096,4634,7014,10666,17052,27790,38748,48651,63880,39136,12597,1655,582,1902
Italy,1999,281612,1210,1396,186,145,176,374,1188,2357,4796,11040,26654,68159,109081,54225,494,694,972,1385,1918,2878,4569,6471,10144,16510,26463,41696,44154,64927,41044,13181,1541,550,2019
Italy,2000,278863,1112,1317,205,143,178,343,1197,2313,4755,10944,25776,67411,105992,56359,506,691,941,1372,1961,2794,4706,6238,10070,15706,25702,41709,41320,64672,42543,13816,1460,521,2136
Italy,2001,277188,1110,1310,200,117,150,308,1095,2310,4727,10734,25167,65434,104070,59444,466,629,871,1439,1920,2807,4646,6088,9909,15258,24908,40526,42241,61829,44588,14856,1427,458,2322
Italy,2002,280533,1028,1223,195,121,153,294,1046,2223,4719,10764,24409,64037,105139,63862,435,611,851,1372,1928,2791,4508,6256,9675,14734,24208,39829,46478,58661,47889,15973,1344,447,2544
Italy,2003,296430,939,1110,171,110,135,254,850,2103,4789,10714,24372,65076,112459,71613,350,500,787,1316,1960,2829,4353,6361,9598,14774,24517,40559,54962,57497,53460,18153,1220,389,2843
Italy,2004,270667,963,1130,167,101,116,265,777,1934,4608,10312,22838,59126,100853,65904,311,466,751,1183,1882,2726,4130,6182,8862,13976,22484,36642,54589,46264,48705,17199,1231,381,2704
Italy,2005,285983,885,1028,143,117,115,216,788,1861,4731,10368,22619,59517,107271,74143,332,456,692,1169,1985,2746,3983,6385,8456,14163,22272,37245,58636,48635,53853,20290,1145,331,3208
Italy,2006,280379,821,976,155,94,119,266,681,1792,4579,10261,21802,57411,107207,71826,294,387,685,1107,1893,2686,3965,6296,8273,13529,21304,36107,56903,50304,51024,20802,1070,385,3369
Italy,2007,289610,837,983,146,103,133,270,645,1704,4676,10017,22310,57115,115441,72428,278,367,604,1100,1899,2777,3969,6048,8535,13775,20906,36209,57430,58011,49352,23076,1086,403,3787
Italy,2008,295898,850,1004,154,93,105,247,605,1671,4658,10032,21885,56273,123892,71193,259,346,622,1049,1830,2828,4009,6023,8741,13144,20756,35517,57693,66199,45855,25338,1097,352,4238
Italy,2009,300451,873,1011,138,116,98,220,683,1597,4842,10123,21857,56509,129737,69035,326,357,586,1011,1824,3018,4246,5877,8964,12893,21195,35314,56716,73021,42486,26549,1127,318,4626
Italy,2010,298272,788,943,155,88,117,225,543,1556,4759,9820,20892,54586,129515,70147,240,303,543,1013,1846,2913,4166,5654,8890,12002,20255,34331,55796,73719,42892,27255,1031,342,5083
Italy,2011,304547,761,890,129,111,89,190,587,1536,4762,10135,21273,53960,130364,75062,295,292,551,985,1762,3000,4257,5878,9147,12126,20483,33477,55793,74571,47964,27098,1001,279,5584
Italy,2012,316221,734,871,137,88,109,185,539,1469,4774,10172,21633,54259,134118,81793,233,306,497,972,1725,3049,4267,5905,9005,12628,20583,33676,56924,77194,55686,26107,959,294,6208
Italy,2013,307917,621,740,119,71,94,175,554,1425,4647,10107,21321,52255,128239,81965,254,300,495,930,1725,2922,4290,5817,8693,12628,19806,32449,54320,73919,59689,22276,811,269,6322
Italy,2014,308140,608,729,121,81,102,173,503,1328,4425,10148,21477,51068,126394,85102,206,297,410,918,1608,2817,4239,5909,8365,13112,19022,32046,53420,72974,64569,20533,810,275,6614
Italy,2015,337619,619,745,126,72,79,171,527,1249,4488,10771,22371,53404,137853,98390,230,297,407,842,1611,2877,4523,6248,8691,13680,19240,34164,57486,80367,74100,24290,817,250,7492
Italy,2016,319447,593,694,101,96,103,150,542,1253,4335,10444,21547,50614,127953,94912,244,298,424,829,1557,2778,4419,6025,8174,13373,18376,32238,52590,75363,68988,25924,790,253,6799
Italy,2017,341154,589,697,108,97,116,174,549,1258,4322,10708,22071,53151,135211,106243,256,293,443,815,1535,2787,4502,6206,8670,13401,19359,33792,54794,80417,74598,31645,794,290,6560
Italy,2018,330138,549,656,107,69,104,175,469,1182,4131,10609,21266,50741,128862,106125,195,274,431,751,1489,2642,4524,6085,8564,12702,19005,31736,52626,76236,72123,34002,725,279,5748
Italy,2019,321960,444,538,94,70,86,142,465,1084,3965,10486,20862,50471,123939,104333,192,273,367,717,1407,2558,4200,6286,8700,12162,19675,30796,52778,71161,68352,35981,608,228,5518
Italy,2020,368938,423,511,88,65,70,156,405,1013,3888,11081,22550,58110,147628,117130,163,242,380,633,1308,2580,4340,6741,9648,12902,23200,34910,61021,86607,78390,38740,576,226,6332
Italy,2021,348743,411,495,84,64,93,168,431,1010,3720,11236,23098,55911,133210,112208,169,262,375,635,1256,2464,4264,6972,9896,13202,23198,32713,57302,75908,74472,37736,559,261,7098
Jamaica,1950,7801,1938,2613,675,214,137,173,418,546,599,646,889,1154,342,68,194,224,255,291,281,318,299,347,369,520,654,500,204,138,56,12,2827,310,0
Jamaica,1951,7948,2043,2730,687,224,140,173,413,533,593,649,868,1188,360,69,195,218,248,285,280,313,304,345,371,497,649,539,234,126,56,13,2954,313,2
Jamaica,1952,7859,2010,2667,657,204,128,164,394,510,587,657,863,1227,391,70,189,205,236,274,282,305,318,339,385,478,643,584,277,114,57,13,2871,292,2
Jamaica,1953,7788,2002,2645,643,195,123,155,375,482,571,660,852,1236,423,70,183,192,222,260,281,290,330,330,397,455,624,612,319,104,57,13,2840,278,2
Jamaica,1954,7722,2009,2637,628,185,117,144,354,454,556,663,846,1239,464,62,174,180,208,246,277,279,338,325,408,438,608,631,359,105,52,10,2822,261,1
Jamaica,1955,7658,1997,2608,611,177,112,137,333,424,545,668,848,1232,518,53,165,168,193,231,272,273,342,326,414,434,590,642,399,119,46,7,2785,249,1
Jamaica,1956,7740,1987,2584,597,172,111,134,323,415,556,697,876,1239,584,48,159,164,188,227,275,281,351,346,426,450,583,656,444,140,42,6,2756,245,1
Jamaica,1957,7405,1968,2548,580,167,102,122,282,356,504,657,842,1161,621,39,139,143,159,197,243,261,318,339,397,445,535,626,463,158,33,6,2715,224,1
Jamaica,1958,7263,1957,2521,564,163,97,115,258,322,480,647,839,1115,672,32,126,132,142,180,224,256,298,349,382,457,506,609,488,184,27,5,2684,212,0
Jamaica,1959,7234,1899,2448,549,160,95,113,247,304,478,659,861,1106,729,33,120,127,133,171,217,261,294,365,383,478,500,606,515,214,30,3,2608,208,0
Jamaica,1960,7255,1901,2431,530,159,92,109,234,287,471,668,886,1103,776,39,114,120,126,161,209,262,292,376,393,493,503,600,534,242,38,1,2590,201,0
Jamaica,1961,7372,1815,2330,515,156,88,107,227,277,469,687,924,1137,903,69,111,116,122,155,204,265,302,385,415,509,528,609,586,317,65,4,2486,195,0
Jamaica,1962,7547,1704,2202,498,153,86,105,226,276,479,714,981,1193,1027,107,112,114,122,154,207,272,320,394,457,524,574,619,634,393,98,9,2355,191,0
Jamaica,1963,7412,1647,2120,473,150,83,99,206,248,437,683,971,1187,1083,139,104,102,112,136,188,249,313,370,469,502,592,595,642,441,127,12,2270,182,1
Jamaica,1964,7573,1621,2066,445,148,83,95,202,244,433,699,1017,1235,1164,180,104,98,112,132,184,249,328,371,503,514,632,603,666,498,161,19,2214,178,1
Jamaica,1965,7598,1586,2011,425,147,82,91,194,229,411,696,1040,1267,1209,217,100,94,105,124,173,238,329,367,515,525,653,614,673,536,192,25,2158,173,1
Jamaica,1966,7578,1547,1954,407,144,81,88,187,214,387,686,1056,1289,1235,257,97,90,98,116,161,226,321,365,514,542,656,633,672,563,224,33,2098,169,2
Jamaica,1967,7684,1501,1891,390,139,82,89,184,210,377,704,1098,1341,1270,298,95,89,95,115,154,223,322,382,513,585,664,677,676,594,257,41,2030,171,2
Jamaica,1968,7873,1447,1822,375,133,82,89,187,208,376,733,1164,1419,1316,343,95,92,91,117,153,223,325,408,518,646,680,739,690,626,291,52,1955,171,3
Jamaica,1969,7939,1391,1762,371,132,84,91,188,209,366,743,1195,1462,1328,374,94,94,92,117,148,218,320,423,512,683,686,776,692,636,314,60,1894,175,4
Jamaica,1970,7873,1334,1696,362,130,85,93,185,200,346,726,1197,1491,1327,393,92,93,88,112,139,207,305,421,502,695,698,793,696,631,325,68,1826,178,5
Jamaica,1971,7960,1283,1641,358,129,87,96,188,200,337,729,1228,1548,1355,413,94,94,90,110,137,200,302,427,516,712,737,811,723,632,338,75,1770,183,6
Jamaica,1972,8114,1228,1578,350,128,86,99,189,199,329,717,1234,1610,1416,517,94,95,91,108,136,193,295,422,531,703,790,820,769,647,395,122,1706,185,14
Jamaica,1973,8167,1168,1491,323,121,84,98,181,192,313,689,1236,1670,1475,591,91,90,91,101,134,179,280,409,549,687,847,823,821,654,434,157,1612,182,23
Jamaica,1974,8298,1112,1411,299,115,81,99,182,188,308,678,1258,1753,1544,647,93,89,91,97,134,174,274,404,572,686,906,847,873,671,462,185,1526,180,32
Jamaica,1975,8438,1060,1338,278,110,79,100,181,193,302,668,1286,1841,1615,690,94,87,95,98,132,170,268,400,590,696,952,889,918,697,483,207,1448,179,40
Jamaica,1976,8564,1008,1267,259,105,76,102,182,193,299,656,1311,1923,1681,719,95,87,95,98,130,169,261,395,597,714,976,947,950,731,495,224,1372,178,47
Jamaica,1977,8839,984,1235,251,102,76,105,193,203,306,657,1367,2031,1758,748,102,91,98,105,132,174,259,398,608,759,994,1037,979,779,507,241,1337,181,54
Jamaica,1978,8980,960,1194,234,96,74,102,196,206,303,643,1402,2109,1824,770,104,92,99,107,127,176,250,393,604,798,985,1124,996,828,516,254,1290,176,59
Jamaica,1979,9126,942,1169,227,94,73,102,200,208,302,628,1428,2184,1892,787,106,94,98,110,125,177,243,385,597,831,985,1199,1024,868,526,261,1263,175,64
Jamaica,1980,9084,921,1123,202,83,68,96,195,199,294,597,1415,2213,1945,794,104,91,91,108,122,172,231,366,577,838,980,1233,1055,890,533,261,1206,164,66
Jamaica,1981,9110,904,1096,192,79,64,92,188,187,277,569,1406,2266,2016,796,101,87,84,103,115,162,221,348,562,844,1005,1261,1112,904,539,257,1175,156,67
Jamaica,1982,9012,884,1070,186,74,62,91,194,193,276,551,1363,2247,2039,784,102,92,88,105,119,157,221,330,541,822,1020,1227,1156,883,537,247,1144,153,66
Jamaica,1983,9289,868,1047,179,73,59,93,204,203,291,561,1383,2337,2169,804,105,99,93,110,129,162,232,329,547,836,1095,1242,1265,904,559,245,1120,152,66
Jamaica,1984,9208,849,1025,176,69,58,92,207,204,290,548,1345,2343,2202,764,105,102,95,109,133,157,232,316,530,815,1123,1220,1307,895,545,219,1094,150,61
Jamaica,1985,9220,826,997,171,68,56,90,205,205,294,540,1321,2383,2261,745,102,103,98,107,136,158,231,309,517,804,1150,1233,1345,916,540,205,1065,146,55
Jamaica,1986,9222,806,978,172,67,54,87,204,207,295,528,1283,2412,2313,740,100,104,100,107,137,158,225,303,498,785,1154,1258,1358,955,541,199,1045,141,50
Jamaica,1987,9156,773,934,161,64,51,84,203,205,294,514,1237,2430,2354,743,99,104,100,105,134,160,216,298,473,764,1134,1296,1345,1009,546,197,998,135,46
Jamaica,1988,9119,745,901,156,66,52,83,201,206,294,502,1179,2442,2391,760,99,102,102,104,133,161,206,296,445,734,1103,1339,1321,1070,557,203,967,135,44
Jamaica,1989,8800,711,856,145,60,48,75,184,199,278,466,1086,2371,2372,766,90,94,98,101,123,155,188,278,405,681,1037,1334,1280,1092,561,205,916,123,42
Jamaica,1990,8867,665,802,137,58,45,74,179,201,275,464,1061,2400,2462,808,88,91,99,102,118,157,188,276,395,666,1025,1375,1316,1146,593,215,860,119,42
Jamaica,1991,9021,657,790,133,58,44,71,178,208,282,468,1049,2429,2550,848,87,91,102,106,120,162,193,275,395,654,1022,1407,1373,1177,628,220,848,115,42
Jamaica,1992,9221,649,773,124,55,43,69,180,219,296,480,1053,2460,2656,892,87,93,107,112,126,170,205,275,407,646,1029,1431,1460,1196,669,223,828,112,42
Jamaica,1993,9324,636,757,121,53,43,68,181,234,317,509,1074,2487,2695,868,85,96,112,122,136,181,226,283,429,645,1044,1443,1532,1163,661,207,810,111,38
Jamaica,1994,9329,613,730,117,51,43,69,181,245,329,530,1075,2471,2723,845,84,97,113,132,144,185,242,288,440,635,1037,1434,1581,1142,653,192,781,112,35
Jamaica,1995,9379,586,698,112,50,43,68,180,257,348,555,1082,2468,2774,826,83,97,116,141,156,192,258,297,449,633,1034,1434,1624,1150,641,185,748,111,31
Jamaica,1996,9162,535,644,109,47,43,65,176,258,352,565,1060,2394,2751,784,81,95,114,144,161,191,263,302,440,620,996,1398,1605,1146,609,175,691,108,28
Jamaica,1997,9302,515,619,104,47,41,68,178,274,382,609,1088,2397,2814,760,82,96,119,155,177,205,281,328,446,642,989,1408,1620,1194,589,171,666,109,25
Jamaica,1998,9308,492,587,95,46,41,69,179,285,405,640,1094,2350,2848,740,82,97,124,161,191,214,291,349,442,652,955,1395,1607,1241,570,170,633,110,23
Jamaica,1999,9162,456,548,92,45,41,69,176,286,428,655,1091,2279,2815,707,81,95,123,163,200,228,291,364,436,655,921,1358,1565,1250,546,161,593,110,20
Jamaica,2000,9061,405,491,86,42,38,69,172,285,455,679,1111,2241,2780,683,80,92,123,162,212,243,294,385,448,663,909,1332,1534,1246,533,150,533,107,18
Jamaica,2001,9048,389,474,85,45,38,69,172,290,483,705,1125,2204,2750,679,80,92,124,166,226,257,303,402,465,660,904,1300,1512,1238,536,143,519,107,17
Jamaica,2002,8760,376,452,76,41,38,69,169,279,481,691,1086,2097,2659,676,80,89,118,161,222,259,295,396,464,622,876,1221,1456,1203,544,132,493,107,16
Jamaica,2003,8691,367,436,69,39,38,68,167,278,499,708,1095,2062,2606,680,80,87,114,164,224,275,306,402,487,608,888,1174,1429,1177,555,125,475,106,15
Jamaica,2004,8465,362,429,67,38,37,67,164,268,499,703,1085,1984,2504,670,80,84,109,159,219,280,313,390,496,589,872,1112,1371,1133,552,118,467,104,14
Jamaica,2005,8367,349,413,64,35,34,65,164,266,510,714,1104,1944,2438,667,80,84,109,157,219,291,328,386,513,591,864,1080,1331,1107,549,118,448,99,13
Jamaica,2006,8360,345,407,62,33,34,63,165,259,524,736,1138,1926,2390,668,80,85,105,154,219,305,344,392,530,608,854,1072,1297,1093,547,121,440,97,12
Jamaica,2007,8468,318,378,60,31,33,63,167,259,548,780,1200,1948,2374,674,81,86,105,154,226,322,370,410,554,646,852,1096,1276,1098,548,126,409,96,11
Jamaica,2008,8540,309,368,59,29,32,61,165,257,566,834,1268,1971,2312,661,78,87,104,153,233,333,402,432,577,691,848,1123,1234,1078,534,127,397,93,10
Jamaica,2009,8227,299,354,55,28,31,60,164,248,542,832,1231,1889,2194,646,78,86,102,146,223,319,400,432,544,687,802,1087,1161,1033,518,128,382,91,9
Jamaica,2010,7919,277,331,54,28,30,59,159,233,514,832,1201,1819,2077,624,75,84,96,137,210,304,398,434,516,685,777,1042,1099,978,498,126,359,89,9
Jamaica,2011,7819,268,318,50,25,26,54,147,217,491,852,1217,1815,2033,617,68,79,91,126,199,292,406,446,518,699,793,1022,1085,948,491,126,343,80,10
Jamaica,2012,8072,258,305,47,25,26,57,156,234,516,918,1272,1864,2059,632,72,84,101,133,207,309,435,483,542,730,843,1021,1117,942,503,129,330,83,11
Jamaica,2013,8408,244,289,45,24,24,56,159,242,542,998,1350,1949,2115,643,72,87,105,137,213,329,461,537,582,768,915,1034,1174,941,511,132,313,80,12
Jamaica,2014,8818,229,271,42,22,23,55,164,253,572,1090,1449,2071,2179,655,75,89,110,143,221,351,493,597,646,803,1001,1070,1229,950,521,134,293,78,13
Jamaica,2015,9149,224,264,40,22,23,52,164,264,592,1173,1547,2196,2202,644,74,90,115,149,227,365,516,657,714,833,1079,1117,1252,950,511,133,286,75,14
Jamaica,2016,9345,210,249,39,21,23,50,166,274,599,1227,1609,2281,2201,633,76,90,118,156,228,371,528,699,755,854,1123,1158,1247,954,501,132,270,73,14
Jamaica,2017,9507,194,231,37,20,22,48,164,282,601,1270,1687,2374,2186,608,74,90,121,161,229,372,542,728,804,883,1158,1216,1223,963,480,128,251,70,13
Jamaica,2018,9666,182,220,38,21,23,47,164,290,603,1304,1775,2459,2173,581,73,91,124,166,231,372,559,745,860,915,1179,1280,1200,973,457,124,241,70,13
Jamaica,2019,9878,174,211,37,21,22,45,163,294,606,1334,1893,2538,2178,562,71,92,124,170,234,372,570,764,916,977,1187,1351,1199,979,443,119,232,67,13
Jamaica,2020,10064,165,198,33,20,19,43,157,293,606,1349,2021,2609,2188,548,67,90,121,172,236,370,573,776,976,1045,1195,1414,1221,967,433,115,218,62,12
Jamaica,2021,11735,160,192,32,19,19,45,169,342,723,1549,2444,3086,2535,592,70,99,137,205,289,434,658,891,1175,1269,1406,1680,1440,1095,475,117,211,64,13
Japan,1950,454560,63523,105502,41979,9482,5299,10907,35340,28404,28798,37378,61901,77215,47842,6423,17810,17530,14099,14305,13842,14956,17305,20073,26899,35002,39219,37996,30991,16851,5516,907,114984,16206,75
Japan,1951,420506,54190,93986,39796,8179,4567,8307,27463,24461,26630,35896,59360,78029,47063,6487,13351,14112,12070,12391,12717,13913,16198,19698,25744,33616,39304,38725,30541,16522,5525,962,102165,12874,80
Japan,1952,383689,44547,74035,29488,7135,3837,6609,22421,21277,24274,35464,57126,77540,47076,6815,10846,11575,10492,10785,11756,12518,16168,19296,24613,32513,39033,38507,30252,16824,5802,1013,81170,10446,85
Japan,1953,386872,40942,65651,24709,7295,3415,5779,20390,19592,23679,35716,58371,85732,53405,7745,9862,10528,9783,9809,11201,12478,16102,19614,25032,33339,42857,42875,33984,19421,6569,1176,72946,9194,97
Japan,1954,354065,35700,55521,19821,7289,3146,5246,19356,18697,22505,34103,54379,78354,47856,7512,9360,9996,9581,9116,10515,11990,15630,18473,23029,31350,39102,39252,30707,17149,6331,1181,62810,8392,102
Japan,1955,340037,31298,45696,14398,6256,2999,4689,17167,17276,21960,33126,53697,79675,49943,7453,8314,8853,8714,8562,10061,11899,14960,18166,22787,30910,39387,40288,31870,18073,6222,1231,51952,7688,108
Japan,1956,355214,30432,43226,12794,5885,2572,4471,16201,16860,21904,34299,56907,87012,56726,9021,7929,8272,8624,8236,9772,12132,15079,19220,24028,32879,41914,45098,36455,20271,7512,1509,49111,7043,133
Japan,1957,367572,27638,39086,11448,5580,2755,4599,16306,17402,22657,34969,58968,93441,62049,9619,7895,8411,8786,8616,9931,12726,15064,19905,24991,33977,44335,49106,39529,22520,8001,1618,44666,7354,143
Japan,1958,332821,26325,35369,9044,4374,2354,4215,14690,15423,20730,33035,53540,84827,55481,8643,7178,7512,7618,7805,8760,11970,14287,18748,23216,30324,39978,44849,35750,19731,7177,1466,39743,6569,141
Japan,1959,334081,24174,32273,8099,4096,2566,4063,13470,15443,20233,33286,53802,86062,59181,9442,6297,7173,7597,7846,8688,11545,14457,18829,23399,30403,40170,45892,38121,21060,7843,1599,36369,6629,160
Japan,1960,341906,22162,29099,6937,3367,2337,3756,12464,14508,19939,33293,55364,92078,64944,10572,5889,6575,6930,7578,8241,11698,14557,18736,24229,31135,42540,49538,41687,23257,8768,1804,32466,6093,179
Japan,1961,336715,20200,26193,5993,2781,2205,3375,11345,13940,19021,33102,55182,91027,67492,10871,5285,6060,6684,7256,8089,10932,14675,18427,23890,31292,42088,48939,43203,24289,9017,1854,28974,5580,179
Japan,1962,342872,19253,24498,5245,2369,2100,2751,10526,13458,18735,33179,56949,94424,72322,11384,4840,5686,6358,7100,7960,10775,15182,17997,24768,32181,43321,51103,46037,26285,9474,1910,26867,4851,178
Japan,1963,322098,17329,21695,4366,1977,1588,2599,9467,12541,18191,31742,55145,87924,68393,10661,4402,5065,5716,6825,7857,10334,14311,17431,23646,31499,40581,47343,43408,24985,8854,1807,23672,4187,171
Japan,1964,322937,15891,19945,4054,1882,1517,2421,8794,12130,18101,31511,55122,89473,70386,11460,4093,4701,5471,6659,7949,10152,14164,17347,23578,31544,40757,48716,44513,25873,9464,1996,21827,3938,194
Japan,1965,336702,15294,19156,3862,1709,1334,2418,8322,11764,17924,32125,57529,93909,77412,12880,3814,4508,5292,6472,7841,10083,14116,18009,24501,33028,41867,52042,48616,28796,10623,2257,20865,3752,219
Japan,1966,319722,10632,14357,3725,1642,1320,2587,7891,11341,17411,31631,55589,90785,72599,12349,3707,4184,5192,6149,7765,9646,13688,17943,23376,32213,41316,49469,44782,27817,10120,2229,15999,3907,218
Japan,1967,323888,13521,16826,3305,1473,1172,2448,7573,10987,17198,31337,55541,91596,74257,13249,3396,4177,4853,6134,7643,9555,13188,18149,23164,32377,41722,49874,45181,29076,10920,2329,18299,3620,229
Japan,1968,328564,12101,15281,3180,1542,1101,2263,7466,10634,17419,31414,56107,93605,77441,14049,3363,4103,4705,5929,7805,9614,13141,18273,23284,32823,42579,51026,46819,30622,11593,2456,16823,3364,246
Japan,1969,329335,11309,14472,3163,1442,1032,2073,7635,10692,17711,30959,56640,93656,78270,14492,3587,4048,4681,6011,7645,10066,12854,18105,23460,33180,43622,50034,47232,31038,11915,2577,15914,3105,266
Japan,1970,341625,10972,14090,3118,1457,965,1945,7706,10270,17979,31060,58663,98150,83092,15950,3679,4027,4376,5894,7834,10145,12812,18248,24551,34112,45662,52488,50381,32711,13090,2860,15547,2910,301
Japan,1971,327845,10823,13944,3121,1399,920,1697,7197,9798,16983,29557,55981,93659,80630,15777,3584,3613,4265,5533,7393,9590,12508,17049,23742,32239,43022,50637,49581,31049,12851,2926,15343,2617,306
Japan,1972,327228,10152,13356,3204,1334,865,1623,7012,9550,17044,29028,54696,94536,80998,16868,3452,3560,4127,5423,7142,9902,12200,16828,23684,31012,43363,51173,49222,31776,13679,3189,14690,2488,325
Japan,1973,340306,10170,13308,3138,1359,857,1542,6696,9195,17057,28902,54686,98577,88647,19097,3210,3486,4059,5136,7225,9832,12543,16359,23566,31120,44609,53968,53512,35135,15459,3638,14667,2399,377
Japan,1974,343227,9324,12396,3072,1204,790,1451,6196,8888,16677,28328,54958,100703,91193,20035,2763,3433,3984,4904,7083,9594,12517,15811,23253,31705,45172,55531,54147,37046,16228,3807,13600,2241,407
Japan,1975,339307,8097,10958,2861,1145,805,1277,5822,8523,16343,28157,53654,99542,92342,20304,2460,3362,3844,4679,6885,9458,12636,15521,22474,31180,44595,54947,54495,37847,16350,3954,12103,2082,431
Japan,1976,339800,7258,9901,2643,1200,729,1174,5385,7887,15776,27670,53331,99594,95788,20924,2132,3253,3469,4418,6587,9189,12352,15318,21771,31560,43718,55876,55836,39952,16778,4146,11101,1903,447
Japan,1977,332969,6702,9145,2443,1189,666,1124,4775,7569,15186,27054,52815,97691,94367,20928,1820,2955,3301,4268,6190,8996,12226,14828,21241,31574,41946,55745,55054,39313,16659,4269,10334,1790,457
Japan,1978,335606,6101,8325,2224,1045,684,1134,4487,7695,14836,26913,51294,98913,96960,22805,1678,2809,3387,4308,6044,8792,11935,14978,20367,30927,42296,56617,57230,39730,18093,4712,9370,1818,516
Japan,1979,331491,5502,7483,1981,990,631,1081,3979,7608,14717,26880,49287,97499,97461,23326,1622,2357,3341,4267,5870,8847,11850,15030,19569,29718,41667,55832,57468,39993,18547,4779,8473,1712,548
Japan,1980,348876,5028,6886,1858,1023,588,1093,3584,7549,14266,27391,50358,101996,106299,27181,1454,2130,3347,4202,5634,8632,12030,15361,19973,30385,43672,58324,62162,44137,21613,5568,7909,1681,659
Japan,1981,348774,4635,6353,1718,904,611,1086,3310,7345,14022,26959,49560,101172,109017,27743,1365,1945,3372,3973,5539,8483,11801,15158,19830,29730,43686,57486,62895,46122,21896,5847,7257,1697,696
Japan,1982,343535,4200,5734,1534,854,653,1053,3112,7200,13812,26819,47952,98193,109417,28011,1349,1763,3318,3882,5446,8366,11618,15201,19538,28414,42986,55207,63462,45955,21934,6077,6588,1706,731
Japan,1983,356957,4025,5415,1390,840,608,1113,3193,7000,13638,26987,48221,100003,117419,31655,1445,1748,2995,4005,5547,8091,11740,15247,20021,28200,43526,56477,67062,50357,24560,7095,6255,1721,867
Japan,1984,356888,3752,5120,1368,720,593,1031,3079,6749,13790,26467,47295,98846,118999,33228,1382,1697,2674,4075,5790,8000,11368,15099,19830,27465,42336,56510,67498,51501,25501,7727,5840,1624,971
Japan,1985,363638,3485,4679,1194,638,636,1033,2857,6529,13378,26712,47375,99883,123245,35571,1303,1554,2441,4088,5704,7674,11659,15053,20386,26989,41989,57894,68445,54800,27137,8434,5317,1669,1104
Japan,1986,364055,3151,4269,1118,575,597,1072,2969,6361,13014,25952,46177,98817,125011,37991,1382,1587,2145,4216,5388,7626,11294,14658,19837,26340,40677,58140,68165,56846,28875,9116,4844,1669,1246
Japan,1987,364051,2945,3994,1049,571,528,1045,2810,5930,12609,25866,45906,96924,126265,40227,1339,1471,1969,3961,5147,7462,11079,14787,19996,25910,38908,58016,67096,59169,30384,9843,4565,1573,1376
Japan,1988,387933,2848,3900,1052,548,520,1135,2807,5649,12882,25754,47626,100497,138430,46514,1332,1475,1909,3740,5300,7582,10911,14843,20337,27289,39380,61117,72749,65681,35066,11448,4448,1655,1665
Japan,1989,384338,2564,3577,1013,544,512,1137,2736,5244,13016,25570,47469,96731,138088,47882,1300,1436,1819,3425,5455,7561,10568,15002,20029,27440,38022,58709,72549,65539,36006,11876,4121,1649,1832
Japan,1990,401493,2476,3428,952,519,474,1154,2741,4788,13241,24919,48246,99155,146924,53743,1341,1400,1781,3007,5645,7596,10148,14771,20266,27980,38936,60219,76574,70350,40319,13424,3947,1628,2158
Japan,1991,404625,2534,3433,899,507,406,1036,2680,4496,13137,25464,48108,98195,148131,56712,1306,1374,1727,2769,5833,7304,10482,14982,20113,27995,38662,59533,77995,70136,42563,14149,3940,1442,2317
Japan,1992,417725,2384,3301,917,469,460,1086,2811,4320,13049,25375,49768,98750,154241,61523,1370,1441,1666,2654,5757,7292,10404,14971,20885,28883,39225,59525,81502,72739,45807,15716,3770,1546,2573
Japan,1993,429921,2336,3266,930,513,452,945,2585,4198,13089,25242,50380,100314,159531,66518,1310,1275,1696,2502,5419,7670,10478,14764,21009,29371,40691,59623,83715,75816,49087,17431,3779,1397,2885
Japan,1994,428382,2338,3164,826,443,361,865,2737,4181,12418,24665,49445,96957,160436,69499,1386,1351,1745,2436,4683,7735,10712,13953,20520,28925,40251,56706,82154,78282,50597,18902,3607,1226,3210
Japan,1995,451370,2239,3106,867,467,450,948,2897,4304,13106,25401,51150,101337,169095,75412,1485,1412,1891,2413,4441,8665,11131,14270,21347,29803,42726,58611,84843,84252,54242,21170,3573,1398,3692
Japan,1996,437098,2065,2792,727,391,359,825,2659,4091,12774,24178,49450,97478,163766,74396,1307,1352,1781,2310,4095,8679,10498,13680,20710,28740,40899,56579,80228,83538,52767,21629,3183,1184,3935
Japan,1997,446639,2003,2798,795,364,306,764,2750,4107,12433,24115,49059,97067,167621,80651,1265,1485,1771,2336,3927,8506,10329,13786,20402,28657,40763,56304,79652,87969,56498,24153,3162,1070,4605
Japan,1998,456146,2035,2782,747,370,332,806,2900,4310,11686,25077,48606,98758,169049,86190,1324,1576,1876,2434,3756,7930,10958,14119,19765,28841,41163,57595,79363,89686,59991,26199,3152,1138,5279
Japan,1999,482169,1786,2461,675,326,331,768,2847,4258,10900,26198,49179,103492,177022,98084,1259,1588,1921,2337,3691,7209,11337,14861,19750,29429,42520,60972,80933,96089,68193,29891,2787,1099,6304
Japan,2000,470472,1785,2398,613,302,246,656,2757,4364,10060,26189,47036,100112,170094,99401,1184,1573,1871,2493,3641,6419,11956,14233,18453,28583,41042,59070,77254,92840,68825,30576,2700,902,6853
Japan,2001,477254,1638,2233,595,295,253,643,2562,4270,9530,25768,46395,99714,171101,106533,1084,1478,1896,2374,3482,6048,12274,13494,18158,28237,40557,59157,77384,93717,73470,33063,2528,896,7956
Japan,2002,484003,1603,2174,571,319,258,639,2437,4371,8921,25176,45715,99433,171404,114049,1022,1415,1961,2410,3370,5551,11700,13476,18209,27506,40346,59087,77816,93588,78299,35750,2493,897,9105
Japan,2003,503069,1593,2130,537,290,277,661,2418,4472,8673,24661,45138,100583,177593,125486,976,1442,1975,2497,3376,5297,10811,13850,18372,26766,40615,59968,81267,96326,84828,40658,2420,938,10687
Japan,2004,512385,1430,1933,503,219,217,626,2350,4534,8705,24991,44866,99727,179327,132966,991,1359,1947,2587,3383,5322,10046,14945,18862,26004,39959,59768,83097,96230,88379,44587,2152,843,11925
Japan,2005,544222,1346,1846,500,247,239,583,2418,4639,8694,24749,44664,103107,190278,148793,1094,1324,2073,2566,3520,5174,9144,15605,18932,25732,41435,61672,88613,101665,96841,51952,2093,822,13965
Japan,2006,550243,1368,1842,474,262,221,576,2368,4469,8597,24389,42962,101480,192331,155627,1008,1360,1921,2548,3536,5061,8542,15847,17494,25468,40482,60998,88740,103591,99419,56208,2104,797,15117
Japan,2007,564704,1334,1766,432,238,203,522,2187,4495,8500,23451,43015,101008,198186,164289,961,1226,1819,2676,3421,5079,8065,15386,17740,25275,39898,61110,90609,107577,102768,61521,2004,725,16849
Japan,2008,585085,1353,1779,426,242,186,564,2132,4617,8549,21792,43666,101389,206934,174080,938,1194,1876,2741,3532,5017,7610,14182,18332,25334,39612,61777,93562,113372,106831,67249,2021,750,19157
Japan,2009,586199,1149,1563,414,244,208,480,2135,4454,8646,19804,44173,96923,207982,178288,928,1207,1721,2733,3602,5044,7310,12494,18634,25539,36934,59989,92290,115692,107268,71020,1807,688,21298
Japan,2010,619531,1136,1566,430,229,201,486,1852,4425,8619,19157,46102,98754,219935,193991,819,1033,1698,2727,3545,5074,7352,11805,20215,25887,37022,61732,95318,124617,116179,77812,1795,687,24214
Japan,2011,656247,1220,1789,569,345,292,615,2310,4850,9698,19609,48137,102594,231584,207799,1008,1302,1817,3033,4087,5611,7635,11974,22148,25989,38544,64050,99541,132043,124928,82871,2134,907,26624
Japan,2012,662896,1100,1532,432,208,206,454,1752,3887,8596,17552,45098,99613,236223,218821,719,1033,1449,2438,3715,4881,7156,10396,20107,24991,37437,62176,99384,136839,131857,86964,1740,660,28954
Japan,2013,672311,1020,1373,353,187,182,396,1612,3703,8717,17106,44702,98155,239712,226061,717,895,1388,2315,3621,5096,7096,10010,19042,25660,37510,60645,99693,140019,137635,88426,1560,578,30412
Japan,2014,677490,995,1370,375,190,183,372,1605,3540,8656,16911,44036,97011,239057,232674,674,931,1333,2207,3641,5015,6966,9945,17265,26771,38124,58887,98633,140424,142810,89864,1560,555,31882
Japan,2015,689999,907,1261,354,206,204,386,1458,3197,8477,16222,43029,95402,242041,244197,607,851,1225,1972,3588,4889,7007,9215,15521,27508,38037,57365,98897,143144,149254,94943,1467,590,33912
Japan,2016,702940,970,1300,330,161,190,356,1422,3075,8506,16306,42885,93352,242047,257238,631,791,1130,1945,3475,5031,7083,9223,14396,28489,36137,57215,99053,142994,156115,101123,1461,546,36102
Japan,2017,720859,806,1141,335,139,162,354,1319,2789,8469,15796,41806,92851,246464,271529,572,747,1096,1693,3362,5107,6768,9028,13525,28281,35588,57263,99392,147072,164038,107491,1280,516,38038
Japan,2018,739190,777,1086,309,159,202,403,1315,2712,8377,16101,39559,96243,247511,285540,607,708,1054,1658,3148,5229,7010,9091,13197,26362,37303,58940,98254,149257,170996,114544,1245,605,39975
Japan,2019,754770,722,1047,325,175,196,415,1317,2639,8208,16130,36678,98539,246640,300324,621,696,1024,1615,2971,5237,6930,9200,12830,23848,38574,59965,96583,150057,177371,122953,1222,611,42463
Japan,2020,747269,688,874,186,158,184,448,1475,2565,8160,16280,33871,99584,239714,300564,703,772,953,1612,2902,5258,7091,9189,12400,21471,40400,59184,92849,146865,175803,124761,1032,632,43391
Japan,2021,779100,661,943,282,161,182,317,1064,2171,7301,15298,32363,101375,251973,318623,499,565,812,1359,2479,4822,6663,8635,11804,20559,42559,58816,97663,154310,183756,134867,1104,499,47333
Jersey,1950,364,10,12,2,0,0,0,0,8,13,27,58,101,112,26,0,0,3,5,5,8,11,16,24,34,45,56,64,48,21,5,12,0,1
Jersey,1951,372,10,12,2,0,0,0,0,9,13,28,60,105,112,30,0,0,4,5,5,8,12,16,24,36,48,57,63,49,25,5,12,0,1
Jersey,1952,343,8,9,1,0,0,0,0,5,11,25,56,100,104,26,0,0,0,5,5,6,10,15,22,34,46,54,59,45,21,5,9,0,1
Jersey,1953,373,9,11,2,0,0,0,0,10,13,28,60,108,112,26,0,0,5,5,5,8,12,16,24,36,50,58,64,48,21,5,11,0,1
Jersey,1954,371,9,11,2,0,0,0,0,9,13,28,60,110,112,26,0,0,4,5,5,8,12,16,24,36,51,59,62,50,21,5,11,0,1
Jersey,1955,364,8,9,1,0,0,0,0,7,13,27,58,108,107,26,0,0,2,5,5,8,11,16,22,36,49,59,59,48,21,5,9,0,1
Jersey,1956,373,8,9,1,0,0,0,0,7,13,28,59,114,110,28,0,0,2,5,5,8,11,17,22,37,51,63,61,49,23,5,9,0,1
Jersey,1957,379,9,10,1,0,0,0,0,8,14,28,60,115,110,29,0,0,3,5,5,9,11,17,23,37,52,63,62,48,24,5,10,0,1
Jersey,1958,390,9,10,1,0,0,0,0,8,14,30,61,121,115,30,0,0,3,5,5,9,12,18,24,37,54,67,65,50,25,5,10,0,1
Jersey,1959,372,9,10,1,0,0,0,0,5,13,28,57,116,110,31,0,0,0,5,5,8,11,17,23,34,51,65,64,46,26,5,10,0,1
Jersey,1960,402,10,11,1,0,0,0,0,6,13,29,62,122,117,33,0,0,1,5,5,8,12,17,26,36,54,68,70,47,28,5,11,0,1
Jersey,1961,443,13,15,2,0,0,0,0,10,14,33,68,135,128,35,0,0,5,5,5,9,14,19,28,40,60,75,76,52,28,7,15,0,1
Jersey,1962,376,9,10,1,0,0,0,0,3,11,25,55,116,115,30,0,0,0,3,5,6,10,15,23,32,51,65,67,48,24,6,10,0,1
Jersey,1963,447,13,15,2,0,0,0,0,8,13,33,67,135,134,35,0,0,3,5,5,8,14,19,27,40,58,77,80,54,27,8,15,0,1
Jersey,1964,391,10,11,1,0,0,0,0,2,11,27,58,116,126,31,0,0,0,2,5,6,11,16,23,35,49,67,73,53,23,8,11,0,1
Jersey,1965,410,10,12,2,0,0,0,0,5,11,28,61,123,132,31,0,0,0,5,5,6,11,17,23,38,51,72,76,56,24,7,12,0,1
Jersey,1966,404,9,10,1,0,0,0,0,4,10,27,57,119,135,34,0,0,0,4,5,5,11,16,22,35,49,70,78,57,26,8,10,0,1
Jersey,1967,397,9,10,1,0,0,0,0,3,10,25,58,119,136,33,0,0,0,3,5,5,9,16,23,35,49,70,78,58,27,6,10,0,1
Jersey,1968,449,10,12,2,0,0,0,0,8,13,29,65,130,153,37,0,0,3,5,5,8,11,18,26,39,55,75,88,65,30,7,12,0,1
Jersey,1969,450,10,12,2,0,0,0,0,7,12,28,66,127,156,40,0,0,2,5,5,7,10,18,26,40,55,72,89,67,32,8,12,0,1
Jersey,1970,483,11,13,2,0,0,0,1,10,13,29,70,135,166,43,1,0,5,5,5,8,11,18,29,41,60,75,94,72,35,8,13,0,1
Jersey,1971,467,9,10,1,0,0,0,1,7,12,27,66,131,163,46,1,0,2,5,5,7,10,17,27,39,59,72,91,72,36,10,10,0,1
Jersey,1972,482,9,10,1,0,0,0,3,8,12,27,69,136,167,48,1,2,3,5,5,7,10,17,28,41,61,75,91,76,37,11,10,0,1
Jersey,1973,474,8,9,1,0,0,0,2,7,11,26,67,134,163,48,0,2,2,5,5,6,10,16,26,41,60,74,86,77,37,11,9,0,1
Jersey,1974,476,8,9,1,0,0,0,2,6,11,26,68,138,162,49,0,2,1,5,5,6,10,16,26,42,60,78,85,77,38,11,9,0,1
Jersey,1975,504,8,9,1,0,0,0,6,10,12,28,72,148,168,50,1,5,5,5,5,7,11,17,29,43,64,84,87,81,39,11,9,0,1
Jersey,1976,486,7,7,0,0,0,0,4,6,11,26,68,144,163,52,0,4,1,5,5,6,10,16,26,42,61,83,86,77,41,11,7,0,1
Jersey,1977,482,7,7,0,0,0,0,3,7,11,25,67,143,162,53,0,3,2,5,5,6,10,15,25,42,60,83,86,76,41,12,7,0,1
Jersey,1978,487,7,7,0,0,0,0,3,10,11,25,66,145,164,56,0,3,5,5,5,6,10,15,24,42,61,84,91,73,44,12,7,0,1
Jersey,1979,514,8,9,1,0,0,0,5,10,11,27,68,152,172,56,0,5,5,5,5,6,10,17,24,44,65,87,97,75,45,11,9,0,2
Jersey,1980,496,7,7,0,0,0,0,1,10,10,25,62,146,174,58,0,1,5,5,5,5,10,15,22,40,62,84,98,76,45,13,7,0,2
Jersey,1981,480,7,7,0,0,0,0,0,9,10,23,56,139,172,58,0,0,4,5,5,5,10,13,21,35,59,80,95,77,43,15,7,0,2
Jersey,1982,439,6,6,0,0,0,0,0,6,10,19,49,126,161,56,0,0,1,5,5,5,8,11,19,30,53,73,88,73,42,14,6,0,1
Jersey,1983,480,7,7,0,0,0,0,0,7,10,22,53,139,174,61,0,0,2,5,5,5,9,13,21,32,59,80,95,79,46,15,7,0,2
Jersey,1984,415,6,6,0,0,0,0,0,4,10,16,43,118,153,58,0,0,0,4,5,5,6,10,17,26,48,70,83,70,43,15,6,0,2
Jersey,1985,456,6,6,0,0,0,0,0,5,10,18,46,126,168,64,0,0,0,5,5,5,7,11,18,28,50,76,91,77,48,16,6,0,2
Jersey,1986,454,6,6,0,0,0,0,0,4,10,17,44,124,167,70,0,0,0,4,5,5,7,10,17,27,49,75,91,76,50,20,6,0,2
Jersey,1987,438,6,6,0,0,0,0,0,3,10,17,42,115,164,70,0,0,0,3,5,5,7,10,15,27,44,71,89,75,50,20,6,0,2
Jersey,1988,427,6,6,0,0,0,0,0,3,10,16,40,108,164,72,0,0,0,3,5,5,6,10,14,26,40,68,90,74,51,21,6,0,3
Jersey,1989,442,6,6,0,0,0,0,0,3,10,17,41,106,169,79,0,0,0,3,5,5,7,10,15,26,39,67,92,77,55,24,6,0,3
Jersey,1990,444,6,6,0,0,0,0,0,3,10,17,40,104,176,78,0,0,0,3,5,5,7,10,14,26,38,66,93,83,54,24,6,0,3
Jersey,1991,460,6,6,0,0,0,0,0,5,10,17,41,109,187,77,0,0,0,5,5,5,7,10,15,26,41,68,95,92,58,19,6,0,3
Jersey,1992,396,5,5,0,0,0,0,0,1,10,15,33,89,165,69,0,0,0,1,5,5,5,10,12,21,34,55,82,83,52,17,5,0,3
Jersey,1993,464,6,6,0,0,0,0,0,6,10,17,39,106,193,76,0,0,1,5,5,5,7,10,15,24,43,63,96,97,57,19,6,0,4
Jersey,1994,430,6,6,0,0,0,0,0,4,10,16,35,96,180,76,0,0,0,4,5,5,6,10,13,22,40,56,89,91,57,19,6,0,4
Jersey,1995,437,6,6,0,0,0,0,0,4,10,15,37,96,181,78,0,0,0,4,5,5,5,10,14,23,40,56,89,92,60,18,6,0,3
Jersey,1996,430,6,6,0,0,0,0,0,4,10,15,37,93,178,77,0,0,0,4,5,5,5,10,14,23,37,56,88,90,59,18,6,0,3
Jersey,1997,412,5,5,0,0,0,0,0,3,10,14,34,88,167,80,0,0,0,3,5,5,5,9,13,21,33,55,80,87,62,18,5,0,3
Jersey,1998,402,5,5,0,0,0,0,0,2,10,13,33,87,159,81,0,0,0,2,5,5,5,8,13,20,32,55,72,87,63,18,5,0,3
Jersey,1999,411,5,5,0,0,0,0,0,5,10,17,34,90,162,85,0,0,0,5,5,5,7,10,13,21,33,57,72,90,63,22,5,0,3
Jersey,2000,402,5,5,0,0,0,0,0,4,10,17,33,86,158,88,0,0,0,4,5,5,7,10,13,20,33,53,70,88,63,25,5,0,3
Jersey,2001,400,4,4,0,0,0,0,0,3,10,17,33,83,155,89,0,0,0,3,5,5,7,10,13,20,32,51,68,87,63,26,4,0,2
Jersey,2002,427,5,5,0,0,0,0,0,5,10,17,35,87,159,97,0,0,0,5,5,5,7,10,13,22,35,52,76,83,69,28,5,0,3
Jersey,2003,388,4,4,0,0,0,0,0,3,10,16,32,77,144,93,0,0,0,3,5,5,6,10,12,20,31,46,72,72,65,28,4,0,4
Jersey,2004,379,4,4,0,0,0,0,0,2,10,15,30,77,140,92,0,0,0,2,5,5,5,10,11,19,30,47,71,69,64,28,4,0,5
Jersey,2005,379,4,4,0,0,0,0,0,2,10,15,30,77,138,91,0,0,0,2,5,5,5,10,11,19,30,47,69,69,63,28,4,0,6
Jersey,2006,383,4,4,0,0,0,0,0,1,10,15,29,78,140,91,0,0,0,1,5,5,5,10,10,19,31,47,69,71,63,28,4,0,7
Jersey,2007,361,4,4,0,0,0,0,0,0,10,14,28,73,133,86,0,0,0,0,5,5,5,9,10,18,29,44,63,70,56,30,4,0,7
Jersey,2008,381,4,4,0,0,0,0,0,1,10,15,32,76,141,88,0,0,0,1,5,5,5,10,13,19,30,46,65,76,57,31,4,0,8
Jersey,2009,386,4,4,0,0,0,0,0,1,10,15,31,78,144,89,0,0,0,1,5,5,5,10,13,18,31,47,66,78,56,33,4,0,8
Jersey,2010,395,4,4,0,0,0,0,0,1,10,16,33,79,146,92,0,0,0,1,5,5,6,10,13,20,31,48,69,77,58,34,4,0,9
Jersey,2011,375,4,4,0,0,0,0,0,0,9,15,30,74,136,88,0,0,0,0,4,5,5,10,12,18,29,45,64,72,57,31,4,0,9
Jersey,2012,394,4,4,0,0,0,0,0,0,9,17,33,76,144,93,0,0,0,0,4,5,7,10,13,20,29,47,69,75,61,32,4,0,10
Jersey,2013,386,4,4,0,0,0,0,0,0,9,16,32,77,139,93,0,0,0,0,4,5,6,10,12,20,30,47,66,73,63,30,4,0,11
Jersey,2014,379,4,4,0,0,0,0,0,0,8,15,31,73,137,92,0,0,0,0,3,5,5,10,12,19,28,45,65,72,62,30,4,0,11
Jersey,2015,403,4,4,0,0,0,0,0,0,8,17,35,79,145,98,0,0,0,0,3,5,7,10,13,22,30,49,68,77,66,32,4,0,11
Jersey,2016,422,4,4,0,0,0,0,0,0,9,18,37,83,153,100,0,0,0,0,4,5,8,10,13,24,33,50,73,80,67,33,4,0,12
Jersey,2017,416,4,4,0,0,0,0,0,0,8,18,37,82,151,99,0,0,0,0,3,5,8,10,14,23,33,49,72,79,65,34,4,0,12
Jersey,2018,425,4,4,0,0,0,0,0,0,8,18,38,84,153,99,0,0,0,0,3,5,8,10,15,23,35,49,73,80,64,35,4,0,12
Jersey,2019,433,4,4,0,0,0,0,0,0,9,18,38,87,156,104,0,0,0,0,4,5,8,10,15,23,37,50,74,82,67,37,4,0,12
Jersey,2020,444,4,4,0,0,0,0,0,0,10,18,39,90,160,106,0,0,0,0,5,5,8,10,15,24,39,51,78,82,68,38,4,0,12
Jersey,2021,453,4,4,0,0,0,0,0,0,10,20,40,93,162,105,0,0,0,0,5,5,8,12,16,24,40,53,78,84,68,37,4,0,12
Jordan,1950,5260,1714,2598,884,192,140,151,299,244,222,298,433,492,166,23,152,147,128,116,114,108,128,170,205,228,273,219,109,57,19,4,2790,291,1
Jordan,1951,5363,1745,2641,896,193,140,155,307,252,226,300,439,510,176,21,157,150,134,118,115,111,128,172,210,229,276,234,120,56,19,2,2834,295,1
Jordan,1952,5491,1788,2700,912,197,141,163,315,261,229,296,452,526,188,22,161,154,140,121,115,114,128,168,218,234,277,249,134,54,19,3,2897,304,1
Jordan,1953,5611,1832,2759,927,201,139,167,321,269,231,294,462,538,203,24,166,155,145,124,115,116,130,164,223,239,275,263,149,54,21,3,2960,306,0
Jordan,1954,5723,1873,2816,943,205,138,171,326,276,236,292,473,549,221,23,170,156,149,127,116,120,132,160,228,245,275,274,164,57,20,3,3021,309,0
Jordan,1955,5837,1920,2877,957,207,137,172,331,283,238,293,479,558,242,23,173,158,152,131,117,121,134,159,230,249,276,282,179,63,20,3,3084,309,0
Jordan,1956,5944,1961,2929,968,209,135,172,337,287,241,293,488,568,262,23,179,158,154,133,119,122,136,157,230,258,280,288,193,69,20,3,3138,307,0
Jordan,1957,6049,1997,2976,979,212,134,169,345,292,242,296,494,579,287,24,184,161,155,137,120,122,139,157,228,266,287,292,208,79,20,4,3188,303,0
Jordan,1958,6146,2038,3014,976,215,133,166,353,295,245,303,498,587,311,24,188,165,155,140,123,122,143,160,223,275,293,294,223,88,20,4,3229,299,0
Jordan,1959,6233,2076,3044,968,217,132,165,362,301,250,307,500,597,334,25,192,170,156,145,127,123,146,161,218,282,302,295,235,99,21,4,3261,297,0
Jordan,1960,6298,2110,3068,958,217,131,161,364,305,251,313,500,607,351,27,192,172,156,149,128,123,149,164,212,288,309,298,244,107,24,3,3285,292,0
Jordan,1961,6324,2129,3075,946,217,130,155,361,303,254,315,494,620,366,32,188,173,154,149,131,123,148,167,208,286,318,302,249,117,27,5,3292,285,0
Jordan,1962,6324,2134,3068,934,217,129,151,356,302,259,316,486,631,377,32,182,174,154,148,133,126,148,168,205,281,324,307,252,125,29,3,3285,280,0
Jordan,1963,6292,2128,3046,918,215,126,147,347,297,261,314,476,644,383,37,174,173,152,145,135,126,144,170,204,272,333,311,250,133,33,4,3261,273,0
Jordan,1964,6255,2117,3016,899,213,124,145,339,293,263,313,468,652,388,41,167,172,152,141,137,126,143,170,205,263,337,315,249,139,37,4,3229,269,0
Jordan,1965,6288,2129,3017,888,214,124,144,331,293,269,317,465,669,398,43,162,169,152,141,139,130,144,173,208,257,344,325,253,145,39,4,3231,268,0
Jordan,1966,6505,2196,3125,929,229,131,148,331,299,281,326,476,694,413,49,161,170,157,142,144,137,147,179,216,260,352,342,263,150,45,4,3354,279,0
Jordan,1967,6531,2185,3076,891,226,130,150,329,309,289,333,488,714,431,57,161,168,162,147,146,143,152,181,223,265,355,359,274,157,50,7,3302,280,0
Jordan,1968,6709,2232,3128,896,230,134,150,332,320,301,346,509,742,453,61,163,169,169,151,150,151,159,187,234,275,359,383,290,163,54,7,3358,284,0
Jordan,1969,6848,2255,3147,892,235,137,155,335,328,312,357,530,767,478,67,167,168,172,156,152,160,166,191,245,285,361,406,308,170,59,8,3382,292,0
Jordan,1970,7259,2325,3296,971,275,153,168,348,351,336,385,568,806,507,72,176,172,183,168,162,174,182,203,263,305,373,433,329,178,63,9,3571,321,1
Jordan,1971,7048,2293,3166,873,244,143,163,332,341,332,380,561,791,519,76,169,163,175,166,159,173,181,199,258,303,362,429,337,182,65,11,3410,306,1
Jordan,1972,6983,2264,3092,828,235,142,162,328,335,329,387,568,787,539,79,169,159,169,166,158,171,186,201,259,309,361,426,352,187,67,12,3327,304,1
Jordan,1973,6918,2225,3017,792,230,140,161,323,330,332,397,571,780,555,80,167,156,163,167,160,172,192,205,255,316,363,417,363,192,68,12,3247,301,1
Jordan,1974,6838,2182,2939,757,223,139,160,319,324,331,404,576,772,571,81,166,153,157,167,160,171,197,207,256,320,364,408,374,197,68,13,3162,299,1
Jordan,1975,6770,2147,2872,725,215,138,160,317,314,330,411,576,767,581,83,166,151,150,164,160,170,199,212,253,323,369,398,379,202,69,14,3087,298,1
Jordan,1976,6661,2094,2779,685,207,134,158,312,305,332,418,576,766,589,83,163,149,144,161,161,171,202,216,252,324,373,393,380,209,69,14,2986,292,1
Jordan,1977,6560,2045,2690,645,198,130,157,309,296,333,423,577,769,591,88,162,147,141,155,162,171,201,222,254,323,379,390,376,215,73,15,2888,287,1
Jordan,1978,6468,1990,2601,611,192,127,156,306,287,337,428,579,778,590,88,162,144,137,150,165,172,201,227,257,322,386,392,367,223,73,15,2793,283,1
Jordan,1979,6405,1949,2530,581,185,123,155,306,281,339,434,582,788,589,92,162,144,136,145,165,174,200,234,262,320,392,396,360,229,76,16,2715,278,1
Jordan,1980,6380,1922,2475,553,181,119,155,307,275,343,442,591,803,591,95,162,145,134,141,165,178,202,240,269,322,399,404,355,236,79,16,2656,274,2
Jordan,1981,6342,1880,2406,526,175,117,152,307,271,347,451,601,820,594,96,162,145,134,137,164,183,206,245,277,324,406,414,355,239,80,16,2581,269,2
Jordan,1982,6319,1841,2338,497,170,114,152,308,267,348,458,623,839,599,101,162,146,133,134,161,187,208,250,290,333,411,428,361,238,85,16,2508,266,2
Jordan,1983,6332,1815,2287,472,166,110,149,308,268,353,469,645,861,607,107,162,146,133,135,160,193,215,254,302,343,417,444,370,237,91,16,2453,259,2
Jordan,1984,6372,1792,2244,452,163,109,149,313,272,357,478,674,883,619,110,165,148,136,136,158,199,220,258,317,357,423,460,382,237,94,16,2407,258,2
Jordan,1985,6432,1775,2208,433,159,108,146,318,273,361,494,702,909,636,116,167,151,137,136,157,204,230,264,330,372,431,478,396,240,98,18,2367,254,2
Jordan,1986,6531,1774,2194,420,158,107,145,323,279,363,511,734,939,657,118,169,154,140,139,156,207,239,272,343,391,446,493,413,244,100,18,2352,252,2
Jordan,1987,6611,1756,2165,409,155,107,145,327,284,363,530,764,966,681,121,170,157,142,142,156,207,249,281,352,412,461,505,431,250,102,19,2320,252,2
Jordan,1988,6661,1723,2114,391,151,104,143,328,287,363,548,793,993,713,122,169,159,145,142,157,206,257,291,360,433,477,516,452,261,103,19,2265,247,2
Jordan,1989,6756,1702,2080,378,150,104,142,330,294,367,568,824,1027,744,125,169,161,148,146,161,206,267,301,367,457,500,527,473,271,104,21,2230,246,2
Jordan,1990,6884,1679,2049,370,147,104,144,335,303,370,592,860,1072,780,128,169,166,152,151,164,206,276,316,379,481,527,545,496,284,106,22,2196,248,2
Jordan,1991,7031,1684,2042,358,146,102,143,345,318,378,612,890,1115,804,131,172,173,161,157,170,208,283,329,390,500,553,562,510,294,107,24,2188,245,2
Jordan,1992,7217,1702,2050,348,144,101,144,355,335,391,632,923,1171,834,135,176,179,169,166,178,213,286,346,405,518,587,584,526,308,111,24,2194,245,2
Jordan,1993,7437,1731,2074,343,141,99,144,369,355,408,653,955,1235,864,138,181,188,180,175,187,221,290,363,421,534,622,613,541,323,114,24,2215,243,2
Jordan,1994,7668,1756,2096,340,140,99,144,378,376,428,673,992,1302,892,142,184,194,190,186,196,232,293,380,441,551,658,644,557,335,118,24,2236,243,2
Jordan,1995,7884,1765,2105,340,138,99,145,384,395,447,693,1030,1371,926,149,185,199,199,196,206,241,298,395,462,568,692,679,576,350,125,24,2243,244,3
Jordan,1996,8022,1737,2076,339,138,98,143,386,410,465,702,1064,1430,958,153,185,201,205,205,216,249,301,401,481,583,718,712,596,362,129,24,2214,241,3
Jordan,1997,8086,1674,2009,335,136,97,141,381,417,476,703,1094,1477,990,162,182,199,207,210,221,255,302,401,498,596,734,743,618,372,136,26,2145,238,3
Jordan,1998,8133,1598,1926,328,134,96,139,374,423,487,705,1127,1528,1023,169,178,196,208,215,226,261,305,400,514,613,748,780,641,382,142,27,2060,235,3
Jordan,1999,8199,1537,1853,316,134,94,137,368,428,500,708,1160,1575,1063,177,175,193,208,220,233,267,311,397,528,632,760,815,667,396,149,28,1987,231,3
Jordan,2000,8275,1479,1782,303,135,94,135,360,431,514,713,1193,1624,1106,184,170,190,207,224,240,274,317,396,540,653,775,849,695,411,155,29,1917,229,3
Jordan,2001,8374,1440,1729,289,133,93,135,353,433,527,720,1223,1673,1159,192,167,186,205,228,246,281,325,395,545,678,794,879,730,429,162,30,1862,228,3
Jordan,2002,8513,1422,1699,277,133,92,133,346,435,545,732,1253,1723,1217,204,163,183,205,230,254,291,333,399,548,705,818,905,769,448,170,34,1832,225,3
Jordan,2003,8672,1416,1681,265,129,90,133,342,434,562,747,1280,1773,1283,212,163,179,201,233,261,301,342,405,547,733,846,927,813,470,177,35,1810,223,3
Jordan,2004,8844,1400,1659,259,125,91,132,338,435,582,766,1309,1829,1353,224,161,177,200,235,269,313,352,414,548,761,878,951,859,494,186,38,1784,223,3
Jordan,2005,9074,1395,1654,259,123,93,132,339,439,602,795,1336,1899,1428,233,163,176,201,238,277,325,366,429,550,786,918,981,904,524,194,39,1777,225,4
Jordan,2006,9289,1399,1651,252,117,93,131,337,436,624,822,1352,1975,1501,248,162,175,197,239,285,339,380,442,553,799,960,1015,946,555,206,42,1768,224,4
Jordan,2007,10248,1523,1793,270,123,99,142,365,468,689,910,1469,2208,1693,283,176,189,212,256,313,376,422,488,601,868,1077,1131,1057,636,235,48,1916,241,4
Jordan,2008,10410,1525,1793,268,119,97,140,362,463,703,933,1469,2277,1754,298,176,186,208,255,316,387,435,498,605,864,1113,1164,1082,672,247,51,1912,237,5
Jordan,2009,10581,1499,1766,267,118,94,140,360,457,713,959,1471,2359,1823,315,174,186,206,251,317,396,448,511,614,857,1151,1208,1111,712,262,53,1884,234,5
Jordan,2010,10686,1457,1722,265,115,91,139,358,448,720,981,1470,2419,1881,334,173,185,201,247,317,403,460,521,622,848,1172,1247,1136,745,277,57,1837,230,6
Jordan,2011,10878,1414,1677,263,114,89,140,358,447,729,1015,1490,2495,1962,360,173,185,201,246,317,412,475,540,639,851,1191,1304,1179,783,299,61,1791,229,6
Jordan,2012,11098,1370,1631,261,114,86,141,358,444,742,1051,1519,2571,2050,390,172,186,200,244,319,423,491,560,657,862,1204,1367,1230,820,323,67,1745,227,7
Jordan,2013,11083,1297,1547,250,112,82,137,351,433,733,1069,1521,2585,2098,412,168,183,196,237,311,422,500,569,662,859,1184,1401,1261,837,343,69,1659,219,7
Jordan,2014,11689,1383,1653,270,127,89,146,389,481,795,1145,1569,2649,2195,445,186,203,220,261,340,455,538,607,688,881,1188,1461,1323,872,369,76,1780,235,8
Jordan,2015,12325,1460,1748,288,141,98,153,425,535,862,1234,1629,2706,2307,478,205,220,246,289,369,493,582,652,723,906,1194,1512,1393,914,395,83,1889,251,9
Jordan,2016,13227,1479,1772,293,146,103,157,447,562,918,1349,1777,2896,2552,537,216,231,258,304,391,527,634,715,795,982,1268,1628,1545,1007,442,95,1918,260,10
Jordan,2017,13432,1446,1730,284,143,103,154,445,561,916,1382,1827,2911,2673,571,214,231,258,303,387,529,646,736,825,1002,1272,1639,1618,1055,467,104,1873,257,11
Jordan,2018,13648,1414,1692,278,141,105,151,440,556,913,1416,1883,2931,2803,604,211,229,254,302,384,529,658,758,857,1026,1290,1641,1694,1109,490,114,1833,256,12
Jordan,2019,13871,1374,1638,264,134,103,150,433,552,910,1447,1944,2960,2940,644,204,229,251,301,380,530,666,781,885,1059,1316,1644,1768,1172,520,124,1772,253,13
Jordan,2020,15496,1339,1596,257,130,103,141,413,551,962,1663,2412,3400,3381,730,191,222,246,305,397,565,746,917,1088,1324,1577,1823,2007,1374,587,143,1726,244,15
Jordan,2021,17762,1303,1554,251,125,104,157,452,613,1075,1945,2934,3974,3975,840,207,245,272,341,442,633,860,1085,1328,1606,1873,2101,2314,1661,678,162,1679,261,17
Kazakhstan,1950,41244,10586,12931,2345,349,484,433,1323,1412,2408,2888,5722,7770,4454,1031,765,558,502,910,1027,1381,1343,1545,2674,3048,3877,3893,2651,1803,809,222,13280,917,38
Kazakhstan,1951,42093,10890,13427,2537,354,476,459,1393,1388,2457,2965,5741,7890,4501,1006,758,635,506,882,1053,1404,1433,1532,2613,3128,3892,3998,2782,1719,790,216,13781,935,42
Kazakhstan,1952,43083,11031,13639,2608,398,447,534,1453,1368,2525,3143,5812,8068,4652,994,720,733,536,832,1113,1412,1566,1577,2519,3293,3932,4136,2987,1665,772,222,14037,981,47
Kazakhstan,1953,43946,11183,13829,2646,490,392,626,1483,1352,2574,3344,5825,8192,4820,971,659,824,586,766,1176,1398,1697,1647,2381,3444,3954,4238,3187,1633,751,220,14319,1018,48
Kazakhstan,1954,44496,11386,14049,2663,539,323,696,1494,1348,2582,3515,5750,8248,4968,935,610,884,644,704,1199,1383,1789,1726,2249,3501,3968,4280,3329,1639,724,211,14588,1019,46
Kazakhstan,1955,45280,11661,14340,2679,605,266,731,1518,1395,2586,3684,5691,8364,5146,912,603,915,715,680,1195,1391,1857,1827,2186,3505,4033,4331,3447,1699,707,205,14945,997,44
Kazakhstan,1956,46534,12147,14849,2702,647,240,727,1560,1493,2605,3870,5653,8576,5377,891,647,913,807,686,1170,1435,1905,1965,2192,3461,4180,4396,3573,1804,692,199,15496,967,43
Kazakhstan,1957,47487,12718,15466,2748,663,244,675,1586,1610,2579,3993,5507,8709,5543,866,730,856,900,710,1090,1489,1885,2108,2219,3288,4333,4376,3638,1905,673,193,16129,919,44
Kazakhstan,1958,48231,13166,15988,2822,673,272,585,1604,1739,2535,4088,5351,8813,5683,855,826,778,984,755,992,1543,1840,2248,2282,3069,4465,4348,3683,2000,664,191,16661,857,44
Kazakhstan,1959,48987,13358,16260,2902,671,323,487,1631,1872,2500,4202,5314,8961,5846,871,905,726,1050,822,921,1579,1826,2376,2400,2914,4564,4397,3749,2097,680,191,16931,810,44
Kazakhstan,1960,49647,13476,16436,2960,673,376,401,1657,1986,2460,4298,5375,9051,5980,907,939,718,1084,902,887,1573,1834,2464,2537,2838,4568,4483,3805,2175,714,193,17109,777,44
Kazakhstan,1961,51110,13372,16364,2992,690,422,368,1715,2119,2483,4558,5732,9427,6256,934,942,773,1097,1022,910,1573,1943,2615,2816,2916,4617,4810,3972,2284,756,178,17054,790,40
Kazakhstan,1962,52168,13012,15997,2985,722,449,377,1769,2215,2475,4784,6194,9694,6486,970,893,876,1057,1158,963,1512,2083,2701,3141,3053,4524,5170,4112,2374,802,168,16719,826,35
Kazakhstan,1963,51780,12548,15479,2931,737,453,417,1743,2203,2383,4816,6514,9537,6497,973,772,971,956,1247,1012,1371,2155,2661,3368,3146,4215,5322,4126,2371,817,156,16216,870,29
Kazakhstan,1964,51927,11938,14778,2840,770,458,497,1706,2222,2386,4906,6968,9526,6680,1000,648,1058,894,1328,1102,1284,2219,2687,3618,3350,4045,5481,4268,2412,844,156,15548,955,26
Kazakhstan,1965,51815,11338,14056,2718,781,462,575,1632,2236,2430,4939,7363,9435,6861,1021,544,1088,874,1362,1194,1236,2214,2725,3794,3569,3950,5485,4418,2443,862,159,14837,1037,23
Kazakhstan,1966,51532,10843,13421,2578,765,464,622,1549,2232,2520,4914,7681,9265,7037,1036,494,1055,902,1330,1298,1222,2136,2778,3876,3805,3921,5344,4571,2466,874,162,14186,1086,21
Kazakhstan,1967,52227,10407,12844,2437,774,482,654,1507,2279,2730,4981,8163,9288,7426,1077,512,995,1007,1272,1450,1280,2040,2941,3970,4193,4076,5212,4878,2548,905,172,13618,1136,19
Kazakhstan,1968,53124,9926,12233,2307,761,506,679,1481,2341,2996,5056,8686,9397,7851,1122,583,898,1147,1194,1610,1386,1922,3134,4049,4637,4346,5051,5192,2659,941,181,12994,1185,18
Kazakhstan,1969,53566,9547,11732,2185,734,524,690,1444,2368,3216,5033,9066,9503,8093,1145,680,764,1247,1121,1713,1503,1808,3225,4092,4974,4624,4879,5333,2760,959,186,12466,1214,18
Kazakhstan,1970,53939,9490,11560,2070,706,538,691,1411,2368,3366,4933,9325,9676,8177,1163,765,646,1277,1091,1750,1616,1734,3199,4126,5199,4910,4766,5314,2863,974,189,12266,1229,18
Kazakhstan,1971,54673,9562,11546,1984,671,551,701,1413,2379,3497,4820,9594,10052,8232,1199,822,591,1251,1128,1729,1768,1720,3100,4222,5372,5293,4759,5216,3016,1004,195,12217,1252,19
Kazakhstan,1972,54969,9595,11521,1926,627,546,704,1428,2369,3524,4621,9696,10563,8127,1226,837,591,1146,1223,1605,1919,1747,2874,4328,5368,5719,4844,4958,3169,1026,200,12148,1250,20
Kazakhstan,1973,55276,9496,11387,1891,586,536,715,1482,2347,3518,4448,9760,11221,7990,1264,839,643,1000,1347,1455,2063,1830,2618,4444,5316,6175,5046,4674,3316,1059,205,11973,1251,20
Kazakhstan,1974,55371,9374,11242,1868,561,518,728,1556,2265,3482,4337,9713,11826,7815,1312,829,727,831,1434,1334,2148,1941,2396,4453,5260,6524,5302,4435,3380,1102,210,11803,1246,21
Kazakhstan,1975,56075,9323,11176,1853,541,500,749,1646,2167,3486,4382,9716,12534,7770,1388,830,816,698,1469,1295,2191,2091,2291,4407,5309,6853,5681,4372,3398,1168,220,11717,1249,22
Kazakhstan,1976,59406,9270,11095,1825,542,507,809,1811,2188,3689,4806,10246,13959,8182,1546,885,926,672,1516,1413,2276,2409,2397,4503,5743,7475,6484,4661,3521,1305,241,11637,1316,24
Kazakhstan,1977,59657,9246,11047,1801,536,483,806,1829,2060,3648,5042,10064,14445,8064,1607,891,938,669,1391,1531,2117,2613,2429,4173,5891,7468,6977,4734,3330,1361,246,11583,1289,25
Kazakhstan,1978,60483,9164,10934,1770,528,465,805,1863,1970,3664,5401,9958,15057,8131,1685,915,948,741,1229,1720,1944,2834,2567,3837,6121,7476,7581,4963,3168,1429,256,11462,1270,25
Kazakhstan,1979,61141,9153,10888,1735,554,444,787,1881,1877,3655,5718,9741,15549,8296,1721,939,942,847,1030,1853,1802,2976,2742,3545,6196,7479,8070,5253,3043,1454,267,11442,1231,26
Kazakhstan,1980,61613,9001,10690,1689,513,427,762,1902,1817,3650,5973,9503,15998,8628,1722,964,938,951,866,1901,1749,3027,2946,3382,6121,7545,8453,5614,3014,1444,278,11203,1189,27
Kazakhstan,1981,61811,9070,10711,1641,507,410,725,1897,1785,3617,6091,9137,16194,9022,1683,969,928,1008,777,1833,1784,2931,3160,3300,5837,7612,8582,5994,3028,1391,292,11218,1135,28
Kazakhstan,1982,62585,9084,10678,1594,494,404,698,1911,1814,3660,6197,8830,16537,9683,1652,973,938,1032,782,1702,1958,2747,3450,3373,5457,7886,8651,6542,3141,1340,312,11172,1102,29
Kazakhstan,1983,64727,9005,10562,1557,493,412,685,1980,1950,3789,6414,8784,17275,10701,1653,992,988,1067,883,1542,2247,2582,3832,3646,5138,8397,8878,7304,3397,1318,335,11055,1097,30
Kazakhstan,1984,67781,8919,10444,1525,491,429,688,2075,2172,3899,6720,9052,18199,11891,1688,1015,1060,1113,1059,1356,2543,2506,4214,4083,4969,8903,9296,8119,3772,1336,352,10935,1117,33
Kazakhstan,1985,68570,8789,10279,1490,478,431,667,2084,2320,3784,6772,9182,18293,12566,1680,989,1095,1116,1204,1150,2634,2450,4322,4414,4768,8857,9436,8512,4054,1336,344,10757,1098,34
Kazakhstan,1986,69374,8617,10072,1455,486,428,654,2083,2426,3639,6814,9561,18303,13173,1700,960,1123,1124,1302,1049,2590,2548,4266,4824,4737,8597,9706,8772,4401,1368,332,10558,1082,35
Kazakhstan,1987,68796,8469,9892,1423,483,419,629,2018,2471,3402,6577,9932,17806,13434,1697,902,1116,1146,1325,1050,2352,2703,3874,5170,4762,7823,9983,8735,4699,1387,310,10375,1048,36
Kazakhstan,1988,68695,8260,9666,1406,459,415,623,1952,2538,3220,6413,10431,17344,13848,1743,850,1102,1180,1358,1142,2078,2899,3514,5465,4966,7145,10199,8784,5064,1449,294,10125,1038,38
Kazakhstan,1989,71096,7978,9377,1399,464,429,653,1959,2718,3224,6560,11333,17523,14908,1910,840,1119,1267,1451,1341,1883,3164,3396,5820,5513,6967,10556,9316,5592,1610,300,9841,1082,40
Kazakhstan,1990,73018,7540,8905,1365,463,430,676,1934,2817,3218,6819,12218,17521,15871,2106,830,1104,1318,1499,1537,1681,3419,3400,6044,6174,6902,10619,9842,6029,1792,314,9368,1106,40
Kazakhstan,1991,75186,7226,8553,1327,472,437,698,1932,2926,3295,7129,13026,17472,16865,2340,840,1092,1374,1552,1733,1562,3543,3586,6093,6933,7002,10470,10445,6420,2008,332,9025,1135,39
Kazakhstan,1992,77179,6957,8251,1294,493,440,714,1933,3023,3463,7417,13682,17444,17686,2592,859,1074,1417,1606,1889,1574,3466,3951,5967,7715,7309,10135,10978,6708,2243,349,8744,1154,37
Kazakhstan,1993,73654,6676,7937,1261,471,407,666,1792,2865,3434,7065,13035,16213,17069,2664,820,972,1330,1535,1841,1593,2969,4096,5276,7759,7225,8988,10561,6508,2315,349,8408,1073,34
Kazakhstan,1994,74188,6335,7546,1211,457,400,656,1772,2872,3665,7086,13065,16294,17460,2886,835,937,1308,1564,1869,1796,2605,4481,4971,8094,7773,8521,10662,6798,2509,377,8003,1056,34
Kazakhstan,1995,73894,5939,7083,1144,447,393,635,1743,2829,3860,6938,12841,16460,17564,3064,839,904,1254,1575,1862,1998,2226,4712,4757,8084,8360,8100,10469,7095,2652,412,7530,1028,34
Kazakhstan,1996,73136,5323,6366,1043,383,379,616,1707,2767,4026,6689,12653,16977,17341,3197,830,877,1191,1576,1849,2177,1963,4726,4827,7826,9077,7900,9976,7365,2748,449,6749,995,35
Kazakhstan,1997,72782,4787,5701,914,381,371,597,1695,2701,4157,6408,12558,17944,16930,3306,815,880,1130,1571,1847,2310,1915,4493,5185,7373,9845,8099,9337,7593,2812,494,6082,968,36
Kazakhstan,1998,71972,4381,5165,784,342,361,575,1667,2602,4186,6074,12416,18830,16319,3397,785,882,1070,1532,1842,2344,2050,4024,5662,6754,10330,8500,8659,7660,2865,532,5507,936,37
Kazakhstan,1999,71144,4005,4679,674,309,345,550,1634,2502,4173,5782,12314,19578,15734,3502,754,880,1029,1473,1843,2330,2324,3458,6155,6159,10500,9078,8155,7579,2940,562,4988,895,39
Kazakhstan,2000,71028,3739,4334,595,285,335,540,1584,2415,4218,5595,12576,20443,15079,3588,724,860,997,1418,1874,2344,2635,2960,6588,5988,10606,9837,7803,7276,3010,578,4619,875,42
Kazakhstan,2001,71021,3475,4009,534,263,323,537,1558,2355,4261,5528,12925,21091,14462,3665,713,845,986,1369,1904,2357,2893,2635,6692,6233,10405,10686,7657,6805,3080,585,4272,860,45
Kazakhstan,2002,75768,3326,3813,487,261,328,572,1641,2468,4605,6033,14162,22920,14971,3940,749,892,1055,1413,2055,2550,3271,2762,6862,7300,10611,12309,8296,6675,3320,620,4074,900,51
Kazakhstan,2003,74629,3307,3755,448,236,305,560,1594,2383,4565,6253,14107,22484,14519,3818,728,866,1040,1343,2013,2552,3304,2949,6101,8006,9701,12783,8515,6004,3213,605,3991,865,52
Kazakhstan,2004,74242,3310,3732,422,214,290,549,1561,2330,4542,6665,14029,22007,14581,3689,715,846,1033,1297,1960,2582,3313,3352,5238,8791,8941,13066,9026,5555,3086,603,3946,839,53
Kazakhstan,2005,73688,3292,3694,402,204,270,528,1522,2276,4479,7062,13705,21528,14881,3491,701,821,1016,1260,1878,2601,3298,3764,4428,9277,8580,12948,9636,5245,2885,606,3898,798,53
Kazakhstan,2006,73067,3311,3698,387,172,251,499,1489,2224,4389,7328,13147,21223,15345,3248,690,799,992,1232,1786,2603,3262,4066,3884,9263,8791,12432,10262,5083,2635,613,3870,750,53
Kazakhstan,2007,76915,3289,3663,374,166,249,497,1554,2326,4563,7960,13294,22453,16959,3177,724,830,1031,1295,1809,2754,3456,4504,3995,9299,10084,12369,11535,5424,2530,647,3829,746,55
Kazakhstan,2008,74667,3226,3585,359,153,220,452,1487,2230,4327,7838,12287,21916,17236,2878,695,792,981,1249,1684,2643,3386,4452,4180,8107,10835,11081,11724,5512,2253,625,3738,672,55
Kazakhstan,2009,75372,3025,3367,342,143,204,431,1472,2227,4251,7992,11875,22445,18137,2766,686,786,970,1257,1647,2604,3469,4523,4812,7063,12047,10398,12147,5990,2152,614,3510,635,57
Kazakhstan,2010,73556,2782,3110,328,145,182,397,1404,2139,4020,7848,11169,22347,18136,2605,646,758,924,1215,1571,2449,3428,4420,5297,5872,12473,9874,11812,6324,2036,569,3255,579,58
Kazakhstan,2011,72517,2535,2832,297,120,164,368,1347,2073,3843,7763,10819,22565,18033,2532,607,740,895,1178,1526,2317,3413,4350,5691,5128,12400,10165,11292,6741,2006,526,2952,532,60
Kazakhstan,2012,71139,2315,2582,267,126,149,337,1275,1994,3656,7617,10737,22477,17589,2539,558,717,861,1133,1482,2174,3344,4273,5845,4892,11568,10909,10483,7106,2052,487,2708,486,62
Kazakhstan,2013,71051,2097,2338,241,117,136,309,1229,1948,3550,7606,11212,22528,17311,2699,523,706,840,1108,1472,2078,3299,4307,5947,5265,10403,12125,9773,7538,2230,469,2455,445,65
Kazakhstan,2014,70156,1942,2160,218,116,128,275,1165,1879,3417,7462,11796,22012,16773,2905,485,680,812,1067,1438,1979,3167,4295,5888,5908,8857,13155,9064,7709,2445,460,2276,403,66
Kazakhstan,2015,69695,1776,1978,202,113,122,248,1099,1822,3323,7331,12464,21359,16609,3164,452,647,793,1029,1411,1912,3021,4310,5849,6615,7508,13851,8902,7707,2697,467,2091,370,66
Kazakhstan,2016,74743,1662,1853,191,109,125,243,1112,1921,3505,7777,14025,22157,18162,3678,454,658,839,1082,1487,2018,3107,4670,6274,7751,7172,14985,10113,8049,3161,517,1962,368,69
Kazakhstan,2017,71565,1554,1740,186,106,118,215,994,1805,3306,7312,13800,20332,17982,3797,403,591,793,1012,1394,1912,2844,4468,6018,7782,6709,13623,10675,7307,3265,532,1846,333,64
Kazakhstan,2018,73709,1546,1728,182,98,121,205,946,1820,3354,7343,14422,20078,19332,4195,378,568,802,1018,1402,1952,2801,4542,6251,8171,7465,12613,12263,7069,3584,611,1826,326,66
Kazakhstan,2019,73700,1540,1719,179,100,118,191,870,1773,3297,7113,14522,19374,20153,4402,340,530,780,993,1364,1933,2699,4414,6317,8205,8496,10878,13446,6707,3713,689,1819,309,67
Kazakhstan,2020,82851,1600,1779,179,85,109,174,768,1818,3839,8323,17880,22348,21331,4334,293,475,769,1049,1498,2341,3298,5025,8103,9777,13068,9280,14791,6540,3591,743,1864,283,68
Kazakhstan,2021,95008,1547,1726,179,86,127,209,772,1861,4086,8673,21462,26239,24865,4829,289,483,737,1124,1601,2485,3458,5215,9542,11920,17318,8921,16632,8233,3937,892,1812,336,76
Kenya,1950,74915,22623,41609,18986,4292,2319,2068,3702,2688,1894,1937,3633,5830,4126,792,1962,1740,1464,1224,1001,893,934,1003,1497,2136,2815,3015,2547,1579,637,155,45901,4387,22
Kenya,1951,75291,22765,41995,19230,4342,2326,2130,3864,2806,1955,1967,3529,5630,3964,754,2065,1799,1532,1274,1050,905,973,994,1456,2073,2723,2907,2451,1513,607,147,46337,4456,21
Kenya,1952,75806,23586,42604,19018,4370,2303,2171,4016,2914,2027,2001,3409,5432,3817,721,2160,1856,1591,1323,1104,923,1003,998,1409,2000,2626,2806,2364,1453,581,140,46974,4474,20
Kenya,1953,73926,23536,41580,18044,4190,2166,2112,4027,2939,2056,2001,3242,5211,3683,691,2166,1861,1601,1338,1130,926,1000,1001,1340,1902,2512,2699,2283,1400,559,132,45770,4278,19
Kenya,1954,72281,23469,40754,17285,4052,2038,2038,4028,2948,2077,2002,3088,5007,3563,669,2156,1872,1598,1350,1143,934,986,1016,1276,1812,2405,2602,2210,1353,540,129,44806,4076,18
Kenya,1955,70934,23387,40200,16813,3879,1934,1960,4024,2955,2101,2004,2948,4818,3452,644,2135,1889,1591,1364,1153,948,973,1031,1222,1726,2305,2513,2140,1312,521,123,44079,3894,17
Kenya,1956,70050,23362,39834,16472,3691,1851,1893,4064,3010,2163,2034,2860,4659,3353,623,2129,1935,1609,1401,1182,981,975,1059,1196,1664,2226,2433,2079,1274,503,120,43525,3744,16
Kenya,1957,69032,23341,39459,16118,3556,1781,1808,4034,3014,2186,2035,2780,4503,3257,606,2086,1948,1605,1409,1187,999,965,1070,1182,1598,2145,2358,2019,1238,491,115,43015,3589,16
Kenya,1958,68119,23251,39075,15824,3464,1732,1728,3987,3020,2220,2036,2723,4356,3173,589,2036,1951,1606,1414,1197,1023,968,1068,1189,1534,2069,2287,1965,1208,477,112,42539,3460,15
Kenya,1959,67529,23055,38619,15564,3403,1714,1672,3985,3098,2303,2079,2727,4237,3096,576,2003,1982,1652,1446,1239,1064,999,1080,1232,1495,2011,2226,1916,1180,467,109,42022,3386,15
Kenya,1960,66815,22910,38190,15280,3381,1681,1618,3931,3137,2348,2101,2714,4111,3025,564,1949,1982,1683,1454,1263,1085,1025,1076,1262,1452,1946,2165,1870,1155,457,107,41571,3299,14
Kenya,1961,66487,23009,38028,15019,3400,1643,1581,3877,3189,2400,2130,2721,3993,2956,554,1898,1979,1723,1466,1292,1108,1056,1074,1296,1425,1886,2107,1826,1130,448,106,41428,3224,14
Kenya,1962,66643,23218,38053,14835,3430,1630,1568,3863,3294,2491,2199,2768,3897,2892,545,1864,1999,1786,1508,1340,1151,1109,1090,1334,1434,1841,2056,1786,1106,441,104,41483,3198,14
Kenya,1963,67004,23441,38217,14776,3473,1630,1575,3837,3401,2578,2279,2830,3801,2834,533,1831,2006,1846,1555,1385,1193,1161,1118,1360,1470,1794,2007,1748,1086,433,100,41690,3205,14
Kenya,1964,67617,23714,38539,14825,3526,1643,1603,3815,3516,2672,2370,2902,3717,2780,523,1807,2008,1900,1616,1429,1243,1212,1158,1376,1526,1755,1962,1712,1068,425,98,42065,3246,13
Kenya,1965,68635,24182,39144,14962,3591,1685,1628,3809,3651,2771,2469,2982,3644,2729,516,1800,2009,1956,1695,1474,1297,1260,1209,1394,1588,1726,1918,1679,1050,419,97,42735,3313,13
Kenya,1966,69804,24644,39807,15163,3665,1752,1648,3816,3789,2884,2579,3065,3590,2681,511,1805,2011,2008,1781,1525,1359,1314,1265,1414,1651,1714,1876,1647,1034,415,96,43472,3400,13
Kenya,1967,70886,25004,40334,15330,3735,1818,1677,3833,3930,3000,2700,3142,3563,2639,503,1825,2008,2060,1870,1580,1420,1367,1333,1438,1704,1727,1836,1617,1022,409,94,44069,3495,13
Kenya,1968,71817,25345,40826,15481,3810,1882,1706,3828,3997,3089,2802,3198,3570,2595,501,1849,1979,2069,1928,1626,1463,1412,1390,1467,1731,1773,1797,1588,1007,407,94,44636,3588,13
Kenya,1969,72866,25689,41273,15584,3881,1942,1740,3864,4082,3212,2924,3274,3608,2554,497,1896,1968,2084,1998,1699,1513,1472,1452,1522,1752,1846,1762,1561,993,403,94,45154,3682,13
Kenya,1970,73641,25963,41605,15642,3946,1991,1787,3856,4101,3312,3023,3344,3651,2518,495,1914,1942,2067,2034,1764,1548,1524,1499,1577,1767,1914,1737,1535,983,401,94,45551,3778,13
Kenya,1971,73284,26233,41892,15659,3993,2010,1806,3668,3868,3226,2984,3306,3614,2425,478,1842,1826,1923,1945,1727,1499,1502,1482,1581,1725,1929,1685,1474,951,389,89,45885,3816,11
Kenya,1972,72676,26309,41887,15578,4010,2021,1817,3487,3626,3148,2954,3296,3610,2351,460,1771,1716,1779,1847,1691,1457,1484,1470,1599,1697,1939,1671,1426,925,379,81,45897,3838,9
Kenya,1973,72919,26272,41726,15454,4018,2047,1872,3488,3578,3239,3046,3405,3709,2328,454,1777,1711,1733,1845,1741,1498,1528,1518,1669,1736,1978,1731,1408,920,376,78,45744,3919,6
Kenya,1974,74662,26223,41474,15251,3965,2074,1977,3808,3945,3679,3368,3675,3905,2335,450,1908,1900,1892,2053,1978,1701,1695,1673,1815,1860,2058,1847,1414,921,376,74,45439,4051,5
Kenya,1975,76416,26187,41140,14953,4008,2159,2112,4023,4094,4025,3702,4037,4220,2427,464,2034,1989,1950,2144,2139,1886,1852,1850,1993,2044,2193,2027,1472,955,389,75,45148,4271,4
Kenya,1976,76955,26153,40792,14639,3970,2181,2171,4127,4110,4227,3890,4248,4358,2424,450,2123,2004,1954,2156,2220,2007,1936,1954,2091,2157,2237,2121,1480,944,383,67,44762,4352,3
Kenya,1977,76115,26062,40395,14333,3912,2166,2163,4038,3869,4163,3893,4323,4375,2389,430,2119,1919,1847,2022,2154,2009,1924,1969,2112,2211,2226,2149,1476,913,367,63,44307,4329,2
Kenya,1978,75971,25992,39968,13976,3837,2152,2183,4076,3784,4208,4000,4476,4452,2421,415,2167,1909,1828,1956,2142,2066,1976,2024,2174,2302,2270,2182,1528,893,357,58,43805,4335,2
Kenya,1979,75878,25946,39654,13708,3773,2139,2194,4087,3690,4204,4101,4622,4541,2468,401,2197,1890,1811,1879,2103,2101,2032,2069,2240,2382,2338,2203,1593,875,348,53,43427,4333,1
Kenya,1980,75729,25914,39422,13508,3719,2121,2203,4103,3568,4147,4178,4740,4622,2510,390,2214,1889,1770,1798,2039,2108,2083,2095,2300,2440,2412,2210,1650,860,339,51,43141,4324,2
Kenya,1981,68922,26027,39349,13322,3599,1936,1863,3125,2403,2895,3217,3946,4010,2239,338,1734,1391,1204,1199,1386,1509,1587,1630,1889,2057,2106,1904,1483,756,294,44,42948,3799,1
Kenya,1982,71680,26124,39303,13179,3581,1974,1988,3516,2703,3248,3678,4423,4436,2470,360,1917,1599,1359,1344,1533,1715,1835,1843,2130,2293,2366,2070,1640,830,313,47,42884,3962,1
Kenya,1983,73863,26160,39251,13091,3575,2004,2082,3841,2939,3472,4053,4804,4804,2661,373,2064,1777,1480,1459,1618,1854,2033,2020,2319,2485,2585,2219,1751,910,325,48,42826,4086,1
Kenya,1984,76736,26451,39527,13076,3610,2056,2207,4244,3251,3725,4473,5204,5200,2852,385,2251,1993,1635,1616,1722,2003,2243,2230,2509,2695,2803,2397,1852,1000,335,50,43137,4263,1
Kenya,1985,79395,26849,40007,13158,3656,2100,2308,4613,3557,3946,4908,5605,5435,2882,379,2421,2192,1807,1750,1818,2128,2446,2462,2706,2899,2943,2492,1851,1031,330,49,43663,4408,1
Kenya,1986,83640,27433,40840,13407,3763,2194,2488,5224,4090,4327,5489,6108,5759,2970,386,2706,2518,2124,1966,2004,2323,2719,2770,2954,3154,3126,2633,1886,1084,337,49,44603,4682,1
Kenya,1987,87003,28179,41989,13810,3896,2271,2601,5585,4408,4460,5827,6455,6046,3064,402,2871,2714,2328,2080,2082,2378,2854,2973,3117,3338,3269,2777,1931,1133,352,50,45885,4872,1
Kenya,1988,91463,28991,43437,14446,4100,2399,2764,6071,4852,4700,6249,6908,6380,3169,430,3096,2975,2599,2253,2230,2470,3022,3227,3349,3559,3446,2934,1999,1170,379,51,47537,5163,1
Kenya,1989,96680,29956,45180,15224,4340,2553,2961,6695,5422,5018,6661,7378,6708,3299,463,3381,3314,2940,2482,2437,2581,3184,3477,3611,3767,3630,3078,2094,1205,411,52,49520,5514,1
Kenya,1990,101184,31006,47096,16090,4621,2711,3117,7125,5828,5142,6855,7744,6998,3443,498,3577,3548,3170,2658,2537,2605,3230,3625,3828,3916,3797,3201,2205,1238,443,55,51717,5828,1
Kenya,1991,106837,32042,49040,16998,4939,2908,3334,7779,6510,5420,7183,8254,7336,3595,533,3870,3909,3523,2987,2702,2718,3341,3842,4131,4123,4001,3335,2322,1273,473,60,53979,6242,1
Kenya,1992,112862,33111,50987,17876,5276,3126,3571,8481,7276,5779,7514,8818,7692,3773,567,4185,4296,3915,3361,2912,2867,3452,4062,4460,4358,4216,3476,2454,1319,500,67,56263,6697,1
Kenya,1993,119742,34121,52676,18555,5563,3344,3856,9405,8337,6378,7982,9547,8086,3971,600,4591,4814,4454,3883,3241,3137,3637,4345,4867,4680,4452,3634,2590,1381,524,76,58239,7200,2
Kenya,1994,125170,35009,54025,19016,5772,3522,4084,10082,9176,6860,8249,10168,8431,4170,626,4885,5197,4873,4303,3497,3363,3735,4514,5183,4985,4641,3790,2710,1460,542,84,59797,7606,1
Kenya,1995,132524,35820,55066,19246,5867,3673,4362,11165,10618,7806,8894,11156,8887,4371,652,5332,5833,5604,5014,4041,3765,4033,4861,5676,5480,4906,3981,2824,1547,560,92,60933,8035,2
Kenya,1996,138544,36378,55690,19312,5924,3835,4658,12137,11898,8641,9301,11921,9278,4580,679,5748,6389,6252,5646,4587,4054,4243,5058,6025,5896,5117,4161,2937,1643,580,99,61614,8493,2
Kenya,1997,144377,36708,56019,19311,5903,3950,4914,13084,13249,9610,9752,12698,9683,4802,709,6137,6947,6919,6330,5203,4407,4503,5249,6369,6329,5346,4337,3054,1748,605,104,61922,8864,3
Kenya,1998,150724,37050,56222,19172,5834,4043,5180,14168,14817,10785,10309,13461,10116,5039,748,6584,7584,7688,7129,5933,4852,4859,5450,6694,6767,5612,4504,3179,1860,641,107,62056,9223,3
Kenya,1999,155063,36878,55537,18659,5601,4007,5335,15004,16197,11882,10825,14061,10537,5268,806,6917,8087,8339,7858,6615,5267,5228,5597,6920,7141,5896,4641,3306,1962,689,117,61138,9342,3
Kenya,2000,160869,36677,54981,18304,5286,3832,5335,16044,18244,13519,11531,14684,10997,5524,888,7252,8792,9295,8949,7560,5959,5685,5846,7173,7511,6225,4772,3454,2070,753,135,60267,9167,4
Kenya,2001,164900,36359,54047,17688,5088,3749,5448,16874,19661,14862,11937,15024,11445,5786,978,7581,9293,9939,9722,8269,6593,5949,5988,7256,7768,6540,4905,3606,2180,822,156,59135,9197,5
Kenya,2002,166359,35798,52879,17081,4937,3675,5551,17478,20475,15697,11976,14798,11732,6059,1087,7852,9626,10314,10161,8689,7008,6037,5939,7047,7751,6715,5017,3759,2300,901,186,57816,9226,11
Kenya,2003,165789,34827,51144,16317,4740,3517,5487,17477,20670,16320,12165,14667,12085,6316,1185,7846,9631,10352,10318,8951,7369,6162,6003,6902,7765,6920,5165,3894,2422,977,208,55884,9004,15
Kenya,2004,164088,33952,49553,15601,4568,3336,5307,17037,20308,16657,12384,14551,12499,6576,1293,7649,9388,10100,10208,9039,7618,6264,6120,6787,7764,7128,5371,4020,2556,1055,238,54121,8643,21
Kenya,2005,160256,32940,47598,14658,4381,3177,5131,16519,19609,16549,12281,14019,12742,6836,1391,7435,9084,9720,9889,8916,7633,6283,5998,6497,7522,7172,5570,4142,2694,1125,266,51979,8308,27
Kenya,2006,156400,32094,45993,13899,4222,3021,4877,15742,18656,16317,12274,13637,13035,7099,1490,7100,8642,9209,9447,8713,7604,6402,5872,6311,7326,7239,5796,4266,2833,1195,295,50215,7898,34
Kenya,2007,155807,31246,44405,13159,4074,2910,4722,15614,18662,16759,12730,13536,13378,7373,1599,7004,8610,9178,9484,8882,7877,6758,5972,6311,7225,7342,6036,4402,2971,1271,328,48479,7632,41
Kenya,2008,151689,29876,42185,12309,3870,2763,4442,14847,17847,16552,12895,13297,13579,7658,1707,6653,8194,8748,9099,8681,7871,6922,5973,6281,7016,7338,6241,4558,3100,1351,356,46055,7205,47
Kenya,2009,147380,28425,39910,11485,3644,2595,4093,13750,16771,16280,13218,13406,13844,7977,1836,6150,7600,8178,8593,8414,7866,7133,6085,6451,6955,7389,6455,4755,3222,1443,393,43554,6688,55
Kenya,2010,149744,27327,38423,11096,3588,2613,4147,14378,17751,17213,13947,13385,13949,8329,1952,6354,8024,8683,9068,8869,8344,7568,6379,6533,6852,7331,6618,4988,3341,1531,421,42011,6760,63
Kenya,2011,149337,26276,36925,10649,3520,2568,4003,13838,17256,17178,14511,13614,14298,9010,2458,6085,7753,8432,8824,8753,8425,7789,6722,6666,6948,7411,6887,5371,3639,1816,642,40445,6571,160
Kenya,2012,153803,25426,35733,10307,3498,2562,3972,13900,17738,18015,15746,14468,14881,9855,3125,6034,7866,8654,9084,9105,8910,8364,7382,7123,7345,7650,7231,5818,4037,2188,937,39231,6534,307
Kenya,2013,157849,24445,34228,9783,3445,2555,3983,14050,18331,18842,16915,15309,15338,10679,3720,6018,8032,8932,9399,9466,9376,8905,8010,7546,7763,7827,7511,6243,4436,2528,1192,37673,6538,453
Kenya,2014,156882,23605,32918,9313,3409,2559,3969,13632,17794,18360,16975,15442,15453,11505,4267,5832,7800,8683,9111,9178,9182,8850,8125,7548,7894,7788,7665,6645,4860,2844,1423,36327,6528,594
Kenya,2015,161183,23089,32198,9109,3399,2589,4033,13820,18387,18978,17913,16231,15824,12321,4769,5868,7952,8966,9421,9459,9519,9287,8626,7994,8237,7963,7861,7024,5297,3139,1630,35597,6622,723
Kenya,2016,166282,22437,31354,8917,3352,2618,4129,14179,19271,19836,19013,17150,16224,13096,5220,5988,8191,9382,9889,9872,9964,9816,9197,8607,8543,8190,8034,7371,5725,3412,1808,34706,6747,836
Kenya,2017,165144,21924,30739,8815,3293,2600,4049,13364,18338,19133,19018,17680,16516,13823,5649,5705,7659,8899,9439,9460,9673,9726,9292,8967,8713,8366,8150,7688,6135,3677,1972,34032,6649,936
Kenya,2018,168919,21236,29935,8699,3207,2614,4109,13486,18864,19695,19836,18624,16976,14482,6060,5782,7704,9126,9738,9732,9963,10091,9745,9555,9069,8701,8275,7956,6526,3942,2118,33142,6723,1025
Kenya,2019,173277,20520,29105,8585,3136,2639,4193,13721,19474,20380,20782,19633,17553,15082,6470,5922,7799,9382,10092,10078,10302,10514,10268,10169,9464,9129,8424,8189,6893,4217,2253,32241,6832,1102
Kenya,2020,180008,20092,28602,8510,3075,2675,4361,14498,20976,21812,22120,20945,18023,15337,6501,6261,8237,10052,10924,10840,10972,11170,10950,10859,10086,9502,8521,8269,7068,4311,2190,31677,7036,1084
Kenya,2021,195327,19775,28179,8404,3021,2663,4430,14721,21703,23490,24937,24784,20892,18098,7290,6392,8329,10235,11468,11569,11921,12431,12506,12810,11974,11079,9813,9599,8499,4957,2333,31200,7093,1117
Kiribati,1950,437,107,160,53,13,7,10,20,20,20,23,45,66,44,6,10,10,10,10,10,10,10,13,19,26,32,34,28,16,6,0,173,17,0
Kiribati,1951,439,109,165,56,13,8,10,20,20,20,25,43,65,44,6,10,10,10,10,10,10,12,13,19,24,31,34,28,16,6,0,178,18,0
Kiribati,1952,442,111,169,58,13,10,10,20,20,20,27,42,63,43,6,10,10,10,10,10,10,14,13,18,24,30,33,27,16,6,0,182,20,0
Kiribati,1953,444,113,172,59,13,10,10,20,20,20,29,41,59,40,6,10,10,10,10,10,10,14,15,18,23,29,30,26,14,6,0,185,20,0
Kiribati,1954,446,115,174,59,13,10,10,20,20,20,29,41,59,40,6,10,10,10,10,10,10,14,15,18,23,29,30,26,14,6,0,187,20,0
Kiribati,1955,447,116,176,60,13,10,10,20,20,20,29,39,59,39,6,10,10,10,10,10,10,14,15,17,22,29,30,25,14,6,0,189,20,0
Kiribati,1956,447,117,179,62,15,10,10,20,20,20,29,39,58,39,6,10,10,10,10,10,10,14,15,17,22,28,30,25,14,6,0,194,20,0
Kiribati,1957,447,118,180,62,15,10,10,20,20,20,29,37,58,39,6,10,10,10,10,10,10,14,15,16,21,28,30,25,14,6,0,195,20,0
Kiribati,1958,447,119,181,62,15,10,10,20,20,20,29,37,57,37,6,10,10,10,10,10,10,14,15,16,21,27,30,23,14,6,0,196,20,0
Kiribati,1959,447,121,183,62,15,10,10,20,20,20,29,37,55,37,5,10,10,10,10,10,10,14,15,17,20,26,29,23,14,5,0,198,20,0
Kiribati,1960,445,121,183,62,15,10,10,20,20,20,29,40,53,36,4,10,10,10,10,10,10,14,15,20,20,25,28,23,13,4,0,198,20,0
Kiribati,1961,444,122,184,62,15,10,10,20,20,20,29,40,49,36,4,10,10,10,10,10,10,14,15,20,20,24,25,23,13,4,0,199,20,0
Kiribati,1962,440,121,183,62,15,10,10,20,20,20,29,39,49,35,4,10,10,10,10,10,10,14,15,19,20,24,25,22,13,4,0,198,20,0
Kiribati,1963,435,119,179,60,14,10,10,20,20,20,29,39,48,34,4,10,10,10,10,10,10,14,15,19,20,23,25,22,12,4,0,193,20,0
Kiribati,1964,429,117,176,59,14,10,10,20,20,20,29,39,48,34,4,10,10,10,10,10,10,14,15,19,20,23,25,22,12,4,0,190,20,0
Kiribati,1965,423,116,172,56,13,10,10,20,20,20,28,39,47,33,4,10,10,10,10,10,10,13,15,19,20,22,25,21,12,4,0,185,20,0
Kiribati,1966,417,114,169,55,13,10,10,20,20,20,28,39,46,33,4,10,10,10,10,10,10,13,15,19,20,21,25,21,12,4,0,182,20,0
Kiribati,1967,410,109,161,52,13,10,10,20,20,20,28,38,47,35,5,10,10,10,10,10,10,13,15,18,20,22,25,22,13,5,0,174,20,0
Kiribati,1968,402,103,154,51,13,10,10,20,20,20,28,37,48,37,6,10,10,10,10,10,10,13,15,17,20,23,25,23,14,6,0,167,20,0
Kiribati,1969,394,96,144,48,13,10,10,20,20,20,28,36,49,40,7,10,10,10,10,10,10,13,15,16,20,24,25,24,16,7,0,157,20,0
Kiribati,1970,385,93,138,45,13,10,10,20,20,20,27,37,50,38,8,10,10,10,10,10,10,12,15,16,21,25,25,24,14,7,1,151,20,0
Kiribati,1971,377,89,132,43,13,10,10,20,20,20,27,36,46,39,7,10,10,10,10,10,10,12,15,15,21,24,22,24,15,6,1,145,20,0
Kiribati,1972,372,87,129,42,13,10,10,20,20,20,27,35,47,38,7,10,10,10,10,10,10,12,15,15,20,27,20,23,15,6,1,142,20,0
Kiribati,1973,366,85,125,40,13,10,10,20,20,20,27,36,49,36,7,10,10,10,10,10,10,12,15,17,19,29,20,20,16,6,1,138,20,0
Kiribati,1974,363,83,121,38,13,10,10,20,20,20,27,38,51,34,6,10,10,10,10,10,10,12,15,18,20,30,21,18,16,6,0,134,20,0
Kiribati,1975,356,82,118,36,12,10,10,20,20,20,26,38,52,29,6,10,10,10,10,10,10,11,15,18,20,28,24,15,14,6,0,130,20,0
Kiribati,1976,347,81,116,35,11,10,10,20,20,20,25,37,50,29,6,10,10,10,10,10,10,10,15,17,20,25,25,15,14,6,0,127,20,0
Kiribati,1977,351,81,116,35,11,10,10,20,20,20,24,38,48,26,6,10,10,10,10,10,10,10,14,18,20,23,25,15,11,6,0,127,20,0
Kiribati,1978,331,80,114,34,10,9,10,20,20,20,23,38,44,24,5,10,10,10,10,10,10,10,13,18,20,20,24,15,9,5,0,124,19,0
Kiribati,1979,323,79,112,33,9,8,10,20,20,20,22,38,40,24,3,10,10,10,10,10,10,10,12,18,20,20,20,16,8,3,0,121,18,0
Kiribati,1980,327,82,116,34,9,7,10,20,20,20,25,37,40,25,3,10,10,10,10,10,10,10,15,17,20,20,20,17,8,3,0,125,17,0
Kiribati,1981,331,83,117,34,9,7,10,20,20,20,25,37,40,25,3,10,10,10,10,10,10,10,15,17,20,20,20,17,8,3,0,126,17,0
Kiribati,1982,335,84,119,35,9,6,10,20,20,20,25,36,40,25,3,10,10,10,10,10,10,10,15,16,20,20,20,17,8,3,0,128,16,0
Kiribati,1983,338,85,120,35,9,6,10,20,20,20,25,36,40,28,3,10,10,10,10,10,10,10,15,16,20,20,20,18,10,3,0,129,16,0
Kiribati,1984,341,86,121,35,9,5,10,20,20,20,24,37,41,28,3,10,10,10,10,10,10,10,14,17,20,20,21,18,10,3,0,130,15,0
Kiribati,1985,343,86,121,35,9,5,10,20,20,20,24,38,44,28,3,10,10,10,10,10,10,10,14,18,20,22,22,18,10,3,0,130,15,0
Kiribati,1986,344,86,121,35,9,5,9,20,20,20,24,39,47,28,3,10,10,10,10,10,10,10,14,19,20,24,23,18,10,3,0,130,14,0
Kiribati,1987,343,85,119,34,9,5,9,20,20,20,24,39,46,28,3,10,10,10,10,10,10,10,14,19,20,24,22,18,10,3,0,128,14,0
Kiribati,1988,341,84,117,33,9,5,8,20,20,20,23,39,46,28,3,10,10,10,10,10,10,10,13,19,20,24,22,18,10,3,0,126,13,0
Kiribati,1989,339,83,116,33,9,5,8,20,20,20,23,39,46,27,3,10,10,10,10,10,10,10,13,19,20,23,23,17,10,3,0,125,13,0
Kiribati,1990,336,81,113,32,9,5,7,20,20,20,22,38,46,28,3,10,10,10,10,10,10,10,12,18,20,23,23,18,10,3,0,122,12,0
Kiribati,1991,331,79,109,30,9,5,6,20,20,20,22,38,45,28,4,10,10,10,10,10,10,10,12,18,20,22,23,17,11,4,0,118,11,0
Kiribati,1992,326,76,105,29,9,5,5,20,20,20,22,38,45,29,4,10,10,10,10,10,10,10,12,18,20,21,24,18,11,4,0,114,10,0
Kiribati,1993,322,73,101,28,9,5,5,20,20,20,25,38,46,29,4,10,10,10,10,10,10,12,13,18,20,21,25,18,11,4,0,110,10,0
Kiribati,1994,318,71,97,26,7,5,5,19,20,20,27,37,45,30,4,9,10,10,10,10,10,12,15,17,20,20,25,19,11,4,0,104,10,0
Kiribati,1995,316,69,94,25,7,5,5,18,20,20,26,38,46,30,4,8,10,10,10,10,10,11,15,17,21,22,24,20,10,4,0,101,10,0
Kiribati,1996,315,68,93,25,7,5,5,17,20,20,26,38,49,31,4,7,10,10,10,10,10,11,15,17,21,25,24,20,11,4,0,100,10,0
Kiribati,1997,313,67,89,22,7,5,5,16,20,20,26,37,49,33,4,6,10,10,10,10,10,11,15,16,21,25,24,21,12,4,0,96,10,0
Kiribati,1998,312,65,87,22,7,5,5,15,20,20,25,38,48,31,4,5,10,10,10,10,10,10,15,16,22,25,23,19,12,4,0,94,10,0
Kiribati,1999,311,63,85,22,7,5,6,15,20,20,25,39,48,31,4,6,9,10,10,10,10,10,15,17,22,25,23,19,12,4,0,92,11,0
Kiribati,2000,310,61,82,21,7,5,6,15,20,20,25,39,49,31,4,7,8,10,10,10,10,10,15,17,22,25,24,19,12,4,0,89,11,0
Kiribati,2001,310,60,81,21,7,5,7,15,20,20,28,40,52,32,4,8,7,10,10,10,10,13,15,18,22,27,25,20,12,4,0,88,12,0
Kiribati,2002,316,58,78,20,7,5,7,16,20,20,29,40,56,35,5,9,7,10,10,10,10,14,15,19,21,28,28,21,14,5,0,85,12,0
Kiribati,2003,321,57,76,19,7,5,8,20,20,20,30,39,57,37,5,10,10,10,10,10,10,15,15,18,21,28,29,22,15,5,0,83,13,0
Kiribati,2004,330,58,77,19,7,5,8,20,20,21,30,40,58,38,6,10,10,10,10,10,11,15,15,18,22,28,30,23,15,6,0,84,13,0
Kiribati,2005,340,60,79,19,7,5,8,20,20,24,30,40,59,41,6,10,10,10,10,10,14,15,15,18,22,28,31,25,16,6,0,86,13,0
Kiribati,2006,353,63,83,20,7,5,8,20,20,25,30,42,63,46,7,10,10,10,10,10,15,15,15,18,24,28,35,29,17,7,0,90,13,0
Kiribati,2007,362,66,86,20,7,5,8,20,20,30,30,43,63,46,7,10,10,10,10,15,15,15,15,19,24,28,35,29,17,7,0,93,13,0
Kiribati,2008,371,68,89,21,7,5,9,20,20,30,34,45,64,44,8,10,10,10,10,15,15,15,19,20,25,30,34,29,15,8,0,96,14,0
Kiribati,2009,377,70,92,22,7,5,9,20,20,29,34,46,64,43,7,10,10,10,10,14,15,15,19,20,26,30,34,29,14,7,0,99,14,0
Kiribati,2010,383,71,93,22,7,5,9,20,20,29,35,46,66,42,8,10,10,10,10,14,15,15,20,20,26,32,34,28,14,7,1,100,14,0
Kiribati,2011,386,72,94,22,6,5,9,20,20,28,39,46,70,42,7,10,10,10,10,13,15,19,20,20,26,35,35,28,14,6,1,100,14,0
Kiribati,2012,388,71,93,22,7,5,9,20,20,29,40,49,67,43,6,10,10,10,10,13,16,20,20,22,27,35,32,29,14,5,1,100,14,0
Kiribati,2013,389,70,91,21,7,5,9,20,20,29,40,51,68,43,6,10,10,10,10,12,17,20,20,24,27,37,31,28,15,6,0,98,14,0
Kiribati,2014,390,68,89,21,7,5,8,20,20,29,40,51,70,44,6,10,10,10,10,12,17,20,20,24,27,38,32,28,16,6,0,96,13,0
Kiribati,2015,390,67,88,21,7,5,8,20,20,28,40,54,71,41,6,10,10,10,10,11,17,20,20,24,30,38,33,25,16,6,0,95,13,0
Kiribati,2016,389,65,84,19,7,5,7,20,20,26,40,55,73,41,6,10,10,10,10,10,16,20,20,25,30,38,35,25,16,6,0,91,12,0
Kiribati,2017,389,63,82,19,7,5,7,20,20,26,40,58,73,39,6,10,10,10,10,10,16,20,20,25,33,37,36,23,16,6,0,89,12,0
Kiribati,2018,390,62,80,18,7,5,6,20,20,25,45,60,74,40,7,10,10,10,10,10,15,20,25,26,34,37,37,23,17,7,0,87,11,0
Kiribati,2019,392,61,77,16,6,5,6,20,20,24,46,61,79,41,7,10,10,10,10,10,14,21,25,26,35,40,39,24,17,7,0,83,11,0
Kiribati,2020,397,59,74,15,6,5,5,20,20,24,46,62,80,42,7,10,10,10,10,10,14,21,25,26,36,40,40,26,16,7,0,80,10,0
Kiribati,2021,404,58,73,15,6,5,5,19,20,25,46,69,84,44,7,9,10,10,10,10,15,20,26,30,39,44,40,29,15,7,0,79,10,0
Kosovo,1950,5365,2023,2303,280,42,26,39,84,108,195,300,557,949,683,81,48,36,43,65,83,112,129,171,244,313,429,520,442,241,70,11,2345,65,1
Kosovo,1951,5300,2004,2295,291,42,26,40,86,104,193,296,553,918,664,81,49,37,44,60,84,109,134,162,248,305,416,502,429,235,70,11,2337,66,1
Kosovo,1952,5236,1993,2288,295,43,24,40,88,102,192,294,550,890,642,81,51,37,44,58,85,107,137,157,249,301,404,486,414,228,70,11,2331,64,1
Kosovo,1953,5317,2125,2421,296,44,22,40,89,99,193,294,546,862,624,82,52,37,43,56,86,107,139,155,243,303,391,471,401,223,71,11,2465,62,1
Kosovo,1954,5281,2104,2412,308,46,22,40,92,96,192,298,545,846,610,78,54,38,43,53,83,109,139,159,234,311,383,463,392,218,69,9,2458,62,1
Kosovo,1955,5259,2085,2398,313,48,22,38,96,96,192,302,549,834,605,77,55,41,44,52,81,111,136,166,227,322,378,456,387,218,69,8,2446,60,1
Kosovo,1956,5235,2063,2378,315,49,22,37,100,96,189,311,552,826,598,79,57,43,45,51,76,113,135,176,221,331,375,451,382,216,69,10,2427,59,1
Kosovo,1957,5205,2037,2350,313,50,23,35,100,97,186,314,555,820,591,79,57,43,46,51,73,113,133,181,219,336,376,444,377,214,69,10,2400,58,1
Kosovo,1958,5180,2010,2322,312,53,23,35,102,99,183,318,554,819,589,82,56,46,48,51,69,114,132,186,220,334,382,437,376,213,71,11,2375,58,1
Kosovo,1959,5170,1997,2306,309,54,24,35,103,100,178,321,553,828,584,82,56,47,49,51,67,111,135,186,228,325,396,432,371,213,71,11,2360,59,1
Kosovo,1960,5165,1985,2291,306,53,25,35,103,107,172,323,553,839,580,82,54,49,52,55,65,107,139,184,239,314,411,428,369,211,71,11,2344,60,1
Kosovo,1961,5139,1967,2268,301,53,25,35,104,108,166,320,555,847,576,82,54,50,53,55,65,101,140,180,249,306,421,426,365,211,71,11,2321,60,1
Kosovo,1962,5146,1952,2253,301,52,25,36,104,109,162,322,562,859,576,83,54,50,54,55,66,96,143,179,259,303,429,430,365,211,72,11,2305,61,1
Kosovo,1963,5144,1931,2231,300,52,27,36,103,118,159,323,569,870,574,83,53,50,58,60,66,93,144,179,261,308,428,442,363,211,72,11,2283,63,1
Kosovo,1964,5152,1891,2191,300,52,28,36,102,122,158,328,581,888,580,85,52,50,61,61,67,91,142,186,261,320,423,465,365,215,74,11,2243,64,1
Kosovo,1965,5111,1831,2127,296,52,29,37,102,127,159,329,588,895,579,86,52,50,62,65,69,90,138,191,256,332,411,484,363,216,74,12,2179,66,1
Kosovo,1966,5072,1771,2060,289,52,30,38,100,131,161,329,596,901,582,88,52,48,64,67,71,90,132,197,251,345,402,499,366,216,76,12,2112,68,1
Kosovo,1967,5071,1753,2034,281,52,29,39,98,136,165,329,601,908,587,89,51,47,65,71,74,91,128,201,248,353,400,508,371,216,77,12,2086,68,1
Kosovo,1968,5078,1742,2016,274,52,28,41,98,140,169,326,606,912,599,91,51,47,65,75,77,92,123,203,250,356,405,507,382,217,79,12,2068,69,1
Kosovo,1969,5109,1752,2022,270,51,28,42,99,141,174,318,606,913,619,91,53,46,65,76,80,94,119,199,255,351,417,496,401,218,79,12,2073,70,1
Kosovo,1970,5075,1695,1963,268,50,27,43,101,143,180,311,606,918,638,91,55,46,64,79,84,96,118,193,263,343,433,485,419,219,79,12,2013,70,1
Kosovo,1971,5099,1694,1960,266,49,27,42,102,143,187,302,610,926,655,94,56,46,62,81,88,99,116,186,272,338,451,475,433,222,81,13,2009,69,1
Kosovo,1972,5124,1693,1956,263,48,27,43,105,141,196,294,612,934,666,98,59,46,60,81,93,103,117,177,279,333,461,473,440,226,84,14,2004,70,1
Kosovo,1973,5110,1643,1907,264,48,27,43,106,142,203,288,622,947,679,98,60,46,60,82,96,107,118,170,284,338,465,482,441,238,84,14,1955,70,1
Kosovo,1974,5110,1621,1881,260,47,27,42,108,141,212,287,629,956,681,99,61,47,60,81,101,111,121,166,281,348,458,498,431,250,85,14,1928,69,1
Kosovo,1975,5114,1574,1832,258,47,27,42,110,140,220,287,643,974,690,104,62,48,60,80,105,115,123,164,276,367,452,522,424,266,88,16,1879,69,1
Kosovo,1976,5124,1547,1800,253,48,27,42,111,139,230,290,655,986,696,106,62,49,60,79,108,122,128,162,269,386,443,543,421,275,90,16,1848,69,1
Kosovo,1977,5095,1479,1726,247,48,27,42,114,134,237,294,657,997,707,111,63,51,57,77,108,129,132,162,257,400,440,557,425,282,94,17,1774,69,1
Kosovo,1978,5043,1394,1634,240,48,26,44,114,133,242,300,656,1010,717,119,62,52,57,76,108,134,137,163,247,409,448,562,434,283,101,18,1682,70,1
Kosovo,1979,4995,1325,1554,229,46,26,43,115,134,247,307,645,1021,732,124,62,53,58,76,106,141,142,165,239,406,464,557,453,279,106,18,1600,69,1
Kosovo,1980,5078,1377,1596,219,47,26,42,115,133,251,319,629,1034,751,131,62,53,60,73,106,145,150,169,233,396,487,547,476,275,113,18,1643,68,1
Kosovo,1981,5060,1308,1524,216,45,26,42,117,134,254,332,617,1055,774,138,63,54,62,72,105,149,156,176,233,384,515,540,498,276,119,19,1569,68,2
Kosovo,1982,5113,1323,1535,212,44,26,41,117,136,254,346,602,1075,795,142,63,54,64,72,102,152,165,181,233,369,535,540,512,283,123,19,1579,67,2
Kosovo,1983,5119,1309,1517,208,41,26,41,116,139,250,358,586,1091,807,145,63,53,66,73,101,149,172,186,232,354,542,549,515,292,123,22,1558,67,2
Kosovo,1984,5105,1275,1481,206,40,26,40,116,139,245,373,575,1106,817,148,63,53,67,72,97,148,179,194,234,341,537,569,511,306,125,23,1521,66,2
Kosovo,1985,5086,1197,1403,206,40,26,40,114,145,241,388,576,1132,832,150,61,53,68,77,96,145,185,203,239,337,529,603,506,326,123,27,1443,66,2
Kosovo,1986,5070,1134,1333,199,39,26,40,114,146,241,402,578,1150,845,155,61,53,69,77,96,145,189,213,246,332,513,637,503,342,126,29,1372,66,2
Kosovo,1987,4979,1021,1210,189,38,25,40,113,150,233,414,583,1151,858,160,60,53,70,80,93,140,190,224,252,331,492,659,504,354,131,29,1248,65,2
Kosovo,1988,5018,1029,1206,177,38,23,40,114,151,234,427,593,1149,877,168,59,55,69,82,94,140,192,235,261,332,476,673,519,358,138,30,1244,63,3
Kosovo,1989,4990,962,1130,168,36,22,40,114,147,232,435,613,1131,905,179,59,55,67,80,97,135,190,245,276,337,471,660,545,360,148,31,1166,62,3
Kosovo,1990,5016,943,1107,164,34,22,40,114,146,236,443,640,1116,929,191,59,55,68,78,100,136,190,253,295,345,478,638,571,358,160,31,1141,62,3
Kosovo,1991,5005,883,1046,163,32,21,38,114,146,235,446,668,1109,946,201,59,55,68,78,99,136,189,257,316,352,486,623,588,358,168,33,1078,59,3
Kosovo,1992,4886,725,878,153,32,21,36,113,149,234,446,694,1102,967,210,59,54,69,80,99,135,186,260,327,367,477,625,604,363,175,35,910,57,4
Kosovo,1993,4851,659,795,136,30,21,35,111,150,235,441,724,1096,987,218,58,53,69,81,99,136,181,260,337,387,471,625,608,379,180,38,825,56,4
Kosovo,1994,4848,615,735,120,30,21,35,108,152,238,441,755,1092,1010,224,56,52,70,82,100,138,179,262,346,409,465,627,609,401,182,42,765,56,4
Kosovo,1995,4876,597,705,108,29,18,35,108,155,239,440,783,1096,1036,230,56,52,70,85,101,138,177,263,352,431,470,626,612,424,185,45,734,53,4
Kosovo,1996,4905,581,679,98,29,18,34,108,156,244,434,810,1100,1055,236,56,52,70,86,104,140,175,259,358,452,481,619,614,441,187,49,708,52,5
Kosovo,1997,4927,558,652,94,26,17,31,106,157,245,428,831,1112,1071,241,54,52,70,87,107,138,174,254,362,469,501,611,617,454,191,50,678,48,5
Kosovo,1998,5169,555,669,114,35,23,38,124,179,273,446,873,1156,1094,256,62,62,80,99,122,151,186,260,377,496,543,613,629,465,204,52,704,61,5
Kosovo,1999,4623,411,490,79,19,16,32,96,154,255,410,827,1115,1022,183,49,47,65,89,115,140,173,237,353,474,542,573,595,427,169,14,509,48,3
Kosovo,2000,4281,324,393,69,18,15,24,58,103,199,364,806,1126,994,176,30,28,41,62,85,114,151,213,336,470,559,567,579,415,166,10,411,39,2
Kosovo,2001,4323,301,362,61,15,15,24,56,101,200,359,806,1172,1004,206,30,26,40,61,85,115,150,209,330,476,587,585,578,426,190,16,377,39,1
Kosovo,2002,4425,280,334,54,15,14,24,58,100,203,357,814,1240,1027,238,32,26,40,60,86,117,149,208,328,486,616,624,583,444,211,27,349,38,1
Kosovo,2003,4395,246,295,49,13,13,24,59,96,201,352,787,1258,1035,264,32,27,39,57,85,116,146,206,311,476,612,646,578,457,227,37,308,37,1
Kosovo,2004,4400,254,299,45,13,12,22,59,94,198,346,760,1268,1040,286,32,27,38,56,83,115,143,203,298,462,606,662,573,467,236,50,312,34,1
Kosovo,2005,4391,255,298,43,12,11,22,59,92,196,339,735,1273,1049,308,32,27,38,54,81,115,141,198,289,446,598,675,573,476,247,61,310,33,2
Kosovo,2006,4565,184,226,42,11,10,22,63,97,204,356,754,1346,1124,350,33,30,40,57,84,120,151,205,299,455,625,721,614,510,276,74,237,32,3
Kosovo,2007,4152,180,211,31,9,7,18,54,88,183,321,665,1215,1034,336,29,25,37,51,74,109,139,182,267,398,560,655,567,467,261,75,220,25,5
Kosovo,2008,3813,177,203,26,8,6,15,50,79,166,293,596,1094,964,332,25,25,33,46,67,99,127,166,242,354,500,594,530,434,255,77,211,21,7
Kosovo,2009,3601,170,193,23,7,5,13,44,75,155,271,552,1008,928,337,23,21,31,44,62,93,117,154,224,328,455,553,509,419,257,80,200,18,10
Kosovo,2010,3646,174,198,24,6,5,12,40,75,155,272,547,992,961,367,20,20,31,44,62,93,117,155,219,328,443,549,522,439,276,91,204,17,13
Kosovo,2011,3612,145,169,24,5,5,12,39,74,153,274,537,962,977,392,19,20,30,44,62,91,117,157,212,325,424,538,522,455,290,102,174,17,16
Kosovo,2012,3573,132,156,24,5,5,10,39,69,148,270,521,961,971,402,19,20,28,41,60,88,115,155,205,316,417,544,514,457,292,110,161,15,18
Kosovo,2013,3600,113,135,22,5,5,10,36,67,145,269,515,979,994,418,18,18,26,41,60,85,114,155,205,310,424,555,525,469,301,117,140,15,21
Kosovo,2014,3624,92,110,18,5,5,8,31,62,141,268,513,996,1024,434,15,16,24,38,56,85,114,154,207,306,434,562,544,480,311,123,115,13,22
Kosovo,2015,3758,73,90,17,4,5,8,30,61,141,272,528,1042,1091,462,15,15,24,37,56,85,115,157,217,311,458,584,588,503,333,129,94,13,22
Kosovo,2016,3952,69,84,15,4,4,8,30,61,145,283,550,1091,1167,506,15,15,24,37,57,88,118,165,229,321,480,611,641,526,364,142,88,12,25
Kosovo,2017,4176,65,79,14,5,3,8,29,57,147,296,575,1148,1251,550,14,15,23,34,58,89,122,174,243,332,501,647,696,555,397,153,84,11,28
Kosovo,2018,4390,66,78,12,5,3,8,29,56,150,308,602,1205,1330,587,14,15,22,34,58,92,126,182,253,349,516,689,742,588,425,162,83,11,31
Kosovo,2019,4393,58,69,11,5,2,7,28,52,142,302,600,1210,1347,597,13,15,21,31,54,88,123,179,251,349,508,702,746,601,431,166,74,9,34
Kosovo,2020,5714,53,63,10,5,3,8,22,50,150,343,753,1558,1913,805,10,12,21,29,56,94,133,210,310,443,633,925,973,940,590,215,68,11,43
Kosovo,2021,5433,52,61,9,3,2,8,28,53,151,361,843,1584,1637,661,15,13,21,32,54,97,141,220,343,500,675,909,873,764,468,193,64,10,40
Kuwait,1950,1062,447,672,225,39,16,19,40,34,34,41,70,72,21,0,20,20,19,15,15,19,24,17,28,42,41,31,16,5,0,0,711,35,0
Kuwait,1951,1086,456,685,229,40,16,19,40,36,33,43,69,77,24,0,20,20,20,16,15,18,24,19,27,42,43,34,17,7,0,0,725,35,0
Kuwait,1952,1089,456,681,225,40,17,18,40,37,33,46,66,82,27,0,20,20,20,17,15,18,25,21,25,41,46,36,20,7,0,0,721,35,0
Kuwait,1953,1092,454,672,218,40,18,18,40,38,33,51,65,85,29,1,20,20,20,18,15,18,25,26,24,41,49,36,22,7,1,0,712,36,0
Kuwait,1954,1086,451,665,214,38,18,17,40,39,32,51,61,91,32,1,20,20,20,19,15,17,23,28,23,38,52,39,23,9,1,0,703,35,0
Kuwait,1955,1080,446,656,210,38,18,16,40,40,32,52,60,94,34,2,20,20,20,20,15,17,23,29,24,36,53,41,25,9,2,0,694,34,0
Kuwait,1956,1152,489,694,205,38,20,18,47,41,39,55,63,100,37,2,22,25,21,20,19,20,23,32,27,36,54,46,27,10,2,0,732,38,0
Kuwait,1957,1236,545,753,208,37,17,20,48,50,41,56,66,104,42,2,23,25,25,25,21,20,24,32,31,35,54,50,30,12,2,0,790,37,0
Kuwait,1958,1301,580,796,216,37,16,20,50,52,44,58,71,107,42,3,23,27,27,25,24,20,25,33,37,34,53,54,30,12,3,0,833,36,0
Kuwait,1959,1377,609,844,235,39,16,20,53,55,45,59,78,114,48,3,24,29,30,25,25,20,26,33,42,36,54,60,35,13,3,0,883,36,0
Kuwait,1960,1435,634,876,242,40,16,21,54,56,48,59,86,121,53,3,25,29,30,26,25,23,26,33,46,40,55,66,39,14,3,0,916,37,0
Kuwait,1961,1491,659,904,245,41,16,20,54,60,54,60,93,125,61,3,25,29,30,30,29,25,26,34,49,44,57,68,45,16,3,0,945,36,0
Kuwait,1962,1548,685,932,247,45,16,20,53,60,56,61,102,131,67,3,25,28,30,30,30,26,27,34,50,52,59,72,50,17,3,0,977,36,0
Kuwait,1963,1616,719,968,249,48,16,22,54,65,59,64,111,129,74,5,25,29,34,31,30,29,29,35,51,60,57,72,55,19,5,0,1016,38,0
Kuwait,1964,1655,749,996,247,47,16,22,53,60,60,65,115,131,80,5,25,28,30,30,30,30,30,35,51,64,58,73,59,21,5,0,1043,38,0
Kuwait,1965,1710,775,1022,247,48,16,23,58,67,60,67,120,134,89,5,28,30,33,34,30,30,30,37,51,69,61,73,65,24,5,0,1070,39,0
Kuwait,1966,1762,799,1045,246,48,18,23,59,69,68,73,123,137,96,6,29,30,34,35,33,35,35,38,52,71,66,71,68,28,6,0,1093,41,0
Kuwait,1967,1824,831,1080,249,48,17,22,58,68,70,74,128,153,102,7,28,30,33,35,35,35,35,39,53,75,77,76,71,31,7,0,1128,39,0
Kuwait,1968,1892,862,1113,251,50,20,22,58,67,71,81,128,168,110,7,28,30,32,35,35,36,40,41,53,75,88,80,75,35,7,0,1163,42,0
Kuwait,1969,1919,886,1140,254,46,18,19,50,62,70,81,128,182,116,8,25,25,29,33,35,35,40,41,53,75,96,86,79,37,8,0,1186,37,0
Kuwait,1970,1930,891,1145,254,43,17,18,46,57,70,81,128,196,124,9,21,25,27,30,35,35,40,41,53,75,102,94,84,40,9,0,1188,35,0
Kuwait,1971,1952,881,1130,249,43,19,18,46,59,71,84,130,208,129,12,21,25,27,32,35,36,42,42,55,75,107,101,88,41,11,1,1173,37,0
Kuwait,1972,2001,864,1105,241,46,21,21,53,67,81,96,139,223,136,12,25,28,31,36,40,41,46,50,59,80,111,112,91,45,11,1,1151,42,0
Kuwait,1973,2052,847,1078,231,51,25,25,60,76,94,107,146,234,142,16,29,31,35,41,45,49,52,55,64,82,114,120,94,48,15,1,1129,50,0
Kuwait,1974,2067,831,1052,221,51,25,25,63,79,99,115,151,242,148,16,30,33,37,42,48,51,55,60,66,85,113,129,96,52,15,1,1103,50,0
Kuwait,1975,2139,819,1030,211,55,27,32,72,90,113,128,164,253,157,18,35,37,43,47,54,59,61,67,74,90,117,136,100,57,16,2,1085,59,0
Kuwait,1976,2160,808,1009,201,54,28,33,73,93,120,137,170,260,164,20,35,38,44,49,57,63,65,72,78,92,119,141,104,60,18,2,1063,61,0
Kuwait,1977,2138,792,985,193,51,27,33,73,94,121,137,171,250,175,21,35,38,44,50,57,64,65,72,80,91,115,135,112,63,19,2,1036,60,0
Kuwait,1978,2164,770,953,183,55,30,36,83,104,131,145,175,245,180,24,40,43,49,55,62,69,70,75,84,91,114,131,117,63,21,3,1008,66,0
Kuwait,1979,2174,742,916,174,56,30,39,92,114,139,152,182,236,189,27,45,47,54,60,65,74,75,77,89,93,110,126,122,67,23,4,972,69,0
Kuwait,1980,2108,710,873,163,53,29,36,85,112,138,153,179,227,192,28,40,45,53,59,65,73,76,77,88,91,106,121,123,69,24,4,926,65,0
Kuwait,1981,2031,665,814,149,49,27,34,83,108,136,156,178,219,192,31,40,43,50,58,63,73,79,77,88,90,103,116,120,72,27,4,863,61,0
Kuwait,1982,2008,629,765,136,49,27,36,90,117,141,160,182,214,194,32,43,47,55,62,66,75,80,80,89,93,101,113,117,77,27,5,814,63,0
Kuwait,1983,1919,595,721,126,46,25,34,87,111,136,154,177,204,194,33,41,46,52,59,65,71,79,75,85,92,96,108,111,83,28,5,767,59,0
Kuwait,1984,1881,556,672,116,46,23,34,91,116,139,160,178,198,194,35,42,49,54,62,67,72,80,80,84,94,94,104,108,86,29,6,718,57,0
Kuwait,1985,1797,505,611,106,41,21,31,85,112,138,159,176,198,191,38,38,47,52,60,66,72,79,80,82,94,96,102,104,87,31,7,652,52,1
Kuwait,1986,1752,465,565,100,40,21,29,84,113,140,159,177,196,187,42,38,46,52,61,68,72,79,80,82,95,96,100,100,87,35,7,605,50,1
Kuwait,1987,1727,420,512,92,38,21,27,77,111,146,168,188,209,184,45,34,43,51,60,70,76,83,85,88,100,104,105,100,84,37,8,550,48,1
Kuwait,1988,1673,382,466,84,33,21,23,64,102,145,173,194,222,183,48,28,36,46,56,68,77,83,90,92,102,113,109,100,83,40,8,499,44,1
Kuwait,1989,1693,345,419,74,32,25,25,61,105,156,186,211,239,185,50,27,34,46,59,73,83,90,96,101,110,123,116,104,81,42,8,451,50,1
Kuwait,1990,1894,329,428,99,49,31,30,76,126,188,217,238,264,189,54,35,41,56,70,88,100,106,111,115,123,137,127,109,80,44,10,477,61,1
Kuwait,1991,881,135,161,26,13,12,15,31,56,94,112,124,140,95,28,15,16,24,32,43,51,55,57,60,64,71,69,57,38,22,6,174,27,1
Kuwait,1992,1240,181,217,36,18,17,21,38,73,128,158,185,208,140,38,17,21,31,42,57,71,76,82,90,95,104,104,84,56,30,8,235,38,1
Kuwait,1993,1332,182,218,36,17,17,24,41,74,136,174,205,233,155,40,20,21,30,44,60,76,85,89,100,105,114,119,93,62,30,10,235,41,1
Kuwait,1994,1275,196,234,38,17,13,20,44,79,124,153,175,211,162,41,20,24,34,45,56,68,75,78,85,90,101,110,97,65,31,10,251,33,1
Kuwait,1995,1217,211,250,39,18,11,18,53,89,115,128,140,179,169,42,22,31,39,50,55,60,62,66,70,70,84,95,99,70,32,10,268,29,1
Kuwait,1996,1216,215,255,40,18,11,17,53,93,119,123,136,174,174,42,22,31,42,51,59,60,60,63,69,67,80,94,99,75,32,10,273,28,1
Kuwait,1997,1193,210,248,38,15,10,15,46,83,114,121,138,177,178,44,20,26,37,46,55,59,60,61,68,70,80,97,98,80,34,10,263,25,1
Kuwait,1998,1214,204,241,37,14,10,16,45,82,117,125,145,183,184,47,20,25,36,46,57,60,63,62,70,75,82,101,100,84,37,10,255,26,1
Kuwait,1999,1244,199,236,37,14,11,17,45,82,122,130,152,193,192,49,20,25,36,46,58,64,65,65,72,80,87,106,104,88,39,10,250,28,2
Kuwait,2000,1272,197,233,36,13,10,17,45,82,124,140,157,201,197,53,20,25,36,46,59,65,70,70,73,84,92,109,108,89,42,11,246,27,2
Kuwait,2001,1323,199,235,36,13,11,17,46,85,131,148,163,212,206,56,20,26,36,49,61,70,73,75,76,87,98,114,114,92,45,11,248,28,2
Kuwait,2002,1379,202,238,36,13,10,17,49,88,138,153,171,225,215,60,22,27,37,51,64,74,75,78,80,91,106,119,121,94,49,11,251,27,2
Kuwait,2003,1418,205,240,35,13,10,17,49,88,141,161,176,237,224,63,21,28,37,51,64,77,80,81,85,91,112,125,129,95,52,11,253,27,2
Kuwait,2004,1488,207,241,34,13,10,17,52,94,152,172,183,251,237,68,22,30,39,55,69,83,85,87,90,93,117,134,137,100,55,13,254,27,2
Kuwait,2005,1532,207,239,32,13,10,16,52,97,156,181,191,259,246,70,21,31,41,56,71,85,90,91,97,94,118,141,142,104,55,15,252,26,2
Kuwait,2006,1611,217,250,33,13,10,17,54,102,164,191,206,266,262,73,23,31,44,58,75,89,95,96,104,102,120,146,150,112,57,16,263,27,2
Kuwait,2007,1722,227,263,36,13,10,18,60,113,182,210,226,279,275,74,26,34,49,64,83,99,105,105,113,113,127,152,155,120,58,16,276,28,2
Kuwait,2008,1830,234,273,39,13,10,19,66,121,195,226,248,295,286,77,28,38,51,70,89,106,115,111,121,127,136,159,159,127,60,17,286,29,2
Kuwait,2009,1902,239,279,40,13,10,17,68,123,206,239,262,312,293,82,29,39,53,70,94,112,120,119,126,136,147,165,159,134,63,19,292,27,2
Kuwait,2010,1900,239,278,39,12,10,13,59,112,199,238,263,323,305,86,24,35,47,65,90,109,118,120,126,137,155,168,164,141,66,20,290,23,2
Kuwait,2011,1902,241,281,40,10,7,10,50,103,194,236,265,336,319,92,19,31,42,61,85,109,117,119,126,139,160,176,173,146,71,21,291,17,3
Kuwait,2012,1955,240,281,41,9,6,10,40,100,196,250,282,351,329,97,14,26,40,60,86,110,125,125,134,148,167,184,181,148,76,21,290,16,3
Kuwait,2013,1998,236,278,42,9,5,9,32,93,197,259,298,365,342,102,11,21,37,56,87,110,129,130,141,157,176,189,193,149,81,21,287,14,3
Kuwait,2014,2117,233,275,42,9,5,9,30,96,214,285,327,395,362,109,10,20,36,60,94,120,142,143,155,172,195,200,209,153,86,23,284,14,3
Kuwait,2015,2099,210,251,41,8,5,7,23,83,204,282,333,397,383,116,7,16,32,51,88,116,139,143,159,174,195,202,220,163,92,24,259,12,3
Kuwait,2016,2167,197,236,39,8,5,5,18,73,201,292,347,429,424,123,6,12,28,45,88,113,143,149,165,182,189,240,245,179,96,27,244,10,3
Kuwait,2017,2275,190,227,37,8,5,5,16,71,203,306,374,459,464,131,5,11,26,45,84,119,148,158,180,194,200,259,271,193,102,29,235,10,4
Kuwait,2018,2467,187,224,37,8,5,5,15,71,216,343,415,504,518,138,5,10,25,46,85,131,164,179,199,216,219,285,304,214,106,32,232,10,4
Kuwait,2019,2669,183,220,37,8,5,5,13,71,228,376,461,552,578,143,5,8,24,47,87,141,178,198,221,240,240,312,342,236,109,34,228,10,4
Kuwait,2020,3779,176,212,36,8,5,10,21,96,326,563,728,818,809,178,10,11,30,66,119,207,260,303,346,382,377,441,477,332,139,39,220,15,5
Kuwait,2021,3309,151,185,34,7,5,5,10,60,256,492,655,728,733,171,5,5,16,44,90,166,229,263,317,338,347,381,432,301,133,38,192,10,5
Kyrgyzstan,1950,14225,3626,4485,859,97,133,158,433,453,833,1004,1939,2736,1522,407,240,193,167,286,346,487,470,534,862,1077,1312,1424,885,637,307,100,4582,291,22
Kyrgyzstan,1951,14612,3882,4825,943,103,130,160,453,445,837,1038,1936,2764,1535,372,242,211,169,276,345,492,504,534,841,1095,1321,1443,946,589,289,83,4928,290,18
Kyrgyzstan,1952,14672,3970,4992,1022,101,119,162,458,427,820,1066,1890,2732,1545,345,232,226,174,253,347,473,535,531,793,1097,1313,1419,1013,532,269,76,5093,281,15
Kyrgyzstan,1953,15069,4047,5119,1072,137,105,175,477,425,827,1147,1902,2790,1626,326,226,251,190,235,365,462,589,558,767,1135,1356,1434,1117,509,256,70,5256,280,12
Kyrgyzstan,1954,15090,4112,5216,1104,133,88,178,475,419,804,1189,1850,2768,1661,299,214,261,204,215,364,440,612,577,726,1124,1358,1410,1163,498,237,62,5349,266,10
Kyrgyzstan,1955,15304,4189,5311,1122,146,78,180,479,426,796,1245,1829,2801,1723,280,209,270,221,205,362,434,634,611,712,1117,1384,1417,1201,522,222,58,5457,258,7
Kyrgyzstan,1956,15394,4274,5407,1133,166,72,175,476,441,774,1278,1780,2805,1760,256,208,268,236,205,345,429,633,645,701,1079,1390,1415,1202,558,201,55,5573,247,6
Kyrgyzstan,1957,15541,4406,5552,1146,172,70,161,474,468,751,1305,1729,2822,1792,237,215,259,256,212,318,433,614,691,705,1024,1403,1419,1190,602,185,52,5724,231,6
Kyrgyzstan,1958,15982,4577,5740,1163,184,79,145,481,510,749,1355,1727,2910,1862,231,230,251,280,230,295,454,598,757,738,989,1447,1463,1202,660,181,50,5924,224,6
Kyrgyzstan,1959,16183,4702,5891,1189,180,93,122,475,546,731,1376,1717,2933,1889,228,236,239,296,250,271,460,577,799,770,947,1449,1484,1198,691,180,48,6071,215,6
Kyrgyzstan,1960,16224,4792,6009,1217,183,102,106,466,568,703,1365,1709,2891,1881,233,234,232,302,266,258,445,555,810,800,909,1411,1480,1185,696,189,44,6192,208,6
Kyrgyzstan,1961,16474,4840,6080,1240,189,111,98,469,598,695,1381,1771,2904,1919,251,232,237,307,291,261,434,559,822,859,912,1387,1517,1210,709,208,43,6269,209,7
Kyrgyzstan,1962,16511,4849,6104,1255,187,117,98,467,616,673,1365,1838,2850,1922,270,219,248,299,317,272,401,568,797,922,916,1319,1531,1217,705,227,43,6291,215,7
Kyrgyzstan,1963,16518,4825,6083,1258,187,122,108,454,630,658,1341,1923,2788,1931,287,192,262,287,343,291,367,581,760,985,938,1244,1544,1231,700,245,42,6270,230,8
Kyrgyzstan,1964,16710,4746,5999,1253,197,129,129,449,655,670,1345,2056,2783,1988,307,170,279,285,370,323,347,598,747,1058,998,1212,1571,1273,715,260,47,6196,258,8
Kyrgyzstan,1965,16760,4652,5886,1234,202,133,143,439,670,692,1336,2152,2753,2030,319,155,284,284,386,353,339,597,739,1094,1058,1192,1561,1300,730,266,53,6088,276,8
Kyrgyzstan,1966,16523,4546,5753,1207,203,132,153,419,668,710,1287,2187,2657,2027,320,143,276,283,385,375,335,566,721,1082,1105,1166,1491,1297,730,265,55,5956,285,9
Kyrgyzstan,1967,16720,4458,5634,1176,211,136,166,414,690,773,1293,2297,2663,2106,331,146,268,303,387,417,356,541,752,1080,1217,1206,1457,1348,758,271,60,5845,302,9
Kyrgyzstan,1968,16695,4394,5537,1143,210,137,172,398,692,833,1268,2341,2624,2132,336,160,238,321,371,450,383,496,772,1035,1306,1242,1382,1362,770,272,64,5747,309,9
Kyrgyzstan,1969,16703,4392,5505,1113,202,139,176,388,691,889,1240,2366,2614,2141,341,181,207,330,361,475,414,461,779,995,1371,1293,1321,1359,782,275,66,5707,315,9
Kyrgyzstan,1970,16696,4428,5519,1091,203,141,177,382,680,927,1202,2363,2635,2113,342,195,187,328,352,486,441,440,762,965,1398,1350,1285,1326,787,278,64,5722,318,9
Kyrgyzstan,1971,16942,4467,5546,1079,194,146,181,388,686,979,1190,2397,2756,2120,349,211,177,327,359,497,482,446,744,974,1423,1455,1301,1307,813,287,62,5740,327,9
Kyrgyzstan,1972,16960,4506,5579,1073,188,146,179,390,674,995,1149,2366,2868,2063,353,218,172,306,368,480,515,459,690,985,1381,1555,1313,1242,821,292,61,5767,325,8
Kyrgyzstan,1973,16902,4478,5549,1071,178,147,179,401,648,1004,1111,2315,3003,2002,354,220,181,267,381,456,548,484,627,1001,1314,1658,1345,1175,827,294,60,5727,326,7
Kyrgyzstan,1974,16845,4414,5477,1063,177,145,181,419,618,1009,1097,2267,3138,1954,358,222,197,230,388,437,572,519,578,1006,1261,1737,1401,1130,824,300,58,5654,326,6
Kyrgyzstan,1975,17331,4378,5426,1048,176,150,191,450,614,1057,1158,2317,3401,2004,375,232,218,213,401,445,612,579,579,1033,1284,1860,1541,1160,844,315,60,5602,341,5
Kyrgyzstan,1976,17668,4351,5374,1023,177,149,200,472,601,1089,1231,2333,3608,2035,390,237,235,199,402,457,632,638,593,1021,1312,1920,1688,1196,839,327,63,5551,349,5
Kyrgyzstan,1977,17598,4341,5343,1002,177,144,201,474,564,1078,1293,2273,3665,1998,388,235,239,190,374,467,611,683,610,947,1326,1860,1805,1205,793,328,60,5520,345,4
Kyrgyzstan,1978,17596,4302,5281,979,184,141,202,479,529,1069,1379,2222,3716,1998,391,236,243,200,329,485,584,730,649,863,1359,1782,1934,1245,753,331,60,5465,343,3
Kyrgyzstan,1979,17582,4247,5207,960,182,138,202,483,500,1055,1463,2172,3750,2032,392,238,245,219,281,495,560,767,696,802,1370,1717,2033,1305,727,329,63,5389,340,3
Kyrgyzstan,1980,17485,4134,5064,930,171,135,198,489,482,1039,1533,2119,3764,2102,385,243,246,234,248,492,547,787,746,768,1351,1678,2086,1380,722,321,64,5235,333,3
Kyrgyzstan,1981,17779,4093,4984,891,171,136,198,504,482,1053,1627,2115,3856,2264,384,252,252,251,231,493,560,808,819,785,1330,1714,2142,1514,750,318,66,5155,334,3
Kyrgyzstan,1982,18169,4080,4933,853,171,142,198,522,496,1067,1720,2117,3947,2474,378,264,258,267,229,473,594,811,909,838,1279,1797,2150,1683,791,310,68,5104,340,3
Kyrgyzstan,1983,17843,4060,4880,820,166,137,189,513,502,1007,1706,2009,3810,2561,355,259,254,266,236,405,602,755,951,869,1140,1798,2012,1763,798,287,68,5046,326,3
Kyrgyzstan,1984,18134,4060,4849,789,162,141,188,526,540,981,1760,2034,3838,2754,353,264,262,274,266,354,627,742,1018,956,1078,1852,1986,1893,861,286,67,5011,329,3
Kyrgyzstan,1985,18035,4027,4792,765,159,136,180,521,549,903,1737,2065,3796,2840,352,255,266,273,276,299,604,706,1031,1022,1043,1826,1970,1934,906,286,66,4951,316,4
Kyrgyzstan,1986,18558,3947,4686,739,145,139,181,541,589,873,1787,2256,3928,3055,373,257,284,285,304,271,602,714,1073,1147,1109,1828,2100,2042,1013,306,67,4831,320,5
Kyrgyzstan,1987,18789,3816,4528,712,152,138,181,547,614,817,1790,2460,3993,3172,387,251,296,292,322,254,563,722,1068,1259,1201,1754,2239,2056,1116,322,65,4680,319,6
Kyrgyzstan,1988,18865,3638,4329,691,142,136,181,543,638,761,1761,2673,4044,3245,404,241,302,303,335,267,494,730,1031,1359,1314,1670,2374,2034,1211,339,65,4471,317,6
Kyrgyzstan,1989,18820,3470,4139,669,151,131,183,527,650,710,1699,2836,4046,3318,425,230,297,311,339,300,410,735,964,1415,1421,1620,2426,2043,1275,361,64,4290,314,6
Kyrgyzstan,1990,19217,3352,4014,662,151,133,188,530,683,700,1713,3012,4074,3548,467,231,299,329,354,350,350,776,937,1482,1530,1644,2430,2184,1364,399,68,4165,321,6
Kyrgyzstan,1991,18949,3289,3928,639,143,129,186,509,683,670,1651,3043,3868,3630,501,226,283,332,351,376,294,756,895,1463,1580,1622,2246,2244,1386,431,70,4071,315,6
Kyrgyzstan,1992,19085,3245,3880,635,147,132,189,511,703,684,1621,3133,3790,3735,554,233,278,344,359,400,284,717,904,1447,1686,1682,2108,2334,1401,479,75,4027,321,6
Kyrgyzstan,1993,19180,3113,3734,621,147,131,188,516,723,723,1578,3181,3768,3870,614,241,275,351,372,415,308,642,936,1392,1789,1767,2001,2443,1427,533,81,3881,319,6
Kyrgyzstan,1994,18610,2969,3575,606,148,136,190,516,722,746,1458,3020,3614,3836,643,248,268,348,374,405,341,517,941,1242,1778,1773,1841,2391,1445,558,85,3723,326,6
Kyrgyzstan,1995,18354,2895,3451,556,132,129,181,506,718,803,1382,2978,3635,3771,666,246,260,337,381,410,393,415,967,1159,1819,1855,1780,2263,1508,575,91,3583,310,6
Kyrgyzstan,1996,17800,2694,3211,517,130,126,175,496,708,840,1282,2903,3670,3584,670,244,252,320,388,411,429,341,941,1104,1799,1924,1746,2052,1532,574,96,3341,301,6
Kyrgyzstan,1997,17744,2456,2933,477,120,129,177,507,721,893,1232,2933,3910,3502,685,246,261,315,406,428,465,332,900,1135,1798,2088,1822,1914,1588,577,108,3053,306,6
Kyrgyzstan,1998,17304,2288,2718,430,115,123,173,497,705,911,1143,2853,4064,3321,676,238,259,299,406,434,477,360,783,1161,1692,2186,1878,1747,1574,562,114,2833,296,7
Kyrgyzstan,1999,17012,2146,2535,389,104,120,171,495,691,933,1070,2781,4239,3175,695,232,263,289,402,448,485,425,645,1212,1569,2271,1968,1645,1530,575,120,2639,291,7
Kyrgyzstan,2000,17858,1997,2360,363,114,125,182,530,726,1033,1091,2924,4724,3259,777,246,284,304,422,499,534,533,558,1347,1577,2502,2222,1716,1543,647,130,2474,307,8
Kyrgyzstan,2001,17541,1890,2211,321,99,119,181,522,704,1049,1051,2854,4833,3115,794,240,282,296,408,511,538,588,463,1330,1524,2503,2330,1707,1408,663,131,2310,300,9
Kyrgyzstan,2002,17317,1831,2125,294,91,115,178,510,684,1069,1055,2769,4898,3020,793,235,275,293,391,522,547,620,435,1241,1528,2437,2461,1740,1280,666,127,2216,293,9
Kyrgyzstan,2003,17133,1778,2053,275,93,112,179,502,670,1087,1113,2654,4885,2989,786,234,268,297,373,527,560,638,475,1082,1572,2300,2585,1808,1181,660,126,2146,291,10
Kyrgyzstan,2004,17714,1763,2023,260,83,112,183,518,690,1152,1271,2661,5047,3160,798,244,274,313,377,548,604,680,591,931,1730,2233,2814,1986,1174,666,132,2106,295,11
Kyrgyzstan,2005,17831,1734,1982,248,78,107,176,518,689,1182,1407,2577,5045,3285,770,246,272,318,371,544,638,705,702,753,1824,2122,2923,2116,1169,629,141,2060,283,11
Kyrgyzstan,2006,17464,1738,1979,241,69,100,169,504,667,1163,1472,2391,4893,3340,707,241,263,310,357,517,646,704,768,614,1777,2021,2872,2190,1150,564,143,2048,269,10
Kyrgyzstan,2007,17870,1740,1973,233,68,96,168,514,682,1194,1584,2308,4987,3609,676,248,266,313,369,511,683,742,842,594,1714,2103,2884,2394,1215,527,149,2041,264,10
Kyrgyzstan,2008,17418,1729,1957,228,67,93,163,502,663,1156,1595,2092,4778,3722,620,243,259,300,363,481,675,744,851,637,1455,2122,2656,2475,1247,480,140,2024,256,10
Kyrgyzstan,2009,17026,1714,1930,216,54,83,151,482,642,1111,1602,1916,4610,3843,598,231,251,284,358,452,659,752,850,752,1164,2195,2415,2537,1306,461,137,1984,234,11
Kyrgyzstan,2010,16876,1692,1902,210,56,76,143,472,635,1078,1642,1793,4515,3967,589,222,250,278,357,437,641,777,865,884,909,2266,2249,2584,1383,461,128,1958,219,11
Kyrgyzstan,2011,16511,1658,1859,201,49,67,135,456,613,1027,1655,1691,4352,4003,584,211,245,266,347,420,607,790,865,972,719,2199,2153,2551,1452,467,117,1908,202,12
Kyrgyzstan,2012,16341,1607,1803,196,49,64,127,450,599,998,1688,1701,4217,4038,598,206,244,260,339,418,580,808,880,1035,666,2036,2181,2485,1553,489,109,1852,191,12
Kyrgyzstan,2013,16539,1546,1737,191,49,62,123,449,601,998,1767,1860,4129,4104,647,203,246,264,337,430,568,838,929,1101,759,1797,2332,2409,1695,537,110,1786,185,13
Kyrgyzstan,2014,15718,1491,1675,184,47,55,110,417,563,935,1715,1970,3722,3835,661,185,232,250,313,415,520,797,918,1077,893,1369,2353,2134,1701,558,103,1722,165,11
Kyrgyzstan,2015,16456,1423,1601,178,49,55,108,430,596,981,1847,2317,3707,3991,758,191,239,270,326,442,539,829,1018,1172,1145,1111,2596,2134,1857,639,119,1650,163,13
Kyrgyzstan,2016,15604,1336,1506,170,49,51,96,398,562,923,1779,2394,3300,3776,764,175,223,257,305,419,504,768,1011,1147,1247,850,2450,2006,1770,652,112,1555,147,9
Kyrgyzstan,2017,15578,1266,1427,161,45,51,90,386,563,926,1793,2545,3096,3820,824,167,219,261,302,416,510,743,1050,1187,1358,810,2286,2082,1738,703,121,1472,141,10
Kyrgyzstan,2018,15415,1236,1386,150,49,49,83,365,559,913,1771,2637,2873,3832,886,155,210,259,300,402,511,709,1062,1221,1416,930,1943,2186,1646,752,134,1435,132,10
Kyrgyzstan,2019,14705,1170,1314,144,40,47,74,334,532,866,1663,2612,2597,3703,911,139,195,244,288,373,493,651,1012,1216,1396,1132,1465,2224,1479,766,145,1354,121,11
Kyrgyzstan,2020,17307,1082,1220,138,43,48,75,333,583,1016,1992,3430,3036,4450,1070,136,197,256,327,433,583,757,1235,1598,1832,1716,1320,2773,1677,894,176,1263,123,13
Kyrgyzstan,2021,16665,1020,1151,131,40,47,71,307,564,967,1889,3462,2930,4181,1039,122,185,246,318,403,564,725,1164,1637,1825,1912,1018,2576,1605,857,182,1191,118,14
Land-locked developing countries (LLDC),1950,1216909,,,,,,,,,,,,,,,,,,,,,,,,,,,,,,,,,
Land-locked developing countries (LLDC),1951,1235660,,,,,,,,,,,,,,,,,,,,,,,,,,,,,,,,,
Land-locked developing countries (LLDC),1952,1248126,,,,,,,,,,,,,,,,,,,,,,,,,,,,,,,,,
Land-locked developing countries (LLDC),1953,1260043,,,,,,,,,,,,,,,,,,,,,,,,,,,,,,,,,
Land-locked developing countries (LLDC),1954,1270608,,,,,,,,,,,,,,,,,,,,,,,,,,,,,,,,,
Land-locked developing countries (LLDC),1955,1280996,,,,,,,,,,,,,,,,,,,,,,,,,,,,,,,,,
Land-locked developing countries (LLDC),1956,1292687,,,,,,,,,,,,,,,,,,,,,,,,,,,,,,,,,
Land-locked developing countries (LLDC),1957,1371072,,,,,,,,,,,,,,,,,,,,,,,,,,,,,,,,,
Land-locked developing countries (LLDC),1958,1381186,,,,,,,,,,,,,,,,,,,,,,,,,,,,,,,,,
Land-locked developing countries (LLDC),1959,1324454,,,,,,,,,,,,,,,,,,,,,,,,,,,,,,,,,
Land-locked developing countries (LLDC),1960,1339045,,,,,,,,,,,,,,,,,,,,,,,,,,,,,,,,,
Land-locked developing countries (LLDC),1961,1350607,,,,,,,,,,,,,,,,,,,,,,,,,,,,,,,,,
Land-locked developing countries (LLDC),1962,1365013,,,,,,,,,,,,,,,,,,,,,,,,,,,,,,,,,
Land-locked developing countries (LLDC),1963,1380526,,,,,,,,,,,,,,,,,,,,,,,,,,,,,,,,,
Land-locked developing countries (LLDC),1964,1383701,,,,,,,,,,,,,,,,,,,,,,,,,,,,,,,,,
Land-locked developing countries (LLDC),1965,1408094,,,,,,,,,,,,,,,,,,,,,,,,,,,,,,,,,
Land-locked developing countries (LLDC),1966,1455583,,,,,,,,,,,,,,,,,,,,,,,,,,,,,,,,,
Land-locked developing countries (LLDC),1967,1444676,,,,,,,,,,,,,,,,,,,,,,,,,,,,,,,,,
Land-locked developing countries (LLDC),1968,1464053,,,,,,,,,,,,,,,,,,,,,,,,,,,,,,,,,
Land-locked developing countries (LLDC),1969,1486754,,,,,,,,,,,,,,,,,,,,,,,,,,,,,,,,,
Land-locked developing countries (LLDC),1970,1508328,,,,,,,,,,,,,,,,,,,,,,,,,,,,,,,,,
Land-locked developing countries (LLDC),1971,1529362,,,,,,,,,,,,,,,,,,,,,,,,,,,,,,,,,
Land-locked developing countries (LLDC),1972,1591003,,,,,,,,,,,,,,,,,,,,,,,,,,,,,,,,,
Land-locked developing countries (LLDC),1973,1586180,,,,,,,,,,,,,,,,,,,,,,,,,,,,,,,,,
Land-locked developing countries (LLDC),1974,1630817,,,,,,,,,,,,,,,,,,,,,,,,,,,,,,,,,
Land-locked developing countries (LLDC),1975,1652937,,,,,,,,,,,,,,,,,,,,,,,,,,,,,,,,,
Land-locked developing countries (LLDC),1976,1634943,,,,,,,,,,,,,,,,,,,,,,,,,,,,,,,,,
Land-locked developing countries (LLDC),1977,1657275,,,,,,,,,,,,,,,,,,,,,,,,,,,,,,,,,
Land-locked developing countries (LLDC),1978,1673403,,,,,,,,,,,,,,,,,,,,,,,,,,,,,,,,,
Land-locked developing countries (LLDC),1979,1687115,,,,,,,,,,,,,,,,,,,,,,,,,,,,,,,,,
Land-locked developing countries (LLDC),1980,1694507,,,,,,,,,,,,,,,,,,,,,,,,,,,,,,,,,
Land-locked developing countries (LLDC),1981,1686239,,,,,,,,,,,,,,,,,,,,,,,,,,,,,,,,,
Land-locked developing countries (LLDC),1982,1692370,,,,,,,,,,,,,,,,,,,,,,,,,,,,,,,,,
Land-locked developing countries (LLDC),1983,1861036,,,,,,,,,,,,,,,,,,,,,,,,,,,,,,,,,
Land-locked developing countries (LLDC),1984,1904891,,,,,,,,,,,,,,,,,,,,,,,,,,,,,,,,,
Land-locked developing countries (LLDC),1985,1920538,,,,,,,,,,,,,,,,,,,,,,,,,,,,,,,,,
Land-locked developing countries (LLDC),1986,1922735,,,,,,,,,,,,,,,,,,,,,,,,,,,,,,,,,
Land-locked developing countries (LLDC),1987,1845937,,,,,,,,,,,,,,,,,,,,,,,,,,,,,,,,,
Land-locked developing countries (LLDC),1988,1966370,,,,,,,,,,,,,,,,,,,,,,,,,,,,,,,,,
Land-locked developing countries (LLDC),1989,1878514,,,,,,,,,,,,,,,,,,,,,,,,,,,,,,,,,
Land-locked developing countries (LLDC),1990,1923517,,,,,,,,,,,,,,,,,,,,,,,,,,,,,,,,,
Land-locked developing countries (LLDC),1991,1944975,,,,,,,,,,,,,,,,,,,,,,,,,,,,,,,,,
Land-locked developing countries (LLDC),1992,2009859,,,,,,,,,,,,,,,,,,,,,,,,,,,,,,,,,
Land-locked developing countries (LLDC),1993,2061878,,,,,,,,,,,,,,,,,,,,,,,,,,,,,,,,,
Land-locked developing countries (LLDC),1994,2279948,,,,,,,,,,,,,,,,,,,,,,,,,,,,,,,,,
Land-locked developing countries (LLDC),1995,2053328,,,,,,,,,,,,,,,,,,,,,,,,,,,,,,,,,
Land-locked developing countries (LLDC),1996,2081128,,,,,,,,,,,,,,,,,,,,,,,,,,,,,,,,,
Land-locked developing countries (LLDC),1997,2101168,,,,,,,,,,,,,,,,,,,,,,,,,,,,,,,,,
Land-locked developing countries (LLDC),1998,2178857,,,,,,,,,,,,,,,,,,,,,,,,,,,,,,,,,
Land-locked developing countries (LLDC),1999,2104094,,,,,,,,,,,,,,,,,,,,,,,,,,,,,,,,,
Land-locked developing countries (LLDC),2000,2104560,,,,,,,,,,,,,,,,,,,,,,,,,,,,,,,,,
Land-locked developing countries (LLDC),2001,2112272,,,,,,,,,,,,,,,,,,,,,,,,,,,,,,,,,
Land-locked developing countries (LLDC),2002,2093050,,,,,,,,,,,,,,,,,,,,,,,,,,,,,,,,,
Land-locked developing countries (LLDC),2003,2076596,,,,,,,,,,,,,,,,,,,,,,,,,,,,,,,,,
Land-locked developing countries (LLDC),2004,2048478,,,,,,,,,,,,,,,,,,,,,,,,,,,,,,,,,
Land-locked developing countries (LLDC),2005,2022855,,,,,,,,,,,,,,,,,,,,,,,,,,,,,,,,,
Land-locked developing countries (LLDC),2006,1989450,,,,,,,,,,,,,,,,,,,,,,,,,,,,,,,,,
Land-locked developing countries (LLDC),2007,1963528,,,,,,,,,,,,,,,,,,,,,,,,,,,,,,,,,
Land-locked developing countries (LLDC),2008,1922883,,,,,,,,,,,,,,,,,,,,,,,,,,,,,,,,,
Land-locked developing countries (LLDC),2009,1888730,,,,,,,,,,,,,,,,,,,,,,,,,,,,,,,,,
Land-locked developing countries (LLDC),2010,1859668,,,,,,,,,,,,,,,,,,,,,,,,,,,,,,,,,
Land-locked developing countries (LLDC),2011,1824194,,,,,,,,,,,,,,,,,,,,,,,,,,,,,,,,,
Land-locked developing countries (LLDC),2012,1799276,,,,,,,,,,,,,,,,,,,,,,,,,,,,,,,,,
Land-locked developing countries (LLDC),2013,1770594,,,,,,,,,,,,,,,,,,,,,,,,,,,,,,,,,
Land-locked developing countries (LLDC),2014,1761940,,,,,,,,,,,,,,,,,,,,,,,,,,,,,,,,,
Land-locked developing countries (LLDC),2015,1752530,,,,,,,,,,,,,,,,,,,,,,,,,,,,,,,,,
Land-locked developing countries (LLDC),2016,1727759,,,,,,,,,,,,,,,,,,,,,,,,,,,,,,,,,
Land-locked developing countries (LLDC),2017,1725203,,,,,,,,,,,,,,,,,,,,,,,,,,,,,,,,,
Land-locked developing countries (LLDC),2018,1724080,,,,,,,,,,,,,,,,,,,,,,,,,,,,,,,,,
Land-locked developing countries (LLDC),2019,1730645,,,,,,,,,,,,,,,,,,,,,,,,,,,,,,,,,
Land-locked developing countries (LLDC),2020,1866492,,,,,,,,,,,,,,,,,,,,,,,,,,,,,,,,,
Land-locked developing countries (LLDC),2021,1946885,,,,,,,,,,,,,,,,,,,,,,,,,,,,,,,,,
Laos,1950,19161,7365,11178,3813,696,470,549,1286,1267,1101,1087,1025,490,7,0,642,644,646,621,568,533,544,543,556,469,404,86,3,4,0,0,11874,1019,0
Laos,1951,19751,7624,11501,3877,717,480,556,1299,1285,1127,1123,1078,578,8,1,647,652,654,631,580,547,562,561,583,495,437,141,5,3,1,0,12218,1036,0
Laos,1952,20085,7649,11616,3967,731,485,561,1298,1294,1143,1155,1132,663,8,2,645,653,658,636,589,554,579,576,607,525,455,208,7,1,2,0,12347,1046,0
Laos,1953,20372,7685,11700,4015,743,489,565,1296,1298,1157,1185,1182,741,15,3,640,656,658,640,598,559,595,590,629,553,466,275,14,1,3,0,12443,1054,0
Laos,1954,20750,7705,11761,4056,758,502,578,1315,1323,1186,1227,1246,818,36,1,648,667,670,653,614,572,617,610,657,589,486,332,35,1,1,0,12519,1080,0
Laos,1955,20927,7735,11817,4082,755,505,576,1299,1313,1190,1245,1286,872,66,0,641,658,663,650,616,574,625,620,673,613,505,367,65,1,0,0,12572,1081,0
Laos,1956,21196,7776,11869,4093,770,515,582,1298,1317,1204,1273,1333,928,106,0,641,657,666,651,622,582,636,637,693,640,532,396,105,1,0,0,12639,1097,0
Laos,1957,21586,7801,11911,4110,794,534,597,1320,1343,1235,1319,1394,982,156,0,656,664,679,664,636,599,654,665,719,675,567,415,153,3,0,0,12705,1131,0
Laos,1958,21884,7826,11967,4141,805,544,604,1329,1351,1255,1348,1440,1031,209,0,665,664,683,668,644,611,661,687,737,703,603,428,202,7,0,0,12772,1148,0
Laos,1959,22192,7861,12017,4156,817,548,617,1338,1365,1280,1384,1487,1081,257,0,674,664,688,677,654,626,675,709,758,729,637,444,239,18,0,0,12834,1165,0
Laos,1960,22511,7896,12076,4180,831,558,631,1355,1375,1300,1414,1537,1137,301,0,685,670,692,683,662,638,686,728,782,755,671,466,266,35,0,0,12907,1189,0
Laos,1961,22782,7950,12164,4214,836,563,640,1356,1369,1307,1437,1579,1195,339,0,688,668,688,681,662,645,696,741,802,777,701,494,284,55,0,0,13000,1203,0
Laos,1962,22994,8001,12243,4242,838,566,648,1353,1354,1297,1446,1620,1253,375,1,687,666,678,676,655,642,700,746,823,797,731,522,297,78,1,0,13081,1214,0
Laos,1963,23337,8050,12280,4230,846,575,667,1386,1375,1332,1481,1671,1315,407,2,705,681,685,690,673,659,720,761,852,819,761,554,306,101,2,0,13126,1242,0
Laos,1964,23628,8107,12376,4269,848,585,672,1398,1371,1337,1502,1716,1377,439,5,712,686,681,690,674,663,732,770,875,841,790,587,319,120,5,0,13224,1257,0
Laos,1965,23838,8168,12463,4295,848,586,672,1405,1358,1334,1512,1751,1431,468,11,719,686,674,684,672,662,737,775,889,862,815,616,336,132,11,0,13311,1258,0
Laos,1966,24451,8290,12671,4381,882,606,694,1452,1383,1362,1556,1822,1506,503,20,748,704,688,695,685,677,758,798,922,900,853,653,361,142,20,0,13553,1300,0
Laos,1967,24624,8300,12659,4359,878,606,702,1472,1383,1366,1575,1863,1559,532,27,762,710,692,691,687,679,764,811,934,929,876,683,383,149,27,0,13537,1308,0
Laos,1968,24864,8374,12765,4391,878,603,705,1481,1377,1365,1588,1896,1612,563,34,769,712,694,683,686,679,766,822,941,955,900,712,408,155,34,0,13643,1308,0
Laos,1969,25376,8456,12886,4430,905,619,730,1525,1405,1392,1630,1960,1683,602,40,790,735,711,694,699,693,783,847,965,995,935,748,438,164,39,1,13791,1349,0
Laos,1970,25716,8554,13018,4464,914,621,739,1545,1408,1395,1650,2000,1744,637,46,797,748,716,692,699,696,790,860,980,1020,966,778,463,174,44,2,13932,1360,0
Laos,1971,25992,8643,13148,4505,917,622,739,1561,1408,1389,1657,2031,1799,669,50,803,758,719,689,693,696,790,867,992,1039,994,805,485,184,47,3,14065,1361,0
Laos,1972,26508,8718,13259,4541,944,639,760,1616,1446,1412,1695,2092,1879,714,54,828,788,739,707,703,709,806,889,1024,1068,1040,839,515,199,49,5,14203,1399,0
Laos,1973,26994,8813,13449,4636,959,648,765,1647,1468,1422,1719,2142,1957,758,57,842,805,751,717,704,718,816,903,1050,1092,1086,871,543,215,51,6,14408,1413,0
Laos,1974,27570,8921,13602,4681,998,672,789,1696,1505,1430,1753,2214,2047,806,62,871,825,775,730,705,725,829,924,1087,1127,1137,910,574,232,55,7,14600,1461,0
Laos,1975,27823,9014,13749,4735,1003,672,787,1694,1505,1422,1755,2236,2101,838,63,872,822,776,729,701,721,828,927,1097,1139,1162,939,595,243,57,6,14752,1459,0
Laos,1976,28616,9105,13959,4854,1070,704,816,1748,1563,1464,1814,2331,2203,881,62,897,851,809,754,721,743,856,958,1142,1189,1214,989,624,257,59,3,15029,1520,0
Laos,1977,28692,9112,13994,4882,1071,705,812,1724,1550,1447,1810,2354,2252,907,64,884,840,805,745,714,733,852,958,1147,1207,1232,1020,642,265,61,3,15065,1517,0
Laos,1978,28788,9097,13991,4894,1081,710,814,1706,1545,1436,1811,2386,2302,935,61,874,832,804,741,712,724,852,959,1156,1230,1247,1055,659,276,60,1,15072,1524,0
Laos,1979,28534,8935,13732,4797,1080,710,811,1686,1520,1416,1804,2404,2345,961,62,863,823,788,732,704,712,846,958,1159,1245,1260,1085,677,284,61,1,14812,1521,0
Laos,1980,27957,8777,13407,4630,1035,690,796,1635,1475,1371,1763,2378,2355,986,67,838,797,761,714,684,687,824,939,1139,1239,1257,1098,693,293,65,2,14442,1486,0
Laos,1981,27803,8711,13265,4554,1018,680,789,1612,1460,1351,1746,2387,2400,1025,72,830,782,749,711,673,678,812,934,1138,1249,1279,1121,719,306,70,2,14283,1469,0
Laos,1982,27832,8709,13206,4497,1009,675,791,1612,1458,1346,1737,2404,2451,1069,78,834,778,745,713,671,675,803,934,1141,1263,1306,1145,750,319,75,3,14215,1466,0
Laos,1983,27878,8719,13157,4438,995,668,791,1617,1458,1343,1726,2417,2500,1117,87,839,778,743,715,669,674,793,933,1143,1274,1333,1167,783,334,82,5,14152,1459,0
Laos,1984,27906,8755,13149,4394,974,657,787,1622,1447,1337,1711,2424,2546,1163,93,844,778,742,705,666,671,781,930,1141,1283,1359,1187,813,350,88,5,14123,1444,0
Laos,1985,27986,8776,13119,4343,960,651,786,1626,1444,1338,1703,2441,2604,1211,103,847,779,743,701,667,671,777,926,1145,1296,1386,1218,844,367,96,7,14079,1437,0
Laos,1986,28032,8787,13085,4298,942,641,777,1623,1431,1342,1696,2457,2663,1262,114,846,777,734,697,671,671,773,923,1150,1307,1413,1250,873,389,104,10,14027,1418,0
Laos,1987,28161,8788,13031,4243,939,640,780,1639,1435,1354,1699,2480,2730,1311,124,853,786,735,700,680,674,778,921,1158,1322,1440,1290,901,410,112,12,13970,1420,0
Laos,1988,28068,8729,12924,4195,918,624,766,1624,1416,1349,1684,2489,2785,1359,132,842,782,725,691,677,672,774,910,1158,1331,1460,1325,927,432,118,14,13842,1390,0
Laos,1989,28013,8668,12796,4128,908,611,758,1619,1414,1345,1679,2499,2839,1405,141,837,782,722,692,672,673,775,904,1159,1340,1479,1360,952,453,125,16,13704,1369,1
Laos,1990,28112,8609,12686,4077,917,608,759,1633,1428,1358,1688,2522,2907,1460,150,842,791,730,698,675,683,783,905,1165,1357,1506,1401,985,475,132,18,13603,1367,1
Laos,1991,27921,8504,12465,3961,903,595,748,1623,1416,1359,1681,2520,2948,1505,159,834,789,726,690,672,687,781,900,1158,1362,1521,1427,1014,491,140,19,13368,1343,1
Laos,1992,27833,8352,12253,3901,904,591,742,1618,1420,1368,1686,2526,3000,1556,166,829,789,731,689,673,695,783,903,1152,1374,1541,1459,1049,507,147,19,13157,1333,1
Laos,1993,27746,8174,11987,3813,908,591,740,1624,1430,1382,1702,2539,3058,1611,174,831,793,738,692,676,706,790,912,1150,1389,1565,1493,1086,525,156,18,12895,1331,1
Laos,1994,27780,7927,11653,3726,935,607,752,1659,1466,1415,1736,2570,3130,1672,182,848,811,759,707,696,719,807,929,1158,1412,1597,1533,1127,545,163,19,12588,1359,1
Laos,1995,27292,7609,11151,3542,910,595,734,1631,1457,1407,1743,2573,3177,1729,189,831,800,754,703,693,714,811,932,1155,1418,1615,1562,1163,566,170,19,12061,1329,1
Laos,1996,26940,7287,10678,3391,902,591,726,1623,1461,1410,1761,2584,3228,1783,194,827,796,755,706,692,718,824,937,1160,1424,1637,1591,1197,586,176,18,11580,1317,1
Laos,1997,26618,6981,10206,3225,895,591,723,1613,1468,1413,1783,2595,3285,1841,202,821,792,757,711,691,722,838,945,1168,1427,1662,1623,1231,610,182,20,11101,1314,1
Laos,1998,26550,6694,9719,3025,894,596,724,1617,1491,1433,1798,2612,3380,2006,279,821,796,765,726,703,730,845,953,1181,1431,1694,1686,1317,689,235,44,10613,1320,0
Laos,1999,27021,6460,9287,2827,940,632,771,1700,1582,1509,1853,2675,3498,2189,383,862,838,810,772,744,765,869,984,1217,1458,1739,1759,1409,780,297,86,10227,1403,1
Laos,2000,26681,6083,8755,2672,898,619,758,1658,1563,1512,1846,2662,3534,2357,517,839,819,795,768,744,768,862,984,1210,1452,1740,1794,1486,871,367,150,9653,1377,1
Laos,2001,26150,5768,8277,2509,822,585,726,1573,1504,1487,1816,2627,3529,2509,678,796,777,760,744,731,756,847,969,1192,1435,1720,1809,1547,962,451,227,9099,1311,16
Laos,2002,25993,5466,7817,2351,782,574,721,1551,1491,1501,1823,2625,3538,2662,839,788,763,750,741,736,765,852,971,1188,1437,1715,1823,1608,1054,548,291,8599,1295,71
Laos,2003,25642,5224,7406,2182,722,546,697,1494,1443,1490,1803,2599,3513,2792,1022,762,732,723,720,726,764,847,956,1174,1425,1698,1815,1651,1141,658,364,8128,1243,115
Laos,2004,25713,5005,7023,2018,705,544,707,1512,1451,1523,1829,2614,3515,2906,1227,775,737,725,726,740,783,867,962,1183,1431,1703,1812,1684,1222,778,449,7728,1251,155
Laos,2005,25301,4752,6620,1868,648,504,676,1449,1385,1503,1818,2579,3478,2986,1461,745,704,689,696,725,778,867,951,1167,1412,1690,1788,1692,1294,903,558,7268,1180,197
Laos,2006,24805,4624,6355,1731,614,475,659,1429,1360,1504,1841,2587,3533,2984,1280,736,693,674,686,722,782,878,963,1167,1420,1714,1819,1698,1286,831,449,6969,1134,183
Laos,2007,24353,4461,6084,1623,565,438,629,1390,1324,1500,1868,2613,3629,3036,1132,716,674,654,670,714,786,891,977,1173,1440,1749,1880,1736,1300,783,349,6649,1067,147
Laos,2008,24293,4274,5776,1502,553,429,631,1419,1346,1539,1929,2665,3730,3111,1057,729,690,666,680,730,809,918,1011,1197,1468,1784,1946,1783,1328,772,285,6329,1060,110
Laos,2009,23642,4061,5474,1413,481,379,570,1324,1261,1491,1917,2646,3763,3191,1060,678,646,622,639,696,795,910,1007,1184,1462,1782,1981,1830,1361,799,261,5955,949,81
Laos,2010,23218,3838,5148,1310,428,342,521,1255,1204,1459,1921,2642,3795,3298,1145,637,618,593,611,673,786,908,1013,1184,1458,1784,2011,1890,1408,859,286,5576,863,61
Laos,2011,23262,3659,4873,1214,406,326,498,1237,1191,1462,1963,2676,3851,3433,1298,624,613,587,604,669,793,927,1036,1205,1471,1801,2050,1963,1470,943,355,5279,824,47
Laos,2012,22920,3472,4572,1100,355,287,443,1141,1121,1410,1960,2663,3844,3562,1512,570,571,551,570,637,773,923,1037,1203,1460,1793,2051,2024,1538,1043,469,4927,730,44
Laos,2013,23293,3323,4330,1007,350,280,433,1139,1133,1427,2023,2723,3898,3728,1771,563,576,558,575,641,786,952,1071,1239,1484,1821,2077,2099,1629,1157,614,4680,713,61
Laos,2014,22990,3138,4074,936,300,239,374,1013,1046,1354,2002,2703,3868,3857,2044,493,520,513,533,602,752,936,1066,1233,1470,1806,2062,2138,1719,1269,775,4374,613,117
Laos,2015,23601,3008,3885,877,296,234,371,1014,1069,1376,2076,2789,3918,4015,2345,489,525,525,544,612,764,963,1113,1279,1510,1834,2084,2185,1830,1394,951,4181,605,215
Laos,2016,22479,2903,3731,828,263,209,334,930,1014,1329,2072,2826,3898,3813,1849,443,487,495,519,591,738,946,1126,1298,1528,1835,2063,2107,1706,1153,696,3994,543,213
Laos,2017,22230,2796,3580,784,264,208,337,945,1052,1363,2153,2959,3978,3697,1514,448,497,514,538,608,755,973,1180,1364,1595,1885,2093,2073,1624,993,521,3844,545,181
Laos,2018,22138,2710,3464,754,267,211,335,952,1086,1395,2222,3100,4073,3612,1280,450,502,530,556,625,770,993,1229,1432,1668,1940,2133,2052,1560,884,396,3731,546,142
Laos,2019,21338,2602,3293,691,234,189,298,865,1025,1345,2188,3134,4081,3506,1073,407,458,496,529,599,746,967,1221,1443,1691,1951,2130,2015,1491,764,309,3527,487,108
Laos,2020,21091,2525,3162,637,231,183,256,757,941,1305,2216,3392,4197,3410,964,354,403,447,494,573,732,963,1253,1556,1836,2061,2136,1988,1422,715,249,3393,439,81
Laos,2021,22394,2418,3029,611,233,184,270,808,1033,1424,2431,3807,4585,3594,933,378,430,486,547,626,798,1047,1384,1764,2043,2266,2319,2112,1482,714,219,3262,454,62
Latin America and the Caribbean (UN),1950,1346767,490216,690139,199923,56761,26362,32974,66274,62740,64934,70750,91071,97279,68407,18106,34005,32269,30632,32108,31958,32976,34876,35874,44657,46414,49718,47561,41092,27315,13428,4678,746900,59336,970
Latin America and the Caribbean (UN),1951,1352545,495680,698994,203314,57818,25188,31283,67644,62903,65652,70884,91695,98222,66335,15194,34541,33103,30540,32363,32402,33250,35191,35693,44878,46817,50309,47913,40282,26053,11712,3482,756812,56471,733
Latin America and the Caribbean (UN),1952,1345911,495785,697954,202169,56850,24428,29954,67625,62391,65592,71134,91758,98198,65028,14345,34294,33331,30404,31987,32415,33177,35323,35811,44508,47250,50340,47858,39542,25486,11121,3224,754804,54382,654
Latin America and the Caribbean (UN),1953,1344908,495779,696439,200660,59711,24121,29058,66986,61882,65437,71901,92154,98307,64312,13987,33685,33301,30435,31447,32307,33130,35526,36375,44203,47951,50421,47886,39093,25219,10801,3186,756150,53179,613
Latin America and the Caribbean (UN),1954,1339699,495448,694140,198692,56722,24075,28498,66162,61571,65383,73039,92727,98839,64063,13900,33013,33149,30609,30962,32155,33228,35918,37121,44084,48643,50763,48076,38971,25092,10682,3218,750862,52573,580
Latin America and the Caribbean (UN),1955,1340336,494735,691168,196433,56583,23923,28020,65095,61603,65498,74504,93936,100711,64693,14049,32160,32935,30820,30783,32048,33450,36248,38256,44443,49493,51849,48862,39449,25244,10748,3301,747751,51943,553
Latin America and the Caribbean (UN),1956,1335980,493459,687208,193749,56470,23849,27603,63970,61381,65049,75138,94050,101617,64893,14198,31462,32508,30803,30578,31629,33420,36265,38873,44639,49411,52525,49092,39672,25221,10831,3367,743678,51452,553
Latin America and the Caribbean (UN),1957,1340322,491776,682087,190311,56278,23911,27478,63314,61873,65438,76810,96233,105138,66627,14562,31004,32310,30975,30898,31562,33876,36779,40031,45899,50334,54638,50500,40929,25698,11125,3437,738365,51389,573
Latin America and the Caribbean (UN),1958,1333439,489867,677315,187448,56096,23935,27109,61962,61742,64665,76901,95769,105764,66852,14737,30271,31691,30866,30876,30977,33688,36731,40170,46169,49600,55229,50535,41176,25676,11246,3491,733411,51044,592
Latin America and the Caribbean (UN),1959,1334135,486951,670879,183928,54253,24113,27045,61014,62143,64823,78391,97891,109181,68714,15074,29852,31162,30841,31302,30880,33943,37318,41073,47604,50287,57094,52087,42477,26237,11502,3572,725132,51158,613
Latin America and the Caribbean (UN),1960,1331652,484163,664892,180729,54233,24198,26981,60050,62285,64533,78983,99148,110836,69704,15177,29491,30559,30749,31536,30699,33834,37573,41410,48557,50591,57758,53078,43164,26540,11566,3611,719125,51179,632
Latin America and the Caribbean (UN),1961,1329982,481248,658871,177623,53626,24174,26935,59336,62394,64479,79899,101455,113101,70608,14524,29274,30062,30633,31761,30795,33684,38021,41878,49760,51695,58493,54608,43942,26666,11176,3348,712497,51109,580
Latin America and the Caribbean (UN),1962,1333312,478317,653053,174736,53495,24243,27109,58833,62901,65182,81639,104395,115841,71987,14091,29184,29649,30726,32175,31369,33813,38915,42724,51149,53246,59265,56576,44922,27065,10910,3181,706548,51352,543
Latin America and the Caribbean (UN),1963,1340392,475346,647963,172617,53715,24308,27412,58474,63185,65804,83307,107932,119513,74353,13931,29122,29352,30627,32558,31901,33903,39610,43697,52613,55319,60436,59077,46433,27920,10882,3049,701678,51720,495
Latin America and the Caribbean (UN),1964,1338224,469822,638655,168833,53072,23915,27631,57791,62794,65862,84203,110684,122282,76845,14020,28960,28831,30198,32596,32196,33666,39982,44221,53552,57132,61289,60993,47987,28858,11031,2989,691727,51546,469
Latin America and the Caribbean (UN),1965,1339860,463429,629357,165928,53153,23877,27814,57580,62542,66496,85304,113773,125491,79791,14227,28930,28650,29858,32684,32725,33771,40148,45156,54533,59240,62678,62813,49903,29888,11263,2964,682510,51691,453
Latin America and the Caribbean (UN),1966,1343459,458031,620138,162107,53364,23974,27988,57489,62368,67547,86600,116825,128895,83171,14636,29000,28489,29502,32866,33378,34169,40441,46159,55415,61410,64531,64364,52150,31021,11625,3011,673502,51962,464
Latin America and the Caribbean (UN),1967,1345181,449653,607872,158219,53696,24169,28095,57616,62116,68631,87859,120049,132605,86960,15077,29168,28448,29252,32864,33896,34735,40656,47203,56551,63498,66780,65825,54707,32253,12095,2982,661568,52264,436
Latin America and the Caribbean (UN),1968,1347126,440569,594456,153887,53498,24182,28103,57932,61760,69850,89119,123641,137112,91291,15737,29482,28450,28854,32906,34413,35437,40837,48282,57962,65679,69551,67561,57572,33719,12690,3047,647954,52285,444
Latin America and the Caribbean (UN),1969,1352312,432951,582727,149776,53403,24324,28065,58542,61399,71272,90400,127316,142278,95667,16460,29969,28573,28692,32707,34967,36305,41158,49242,59356,67960,72671,69607,60354,35313,13307,3153,636130,52389,459
Latin America and the Caribbean (UN),1970,1385814,428393,578798,150405,57217,28164,31044,63019,64105,74424,92829,131736,147627,99187,17186,32546,30473,30225,33880,36345,38079,42317,50512,61532,70204,75981,71646,62362,36825,13900,3286,636015,59208,478
Latin America and the Caribbean (UN),1971,1350059,418612,559448,140836,51017,24287,28188,58842,60245,72737,91376,132076,151147,102490,17716,30242,28600,28307,31938,35256,37481,41738,49638,61556,70520,77691,73456,63984,38506,14354,3362,610465,52475,488
Latin America and the Caribbean (UN),1972,1355175,412230,549063,136833,49833,24762,28799,59758,60453,73639,92395,134373,156165,106720,18689,30702,29056,28615,31838,35433,38206,42583,49812,62651,71722,80076,76089,65914,40806,15098,3591,598896,53561,525
Latin America and the Caribbean (UN),1973,1347492,403820,535625,131805,47116,24036,28515,59417,59506,73203,92327,135480,160703,111157,19841,30346,29071,28273,31233,34890,38313,42897,49430,63171,72309,81988,78715,67848,43309,16017,3824,582741,52551,566
Latin America and the Caribbean (UN),1974,1351614,396548,525471,128923,46028,24136,28786,59859,59632,73677,93173,137478,165693,115820,21243,30329,29530,28446,31186,34826,38851,43694,49479,63978,73500,84072,81621,70051,45769,17107,4136,571499,52922,618
Latin America and the Caribbean (UN),1975,1341749,387001,510360,123359,43148,23249,28578,59660,59090,73226,93629,138298,168914,119984,22938,30218,29442,28300,30790,34373,38853,44162,49467,63915,74383,85186,83728,72021,47963,18439,4499,553508,51827,674
Latin America and the Caribbean (UN),1976,1360662,380839,501993,121154,43241,24317,29814,61622,60432,74483,96221,141273,175078,126269,25163,31264,30358,29064,31368,34721,39762,45555,50666,64654,76619,87778,87300,75566,50703,20192,4971,545234,54131,756
Latin America and the Caribbean (UN),1977,1344183,371677,486896,115219,40225,22510,28685,60060,59320,73190,96517,140915,177034,130510,27439,30423,29637,28534,30786,33969,39221,45679,50838,63916,76999,88181,88853,77962,52548,21903,5536,527121,51195,881
Latin America and the Caribbean (UN),1978,1348623,363047,474282,111235,38947,22089,28779,60340,59936,73417,98404,142924,181708,136637,30208,30621,29719,28949,30987,34008,39409,46466,51938,64275,78649,89946,91762,81663,54974,23911,6297,513229,50868,951
Latin America and the Caribbean (UN),1979,1354947,353996,461295,107299,37909,21698,28764,60476,60466,73577,100615,144779,187676,143283,33326,30791,29685,29445,31021,34111,39466,47302,53313,64587,80192,92456,95220,85741,57542,25999,7327,499204,50462,1082
Latin America and the Caribbean (UN),1980,1359219,343899,447258,103359,36670,21156,28467,60509,60701,73603,102763,147105,193379,149671,36635,30728,29781,29624,31077,34136,39467,48054,54709,65494,81611,94912,98467,89539,60132,28062,8573,483928,49623,1301
Latin America and the Caribbean (UN),1981,1347696,332989,430658,97669,34850,20291,27683,59893,60330,72920,103528,147665,196742,153399,38203,30352,29541,29493,30837,33913,39007,48168,55360,66021,81644,96433,100309,91758,61641,28925,9278,465508,47974,1533
Latin America and the Caribbean (UN),1982,1351864,323384,419027,95643,34511,20063,27213,60018,60743,73088,105526,150381,202757,158576,38310,30276,29742,29661,31082,33962,39126,48768,56758,67664,82717,99407,103350,94986,63590,29058,9252,453538,47276,1651
Latin America and the Caribbean (UN),1983,1340725,310436,399482,89046,32427,19235,26247,59086,60510,72563,106365,152301,207876,163958,38860,29707,29379,29371,31139,33744,38819,48705,57660,69020,83281,101828,106048,98118,65840,29260,9600,431909,45482,1815
Latin America and the Caribbean (UN),1984,1337774,298929,383543,84614,31245,18761,25565,58683,60767,72712,107518,155025,213060,169700,39456,29350,29333,29223,31544,33849,38863,48798,58720,70905,84120,104054,109006,101347,68353,29672,9784,414788,44326,1739
Latin America and the Caribbean (UN),1985,1346987,288850,370657,81807,31685,19552,26007,60058,62251,73671,109051,158231,218082,175300,40680,29953,30105,29983,32268,34355,39316,49164,59887,72800,85431,106062,112020,104391,70909,30402,10278,402342,45559,1762
Latin America and the Caribbean (UN),1986,1326922,277576,354234,76658,29500,18070,24395,57554,61090,72677,108053,159294,219123,178997,42013,28447,29107,29298,31792,33939,38738,48325,59728,73420,85874,105750,113373,106088,72909,31313,10700,383734,42465,1922
Latin America and the Caribbean (UN),1987,1319673,267099,339927,72828,28563,17685,23915,56844,61074,72850,107723,161363,220480,183240,43589,27908,28936,29241,31833,34119,38731,47982,59741,74411,86952,105482,114998,108047,75193,32562,11027,368490,41600,2419
Latin America and the Caribbean (UN),1988,1316163,256638,325809,69171,27644,17424,23586,56136,61238,73393,107712,164114,222506,188479,45351,27379,28757,29371,31867,34579,38814,47877,59835,75462,88652,105542,116964,110585,77894,34107,11244,353453,41010,2771
Latin America and the Caribbean (UN),1989,1313180,246172,311613,65441,26562,17140,23356,55505,61445,74366,107868,166774,224220,193630,47468,26881,28624,29543,31902,35307,39059,47940,59928,76349,90425,105774,118446,113184,80446,35754,11714,338175,40496,3232
Latin America and the Caribbean (UN),1990,1312434,235421,297237,61816,25445,16808,23134,54820,61652,75110,107912,170002,227038,199693,49951,26451,28369,29601,32051,35760,39350,47994,59918,77549,92453,106847,120191,116423,83270,37573,12378,322682,39942,3631
Latin America and the Caribbean (UN),1991,1312203,225045,283532,58487,24439,16577,22991,54428,62220,76306,108242,172768,229884,205504,51566,26228,28200,29774,32446,36328,39978,48314,59928,78402,94366,108400,121484,119599,85905,39061,12505,307971,39568,3746
Latin America and the Caribbean (UN),1992,1316511,214203,269029,54826,23108,16164,22817,53883,62671,77412,109067,176284,234866,213548,53999,26000,27883,29867,32804,36764,40648,48821,60246,79554,96730,111331,123535,124066,89482,41150,12849,292137,38981,3663
Latin America and the Caribbean (UN),1993,1321431,204362,255757,51395,21837,15782,22595,53173,63046,78661,110013,179264,239927,221346,56540,25709,27464,29912,33134,37059,41602,49451,60562,80436,98828,114367,125560,128325,93021,43195,13345,277594,38377,3489
Latin America and the Caribbean (UN),1994,1327588,194275,242136,47861,20781,15348,22347,52438,63256,79966,111289,182077,245266,229496,59776,25430,27008,29860,33396,37261,42705,50100,61189,81188,100889,117679,127587,132438,97058,45518,14258,262917,37695,3411
Latin America and the Caribbean (UN),1995,1335154,184560,229175,44615,19597,14849,21990,51605,63187,80893,112449,184444,251753,238055,63692,25068,26537,29661,33526,37518,43375,50723,61726,81738,102706,121220,130533,136432,101623,48128,15564,248772,36839,3465
Latin America and the Caribbean (UN),1996,1340137,174797,216250,41453,18653,14351,21589,50640,62763,81626,113569,185972,257574,245909,67584,24588,26052,29349,33414,37719,43907,51476,62093,81762,104210,124001,133573,139804,106105,50598,16986,234903,35940,3655
Latin America and the Caribbean (UN),1997,1345843,165311,203927,38616,17828,13981,21224,49861,62237,82322,115080,187359,263938,252970,71214,24200,25661,28906,33331,37993,44329,52360,62720,81868,105491,126862,137076,142628,110342,52785,18429,221755,35205,3901
Latin America and the Caribbean (UN),1998,1366318,157757,196028,38271,18993,14540,21322,49957,62508,83676,117322,189177,271611,261473,75260,24194,25763,28872,33636,38643,45033,53733,63589,82462,106715,129962,141649,146161,115312,55426,19834,215021,35862,4451
Latin America and the Caribbean (UN),1999,1365936,148289,181923,33634,16215,13114,20274,48371,60910,83503,118954,190352,278706,269559,78854,23358,25013,27921,32989,38603,44900,54823,64131,82697,107655,132711,145995,149897,119662,57889,20965,198138,33388,5200
Latin America and the Caribbean (UN),2000,1361107,139687,170793,31106,15263,12533,19547,47038,59435,83159,119549,189826,282513,273760,81749,22687,24351,27055,32380,38386,44773,55228,64321,82636,107190,133764,148749,151860,121900,59829,21920,186056,32080,5942
Latin America and the Caribbean (UN),2001,1374021,131865,161234,29369,14680,12251,19116,46551,58857,84048,121665,191269,289106,282792,85898,22406,24145,26699,32158,38704,45344,56148,65517,83407,107862,136116,152990,156708,126084,63127,22771,175914,31367,6553
Latin America and the Caribbean (UN),2002,1383143,124091,151469,27378,13838,11765,18563,45763,57930,84554,123547,192548,295397,291382,89577,22026,23737,26201,31729,38765,45789,56821,66726,84181,108367,138297,157100,161741,129641,66164,23413,165307,30328,6809
Latin America and the Caribbean (UN),2003,1422639,117141,142808,25667,13085,11454,18245,45616,58048,86550,128005,197763,307588,309350,96936,21892,23724,26254,31794,39457,47093,58457,69548,86791,110972,142796,164792,171786,137564,71868,25068,155893,29699,7190
Latin America and the Caribbean (UN),2004,1428881,112065,136899,24834,12886,11233,17872,44912,57130,86543,129093,198128,310013,316693,100343,21492,23420,25866,31264,39235,47308,58347,70746,87154,110974,142774,167239,176157,140536,74456,25887,149785,29105,7135
Latin America and the Caribbean (UN),2005,1437510,106243,129037,22794,11990,10637,17261,43732,56002,86337,130562,199042,313130,327005,105351,20821,22911,25419,30583,38862,47475,58790,71772,87870,111172,143016,170114,181653,145352,77908,27443,141027,27898,7422
Latin America and the Caribbean (UN),2006,1463276,100912,122201,21289,11394,10245,16889,43198,55629,87129,133576,203035,319790,341758,111059,20473,22725,25313,30316,38865,48264,59978,73598,89992,113043,144928,174862,189457,152301,81946,29113,133595,27134,7370
Latin America and the Caribbean (UN),2007,1500096,96235,116499,20264,10905,10021,16715,42927,55655,88035,137050,208147,327801,360115,118543,20265,22662,25342,30313,38906,49129,61491,75559,92752,115395,147507,180294,198744,161371,87066,31477,127404,26736,7681
Latin America and the Caribbean (UN),2008,1524507,92042,111354,19312,10460,9737,16397,42321,55438,88138,139437,212216,332384,374547,124133,19877,22444,25280,30158,38621,49517,62687,76750,95257,116959,149117,183267,205673,168874,90762,33371,121814,26134,7945
Latin America and the Caribbean (UN),2009,1555743,88519,106837,18318,10043,9394,16059,41636,55280,88356,141933,217781,338542,391112,130467,19495,22141,25202,30078,38357,49999,63961,77972,98430,119351,151549,186993,213442,177670,95192,35275,116880,25453,8301
Latin America and the Caribbean (UN),2010,1635967,87611,110104,22493,14764,13860,19876,47920,60186,92521,148521,226727,347810,407846,137311,22894,25026,27898,32288,40245,52276,67084,81437,102918,123809,156341,191469,221214,186632,100206,37105,124868,33736,8519
Latin America and the Caribbean (UN),2011,1614261,82832,99927,17095,9200,8864,15257,39990,54748,88152,147545,228693,350132,420386,142556,18652,21338,24917,29831,37787,50365,66127,81418,103677,125016,157208,192924,226466,193920,104154,38402,109127,24121,8811
Latin America and the Caribbean (UN),2012,1635023,79653,95784,16131,8555,8418,14665,38685,54041,87438,149398,233466,354155,432384,148909,17979,20706,24543,29498,37489,49949,66634,82764,105456,128010,159400,194755,231044,201340,108894,40015,104339,23083,9125
Latin America and the Caribbean (UN),2013,1663480,76851,92356,15505,8146,8080,14179,37666,53486,87143,152118,239474,360036,445234,155750,17424,20242,24174,29312,37342,49801,67505,84613,107560,131914,162568,197468,235986,209248,114004,41746,100502,22259,9811
Latin America and the Caribbean (UN),2014,1695965,74715,89624,14909,7816,7739,13668,36784,53061,86854,154637,245800,366398,458291,164636,16996,19788,23823,29238,37310,49544,68096,86541,109409,136391,165746,200652,240760,217531,119911,44725,97440,21407,10657
Latin America and the Caribbean (UN),2015,1733822,72542,86952,14410,7601,7535,13350,36356,53069,87437,157972,253343,374600,472492,172210,16716,19640,23643,29426,37675,49762,69111,88861,112480,140863,169684,204916,246252,226240,126051,46159,94553,20885,10904
Latin America and the Caribbean (UN),2016,1784312,69815,83798,13983,7490,7357,13064,36095,53154,88384,161535,262097,385733,489529,184034,16572,19523,23543,29611,38177,50207,70184,91351,116340,145757,175264,210469,253254,236275,133817,50217,91288,20421,12042
Latin America and the Caribbean (UN),2017,1829844,67908,81490,13582,7496,7245,12859,36135,53584,89753,164590,269997,395712,504323,194037,16529,19606,23614,29970,38836,50917,71038,93552,119986,150011,180634,215078,259382,244941,140640,53397,88986,20104,12623
Latin America and the Caribbean (UN),2018,1866063,65672,78696,13024,7271,7021,12528,35656,53511,90450,166087,276801,405385,515586,204002,16255,19401,23495,30016,39107,51343,71111,94976,123112,153689,186199,219186,263851,251735,146898,57104,85967,19549,13067
Latin America and the Caribbean (UN),2019,1893707,62900,75391,12491,6902,6613,12058,34548,53037,90503,166487,281972,415812,524222,212768,15670,18878,23314,29723,38973,51530,70664,95823,125594,156378,192906,222906,267580,256642,152106,60662,82293,18671,13393
Latin America and the Caribbean (UN),2020,2206569,60086,71948,11862,5863,6850,13247,39261,63486,117492,218450,366311,477279,587851,225161,17959,21302,26826,36660,49736,67756,91340,127110,167888,198423,227222,250057,304516,283335,163230,61931,77811,20097,13370
Latin America and the Caribbean (UN),2021,2427185,57954,69711,11757,6184,7219,13645,41908,72891,136545,254484,420282,536044,618974,234742,18602,23306,30690,42201,58082,78463,105743,148741,192524,227758,257072,278972,322283,296691,169823,64919,75895,20864,14555
Latvia,1950,10824,378,472,94,41,38,61,178,238,576,1022,1906,3312,2431,540,86,92,80,158,237,339,446,576,822,1084,1515,1797,1301,1130,441,99,513,99,14
Latvia,1951,11037,371,468,97,41,37,59,182,234,579,1038,1918,3364,2516,588,84,98,83,151,238,341,455,583,825,1093,1521,1843,1397,1119,491,97,509,96,15
Latvia,1952,11261,370,467,97,42,36,59,183,234,584,1061,1935,3392,2614,642,82,101,90,144,239,345,464,597,827,1108,1521,1871,1532,1082,535,107,509,95,16
Latvia,1953,11439,348,445,97,41,35,59,182,232,584,1085,1951,3401,2719,687,79,103,100,132,240,344,472,613,824,1127,1517,1884,1674,1045,575,112,486,94,17
Latvia,1954,11366,348,441,93,40,34,58,173,230,569,1078,1921,3327,2774,704,73,100,108,122,232,337,466,612,805,1116,1478,1849,1744,1030,589,115,481,92,16
Latvia,1955,11573,357,446,89,42,31,58,171,237,565,1094,1941,3349,2896,723,71,100,118,119,226,339,468,626,810,1131,1481,1868,1817,1079,598,125,488,89,14
Latvia,1956,11743,336,426,90,44,30,57,169,247,554,1111,1958,3376,3030,725,71,98,123,124,215,339,471,640,819,1139,1495,1881,1868,1162,588,137,470,87,14
Latvia,1957,11886,354,442,88,45,30,56,164,262,538,1117,1968,3384,3152,714,69,95,129,133,203,335,472,645,831,1137,1506,1878,1888,1264,564,150,487,86,15
Latvia,1958,12164,367,457,90,44,31,55,161,280,528,1137,2003,3436,3308,714,70,91,131,149,190,338,478,659,859,1144,1542,1894,1922,1386,553,161,501,86,16
Latvia,1959,12264,360,452,92,43,30,53,157,291,511,1140,2015,3445,3390,721,70,87,130,161,179,332,477,663,873,1142,1555,1890,1926,1464,558,163,495,83,16
Latvia,1960,11598,329,414,85,41,30,46,145,280,464,1066,1900,3249,3243,707,65,80,120,160,165,299,446,620,830,1070,1474,1775,1820,1423,553,154,455,76,16
Latvia,1961,11901,333,420,87,40,32,45,145,287,459,1077,1948,3317,3347,766,66,79,117,170,173,286,450,627,856,1092,1499,1818,1864,1483,612,154,460,77,18
Latvia,1962,13194,362,457,95,43,35,51,154,315,497,1181,2171,3671,3707,891,69,85,124,191,205,292,491,690,952,1219,1653,2018,2058,1649,730,161,500,86,21
Latvia,1963,12580,314,404,90,42,33,47,146,296,469,1113,2090,3504,3527,889,64,82,113,183,212,257,460,653,908,1182,1560,1944,1957,1570,742,147,446,80,21
Latvia,1964,11549,289,368,79,40,29,42,129,261,427,1001,1924,3209,3238,861,55,74,98,163,207,220,408,593,830,1094,1417,1792,1795,1443,720,141,408,71,20
Latvia,1965,12448,265,348,83,41,30,48,137,272,463,1054,2070,3471,3520,972,58,79,102,170,233,230,421,633,881,1189,1522,1949,1947,1573,808,164,389,78,21
Latvia,1966,12819,272,351,79,41,31,49,135,268,492,1047,2132,3570,3645,1033,56,79,101,167,249,243,404,643,897,1235,1567,2003,2021,1624,849,184,392,80,21
Latvia,1967,13469,280,358,78,46,32,53,139,271,538,1055,2238,3766,3848,1105,58,81,104,167,264,274,390,665,936,1302,1666,2100,2141,1707,895,210,404,85,21
Latvia,1968,13519,284,359,75,45,32,50,138,263,559,1015,2236,3780,3894,1126,59,79,104,159,262,297,359,656,930,1306,1698,2082,2180,1714,900,226,404,82,21
Latvia,1969,14043,284,360,76,44,34,53,139,265,599,1014,2317,3942,4076,1177,62,77,108,157,267,332,351,663,961,1356,1792,2150,2288,1788,932,245,404,87,23
Latvia,1970,14460,298,375,77,43,35,53,142,269,626,1008,2366,4077,4230,1211,65,77,112,157,266,360,351,657,984,1382,1870,2207,2384,1846,956,255,418,88,24
Latvia,1971,14090,286,361,75,40,34,52,137,256,615,953,2283,4002,4148,1183,66,71,108,148,249,366,354,599,949,1334,1844,2158,2330,1818,934,249,401,86,25
Latvia,1972,14524,280,357,77,39,35,53,141,258,629,959,2331,4168,4299,1228,68,73,107,151,246,383,392,567,964,1367,1913,2255,2403,1896,970,258,396,88,28
Latvia,1973,15055,283,360,77,39,35,55,147,264,639,983,2389,4367,4465,1279,71,76,109,155,244,395,443,540,983,1406,1989,2378,2468,1997,1014,265,399,90,30
Latvia,1974,14810,279,354,75,37,34,54,146,257,609,966,2317,4334,4402,1268,70,76,102,155,229,380,468,498,943,1374,1959,2375,2414,1988,1007,261,391,88,31
Latvia,1975,15767,279,357,78,39,34,59,156,269,634,1043,2422,4639,4722,1363,73,83,104,165,239,395,527,516,965,1457,2069,2570,2573,2149,1084,279,396,93,33
Latvia,1976,15821,271,347,76,40,32,60,160,262,617,1090,2358,4685,4757,1378,73,87,99,163,233,384,553,537,908,1450,2064,2621,2594,2163,1097,281,387,92,33
Latvia,1977,16339,285,360,75,40,33,60,167,267,622,1183,2344,4860,4940,1432,77,90,101,166,241,381,582,601,862,1482,2127,2733,2711,2229,1140,292,400,93,34
Latvia,1978,16401,290,366,76,40,32,60,169,262,607,1239,2265,4886,4978,1459,77,92,101,161,240,367,582,657,797,1468,2123,2763,2764,2214,1163,296,406,92,34
Latvia,1979,16814,280,358,78,40,31,60,173,268,613,1316,2247,5023,5140,1510,80,93,108,160,251,362,588,728,770,1477,2173,2850,2882,2258,1201,309,398,91,34
Latvia,1980,16904,269,345,76,40,31,60,175,267,606,1358,2189,5040,5224,1534,81,94,113,154,252,354,580,778,757,1432,2184,2856,2955,2269,1223,311,385,91,35
Latvia,1981,16685,270,343,73,38,31,56,173,261,591,1357,2103,4961,5220,1517,81,92,115,146,248,343,553,804,775,1328,2147,2814,2971,2249,1211,306,381,87,35
Latvia,1982,16402,257,328,71,38,31,52,172,257,573,1328,2024,4861,5206,1503,80,92,116,141,237,336,523,805,825,1199,2091,2770,2964,2242,1197,306,366,83,35
Latvia,1983,17056,314,384,70,38,31,52,175,267,587,1351,2075,5011,5476,1570,80,95,121,146,239,348,519,832,932,1143,2146,2865,3111,2365,1241,329,422,83,37
Latvia,1984,17704,269,346,77,40,31,52,183,281,605,1374,2170,5177,5769,1636,82,101,124,157,238,367,520,854,1048,1122,2194,2983,3268,2501,1286,350,386,83,40
Latvia,1985,18772,276,355,79,40,33,55,193,306,636,1431,2349,5429,6176,1729,86,107,133,173,243,393,539,892,1183,1166,2256,3173,3472,2704,1358,371,395,88,42
Latvia,1986,17226,259,330,71,36,29,50,173,286,573,1280,2255,4860,5726,1586,74,99,122,164,214,359,486,794,1141,1114,1950,2910,3196,2530,1243,343,366,79,39
Latvia,1987,17737,243,314,71,36,30,52,175,298,577,1286,2448,4842,5979,1655,73,102,125,173,217,360,498,788,1200,1248,1855,2987,3316,2663,1298,357,350,82,41
Latvia,1988,17594,221,287,66,35,30,51,167,298,564,1248,2550,4653,5994,1670,69,98,125,173,216,348,497,751,1192,1358,1701,2952,3300,2694,1311,359,322,81,43
Latvia,1989,17296,205,267,62,36,27,50,160,293,548,1206,2596,4438,5955,1681,66,94,124,169,219,329,496,710,1157,1439,1578,2860,3257,2698,1323,358,303,77,44
Latvia,1990,18462,216,278,62,36,29,51,165,311,577,1268,2848,4610,6406,1836,68,97,132,179,241,336,531,737,1214,1634,1651,2959,3496,2910,1456,380,314,80,46
Latvia,1991,18182,212,271,59,35,29,50,157,305,564,1238,2855,4443,6347,1844,67,90,130,175,247,317,523,715,1163,1692,1694,2749,3453,2894,1474,370,306,79,45
Latvia,1992,18083,233,289,56,33,27,49,150,303,560,1216,2836,4356,6342,1875,65,85,129,174,250,310,509,707,1117,1719,1832,2524,3436,2906,1507,368,322,76,44
Latvia,1993,19418,184,248,64,33,29,51,158,327,606,1302,3032,4692,6843,2053,69,89,137,190,270,336,536,766,1166,1866,2169,2523,3701,3142,1658,395,281,80,46
Latvia,1994,20218,168,230,62,33,31,52,158,340,641,1359,3125,4967,7083,2150,71,87,139,201,281,360,543,816,1183,1942,2458,2509,3808,3275,1740,410,263,83,45
Latvia,1995,19227,160,213,53,31,29,49,148,319,627,1287,2940,4862,6625,2054,66,82,128,191,272,355,504,783,1109,1831,2501,2361,3508,3117,1657,397,244,78,42
Latvia,1996,17419,130,175,45,27,26,43,132,282,576,1147,2610,4627,5841,1894,59,73,110,172,244,332,441,706,992,1618,2386,2241,2995,2846,1520,374,202,69,39
Latvia,1997,17474,123,161,38,27,25,43,128,276,582,1125,2560,4895,5663,1949,57,71,104,172,245,337,435,690,992,1568,2451,2444,2777,2886,1549,400,188,68,41
Latvia,1998,17879,113,150,37,27,24,43,128,273,597,1133,2562,5261,5611,2024,57,71,102,171,252,345,445,688,1015,1547,2520,2741,2641,2970,1596,428,177,67,43
Latvia,1999,17016,109,141,32,24,21,40,119,247,564,1060,2396,5187,5209,1965,53,66,90,157,240,324,427,633,971,1425,2374,2813,2404,2805,1536,429,165,61,45
Latvia,2000,16694,101,130,29,22,19,39,112,234,547,1018,2310,5209,5028,1976,50,62,86,148,230,317,421,597,941,1369,2284,2925,2347,2681,1538,438,152,58,48
Latvia,2001,17130,98,126,28,20,20,37,110,228,557,1030,2332,5415,5120,2080,49,61,85,143,234,323,441,589,950,1382,2272,3143,2524,2596,1618,462,146,57,54
Latvia,2002,16849,89,115,26,18,18,36,103,213,541,1003,2266,5316,5067,2094,46,57,81,132,226,315,436,567,910,1356,2154,3162,2701,2366,1634,460,133,54,58
Latvia,2003,17302,83,109,26,16,18,33,104,211,550,1028,2295,5395,5297,2184,46,58,82,129,225,325,446,582,904,1391,2131,3264,3029,2268,1710,474,125,51,63
Latvia,2004,16829,88,111,23,16,17,31,97,194,529,997,2204,5146,5298,2128,43,54,77,117,212,317,426,571,844,1360,2000,3146,3174,2124,1658,470,127,48,64
Latvia,2005,16929,75,97,22,14,16,30,92,188,516,1008,2173,5086,5525,2117,41,51,74,114,204,312,426,582,814,1359,1972,3114,3388,2137,1630,487,111,46,67
Latvia,2006,17161,73,95,22,13,14,28,93,184,509,1029,2143,5042,5871,2074,42,51,71,113,194,315,425,604,787,1356,1971,3071,3605,2266,1559,515,108,42,70
Latvia,2007,17351,97,117,20,13,12,27,88,181,499,1037,2109,4986,6210,1998,40,48,69,112,185,314,426,611,776,1333,1990,2996,3739,2471,1460,538,130,39,72
Latvia,2008,16210,67,86,19,10,11,24,77,162,446,964,1924,4566,6051,1814,34,43,62,100,163,283,399,565,723,1201,1866,2700,3536,2515,1291,523,96,35,71
Latvia,2009,15914,74,93,19,11,11,23,72,152,418,931,1838,4400,6124,1770,31,41,58,94,151,267,393,538,716,1122,1847,2553,3461,2663,1245,525,104,34,76
Latvia,2010,16083,51,70,19,10,10,21,69,147,402,924,1814,4392,6331,1812,29,40,55,92,147,255,389,535,740,1074,1865,2527,3467,2864,1281,531,80,31,84
Latvia,2011,15290,56,72,16,8,10,18,62,132,364,863,1682,4113,6099,1779,26,36,50,82,137,227,367,496,721,961,1750,2363,3224,2875,1288,491,80,28,87
Latvia,2012,15882,50,64,14,10,8,16,61,130,354,882,1716,4228,6360,1950,26,35,49,81,137,217,376,506,752,964,1772,2456,3263,3097,1455,495,74,24,99
Latvia,2013,15863,40,54,14,7,8,14,58,125,340,868,1698,4180,6331,2072,25,33,47,78,132,208,362,506,744,954,1710,2470,3169,3162,1586,486,61,22,106
Latvia,2014,15457,39,51,12,8,6,14,53,115,313,834,1649,4037,6115,2152,24,29,44,71,124,189,340,494,705,944,1589,2448,3004,3111,1677,475,59,20,108
Latvia,2015,15834,30,41,11,8,6,12,51,112,309,827,1706,4069,6235,2347,23,28,44,68,121,188,330,497,710,996,1547,2522,3041,3194,1846,501,49,18,110
Latvia,2016,15904,41,50,9,7,5,13,46,107,299,809,1733,3990,6222,2506,20,26,41,66,114,185,310,499,701,1032,1466,2524,3041,3181,1975,531,57,18,107
Latvia,2017,16113,32,42,10,6,5,12,45,106,295,795,1763,3956,6303,2680,18,27,42,64,111,184,294,501,702,1061,1440,2516,3123,3180,2096,584,48,17,104
Latvia,2018,16174,27,35,8,5,5,12,41,100,287,771,1774,3892,6333,2820,16,25,38,62,108,179,282,489,712,1062,1437,2455,3189,3144,2179,641,40,17,101
Latvia,2019,15805,30,38,8,5,5,11,39,91,268,722,1710,3729,6220,2862,15,24,34,57,99,169,259,463,697,1013,1431,2298,3198,3022,2177,685,43,16,101
Latvia,2020,16464,28,36,8,5,5,9,33,84,263,711,1745,3847,6593,3030,13,20,30,54,96,167,261,450,707,1038,1550,2297,3446,3147,2267,763,41,14,107
Latvia,2021,19532,26,33,7,5,6,9,38,99,301,817,2050,4519,8069,3465,15,23,34,65,113,188,309,508,839,1211,1926,2593,4233,3836,2573,892,38,15,123
Least developed countries,1950,2594306,869530,1445125,575595,128432,62231,67042,138614,128807,111498,118986,155778,167151,65094,5464,70032,68582,66252,62555,57480,54018,57139,61847,73243,82535,89420,77731,46651,18443,4737,727,1573557,129273,84
Least developed countries,1951,2613850,879407,1453340,573933,130858,62875,67662,140231,130595,113047,120832,156319,166672,66151,5186,70829,69402,67113,63482,58249,54798,58063,62769,73870,82449,88918,77754,47453,18698,4544,642,1584198,130537,81
Least developed countries,1952,2618240,882149,1453611,571462,130367,63080,67875,140939,131502,113883,122153,156706,165770,67180,5094,71134,69805,67490,64012,58688,55195,58736,63417,74439,82267,88192,77578,48394,18786,4439,655,1583978,130955,80
Least developed countries,1953,2637040,885855,1457715,571860,136481,63648,68396,142249,132909,115165,123908,157782,165283,68292,5140,71722,70527,68111,64798,59392,55773,59655,64253,75386,82396,87722,77561,49375,18917,4482,658,1594196,132044,71
Least developed countries,1954,2638838,889304,1461670,572366,131546,63910,68398,142293,133213,115636,124866,158523,164353,69144,5223,71667,70626,68167,65046,59661,55975,60137,64729,76082,82441,87146,77207,49940,19204,4590,633,1593216,132308,62
Least developed countries,1955,2652037,893465,1467126,573661,131762,64538,68747,143047,134205,116719,126333,160005,164048,70091,5360,71961,71086,68591,65614,60252,56467,60827,65506,77065,82940,87016,77032,50376,19715,4737,623,1598888,133285,55
Least developed countries,1956,2670452,898388,1474374,575986,133156,65523,69378,144208,135472,118055,127927,161835,163969,71012,5487,72483,71725,69206,66266,60966,57089,61539,66388,78115,83720,87079,76890,50719,20293,4857,630,1607530,134901,54
Least developed countries,1957,2747603,922278,1518588,596310,139498,69159,71087,146917,138105,121112,131808,166733,166435,72509,5595,73866,73051,70521,67584,62474,58638,63260,68548,80517,86216,88670,77765,51477,21032,4956,639,1658086,140246,56
Least developed countries,1958,2770519,926585,1524359,597774,142059,70782,72515,149327,140440,123175,133681,168815,166347,73255,5704,75061,74266,71754,68686,63565,59610,64039,69642,81490,87325,88823,77524,51650,21605,5043,661,1666418,143297,59
Least developed countries,1959,2719480,912760,1491780,579020,136424,67926,71660,147494,138984,121883,132151,167772,164133,73345,5870,74108,73386,71052,67932,62947,58936,63155,68996,80876,86896,87779,76354,51392,21953,5183,687,1628204,139586,57
Least developed countries,1960,2753231,923030,1507679,584649,139371,68611,72799,148915,140596,123720,134239,170902,165934,74307,6101,74850,74065,71884,68712,63856,59864,64069,70170,82285,88617,88987,76947,51860,22447,5387,714,1647050,141410,56
Least developed countries,1961,2771967,929209,1516661,587452,140021,68693,73450,149442,141226,124784,135573,173306,167421,74960,6367,75177,74265,72187,69039,64327,60457,64668,70905,83364,89942,90061,77360,52132,22828,5631,736,1656682,142143,61
Least developed countries,1962,2794788,936414,1527556,591142,140875,68663,74188,150294,142051,125888,137017,176030,169758,75784,6619,75660,74634,72576,69475,64787,61101,65370,71647,84624,91406,91650,78108,52550,23234,5869,750,1668431,142851,65
Least developed countries,1963,2844900,946185,1547503,601318,145760,70539,75608,152908,144894,129071,140477,180673,173682,76877,6837,76999,75909,73927,70967,66296,62775,67143,73334,86919,93754,94192,79490,53215,23662,6078,759,1693263,146147,70
Least developed countries,1964,2838910,949093,1548600,599507,142918,68703,74367,151267,143024,128006,140192,181828,175414,77470,7048,76349,74918,72906,70118,65589,62417,66991,73201,87392,94436,95372,80042,53519,23951,6254,794,1691518,143070,73
Least developed countries,1965,2908525,961087,1573837,612750,151357,72677,76588,156275,147636,132500,144621,186856,180034,78800,7266,79022,77253,75143,72493,67827,64673,69270,75351,89853,97003,98127,81907,54427,24373,6428,838,1725194,149265,77
Least developed countries,1966,2945565,973732,1593418,619686,152212,73379,77212,158405,148824,133773,146621,190081,183983,80101,7475,80329,78076,75720,73104,68405,65368,70227,76394,91276,98805,100298,83685,55314,24787,6605,870,1745630,150591,77
Least developed countries,1967,2947177,975514,1590565,615051,151519,72740,76817,158854,148850,133987,147291,191460,186387,80967,7662,80694,78160,75696,73154,68487,65500,70563,76728,91650,99810,101488,84899,55859,25108,6752,910,1742084,149557,77
Least developed countries,1968,2983021,987843,1608708,620865,153725,73555,77298,160166,149812,135274,149349,194443,190337,82389,7882,81391,78775,76162,73650,69116,66158,71510,77839,92775,101668,103410,86927,56839,25550,6930,952,1762433,150853,81
Least developed countries,1969,3031760,1001927,1631961,630034,156733,74925,78573,162404,151576,137332,152229,198368,195194,84276,8099,82398,80006,77052,74524,70147,67185,72852,79377,94416,103952,105789,89405,58158,26118,7107,992,1788694,153498,87
Least developed countries,1970,3260156,1038506,1716975,678469,191002,90706,87395,176482,166899,152433,166355,211158,205329,87079,8253,88888,87594,84659,82240,77913,74520,79979,86376,100851,110307,111424,93905,60277,26802,7243,1010,1907977,178101,88
Least developed countries,1971,3598552,1103739,1879615,775876,215916,95097,93434,190912,177767,171799,190363,244473,236820,93818,8448,95752,95160,90094,87673,86383,85416,91320,99043,116071,128402,129556,107264,65650,28168,7428,1020,2095531,188531,89
Least developed countries,1972,3176591,1042157,1697570,655413,166975,80726,83810,169464,157696,144572,161544,209448,207103,89116,8478,85201,84263,80112,77584,73704,70868,77188,84356,99694,109754,112036,95067,61720,27396,7435,1043,1864545,164536,86
Least developed countries,1973,3182416,1051233,1709033,657800,165525,79540,82573,166382,154982,143027,161204,210558,210007,90917,8578,83702,82680,78672,76310,72788,70239,76771,84433,100189,110369,113486,96521,63062,27855,7524,1054,1874558,162113,90
Least developed countries,1974,3276930,1079302,1762324,683022,172168,81949,84075,168465,156988,145852,165887,217746,218141,94434,8810,84974,83491,79749,77239,73968,71884,78781,87106,103638,114108,117859,100282,65641,28793,7740,1070,1934492,166024,89
Least developed countries,1975,3443447,1098554,1816220,717666,189460,89106,90470,179783,166175,157282,178569,233943,233635,99575,9139,91381,88402,84415,81760,79306,77976,84852,93717,111345,122598,126543,107092,69429,30146,8049,1090,2005680,179576,88
Least developed countries,1976,3493576,1085833,1777473,691640,194196,104629,107487,204844,184946,167675,182710,230921,229279,100043,9290,105125,99719,94296,90650,85477,82198,87680,95030,110773,120148,123723,105556,69575,30468,8197,1093,1971669,212116,83
Least developed countries,1977,3360767,1091436,1772243,680807,179819,87585,90703,178892,163955,150789,171139,225851,228645,101514,9550,91439,87453,83925,80030,76358,74431,81206,89933,107519,118332,122781,105864,70385,31129,8429,1121,1952062,178288,82
Least developed countries,1978,3372349,1101689,1786142,684453,176856,83837,87142,174291,160537,148877,171915,231152,235972,105624,9921,88986,85305,82275,78262,75115,73762,81250,90665,109674,121478,126212,109760,73132,32492,8756,1165,1962998,170979,83
Least developed countries,1979,3401859,1111515,1795801,684286,178656,84092,87547,176157,161443,149148,173059,234645,241076,109451,10659,89835,86322,82731,78712,75230,73918,81742,91317,111123,123522,128458,112618,75490,33961,9301,1358,1974457,171639,121
Least developed countries,1980,3430297,1121711,1808146,686435,176827,84848,87912,177987,162102,149306,174160,238134,246233,113179,11309,90568,87419,82900,79202,75306,74000,82190,91970,112517,125617,130862,115371,77793,35386,9808,1501,1984973,172760,153
Least developed countries,1981,3458126,1124560,1812343,687783,180939,85908,88361,179604,163157,150009,175739,241808,251399,116773,11900,91252,88352,83268,79889,75628,74381,82900,92839,113970,127838,133407,117992,80054,36719,10270,1630,1993282,174269,185
Least developed countries,1982,3482035,1123283,1810761,687478,182347,86982,89244,181566,164940,151354,177771,245945,257468,120908,12547,92150,89416,84026,80914,76254,75100,83801,93970,115535,130410,136532,120936,82711,38197,10826,1721,1993108,176226,199
Least developed countries,1983,3703504,1179565,1925665,746100,200794,97036,95104,191723,174573,160072,187874,258967,270779,127211,13466,97285,94438,88905,85668,80630,79442,88577,99297,121562,137405,143803,126976,86976,40235,11544,1922,2126459,192140,239
Least developed countries,1984,3758521,1185084,1936440,751356,206386,99568,97617,196157,179329,164335,191926,263889,277211,131239,14166,99370,96787,91486,87843,82928,81407,90524,101402,123577,140312,147247,129964,89581,41658,12130,2036,2142826,197185,258
Least developed countries,1985,3790017,1185441,1934148,748707,209709,101366,99785,199930,183253,167310,194620,267684,282296,134758,14875,101149,98781,93900,89353,84695,82615,91697,102923,125149,142535,149894,132402,91755,43003,12698,2177,2143857,201151,283
Least developed countries,1986,3765451,1165834,1892609,726775,204808,99504,100449,201075,185058,168856,196528,271719,289054,139779,15709,101597,99478,94969,90089,85715,83141,92441,104087,126746,144973,153200,135854,94864,44915,13395,2314,2097417,199953,303
Least developed countries,1987,3735696,1129481,1828805,699324,202673,99909,103663,207941,191601,173340,198878,274577,294032,143473,16474,104783,103158,98585,93016,88498,84842,93686,105192,127988,146589,155555,138477,97015,46458,14005,2469,2031478,203572,330
Least developed countries,1988,3904924,1165927,1910931,745004,216542,104533,106273,213344,197540,179322,207385,289172,309518,151349,18574,107645,105699,101509,96031,91453,87869,97379,110006,134743,154429,163689,145829,101830,49519,15544,3030,2127473,210806,440
Least developed countries,1989,3779481,1111394,1792701,681307,203420,100176,106359,213998,198994,179324,206882,289232,313495,155564,18901,108125,105873,102016,96978,91494,87830,97159,109723,134737,154495,165218,148277,104408,51156,15880,3021,1996121,206535,434
Least developed countries,1990,3818210,1109516,1789520,680004,203574,101805,108393,219531,205107,184270,211275,295327,320663,159217,19097,111065,108466,104801,100306,93889,90381,99291,111984,137685,157642,168856,151807,106876,52341,16097,3000,1993094,210198,431
Least developed countries,1991,3965479,1129289,1841954,712665,225382,112659,113996,230226,216762,193368,218472,302838,327729,162365,19308,116541,113685,110509,106253,98616,94752,102937,115535,141434,161404,172526,155203,109072,53293,16327,2981,2067336,226655,420
Least developed countries,1992,3940656,1116640,1812358,695718,218321,109299,114030,233699,218681,195076,218286,304219,330654,165659,19946,118248,115451,111539,107142,99467,95609,102838,115448,141834,162385,173678,156976,111103,54556,16867,3079,2030679,223329,428
Least developed countries,1993,3920913,1093295,1761149,667854,211294,108631,115874,239752,224349,200133,221715,309431,337256,170492,20420,121181,118571,114306,110043,102186,97947,104605,117110,144089,165342,176798,160458,114309,56183,17341,3079,1972443,224505,415
Least developed countries,1994,4101344,1091927,1749891,657964,211924,115620,134181,282795,269957,233231,239366,323387,345010,174860,20715,142740,140055,137869,132088,122286,110945,114251,125115,151641,171746,181102,163908,117236,57624,17651,3064,1961815,249801,406
Least developed countries,1995,3897098,1079815,1722767,642952,205183,105398,114403,240647,225443,202886,223441,311861,345104,177764,21708,120963,119684,114612,110831,104131,98755,105939,117502,144329,167532,180035,165069,118842,58922,18320,3388,1927950,219801,493
Least developed countries,1996,3964814,1075179,1712862,637683,209878,107976,118209,248872,233163,211337,232575,323154,358662,185564,22083,124849,124023,118332,114831,108489,102848,110719,121856,149506,173648,186947,171715,124000,61564,18889,3194,1922740,226185,478
Least developed countries,1997,3914963,1064727,1691920,627193,206269,106398,116242,246839,231783,210480,229544,316679,352548,183968,21869,123372,123467,117671,114112,108177,102303,109837,119707,146499,170180,183769,168779,122623,61345,18866,3003,1898189,222640,424
Least developed countries,1998,3965606,1065683,1703343,637660,213839,110685,118924,253187,238404,216801,232660,316154,352954,185511,22718,126131,127056,121132,117272,111484,105317,112059,120601,146274,169880,184073,168881,123242,62269,19479,3239,1917182,229609,425
Least developed countries,1999,3820230,1028834,1621246,592412,201417,102463,112567,242622,230134,210627,226958,309634,349999,188157,23972,120751,121871,117040,113094,107971,102656,109022,117936,142977,166657,181828,168171,124435,63722,20430,3542,1822663,215030,433
Least developed countries,2000,3824006,1009439,1581321,571882,198308,102244,113423,245625,233524,214785,232195,316850,361097,197792,26343,122284,123341,118939,114585,109672,105113,111266,120929,146189,170661,186955,174142,130133,67659,22259,4084,1779629,215667,498
Least developed countries,2001,3810052,986265,1534792,548527,197797,101572,113555,247281,235800,218149,236133,320897,368948,205728,28808,123187,124094,120158,115642,111120,107029,113001,123132,147957,172940,190332,178616,134668,71060,24069,4739,1732589,215127,592
Least developed countries,2002,3798588,964034,1492897,528863,197559,100914,113529,248862,238636,221834,240401,324248,375444,212538,30978,123843,125019,121578,117058,112807,109027,114980,125421,149479,174769,192990,182454,138504,74034,25673,5305,1690456,214443,746
Least developed countries,2003,3770500,941146,1449223,508077,193971,98504,112076,247481,238501,223391,243834,327313,382182,219921,33212,123061,124420,121380,117121,113212,110179,116788,127046,150802,176511,195598,186584,142648,77273,27367,5845,1643194,210580,890
Least developed countries,2004,3764554,918315,1408002,489687,191730,97907,112014,248868,240375,226725,249346,333213,391458,228510,35388,123619,125249,122118,118257,114472,112253,119792,129554,153639,179574,199594,191864,147596,80914,29114,6274,1599732,209921,1018
Least developed countries,2005,3729337,892810,1360981,468171,186280,95957,110399,247166,238666,226543,252065,336933,398596,236804,37810,122634,124532,121072,117594,113894,112649,121414,130651,155504,181429,202395,196201,152259,84545,30972,6838,1547261,206356,1137
Least developed countries,2006,3700218,869969,1316822,446853,180381,93621,108510,244962,236757,226188,255250,342507,407589,246336,40092,121336,123626,119903,116854,113277,112911,122938,132312,158300,184207,206157,201432,157814,88522,32802,7290,1497203,202131,1203
Least developed countries,2007,3686672,847675,1275496,427821,175245,91547,106709,243370,236157,227123,259892,350402,419296,257695,42507,120292,123078,119390,116767,113342,113781,125053,134839,162232,188170,211366,207930,164625,93070,34807,7700,1450741,198256,1232
Least developed countries,2008,3738388,828501,1249621,421120,179174,94727,107925,247916,244221,237088,271953,361599,432125,266982,43842,121933,125983,122961,121260,118271,118817,130854,141099,167924,193675,217584,214541,170581,96401,36004,7838,1428795,202652,1214
Least developed countries,2009,3610673,802042,1195069,393027,160934,86190,101290,235371,231242,225563,264801,358116,432607,273020,45263,115552,119819,116611,114631,112288,113275,126563,138238,165673,192443,216998,215609,173888,99132,37116,8147,1356003,187480,1207
Least developed countries,2010,3608512,787201,1171357,384156,163177,89494,103576,236544,230298,226012,267640,360861,435842,276494,46017,116559,119985,116339,113959,112564,113448,127342,140298,166580,194281,218639,217203,175919,100575,37690,8327,1334534,193070,1200
Least developed countries,2011,3527447,765990,1131137,365147,152220,82603,97020,223821,220679,219487,264751,361695,440045,284576,48180,109852,113969,111284,109395,109142,110345,125217,139534,166250,195445,219856,220189,180357,104219,39385,8795,1283357,179623,1233
Least developed countries,2012,3473704,746247,1095409,349162,148637,80560,95044,218082,214997,215886,262782,361664,441042,288453,49822,107107,110975,108405,106592,107263,108623,123843,138939,165800,195864,219916,221126,182204,106249,40483,9339,1244046,175604,1326
Least developed countries,2013,3432375,730304,1066691,336387,142742,78055,92533,211189,209045,212473,261601,364078,445951,295242,51393,103695,107494,105358,103687,105272,107201,122787,138814,166790,197288,221868,224083,185730,109512,41794,9599,1209433,170588,1380
Least developed countries,2014,3446770,716988,1043421,326433,141546,77415,92460,209492,208692,213859,265232,373460,459217,306681,53860,102941,106551,104985,103707,105697,108162,124019,141213,171378,202082,228304,230913,192249,114432,43896,9964,1184967,169875,1435
Least developed countries,2015,3451379,704439,1021793,317354,139532,76795,92142,207306,207816,214518,267460,380681,469943,315661,56201,102050,105256,104350,103466,105688,108830,124681,142779,175154,205527,233765,236178,197307,118354,45786,10415,1161325,168937,1529
Least developed countries,2016,3424117,690658,997519,306861,134678,74175,89864,201657,203917,212578,266959,384339,477375,322223,57355,99346,102311,102037,101880,104349,108229,124116,142843,176778,207561,237568,239807,201024,121199,47034,10321,1132197,164039,1478
Least developed countries,2017,3433789,678137,975007,296870,134030,73764,89945,201419,204618,214724,270045,391487,487921,330185,59186,99439,101980,102124,102494,105176,109548,125477,144568,179854,211633,243187,244734,205780,124405,48622,10564,1109037,163709,1458
Least developed countries,2018,3432132,668145,956454,288309,130838,72218,88577,198281,202393,214302,271113,397823,498163,339020,61508,98150,100131,100647,101746,104692,109610,125922,145191,181988,215835,248173,249990,210994,128026,50567,10941,1087292,160795,1442
Least developed countries,2019,3436428,659666,941355,281689,128205,71206,87597,196901,201295,215034,272660,403599,507163,346540,63427,97696,99205,99736,101559,104966,110068,126867,145793,183619,219980,252141,255022,215425,131115,52044,11383,1069560,158803,1446
Least developed countries,2020,3632029,649619,923004,273385,128475,70567,85715,189835,198983,226644,319651,482326,565079,372609,67680,93123,96712,96936,102047,109589,117055,144236,175415,217878,264448,287354,277725,231551,141058,55604,12076,1051479,156282,1461
Least developed countries,2021,3806333,641076,908521,267445,124197,70883,91381,197332,208751,252294,347119,523566,610047,399332,71387,97841,99491,101618,107133,117935,134359,160293,186826,239612,283954,311319,298728,247231,152101,58631,12756,1032718,162264,1522
Lebanon,1950,7736,1781,2398,617,90,72,103,245,242,340,535,1004,1582,947,173,127,118,97,145,157,183,225,310,408,596,773,809,583,364,144,29,2488,175,4
Lebanon,1951,7966,1874,2543,669,91,72,103,254,239,348,539,1003,1618,977,173,130,124,100,139,161,187,227,312,412,591,781,837,616,361,145,28,2634,175,4
Lebanon,1952,8002,1861,2574,713,88,67,99,251,229,348,532,990,1634,1008,174,126,125,102,127,162,186,227,305,412,578,781,853,653,355,145,29,2662,166,4
Lebanon,1953,8019,1849,2575,726,89,63,95,247,222,348,525,980,1649,1049,172,123,124,107,115,163,185,228,297,415,565,782,867,695,354,145,27,2664,158,4
Lebanon,1954,8100,1839,2561,722,93,64,95,251,222,354,529,986,1670,1096,174,123,128,115,107,166,188,233,296,425,561,786,884,733,363,147,27,2654,159,3
Lebanon,1955,8313,1903,2681,778,110,66,94,250,223,357,534,991,1688,1145,173,121,129,119,104,164,193,238,296,429,562,788,900,765,380,146,27,2791,160,3
Lebanon,1956,8076,1813,2513,700,104,62,88,239,222,343,525,968,1659,1178,173,114,125,120,102,152,191,235,290,417,551,766,893,780,398,146,27,2617,150,2
Lebanon,1957,8098,1802,2484,682,104,58,83,235,229,338,531,972,1661,1231,171,112,123,124,105,142,196,238,293,413,559,757,904,803,428,143,28,2588,141,3
Lebanon,1958,8230,1793,2466,673,110,60,86,246,253,354,552,986,1665,1281,173,118,128,133,120,142,212,248,304,413,573,750,915,823,458,144,29,2576,146,3
Lebanon,1959,8165,1784,2445,661,109,60,80,225,244,323,545,981,1655,1320,179,107,118,125,119,121,202,243,302,403,578,740,915,838,482,150,29,2554,140,3
Lebanon,1960,8238,1775,2421,646,112,63,80,225,256,321,559,991,1661,1360,187,106,119,129,127,119,202,248,311,405,586,742,919,856,504,159,28,2533,143,2
Lebanon,1961,8194,1763,2394,631,106,66,76,213,254,309,560,983,1648,1385,198,100,113,125,129,116,193,249,311,401,582,740,908,865,520,170,28,2500,142,3
Lebanon,1962,8303,1756,2373,617,111,71,78,215,264,309,583,994,1668,1420,211,100,115,128,136,126,183,262,321,411,583,761,907,882,538,183,28,2484,149,3
Lebanon,1963,8290,1747,2357,610,106,72,78,205,259,300,590,989,1668,1442,223,95,110,123,136,132,168,268,322,416,573,774,894,890,552,195,28,2463,150,3
Lebanon,1964,8392,1734,2337,603,111,79,82,208,269,304,605,1005,1690,1468,236,97,111,126,143,145,159,274,331,430,575,794,896,899,569,206,30,2448,161,3
Lebanon,1965,8463,1716,2310,594,111,81,87,209,274,311,615,1021,1708,1486,246,97,112,127,147,154,157,275,340,442,579,807,901,906,580,215,31,2421,168,3
Lebanon,1966,8562,1704,2290,586,116,85,97,214,283,327,622,1044,1730,1498,256,101,113,130,153,165,162,270,352,455,589,815,915,906,592,223,33,2406,182,3
Lebanon,1967,8538,1697,2275,578,111,81,99,205,272,334,610,1052,1735,1497,266,98,107,124,148,168,166,250,360,459,593,806,929,897,600,230,36,2386,180,3
Lebanon,1968,8614,1690,2261,571,111,83,107,208,275,356,608,1078,1754,1498,273,100,108,125,150,175,181,234,374,468,610,802,952,889,609,235,38,2372,190,3
Lebanon,1969,8731,1694,2258,564,115,85,115,214,276,380,605,1110,1779,1507,283,107,107,125,151,182,198,222,383,481,629,802,977,892,615,242,41,2373,200,3
Lebanon,1970,8855,1701,2260,559,116,87,120,228,280,401,605,1141,1802,1518,289,117,111,127,153,188,213,220,385,495,646,810,992,900,618,247,42,2376,207,3
Lebanon,1971,8944,1705,2259,554,117,88,123,238,282,419,600,1172,1818,1528,297,127,111,127,155,193,226,223,377,510,662,819,999,912,616,252,45,2376,211,3
Lebanon,1972,9090,1718,2267,549,120,91,126,255,285,434,598,1213,1842,1552,302,139,116,128,157,196,238,239,359,533,680,839,1003,938,614,256,46,2387,217,3
Lebanon,1973,9086,1726,2270,544,114,88,123,256,274,436,582,1228,1840,1564,305,142,114,122,152,193,243,254,328,543,685,853,987,956,608,259,46,2384,211,4
Lebanon,1974,9218,1735,2272,537,115,90,126,271,275,448,591,1259,1867,1589,310,150,121,122,153,196,252,278,313,556,703,878,989,979,610,262,48,2387,216,4
Lebanon,1975,9922,1753,2317,564,132,99,160,382,368,604,684,1322,1923,1618,313,211,171,161,207,276,328,347,337,582,740,916,1007,999,619,265,48,2449,259,4
Lebanon,1976,30793,4115,9054,4939,2171,890,778,1617,1269,1949,2051,3635,4448,2545,383,861,756,598,671,873,1076,1086,965,1594,2041,2289,2159,1664,881,325,58,11225,1668,4
Lebanon,1977,15644,2614,4125,1511,555,270,290,650,538,868,1093,2013,2803,2076,361,337,313,251,287,377,491,559,534,830,1183,1385,1418,1285,791,301,60,4680,560,5
Lebanon,1978,15781,2608,4122,1514,560,274,293,680,545,874,1158,1998,2845,2064,360,344,336,259,286,379,495,580,578,775,1223,1405,1440,1263,801,299,61,4682,567,5
Lebanon,1979,12829,2091,3315,1224,455,221,240,575,450,707,1000,1587,2338,1645,288,284,291,220,230,306,401,486,514,579,1008,1155,1183,996,649,240,48,3770,461,4
Lebanon,1980,13007,2086,3314,1228,459,223,246,599,474,717,1058,1583,2395,1644,290,294,305,240,234,309,408,504,554,570,1013,1184,1211,995,649,242,48,3773,469,4
Lebanon,1981,12978,2085,3316,1231,454,219,239,590,486,700,1078,1542,2425,1630,292,287,303,254,232,300,400,504,574,570,972,1204,1221,991,639,243,49,3770,458,4
Lebanon,1982,22315,3085,6200,3115,1309,554,523,1252,1008,1322,1870,2398,3580,1974,323,612,640,550,458,575,747,881,989,971,1427,1851,1729,1249,725,271,52,7509,1077,4
Lebanon,1983,10989,1737,2461,724,251,141,195,521,482,646,1007,1293,2208,1496,280,256,265,257,225,281,365,457,550,565,728,1109,1099,925,571,234,46,2712,336,4
Lebanon,1984,10873,1696,2398,702,242,135,185,506,487,625,999,1275,2229,1504,283,246,260,260,227,270,355,447,552,599,676,1115,1114,939,565,237,46,2640,320,4
Lebanon,1985,11012,1641,2321,680,247,136,185,515,518,632,1024,1317,2279,1544,287,250,265,272,246,274,358,453,571,646,671,1123,1156,972,572,239,48,2568,321,4
Lebanon,1986,10934,1575,2248,673,244,131,177,500,525,617,1017,1342,2273,1571,286,241,259,267,258,270,347,446,571,669,673,1084,1189,992,579,238,48,2492,308,4
Lebanon,1987,13302,1794,2957,1163,479,216,233,611,637,695,1181,1670,2592,1725,296,291,320,322,315,302,393,512,669,829,841,1191,1401,1100,625,246,50,3436,449,4
Lebanon,1988,13435,1752,2894,1142,486,219,235,621,667,707,1195,1784,2567,1765,295,294,327,329,338,314,393,518,677,865,919,1110,1457,1123,642,243,52,3380,454,4
Lebanon,1989,9569,1281,1577,296,97,72,130,398,489,546,901,1411,2035,1627,281,189,209,226,263,254,292,389,512,659,752,820,1215,1019,608,230,51,1674,202,4
Lebanon,1990,9733,1225,1503,278,97,72,132,400,504,567,912,1496,2049,1702,288,189,211,231,273,273,294,392,520,683,813,817,1232,1068,634,236,52,1600,204,4
Lebanon,1991,9460,1161,1421,260,100,74,110,317,409,479,846,1554,2063,1786,298,148,169,190,219,228,251,352,494,690,864,844,1219,1124,662,245,53,1521,184,4
Lebanon,1992,9693,1108,1355,247,108,78,115,325,426,514,860,1630,2087,1883,307,150,175,197,229,251,263,356,504,710,920,913,1174,1195,688,254,53,1463,193,4
Lebanon,1993,9674,1032,1269,237,102,75,110,317,422,528,846,1645,2084,1956,316,147,170,195,227,261,267,348,498,703,942,991,1093,1248,708,263,53,1371,185,5
Lebanon,1994,9724,962,1185,223,99,73,108,310,418,549,840,1673,2117,2020,329,145,165,191,227,273,276,344,496,703,970,1075,1042,1282,738,275,54,1284,181,5
Lebanon,1995,9908,903,1112,209,101,75,109,313,427,583,846,1716,2203,2072,344,145,168,195,232,286,297,348,498,711,1005,1161,1042,1296,776,287,57,1213,184,5
Lebanon,1996,9903,865,1064,199,98,73,109,302,415,600,831,1710,2274,2067,354,140,162,188,227,283,317,345,486,701,1009,1214,1060,1258,809,297,57,1162,182,5
Lebanon,1997,9616,814,987,173,85,66,98,274,384,585,789,1644,2324,2010,363,126,148,172,212,266,319,333,456,667,977,1223,1101,1169,841,304,59,1072,164,5
Lebanon,1998,9820,773,932,159,83,64,99,275,387,615,800,1665,2500,2006,384,127,148,172,215,272,343,345,455,673,992,1283,1217,1111,895,320,64,1015,163,5
Lebanon,1999,9728,734,882,148,77,62,94,259,367,610,786,1620,2595,1969,403,120,139,162,205,262,348,347,439,651,969,1294,1301,1056,913,336,67,959,156,5
Lebanon,2000,9632,685,827,142,72,58,91,249,352,600,781,1569,2660,1945,422,116,133,156,196,255,345,356,425,627,942,1295,1365,1039,906,351,71,899,149,6
Lebanon,2001,9518,641,774,133,64,54,86,237,333,581,784,1510,2699,1943,446,111,126,147,186,246,335,371,413,597,913,1284,1415,1062,881,371,75,838,140,6
Lebanon,2002,9032,599,720,121,56,49,76,213,298,530,745,1381,2597,1893,464,101,112,131,167,222,308,362,383,539,842,1205,1392,1087,806,387,77,776,125,6
Lebanon,2003,9102,552,660,108,53,47,74,208,293,524,767,1357,2644,1965,503,99,109,130,163,219,305,378,389,525,832,1203,1441,1195,770,419,84,713,121,7
Lebanon,2004,9073,501,604,103,52,45,72,201,282,512,775,1313,2643,2040,528,96,105,125,157,213,299,385,390,505,808,1179,1464,1291,749,437,91,656,117,8
Lebanon,2005,9258,455,551,96,49,43,72,202,278,512,810,1306,2696,2177,555,96,106,122,156,212,300,396,414,504,802,1183,1513,1403,774,453,102,600,115,9
Lebanon,2006,8985,421,507,86,46,38,68,199,269,495,794,1212,2573,2222,548,94,105,118,151,206,289,377,417,470,742,1111,1462,1428,794,439,109,553,106,10
Lebanon,2007,9187,390,471,81,46,38,66,189,254,478,819,1212,2621,2420,566,89,100,111,143,196,282,374,445,477,735,1122,1499,1531,889,440,126,517,104,11
Lebanon,2008,9511,367,445,78,46,38,66,192,255,481,859,1229,2670,2641,581,90,102,112,143,196,285,381,478,495,734,1137,1533,1631,1010,437,144,491,104,13
Lebanon,2009,9729,351,423,72,43,34,63,189,253,476,879,1238,2679,2833,600,88,101,112,141,192,284,381,498,512,726,1134,1545,1706,1127,444,156,466,97,15
Lebanon,2010,9990,345,413,68,42,34,61,187,251,471,894,1269,2693,3019,640,86,101,112,139,191,280,383,511,543,726,1131,1562,1780,1239,474,166,455,95,17
Lebanon,2011,10169,338,402,64,41,33,59,185,248,464,892,1305,2675,3162,689,86,99,112,136,186,278,381,511,579,726,1114,1561,1826,1336,520,169,443,92,20
Lebanon,2012,10457,328,394,66,40,32,57,182,247,463,899,1359,2685,3313,760,84,98,112,135,186,277,383,516,622,737,1106,1579,1875,1438,589,171,434,89,24
Lebanon,2013,11019,327,399,72,42,33,57,187,253,472,931,1459,2762,3536,861,85,102,115,138,190,282,396,535,678,781,1128,1634,1964,1572,693,168,441,90,28
Lebanon,2014,12766,364,446,82,47,37,64,209,287,528,1056,1715,3134,4134,1074,95,114,131,156,212,316,446,610,801,914,1274,1860,2262,1872,873,201,493,101,35
Lebanon,2015,13645,369,451,82,49,38,64,212,299,546,1099,1866,3278,4456,1244,95,117,136,163,220,326,462,637,860,1006,1332,1946,2401,2055,1011,233,500,102,39
Lebanon,2016,13663,338,411,73,46,34,59,194,279,516,1046,1851,3257,4560,1372,86,108,125,154,206,310,438,608,812,1039,1329,1928,2424,2136,1107,265,457,93,42
Lebanon,2017,13774,310,379,69,46,33,57,182,264,491,1004,1828,3262,4673,1514,82,100,117,147,195,296,421,583,774,1054,1344,1918,2459,2214,1207,307,425,90,45
Lebanon,2018,14178,284,348,64,47,34,55,171,251,476,989,1833,3361,4874,1689,78,93,110,141,188,288,416,573,765,1068,1407,1954,2548,2326,1327,362,395,89,48
Lebanon,2019,15123,258,318,60,51,36,58,172,251,483,1030,1905,3614,5238,1916,79,93,110,141,190,293,437,593,802,1103,1533,2081,2725,2513,1486,430,369,94,54
Lebanon,2020,17243,233,288,55,55,37,52,155,236,503,1188,2290,4243,5908,2224,71,84,100,136,195,308,500,688,983,1307,1876,2367,3055,2853,1694,530,343,89,63
Lebanon,2021,22616,218,267,49,52,39,72,202,310,689,1671,3293,5564,7703,2687,94,108,129,181,267,422,692,979,1452,1841,2462,3102,3951,3752,2080,607,319,111,68
Lesotho,1950,7044,2094,3018,924,236,136,131,263,247,286,364,564,969,705,119,136,127,121,126,138,148,170,194,232,332,455,514,440,265,98,21,3254,267,2
Lesotho,1951,6902,1996,2914,918,235,136,134,271,252,286,374,559,945,684,115,140,131,125,127,138,148,174,200,234,325,444,501,428,256,95,20,3149,270,2
Lesotho,1952,6770,1997,2864,867,233,132,131,271,246,280,372,545,918,666,110,140,131,121,125,134,146,171,201,235,310,431,487,417,249,92,18,3097,263,2
Lesotho,1953,6643,1986,2806,820,230,128,131,270,243,275,371,538,890,648,108,139,131,121,122,133,142,170,201,238,300,417,473,406,242,90,18,3036,259,2
Lesotho,1954,6524,1983,2767,784,231,123,129,269,242,265,367,530,864,632,105,138,131,121,121,128,137,168,199,241,289,405,459,396,236,87,18,2998,252,2
Lesotho,1955,6443,1976,2735,759,228,120,126,268,241,262,370,530,841,618,103,137,131,121,120,126,136,168,202,249,281,393,448,388,230,85,18,2963,246,2
Lesotho,1956,6351,1969,2718,749,218,117,125,265,241,256,363,529,814,605,101,134,131,121,120,124,132,163,200,251,278,379,435,379,226,83,18,2936,242,2
Lesotho,1957,6305,1971,2713,742,211,114,124,265,242,254,362,535,792,591,99,134,131,122,120,123,131,161,201,254,281,368,424,370,221,83,16,2924,238,2
Lesotho,1958,6304,1984,2728,744,209,118,121,266,244,256,360,551,771,580,97,134,132,124,120,124,132,161,199,261,290,357,414,363,217,81,16,2937,239,2
Lesotho,1959,6345,2007,2758,751,209,121,121,268,248,264,364,570,756,567,96,134,134,126,122,128,136,163,201,266,304,350,406,354,213,80,16,2967,242,2
Lesotho,1960,6399,2043,2806,763,211,125,122,268,254,267,363,589,740,560,93,134,134,129,125,129,138,164,199,269,320,342,398,349,211,77,16,3017,247,2
Lesotho,1961,6502,2090,2871,781,221,128,124,271,259,276,368,609,730,548,93,136,135,133,126,133,143,168,200,272,337,343,387,341,207,77,16,3092,252,2
Lesotho,1962,6630,2144,2951,807,228,131,127,276,267,288,374,626,728,541,93,138,138,136,131,138,150,172,202,276,350,351,377,336,205,77,16,3179,258,2
Lesotho,1963,6809,2204,3038,834,240,137,135,285,281,300,387,646,736,530,91,142,143,142,139,143,157,181,206,282,364,367,369,330,200,75,16,3278,272,2
Lesotho,1964,6948,2262,3123,861,249,139,143,287,287,306,395,658,747,523,90,143,144,145,142,145,161,187,208,283,375,385,362,323,200,74,16,3372,282,2
Lesotho,1965,7114,2324,3208,884,259,143,150,294,297,319,407,669,764,514,90,146,148,149,148,150,169,194,213,286,383,407,357,318,196,74,16,3467,293,2
Lesotho,1966,7254,2379,3281,902,267,149,155,298,300,328,418,674,785,505,90,149,149,150,150,155,173,201,217,286,388,427,358,312,193,74,16,3548,304,2
Lesotho,1967,7390,2424,3342,918,273,154,159,302,306,341,432,684,810,496,90,152,150,151,155,160,181,210,222,289,395,443,367,305,191,74,16,3615,313,2
Lesotho,1968,7446,2451,3368,917,275,158,158,302,307,339,440,682,838,487,90,155,147,150,157,161,178,213,227,287,395,455,383,298,189,74,16,3643,316,2
Lesotho,1969,7521,2469,3383,914,275,162,158,308,310,343,457,686,869,480,89,163,145,151,159,164,179,220,237,289,397,467,402,293,187,73,16,3658,320,2
Lesotho,1970,7573,2481,3389,908,274,164,159,310,311,346,467,687,898,476,89,164,146,150,161,167,179,223,244,291,396,474,424,291,185,73,16,3663,323,2
Lesotho,1971,7644,2504,3404,900,270,166,163,311,310,350,480,694,929,479,88,166,145,149,161,170,180,227,253,297,397,484,445,295,184,72,16,3674,329,2
Lesotho,1972,7691,2524,3419,895,268,165,166,312,306,352,486,694,949,482,88,166,146,146,160,172,180,226,260,302,392,488,461,303,179,72,16,3687,331,2
Lesotho,1973,7726,2537,3423,886,263,165,168,311,302,354,491,702,963,495,88,164,147,144,158,173,181,224,267,311,391,489,474,318,177,72,16,3686,333,2
Lesotho,1974,7891,2562,3436,874,258,164,174,324,310,374,515,729,998,520,89,167,157,147,163,183,191,233,282,327,402,502,496,342,178,73,16,3694,338,2
Lesotho,1975,7843,2589,3448,859,251,159,171,314,297,363,502,725,991,531,88,160,154,140,157,176,187,224,278,330,395,493,498,355,176,72,16,3699,330,2
Lesotho,1976,7831,2601,3445,844,244,153,169,312,287,360,498,736,988,550,87,162,150,136,151,173,187,221,277,338,398,486,502,371,179,71,16,3689,322,2
Lesotho,1977,7840,2582,3409,827,237,147,168,314,286,363,501,755,997,577,87,164,150,136,150,172,191,223,278,349,406,486,511,390,187,71,16,3646,315,2
Lesotho,1978,7757,2525,3331,806,231,142,164,307,277,357,498,765,998,600,86,164,143,134,143,168,189,222,276,353,412,483,515,402,198,70,16,3562,306,2
Lesotho,1979,7658,2458,3235,777,223,137,159,297,272,354,494,777,999,624,85,159,138,134,138,165,189,220,274,358,419,483,516,414,210,69,16,3458,296,2
Lesotho,1980,7558,2385,3127,742,218,134,158,291,259,342,490,788,1010,654,88,158,133,130,129,157,185,219,271,361,427,489,521,428,226,72,16,3345,292,2
Lesotho,1981,7390,2309,3014,705,212,127,149,283,253,335,482,785,997,662,87,153,130,127,126,153,182,217,265,357,428,486,511,429,233,71,16,3226,276,2
Lesotho,1982,7334,2234,2901,667,205,123,144,287,250,334,489,805,1015,688,93,152,135,126,124,152,182,220,269,363,442,500,515,441,247,77,16,3106,267,2
Lesotho,1983,7296,2169,2801,632,199,121,143,286,252,331,494,821,1037,713,99,151,135,125,127,148,183,224,270,366,455,516,521,452,261,83,16,3000,264,2
Lesotho,1984,7245,2107,2709,602,195,118,139,284,250,324,500,832,1057,731,106,149,135,122,128,144,180,227,273,366,466,530,527,460,271,90,16,2904,257,2
Lesotho,1985,7214,2048,2623,575,189,117,138,285,254,326,509,844,1077,738,111,148,137,122,132,144,182,231,278,369,475,544,533,461,277,95,16,2812,255,2
Lesotho,1986,7217,2003,2554,551,186,116,138,290,261,323,517,855,1105,751,119,149,141,126,135,142,181,234,283,372,483,559,546,464,287,101,18,2740,254,2
Lesotho,1987,7369,1985,2522,537,179,114,140,306,282,344,551,893,1145,764,126,155,151,139,143,152,192,248,303,391,502,583,562,469,295,107,19,2701,254,2
Lesotho,1988,7466,1944,2460,516,174,116,141,316,298,356,577,932,1188,776,135,158,158,149,149,160,196,259,318,411,521,607,581,473,303,114,21,2634,257,2
Lesotho,1989,7691,1892,2396,504,173,118,147,337,326,393,630,997,1243,788,142,167,170,165,161,183,210,281,349,445,552,639,604,480,308,119,23,2569,265,2
Lesotho,1990,7858,1852,2351,499,174,120,152,353,351,415,662,1041,1285,805,149,173,180,179,172,196,219,293,369,469,572,660,625,491,314,123,26,2525,272,2
Lesotho,1991,8150,1830,2321,491,175,125,163,379,394,450,714,1116,1336,821,155,185,194,199,195,215,235,314,400,508,608,687,649,503,318,128,27,2496,288,3
Lesotho,1992,8462,1837,2330,493,180,131,175,407,435,486,756,1177,1378,842,162,198,209,218,217,234,252,332,424,540,637,708,670,519,323,134,28,2510,306,3
Lesotho,1993,8812,1859,2367,508,188,138,188,441,483,527,792,1239,1415,867,165,214,227,239,244,253,274,344,448,573,666,725,690,537,330,136,29,2555,326,3
Lesotho,1994,8908,1904,2440,536,200,146,198,440,483,519,762,1236,1422,889,172,216,224,238,245,243,276,328,434,570,666,721,701,552,337,140,32,2640,344,3
Lesotho,1995,9631,1981,2546,565,213,159,223,519,586,617,847,1350,1473,915,178,252,267,286,300,289,328,366,481,628,722,752,721,569,346,144,34,2759,382,4
Lesotho,1996,10514,2070,2663,593,224,175,254,629,734,753,949,1473,1523,946,182,304,325,355,379,363,390,415,534,691,782,785,738,587,359,147,35,2887,429,4
Lesotho,1997,11543,2142,2760,618,232,189,289,775,927,930,1077,1616,1576,974,187,368,407,446,481,460,470,482,595,764,852,823,753,602,372,151,36,2992,478,4
Lesotho,1998,12716,2166,2807,641,236,202,328,949,1174,1158,1246,1783,1632,1005,194,444,505,559,615,587,571,580,666,849,934,866,766,619,386,155,39,3043,530,5
Lesotho,1999,14032,2174,2838,664,240,214,367,1152,1463,1418,1449,1961,1689,1035,199,532,620,693,770,740,678,707,742,937,1024,911,778,633,402,160,39,3078,581,5
Lesotho,2000,15350,2186,2861,675,245,228,411,1365,1748,1692,1647,2136,1744,1059,205,621,744,824,924,893,799,831,816,1022,1114,955,789,642,417,166,39,3106,639,5
Lesotho,2001,16713,2224,2906,682,246,237,447,1594,2061,2015,1837,2282,1790,1080,216,711,883,969,1092,1064,951,944,893,1089,1193,992,798,647,433,174,42,3152,684,5
Lesotho,2002,17771,2281,2974,693,257,252,490,1760,2214,2233,1992,2421,1851,1100,224,784,976,1044,1170,1167,1066,1026,966,1147,1274,1039,812,652,448,181,43,3231,742,6
Lesotho,2003,18715,2328,3031,703,263,260,523,1913,2357,2439,2148,2521,1902,1113,234,845,1068,1114,1243,1261,1178,1100,1048,1189,1332,1080,822,650,463,189,45,3294,783,6
Lesotho,2004,19425,2321,3043,722,267,258,524,1934,2363,2590,2358,2714,1994,1125,247,849,1085,1115,1248,1312,1278,1171,1187,1273,1441,1154,840,649,476,200,47,3310,782,6
Lesotho,2005,19765,2310,3041,731,268,261,542,2027,2421,2673,2438,2700,1997,1132,257,887,1140,1157,1264,1340,1333,1202,1236,1264,1436,1161,836,646,486,207,50,3309,803,7
Lesotho,2006,19795,2319,3045,726,268,260,550,2095,2450,2680,2453,2614,1963,1134,268,913,1182,1192,1258,1332,1348,1229,1224,1225,1389,1142,821,641,493,217,51,3313,810,7
Lesotho,2007,19540,2325,3020,695,259,256,552,2153,2469,2621,2406,2465,1909,1136,280,935,1218,1228,1241,1293,1328,1224,1182,1164,1301,1104,805,638,498,225,55,3279,808,7
Lesotho,2008,19386,2307,3003,696,254,241,512,2050,2380,2585,2511,2522,1895,1134,293,884,1166,1194,1186,1249,1336,1287,1224,1236,1286,1095,800,633,501,235,58,3257,753,7
Lesotho,2009,19310,2121,2743,622,215,211,480,2274,2752,2711,2443,2288,1746,1131,305,935,1339,1411,1341,1330,1381,1296,1147,1159,1129,986,760,627,504,244,61,2958,691,8
Lesotho,2010,17848,1956,2545,589,216,209,461,2037,2369,2347,2289,2213,1713,1125,312,858,1179,1226,1143,1132,1215,1204,1085,1137,1076,957,756,621,504,249,63,2761,670,8
Lesotho,2011,17225,1947,2514,567,206,197,428,1921,2257,2192,2250,2150,1657,1121,323,804,1117,1170,1087,1051,1141,1170,1080,1113,1037,913,744,616,505,256,67,2720,625,9
Lesotho,2012,16545,1943,2487,544,197,185,394,1777,2121,2025,2197,2110,1600,1117,332,738,1039,1096,1025,967,1058,1126,1071,1095,1015,871,729,612,505,261,71,2684,579,9
Lesotho,2013,15878,1966,2504,538,193,177,367,1617,1954,1843,2125,2084,1554,1113,337,668,949,1003,951,876,967,1068,1057,1070,1014,837,717,609,504,264,73,2697,544,10
Lesotho,2014,15341,2000,2557,557,195,175,346,1488,1825,1687,2038,2066,1505,1112,344,612,876,933,892,803,884,1006,1032,1035,1031,802,703,609,503,266,78,2752,521,11
Lesotho,2015,14836,1996,2557,561,196,172,327,1368,1709,1558,1957,2055,1470,1109,348,562,806,869,840,747,811,947,1010,1015,1040,780,690,608,501,269,79,2753,499,11
Lesotho,2016,14279,1934,2450,516,183,159,302,1246,1601,1465,1887,2060,1454,1110,352,510,736,808,793,710,755,897,990,1022,1038,776,678,610,500,270,82,2633,461,12
Lesotho,2017,13976,1924,2459,535,189,158,287,1156,1518,1388,1819,2075,1450,1109,357,475,681,763,755,683,705,848,971,1033,1042,786,664,610,499,273,84,2648,445,13
Lesotho,2018,13734,1912,2444,532,189,156,280,1094,1470,1341,1750,2069,1460,1108,360,453,641,736,734,671,670,804,946,1036,1033,807,653,608,500,274,86,2633,436,13
Lesotho,2019,13636,1914,2449,535,194,157,275,1049,1448,1319,1699,2066,1492,1108,363,438,611,720,728,670,649,772,927,1044,1022,849,643,604,504,276,87,2643,432,14
Lesotho,2020,13662,1879,2403,524,192,154,247,899,1308,1306,1730,2255,1626,1156,373,382,517,632,676,660,646,771,959,1136,1119,958,668,630,526,283,90,2595,401,15
Lesotho,2021,15250,1835,2344,509,188,153,270,1007,1555,1530,1954,2583,1896,1342,411,420,587,743,812,777,753,870,1084,1299,1284,1111,785,724,618,313,98,2532,423,16
Less developed regions,1950,18660664,5699658,8752381,3052723,773223,422244,449166,958001,939362,981547,1126807,1596353,1626329,903382,129424,481377,476624,465377,473985,492077,489470,541224,585583,763442,832911,844714,781615,587346,316036,106072,23352,9525604,871410,2444
Less developed regions,1951,18608882,5728293,8802339,3074046,774793,412241,444506,953724,933570,977972,1125073,1581535,1606006,871069,123558,479715,474009,461867,471703,487591,490381,540122,584951,754886,826649,838074,767932,566414,304655,102860,20698,9577132,856747,2495
Less developed regions,1952,18510924,5825970,8881439,3055469,747937,398000,435284,939760,920021,965602,1116504,1557944,1581096,844373,120286,472799,466961,454370,465651,478750,486852,535145,581359,736956,820988,830105,750991,550543,293830,100371,19915,9629376,833284,2677
Less developed regions,1953,18504108,5811249,8880982,3069733,806507,390558,431049,939132,916656,964753,1118138,1545937,1563934,825701,118071,472161,466971,453335,463321,476297,488456,535820,582318,722337,823600,828286,735648,540516,285185,98673,19398,9687489,821607,2689
Less developed regions,1954,18389516,5834578,8917575,3082997,756244,379776,420133,925804,902660,956224,1116003,1536234,1549984,810346,116007,465238,460566,447918,454742,469808,486416,536226,579777,710760,825474,827737,722247,532684,277662,97132,18875,9673819,799909,2525
Less developed regions,1955,18362486,5824584,8893291,3068707,764116,375205,412979,921195,898551,956236,1124894,1541963,1553578,803235,114972,462503,458692,446981,451570,468458,487778,542329,582565,712406,829557,832635,720943,530650,272585,96121,18851,9657407,788184,2272
Less developed regions,1956,18285560,5747313,8802162,3054849,778130,373141,405944,916751,894170,954715,1135747,1548236,1563731,797303,113404,459546,457205,445227,448943,467606,487109,548261,587486,719780,828456,838591,725140,529430,267873,94414,18990,9580292,779085,2126
Less developed regions,1957,18421674,5818007,8864754,3046747,801050,377270,401414,916333,894460,957062,1152050,1560496,1588321,794873,111451,458345,457988,445847,448613,468877,488185,556375,595675,732381,828115,854157,734164,529101,265772,92476,18975,9665804,778684,2139
Less developed regions,1958,18343128,5728579,8744763,3016184,823886,380487,395094,910500,893384,954204,1163262,1564180,1611327,790319,109574,453485,457015,445742,447642,466651,487553,561657,601605,741033,823147,869724,741603,525868,264451,90827,18747,9568649,775581,2149
Less developed regions,1959,20422110,6054374,9760597,3706223,1028266,472576,429004,977310,968193,1044054,1308001,1730937,1772480,818841,109711,484593,492717,481289,486904,507026,537028,627617,680384,825660,905277,962267,810213,547849,270992,91207,18504,10788863,901580,2138
Less developed regions,1960,22158202,6315796,10483187,4167391,1257811,573082,466350,1043442,1043172,1130594,1441719,1879755,1890769,837844,108364,514424,529018,516897,526275,546509,584085,686229,755490,898280,981475,1031296,859473,564513,273331,90271,18093,11740998,1039432,2112
Less developed regions,1961,19782616,5714318,9107630,3393312,1046612,497889,430330,969011,974678,1044964,1323482,1736611,1748248,799437,101764,474521,494490,484266,490412,505769,539195,628759,694723,829092,907519,949287,798961,538164,261273,84992,16772,10154242,928219,1959
Less developed regions,1962,17869954,5548882,8267821,2718939,806470,401714,391185,887696,899588,950283,1193206,1585709,1618331,768799,97293,432267,455429,448254,451334,461419,488864,566900,626306,754500,831209,866328,752003,515864,252935,81381,15912,9074291,792899,1859
Less developed regions,1963,18273256,5893112,8602865,2709753,801883,410042,395668,881788,904818,953285,1201560,1606700,1638824,777902,96148,427749,454039,450347,454471,463638,489647,568177,633383,763044,843656,865560,773264,523698,254204,80782,15366,9404748,805710,1773
Less developed regions,1964,18259864,5838618,8598657,2760039,775954,410738,398671,867028,900246,946912,1201892,1620333,1655090,786677,95965,420652,446376,447910,452336,462579,484333,565616,636276,770848,849485,865245,789845,530822,255855,80953,15012,9374611,809409,1700
Less developed regions,1965,18697296,5845135,8782117,2936982,801820,433119,413354,877179,917804,965966,1232185,1671022,1700254,804063,96779,426974,450205,456614,461190,472723,493243,577990,654195,797088,873934,887912,812342,543168,260895,81942,14837,9583937,846473,1633
Less developed regions,1966,18576572,5748142,8662607,2914465,774482,432078,416761,863809,911573,956276,1229027,1687959,1719660,822209,98549,422839,440970,452912,458661,468266,488010,575827,653200,804951,883008,901239,818421,555519,266690,83615,14934,9437089,848839,1582
Less developed regions,1967,18449270,5639064,8530963,2891899,768334,422458,412981,840022,892201,943095,1228520,1715127,1746754,846964,100297,414783,425239,442081,450120,460663,482432,574432,654088,816700,898427,922664,824090,574481,272483,85229,15068,9299297,835439,1552
Less developed regions,1968,18313294,5622839,8398615,2775776,771374,405493,409292,820634,871886,929581,1221263,1735656,1769872,875219,102828,409725,410909,430309,441577,453033,476548,568570,652693,824669,910987,942016,827856,596179,279040,87451,15377,9169989,814785,1580
Less developed regions,1969,18354204,5617943,8355114,2737171,798813,395200,409131,814504,857486,925106,1221925,1767974,1799354,902081,105882,412117,402387,420980,436506,449104,476002,565618,656307,837174,930800,961939,837415,616061,286020,90035,15847,9153927,804331,1634
Less developed regions,1970,18542068,5594415,8344786,2750371,850112,401988,420729,827812,858713,934855,1233743,1802610,1833669,921590,109764,423518,404294,419536,439177,452729,482126,569310,664433,850353,952257,981016,852653,628364,293226,93215,16549,9194898,822717,1695
Less developed regions,1971,18764026,5567882,8373844,2805962,882286,393508,425631,841664,853861,949354,1255032,1846006,1888970,938833,113332,434233,407431,415079,438782,458495,490859,577889,677143,865732,980274,1009819,879151,636773,302060,95860,17472,9256130,819139,1704
Less developed regions,1972,18200680,5400957,8039652,2638695,826529,375393,417455,826088,819660,918152,1221449,1812746,1879889,945404,116410,430737,395351,396312,423348,443731,474421,560639,660810,845470,967276,998831,881058,633469,311935,97833,18577,8866181,792848,1852
Less developed regions,1973,17982656,5308285,7883660,2575375,805639,375363,414060,827982,797997,907796,1206099,1797787,1887846,956186,120180,434487,393495,384439,413558,438191,469605,554357,651742,834775,963012,998639,889207,632927,323259,100518,19662,8689299,789423,2062
Less developed regions,1974,17874008,5205496,7734896,2529400,795510,383286,413090,839703,784775,905799,1200881,1798178,1912423,977125,125940,441044,398659,378223,406552,437081,468718,554461,646420,831388,966790,1010317,902106,641610,335515,104935,21005,8530406,796376,2401
Less developed regions,1975,17775282,5059980,7541286,2481306,789363,390476,411692,854800,776050,907969,1203636,1808442,1948139,1006497,134055,449248,405552,375011,401039,437794,470175,557428,646208,833787,974655,1028507,919632,659229,347268,111184,22871,8330649,802168,2876
Less developed regions,1976,17667758,4927257,7305271,2378014,777411,406311,421432,881968,779382,912005,1204250,1811226,1981964,1040691,142691,462858,419110,378849,400533,439929,472076,558670,645580,835252,975974,1042831,939133,682163,358528,118265,24426,8082682,827743,3155
Less developed regions,1977,17345782,4809203,7099220,2290017,746113,381545,395815,850468,741170,883980,1187591,1809899,2017950,1077661,150961,443900,406568,362358,378812,424205,459775,549407,638184,833737,976162,1056714,961236,707746,369915,125549,25412,7845333,777360,3408
Less developed regions,1978,17247938,4733062,6957948,2224886,728020,368965,389891,841461,725830,871483,1188286,1822266,2067879,1121708,160678,436117,405344,358284,367546,415931,455552,548538,639748,836676,985590,1077257,990622,737874,383834,134239,26439,7685968,758856,3522
Less developed regions,1979,17201358,4699612,6857227,2157615,710616,358296,387668,829304,715917,857552,1188427,1830828,2121346,1168903,171575,426135,403169,357564,358353,406414,451138,546511,641916,836203,994625,1098251,1023095,767875,401028,143481,28094,7567843,745964,3698
Less developed regions,1980,17217096,4673608,6783336,2109728,692227,351161,387124,818686,710640,846250,1192599,1846984,2178405,1222938,182849,415957,402729,358343,352297,397770,448480,546528,646071,839950,1007034,1120091,1058314,800280,422658,152428,30421,7475563,738285,3896
Less developed regions,1981,17205798,4641131,6710881,2069750,681803,344521,386801,806207,707424,834312,1191919,1857472,2218325,1271038,190864,405730,400477,359571,347853,389113,445199,545841,646078,841957,1015515,1133226,1085099,828399,442639,157871,32993,7392684,731322,4231
Less developed regions,1982,17259412,4621310,6664095,2042785,672593,339368,385144,798206,710022,826662,1197443,1874423,2262966,1324921,198987,399568,398638,363121,346901,382396,444266,547910,649533,847632,1026791,1149321,1113645,859088,465833,163661,35326,7336688,724512,4581
Less developed regions,1983,17392844,4581900,6650672,2068772,674875,341087,383134,798497,719558,821834,1207413,1892892,2308955,1380476,208433,400919,397578,369204,350354,378069,443765,551340,656073,857320,1035572,1167117,1141838,890541,489935,170427,38006,7325547,724221,5017
Less developed regions,1984,17453264,4542196,6590107,2047911,671412,336558,380349,798658,729430,816166,1214388,1905942,2351001,1435504,218584,404801,393857,373727,355703,374861,441305,553901,660487,867043,1038899,1182778,1168223,923189,512315,178585,39999,7261519,716907,5163
Less developed regions,1985,17527532,4507730,6527118,2019388,670607,333069,380585,801777,742925,812736,1221410,1921142,2389668,1490276,230784,411009,390768,380558,362367,374226,438510,556379,665031,876518,1044624,1197970,1191698,955235,535041,188744,42040,7197725,713654,5434
Less developed regions,1986,17546754,4475476,6447559,1972083,660734,323757,378102,799336,751393,807660,1226006,1935198,2422066,1544421,244537,413859,385477,383680,367713,373826,433834,556742,669264,883243,1051955,1212258,1209808,985142,559279,200361,44176,7108293,701859,5985
Less developed regions,1987,17571570,4412623,6335784,1923161,653776,318438,380466,806665,767437,810210,1233568,1950624,2452056,1596417,259164,418203,388462,390194,377243,378818,431392,558406,675162,890935,1059689,1225066,1226990,1012592,583825,212961,46203,6989560,698904,6965
Less developed regions,1988,17761490,4380645,6333026,1952381,659675,317734,380900,811843,780458,815202,1245340,1982822,2492976,1656542,277091,417332,394511,394181,386277,385471,429731,560614,684726,905470,1077352,1240396,1252580,1044280,612262,228020,49071,6992701,698634,7881
Less developed regions,1989,17680404,4279238,6146822,1867584,635033,307838,376709,813076,783520,818017,1246202,2005101,2525293,1719251,294815,413258,399818,392271,391249,391919,426098,556887,689315,912532,1092569,1249139,1276154,1077234,642017,242482,52333,6781855,684547,8726
Less developed regions,1990,17845688,4232404,6076773,1844369,629596,309215,376743,827254,796308,832727,1258490,2044201,2579711,1790303,314951,416261,410993,394265,402043,403359,429368,558620,699870,927570,1116631,1270948,1308763,1115167,675136,258623,56328,6706369,685958,9416
Less developed regions,1991,18084448,4121713,5970684,1848971,645792,319154,379304,851027,817680,859194,1280155,2096197,2654259,1864589,336579,424109,426918,401078,416602,419845,439349,565342,714813,950291,1145906,1304144,1350115,1154547,710042,276265,60314,6616476,698458,9831
Less developed regions,1992,18003586,4008253,5806059,1797806,635310,314813,373764,856263,822137,870774,1275705,2109695,2677555,1898354,353039,424904,431359,402108,420029,427663,443111,560693,715012,955661,1154034,1313495,1364060,1169602,728752,289047,63992,6441369,688577,10116
Less developed regions,1993,17960844,3899548,5633690,1734142,626319,314073,370490,860680,834559,890214,1274443,2131102,2707088,1937761,370136,427147,433533,409828,424731,437942,452272,559087,715356,963089,1168013,1330707,1376381,1189280,748481,302331,67805,6260009,684563,10287
Less developed regions,1994,18298446,3821731,5506318,1684587,630024,322753,387837,910980,896770,951044,1303653,2189435,2779746,2013555,395609,451870,459110,445302,451468,469721,481323,574014,729639,988927,1200508,1372855,1406891,1230661,782894,322212,73397,6136342,710590,10722
Less developed regions,1995,18170226,3744437,5384893,1640456,623240,314111,368066,872676,863344,943176,1292026,2201351,2818194,2060545,417090,431066,441610,432231,431113,460982,482194,569244,722782,990483,1210868,1395449,1422745,1255258,805287,337745,79345,6008133,682177,11513
Less developed regions,1996,18361942,3658379,5255945,1597566,622600,316722,373302,888950,886426,976710,1310329,2249443,2893171,2133444,442450,436708,452242,448464,437962,476082,500628,580590,729739,1008087,1241356,1432839,1460332,1297979,835465,356419,86031,5878545,690024,12449
Less developed regions,1997,18364358,3565746,5116500,1550754,609707,314720,373545,888416,894701,995348,1312784,2266244,2933451,2183579,461862,433931,454485,454215,440486,483536,511812,586139,726645,1010069,1256175,1452081,1481370,1326173,857406,370248,91614,5726207,688265,13500
Less developed regions,1998,18431520,3488221,5014404,1526183,605221,319254,380345,896328,913341,1018457,1322175,2273696,2971194,2221834,480392,435989,460339,460595,452746,492769,525688,597237,724938,1006956,1266740,1470304,1500890,1343887,877947,383129,97263,5619625,699599,14879
Less developed regions,1999,18452696,3369350,4808066,1438716,573027,310011,375790,885946,923143,1031820,1339389,2302787,3060881,2313537,511813,429415,456531,461077,462066,495606,536214,612229,727160,1010153,1292634,1507378,1553503,1391186,922351,407114,104699,5381093,685801,16486
Less developed regions,2000,18471588,3291357,4670916,1379559,550014,306316,376988,889201,940917,1042158,1354833,2310159,3110785,2367894,533429,431566,457635,466413,474504,495587,546571,625528,729305,1005680,1304479,1526505,1584280,1418629,949265,422475,110954,5220930,683304,17975
Less developed regions,2001,18344364,3200588,4523506,1322918,535469,301529,376488,888891,955307,1045653,1358751,2286748,3116462,2390525,545746,432617,456274,470570,484737,493022,552631,633347,725404,990175,1296573,1528668,1587794,1427665,962860,430180,115566,5058975,678017,19289
Less developed regions,2002,18416408,3105066,4374623,1269557,525851,296654,375226,884949,966037,1056969,1380386,2298380,3188626,2476329,571736,433237,451712,473134,492903,493584,563385,647694,732692,989654,1308726,1559916,1628710,1473230,1003099,449848,121888,4900474,671880,20642
Less developed regions,2003,18467928,2996993,4209617,1212624,507527,289204,371114,880785,971626,1071521,1404516,2298707,3263096,2573541,604599,432929,447856,476135,495491,499001,572520,663108,741408,986952,1311755,1589381,1673715,1527788,1045753,475466,129133,4717144,660318,22075
Less developed regions,2004,18645500,2901415,4075730,1174315,508070,291147,374686,887072,983093,1101041,1445556,2313694,3338928,2666642,636787,438030,449042,479972,503121,515245,585796,682243,763313,995843,1317851,1622949,1715979,1583897,1082745,500903,135884,4583800,665833,23054
Less developed regions,2005,18600164,2802051,3914009,1111958,487744,279309,364721,866297,959564,1094603,1461749,2308434,3401637,2766042,671807,427994,438303,466326,493238,515119,579484,688750,772999,996203,1312231,1647267,1754370,1640194,1125848,528156,143651,4401753,644030,24246
Less developed regions,2006,18587326,2705788,3760174,1054386,469742,266199,352854,848736,937583,1094289,1482352,2313080,3464720,2865624,707024,418663,430073,452645,484938,518976,575313,695173,787179,1002691,1310389,1671159,1793561,1692895,1172729,555848,151176,4229916,619053,24948
Less developed regions,2007,18718980,2628469,3635019,1006550,458255,258923,345373,843390,925815,1101943,1515822,2337673,3541457,2981404,747552,414852,428538,444750,481065,524986,576957,706546,809276,1020587,1317086,1699925,1841532,1754723,1226681,587151,160401,4093274,604296,26353
Less developed regions,2008,18984170,2557916,3533314,975398,460024,261102,345850,851289,928438,1123886,1564463,2380031,3619149,3103788,785082,418077,433212,443137,485301,533530,590356,723297,841166,1049973,1330058,1726494,1892655,1821002,1282786,615059,170023,3993338,606952,27753
Less developed regions,2009,18930414,2476304,3398559,922255,431687,246140,329413,824649,891690,1112630,1572674,2404776,3658505,3209331,821085,403591,421058,424688,467002,522208,590422,719112,853562,1071687,1333089,1729254,1929251,1872148,1337183,640942,180143,3830246,575553,29274
Less developed regions,2010,19064336,2405938,3297328,891390,427694,244963,324856,815523,876025,1121179,1598449,2449855,3702329,3313470,861943,399151,416372,417811,458214,521388,599791,721199,877250,1101629,1348226,1733845,1968484,1922709,1390761,670885,191058,3725022,569819,30722
Less developed regions,2011,19088732,2327585,3177198,849613,407459,233743,310079,784036,849577,1121882,1620371,2498096,3741028,3409967,902923,382023,402013,405340,444237,516394,605488,722299,898072,1132434,1365662,1735914,2005114,1971030,1438937,701133,201790,3584657,543822,32373
Less developed regions,2012,19146236,2259908,3077323,817415,400111,229359,301311,762093,835467,1124572,1649511,2550815,3760316,3484564,936663,369036,393057,399652,435815,514180,610392,730805,918706,1164021,1386794,1730185,2030131,2006124,1478440,726094,210569,3477434,530670,34130
Less developed regions,2013,19223996,2187734,2976871,789137,389382,223400,290265,734031,816928,1118520,1689898,2617450,3779272,3575157,976267,352831,381200,391170,425758,509992,608528,750914,938984,1201034,1416416,1728382,2050890,2047668,1527489,756765,219502,3366253,513665,36554
Less developed regions,2014,19368450,2109503,2869563,760060,384044,219951,283650,714090,809164,1115951,1738133,2697589,3803378,3666944,1026437,340333,373757,387497,421667,506466,609485,780863,957270,1237081,1460508,1736776,2066602,2091489,1575455,795371,231066,3253607,503601,39553
Less developed regions,2015,19548706,2038410,2769430,731020,379732,217415,278325,697419,805410,1117598,1784977,2782889,3833766,3759007,1080511,329894,367525,384678,420732,503637,613961,813598,971379,1275422,1507467,1753609,2080157,2135065,1623942,836412,244099,3149162,495740,42227
Less developed regions,2016,19714748,1975891,2677463,701572,373122,213014,272731,680578,801841,1114648,1821291,2860611,3868960,3850482,1134312,319919,360659,381600,420241,498833,615815,840151,981140,1305737,1554874,1775640,2093320,2177208,1673274,874700,259612,3050585,485745,45696
Less developed regions,2017,19899408,1910630,2582324,671694,366891,209729,269280,666784,799649,1110204,1842950,2935055,3917800,3955317,1194337,313334,353450,379310,420339,493962,616242,852841,990109,1328554,1606501,1811364,2106436,2225365,1729952,917723,276614,2949215,479009,49088
Less developed regions,2018,20111872,1849247,2495797,646550,362554,207438,266590,655859,797931,1103057,1856280,3009096,3984624,4057766,1262363,308635,347224,376799,421132,489337,613720,850092,1006188,1344928,1664168,1863283,2121341,2266267,1791499,965721,296642,2858351,474028,52514
Less developed regions,2019,20406772,1791367,2415849,624482,355319,205197,264880,649105,799501,1100315,1879701,3076965,4091066,4173088,1339474,306318,342787,376617,422884,488510,611805,848355,1031346,1356681,1720284,1941060,2150006,2309480,1863608,1017930,321544,2771168,470077,56312
Less developed regions,2020,21863624,1730455,2331512,601057,347671,202245,256865,627793,810102,1172149,2118751,3510262,4508520,4480285,1437167,295666,332127,374621,435481,516281,655868,933340,1185411,1532681,1977581,2199692,2308828,2465830,2014455,1090202,346965,2679183,459110,60299
Less developed regions,2021,24442830,1689473,2272466,582993,341037,203590,280399,691013,904511,1337525,2463283,4069014,5187199,5038791,1586737,327760,363253,415615,488896,585846,751679,1078816,1384467,1775317,2293697,2567736,2619463,2758693,2280098,1203519,383218,2613503,483989,67265
"Less developed regions, excluding China",1950,12740330,4342727,6749029,2406302,521812,288671,334841,698950,657504,613946,661204,822495,858225,451081,80368,352944,346006,331014,326490,314965,298981,327170,334034,411470,411025,450174,408051,293311,157770,62345,18023,7270841,623512,2201
"Less developed regions, excluding China",1951,12765119,4360921,6770772,2409851,522970,285900,333498,702934,659513,617189,668289,832422,854041,442910,72475,354775,348159,332396,327117,316021,301168,330206,338083,414087,418335,446600,407441,289846,153064,57647,14828,7293742,619398,2204
"Less developed regions, excluding China",1952,12660897,4364236,6738952,2374716,503434,278164,328210,696367,653443,612700,667847,832003,842397,436984,68055,350938,345429,329636,323807,312313,300387,326708,341139,406069,425934,436288,406109,287276,149708,54504,13551,7242386,606374,2338
"Less developed regions, excluding China",1953,12703711,4377589,6744047,2366458,521629,276649,329001,701474,657844,618882,676956,838201,836622,434533,65567,352948,348526,332273,325571,313651,305231,326634,350322,399430,438771,429550,407072,286834,147699,52841,12726,7265676,605650,2303
"Less developed regions, excluding China",1954,12643613,4393467,6742559,2349092,500524,269862,323344,692791,650796,615140,679123,839300,830952,432985,64137,347775,345016,329020,321776,309809,305331,323854,355269,393244,446056,425800,405152,286412,146573,52117,12020,7243083,593206,2098
"Less developed regions, excluding China",1955,12637098,4386442,6725298,2338856,499955,267222,320519,690663,650429,616316,686041,845741,833833,435200,64059,345854,344809,329148,321281,308970,307346,324968,361073,394075,451666,429629,404204,287858,147342,52231,11828,7225253,587741,1818
"Less developed regions, excluding China",1956,12663239,4388468,6718431,2329963,504631,265969,317166,688622,650671,617493,694504,856031,843634,439829,64599,344203,344419,329567,321104,308320,309173,328405,366099,400812,455219,440574,403060,290913,148916,52617,11982,7223062,583135,1657
"Less developed regions, excluding China",1957,12793861,4416924,6758673,2341749,517775,269524,315937,691352,655606,622601,708041,874278,864835,448508,65063,345189,346163,332229,323377,309966,312635,336037,372004,415924,458354,461367,403468,296993,151515,52942,12121,7276448,585461,1665
"Less developed regions, excluding China",1958,12835472,4417138,6748670,2331532,527017,270195,312691,690059,657664,623456,715889,885815,882075,454682,65571,344080,345979,333390,324274,310059,313397,342034,373855,430394,455421,480271,401804,301188,153494,53339,12232,7275687,582886,1687
"Less developed regions, excluding China",1959,12783006,4391981,6686344,2294363,520159,267455,307729,683146,655568,620843,720171,895868,898128,459366,66537,340008,343138,332167,323401,308601,312242,345630,374541,441807,454061,494419,403709,303956,155410,54229,12308,7206503,575184,1691
"Less developed regions, excluding China",1960,12852734,4400523,6685487,2284964,527780,271408,308397,684838,661790,625374,729238,910379,915244,463071,68026,340156,344682,335119,326671,311144,314230,350705,378533,451737,458642,504084,411160,305634,157437,55558,12468,7213267,579805,1699
"Less developed regions, excluding China",1961,12915434,4403985,6680227,2276242,529954,275438,310282,687234,669119,631552,738399,925654,932820,465596,67552,340298,346936,338321,330798,314855,316697,355004,383395,458063,467591,508651,424169,306136,159460,55507,12045,7210181,585720,1605
"Less developed regions, excluding China",1962,13016918,4419025,6689712,2270687,534077,281327,314411,691697,678950,640055,750052,944637,953192,469897,67349,341006,350691,342764,336186,319892,320163,359299,390753,462231,482406,509309,443883,306804,163093,55504,11845,7223789,595738,1560
"Less developed regions, excluding China",1963,13112920,4427596,6696592,2268996,538271,287115,317687,693146,686709,648043,761341,965124,973505,476250,67619,340073,353073,345941,340768,324539,323504,362538,398803,465168,499956,508297,465208,309132,167118,55990,11629,7234863,604802,1517
"Less developed regions, excluding China",1964,13148127,4427180,6686561,2259381,535238,287910,318936,687143,686803,649810,767260,981434,990957,485724,68865,336276,350867,345184,341619,325899,323911,363171,404089,467317,514117,509315,481642,314899,170825,57232,11633,7221799,606846,1486
"Less developed regions, excluding China",1965,13690528,4523297,6908409,2385112,586778,310446,333082,705984,710305,677897,805412,1035840,1038768,505181,70974,345527,360457,356279,354026,339513,338384,379134,426278,490346,545494,532749,506019,329575,175606,59149,11825,7495187,643528,1451
"Less developed regions, excluding China",1966,13645634,4493920,6833673,2339753,579937,309640,334144,697090,706127,673997,807041,1049631,1057448,521981,73506,342374,354716,353678,352449,337566,336431,377788,429253,495615,554016,544105,513343,343513,178468,61321,12185,7413610,643784,1419
"Less developed regions, excluding China",1967,13644742,4482626,6800852,2318226,579887,302717,328878,677881,691300,668177,812572,1074428,1086688,544099,75864,335046,342835,345661,345639,333251,334926,378033,434539,508268,566160,567440,519248,362983,181116,63402,12462,7380739,631595,1397
"Less developed regions, excluding China",1968,13488124,4409721,6647326,2237605,567060,289969,323950,661189,676591,660156,811958,1090978,1111724,567101,78692,329122,332067,337837,338754,328070,332086,376012,435946,518474,572504,591032,520692,382407,184694,65855,12837,7214386,613919,1430
"Less developed regions, excluding China",1969,13565036,4411489,6640240,2228751,575061,287819,323569,655786,668301,660547,821085,1117490,1143331,588645,81667,329501,326285,333236,335065,326918,333629,378967,442118,533246,584244,616115,527216,398490,190155,68305,13362,7215301,611388,1494
"Less developed regions, excluding China",1970,13850131,4433543,6700863,2267320,618475,305116,334720,670607,676819,677347,842527,1152124,1178881,606240,84841,340004,330603,336851,339968,334246,343101,388808,453719,551188,600936,639385,539496,408954,197286,70741,14100,7319338,639836,1570
"Less developed regions, excluding China",1971,14217832,4495278,6844852,2349574,647173,306807,341279,686134,679334,699003,871716,1200691,1229942,622181,87125,350248,335886,337101,342233,342840,356163,402830,468886,573209,627482,666959,562983,416488,205693,72105,15020,7492025,648086,1594
"Less developed regions, excluding China",1972,13815210,4423662,6632361,2208699,598537,292931,335446,670711,652503,674835,846965,1177270,1217919,625083,88896,345828,324883,322372,330131,330837,343998,391463,455502,560104,617166,652833,565086,411076,214007,72798,16098,7230898,628377,1751
"Less developed regions, excluding China",1973,13778468,4409119,6589349,2180230,592681,289675,336413,673876,641125,673369,845988,1180222,1230078,632021,91702,350150,323726,315246,325879,329315,344054,391860,454128,558522,621700,650821,579257,408753,223268,74565,17137,7182030,626088,1966
"Less developed regions, excluding China",1974,13840057,4402869,6577298,2174429,595736,290775,340457,684396,635865,677715,852052,1191254,1251409,644313,96476,356862,327534,311818,324047,330589,347126,395741,456311,560885,630369,655675,595734,412612,231701,78134,18342,7173034,631232,2306
"Less developed regions, excluding China",1975,13905426,4371421,6537817,2166396,602713,293246,345831,698574,633840,684934,862193,1205063,1274800,660390,103250,364796,333778,310719,323121,333272,351662,401302,460891,565083,639980,664290,610510,421457,238933,83323,19927,7140530,639077,2774
"Less developed regions, excluding China",1976,13946285,4322746,6432768,2110022,605098,307000,362672,727534,643883,694160,871089,1212536,1294964,681502,110041,380280,347254,316706,327177,338055,356105,406540,464549,567212,645324,672441,622523,435575,245927,88942,21099,7037866,669672,3037
"Less developed regions, excluding China",1977,13746250,4278233,6338689,2060456,582692,283288,340415,696504,609634,670644,862124,1216204,1319628,707167,115990,363119,333385,300766,308868,325041,345603,400664,461460,566247,649957,684362,635266,455076,252091,94280,21710,6921381,623703,3267
"Less developed regions, excluding China",1978,13726749,4243336,6271948,2028612,576533,275279,332971,688758,596286,663370,867572,1232984,1356104,738836,122753,357823,330935,295820,300466,320554,342816,401972,465600,572295,660689,703908,652196,479943,258893,100361,22392,6848481,608250,3353
"Less developed regions, excluding China",1979,13715020,4217835,6205879,1988044,573389,268747,326521,680711,586659,654808,871759,1247486,1392625,772618,130313,352408,328303,293289,293370,315431,339377,402604,469155,577589,669897,722598,670027,504612,268006,106584,23729,6779268,595268,3503
"Less developed regions, excluding China",1980,13747280,4196749,6152890,1956141,569408,264852,321655,674896,581349,648908,879487,1266880,1434497,810262,138517,348130,326766,292694,288655,311152,337756,404899,474588,585632,681248,742829,691668,529241,281021,112794,25723,6722298,586507,3675
"Less developed regions, excluding China",1981,13749459,4166473,6092323,1925850,572158,262095,317313,668871,578012,642562,883861,1279471,1466682,838714,143422,343938,324933,292656,285356,306397,336165,406017,477844,591548,687923,757560,709122,545972,292742,115587,27835,6664481,579408,3974
"Less developed regions, excluding China",1982,13784670,4130099,6033111,1903012,574241,260688,314572,665268,578910,640025,892644,1297503,1505193,870729,147501,341109,324159,294411,284499,302797,337228,409055,483589,600706,696797,774120,731073,562431,308298,117929,29572,6607352,575260,4285
"Less developed regions, excluding China",1983,13961604,4140280,6068807,1928527,587653,266802,315577,665929,585937,641566,905026,1319716,1544888,903231,151791,340827,325102,299071,286866,301378,340188,413620,491406,612512,707204,790277,754611,578005,325226,120271,31520,6656460,582379,4679
"Less developed regions, excluding China",1984,14009775,4103449,6011909,1908460,592427,267640,315760,665309,592779,642076,914238,1336707,1576810,933085,156242,339886,325423,302751,290028,300094,341982,416601,497637,622097,714610,802210,774600,592837,340248,123508,32734,6604336,583400,4792
"Less developed regions, excluding China",1985,14053595,4051529,5933345,1881816,596713,270290,318392,668841,603332,644462,924384,1356406,1606556,963281,162564,341012,327829,308285,295047,300885,343577,419900,504484,632607,723799,813272,793284,609171,354110,128524,34040,6530058,588682,5027
"Less developed regions, excluding China",1986,14026355,3988903,5822667,1833764,589352,267459,318311,666875,610136,644061,931354,1375170,1631606,993401,170434,339024,327851,311439,298697,301430,342631,421491,509863,641914,733256,821924,809682,626766,366635,135041,35393,6412019,585770,5527
"Less developed regions, excluding China",1987,14017202,3898406,5680228,1781822,582846,268410,323165,676258,625611,650580,942899,1397987,1657327,1026003,179455,342489,333769,319071,306540,306690,343890,425839,517060,652914,745073,830931,826396,647064,378939,143028,36427,6263074,591575,6433
"Less developed regions, excluding China",1988,14190943,3879821,5683831,1804010,589215,273118,326250,682032,638355,656708,958579,1431016,1690563,1063269,190735,344460,337572,324660,313695,311765,344943,431649,526930,667985,763031,844797,845766,670641,392628,152791,37944,6273046,599368,7270
"Less developed regions, excluding China",1989,14061369,3772674,5486022,1713348,565724,267277,325481,680831,643200,657798,963080,1450275,1713428,1098885,201327,343100,337731,325997,317203,315006,342792,432333,530747,675727,774548,853878,859550,692556,406329,161602,39725,6051746,592758,8038
"Less developed regions, excluding China",1990,14127750,3712768,5401610,1688842,560493,270677,328766,689782,656618,668135,974646,1478792,1742579,1135051,211933,347062,342720,331798,324820,322510,345625,436471,538175,687902,790890,868154,874425,713991,421060,169865,42068,5962103,599443,8666
"Less developed regions, excluding China",1991,14308499,3684755,5377364,1692609,574656,280711,334101,705538,677139,686143,990011,1510100,1774064,1168932,220769,354569,350969,341310,335829,333248,352895,442639,547372,701178,808922,885171,888893,733123,435809,176680,44089,5952020,614812,8970
"Less developed regions, excluding China",1992,14350238,3623694,5272871,1649177,563936,277974,334170,715719,688595,698989,998513,1539596,1810838,1208783,231102,359526,356193,346604,341991,340485,358504,444973,553540,712591,827005,905483,905355,754260,454523,184373,46729,5836807,612144,9151
"Less developed regions, excluding China",1993,14389895,3544680,5144934,1600254,554684,278357,335861,728451,703132,717242,1009655,1571264,1850948,1245700,240499,365957,362494,353332,349800,349985,367257,448891,560764,724552,846712,928637,922311,773251,472449,191341,49158,5699618,614218,9168
"Less developed regions, excluding China",1994,14682695,3491594,5057143,1565549,556277,287014,355992,783036,761612,769783,1041455,1619245,1901413,1287341,253003,393539,389497,382861,378751,378543,391240,463888,577567,745137,874108,958084,943329,794848,492493,200508,52495,5613420,643006,9381
"Less developed regions, excluding China",1995,14614235,3436156,4972142,1535986,550965,279202,338979,753463,730425,759721,1040733,1640867,1946822,1324355,266635,378214,375249,365655,364770,369016,390705,462197,578536,750074,890793,983237,963585,813357,510998,210279,56356,5523107,618181,9925
"Less developed regions, excluding China",1996,14752279,3373254,4878420,1505166,550395,280884,345027,774643,751070,785856,1059293,1676517,1998872,1361294,279471,387845,386798,375604,375466,381655,404201,472004,587289,762717,913800,1011656,987216,832420,528874,219722,59749,5428815,625911,10536
"Less developed regions, excluding China",1997,14763654,3303027,4771039,1468012,541235,278354,345816,781088,760673,801338,1064948,1692386,2033657,1390474,291375,389921,391167,379768,380905,389496,411842,476714,588234,765931,926455,1029792,1003865,846084,544390,228694,62681,5312274,624170,11270
"Less developed regions, excluding China",1998,14913639,3244947,4696388,1451441,545261,283042,353516,798851,783022,827613,1080748,1716253,2083067,1427449,306052,397569,401282,390369,392653,402639,424974,487430,593318,773293,942960,1054724,1028343,865453,561996,239860,66192,5241649,636558,12376
"Less developed regions, excluding China",1999,14791016,3143889,4516101,1372212,519047,271293,348116,791739,784272,834367,1084131,1724705,2120080,1462596,320925,393119,398620,390302,393970,405591,428776,492432,591699,773225,951480,1071249,1048831,884367,578229,251218,69707,5035148,619409,13644
"Less developed regions, excluding China",2000,14853306,3072611,4393124,1320513,504566,267590,349930,803502,800468,851067,1100449,1746860,2175376,1507417,338059,398399,405103,398739,401729,413163,437904,503429,597020,780232,966628,1096731,1078645,910914,596503,263740,74319,4897690,617520,14898
"Less developed regions, excluding China",2001,14921197,3004911,4275196,1270285,496982,265840,350889,814227,819486,870625,1115444,1761469,2227589,1553139,354315,402822,411405,408865,410621,421309,449316,514221,601223,784125,977344,1120397,1107192,938221,614918,275638,78677,4772178,616729,15996
"Less developed regions, excluding China",2002,14956982,2926801,4149381,1222580,489695,262980,349220,814625,828948,884314,1129615,1775235,2282988,1602951,370114,403748,410877,412839,416109,424715,459599,523059,606556,787382,987853,1144011,1138977,968102,634849,287565,82549,4639076,612200,16916
"Less developed regions, excluding China",2003,14969260,2834357,4005666,1171309,475889,257942,344422,814393,838389,896894,1143590,1781601,2337944,1664776,389879,403384,411009,417874,420515,427294,469600,533093,610497,787738,993863,1165789,1172155,1004523,660253,302702,87177,4481555,602364,17875
"Less developed regions, excluding China",2004,15101998,2750541,3888504,1137963,479863,262639,347121,824057,855315,923280,1174045,1804591,2397030,1721158,405982,408601,415456,424913,430402,436647,486633,548387,625658,797955,1006636,1191094,1205936,1039194,681964,315059,90923,4368367,609760,18413
"Less developed regions, excluding China",2005,15017586,2662362,3742200,1079838,460283,253946,336406,805389,837542,916096,1180138,1808239,2447701,1785595,424834,398561,406828,415262,422280,429263,486833,550519,629619,799006,1009233,1209511,1238190,1077358,708237,328919,95915,4202483,590352,19217
"Less developed regions, excluding China",2006,14956853,2575856,3601556,1025700,443465,243381,324695,788647,821473,914179,1191670,1818011,2494494,1852215,443491,388914,399733,405863,415610,425244,488935,554413,637257,804701,1013310,1227372,1267122,1116084,736131,342452,101039,4045021,568076,19575
"Less developed regions, excluding China",2007,15032147,2506546,3487087,980541,433181,237921,318533,783016,815339,921535,1216924,1843105,2555365,1933464,466067,384578,398438,402165,413174,427856,493679,564891,652033,818945,1024160,1252327,1303038,1162797,770667,358688,107379,3920268,556454,20608
"Less developed regions, excluding China",2008,15179515,2441414,3391010,949596,435014,239085,317843,784520,817699,935522,1252252,1874527,2614557,2011220,484746,384077,400443,401849,415850,434787,500735,579002,673250,837225,1037302,1276902,1337655,1207830,803390,372156,112590,3826024,556928,21520
"Less developed regions, excluding China",2009,15113561,2367433,3267530,900097,410037,227447,306196,762097,793993,924971,1266676,1894249,2654535,2080474,502831,371243,390854,389454,404539,429621,495350,582967,683709,850250,1043999,1290895,1363640,1246447,834027,385420,117411,3677567,533643,22525
"Less developed regions, excluding China",2010,15183429,2305152,3175564,870412,406996,226909,304009,751622,784398,925668,1293780,1927597,2694392,2147163,521933,365664,385958,384584,399814,430412,495256,593093,700687,869541,1058056,1303745,1390647,1283638,863525,399514,122419,3582560,530918,23396
"Less developed regions, excluding China",2011,15155671,2234788,3065022,830234,389004,216426,291542,720204,764243,919343,1321338,1963204,2730707,2210231,539973,348809,371395,373457,390786,427724,491619,602921,718417,889649,1073555,1313083,1417624,1316217,894014,412881,127092,3454026,507968,24434
"Less developed regions, excluding China",2012,15167928,2167820,2967229,799409,383267,212963,284349,699294,755376,920052,1355494,2000247,2753674,2256728,553678,337399,361895,368112,387264,427623,492429,616838,738656,910289,1089958,1314428,1439246,1337566,919162,423119,130559,3350496,497312,25577
"Less developed regions, excluding China",2013,15171877,2105218,2877471,772253,373781,207935,274363,672137,741129,918511,1391222,2041022,2774601,2303877,568707,323064,349073,359422,381707,425817,492694,631861,759361,934704,1106318,1314859,1459742,1358533,945344,434829,133878,3251252,482298,27119
"Less developed regions, excluding China",2014,15249337,2031637,2775867,744230,369445,205536,268656,653511,737303,923708,1434150,2095485,2807606,2357754,591389,313020,340491,355844,381459,426716,496992,650440,783710,962257,1133228,1323860,1483746,1382817,974937,452112,139277,3145312,474192,28926
"Less developed regions, excluding China",2015,15369716,1969988,2686273,716285,366180,204134,264008,638802,736086,933119,1478723,2154625,2845350,2415024,616955,305537,333265,352953,383133,429371,503748,670191,808532,989934,1164691,1338578,1506772,1408646,1006378,472174,144781,3052453,468142,30436
"Less developed regions, excluding China",2016,15471546,1910313,2598174,687861,360310,200890,258900,624713,733440,938803,1512123,2210067,2884028,2471923,645550,298118,326595,349445,383995,430673,508130,683338,828785,1014398,1195669,1357029,1526999,1435305,1036618,493660,151890,2958484,459790,32624
"Less developed regions, excluding China",2017,15590946,1848888,2507969,659081,354866,198548,256069,614216,730971,942347,1533509,2263708,2927404,2545516,681103,293271,320945,346532,384439,431753,510594,689938,843571,1034884,1228824,1383010,1544394,1472300,1073216,520400,160703,2862835,454617,34719
"Less developed regions, excluding China",2018,15770954,1799512,2434276,634764,351239,197096,254255,607067,728620,945278,1546955,2325760,2985976,2633669,723889,290053,317014,343317,385303,433408,511870,691785,855170,1054775,1270985,1419720,1566256,1517074,1116595,551661,172228,2785515,451351,36873
"Less developed regions, excluding China",2019,15963179,1748488,2362202,613714,344666,195375,253183,603449,728556,951632,1558744,2384072,3057095,2718775,766542,288622,314827,341670,386886,437156,514476,693285,865459,1073251,1310821,1468186,1588909,1560571,1158204,581866,184676,2706868,448558,38887
"Less developed regions, excluding China",2020,17352134,1696451,2287928,591477,337701,193009,246071,586026,738114,1033555,1785294,2818770,3440699,3008509,835598,278786,307240,338690,399424,468246,565309,781554,1003740,1266048,1552722,1701665,1739034,1721358,1287151,637242,198356,2625629,439080,40860
"Less developed regions, excluding China",2021,19787364,1661569,2236212,574643,331742,194847,270516,652191,831806,1207330,2113526,3374961,4055968,3522008,950788,311373,340818,379621,452185,539334,667996,929403,1184123,1524124,1850837,2030422,2025546,2000454,1521554,727194,223594,2567954,465363,45466
"Less developed regions, excluding least developed countries",1950,16066358,4830128,7307256,2477128,644791,360013,382124,819387,810555,870049,1007821,1440575,1459178,838288,123961,411345,408042,399125,411430,434597,435452,484085,523736,690199,750376,755294,703884,540695,297593,101335,22626,7952047,742137,2360
"Less developed regions, excluding least developed countries",1951,15995032,4848886,7348999,2500113,643935,349366,376844,813493,802975,864925,1004241,1425215,1439334,804918,118372,408886,404607,394754,408221,429342,435583,482059,522182,681015,744200,749156,690178,518961,285957,98317,20055,7992934,726210,2414
"Less developed regions, excluding least developed countries",1952,15892683,4943821,7427828,2484007,617570,334920,367409,798821,788519,851719,994351,1401238,1415326,777193,115192,401665,397156,386880,401639,420062,431657,476409,517942,662517,738721,741913,673413,502149,275044,95932,19260,8045398,702329,2597
"Less developed regions, excluding least developed countries",1953,15867068,4925394,7423267,2497873,670025,326909,362653,796883,783747,849588,994230,1388156,1398651,757409,112931,400439,396444,385224,398523,416905,432683,476165,518065,646952,741204,740564,658087,491141,266268,94191,18740,8093292,689562,2618
"Less developed regions, excluding least developed countries",1954,15750677,4945274,7455904,2510630,624698,315866,351735,783511,769447,840588,991137,1377711,1385631,741202,110784,393571,389940,379751,389696,410147,430441,476089,515048,634678,743033,740591,645040,482744,258458,92542,18242,8080602,667601,2463
"Less developed regions, excluding least developed countries",1955,15710450,4931119,7426165,2495046,632354,310667,344232,778148,764346,839517,998561,1381958,1389529,733144,109612,390542,387606,378390,385956,408206,431311,481502,517059,635341,746617,745619,643910,480274,252870,91384,18228,8058519,654899,2217
"Less developed regions, excluding least developed countries",1956,15615109,4848925,7327789,2478864,644974,307618,336566,772543,758698,836660,1007820,1386399,1399762,726291,107917,387063,385480,376021,382677,406640,430020,486722,521098,641663,744736,751512,648250,478711,247580,89557,18360,7972763,644184,2072
"Less developed regions, excluding least developed countries",1957,15674070,4895729,7346166,2450437,661552,308111,330327,769416,756355,835950,1020242,1393763,1421885,722364,105856,384479,384937,375326,381029,406403,429547,493115,527127,651864,741899,765487,656398,477624,244740,87520,18336,8007718,638438,2083
"Less developed regions, excluding least developed countries",1958,15572610,4801994,7220404,2418410,681827,309705,322579,761173,752944,831029,1029581,1395365,1444979,717064,103870,378424,382749,373988,378956,403086,427943,497618,531963,659543,735822,780901,664078,474218,242846,85784,18086,7902231,632284,2090
"Less developed regions, excluding least developed countries",1959,17702628,5141614,8268816,3127202,891842,404650,357344,829816,829209,922171,1175850,1563165,1608347,745496,103841,410485,419331,410237,418972,444079,478092,564463,611387,744784,818381,874488,733859,496457,249039,86024,17817,9160658,761994,2081
"Less developed regions, excluding least developed countries",1960,19404970,5392766,8975508,3582742,1118440,504471,393551,894527,902576,1006874,1307481,1708853,1724834,763537,102263,439574,454953,445013,457563,482653,524221,622161,685320,815995,892858,942309,782525,512653,250884,84884,17379,10093948,898022,2056
"Less developed regions, excluding least developed countries",1961,17010648,4785109,7590969,2805860,906591,429196,356880,819569,833452,920180,1187909,1563305,1580826,724477,95396,399344,420225,412079,421373,441442,478738,564091,623818,745728,817577,859226,721600,486032,238445,79360,16036,8497560,786076,1898
"Less developed regions, excluding least developed countries",1962,15075166,4612468,6740265,2127797,665595,333050,316996,737402,757537,824395,1056189,1409679,1448573,693015,90674,356607,380795,375678,381859,396632,427763,501530,554659,669876,739803,774678,673895,463314,229701,75512,15162,7405860,650046,1794
"Less developed regions, excluding least developed countries",1963,15428356,4946927,7055362,2108435,656123,339502,320058,728880,759924,824214,1061083,1426027,1465142,701024,89311,350750,378130,376420,383504,397342,426872,501034,560049,676125,749902,771368,693774,470482,230542,74704,14607,7711485,659560,1703
"Less developed regions, excluding least developed countries",1964,15420954,4889525,7050057,2160532,633036,342035,324304,715761,757222,818906,1061701,1438505,1479676,709207,88917,344303,371458,375004,382218,396990,421916,498625,563076,683456,755049,769873,709803,477303,231904,74699,14218,7683093,666339,1627
"Less developed regions, excluding least developed countries",1965,15788771,4884048,7208280,2324232,650463,360441,336766,720904,770168,833466,1087565,1484165,1520220,725263,89513,347952,372952,381471,388697,404896,428570,508720,578845,707234,776931,789785,730435,488741,236522,75514,13999,7858743,697207,1556
"Less developed regions, excluding least developed countries",1966,15631007,4774410,7069189,2294779,622270,358699,339548,705402,762749,822503,1082405,1497878,1535677,742108,91074,342508,362894,377192,385557,399861,422642,505600,576805,713675,784203,800941,734736,500205,241903,77010,14064,7691459,698247,1505
"Less developed regions, excluding least developed countries",1967,15502093,4663550,6940398,2276848,616815,349718,336164,681168,743351,809108,1081228,1523667,1560367,765998,92636,334089,347079,366385,376966,392176,416932,503869,577359,725050,798617,821176,739191,518622,247376,78478,14158,7557213,685882,1475
"Less developed regions, excluding least developed countries",1968,15330273,4634996,6789907,2154911,617649,331938,331994,660466,722074,794307,1071915,1541213,1579535,792830,94945,328332,332134,354147,367927,383917,410390,497060,574855,731894,809319,838606,740929,539340,253490,80521,14424,7407556,663932,1499
"Less developed regions, excluding least developed countries",1969,15322444,4616016,6723153,2107137,642080,320274,330556,652096,705910,787774,1069696,1569606,1604160,817805,97783,329718,322378,343928,361982,378957,408817,492766,576930,742758,826848,856150,748010,557903,259902,82928,14855,7365233,650830,1547
"Less developed regions, excluding least developed countries",1970,15281912,4555908,6627809,2071901,659110,311282,333334,651330,691813,782422,1067389,1591452,1628340,834512,101511,334630,316700,334877,356936,374816,407606,489331,578058,749502,841950,869592,758748,568088,266424,85972,15539,7286919,644616,1607
"Less developed regions, excluding least developed countries",1971,15165474,4464143,6494229,2030086,666370,298411,332197,650751,676093,777555,1064670,1601533,1652150,845013,104884,338481,312270,324984,351109,372112,405443,486569,578101,749661,851872,880263,771887,571122,273891,88432,16452,7160599,630608,1615
"Less developed regions, excluding least developed countries",1972,15024088,4358799,6342081,1983282,659554,294667,333644,656623,661964,773580,1059903,1603298,1672786,856288,107932,345536,311087,316200,345764,370027,403553,483451,576452,745776,857522,886795,785991,571749,284539,90398,17534,7001635,628311,1766
"Less developed regions, excluding least developed countries",1973,14800241,4257052,6174627,1917575,640114,295823,331487,661600,643015,764769,1044895,1587229,1677839,865269,111602,350785,310815,305767,337248,365403,399366,477586,567309,734586,852643,885153,792686,569865,295404,92994,18608,6814741,627310,1972
"Less developed regions, excluding least developed countries",1974,14597077,4126193,5972571,1846378,623342,301337,329015,671238,627786,759947,1034993,1580432,1694282,882691,117130,356070,315168,298473,329313,363113,396834,475679,559314,727750,852682,892458,801824,575969,306722,97195,19935,6595913,630352,2312
"Less developed regions, excluding least developed countries",1975,14331834,3961426,5725066,1763640,599903,301370,321222,675017,609874,750686,1025067,1574499,1714504,906921,124916,357867,317150,290596,319278,358487,392199,472576,552491,722442,852057,901964,812540,589799,317122,103135,21781,6324969,622592,2788
"Less developed regions, excluding least developed countries",1976,14174181,3841424,5527798,1686374,583215,301682,313945,677124,594436,744330,1021540,1580304,1752685,940648,133401,357733,319391,284553,309883,354452,389878,470990,550550,724478,855826,919108,833577,612588,328060,110068,23333,6111013,615627,3072
"Less developed regions, excluding least developed countries",1977,13985014,3717767,5326977,1609210,566294,293960,305112,671576,577214,733191,1016452,1584048,1789305,976147,141411,352461,319115,278433,298781,347847,385344,468201,548251,726218,857830,933933,855372,637361,338786,117120,24291,5893271,599072,3326
"Less developed regions, excluding least developed countries",1978,13875588,3631373,5171806,1540433,551164,285128,302749,667170,565293,722606,1016371,1591114,1831907,1016084,150757,347131,320039,276009,289284,340816,381790,467288,549083,727002,864112,951045,880862,664742,351342,125483,25274,5722970,587877,3439
"Less developed regions, excluding least developed countries",1979,13799498,3588097,5061426,1473329,531959,274204,300121,653146,554472,708404,1015367,1596183,1880270,1059452,160916,336299,316847,274832,279640,331184,377220,464768,550599,725080,871103,969793,910477,692385,367067,134180,26736,5593385,574325,3577
"Less developed regions, excluding least developed countries",1980,13786798,3551897,4975190,1423293,515400,266313,299212,640698,548537,696943,1018439,1608850,1932172,1109759,171540,325389,315309,275443,273094,322463,374480,464338,554101,727433,881417,989229,942943,722487,387272,142620,28920,5490590,565525,3743
"Less developed regions, excluding least developed countries",1981,13747673,3516571,4898538,1381967,500864,258613,298440,626601,544267,684303,1016180,1615664,1966926,1154265,178963,314477,312124,276303,267964,313485,370818,462940,553240,727987,887677,999819,967107,748345,405920,147601,31362,5399402,557053,4046
"Less developed regions, excluding least developed countries",1982,13777377,3498027,4853334,1355307,490246,252386,295899,616640,545080,675307,1019672,1628477,2005498,1204013,186440,307418,309222,279095,265985,306141,369166,464108,555564,732096,896381,1012789,992709,776377,427636,152835,33605,5343580,548285,4382
"Less developed regions, excluding least developed countries",1983,13689339,3402335,4725007,1322672,474081,244051,288030,606773,544985,661761,1019539,1633925,2038176,1253265,194967,303633,303140,280299,264686,297438,364323,462763,556776,735758,898167,1023314,1014862,803565,449700,158883,36084,5199088,532081,4778
"Less developed regions, excluding least developed countries",1984,13694742,3357112,4653668,1296556,465026,236990,282732,602499,550101,651831,1022462,1642053,2073790,1304264,204418,305429,297070,282241,267860,291933,359898,463377,559085,743466,898587,1035531,1038259,833608,470656,166455,37963,5118694,519722,4905
"Less developed regions, excluding least developed countries",1985,13737514,3322289,4592970,1270681,460898,231703,280800,601847,559672,645426,1026790,1653458,2107372,1355518,215909,309860,291987,286658,273014,289531,355895,464682,562108,751369,902089,1048076,1059296,863480,492038,176046,39863,5053868,512503,5151
"Less developed regions, excluding least developed countries",1986,13781303,3309642,4554950,1245308,455925,224253,277653,598261,566335,638804,1029478,1663479,2133012,1404642,228828,312262,285999,288711,277624,288111,350693,464301,565177,756497,906982,1059058,1073954,890278,514364,186966,41862,5010875,501906,5682
"Less developed regions, excluding least developed countries",1987,13835874,3283142,4506979,1223837,451103,218529,276803,598724,575836,636869,1034690,1676047,2158024,1452944,242690,313420,285304,291609,284227,290320,346549,464720,569970,762947,913100,1069511,1088513,915577,537367,198956,43734,4958082,495332,6635
"Less developed regions, excluding least developed countries",1988,13856566,3214718,4422095,1207377,443132,213201,274627,598499,582918,635880,1037955,1693650,2183458,1505193,258516,309687,288812,292672,290246,294018,341862,463235,574720,770727,922923,1076707,1106751,942450,562743,212475,46041,4865227,487828,7441
"Less developed regions, excluding least developed countries",1989,13900923,3167844,4354121,1186277,431613,207662,270350,599078,584526,638693,1039320,1715869,2211798,1563687,275914,305133,293945,290255,294271,300425,338268,459728,579592,777795,938074,1083921,1127877,972826,590861,226602,49312,4785734,478012,8292
"Less developed regions, excluding least developed countries",1990,14027478,3122888,4287253,1164365,426022,207410,268350,607723,591201,648457,1047215,1748874,2259048,1631086,295854,305196,302527,289464,301737,309470,338987,459329,587886,789885,958989,1102092,1156956,1008291,622795,242526,53328,4713275,475760,8985
"Less developed regions, excluding least developed countries",1991,14118968,2992425,4128731,1136306,420410,206495,265308,620801,600918,665826,1061683,1793359,2326531,1702224,317271,307568,313233,290569,310349,321229,344597,462405,599278,808857,984502,1131619,1194912,1045475,656749,259938,57333,4549141,471803,9411
"Less developed regions, excluding least developed countries",1992,14062929,2891613,3993701,1102088,416989,205514,259734,622564,603456,675698,1057420,1805476,2346901,1732695,333093,306656,315908,290569,312887,328196,347502,457855,599565,813827,991649,1139817,1207084,1058499,674196,272180,60913,4410690,465248,9688
"Less developed regions, excluding least developed countries",1993,14039931,2806253,3872541,1066288,415025,205442,254616,620927,610210,690081,1052728,1821670,2369831,1767271,349715,305966,314961,295522,314688,335756,354325,454482,598246,819000,1002670,1153909,1215922,1074972,692299,284989,64726,4287566,460058,9872
"Less developed regions, excluding least developed countries",1994,14197102,2729804,3756427,1026623,418100,207133,253656,628185,626812,717813,1064287,1866047,2434736,1838695,374894,309130,319055,307433,319379,347435,370378,459763,604524,837285,1028762,1191753,1242983,1113425,725270,304561,70333,4174527,460789,10316
"Less developed regions, excluding least developed countries",1995,14273128,2664622,3662126,997504,418057,208713,253663,632029,637900,740290,1068584,1889491,2473090,1882781,395382,310103,321926,317618,320282,356851,383439,463305,605279,846154,1043337,1215414,1257676,1136416,746365,319425,75957,4080183,462376,11020
"Less developed regions, excluding least developed countries",1996,14397128,2583200,3543083,959883,412721,208747,255093,640077,653263,765373,1077754,1926289,2534509,1947880,420367,311859,328218,330132,323131,367593,397780,469871,607883,858581,1067708,1245892,1288617,1173979,773901,337530,82837,3955804,463840,11971
"Less developed regions, excluding least developed countries",1997,14449395,2501019,3424580,923561,403438,208322,257303,641577,662918,784868,1083241,1949565,2580901,1999611,439993,310559,331018,336544,326374,375359,409509,476302,606939,863570,1085995,1268311,1312590,1203550,796061,351382,88611,3828018,465625,13076
"Less developed regions, excluding least developed countries",1998,14465914,2422538,3311061,888523,391382,208569,261421,643140,674937,801656,1089515,1957542,2618239,2036322,457674,309857,333283,339463,335474,381285,420371,485178,604337,860682,1096860,1286231,1332008,1220645,815677,363650,94024,3702443,469990,14454
"Less developed regions, excluding least developed countries",1999,14632466,2340515,3186819,846304,371610,207548,263223,643324,693009,821193,1112431,1993153,2710882,2125380,487841,308664,334660,344037,348972,387635,433558,503207,609224,867176,1125977,1325550,1385332,1266751,858629,386684,101157,3558429,470771,16052
"Less developed regions, excluding least developed countries",2000,14647581,2281918,3089595,807677,351706,204072,263565,643576,707393,827373,1122639,1993310,2749687,2170102,507086,309282,334294,347474,359919,385915,441458,514263,608376,859491,1133819,1339550,1410137,1288496,881606,400216,106870,3441301,467637,17477
"Less developed regions, excluding least developed countries",2001,14534312,2214323,2988714,774391,337672,199957,262933,641610,719507,827504,1122618,1965851,2747514,2184797,516938,309430,332180,350412,369095,381902,445602,520346,602272,842218,1123633,1338336,1409178,1292997,891800,406111,110827,3326386,462890,18697
"Less developed regions, excluding least developed countries",2002,14617820,2141032,2881726,740694,328292,195740,261697,636087,727401,835135,1139985,1974131,2813181,2263791,540757,309394,326693,351556,375845,380777,454358,532714,607271,840174,1133957,1366925,1446256,1334726,929065,424174,116583,3210018,457437,19896
"Less developed regions, excluding least developed countries",2003,14697428,2055846,2760393,704547,313556,190700,259038,633304,733125,848130,1160682,1971393,2880914,2353620,571387,309868,323436,354755,378370,385789,462341,546320,614362,836149,1135244,1393783,1487131,1385140,968480,448099,123288,3073949,449738,21185
"Less developed regions, excluding least developed countries",2004,14880946,1983100,2667728,684628,316340,193240,262672,638201,742718,874316,1196209,1980481,2947470,2438132,601399,314411,323790,357854,384864,400773,473543,562451,633758,842204,1138277,1423355,1524115,1436301,1001831,471789,129610,2984068,455912,22036
"Less developed regions, excluding least developed countries",2005,14870827,1909241,2553028,643787,301464,183352,254323,619131,720898,868060,1209684,1971501,3003041,2529238,633998,305360,313771,345254,375644,401225,466835,567336,642348,840699,1130802,1444872,1558169,1487935,1041303,497185,136813,2854492,437675,23109
"Less developed regions, excluding least developed countries",2006,14887108,1835819,2443352,607533,289361,172578,244344,603774,700826,868101,1227102,1970574,3057131,2619288,666931,297327,306447,332742,368084,405699,462402,572235,654867,844391,1126183,1465002,1592129,1535081,1084207,523045,143886,2732713,416922,23745
"Less developed regions, excluding least developed countries",2007,15032308,1780794,2359522,578728,283010,167376,238664,600020,689658,874820,1255930,1987272,3122161,2723709,705045,294560,305460,325360,364298,411644,463176,581493,674437,858355,1128917,1488559,1633602,1590098,1133611,552344,152701,2642532,406040,25121
"Less developed regions, excluding least developed countries",2008,15245781,1729415,2283693,554278,280850,166375,237925,603373,684217,886798,1292510,2018432,3187024,2836806,741239,296144,307229,320176,364041,415259,471539,592443,700067,882049,1136383,1508910,1678114,1650421,1186385,579055,162184,2564543,404300,26539
"Less developed regions, excluding least developed countries",2009,15319741,1674262,2203490,529228,270753,159950,228123,589278,660448,887067,1307873,2046660,3225898,2936311,775823,288039,301239,308077,352371,409920,477147,592549,715324,906014,1140646,1512256,1713642,1698260,1238051,603826,171997,2474243,388073,28067
"Less developed regions, excluding least developed countries",2010,15455824,1618737,2125971,507234,264517,155469,221280,578979,645726,895167,1330809,2088994,3266487,3036976,815926,282592,296387,301472,344254,408824,486343,593857,736952,935049,1153945,1515206,1751281,1746790,1290186,633195,182731,2390488,376749,29522
"Less developed regions, excluding least developed countries",2011,15561286,1561595,2046061,484466,255239,151139,213059,560215,628898,902395,1355620,2136401,3300983,3125391,854742,272171,288044,294056,334842,407252,495143,597082,758538,966184,1170217,1516058,1784925,1790673,1334718,661748,192994,2301300,364198,31140
"Less developed regions, excluding least developed countries",2012,15672533,1513661,1981914,468253,251474,148799,206268,544011,620470,908687,1386729,2189150,3319274,3196111,886841,261929,282082,291247,329223,406917,501770,606962,779767,998221,1190929,1510269,1809005,1823920,1372191,685611,201230,2233388,355067,32804
"Less developed regions, excluding least developed countries",2013,15791621,1457430,1910181,452751,246640,145345,197732,522842,607883,906047,1428297,2253370,3333321,3279915,924873,249136,273706,285812,322071,404720,501327,628127,800170,1034243,1219127,1506514,1826807,1861938,1417977,714970,209903,2156821,343077,35174
"Less developed regions, excluding least developed countries",2014,15921679,1392515,1826142,433627,242498,142536,191190,504599,600472,902092,1472901,2324128,3344161,3360263,972578,237393,267206,282512,317960,400769,501323,656844,816057,1065703,1258425,1508472,1835689,1899240,1461023,751476,221102,2068640,333726,38118
"Less developed regions, excluding least developed countries",2015,16097327,1333971,1747636,413665,240200,140620,186182,490113,597594,903080,1517517,2402206,3363823,3443346,1024310,227844,262269,280328,317266,397949,505131,688917,828600,1100268,1301938,1519844,1843979,1937758,1505588,790626,233684,1987836,326802,40698
"Less developed regions, excluding least developed countries",2016,16290632,1285233,1679944,394711,238444,138839,182867,478921,597924,902070,1554332,2476272,3391585,3528259,1076957,220573,258348,279563,318361,394484,507586,716035,838297,1128959,1347313,1538072,1853513,1976184,1552075,827666,249291,1918388,321706,44218
"Less developed regions, excluding least developed countries",2017,16465619,1232493,1607317,374824,232861,135965,179335,465365,595031,895480,1572905,2543567,3429879,3625132,1135151,213895,251470,277186,317845,388786,506694,727364,845541,1148699,1394868,1568177,1861702,2019585,1605547,869101,266050,1840178,315300,47630
"Less developed regions, excluding least developed countries",2018,16679738,1181102,1539343,358241,231716,135220,178013,457579,595538,888755,1585167,2611273,3486461,3718746,1200856,210485,247094,276152,319386,384645,504110,724170,860997,1162940,1448333,1615110,1871351,2055273,1663473,915155,285701,1771059,313233,51072
"Less developed regions, excluding least developed countries",2019,16970344,1131701,1474494,342793,227114,133991,177283,452204,598206,885281,1607041,2673366,3583903,3826548,1276046,208622,243582,276881,321325,383544,501737,721488,885553,1173062,1500304,1688919,1894984,2094055,1732493,965885,310161,1701608,311274,54866
"Less developed regions, excluding least developed countries",2020,18231594,1080836,1408508,327672,219196,131678,171150,437959,611119,945506,1799100,3027936,3943441,4107676,1369487,202543,235416,277685,333434,406692,538814,789104,1009996,1314803,1713133,1912338,2031103,2234279,1873397,1034598,334889,1627704,302828,58838
"Less developed regions, excluding least developed countries",2021,20636496,1048397,1363945,315548,216840,132707,189018,493681,695760,1085231,2116163,3545448,4577152,4639459,1515350,229919,263762,313997,381763,467911,617320,918522,1197641,1535705,2009743,2256417,2320735,2511462,2127997,1144888,370462,1580785,321725,65743
Liberia,1950,10064,3543,5431,1888,536,285,267,575,485,419,476,625,677,259,27,291,284,252,233,214,205,227,249,290,335,365,312,174,85,23,4,5967,552,1
Liberia,1951,10326,3759,5634,1875,544,290,272,586,497,427,481,632,677,259,25,295,291,257,240,219,208,229,252,293,339,365,312,178,81,22,3,6178,562,1
Liberia,1952,10550,3869,5793,1924,545,295,278,596,512,438,490,638,680,258,26,300,296,267,245,226,212,233,257,298,340,367,313,183,75,23,3,6338,573,1
Liberia,1953,10798,3983,5964,1981,544,300,285,608,527,449,498,652,685,263,25,305,303,277,250,232,217,236,262,307,345,371,314,189,74,23,2,6508,585,0
Liberia,1954,11054,4098,6150,2052,534,305,290,620,544,464,507,663,688,264,25,310,310,287,257,242,222,240,267,314,349,373,315,192,72,22,3,6684,595,0
Liberia,1955,11390,4245,6388,2143,535,313,299,635,564,477,518,676,695,268,24,318,317,298,266,248,229,245,273,323,353,377,318,195,73,21,3,6923,612,0
Liberia,1956,11750,4404,6634,2230,549,320,306,652,585,490,527,692,700,272,23,327,325,308,277,255,235,250,277,330,362,381,319,196,76,20,3,7183,626,0
Liberia,1957,12132,4571,6888,2317,567,326,315,671,604,507,540,709,708,275,23,337,334,316,288,264,243,257,283,338,371,386,322,198,77,20,3,7455,641,0
Liberia,1958,12552,4739,7147,2408,588,330,325,693,632,530,557,734,717,282,21,348,345,328,304,275,255,267,290,349,385,391,326,200,82,18,3,7735,655,0
Liberia,1959,12973,4913,7423,2510,617,330,333,715,656,547,568,753,727,283,22,360,355,338,318,284,263,273,295,358,395,397,330,201,82,19,3,8040,663,0
Liberia,1960,13376,5082,7680,2598,643,330,341,736,676,568,586,771,739,287,22,371,365,348,328,294,274,283,303,366,405,406,333,203,84,19,3,8323,671,0
Liberia,1961,13755,5244,7926,2682,665,333,348,754,696,588,598,785,751,291,23,380,374,356,340,307,281,290,308,371,414,413,338,205,86,20,3,8591,681,0
Liberia,1962,14109,5401,8155,2754,683,338,352,771,712,607,614,799,762,294,24,388,383,364,348,317,290,299,315,377,422,422,340,207,87,22,2,8838,690,0
Liberia,1963,14488,5549,8382,2833,702,346,354,793,736,631,633,813,775,297,25,398,395,375,361,332,299,310,323,382,431,431,344,210,87,23,2,9084,700,0
Liberia,1964,14813,5661,8547,2886,716,359,355,818,754,651,651,826,791,310,32,409,409,385,369,345,306,320,331,389,437,440,351,217,93,28,4,9263,714,0
Liberia,1965,15092,5771,8699,2928,730,370,352,836,765,667,667,839,807,322,40,417,419,391,374,353,314,327,340,395,444,450,357,223,99,33,7,9429,722,0
Liberia,1966,15325,5859,8823,2964,740,378,351,850,773,680,679,850,822,330,43,424,426,397,376,359,321,333,346,401,449,457,365,228,102,35,8,9563,729,0
Liberia,1967,15586,5949,8940,2991,749,385,355,867,794,698,698,866,841,340,49,429,438,408,386,366,332,342,356,409,457,467,374,233,107,38,11,9689,740,0
Liberia,1968,15774,6020,9031,3011,757,389,360,874,802,712,712,880,858,349,51,429,445,414,388,371,341,346,366,418,462,475,383,238,111,40,11,9788,749,1
Liberia,1969,15954,6096,9123,3027,762,393,368,872,813,724,726,891,873,357,52,422,450,421,392,374,350,352,374,424,467,482,391,243,114,41,11,9885,761,1
Liberia,1970,16098,6115,9149,3034,766,398,380,877,831,739,741,904,889,369,55,419,458,431,400,381,358,360,381,431,473,489,400,250,119,43,12,9915,778,1
Liberia,1971,16245,6122,9175,3053,775,404,389,884,848,751,758,923,905,377,58,420,464,440,408,386,365,369,389,442,481,496,409,255,122,46,12,9950,793,1
Liberia,1972,16362,6190,9237,3047,777,406,391,877,854,754,767,934,916,386,61,416,461,443,411,386,368,376,391,448,486,500,416,262,124,47,14,10014,797,1
Liberia,1973,16562,6284,9332,3048,784,410,396,880,867,760,782,955,931,398,66,420,460,449,418,389,371,386,396,459,496,506,425,269,129,51,15,10116,806,2
Liberia,1974,16765,6373,9430,3057,790,413,401,885,877,769,799,973,948,411,67,432,453,454,423,393,376,395,404,469,504,515,433,278,133,52,15,10220,814,2
Liberia,1975,17055,6466,9536,3070,795,418,407,896,902,790,828,1008,974,428,72,445,451,464,438,404,386,410,418,486,522,529,445,289,139,56,16,10331,825,2
Liberia,1976,17255,6603,9727,3124,805,422,406,893,922,809,843,1008,954,404,62,445,448,471,451,416,393,419,424,486,522,522,432,276,128,47,15,10532,828,2
Liberia,1977,17431,6688,9864,3176,811,426,408,892,936,831,863,1020,939,385,53,446,446,475,461,430,401,426,437,492,528,518,421,266,119,41,12,10675,834,2
Liberia,1978,17657,6804,10037,3233,824,433,408,891,952,857,883,1030,929,368,45,443,448,476,476,445,412,436,447,494,536,517,412,258,110,36,9,10861,841,2
Liberia,1979,17962,6903,10180,3277,838,443,411,905,975,903,920,1055,931,358,39,445,460,478,497,471,432,452,468,507,548,523,408,253,105,31,8,11018,854,2
Liberia,1980,18174,6973,10304,3331,861,452,416,907,979,932,939,1068,933,345,35,442,465,471,508,486,446,461,478,515,553,528,405,245,100,28,7,11165,868,1
Liberia,1981,18434,7031,10399,3368,882,462,423,914,997,971,972,1095,947,342,32,444,470,474,523,506,465,478,494,530,565,540,407,243,99,25,7,11281,885,1
Liberia,1982,18722,7077,10471,3394,907,475,436,923,1011,1014,1004,1130,977,346,28,450,473,478,533,528,486,494,510,550,580,558,419,246,100,23,5,11378,911,1
Liberia,1983,19061,7164,10592,3428,934,486,450,931,1016,1048,1035,1167,1017,357,30,456,475,482,534,543,505,510,525,573,594,582,435,253,104,25,5,11526,936,1
Liberia,1984,19504,7365,10895,3530,974,502,458,937,1038,1096,1065,1184,1001,328,25,458,479,497,541,566,530,528,537,587,597,578,423,236,92,21,4,11869,960,1
Liberia,1985,20411,7562,11284,3722,1053,542,495,984,1063,1152,1128,1256,1068,351,29,488,496,518,545,591,561,561,567,623,633,614,454,252,99,23,6,12337,1037,1
Liberia,1986,20915,7807,11556,3749,1059,563,519,1016,1068,1175,1160,1294,1102,367,32,510,506,524,544,599,576,577,583,641,653,630,472,263,104,26,6,12615,1082,2
Liberia,1987,21863,8112,12032,3920,1109,600,554,1073,1099,1222,1224,1367,1157,390,36,546,527,541,558,618,604,611,613,677,690,657,500,279,111,29,7,13141,1154,2
Liberia,1988,22862,8459,12584,4125,1170,641,592,1132,1123,1252,1276,1430,1209,413,39,583,549,555,568,627,625,638,638,706,724,681,528,295,118,32,7,13754,1233,2
Liberia,1989,23870,8816,13149,4333,1226,678,628,1198,1151,1271,1330,1492,1262,437,42,624,574,567,584,625,646,665,665,734,758,708,554,312,125,33,9,14375,1306,3
Liberia,1990,25270,9165,13689,4524,1267,713,694,1357,1274,1440,1460,1552,1312,464,46,716,641,617,657,707,733,740,720,764,788,733,579,331,133,37,9,14956,1407,3
Liberia,1991,18488,6881,10289,3408,954,539,503,934,828,908,1014,1136,987,360,33,497,437,406,422,434,474,507,507,556,580,550,437,257,103,28,5,11243,1042,2
Liberia,1992,19345,7279,10835,3556,978,556,529,981,841,917,1049,1183,1047,393,34,522,459,415,426,437,480,522,527,577,606,584,463,281,112,29,5,11813,1085,2
Liberia,1993,20885,7705,11605,3900,1098,609,575,1066,879,963,1144,1306,1166,438,37,567,499,437,442,457,506,564,580,636,670,653,513,314,124,32,5,12703,1184,1
Liberia,1994,21498,7818,11822,4004,1139,622,596,1112,896,981,1204,1381,1240,466,37,589,523,449,447,473,508,590,614,672,709,696,544,334,132,32,5,12961,1218,1
Liberia,1995,19600,7264,10817,3553,984,547,540,1023,807,864,1098,1275,1161,449,37,541,482,409,398,424,440,533,565,620,655,649,512,319,130,32,5,11801,1087,1
Liberia,1996,20146,7407,11013,3606,1005,550,550,1060,826,878,1146,1351,1244,483,39,558,502,423,403,430,448,551,595,656,695,693,551,341,142,34,5,12018,1100,1
Liberia,1997,18346,6986,10135,3149,833,469,484,949,736,758,1026,1251,1187,478,41,500,449,382,354,373,385,485,541,606,645,655,532,333,145,36,5,10968,953,1
Liberia,1998,20332,7682,11069,3387,895,503,527,1059,834,843,1152,1447,1393,563,51,556,503,435,399,413,430,537,615,700,747,764,629,391,172,44,7,11964,1030,0
Liberia,1999,20588,7740,11074,3334,881,490,520,1071,850,852,1170,1521,1497,609,55,559,512,447,403,414,438,534,636,732,789,815,682,422,187,48,7,11955,1010,0
Liberia,2000,20572,7591,10779,3188,849,471,506,1077,880,875,1203,1622,1597,650,57,558,519,464,416,421,454,538,665,780,842,867,730,450,200,50,7,11628,977,0
Liberia,2001,19926,7232,10190,2958,795,440,477,1041,871,856,1191,1660,1657,682,62,534,507,458,413,410,446,526,665,794,866,897,760,473,209,55,7,10985,917,1
Liberia,2002,19562,6860,9590,2730,746,416,460,1044,906,884,1230,1756,1745,719,67,526,518,474,432,424,460,540,690,838,918,946,799,500,219,60,7,10336,876,1
Liberia,2003,19840,6574,9309,2735,799,422,459,1070,953,932,1289,1890,1876,767,73,534,536,495,458,447,485,568,721,896,994,1018,858,537,230,64,9,10108,881,1
Liberia,2004,17804,5910,8095,2185,628,351,395,948,885,852,1188,1806,1817,763,74,466,482,455,430,411,441,530,658,850,956,983,834,534,229,64,10,8723,746,1
Liberia,2005,17567,5690,7704,2014,593,335,380,927,902,866,1201,1875,1903,803,78,449,478,460,442,420,446,545,656,877,998,1030,873,561,242,67,11,8297,715,1
Liberia,2006,18130,5669,7602,1933,582,336,386,960,980,944,1283,2036,2068,870,86,460,500,495,485,462,482,586,697,946,1090,1122,946,607,263,74,12,8184,722,1
Liberia,2007,18453,5613,7486,1873,566,331,381,961,1024,991,1325,2141,2214,939,89,456,505,514,510,489,502,607,718,984,1157,1201,1013,653,286,77,12,8052,712,1
Liberia,2008,18790,5505,7323,1818,555,331,386,973,1076,1052,1379,2245,2365,1008,95,458,515,538,538,523,529,632,747,1018,1227,1284,1081,698,310,83,12,7878,717,1
Liberia,2009,18888,5341,7097,1756,545,332,388,976,1109,1096,1410,2278,2477,1066,109,458,518,552,557,549,547,641,769,1014,1264,1343,1134,734,332,92,17,7642,720,2
Liberia,2010,19194,5202,6892,1690,535,334,396,1002,1180,1180,1481,2351,2605,1120,113,469,533,582,598,596,584,671,810,1029,1322,1413,1192,771,349,97,16,7427,730,2
Liberia,2011,19438,5103,6746,1643,534,337,401,1003,1216,1239,1521,2406,2730,1181,117,470,533,593,623,626,613,689,832,1043,1363,1479,1251,812,369,101,16,7280,738,2
Liberia,2012,20037,5176,6788,1612,534,340,417,1051,1281,1315,1560,2445,2862,1269,167,492,559,622,659,664,651,712,848,1053,1392,1539,1323,865,404,128,39,7322,757,8
Liberia,2013,20370,5080,6661,1581,535,344,428,1067,1343,1407,1622,2504,2986,1321,149,500,567,644,699,708,699,745,877,1085,1419,1601,1385,902,419,124,25,7196,772,7
Liberia,2014,21650,5031,6811,1780,659,424,500,1198,1497,1567,1726,2586,3148,1392,142,568,630,715,782,788,779,805,921,1144,1442,1679,1469,953,439,123,19,7470,924,4
Liberia,2015,21782,4917,6694,1777,677,442,515,1199,1496,1610,1742,2575,3237,1452,139,573,626,706,790,805,805,821,921,1158,1417,1711,1526,995,457,125,14,7371,957,2
Liberia,2016,20834,4734,6224,1490,532,359,455,1079,1400,1594,1737,2541,3264,1505,144,513,566,650,750,790,804,825,912,1150,1391,1711,1553,1029,476,130,14,6756,814,1
Liberia,2017,21005,4653,6071,1418,512,356,460,1082,1418,1670,1806,2570,3338,1573,148,517,565,653,765,824,846,869,937,1168,1402,1734,1604,1076,497,134,14,6583,816,1
Liberia,2018,20869,4574,5954,1380,505,356,457,1050,1358,1662,1811,2542,3372,1646,155,509,541,620,738,816,846,879,932,1152,1390,1724,1648,1124,522,141,14,6459,813,1
Liberia,2019,21079,4488,5824,1336,496,357,465,1074,1372,1730,1886,2589,3400,1724,162,524,550,622,750,847,883,926,960,1166,1423,1706,1694,1176,548,148,14,6320,822,0
Liberia,2020,21505,4388,5669,1281,479,349,442,1003,1286,1758,2023,2826,3609,1889,178,495,508,576,710,846,912,991,1032,1259,1567,1805,1804,1282,607,163,15,6148,791,0
Liberia,2021,22301,4287,5485,1198,451,338,456,1055,1338,1890,2230,3026,3793,2039,196,521,534,599,739,893,997,1095,1135,1356,1670,1885,1908,1373,666,178,18,5936,794,0
Libya,1950,16647,5833,9425,3592,797,400,439,978,802,633,699,1004,1109,327,39,496,482,425,377,335,298,322,377,470,534,658,451,230,97,31,8,10222,839,1
Libya,1951,16884,5915,9644,3729,802,400,431,962,802,630,694,999,1139,346,34,486,476,426,376,333,297,320,374,471,528,654,485,248,98,29,5,10446,831,1
Libya,1952,17246,6044,9890,3846,816,406,438,966,820,642,696,1007,1166,365,35,486,480,438,382,341,301,324,372,477,530,642,524,266,99,29,6,10706,844,1
Libya,1953,17456,6188,10096,3908,807,402,434,948,822,641,692,1012,1179,387,36,476,472,441,381,342,299,325,367,480,532,621,558,285,102,31,5,10903,836,1
Libya,1954,17649,6312,10243,3931,804,402,432,939,829,648,694,1017,1187,414,37,472,467,446,383,346,302,328,366,481,536,605,582,305,109,31,6,11047,834,1
Libya,1955,17796,6409,10330,3921,804,399,433,937,842,656,695,1023,1190,451,38,471,466,453,389,351,305,331,364,483,540,599,591,332,119,32,6,11134,832,1
Libya,1956,17774,6492,10389,3897,786,388,420,915,829,648,686,1018,1176,484,37,460,455,442,387,348,300,326,360,479,539,590,586,356,128,32,5,11175,808,1
Libya,1957,17776,6536,10386,3850,774,379,412,910,830,652,683,1022,1166,524,39,459,451,440,390,348,304,324,359,476,546,591,575,386,138,33,6,11160,791,1
Libya,1958,17611,6528,10288,3760,755,363,398,891,819,648,676,1018,1153,561,41,450,441,429,390,344,304,321,355,468,550,594,559,412,149,35,6,11043,761,1
Libya,1959,17319,6454,10086,3632,732,347,381,865,802,643,673,1014,1145,587,44,436,429,417,385,340,303,318,355,460,554,598,547,428,159,38,6,10818,728,1
Libya,1960,17016,6342,9819,3477,712,335,371,850,793,644,671,1016,1148,611,48,427,423,409,384,340,304,317,354,457,559,604,544,436,175,41,7,10531,706,1
Libya,1961,16554,6215,9504,3289,680,317,350,811,766,636,661,1008,1148,622,52,405,406,394,372,335,301,313,348,451,557,607,541,433,189,45,7,10184,667,1
Libya,1962,16052,6089,9177,3088,644,298,329,766,731,626,653,993,1154,628,54,379,387,374,357,329,297,311,342,443,550,612,542,424,204,47,7,9821,627,1
Libya,1963,15841,5992,8916,2924,643,303,325,761,731,640,661,997,1173,633,59,374,387,374,357,338,302,317,344,447,550,624,549,415,218,52,7,9559,628,1
Libya,1964,15303,5857,8588,2731,601,278,300,713,699,625,647,976,1178,630,62,349,364,357,342,329,296,312,335,437,539,625,553,405,225,55,7,9189,578,1
Libya,1965,14840,5693,8267,2574,570,263,284,665,672,618,648,964,1189,631,68,323,342,341,331,323,295,313,335,432,532,631,558,402,229,59,9,8837,547,1
Libya,1966,14265,5440,7905,2465,542,243,261,613,628,599,633,947,1192,627,77,298,315,318,310,311,288,304,329,423,524,628,564,400,227,66,11,8447,504,1
Libya,1967,13663,5108,7452,2344,526,227,244,570,589,581,619,941,1202,628,82,277,293,297,292,298,283,295,324,419,522,628,574,405,223,71,11,7978,471,1
Libya,1968,12949,4771,6946,2175,507,210,221,519,543,556,601,926,1208,628,86,253,266,272,271,280,276,284,317,409,517,623,585,410,218,75,11,7453,431,1
Libya,1969,12390,4477,6479,2002,504,201,207,486,512,542,589,922,1220,634,90,236,250,255,257,269,273,276,313,406,516,623,597,419,215,78,12,6983,408,1
Libya,1970,11756,4181,5982,1801,493,193,192,450,477,523,578,911,1223,642,91,218,232,237,240,256,267,272,306,398,513,617,606,426,216,79,12,6475,385,1
Libya,1971,11213,3920,5531,1611,479,188,180,423,452,509,572,904,1228,653,92,204,219,223,229,246,263,270,302,394,510,615,613,435,218,78,14,6010,368,1
Libya,1972,10658,3666,5110,1444,454,186,172,389,424,489,562,891,1226,665,92,187,202,208,216,234,255,268,294,388,503,612,614,443,222,78,14,5564,358,1
Libya,1973,10311,3451,4743,1292,438,194,176,384,420,487,571,889,1233,683,92,185,199,206,214,231,256,276,295,388,501,616,617,457,226,76,16,5181,370,1
Libya,1974,9934,3334,4477,1143,394,196,171,348,402,478,578,870,1230,701,91,166,182,196,206,225,253,284,294,380,490,612,618,468,233,75,16,4871,367,1
Libya,1975,9503,3241,4306,1065,338,184,158,299,363,441,564,837,1210,709,92,143,156,175,188,205,236,277,287,366,471,600,610,472,237,76,16,4644,342,1
Libya,1976,9153,3160,4170,1010,290,169,146,262,327,411,553,814,1194,721,94,126,136,156,171,190,221,268,285,358,456,589,605,477,244,78,16,4460,315,2
Libya,1977,9003,3100,4066,966,263,163,145,245,309,399,563,815,1196,740,96,121,124,146,163,183,216,269,294,360,455,586,610,485,255,80,16,4329,308,2
Libya,1978,8840,3049,3974,925,240,152,145,231,291,387,566,809,1192,752,100,116,115,135,156,177,210,265,301,356,453,577,615,489,263,84,16,4214,297,2
Libya,1979,8716,3001,3889,888,222,141,145,221,273,376,571,816,1190,767,102,113,108,125,148,171,205,263,308,362,454,571,619,496,271,86,16,4111,286,2
Libya,1980,8557,2895,3755,860,206,128,143,211,259,365,572,826,1195,783,106,111,100,117,142,165,200,258,314,369,457,569,626,502,281,90,16,3961,271,2
Libya,1981,8475,2779,3600,821,203,122,149,217,256,369,586,852,1204,803,111,117,100,114,142,168,201,261,325,385,467,572,632,512,291,93,18,3803,271,2
Libya,1982,8412,2705,3486,781,195,115,149,219,249,369,594,879,1217,824,117,120,99,110,139,167,202,263,331,403,476,579,638,524,300,99,18,3681,264,2
Libya,1983,8377,2645,3387,742,190,108,145,225,243,370,599,909,1231,843,122,125,100,107,136,167,203,263,336,422,487,588,643,537,306,104,18,3577,253,2
Libya,1984,8462,2582,3288,706,191,110,150,248,251,386,621,959,1258,870,128,140,108,111,140,174,212,272,349,449,510,606,652,553,317,109,19,3479,260,2
Libya,1985,8416,2512,3174,662,184,106,144,255,247,389,621,989,1280,893,135,144,111,109,138,174,215,272,349,462,527,622,658,566,327,115,20,3358,250,2
Libya,1986,8443,2417,3041,624,179,108,144,274,253,399,635,1037,1315,917,142,154,120,113,140,179,220,278,357,481,556,642,673,581,336,120,22,3220,252,2
Libya,1987,8318,2306,2892,586,166,104,134,274,244,395,628,1061,1337,933,149,152,122,111,133,176,219,275,353,484,577,655,682,586,347,125,24,3058,238,2
Libya,1988,8351,2182,2735,553,162,106,135,291,253,405,644,1111,1390,963,156,158,133,117,136,179,226,284,360,499,612,683,707,602,361,130,26,2897,241,2
Libya,1989,8231,2051,2567,516,151,102,129,287,250,399,642,1129,1428,983,160,151,136,117,133,174,225,284,358,498,631,704,724,609,374,133,27,2718,231,2
Libya,1990,8247,1916,2394,478,149,103,134,300,263,412,659,1169,1489,1007,166,152,148,127,136,178,234,293,366,508,661,738,751,622,385,138,28,2543,237,3
Libya,1991,8134,1787,2230,443,140,96,127,290,260,404,653,1178,1543,1035,174,142,148,128,132,172,232,291,362,505,673,769,774,637,398,145,29,2370,223,3
Libya,1992,8203,1670,2081,411,139,97,133,301,279,415,675,1212,1619,1068,181,143,158,141,138,176,239,301,374,515,697,815,804,658,410,151,30,2220,230,3
Libya,1993,8314,1553,1933,380,137,99,141,314,304,429,703,1245,1706,1109,191,147,167,156,148,182,247,314,389,527,718,866,840,686,423,159,32,2070,240,3
Libya,1994,8250,1459,1809,350,129,92,134,298,311,418,701,1241,1771,1144,200,140,158,160,151,177,241,314,387,522,719,897,874,711,433,166,34,1938,226,3
Libya,1995,8383,1386,1712,326,125,91,137,302,332,427,723,1267,1863,1190,209,143,159,172,160,181,246,324,399,532,735,940,923,742,448,174,35,1837,228,4
Libya,1996,8542,1323,1627,304,124,92,139,307,359,437,746,1292,1957,1243,220,148,159,186,173,187,250,334,412,544,748,978,979,778,465,182,38,1751,231,4
Libya,1997,8918,1264,1551,287,127,98,155,340,411,472,797,1350,2076,1309,228,167,173,210,201,206,266,357,440,573,777,1024,1052,821,488,189,39,1678,253,4
Libya,1998,9120,1211,1481,270,122,99,157,349,438,490,821,1378,2167,1374,238,174,175,219,219,218,272,365,456,588,790,1052,1115,862,512,196,42,1603,256,4
Libya,1999,9546,1164,1422,258,125,107,169,387,494,534,873,1441,2286,1459,251,194,193,239,255,244,290,386,487,621,820,1094,1192,918,541,206,45,1547,276,4
Libya,2000,10035,1125,1373,248,129,114,188,430,553,587,929,1513,2396,1552,259,216,214,259,294,276,311,408,521,659,854,1133,1263,982,570,214,45,1502,302,5
Libya,2001,10227,1180,1419,239,122,111,185,436,552,600,920,1517,2449,1639,275,217,219,251,301,288,312,404,516,655,862,1142,1307,1040,599,225,50,1541,296,5
Libya,2002,10399,1187,1421,234,117,106,184,444,555,617,919,1517,2494,1733,286,218,226,251,304,303,314,406,513,648,869,1151,1343,1105,628,235,51,1538,290,5
Libya,2003,10771,1189,1420,231,118,108,195,480,591,666,949,1540,2556,1842,302,232,248,270,321,333,333,422,527,660,880,1173,1383,1178,664,248,54,1538,303,6
Libya,2004,10850,1183,1412,229,112,101,185,470,588,685,941,1519,2571,1941,315,224,246,272,316,342,343,418,523,648,871,1172,1399,1238,703,260,55,1524,286,6
Libya,2005,11193,1167,1392,225,113,101,194,505,633,742,966,1541,2620,2047,334,238,267,296,337,367,375,426,540,650,891,1193,1427,1298,749,276,58,1505,295,6
Libya,2006,11515,1130,1347,217,113,102,201,538,689,801,998,1552,2660,2151,355,250,288,323,366,390,411,435,563,663,889,1213,1447,1351,800,293,62,1460,303,7
Libya,2007,11824,1071,1274,203,113,102,208,562,741,877,1045,1584,2688,2246,375,260,302,344,397,424,453,451,594,700,884,1226,1462,1393,853,309,66,1387,310,7
Libya,2008,11667,1014,1204,190,105,93,187,514,715,885,1038,1567,2643,2309,397,237,277,328,387,421,464,450,588,702,865,1195,1448,1408,901,328,69,1309,280,7
Libya,2009,12053,963,1143,180,107,95,193,541,766,970,1100,1624,2677,2406,425,250,291,350,416,461,509,494,606,740,884,1209,1468,1445,961,351,74,1250,288,8
Libya,2010,12479,944,1114,170,109,97,199,563,813,1054,1165,1675,2725,2497,460,260,303,372,441,503,551,549,616,772,903,1230,1495,1482,1015,381,79,1223,296,8
Libya,2011,14042,1032,1381,349,196,131,236,678,975,1270,1320,1848,2863,2632,501,312,366,445,530,612,658,651,669,854,994,1282,1581,1550,1082,416,85,1577,367,9
Libya,2012,12378,738,891,153,109,95,168,422,735,1077,1180,1750,2749,2655,540,191,231,319,416,508,569,595,585,784,966,1210,1539,1543,1112,448,92,1000,263,10
Libya,2013,12873,713,870,157,114,100,177,431,751,1149,1273,1829,2807,2768,593,197,234,321,430,539,610,652,621,819,1010,1239,1568,1596,1172,492,101,984,277,11
Libya,2014,13010,715,896,181,122,97,171,410,723,1172,1323,1813,2807,2827,636,189,221,301,422,542,630,676,647,799,1014,1236,1571,1619,1208,527,109,1018,268,12
Libya,2015,13356,684,863,179,124,101,176,413,725,1224,1422,1834,2865,2910,683,193,220,297,428,556,668,715,707,798,1036,1260,1605,1661,1249,563,120,987,277,13
Libya,2016,13668,650,823,173,125,101,180,413,723,1278,1525,1861,2902,2994,727,196,217,291,432,573,705,759,766,797,1064,1304,1598,1705,1289,597,130,948,281,14
Libya,2017,13892,607,756,149,116,101,184,412,704,1306,1624,1909,2927,3064,772,200,212,280,424,574,732,796,828,808,1101,1342,1585,1738,1326,628,144,872,285,15
Libya,2018,14128,571,703,132,106,100,185,412,687,1335,1721,1958,2973,3116,816,203,209,273,414,579,756,833,888,835,1123,1375,1598,1751,1365,660,156,809,285,16
Libya,2019,14715,559,711,152,118,106,196,437,699,1401,1859,2049,3061,3199,862,218,219,280,419,605,796,899,960,910,1139,1424,1637,1790,1409,691,171,829,302,18
Libya,2020,15779,529,662,133,110,105,185,404,652,1439,2083,2365,3355,3467,935,202,202,258,394,608,831,998,1085,1092,1273,1598,1757,1929,1538,747,188,772,290,20
Libya,2021,17738,491,589,98,90,98,200,445,697,1598,2416,2795,3858,3893,1038,222,223,277,420,663,935,1146,1270,1357,1438,1829,2029,2122,1771,830,208,679,298,23
Liechtenstein,1950,80,9,14,5,0,0,0,0,0,8,10,14,20,10,0,0,0,0,0,3,5,5,5,5,9,10,10,5,5,0,0,14,0,0
Liechtenstein,1951,82,9,14,5,0,0,0,0,1,10,10,14,20,11,0,0,0,0,1,5,5,5,5,5,9,10,10,6,5,0,0,14,0,0
Liechtenstein,1952,92,11,16,5,1,0,0,2,4,10,10,16,20,12,1,0,2,1,3,5,5,5,5,6,10,10,10,7,5,1,0,17,0,0
Liechtenstein,1953,96,11,16,5,1,0,0,1,6,10,10,16,20,13,0,0,1,3,3,5,5,5,5,6,10,10,10,8,5,0,0,17,0,0
Liechtenstein,1954,110,13,20,7,2,0,0,5,10,10,10,17,20,13,0,0,5,5,5,5,5,5,5,7,10,10,10,8,5,0,0,22,0,0
Liechtenstein,1955,89,9,13,4,0,0,0,0,0,10,10,15,20,12,0,0,0,0,0,5,5,5,5,5,10,10,10,8,4,0,0,13,0,0
Liechtenstein,1956,92,9,14,5,0,0,0,0,2,9,10,15,20,12,0,0,0,2,0,4,5,5,5,5,10,10,10,8,4,0,0,14,0,0
Liechtenstein,1957,92,9,14,5,0,0,0,0,1,8,10,14,20,13,0,0,0,0,1,3,5,5,5,5,9,10,10,9,4,0,0,14,0,0
Liechtenstein,1958,105,11,16,5,0,0,0,0,8,8,10,17,24,14,0,0,0,4,4,3,5,5,5,7,10,11,13,9,5,0,0,16,0,0
Liechtenstein,1959,81,7,9,2,0,0,0,0,0,4,10,12,20,14,0,0,0,0,0,0,4,5,5,5,7,10,10,9,5,0,0,9,0,0
Liechtenstein,1960,91,8,11,3,0,0,0,0,0,5,10,16,22,15,0,0,0,0,0,0,5,5,5,6,10,10,12,10,5,0,0,11,0,0
Liechtenstein,1961,88,7,10,3,0,0,0,0,0,4,10,15,23,16,1,0,0,0,0,0,4,5,5,5,10,11,12,11,5,1,0,10,0,0
Liechtenstein,1962,106,10,15,5,0,0,0,0,5,7,10,17,25,18,1,0,0,0,5,3,4,5,5,7,10,12,13,12,6,1,0,15,0,0
Liechtenstein,1963,110,11,16,5,0,0,0,0,4,10,10,19,26,19,0,0,0,0,4,5,5,5,5,9,10,12,14,13,6,0,0,16,0,0
Liechtenstein,1964,102,10,13,3,0,0,0,0,0,7,10,17,25,20,0,0,0,0,0,5,2,5,5,7,10,11,14,12,8,0,0,13,0,0
Liechtenstein,1965,110,11,16,5,0,0,0,0,2,10,10,18,26,22,0,0,0,0,2,5,5,5,5,8,10,12,14,13,9,0,0,16,0,0
Liechtenstein,1966,95,8,10,2,0,0,0,0,0,4,10,17,23,19,1,0,0,0,0,2,2,5,5,7,10,10,13,11,8,1,0,10,0,0
Liechtenstein,1967,85,6,6,0,0,0,0,0,0,1,9,14,23,17,2,0,0,0,0,0,1,4,5,5,9,10,13,10,7,2,0,6,0,0
Liechtenstein,1968,112,9,14,5,0,0,0,0,0,9,10,19,28,21,2,0,0,0,0,4,5,5,5,9,10,13,15,13,8,2,0,14,0,0
Liechtenstein,1969,106,8,11,3,0,0,0,0,0,8,10,18,27,19,3,0,0,0,0,3,5,5,5,8,10,12,15,12,7,3,0,11,0,0
Liechtenstein,1970,105,7,9,2,0,0,0,0,0,7,10,19,27,20,4,0,0,0,0,2,5,5,5,9,10,12,15,12,8,4,0,9,0,0
Liechtenstein,1971,129,11,17,6,0,0,0,9,7,9,10,21,31,22,5,4,5,4,3,4,5,5,5,10,11,15,16,13,9,5,0,17,0,0
Liechtenstein,1972,93,5,5,0,0,0,0,0,0,3,10,17,27,22,5,0,0,0,0,0,3,5,5,7,10,13,14,13,9,4,1,5,0,0
Liechtenstein,1973,118,8,11,3,0,0,0,0,0,6,10,21,31,25,2,0,0,0,0,1,5,5,5,9,12,15,16,15,10,1,1,11,0,0
Liechtenstein,1974,85,4,4,0,0,0,0,0,0,1,10,16,25,19,2,0,0,0,0,0,1,5,5,6,10,12,13,12,7,2,0,4,0,0
Liechtenstein,1975,113,7,9,2,0,0,0,0,0,4,10,19,30,24,3,0,0,0,0,0,4,5,5,8,11,15,15,16,8,3,0,9,0,0
Liechtenstein,1976,112,6,7,1,0,0,0,0,0,3,10,19,31,24,4,0,0,0,0,0,3,5,5,7,12,15,16,16,8,4,0,7,0,0
Liechtenstein,1977,84,3,3,0,0,0,0,0,0,0,9,14,27,24,4,0,0,0,0,0,0,4,5,5,9,12,15,15,9,4,0,3,0,0
Liechtenstein,1978,97,4,4,0,0,0,0,0,0,0,10,16,30,25,4,0,0,0,0,0,0,5,5,5,11,14,16,15,10,4,0,4,0,0
Liechtenstein,1979,104,4,4,0,0,0,0,0,0,0,10,17,33,27,4,0,0,0,0,0,0,5,5,6,11,15,18,16,11,4,0,4,0,0
Liechtenstein,1980,131,6,7,1,0,0,0,0,4,8,12,19,40,30,4,0,0,0,4,3,5,5,7,7,12,19,21,18,12,4,0,7,0,0
Liechtenstein,1981,129,6,7,1,0,0,0,0,0,5,11,18,40,32,6,0,0,0,0,1,4,5,6,7,11,19,21,20,12,6,0,7,0,0
Liechtenstein,1982,114,4,4,0,0,0,0,0,0,2,9,14,37,34,5,0,0,0,0,0,2,4,5,5,9,17,20,20,14,4,1,4,0,0
Liechtenstein,1983,109,3,3,0,0,0,0,0,0,1,8,13,35,31,6,0,0,0,0,0,1,3,5,5,8,16,19,19,12,5,1,3,0,0
Liechtenstein,1984,129,4,4,0,0,0,0,0,0,9,10,21,40,34,5,0,0,0,0,4,5,5,5,10,11,17,23,22,12,5,0,4,0,0
Liechtenstein,1985,114,3,3,0,0,0,0,0,0,0,10,17,35,34,7,0,0,0,0,0,0,5,5,7,10,15,20,21,13,7,0,3,0,0
Liechtenstein,1986,87,2,2,0,0,0,0,0,0,0,3,10,25,28,4,0,0,0,0,0,0,0,3,5,5,10,15,17,11,4,0,2,0,0
Liechtenstein,1987,119,3,3,0,0,0,0,0,0,2,10,17,35,39,6,0,0,0,0,0,2,5,5,7,10,13,22,23,16,6,0,3,0,0
Liechtenstein,1988,98,2,2,0,0,0,0,0,0,0,6,14,29,35,5,0,0,0,0,0,0,1,5,5,9,12,17,20,15,5,0,2,0,0
Liechtenstein,1989,92,2,2,0,0,0,0,0,0,0,4,13,27,34,7,0,0,0,0,0,0,0,4,5,8,11,16,19,15,6,1,2,0,0
Liechtenstein,1990,91,2,2,0,0,0,0,0,0,0,4,12,25,36,8,0,0,0,0,0,0,0,4,5,7,10,15,20,16,7,1,2,0,0
Liechtenstein,1991,100,2,2,0,0,0,0,0,0,0,4,13,24,37,10,0,0,0,0,0,0,0,4,5,8,10,14,20,17,9,1,2,0,0
Liechtenstein,1992,100,2,2,0,0,0,0,0,0,0,3,13,24,38,11,0,0,0,0,0,0,0,3,5,8,10,14,20,18,10,1,2,0,0
Liechtenstein,1993,105,2,2,0,0,0,0,0,0,0,6,12,26,38,13,0,0,0,0,0,0,1,5,5,7,11,15,20,18,12,1,2,0,0
Liechtenstein,1994,86,2,2,0,0,0,0,0,0,0,0,10,21,33,11,0,0,0,0,0,0,0,0,5,5,10,11,17,16,10,1,2,0,0
Liechtenstein,1995,105,2,2,0,0,0,0,0,0,0,9,12,26,38,14,0,0,0,0,0,0,4,5,5,7,12,14,20,18,12,2,2,0,0
Liechtenstein,1996,92,2,2,0,0,0,0,0,0,0,3,11,22,36,13,0,0,0,0,0,0,0,3,5,6,10,12,18,18,10,3,2,0,0
Liechtenstein,1997,106,2,2,0,0,0,0,0,0,0,8,11,27,38,14,0,0,0,0,0,0,3,5,5,6,12,15,19,19,11,3,2,0,0
Liechtenstein,1998,94,2,2,0,0,0,0,0,0,0,6,10,24,35,15,0,0,0,0,0,0,1,5,5,5,9,15,17,18,11,4,2,0,0
Liechtenstein,1999,89,2,2,0,0,0,0,0,0,0,5,10,23,33,14,0,0,0,0,0,0,0,5,5,5,8,15,16,17,10,4,2,0,1
Liechtenstein,2000,121,2,2,0,0,0,0,0,0,0,10,10,31,43,14,0,0,0,0,0,0,5,5,5,5,12,19,21,22,12,2,2,0,1
Liechtenstein,2001,98,2,2,0,0,0,0,0,0,0,7,10,26,36,16,0,0,0,0,0,0,2,5,5,5,9,17,17,19,13,3,2,0,1
Liechtenstein,2002,102,1,1,0,0,0,0,0,0,0,7,10,24,38,17,0,0,0,0,0,0,2,5,5,5,7,17,20,18,13,4,1,0,1
Liechtenstein,2003,113,1,1,0,0,0,0,0,0,0,8,11,25,42,18,0,0,0,0,0,0,3,5,5,6,8,17,22,20,14,4,1,0,0
Liechtenstein,2004,83,1,1,0,0,0,0,0,0,0,1,10,18,32,15,0,0,0,0,0,0,0,1,5,5,5,13,17,15,12,3,1,0,1
Liechtenstein,2005,95,1,1,0,0,0,0,0,0,0,4,10,19,36,19,0,0,0,0,0,0,0,4,5,5,7,12,20,16,14,5,1,0,1
Liechtenstein,2006,108,1,1,0,0,0,0,0,0,0,6,10,22,42,22,0,0,0,0,0,0,1,5,5,5,9,13,23,19,15,7,1,0,1
Liechtenstein,2007,106,1,1,0,0,0,0,0,0,0,6,10,20,42,21,0,0,0,0,0,0,1,5,5,5,8,12,22,20,14,7,1,0,1
Liechtenstein,2008,90,1,1,0,0,0,0,0,0,0,1,10,16,37,19,0,0,0,0,0,0,0,1,5,5,6,10,19,18,12,7,1,0,1
Liechtenstein,2009,111,1,1,0,0,0,0,0,0,0,6,12,22,46,21,0,0,0,0,0,0,1,5,5,7,10,12,22,24,14,7,1,0,2
Liechtenstein,2010,106,1,1,0,0,0,0,0,0,0,5,11,22,43,18,0,0,0,0,0,0,0,5,5,6,10,12,20,23,13,5,1,0,2
Liechtenstein,2011,109,1,1,0,0,0,0,0,0,0,6,12,23,43,19,0,0,0,0,0,0,1,5,5,7,10,13,19,24,12,7,1,0,1
Liechtenstein,2012,102,1,1,0,0,0,0,0,0,0,4,11,22,41,19,0,0,0,0,0,0,0,4,5,6,10,12,17,24,14,5,1,0,1
Liechtenstein,2013,120,1,1,0,0,0,0,0,0,0,7,12,26,44,23,0,0,0,0,0,0,2,5,5,7,10,16,18,26,18,5,1,0,2
Liechtenstein,2014,132,1,1,0,0,0,0,0,0,0,10,14,29,49,28,0,0,0,0,0,0,5,5,5,9,13,16,22,27,22,6,1,0,2
Liechtenstein,2015,119,1,1,0,0,0,0,0,0,0,7,13,27,41,24,0,0,0,0,0,0,2,5,5,8,12,15,19,22,20,4,1,0,2
Liechtenstein,2016,127,1,1,0,0,0,0,0,0,0,8,13,30,44,27,0,0,0,0,0,0,3,5,5,8,13,17,22,22,22,5,1,0,1
Liechtenstein,2017,107,1,1,0,0,0,0,0,0,0,4,11,25,37,25,0,0,0,0,0,0,0,4,5,6,10,15,19,18,19,6,1,0,1
Liechtenstein,2018,117,1,1,0,0,0,0,0,0,0,6,12,27,41,28,0,0,0,0,0,0,1,5,5,7,11,16,21,20,20,8,1,0,1
Liechtenstein,2019,117,1,1,0,0,0,0,0,0,0,5,12,28,41,26,0,0,0,0,0,0,0,5,5,7,11,17,20,21,18,8,1,0,1
Liechtenstein,2020,134,1,1,0,0,0,0,0,0,0,4,13,31,53,29,0,0,0,0,0,0,0,4,5,8,13,18,24,29,19,10,1,0,1
Liechtenstein,2021,130,1,1,0,0,0,0,0,0,0,5,13,31,51,23,0,0,0,0,0,0,0,5,5,8,13,18,25,26,16,7,1,0,1
Lithuania,1950,18386,1119,1378,259,91,66,116,290,370,861,1399,1700,3773,5491,2661,145,145,139,231,352,509,661,738,766,934,1564,2209,2753,2738,1876,785,1469,182,186
Lithuania,1951,17678,1107,1376,269,93,66,113,297,364,858,1436,1759,3647,5122,2382,144,153,145,219,352,506,671,765,824,935,1516,2131,2587,2535,1693,689,1469,179,161
Lithuania,1952,17067,1110,1384,274,95,65,111,299,362,853,1473,1827,3532,4783,2145,142,157,154,208,349,504,676,797,874,953,1479,2053,2439,2344,1536,609,1479,176,140
Lithuania,1953,16543,1097,1375,278,96,65,107,299,364,847,1503,1916,3429,4477,1944,139,160,166,198,345,502,676,827,927,989,1447,1982,2307,2170,1400,544,1471,172,122
Lithuania,1954,16142,1089,1366,277,99,65,105,297,370,838,1538,2021,3343,4217,1774,136,161,178,192,338,500,684,854,979,1042,1425,1918,2198,2019,1287,487,1465,170,107
Lithuania,1955,15766,1112,1386,274,104,65,104,292,380,820,1546,2124,3272,3970,1615,132,160,187,193,324,496,672,874,1002,1122,1409,1863,2096,1874,1178,437,1490,169,94
Lithuania,1956,15268,1068,1339,271,105,64,100,283,389,792,1532,2203,3195,3718,1466,125,158,191,198,306,486,658,874,1026,1177,1407,1788,1987,1731,1072,394,1444,164,83
Lithuania,1957,14154,999,1250,251,99,60,93,261,381,720,1442,2156,3005,3335,1278,115,146,185,196,270,450,614,828,1003,1153,1356,1649,1801,1534,936,342,1349,153,72
Lithuania,1958,13302,928,1162,234,96,55,89,241,377,658,1362,2125,2874,3052,1146,106,135,178,199,240,418,579,783,985,1140,1331,1543,1661,1391,838,308,1258,144,64
Lithuania,1959,12578,845,1064,219,91,54,83,223,371,604,1293,2083,2776,2828,1047,98,125,169,202,220,384,544,749,960,1123,1321,1455,1546,1282,764,283,1155,137,59
Lithuania,1960,11582,805,1001,196,81,50,74,199,346,538,1165,1945,2624,2567,938,88,111,152,194,201,337,494,671,904,1041,1285,1339,1411,1156,681,257,1082,124,54
Lithuania,1961,11775,784,983,199,81,51,74,192,354,529,1166,2011,2748,2589,937,85,107,152,202,210,319,494,672,927,1084,1358,1390,1427,1162,679,258,1064,125,56
Lithuania,1962,13288,804,1028,224,91,59,81,213,403,586,1306,2324,3193,2909,1031,96,117,168,235,250,336,548,758,1059,1265,1568,1625,1617,1292,748,283,1119,140,61
Lithuania,1963,11905,686,877,191,81,53,71,185,356,521,1156,2114,2938,2594,899,84,101,146,210,242,279,479,677,947,1167,1429,1509,1453,1141,652,247,958,124,55
Lithuania,1964,11223,597,769,172,74,49,66,171,330,492,1065,2015,2842,2453,843,79,92,133,197,243,249,432,633,895,1120,1366,1476,1383,1070,610,233,843,115,54
Lithuania,1965,12177,592,765,173,80,52,74,179,347,538,1122,2186,3165,2702,908,82,97,138,209,271,267,443,679,942,1244,1473,1692,1533,1169,659,249,845,126,59
Lithuania,1966,12194,566,727,161,77,52,72,173,336,554,1078,2178,3232,2752,900,80,93,132,204,279,275,411,667,922,1256,1486,1746,1578,1174,652,248,804,124,59
Lithuania,1967,12292,530,681,151,77,53,73,170,326,577,1036,2189,3299,2850,899,78,92,126,200,283,294,379,657,920,1269,1527,1772,1649,1201,650,249,758,126,60
Lithuania,1968,12960,563,710,147,78,53,76,174,330,632,1033,2286,3507,3081,938,80,94,128,202,297,335,363,670,959,1327,1636,1871,1798,1283,677,261,788,129,62
Lithuania,1969,13581,558,708,150,77,57,78,180,331,682,1032,2384,3706,3315,971,83,97,128,203,308,374,356,676,996,1388,1741,1965,1950,1365,701,270,785,135,63
Lithuania,1970,13952,576,724,148,73,57,79,185,327,704,1016,2376,3821,3547,984,87,98,128,199,308,396,361,655,1008,1368,1831,1990,2111,1436,720,264,797,136,60
Lithuania,1971,13250,503,640,137,65,53,73,172,299,673,934,2207,3674,3471,934,82,90,118,181,285,388,357,577,937,1270,1760,1914,2063,1408,690,244,705,126,55
Lithuania,1972,14356,497,640,143,64,57,79,184,314,723,987,2350,4044,3833,1024,90,94,126,188,300,423,415,572,988,1362,1921,2123,2251,1582,768,256,704,136,57
Lithuania,1973,14316,471,605,134,60,54,79,179,303,708,969,2305,4077,3879,1040,88,91,123,180,288,420,452,517,956,1349,1908,2169,2242,1637,787,253,665,133,55
Lithuania,1974,14460,482,610,128,58,53,80,180,297,693,972,2266,4154,3967,1074,88,92,121,176,275,418,486,486,922,1344,1924,2230,2256,1711,817,257,668,133,55
Lithuania,1975,15203,478,607,129,59,53,83,191,304,709,1033,2310,4378,4260,1159,91,100,125,179,279,430,531,502,916,1394,1951,2427,2348,1912,891,268,666,136,55
Lithuania,1976,15358,465,589,124,58,49,84,193,302,692,1081,2233,4428,4393,1205,91,102,125,177,270,422,553,528,854,1379,1925,2503,2404,1989,930,275,647,133,54
Lithuania,1977,15863,437,562,125,57,47,86,200,302,693,1164,2196,4594,4612,1293,95,105,123,179,270,423,578,586,805,1391,1975,2619,2545,2067,995,298,619,133,56
Lithuania,1978,16391,446,567,121,56,46,88,210,307,690,1259,2148,4745,4824,1392,99,111,124,183,268,422,595,664,753,1395,2033,2712,2696,2128,1070,322,623,134,58
Lithuania,1979,16673,430,548,118,56,45,86,211,314,677,1327,2083,4827,4964,1475,100,111,130,184,265,412,600,727,715,1368,2057,2770,2807,2157,1130,345,604,131,60
Lithuania,1980,17295,413,530,117,56,45,86,218,325,679,1400,2085,4910,5275,1620,105,113,137,188,267,412,611,789,734,1351,2114,2796,3043,2232,1254,366,586,131,63
Lithuania,1981,17084,446,555,109,53,42,79,216,319,649,1394,1993,4766,5316,1635,104,112,137,182,256,393,590,804,757,1236,2054,2712,3080,2236,1274,361,608,121,63
Lithuania,1982,16837,388,496,108,50,40,73,213,313,624,1366,1924,4665,5365,1637,102,111,138,175,249,375,565,801,807,1117,1987,2678,3102,2263,1272,365,546,113,66
Lithuania,1983,17785,410,519,109,51,41,74,224,325,643,1420,2007,4886,5763,1753,106,118,146,179,260,383,576,844,937,1070,2051,2835,3300,2463,1346,407,570,115,73
Lithuania,1984,19011,402,514,112,52,43,75,238,352,678,1491,2159,5169,6259,1899,111,127,154,198,276,402,594,897,1085,1074,2129,3040,3555,2704,1427,472,566,118,82
Lithuania,1985,19553,404,515,111,51,42,76,241,369,685,1502,2275,5222,6510,1975,108,133,159,210,280,405,593,909,1174,1101,2099,3123,3583,2927,1460,515,566,118,86
Lithuania,1986,18485,345,445,100,47,40,69,225,352,641,1390,2254,4795,6244,1901,97,128,150,202,264,377,546,844,1157,1097,1858,2937,3368,2876,1403,498,492,109,82
Lithuania,1987,19084,376,473,97,48,39,70,225,368,651,1399,2443,4759,6528,1998,94,131,155,213,265,386,549,850,1215,1228,1766,2993,3491,3037,1475,523,521,109,86
Lithuania,1988,19404,338,436,98,47,39,68,222,382,655,1386,2634,4651,6708,2082,91,131,161,221,263,392,546,840,1244,1390,1644,3007,3581,3127,1551,531,483,107,92
Lithuania,1989,19309,301,393,92,45,38,66,214,381,658,1345,2742,4475,6737,2117,86,128,163,218,270,388,534,811,1236,1506,1547,2928,3589,3148,1596,521,438,104,98
Lithuania,1990,20030,321,410,89,47,38,68,215,396,691,1362,2919,4527,6959,2301,88,127,172,224,291,400,546,816,1267,1652,1602,2925,3728,3231,1769,532,457,106,103
Lithuania,1991,20104,352,439,87,44,36,66,205,400,695,1336,2987,4456,6963,2378,85,120,175,225,297,398,540,796,1251,1736,1698,2758,3723,3240,1853,525,483,102,101
Lithuania,1992,20077,366,452,86,42,36,64,196,401,692,1314,3001,4395,6956,2428,83,113,175,226,302,390,536,778,1225,1776,1844,2551,3690,3266,1904,524,494,100,97
Lithuania,1993,22210,308,406,98,44,40,70,209,449,773,1452,3335,4904,7709,2718,89,120,192,257,344,429,602,850,1335,2000,2292,2612,4057,3652,2130,588,450,110,101
Lithuania,1994,21979,265,356,91,42,38,67,202,449,780,1431,3295,4960,7560,2702,87,115,187,262,340,440,598,833,1296,1999,2493,2467,3932,3628,2104,598,398,105,95
Lithuania,1995,21849,237,320,83,39,36,65,195,446,794,1421,3252,5117,7377,2692,85,110,179,267,341,453,597,824,1265,1987,2646,2471,3771,3606,2066,626,359,101,92
Lithuania,1996,20816,186,255,69,38,34,60,181,418,770,1349,3061,5163,6808,2592,79,102,162,256,330,440,572,777,1179,1882,2656,2507,3381,3427,1971,621,293,94,86
Lithuania,1997,20344,183,239,56,38,30,58,174,401,762,1305,2941,5337,6401,2574,76,98,150,251,325,437,549,756,1130,1811,2665,2672,3068,3333,1944,630,277,88,85
Lithuania,1998,20444,157,208,51,35,30,56,166,391,779,1306,2891,5704,6172,2621,72,94,144,247,332,447,545,761,1110,1781,2711,2993,2848,3324,1976,645,243,86,89
Lithuania,1999,19841,173,215,42,32,27,52,155,363,750,1267,2731,5787,5794,2569,67,88,131,232,324,426,535,732,1050,1681,2629,3158,2639,3155,1936,633,247,79,93
Lithuania,2000,19348,153,194,41,28,24,49,143,335,731,1234,2595,5793,5580,2539,61,82,122,213,317,414,529,705,1001,1594,2538,3255,2601,2979,1911,628,222,73,99
Lithuania,2001,19744,103,143,40,25,25,45,138,323,745,1250,2576,6035,5695,2629,60,78,119,204,323,422,537,713,1000,1576,2556,3479,2823,2872,1971,658,168,70,109
Lithuania,2002,20156,112,145,33,21,25,44,136,313,756,1263,2571,6193,5874,2703,59,77,118,195,325,431,550,713,1004,1567,2559,3634,3135,2739,2021,682,166,69,116
Lithuania,2003,19893,99,129,30,19,23,42,128,291,739,1230,2484,6075,5937,2683,57,71,109,182,310,429,544,686,979,1505,2462,3613,3418,2519,1996,687,148,65,118
Lithuania,2004,20237,108,136,28,17,23,39,121,279,736,1243,2465,6103,6235,2721,53,68,105,174,301,435,539,704,979,1486,2431,3672,3759,2476,2007,714,153,62,123
Lithuania,2005,21171,87,114,27,17,20,39,119,275,752,1303,2526,6288,6792,2797,53,66,103,172,295,457,558,745,1008,1518,2478,3810,4148,2644,2045,752,131,59,130
Lithuania,2006,21763,104,130,26,16,20,39,113,268,750,1334,2544,6336,7328,2755,49,64,100,168,281,469,570,764,1018,1526,2471,3865,4451,2877,1982,773,146,59,135
Lithuania,2007,21633,97,121,24,13,17,36,105,252,718,1330,2475,6180,7629,2619,45,60,92,160,261,457,566,764,984,1491,2400,3780,4535,3094,1854,765,134,53,136
Lithuania,2008,21634,78,102,24,13,14,35,99,237,689,1335,2431,6038,7988,2514,43,56,87,150,246,443,570,765,957,1474,2344,3694,4598,3390,1750,764,115,49,139
Lithuania,2009,20915,73,94,21,11,11,33,89,216,631,1270,2337,5682,7999,2406,38,51,79,137,223,408,554,716,940,1397,2208,3474,4468,3531,1667,739,105,44,140
Lithuania,2010,21284,68,88,20,9,11,32,84,202,602,1279,2360,5634,8325,2508,36,48,73,129,217,385,565,714,971,1389,2192,3442,4533,3792,1761,747,97,43,149
Lithuania,2011,20914,65,83,18,10,10,27,78,187,550,1249,2286,5387,8338,2563,36,42,67,120,202,348,557,692,956,1330,2102,3285,4425,3913,1850,713,93,37,152
Lithuania,2012,21145,55,71,16,8,8,22,76,176,522,1246,2270,5328,8511,2740,34,42,64,112,195,327,553,693,976,1294,2086,3242,4423,4088,2034,706,79,30,162
Lithuania,2013,21604,45,60,15,8,7,20,71,169,500,1261,2286,5344,8723,2982,33,38,61,108,186,314,547,714,1005,1281,2105,3239,4442,4281,2276,706,68,27,171
Lithuania,2014,21128,67,80,13,8,6,18,66,152,462,1217,2225,5106,8504,3109,31,35,55,97,173,289,514,703,955,1270,2011,3095,4247,4257,2401,708,88,24,175
Lithuania,2015,22272,55,70,15,7,5,16,66,150,465,1253,2366,5277,8929,3480,31,35,55,95,171,294,505,748,994,1372,2074,3203,4400,4529,2695,785,77,21,185
Lithuania,2016,21971,61,75,14,6,6,15,61,138,436,1209,2343,5102,8765,3638,27,34,50,88,158,278,463,746,975,1368,2000,3102,4267,4498,2811,827,81,21,177
Lithuania,2017,22204,39,53,14,5,5,14,56,133,422,1190,2400,5049,8822,3879,23,33,49,84,152,270,438,752,986,1414,1951,3098,4266,4556,2967,912,58,19,174
Lithuania,2018,22115,40,52,12,5,5,12,52,123,400,1145,2425,4942,8710,4068,20,32,45,78,144,256,413,732,995,1430,1886,3056,4196,4514,3071,997,57,17,172
Lithuania,2019,21364,35,46,11,6,5,11,46,112,366,1061,2332,4758,8329,4121,16,30,41,71,129,237,379,682,976,1356,1859,2899,4005,4324,3067,1054,52,16,173
Lithuania,2020,23622,32,40,8,3,8,21,50,146,441,1110,2213,4642,9281,5430,20,30,62,84,140,301,443,667,982,1231,1809,2833,4200,5081,3956,1474,43,29,233
Lithuania,2021,26082,31,38,7,10,5,19,65,180,450,1138,2726,5201,10465,5556,27,38,78,102,160,290,463,675,1170,1556,2167,3034,4854,5611,4078,1478,48,24,227
Low-income countries,1950,1718012,512856,907386,394530,103145,48659,46528,98229,88894,81557,85350,108853,103319,41639,4378,49320,48909,45812,43082,41919,39638,40764,44586,51019,57834,55988,47331,28852,12787,3747,631,1010531,95187,74
Low-income countries,1951,1658900,496920,876269,379349,98473,47230,45505,95589,87364,78587,81985,104109,99105,40584,4030,47933,47656,45081,42283,40498,38089,39146,42839,49031,55078,54078,45027,28203,12381,3491,539,974742,92735,68
Low-income countries,1952,1566377,486303,840435,354132,89102,43136,42346,88791,82465,72163,74981,95588,93724,39690,3889,44466,44325,42485,39980,37430,34733,35869,39112,45177,50411,51180,42544,27589,12101,3340,549,929537,85482,65
Low-income countries,1953,1553916,488540,836402,347862,87192,42336,41859,87683,81885,71155,74091,94189,93348,39837,3878,43901,43782,42177,39708,36912,34243,35506,38585,44742,49447,51077,42271,27759,12078,3333,545,923594,84195,58
Low-income countries,1954,1542366,489945,833968,344023,84994,41637,41294,86449,81145,70064,73086,92806,92949,40017,3902,43267,43182,41761,39384,36371,33693,35074,38012,44243,48563,50791,42158,27874,12143,3373,529,918962,82931,54
Low-income countries,1955,1550255,492507,836858,344351,85124,41861,41497,86800,81694,70453,73780,93582,94031,40552,3972,43434,43366,41996,39698,36545,33908,35428,38352,44759,48823,51325,42706,28214,12338,3451,521,921982,83358,48
Low-income countries,1956,1559846,494739,840514,345775,85302,42326,41794,87351,82316,70898,74518,94504,95127,41100,4044,43725,43626,42276,40040,36772,34126,35792,38726,45285,49219,51745,43382,28526,12574,3515,529,925816,84120,48
Low-income countries,1957,1637863,518326,885741,367415,91136,45966,43553,90386,85135,73705,78109,98781,98925,42273,4103,45333,45053,43638,41497,38168,35537,37505,40604,47358,51423,53594,45331,29303,12970,3574,529,976877,89519,50
Low-income countries,1958,1655142,520931,889101,368170,92446,47295,44733,92642,87161,75124,79503,100113,99958,42867,4148,46497,46145,44633,42528,38978,36146,38161,41342,47953,52160,53817,46141,29609,13258,3609,539,981547,92028,51
Low-income countries,1959,1596326,503118,852495,349377,86978,44160,43468,90564,85315,73137,77304,97850,98031,42764,4210,45439,45125,43676,41639,38089,35048,37033,40271,46761,51089,52466,45565,29435,13329,3658,552,939473,87628,49
Low-income countries,1960,1610279,506918,859182,352264,87926,44288,43874,91079,85814,73730,78109,99114,99249,43552,4313,45739,45340,43911,41903,38465,35265,37348,40761,47263,51851,52981,46268,29976,13576,3749,564,947108,88162,48
Low-income countries,1961,1625701,511139,867657,356518,88769,44211,44234,91489,86192,74364,78911,100456,100518,44404,4444,45960,45529,44070,42122,38831,35533,37662,41249,47833,52623,53640,46878,30616,13788,3867,577,956426,88445,51
Low-income countries,1962,1645737,516576,876967,360391,90395,44300,44873,92428,87064,75379,79970,102101,102134,45484,4587,46403,46025,44501,42563,39389,35990,38090,41880,48610,53491,54629,47505,31440,14044,3998,589,967362,89173,54
Low-income countries,1963,1669289,524112,889837,365725,92128,44413,45091,93009,87732,76475,81204,104081,104022,46531,4706,46628,46381,44819,42913,39950,36525,38607,42597,49592,54489,55870,48152,32247,14284,4109,597,981965,89504,57
Low-income countries,1964,1675299,528773,896075,367302,91978,43620,44404,92225,86948,76352,81314,104989,105093,47410,4831,46251,45974,44396,42552,39827,36525,38552,42762,50068,54921,56602,48491,32862,14548,4212,619,988053,88024,59
Low-income countries,1965,1710556,536179,910226,374047,95044,45159,45525,94832,89202,78559,83252,107506,107573,48642,4973,47604,47228,45526,43676,40940,37619,39481,43771,51342,56164,58070,49503,33683,14959,4324,649,1005270,90684,63
Low-income countries,1966,1769028,551337,938740,387403,100266,47889,47128,98323,92284,81538,86069,110959,110731,49948,5090,49474,48849,47089,45195,42427,39111,40857,45212,53085,57874,59862,50869,34515,15433,4427,663,1039006,95017,63
Low-income countries,1967,1763679,550649,933244,382595,99349,47390,46639,98462,92367,81712,85978,111343,111438,50500,5193,49631,48831,47143,45224,42477,39235,40851,45127,53195,58148,60173,51265,34718,15782,4500,693,1032593,94029,64
Low-income countries,1968,1787812,557994,945073,387079,101001,48195,46967,99569,93470,82906,87171,113274,113421,51388,5309,50236,49333,47722,45748,43018,39888,41465,45706,54039,59235,61121,52300,35175,16213,4596,713,1046074,95162,66
Low-income countries,1969,1815944,565554,959350,393796,102919,49131,47610,100674,94567,84162,88533,115330,115695,52444,5458,50723,49951,48301,46266,43601,40561,42195,46338,54905,60425,62198,53497,35771,16673,4718,740,1062269,96741,71
Low-income countries,1970,1841778,572667,971567,398900,104892,50005,48270,101686,95546,85301,89926,117395,118003,53521,5594,51095,50591,48800,46746,44145,41156,42937,46989,55773,61622,63316,54687,36456,17065,4841,753,1076459,98275,71
Low-income countries,1971,1855683,579592,983097,403505,105234,49545,47786,100483,94619,85107,90565,118875,120033,54522,5747,50296,50187,48293,46326,43945,41162,43249,47316,56307,62568,64309,55724,37117,17405,4986,761,1088331,97331,69
Low-income countries,1972,1922051,591966,1007484,415518,111601,53991,51559,106013,99528,89316,94519,122587,123490,55980,5916,52879,53134,50766,48762,46106,43210,45318,49201,58083,64504,66201,57289,38186,17794,5146,770,1119085,105550,67
Low-income countries,1973,1911513,593499,1007817,414318,109788,52512,50247,102898,97012,87642,93706,122470,124462,56885,6008,51249,51649,49360,47652,45207,42435,44847,48859,57821,64649,66706,57756,38866,18019,5249,759,1117605,102759,66
Low-income countries,1974,1963316,611303,1041994,430691,113669,53575,50495,102966,97281,88562,95880,125762,128268,58593,6206,51343,51623,49474,47807,45533,43029,45782,50098,59239,66523,68849,59419,40116,18477,5428,778,1155663,104070,64
Low-income countries,1975,1990175,618698,1052321,433623,116023,55009,51883,104794,98738,89763,97352,127366,130534,59954,6375,52460,52334,50279,48459,46121,43642,46449,50903,59928,67438,70071,60463,41067,18887,5582,793,1168344,106892,62
Low-income countries,1976,1975239,614857,1039937,425080,114453,54178,51984,104356,98235,89084,96949,127086,131445,60981,6493,52493,51863,50159,48076,45777,43307,46175,50774,59695,67391,70461,60984,41745,19236,5679,814,1154390,106162,58
Low-income countries,1977,1999521,622708,1051480,428772,116158,55040,52818,105252,98923,89673,98028,128736,134101,62584,6670,53264,51988,50669,48254,46065,43608,46591,51437,60438,68298,71768,62333,42759,19825,5831,839,1167638,107858,58
Low-income countries,1978,2026005,631386,1066246,434860,118158,55506,53101,105746,99151,90083,99129,130689,137098,64181,6857,53726,52020,50881,48270,46238,43845,46957,52172,61327,69362,73224,63874,43759,20422,5983,874,1184404,108607,60
Low-income countries,1979,2051422,639470,1078335,438865,118852,56079,53796,107468,99874,90654,100162,132499,139990,66196,7420,54696,52772,51264,48610,46530,44124,47356,52806,62210,70289,74553,65437,44917,21279,6371,1049,1197187,109875,97
Low-income countries,1980,2074641,647141,1090284,443143,119532,56772,54336,108747,100275,90960,100961,134146,142518,68092,7892,55428,53319,51380,48895,46703,44257,47644,53317,63042,71104,75690,66828,46019,22073,6720,1172,1209816,111108,126
Low-income countries,1981,2090258,649125,1095677,446552,120575,57529,54725,109600,100431,91237,101715,135747,144799,69761,8304,55905,53695,51289,49142,46789,44448,47944,53771,63824,71923,76714,68085,47020,22741,7018,1286,1216252,112254,158
Low-income countries,1982,2107015,648081,1096892,448811,122679,58273,55415,110969,101117,92097,102899,138053,147865,71837,8746,56595,54374,51426,49691,47131,44966,48467,54432,64876,73177,78153,69712,48331,23506,7390,1356,1219571,113688,172
Low-income countries,1983,2309244,706747,1212892,506145,140220,67208,60365,119616,108742,99151,110872,148127,156787,75609,9444,61029,58587,55178,53564,50643,48508,52251,58621,69846,78281,82939,73848,50917,24692,7903,1541,1353112,127573,211
Low-income countries,1984,2364770,717290,1231147,513857,145501,69535,62691,124251,112824,103070,114436,152454,160820,77926,9887,63283,60968,57315,55509,52668,50402,54018,60418,71879,80575,85036,75784,52446,25480,8267,1620,1376648,132226,228
Low-income countries,1985,2394616,724030,1237551,513521,147604,70433,64266,127503,115489,105217,116425,155677,163767,80033,10397,64844,62659,58850,56639,53897,51320,54916,61509,73333,82344,86535,77232,53774,26259,8657,1740,1385155,134699,252
Low-income countries,1986,2367137,715945,1214844,498899,143256,68560,64115,127644,115251,104816,115812,155798,164353,81560,10857,64827,62817,58912,56339,53888,50928,54568,61244,73210,82588,86702,77651,54641,26919,9017,1840,1358100,132675,270
Low-income countries,1987,2338328,688904,1164972,476068,141267,68558,66659,133718,120414,108007,116825,156986,165838,83408,11384,67577,66141,61931,58483,55973,52034,55241,61584,73583,83403,87393,78445,55686,27722,9402,1982,1306239,135217,292
Low-income countries,1988,2498104,737100,1265440,528340,154698,72449,67865,136919,123260,111176,122238,167295,175126,88088,13147,69268,67651,63489,59771,57484,53692,57508,64730,78149,89146,92547,82579,58473,29615,10626,2521,1420138,140314,402
Low-income countries,1989,2353386,692914,1165163,472249,139458,67149,66257,135032,121589,107733,117518,160968,170908,88113,13101,68286,66746,62684,58905,55894,51839,55379,62139,74980,85988,90096,80812,58290,29823,10602,2499,1304621,133406,396
Low-income countries,1990,2396541,701411,1179079,477668,142179,68430,67505,138969,125541,110763,120147,164858,175292,90223,13160,70242,68727,64728,60813,57418,53345,56674,63473,76669,88189,92572,82720,59706,30517,10692,2468,1321258,135935,394
Low-income countries,1991,2491472,725916,1226869,500953,150506,72476,69813,144391,130963,114641,123906,170247,181187,92787,13298,72934,71457,67569,63394,59386,55255,58456,65450,79094,91153,95867,85320,61425,31362,10852,2446,1377375,142289,388
Low-income countries,1992,2560349,731359,1236399,505040,158140,76730,73978,153864,139966,121165,128385,175370,186624,95552,13777,77516,76348,72335,67631,62746,58419,60708,67677,81459,93911,98909,87715,63138,32414,11244,2533,1394539,150708,397
Low-income countries,1993,2533535,717391,1201933,484542,154495,75790,75047,157357,143587,123220,128456,174961,188212,96350,13744,79033,78324,74258,69329,63942,59278,60967,67489,80955,94006,99880,88332,63626,32724,11271,2473,1356428,150837,382
Low-income countries,1994,2731855,722320,1202654,480334,157591,83104,93648,200318,189509,156214,147599,190342,196431,100016,14055,100591,99727,98054,91455,83689,72525,71127,76472,89612,100730,104686,91745,65984,34032,11585,2470,1360245,176752,374
Low-income countries,1995,2582683,725464,1203799,478335,155104,74689,74837,159713,146662,127047,136137,184620,201196,103233,15168,79669,80044,75634,71028,65535,61512,64509,71628,85480,99140,106301,94895,67865,35368,12305,2863,1358903,149526,475
Low-income countries,1996,2629829,729709,1207791,478082,159485,76826,77044,164575,151944,131606,140792,189962,207840,106305,15186,81832,82743,78210,73734,68028,63578,66946,73846,88047,101915,109594,98246,69952,36353,12508,2678,1367276,153870,472
Low-income countries,1997,2644711,726709,1200183,473474,159932,77658,77945,166572,155148,134223,143316,192926,212225,108875,15279,82577,83995,79722,75426,69673,64550,68423,74893,89544,103382,111586,100639,71694,37181,12752,2527,1360115,155603,428
Low-income countries,1998,2751006,735379,1223232,487853,171465,84219,83379,177051,165576,143564,151344,200949,220771,112954,16068,87783,89268,84964,80612,74828,68736,72743,78601,93603,107346,115871,104900,74466,38488,13347,2721,1394697,167598,432
Low-income countries,1999,2648273,708983,1158966,449983,160225,77730,78674,168943,159895,139372,148524,199997,222284,116195,17022,83777,85166,82018,77877,72660,66712,70976,77548,93170,106827,115916,106368,76552,39643,14056,2966,1319191,156404,445
Low-income countries,2000,2644867,699582,1135499,435917,160463,77864,78978,169434,161198,140793,150391,203286,227349,120769,18331,84185,85249,82705,78493,73433,67360,71646,78745,94792,108494,118072,109277,79444,41325,15001,3330,1295962,156842,510
Low-income countries,2001,2644944,687067,1107317,420250,161595,78246,79935,171258,163764,144008,153108,207073,232628,125613,19809,85269,85989,83923,79841,75115,68893,72690,80418,96574,110499,120378,112250,82477,43136,16007,3802,1268912,158181,589
Low-income countries,2002,2646855,674983,1081919,406936,161637,78352,80739,173025,166556,147611,155805,210828,237913,130687,21097,86179,86846,85171,81385,76878,70733,73671,82134,98178,112650,122681,115232,85653,45034,16892,4205,1243556,159091,683
Low-income countries,2003,2599943,658543,1046251,387708,156434,75854,80037,171944,165282,147871,154801,207828,237162,133697,22005,85675,86269,84339,80943,76763,71108,73486,81315,96489,111339,121738,115424,87281,46416,17523,4482,1202685,155891,775
Low-income countries,2004,2596954,646518,1021662,375144,155236,75623,80540,172933,166254,150363,157593,211462,242642,138888,22903,86139,86794,84587,81667,77733,72630,74968,82625,98040,113422,124094,118548,90378,48510,18252,4651,1176898,156163,853
Low-income countries,2005,2576367,633722,994672,360950,152256,74730,80180,172168,164725,150409,158436,213502,246703,143721,23951,85821,86347,83613,81112,77413,72996,75450,82986,98888,114614,125654,121049,93108,50613,19080,4871,1146928,154910,912
Low-income countries,2006,2542968,622125,967685,345560,146150,72786,78639,169474,161510,149058,158173,214921,250111,148349,25140,84565,84909,81784,79726,76398,72660,75429,82744,99544,115377,126988,123123,95652,52697,19978,5162,1113835,151425,971
Low-income countries,2007,2518442,610885,943069,332184,140934,70948,77271,167833,159503,148816,158750,216827,254256,152983,26238,83810,84023,80603,78900,76027,72789,76067,82683,100542,116285,128834,125422,98260,54723,20864,5374,1084003,148219,1011
Low-income countries,2008,2497627,598352,919532,321180,136481,69105,75893,166039,157686,148953,160142,218911,259262,157727,26879,82925,83114,79589,78097,75904,73049,77039,83103,101538,117373,131142,128120,101092,56635,21490,5389,1056013,144998,1016
Low-income countries,2009,2458754,587623,896838,309215,130161,66521,73845,162810,154187,147090,159816,218192,261915,159444,26931,81307,81503,77963,76224,74815,72275,77031,82785,100847,117345,132403,129512,102199,57245,21536,5395,1026999,140366,1001
Low-income countries,2010,2452317,580196,880667,300471,128510,65844,73445,161857,152729,147016,161429,219971,266874,164919,28046,80881,80976,77402,75327,74676,72340,77849,83580,101283,118688,134648,132226,105429,59490,22463,5583,1009177,139289,1007
Low-income countries,2011,2431365,570035,861008,290973,124754,64090,72193,159123,149815,145787,162154,220729,271120,170219,29335,79456,79667,76080,73735,73894,71893,78129,84025,100996,119733,136331,134789,108495,61724,23531,5804,985762,136283,1035
Low-income countries,2012,2429764,559967,843215,283248,123981,63450,71918,158417,148470,145981,164359,223351,277689,176715,31094,79062,79355,75520,72950,73781,72200,78941,85418,101415,121936,138999,138690,112277,64438,24843,6251,967196,135368,1124
Low-income countries,2013,2414070,550033,825701,275668,121319,62138,70590,155748,145831,144980,165530,224934,282480,181990,31706,77640,78108,74214,71617,72953,72027,79179,86351,101688,123246,140735,141745,115355,66635,25531,6175,947020,132728,1123
Low-income countries,2014,2412435,541258,810126,268868,120380,61819,70239,154628,144822,145116,167394,227833,288323,188065,32593,77099,77529,73612,71210,72726,72390,79820,87574,102992,124841,143159,145164,118861,69204,26404,6189,930506,132058,1095
Low-income countries,2015,2404702,532295,792608,260313,118554,61165,69729,153591,144440,146425,170324,230913,293305,190244,32371,76622,76969,73288,71152,73000,73425,81293,89031,104363,126550,145730,147575,120332,69912,26340,6031,911162,130894,1033
Low-income countries,2016,2385674,522861,774669,251808,114979,59636,68201,150481,141810,144746,170585,232482,298333,195505,33276,75230,75251,71887,69923,71808,72938,81166,89419,105309,127173,147988,150345,123401,72104,27203,6073,889648,127837,971
Low-income countries,2017,2385919,514309,755752,241443,113269,59253,68303,151085,142750,145783,172791,235416,304359,201594,34597,75625,75460,72327,70423,72181,73602,82197,90594,107321,128095,150997,153362,127119,74475,28271,6326,869021,127556,967
Low-income countries,2018,2384099,508762,743722,234960,110754,58337,67525,149198,141489,145082,173828,238592,310356,208158,36085,74686,74512,71630,69859,71691,73391,82669,91159,109171,129421,153846,156510,131152,77006,29482,6603,854476,125862,973
Low-income countries,2019,2396527,504578,734542,229964,108716,57931,67388,149022,141685,145824,176203,243653,317465,215378,37736,74586,74436,71671,70014,72063,73761,83838,92365,111554,132099,157056,160409,135545,79833,30832,6904,843258,125319,983
Low-income countries,2020,2512153,498996,722567,223571,108695,58062,66611,147256,143365,155252,197672,282449,353872,234723,40629,73609,73647,71623,71742,75902,79350,93068,104604,128981,153468,178216,175656,147537,87186,33291,7338,831262,124673,1000
Low-income countries,2021,2621930,494165,713407,219242,104671,56998,68192,153171,151410,167184,215843,311328,381387,253565,43731,76210,76961,75062,76348,81366,85818,101319,114524,143292,168036,191864,189523,158698,94867,35863,7868,818078,125190,1042
Lower-middle-income countries,1950,8902592,3028392,4674614,1646222,320933,195795,234851,490933,466950,430406,466894,584812,641013,333368,61380,247178,243755,234380,232570,221515,208891,232154,234740,295353,289459,331579,309434,215159,118209,47430,13950,4995547,430646,642
Lower-middle-income countries,1951,9026958,3067188,4742382,1675194,329742,196612,237222,498281,472230,438499,479692,600465,642931,331684,56071,250923,247358,237486,234744,225034,213465,237870,241822,300693,299772,330388,312543,216937,114747,44425,11646,5072124,433834,1145
Lower-middle-income countries,1952,9041357,3085053,4759481,1674428,325501,194385,237307,500582,473484,443057,487241,607180,633020,327451,51208,251843,248739,238561,234923,226137,216920,238582,248659,296909,310271,321558,311462,217296,110155,40962,10246,5084982,431692,1460
Lower-middle-income countries,1953,9115167,3103389,4785175,1681786,337920,194667,240056,508414,479762,451459,497469,614978,627412,327878,48435,255493,252921,242135,237627,228981,222478,239530,257939,291665,323313,315179,312233,220009,107869,39089,9346,5123095,434723,1542
Lower-middle-income countries,1954,9079387,3114063,4788236,1674173,326353,189600,236268,503027,474847,449861,500283,616687,619816,326975,46038,252302,250725,239887,234960,226632,223229,237590,262693,286451,330236,310831,308985,220606,106369,37603,8435,5114589,425868,1395
Lower-middle-income countries,1955,9075412,3117819,4785715,1667896,327578,187528,234158,502299,474311,450355,504694,619815,616380,327022,44398,251496,250803,239923,234388,225694,224661,237763,266931,285996,333819,311552,304828,220504,106518,36524,7874,5113293,421686,1159
Lower-middle-income countries,1956,9106133,3123883,4791450,1667567,333354,186272,231348,501206,474345,451258,511403,628117,621975,330737,43630,250525,250681,240211,234134,225015,226243,240551,270852,291686,336431,320235,301740,222392,108345,36037,7593,5124804,417620,1038
Lower-middle-income countries,1957,9151625,3132860,4797202,1664342,341286,186216,228853,501690,476021,452490,518732,637871,631911,335261,43079,250513,251177,241295,234726,224770,227720,245307,273425,302339,335532,334953,296958,224674,110587,35709,7370,5138488,415069,1013
Lower-middle-income countries,1958,9175738,3135550,4794405,1658855,348871,185326,225155,499453,475976,451687,523593,645947,642881,338429,43037,249045,250408,241378,234598,223880,227807,249629,273964,314543,331404,350616,292265,225928,112501,35730,7307,5143276,410481,977
Lower-middle-income countries,1959,9167090,3133638,4781431,1647793,350650,185297,222127,496139,475563,449918,528169,656786,649808,326291,43873,246792,249347,241098,234465,222973,226945,252766,275403,325731,331055,362292,287516,217747,108544,35918,7955,5132081,407424,1036
Lower-middle-income countries,1960,9231504,3143885,4786660,1642775,357816,189131,223082,499139,481487,453978,534794,668022,662397,328573,45334,247517,251622,244038,237449,225305,228673,257183,277611,333990,334032,369800,292597,218790,109783,37110,8224,5144476,412213,1091
Lower-middle-income countries,1961,9293052,3148398,4785107,1636709,360469,193544,225241,502932,488983,460042,542422,680120,677119,330024,45893,248317,254615,247544,241439,228943,231099,261117,281305,338801,341319,373433,303686,218147,111877,37676,8217,5145576,418785,1156
Lower-middle-income countries,1962,9377768,3161750,4794093,1632343,363730,199163,228651,507299,497270,466581,551291,694438,694302,333257,46498,249011,258288,251416,245854,233011,233570,264131,287160,340816,353622,373585,320717,218185,115072,38269,8229,5157823,427814,1194
Lower-middle-income countries,1963,9446649,3170831,4800887,1630056,366832,204996,231420,509097,503876,472415,558647,707889,707487,335367,46547,248374,260723,254331,249545,236608,235807,265955,292692,340944,366945,369286,338201,218166,117201,38482,8065,5167719,436416,1188
Lower-middle-income countries,1964,9484228,3175697,4800135,1624438,365000,207167,232881,505609,505151,474217,563353,719891,721273,341026,47323,245804,259805,254495,250656,237900,236317,266516,296837,341974,377917,368588,352685,221656,119370,39181,8142,5165135,440048,1202
Lower-middle-income countries,1965,10012982,3278131,5027897,1749766,413895,228497,245710,523394,527256,500277,599825,770214,766980,358673,49127,254444,268950,265101,262155,250402,249875,281952,317873,362806,407408,390832,376148,235083,123590,40632,8495,5441792,474207,1237
Lower-middle-income countries,1966,9923789,3246490,4945144,1698654,402578,224906,244876,511918,520394,492943,597669,777814,781286,372329,50695,249708,262210,261419,258975,246587,246356,278874,318795,365343,412471,399672,381614,246960,125369,41990,8705,5347722,469782,1237
Lower-middle-income countries,1967,9937619,3248034,4935464,1687430,404302,218622,240260,493412,506396,486749,601982,799263,806676,390661,52599,242416,250996,254010,252386,241935,244814,278550,323432,377175,422088,420455,386221,263525,127136,43691,8908,5339766,458882,1232
Lower-middle-income countries,1968,9759136,3183815,4792242,1608427,390566,204938,234786,474945,490617,475846,597703,809127,822707,410097,54345,235151,239794,245967,244650,235327,240519,274843,322860,384297,424830,439024,383683,280948,129149,45203,9142,5182808,439724,1217
Lower-middle-income countries,1969,9813155,3187554,4787303,1599749,397175,201721,233812,467659,481932,473757,604829,831763,847118,428185,56641,234058,233601,241299,240633,233017,240740,276592,328237,397057,434706,459501,387617,294252,133933,47067,9574,5184478,435533,1259
Lower-middle-income countries,1970,10054363,3217511,4853596,1636085,435354,214393,241243,476967,487074,486347,621904,859118,876158,442093,58786,241313,235654,243212,243862,238303,248044,284173,337731,412232,446886,479229,396929,302484,139609,48780,10006,5288950,455636,1329
Lower-middle-income countries,1971,10456281,3287494,5017271,1729777,470722,220757,251359,498378,495125,510339,651955,905091,920576,453348,59995,254750,243628,246412,248713,248197,262142,298886,353069,433487,471604,502940,417636,307332,146016,49525,10470,5487993,472116,1364
Lower-middle-income countries,1972,10002377,3215017,4800785,1585768,418645,202884,241928,477573,464383,481499,622345,877358,901460,451056,61057,247846,229727,229597,234786,234076,247423,285498,336847,418365,458993,485043,416417,299404,151652,49889,11168,5219430,444812,1404
Lower-middle-income countries,1973,9989293,3213294,4779887,1566593,417452,201655,244533,484079,456939,481696,621673,879233,907002,451244,62420,254203,229876,224458,232481,233833,247863,286374,335299,416715,462518,480491,426511,293320,157924,50500,11920,5197339,446188,1480
Lower-middle-income countries,1974,10010888,3204464,4756229,1551765,419162,202102,248531,494426,452388,484418,624588,885865,919718,456764,64991,261305,233121,221259,231129,234796,249622,288810,335778,417589,468276,482250,437468,293493,163271,52181,12810,5175391,450633,1704
Lower-middle-income countries,1975,10057675,3182622,4731397,1548775,426394,203700,252708,506585,449699,489947,631595,895515,934894,464870,68269,268113,238472,219615,230084,236990,252957,293022,338573,420153,475362,486648,448246,297835,167035,54503,13766,5157791,456408,2101
Lower-middle-income countries,1976,10106790,3152517,4660051,1507534,430941,217427,268408,534226,459587,498504,638650,899358,947659,478339,71302,282649,251577,225229,234358,241843,256661,297272,341378,420655,478703,491787,455872,307755,170584,57356,13946,5090992,485835,2337
Lower-middle-income countries,1977,9907141,3115008,4579014,1464006,410856,195144,246683,504162,426230,475576,628586,899364,966807,497124,75250,265711,238451,209470,216760,229493,246083,290505,338081,417493,481871,502101,464706,323188,173936,61425,13825,4989870,441827,2343
Lower-middle-income countries,1978,9873372,3087015,4520640,1433625,404882,187567,239225,496481,412600,468331,631856,911523,996440,521169,80389,260153,236328,204013,208587,225410,242921,290638,341218,421273,490250,518576,477864,343340,177829,66429,13960,4925522,426792,2269
Lower-middle-income countries,1979,9854678,3067357,4464214,1396857,403227,181444,232638,487753,402438,460276,633852,924247,1030142,546469,85749,254170,233583,200673,201765,220908,239368,290309,343543,425546,498701,534898,495244,361884,184585,71237,14512,4867441,414082,2229
Lower-middle-income countries,1980,9863090,3054440,4423430,1368990,400772,177783,227613,480384,396215,453542,637727,936862,1060268,575866,90432,249206,231178,199536,196679,216510,237032,290848,346879,430283,506579,550585,509683,382180,193686,75159,15273,4824202,405396,2195
Lower-middle-income countries,1981,9880493,3037869,4380792,1342923,405273,175710,224252,475289,394168,449143,642132,947973,1089281,600486,93776,245639,229650,200280,193888,212810,236333,292028,350104,436173,511800,563804,525477,396653,203833,77511,16265,4786065,399962,2217
Lower-middle-income countries,1982,9884553,3018457,4341280,1322823,406378,173932,221128,469576,393121,444625,645028,955955,1114486,620516,96230,241917,227659,201327,191794,208346,236279,292664,352364,442275,513680,573712,540774,406099,214417,78687,17543,4747658,395060,2298
Lower-middle-income countries,1983,9871158,2988703,4288443,1299740,404697,172024,217988,461999,392076,439420,646980,963550,1139095,643236,99243,237449,224550,202321,189755,203388,236032,292699,354281,447838,515712,582513,556582,416435,226801,80220,19023,4693140,390012,2406
Lower-middle-income countries,1984,9885937,2957637,4236411,1278774,406413,171681,216916,457747,394739,437305,651559,974209,1165811,667513,103079,234819,222928,204353,190386,200382,236923,293842,357717,454573,519636,592757,573054,429537,237976,82779,20300,4642824,388597,2553
Lower-middle-income countries,1985,9900776,2913856,4171314,1257458,408657,173128,217764,456812,400881,437161,657593,986834,1189289,691576,107129,233805,223007,207474,193407,199452,237709,295608,361985,462276,524558,600578,588711,441927,249649,86126,21003,4579971,390892,2637
Lower-middle-income countries,1986,9893897,2874572,4105474,1230902,408333,174078,219452,456873,408184,437281,663295,1000073,1200362,707594,110160,233164,223709,210780,197404,199942,237339,297526,365769,468961,531112,602513,597849,451484,256110,89046,21114,4513807,393530,2738
Lower-middle-income countries,1987,9925310,2826060,4033367,1207307,405012,175789,222498,460578,418083,439948,673809,1020453,1220536,735446,116736,234348,226230,215230,202853,202532,237416,301629,372180,478108,542345,607370,613166,470032,265414,94900,21836,4438379,398287,3055
Lower-middle-income countries,1988,9929236,2772686,3951392,1178706,396914,175926,224063,461351,425994,440539,682367,1039889,1239276,764375,123768,234048,227303,218082,207912,204685,235854,304957,377410,486453,553436,612117,627159,488872,275503,101177,22591,4348306,399989,3382
Lower-middle-income countries,1989,9933827,2723145,3870616,1147471,389998,176357,226058,463661,432932,443214,690531,1059321,1258393,789706,129441,234785,228876,220565,212367,208258,234956,308220,382311,494500,564821,618781,639612,504342,285364,106171,23270,4260614,402415,3597
Lower-middle-income countries,1990,9967683,2670558,3792872,1122314,383343,178990,228815,469419,442087,449660,699480,1081582,1279031,820557,138029,237470,231949,224312,217775,213715,235945,311519,387961,503481,578101,627854,651177,523408,297149,113261,24768,4176215,407805,3818
Lower-middle-income countries,1991,10077975,2634737,3745315,1110578,391852,185725,232742,480497,456309,462758,711751,1107316,1303753,850764,145243,242943,237554,230651,225658,222035,240723,316300,395451,514024,593292,642297,661456,541002,309762,118966,26277,4137167,418467,3950
Lower-middle-income countries,1992,10057868,2584326,3654431,1070105,376017,179526,229553,482400,457962,467804,715565,1127831,1327959,883330,151500,244123,238277,230851,227111,225467,242337,315888,399677,521375,606456,659657,668302,558695,324635,123752,27748,4030448,409079,3988
Lower-middle-income countries,1993,10134601,2532521,3578503,1045982,371867,181305,230795,492569,467972,482438,727142,1157836,1363104,918337,158712,249703,242866,235180,232792,233601,248837,318829,408313,532521,625315,683017,680087,576966,341371,129537,29175,3950370,412100,4021
Lower-middle-income countries,1994,10213719,2486832,3505935,1019103,371388,183006,232563,504240,478404,498706,738504,1183457,1397010,950005,166421,256019,248221,239857,238547,241415,257291,322049,416455,541334,642123,705322,691688,594494,355511,135549,30872,3877323,415569,4080
Lower-middle-income countries,1995,10271949,2440763,3435246,994483,369358,183772,234328,515218,487737,514873,747215,1204900,1428699,972628,173748,261858,253360,243933,243804,248513,266360,325322,421893,548123,656777,726423,702276,603848,368780,141009,32739,3804604,418100,4226
Lower-middle-income countries,1996,10332842,2386319,3352994,966675,365550,184009,238119,527650,497437,532335,758468,1230676,1468336,991336,181486,268420,259230,248020,249417,256355,275980,330775,427693,557164,673512,748876,719460,610850,380486,147044,34442,3718544,422128,4446
Lower-middle-income countries,1997,10297772,2332668,3269173,936505,356543,180966,237906,530516,498976,541182,757110,1238789,1492531,1000203,189120,269729,260787,248147,250829,260390,280792,331670,425440,558481,680308,760215,732316,610858,389345,153306,35814,3625716,418872,4757
Lower-middle-income countries,1998,10296301,2278511,3186556,908045,349445,179305,240015,535938,504891,553669,758483,1249180,1522230,1013869,197643,271912,264026,250477,254414,266053,287616,334803,423680,561436,687744,774532,747698,615399,398470,160108,37535,3536001,419320,5077
Lower-middle-income countries,1999,10240709,2215410,3083854,868444,334759,173824,239006,534922,505422,560024,758549,1254579,1548423,1034662,207273,270814,264108,250210,255212,268665,291359,337977,420572,562286,692293,785444,762979,624980,409682,167799,39474,3418613,412830,5412
Lower-middle-income countries,2000,10306728,2166574,3001205,834631,322852,171762,241859,542302,515136,574194,772298,1274462,1596569,1067507,220731,274192,268110,254776,260360,274889,299305,347985,424313,569190,705272,806512,790057,644400,423107,177996,42735,3324057,413621,5850
Lower-middle-income countries,2001,10329518,2120740,2922531,801791,314791,169954,242002,548352,525214,585146,779878,1280938,1632774,1091684,229995,276295,272057,260485,264729,278606,306540,355371,424507,569347,711591,822073,810701,662529,429155,184654,45341,3237322,411956,6257
Lower-middle-income countries,2002,10313280,2063637,2833746,770109,307986,167530,239617,542912,522558,588746,785957,1287625,1669745,1121348,238854,274532,268380,259361,263197,276929,311817,361124,424833,568532,719093,837025,832720,685986,435362,191329,47525,3141732,407147,6653
Lower-middle-income countries,2003,10303975,1995362,2735448,740086,299928,165199,235515,540124,525128,593942,793321,1292297,1708253,1158755,249068,272911,267213,261728,263400,275336,318606,368272,425049,566272,726025,851356,856897,712466,446289,199305,49763,3035376,400714,6997
Lower-middle-income countries,2004,10403357,1930504,2650289,719785,304779,170320,238066,547254,538158,612577,815787,1311631,1749834,1198942,258271,276872,270382,268555,269603,280644,331933,380271,435516,572775,738856,869475,880359,739154,459788,206577,51694,2955068,408386,7448
Lower-middle-income countries,2005,10318135,1859915,2538812,678897,289214,163104,228500,529990,524253,602778,817283,1312321,1787627,1247851,268500,267853,262137,262323,261930,271834,330944,379875,437408,570773,741548,883005,904622,770955,476896,214263,54237,2828026,391604,7902
Lower-middle-income countries,2006,10257653,1792170,2434609,642439,279605,154900,218702,516379,515967,599684,824934,1315614,1819310,1293623,276101,260005,256374,258107,257860,267734,331950,381973,442961,572852,742762,896205,923105,798752,494871,219576,56525,2714214,373602,8225
Lower-middle-income countries,2007,10310883,1740289,2352969,612680,275313,151658,214758,514610,518836,604877,844402,1330002,1861584,1348756,284584,257686,256924,258877,259959,269789,335088,389307,455095,581537,748465,916649,944935,830545,518211,225181,59403,2628282,366416,8534
Lower-middle-income countries,2008,10457819,1692948,2286976,594028,282460,155134,216125,520987,528726,619545,876799,1352064,1910285,1406690,293187,259572,261415,262276,266450,278159,341386,401855,474944,595026,757038,941307,968978,864483,542207,231252,61935,2569436,371259,8841
Lower-middle-income countries,2009,10391237,1638100,2196894,558794,264616,146329,206941,505868,515791,610923,887616,1361928,1934896,1449538,300815,250086,255782,254519,261272,275435,335488,404198,483418,603642,758286,953411,981485,887334,562204,237369,63446,2461510,353270,9081
Lower-middle-income countries,2010,10444221,1589045,2127846,538801,263831,147047,206124,501248,514750,614520,910952,1386875,1961528,1492543,307691,246903,254345,252719,262031,279451,335069,413014,497938,620216,766659,962996,998532,911164,581379,243011,64680,2391677,353171,9266
Lower-middle-income countries,2011,10388902,1535061,2046033,510972,250230,139037,195845,478555,503560,611768,931416,1409780,1977376,1521876,313969,233951,244604,245054,258506,280042,331726,420442,510974,635724,774056,963772,1013604,925156,596720,248739,65230,2296263,334882,9457
Lower-middle-income countries,2012,10389536,1482727,1971205,488478,245818,136712,189922,463558,500827,616612,961358,1438645,1990608,1544017,320445,225325,238233,241918,258909,283553,333059,433142,528216,654898,783747,959183,1031425,934095,609922,254826,65619,2217023,326634,9809
Lower-middle-income countries,2013,10377020,1432293,1902309,470016,240082,133942,182283,443439,493739,617841,991485,1469514,2001120,1563690,327357,214209,229230,236826,256913,284181,333660,445988,545497,676644,792870,950793,1050327,940801,622889,260875,66482,2142391,316225,10219
Lower-middle-income countries,2014,10386232,1370623,1820200,449577,237347,132550,177752,430192,493661,625285,1026809,1506750,2012178,1575790,337065,206622,223570,235282,258379,287334,337951,461741,565068,697486,809264,946788,1065390,943990,631800,268901,68164,2057547,310302,10653
Lower-middle-income countries,2015,10441528,1322069,1753488,431419,236122,132036,174312,418295,493714,634246,1061449,1548651,2028061,1599097,351035,200286,218009,233733,259981,290727,343519,476997,584452,717049,831602,949559,1078502,953575,645522,279611,71424,1989610,306348,11021
Lower-middle-income countries,2016,10494272,1277666,1690239,412573,234443,130922,171652,409828,495163,643332,1089311,1589183,2041726,1622916,363822,195319,214509,232879,262284,294365,348967,488583,600728,734409,854774,956248,1085478,965155,657761,288705,75117,1924682,302574,11734
Lower-middle-income countries,2017,10556867,1229216,1624485,395269,230928,129234,169419,401515,492635,647811,1104489,1628963,2062987,1668425,383226,191171,210344,230263,262372,296188,351623,493165,611324,747613,881350,971381,1091606,991347,677078,303167,80059,1855413,298653,12748
Lower-middle-income countries,2018,10689232,1187553,1565897,378344,229919,128775,168869,398092,492418,652852,1113362,1679626,2099800,1735372,410233,189722,208370,228682,263736,299047,353805,493859,619503,761996,917630,996931,1102869,1030017,705355,323637,86596,1795816,297644,14016
Lower-middle-income countries,2019,10825884,1143254,1506256,363002,225746,127869,168534,397198,493886,659997,1121126,1725632,2146128,1800545,437760,189580,207618,228081,265805,302757,357240,494831,626295,775129,950503,1031502,1114626,1067867,732678,343364,94396,1732002,296403,15206
Lower-middle-income countries,2020,11717798,1104069,1452560,348491,220054,125191,161192,377471,491473,702840,1258789,2006906,2405473,1997061,501225,178656,198815,222143,269330,318046,384794,547358,711431,897013,1109893,1194680,1210793,1175967,821094,392341,108884,1672614,286383,17560
Lower-middle-income countries,2021,13708021,1074473,1410152,335679,217895,127675,183671,435645,566393,843564,1522448,2465816,2911556,2432870,570598,208219,227426,255328,311065,373763,469801,669326,853122,1109607,1356209,1466573,1444983,1417122,1015748,450546,120052,1628047,311346,19738
Luxembourg,1950,1595,65,77,12,8,5,9,25,43,105,179,316,433,357,37,12,13,17,26,42,63,83,96,133,183,208,225,196,161,37,0,85,14,0
Luxembourg,1951,1618,77,89,12,8,5,9,24,41,105,184,319,447,345,41,10,14,16,25,42,63,86,98,133,186,216,231,198,147,40,1,97,14,0
Luxembourg,1952,1577,80,93,13,7,5,9,23,39,99,181,307,443,325,44,10,13,15,24,40,59,84,97,128,179,217,226,195,130,43,1,100,14,0
Luxembourg,1953,1920,87,103,16,9,5,10,30,47,121,222,374,552,388,54,13,17,20,27,48,73,100,122,154,220,272,280,243,145,52,2,112,15,0
Luxembourg,1954,1557,76,90,14,6,5,8,23,35,95,182,302,453,313,42,10,13,15,20,38,57,81,101,126,176,225,228,201,112,40,2,96,13,0
Luxembourg,1955,1602,80,95,15,6,5,7,23,37,96,187,307,473,325,42,10,13,16,21,38,58,81,106,129,178,232,241,211,114,40,2,101,12,0
Luxembourg,1956,1687,73,88,15,7,5,8,23,39,99,200,321,506,351,44,10,13,18,21,39,60,86,114,136,185,247,259,228,123,41,3,95,13,0
Luxembourg,1957,1676,75,90,15,7,5,8,21,38,93,193,318,507,354,41,9,12,18,20,35,58,82,111,138,180,242,265,228,126,38,3,97,13,0
Luxembourg,1958,1571,65,79,14,7,5,7,20,34,83,179,297,479,338,40,8,12,15,19,30,53,76,103,131,166,226,253,217,121,36,4,86,12,0
Luxembourg,1959,1665,72,85,13,9,5,8,20,38,86,184,317,509,368,41,8,12,18,20,31,55,78,106,142,175,235,274,233,135,37,4,94,13,0
Luxembourg,1960,1693,62,75,13,7,5,8,18,36,75,186,328,498,395,60,6,12,15,21,25,50,77,109,145,183,229,269,252,143,50,10,82,13,1
Luxembourg,1961,1629,61,73,12,6,5,7,14,33,70,175,318,480,391,55,5,9,15,18,24,46,72,103,141,177,218,262,246,145,47,8,79,12,1
Luxembourg,1962,1797,56,69,13,9,5,7,17,35,74,189,358,529,444,63,7,10,14,21,27,47,78,111,158,200,241,288,276,168,51,12,78,12,0
Luxembourg,1963,1781,60,72,12,7,5,7,17,34,72,180,357,523,442,63,8,9,13,21,30,42,73,107,157,200,239,284,272,170,50,13,79,12,0
Luxembourg,1964,1656,49,61,12,5,5,5,14,31,64,165,333,487,417,64,6,8,13,18,28,36,67,98,146,187,226,261,256,161,52,12,66,10,0
Luxembourg,1965,1788,51,63,12,7,5,7,16,32,68,171,362,532,453,77,7,9,13,19,30,38,70,101,155,207,248,284,275,178,65,12,70,12,1
Luxembourg,1966,1792,57,68,11,7,5,7,15,31,67,165,359,530,454,81,6,9,13,18,29,38,65,100,152,207,248,282,279,175,70,11,75,12,1
Luxembourg,1967,1835,48,59,11,7,5,8,16,31,69,161,369,551,471,90,7,9,13,18,29,40,63,98,153,216,261,290,284,187,77,13,66,13,1
Luxembourg,1968,1894,41,52,11,6,5,9,16,29,74,158,380,580,492,92,7,9,12,17,30,44,59,99,155,225,277,303,299,193,79,13,58,14,1
Luxembourg,1969,1880,40,49,9,6,5,8,16,28,74,149,375,584,489,94,7,9,11,17,29,45,53,96,151,224,278,306,297,192,80,14,55,13,1
Luxembourg,1970,1858,43,53,10,5,5,9,16,27,72,143,364,585,487,93,8,8,10,17,29,43,52,91,144,220,279,306,292,195,79,14,58,14,1
Luxembourg,1971,1979,42,50,8,5,5,9,19,29,75,148,381,632,530,100,9,10,12,17,29,46,55,93,150,231,301,331,318,212,81,19,55,14,1
Luxembourg,1972,1865,32,40,8,5,5,8,17,25,71,135,351,610,500,100,8,9,10,15,28,43,54,81,138,213,290,320,297,203,82,18,45,13,1
Luxembourg,1973,1862,27,34,7,5,5,9,15,23,66,129,339,616,513,104,7,8,10,13,25,41,57,72,133,206,291,325,302,211,86,18,39,14,2
Luxembourg,1974,2002,27,34,7,5,5,9,20,26,71,136,355,671,559,108,9,11,11,15,27,44,64,72,138,217,314,357,336,223,90,18,39,14,2
Luxembourg,1975,2040,29,35,6,5,5,9,20,27,69,134,352,690,584,111,10,10,13,14,25,44,63,71,136,216,317,373,352,232,94,17,40,14,2
Luxembourg,1976,2096,30,36,6,5,5,9,21,27,67,139,352,710,608,116,10,11,12,15,24,43,64,75,135,217,323,387,366,242,97,19,41,14,1
Luxembourg,1977,1847,27,32,5,5,5,7,19,24,57,123,297,627,547,106,9,10,11,13,20,37,55,68,111,186,279,348,334,213,86,20,37,12,1
Luxembourg,1978,1920,26,31,5,5,5,8,19,24,58,130,291,650,586,113,8,11,10,14,21,37,56,74,104,187,283,367,358,228,95,18,36,13,1
Luxembourg,1979,1845,22,27,5,5,4,7,20,24,53,126,267,620,579,113,9,11,11,13,19,34,53,73,91,176,267,353,348,231,95,18,32,11,2
Luxembourg,1980,2012,28,33,5,5,5,6,19,24,56,135,281,666,654,129,8,11,11,13,20,36,56,79,96,185,284,382,390,264,107,22,38,11,2
Luxembourg,1981,1987,23,29,6,4,4,7,19,25,52,130,270,656,659,132,8,11,11,14,20,32,55,75,95,175,277,379,390,269,109,23,33,11,2
Luxembourg,1982,1942,23,28,5,4,3,6,19,24,49,123,257,634,659,134,8,11,10,14,19,30,50,73,98,159,267,367,391,268,107,27,32,9,2
Luxembourg,1983,1982,23,28,5,4,3,5,18,25,51,122,252,637,690,145,8,10,11,14,21,30,49,73,104,148,265,372,407,283,118,27,32,8,2
Luxembourg,1984,1941,28,33,5,3,1,5,18,27,48,117,241,619,688,144,7,11,12,15,19,29,47,70,107,134,255,364,401,287,118,26,36,6,2
Luxembourg,1985,1921,22,27,5,4,1,5,15,26,46,113,231,603,696,153,5,10,12,14,19,27,44,69,104,127,247,356,398,298,123,30,31,6,2
Luxembourg,1986,1884,17,22,5,2,0,5,15,26,45,106,224,578,697,158,5,10,12,14,18,27,40,66,98,126,232,346,392,305,127,31,24,5,3
Luxembourg,1987,1964,22,27,5,2,0,5,14,27,48,107,240,582,737,167,5,9,13,14,21,27,40,67,102,138,225,357,407,330,139,28,29,5,4
Luxembourg,1988,1798,18,23,5,2,0,4,12,24,43,92,228,512,689,164,5,7,11,13,18,25,35,57,94,134,190,322,382,307,136,28,25,4,4
Luxembourg,1989,1983,21,26,5,3,0,4,14,29,46,100,254,537,769,197,5,9,13,16,19,27,38,62,101,153,192,345,421,348,164,33,29,4,4
Luxembourg,1990,1890,19,23,4,1,0,4,12,25,44,91,239,502,739,198,5,7,11,14,19,25,36,55,94,145,178,324,404,335,163,35,24,4,3
Luxembourg,1991,1853,23,28,5,2,0,4,12,25,46,85,228,482,728,207,5,7,11,14,20,26,34,51,90,138,176,306,395,333,169,38,30,4,3
Luxembourg,1992,2007,20,25,5,3,0,4,13,28,50,92,245,510,799,235,5,8,12,16,21,29,38,54,95,150,198,312,430,369,192,43,28,4,4
Luxembourg,1993,1926,17,22,5,1,0,4,12,26,46,86,229,479,772,239,5,7,11,15,19,27,37,49,87,142,202,277,407,365,193,46,23,4,6
Luxembourg,1994,1901,20,25,5,2,0,4,12,26,48,84,222,465,769,239,5,7,11,15,20,28,36,48,83,139,211,254,399,370,190,49,27,4,7
Luxembourg,1995,1814,18,23,5,1,0,3,11,23,48,79,208,439,737,238,5,6,10,13,21,27,34,45,75,133,201,238,375,362,186,52,24,3,6
Luxembourg,1996,1913,18,23,5,2,0,3,12,25,50,84,211,465,770,265,5,7,10,15,20,30,36,48,75,136,208,257,379,391,207,58,25,3,6
Luxembourg,1997,1999,14,19,5,1,0,3,11,25,54,89,214,502,788,284,5,6,11,14,23,31,39,50,77,137,221,281,378,410,222,62,20,3,7
Luxembourg,1998,1918,18,22,4,1,0,2,11,24,50,88,198,495,723,289,5,6,9,15,21,29,38,50,71,127,208,287,336,387,228,61,23,2,8
Luxembourg,1999,1893,13,18,5,1,0,3,10,21,52,85,192,502,694,303,4,6,8,13,21,31,37,48,70,122,203,299,312,382,236,67,19,3,8
Luxembourg,2000,1862,13,16,3,1,0,3,10,21,52,85,180,495,683,307,5,5,9,12,21,31,38,47,66,114,199,296,306,377,237,70,17,3,7
Luxembourg,2001,1889,13,16,3,0,0,4,9,23,53,87,175,486,700,325,4,5,10,13,22,31,39,48,67,108,197,289,322,378,254,71,16,4,9
Luxembourg,2002,1837,13,16,3,0,0,3,9,22,53,87,164,469,675,330,4,5,9,13,21,32,39,48,63,101,185,284,328,347,255,75,16,3,10
Luxembourg,2003,2046,11,14,3,0,0,3,10,22,59,96,182,513,756,380,5,5,8,14,24,35,44,52,73,109,199,314,392,364,285,95,14,3,10
Luxembourg,2004,1778,13,15,2,0,0,2,9,19,50,88,156,435,653,339,4,5,7,12,20,30,40,48,63,93,166,269,356,297,251,88,15,2,10
Luxembourg,2005,1843,15,16,1,0,0,1,8,19,50,93,158,443,682,355,3,5,7,12,19,31,42,51,65,93,165,278,369,313,261,94,16,1,12
Luxembourg,2006,1963,8,10,2,0,0,3,9,20,56,100,170,466,742,378,4,5,7,13,22,34,45,55,68,102,168,298,390,352,274,104,10,3,12
Luxembourg,2007,1934,3,5,2,0,0,3,9,17,52,99,171,445,760,359,4,5,6,11,20,32,45,54,71,100,160,285,395,365,250,109,5,3,13
Luxembourg,2008,1852,8,9,1,0,0,3,8,16,49,96,164,407,753,332,3,5,5,11,18,31,43,53,67,97,146,261,377,376,227,105,9,3,15
Luxembourg,2009,1863,9,10,1,0,0,2,7,16,48,97,164,397,772,326,2,5,5,11,18,30,44,53,69,95,144,253,379,393,220,106,10,2,20
Luxembourg,2010,1872,9,10,1,0,0,1,8,15,47,100,167,383,776,345,3,5,5,10,18,29,43,57,71,96,141,242,380,396,233,112,10,1,20
Luxembourg,2011,1937,7,8,1,0,0,1,9,15,48,102,173,383,805,370,5,4,6,9,17,31,44,58,75,98,146,237,393,412,255,115,8,1,20
Luxembourg,2012,1998,8,9,1,0,0,1,8,14,48,107,183,386,829,391,3,5,5,9,18,30,47,60,78,105,150,236,394,435,276,115,9,1,21
Luxembourg,2013,1975,13,14,1,0,0,2,8,16,45,106,180,377,810,396,3,5,6,10,17,28,45,61,78,102,152,225,376,434,289,107,14,2,23
Luxembourg,2014,1825,8,9,1,0,0,0,6,13,39,95,171,341,742,373,1,5,5,8,14,25,40,55,74,97,137,204,335,407,278,95,9,0,24
Luxembourg,2015,2025,3,5,2,0,0,1,8,14,42,105,194,375,816,428,3,5,5,9,14,28,43,62,84,110,153,222,358,458,318,110,5,1,31
Luxembourg,2016,1942,8,8,0,0,0,0,7,14,41,99,189,357,768,421,2,5,6,8,15,26,40,59,81,108,144,213,329,439,313,108,8,0,31
Luxembourg,2017,2143,5,6,1,0,0,1,8,17,43,109,214,402,825,487,3,5,7,10,16,27,44,65,92,122,165,237,351,474,360,127,6,1,33
Luxembourg,2018,2142,12,12,0,0,0,0,8,16,41,106,216,399,797,514,3,5,7,9,14,27,43,63,93,123,162,237,339,458,373,141,12,0,31
Luxembourg,2019,2111,8,9,1,0,0,0,7,15,40,102,216,394,774,524,2,5,6,9,14,26,41,61,93,123,164,230,334,440,374,150,9,0,27
Luxembourg,2020,2306,14,16,2,0,0,0,6,15,41,108,237,439,830,579,1,5,6,9,15,26,44,64,96,141,185,254,363,467,413,166,16,0,31
Luxembourg,2021,2114,9,10,1,0,0,0,6,14,34,93,221,415,739,548,1,5,5,9,13,21,36,57,90,131,181,234,337,402,388,160,10,0,32
Macao,1950,1004,252,316,64,14,10,18,40,59,82,109,106,150,83,15,20,20,25,34,36,46,51,58,48,58,77,73,53,30,11,4,330,28,1
Macao,1951,1027,284,362,78,13,8,15,40,55,79,108,106,146,83,13,20,20,22,33,35,44,50,58,49,57,74,72,53,30,11,2,375,23,1
Macao,1952,1046,268,356,88,12,7,14,38,53,80,112,114,154,90,12,18,20,22,31,36,44,53,59,56,58,76,78,57,33,11,1,368,21,1
Macao,1953,1020,246,332,86,13,6,12,32,50,78,109,121,155,94,14,15,17,21,29,35,43,52,57,61,60,75,80,60,34,12,2,345,18,1
Macao,1954,987,225,303,78,13,5,11,31,47,75,108,125,157,95,15,15,16,20,27,34,41,51,57,63,62,76,81,60,35,13,2,316,16,0
Macao,1955,957,206,274,68,14,5,9,29,43,72,105,128,158,99,18,14,15,19,24,33,39,49,56,63,65,76,82,64,35,16,2,288,14,0
Macao,1956,924,186,245,59,16,5,8,27,39,69,102,132,159,103,18,12,15,17,22,31,38,47,55,63,69,77,82,66,37,16,2,261,13,0
Macao,1957,891,168,220,52,16,5,7,23,37,64,99,133,162,106,19,10,13,16,21,28,36,45,54,60,73,79,83,67,39,16,3,236,12,0
Macao,1958,851,152,196,44,14,6,5,20,35,59,94,131,162,106,20,10,10,15,20,26,33,42,52,58,73,80,82,67,39,16,4,210,11,0
Macao,1959,836,137,177,40,13,6,5,19,32,55,92,131,173,109,24,9,10,13,19,23,32,40,52,57,74,86,87,68,41,18,6,190,11,0
Macao,1960,824,126,163,37,13,8,5,16,28,52,87,131,182,114,26,6,10,11,17,21,31,38,49,57,74,91,91,72,42,17,9,176,13,0
Macao,1961,796,110,144,34,11,10,5,14,26,48,80,126,189,115,30,5,9,10,16,20,28,35,45,56,70,93,96,72,43,19,11,155,15,2
Macao,1962,784,102,136,34,12,10,6,13,25,47,79,122,190,121,22,5,8,10,15,20,27,34,45,56,66,93,97,76,45,16,6,148,16,2
Macao,1963,775,96,129,33,12,10,7,12,25,46,77,124,188,123,23,5,7,10,15,20,26,34,43,57,67,90,98,78,45,17,6,141,17,1
Macao,1964,767,87,119,32,12,10,8,12,25,44,76,123,187,129,21,5,7,10,15,19,25,34,42,55,68,89,98,83,46,16,5,131,18,1
Macao,1965,758,78,108,30,12,10,9,11,25,41,77,126,185,134,19,5,6,10,15,18,23,34,43,55,71,86,99,85,49,16,3,120,19,1
Macao,1966,748,69,98,29,12,10,10,10,24,43,74,125,183,138,20,5,5,10,14,19,24,32,42,52,73,84,99,87,51,17,3,110,20,1
Macao,1967,738,60,86,26,12,10,10,11,23,42,71,126,182,141,24,6,5,9,14,18,24,30,41,54,72,84,98,88,53,21,3,98,20,0
Macao,1968,722,51,76,25,11,10,10,11,22,41,69,124,179,144,25,6,5,9,13,18,23,29,40,52,72,87,92,88,56,22,3,87,20,0
Macao,1969,711,43,63,20,11,10,12,12,21,41,66,122,178,144,24,7,5,8,13,18,23,28,38,51,71,90,88,88,56,22,2,74,22,0
Macao,1970,701,37,55,18,11,10,15,13,20,41,64,122,182,143,28,8,5,8,12,18,23,28,36,52,70,96,86,85,58,24,4,66,25,0
Macao,1971,692,32,47,15,10,10,15,15,19,42,62,120,185,138,31,10,5,7,12,18,24,28,34,52,68,98,87,80,58,26,5,57,25,0
Macao,1972,686,31,43,12,10,10,14,15,17,40,62,118,190,139,30,10,5,6,11,17,23,28,34,50,68,97,93,80,59,24,6,53,24,0
Macao,1973,685,30,41,11,6,8,13,16,15,39,62,119,196,141,27,11,5,5,10,16,23,28,34,50,69,94,102,80,61,22,5,47,21,0
Macao,1974,692,29,39,10,5,7,12,18,14,36,62,116,204,144,29,12,6,5,9,14,22,28,34,46,70,93,111,82,62,24,5,44,19,0
Macao,1975,702,28,38,10,5,6,11,19,13,35,63,116,212,153,29,12,7,5,8,13,22,28,35,46,70,95,117,89,64,24,5,43,17,0
Macao,1976,714,27,37,10,5,6,10,17,12,32,62,117,214,167,32,10,7,5,7,12,20,27,35,45,72,96,118,98,69,27,5,42,16,0
Macao,1977,727,27,37,10,5,5,10,18,11,30,62,116,216,180,36,10,8,5,6,11,19,27,35,45,71,97,119,108,72,31,5,42,15,0
Macao,1978,745,27,36,9,5,5,9,19,10,28,62,115,219,195,41,10,9,5,5,10,18,27,35,46,69,99,120,117,78,36,5,41,14,0
Macao,1979,769,28,36,8,5,5,8,19,10,25,60,114,225,214,48,10,9,5,5,9,16,26,34,46,68,103,122,127,87,41,7,41,13,0
Macao,1980,797,29,37,8,5,5,8,20,10,23,59,114,230,229,58,10,10,5,5,8,15,25,34,48,66,106,124,132,97,48,10,42,13,0
Macao,1981,824,31,38,7,5,5,7,20,10,20,56,113,236,244,72,10,10,5,5,7,13,24,32,47,66,107,129,136,108,57,15,43,12,0
Macao,1982,823,34,41,7,5,5,6,20,12,18,53,111,234,247,74,10,10,7,5,6,12,21,32,46,65,104,130,135,112,58,16,46,11,1
Macao,1983,818,36,44,8,5,5,6,20,14,17,53,108,231,249,72,10,10,9,5,6,11,21,32,43,65,99,132,135,114,57,15,49,11,1
Macao,1984,814,37,46,9,2,4,5,20,16,16,50,107,225,248,73,10,10,10,6,5,11,19,31,42,65,94,131,134,114,58,15,48,9,1
Macao,1985,807,38,48,10,2,3,5,19,18,15,50,105,218,250,73,9,10,10,8,5,10,19,31,41,64,89,129,135,115,58,15,50,8,2
Macao,1986,801,37,47,10,2,3,5,19,19,14,46,101,213,251,75,9,10,10,9,5,9,17,29,40,61,86,127,136,115,60,15,49,8,2
Macao,1987,789,35,45,10,2,2,5,18,20,15,44,100,206,249,77,8,10,10,10,6,9,15,29,40,60,85,121,135,114,61,16,47,7,2
Macao,1988,793,33,43,10,3,1,5,17,20,18,41,101,203,255,81,7,10,10,10,9,9,15,26,41,60,85,118,138,117,65,16,46,6,2
Macao,1989,779,32,42,10,3,1,5,16,20,20,38,99,197,250,81,6,10,10,10,10,10,13,25,40,59,85,112,134,116,65,16,45,6,2
Macao,1990,771,30,40,10,4,0,5,16,24,20,37,97,194,246,84,6,10,13,11,10,10,13,24,39,58,85,109,130,116,66,18,44,5,2
Macao,1991,745,28,36,8,4,0,4,15,25,20,33,94,185,237,86,5,10,12,13,10,10,12,21,37,57,81,104,124,113,66,20,40,4,2
Macao,1992,731,25,33,8,5,0,4,14,26,20,31,92,183,232,89,5,9,12,14,10,10,11,20,35,57,81,102,121,111,67,22,38,4,2
Macao,1993,725,22,29,7,5,0,4,13,26,20,30,88,182,232,88,5,8,11,15,10,10,11,19,33,55,80,102,120,112,66,22,34,4,2
Macao,1994,719,20,26,6,5,1,4,12,25,25,27,85,180,233,92,5,7,10,15,14,11,10,17,31,54,79,101,119,114,69,23,31,5,3
Macao,1995,713,18,24,6,5,1,5,11,25,27,26,82,179,231,95,5,6,10,15,15,12,10,16,30,52,78,101,116,115,72,23,29,6,3
Macao,1996,677,15,20,5,5,0,4,10,23,28,24,74,171,221,95,5,5,9,14,15,13,10,14,27,47,73,98,109,112,71,24,25,4,3
Macao,1997,696,13,18,5,1,0,5,10,25,30,25,71,175,228,103,5,5,10,15,15,15,12,13,25,46,75,100,112,116,77,26,19,5,4
Macao,1998,695,11,16,5,1,0,5,10,23,30,27,69,175,225,110,5,5,8,15,15,15,14,13,24,45,74,101,111,114,82,28,17,5,5
Macao,1999,694,10,14,4,0,1,5,10,21,30,28,64,174,223,116,5,5,7,14,15,15,15,13,22,42,73,101,112,111,85,31,14,6,6
Macao,2000,730,9,13,4,0,2,5,10,21,37,32,65,182,233,127,5,5,7,14,18,19,17,15,22,43,76,106,118,115,91,36,13,7,6
Macao,2001,722,7,10,3,0,1,5,10,20,37,33,59,179,231,132,5,5,7,13,17,20,18,15,19,40,74,105,120,111,91,41,10,6,6
Macao,2002,739,7,9,2,0,1,5,10,19,37,36,59,178,240,136,5,5,7,12,17,20,20,16,19,40,72,106,125,115,91,45,9,6,7
Macao,2003,763,6,8,2,0,1,5,10,18,42,39,55,181,258,139,5,5,6,12,18,24,20,19,19,36,72,109,133,125,92,47,8,6,8
Macao,2004,785,6,8,2,0,0,5,10,17,43,46,55,178,272,144,5,5,6,11,19,24,25,21,20,35,69,109,138,134,95,49,8,5,9
Macao,2005,805,6,8,2,0,0,5,10,17,42,48,54,179,284,151,5,5,6,11,18,24,25,23,20,34,67,112,140,144,100,51,8,5,10
Macao,2006,809,6,7,1,0,0,4,10,16,42,52,50,172,284,158,5,5,6,10,18,24,27,25,20,30,63,109,135,149,106,52,7,4,10
Macao,2007,822,6,7,1,0,0,4,10,15,40,58,53,164,286,172,5,5,5,10,16,24,30,28,23,30,59,105,135,151,117,55,7,4,12
Macao,2008,837,6,7,1,0,0,3,10,15,40,60,53,157,289,186,5,5,5,10,15,25,30,30,25,28,56,101,138,151,126,60,7,3,14
Macao,2009,859,6,7,1,0,0,3,10,14,39,64,56,153,289,203,5,5,5,9,15,24,33,31,28,28,53,100,139,150,135,68,7,3,17
Macao,2010,901,6,7,1,0,0,2,10,14,41,68,63,149,294,226,5,5,5,9,14,27,33,35,33,30,52,97,145,149,147,79,7,2,20
Macao,2011,935,6,7,1,0,0,2,10,14,40,74,72,145,298,244,5,5,5,9,14,26,35,39,37,35,50,95,149,149,152,92,7,2,25
Macao,2012,974,6,7,1,0,0,1,10,14,40,78,78,146,312,253,5,5,5,9,14,26,36,42,40,38,50,96,153,159,150,103,7,1,29
Macao,2013,960,6,7,1,0,0,0,10,13,35,81,82,140,315,245,5,5,5,8,13,22,36,45,42,40,49,91,147,168,143,102,7,0,31
Macao,2014,1010,6,7,1,0,0,0,10,13,35,83,91,145,335,251,5,5,5,8,13,22,38,45,46,45,51,94,150,185,145,106,7,0,33
Macao,2015,1057,6,7,1,0,0,0,10,14,35,84,101,148,354,260,5,5,5,9,13,22,37,47,51,50,54,94,153,201,153,107,7,0,36
Macao,2016,1078,6,7,1,0,0,0,10,14,33,87,110,150,358,269,5,5,5,9,12,21,39,48,55,55,57,93,153,205,163,106,7,0,38
Macao,2017,1118,6,8,2,0,0,0,10,16,33,89,119,154,365,282,5,5,6,10,12,21,38,51,59,60,61,93,156,209,177,105,8,0,40
Macao,2018,1133,5,6,1,0,0,0,9,15,32,86,125,155,366,295,4,5,5,10,12,20,35,51,60,65,65,90,157,209,188,107,6,0,42
Macao,2019,1176,5,6,1,0,0,0,9,16,31,85,134,159,374,314,4,5,6,10,12,19,33,52,62,72,71,88,161,213,201,113,6,0,45
Macao,2020,1213,5,6,1,0,0,0,8,17,29,85,140,165,381,333,3,5,7,10,11,18,32,53,64,76,77,88,163,218,211,122,6,0,47
Macao,2021,1256,5,6,1,0,0,0,8,16,29,85,148,173,390,350,3,5,6,10,11,18,31,54,66,82,85,88,163,227,217,133,6,0,49
Madagascar,1950,45821,12053,19315,7262,3408,1526,1483,2759,2574,3229,3263,3903,3298,982,82,1409,1350,1211,1363,1692,1537,1543,1720,1894,2009,1891,1407,695,287,71,11,22723,3009,1
Madagascar,1951,46995,12208,20077,7869,3470,1533,1507,2843,2558,3226,3313,3984,3386,1017,79,1448,1395,1242,1316,1648,1578,1563,1750,1932,2052,1935,1451,737,280,70,9,23547,3040,1
Madagascar,1952,47679,12360,20691,8331,3492,1518,1502,2886,2535,3161,3318,4016,3432,1046,79,1471,1415,1272,1263,1559,1602,1563,1755,1948,2068,1958,1474,778,268,70,9,24183,3020,1
Madagascar,1953,48460,12481,21198,8717,3567,1516,1502,2940,2559,3092,3346,4072,3498,1085,80,1503,1437,1321,1238,1464,1628,1575,1771,1977,2095,1995,1503,821,264,70,10,24765,3018,1
Madagascar,1954,48933,12585,21435,8850,3739,1508,1491,2972,2580,2991,3358,4107,3546,1124,79,1518,1454,1359,1221,1369,1622,1587,1771,1994,2113,2020,1526,855,269,70,9,25174,2999,1
Madagascar,1955,49463,12679,21567,8888,3995,1511,1483,3003,2617,2892,3387,4154,3604,1169,78,1529,1474,1396,1221,1297,1595,1613,1774,2015,2139,2051,1553,885,284,70,8,25562,2994,1
Madagascar,1956,50144,12865,21882,9017,4208,1518,1473,3033,2664,2780,3421,4202,3669,1217,77,1535,1498,1426,1238,1239,1541,1641,1780,2034,2168,2083,1586,913,304,68,9,26090,2991,1
Madagascar,1957,50624,13012,22097,9085,4373,1529,1458,3051,2712,2651,3450,4237,3725,1261,76,1530,1521,1445,1267,1193,1458,1668,1782,2045,2192,2109,1616,937,324,67,9,26470,2987,1
Madagascar,1958,51146,13130,22291,9161,4519,1553,1451,3075,2774,2533,3486,4286,3794,1305,75,1526,1549,1462,1312,1167,1366,1695,1791,2060,2226,2140,1654,960,345,67,8,26810,3004,1
Madagascar,1959,51603,13210,22428,9218,4603,1624,1447,3089,2836,2441,3508,4327,3866,1354,80,1520,1569,1483,1353,1156,1285,1697,1811,2070,2257,2175,1691,989,365,71,9,27031,3071,1
Madagascar,1960,51905,13253,22477,9224,4638,1721,1445,3087,2889,2367,3508,4357,3932,1398,86,1508,1579,1502,1387,1155,1212,1672,1836,2074,2283,2206,1726,1015,383,77,9,27115,3166,1
Madagascar,1961,52392,13347,22641,9294,4676,1813,1452,3085,2944,2334,3491,4397,4014,1446,92,1500,1585,1526,1418,1174,1160,1620,1871,2085,2312,2248,1766,1047,399,83,9,27317,3265,1
Madagascar,1962,52781,13398,22704,9306,4716,1898,1467,3076,2995,2331,3453,4441,4101,1499,99,1491,1585,1554,1441,1208,1123,1543,1910,2100,2341,2293,1808,1083,416,90,9,27420,3365,1
Madagascar,1963,53241,13490,22826,9336,4754,1978,1490,3065,3039,2349,3396,4488,4191,1554,108,1484,1581,1581,1458,1251,1098,1451,1945,2118,2370,2342,1849,1120,434,99,9,27580,3468,1
Madagascar,1964,53731,13611,22975,9364,4790,2027,1551,3057,3083,2384,3318,4542,4282,1609,118,1482,1575,1603,1480,1294,1090,1365,1953,2150,2392,2388,1894,1158,451,106,12,27765,3578,1
Madagascar,1965,54238,13732,23124,9392,4825,2049,1641,3056,3119,2427,3227,4603,4376,1669,123,1487,1569,1616,1503,1333,1094,1297,1930,2193,2410,2433,1943,1197,472,111,12,27949,3690,1
Madagascar,1966,54932,13991,23473,9482,4852,2071,1734,3058,3150,2476,3118,4671,4468,1725,131,1498,1560,1622,1528,1364,1112,1244,1874,2238,2433,2476,1992,1233,492,118,13,28325,3805,1
Madagascar,1967,55515,14211,23713,9502,4876,2092,1827,3064,3178,2537,2991,4749,4563,1786,139,1513,1551,1622,1556,1390,1147,1204,1787,2292,2457,2519,2044,1272,514,125,14,28589,3919,1
Madagascar,1968,55777,14415,23845,9430,4869,2100,1903,3061,3178,2583,2844,4788,4623,1837,146,1528,1533,1606,1572,1402,1181,1174,1670,2321,2467,2539,2084,1304,533,131,15,28714,4003,1
Madagascar,1969,56312,14595,23997,9402,4901,2122,1957,3126,3197,2648,2739,4846,4714,1905,154,1595,1531,1601,1596,1423,1225,1165,1574,2336,2510,2574,2140,1347,558,138,16,28898,4079,1
Madagascar,1970,57099,14953,24478,9525,4920,2135,1976,3220,3193,2705,2663,4874,4793,1973,164,1688,1532,1588,1605,1445,1260,1170,1493,2311,2563,2601,2192,1391,582,146,18,29398,4111,1
Madagascar,1971,57883,15347,24957,9610,4940,2145,1995,3319,3184,2759,2617,4870,4876,2045,174,1782,1537,1576,1608,1470,1289,1189,1428,2245,2625,2634,2242,1437,608,155,19,29897,4140,1
Madagascar,1972,58810,15520,25308,9788,5021,2173,2030,3448,3190,2829,2629,4869,4994,2134,183,1887,1561,1574,1616,1507,1322,1236,1393,2157,2712,2688,2306,1497,637,163,20,30329,4203,1
Madagascar,1973,59241,15622,25556,9934,5046,2169,2040,3541,3153,2863,2635,4785,5064,2201,192,1964,1577,1553,1600,1527,1336,1276,1359,2024,2761,2717,2347,1542,659,171,21,30602,4209,1
Madagascar,1974,59800,15823,25974,10151,5074,2164,2044,3628,3112,2882,2654,4661,5132,2267,200,2000,1628,1536,1576,1536,1346,1316,1338,1896,2765,2758,2374,1584,683,179,21,31048,4208,1
Madagascar,1975,60577,16115,26541,10426,5122,2165,2049,3725,3083,2902,2690,4526,5224,2339,211,2012,1713,1526,1557,1540,1362,1352,1338,1795,2731,2818,2406,1628,711,189,22,31663,4214,1
Madagascar,1976,61870,16707,27623,10916,5150,2167,2051,3821,3056,2916,2737,4369,5337,2422,220,2024,1797,1522,1534,1537,1379,1382,1355,1716,2653,2889,2448,1679,743,198,22,32773,4218,1
Madagascar,1977,63270,17320,28693,11373,5194,2183,2058,3930,3048,2941,2804,4200,5477,2514,235,2044,1886,1529,1519,1536,1405,1408,1396,1661,2539,2977,2500,1734,780,210,25,33887,4241,1
Madagascar,1978,64740,17941,29761,11820,5247,2212,2069,4040,3058,2963,2883,4034,5616,2605,248,2067,1973,1551,1507,1531,1432,1433,1450,1632,2402,3058,2558,1789,816,222,26,35008,4281,1
Madagascar,1979,66354,18592,30918,12326,5290,2253,2088,4127,3120,2983,2969,3903,5739,2701,265,2097,2030,1617,1503,1527,1456,1461,1508,1626,2277,3102,2637,1844,857,237,28,36208,4341,1
Madagascar,1980,68046,19124,31960,12836,5359,2317,2121,4205,3244,3015,3069,3834,5847,2794,281,2135,2070,1727,1517,1532,1483,1501,1568,1648,2186,3106,2741,1897,897,251,30,37319,4438,1
Madagascar,1981,69873,19629,32982,13353,5449,2405,2167,4306,3392,3052,3177,3821,5917,2899,299,2184,2122,1849,1543,1543,1509,1549,1628,1697,2124,3062,2855,1961,938,266,33,38431,4572,1
Madagascar,1982,71805,20218,34022,13804,5543,2502,2226,4417,3558,3088,3287,3865,5957,3011,322,2236,2181,1977,1581,1556,1532,1603,1684,1775,2090,2971,2986,2030,981,285,37,39565,4728,1
Madagascar,1983,73674,20786,34959,14173,5647,2595,2295,4535,3739,3125,3398,3954,5947,3127,342,2292,2243,2106,1633,1573,1552,1661,1737,1872,2082,2844,3103,2102,1025,301,41,40606,4890,2
Madagascar,1984,75483,21303,35762,14459,5765,2690,2379,4664,3937,3171,3511,4077,5907,3258,364,2353,2311,2203,1734,1597,1574,1716,1795,1974,2103,2729,3178,2193,1065,320,44,41527,5069,2
Madagascar,1985,76976,21751,36358,14607,5849,2761,2463,4778,4130,3214,3610,4208,5827,3390,385,2408,2370,2264,1866,1624,1590,1757,1853,2065,2143,2636,3191,2289,1101,336,49,42207,5224,3
Madagascar,1986,78253,22020,36721,14701,5921,2821,2557,4896,4330,3264,3711,4367,5724,3534,404,2467,2429,2327,2003,1659,1605,1794,1917,2153,2214,2572,3152,2393,1141,353,51,42642,5378,3
Madagascar,1987,78652,22337,36845,14508,5870,2819,2612,4942,4459,3270,3756,4488,5523,3648,420,2493,2449,2351,2108,1675,1595,1799,1957,2199,2289,2502,3021,2476,1172,367,53,42715,5431,4
Madagascar,1988,79420,22526,36974,14448,5860,2831,2679,5030,4616,3316,3832,4663,5380,3790,441,2547,2483,2393,2223,1714,1602,1815,2017,2257,2406,2488,2892,2573,1217,383,58,42834,5510,4
Madagascar,1989,79938,22582,36949,14367,5826,2828,2729,5105,4716,3410,3892,4839,5274,3902,460,2597,2508,2426,2290,1800,1610,1825,2067,2317,2522,2505,2769,2630,1272,399,61,42775,5557,4
Madagascar,1990,79996,22650,36805,14155,5739,2792,2742,5146,4739,3516,3910,4981,5193,3952,479,2632,2514,2435,2304,1904,1612,1818,2092,2367,2614,2531,2662,2626,1326,414,65,42544,5534,5
Madagascar,1991,79974,22681,36647,13966,5652,2741,2733,5188,4745,3618,3914,5103,5172,3955,497,2670,2518,2435,2310,2002,1616,1810,2104,2412,2691,2594,2578,2572,1383,430,67,42299,5474,5
Madagascar,1992,79817,22613,36450,13837,5563,2683,2704,5214,4734,3718,3894,5208,5201,3918,516,2699,2515,2424,2310,2095,1623,1794,2100,2461,2747,2686,2515,2475,1443,445,71,42013,5387,6
Madagascar,1993,78992,22589,36222,13633,5356,2569,2618,5151,4637,3758,3821,5243,5246,3827,537,2673,2478,2369,2268,2141,1617,1757,2064,2478,2765,2776,2470,2341,1486,461,76,41578,5187,6
Madagascar,1994,79204,22617,36142,13525,5322,2529,2593,5194,4639,3874,3817,5353,5392,3776,564,2694,2500,2365,2274,2190,1684,1757,2060,2527,2826,2902,2490,2252,1524,486,78,41464,5122,6
Madagascar,1995,79147,22576,35861,13285,5277,2481,2562,5228,4631,3980,3807,5448,5553,3716,595,2701,2527,2359,2272,2203,1777,1757,2050,2558,2890,3016,2537,2185,1531,513,82,41138,5043,7
Madagascar,1996,78903,22285,35377,13092,5240,2447,2524,5250,4625,4087,3808,5537,5740,3655,607,2694,2556,2355,2270,2215,1872,1769,2039,2578,2959,3121,2619,2143,1512,520,87,40617,4971,7
Madagascar,1997,79230,21858,34655,12797,5366,2483,2543,5376,4722,4270,3865,5687,5996,3610,651,2732,2644,2408,2314,2270,2000,1810,2055,2619,3068,3237,2759,2134,1476,560,91,40021,5026,8
Madagascar,1998,78884,21269,33576,12307,5425,2499,2540,5450,4782,4413,3910,5794,6238,3558,691,2744,2706,2446,2336,2307,2106,1852,2058,2635,3159,3328,2910,2137,1421,593,98,39001,5039,8
Madagascar,1999,79768,20665,32632,11967,5690,2609,2613,5668,4990,4626,4084,5976,6569,3579,723,2832,2836,2565,2425,2399,2227,1979,2105,2688,3288,3469,3100,2193,1386,617,106,38322,5222,8
Madagascar,2000,79821,20008,31680,11672,5762,2662,2634,5754,5093,4728,4251,6066,6831,3616,737,2859,2895,2633,2460,2448,2280,2121,2130,2705,3361,3580,3251,2257,1359,623,114,37442,5296,9
Madagascar,2001,79483,19410,30405,10995,5837,2688,2644,5779,5188,4803,4428,6150,7104,3706,742,2857,2922,2698,2490,2482,2321,2264,2164,2724,3426,3708,3396,2359,1347,618,124,36242,5332,9
Madagascar,2002,79637,18931,29440,10509,5912,2740,2683,5831,5319,4902,4629,6219,7369,3841,738,2874,2957,2782,2537,2526,2376,2418,2211,2741,3478,3843,3526,2494,1347,604,134,35352,5423,10
Madagascar,2003,78845,18455,28516,10061,5747,2699,2650,5721,5311,4900,4773,6213,7578,3999,727,2813,2908,2785,2526,2517,2383,2531,2242,2729,3484,3951,3627,2641,1358,585,142,34263,5349,11
Madagascar,2004,77009,18104,27753,9649,5345,2579,2546,5457,5148,4779,4818,6087,7648,4121,711,2677,2780,2697,2451,2443,2336,2540,2278,2668,3419,3972,3676,2747,1374,565,146,33098,5125,12
Madagascar,2005,77578,17817,27028,9211,5370,2629,2614,5528,5289,4886,5063,6183,7924,4344,707,2713,2815,2763,2526,2492,2394,2611,2452,2717,3466,4093,3831,2908,1436,561,146,32398,5243,13
Madagascar,2006,76335,17584,26431,8847,4982,2516,2540,5326,5158,4804,5155,6129,8045,4528,707,2621,2705,2674,2484,2444,2360,2602,2553,2702,3427,4114,3931,3024,1504,561,146,31413,5056,14
Madagascar,2007,75680,17275,25837,8562,4730,2452,2508,5212,5093,4778,5292,6126,8194,4733,708,2578,2634,2614,2479,2429,2349,2617,2675,2717,3409,4139,4055,3136,1597,565,143,30567,4960,15
Madagascar,2008,76469,16976,25244,8268,4760,2497,2580,5306,5219,4903,5546,6256,8443,4983,717,2642,2664,2655,2564,2499,2404,2690,2856,2806,3450,4211,4232,3271,1712,576,141,30004,5077,16
Madagascar,2009,75646,16747,24772,8025,4443,2380,2517,5161,5081,4854,5593,6334,8550,5205,734,2588,2573,2565,2516,2478,2376,2690,2903,2899,3435,4211,4339,3386,1819,597,137,29215,4897,17
Madagascar,2010,76810,16414,24166,7752,4531,2424,2607,5314,5223,5027,5780,6655,8800,5494,770,2684,2630,2619,2604,2581,2446,2777,3003,3135,3520,4296,4504,3557,1937,630,140,28697,5031,17
Madagascar,2011,75187,15974,23417,7443,4166,2257,2502,5128,4990,4941,5722,6762,8787,5689,808,2606,2522,2491,2499,2545,2396,2744,2978,3262,3500,4250,4537,3666,2023,666,142,27583,4759,17
Madagascar,2012,76897,15614,22800,7186,4341,2323,2620,5365,5163,5191,5956,7186,9048,6019,866,2738,2627,2570,2593,2689,2502,2852,3104,3547,3639,4356,4692,3876,2143,721,145,27141,4943,17
Madagascar,2013,75609,15288,22239,6951,3998,2165,2509,5200,4928,5115,5905,7346,9030,6234,921,2660,2540,2446,2482,2649,2466,2820,3085,3679,3667,4323,4707,4007,2227,774,147,26237,4674,17
Madagascar,2014,77056,14988,21681,6693,4097,2199,2580,5401,5043,5330,6107,7792,9259,6555,991,2765,2636,2499,2544,2761,2569,2912,3195,3880,3912,4430,4829,4203,2352,836,155,25778,4779,17
Madagascar,2015,79278,14829,21305,6476,4271,2276,2675,5676,5230,5600,6366,8333,9564,6901,1067,2905,2771,2593,2637,2892,2708,3030,3336,4055,4278,4587,4977,4403,2498,900,167,25576,4951,17
Madagascar,2016,77934,14812,21015,6203,3845,2112,2515,5482,4963,5480,6282,8502,9537,7056,1122,2800,2682,2466,2497,2800,2680,2989,3293,4034,4468,4583,4954,4463,2593,944,178,24860,4627,17
Madagascar,2017,79750,14722,20728,6006,3903,2163,2563,5696,5100,5685,6497,9019,9815,7359,1196,2903,2793,2549,2551,2877,2808,3097,3400,4183,4836,4749,5066,4613,2746,1002,194,24631,4726,18
Madagascar,2018,81142,14546,20308,5762,3898,2187,2584,5851,5200,5851,6698,9516,10118,7644,1271,2971,2880,2616,2584,2933,2918,3202,3496,4322,5194,4942,5176,4744,2900,1059,212,24206,4771,18
Madagascar,2019,79640,14372,19884,5512,3459,2021,2418,5612,4952,5689,6622,9575,10285,7764,1337,2833,2779,2509,2443,2820,2869,3179,3443,4295,5280,5112,5173,4770,2994,1110,227,23343,4439,19
Madagascar,2020,84873,14204,19512,5308,3512,2062,2374,5515,4959,6077,7568,11394,11881,8517,1477,2768,2747,2489,2470,2947,3130,3572,3996,5112,6282,6187,5694,5192,3325,1227,250,23024,4436,21
Madagascar,2021,91374,13935,19102,5167,3568,2105,2524,5983,5471,6722,8580,12900,13459,9309,1628,2964,3019,2766,2705,3204,3518,4089,4491,5833,7067,7216,6243,5627,3682,1356,272,22670,4629,23
Malawi,1950,47461,14791,28438,13647,3132,1440,1176,2344,2008,1463,1672,2409,2517,827,34,1202,1142,1102,906,719,744,784,888,1102,1307,1381,1136,633,194,33,1,31570,2616,0
Malawi,1951,47234,14466,27827,13361,3216,1474,1205,2393,2079,1491,1700,2429,2526,857,34,1233,1160,1123,956,745,746,801,899,1113,1316,1390,1136,646,211,33,1,31043,2679,0
Malawi,1952,47447,14805,27643,12838,3278,1502,1236,2450,2147,1530,1740,2458,2542,882,38,1259,1191,1136,1011,788,742,830,910,1132,1326,1404,1138,657,225,35,3,30921,2738,0
Malawi,1953,47824,15153,27837,12684,3291,1530,1261,2490,2172,1546,1749,2452,2551,902,43,1279,1211,1126,1046,825,721,845,904,1134,1318,1412,1139,665,237,39,4,31128,2791,0
Malawi,1954,47983,15376,28055,12679,3274,1555,1273,2494,2149,1539,1720,2410,2546,921,47,1284,1210,1099,1050,845,694,834,886,1115,1295,1406,1140,673,248,43,4,31329,2828,0
Malawi,1955,48112,15700,28498,12798,3215,1579,1276,2460,2080,1509,1648,2328,2528,934,54,1271,1189,1057,1023,843,666,798,850,1072,1256,1388,1140,679,255,49,5,31713,2855,0
Malawi,1956,48513,16098,29100,13002,3113,1606,1284,2448,2034,1511,1604,2279,2523,947,58,1270,1178,1035,999,852,659,768,836,1045,1234,1377,1146,684,263,53,5,32213,2890,0
Malawi,1957,49212,16514,29755,13241,3046,1632,1301,2471,2027,1556,1587,2271,2536,960,63,1286,1185,1039,988,878,678,743,844,1037,1234,1377,1159,689,271,59,4,32801,2933,0
Malawi,1958,50032,16925,30431,13506,3022,1642,1321,2505,2031,1620,1584,2279,2552,976,69,1308,1197,1054,977,909,711,723,861,1035,1244,1378,1174,698,278,63,6,33453,2963,0
Malawi,1959,50991,17356,31151,13795,3018,1640,1346,2552,2054,1689,1596,2302,2578,991,72,1334,1218,1076,978,939,750,717,879,1044,1258,1387,1191,707,284,65,7,34169,2986,0
Malawi,1960,51802,17768,31891,14123,3044,1616,1367,2569,2043,1717,1582,2297,2593,1007,76,1345,1224,1078,965,943,774,712,870,1041,1256,1390,1203,717,290,68,8,34935,2983,0
Malawi,1961,52735,18200,32629,14429,3103,1572,1392,2599,2057,1751,1588,2316,2617,1027,80,1361,1238,1089,968,947,804,727,861,1054,1262,1402,1215,732,295,72,8,35732,2964,0
Malawi,1962,53568,18650,33414,14764,3170,1533,1410,2606,2042,1744,1571,2308,2630,1049,85,1367,1239,1082,960,924,820,741,830,1058,1250,1408,1222,747,302,75,10,36584,2943,0
Malawi,1963,55449,19140,34293,15153,3258,1532,1456,2774,2213,1899,1698,2458,2705,1073,88,1443,1331,1167,1046,985,914,834,864,1149,1309,1462,1243,765,308,77,11,37551,2988,1
Malawi,1964,56907,19518,35050,15532,3351,1536,1481,2889,2322,1990,1790,2552,2759,1095,92,1499,1390,1222,1100,1016,974,907,883,1202,1350,1498,1261,780,315,80,12,38401,3017,1
Malawi,1965,58478,19936,35883,15947,3463,1560,1488,3012,2432,2079,1896,2641,2808,1120,95,1561,1451,1278,1154,1052,1027,980,916,1246,1395,1528,1280,795,325,83,12,39346,3048,1
Malawi,1966,59652,20404,36700,16296,3569,1602,1456,3069,2466,2095,1960,2652,2833,1145,98,1596,1473,1296,1170,1059,1036,1022,938,1236,1416,1537,1296,810,335,86,12,40269,3058,1
Malawi,1967,61316,20873,37469,16596,3670,1650,1448,3216,2613,2206,2134,2750,2893,1168,102,1669,1547,1374,1239,1123,1083,1116,1018,1259,1491,1570,1323,823,345,89,13,41139,3098,1
Malawi,1968,62932,21340,38265,16925,3771,1700,1450,3333,2740,2298,2302,2829,2942,1192,106,1719,1614,1443,1297,1183,1115,1198,1104,1268,1561,1593,1349,835,357,92,14,42036,3150,1
Malawi,1969,63856,21711,38973,17262,3861,1746,1436,3337,2752,2284,2367,2810,2960,1218,112,1711,1626,1451,1301,1187,1097,1219,1148,1239,1571,1596,1364,849,369,97,15,42834,3182,1
Malawi,1970,64494,21977,39459,17482,3922,1784,1434,3316,2755,2273,2412,2795,2981,1245,116,1677,1639,1454,1301,1190,1083,1225,1187,1231,1564,1604,1377,865,380,100,16,43381,3218,1
Malawi,1971,64908,22134,39646,17512,3945,1813,1453,3287,2783,2287,2469,2810,3013,1272,122,1626,1661,1468,1315,1201,1086,1236,1233,1258,1552,1627,1386,881,391,105,17,43591,3266,1
Malawi,1972,64997,22234,39679,17445,3947,1828,1466,3234,2789,2294,2494,2804,3041,1293,127,1567,1667,1468,1321,1203,1091,1220,1274,1296,1508,1653,1388,896,397,109,18,43626,3294,2
Malawi,1973,65317,22270,39523,17253,3923,1839,1490,3240,2873,2368,2583,2874,3126,1340,134,1547,1693,1508,1365,1238,1130,1235,1348,1382,1492,1714,1412,927,413,116,18,43446,3329,2
Malawi,1974,65538,22277,39366,17089,3899,1848,1514,3229,2947,2433,2647,2953,3189,1376,139,1531,1698,1544,1403,1271,1162,1246,1401,1466,1487,1754,1435,949,427,120,19,43265,3362,2
Malawi,1975,64633,22273,39119,16846,3851,1827,1500,3068,2832,2337,2547,2911,3119,1373,144,1473,1595,1489,1343,1219,1118,1184,1363,1469,1442,1704,1415,942,431,125,19,42970,3327,2
Malawi,1976,63650,22299,38901,16602,3796,1797,1479,2898,2701,2225,2426,2874,3030,1366,154,1432,1466,1426,1275,1161,1064,1123,1303,1460,1414,1631,1399,932,434,130,24,42697,3276,2
Malawi,1977,62905,22325,38679,16354,3736,1768,1460,2770,2606,2151,2336,2895,2970,1375,158,1404,1366,1378,1228,1123,1028,1087,1249,1469,1426,1560,1410,931,444,133,25,42415,3228,3
Malawi,1978,62242,22308,38364,16056,3664,1731,1443,2681,2528,2101,2270,2951,2937,1398,173,1385,1296,1332,1196,1098,1003,1068,1202,1485,1466,1503,1434,937,461,142,31,42028,3174,4
Malawi,1979,62474,22299,38098,15799,3601,1704,1448,2655,2493,2104,2265,3087,2999,1613,385,1396,1259,1300,1193,1099,1005,1074,1191,1533,1554,1507,1492,1016,597,285,100,41699,3152,20
Malawi,1980,63230,22541,38227,15686,3580,1689,1458,2658,2444,2106,2262,3212,3085,1840,626,1418,1240,1253,1191,1099,1007,1079,1183,1570,1642,1546,1539,1104,736,442,184,41807,3147,39
Malawi,1981,64445,22754,38435,15681,3591,1691,1485,2736,2438,2158,2309,3382,3227,2071,862,1467,1269,1220,1218,1125,1033,1105,1204,1622,1760,1637,1590,1203,868,595,267,42026,3176,60
Malawi,1982,66367,23162,39130,15968,3675,1718,1526,2850,2448,2223,2374,3551,3393,2306,1090,1534,1316,1197,1251,1156,1067,1136,1238,1660,1891,1764,1629,1313,993,740,350,42805,3244,81
Malawi,1983,69062,23837,40448,16611,3849,1783,1587,2996,2463,2285,2437,3706,3577,2526,1302,1618,1378,1193,1270,1187,1098,1165,1272,1685,2021,1913,1664,1421,1105,872,430,44297,3370,103
Malawi,1984,73240,24767,42346,17579,4120,1898,1694,3267,2589,2450,2593,3964,3888,2784,1522,1761,1506,1251,1338,1274,1176,1240,1353,1763,2201,2128,1760,1549,1235,1010,512,46466,3592,127
Malawi,1985,77820,25901,44484,18583,4429,2040,1826,3617,2775,2678,2805,4258,4150,2927,1688,1936,1681,1356,1419,1394,1284,1344,1461,1877,2381,2318,1832,1604,1323,1111,577,48913,3866,147
Malawi,1986,82311,26942,46362,19420,4717,2181,1959,3999,2992,2936,3046,4570,4475,3063,1846,2120,1879,1502,1490,1531,1405,1464,1582,2012,2558,2528,1947,1650,1413,1206,640,51079,4140,167
Malawi,1987,86387,27742,47732,19990,4932,2315,2090,4428,3278,3263,3359,4913,4842,3128,1922,2313,2115,1689,1589,1703,1560,1625,1734,2184,2729,2756,2086,1664,1464,1245,677,52664,4405,182
Malawi,1988,93714,28739,49398,20659,5148,2468,2334,5008,3587,3604,3699,5449,5471,4128,3139,2625,2383,1877,1710,1873,1731,1788,1911,2464,2985,3090,2381,1972,2156,2039,1100,54546,4802,282
Malawi,1989,96704,29614,50663,21049,5302,2585,2425,5449,3934,3913,4015,5729,5836,3814,2763,2800,2649,2105,1829,2015,1898,1960,2055,2613,3116,3300,2536,1897,1917,1766,997,55965,5010,273
Malawi,1990,99467,30089,51370,21281,5395,2704,2525,5903,4371,4255,4400,6057,6205,3604,2416,2972,2931,2376,1995,2153,2102,2164,2236,2784,3273,3502,2703,1877,1727,1526,890,56765,5229,261
Malawi,1991,101027,30183,51246,21063,5345,2769,2595,6291,4860,4555,4782,6336,6483,3441,2082,3098,3193,2662,2198,2250,2305,2363,2419,2930,3406,3634,2849,1884,1557,1304,778,56591,5364,244
Malawi,1992,101966,29943,50452,20509,5190,2797,2664,6677,5441,4885,5207,6622,6685,3334,1787,3214,3463,2992,2449,2359,2526,2579,2628,3083,3539,3704,2981,1918,1416,1116,671,55642,5461,224
Malawi,1993,103493,29875,50114,20239,5129,2852,2764,7035,6034,5177,5601,6860,6859,3312,1551,3326,3709,3326,2708,2470,2707,2775,2826,3214,3646,3742,3117,1993,1319,973,578,55243,5616,205
Malawi,1994,101426,28843,48078,19235,4880,2774,2762,7086,6420,5262,5802,6870,6765,3236,1309,3302,3784,3529,2891,2500,2762,2876,2926,3246,3624,3642,3123,2017,1219,830,479,52958,5536,179
Malawi,1995,97548,27343,45381,18038,4589,2645,2720,6954,6633,5192,5839,6705,6500,3146,1091,3213,3741,3620,3013,2496,2696,2899,2940,3207,3498,3467,3033,2003,1143,703,388,49970,5365,152
Malawi,1996,100376,27174,44864,17690,4504,2645,2880,7454,7409,5541,6321,7109,6689,3526,1274,3435,4019,4008,3401,2744,2797,3144,3177,3449,3660,3560,3129,2200,1326,817,457,49368,5525,161
Malawi,1997,103371,27068,44403,17335,4367,2583,3000,8039,8365,5979,6819,7502,6812,3890,1433,3686,4353,4472,3893,3062,2917,3403,3416,3695,3807,3640,3172,2384,1506,915,518,48770,5583,175
Malawi,1998,106254,26903,43793,16890,4328,2599,3180,8602,9161,6401,7287,7990,6960,4208,1556,3974,4628,4830,4331,3368,3033,3621,3666,3983,4007,3760,3200,2536,1672,993,563,48121,5779,190
Malawi,1999,105616,26449,42804,16355,4207,2542,3190,8706,9376,6470,7258,8008,6875,4402,1576,4060,4646,4880,4496,3496,2974,3571,3687,4017,3991,3720,3155,2625,1777,1014,562,47011,5732,196
Malawi,2000,105618,25355,40680,15325,3852,2344,3083,8838,9610,6678,7344,8272,7214,5223,2229,4142,4696,4926,4684,3677,3001,3542,3802,4136,4136,3865,3349,2919,2304,1477,752,44532,5427,248
Malawi,2001,103262,23990,37905,13915,3618,2249,3031,8688,9165,6624,7189,8469,7518,5794,2720,4151,4537,4639,4526,3658,2966,3345,3844,4202,4267,3993,3525,3117,2677,1822,898,41523,5280,288
Malawi,2002,100915,22657,35225,12568,3356,2131,2914,8627,8883,6661,7013,8565,7759,6286,3173,4142,4485,4450,4433,3693,2968,3160,3853,4217,4348,4075,3684,3288,2998,2135,1038,38581,5045,324
Malawi,2003,97558,21165,32176,11011,2870,1843,2618,8440,8725,6803,6870,8631,7915,6696,3613,3983,4457,4330,4395,3777,3026,3041,3829,4229,4402,4121,3794,3423,3273,2431,1182,35046,4461,362
Malawi,2004,94018,19992,29896,9904,2619,1693,2439,8034,8021,6558,6490,8587,8106,7115,4056,3776,4258,3977,4044,3617,2941,2828,3662,4174,4413,4185,3921,3584,3531,2724,1332,32515,4132,403
Malawi,2005,90598,19132,28279,9147,2520,1651,2366,7577,7080,6053,5949,8424,8284,7503,4467,3583,3994,3543,3537,3295,2758,2584,3365,4052,4372,4244,4040,3750,3753,2988,1479,30799,4017,444
Malawi,2006,88766,18548,27233,8685,2409,1579,2257,7261,6569,5808,5619,8408,8479,7834,4823,3397,3864,3332,3237,3116,2692,2495,3124,4022,4386,4333,4146,3908,3926,3208,1615,29642,3836,484
Malawi,2007,88635,18092,26546,8454,2364,1550,2228,7258,6469,5803,5477,8520,8708,8094,5098,3337,3921,3347,3122,3067,2736,2504,2973,4062,4458,4458,4250,4049,4045,3372,1726,28910,3778,520
Malawi,2008,88302,17355,25360,8005,2233,1475,2166,7459,6812,6045,5478,8533,8805,8192,5196,3320,4139,3597,3215,3157,2888,2590,2888,4051,4482,4514,4291,4130,4062,3417,1779,27593,3641,544
Malawi,2009,85205,16648,24222,7574,2174,1435,2079,7220,6781,5952,5304,8287,8623,7810,4791,3155,4065,3648,3133,3059,2893,2591,2713,3897,4390,4435,4188,4026,3784,3126,1665,26396,3514,526
Malawi,2010,81743,15861,22928,7067,2097,1382,1984,6851,6700,5780,5165,7981,8448,7512,4415,2957,3894,3653,3047,2924,2856,2589,2576,3680,4301,4351,4097,3932,3580,2864,1551,25025,3366,505
Malawi,2011,77223,14824,21178,6354,1967,1301,1852,6264,6443,5482,5041,7583,8273,7282,4070,2694,3570,3529,2914,2730,2752,2560,2481,3389,4194,4252,4021,3845,3437,2630,1440,23145,3153,486
Malawi,2012,72678,13623,19232,5609,1812,1210,1720,5681,6199,5204,4955,7210,8123,7104,3764,2450,3231,3381,2818,2559,2645,2543,2412,3119,4091,4157,3966,3764,3340,2429,1335,21044,2930,465
Malawi,2013,68376,12391,17247,4856,1633,1113,1593,5129,5962,4966,4926,6880,8013,6968,3501,2221,2908,3209,2753,2421,2545,2541,2385,2912,3968,4085,3928,3693,3275,2264,1237,18880,2706,443
Malawi,2014,63361,11325,15559,4234,1469,1012,1430,4358,5332,4505,4759,6476,7892,6859,3284,1913,2445,2809,2523,2179,2326,2442,2317,2691,3785,4006,3886,3634,3225,2139,1145,17028,2442,420
Malawi,2015,62691,10598,14586,3988,1409,1005,1443,4395,5701,4703,4981,6303,7870,6777,3116,1927,2468,2936,2765,2308,2395,2555,2426,2638,3665,4001,3869,3594,3183,2053,1063,15995,2448,398
Malawi,2016,60217,9840,13632,3792,1348,981,1392,4117,5529,4552,4913,5935,7746,6708,2991,1824,2293,2773,2756,2271,2281,2496,2417,2550,3385,3930,3816,3565,3143,1999,992,14980,2373,377
Malawi,2017,58106,9322,12964,3642,1296,956,1342,3853,5286,4417,4826,5609,7632,6665,2899,1725,2128,2577,2709,2248,2169,2418,2408,2486,3123,3862,3770,3556,3109,1969,930,14260,2298,356
Malawi,2018,57976,8852,12396,3544,1258,951,1359,3918,5527,4675,4994,5519,7569,6637,2835,1756,2162,2625,2902,2441,2234,2476,2518,2534,2985,3814,3755,3556,3081,1955,880,13654,2310,336
Malawi,2019,56010,8533,11971,3438,1216,923,1317,3653,5149,4537,4828,5277,7398,6625,2796,1665,1988,2395,2754,2411,2126,2351,2477,2495,2782,3673,3725,3561,3064,1950,846,13187,2240,318
Malawi,2020,58135,8249,11639,3390,1184,915,1338,3707,5257,4879,5210,5808,7893,7102,2896,1697,2010,2406,2851,2618,2261,2483,2727,2814,2994,3904,3989,3819,3283,2043,853,12823,2253,307
Malawi,2021,63270,8036,11411,3375,1162,912,1411,3922,5699,5737,5915,6648,8793,8194,3161,1797,2125,2555,3144,3090,2647,2804,3111,3279,3369,4232,4561,4375,3819,2259,902,12573,2323,304
Malaysia,1950,58655,14082,19269,5187,1976,910,1038,2413,2664,2938,3989,7046,10686,4934,771,1196,1217,1342,1322,1545,1393,1920,2069,3285,3761,5403,5283,3192,1742,630,141,21245,1948,21
Malaysia,1951,56135,14010,19073,5063,1872,877,1033,2366,2655,2994,3912,6677,9704,4381,572,1171,1195,1336,1319,1550,1444,1883,2029,3090,3587,4857,4847,2961,1420,483,89,20945,1910,14
Malaysia,1952,53660,13669,18608,4939,1792,835,1031,2308,2636,3042,3850,6353,8776,3972,444,1138,1170,1309,1327,1506,1536,1795,2055,2832,3521,4315,4461,2802,1170,379,65,20400,1866,10
Malaysia,1953,51594,13360,18145,4785,1816,790,1029,2243,2613,3085,3814,6064,7954,3673,358,1102,1141,1273,1340,1440,1645,1695,2119,2564,3500,3840,4114,2676,997,309,49,19961,1819,7
Malaysia,1954,49798,13074,17697,4623,1810,750,1018,2189,2582,3117,3801,5808,7281,3450,291,1076,1113,1236,1346,1389,1728,1640,2161,2368,3440,3496,3785,2549,901,257,34,19507,1768,4
Malaysia,1955,48135,12803,17238,4435,1783,720,991,2134,2539,3120,3793,5566,6740,3260,246,1054,1080,1200,1339,1355,1765,1636,2157,2252,3314,3272,3468,2406,854,219,27,19021,1711,2
Malaysia,1956,46826,12554,16795,4241,1780,704,960,2098,2500,3120,3821,5370,6347,3121,211,1046,1052,1172,1328,1349,1771,1699,2122,2223,3147,3174,3173,2284,837,189,22,18575,1664,1
Malaysia,1957,45091,12251,16290,4039,1754,685,902,2035,2408,3037,3787,5099,5944,2965,178,1030,1005,1127,1281,1337,1700,1787,2000,2235,2864,3116,2828,2141,824,161,17,18044,1587,1
Malaysia,1958,43477,11825,15651,3826,1721,682,844,1979,2322,2954,3783,4892,5646,2837,158,1018,961,1090,1232,1339,1615,1903,1880,2298,2594,3109,2537,2018,819,144,14,17372,1526,0
Malaysia,1959,41598,11329,14925,3596,1657,678,785,1899,2209,2845,3753,4676,5346,2676,150,982,917,1037,1172,1319,1526,1964,1789,2308,2368,3029,2317,1872,804,139,11,16582,1463,0
Malaysia,1960,40093,10815,14168,3353,1573,688,746,1840,2129,2786,3774,4557,5132,2545,151,948,892,1000,1129,1306,1480,1995,1779,2300,2257,2928,2204,1750,795,142,9,15741,1434,0
Malaysia,1961,38649,10284,13389,3105,1512,699,717,1778,2051,2734,3806,4463,4932,2409,158,904,874,962,1089,1278,1456,1978,1828,2242,2221,2772,2160,1625,784,150,8,14901,1416,0
Malaysia,1962,37277,9765,12640,2875,1443,703,699,1718,1976,2689,3847,4391,4736,2267,170,853,865,922,1054,1239,1450,1909,1938,2129,2262,2561,2175,1494,773,162,8,14083,1402,0
Malaysia,1963,36045,9252,11917,2665,1392,701,693,1659,1906,2652,3887,4353,4558,2143,183,801,858,886,1020,1196,1456,1817,2070,2009,2344,2348,2210,1380,763,175,8,13309,1394,0
Malaysia,1964,34842,8740,11232,2492,1336,696,696,1595,1842,2600,3891,4320,4393,2046,195,754,841,857,985,1149,1451,1735,2156,1934,2386,2190,2203,1304,742,186,9,12568,1392,0
Malaysia,1965,33443,8258,10574,2316,1266,672,691,1501,1753,2505,3826,4261,4219,1970,206,703,798,819,934,1091,1414,1660,2166,1903,2358,2088,2131,1261,709,195,11,11840,1363,0
Malaysia,1966,33296,7812,9977,2165,1236,682,728,1491,1764,2528,3924,4436,4284,2019,224,702,789,832,932,1091,1437,1694,2230,2038,2398,2161,2123,1316,703,210,14,11213,1410,0
Malaysia,1967,33082,7423,9464,2041,1203,689,755,1471,1766,2524,3960,4588,4340,2080,239,705,766,847,919,1086,1438,1740,2220,2231,2357,2294,2046,1396,684,221,18,10667,1444,0
Malaysia,1968,32831,7156,9069,1913,1163,688,771,1443,1757,2490,3951,4729,4387,2128,252,713,730,856,901,1073,1417,1787,2164,2445,2284,2449,1938,1471,657,232,20,10232,1459,0
Malaysia,1969,32700,6966,8767,1801,1143,685,782,1429,1741,2452,3942,4880,4445,2170,258,731,698,854,887,1059,1393,1824,2118,2619,2261,2570,1875,1521,649,234,24,9910,1467,0
Malaysia,1970,32547,6802,8515,1713,1093,679,784,1430,1718,2408,3938,5034,4502,2189,259,754,676,840,878,1040,1368,1840,2098,2723,2311,2632,1870,1530,659,233,26,9608,1463,0
Malaysia,1971,32361,6584,8193,1609,1033,669,783,1441,1691,2366,3955,5208,4565,2195,258,780,661,815,876,1020,1346,1844,2111,2764,2444,2640,1925,1508,687,230,28,9226,1452,0
Malaysia,1972,32109,6353,7866,1513,973,655,781,1451,1660,2318,3966,5382,4615,2183,256,797,654,779,881,993,1325,1822,2144,2725,2657,2573,2042,1448,735,224,32,8839,1436,0
Malaysia,1973,31922,6190,7605,1415,913,637,777,1466,1626,2272,3980,5546,4679,2164,253,809,657,740,886,968,1304,1786,2194,2644,2902,2492,2187,1380,784,218,35,8518,1414,1
Malaysia,1974,31520,5931,7251,1320,858,613,764,1478,1575,2217,3957,5647,4744,2154,257,811,667,699,876,944,1273,1740,2217,2563,3084,2458,2286,1341,813,219,38,8109,1377,1
Malaysia,1975,31314,5650,6885,1235,798,593,758,1503,1537,2186,3950,5755,4885,2191,271,813,690,676,861,935,1251,1710,2240,2542,3213,2529,2356,1361,830,232,39,7683,1351,1
Malaysia,1976,31084,5378,6529,1151,750,566,745,1525,1491,2152,3916,5808,5053,2251,294,811,714,659,832,930,1222,1679,2237,2551,3257,2685,2368,1423,828,252,42,7279,1311,1
Malaysia,1977,30135,5121,6193,1072,695,521,706,1491,1406,2059,3741,5628,5100,2275,318,783,708,634,772,905,1154,1599,2142,2515,3113,2847,2253,1488,787,274,44,6888,1227,2
Malaysia,1978,30171,4883,5884,1001,664,499,693,1515,1387,2052,3704,5643,5364,2408,355,786,729,646,741,919,1133,1587,2117,2594,3049,3148,2216,1632,776,306,49,6548,1192,3
Malaysia,1979,30246,4667,5593,926,631,475,673,1529,1379,2044,3668,5674,5647,2539,386,787,742,666,713,923,1121,1574,2094,2666,3008,3405,2242,1753,786,332,54,6224,1148,4
Malaysia,1980,30152,4473,5332,859,592,450,650,1523,1376,2016,3602,5675,5882,2641,408,778,745,689,687,908,1108,1545,2057,2690,2985,3551,2331,1824,817,347,61,5924,1100,5
Malaysia,1981,29819,4302,5105,803,565,422,615,1494,1373,1963,3495,5624,6037,2697,420,757,737,707,666,871,1092,1495,2000,2658,2966,3564,2473,1831,866,352,68,5670,1037,6
Malaysia,1982,30116,4129,4882,753,539,411,593,1494,1407,1959,3478,5745,6351,2811,436,749,745,736,671,846,1113,1479,1999,2672,3073,3582,2769,1841,970,357,79,5421,1004,7
Malaysia,1983,30458,3962,4673,711,517,401,570,1492,1451,1958,3472,5876,6654,2933,452,739,753,762,689,817,1141,1468,2004,2670,3206,3550,3104,1846,1087,361,91,5190,971,7
Malaysia,1984,30703,3796,4466,670,488,388,544,1480,1494,1939,3455,5973,6910,3079,476,723,757,781,713,789,1150,1458,1997,2657,3316,3530,3380,1893,1186,375,101,4954,932,8
Malaysia,1985,31175,3621,4258,637,476,380,525,1474,1555,1932,3472,6083,7188,3296,524,710,764,801,754,778,1154,1471,2001,2665,3418,3585,3603,2028,1268,410,114,4734,905,10
Malaysia,1986,31812,3467,4076,609,466,372,511,1470,1625,1934,3512,6198,7459,3577,592,698,772,822,803,782,1152,1502,2010,2691,3507,3706,3753,2249,1328,465,127,4542,883,16
Malaysia,1987,32575,3303,3884,581,451,367,504,1468,1703,1941,3579,6315,7726,3932,684,686,782,850,853,803,1138,1557,2022,2734,3581,3901,3825,2566,1366,542,142,4335,871,23
Malaysia,1988,33320,3177,3738,561,444,360,497,1457,1772,1952,3639,6388,7951,4310,782,671,786,874,898,836,1116,1613,2026,2771,3617,4116,3835,2915,1395,625,157,4182,857,32
Malaysia,1989,34131,3028,3560,532,432,352,491,1449,1839,1984,3713,6479,8216,4699,875,659,790,899,940,885,1099,1659,2054,2814,3665,4331,3885,3229,1470,701,174,3992,843,41
Malaysia,1990,35200,2959,3471,512,428,349,487,1442,1912,2057,3798,6609,8550,5091,958,648,794,929,983,952,1105,1694,2104,2868,3741,4536,4014,3484,1607,760,198,3899,836,48
Malaysia,1991,36270,2906,3392,486,415,346,484,1431,1970,2148,3885,6741,8913,5467,1025,640,791,950,1020,1025,1123,1709,2176,2917,3824,4710,4203,3661,1806,802,223,3807,830,55
Malaysia,1992,37162,2855,3324,469,404,340,476,1409,2018,2241,3949,6833,9248,5785,1073,629,780,963,1055,1088,1153,1691,2258,2938,3895,4815,4433,3726,2059,820,253,3728,816,60
Malaysia,1993,38002,2798,3263,465,396,337,471,1386,2058,2347,4003,6920,9568,6068,1122,622,764,971,1087,1146,1201,1661,2342,2955,3965,4880,4688,3738,2330,836,286,3659,808,64
Malaysia,1994,38412,2730,3176,446,373,324,453,1342,2057,2431,3998,6944,9777,6287,1181,605,737,957,1100,1181,1250,1619,2379,2960,3984,4898,4879,3747,2540,871,310,3549,777,68
Malaysia,1995,39156,2671,3116,445,358,318,444,1313,2076,2551,4015,7032,10029,6548,1279,594,719,953,1123,1222,1329,1609,2406,3005,4027,4964,5065,3843,2705,949,330,3474,762,75
Malaysia,1996,40891,2622,3087,465,375,329,453,1330,2147,2746,4130,7315,10497,6960,1433,604,726,973,1174,1292,1454,1664,2466,3153,4162,5159,5338,4090,2870,1082,351,3462,782,84
Malaysia,1997,42546,2502,2925,423,343,312,449,1330,2183,2938,4249,7662,11012,7419,1630,604,726,974,1209,1360,1578,1748,2501,3355,4307,5406,5606,4432,2987,1262,368,3268,761,95
Malaysia,1998,44560,2352,2759,407,342,313,456,1355,2244,3160,4417,8081,11572,7913,1841,613,742,987,1257,1447,1713,1877,2540,3599,4482,5696,5876,4832,3081,1457,384,3101,769,106
Malaysia,1999,45757,2190,2576,386,337,306,456,1352,2257,3317,4543,8341,11899,8259,2000,610,742,981,1276,1504,1813,2005,2538,3743,4598,5866,6033,5123,3136,1595,405,2913,762,113
Malaysia,2000,45654,1995,2351,356,324,288,438,1307,2193,3357,4586,8343,11891,8383,2073,589,718,943,1250,1511,1846,2097,2489,3735,4608,5856,6035,5226,3157,1645,428,2675,726,117
Malaysia,2001,45246,1781,2109,328,313,275,421,1245,2082,3311,4614,8194,11823,8638,2108,563,682,892,1190,1477,1834,2167,2447,3616,4578,5761,6062,5366,3272,1660,448,2422,696,113
Malaysia,2002,46336,1614,1920,306,303,274,418,1227,2041,3359,4822,8323,12098,9226,2215,557,670,876,1165,1480,1879,2294,2528,3584,4739,5816,6282,5654,3572,1711,504,2223,692,111
Malaysia,2003,46960,1539,1834,295,291,266,408,1197,1974,3345,4974,8331,12174,9736,2330,549,648,849,1125,1454,1891,2367,2607,3497,4834,5784,6390,5843,3893,1766,564,2125,674,107
Malaysia,2004,48715,1468,1762,294,286,267,409,1202,1959,3404,5258,8514,12513,10479,2551,557,645,845,1114,1459,1945,2480,2778,3523,4991,5920,6593,6151,4328,1915,636,2048,676,109
Malaysia,2005,50232,1424,1707,283,275,260,400,1193,1921,3419,5509,8645,12763,11180,2847,557,636,828,1093,1447,1972,2554,2955,3572,5073,6061,6702,6419,4761,2135,712,1982,660,114
Malaysia,2006,52622,1408,1688,280,259,259,399,1212,1923,3480,5844,8920,13194,12030,3272,565,647,829,1094,1456,2024,2662,3182,3724,5196,6335,6859,6763,5267,2468,804,1947,658,136
Malaysia,2007,54890,1418,1705,287,255,255,398,1227,1920,3511,6142,9172,13568,12759,3800,570,657,828,1092,1458,2053,2757,3385,3905,5267,6613,6955,7037,5722,2882,918,1960,653,178
Malaysia,2008,56974,1455,1731,276,239,244,391,1234,1905,3513,6386,9446,13902,13316,4464,568,666,821,1084,1451,2062,2831,3555,4114,5332,6857,7045,7218,6098,3371,1093,1970,635,200
Malaysia,2009,58479,1474,1749,275,232,230,379,1231,1872,3473,6516,9697,14083,13556,5233,559,672,809,1063,1431,2042,2863,3653,4314,5383,6971,7112,7222,6334,3886,1347,1981,609,230
Malaysia,2010,59351,1460,1729,269,222,213,361,1205,1825,3393,6535,9903,14118,13483,6069,538,667,796,1029,1392,2001,2849,3686,4474,5429,6967,7151,7046,6437,4395,1674,1951,574,291
Malaysia,2011,59020,1493,1756,263,210,200,344,1167,1787,3327,6574,10107,14301,13008,5899,515,652,788,999,1354,1973,2849,3725,4613,5494,7004,7297,6856,6152,4246,1653,1966,544,336
Malaysia,2012,60235,1510,1769,259,203,187,330,1147,1796,3346,6762,10604,14855,13023,5839,499,648,800,996,1353,1993,2903,3859,4871,5733,7206,7649,6937,6086,4160,1679,1972,517,373
Malaysia,2013,62079,1541,1804,263,199,181,320,1136,1822,3389,7001,11233,15544,13271,5780,489,647,818,1004,1360,2029,2976,4025,5164,6069,7472,8072,7176,6095,4070,1710,2003,501,396
Malaysia,2014,63807,1586,1853,267,196,174,305,1116,1843,3410,7199,11855,16194,13578,5679,477,639,834,1009,1360,2050,3027,4172,5412,6443,7736,8458,7482,6096,3957,1722,2049,479,407
Malaysia,2015,65670,1613,1886,273,192,168,291,1093,1868,3421,7399,12504,16868,13969,5600,465,628,846,1022,1360,2061,3085,4314,5651,6853,8044,8824,7856,6113,3883,1717,2078,459,413
Malaysia,2016,66625,1623,1903,280,188,158,272,1048,1856,3370,7462,12962,17298,14232,5465,444,604,835,1021,1335,2035,3087,4375,5796,7166,8276,9022,8150,6082,3801,1664,2091,430,409
Malaysia,2017,67789,1643,1930,287,183,152,256,1002,1847,3328,7502,13431,17776,14615,5358,423,579,821,1026,1317,2011,3088,4414,5943,7488,8560,9216,8476,6139,3757,1601,2113,408,405
Malaysia,2018,69559,1659,1952,293,183,147,243,965,1842,3309,7575,13982,18450,15202,5306,404,561,808,1034,1310,1999,3105,4470,6131,7851,8965,9485,8874,6328,3758,1548,2135,390,404
Malaysia,2019,72067,1663,1959,296,184,144,233,931,1854,3320,7701,14614,19413,15996,5316,385,546,798,1056,1319,2001,3142,4559,6369,8245,9539,9874,9345,6651,3803,1513,2143,377,405
Malaysia,2020,73847,1673,1968,295,185,140,222,887,1827,3292,7718,15034,20233,16629,5306,362,525,772,1055,1317,1975,3124,4594,6515,8519,10038,10195,9683,6946,3819,1487,2153,362,400
Malaysia,2021,85873,1667,1962,295,187,137,214,848,1871,3661,8612,17600,24584,19969,5817,342,506,754,1117,1472,2189,3461,5151,7487,10113,12241,12343,11612,8357,4241,1576,2149,351,412
Maldives,1950,777,323,510,187,37,30,28,42,27,19,20,29,29,10,0,23,19,15,12,10,9,10,10,14,15,15,14,8,2,0,0,547,58,0
Maldives,1951,822,354,537,183,38,30,30,46,29,20,20,30,29,12,0,26,20,15,14,10,10,10,10,15,15,15,14,9,3,0,0,575,60,0
Maldives,1952,856,369,563,194,32,29,30,48,32,21,21,30,35,13,0,27,21,17,15,11,10,10,11,15,15,19,16,9,4,0,0,595,59,0
Maldives,1953,906,385,588,203,43,29,33,51,33,22,22,32,37,16,0,29,22,18,15,12,10,10,12,15,17,20,17,11,5,0,0,631,62,0
Maldives,1954,932,401,613,212,32,28,35,54,35,24,23,34,38,16,0,31,23,20,15,14,10,10,13,15,19,20,18,11,5,0,0,645,63,0
Maldives,1955,966,417,639,222,31,28,35,56,36,25,23,37,38,16,1,32,24,20,16,15,10,10,13,17,20,20,18,11,5,1,0,670,63,0
Maldives,1956,998,433,661,228,30,27,34,59,38,27,24,37,38,16,1,33,26,20,18,15,12,10,14,17,20,20,18,11,5,1,0,691,61,0
Maldives,1957,1028,448,684,236,30,26,34,61,40,30,28,38,43,18,1,34,27,21,19,15,15,14,14,18,20,23,20,12,6,1,0,714,60,0
Maldives,1958,1054,461,703,242,31,24,33,63,42,31,30,38,44,18,1,35,28,22,20,16,15,15,15,18,20,24,20,12,6,1,0,734,57,0
Maldives,1959,1078,472,719,247,28,23,32,65,44,32,30,39,46,18,1,35,30,24,20,17,15,15,15,19,20,25,21,12,6,1,0,747,55,0
Maldives,1960,1103,485,736,251,31,21,32,67,45,34,30,39,47,18,1,36,31,25,20,19,15,15,15,19,20,25,22,12,6,1,0,767,53,0
Maldives,1961,1119,491,747,256,32,20,30,67,47,35,30,40,48,19,1,35,32,26,21,20,15,15,15,19,21,25,23,13,6,1,0,779,50,0
Maldives,1962,1134,495,753,258,32,19,28,68,50,37,34,41,48,19,1,35,33,27,23,20,17,19,15,19,22,25,23,13,6,1,0,785,47,0
Maldives,1963,1140,494,750,256,32,20,27,68,53,40,37,44,48,20,1,35,33,28,25,20,20,20,17,20,24,25,23,13,7,1,0,782,47,0
Maldives,1964,1141,490,745,255,34,20,26,68,54,41,40,44,53,21,1,34,34,29,25,21,20,20,20,20,24,28,25,14,7,1,0,779,46,0
Maldives,1965,1140,485,737,252,35,20,24,68,55,43,40,45,53,21,1,33,35,30,25,23,20,20,20,20,25,28,25,14,7,1,0,772,44,0
Maldives,1966,1146,493,746,253,37,20,23,66,58,44,40,41,46,20,2,31,35,31,27,24,20,20,20,20,21,25,21,13,7,2,0,783,43,0
Maldives,1967,1130,486,736,250,38,21,22,59,60,47,40,40,36,16,3,29,30,30,30,26,21,20,20,20,20,20,16,10,6,3,0,774,43,0
Maldives,1968,1114,483,726,243,37,23,21,59,60,49,43,40,34,12,4,29,30,30,30,27,22,23,20,20,20,20,14,7,5,4,0,763,44,0
Maldives,1969,1119,484,724,240,37,25,20,58,60,53,46,46,36,12,3,28,30,30,30,28,25,25,21,25,21,20,16,7,5,3,0,761,45,0
Maldives,1970,1118,479,715,236,36,25,22,55,60,54,50,49,40,12,1,25,30,30,30,29,25,25,25,25,24,23,17,7,5,1,0,751,47,0
Maldives,1971,1100,471,700,229,34,25,22,49,60,54,50,50,43,13,1,23,26,30,30,29,25,25,25,25,25,25,18,8,5,1,0,734,47,0
Maldives,1972,1083,460,682,222,33,24,22,47,59,54,50,50,45,15,0,22,25,29,30,29,25,25,25,25,25,25,20,10,5,0,0,715,46,0
Maldives,1973,1060,451,661,210,31,22,23,46,57,54,50,50,46,15,0,21,25,27,30,29,25,25,25,25,25,25,21,11,4,0,0,692,45,0
Maldives,1974,1030,436,634,198,29,21,23,45,54,54,50,51,46,17,0,20,25,25,29,29,25,25,25,26,25,25,21,12,5,0,0,663,44,0
Maldives,1975,1004,425,611,186,29,20,23,41,52,53,50,52,48,19,1,20,21,25,27,28,25,25,25,27,25,25,23,12,7,1,0,640,43,0
Maldives,1976,991,418,594,176,27,20,22,40,48,53,50,56,48,21,2,20,20,23,25,28,25,25,25,29,27,25,23,13,8,2,0,621,42,0
Maldives,1977,977,408,575,167,27,20,20,40,46,50,55,59,54,25,5,20,20,21,25,25,25,29,26,30,29,30,24,15,10,5,0,602,40,0
Maldives,1978,1065,405,587,182,39,25,30,52,54,60,60,62,57,28,8,27,25,25,29,30,30,30,30,32,30,30,27,17,11,8,0,626,55,0
Maldives,1979,935,386,533,147,25,20,20,38,43,50,59,60,56,26,6,20,18,20,23,25,25,29,30,30,30,30,26,17,9,5,1,558,40,0
Maldives,1980,915,376,516,140,25,19,20,37,40,50,60,60,56,26,5,20,17,19,21,25,25,30,30,30,30,30,26,17,9,5,0,541,39,0
Maldives,1981,901,367,500,133,22,18,20,37,38,50,60,63,58,26,5,20,17,18,20,25,25,30,30,33,30,30,28,17,9,5,0,522,38,0
Maldives,1982,885,360,487,127,22,17,20,37,34,49,60,65,60,26,4,20,17,15,19,24,25,30,30,35,30,32,28,17,9,4,0,509,37,0
Maldives,1983,872,353,473,120,19,16,20,37,32,49,60,66,62,28,3,20,17,15,17,23,26,30,30,35,31,33,29,19,9,3,0,492,36,0
Maldives,1984,853,342,454,112,19,15,20,38,31,47,61,67,62,29,3,20,18,15,16,21,26,30,31,36,31,33,29,19,10,3,0,473,35,0
Maldives,1985,837,339,446,107,19,15,19,38,30,45,61,69,61,31,3,20,18,15,15,19,26,30,31,37,32,33,28,20,11,3,0,465,34,0
Maldives,1986,832,334,438,104,19,15,18,38,29,42,61,72,63,34,3,20,18,15,14,18,24,30,31,38,34,34,29,21,13,3,0,457,33,0
Maldives,1987,820,321,424,103,18,15,17,39,27,40,61,76,65,37,5,20,19,15,12,17,23,30,31,39,37,35,30,23,14,5,0,442,32,0
Maldives,1988,802,305,402,97,17,14,16,38,27,38,62,77,67,38,8,20,18,15,12,16,22,30,32,39,38,35,32,23,15,7,1,419,30,0
Maldives,1989,781,287,375,88,17,13,15,38,26,37,62,79,66,40,11,20,18,15,11,15,22,29,33,39,40,35,31,24,16,9,2,392,28,0
Maldives,1990,761,271,353,82,17,12,15,36,27,34,62,77,71,42,16,19,17,15,12,14,20,29,33,39,38,40,31,25,17,12,4,370,27,0
Maldives,1991,741,255,331,76,17,11,15,30,28,32,62,80,73,42,18,15,15,15,13,13,19,29,33,40,40,40,33,23,19,13,5,348,26,0
Maldives,1992,718,235,306,71,16,10,15,30,28,29,61,80,75,45,18,15,15,15,13,12,17,28,33,40,40,40,35,25,20,14,4,322,25,0
Maldives,1993,692,214,277,63,14,10,14,30,29,27,59,80,77,47,20,15,15,15,14,11,16,26,33,40,40,40,37,27,20,15,5,291,24,0
Maldives,1994,667,194,250,56,13,10,13,30,30,26,57,83,80,49,24,15,15,15,15,10,16,24,33,43,40,42,38,29,20,16,8,263,23,0
Maldives,1995,635,173,222,49,11,10,11,30,30,24,54,84,79,51,29,15,15,15,15,10,14,22,32,43,41,41,38,30,21,18,11,233,21,1
Maldives,1996,598,153,195,42,11,10,10,29,30,23,51,84,81,51,27,14,15,15,15,10,13,20,31,42,42,43,38,29,22,17,10,206,20,1
Maldives,1997,576,132,169,37,11,10,10,28,30,23,50,88,85,51,23,13,15,15,15,11,12,19,31,43,45,45,40,29,22,14,9,180,20,2
Maldives,1998,568,114,144,30,10,10,10,27,30,24,49,96,93,52,20,12,15,15,15,13,11,19,30,46,50,50,43,30,22,13,7,154,20,2
Maldives,1999,549,96,121,25,10,10,10,20,30,24,47,98,100,55,18,10,10,15,15,14,10,18,29,47,51,54,46,31,24,12,6,131,20,2
Maldives,2000,529,82,102,20,8,10,10,20,27,25,43,103,103,55,18,10,10,12,15,15,10,16,27,48,55,55,48,31,24,13,5,110,20,2
Maldives,2001,488,70,86,16,6,10,10,20,22,25,36,96,102,53,17,10,10,10,12,15,10,13,23,44,52,55,47,31,22,12,5,92,20,1
Maldives,2002,466,61,75,14,5,9,10,20,20,25,33,91,104,53,15,10,10,10,10,15,10,12,21,40,51,55,49,31,22,11,4,80,19,1
Maldives,2003,449,55,66,11,5,7,10,20,20,23,30,90,109,53,15,10,10,10,10,13,10,11,19,38,52,58,51,31,22,11,4,71,17,1
Maldives,2004,495,52,67,15,10,12,15,24,27,30,34,88,115,56,15,14,10,12,15,15,15,15,19,35,53,61,54,33,23,12,3,77,27,1
Maldives,2005,449,45,53,8,5,5,10,20,20,25,28,85,121,60,18,10,10,10,10,11,14,11,17,32,53,63,58,36,24,14,4,58,15,1
Maldives,2006,459,43,50,7,5,5,10,20,20,25,30,84,132,66,18,10,10,10,10,10,15,13,17,31,53,68,64,41,25,14,4,55,15,1
Maldives,2007,464,42,49,7,4,5,9,20,20,24,31,78,139,71,18,10,10,10,10,10,14,15,16,28,50,72,67,45,26,14,4,53,14,1
Maldives,2008,455,42,49,7,2,5,7,20,20,23,30,73,141,73,19,10,10,10,10,10,13,15,15,26,47,72,69,46,27,14,5,51,12,1
Maldives,2009,454,40,47,7,1,5,6,20,20,22,30,69,142,75,20,10,10,10,10,10,12,15,15,24,45,71,71,47,28,15,5,48,11,1
Maldives,2010,453,38,45,7,1,5,5,20,20,22,30,63,146,79,22,10,10,10,10,10,12,15,15,23,40,71,75,48,31,16,6,46,10,1
Maldives,2011,454,36,43,7,0,4,5,19,20,21,30,60,150,84,23,9,10,10,10,10,11,15,15,22,38,71,79,50,34,17,6,43,9,1
Maldives,2012,454,34,40,6,0,3,5,18,20,21,31,57,151,88,24,8,10,10,10,10,11,16,15,21,36,69,82,53,35,18,6,40,8,1
Maldives,2013,449,31,36,5,0,2,5,17,20,20,33,51,150,91,26,7,10,10,10,10,10,16,17,19,32,65,85,56,35,19,7,36,7,1
Maldives,2014,452,29,33,4,0,1,5,16,20,20,35,50,150,95,28,6,10,10,10,10,10,16,19,18,32,63,87,59,36,21,7,33,6,1
Maldives,2015,470,28,32,4,0,0,5,15,20,20,36,52,152,108,31,5,10,10,10,10,10,16,20,20,32,61,91,68,40,22,9,32,5,2
Maldives,2016,494,26,30,4,0,0,5,15,20,21,37,51,156,121,35,5,10,10,10,10,11,16,21,21,30,61,95,76,45,24,11,30,5,3
Maldives,2017,512,24,28,4,0,0,4,14,20,21,38,55,153,135,39,5,9,10,10,10,11,16,22,25,30,57,96,84,51,26,13,28,4,3
Maldives,2018,542,22,26,4,0,0,4,14,20,21,40,59,156,153,43,5,9,10,10,10,11,17,23,29,30,58,98,94,59,29,14,26,4,4
Maldives,2019,568,20,24,4,0,0,3,14,20,22,41,64,156,171,46,5,9,10,10,10,12,17,24,33,31,58,98,103,68,31,15,24,3,5
Maldives,2020,591,18,22,4,0,0,3,14,20,22,42,67,153,183,52,5,9,10,10,10,12,18,24,34,33,56,97,107,76,36,16,22,3,5
Maldives,2021,631,17,20,3,0,0,1,11,20,22,44,77,165,207,52,5,6,10,10,10,12,18,26,39,38,63,102,118,89,38,14,20,1,5
Mali,1950,84322,24718,52072,27354,3791,1670,2076,4688,4324,3417,3209,4285,3905,869,14,2364,2324,2241,2083,1829,1588,1553,1656,2039,2246,2221,1684,747,122,14,0,55863,3746,0
Mali,1951,85134,24945,52441,27496,3823,1724,2096,4716,4369,3510,3315,4341,3890,904,8,2382,2334,2253,2116,1867,1643,1616,1699,2076,2265,2222,1668,763,141,8,0,56264,3820,0
Mali,1952,85298,24900,52423,27523,3838,1769,2097,4700,4363,3563,3400,4367,3853,920,4,2376,2324,2234,2129,1884,1679,1674,1726,2103,2264,2213,1640,770,150,4,0,56261,3866,0
Mali,1953,85417,24873,52351,27478,3864,1813,2100,4685,4348,3604,3494,4400,3826,925,5,2370,2315,2208,2140,1898,1706,1739,1755,2135,2265,2210,1616,769,156,5,0,56215,3913,0
Mali,1954,85536,24863,52292,27429,3880,1850,2111,4664,4322,3639,3590,4446,3808,925,7,2360,2304,2181,2141,1908,1731,1800,1790,2171,2275,2211,1597,763,162,7,0,56172,3961,0
Mali,1955,86012,24892,52297,27405,3943,1885,2157,4684,4329,3699,3717,4534,3825,929,10,2373,2311,2176,2153,1934,1765,1866,1851,2226,2308,2230,1595,760,169,10,0,56240,4042,0
Mali,1956,85876,24988,52286,27298,3935,1868,2179,4614,4250,3691,3783,4554,3787,915,10,2343,2271,2134,2116,1924,1767,1895,1888,2243,2311,2212,1575,745,170,10,0,56221,4047,0
Mali,1957,86612,25143,52521,27378,3998,1884,2252,4637,4247,3745,3919,4658,3821,917,11,2358,2279,2137,2110,1949,1796,1948,1971,2296,2362,2233,1588,745,172,11,0,56519,4136,0
Mali,1958,87493,25350,52863,27513,4058,1906,2332,4668,4244,3797,4058,4773,3864,916,10,2381,2287,2143,2101,1974,1823,1996,2062,2352,2421,2257,1607,744,172,10,0,56921,4238,0
Mali,1959,88603,25670,53515,27845,4100,1922,2397,4688,4225,3831,4188,4897,3908,920,11,2402,2286,2140,2085,1987,1844,2039,2149,2417,2480,2288,1620,745,175,11,0,57615,4319,0
Mali,1960,89640,25992,54085,28093,4141,1948,2439,4742,4213,3857,4301,5033,3954,920,10,2450,2292,2139,2074,1992,1865,2075,2226,2494,2539,2319,1635,746,174,10,0,58226,4387,0
Mali,1961,90796,26255,54639,28384,4192,1988,2467,4840,4217,3887,4416,5195,4019,925,10,2531,2309,2144,2073,1996,1891,2115,2301,2590,2605,2365,1654,751,174,10,0,58831,4455,0
Mali,1962,91767,26501,55169,28668,4219,2012,2479,4925,4209,3891,4499,5351,4076,929,10,2610,2315,2142,2067,1982,1909,2141,2358,2693,2658,2411,1665,755,174,10,0,59388,4491,0
Mali,1963,92594,26722,55584,28862,4242,2026,2490,5007,4198,3886,4566,5513,4135,933,10,2685,2322,2137,2061,1963,1923,2162,2404,2804,2709,2459,1676,761,172,10,0,59826,4516,0
Mali,1964,93223,26915,55905,28990,4257,2037,2492,5073,4170,3858,4613,5668,4197,935,10,2741,2332,2125,2045,1935,1923,2175,2438,2902,2766,2506,1691,765,170,10,0,60162,4529,0
Mali,1965,93749,27128,56032,28904,4292,2050,2516,5140,4156,3838,4662,5838,4271,942,10,2771,2369,2119,2037,1918,1920,2189,2473,2994,2844,2559,1712,772,170,10,0,60324,4566,0
Mali,1966,94760,27304,56319,29015,4367,2074,2567,5249,4174,3846,4747,6065,4386,957,9,2801,2448,2133,2041,1918,1928,2223,2524,3100,2965,2632,1754,785,172,9,0,60686,4641,0
Mali,1967,95162,27415,56383,28968,4394,2076,2585,5306,4151,3808,4779,6242,4467,964,9,2797,2509,2125,2026,1901,1907,2234,2545,3167,3075,2679,1788,790,174,9,0,60777,4661,0
Mali,1968,95438,27470,56336,28866,4420,2078,2593,5363,4128,3767,4803,6413,4552,974,9,2795,2568,2118,2010,1888,1879,2242,2561,3219,3194,2727,1825,798,176,9,0,60756,4671,0
Mali,1969,95549,27422,56170,28748,4443,2085,2601,5403,4115,3728,4816,6552,4642,984,9,2792,2611,2121,1994,1873,1855,2243,2573,3255,3297,2783,1859,807,177,9,0,60613,4686,0
Mali,1970,95540,27306,55777,28471,4481,2088,2611,5437,4126,3687,4824,6709,4780,1007,9,2807,2630,2145,1981,1857,1830,2235,2589,3302,3407,2873,1907,825,182,9,0,60258,4699,0
Mali,1971,95759,27329,55610,28281,4529,2110,2619,5467,4171,3665,4823,6815,4911,1026,9,2837,2630,2195,1976,1848,1817,2223,2600,3330,3485,2964,1947,841,185,9,0,60139,4729,0
Mali,1972,94043,27205,55038,27833,4365,2018,2504,5234,4026,3489,4648,6722,4952,1037,9,2725,2509,2148,1878,1757,1732,2120,2528,3257,3465,3005,1947,850,187,9,0,59403,4522,0
Mali,1973,93253,27213,54718,27505,4299,1979,2445,5110,3975,3387,4536,6680,5051,1061,10,2665,2445,2145,1830,1705,1682,2047,2489,3215,3465,3083,1968,870,191,10,0,59017,4424,0
Mali,1974,92026,27232,54559,27327,4129,1903,2339,4894,3848,3238,4359,6548,5110,1085,11,2556,2338,2090,1758,1628,1610,1950,2409,3130,3418,3122,1988,888,197,11,0,58688,4242,0
Mali,1975,91353,27276,54440,27164,4031,1857,2272,4762,3765,3132,4234,6490,5234,1123,11,2483,2279,2039,1726,1573,1559,1882,2352,3083,3407,3186,2048,918,205,11,0,58471,4129,0
Mali,1976,90312,27189,53961,26772,3932,1810,2207,4625,3675,3029,4103,6426,5363,1172,11,2402,2223,1967,1708,1521,1508,1818,2285,3035,3391,3239,2124,954,218,11,0,57893,4017,0
Mali,1977,89458,27081,53442,26361,3867,1780,2158,4507,3612,2945,3991,6393,5527,1226,12,2335,2172,1906,1706,1479,1466,1770,2221,3005,3388,3301,2226,994,232,12,0,57309,3938,0
Mali,1978,88517,26997,53029,26032,3751,1740,2103,4370,3535,2851,3859,6316,5668,1282,12,2262,2108,1843,1692,1433,1418,1714,2145,2954,3362,3340,2328,1035,247,12,0,56780,3843,0
Mali,1979,87975,26985,52602,25617,3700,1727,2078,4297,3497,2800,3766,6286,5847,1359,14,2223,2074,1805,1692,1413,1387,1678,2088,2923,3363,3400,2447,1094,265,14,0,56302,3805,0
Mali,1980,87892,26877,52107,25230,3733,1740,2090,4297,3506,2801,3726,6331,6081,1464,15,2224,2073,1807,1699,1426,1375,1662,2064,2923,3408,3496,2585,1177,287,15,0,55840,3830,0
Mali,1981,88754,26749,51690,24941,3905,1812,2163,4416,3601,2895,3770,6485,6403,1596,17,2290,2126,1866,1735,1494,1401,1684,2086,2970,3515,3646,2757,1282,314,17,0,55595,3975,0
Mali,1982,88663,26440,50882,24442,3999,1843,2202,4456,3623,2943,3766,6552,6649,1730,20,2319,2137,1885,1738,1542,1401,1681,2085,2968,3584,3754,2895,1390,340,20,0,54881,4045,0
Mali,1983,89910,26099,50116,24017,4304,1954,2334,4676,3784,3098,3882,6797,7041,1903,23,2442,2234,1973,1811,1647,1451,1733,2149,3047,3750,3948,3093,1531,372,23,0,54420,4288,0
Mali,1984,89554,25868,49343,23475,4368,1984,2371,4700,3790,3137,3857,6767,7189,2020,24,2461,2239,1979,1811,1680,1457,1723,2134,3005,3762,4003,3186,1624,396,24,0,53711,4355,0
Mali,1985,89673,25639,48901,23262,4438,2023,2412,4735,3807,3183,3852,6767,7375,2152,26,2485,2250,1986,1821,1700,1483,1721,2131,2983,3784,4081,3294,1724,428,26,0,53339,4435,0
Mali,1986,88580,25368,48070,22702,4404,2005,2402,4656,3727,3148,3773,6658,7455,2254,27,2451,2205,1935,1792,1657,1491,1686,2087,2922,3736,4102,3353,1798,456,27,0,52474,4407,0
Mali,1987,87217,25018,47241,22223,4324,1980,2363,4522,3604,3102,3682,6513,7506,2346,26,2391,2131,1862,1742,1607,1495,1645,2037,2855,3658,4107,3399,1860,486,26,0,51565,4343,0
Mali,1988,85954,24731,46459,21728,4250,1959,2329,4393,3476,3065,3607,6381,7567,2441,26,2335,2058,1791,1685,1561,1504,1613,1994,2803,3578,4120,3447,1923,518,26,0,50709,4288,0
Mali,1989,86181,24459,45766,21307,4405,2031,2412,4486,3505,3127,3639,6419,7778,2582,28,2400,2086,1802,1703,1574,1553,1635,2004,2825,3594,4214,3564,2021,561,28,0,50171,4443,0
Mali,1990,84651,24193,45198,21005,4226,1975,2338,4315,3341,3040,3556,6228,7737,2664,33,2321,1994,1716,1625,1520,1520,1612,1944,2740,3488,4156,3581,2069,595,33,0,49424,4313,0
Mali,1991,84536,24259,44932,20673,4225,1992,2362,4331,3296,3018,3566,6174,7816,2784,39,2342,1989,1695,1601,1516,1502,1639,1927,2714,3460,4158,3658,2147,637,39,0,49157,4354,0
Mali,1992,84912,24334,44806,20472,4281,2035,2415,4402,3285,3016,3616,6171,7923,2915,46,2391,2011,1694,1591,1519,1497,1690,1926,2708,3463,4168,3755,2233,682,46,0,49087,4450,0
Mali,1993,84914,24325,44692,20367,4268,2049,2442,4437,3246,2986,3640,6134,7966,2997,55,2416,2021,1680,1566,1505,1481,1727,1913,2685,3449,4136,3830,2307,690,55,0,48960,4491,0
Mali,1994,86386,24483,44830,20347,4454,2142,2565,4652,3325,3042,3762,6227,8134,3187,65,2539,2113,1729,1596,1536,1506,1804,1958,2723,3504,4188,3946,2403,784,65,0,49284,4707,0
Mali,1995,88059,24396,44651,20255,4728,2279,2753,4986,3475,3146,3913,6373,8337,3346,74,2728,2258,1816,1659,1589,1557,1873,2040,2789,3584,4270,4067,2514,832,74,0,49379,5032,0
Mali,1996,90165,24431,44583,20152,5077,2443,2976,5380,3668,3278,4089,6541,8542,3501,83,2947,2433,1930,1738,1649,1629,1932,2157,2868,3673,4369,4173,2625,876,82,1,49660,5419,0
Mali,1997,88939,24594,44445,19851,4862,2352,2898,5267,3545,3163,4032,6370,8373,3542,92,2883,2384,1874,1671,1581,1582,1870,2162,2791,3579,4275,4098,2646,896,91,1,49307,5250,0
Mali,1998,88685,24836,44453,19617,4780,2321,2890,5291,3521,3107,4041,6281,8285,3612,98,2891,2400,1874,1647,1548,1559,1839,2202,2755,3526,4234,4051,2690,922,97,1,49233,5211,0
Mali,1999,89003,25236,44651,19415,4751,2309,2906,5390,3558,3089,4072,6249,8253,3662,116,2938,2452,1910,1648,1536,1553,1826,2246,2752,3497,4218,4035,2744,918,115,1,49402,5215,0
Mali,2000,88632,25497,44604,19107,4652,2261,2875,5423,3560,3038,4039,6185,8144,3717,131,2947,2476,1925,1635,1512,1526,1804,2235,2748,3437,4156,3988,2754,963,130,1,49256,5136,0
Mali,2001,87945,25650,44641,18991,4449,2172,2785,5362,3526,2962,3963,6125,8042,3771,149,2902,2460,1917,1609,1475,1487,1780,2183,2756,3369,4088,3954,2760,1011,146,3,49090,4957,0
Mali,2002,86477,25797,44626,18829,4126,2031,2618,5162,3420,2840,3822,6004,7874,3794,164,2778,2384,1866,1554,1416,1424,1723,2099,2742,3262,3979,3895,2740,1054,162,2,48752,4649,0
Mali,2003,86193,25940,44570,18630,4030,1979,2558,5152,3445,2801,3763,6015,7845,3851,185,2757,2395,1884,1561,1403,1398,1699,2064,2788,3227,3944,3901,2751,1100,181,4,48600,4537,0
Mali,2004,86059,26139,44538,18399,3971,1935,2507,5147,3488,2777,3716,6043,7825,3910,204,2737,2410,1909,1579,1397,1380,1683,2033,2827,3216,3916,3909,2771,1139,198,6,48509,4442,0
Mali,2005,86725,26293,44451,18158,4063,1947,2520,5272,3621,2815,3741,6163,7904,4003,225,2784,2488,1984,1637,1425,1390,1691,2050,2873,3290,3946,3958,2823,1180,218,7,48514,4467,0
Mali,2006,86719,26235,44168,17933,4087,1927,2492,5301,3706,2827,3739,6225,7931,4077,241,2777,2524,2029,1677,1439,1388,1679,2060,2856,3369,3950,3981,2865,1212,232,9,48255,4419,0
Mali,2007,87869,26128,43814,17686,4314,1987,2569,5524,3925,2935,3814,6439,8091,4200,260,2874,2650,2148,1777,1508,1427,1708,2106,2897,3542,4026,4065,2949,1251,251,9,48128,4556,0
Mali,2008,88607,26033,43411,17378,4484,2031,2615,5674,4111,3031,3855,6615,8210,4297,276,2934,2740,2244,1867,1571,1460,1723,2132,2920,3695,4085,4125,3018,1279,265,11,47895,4646,0
Mali,2009,88294,25980,43016,17036,4483,2015,2574,5626,4171,3061,3826,6653,8229,4347,285,2891,2735,2271,1900,1599,1462,1708,2118,2886,3767,4101,4128,3048,1299,275,10,47499,4589,0
Mali,2010,88200,25917,42605,16688,4512,2022,2555,5593,4252,3116,3817,6691,8329,4411,295,2857,2736,2305,1947,1640,1476,1706,2111,2888,3803,4177,4152,3085,1326,284,11,47117,4577,0
Mali,2011,88669,25786,42129,16343,4641,2077,2586,5657,4405,3223,3849,6764,8541,4498,300,2879,2778,2379,2026,1709,1514,1727,2122,2936,3828,4336,4205,3138,1360,290,10,46770,4663,0
Mali,2012,89215,25651,41643,15992,4773,2142,2624,5729,4560,3350,3888,6821,8789,4589,306,2910,2819,2451,2109,1786,1564,1754,2134,2972,3849,4524,4265,3194,1395,295,11,46416,4766,0
Mali,2013,89019,25263,40845,15582,4887,2203,2651,5705,4643,3451,3905,6831,8997,4621,280,2897,2808,2481,2162,1844,1607,1772,2133,2980,3851,4693,4304,3218,1403,273,7,45732,4854,0
Mali,2014,88840,24966,40185,15219,4882,2228,2661,5674,4699,3550,3917,6829,9214,4708,294,2884,2790,2492,2207,1898,1652,1788,2129,2984,3845,4838,4376,3266,1442,289,5,45067,4889,0
Mali,2015,88663,24738,39551,14813,4878,2254,2681,5634,4744,3652,3941,6844,9393,4778,311,2873,2761,2496,2248,1953,1699,1810,2131,2982,3862,4904,4489,3306,1472,302,9,44429,4935,0
Mali,2016,89487,24483,38901,14418,5049,2345,2798,5758,4902,3835,4039,6966,9674,4890,327,2946,2812,2560,2342,2051,1784,1869,2170,3014,3952,4969,4705,3378,1512,317,10,43950,5143,0
Mali,2017,89220,24272,38334,14062,4994,2347,2818,5704,4907,3940,4081,6951,9839,4960,343,2924,2780,2540,2367,2100,1840,1906,2175,2993,3958,4953,4886,3418,1542,332,11,43328,5165,0
Mali,2018,89247,24098,37834,13736,4976,2361,2859,5701,4926,4061,4150,6941,10031,5045,361,2932,2769,2532,2394,2159,1902,1957,2193,2981,3960,4955,5076,3471,1574,346,15,42810,5220,0
Mali,2019,90530,23877,37294,13417,5161,2458,3009,5910,5088,4282,4317,7078,10350,5204,377,3056,2854,2600,2488,2270,2012,2058,2259,3035,4043,5039,5311,3585,1619,363,14,42455,5467,0
Mali,2020,96083,23672,36794,13122,5008,2426,3046,5976,5352,4995,5338,8655,12121,5953,420,3097,2879,2670,2682,2587,2408,2539,2799,3728,4927,6028,6093,4111,1842,402,18,41802,5472,0
Mali,2021,96075,23453,36170,12717,4820,2373,3054,6014,5340,5151,5537,8836,12230,6121,428,3136,2878,2652,2688,2647,2504,2653,2884,3858,4978,6122,6108,4272,1849,407,21,40990,5427,0
Malta,1950,2062,326,357,31,9,6,10,21,34,79,189,326,559,439,34,10,11,15,19,33,46,71,118,151,175,229,330,300,139,32,2,366,16,0
Malta,1951,1928,291,325,34,10,5,10,20,31,76,181,324,510,406,28,10,10,14,17,31,45,67,114,154,170,216,294,280,126,27,1,335,15,0
Malta,1952,1815,260,293,33,10,5,10,20,31,74,173,323,473,378,23,10,10,14,17,29,45,65,108,156,167,209,264,261,117,22,1,303,15,0
Malta,1953,1755,257,288,31,10,5,9,20,31,72,164,325,451,356,22,10,10,14,17,28,44,61,103,159,166,206,245,244,112,21,1,298,14,0
Malta,1954,1806,282,313,31,12,5,8,20,31,71,166,346,456,352,20,10,10,14,17,27,44,62,104,169,177,213,243,238,114,19,1,325,13,0
Malta,1955,1604,227,255,28,13,5,7,19,28,64,149,322,412,312,20,9,10,13,15,24,40,58,91,155,167,196,216,208,104,19,1,268,12,0
Malta,1956,1723,235,263,28,12,7,7,20,31,65,161,358,451,326,20,10,10,14,17,24,41,64,97,168,190,216,235,213,113,19,1,275,14,0
Malta,1957,1745,219,247,28,13,9,7,20,32,65,163,375,467,321,22,10,10,14,18,24,41,65,98,169,206,225,242,206,115,21,1,260,16,0
Malta,1958,1541,207,230,23,11,8,5,18,28,57,143,333,417,271,20,8,10,12,16,22,35,58,85,146,187,202,215,174,97,19,1,241,13,0
Malta,1959,1535,169,192,23,11,9,6,17,28,55,147,341,434,274,22,7,10,12,16,22,33,59,88,145,196,212,222,177,97,21,1,203,15,0
Malta,1960,1429,171,190,19,9,6,7,14,25,48,134,312,408,249,21,5,9,11,14,19,29,51,83,130,182,201,207,161,88,20,1,199,13,0
Malta,1961,1616,159,180,21,10,9,10,15,29,55,152,358,487,285,26,6,9,12,17,23,32,57,95,150,208,243,244,187,98,25,1,190,19,0
Malta,1962,1407,137,154,17,8,7,9,14,24,45,130,307,435,247,22,5,9,10,14,19,26,47,83,129,178,221,214,166,81,21,1,162,16,0
Malta,1963,1561,108,125,17,9,8,10,14,28,53,144,347,510,284,27,5,9,12,16,23,30,50,94,149,198,262,248,193,91,26,1,134,18,0
Malta,1964,1438,103,116,13,7,7,10,12,24,48,129,318,478,262,25,5,7,10,14,21,27,45,84,141,177,246,232,179,83,24,1,123,17,0
Malta,1965,1456,87,100,13,6,6,10,14,25,49,125,325,499,271,27,7,7,11,14,22,27,42,83,148,177,254,245,186,85,25,2,106,16,0
Malta,1966,1502,87,98,11,7,6,10,14,25,50,125,335,521,283,28,8,6,11,14,22,28,42,83,155,180,260,261,195,88,26,2,105,16,0
Malta,1967,1487,79,89,10,5,7,10,14,24,50,118,335,521,285,29,9,5,10,14,21,29,40,78,155,180,252,269,197,88,26,3,94,17,0
Malta,1968,1323,80,87,7,5,5,8,12,19,44,99,296,459,258,24,7,5,8,11,18,26,34,65,135,161,215,244,177,81,21,3,92,13,0
Malta,1969,1458,74,83,9,5,5,10,17,20,46,105,331,509,298,30,10,7,8,12,19,27,38,67,146,185,232,277,204,94,26,4,88,15,0
Malta,1970,1380,85,92,7,5,5,8,17,19,43,96,309,472,289,29,10,7,7,12,17,26,36,60,132,177,213,259,197,92,25,4,97,13,0
Malta,1971,1474,82,91,9,5,5,8,19,19,45,99,328,503,320,32,10,9,7,12,18,27,38,61,134,194,227,276,219,101,28,4,96,13,0
Malta,1972,1303,62,69,7,4,5,6,17,16,41,87,285,444,296,31,9,8,6,10,17,24,34,53,113,172,205,239,203,93,27,4,73,11,0
Malta,1973,1432,59,67,8,5,4,6,19,22,43,94,310,492,342,35,9,10,10,12,17,26,38,56,118,192,233,259,234,108,31,4,72,10,0
Malta,1974,1398,60,68,8,4,4,5,18,21,42,93,291,483,340,35,8,10,10,11,17,25,38,55,109,182,236,247,231,109,31,4,72,9,0
Malta,1975,1420,60,67,7,3,4,5,18,20,42,96,284,496,350,37,8,10,10,10,17,25,39,57,105,179,248,248,235,115,33,4,70,9,0
Malta,1976,1514,46,53,7,4,4,5,19,21,45,103,293,546,378,43,9,10,10,11,18,27,41,62,107,186,275,271,250,128,37,6,57,9,0
Malta,1977,1445,49,55,6,4,4,5,17,20,43,99,268,531,357,43,7,10,10,10,17,26,39,60,99,169,265,266,232,125,36,7,59,9,0
Malta,1978,1433,54,59,5,4,3,5,17,21,42,100,252,537,351,45,7,10,11,10,16,26,39,61,95,157,264,273,225,126,38,7,63,8,0
Malta,1979,1419,50,56,6,5,3,5,16,21,41,98,241,543,347,46,6,10,11,10,16,25,37,61,93,148,258,285,221,126,39,7,61,8,0
Malta,1980,1388,46,52,6,3,2,5,14,21,38,95,230,537,340,49,5,9,11,10,14,24,36,59,93,137,246,291,217,123,42,7,55,7,0
Malta,1981,1489,36,42,6,3,3,5,14,26,41,102,244,582,372,56,5,9,13,13,15,26,39,63,102,142,257,325,242,130,46,10,45,8,1
Malta,1982,1799,60,66,6,5,4,5,17,32,47,122,289,695,451,64,6,11,15,17,17,30,46,76,126,163,296,399,301,150,53,11,71,9,1
Malta,1983,1550,49,54,5,2,4,5,14,29,42,106,250,593,396,55,5,9,14,15,16,26,41,65,111,139,245,348,272,124,44,11,56,9,1
Malta,1984,1470,42,47,5,2,3,5,14,27,39,99,237,551,395,52,5,9,12,15,15,24,37,62,106,131,222,329,275,120,41,11,49,8,1
Malta,1985,1320,41,46,5,1,1,5,11,26,36,86,213,478,370,48,5,6,11,15,15,21,33,53,95,118,188,290,259,111,38,10,47,6,1
Malta,1986,1409,36,41,5,0,1,5,12,26,38,90,228,495,420,52,5,7,11,15,17,21,34,56,100,128,193,302,293,127,41,11,41,6,2
Malta,1987,1333,32,37,5,1,0,5,11,24,35,84,217,450,419,49,5,6,10,14,17,18,31,53,93,124,174,276,289,130,38,11,38,5,2
Malta,1988,1352,36,40,4,1,0,4,10,25,37,83,216,437,443,51,5,5,10,15,18,19,31,52,90,126,170,267,299,144,40,11,41,4,2
Malta,1989,1285,36,41,5,0,0,3,10,23,36,76,203,403,438,51,5,5,9,14,17,19,28,48,84,119,160,243,289,149,39,12,41,3,2
Malta,1990,1211,34,38,4,0,0,2,10,20,36,67,186,370,428,52,5,5,8,12,17,19,24,43,76,110,152,218,273,155,40,12,38,2,2
Malta,1991,1386,26,31,5,0,0,1,10,21,43,76,210,419,506,64,5,5,8,13,19,24,26,50,85,125,178,241,312,194,51,13,31,1,2
Malta,1992,1442,33,37,4,0,0,2,10,21,47,77,213,427,531,72,5,5,8,13,20,27,27,50,87,126,188,239,316,215,57,15,37,2,2
Malta,1993,1235,23,27,4,0,0,0,9,17,42,64,181,366,461,68,4,5,6,11,18,24,23,41,74,107,165,201,264,197,55,13,27,0,2
Malta,1994,1419,25,29,4,0,0,1,9,19,47,75,203,419,530,86,4,5,7,12,19,28,28,47,84,119,188,231,293,237,71,15,29,1,3
Malta,1995,1320,24,27,3,0,0,0,7,15,44,70,182,391,489,91,2,5,5,10,17,27,28,42,75,107,172,219,263,226,75,16,27,0,3
Malta,1996,1383,36,39,3,0,0,0,6,14,46,72,184,410,499,104,1,5,5,9,18,28,32,40,75,109,175,235,262,237,87,17,39,0,3
Malta,1997,1368,26,30,4,0,0,0,6,14,43,73,179,411,491,112,1,5,5,9,16,27,35,38,72,107,171,240,254,237,95,17,30,0,3
Malta,1998,1332,24,27,3,0,0,0,4,14,40,71,171,398,476,124,0,4,5,9,14,26,35,36,69,102,161,237,243,233,104,20,27,0,3
Malta,1999,1431,23,26,3,0,0,0,5,13,43,78,182,426,510,143,1,4,5,8,15,28,37,41,73,109,170,256,263,247,119,24,26,0,4
Malta,2000,1401,22,26,4,0,0,0,4,12,38,82,170,411,500,150,0,4,5,7,13,25,38,44,66,104,163,248,264,236,123,27,26,0,4
Malta,2001,1348,10,12,2,0,0,0,4,11,35,83,159,391,488,155,0,4,5,6,12,23,37,46,61,98,154,237,264,224,125,30,12,0,4
Malta,2002,1493,18,20,2,0,0,0,3,10,38,96,166,425,542,181,0,3,5,5,14,24,40,56,61,105,168,257,300,242,142,39,20,0,4
Malta,2003,1481,10,11,1,0,0,0,2,10,34,96,165,416,545,187,0,2,5,5,11,23,39,57,62,103,166,250,306,239,145,42,11,0,5
Malta,2004,1534,16,17,1,0,0,0,2,10,34,99,168,421,570,198,0,2,5,5,12,22,40,59,67,101,168,253,319,251,151,47,17,0,6
Malta,2005,1497,12,13,1,0,0,0,1,10,30,97,167,404,565,197,0,1,5,5,11,19,37,60,72,95,161,243,310,255,146,51,13,0,7
Malta,2006,1518,9,10,1,0,0,0,1,9,29,96,171,403,581,204,0,1,4,5,10,19,36,60,82,89,159,244,312,269,148,56,10,0,8
Malta,2007,1520,17,17,0,0,0,0,1,8,28,94,173,396,586,204,0,1,3,5,9,19,34,60,89,84,154,242,309,277,146,58,17,0,9
Malta,2008,1580,15,16,1,0,0,0,2,9,25,95,182,405,613,217,0,2,4,5,9,16,33,62,96,86,156,249,316,297,154,63,16,0,11
Malta,2009,1546,17,19,2,0,0,0,0,10,23,91,183,387,596,219,0,0,5,5,9,14,30,61,93,90,148,239,302,294,154,65,19,0,12
Malta,2010,1490,12,13,1,0,0,0,0,8,20,82,187,363,576,222,0,0,3,5,8,12,28,54,92,95,136,227,290,286,158,64,13,0,13
Malta,2011,1558,15,17,2,0,0,0,0,9,21,80,205,364,600,244,0,0,4,5,8,13,27,53,96,109,133,231,301,299,176,68,17,0,16
Malta,2012,1624,14,15,1,0,0,0,0,9,21,79,226,365,626,261,0,0,4,5,9,12,25,54,100,126,130,235,315,311,189,72,15,0,18
Malta,2013,1505,13,14,1,0,0,0,0,8,19,69,214,330,575,252,0,0,3,5,8,11,21,48,91,123,118,212,291,284,183,69,14,0,19
Malta,2014,1508,10,11,1,0,0,0,0,8,17,65,215,332,572,262,0,0,3,5,7,10,21,44,90,125,125,207,291,281,189,73,11,0,21
Malta,2015,1509,11,11,0,0,0,0,0,7,16,61,208,332,572,273,0,0,2,5,6,10,19,42,82,126,135,197,288,284,193,80,11,0,23
Malta,2016,1590,14,15,1,0,0,0,0,8,17,59,216,350,597,297,0,0,4,4,6,11,19,40,83,133,156,194,297,300,207,90,15,0,25
Malta,2017,1485,10,11,1,0,0,0,0,8,16,54,196,330,555,284,0,0,3,5,5,11,16,38,74,122,161,169,272,283,195,89,11,0,26
Malta,2018,1601,8,9,1,0,0,0,2,8,15,51,206,362,598,316,0,2,3,5,5,10,16,35,77,129,185,177,289,309,211,105,9,0,30
Malta,2019,1698,18,18,0,0,0,0,1,10,17,53,209,392,624,338,0,1,5,5,5,12,17,36,74,135,197,195,299,325,224,114,18,0,34
Malta,2020,1666,9,10,1,0,0,0,0,9,16,48,188,403,619,339,0,0,4,5,5,11,17,31,69,119,195,208,288,331,225,114,10,0,36
Malta,2021,1727,13,14,1,0,0,0,0,7,14,45,183,445,615,360,0,0,3,4,5,9,16,29,65,118,207,238,283,332,238,122,14,0,41
Marshall Islands,1950,103,26,36,10,3,0,0,0,4,4,10,10,13,16,0,0,0,0,4,0,4,5,5,5,5,5,8,14,2,0,0,39,0,0
Marshall Islands,1951,102,26,36,10,4,0,0,0,4,4,10,10,11,15,0,0,0,0,4,1,3,5,5,5,5,5,6,12,3,0,0,40,0,0
Marshall Islands,1952,100,26,37,11,4,0,0,0,3,4,10,10,10,14,0,0,0,0,3,2,2,5,5,5,5,5,5,10,4,0,0,41,0,0
Marshall Islands,1953,97,27,38,11,5,0,0,0,2,4,10,10,10,12,0,0,0,0,2,3,1,5,5,5,5,5,5,7,5,0,0,43,0,0
Marshall Islands,1954,93,27,38,11,5,0,2,0,3,4,10,10,10,9,0,0,0,2,1,4,0,5,5,5,5,5,5,5,4,0,0,43,2,0
Marshall Islands,1955,96,28,39,11,5,0,3,0,0,5,10,10,10,9,0,0,0,0,0,5,0,5,5,5,5,5,5,5,4,0,0,44,3,0
Marshall Islands,1956,99,28,39,11,4,0,1,0,0,5,10,10,10,10,0,0,0,0,0,4,1,5,5,5,5,5,5,5,5,0,0,43,1,0
Marshall Islands,1957,101,29,40,11,4,0,0,0,0,8,10,10,10,10,1,0,0,0,0,3,5,5,5,5,5,5,5,5,5,1,0,44,0,0
Marshall Islands,1958,103,28,39,11,4,0,0,0,0,4,10,10,11,10,1,0,0,0,0,0,4,5,5,5,5,6,5,5,5,1,0,43,0,0
Marshall Islands,1959,106,29,40,11,4,0,0,0,0,3,10,10,15,9,0,0,0,0,0,0,3,5,5,5,5,7,8,5,4,0,0,44,0,0
Marshall Islands,1960,105,29,40,11,4,0,0,0,0,4,10,10,15,10,0,0,0,0,0,0,4,5,5,5,5,8,7,5,5,0,0,44,0,0
Marshall Islands,1961,104,28,38,10,4,0,0,0,0,4,10,10,15,10,0,0,0,0,0,0,4,5,5,5,5,8,7,5,5,0,0,42,0,0
Marshall Islands,1962,103,28,38,10,4,0,0,0,0,4,10,10,18,10,1,0,0,0,0,0,4,5,5,5,5,10,8,5,5,1,0,42,0,0
Marshall Islands,1963,103,28,38,10,4,0,0,0,0,3,10,10,19,10,1,0,0,0,0,0,3,5,5,5,5,10,9,5,5,1,0,42,0,0
Marshall Islands,1964,104,28,38,10,4,0,0,0,0,3,10,11,20,10,0,0,0,0,0,0,3,5,5,5,6,10,10,5,5,0,0,42,0,0
Marshall Islands,1965,105,28,38,10,4,0,0,0,0,3,10,11,20,11,0,0,0,0,0,0,3,5,5,5,6,10,10,7,4,0,0,42,0,0
Marshall Islands,1966,107,28,37,9,3,0,0,0,0,3,10,10,20,12,0,0,0,0,0,0,3,5,5,5,5,10,10,8,4,0,0,40,0,0
Marshall Islands,1967,109,28,36,8,3,0,0,0,0,3,10,10,20,14,1,0,0,0,0,0,3,5,5,5,5,10,10,9,5,1,0,39,0,0
Marshall Islands,1968,109,28,36,8,3,0,0,0,0,4,10,10,18,15,1,0,0,0,0,0,4,5,5,5,5,8,10,10,5,1,0,39,0,0
Marshall Islands,1969,107,29,37,8,3,0,3,0,0,6,10,10,16,14,2,0,0,0,0,1,5,5,5,5,5,6,10,9,5,2,0,40,3,0
Marshall Islands,1970,105,30,38,8,4,0,3,1,0,6,10,10,10,10,2,1,0,0,0,1,5,5,5,5,5,5,5,5,5,2,0,42,3,0
Marshall Islands,1971,104,30,38,8,4,0,3,2,0,8,10,10,10,10,2,2,0,0,0,3,5,5,5,5,5,5,5,5,5,2,0,42,3,0
Marshall Islands,1972,106,30,38,8,4,0,3,2,0,6,10,10,10,10,3,2,0,0,0,1,5,5,5,5,5,5,5,5,5,3,0,42,3,0
Marshall Islands,1973,110,30,38,8,3,0,3,2,0,5,10,10,14,14,3,2,0,0,0,1,4,5,5,5,5,6,8,9,5,3,0,41,3,0
Marshall Islands,1974,115,31,39,8,3,0,3,2,0,6,10,11,19,16,3,2,0,0,0,1,5,5,5,5,6,9,10,10,6,3,0,42,3,0
Marshall Islands,1975,116,32,40,8,3,0,3,3,0,5,10,10,20,16,3,3,0,0,0,0,5,5,5,5,5,10,10,10,6,3,0,43,3,0
Marshall Islands,1976,116,33,41,8,3,0,3,4,0,5,10,10,19,15,2,4,0,0,0,0,5,5,5,5,5,9,10,10,5,2,0,44,3,0
Marshall Islands,1977,117,34,44,10,4,0,3,5,0,4,10,10,19,14,2,5,0,0,0,0,4,5,5,5,5,9,10,9,5,2,0,48,3,0
Marshall Islands,1978,118,35,45,10,4,0,3,7,0,4,10,10,18,14,3,5,2,0,0,0,4,5,5,5,5,8,10,9,5,3,0,49,3,0
Marshall Islands,1979,119,35,45,10,4,0,3,9,1,3,10,10,17,13,2,5,4,1,0,0,3,5,5,5,5,7,10,8,5,2,0,49,3,0
Marshall Islands,1980,120,35,45,10,4,0,3,9,2,4,10,10,19,10,2,5,4,2,0,0,4,5,5,5,5,9,10,5,5,2,0,49,3,0
Marshall Islands,1981,121,36,46,10,4,0,4,10,4,4,10,10,20,11,2,5,5,4,0,0,4,5,5,5,5,10,10,6,5,2,0,50,4,0
Marshall Islands,1982,122,36,46,10,4,0,4,10,6,3,10,11,19,11,2,5,5,5,1,0,3,5,5,5,6,9,10,6,5,2,0,50,4,0
Marshall Islands,1983,124,37,47,10,5,0,5,10,8,3,10,12,20,12,2,5,5,5,3,0,3,5,5,5,7,10,10,7,5,2,0,52,5,0
Marshall Islands,1984,126,37,48,11,5,0,5,10,10,3,10,14,20,13,1,5,5,5,5,0,3,5,5,5,9,10,10,8,5,1,0,53,5,0
Marshall Islands,1985,128,37,47,10,5,1,5,10,10,5,10,14,20,12,1,5,5,5,5,2,3,5,5,5,9,10,10,7,5,1,0,52,6,0
Marshall Islands,1986,131,36,46,10,5,4,5,10,10,9,10,14,20,12,2,5,5,5,5,5,4,5,5,5,9,10,10,7,5,2,0,51,9,0
Marshall Islands,1987,134,36,46,10,5,5,5,10,10,10,10,15,20,12,1,5,5,5,5,5,5,5,5,5,10,10,10,7,5,1,0,51,10,0
Marshall Islands,1988,136,35,44,9,5,5,5,10,10,10,10,15,20,12,1,5,5,5,5,5,5,5,5,5,10,10,10,7,5,1,0,49,10,0
Marshall Islands,1989,140,34,43,9,5,5,5,10,10,10,10,15,20,12,1,5,5,5,5,5,5,5,5,5,10,10,10,7,5,1,0,48,10,0
Marshall Islands,1990,142,32,41,9,5,5,5,10,10,10,10,15,20,13,1,5,5,5,5,5,5,5,5,5,10,10,10,8,5,1,0,46,10,0
Marshall Islands,1991,144,31,39,8,5,5,5,10,10,10,10,16,20,13,1,5,5,5,5,5,5,5,5,6,10,10,10,8,5,1,0,44,10,0
Marshall Islands,1992,146,30,38,8,5,5,5,10,10,10,10,16,20,14,1,5,5,5,5,5,5,5,5,6,10,10,10,9,5,1,0,43,10,0
Marshall Islands,1993,149,29,37,8,5,5,5,10,10,10,10,15,20,14,1,5,5,5,5,5,5,5,5,5,10,10,10,9,5,1,0,42,10,0
Marshall Islands,1994,151,28,35,7,5,5,5,10,10,10,10,16,20,15,1,5,5,5,5,5,5,5,5,6,10,10,10,10,5,1,0,40,10,0
Marshall Islands,1995,151,28,35,7,5,5,5,10,10,10,10,16,20,15,1,5,5,5,5,5,5,5,5,6,10,10,10,10,5,1,0,40,10,0
Marshall Islands,1996,151,28,35,7,5,5,5,10,10,10,10,15,20,15,1,5,5,5,5,5,5,5,5,5,10,10,10,10,5,1,0,40,10,0
Marshall Islands,1997,150,27,34,7,5,5,5,10,10,10,10,14,20,15,1,5,5,5,5,5,5,5,5,5,9,10,10,10,5,1,0,39,10,0
Marshall Islands,1998,150,28,35,7,5,5,5,10,10,10,10,13,20,15,1,5,5,5,5,5,5,5,5,5,8,10,10,10,5,1,0,40,10,0
Marshall Islands,1999,149,28,35,7,5,5,5,10,10,10,10,12,20,16,2,5,5,5,5,5,5,5,5,5,7,10,10,10,6,2,0,40,10,0
Marshall Islands,2000,153,28,36,8,5,5,7,10,10,10,11,13,20,16,2,5,5,5,5,5,5,6,5,5,8,10,10,10,6,2,0,41,12,0
Marshall Islands,2001,150,28,35,7,5,5,6,10,10,11,11,15,20,14,2,5,5,5,5,5,6,6,5,6,9,10,10,9,5,2,0,40,11,0
Marshall Islands,2002,150,28,35,7,5,5,6,10,10,13,13,14,20,14,2,5,5,5,5,5,8,8,5,5,9,10,10,9,5,2,0,40,11,0
Marshall Islands,2003,152,27,33,6,5,5,6,11,10,14,16,14,20,14,2,6,5,5,5,5,9,10,6,5,9,10,10,9,5,2,0,38,11,0
Marshall Islands,2004,155,27,33,6,5,5,7,12,10,14,18,14,20,14,2,7,5,5,5,5,9,10,8,5,9,10,10,9,5,2,0,38,12,0
Marshall Islands,2005,160,27,32,5,5,5,7,15,10,16,19,13,20,13,2,10,5,5,5,6,10,10,9,5,8,10,10,8,5,2,0,37,12,0
Marshall Islands,2006,163,26,31,5,5,5,8,17,11,20,20,12,20,13,3,10,7,5,6,10,10,10,10,5,7,10,10,8,5,3,0,36,13,0
Marshall Islands,2007,166,25,30,5,5,5,8,19,13,20,20,14,20,13,3,10,9,5,8,10,10,10,10,7,7,10,10,8,5,3,0,35,13,0
Marshall Islands,2008,168,24,28,4,5,5,7,20,18,20,20,16,20,13,2,10,10,8,10,10,10,10,10,10,6,10,10,8,5,2,0,33,12,0
Marshall Islands,2009,168,23,27,4,5,5,7,20,20,20,20,18,19,14,2,10,10,10,10,10,10,10,10,10,8,9,10,9,5,2,0,32,12,0
Marshall Islands,2010,167,22,26,4,5,5,6,20,20,20,20,19,18,14,2,10,10,10,10,10,10,10,10,10,9,8,10,9,5,2,0,31,11,0
Marshall Islands,2011,164,21,25,4,5,5,5,20,20,20,22,20,16,15,2,10,10,10,10,10,10,10,12,10,10,7,9,10,5,2,0,30,10,0
Marshall Islands,2012,162,19,23,4,5,5,5,18,20,20,22,20,16,15,2,8,10,10,10,10,10,10,12,10,10,7,9,10,5,2,0,28,10,0
Marshall Islands,2013,160,18,22,4,5,5,5,15,20,20,23,20,16,14,2,5,10,10,10,10,10,10,13,10,10,7,9,9,5,2,0,27,10,0
Marshall Islands,2014,158,16,20,4,5,5,5,14,20,20,22,21,16,13,2,5,9,10,10,10,10,10,12,11,10,8,8,8,5,2,0,25,10,0
Marshall Islands,2015,155,15,19,4,5,5,5,12,20,20,21,23,14,12,1,5,7,10,10,10,10,10,11,12,11,8,6,7,5,1,0,24,10,0
Marshall Islands,2016,152,14,18,4,5,5,5,11,20,20,21,24,12,10,1,5,6,10,10,10,10,10,11,13,11,7,5,5,5,1,0,23,10,0
Marshall Islands,2017,150,13,17,4,5,5,5,10,18,20,20,25,12,10,1,5,5,8,10,10,10,10,10,14,11,7,5,5,5,1,0,22,10,0
Marshall Islands,2018,147,12,16,4,5,5,5,10,16,20,20,26,12,10,2,5,5,6,10,10,10,10,10,14,12,7,5,5,5,2,0,21,10,0
Marshall Islands,2019,145,11,15,4,5,4,5,10,15,20,20,26,14,10,2,5,5,5,10,10,10,10,10,13,13,9,5,5,5,2,0,20,9,0
Marshall Islands,2020,142,10,14,4,5,2,5,10,14,20,20,25,16,10,2,5,5,5,9,10,10,10,10,12,13,11,5,5,5,2,0,19,7,0
Marshall Islands,2021,140,9,13,4,3,1,5,10,13,20,20,25,17,10,2,5,5,5,8,10,10,10,10,11,14,12,5,5,5,2,0,16,6,0
Martinique,1950,1968,302,439,137,23,13,20,68,114,161,186,230,360,326,28,30,38,48,66,77,84,87,99,107,123,161,199,213,113,27,1,462,33,0
Martinique,1951,1877,290,420,130,22,12,20,67,111,159,181,224,340,297,23,30,37,48,63,76,83,86,95,108,116,151,189,196,101,22,1,442,32,0
Martinique,1952,1811,282,407,125,25,12,20,65,107,159,182,219,324,277,20,28,37,47,60,76,83,87,95,108,111,145,179,185,92,19,1,432,32,0
Martinique,1953,1756,271,391,120,25,11,20,63,103,159,180,217,307,263,18,28,35,47,56,76,83,85,95,108,109,136,171,177,86,18,0,416,31,0
Martinique,1954,1631,252,362,110,24,11,18,58,97,149,169,205,281,239,16,26,32,44,53,71,78,81,88,102,103,125,156,161,78,16,0,386,29,0
Martinique,1955,1489,240,339,99,22,10,17,54,86,136,157,188,249,214,16,24,30,40,46,64,72,75,82,93,95,110,139,145,69,16,0,361,27,0
Martinique,1956,1499,245,346,101,22,11,16,52,86,139,158,192,247,214,16,24,28,40,46,64,75,75,83,94,98,110,137,144,70,16,0,368,27,0
Martinique,1957,1480,245,345,100,22,11,15,51,86,134,158,193,238,212,16,24,27,38,48,60,74,75,83,93,100,106,132,143,69,16,0,367,26,0
Martinique,1958,1473,246,348,102,21,11,14,50,84,132,158,196,232,210,16,23,27,38,46,58,74,76,82,95,101,103,129,141,69,16,0,369,25,0
Martinique,1959,1483,244,348,104,21,11,14,49,83,130,161,200,234,212,17,23,26,36,47,56,74,77,84,97,103,106,128,141,71,16,1,369,25,0
Martinique,1960,1475,241,344,103,21,13,15,48,82,128,161,200,233,211,17,22,26,36,46,56,72,77,84,98,102,108,125,139,72,16,1,365,28,0
Martinique,1961,1429,226,326,100,20,11,15,45,79,123,160,197,228,205,17,20,25,34,45,54,69,76,84,96,101,109,119,134,71,16,1,346,26,0
Martinique,1962,1415,216,314,98,20,12,15,44,77,120,161,199,229,206,18,19,25,34,43,54,66,76,85,96,103,110,119,133,73,17,1,334,27,0
Martinique,1963,1327,194,284,90,21,11,15,40,72,112,154,188,215,196,18,17,23,31,41,51,61,73,81,91,97,104,111,125,71,17,1,305,26,0
Martinique,1964,1308,183,268,85,18,10,15,38,68,108,153,192,219,196,19,16,22,29,39,50,58,73,80,92,100,106,113,125,71,18,1,286,25,0
Martinique,1965,1258,166,246,80,18,10,14,35,64,104,149,188,216,194,20,15,20,27,37,48,56,70,79,91,97,104,112,122,72,19,1,264,24,0
Martinique,1966,1249,156,231,75,18,10,14,33,62,101,148,190,221,196,24,15,18,27,35,46,55,68,80,91,99,105,116,122,74,22,2,249,24,0
Martinique,1967,1248,149,221,72,20,10,14,34,61,100,145,193,226,198,25,17,17,27,34,46,54,65,80,93,100,107,119,122,76,23,2,241,24,0
Martinique,1968,1258,141,210,69,17,10,15,34,59,100,145,199,237,207,26,18,16,26,33,45,55,62,83,96,103,112,125,127,80,24,2,227,25,0
Martinique,1969,1222,129,192,63,17,10,13,34,55,98,138,197,234,207,28,19,15,24,31,44,54,58,80,95,102,111,123,127,80,26,2,209,23,0
Martinique,1970,1191,115,176,61,19,14,15,33,54,93,134,191,228,207,29,18,15,23,31,41,52,57,77,92,99,109,119,128,79,27,2,195,29,0
Martinique,1971,1142,99,151,52,14,10,12,30,49,88,129,190,227,209,32,15,15,20,29,39,49,55,74,91,99,109,118,130,79,28,4,165,22,0
Martinique,1972,1128,90,138,48,13,10,13,30,47,84,123,190,229,215,34,15,15,19,28,36,48,55,68,91,99,109,120,134,81,30,4,151,23,0
Martinique,1973,1108,80,123,43,13,10,13,30,44,82,121,192,231,218,35,15,15,17,27,35,47,55,66,92,100,109,122,135,83,31,4,136,23,0
Martinique,1974,1094,72,110,38,12,10,13,30,41,80,117,191,234,222,36,15,15,16,25,34,46,54,63,91,100,110,124,136,86,32,4,122,23,0
Martinique,1975,1065,66,99,33,11,10,13,30,39,75,113,185,232,224,38,15,15,15,24,32,43,52,61,87,98,109,123,136,88,33,5,110,23,0
Martinique,1976,1058,57,87,30,10,8,13,27,37,73,112,184,236,228,42,13,14,15,22,32,41,51,61,84,100,111,125,137,91,36,6,97,21,0
Martinique,1977,1054,51,79,28,8,7,13,26,36,72,113,182,243,231,43,13,13,15,21,32,40,51,62,82,100,114,129,139,92,36,7,87,20,0
Martinique,1978,1051,45,69,24,7,7,12,26,37,70,111,178,246,237,46,14,12,18,19,31,39,49,62,77,101,116,130,142,95,39,7,76,19,0
Martinique,1979,1052,42,64,22,6,6,12,27,37,66,110,179,252,243,49,15,12,19,18,29,37,49,61,77,102,118,134,146,97,41,8,70,18,1
Martinique,1980,1047,39,57,18,6,6,11,27,39,66,109,174,255,248,51,15,12,19,20,29,37,47,62,74,100,118,137,149,99,42,9,63,17,1
Martinique,1981,1049,37,55,18,5,5,11,27,38,63,105,172,261,253,56,15,12,18,20,26,37,46,59,74,98,120,141,152,101,45,11,60,16,1
Martinique,1982,1053,36,52,16,5,5,10,28,37,61,103,171,265,260,56,15,13,17,20,24,37,44,59,76,95,121,144,156,104,45,11,57,15,1
Martinique,1983,1052,34,49,15,5,5,9,30,36,59,100,165,269,269,57,15,15,16,20,24,35,43,57,74,91,123,146,161,108,46,11,54,14,1
Martinique,1984,1047,33,48,15,5,5,9,29,35,56,97,160,270,277,58,14,15,15,20,22,34,41,56,74,86,122,148,165,112,47,11,53,14,1
Martinique,1985,1047,32,47,15,5,5,8,29,36,52,94,157,267,284,62,14,15,15,21,21,31,41,53,72,85,119,148,170,114,50,12,52,13,1
Martinique,1986,1063,33,46,13,5,5,8,28,35,54,92,159,268,298,65,13,15,15,20,23,31,39,53,73,86,117,151,177,121,52,13,51,13,2
Martinique,1987,1069,32,46,14,3,4,7,28,35,54,90,157,267,310,69,13,15,15,20,25,29,39,51,70,87,114,153,184,126,55,14,49,11,2
Martinique,1988,1085,32,45,13,3,3,7,27,35,52,90,159,266,323,74,12,15,15,20,25,27,39,51,70,89,110,156,191,132,59,15,48,10,2
Martinique,1989,1100,32,45,13,3,2,6,26,34,53,87,158,267,335,79,11,15,15,19,26,27,38,49,70,88,108,159,196,139,63,16,48,8,2
Martinique,1990,1088,29,42,13,4,2,5,25,39,52,84,154,260,340,82,10,15,19,20,26,26,36,48,67,87,106,154,196,144,66,16,46,7,2
Martinique,1991,1149,30,43,13,3,1,5,23,40,56,85,158,272,368,92,9,14,20,20,27,29,36,49,69,89,113,159,209,159,74,18,46,6,2
Martinique,1992,1161,29,41,12,3,0,5,23,40,56,84,154,271,380,98,9,14,20,20,26,30,34,50,65,89,115,156,214,166,77,21,44,5,3
Martinique,1993,1170,28,41,13,3,0,5,21,40,57,81,152,265,391,103,8,13,20,20,25,32,33,48,65,87,113,152,219,172,81,22,44,5,3
Martinique,1994,1180,28,40,12,3,0,5,20,45,61,80,149,262,403,111,7,13,20,25,26,35,32,48,63,86,114,148,223,180,88,23,43,5,3
Martinique,1995,1186,27,39,12,3,0,5,19,45,60,78,144,259,412,120,7,12,20,25,26,34,32,46,61,83,112,147,225,187,94,26,42,5,3
Martinique,1996,1198,26,38,12,3,0,5,17,44,59,80,142,260,415,126,6,11,19,25,26,33,36,44,62,80,110,150,223,192,100,26,41,5,4
Martinique,1997,1206,26,37,11,2,0,5,16,43,60,79,140,260,420,137,5,11,18,25,26,34,37,42,61,79,109,151,221,199,107,30,39,5,4
Martinique,1998,1217,25,36,11,2,0,5,15,43,63,80,138,260,423,146,5,10,18,25,30,33,39,41,61,77,107,153,216,207,114,32,38,5,4
Martinique,1999,1215,24,35,11,2,0,4,13,42,62,79,135,260,423,154,5,8,17,25,30,32,40,39,59,76,106,154,213,210,120,34,37,4,5
Martinique,2000,1224,22,33,11,2,0,4,13,38,61,80,133,258,429,163,5,8,15,23,30,31,39,41,58,75,106,152,215,214,125,38,35,4,6
Martinique,2001,1302,21,32,11,2,0,5,12,39,67,87,141,270,461,185,5,7,15,24,32,35,42,45,60,81,110,160,233,228,140,45,34,5,6
Martinique,2002,1258,18,28,10,2,0,4,11,35,65,83,134,258,446,187,5,6,13,22,31,34,38,45,55,79,105,153,228,218,141,46,30,4,7
Martinique,2003,1237,17,25,8,1,0,3,10,32,63,80,127,254,438,195,5,5,12,20,29,34,35,45,51,76,103,151,226,212,144,51,26,3,8
Martinique,2004,1213,16,23,7,1,0,2,10,28,60,77,122,248,431,200,5,5,10,18,28,32,33,44,50,72,100,148,223,208,148,52,24,2,9
Martinique,2005,1197,14,21,7,1,0,1,10,25,56,74,122,240,428,206,5,5,8,17,26,30,32,42,51,71,98,142,218,210,149,57,22,1,10
Martinique,2006,1216,14,21,7,0,0,1,10,23,57,75,123,242,438,216,5,5,8,15,25,32,33,42,53,70,100,142,219,219,155,61,21,1,11
Martinique,2007,1216,16,22,6,0,0,0,10,20,55,74,118,236,444,221,5,5,7,13,23,32,33,41,52,66,96,140,220,224,156,65,22,0,13
Martinique,2008,1232,17,24,7,0,0,0,8,19,54,75,117,233,457,231,3,5,7,12,22,32,33,42,52,65,95,138,225,232,159,72,24,0,14
Martinique,2009,1258,18,25,7,0,0,0,7,18,53,75,119,231,467,243,2,5,6,12,21,32,35,40,54,65,94,137,226,241,167,76,25,0,16
Martinique,2010,1219,16,23,7,0,0,0,8,16,48,74,114,221,451,247,3,5,5,11,19,29,35,39,52,62,89,132,217,234,169,78,23,0,18
Martinique,2011,1221,15,22,7,0,0,0,3,14,45,72,113,216,453,261,0,3,5,9,17,28,34,38,52,61,87,129,217,236,179,82,22,0,20
Martinique,2012,1285,13,20,7,0,0,0,4,14,45,75,118,221,475,286,0,4,5,9,17,28,35,40,54,64,87,134,225,250,197,89,20,0,23
Martinique,2013,1349,12,19,7,0,0,0,3,13,42,79,122,230,499,312,0,3,5,8,16,26,37,42,55,67,89,141,232,267,214,98,19,0,27
Martinique,2014,1416,12,17,5,0,0,0,4,13,41,83,128,238,522,336,0,4,5,8,15,26,38,45,56,72,91,147,240,282,229,107,17,0,30
Martinique,2015,1477,13,18,5,0,0,0,3,12,40,87,133,243,541,363,0,3,5,7,14,26,39,48,57,76,92,151,248,293,244,119,18,0,34
Martinique,2016,1514,13,19,6,0,0,0,3,11,37,88,136,245,551,380,0,3,5,6,13,24,38,50,58,78,96,149,253,298,251,129,19,0,36
Martinique,2017,1532,11,18,7,0,0,0,2,11,36,88,138,244,556,397,0,2,5,6,13,23,37,51,59,79,97,147,255,301,260,137,18,0,38
Martinique,2018,1543,11,16,5,0,0,0,1,10,33,86,138,245,559,408,0,1,5,5,12,21,35,51,61,77,100,145,258,301,266,142,16,0,41
Martinique,2019,1556,12,17,5,0,0,0,0,10,29,83,139,246,558,423,0,0,5,5,10,19,33,50,63,76,103,143,257,301,274,149,17,0,44
Martinique,2020,1566,12,17,5,0,0,0,0,9,26,79,140,247,560,434,0,0,4,5,9,17,30,49,63,77,106,141,256,304,278,156,17,0,49
Martinique,2021,1995,14,18,4,0,0,0,0,8,31,103,210,351,711,498,0,0,3,5,10,21,38,65,94,116,157,194,323,388,323,175,18,0,56
Mauritania,1950,7518,2205,4156,1951,517,262,296,612,509,383,332,288,143,18,1,317,295,269,240,209,174,171,161,157,131,96,47,12,6,1,0,4673,558,0
Mauritania,1951,7466,2234,4094,1860,511,258,290,602,502,385,340,304,159,21,1,312,290,265,237,209,176,174,166,165,139,104,55,16,5,1,0,4605,548,0
Mauritania,1952,7475,2252,4064,1812,509,257,287,593,502,390,349,320,176,26,2,307,286,265,237,211,179,178,171,172,148,114,62,21,5,2,0,4573,544,0
Mauritania,1953,7526,2269,4053,1784,504,258,288,595,505,396,361,340,194,29,2,307,288,265,240,213,183,182,179,182,158,124,70,24,5,2,0,4557,546,0
Mauritania,1954,7517,2287,4054,1767,482,252,279,582,496,396,368,355,211,35,3,301,281,260,236,213,183,185,183,189,166,134,77,29,6,3,0,4536,531,0
Mauritania,1955,7554,2312,4072,1760,463,252,277,575,495,401,377,374,231,43,1,297,278,259,236,213,188,188,189,198,176,144,87,36,7,1,0,4535,529,0
Mauritania,1956,7615,2337,4089,1752,450,249,276,571,495,404,385,393,248,49,0,294,277,259,236,214,190,191,194,207,186,154,94,41,8,0,0,4539,525,0
Mauritania,1957,7678,2360,4104,1744,441,248,275,569,495,410,395,413,271,56,0,293,276,259,236,217,193,195,200,216,197,167,104,45,11,0,0,4545,523,0
Mauritania,1958,7728,2383,4113,1730,433,245,274,565,494,413,403,432,291,64,1,291,274,257,237,217,196,199,204,224,208,178,113,51,13,1,0,4546,519,0
Mauritania,1959,7802,2406,4138,1732,427,240,274,559,492,418,413,453,314,73,1,287,272,255,237,220,198,204,209,233,220,189,125,57,16,1,0,4565,514,0
Mauritania,1960,7791,2427,4146,1719,417,227,264,541,480,412,416,466,335,82,2,277,264,249,231,215,197,205,211,238,228,200,135,64,18,2,0,4563,491,0
Mauritania,1961,7842,2449,4150,1701,416,220,264,537,479,415,424,484,357,92,2,277,260,248,231,216,199,208,216,245,239,213,144,71,21,2,0,4566,484,0
Mauritania,1962,7890,2466,4154,1688,413,213,261,532,477,420,433,503,380,101,4,274,258,246,231,218,202,212,221,253,250,225,155,77,24,4,0,4567,474,0
Mauritania,1963,7924,2483,4158,1675,409,206,258,524,472,420,441,519,404,113,4,270,254,243,229,218,202,215,226,258,261,238,166,85,28,4,0,4567,464,0
Mauritania,1964,7929,2500,4159,1659,402,201,247,511,463,416,445,531,426,122,5,264,247,237,226,214,202,216,229,262,269,250,176,91,31,5,0,4561,448,0
Mauritania,1965,7976,2519,4161,1642,401,199,239,506,462,418,451,549,450,134,6,261,245,236,226,215,203,218,233,269,280,262,188,101,33,6,0,4562,438,0
Mauritania,1966,8006,2534,4156,1622,396,196,230,502,456,421,458,562,476,145,8,259,243,233,223,215,206,221,237,274,288,276,200,108,37,8,0,4552,426,0
Mauritania,1967,8028,2541,4143,1602,394,196,221,495,452,421,464,578,503,157,8,255,240,230,222,215,206,223,241,281,297,289,214,116,41,8,0,4537,417,0
Mauritania,1968,8021,2541,4124,1583,388,191,212,480,445,420,468,591,525,171,9,247,233,225,220,214,206,224,244,287,304,300,225,125,46,9,0,4512,403,0
Mauritania,1969,8035,2550,4123,1573,383,190,207,466,434,418,470,603,552,183,12,236,230,219,215,212,206,224,246,292,311,314,238,135,48,11,1,4506,397,0
Mauritania,1970,8086,2576,4149,1573,380,187,204,453,431,416,473,613,573,195,12,227,226,216,215,211,205,225,248,296,317,324,249,142,53,11,1,4529,391,0
Mauritania,1971,8172,2615,4213,1598,379,186,200,435,422,414,473,625,600,209,14,215,220,212,210,209,205,225,248,299,326,336,264,152,57,13,1,4592,386,0
Mauritania,1972,8297,2666,4289,1623,381,186,199,424,418,415,480,641,626,224,16,207,217,211,207,209,206,227,253,306,335,348,278,162,62,15,1,4670,385,0
Mauritania,1973,8439,2727,4380,1653,384,187,198,415,414,415,483,654,651,239,18,201,214,208,206,208,207,229,254,311,343,359,292,172,67,16,2,4764,385,0
Mauritania,1974,8591,2784,4464,1680,385,190,198,409,415,417,489,667,678,258,18,200,209,209,206,209,208,230,259,316,351,371,307,185,73,16,2,4849,388,0
Mauritania,1975,8658,2829,4521,1692,379,185,194,391,407,413,489,681,702,272,21,194,197,205,202,205,208,230,259,321,360,381,321,194,78,19,2,4900,379,0
Mauritania,1976,8827,2861,4554,1693,385,192,202,399,418,423,505,704,731,291,23,201,198,210,208,210,213,238,267,332,372,395,336,207,84,21,2,4939,394,0
Mauritania,1977,8914,2880,4565,1685,381,193,203,395,419,429,513,720,759,310,25,202,193,210,209,213,216,241,272,337,383,410,349,220,90,23,2,4946,396,0
Mauritania,1978,8964,2884,4544,1660,377,194,204,394,419,433,522,736,785,325,26,203,191,209,210,215,218,245,277,344,392,423,362,231,94,23,3,4921,398,0
Mauritania,1979,8938,2870,4500,1630,368,190,202,384,408,428,524,748,810,343,30,199,185,201,207,211,217,247,277,348,400,436,374,243,100,26,4,4868,392,0
Mauritania,1980,8925,2871,4472,1601,357,185,199,378,397,426,529,757,835,361,31,197,181,191,206,210,216,248,281,351,406,448,387,254,107,27,4,4829,384,0
Mauritania,1981,8923,2882,4454,1572,348,181,196,370,385,425,530,767,860,377,33,193,177,183,202,209,216,248,282,354,413,459,401,264,113,29,4,4802,377,0
Mauritania,1982,8896,2876,4419,1543,337,174,192,361,372,421,530,776,883,393,36,189,172,175,197,205,216,248,282,357,419,470,413,274,119,32,4,4756,366,0
Mauritania,1983,8954,2856,4362,1506,338,177,196,371,376,430,544,797,915,413,37,194,177,175,201,211,219,254,290,366,431,484,431,286,127,32,5,4700,373,0
Mauritania,1984,8989,2825,4282,1457,338,178,202,383,377,441,556,816,945,430,40,200,183,175,202,216,225,259,297,374,442,498,447,297,133,35,5,4620,380,0
Mauritania,1985,9028,2778,4182,1404,338,181,209,398,383,453,573,841,978,451,43,209,189,182,201,222,231,267,306,385,456,515,463,310,141,37,6,4520,390,0
Mauritania,1986,9087,2730,4088,1358,342,185,216,418,393,468,591,863,1011,470,45,219,199,190,203,229,239,275,316,396,467,530,481,323,147,39,6,4430,401,0
Mauritania,1987,9060,2688,3992,1304,336,184,213,419,387,473,599,878,1041,490,50,219,200,190,197,230,243,278,321,402,476,544,497,336,154,43,7,4328,397,1
Mauritania,1988,9045,2663,3919,1256,327,180,212,420,384,475,606,893,1067,509,51,219,201,191,193,230,245,281,325,408,485,555,512,349,160,44,7,4246,392,1
Mauritania,1989,9161,2677,3917,1240,330,180,212,428,389,479,618,917,1101,533,54,223,205,195,194,229,250,285,333,419,498,572,529,365,168,47,7,4247,392,1
Mauritania,1990,9218,2675,3886,1211,328,182,217,434,394,481,629,937,1128,550,54,225,209,197,197,225,256,290,339,428,509,584,544,376,174,47,7,4214,399,1
Mauritania,1991,9428,2712,3925,1213,333,186,222,449,412,487,647,962,1166,574,56,232,217,206,206,226,261,299,348,439,523,603,563,392,182,50,6,4258,408,1
Mauritania,1992,9575,2769,4000,1231,329,186,222,446,413,486,657,981,1199,599,61,229,217,207,206,222,264,305,352,447,534,617,582,407,192,54,7,4329,408,1
Mauritania,1993,10033,2918,4180,1262,337,191,230,480,444,504,681,1018,1246,637,80,244,236,224,220,229,275,317,364,463,555,641,605,429,208,64,16,4517,421,3
Mauritania,1994,10350,3009,4313,1304,343,196,236,497,465,514,701,1046,1285,667,83,252,245,235,230,235,279,328,373,475,571,659,626,448,219,67,16,4656,432,4
Mauritania,1995,10693,3085,4439,1354,354,201,243,519,490,527,725,1080,1330,694,86,262,257,248,242,246,281,339,386,490,590,683,647,466,228,70,16,4793,444,4
Mauritania,1996,10954,3102,4513,1411,371,211,254,533,514,539,746,1110,1369,711,77,268,265,259,255,255,284,349,397,504,606,703,666,477,234,67,10,4884,465,2
Mauritania,1997,10860,3092,4516,1424,359,201,239,496,492,518,741,1115,1388,726,72,250,246,247,245,249,269,345,396,504,611,711,677,487,239,66,6,4875,440,1
Mauritania,1998,10950,3121,4559,1438,358,196,233,484,490,513,745,1125,1419,748,77,243,241,245,245,250,263,345,400,507,618,726,693,502,246,70,7,4917,429,1
Mauritania,1999,11157,3171,4616,1445,368,201,237,488,501,523,754,1152,1460,774,80,246,242,249,252,255,268,346,408,518,634,746,714,518,256,73,7,4984,438,0
Mauritania,2000,11345,3218,4672,1454,372,201,238,489,510,537,761,1174,1500,801,89,247,242,253,257,264,273,343,418,527,647,766,734,536,265,78,11,5044,439,0
Mauritania,2001,11553,3267,4734,1467,376,202,241,494,521,551,769,1201,1542,827,94,249,245,256,265,270,281,341,428,540,661,785,757,552,275,83,11,5110,443,0
Mauritania,2002,11718,3294,4774,1480,378,205,243,498,527,566,773,1226,1580,849,94,252,246,257,270,279,287,338,435,552,674,803,777,566,283,84,10,5152,448,0
Mauritania,2003,11873,3313,4800,1487,378,208,244,501,534,580,778,1254,1621,877,96,255,246,258,276,285,295,336,442,565,689,823,798,583,294,87,9,5178,452,0
Mauritania,2004,11985,3350,4831,1481,371,209,242,497,534,590,779,1277,1659,903,97,252,245,256,278,289,301,339,440,577,700,841,818,601,302,88,9,5202,451,0
Mauritania,2005,12212,3400,4883,1483,373,215,246,506,542,612,788,1311,1705,932,100,257,249,258,284,300,312,349,439,594,717,862,843,619,313,91,9,5256,461,0
Mauritania,2006,12404,3433,4894,1461,371,217,252,516,551,634,802,1349,1750,961,103,263,253,262,289,311,323,362,440,609,740,884,866,638,323,94,9,5265,469,0
Mauritania,2007,12469,3456,4909,1453,359,212,247,505,542,640,798,1368,1787,990,107,257,248,257,285,312,328,366,432,616,752,900,887,656,334,98,9,5268,459,0
Mauritania,2008,12663,3472,4907,1435,359,215,254,519,555,664,818,1404,1834,1020,113,263,256,264,291,323,341,381,437,630,774,923,911,676,344,101,12,5266,469,0
Mauritania,2009,12998,3485,4924,1439,353,208,250,514,551,672,830,1398,1943,1214,145,259,255,262,289,324,348,391,439,617,781,951,992,794,420,128,17,5277,458,0
Mauritania,2010,13479,3502,4949,1447,358,207,255,523,562,688,861,1396,2035,1452,192,263,260,268,294,329,359,406,455,609,787,974,1061,920,532,166,26,5307,462,2
Mauritania,2011,13947,3524,4982,1458,358,203,251,522,564,699,887,1385,2102,1725,267,262,260,269,295,333,366,419,468,602,783,989,1113,1047,678,225,42,5340,454,2
Mauritania,2012,14519,3537,4999,1462,370,207,256,536,581,718,923,1386,2142,2014,381,268,268,277,304,341,377,435,488,607,779,995,1147,1162,852,313,68,5369,463,3
Mauritania,2013,14923,3511,4971,1460,367,204,248,524,575,717,941,1375,2140,2297,555,262,262,274,301,340,377,441,500,612,763,981,1159,1250,1047,446,109,5338,452,6
Mauritania,2014,14839,3409,4815,1406,375,211,257,546,600,750,985,1423,2140,2179,554,272,274,286,314,354,396,461,524,638,785,997,1143,1190,989,450,104,5190,468,8
Mauritania,2015,14528,3372,4696,1324,364,206,248,527,590,747,994,1439,2115,2046,546,263,264,281,309,351,396,463,531,649,790,995,1120,1123,923,446,100,5060,454,11
Mauritania,2016,14477,3341,4609,1268,365,206,253,538,603,769,1029,1485,2127,1944,534,268,270,287,316,360,409,478,551,675,810,1008,1119,1078,866,436,98,4974,459,12
Mauritania,2017,14256,3300,4521,1221,354,201,244,520,590,764,1036,1511,2129,1850,518,259,261,280,310,355,409,479,557,688,823,1016,1113,1037,813,420,98,4875,445,12
Mauritania,2018,14327,3274,4457,1183,351,208,253,540,613,796,1079,1572,2161,1785,499,269,271,290,323,370,426,499,580,719,853,1040,1121,1016,769,401,98,4808,461,12
Mauritania,2019,14054,3228,4379,1151,323,196,238,505,586,779,1077,1591,2168,1724,478,251,254,276,310,359,420,497,580,725,866,1046,1122,996,728,377,101,4702,434,12
Mauritania,2020,15509,3189,4311,1122,316,201,248,528,643,906,1336,2020,2575,1912,496,261,267,297,346,410,496,609,727,920,1100,1279,1296,1118,794,390,106,4627,449,12
Mauritania,2021,15963,3155,4240,1085,314,204,266,576,691,973,1435,2196,2685,1908,465,285,291,319,372,440,533,656,779,1012,1184,1346,1339,1138,770,362,103,4554,470,11
Mauritius,1950,3755,890,1216,326,89,34,55,146,139,177,333,664,710,190,1,74,72,66,73,79,98,138,195,297,367,398,312,159,31,1,0,1305,89,0
Mauritius,1951,3931,1011,1395,384,114,37,55,153,146,185,338,654,699,154,0,76,77,70,76,83,102,142,196,294,360,395,304,140,14,0,0,1509,92,0
Mauritius,1952,4218,1155,1619,464,138,42,60,164,158,198,348,657,700,132,0,80,84,77,81,91,107,149,199,294,363,395,305,124,8,0,0,1757,102,0
Mauritius,1953,4298,1217,1710,493,165,47,64,168,165,207,351,637,674,110,0,81,87,82,83,96,111,151,200,283,354,384,290,106,4,0,0,1875,111,0
Mauritius,1954,4166,1129,1564,435,128,48,60,161,163,205,345,611,674,198,11,78,83,82,81,95,110,148,197,271,340,372,302,152,46,11,0,1692,108,0
Mauritius,1955,3937,1010,1372,362,113,48,55,151,158,197,335,583,657,251,18,73,78,81,77,91,106,142,193,259,324,354,303,179,72,18,0,1485,103,0
Mauritius,1956,3769,956,1283,327,107,48,51,140,153,188,321,553,627,280,19,68,72,78,75,86,102,135,186,247,306,333,294,192,88,19,0,1390,99,0
Mauritius,1957,3803,960,1285,325,107,49,53,135,154,192,324,548,629,307,22,65,70,79,75,86,106,136,188,246,302,330,299,207,100,22,0,1392,102,0
Mauritius,1958,3843,982,1312,330,105,51,53,132,155,193,322,545,632,320,22,64,68,78,77,86,107,134,188,249,296,330,302,214,106,22,0,1417,104,0
Mauritius,1959,3834,995,1325,330,97,51,55,129,156,191,322,539,622,322,22,63,66,76,80,84,107,136,186,249,290,325,297,216,106,22,0,1422,106,0
Mauritius,1960,3813,995,1321,326,101,52,60,128,155,192,319,532,610,320,24,62,66,75,80,84,108,136,183,248,284,318,292,214,106,24,0,1422,112,0
Mauritius,1961,3798,961,1264,303,92,46,59,120,150,187,317,541,617,372,29,60,60,70,80,81,106,135,182,253,288,320,297,235,137,29,0,1356,105,0
Mauritius,1962,3804,901,1181,280,88,45,58,120,145,183,317,552,627,438,48,60,60,64,81,80,103,135,182,258,294,324,303,252,186,47,1,1269,103,0
Mauritius,1963,3720,849,1109,260,83,46,57,120,140,182,309,549,624,440,62,60,60,61,79,81,101,135,174,256,293,323,301,249,191,61,1,1192,103,0
Mauritius,1964,3524,809,1057,248,79,42,57,112,132,175,299,523,603,385,56,57,55,57,75,82,93,133,166,241,282,311,292,233,152,54,2,1136,99,0
Mauritius,1965,3395,798,1050,252,79,40,56,109,124,169,290,497,579,352,51,56,53,55,69,81,88,130,160,226,271,297,282,224,128,49,2,1129,96,0
Mauritius,1966,3491,827,1104,277,83,40,59,112,120,174,297,502,594,355,49,59,53,55,65,85,89,133,164,225,277,301,293,233,122,46,3,1187,99,0
Mauritius,1967,3714,859,1164,305,90,43,63,121,126,189,321,528,635,388,49,66,55,60,66,92,97,141,180,235,293,320,315,258,130,46,3,1254,106,0
Mauritius,1968,3722,826,1123,297,87,41,65,124,125,194,327,530,647,412,45,68,56,60,65,93,101,139,188,236,294,326,321,271,141,42,3,1210,106,0
Mauritius,1969,3521,720,967,247,79,41,63,125,120,193,320,512,631,428,45,69,56,58,62,88,105,132,188,229,283,317,314,273,155,41,4,1046,104,0
Mauritius,1970,3303,628,832,204,73,39,61,121,114,184,305,488,605,437,49,67,54,54,60,80,104,122,183,222,266,303,302,269,168,44,5,905,100,0
Mauritius,1971,3392,611,805,194,76,39,62,126,115,189,313,504,622,480,65,70,56,55,60,78,111,124,189,234,270,312,310,282,198,58,7,881,101,0
Mauritius,1972,3507,634,836,202,81,39,62,131,115,189,313,512,625,514,90,72,59,55,60,76,113,126,187,242,270,313,312,287,227,81,9,917,101,0
Mauritius,1973,3539,640,836,196,76,39,61,136,117,186,314,523,631,512,105,75,61,55,62,72,114,131,183,250,273,317,314,285,227,93,12,912,100,0
Mauritius,1974,3335,587,752,165,65,36,58,136,113,176,306,513,614,467,98,73,63,54,59,68,108,135,171,247,266,307,307,270,197,88,10,817,94,0
Mauritius,1975,3248,509,643,134,55,38,59,140,116,174,314,530,627,457,93,75,65,57,59,70,104,144,170,254,276,312,315,272,185,85,8,698,97,1
Mauritius,1976,3154,458,567,109,50,36,57,138,117,169,319,534,629,447,90,73,65,58,59,70,99,151,168,254,280,310,319,273,174,80,10,617,93,0
Mauritius,1977,3080,423,519,96,45,36,55,139,116,162,320,531,624,447,85,71,68,59,57,70,92,150,170,248,283,305,319,278,169,75,10,564,91,0
Mauritius,1978,2970,399,487,88,42,34,54,134,115,153,315,509,609,439,81,67,67,59,56,68,85,146,169,231,278,297,312,273,166,70,11,529,88,0
Mauritius,1979,2909,377,460,83,37,33,50,129,116,147,314,498,602,444,78,65,64,61,55,65,82,139,175,219,279,295,307,274,170,67,11,497,83,0
Mauritius,1980,2951,351,427,76,34,31,52,131,120,148,324,508,622,473,82,65,66,63,57,66,82,137,187,219,289,306,316,289,184,71,11,461,83,0
Mauritius,1981,2966,315,384,69,32,28,54,131,124,149,326,513,638,500,89,65,66,65,59,66,83,129,197,221,292,318,320,297,203,75,14,416,82,0
Mauritius,1982,3004,278,339,61,30,28,53,131,131,153,327,526,658,527,102,65,66,68,63,66,87,122,205,231,295,329,329,306,221,86,16,369,81,1
Mauritius,1983,3050,249,304,55,29,26,53,130,135,155,326,535,679,553,123,65,65,70,65,67,88,119,207,244,291,341,338,316,237,102,21,333,79,1
Mauritius,1984,3112,227,276,49,28,26,52,135,139,160,328,553,708,573,136,70,65,71,68,69,91,120,208,262,291,358,350,328,245,113,23,304,78,1
Mauritius,1985,3136,210,256,46,28,24,50,135,143,164,320,567,729,576,142,70,65,72,71,73,91,121,199,279,288,369,360,333,243,119,23,284,74,1
Mauritius,1986,3128,199,243,44,25,23,45,134,144,164,310,578,736,577,141,69,65,70,74,75,89,122,188,289,289,370,366,335,242,120,21,268,68,2
Mauritius,1987,3130,204,248,44,25,22,42,133,143,164,302,587,738,582,143,68,65,68,75,77,87,125,177,294,293,366,372,338,244,122,21,273,64,3
Mauritius,1988,3108,205,245,40,21,21,40,131,142,165,292,589,727,584,149,66,65,66,76,78,87,124,168,290,299,353,374,337,247,124,25,266,61,2
Mauritius,1989,3060,198,234,36,20,20,37,123,140,167,282,585,711,587,155,61,62,65,75,81,86,121,161,277,308,335,376,335,252,126,29,254,57,2
Mauritius,1990,3035,188,220,32,16,17,35,116,138,166,275,583,705,594,161,55,61,65,73,79,87,117,158,261,322,325,380,340,254,128,33,236,52,2
Mauritius,1991,3018,177,207,30,15,17,34,111,134,172,275,576,703,601,169,51,60,63,71,83,89,116,159,244,332,323,380,345,256,133,36,222,51,3
Mauritius,1992,3080,178,208,30,15,17,31,110,137,183,281,581,723,619,177,49,61,64,73,87,96,116,165,235,346,337,386,357,262,139,38,223,48,4
Mauritius,1993,3162,176,208,32,15,14,31,110,138,191,289,586,745,646,183,48,62,66,72,90,101,118,171,231,355,357,388,374,272,145,38,223,45,4
Mauritius,1994,3197,176,210,34,14,14,30,106,139,194,293,579,761,662,186,47,59,66,73,90,104,122,171,230,349,381,380,385,277,147,39,224,44,5
Mauritius,1995,3207,173,207,34,14,12,28,100,139,197,297,562,776,678,189,44,56,66,73,90,107,126,171,228,334,402,374,394,284,150,39,221,40,5
Mauritius,1996,3297,175,209,34,14,11,28,100,143,205,305,561,816,701,197,44,56,69,74,91,114,133,172,238,323,430,386,407,294,155,42,223,39,6
Mauritius,1997,3351,169,203,34,14,11,25,95,144,210,312,553,849,718,207,42,53,69,75,92,118,141,171,244,309,447,402,414,304,161,46,217,36,6
Mauritius,1998,3434,155,187,32,14,11,25,92,147,215,328,561,892,740,216,41,51,70,77,92,123,150,178,254,307,461,431,421,319,168,48,201,36,6
Mauritius,1999,3443,154,182,28,12,10,21,89,145,216,336,556,907,742,221,40,49,68,77,93,123,155,181,254,302,453,454,412,330,172,49,194,31,7
Mauritius,2000,3493,141,166,25,12,10,21,86,143,220,350,562,925,760,233,38,48,65,78,94,126,160,190,255,307,438,487,415,345,180,53,178,31,7
Mauritius,2001,3542,129,152,23,12,10,19,83,140,222,367,568,932,783,244,37,46,60,80,95,127,168,199,254,314,418,514,426,357,189,55,164,29,8
Mauritius,2002,3627,124,146,22,11,10,18,79,139,222,385,584,945,812,265,34,45,58,81,96,126,176,209,258,326,405,540,447,365,202,63,157,28,10
Mauritius,2003,3664,118,139,21,11,10,17,75,133,220,399,587,938,837,284,32,43,54,79,96,124,181,218,258,329,392,546,470,367,215,69,150,27,12
Mauritius,2004,3711,116,137,21,11,10,16,69,129,221,406,597,931,868,305,28,41,53,76,96,125,181,225,265,332,390,541,502,366,230,75,148,26,13
Mauritius,2005,3747,112,133,21,11,10,15,65,123,221,412,601,915,908,322,26,39,51,72,96,125,182,230,272,329,391,524,537,371,239,83,144,25,15
Mauritius,2006,3770,105,124,19,10,10,15,61,115,222,414,605,895,947,333,24,37,48,67,97,125,178,236,280,325,398,497,566,381,246,87,134,25,16
Mauritius,2007,3763,100,119,19,10,10,15,54,107,218,416,609,876,972,342,21,33,45,62,95,123,174,242,289,320,404,472,580,392,252,90,129,25,17
Mauritius,2008,3797,94,113,19,10,8,15,50,100,215,418,622,870,1005,350,20,30,43,57,92,123,171,247,301,321,409,461,590,415,256,94,123,23,18
Mauritius,2009,3849,88,106,18,8,7,13,47,99,212,422,642,873,1035,363,20,27,42,57,89,123,173,249,312,330,412,461,589,446,262,101,114,20,20
Mauritius,2010,3932,85,101,16,7,7,13,44,94,210,429,668,889,1068,379,20,24,40,54,85,125,176,253,322,346,417,472,582,486,272,107,108,20,21
Mauritius,2011,4023,84,100,16,7,6,13,43,91,208,432,704,907,1088,402,20,23,38,53,81,127,179,253,340,364,419,488,568,520,287,115,107,19,23
Mauritius,2012,4170,85,100,15,7,6,13,42,88,206,439,749,941,1119,433,20,22,37,51,77,129,182,257,362,387,427,514,564,555,309,124,107,19,26
Mauritius,2013,4145,80,95,15,7,6,13,40,81,197,431,760,939,1098,447,19,21,33,48,71,126,179,252,363,397,424,515,544,554,320,127,102,19,28
Mauritius,2014,4258,77,92,15,6,5,12,39,78,192,438,790,971,1121,482,19,20,31,47,70,122,183,255,372,418,443,528,556,565,347,135,98,17,31
Mauritius,2015,4379,73,87,14,6,5,12,39,73,186,448,819,1007,1142,521,19,20,27,46,69,117,186,262,380,439,469,538,577,565,376,145,93,17,34
Mauritius,2016,4500,73,87,14,5,5,12,38,69,180,457,850,1040,1162,557,18,20,25,44,68,112,190,267,384,466,495,545,602,560,401,156,92,17,36
Mauritius,2017,4722,77,91,14,6,5,12,38,69,176,478,901,1106,1212,595,18,20,25,44,67,109,199,279,397,504,540,566,645,567,430,165,97,17,38
Mauritius,2018,4890,78,92,14,6,5,11,38,64,173,488,940,1166,1248,619,18,20,24,40,66,107,200,288,406,534,580,586,672,576,446,173,98,16,39
Mauritius,2019,4922,80,95,15,5,5,10,37,60,166,482,945,1204,1256,621,17,20,24,36,63,103,194,288,407,538,602,602,676,580,444,177,100,15,38
Mauritius,2020,5039,83,98,15,5,8,23,63,108,250,535,912,1157,1234,609,26,37,42,66,111,139,226,309,392,520,573,584,652,582,431,178,103,31,38
Mauritius,2021,5671,85,100,15,5,7,18,63,108,271,551,1040,1396,1422,656,26,37,44,64,121,150,214,337,440,600,699,697,729,693,463,193,105,25,39
Mayotte,1950,244,78,122,44,9,5,6,17,10,10,10,16,20,15,1,10,7,5,5,5,5,5,5,6,10,10,10,10,5,1,0,131,11,0
Mayotte,1951,242,77,124,47,9,5,5,10,10,10,10,15,20,14,1,5,5,5,5,5,5,5,5,5,10,10,10,9,5,1,0,133,10,0
Mayotte,1952,230,73,116,43,9,5,5,10,10,10,10,14,20,15,1,5,5,5,5,5,5,5,5,5,9,10,10,10,5,1,0,125,10,0
Mayotte,1953,221,70,110,40,9,5,5,10,10,10,10,14,20,15,1,5,5,5,5,5,5,5,5,5,9,10,10,10,5,1,0,119,10,0
Mayotte,1954,211,67,103,36,8,5,5,10,10,10,10,13,20,14,1,5,5,5,5,5,5,5,5,5,8,10,10,9,5,1,0,111,10,0
Mayotte,1955,201,64,96,32,8,5,5,10,10,10,10,12,20,14,1,5,5,5,5,5,5,5,5,5,7,10,10,9,5,1,0,104,10,0
Mayotte,1956,192,60,90,30,9,5,5,10,10,10,10,12,20,14,1,5,5,5,5,5,5,5,5,5,7,10,10,9,5,1,0,99,10,0
Mayotte,1957,184,58,84,26,9,5,5,10,10,10,10,11,20,13,1,5,5,5,5,5,5,5,5,5,6,10,10,8,5,1,0,93,10,0
Mayotte,1958,176,55,79,24,7,5,5,10,10,10,10,11,20,13,1,5,5,5,5,5,5,5,5,5,6,10,10,8,5,1,0,86,10,0
Mayotte,1959,171,53,75,22,7,5,5,10,10,10,10,10,20,13,1,5,5,5,5,5,5,5,5,5,5,10,10,8,5,1,0,82,10,0
Mayotte,1960,166,51,72,21,7,5,5,10,10,10,10,10,20,13,1,5,5,5,5,5,5,5,5,5,5,10,10,8,5,1,0,79,10,0
Mayotte,1961,160,48,67,19,7,5,5,10,10,10,10,10,20,13,0,5,5,5,5,5,5,5,5,5,5,10,10,8,5,0,0,74,10,0
Mayotte,1962,157,46,65,19,7,5,5,10,10,10,10,10,20,13,0,5,5,5,5,5,5,5,5,5,5,10,10,8,5,0,0,72,10,0
Mayotte,1963,152,45,61,16,6,5,5,10,10,10,10,10,20,12,0,5,5,5,5,5,5,5,5,5,5,10,10,7,5,0,0,67,10,0
Mayotte,1964,149,43,58,15,6,5,5,10,10,10,10,11,20,12,0,5,5,5,5,5,5,5,5,5,6,10,10,7,5,0,0,64,10,0
Mayotte,1965,146,42,56,14,6,5,5,10,10,10,10,11,20,12,0,5,5,5,5,5,5,5,5,5,6,10,10,7,5,0,0,62,10,0
Mayotte,1966,142,41,55,14,6,5,5,10,10,10,10,11,20,12,0,5,5,5,5,5,5,5,5,5,6,10,10,7,5,0,0,61,10,0
Mayotte,1967,139,40,54,14,5,5,5,10,10,10,10,12,20,11,0,5,5,5,5,5,5,5,5,5,7,10,10,6,5,0,0,59,10,0
Mayotte,1968,137,40,52,12,5,5,5,10,10,10,10,12,20,11,0,5,5,5,5,5,5,5,5,5,7,10,10,6,5,0,0,57,10,0
Mayotte,1969,137,39,50,11,5,5,5,10,10,10,10,13,20,11,0,5,5,5,5,5,5,5,5,5,8,10,10,6,5,0,0,55,10,0
Mayotte,1970,134,38,49,11,5,5,5,10,10,10,10,13,20,10,0,5,5,5,5,5,5,5,5,5,8,10,10,5,5,0,0,54,10,0
Mayotte,1971,130,37,48,11,5,4,5,6,8,10,10,12,20,10,0,5,1,3,5,5,5,5,5,5,7,10,10,5,5,0,0,53,9,0
Mayotte,1972,128,37,47,10,5,1,5,6,5,10,10,12,20,10,0,5,1,0,5,5,5,5,5,5,7,10,10,5,5,0,0,52,6,0
Mayotte,1973,125,36,46,10,4,1,5,6,2,10,10,12,20,11,0,5,1,0,2,5,5,5,5,5,7,10,10,6,5,0,0,50,6,0
Mayotte,1974,126,35,44,9,4,1,5,7,2,10,10,13,20,11,0,5,2,0,2,5,5,5,5,5,8,10,10,6,5,0,0,48,6,0
Mayotte,1975,123,35,43,8,4,0,5,7,0,10,10,13,20,12,0,5,2,0,0,5,5,5,5,5,8,10,10,7,5,0,0,47,5,0
Mayotte,1976,124,34,42,8,4,0,5,8,0,10,10,13,20,12,0,5,3,0,0,5,5,5,5,5,8,10,10,7,5,0,0,46,5,0
Mayotte,1977,121,33,41,8,3,0,4,8,0,8,10,14,20,12,0,5,3,0,0,3,5,5,5,5,9,10,10,7,5,0,0,44,4,0
Mayotte,1978,122,32,40,8,3,0,4,10,0,9,10,15,20,13,0,5,5,0,0,4,5,5,5,5,10,10,10,8,5,0,0,43,4,0
Mayotte,1979,120,32,40,8,3,0,3,10,0,7,10,14,20,13,1,5,5,0,0,2,5,5,5,5,9,10,10,8,5,1,0,43,3,0
Mayotte,1980,122,31,38,7,3,0,4,10,2,8,10,15,20,14,1,5,5,2,0,3,5,5,5,5,10,10,10,9,5,1,0,41,4,0
Mayotte,1981,121,31,38,7,3,0,3,10,2,7,10,15,20,14,1,5,5,2,0,2,5,5,5,5,10,10,10,9,5,1,0,41,3,0
Mayotte,1982,123,31,37,6,3,0,3,10,4,8,10,16,20,14,1,5,5,4,0,3,5,5,5,6,10,10,10,9,5,1,0,40,3,0
Mayotte,1983,126,31,37,6,3,0,3,10,6,8,10,17,20,15,1,5,5,5,1,3,5,5,5,7,10,10,10,10,5,1,0,40,3,0
Mayotte,1984,123,31,37,6,2,0,2,10,7,7,10,17,20,15,1,5,5,5,2,2,5,5,5,7,10,10,10,10,5,1,0,39,2,0
Mayotte,1985,126,30,36,6,2,0,3,10,10,8,10,17,20,15,2,5,5,5,5,3,5,5,5,7,10,10,10,10,5,2,0,38,3,0
Mayotte,1986,130,30,36,6,2,0,3,10,10,10,10,18,20,16,2,5,5,5,5,5,5,5,5,8,10,10,10,10,6,2,0,38,3,0
Mayotte,1987,129,30,36,6,2,0,2,10,10,10,10,17,20,16,2,5,5,5,5,5,5,5,5,7,10,10,10,10,6,2,0,38,2,0
Mayotte,1988,133,30,36,6,2,0,3,10,10,10,10,18,21,17,2,5,5,5,5,5,5,5,5,8,10,10,11,10,7,2,0,38,3,0
Mayotte,1989,137,30,35,5,2,0,3,10,10,10,10,18,26,17,2,5,5,5,5,5,5,5,5,8,10,12,14,10,7,2,0,37,3,0
Mayotte,1990,141,29,34,5,2,0,4,10,10,10,10,19,29,17,3,5,5,5,5,5,5,5,5,9,10,14,15,10,7,3,0,36,4,0
Mayotte,1991,141,29,34,5,2,0,3,10,10,10,10,18,29,18,3,5,5,5,5,5,5,5,5,8,10,14,15,11,7,3,0,36,3,0
Mayotte,1992,145,29,34,5,2,0,3,10,10,10,10,19,30,20,3,5,5,5,5,5,5,5,5,9,10,15,15,12,8,3,0,36,3,0
Mayotte,1993,150,28,33,5,2,0,3,10,10,10,10,19,30,21,3,5,5,5,5,5,5,5,5,9,10,15,15,13,8,3,0,35,3,0
Mayotte,1994,155,28,33,5,2,0,4,10,10,10,10,20,30,21,4,5,5,5,5,5,5,5,5,10,10,15,15,13,8,4,0,35,4,0
Mayotte,1995,162,27,32,5,2,0,4,10,10,10,11,21,30,23,4,5,5,5,5,5,5,5,6,10,11,15,15,14,9,4,0,34,4,0
Mayotte,1996,158,27,32,5,1,0,2,10,10,10,10,20,33,26,4,5,5,5,5,5,5,5,5,10,10,15,18,17,9,4,0,33,2,0
Mayotte,1997,164,26,31,5,2,0,3,10,10,10,11,21,34,29,4,5,5,5,5,5,5,5,6,10,11,15,19,18,11,4,0,33,3,0
Mayotte,1998,168,25,30,5,2,0,3,10,10,10,12,21,35,31,5,5,5,5,5,5,5,5,7,10,11,15,20,19,12,5,0,32,3,0
Mayotte,1999,172,24,28,4,2,0,3,10,10,13,14,21,35,32,5,5,5,5,5,5,8,7,7,10,11,15,20,20,12,5,0,30,3,0
Mayotte,2000,177,23,27,4,2,0,4,10,10,15,20,22,35,33,6,5,5,5,5,5,10,10,10,10,12,15,20,20,13,6,0,29,4,0
Mayotte,2001,181,22,26,4,2,0,4,10,10,16,20,22,35,35,6,5,5,5,5,6,10,10,10,10,12,15,20,20,15,6,0,28,4,0
Mayotte,2002,186,21,25,4,2,0,4,10,10,17,20,23,36,36,7,5,5,5,5,7,10,10,10,10,13,16,20,20,16,6,1,27,4,0
Mayotte,2003,191,20,24,4,2,0,5,10,10,17,20,23,36,37,8,5,5,5,5,7,10,10,10,10,13,16,20,20,17,7,1,26,5,0
Mayotte,2004,197,19,23,4,2,0,5,10,10,18,20,24,36,41,8,5,5,5,5,8,10,10,10,10,14,16,20,23,18,7,1,25,5,0
Mayotte,2005,193,19,23,4,2,0,5,10,10,16,20,23,34,41,10,5,5,5,5,6,10,10,10,10,13,15,19,23,18,9,1,25,5,0
Mayotte,2006,190,18,22,4,1,0,5,10,10,15,20,22,32,42,12,5,5,5,5,5,10,10,10,10,12,15,17,22,20,10,2,23,5,0
Mayotte,2007,185,18,22,4,1,0,5,10,10,13,20,20,30,40,12,5,5,5,5,5,8,10,10,10,10,15,15,20,20,10,2,23,5,0
Mayotte,2008,189,17,21,4,1,1,5,10,10,14,20,21,30,41,13,5,5,5,5,5,9,10,10,10,11,15,15,19,22,11,2,22,6,0
Mayotte,2009,192,16,20,4,1,1,5,10,10,15,20,21,30,41,14,5,5,5,5,5,10,10,10,10,11,15,15,19,22,11,3,21,6,0
Mayotte,2010,195,15,19,4,1,1,5,10,10,16,20,22,32,42,15,5,5,5,5,6,10,10,10,10,12,15,17,20,22,12,3,20,6,0
Mayotte,2011,199,15,19,4,1,1,5,10,10,18,20,24,32,41,17,5,5,5,5,8,10,10,10,11,13,15,17,20,21,14,3,20,6,0
Mayotte,2012,204,14,18,4,1,1,5,10,10,20,21,30,33,40,18,5,5,5,5,10,10,10,11,15,15,15,18,20,20,14,4,19,6,0
Mayotte,2013,212,15,19,4,1,1,5,10,11,20,23,30,35,40,21,5,5,5,6,10,10,10,13,15,15,15,20,20,20,16,5,20,6,1
Mayotte,2014,220,15,19,4,1,1,5,10,11,20,25,30,36,44,21,5,5,5,6,10,10,10,15,15,15,16,20,24,20,16,5,20,6,1
Mayotte,2015,231,17,21,4,1,2,5,10,12,20,26,30,36,45,21,5,5,5,7,10,10,11,15,15,15,16,20,24,21,16,5,22,7,1
Mayotte,2016,245,18,22,4,2,2,5,10,13,20,28,31,38,47,25,5,5,5,8,10,10,13,15,15,16,18,20,24,23,18,7,24,7,1
Mayotte,2017,256,19,23,4,3,3,5,10,14,22,30,35,40,48,22,5,5,5,9,10,12,15,15,15,20,20,20,25,23,15,7,26,8,1
Mayotte,2018,267,20,24,4,3,3,5,10,14,24,31,38,41,51,23,5,5,5,9,10,14,15,16,18,20,20,21,25,26,16,7,27,8,1
Mayotte,2019,278,20,24,4,4,4,5,10,15,25,33,40,42,54,24,5,5,5,10,10,15,15,18,20,20,20,22,26,28,17,7,28,9,1
Mayotte,2020,328,19,23,4,5,4,5,10,16,26,43,54,54,59,25,5,5,6,10,11,15,20,23,25,29,29,25,30,29,17,8,28,9,1
Mayotte,2021,391,19,23,4,5,5,5,12,22,37,53,64,65,69,29,5,7,10,12,16,21,25,28,30,34,35,30,35,34,21,8,28,10,1
Mexico,1950,280011,102822,152030,49208,13368,5810,7772,12435,13269,13837,13474,17544,16905,11954,1603,6301,6134,6486,6783,6893,6944,6673,6801,8763,8781,8836,8069,7460,4494,1422,181,165398,13582,5
Mexico,1951,276614,103287,152445,49158,13849,4821,6521,13598,13141,13825,12492,17108,15804,11069,1908,6901,6697,6267,6874,6831,6994,6513,5979,8678,8430,8283,7521,6699,4370,1580,328,166294,11342,33
Mexico,1952,268396,101154,148100,46946,13213,4315,5732,13871,12739,13386,11983,16462,15042,10820,2640,7014,6857,6068,6671,6556,6830,6366,5617,8282,8180,7901,7141,6253,4567,2023,617,161313,10047,86
Mexico,1953,260141,98976,143885,44909,12323,4058,5214,13539,12242,12758,11774,15817,14530,10645,3236,6794,6745,5906,6336,6190,6568,6233,5541,7797,8020,7665,6865,5925,4720,2396,840,156208,9272,125
Mexico,1954,252641,96973,140007,43034,11432,3908,4878,12948,11760,12089,11714,15205,14217,10556,3765,6444,6504,5765,5995,5811,6278,6102,5612,7337,7868,7533,6684,5739,4817,2729,1036,151439,8786,161
Mexico,1955,246257,94888,136289,41401,10717,3782,4657,12451,11404,11510,11701,14619,14091,10603,4245,6165,6286,5649,5755,5486,6024,5972,5729,7001,7618,7496,6595,5679,4924,3033,1212,147006,8439,193
Mexico,1956,240718,92843,132498,39655,10206,3646,4515,12110,11184,11027,11669,14103,14106,10743,4682,5982,6128,5547,5637,5224,5803,5847,5822,6821,7282,7528,6578,5706,5037,3310,1372,142704,8161,225
Mexico,1957,236363,91136,129173,38037,9880,3509,4436,11858,11073,10622,11622,13735,14191,10914,5094,5850,6008,5455,5618,5020,5602,5744,5878,6778,6957,7585,6606,5791,5123,3571,1523,139053,7945,256
Mexico,1958,232645,89462,126030,36568,9642,3391,4392,11644,11037,10281,11568,13515,14299,11089,5468,5742,5902,5375,5662,4867,5414,5660,5908,6827,6688,7644,6655,5904,5185,3797,1671,135672,7783,290
Mexico,1959,229247,87915,123077,35162,9418,3285,4348,11436,11024,9972,11495,13424,14400,11276,5774,5648,5788,5304,5720,4748,5224,5582,5913,6936,6488,7674,6726,6019,5257,3973,1801,132495,7633,318
Mexico,1960,226513,86826,120822,33996,9200,3185,4289,11241,11058,9755,11452,13509,14443,11340,5882,5556,5685,5274,5784,4688,5067,5541,5911,7112,6397,7612,6831,6074,5266,4016,1866,130022,7474,336
Mexico,1961,223064,85907,118953,33046,8995,3106,4197,11013,11107,9669,11475,13864,14459,10782,5158,5440,5573,5273,5834,4704,4965,5538,5937,7364,6500,7527,6932,5903,4879,3550,1608,127948,7303,290
Mexico,1962,220838,85416,117626,32210,8823,3045,4109,10814,11165,9656,11516,14314,14529,10380,4602,5355,5459,5296,5869,4768,4888,5530,5986,7598,6716,7461,7068,5775,4605,3169,1433,126449,7154,260
Mexico,1963,219413,85099,116582,31483,8723,2996,4048,10631,11210,9711,11579,14840,14673,10098,4106,5286,5345,5317,5893,4868,4843,5515,6064,7816,7024,7450,7223,5688,4410,2851,1255,125305,7044,215
Mexico,1964,218833,84854,115702,30848,8726,2975,4015,10485,11258,9827,11683,15424,14883,9938,3728,5226,5259,5337,5921,4992,4835,5503,6180,8014,7410,7506,7377,5662,4276,2605,1123,124428,6990,189
Mexico,1965,218893,84468,114747,30279,8868,2995,4000,10403,11321,10001,11820,16045,15126,9938,3456,5186,5217,5354,5967,5127,4874,5489,6331,8165,7880,7654,7472,5739,4199,2439,1017,123615,6995,168
Mexico,1966,219508,83951,113668,29717,9112,3051,4007,10382,11396,10241,11971,16679,15437,10077,3318,5162,5220,5364,6032,5271,4970,5478,6493,8290,8389,7920,7517,5909,4168,2340,978,122780,7058,169
Mexico,1967,220137,83287,112413,29126,9386,3124,4025,10399,11438,10519,12114,17302,15870,10293,3130,5144,5255,5341,6097,5407,5112,5481,6633,8421,8881,8293,7577,6130,4163,2281,849,121799,7149,126
Mexico,1968,220858,82594,111061,28467,9599,3200,4040,10448,11447,10817,12233,17899,16416,10557,3027,5152,5296,5296,6151,5532,5285,5500,6733,8566,9333,8738,7678,6380,4177,2248,779,120660,7240,114
Mexico,1969,221267,81787,109568,27781,9662,3266,4059,10473,11420,11087,12313,18432,17040,10864,2972,5163,5310,5241,6179,5631,5456,5535,6778,8724,9708,9219,7821,6636,4228,2229,743,119230,7325,112
Mexico,1970,220805,80627,107678,27051,9483,3307,4094,10439,11363,11293,12329,18818,17746,11197,2953,5148,5291,5183,6180,5699,5594,5586,6743,8884,9934,9723,8023,6840,4357,2233,720,117161,7401,107
Mexico,1971,219626,79282,105550,26268,9077,3321,4135,10346,11276,11436,12318,19047,18509,11556,2955,5113,5233,5129,6147,5741,5695,5671,6647,9015,10032,10203,8306,6998,4558,2255,700,114627,7456,97
Mexico,1972,219592,78257,103561,25304,8526,3310,4182,10246,11322,11540,12355,19287,19592,12424,3147,5061,5185,5174,6148,5775,5765,5814,6541,9106,10181,10760,8832,7415,5009,2395,752,112087,7492,103
Mexico,1973,219029,76678,101079,24401,7914,3285,4229,10130,11334,11623,12452,19400,20673,13399,3395,4995,5135,5188,6146,5800,5823,5981,6471,9110,10290,11253,9420,7862,5537,2587,808,108993,7514,110
Mexico,1974,218495,74925,98420,23495,7320,3251,4286,10022,11319,11721,12619,19419,21744,14482,3773,4946,5076,5164,6155,5833,5888,6150,6469,9033,10386,11680,10064,8337,6145,2879,894,105740,7537,119
Mexico,1975,217991,72801,95414,22613,6806,3213,4345,9922,11284,11873,12875,19359,22736,15704,4337,4925,4997,5115,6169,5892,5981,6311,6564,8884,10475,11993,10743,8898,6806,3313,1024,102220,7558,126
Mexico,1976,218118,70883,92608,21725,6397,3163,4400,9827,11205,12083,13213,19235,23606,17107,5115,4916,4911,5043,6162,5980,6103,6461,6752,8708,10527,12208,11398,9612,7495,3889,1226,99005,7563,160
Mexico,1977,218201,68658,89426,20768,6049,3095,4435,9723,11079,12324,13622,19098,24386,18635,6090,4903,4820,4955,6124,6093,6231,6609,7013,8565,10533,12376,12010,10460,8175,4580,1510,95475,7530,236
Mexico,1978,218564,66680,86485,19805,5719,2998,4427,9626,10864,12551,14074,18990,25134,20146,7280,4883,4743,4863,6001,6185,6366,6769,7305,8499,10491,12516,12618,11381,8765,5376,1904,92204,7425,266
Mexico,1979,218017,63830,82638,18808,5376,2871,4362,9497,10582,12751,14512,18954,25848,21521,8757,4836,4661,4746,5836,6256,6495,6926,7586,8538,10416,12632,13216,12290,9231,6259,2498,88014,7233,348
Mexico,1980,216970,60879,78586,17707,4989,2717,4229,9316,10247,12872,14893,19015,26431,22759,10403,4751,4565,4601,5646,6265,6607,7079,7814,8693,10322,12703,13728,13037,9722,7179,3224,83575,6946,509
Mexico,1981,214315,58556,75104,16548,4575,2546,4024,9056,9883,12824,15193,19159,26740,23512,11032,4614,4442,4453,5430,6145,6679,7210,7983,8908,10251,12706,14034,13387,10125,7533,3499,79679,6570,669
Mexico,1982,210140,56133,71624,15491,4174,2386,3777,8736,9531,12626,15430,19391,26863,23996,10862,4430,4306,4316,5215,5926,6700,7311,8119,9172,10219,12664,14199,13522,10474,7402,3460,75798,6163,741
Mexico,1983,206514,53644,68166,14522,3842,2259,3548,8416,9232,12387,15639,19734,26922,24561,10937,4239,4177,4198,5034,5690,6697,7402,8237,9481,10253,12598,14324,13672,10889,7205,3732,72008,5807,868
Mexico,1984,203301,51579,65160,13581,3604,2173,3366,8126,9000,12151,15855,20145,26899,25156,10905,4062,4064,4109,4891,5478,6673,7494,8361,9782,10363,12501,14398,13840,11316,7062,3843,68764,5539,760
Mexico,1985,201137,49681,62369,12688,3488,2135,3247,7879,8834,11937,16086,20579,26765,25701,11375,3908,3971,4045,4789,5314,6623,7588,8498,10024,10555,12374,14391,14015,11686,7171,4204,65857,5382,746
Mexico,1986,199724,47711,59581,11870,3485,2136,3196,7676,8730,11756,16331,21035,26553,26206,12140,3778,3898,4004,4726,5214,6542,7687,8644,10203,10832,12252,14301,14210,11996,7536,4604,63066,5332,903
Mexico,1987,198519,45282,56399,11117,3524,2147,3193,7503,8665,11594,16595,21536,26351,26752,12872,3667,3836,3977,4688,5163,6431,7788,8807,10347,11189,12180,14171,14438,12314,8028,4844,59923,5340,1389
Mexico,1988,197510,42975,53390,10415,3529,2146,3208,7345,8625,11473,16880,22092,26238,27338,13516,3572,3773,3959,4666,5152,6321,7883,8997,10500,11592,12195,14043,14689,12649,8590,4926,56919,5354,1729
Mexico,1989,197514,41217,51005,9788,3456,2113,3220,7205,8585,11404,17178,22695,26267,27870,14347,3500,3705,3933,4652,5169,6235,7964,9214,10697,11998,12325,13942,14908,12962,9187,5160,54461,5333,2164
Mexico,1990,197313,39352,48525,9173,3251,2034,3210,7063,8519,11394,17472,23322,26483,28273,15237,3444,3619,3889,4630,5202,6192,8027,9445,10950,12372,12591,13892,15016,13257,9724,5513,51776,5244,2530
Mexico,1991,197079,38023,46699,8676,2969,1913,3161,6947,8471,11486,17868,24036,27130,28523,15252,3405,3542,3860,4611,5242,6244,8108,9760,11310,12726,13098,14032,15033,13490,9906,5346,49668,5074,2620
Mexico,1992,196862,36543,44743,8200,2650,1785,3073,6824,8432,11611,18270,24823,28037,28775,15346,3366,3458,3836,4596,5268,6343,8156,10114,11773,13050,13726,14311,15048,13727,10110,5236,47393,4858,2491
Mexico,1993,197113,35049,42790,7741,2365,1670,2977,6701,8394,11749,18648,25691,29084,29103,15679,3322,3379,3807,4587,5291,6458,8191,10457,12301,13390,14391,14693,15113,13990,10358,5321,45155,4647,2262
Mexico,1994,197710,33365,40640,7275,2139,1579,2888,6585,8359,11883,19003,26621,30182,29484,16244,3274,3311,3777,4582,5311,6572,8231,10772,12846,13775,15029,15153,15224,14260,10609,5635,42779,4467,2095
Mexico,1995,198807,31749,38598,6849,2012,1525,2825,6490,8327,12005,19321,27571,31236,29904,17001,3224,3266,3745,4582,5335,6670,8304,11017,13356,14215,15576,15660,15408,14496,10913,6088,40610,4350,1994
Mexico,1996,200363,30076,36482,6406,1964,1502,2780,6410,8295,12098,19590,28567,32204,30421,17976,3167,3243,3714,4581,5358,6740,8427,11163,13820,14747,16006,16198,15707,14714,11243,6733,38446,4282,2071
Mexico,1997,202166,28437,34426,5989,1966,1502,2752,6342,8263,12189,19831,29631,33139,31096,18864,3104,3238,3680,4583,5398,6791,8597,11234,14241,15390,16368,16771,16137,14959,11556,7308,36392,4254,2168
Mexico,1998,204703,26949,32524,5575,1979,1511,2734,6278,8225,12305,20077,30743,34131,31915,19710,3041,3237,3647,4578,5457,6848,8793,11284,14630,16113,16747,17384,16689,15226,11858,7852,34503,4245,2568
Mexico,1999,207926,25842,31052,5210,1982,1525,2711,6213,8181,12470,20357,31881,35247,32840,20331,2982,3231,3614,4567,5539,6931,8998,11359,15000,16881,17212,18035,17347,15493,12160,8171,33034,4236,3127
Mexico,2000,211229,24636,29522,4886,1944,1526,2679,6142,8128,12690,20719,32993,36540,33875,20812,2930,3212,3581,4547,5643,7047,9209,11510,15328,17665,17819,18721,18073,15802,12423,8389,31466,4205,3658
Mexico,2001,214644,23557,28196,4639,1860,1514,2627,6058,8098,12962,21217,33966,38076,35041,20992,2870,3188,3570,4528,5746,7216,9432,11785,15604,18362,18615,19461,18828,16213,12695,8297,30056,4141,4038
Mexico,2002,218692,22470,26886,4416,1757,1497,2578,5985,8089,13272,21796,34936,39982,36806,21084,2829,3156,3575,4514,5846,7426,9653,12143,15875,19061,19653,20329,19812,16994,13053,8031,28643,4075,4028
Mexico,2003,223945,21476,25675,4199,1664,1482,2548,5954,8123,13640,22456,35879,42101,38788,21545,2811,3143,3600,4523,5960,7680,9908,12548,16155,19724,20801,21300,20890,17898,13447,8098,27339,4030,4083
Mexico,2004,229738,20528,24515,3987,1598,1475,2555,5980,8231,14060,23190,36809,44410,40987,22070,2825,3155,3657,4574,6088,7972,10211,12979,16467,20342,22005,22405,22064,18923,13901,8169,26113,4030,3855
Mexico,2005,237063,19662,23472,3810,1587,1486,2616,6109,8436,14545,23988,37716,46864,43385,22934,2897,3212,3757,4679,6244,8301,10561,13427,16845,20871,23217,23647,23334,20051,14460,8474,25059,4102,3919
Mexico,2006,244428,18823,22427,3604,1596,1496,2719,6295,8704,15024,24803,38584,49395,46011,23771,3003,3292,3877,4827,6398,8626,10949,13854,17299,21285,24360,25035,24710,21301,15181,8590,24023,4215,3596
Mexico,2007,252885,18076,21504,3428,1632,1516,2850,6524,9021,15497,25646,39467,51946,48771,24924,3130,3394,4010,5011,6553,8944,11388,14258,17822,21645,25411,26535,26142,22629,16006,8918,23136,4366,3587
Mexico,2008,261093,17407,20675,3268,1665,1532,2979,6732,9314,15903,26498,40325,54403,51540,25997,3249,3483,4130,5184,6686,9217,11833,14665,18350,21975,26372,28031,27579,23961,16844,9153,22340,4511,3528
Mexico,2009,268616,16821,19951,3130,1680,1533,3069,6869,9516,16190,27340,41150,56643,54126,27010,3335,3534,4207,5309,6776,9414,12259,15081,18838,22312,27211,29432,28946,25180,17624,9386,21631,4602,3543
Mexico,2010,274168,16266,19268,3002,1650,1511,3080,6889,9558,16325,28100,41967,58458,56283,27699,3359,3530,4211,5347,6806,9519,12624,15476,19276,22691,27821,30637,30119,26164,18255,9444,20918,4591,3374
Mexico,2011,278077,15790,18674,2884,1580,1471,3015,6815,9460,16372,28800,42788,59787,57874,28123,3331,3484,4155,5305,6813,9559,12919,15881,19641,23147,28188,31599,31059,26815,18635,9488,20254,4486,3319
Mexico,2012,284000,15267,18033,2766,1491,1429,2899,6668,9293,16386,29578,43886,61059,60347,29710,3260,3408,4069,5224,6819,9567,13199,16379,20078,23808,28524,32535,32301,28046,19787,9923,19524,4328,3218
Mexico,2013,290981,14701,17349,2648,1407,1393,2775,6548,9162,16497,30495,45212,62552,63062,31120,3191,3357,3997,5165,6880,9617,13493,17002,20645,24567,28923,33629,33739,29323,20718,10402,18756,4168,3407
Mexico,2014,300544,13923,16449,2526,1351,1373,2682,6526,9156,16804,31637,46877,64308,66588,33258,3158,3368,3975,5181,7033,9771,13855,17782,21435,25442,29469,34839,35484,31104,22223,11035,17800,4055,3532
Mexico,2015,315383,13176,15599,2423,1344,1384,2651,6681,9379,17431,33096,49029,66567,71368,36922,3197,3484,4053,5326,7338,10093,14351,18745,22521,26508,30321,36246,37709,33659,24566,12356,16943,4035,3935
Mexico,2016,335111,12507,14814,2307,1369,1418,2684,7001,9822,18385,34801,51629,69285,77386,42029,3305,3696,4228,5594,7785,10600,14970,19831,23893,27736,31522,37763,40336,37050,27742,14287,16183,4102,4486
Mexico,2017,355179,11899,14095,2196,1401,1447,2744,7362,10334,19395,36349,54293,71881,83560,47482,3434,3928,4448,5886,8233,11162,15553,20796,25322,28971,32882,38999,42829,40731,31193,16289,15496,4191,4834
Mexico,2018,370635,11280,13362,2082,1393,1424,2776,7549,10719,20121,37336,56535,73631,88384,52593,3490,4059,4648,6071,8488,11633,15927,21409,26465,30070,34119,39512,44568,43816,34122,18471,14755,4200,4805
Mexico,2019,375338,10512,12481,1969,1314,1314,2734,7358,10758,20190,37273,57817,73806,90144,55690,3394,3964,4753,6005,8352,11838,15889,21384,26946,30871,34934,38872,44907,45237,35600,20090,13795,4048,4456
Mexico,2020,484821,10109,11970,1861,1165,1409,2768,8922,14357,30308,58465,89925,102917,105796,53316,3944,4978,6075,8282,12140,18168,24690,33775,42735,47190,51021,51896,55504,50292,35808,17508,13135,4177,3502
Mexico,2021,478200,9529,11506,1977,1229,1386,2620,7836,13112,27613,55979,89520,102527,104974,55625,3478,4358,5533,7579,11141,16472,23315,32664,41842,47678,51115,51412,54576,50398,36813,18812,12735,4006,4268
Micronesia (country),1950,248,73,103,30,9,5,6,13,10,10,17,21,29,15,0,8,5,5,5,5,5,7,10,10,11,15,14,14,1,0,0,112,11,0
Micronesia (country),1951,255,77,108,31,9,5,6,14,10,10,18,21,28,18,0,9,5,5,5,5,5,8,10,10,11,15,13,15,3,0,0,117,11,0
Micronesia (country),1952,256,77,110,33,9,5,5,12,10,10,18,21,28,18,0,7,5,5,5,5,5,8,10,10,11,15,13,13,5,0,0,119,10,0
Micronesia (country),1953,253,77,109,32,9,5,5,10,10,10,17,21,28,16,0,5,5,5,5,5,5,7,10,10,11,15,13,10,6,0,0,118,10,0
Micronesia (country),1954,249,77,109,32,9,5,5,10,10,10,16,21,28,18,0,5,5,5,5,5,5,6,10,10,11,15,13,10,8,0,0,118,10,0
Micronesia (country),1955,248,77,109,32,9,5,5,10,10,10,16,21,28,18,1,5,5,5,5,5,5,6,10,10,11,15,13,10,8,1,0,118,10,0
Micronesia (country),1956,246,77,109,32,8,5,5,10,10,10,16,21,29,18,1,5,5,5,5,5,5,6,10,10,11,15,14,10,8,1,0,117,10,0
Micronesia (country),1957,246,77,109,32,9,5,5,10,10,10,16,22,29,15,2,5,5,5,5,5,5,6,10,10,12,15,14,10,5,2,0,118,10,0
Micronesia (country),1958,245,77,108,31,9,5,5,10,10,10,17,22,29,15,2,5,5,5,5,5,5,7,10,10,12,15,14,10,5,2,0,117,10,0
Micronesia (country),1959,243,76,106,30,9,5,5,10,10,10,17,22,29,15,3,5,5,5,5,5,5,7,10,10,12,15,14,10,5,3,0,115,10,0
Micronesia (country),1960,240,75,104,29,9,5,5,10,10,10,16,22,30,15,3,5,5,5,5,5,5,6,10,10,12,15,15,10,5,3,0,113,10,0
Micronesia (country),1961,239,75,104,29,8,5,5,10,10,10,16,23,30,15,3,5,5,5,5,5,5,6,10,10,13,15,15,10,5,3,0,112,10,0
Micronesia (country),1962,239,74,100,26,7,5,5,10,10,10,16,23,30,16,2,5,5,5,5,5,5,6,10,10,13,15,15,11,5,2,0,107,10,0
Micronesia (country),1963,240,74,100,26,7,5,5,10,10,10,16,24,30,17,1,5,5,5,5,5,5,6,10,10,14,15,15,11,6,1,0,107,10,0
Micronesia (country),1964,243,73,98,25,7,5,5,10,10,10,18,25,30,18,1,5,5,5,5,5,5,8,10,10,15,15,15,12,6,1,0,105,10,0
Micronesia (country),1965,240,72,97,25,7,5,5,10,10,10,18,25,30,18,1,5,5,5,5,5,5,8,10,10,15,15,15,12,6,1,0,104,10,0
Micronesia (country),1966,243,72,97,25,7,5,5,10,10,10,19,26,30,19,1,5,5,5,5,5,5,9,10,11,15,15,15,13,6,1,0,104,10,0
Micronesia (country),1967,241,71,93,22,7,5,5,10,10,10,19,26,30,19,1,5,5,5,5,5,5,9,10,11,15,15,15,13,6,1,0,100,10,0
Micronesia (country),1968,244,70,92,22,7,5,5,10,10,10,20,26,33,20,1,5,5,5,5,5,5,10,10,11,15,17,16,13,7,1,0,99,10,0
Micronesia (country),1969,243,70,92,22,7,5,5,10,10,10,20,26,34,20,2,5,5,5,5,5,5,10,10,11,15,17,17,13,7,2,0,99,10,0
Micronesia (country),1970,242,69,90,21,7,5,5,10,10,10,20,26,35,20,2,5,5,5,5,5,5,10,10,11,15,18,17,13,7,2,0,97,10,0
Micronesia (country),1971,241,69,90,21,7,5,5,10,10,10,19,27,37,20,2,5,5,5,5,5,5,9,10,12,15,19,18,13,7,2,0,97,10,0
Micronesia (country),1972,243,68,89,21,7,5,5,10,10,10,20,27,38,21,2,5,5,5,5,5,5,10,10,12,15,19,19,14,7,2,0,96,10,0
Micronesia (country),1973,241,66,86,20,7,5,5,10,10,10,19,27,38,22,2,5,5,5,5,5,5,9,10,12,15,19,19,14,8,2,0,93,10,0
Micronesia (country),1974,238,65,85,20,7,5,5,10,10,10,19,27,39,22,2,5,5,5,5,5,5,9,10,12,15,19,20,14,8,2,0,92,10,0
Micronesia (country),1975,237,64,83,19,6,5,5,10,10,10,19,27,40,22,3,5,5,5,5,5,5,9,10,12,15,20,20,14,8,3,0,89,10,0
Micronesia (country),1976,235,63,82,19,6,5,5,10,10,10,18,27,39,22,3,5,5,5,5,5,5,8,10,12,15,19,20,14,8,3,0,88,10,0
Micronesia (country),1977,233,63,80,17,6,5,5,10,10,10,18,27,39,22,3,5,5,5,5,5,5,8,10,12,15,19,20,14,8,3,0,86,10,0
Micronesia (country),1978,231,63,80,17,6,5,5,10,10,10,17,26,39,22,3,5,5,5,5,5,5,7,10,11,15,19,20,14,8,3,0,86,10,0
Micronesia (country),1979,235,63,80,17,6,5,5,10,10,10,18,27,40,22,3,5,5,5,5,5,5,8,10,12,15,20,20,15,7,3,0,86,10,0
Micronesia (country),1980,235,63,80,17,6,5,5,10,10,10,18,27,40,25,3,5,5,5,5,5,5,8,10,12,15,20,20,17,8,3,0,86,10,0
Micronesia (country),1981,239,63,80,17,6,5,5,10,10,10,19,29,40,25,3,5,5,5,5,5,5,9,10,13,16,20,20,17,8,3,0,86,10,0
Micronesia (country),1982,238,64,81,17,6,5,5,10,10,10,18,29,40,26,3,5,5,5,5,5,5,8,10,13,16,20,20,18,8,3,0,87,10,0
Micronesia (country),1983,241,64,81,17,6,5,5,10,10,10,18,29,40,28,3,5,5,5,5,5,5,8,10,13,16,20,20,18,10,3,0,87,10,0
Micronesia (country),1984,239,64,81,17,6,5,5,10,10,10,18,29,40,29,3,5,5,5,5,5,5,8,10,13,16,20,20,19,10,3,0,87,10,0
Micronesia (country),1985,243,63,80,17,6,5,5,10,10,10,18,29,44,30,3,5,5,5,5,5,5,8,10,13,16,21,23,19,11,3,0,86,10,0
Micronesia (country),1986,245,62,79,17,6,5,5,10,10,10,18,30,46,30,3,5,5,5,5,5,5,8,10,13,17,22,24,19,11,3,0,85,10,0
Micronesia (country),1987,250,61,78,17,6,5,5,10,10,10,18,31,47,32,4,5,5,5,5,5,5,8,10,13,18,22,25,20,12,4,0,84,10,0
Micronesia (country),1988,245,60,75,15,5,5,5,10,10,10,18,31,47,32,4,5,5,5,5,5,5,8,10,13,18,22,25,20,12,4,0,80,10,0
Micronesia (country),1989,245,58,73,15,5,5,5,10,10,10,18,31,48,34,4,5,5,5,5,5,5,8,10,13,18,23,25,21,13,4,0,78,10,0
Micronesia (country),1990,246,56,71,15,5,5,5,10,10,10,18,31,48,35,4,5,5,5,5,5,5,8,10,13,18,23,25,22,13,4,0,76,10,0
Micronesia (country),1991,247,55,70,15,5,5,5,10,10,10,18,32,49,35,5,5,5,5,5,5,5,8,10,14,18,24,25,22,13,5,0,75,10,0
Micronesia (country),1992,246,55,70,15,5,5,5,10,10,10,17,31,49,36,6,5,5,5,5,5,5,7,10,14,17,24,25,23,13,6,0,75,10,0
Micronesia (country),1993,255,54,68,14,5,5,5,10,10,10,16,32,50,41,7,5,5,5,5,5,5,6,10,14,18,25,25,25,16,7,0,73,10,0
Micronesia (country),1994,266,54,67,13,5,5,5,10,10,10,16,32,54,47,8,5,5,5,5,5,5,6,10,14,18,28,26,26,21,8,0,72,10,0
Micronesia (country),1995,267,53,66,13,5,5,5,10,10,10,15,31,54,49,10,5,5,5,5,5,5,5,10,14,17,28,26,26,23,9,1,71,10,0
Micronesia (country),1996,265,53,65,12,5,5,5,10,10,10,14,32,54,45,10,5,5,5,5,5,5,5,9,14,18,26,28,23,22,9,1,70,10,0
Micronesia (country),1997,255,51,63,12,4,2,5,10,10,10,14,32,53,42,12,5,5,5,5,5,5,5,9,14,18,24,29,22,20,10,2,67,7,0
Micronesia (country),1998,249,49,60,11,4,2,5,10,10,13,14,32,52,39,11,5,5,5,5,5,8,6,8,14,18,23,29,21,18,9,2,64,7,0
Micronesia (country),1999,242,48,58,10,4,2,5,10,10,13,18,33,48,38,9,5,5,5,5,5,8,8,10,14,19,22,26,22,16,7,2,62,7,0
Micronesia (country),2000,238,46,58,12,5,5,5,10,10,14,19,35,48,35,8,5,5,5,5,5,9,10,9,15,20,23,25,22,13,6,2,63,10,0
Micronesia (country),2001,226,43,53,10,3,0,5,10,10,13,19,34,47,34,7,5,5,5,5,5,8,10,9,14,20,22,25,21,13,6,1,56,5,0
Micronesia (country),2002,255,43,58,15,7,5,5,10,10,18,20,34,48,36,6,5,5,5,5,8,10,10,10,14,20,23,25,22,14,6,0,65,10,0
Micronesia (country),2003,225,38,47,9,2,0,4,10,10,13,20,31,48,37,7,5,5,5,5,5,8,10,10,12,19,23,25,23,14,6,1,49,4,0
Micronesia (country),2004,225,37,45,8,3,0,3,10,10,13,20,30,49,39,8,5,5,5,5,5,8,10,10,11,19,24,25,23,16,7,1,48,3,0
Micronesia (country),2005,224,36,44,8,2,0,3,10,10,14,20,29,49,39,8,5,5,5,5,5,9,10,10,11,18,24,25,23,16,7,1,46,3,0
Micronesia (country),2006,224,34,41,7,2,0,3,10,10,14,20,30,50,39,7,5,5,5,5,5,9,10,10,12,18,25,25,23,16,7,0,43,3,0
Micronesia (country),2007,223,33,40,7,2,0,3,10,10,14,20,29,49,40,8,5,5,5,5,5,9,10,10,12,17,24,25,23,17,7,1,42,3,0
Micronesia (country),2008,216,32,39,7,1,0,0,2,8,13,22,28,48,38,8,0,2,3,5,5,8,10,12,11,17,23,25,22,16,7,1,40,0,0
Micronesia (country),2009,213,31,38,7,1,0,0,2,9,12,22,31,48,37,8,0,2,4,5,5,7,10,12,14,17,23,25,22,15,7,1,39,0,0
Micronesia (country),2010,207,29,36,7,1,0,0,0,9,13,24,32,46,33,8,0,0,4,5,5,8,10,14,15,17,21,25,20,13,7,1,37,0,0
Micronesia (country),2011,208,28,35,7,1,0,0,0,9,12,25,32,46,34,7,0,0,4,5,5,7,10,15,15,17,21,25,21,13,6,1,36,0,0
Micronesia (country),2012,211,27,34,7,1,0,1,0,9,13,25,32,47,35,7,0,0,4,5,5,8,10,15,15,17,22,25,22,13,6,1,35,1,0
Micronesia (country),2013,215,26,32,6,1,0,0,1,9,13,26,35,48,38,8,1,0,4,5,5,8,11,15,17,18,23,25,23,15,7,1,33,0,0
Micronesia (country),2014,220,25,31,6,1,0,0,1,9,13,26,38,49,38,8,1,0,4,5,5,8,11,15,18,20,24,25,23,15,7,1,32,0,0
Micronesia (country),2015,228,24,30,6,2,0,3,4,9,13,27,40,50,40,8,4,0,4,5,5,8,11,16,20,20,24,26,24,16,7,1,32,3,0
Micronesia (country),2016,232,23,28,5,1,0,2,5,8,13,26,44,53,42,8,5,0,3,5,5,8,10,16,20,24,23,30,26,16,7,1,29,2,0
Micronesia (country),2017,240,22,27,5,1,0,2,8,9,13,27,48,56,44,8,5,3,4,5,5,8,11,16,23,25,26,30,27,17,7,1,28,2,0
Micronesia (country),2018,249,22,27,5,1,0,2,10,10,13,29,50,56,47,8,5,5,5,5,5,8,12,17,23,27,26,30,28,19,7,1,28,2,0
Micronesia (country),2019,261,21,26,5,1,0,3,10,10,14,29,54,60,48,8,5,5,5,5,5,9,12,17,24,30,29,31,29,19,7,1,27,3,0
Micronesia (country),2020,276,20,25,5,1,0,4,10,10,15,32,58,68,50,9,5,5,5,5,5,10,14,18,27,31,34,34,30,20,8,1,26,4,0
Micronesia (country),2021,286,20,24,4,1,0,4,10,10,14,32,62,70,53,10,5,5,5,5,5,9,14,18,27,35,37,33,32,21,9,1,25,4,0
Moldova,1950,17511,2785,3539,754,159,132,159,382,475,809,1188,2668,4399,2727,831,182,200,169,306,342,467,535,653,1134,1534,2018,2381,1589,1138,621,210,3698,291,44
Moldova,1951,17626,3056,3909,853,181,130,163,391,476,818,1216,2593,4200,2696,807,184,207,182,294,358,460,561,655,1094,1499,1933,2267,1641,1055,605,202,4090,293,44
Moldova,1952,17386,3051,3994,943,143,128,169,394,478,826,1251,2519,3988,2670,785,184,210,201,277,378,448,584,667,1044,1475,1852,2136,1698,972,588,197,4137,297,45
Moldova,1953,17341,3047,4031,984,177,125,177,400,483,844,1307,2479,3838,2672,766,185,215,221,262,402,442,610,697,1009,1470,1799,2039,1744,928,569,197,4208,302,45
Moldova,1954,17057,3039,4038,999,180,119,179,399,490,845,1336,2412,3659,2627,729,184,215,235,255,409,436,617,719,972,1440,1727,1932,1718,909,535,194,4218,298,43
Moldova,1955,16924,3024,4014,990,197,113,181,407,505,853,1373,2377,3556,2609,693,189,218,245,260,408,445,620,753,958,1419,1687,1869,1678,931,500,193,4211,294,42
Moldova,1956,16754,3004,3972,968,225,108,181,413,523,856,1399,2336,3470,2582,650,194,219,250,273,395,461,611,788,955,1381,1658,1812,1616,966,459,191,4197,289,41
Moldova,1957,16593,2971,3915,944,224,104,177,418,552,858,1418,2305,3414,2557,610,199,219,257,295,376,482,600,818,967,1338,1651,1763,1551,1006,423,187,4139,281,42
Moldova,1958,16503,2923,3841,918,249,106,170,422,575,863,1440,2297,3379,2536,580,204,218,261,314,362,501,596,844,996,1301,1651,1728,1501,1035,402,178,4090,276,43
Moldova,1959,16533,2856,3745,889,245,113,162,430,599,880,1476,2328,3397,2534,573,209,221,266,333,365,515,610,866,1042,1286,1672,1725,1484,1050,405,168,3990,275,45
Moldova,1960,16514,2766,3622,856,246,128,150,432,616,893,1506,2370,3412,2517,574,211,221,270,346,379,514,633,873,1091,1279,1683,1729,1474,1043,420,154,3868,278,47
Moldova,1961,16471,2633,3452,819,236,144,140,434,621,906,1535,2429,3437,2508,580,208,226,270,351,402,504,666,869,1146,1283,1682,1755,1478,1030,443,137,3688,284,47
Moldova,1962,16364,2434,3209,775,230,155,133,432,624,917,1567,2498,3460,2499,594,201,231,269,355,432,485,703,864,1193,1305,1664,1796,1485,1014,468,126,3439,288,45
Moldova,1963,16411,2232,2953,721,226,166,134,429,629,939,1619,2599,3526,2537,615,192,237,268,361,465,474,744,875,1240,1359,1663,1863,1518,1019,493,122,3179,300,42
Moldova,1964,16352,2017,2675,658,216,169,142,417,631,963,1662,2674,3567,2577,625,179,238,268,363,485,478,765,897,1261,1413,1655,1912,1547,1030,503,122,2891,311,39
Moldova,1965,16599,1887,2482,595,212,170,160,407,640,1004,1725,2781,3665,2675,645,165,242,271,369,502,502,778,947,1284,1497,1681,1984,1609,1066,515,130,2694,330,35
Moldova,1966,16795,1790,2330,540,207,168,179,390,646,1049,1766,2861,3729,2778,662,152,238,277,369,510,539,763,1003,1285,1576,1709,2020,1675,1103,523,139,2537,347,31
Moldova,1967,17230,1710,2208,498,195,166,198,381,658,1114,1833,2973,3847,2940,689,146,235,286,372,520,594,749,1084,1302,1671,1783,2064,1779,1161,539,150,2403,364,29
Moldova,1968,17520,1652,2118,466,189,165,209,370,662,1163,1876,3044,3921,3069,713,147,223,294,368,524,639,729,1147,1315,1729,1853,2068,1861,1208,553,160,2307,374,27
Moldova,1969,18067,1621,2067,446,176,163,214,369,670,1216,1942,3154,4070,3242,752,160,209,302,368,535,681,737,1205,1367,1787,1967,2103,1966,1276,584,168,2243,377,27
Moldova,1970,18678,1626,2061,435,170,165,212,379,683,1255,2008,3266,4245,3414,796,186,193,309,374,545,710,778,1230,1440,1826,2097,2148,2063,1351,620,176,2231,377,28
Moldova,1971,19375,1656,2086,430,157,165,211,389,696,1283,2074,3395,4458,3581,846,210,179,310,386,552,731,846,1228,1541,1854,2241,2217,2144,1437,661,185,2243,376,29
Moldova,1972,19680,1657,2073,416,149,158,207,395,694,1281,2092,3467,4600,3650,881,228,167,302,392,545,736,914,1178,1623,1844,2338,2262,2151,1499,689,192,2222,365,30
Moldova,1973,20286,1661,2071,410,138,155,206,412,698,1297,2146,3609,4827,3763,931,242,170,290,408,546,751,996,1150,1726,1883,2453,2374,2182,1581,730,201,2209,361,32
Moldova,1974,20885,1660,2063,403,134,148,206,434,696,1315,2214,3748,5048,3869,981,247,187,274,422,546,769,1060,1154,1798,1950,2536,2512,2209,1660,769,212,2197,354,33
Moldova,1975,21113,1645,2046,401,126,137,203,452,670,1311,2264,3797,5164,3902,1010,241,211,248,422,541,770,1081,1183,1786,2011,2540,2624,2198,1704,791,219,2172,340,34
Moldova,1976,21707,1610,2003,393,125,129,203,479,653,1337,2392,3899,5374,4015,1064,237,242,229,424,556,781,1109,1283,1762,2137,2577,2797,2249,1766,831,233,2128,332,36
Moldova,1977,22280,1575,1958,383,124,122,201,503,634,1361,2540,3985,5574,4122,1116,236,267,218,416,574,787,1131,1409,1705,2280,2609,2965,2321,1801,870,246,2082,323,37
Moldova,1978,22825,1540,1912,372,122,115,196,519,621,1384,2682,4064,5765,4240,1166,235,284,221,400,598,786,1150,1532,1655,2409,2664,3101,2422,1818,909,257,2034,311,39
Moldova,1979,22885,1523,1883,360,125,105,182,513,607,1367,2730,4053,5813,4278,1190,230,283,239,368,601,766,1143,1587,1619,2434,2691,3122,2491,1787,928,262,2008,287,41
Moldova,1980,22813,1506,1855,349,117,100,167,494,595,1340,2721,4015,5829,4324,1211,222,272,267,328,591,749,1127,1594,1644,2371,2738,3091,2570,1754,944,267,1972,267,43
Moldova,1981,22703,1493,1830,337,120,94,152,475,587,1312,2672,3970,5839,4383,1223,214,261,296,291,570,742,1101,1571,1727,2243,2807,3032,2650,1733,952,271,1950,246,44
Moldova,1982,22524,1481,1804,323,111,90,136,452,580,1279,2599,3911,5850,4447,1223,204,248,315,265,540,739,1063,1536,1828,2083,2881,2969,2716,1731,945,278,1915,226,46
Moldova,1983,23779,1488,1797,309,114,94,131,462,622,1322,2688,4133,6266,4804,1295,205,257,345,277,530,792,1085,1603,2052,2081,3134,3132,2938,1866,993,302,1911,225,50
Moldova,1984,24770,1470,1767,297,109,96,127,462,672,1340,2758,4344,6612,5091,1343,199,263,358,314,507,833,1097,1661,2216,2128,3304,3308,3085,2006,1020,323,1876,223,53
Moldova,1985,25529,1388,1674,286,100,98,125,457,730,1324,2824,4580,6867,5323,1372,189,268,358,372,469,855,1112,1712,2320,2260,3356,3511,3170,2153,1035,337,1774,223,54
Moldova,1986,22546,1334,1606,272,101,85,104,379,668,1095,2443,4116,5981,4709,1209,151,228,300,368,364,731,965,1478,2013,2103,2801,3180,2741,1968,907,302,1707,189,50
Moldova,1987,22654,1271,1529,258,77,82,100,359,688,1039,2424,4269,5976,4806,1253,138,221,292,396,333,706,974,1450,1993,2276,2647,3329,2735,2071,939,314,1606,182,54
Moldova,1988,22918,1144,1389,245,89,80,99,340,707,1001,2416,4445,6031,4940,1321,128,212,290,417,336,665,996,1420,1996,2449,2542,3489,2773,2167,995,326,1478,179,58
Moldova,1989,22293,1013,1245,232,78,75,97,305,678,949,2299,4391,5871,4883,1358,114,191,277,401,359,590,969,1330,1930,2461,2428,3443,2740,2143,1031,327,1323,172,62
Moldova,1990,23840,948,1166,218,78,76,104,304,706,1012,2412,4722,6316,5324,1549,116,188,291,415,445,567,1025,1387,2060,2662,2678,3638,3019,2305,1188,361,1244,180,70
Moldova,1991,26781,904,1113,209,102,82,117,320,772,1143,2687,5298,7166,6076,1827,126,194,324,448,573,570,1129,1558,2311,2987,3237,3929,3515,2561,1413,414,1215,199,82
Moldova,1992,24873,899,1101,202,86,73,108,283,704,1070,2460,4832,6659,5673,1749,116,167,294,410,582,488,1010,1450,2102,2730,3241,3418,3356,2317,1355,394,1187,181,79
Moldova,1993,27049,893,1094,201,104,77,110,288,738,1187,2624,5190,7339,6259,1951,124,164,302,436,653,534,1025,1599,2231,2959,3783,3556,3760,2499,1504,447,1198,187,89
Moldova,1994,30944,882,1087,205,88,88,126,321,826,1444,2944,5930,8582,7180,2225,143,178,325,501,751,693,1088,1856,2508,3422,4535,4047,4336,2844,1697,528,1175,214,100
Moldova,1995,30069,834,1032,198,83,82,119,306,780,1510,2756,5779,8564,6855,2108,141,165,293,487,716,794,961,1795,2417,3362,4487,4077,4099,2756,1580,528,1115,201,96
Moldova,1996,33014,790,979,189,74,89,129,334,833,1787,2916,6419,9799,7326,2229,157,177,297,536,772,1015,962,1954,2685,3734,4962,4837,4274,3052,1643,586,1053,218,101
Moldova,1997,30631,783,957,174,78,81,117,305,741,1743,2602,5977,9441,6534,1957,143,162,255,486,709,1034,842,1760,2533,3444,4584,4857,3697,2837,1421,536,1035,198,93
Moldova,1998,30160,716,871,155,59,78,114,298,693,1769,2503,5885,9648,6296,1851,139,159,233,460,701,1068,866,1637,2545,3340,4531,5117,3482,2814,1335,516,930,192,93
Moldova,1999,30022,636,773,137,58,72,110,297,647,1760,2508,5826,9859,6236,1783,137,160,219,428,698,1062,997,1511,2554,3272,4561,5298,3462,2774,1290,493,831,182,94
Moldova,2000,27901,563,680,117,41,61,101,272,559,1603,2366,5364,9279,5854,1632,124,148,195,364,645,958,1093,1273,2345,3019,4289,4990,3364,2490,1195,437,721,162,92
Moldova,2001,27152,499,598,99,39,52,96,260,514,1528,2340,5186,9019,5873,1560,117,143,186,328,625,903,1203,1137,2218,2968,4179,4840,3576,2297,1162,398,637,148,90
Moldova,2002,27327,442,526,84,38,46,95,256,495,1515,2391,5193,9006,6121,1551,115,141,186,309,618,897,1310,1081,2167,3026,4177,4829,3938,2183,1178,373,564,141,89
Moldova,2003,26354,412,484,72,32,41,90,240,462,1434,2376,4942,8594,6094,1478,107,133,179,283,574,860,1317,1059,2000,2942,3952,4642,4050,2044,1140,338,516,131,82
Moldova,2004,25004,395,459,64,27,37,82,223,428,1332,2357,4576,8096,5925,1391,100,123,169,259,517,815,1246,1111,1798,2778,3675,4421,3942,1983,1079,312,486,119,75
Moldova,2005,24484,370,430,60,22,33,72,210,399,1263,2460,4309,7933,5961,1318,95,115,160,239,469,794,1191,1269,1614,2695,3551,4382,3909,2052,1017,301,452,105,69
Moldova,2006,23578,354,413,59,21,29,62,198,370,1170,2522,3956,7653,5898,1224,91,107,151,219,415,755,1113,1409,1398,2558,3409,4244,3752,2146,929,295,434,91,64
Moldova,2007,22827,345,402,57,21,26,50,184,345,1077,2553,3665,7397,5889,1154,86,98,141,204,368,709,1054,1499,1238,2427,3317,4080,3631,2258,859,295,423,76,61
Moldova,2008,22009,344,400,56,16,22,45,170,318,977,2524,3423,7079,5856,1116,79,91,129,189,327,650,1003,1521,1186,2237,3232,3847,3537,2319,821,295,416,67,58
Moldova,2009,21388,345,401,56,18,19,38,161,297,882,2433,3312,6799,5839,1131,74,87,120,177,293,589,962,1471,1279,2033,3149,3650,3493,2346,834,297,419,57,57
Moldova,2010,21761,333,388,55,16,17,37,153,293,831,2422,3415,6854,6054,1223,67,86,117,176,281,550,968,1454,1527,1888,3179,3675,3611,2443,925,298,404,54,59
Moldova,2011,22061,311,363,52,16,17,34,143,286,778,2391,3517,6919,6212,1328,59,84,112,174,271,507,965,1426,1791,1726,3176,3743,3699,2513,1036,292,379,51,60
Moldova,2012,22185,295,345,50,18,16,30,134,277,731,2345,3578,6955,6275,1419,51,83,109,168,263,468,940,1405,1998,1580,3153,3802,3709,2566,1143,276,363,46,61
Moldova,2013,22220,280,327,47,16,16,28,127,267,689,2299,3695,6929,6264,1500,47,80,105,162,255,434,898,1401,2132,1563,3063,3866,3659,2605,1230,270,343,44,60
Moldova,2014,22245,290,335,45,16,15,26,117,259,658,2241,3905,6805,6246,1565,43,74,102,157,251,407,841,1400,2130,1775,2918,3887,3616,2630,1290,275,351,41,58
Moldova,2015,21555,284,330,46,13,13,21,104,242,612,2106,4086,6335,6068,1570,38,66,96,146,237,375,753,1353,2014,2072,2606,3729,3483,2585,1285,285,343,34,53
Moldova,2016,20234,274,318,44,13,11,19,89,220,553,1904,4123,5672,5731,1530,33,56,89,131,218,335,650,1254,1843,2280,2195,3477,3270,2461,1235,295,331,30,46
Moldova,2017,19293,250,295,45,15,10,17,75,205,507,1732,4167,5185,5516,1527,29,46,83,122,200,307,569,1163,1732,2435,1866,3319,3155,2361,1212,315,310,27,43
Moldova,2018,19164,235,278,43,13,10,16,67,197,488,1625,4289,5031,5526,1580,25,42,81,116,192,296,524,1101,1715,2574,1833,3198,3192,2334,1233,347,291,26,44
Moldova,2019,18685,219,261,42,11,10,15,59,183,463,1478,4155,5000,5411,1594,22,37,75,108,181,282,475,1003,1664,2491,2057,2943,3142,2269,1227,367,272,25,47
Moldova,2020,20465,206,244,38,13,10,13,51,176,480,1510,4606,5676,5876,1750,18,33,67,109,182,298,491,1019,1854,2752,2766,2910,3377,2499,1342,408,257,23,55
Moldova,2021,23397,199,235,36,14,10,15,59,204,555,1640,5216,6633,6788,1958,21,38,74,130,210,345,550,1090,2131,3085,3606,3027,3894,2894,1499,459,249,25,67
Monaco,1950,146,6,6,0,0,0,0,0,0,9,14,30,46,31,5,0,0,0,0,4,5,5,9,13,17,24,22,19,12,5,0,6,0,0
Monaco,1951,180,7,8,1,0,0,0,0,2,10,17,34,51,43,10,0,0,0,2,5,5,7,10,14,20,26,25,29,14,9,1,8,0,0
Monaco,1952,160,6,8,2,0,0,0,0,0,10,15,32,52,33,3,0,0,0,0,5,5,5,10,13,19,26,26,20,13,3,0,8,0,0
Monaco,1953,149,4,4,0,0,0,0,0,0,7,13,29,52,34,4,0,0,0,0,2,5,5,8,12,17,24,28,20,14,4,0,4,0,0
Monaco,1954,150,4,4,0,0,0,0,0,0,6,13,29,52,36,5,0,0,0,0,1,5,5,8,12,17,22,30,22,14,5,0,4,0,0
Monaco,1955,154,4,4,0,0,0,0,0,0,6,13,29,50,40,7,0,0,0,0,1,5,5,8,11,18,21,29,26,14,7,0,4,0,0
Monaco,1956,160,3,3,0,0,0,0,0,0,5,13,29,49,46,9,0,0,0,0,0,5,5,8,11,18,21,28,29,17,8,1,3,0,0
Monaco,1957,163,3,3,0,0,0,0,0,0,5,13,28,50,51,10,0,0,0,0,0,5,5,8,11,17,22,28,32,19,8,2,3,0,0
Monaco,1958,165,3,3,0,0,0,0,0,0,4,12,28,52,53,10,0,0,0,0,0,4,5,7,11,17,24,28,33,20,8,2,3,0,0
Monaco,1959,167,3,3,0,0,0,0,0,0,3,12,27,52,54,11,0,0,0,0,0,3,5,7,10,17,24,28,32,22,9,2,3,0,0
Monaco,1960,166,3,3,0,0,0,0,0,0,2,11,26,50,55,12,0,0,0,0,0,2,5,6,10,16,23,27,31,24,10,2,3,0,0
Monaco,1961,165,3,3,0,0,0,0,0,0,1,10,25,50,54,15,0,0,0,0,0,1,5,5,10,15,23,27,30,24,12,3,3,0,0
Monaco,1962,166,2,2,0,0,0,0,0,0,0,10,24,50,55,18,0,0,0,0,0,0,5,5,10,14,22,28,30,25,14,4,2,0,0
Monaco,1963,168,2,2,0,0,0,0,0,0,0,10,23,51,56,19,0,0,0,0,0,0,5,5,9,14,22,29,30,26,15,4,2,0,0
Monaco,1964,177,3,3,0,0,0,0,0,0,0,10,25,53,61,22,0,0,0,0,0,0,5,5,9,16,23,30,34,27,16,6,3,0,0
Monaco,1965,190,3,3,0,0,0,0,0,0,0,11,27,58,65,21,0,0,0,0,0,0,5,6,10,17,24,34,35,30,16,5,3,0,1
Monaco,1966,199,3,3,0,0,0,0,0,0,0,10,29,61,69,22,0,0,0,0,0,0,4,6,11,18,25,36,38,31,17,5,3,0,1
Monaco,1967,204,3,3,0,0,0,0,0,0,1,11,27,61,70,23,0,0,0,0,0,1,4,7,10,17,25,36,39,31,18,5,3,0,1
Monaco,1968,208,3,3,0,0,0,0,0,0,3,9,28,63,73,23,0,0,0,0,0,3,3,6,10,18,27,36,42,31,18,5,3,0,1
Monaco,1969,211,3,3,0,0,0,0,0,0,3,9,28,63,75,24,0,0,0,0,0,3,3,6,10,18,27,36,43,32,19,5,3,0,1
Monaco,1970,215,3,3,0,0,0,0,0,0,2,11,28,65,79,24,0,0,0,0,0,2,5,6,11,17,28,37,45,34,19,5,3,0,1
Monaco,1971,219,3,3,0,0,0,0,0,0,2,11,28,66,82,24,0,0,0,0,0,2,5,6,11,17,28,38,47,35,19,5,3,0,1
Monaco,1972,224,3,3,0,0,0,0,0,0,2,11,29,66,84,26,0,0,0,0,0,2,5,6,12,17,28,38,47,37,21,5,3,0,1
Monaco,1973,229,3,3,0,0,0,0,0,0,2,10,29,66,87,27,0,0,0,0,0,2,5,5,11,18,27,39,48,39,22,5,3,0,1
Monaco,1974,235,2,2,0,0,0,0,0,0,2,10,29,66,92,30,0,0,0,0,0,2,5,5,11,18,27,39,49,43,22,8,2,0,1
Monaco,1975,242,2,2,0,0,0,0,0,0,2,10,29,67,92,34,0,0,0,0,0,2,5,5,10,19,28,39,49,43,25,9,2,0,1
Monaco,1976,244,2,2,0,0,0,0,0,0,2,10,29,67,94,34,0,0,0,0,0,2,5,5,10,19,28,39,49,45,25,9,2,0,1
Monaco,1977,245,2,2,0,0,0,0,0,0,2,10,27,68,96,35,0,0,0,0,0,2,5,5,8,19,29,39,50,46,26,9,2,0,1
Monaco,1978,247,2,2,0,0,0,0,0,0,2,10,25,68,97,35,0,0,0,0,0,2,5,5,8,17,29,39,50,47,27,8,2,0,1
Monaco,1979,249,2,2,0,0,0,0,0,0,1,10,26,68,96,38,0,0,0,0,0,1,5,5,9,17,28,40,49,47,30,8,2,0,1
Monaco,1980,252,2,2,0,0,0,0,0,0,1,10,25,65,98,40,0,0,0,0,0,1,5,5,9,16,26,39,50,48,30,10,2,0,1
Monaco,1981,254,2,2,0,0,0,0,0,0,1,10,24,65,99,45,0,0,0,0,0,1,5,5,9,15,26,39,51,48,33,12,2,0,1
Monaco,1982,228,2,2,0,0,0,0,0,0,0,9,21,56,90,46,0,0,0,0,0,0,4,5,8,13,22,34,45,45,32,14,2,0,2
Monaco,1983,207,2,2,0,0,0,0,0,0,0,8,18,48,82,43,0,0,0,0,0,0,3,5,6,12,19,29,40,42,30,13,2,0,2
Monaco,1984,210,2,2,0,0,0,0,0,0,0,7,18,49,85,43,0,0,0,0,0,0,2,5,6,12,19,30,42,43,30,13,2,0,2
Monaco,1985,217,2,2,0,0,0,0,0,0,0,7,19,51,87,45,0,0,0,0,0,0,2,5,7,12,20,31,43,44,31,14,2,0,3
Monaco,1986,221,2,2,0,0,0,0,0,0,0,8,19,51,87,46,0,0,0,0,0,0,3,5,7,12,20,31,43,44,32,14,2,0,3
Monaco,1987,222,2,2,0,0,0,0,0,0,0,8,19,51,87,47,0,0,0,0,0,0,3,5,7,12,20,31,43,44,33,14,2,0,3
Monaco,1988,219,2,2,0,0,0,0,0,0,0,8,18,51,86,45,0,0,0,0,0,0,3,5,6,12,20,31,42,44,33,12,2,0,3
Monaco,1989,214,2,2,0,0,0,0,0,0,0,8,18,50,84,46,0,0,0,0,0,0,3,5,6,12,20,30,41,43,32,14,2,0,3
Monaco,1990,208,2,2,0,0,0,0,0,0,0,8,17,47,79,45,0,0,0,0,0,0,3,5,5,12,18,29,39,40,31,14,2,0,3
Monaco,1991,200,1,1,0,0,0,0,0,0,0,7,16,47,77,45,0,0,0,0,0,0,2,5,5,11,18,29,38,39,31,14,1,0,3
Monaco,1992,192,1,1,0,0,0,0,0,0,0,7,15,43,75,43,0,0,0,0,0,0,2,5,5,10,17,26,37,38,29,14,1,0,3
Monaco,1993,185,1,1,0,0,0,0,0,0,0,6,13,41,74,42,0,0,0,0,0,0,1,5,5,8,17,24,36,38,28,14,1,0,3
Monaco,1994,177,1,1,0,0,0,0,0,0,0,5,13,39,72,41,0,0,0,0,0,0,0,5,5,8,16,23,35,37,27,14,1,0,4
Monaco,1995,171,1,1,0,0,0,0,0,0,0,4,12,36,70,39,0,0,0,0,0,0,0,4,5,7,15,21,33,37,26,13,1,0,4
Monaco,1996,167,1,1,0,0,0,0,0,0,0,4,12,34,69,40,0,0,0,0,0,0,0,4,5,7,13,21,32,37,27,13,1,0,4
Monaco,1997,164,1,1,0,0,0,0,0,0,0,3,12,32,67,42,0,0,0,0,0,0,0,3,5,7,12,20,30,37,29,13,1,0,4
Monaco,1998,166,1,1,0,0,0,0,0,0,0,3,11,34,66,43,0,0,0,0,0,0,0,3,5,6,12,22,28,38,31,12,1,0,4
Monaco,1999,168,1,1,0,0,0,0,0,0,0,3,11,32,66,47,0,0,0,0,0,0,0,3,5,6,11,21,28,38,33,14,1,0,4
Monaco,2000,171,1,1,0,0,0,0,0,0,0,3,11,33,66,52,0,0,0,0,0,0,0,3,5,6,11,22,27,39,36,16,1,0,3
Monaco,2001,172,1,1,0,0,0,0,0,0,0,4,11,32,64,56,0,0,0,0,0,0,0,4,5,6,12,20,27,37,37,19,1,0,3
Monaco,2002,174,1,1,0,0,0,0,0,0,0,4,11,31,66,58,0,0,0,0,0,0,0,4,5,6,12,19,31,35,38,20,1,0,4
Monaco,2003,149,1,1,0,0,0,0,0,0,0,0,9,25,54,51,0,0,0,0,0,0,0,0,4,5,9,16,26,28,32,19,1,0,5
Monaco,2004,146,1,1,0,0,0,0,0,0,0,0,9,23,52,52,0,0,0,0,0,0,0,0,4,5,8,15,26,26,30,22,1,0,5
Monaco,2005,142,1,1,0,0,0,0,0,0,0,0,8,22,50,52,0,0,0,0,0,0,0,0,3,5,8,14,24,26,30,22,1,0,7
Monaco,2006,148,1,1,0,0,0,0,0,0,0,0,9,22,52,52,0,0,0,0,0,0,0,0,4,5,8,14,24,28,30,22,1,0,8
Monaco,2007,154,1,1,0,0,0,0,0,0,0,0,10,23,54,53,0,0,0,0,0,0,0,0,5,5,8,15,24,30,30,23,1,0,9
Monaco,2008,161,1,1,0,0,0,0,0,0,0,0,10,25,55,54,0,0,0,0,0,0,0,0,5,5,9,16,25,30,30,24,1,0,11
Monaco,2009,175,1,1,0,0,0,0,0,0,0,0,10,27,61,61,0,0,0,0,0,0,0,0,5,5,10,17,27,34,35,26,1,0,12
Monaco,2010,201,1,1,0,0,0,0,0,0,0,0,11,29,68,75,0,0,0,0,0,0,0,0,5,6,10,19,30,38,41,34,1,0,12
Monaco,2011,217,1,1,0,0,0,0,0,0,0,0,9,29,72,88,0,0,0,0,0,0,0,0,4,5,10,19,31,41,46,42,1,0,12
Monaco,2012,251,1,1,0,0,0,0,0,0,0,0,10,30,80,109,0,0,0,0,0,0,0,0,4,6,11,19,34,46,54,55,1,0,16
Monaco,2013,272,1,1,0,0,0,0,0,0,0,0,8,30,80,120,0,0,0,0,0,0,0,0,3,5,11,19,34,46,58,62,1,0,27
Monaco,2014,293,1,1,0,0,0,0,0,0,0,0,8,29,83,130,0,0,0,0,0,0,0,0,3,5,10,19,34,49,61,69,1,0,38
Monaco,2015,324,1,1,0,0,0,0,0,0,0,0,8,29,88,145,0,0,0,0,0,0,0,0,3,5,10,19,36,52,67,78,1,0,50
Monaco,2016,358,1,1,0,0,0,0,0,0,0,0,9,30,92,160,0,0,0,0,0,0,0,0,4,5,11,19,37,55,74,86,1,0,62
Monaco,2017,374,1,1,0,0,0,0,0,0,0,0,10,31,97,161,0,0,0,0,0,0,0,0,5,5,11,20,39,58,75,86,1,0,71
Monaco,2018,352,1,1,0,0,0,0,0,0,0,0,8,28,90,150,0,0,0,0,0,0,0,0,3,5,9,19,36,54,70,80,1,0,73
Monaco,2019,363,1,1,0,0,0,0,0,0,0,0,9,29,93,152,0,0,0,0,0,0,0,0,4,5,10,19,36,57,72,80,1,0,77
Monaco,2020,369,1,1,0,0,0,0,0,0,0,0,9,30,95,153,0,0,0,0,0,0,0,0,4,5,11,19,38,57,74,79,1,0,78
Monaco,2021,385,1,1,0,0,0,0,0,0,0,1,10,35,103,156,0,0,0,0,0,0,0,1,5,5,12,23,40,63,77,79,1,0,78
Mongolia,1950,9278,2528,3684,1156,195,104,131,385,434,664,1051,1337,982,292,23,183,202,211,223,324,340,496,555,619,718,615,367,206,86,21,2,3879,235,0
Mongolia,1951,9603,2760,3986,1226,206,104,131,385,432,664,1048,1330,1009,283,22,184,201,211,221,317,347,486,562,622,708,628,381,200,83,20,2,4192,235,0
Mongolia,1952,9802,2833,4189,1356,199,104,133,388,437,662,1039,1323,1037,274,21,185,203,207,230,300,362,470,569,631,692,637,400,194,80,19,2,4388,237,0
Mongolia,1953,9978,2899,4337,1438,257,101,132,386,443,655,1017,1310,1056,264,20,183,203,201,242,277,378,448,569,638,672,641,415,187,77,18,2,4594,233,0
Mongolia,1954,10036,2952,4442,1490,199,100,133,389,451,649,1007,1312,1077,262,19,184,205,198,253,259,390,437,570,650,662,645,432,189,73,17,2,4641,233,0
Mongolia,1955,10094,3018,4524,1506,206,97,130,385,449,639,991,1309,1077,265,18,180,205,193,256,249,390,431,560,654,655,637,440,194,71,16,2,4730,227,0
Mongolia,1956,10169,3079,4580,1501,217,97,130,385,449,629,986,1322,1080,270,17,180,205,191,258,247,382,438,548,663,659,630,450,202,68,16,1,4797,227,0
Mongolia,1957,11070,3212,4794,1582,283,144,170,457,504,684,1072,1452,1187,308,17,219,238,225,279,292,392,499,573,721,731,684,503,235,73,16,1,5077,314,0
Mongolia,1958,10602,3191,4720,1529,214,92,122,381,424,610,1012,1440,1224,346,18,180,201,190,234,274,336,482,530,696,744,690,534,266,80,17,1,4934,214,0
Mongolia,1959,10766,3188,4720,1532,204,89,117,375,415,601,1014,1479,1317,408,21,175,200,188,227,272,329,480,534,695,784,732,585,311,97,20,1,4924,206,0
Mongolia,1960,10926,3163,4684,1521,205,87,113,372,408,596,1012,1509,1424,488,28,173,199,183,225,260,336,462,550,692,817,781,643,363,125,27,1,4889,200,0
Mongolia,1961,11072,3130,4619,1489,210,84,107,364,405,589,1002,1524,1537,588,39,167,197,180,225,242,347,438,564,688,836,832,705,425,163,36,3,4829,191,0
Mongolia,1962,11211,3064,4495,1431,218,82,104,355,404,582,995,1538,1662,716,60,161,194,180,224,231,351,424,571,696,842,886,776,501,215,54,6,4713,186,0
Mongolia,1963,11363,2992,4343,1351,225,83,98,347,400,566,990,1553,1798,870,93,155,192,180,220,226,340,432,558,718,835,938,860,590,280,82,11,4568,181,0
Mongolia,1964,11227,2984,4291,1307,226,83,99,336,394,547,983,1539,1774,864,90,150,186,182,212,235,312,450,533,725,814,929,845,586,278,80,10,4517,182,0
Mongolia,1965,11088,2938,4231,1293,227,88,97,328,388,531,974,1533,1740,858,88,146,182,181,207,239,292,454,520,722,811,909,831,580,278,79,9,4458,185,0
Mongolia,1966,11027,2920,4211,1291,229,93,97,323,385,523,967,1541,1707,859,92,142,181,176,209,236,287,442,525,710,831,882,825,576,283,82,10,4440,190,0
Mongolia,1967,10848,2871,4135,1264,226,96,95,315,380,511,942,1531,1664,856,96,136,179,169,211,226,285,413,529,688,843,847,817,567,289,85,11,4361,191,0
Mongolia,1968,10742,2822,4056,1234,222,98,95,309,377,507,922,1529,1647,868,106,132,177,164,213,219,288,388,534,681,848,833,814,570,298,94,12,4278,193,0
Mongolia,1969,10564,2751,3936,1185,224,101,96,300,372,497,889,1510,1638,879,122,129,171,162,210,214,283,372,517,685,825,839,799,577,302,106,16,4160,197,0
Mongolia,1970,10310,2744,3888,1144,214,102,100,283,361,483,852,1454,1596,863,118,125,158,162,199,214,269,367,485,674,780,838,758,574,289,103,15,4102,202,1
Mongolia,1971,10136,2735,3858,1123,208,102,104,273,355,474,822,1414,1563,854,114,123,150,163,192,217,257,365,457,665,749,843,720,573,281,100,14,4066,206,1
Mongolia,1972,10021,2743,3860,1117,196,103,107,266,349,467,797,1385,1534,848,113,123,143,162,187,219,248,359,438,651,734,841,693,567,281,99,14,4056,210,1
Mongolia,1973,9908,2772,3893,1121,190,102,109,260,339,455,771,1351,1492,836,111,122,138,156,183,215,240,349,422,626,725,816,676,551,285,97,14,4083,211,1
Mongolia,1974,9837,2816,3953,1137,183,99,111,259,329,445,745,1319,1458,823,111,122,137,148,181,211,234,336,409,602,717,784,674,529,294,97,14,4136,210,1
Mongolia,1975,9836,2859,4021,1162,182,97,113,261,323,441,727,1296,1450,810,116,126,135,141,182,208,233,324,403,579,717,758,692,506,304,101,15,4203,210,1
Mongolia,1976,10071,2902,4092,1190,183,98,120,272,331,455,741,1325,1506,822,128,134,138,140,191,211,244,325,416,582,743,768,738,502,320,109,19,4275,218,1
Mongolia,1977,10188,2951,4160,1209,188,95,122,283,330,462,736,1326,1531,817,140,143,140,137,193,210,252,319,417,573,753,770,761,494,323,118,22,4348,217,1
Mongolia,1978,10310,3002,4222,1220,191,94,124,292,332,471,736,1327,1556,813,154,149,143,138,194,211,260,314,422,567,760,782,774,498,315,128,26,4413,218,1
Mongolia,1979,10451,3053,4280,1227,208,94,127,304,332,482,735,1331,1575,816,167,156,148,142,190,215,267,314,421,563,768,795,780,518,298,136,31,4488,221,2
Mongolia,1980,10566,3091,4322,1231,206,93,127,317,328,491,734,1324,1595,860,166,164,153,143,185,218,273,317,417,558,766,815,780,566,294,138,28,4528,220,2
Mongolia,1981,10732,3146,4382,1236,209,94,127,336,325,496,739,1315,1624,912,168,173,163,145,180,223,273,329,410,558,757,840,784,612,300,140,28,4591,221,3
Mongolia,1982,10880,3200,4443,1243,212,97,126,349,324,498,747,1304,1649,958,170,178,171,146,178,226,272,345,402,563,741,863,786,645,313,141,29,4655,223,3
Mongolia,1983,10836,3172,4375,1203,208,97,123,360,323,493,749,1282,1663,987,170,181,179,147,176,225,268,358,391,564,718,871,792,655,332,141,29,4583,220,3
Mongolia,1984,10804,3145,4309,1164,206,99,121,372,327,486,755,1259,1675,1015,172,183,189,149,178,218,268,366,389,560,699,871,804,656,359,141,31,4515,220,3
Mongolia,1985,10868,3104,4230,1126,203,104,121,386,342,489,776,1262,1714,1057,182,184,202,159,183,215,274,376,400,560,702,878,836,664,393,150,32,4433,225,3
Mongolia,1986,11082,3037,4133,1096,211,108,126,409,363,506,817,1297,1786,1117,203,190,219,173,190,218,288,388,429,570,727,896,890,689,428,167,36,4344,234,4
Mongolia,1987,10995,2960,4018,1058,204,111,128,409,376,504,829,1286,1778,1124,220,185,224,182,194,213,291,382,447,556,730,869,909,690,434,180,40,4222,239,4
Mongolia,1988,10872,2853,3871,1018,206,112,129,410,389,504,841,1278,1761,1128,242,182,228,193,196,214,290,375,466,546,732,841,920,700,428,195,47,4077,241,3
Mongolia,1989,10695,2706,3674,968,206,112,131,405,402,504,848,1271,1741,1131,263,179,226,203,199,217,287,371,477,544,727,820,921,713,418,204,59,3880,243,4
Mongolia,1990,10474,2551,3462,911,196,113,136,402,420,497,853,1263,1719,1157,253,179,223,211,209,218,279,374,479,547,716,809,910,730,427,196,57,3658,249,4
Mongolia,1991,10183,2358,3199,841,190,111,137,394,433,488,848,1255,1691,1184,246,178,216,217,216,218,270,377,471,558,697,805,886,747,437,192,54,3389,248,5
Mongolia,1992,9883,2137,2911,774,183,111,140,392,447,483,840,1258,1664,1211,241,180,212,220,227,219,264,382,458,579,679,809,855,761,450,190,51,3094,251,6
Mongolia,1993,9602,1926,2634,708,178,109,142,393,460,483,831,1263,1638,1227,241,183,210,223,237,221,262,383,448,601,662,811,827,768,459,192,49,2812,251,6
Mongolia,1994,9388,1770,2411,641,169,108,141,393,471,490,824,1275,1615,1240,244,186,207,220,251,225,265,380,444,618,657,809,806,770,470,196,48,2580,249,6
Mongolia,1995,9434,1638,2212,574,163,111,146,414,497,515,847,1329,1649,1282,263,199,215,226,271,240,275,385,462,644,685,825,824,786,496,211,52,2375,257,7
Mongolia,1996,9526,1514,2034,520,159,115,152,437,524,549,877,1388,1693,1313,281,211,226,232,292,261,288,387,490,658,730,835,858,794,519,226,55,2193,267,7
Mongolia,1997,9247,1378,1834,456,145,110,149,437,521,562,870,1392,1663,1275,282,211,226,225,296,274,288,375,495,639,753,806,857,759,516,226,56,1979,259,5
Mongolia,1998,8810,1266,1670,404,134,105,143,429,506,558,841,1362,1589,1200,270,207,222,216,290,280,278,359,482,602,760,758,831,702,498,213,57,1804,248,4
Mongolia,1999,8497,1171,1527,356,117,101,140,425,493,565,823,1349,1542,1146,265,202,223,210,283,290,275,354,469,582,767,729,813,662,484,203,62,1644,241,4
Mongolia,2000,8225,1089,1407,318,103,98,136,423,483,581,798,1331,1504,1107,256,198,225,207,276,301,280,348,450,575,756,719,785,640,467,189,67,1510,234,6
Mongolia,2001,7637,983,1260,277,82,86,125,393,445,564,730,1242,1409,1056,241,183,210,194,251,290,274,325,405,548,694,694,715,619,437,184,57,1342,211,6
Mongolia,2002,7320,894,1134,240,73,77,118,376,426,566,696,1195,1377,1032,244,173,203,187,239,285,281,316,380,539,656,703,674,615,417,191,53,1207,195,7
Mongolia,2003,6866,807,1019,212,64,66,109,351,396,549,650,1110,1318,981,242,160,191,176,220,269,280,298,352,509,601,695,623,591,390,193,49,1083,175,6
Mongolia,2004,6782,737,923,186,53,61,105,347,393,563,654,1095,1339,991,256,159,188,177,216,267,296,301,353,502,593,720,619,598,393,205,51,976,166,6
Mongolia,2005,6901,688,851,163,51,56,102,349,402,587,681,1115,1386,1032,281,160,189,183,219,269,318,321,360,501,614,741,645,614,418,223,58,902,158,7
Mongolia,2006,7017,671,816,145,46,52,99,350,409,603,709,1128,1431,1062,300,159,191,187,222,269,334,342,367,492,636,745,686,615,447,235,65,862,151,9
Mongolia,2007,7095,665,795,130,47,46,93,346,414,610,738,1133,1463,1079,317,157,189,190,224,265,345,366,372,483,650,735,728,610,469,245,72,842,139,11
Mongolia,2008,7188,661,786,125,48,45,89,346,419,615,771,1140,1494,1087,335,156,190,191,228,264,351,393,378,481,659,724,770,606,481,253,82,834,134,12
Mongolia,2009,7268,644,763,119,41,42,81,337,418,611,803,1142,1522,1101,395,149,188,189,229,260,351,417,386,488,654,723,799,611,490,265,130,804,123,14
Mongolia,2010,7250,598,711,113,37,38,73,329,419,606,844,1133,1542,1119,385,144,185,187,232,259,347,437,407,491,642,733,809,629,490,282,103,748,111,10
Mongolia,2011,7580,581,691,110,36,38,69,334,441,631,928,1171,1616,1193,423,144,190,196,245,272,359,476,452,516,655,780,836,689,504,307,116,727,107,13
Mongolia,2012,7384,577,680,103,34,35,61,311,427,606,934,1128,1569,1182,404,131,180,188,239,264,342,472,462,505,623,771,798,706,476,295,109,714,96,14
Mongolia,2013,7392,575,674,99,32,32,56,297,426,600,966,1129,1563,1209,394,121,176,186,240,264,336,477,489,510,619,778,785,741,468,289,105,706,88,15
Mongolia,2014,7419,565,661,96,31,30,53,282,423,597,995,1145,1558,1235,392,111,171,184,239,266,331,476,519,520,625,777,781,765,470,287,105,692,83,16
Mongolia,2015,7442,545,640,95,28,28,47,263,417,598,1015,1171,1560,1267,387,99,164,181,236,270,328,471,544,544,627,766,794,774,493,281,106,668,75,16
Mongolia,2016,7482,514,607,93,28,26,45,247,413,599,1032,1210,1571,1307,381,89,158,177,236,272,327,466,566,575,635,749,822,775,532,275,106,635,71,16
Mongolia,2017,7606,480,572,92,27,25,45,232,415,610,1047,1269,1600,1358,384,81,151,178,237,278,332,463,584,621,648,746,854,776,582,270,114,599,70,17
Mongolia,2018,6960,461,548,87,24,21,35,191,366,551,946,1190,1455,1263,354,67,124,154,212,251,300,411,535,595,595,670,785,695,568,247,107,572,56,15
Mongolia,2019,6779,443,527,84,23,20,33,170,344,530,904,1193,1418,1242,364,61,109,145,199,241,289,387,517,606,587,651,767,665,577,254,110,550,53,17
Mongolia,2020,6869,417,498,81,23,20,30,154,338,533,890,1255,1423,1284,403,56,98,141,197,239,294,384,506,642,613,662,761,694,590,294,109,521,50,21
Mongolia,2021,8023,389,465,76,21,20,27,142,342,621,1046,1567,1683,1582,485,55,87,135,207,272,349,453,593,786,781,803,880,874,708,375,110,486,47,26
Montenegro,1950,3003,512,637,125,33,27,36,65,65,119,219,405,721,563,107,36,29,25,40,52,67,95,124,175,230,333,388,347,216,87,20,670,63,3
Montenegro,1951,3060,536,669,133,32,27,37,72,65,125,223,418,719,568,107,40,32,25,40,58,67,98,125,184,234,333,386,348,220,87,20,701,64,3
Montenegro,1952,2893,532,662,130,31,24,34,69,61,118,211,397,662,523,100,36,33,26,35,56,62,94,117,175,222,306,356,321,202,81,19,693,58,2
Montenegro,1953,2880,568,704,136,31,22,33,69,60,120,209,390,635,508,97,35,34,28,32,57,63,92,117,169,221,294,341,311,197,79,18,735,55,2
Montenegro,1954,2777,545,682,137,30,20,33,70,57,116,204,378,604,488,94,35,35,28,29,53,63,88,116,161,217,280,324,298,190,77,17,712,53,2
Montenegro,1955,2749,527,662,135,32,20,32,70,60,119,206,379,592,483,94,35,35,31,29,51,68,85,121,158,221,275,317,293,190,77,17,694,52,2
Montenegro,1956,2661,512,640,128,31,17,31,70,61,115,203,367,568,463,90,35,35,31,30,47,68,81,122,152,215,266,302,281,182,73,17,671,48,2
Montenegro,1957,2607,473,599,126,34,17,28,69,63,113,204,366,565,457,90,35,34,33,30,44,69,82,122,155,211,268,297,276,181,73,17,633,45,2
Montenegro,1958,2460,445,560,115,32,16,25,61,63,107,192,345,534,431,87,30,31,33,30,40,67,78,114,150,195,257,277,260,171,71,16,592,41,2
Montenegro,1959,2451,419,533,114,32,19,24,62,65,104,197,354,540,432,89,31,31,35,30,37,67,83,114,158,196,264,276,259,173,73,16,565,43,2
Montenegro,1960,2291,404,507,103,29,15,21,57,61,91,182,331,503,402,84,29,28,31,30,33,58,79,103,151,180,248,255,239,163,68,16,536,36,2
Montenegro,1961,2257,369,471,102,28,18,19,55,67,89,183,334,501,404,87,28,27,33,34,32,57,80,103,153,181,247,254,239,165,71,16,499,37,2
Montenegro,1962,2201,361,457,96,27,17,19,53,66,84,177,326,490,395,88,26,27,31,35,32,52,78,99,146,180,238,252,232,163,71,17,484,36,2
Montenegro,1963,2096,340,428,88,26,16,19,46,62,80,171,309,471,379,89,21,25,28,34,33,47,75,96,133,176,224,247,222,157,71,18,454,35,2
Montenegro,1964,2068,329,414,85,24,15,19,44,62,78,169,302,468,379,92,19,25,28,34,35,43,74,95,126,176,220,248,221,158,73,19,438,34,3
Montenegro,1965,1985,284,365,81,22,15,18,42,60,76,164,288,459,373,95,17,25,26,34,35,41,69,95,117,171,212,247,215,158,75,20,387,33,3
Montenegro,1966,1902,259,332,73,21,15,19,39,58,73,157,273,448,367,96,16,23,25,33,35,38,65,92,111,162,207,241,212,155,75,21,353,34,3
Montenegro,1967,1928,250,322,72,21,15,19,37,59,80,158,272,457,384,104,16,21,25,34,40,40,63,95,112,160,214,243,222,162,81,23,343,34,3
Montenegro,1968,1914,228,296,68,21,15,18,36,57,80,156,267,461,393,108,17,19,25,32,40,40,58,98,115,152,220,241,229,164,85,23,317,33,4
Montenegro,1969,1990,216,284,68,22,15,20,36,62,89,158,276,487,422,119,18,18,28,34,44,45,58,100,124,152,236,251,247,175,92,27,306,35,4
Montenegro,1970,2077,212,278,66,21,15,20,36,62,96,160,291,511,451,130,19,17,28,34,46,50,57,103,137,154,248,263,265,186,99,31,299,35,5
Montenegro,1971,1971,200,257,57,20,14,19,36,56,95,146,278,486,437,128,20,16,25,31,45,50,53,93,134,144,232,254,255,182,97,31,277,33,5
Montenegro,1972,1922,182,235,53,18,13,18,36,53,95,139,277,473,431,128,20,16,22,31,42,53,51,88,134,143,219,254,248,183,97,31,253,31,5
Montenegro,1973,1954,169,219,50,18,12,18,37,53,98,138,288,480,448,138,20,17,21,32,42,56,55,83,137,151,214,266,253,195,103,35,237,30,6
Montenegro,1974,1917,158,203,45,16,11,17,37,50,96,134,291,465,446,140,20,17,19,31,40,56,58,76,136,155,199,266,246,200,104,36,219,28,7
Montenegro,1975,1994,147,192,45,15,12,17,39,50,100,140,311,480,476,154,20,19,17,33,41,59,65,75,141,170,200,280,261,215,113,41,207,29,8
Montenegro,1976,1972,139,182,43,14,12,17,40,48,102,140,313,470,477,156,20,20,16,32,42,60,68,72,137,176,198,272,262,215,115,41,196,29,8
Montenegro,1977,2051,135,176,41,14,12,18,40,48,102,151,323,482,506,170,20,20,18,30,42,60,75,76,134,189,208,274,280,226,125,45,190,30,9
Montenegro,1978,2135,127,167,40,14,11,17,40,50,108,162,333,500,537,184,20,20,20,30,46,62,80,82,131,202,226,274,302,235,136,48,181,28,10
Montenegro,1979,2283,126,172,46,19,17,23,50,55,117,185,347,525,565,199,25,25,24,31,51,66,91,94,129,218,250,275,321,244,148,51,191,40,11
Montenegro,1980,2121,116,152,36,12,10,17,40,43,104,179,318,499,541,194,20,20,20,23,44,60,85,94,112,206,248,251,308,233,144,50,164,27,12
Montenegro,1981,2238,116,153,37,13,11,18,40,45,106,196,325,538,573,211,20,20,22,23,45,61,89,107,114,211,274,264,320,253,154,57,166,29,13
Montenegro,1982,2267,111,144,33,12,10,17,40,47,106,202,320,563,578,217,20,20,23,24,43,63,89,113,116,204,288,275,314,264,158,59,156,27,14
Montenegro,1983,2267,110,141,31,11,10,15,40,47,102,201,308,585,573,219,20,20,23,24,39,63,88,113,117,191,298,287,301,272,158,61,152,25,14
Montenegro,1984,1991,103,130,27,9,7,13,32,42,87,178,257,528,496,196,16,16,20,22,32,55,76,102,106,151,264,264,252,244,139,57,139,20,13
Montenegro,1985,1943,79,105,26,8,6,12,31,43,83,174,244,534,488,202,15,16,20,23,28,55,72,102,106,138,261,273,244,244,142,60,113,18,14
Montenegro,1986,1903,91,114,23,7,6,11,30,41,75,169,229,524,472,205,15,15,18,23,25,50,69,100,104,125,247,277,236,236,144,61,121,17,15
Montenegro,1987,1853,88,110,22,7,5,10,29,38,71,163,220,509,462,210,14,15,16,22,24,47,66,97,103,117,228,281,237,225,148,62,117,15,17
Montenegro,1988,1613,65,86,21,6,5,8,22,33,57,141,193,436,412,196,10,12,15,18,20,37,57,84,94,99,183,253,220,192,139,57,92,13,17
Montenegro,1989,1793,61,82,21,6,5,8,25,36,62,153,220,477,470,232,10,15,15,21,24,38,63,90,110,110,188,289,259,211,163,69,88,13,21
Montenegro,1990,1711,59,78,19,6,5,7,21,33,56,141,214,437,457,230,10,11,15,18,24,32,59,82,111,103,164,273,260,197,161,69,84,12,23
Montenegro,1991,1692,44,61,17,6,5,6,21,32,51,136,218,419,474,236,10,11,14,18,24,27,57,79,115,103,153,266,273,201,161,75,67,11,25
Montenegro,1992,2092,53,73,20,7,5,8,23,39,65,164,281,491,608,297,10,13,17,22,30,35,67,97,147,134,181,310,351,257,198,99,80,13,33
Montenegro,1993,2112,58,74,16,7,5,7,23,38,64,158,295,468,637,300,10,13,16,22,30,34,61,97,147,148,178,290,364,273,194,106,81,12,35
Montenegro,1994,2750,66,85,19,8,5,9,28,49,89,203,401,580,863,384,12,16,21,28,40,49,74,129,186,215,232,348,487,376,244,140,93,14,46
Montenegro,1995,2411,55,72,17,6,5,7,23,43,78,174,370,487,776,331,10,13,19,24,34,44,59,115,161,209,203,284,428,348,208,123,78,12,41
Montenegro,1996,2714,55,72,17,7,5,8,26,46,91,186,433,538,881,369,11,15,19,27,38,53,60,126,180,253,235,303,471,410,235,134,79,13,47
Montenegro,1997,2678,50,65,15,6,5,7,23,46,92,181,440,538,862,366,10,13,18,28,38,54,60,121,180,260,247,291,441,421,239,127,71,12,47
Montenegro,1998,2680,53,68,15,6,5,7,23,45,94,175,441,558,845,369,10,13,18,27,39,55,62,113,180,261,272,286,411,434,249,120,74,12,48
Montenegro,1999,3093,52,68,16,6,5,10,25,51,107,197,515,683,943,429,10,15,20,31,43,64,76,121,215,300,354,329,437,506,300,129,74,15,53
Montenegro,2000,2943,45,59,14,6,5,9,23,48,103,184,493,690,867,414,10,13,18,30,42,61,78,106,209,284,375,315,386,481,296,118,65,14,48
Montenegro,2001,2845,53,65,12,5,5,8,21,45,100,175,469,705,798,406,10,11,17,28,41,59,81,94,196,273,391,314,352,446,295,111,70,13,44
Montenegro,2002,2907,40,53,13,5,5,8,21,43,101,179,480,761,781,428,10,11,16,27,40,61,84,95,195,285,417,344,350,431,311,117,58,13,43
Montenegro,2003,2998,41,54,13,5,5,8,21,43,105,189,485,829,764,451,10,11,16,27,42,63,88,101,190,295,435,394,355,409,325,126,59,13,41
Montenegro,2004,2795,35,45,10,5,5,7,20,39,96,182,443,815,678,427,10,10,15,24,39,57,82,100,163,280,403,412,327,351,306,121,50,12,37
Montenegro,2005,3036,28,39,11,5,5,7,21,41,103,206,472,930,709,464,10,11,16,25,41,62,89,117,163,309,435,495,357,352,329,135,44,12,38
Montenegro,2006,3173,41,50,9,5,5,7,21,40,108,227,472,1008,729,468,10,11,16,24,43,65,94,133,156,316,454,554,383,346,325,143,55,12,38
Montenegro,2007,3147,25,35,10,5,5,6,20,39,106,228,461,1028,741,442,10,10,15,24,42,64,94,134,156,305,455,573,409,332,298,144,40,11,37
Montenegro,2008,2904,22,29,7,3,4,5,18,33,95,213,413,956,718,384,8,10,13,20,37,58,88,125,148,265,424,532,419,299,250,134,32,9,35
Montenegro,2009,3054,24,31,7,4,4,5,19,34,96,221,421,1006,801,379,9,10,13,21,35,61,90,131,164,257,451,555,491,310,240,139,35,9,37
Montenegro,2010,2824,22,27,5,3,2,5,16,30,86,200,376,926,785,332,7,9,11,19,31,55,82,118,160,216,420,506,500,285,205,127,30,7,35
Montenegro,2011,2877,14,20,6,1,2,5,15,30,84,202,378,933,848,323,6,9,11,19,31,53,80,122,176,202,419,514,545,303,199,124,21,7,37
Montenegro,2012,3087,17,23,6,1,2,5,16,30,89,217,400,985,953,327,6,10,11,19,32,57,86,131,187,213,432,553,604,349,206,121,24,7,40
Montenegro,2013,2918,14,19,5,0,0,5,13,26,78,203,385,911,940,297,5,8,10,16,27,51,80,123,179,206,384,527,573,367,191,106,19,5,39
Montenegro,2014,2921,12,17,5,0,1,4,13,25,74,200,392,886,981,286,5,8,10,15,26,48,80,120,176,216,354,532,569,412,189,97,17,5,39
Montenegro,2015,3106,11,14,3,1,1,4,13,25,74,207,432,912,1082,300,5,8,10,15,27,47,82,125,186,246,340,572,600,482,204,96,15,5,40
Montenegro,2016,3140,14,18,4,0,0,4,12,25,71,203,455,880,1127,307,5,7,10,15,25,46,81,122,190,265,317,563,606,521,214,93,18,4,39
Montenegro,2017,3120,8,12,4,0,0,4,11,24,68,198,450,851,1144,321,5,6,10,14,25,43,77,121,187,263,312,539,608,536,231,90,12,4,36
Montenegro,2018,3191,7,10,3,0,0,3,10,23,65,198,461,844,1184,357,5,5,10,13,24,41,76,122,190,271,325,519,630,554,266,91,10,3,33
Montenegro,2019,3176,8,11,3,0,0,3,10,22,61,189,455,818,1185,387,5,5,9,13,21,40,68,121,186,269,340,478,635,550,298,89,11,3,31
Montenegro,2020,3509,7,9,2,0,0,3,10,24,66,200,499,886,1320,461,5,5,10,14,24,42,72,128,202,297,403,483,713,607,362,99,9,3,31
Montenegro,2021,3484,3,5,2,0,0,2,10,23,63,194,493,877,1304,481,5,5,9,14,23,40,69,125,196,297,431,446,697,607,381,100,5,2,29
Montserrat,1950,122,28,44,16,5,1,1,10,10,2,10,10,23,15,0,5,5,5,5,1,1,5,5,5,5,13,10,14,1,0,0,49,2,0
Montserrat,1951,121,28,42,14,5,0,0,6,10,4,10,10,23,17,0,1,5,5,5,2,2,5,5,5,5,12,11,14,3,0,0,47,0,0
Montserrat,1952,118,26,39,13,5,0,0,0,10,5,10,10,22,19,0,0,0,5,5,3,2,5,5,5,5,10,12,13,6,0,0,44,0,0
Montserrat,1953,114,24,35,11,4,0,0,0,7,4,10,10,22,21,0,0,0,2,5,3,1,5,5,5,5,9,13,12,9,0,0,39,0,0
Montserrat,1954,110,23,33,10,4,0,0,0,5,4,10,10,21,18,0,0,0,0,5,4,0,5,5,5,5,7,14,10,8,0,0,37,0,0
Montserrat,1955,107,24,34,10,5,0,2,0,4,5,10,10,18,19,0,0,0,0,4,5,0,5,5,5,5,6,12,10,9,0,0,39,2,0
Montserrat,1956,109,23,33,10,4,0,0,0,2,10,10,10,18,19,1,0,0,0,2,5,5,5,5,5,5,6,12,10,9,1,0,37,0,0
Montserrat,1957,110,21,31,10,3,0,0,0,0,9,10,10,21,20,2,0,0,0,0,4,5,5,5,5,5,9,12,11,9,2,0,34,0,0
Montserrat,1958,111,19,27,8,3,0,0,0,0,6,10,11,22,21,3,0,0,0,0,1,5,5,5,5,6,10,12,12,9,3,0,30,0,0
Montserrat,1959,110,16,22,6,2,0,0,0,0,4,10,13,23,24,3,0,0,0,0,0,4,5,5,5,8,10,13,14,10,3,0,24,0,0
Montserrat,1960,120,16,23,7,3,0,0,0,0,4,10,15,27,25,5,0,0,0,0,0,4,5,5,5,10,12,15,15,10,5,0,26,0,0
Montserrat,1961,118,14,20,6,2,0,0,0,0,3,10,15,27,26,4,0,0,0,0,0,3,5,5,5,10,12,15,15,11,4,0,22,0,0
Montserrat,1962,108,11,15,4,1,0,0,0,0,3,10,15,26,24,4,0,0,0,0,0,3,5,5,5,10,11,15,14,10,4,0,16,0,0
Montserrat,1963,103,9,13,4,0,0,0,0,0,2,10,14,25,22,5,0,0,0,0,0,2,5,5,5,9,10,15,13,9,5,0,13,0,0
Montserrat,1964,101,7,10,3,0,0,0,0,0,4,10,14,25,23,5,0,0,0,0,0,4,5,5,5,9,10,15,14,9,5,0,10,0,0
Montserrat,1965,101,7,9,2,0,0,0,0,0,4,10,15,25,22,4,0,0,0,0,0,4,5,5,5,10,10,15,14,8,4,0,9,0,0
Montserrat,1966,103,7,9,2,0,0,0,0,0,4,10,16,26,23,4,0,0,0,0,0,4,5,5,6,10,11,15,15,8,4,0,9,0,0
Montserrat,1967,100,5,5,0,0,0,0,0,0,4,10,18,25,25,4,0,0,0,0,0,4,5,5,8,10,10,15,15,10,4,0,5,0,0
Montserrat,1968,102,6,7,1,0,0,0,0,0,3,10,18,25,26,4,0,0,0,0,0,3,5,5,8,10,10,15,15,11,4,0,7,0,0
Montserrat,1969,101,5,6,1,0,0,0,0,0,2,10,18,25,26,5,0,0,0,0,0,2,5,5,8,10,10,15,15,11,5,0,6,0,0
Montserrat,1970,96,4,4,0,0,0,0,0,0,0,10,16,23,27,5,0,0,0,0,0,0,5,5,6,10,10,13,15,12,5,0,4,0,0
Montserrat,1971,90,4,4,0,0,0,0,0,0,0,8,15,23,27,6,0,0,0,0,0,0,3,5,5,10,10,13,15,12,6,0,4,0,0
Montserrat,1972,89,5,5,0,0,0,0,0,0,0,7,14,22,27,6,0,0,0,0,0,0,2,5,5,9,10,12,15,12,6,0,5,0,0
Montserrat,1973,83,5,5,0,0,0,0,0,0,0,6,13,21,27,6,0,0,0,0,0,0,1,5,5,8,10,11,15,12,5,1,5,0,0
Montserrat,1974,79,4,4,0,0,0,0,0,0,0,5,12,21,25,6,0,0,0,0,0,0,0,5,5,7,10,11,15,10,5,1,4,0,0
Montserrat,1975,78,4,4,0,0,0,0,0,0,0,4,12,20,26,6,0,0,0,0,0,0,0,4,5,7,10,10,15,11,6,0,4,0,0
Montserrat,1976,77,4,4,0,0,0,0,0,0,0,3,11,20,26,5,0,0,0,0,0,0,0,3,5,6,10,10,14,12,5,0,4,0,0
Montserrat,1977,77,4,4,0,0,0,0,0,0,0,2,11,20,27,5,0,0,0,0,0,0,0,2,5,6,10,10,14,13,5,0,4,0,0
Montserrat,1978,77,4,4,0,0,0,0,0,0,0,2,11,22,28,6,0,0,0,0,0,0,0,2,5,6,10,12,15,13,6,0,4,0,0
Montserrat,1979,77,4,4,0,0,0,0,0,0,0,1,11,22,29,6,0,0,0,0,0,0,0,1,5,6,10,12,15,14,6,0,4,0,0
Montserrat,1980,79,3,3,0,0,0,0,0,0,0,2,12,22,28,7,0,0,0,0,0,0,0,2,5,7,10,12,15,13,7,0,3,0,0
Montserrat,1981,79,3,3,0,0,0,0,0,0,0,2,11,21,27,7,0,0,0,0,0,0,0,2,5,6,10,11,15,12,7,0,3,0,0
Montserrat,1982,77,3,3,0,0,0,0,0,0,0,2,11,20,25,7,0,0,0,0,0,0,0,2,5,6,10,10,15,10,7,0,3,0,0
Montserrat,1983,74,3,3,0,0,0,0,0,0,0,2,11,20,21,8,0,0,0,0,0,0,0,2,5,6,10,10,11,10,7,1,3,0,0
Montserrat,1984,73,3,3,0,0,0,0,0,0,0,2,11,20,20,7,0,0,0,0,0,0,0,2,5,6,10,10,10,10,6,1,3,0,0
Montserrat,1985,72,3,3,0,0,0,0,0,0,0,2,10,20,20,6,0,0,0,0,0,0,0,2,5,5,10,10,10,10,5,1,3,0,0
Montserrat,1986,68,2,2,0,0,0,0,0,0,0,1,10,19,19,6,0,0,0,0,0,0,0,1,5,5,9,10,10,9,5,1,2,0,0
Montserrat,1987,64,1,1,0,0,0,0,0,0,0,0,10,18,19,6,0,0,0,0,0,0,0,0,5,5,8,10,10,9,5,1,1,0,0
Montserrat,1988,62,1,1,0,0,0,0,0,0,0,0,10,18,19,6,0,0,0,0,0,0,0,0,5,5,8,10,10,9,5,1,1,0,0
Montserrat,1989,71,2,2,0,0,0,0,0,0,0,0,10,19,19,6,0,0,0,0,0,0,0,0,5,5,9,10,10,9,5,1,2,0,0
Montserrat,1990,64,1,1,0,0,0,0,0,0,0,0,8,18,20,6,0,0,0,0,0,0,0,0,3,5,8,10,10,10,5,1,1,0,0
Montserrat,1991,66,2,2,0,0,0,0,0,0,0,0,8,20,22,5,0,0,0,0,0,0,0,0,3,5,8,12,13,9,5,0,2,0,0
Montserrat,1992,64,2,2,0,0,0,0,0,0,0,0,7,18,22,5,0,0,0,0,0,0,0,0,2,5,7,11,13,9,5,0,2,0,0
Montserrat,1993,62,1,1,0,0,0,0,0,0,0,0,6,17,24,5,0,0,0,0,0,0,0,0,1,5,7,10,14,10,5,0,1,0,0
Montserrat,1994,57,1,1,0,0,0,0,0,0,0,0,5,16,21,5,0,0,0,0,0,0,0,0,0,5,6,10,12,9,5,0,1,0,0
Montserrat,1995,54,1,1,0,0,0,0,0,0,0,0,4,15,20,5,0,0,0,0,0,0,0,0,0,4,5,10,11,9,5,0,1,0,0
Montserrat,1996,53,1,1,0,0,0,0,0,0,0,0,3,14,21,5,0,0,0,0,0,0,0,0,0,3,5,9,12,9,5,0,1,0,0
Montserrat,1997,67,1,1,0,0,0,0,0,0,0,0,6,17,22,5,0,0,0,0,0,0,0,0,1,5,8,9,11,11,5,0,1,0,0
Montserrat,1998,42,0,0,0,0,0,0,0,0,0,0,0,11,20,5,0,0,0,0,0,0,0,0,0,0,5,6,10,10,5,0,0,0,0
Montserrat,1999,35,0,0,0,0,0,0,0,0,0,0,0,8,16,5,0,0,0,0,0,0,0,0,0,0,3,5,7,9,5,0,0,0,0
Montserrat,2000,36,0,0,0,0,0,0,0,0,0,0,0,8,19,5,0,0,0,0,0,0,0,0,0,0,3,5,9,10,5,0,0,0,0
Montserrat,2001,34,1,1,0,0,0,0,0,0,0,0,0,7,12,7,0,0,0,0,0,0,0,0,0,0,2,5,6,6,5,2,1,0,0
Montserrat,2002,30,0,0,0,0,0,0,0,0,0,0,0,6,10,7,0,0,0,0,0,0,0,0,0,0,1,5,5,5,5,2,0,0,0
Montserrat,2003,26,0,0,0,0,0,0,0,0,0,0,0,4,10,6,0,0,0,0,0,0,0,0,0,0,0,4,5,5,5,1,0,0,0
Montserrat,2004,25,0,0,0,0,0,0,0,0,0,0,0,4,10,5,0,0,0,0,0,0,0,0,0,0,0,4,5,5,5,0,0,0,0
Montserrat,2005,29,1,1,0,0,0,0,0,0,0,0,0,7,10,6,0,0,0,0,0,0,0,0,0,0,2,5,5,5,5,1,1,0,0
Montserrat,2006,28,0,0,0,0,0,0,0,0,0,0,0,6,10,6,0,0,0,0,0,0,0,0,0,0,1,5,5,5,5,1,0,0,0
Montserrat,2007,28,0,0,0,0,0,0,0,0,0,0,0,9,10,4,0,0,0,0,0,0,0,0,0,0,4,5,5,5,4,0,0,0,0
Montserrat,2008,24,0,0,0,0,0,0,0,0,0,0,0,4,10,3,0,0,0,0,0,0,0,0,0,0,0,4,5,5,3,0,0,0,0
Montserrat,2009,28,0,0,0,0,0,0,0,0,0,0,0,9,10,4,0,0,0,0,0,0,0,0,0,0,4,5,5,5,4,0,0,0,0
Montserrat,2010,28,0,0,0,0,0,0,0,0,0,0,0,9,11,4,0,0,0,0,0,0,0,0,0,0,4,5,5,6,4,0,0,0,0
Montserrat,2011,29,0,0,0,0,0,0,0,0,0,0,0,8,12,3,0,0,0,0,0,0,0,0,0,0,3,5,5,7,3,0,0,0,0
Montserrat,2012,28,0,0,0,0,0,0,0,0,0,0,0,7,10,4,0,0,0,0,0,0,0,0,0,0,2,5,5,5,4,0,0,0,0
Montserrat,2013,28,0,0,0,0,0,0,0,0,0,0,0,7,10,4,0,0,0,0,0,0,0,0,0,0,2,5,5,5,4,0,0,0,0
Montserrat,2014,27,0,0,0,0,0,0,0,0,0,0,0,6,10,5,0,0,0,0,0,0,0,0,0,0,1,5,5,5,5,0,0,0,0
Montserrat,2015,27,0,0,0,0,0,0,0,0,0,0,0,7,10,5,0,0,0,0,0,0,0,0,0,0,2,5,5,5,5,0,0,0,0
Montserrat,2016,26,0,0,0,0,0,0,0,0,0,0,0,6,10,5,0,0,0,0,0,0,0,0,0,0,1,5,5,5,5,0,0,0,0
Montserrat,2017,27,0,0,0,0,0,0,0,0,0,0,0,9,10,5,0,0,0,0,0,0,0,0,0,0,4,5,5,5,5,0,0,0,0
Montserrat,2018,17,0,0,0,0,0,0,0,0,0,0,2,6,2,1,0,0,0,0,0,0,0,0,0,2,4,2,2,0,1,0,0,0,1
Montserrat,2019,20,0,0,0,0,0,0,0,0,0,0,2,9,4,0,0,0,0,0,0,0,0,0,0,2,5,4,4,0,0,0,0,0,0
Montserrat,2020,21,0,0,0,0,0,0,0,0,0,0,1,10,6,0,0,0,0,0,0,0,0,0,0,1,5,5,5,1,0,0,0,0,0
Montserrat,2021,20,0,0,0,0,0,0,0,0,0,0,0,10,6,0,0,0,0,0,0,0,0,0,0,0,5,5,5,1,0,0,0,0,0
More developed regions,1950,4343363,519805,663992,144187,34625,28556,44889,138117,156679,256935,406051,713078,1048760,713988,134428,67201,70916,64123,92556,113469,143466,180266,225785,307114,405964,507825,540935,441750,272238,106720,27708,698617,73445,3265
More developed regions,1951,4400486,484869,639106,154237,32738,26650,40653,126930,149828,255222,414373,729410,1097561,748164,136046,60267,66663,62771,87057,112463,142759,183595,230778,311799,417611,524513,573048,464941,283223,110228,25818,671844,67303,3804
More developed regions,1952,4200465,447616,584078,136462,30460,23662,36578,111951,136194,244386,403661,705389,1064394,727074,128952,51717,60234,59357,76837,107785,136601,179703,223958,300384,405005,508451,555943,454536,272538,105336,23616,614538,60240,3686
More developed regions,1953,4188837,417439,541478,124039,30058,20829,33470,100790,126960,238814,402293,706422,1090838,760697,132548,45137,55653,58417,68543,104879,133935,178012,224281,296770,409652,518880,571958,478503,282194,108756,23792,571536,54299,3639
More developed regions,1954,4073459,396007,506504,110497,29907,17846,30336,92197,119020,230653,394068,693089,1070705,754417,131218,40621,51576,57353,61667,100230,130423,174353,219715,289169,403920,509894,560811,477305,277112,107557,23661,536411,48182,3498
More developed regions,1955,4037981,375126,475169,100043,30150,16539,28485,85640,113669,222128,387592,687299,1077820,776233,133901,37457,48183,55255,58414,95026,127102,169243,218349,286527,400772,511888,565932,488105,288128,109381,24520,505319,45024,3355
More developed regions,1956,4024687,340105,428044,87939,28908,14975,25971,78426,109994,212562,382299,685298,1100514,813099,141173,34516,43910,53022,56972,87781,124781,164654,217645,285987,399311,519802,580712,512187,300912,115055,26118,456952,40946,3424
More developed regions,1957,4088751,338292,424972,86680,29735,16047,26347,79282,115019,211951,390123,701977,1120724,826488,142630,35483,43799,54605,60414,84487,127464,167223,222900,295083,406894,532168,588556,518266,308222,116026,26604,454707,42394,3455
More developed regions,1958,3911405,313000,388913,75913,26677,14510,22701,70802,108525,194541,372047,663901,1080833,822271,142186,32344,38458,49923,58602,74072,120469,159532,212515,283036,380865,508999,571834,512843,309428,115321,26865,415590,37211,3498
More developed regions,1959,4005637,307591,381725,74134,26560,16217,22172,69533,111694,191314,380206,677000,1110720,852341,161525,31983,37550,50167,61527,70767,120547,161363,218843,289730,387270,522770,587950,524573,327768,127745,33780,408285,38389,4629
More developed regions,1960,4011509,282803,348825,66022,24131,15895,20114,65259,108265,186154,374166,680411,1125425,887468,170203,30337,34922,47333,60932,68194,117960,159941,214225,292275,388136,523843,601582,544523,342945,135433,34770,372956,36009,5191
More developed regions,1961,3987793,269787,333363,63576,23042,16426,19186,62389,106356,180089,371934,679214,1120591,896004,173578,29254,33135,45917,60439,68604,111485,160935,210999,291887,387327,519580,601011,544938,351066,138338,35240,356405,35612,5620
More developed regions,1962,4164565,258381,319547,61166,22693,16777,19298,62077,107888,181173,384091,707853,1180473,967285,189130,28613,33464,45636,62252,73150,108023,165987,218104,303635,404218,542939,637534,584007,383278,150928,38202,342240,36075,6279
More developed regions,1963,4171258,243041,300005,56964,21765,16351,20173,59425,104014,179274,384238,715756,1183936,984483,195493,26669,32756,42762,61252,77401,101873,165405,218833,305714,410042,539615,644321,593874,390609,156787,38706,321770,36524,6344
More developed regions,1964,4069629,227635,280160,52525,20682,15774,20686,56690,99980,173983,380172,704663,1153461,963466,193570,24757,31933,40394,59586,78694,95289,163762,216410,301904,402759,523886,629575,582203,381263,155193,38377,300842,36460,6342
More developed regions,1965,4208107,210296,259888,49592,20232,15836,22082,55679,99199,176624,386014,727722,1200834,1026304,210946,23476,32203,39352,59847,81154,95470,163133,222881,307860,419862,542694,658140,617683,408621,168794,42152,280120,37918,6747
More developed regions,1966,4218411,195296,241927,46631,19751,15444,23838,54660,96360,178771,382446,727663,1207074,1043315,220132,23053,31607,38434,57926,81888,96883,157861,224585,305158,422505,548766,658308,626259,417056,175524,44608,261678,39282,7029
More developed regions,1967,4279433,194652,237794,43142,19206,15239,24289,54565,94981,184631,377711,738565,1224209,1070786,230199,23680,30885,38086,56895,82696,101935,149111,228600,309644,428921,558837,665372,640824,429962,183409,46790,257000,39528,7258
More developed regions,1968,4436171,187106,228558,41452,19068,15198,24888,54227,94041,192713,377003,759499,1270511,1145200,247651,24818,29409,38518,55523,83929,108784,143091,233912,316638,442861,582487,688024,683855,461345,196959,50692,247626,40086,7613
More developed regions,1969,4533155,182817,223446,40629,18656,15377,25815,55676,95154,201759,378073,790944,1304517,1164353,251465,27006,28670,40222,54932,85117,116642,139036,239037,327819,463125,605144,699373,693444,470909,199464,52001,242102,41192,7919
More developed regions,1970,4540698,178216,216912,38696,17847,15006,25650,56065,92481,201584,369304,783673,1308060,1185439,260374,28811,27254,39885,52596,83704,117880,136106,233198,328039,455634,606996,701064,703962,481477,206520,53854,234759,40656,8303
More developed regions,1971,4563967,168655,206506,37851,17290,14753,25453,56361,91087,200642,361841,780050,1315489,1213114,272571,30119,26242,39669,51418,81532,119110,139105,222736,328687,451363,607350,708139,713102,500012,215653,56918,223796,40206,8809
More developed regions,1972,4604186,157280,193906,36626,16627,14309,25324,57314,89556,199428,356452,785702,1338387,1233742,284262,30633,26681,38594,50962,79537,119891,145568,210884,331270,454432,615728,722659,719838,513904,224782,59480,210533,39633,9177
More developed regions,1973,4694438,151190,187155,35965,16093,13964,25087,58559,88043,196865,353596,790636,1370691,1281042,302902,30865,27694,36691,51352,77143,119722,154312,199284,332583,458053,626390,744301,738028,543014,239807,63095,203248,39051,9803
More developed regions,1974,4685160,146897,180668,33771,14779,13150,23800,58044,85160,189986,346055,788172,1374188,1289058,312211,29417,28627,34154,51006,73329,116657,159859,186196,330005,458167,629453,744735,736905,552153,247555,64656,195447,36950,9888
More developed regions,1975,4742098,141140,174439,33299,14326,12714,23377,60090,83758,186275,346296,787819,1401237,1318084,323433,29493,30597,32091,51667,70759,115516,162036,184260,324177,463642,635353,765884,752927,565157,256318,67115,188765,36091,10250
More developed regions,1976,4800764,135281,167160,31879,14047,12206,23056,60863,81560,182684,353295,781344,1416704,1353196,343613,28775,32088,30754,50806,69210,113474,164365,188930,312922,468422,637014,779690,768405,584791,271064,72549,181207,35262,11036
More developed regions,1977,4747376,129356,160512,31156,13578,11663,22948,60555,80240,177492,359317,757278,1406101,1340022,346401,28294,32261,31154,49086,68413,109079,163020,196297,291778,465500,631050,775051,766264,573758,272241,74160,174090,34611,11269
More developed regions,1978,4838655,125046,155654,30608,13160,11434,22617,61111,79498,175361,371497,743730,1439900,1384471,368239,28209,32902,32878,46620,69147,106214,162798,208699,274595,469135,641893,798007,795704,588767,288730,79509,168814,34051,11981
More developed regions,1979,4877905,121409,151179,29770,12669,10843,22007,60533,79053,172530,380710,729201,1460213,1405601,380816,27746,32787,34683,44370,70645,101885,162242,218468,260843,468358,647365,812848,808592,597009,297521,83295,163848,32850,12549
More developed regions,1980,5026734,117688,147123,29435,12659,10730,21458,60069,80164,171682,387218,730552,1504987,1476656,409551,27382,32687,37824,42340,72116,99566,161915,225303,260507,470045,667173,837814,849595,627061,318912,90639,159782,32188,13885
More developed regions,1981,5030526,111019,139096,28077,11867,10285,20356,58360,79902,168075,384761,714848,1500644,1509663,418024,26311,32049,39419,40483,70413,97662,158229,226532,266084,448764,665798,834846,865917,643746,324475,93549,150963,30641,14644
More developed regions,1982,5029484,107704,134513,26809,11484,9946,19133,56381,80778,163814,379809,699054,1505160,1529077,424826,25515,30866,39911,40867,67871,95943,152726,227083,279216,419838,666743,838417,876563,652514,328026,96800,145997,29079,15508
More developed regions,1983,5172953,103470,129824,26354,11304,9657,18583,56131,83733,162838,379984,696743,1542553,1610351,454040,25298,30833,40501,43232,65273,97565,150532,229452,299209,397534,681040,861513,917549,692802,348040,106000,141128,28240,17211
More developed regions,1984,5202682,100843,126710,25867,10835,9607,17959,55414,88049,163649,373687,693809,1548397,1630940,465348,24725,30689,41391,46658,62865,100784,144449,229238,315028,378781,679695,868702,927726,703214,354381,110967,137545,27566,18278
More developed regions,1985,5341646,96516,121506,24990,10795,9441,17574,53918,91808,162179,372023,699487,1576465,1708761,497829,23841,30077,41149,50659,59501,102678,141759,230264,324036,375451,680343,896122,960965,747796,378026,119803,132301,27015,19860
More developed regions,1986,5233392,90412,113255,22843,9875,8809,17132,51572,91123,155603,352069,693822,1515008,1699577,505084,22615,28957,39218,51905,57058,98545,134730,217339,318290,375532,636085,878923,947726,751851,383269,121815,123130,25941,20461
More developed regions,1987,5241026,88773,111118,22345,9601,8410,16805,50727,92514,154357,349114,715696,1475174,1716148,519421,21938,28789,39159,53355,57755,96602,135605,213509,321540,394156,593858,881316,951168,764980,392916,126505,120719,25215,21940
More developed regions,1988,5334317,85211,107347,22136,9471,8511,16582,50343,93815,154582,345396,744519,1451312,1778040,550503,21592,28751,39059,54756,61271,93311,137239,208157,323369,421150,558502,892810,978813,799227,416803,133700,116818,25093,23895
More developed regions,1989,5329987,79877,100902,21025,9419,8405,16428,48675,93237,152991,337836,753739,1408845,1805724,568405,20930,27745,38862,54375,65219,87772,138765,199071,316716,437023,523013,885832,988225,817499,430187,138218,110321,24833,25380
More developed regions,1990,5409313,74300,94132,19832,9042,8513,16301,47716,93764,154687,335075,765939,1398687,1860579,597911,20457,27259,38644,55120,70330,84357,140901,194174,318209,447730,516586,882101,1015607,844972,452818,145093,103174,24814,26967
More developed regions,1991,5470985,68825,87821,18996,8911,8170,16099,47056,94155,158968,334303,773185,1386369,1902457,625173,20411,26645,39077,55078,75545,83423,142157,192146,315315,457870,533795,852574,1037047,865410,473196,151977,96732,24269,28315
More developed regions,1992,5515803,64156,82759,18603,9216,8292,15839,46878,94885,164790,334664,776651,1369638,1936510,646646,20440,26438,39062,55823,78849,85941,140457,194207,310864,465787,564770,804868,1052880,883630,489180,157466,91975,24131,29032
More developed regions,1993,5801426,60440,78718,18278,9507,8730,16331,47230,99083,178109,345245,803320,1412008,2064254,707514,20615,26615,40724,58359,84641,93468,140386,204859,314893,488427,625051,786957,1113919,950335,534894,172620,88225,25061,31376
More developed regions,1994,5826792,57593,73815,16222,8521,8260,15865,46165,99133,187346,346079,791651,1401397,2092677,724116,20279,25886,40264,58869,85647,101699,134784,211295,303359,488292,656930,744467,1122295,970382,547744,176372,82336,24125,31767
More developed regions,1995,5903546,53159,68221,15062,8329,8441,16227,45866,98404,197151,344964,783630,1412430,2126041,760524,20290,25576,39776,58628,86585,110566,129222,215742,295214,488416,675209,737221,1117708,1008333,574080,186444,76550,24668,33317
More developed regions,1996,5869844,50326,64018,13692,7592,7870,15546,43799,93901,199213,335620,760789,1430714,2094088,782046,19175,24624,37083,56818,83749,115464,124086,211534,286527,474262,680652,750062,1069620,1024468,588742,193304,71610,23416,34647
More developed regions,1997,5853088,47613,60584,12971,7060,7519,15336,42021,88745,198737,331597,741632,1465868,2044061,813142,18754,23267,34132,54613,81500,117237,125944,205653,284213,457419,682598,783270,1000900,1043161,608212,204930,67644,22855,36785
More developed regions,1998,5864071,45932,57905,11973,6419,7247,14860,41157,85456,198086,326711,725708,1512977,2000689,847952,18509,22648,32286,53170,80592,117494,131844,194867,285881,439827,682687,830290,938544,1062145,631180,216772,64324,22107,38904
More developed regions,1999,6011525,43883,55368,11485,6235,7210,15115,41787,84737,203054,331243,728861,1577118,2015729,903202,18908,22879,31906,52831,81853,121201,142869,188374,298786,430075,688734,888384,914550,1101179,671328,231874,61603,22325,41865
More developed regions,2000,5978394,42517,53156,10639,5571,6722,14502,40956,82036,201598,333767,715654,1582028,1978382,920941,18717,22239,31016,51020,80792,120806,155083,178684,302036,413618,681794,900234,895059,1083323,684261,236680,58727,21224,43081
More developed regions,2001,5964909,40490,50725,10235,5259,6402,13862,40134,79938,200057,337777,701658,1577089,1957148,949286,18133,22001,30504,49434,80071,119986,164304,173473,298682,402976,666552,910537,916724,1040424,702632,246654,55984,20264,45573
More developed regions,2002,6064194,40019,49717,9698,5048,6138,13943,40048,78492,200294,348722,701148,1592017,1981332,998057,18322,21726,30619,47873,79941,120353,170059,178663,294644,406504,658180,933837,981376,999956,737186,260871,54765,20081,49237
More developed regions,2003,6161824,38968,48435,9467,4729,5769,13511,40261,76673,199234,364362,700372,1589904,2019780,1045909,18320,21941,30294,46379,78912,120322,174096,190266,284213,416159,642375,947529,1056179,963601,769258,276651,53164,19280,52883
More developed regions,2004,5973915,38268,47145,8877,4375,5298,13073,38594,72789,192540,371434,681451,1510849,1961846,1021247,17420,21174,29047,43742,74986,117554,171391,200043,263176,418275,598832,912017,1072511,889335,745645,275602,51520,18371,53274
More developed regions,2005,6091534,37207,45675,8468,4422,4990,12309,38126,72077,189631,387862,676032,1499211,2032961,1070201,17208,20918,29001,43076,72936,116695,171399,216463,250665,425367,581956,917255,1115811,917150,771699,298502,50097,17299,58035
More developed regions,2006,5980821,36774,44980,8206,4051,4495,11772,36985,69331,181871,391888,651041,1439576,2042585,1041924,16415,20570,27605,41726,68981,112890,166637,225251,238773,412268,557375,882201,1107169,935416,735444,306480,49031,16267,60322
More developed regions,2007,5979680,36660,44524,7864,3892,4420,10937,35866,67099,174627,389602,638402,1400917,2111003,1033877,15812,20054,26707,40392,64918,109709,161983,227619,241031,397371,549669,851248,1114490,996513,709947,323930,48416,15357,64514
More developed regions,2008,6047350,35746,43452,7706,3662,3950,10262,34766,65846,169981,389570,631524,1383066,2197475,1043190,15082,19684,26416,39430,62829,107152,160742,228828,254081,377443,558540,824526,1124396,1073079,696910,346280,47114,14212,70606
More developed regions,2009,5991607,34264,41752,7488,3654,3952,9477,34292,64697,164522,384523,619780,1342263,2222980,1025612,14761,19531,26181,38516,60377,104145,158515,226008,267151,352629,563618,778645,1105580,1117400,673772,351840,45406,13429,74102
More developed regions,2010,6073253,32713,40076,7363,3357,3641,8678,32623,63427,157169,380911,622744,1335188,2268605,1076182,14112,18511,25654,37773,58099,99070,156154,224757,287383,335361,573661,761527,1112743,1155862,712208,363974,43433,12319,80652
More developed regions,2011,6056998,31174,38269,7095,3465,3571,8352,31884,62359,152225,372888,623321,1299035,2254803,1120871,13729,18155,25739,36620,57177,95048,152686,220202,300447,322874,560550,738485,1084946,1169857,759195,361676,41734,11923,85954
More developed regions,2012,6160997,31774,38616,6842,3224,3353,7611,30371,59883,145923,366314,635738,1293613,2288049,1195327,12825,17546,24696,35187,55326,90597,149258,217056,305335,330403,547535,746078,1078616,1209433,831704,363623,41840,10964,92975
More developed regions,2013,6172915,30234,37064,6830,3161,3324,7183,29316,59432,141564,362248,656230,1278056,2258566,1239617,12281,17035,24351,35081,54249,87315,146116,216132,308668,347562,522351,755705,1046308,1212258,883709,355908,40225,10507,97154
More developed regions,2014,6128365,29403,35999,6596,3080,3146,6984,28693,58962,137819,355670,673924,1256908,2191992,1274114,11710,16983,24018,34944,53782,84037,142343,213327,307309,366615,491672,765236,1002410,1189582,917165,356949,39079,10130,101073
More developed regions,2015,6311829,28133,34533,6400,3063,3297,7139,28254,58647,135141,350590,703918,1259596,2245218,1375578,11469,16785,24076,34571,52478,82663,138653,211937,307731,396187,475033,784563,1008903,1236315,984326,391252,37596,10436,106855
More developed regions,2016,6218546,27356,33595,6239,3084,3191,6969,28598,59948,133001,342063,714999,1224346,2176514,1386525,11494,17104,24702,35246,51371,81630,133041,209022,301579,413420,457689,766657,976057,1200457,973879,412646,36679,10160,105713
More developed regions,2017,6314538,25470,31256,5786,3005,3190,6879,27885,59365,130414,332532,718558,1222895,2203335,1466573,11157,16728,24445,34920,50363,80051,127757,204775,297601,420957,469686,753209,992287,1211048,1013235,453338,34261,10069,108650
More developed regions,2018,6330567,23829,29339,5510,2999,3242,6902,27055,59183,128831,326336,726056,1224978,2202373,1484696,10676,16379,24329,34854,50040,78791,123657,202679,298947,427109,494780,730198,1012449,1189924,1007897,476799,32338,10144,108577
More developed regions,2019,6289419,22948,28207,5259,2920,3142,6611,26220,58603,126518,315626,719589,1216628,2185795,1488898,10618,15602,23883,34720,49428,77090,119047,196579,295497,424092,523406,693222,1027983,1157812,997210,491688,31127,9753,110662
More developed regions,2020,6994076,21794,26199,4405,2943,3380,7850,31201,78323,154590,355575,791469,1363181,2437619,1619849,12171,19030,31834,46489,63419,91171,136334,219241,327535,463934,620525,742656,1150439,1287180,1091978,527871,29142,11230,121896
More developed regions,2021,7280482,21509,25880,4371,2901,3400,8033,31536,82144,162513,382706,853398,1458664,2502472,1634684,12597,18939,33179,48965,66605,95908,147348,235358,354916,498482,690583,768081,1218920,1283552,1095556,539128,28781,11433,132149
Morocco,1950,107600,39203,56919,17716,3741,2801,3594,7933,5402,5719,6532,6939,6215,1653,160,4227,3706,2903,2499,2720,2999,3262,3270,3224,3715,3595,2620,1124,529,138,22,60660,6395,3
Morocco,1951,111426,40579,59811,19232,3785,2775,3576,8158,5600,5633,6719,6998,6446,1756,166,4276,3882,3071,2529,2650,2983,3331,3388,3317,3681,3687,2759,1255,501,145,21,63596,6351,3
Morocco,1952,113850,41333,61620,20287,3808,2724,3534,8274,5811,5488,6850,7045,6645,1869,172,4256,4018,3240,2571,2564,2924,3385,3465,3461,3584,3771,2874,1402,467,151,21,65428,6258,3
Morocco,1953,116071,42089,63201,21112,3863,2680,3491,8338,6059,5341,6960,7125,6825,2002,180,4207,4131,3418,2641,2491,2850,3433,3527,3645,3480,3848,2977,1550,452,157,23,67064,6171,3
Morocco,1954,118000,42711,64421,21710,4028,2647,3441,8351,6322,5204,7038,7256,6958,2152,177,4146,4205,3588,2734,2437,2767,3454,3584,3822,3434,3885,3073,1679,473,155,22,68449,6088,2
Morocco,1955,119711,43242,65366,22124,4272,2628,3383,8326,6589,5102,7084,7431,7039,2315,171,4084,4242,3740,2849,2418,2684,3442,3642,3971,3460,3884,3155,1790,525,149,22,69638,6011,2
Morocco,1956,121253,43689,66172,22483,4500,2627,3322,8269,6863,5026,7103,7652,7076,2478,166,4022,4247,3878,2985,2428,2598,3403,3700,4097,3555,3841,3235,1888,590,141,25,70672,5949,2
Morocco,1957,122157,43882,66572,22690,4688,2623,3244,8142,7111,4960,7076,7891,7059,2629,160,3948,4194,3983,3128,2456,2504,3326,3750,4180,3711,3741,3318,1968,661,134,26,71260,5867,2
Morocco,1958,122923,44001,66855,22854,4861,2637,3173,7991,7346,4928,7020,8148,7028,2775,155,3875,4116,4067,3279,2507,2421,3227,3793,4242,3906,3637,3391,2046,729,130,25,71716,5810,2
Morocco,1959,123528,44035,67007,22972,4986,2701,3115,7819,7531,4942,6928,8398,7022,2911,166,3792,4027,4111,3420,2582,2360,3121,3807,4303,4095,3593,3429,2119,792,140,26,71993,5816,2
Morocco,1960,130507,44558,68557,23999,5913,3406,3523,8452,8371,5423,7254,9034,7304,3082,184,4116,4336,4514,3857,2904,2519,3231,4023,4584,4450,3777,3527,2225,857,159,25,74470,6929,2
Morocco,1961,124513,43927,67027,23100,5144,2952,3068,7482,7774,5136,6655,8812,7117,3140,201,3621,3861,4108,3666,2802,2334,2915,3740,4422,4390,3725,3392,2245,895,178,23,72171,6020,2
Morocco,1962,124895,43897,66968,23071,5180,3055,3055,7385,7824,5236,6434,9040,7232,3259,225,3566,3819,4069,3755,2908,2328,2781,3653,4525,4515,3910,3322,2319,940,202,23,72148,6110,2
Morocco,1963,124644,43342,66319,22977,5213,3168,3050,7268,7827,5384,6198,9220,7379,3370,246,3501,3767,4000,3827,3031,2353,2661,3537,4598,4622,4132,3247,2386,984,223,23,71532,6218,3
Morocco,1964,123976,42664,65395,22731,5208,3211,3083,7178,7782,5506,5940,9382,7574,3450,268,3457,3721,3928,3854,3127,2379,2541,3399,4643,4739,4344,3230,2424,1026,243,25,70603,6294,2
Morocco,1965,123358,42146,64516,22370,5203,3217,3165,7078,7712,5650,5720,9493,7808,3501,289,3417,3661,3856,3856,3216,2434,2463,3257,4629,4864,4526,3282,2435,1066,262,27,69719,6382,2
Morocco,1966,122850,41668,63676,22008,5204,3234,3267,6977,7634,5833,5542,9548,8090,3532,313,3382,3595,3793,3841,3311,2522,2429,3113,4560,4988,4689,3401,2424,1108,280,33,68880,6501,2
Morocco,1967,122091,41062,62630,21568,5177,3245,3374,6848,7517,6032,5397,9553,8434,3547,333,3338,3510,3726,3791,3397,2635,2430,2967,4444,5109,4840,3594,2391,1156,296,37,67807,6619,2
Morocco,1968,121410,40365,61552,21187,5149,3265,3496,6747,7400,6243,5306,9515,8818,3565,356,3314,3433,3669,3731,3475,2768,2465,2841,4301,5214,4988,3830,2362,1203,314,42,66701,6761,2
Morocco,1969,120960,39753,60613,20860,5110,3286,3582,6733,7291,6437,5278,9420,9212,3614,375,3356,3377,3617,3674,3532,2905,2534,2744,4149,5271,5152,4060,2379,1235,331,44,65723,6868,3
Morocco,1970,121028,39499,60069,20570,5079,3316,3635,6810,7195,6611,5326,9276,9607,3705,397,3469,3341,3568,3627,3573,3038,2635,2691,4001,5275,5335,4272,2454,1251,348,49,65148,6951,3
Morocco,1971,121363,39421,59668,20247,5044,3329,3691,6939,7122,6768,5450,9093,9999,3841,420,3612,3327,3526,3596,3596,3172,2768,2682,3856,5237,5527,4472,2583,1258,367,53,64712,7020,3
Morocco,1972,121773,39359,59327,19968,5004,3330,3748,7113,7054,6870,5628,8867,10375,4012,441,3782,3331,3483,3571,3582,3288,2920,2708,3712,5155,5716,4659,2762,1250,385,56,64331,7078,4
Morocco,1973,122115,39163,58883,19720,4971,3337,3806,7273,6987,6981,5913,8559,10724,4212,463,3944,3329,3435,3552,3565,3416,3126,2787,3542,5017,5881,4843,2965,1247,403,60,63854,7143,4
Morocco,1974,121965,38709,58083,19374,4915,3316,3853,7435,6903,7044,6230,8247,11020,4435,480,4052,3383,3385,3518,3532,3512,3326,2904,3408,4839,5981,5039,3164,1271,415,65,62998,7169,5
Morocco,1975,121578,38282,57178,18896,4842,3274,3886,7592,6804,7061,6564,7965,11249,4666,490,4105,3487,3339,3465,3492,3569,3510,3054,3328,4637,6007,5242,3342,1324,423,67,62020,7160,5
Morocco,1976,120428,37500,55784,18284,4741,3207,3879,7689,6656,7022,6897,7718,11411,4921,497,4115,3574,3274,3382,3437,3585,3669,3228,3304,4414,5968,5443,3512,1409,426,71,60525,7086,6
Morocco,1977,118573,36384,53958,17574,4607,3115,3830,7723,6456,6926,7235,7517,11504,5189,502,4087,3636,3186,3270,3369,3557,3808,3427,3331,4186,5865,5639,3673,1516,426,76,58565,6945,6
Morocco,1978,116412,35166,51944,16778,4465,3017,3760,7729,6262,6808,7548,7388,11504,5471,508,4041,3688,3104,3158,3303,3505,3914,3634,3409,3979,5698,5806,3834,1637,429,79,56409,6777,6
Morocco,1979,114008,33974,49892,15918,4302,2907,3659,7657,6110,6656,7802,7349,11388,5757,525,3979,3678,3065,3045,3218,3438,3977,3825,3529,3820,5484,5904,4005,1752,443,82,54194,6566,7
Morocco,1980,111527,32938,47954,15016,4117,2788,3536,7504,5998,6480,7982,7406,11169,6035,549,3896,3608,3066,2932,3117,3363,3995,3987,3682,3724,5243,5926,4178,1857,465,84,52071,6324,7
Morocco,1981,109563,32092,46354,14262,3956,2682,3422,7374,5933,6323,8130,7579,10893,6322,585,3825,3549,3092,2841,3022,3301,3989,4141,3877,3702,4993,5900,4360,1962,500,85,50310,6104,8
Morocco,1982,107225,30954,44454,13500,3771,2571,3293,7219,5858,6155,8227,7852,10569,6613,630,3735,3484,3110,2748,2915,3240,3947,4280,4105,3747,4746,5823,4546,2067,545,85,48225,5864,8
Morocco,1983,104663,29433,42235,12802,3597,2467,3171,7065,5805,6001,8292,8207,10232,6899,679,3641,3424,3137,2668,2815,3186,3888,4404,4352,3855,4538,5694,4719,2180,593,86,45832,5638,9
Morocco,1984,102029,27780,39875,12095,3438,2375,3059,6893,5770,5868,8323,8616,9922,7151,731,3534,3359,3124,2646,2734,3134,3831,4492,4589,4027,4391,5531,4847,2304,641,90,43313,5434,9
Morocco,1985,99049,26124,37357,11233,3266,2269,2933,6681,5708,5717,8303,9025,9657,7341,781,3405,3276,3057,2651,2651,3066,3765,4538,4792,4233,4320,5337,4910,2431,684,97,40623,5202,9
Morocco,1986,96398,24646,35040,10394,3113,2169,2820,6481,5665,5577,8264,9470,9459,7496,832,3284,3197,2994,2671,2581,2996,3711,4553,4985,4485,4330,5129,4932,2564,728,104,38153,4989,9
Morocco,1987,93979,23146,32782,9636,2985,2079,2726,6290,5646,5455,8218,9941,9345,7612,890,3171,3119,2939,2707,2524,2931,3676,4542,5164,4777,4422,4923,4914,2698,775,115,35767,4805,9
Morocco,1988,91636,21595,30477,8882,2852,1992,2638,6106,5634,5354,8166,10432,9346,7679,949,3066,3040,2888,2746,2481,2873,3649,4517,5333,5099,4592,4754,4854,2825,824,125,33329,4630,10
Morocco,1989,89641,20186,28347,8161,2715,1908,2561,5934,5601,5312,8130,10907,9509,7693,1015,2972,2962,2844,2757,2485,2827,3628,4502,5478,5429,4848,4661,4765,2928,879,136,31062,4469,10
Morocco,1990,88264,19224,26712,7488,2577,1837,2494,5784,5546,5332,8093,11331,9812,7652,1085,2895,2889,2807,2739,2538,2794,3600,4493,5592,5739,5164,4648,4656,2996,938,147,29289,4331,11
Morocco,1991,87564,18690,25610,6920,2441,1773,2430,5654,5500,5377,8063,11721,10265,7562,1155,2830,2824,2774,2726,2604,2773,3569,4494,5677,6044,5540,4725,4525,3037,998,157,28051,4203,12
Morocco,1992,86932,17956,24427,6471,2310,1720,2370,5537,5465,5443,8046,12073,10855,7446,1227,2774,2763,2746,2719,2685,2758,3537,4509,5725,6348,5970,4885,4394,3052,1059,168,26737,4090,13
Morocco,1993,85731,16846,22830,5984,2150,1649,2287,5385,5390,5504,8012,12355,11545,7318,1292,2702,2683,2693,2697,2759,2745,3494,4518,5733,6622,6425,5120,4286,3032,1113,179,24980,3936,14
Morocco,1994,84831,15895,21417,5522,1997,1578,2211,5250,5311,5578,7978,12601,12320,7226,1348,2637,2613,2635,2676,2799,2779,3459,4519,5742,6859,6879,5441,4235,2991,1157,191,23414,3789,15
Morocco,1995,84539,15161,20350,5189,1891,1519,2150,5135,5243,5677,7960,12831,13169,7201,1390,2581,2554,2581,2662,2811,2866,3442,4518,5764,7067,7326,5843,4266,2935,1186,204,22241,3669,16
Morocco,1996,83938,14398,19085,4687,1754,1428,2069,5013,5195,5760,7903,13009,14042,7238,1424,2510,2503,2543,2652,2811,2949,3424,4479,5775,7234,7744,6298,4371,2867,1205,219,20839,3497,18
Morocco,1997,83940,13820,18152,4332,1664,1355,2008,4904,5158,5874,7866,13145,14997,7353,1446,2446,2458,2508,2650,2826,3048,3415,4451,5784,7361,8173,6824,4556,2797,1214,232,19816,3363,19
Morocco,1998,83833,13160,17146,3986,1570,1277,1938,4776,5096,5986,7833,13226,15955,7558,1455,2370,2406,2459,2637,2841,3145,3411,4422,5791,7435,8573,7382,4811,2747,1211,244,18716,3215,20
Morocco,1999,83504,12346,15998,3652,1470,1198,1854,4617,5005,6057,7839,13259,16853,7883,1450,2282,2335,2397,2608,2849,3208,3445,4394,5789,7470,8915,7938,5147,2736,1197,253,17468,3052,21
Morocco,2000,83623,11776,15138,3362,1377,1128,1776,4475,4915,6115,7916,13282,17702,8338,1436,2202,2273,2336,2579,2861,3254,3524,4392,5805,7477,9222,8480,5559,2779,1178,258,16515,2904,23
Morocco,2001,83952,11246,14354,3108,1291,1065,1701,4345,4826,6182,8010,13319,18503,8915,1419,2130,2215,2275,2551,2876,3306,3613,4397,5847,7472,9486,9017,6039,2876,1156,263,15645,2766,24
Morocco,2002,84624,10855,13751,2896,1214,1012,1630,4229,4737,6262,8110,13413,19248,9598,1399,2068,2161,2221,2516,2897,3365,3720,4390,5900,7513,9689,9559,6579,3019,1134,265,14965,2642,26
Morocco,2003,85261,10448,13127,2679,1136,956,1554,4100,4633,6329,8228,13520,19898,10364,1385,2002,2098,2166,2467,2906,3423,3842,4386,5928,7592,9824,10074,7154,3210,1121,264,14263,2510,27
Morocco,2004,86338,10073,12583,2510,1094,935,1509,4028,4570,6428,8421,13667,20484,11203,1387,1966,2062,2137,2433,2929,3499,3975,4446,5973,7694,9938,10546,7741,3462,1126,261,13677,2444,28
Morocco,2005,86096,9600,11884,2284,983,837,1382,3803,4373,6353,8525,13694,20800,12026,1409,1847,1956,2050,2323,2862,3491,4049,4476,5948,7746,9912,10888,8271,3755,1152,257,12867,2219,29
Morocco,2006,86281,9176,11276,2100,911,771,1284,3609,4212,6287,8676,13843,21048,12885,1454,1745,1864,1978,2234,2795,3492,4118,4558,5974,7869,9870,11178,8794,4091,1201,253,12187,2055,29
Morocco,2007,86543,8757,10690,1933,841,708,1191,3410,4054,6199,8846,13984,21280,13794,1517,1638,1772,1902,2152,2713,3486,4171,4675,5975,8009,9890,11390,9327,4467,1268,249,11531,1899,30
Morocco,2008,87086,8402,10202,1800,785,654,1111,3230,3920,6114,9061,14129,21528,14724,1606,1538,1692,1833,2087,2634,3480,4227,4834,6002,8127,9979,11549,9850,4874,1358,248,10987,1765,30
Morocco,2009,87884,8156,9836,1680,734,606,1039,3063,3802,6032,9284,14353,21765,15618,1728,1443,1620,1767,2035,2564,3468,4285,4999,6096,8257,10090,11675,10328,5290,1477,251,10570,1645,29
Morocco,2010,88873,7896,9479,1583,694,567,973,2912,3702,5956,9497,14676,22025,16475,1882,1358,1554,1707,1995,2501,3455,4340,5157,6242,8434,10265,11760,10769,5706,1622,260,10173,1540,29
Morocco,2011,88488,7547,9024,1477,648,525,897,2732,3547,5761,9498,14715,21999,17068,2045,1262,1470,1626,1921,2398,3363,4302,5196,6286,8429,10352,11647,11011,6057,1772,273,9672,1422,29
Morocco,2012,88250,7152,8539,1387,610,488,828,2564,3406,5572,9489,14754,22105,17630,2233,1176,1388,1553,1853,2310,3262,4268,5221,6375,8379,10475,11630,11203,6427,1941,292,9149,1316,28
Morocco,2013,88355,6807,8119,1312,577,456,770,2421,3280,5413,9492,14888,22295,18169,2446,1106,1315,1489,1791,2246,3167,4236,5256,6515,8373,10582,11713,11362,6807,2130,316,8696,1226,29
Morocco,2014,88616,6397,7642,1245,556,431,721,2284,3171,5281,9496,15123,22535,18668,2681,1042,1242,1435,1736,2197,3084,4200,5296,6666,8457,10707,11828,11502,7166,2332,349,8198,1152,29
Morocco,2015,89135,6069,7239,1170,529,407,675,2153,3061,5162,9494,15414,22908,19126,2935,978,1175,1381,1680,2154,3008,4161,5333,6805,8609,10891,12017,11613,7513,2544,391,7768,1082,31
Morocco,2016,89401,5627,6731,1104,509,387,637,2029,2957,5038,9439,15649,23287,19506,3200,917,1112,1329,1628,2112,2926,4094,5345,6895,8754,11007,12280,11685,7821,2760,440,7240,1024,34
Morocco,2017,89118,5326,6364,1038,490,369,602,1912,2835,4878,9251,15736,23399,19780,3463,860,1052,1268,1567,2048,2830,3964,5287,6887,8849,10940,12459,11751,8029,2972,491,6854,971,37
Morocco,2018,89339,5015,5993,978,474,357,570,1811,2733,4765,9100,15953,23597,20189,3754,812,999,1214,1519,1997,2768,3854,5246,6910,9043,10956,12641,11947,8242,3204,550,6467,927,41
Morocco,2019,90049,4738,5667,929,460,345,548,1723,2642,4682,8988,16241,23991,20658,4057,769,954,1162,1480,1953,2729,3765,5223,6963,9278,11118,12873,12197,8461,3439,618,6127,893,47
Morocco,2020,95606,4487,5367,880,443,332,462,1460,2382,4630,9598,18553,26176,21715,4431,648,812,1017,1365,1878,2752,3922,5676,7858,10695,12487,13689,12846,8869,3731,700,5810,794,54
Morocco,2021,98862,4294,5138,844,428,326,457,1437,2355,4665,9682,19504,27140,22831,4831,640,797,995,1360,1867,2798,3921,5761,8278,11226,13005,14135,13492,9339,4043,788,5566,783,63
Mozambique,1950,79718,27220,43162,15942,3744,1692,1499,4084,4773,4103,3770,4863,4986,2670,366,1888,2196,2382,2391,2208,1895,1858,1912,2239,2624,2670,2316,1738,932,308,58,46906,3191,6
Mozambique,1951,79788,27090,43062,15972,3792,1731,1487,4076,4797,4184,3814,4861,5004,2616,360,1887,2189,2383,2414,2248,1936,1880,1934,2239,2622,2714,2290,1703,913,303,57,46854,3218,6
Mozambique,1952,79285,27040,42732,15692,3789,1746,1475,4029,4758,4202,3806,4811,5020,2563,353,1864,2165,2353,2405,2254,1948,1878,1928,2224,2587,2743,2277,1670,893,297,56,46521,3221,6
Mozambique,1953,79035,26978,42412,15434,3802,1761,1479,4011,4760,4251,3825,4802,5065,2515,346,1847,2164,2346,2414,2275,1976,1891,1934,2235,2567,2778,2287,1638,877,291,55,46214,3240,6
Mozambique,1954,78659,26917,42118,15201,3807,1766,1489,3982,4733,4260,3809,4769,5109,2468,339,1817,2165,2328,2405,2274,1986,1887,1922,2236,2533,2799,2310,1609,859,285,54,45925,3255,6
Mozambique,1955,78531,26876,41932,15056,3786,1775,1512,3970,4734,4294,3823,4769,5163,2430,333,1790,2180,2328,2406,2287,2007,1902,1921,2251,2518,2817,2346,1587,843,280,53,45718,3287,5
Mozambique,1956,78189,26840,41757,14917,3745,1772,1525,3936,4694,4284,3808,4742,5197,2400,328,1762,2174,2309,2385,2277,2007,1901,1907,2243,2499,2809,2388,1573,827,275,53,45502,3297,5
Mozambique,1957,78156,26826,41636,14810,3707,1768,1537,3922,4678,4314,3849,4788,5246,2381,322,1755,2167,2303,2375,2285,2029,1929,1920,2265,2523,2810,2436,1570,811,270,52,45343,3305,5
Mozambique,1958,77910,26808,41493,14685,3656,1773,1555,3923,4673,4303,3835,4751,5246,2381,316,1764,2159,2310,2363,2277,2026,1931,1904,2238,2513,2778,2468,1583,798,265,51,45149,3328,5
Mozambique,1959,77924,26971,41583,14612,3613,1779,1569,3923,4658,4273,3819,4746,5251,2390,312,1786,2137,2315,2343,2259,2014,1928,1891,2223,2523,2754,2497,1605,785,261,51,45196,3348,5
Mozambique,1960,78277,27275,41886,14611,3608,1787,1584,3906,4656,4276,3843,4749,5262,2411,304,1806,2100,2321,2335,2255,2021,1945,1898,2214,2535,2744,2518,1634,777,256,48,45494,3371,5
Mozambique,1961,78616,27607,42290,14683,3622,1794,1591,3867,4620,4253,3854,4721,5258,2439,299,1809,2058,2307,2313,2235,2018,1952,1902,2192,2529,2735,2523,1668,771,252,47,45912,3385,5
Mozambique,1962,79617,28031,42996,14965,3663,1801,1608,3918,4640,4286,3924,4718,5286,2475,294,1844,2074,2316,2324,2244,2042,1986,1938,2182,2536,2762,2524,1702,773,248,46,46659,3409,5
Mozambique,1963,80901,28496,43782,15286,3738,1816,1640,3995,4687,4351,4024,4733,5324,2516,290,1886,2109,2332,2355,2270,2081,2032,1992,2197,2536,2801,2523,1734,782,244,46,47520,3456,5
Mozambique,1964,82365,29038,44794,15756,3886,1846,1682,4063,4670,4370,4089,4727,5380,2566,286,1923,2140,2309,2361,2271,2099,2059,2030,2210,2517,2847,2533,1768,798,241,45,48680,3528,5
Mozambique,1965,83731,29535,45621,16086,4015,1885,1719,4148,4693,4420,4184,4745,5419,2597,283,1958,2190,2301,2392,2292,2128,2102,2082,2248,2497,2884,2535,1784,813,238,45,49636,3604,5
Mozambique,1966,85178,30141,46558,16417,4164,1946,1756,4191,4703,4462,4274,4765,5451,2622,282,1978,2213,2291,2412,2308,2154,2144,2130,2289,2476,2903,2548,1792,830,237,45,50722,3702,5
Mozambique,1967,86744,30768,47532,16764,4305,2011,1796,4254,4732,4506,4368,4829,5482,2638,282,2007,2247,2305,2427,2331,2175,2188,2180,2351,2478,2909,2573,1792,846,238,44,51837,3807,5
Mozambique,1968,88380,31431,48538,17107,4443,2084,1832,4321,4760,4564,4474,4920,5505,2650,284,2045,2276,2325,2435,2361,2203,2236,2238,2420,2500,2899,2606,1788,862,242,42,52981,3916,4
Mozambique,1969,90078,32132,49574,17442,4561,2163,1868,4397,4789,4627,4582,5037,5520,2662,288,2091,2306,2360,2429,2395,2232,2285,2297,2495,2542,2879,2641,1788,874,246,42,54135,4031,4
Mozambique,1970,91652,32754,50525,17771,4662,2249,1919,4450,4802,4687,4685,5173,5526,2675,294,2129,2321,2390,2412,2427,2260,2329,2356,2574,2599,2853,2673,1791,884,252,42,55187,4168,4
Mozambique,1971,93541,33445,51632,18187,4788,2362,1994,4470,4823,4777,4819,5346,5532,2689,300,2153,2317,2411,2412,2470,2307,2390,2429,2663,2683,2837,2695,1802,887,258,42,56420,4356,4
Mozambique,1972,95249,34044,52496,18452,4873,2459,2081,4519,4867,4883,4972,5552,5532,2707,305,2196,2323,2429,2438,2516,2367,2459,2513,2766,2786,2837,2695,1821,886,262,43,57369,4540,4
Mozambique,1973,97652,34957,53912,18955,4994,2556,2192,4651,4920,4938,5103,5783,5548,2734,311,2275,2376,2460,2460,2529,2409,2508,2595,2874,2909,2863,2685,1846,888,268,43,58906,4748,4
Mozambique,1974,100385,36060,55573,19513,5136,2641,2312,4828,4984,4957,5237,6039,5591,2766,319,2368,2460,2495,2489,2514,2443,2557,2680,2988,3051,2919,2672,1877,889,274,45,60709,4953,4
Mozambique,1975,102501,37122,56997,19875,5207,2677,2411,5000,5016,4916,5305,6245,5613,2787,322,2472,2528,2510,2506,2467,2449,2573,2732,3075,3170,2975,2638,1896,891,276,46,62204,5088,4
Mozambique,1976,105627,38440,58957,20517,5380,2742,2531,5255,5082,4926,5409,6497,5706,2813,324,2622,2633,2548,2534,2454,2472,2609,2800,3186,3311,3077,2629,1913,900,277,47,64337,5273,4
Mozambique,1977,108889,39929,61180,21251,5569,2809,2639,5498,5119,4910,5470,6718,5821,2825,324,2763,2735,2579,2540,2443,2467,2626,2844,3283,3435,3192,2629,1913,912,276,48,66749,5448,4
Mozambique,1978,112778,41602,63773,22171,5779,2874,2756,5850,5225,4878,5529,6954,5992,2835,326,2961,2889,2664,2561,2437,2441,2639,2890,3388,3566,3335,2657,1908,927,278,48,69552,5630,4
Mozambique,1979,117469,43530,66769,23239,6056,2975,2882,6265,5410,4873,5610,7226,6219,2847,330,3184,3081,2799,2611,2461,2412,2667,2943,3509,3717,3501,2718,1903,944,280,50,72825,5857,4
Mozambique,1980,121369,45243,69393,24150,6288,3057,2944,6595,5539,4831,5642,7445,6450,2849,333,3346,3249,2903,2636,2473,2358,2673,2969,3597,3848,3661,2789,1889,960,283,50,75681,6001,5
Mozambique,1981,133537,48862,76524,27662,7408,3626,3162,7095,5999,5233,6131,8116,6993,2906,339,3579,3516,3157,2842,2692,2541,2911,3220,3908,4208,3996,2997,1928,978,287,52,83932,6788,5
Mozambique,1982,134885,49195,77081,27886,7536,3751,3177,7157,6107,5273,6146,8231,7199,2884,341,3587,3570,3229,2878,2720,2553,2919,3227,3932,4299,4114,3085,1914,970,289,52,84617,6928,5
Mozambique,1983,136746,49720,77710,27990,7604,3877,3225,7269,6310,5405,6230,8407,7469,2888,344,3614,3655,3333,2977,2793,2612,2953,3277,3987,4420,4261,3208,1927,961,292,52,85314,7102,5
Mozambique,1984,139500,50327,78340,28013,7596,3976,3347,7556,6749,5865,6480,8594,7738,2903,347,3731,3825,3527,3222,3043,2822,3073,3407,4058,4536,4401,3337,1953,950,295,52,85936,7323,5
Mozambique,1985,140664,50732,78848,28116,7592,4056,3415,7535,6872,5941,6474,8659,7987,2930,351,3696,3839,3581,3291,3072,2869,3042,3432,4064,4595,4523,3464,1993,937,299,52,86440,7471,5
Mozambique,1986,131391,47907,72782,24875,6576,3594,3281,7188,6727,5734,6129,8250,7871,2903,347,3502,3686,3500,3227,2970,2764,2871,3258,3846,4404,4429,3442,1991,912,295,52,79358,6875,5
Mozambique,1987,132365,48138,73028,24890,6514,3609,3361,7174,6873,5834,6190,8333,8118,2982,347,3493,3681,3559,3314,3024,2810,2903,3287,3878,4455,4550,3568,2068,914,294,53,79542,6970,5
Mozambique,1988,128914,47119,71496,24377,6334,3520,3287,6755,6542,5458,5895,8148,8147,2997,335,3297,3458,3394,3148,2824,2634,2760,3135,3783,4365,4546,3601,2098,899,283,52,77830,6807,5
Mozambique,1989,128266,46747,70823,24076,6239,3459,3314,6686,6554,5519,5872,8132,8271,3065,328,3294,3392,3385,3169,2874,2645,2780,3092,3783,4349,4592,3679,2163,902,276,52,77062,6773,5
Mozambique,1990,128293,46634,70696,24062,6259,3437,3352,6629,6527,5530,5826,8112,8428,3169,326,3319,3310,3349,3178,2894,2636,2794,3032,3778,4334,4645,3783,2247,922,274,52,76955,6789,5
Mozambique,1991,129256,46582,70602,24020,6287,3425,3412,6734,6665,5705,5932,8237,8637,3291,327,3420,3314,3389,3276,3003,2702,2869,3063,3846,4391,4731,3906,2337,954,274,53,76889,6837,5
Mozambique,1992,129978,46419,70180,23761,6269,3399,3456,6882,6820,5918,6080,8382,8835,3426,326,3536,3346,3435,3385,3129,2789,2949,3131,3919,4463,4808,4027,2429,997,274,52,76449,6855,5
Mozambique,1993,130391,46129,69501,23372,6223,3364,3466,7033,6940,6148,6262,8534,9024,3559,331,3640,3393,3463,3477,3243,2905,3043,3219,3982,4552,4883,4141,2519,1040,280,51,75724,6830,5
Mozambique,1994,133935,46517,69734,23217,6248,3403,3559,7500,7398,6738,6790,9015,9429,3770,342,3875,3625,3653,3745,3533,3205,3303,3487,4194,4821,5091,4338,2661,1109,291,51,75982,6962,5
Mozambique,1995,138991,47646,71087,23441,6336,3477,3674,8009,7820,7326,7334,9510,9971,4076,365,4120,3889,3828,3992,3825,3501,3562,3772,4394,5116,5361,4610,2868,1208,311,54,77423,7151,5
Mozambique,1996,139564,47199,69970,22771,6193,3440,3658,8271,8003,7719,7651,9759,10231,4277,383,4218,4053,3891,4112,4016,3703,3716,3935,4494,5265,5484,4747,3001,1276,329,54,76163,7098,6
Mozambique,1997,138878,46786,68729,21943,6002,3380,3592,8335,7964,7898,7798,9862,10427,4481,404,4211,4124,3864,4100,4083,3815,3793,4005,4542,5320,5567,4860,3135,1346,349,55,74731,6972,6
Mozambique,1998,138410,45728,66790,21062,5816,3342,3571,8505,8118,8241,8146,10106,10668,4672,428,4236,4269,3945,4173,4237,4004,3984,4162,4686,5420,5697,4971,3258,1414,371,57,72606,6913,6
Mozambique,1999,136764,44390,64365,19975,5536,3233,3505,8511,8168,8470,8471,10309,10890,4852,452,4177,4334,3996,4172,4324,4146,4173,4298,4839,5470,5825,5065,3369,1483,392,60,69901,6738,6
Mozambique,2000,135531,43152,62139,18987,5270,3124,3447,8520,8278,8746,8828,10541,11131,5023,476,4119,4401,4093,4185,4424,4322,4377,4451,5023,5518,5968,5163,3470,1553,414,62,67409,6571,6
Mozambique,2001,135110,41654,59518,17864,4995,3023,3446,8741,8699,9281,9385,10925,11400,5179,504,4154,4587,4354,4345,4649,4632,4694,4691,5267,5658,6135,5265,3559,1620,438,66,64513,6469,6
Mozambique,2002,134339,40404,57380,16976,4807,2941,3437,8795,8943,9562,9785,11197,11619,5337,529,4133,4662,4527,4416,4741,4821,4924,4861,5417,5780,6249,5370,3645,1692,460,69,62187,6378,6
Mozambique,2003,136039,39421,55594,16173,4600,2844,3455,9166,9728,10312,10608,11787,11890,5482,560,4241,4925,4956,4772,5072,5240,5354,5254,5739,6048,6392,5498,3725,1757,485,75,60194,6299,6
Mozambique,2004,136482,38315,53751,15436,4442,2774,3469,9350,10251,10724,11206,12224,12075,5624,588,4302,5048,5236,5015,5230,5494,5639,5567,5959,6265,6449,5626,3801,1823,509,79,58193,6243,7
Mozambique,2005,137307,37286,52041,14755,4315,2736,3523,9681,10929,11143,11771,12572,12209,5760,619,4440,5241,5577,5352,5400,5743,5929,5842,6122,6450,6459,5750,3878,1882,535,84,56356,6259,7
Mozambique,2006,137438,36312,50412,14100,4190,2682,3524,9795,11373,11372,12264,12887,12387,5892,650,4496,5299,5769,5604,5480,5892,6171,6093,6276,6611,6517,5870,3956,1936,561,89,54602,6206,7
Mozambique,2007,135573,35009,48174,13165,3985,2591,3451,9671,11484,11342,12543,13061,12557,6024,680,4458,5213,5766,5718,5451,5891,6283,6260,6367,6694,6598,5959,4038,1986,586,94,52159,6042,8
Mozambique,2008,134519,34542,47075,12533,3851,2535,3396,9537,11461,11213,12644,13225,12700,6162,710,4419,5118,5688,5773,5403,5810,6304,6340,6465,6760,6689,6011,4127,2035,612,98,50926,5931,8
Mozambique,2009,134162,34208,46153,11945,3707,2480,3352,9480,11509,11216,12820,13511,12875,6309,741,4399,5081,5639,5870,5451,5765,6364,6456,6644,6867,6838,6037,4226,2083,636,105,49860,5832,9
Mozambique,2010,134304,34541,46432,11891,3680,2484,3332,9322,11268,11003,12802,13704,13041,6459,767,4348,4974,5462,5806,5416,5587,6296,6506,6764,6940,6994,6047,4329,2130,656,111,50112,5816,9
Mozambique,2011,132860,33989,45550,11561,3566,2439,3271,9094,10948,10794,12728,13842,13219,6606,795,4250,4844,5257,5691,5384,5410,6189,6539,6856,6986,7112,6107,4429,2177,679,116,49116,5710,10
Mozambique,2012,130209,33241,44471,11230,3462,2384,3189,8716,10360,10401,12401,13855,13396,6742,819,4085,4631,4942,5418,5244,5157,5953,6448,6868,6987,7185,6211,4512,2230,697,122,47933,5573,11
Mozambique,2013,127242,32566,43448,10882,3373,2320,3092,8252,9654,9947,11967,13865,13614,6853,843,3883,4369,4593,5061,5045,4902,5668,6299,6829,7036,7272,6342,4570,2283,716,127,46821,5412,11
Mozambique,2014,124296,31430,41911,10481,3293,2251,3003,7858,9079,9621,11599,13964,13891,6947,866,3709,4149,4326,4753,4884,4737,5422,6177,6809,7155,7383,6508,4603,2344,734,132,45204,5254,12
Mozambique,2015,120985,30351,40231,9880,3181,2156,2885,7380,8451,9275,11204,14080,14200,7045,889,3498,3882,4035,4416,4680,4595,5167,6037,6812,7268,7499,6701,4636,2409,752,137,43412,5041,13
Mozambique,2016,117772,29708,39084,9376,3104,2073,2776,6906,7795,8818,10648,14028,14433,7180,913,3298,3608,3740,4055,4408,4410,4856,5792,6724,7304,7571,6862,4711,2469,771,142,42188,4849,13
Mozambique,2017,116603,29613,38784,9171,3087,2031,2712,6607,7376,8542,10288,14126,14743,7354,938,3179,3428,3563,3813,4220,4322,4666,5622,6702,7424,7712,7031,4835,2519,793,145,41871,4743,14
Mozambique,2018,113731,29386,38335,8949,3056,1981,2603,6129,6710,7933,9615,13815,15039,7532,966,2988,3141,3259,3451,3861,4072,4352,5263,6463,7352,7840,7199,4977,2555,815,151,41391,4584,15
Mozambique,2019,112554,28982,37716,8734,3027,1952,2525,5878,6427,7698,9335,13768,15492,7723,994,2881,2997,3127,3300,3695,4003,4257,5078,6375,7393,8090,7402,5145,2578,840,154,40743,4477,15
Mozambique,2020,114118,28571,37011,8440,2886,1865,2194,4977,5742,7770,9931,15365,17019,8286,1054,2481,2496,2695,3047,3634,4136,4548,5383,7042,8323,9063,7956,5565,2721,893,161,39897,4059,16
Mozambique,2021,128900,28233,36439,8206,2811,1908,2699,6644,7773,9870,12081,18409,19689,9395,1164,3220,3424,3701,4072,4584,5286,5673,6408,8451,9958,10619,9070,6305,3090,989,175,39250,4607,17
Myanmar,1950,236439,79152,122854,43702,6867,5167,6620,15245,14846,13457,14462,16800,14359,5245,510,7746,7499,7706,7140,6836,6621,7054,7408,8460,8340,7996,6363,3648,1597,441,69,129721,11787,8
Myanmar,1951,237011,78845,123834,44989,6870,5046,6468,15121,14755,13353,14476,16831,14444,5303,498,7670,7451,7627,7128,6757,6596,7072,7404,8453,8378,8026,6418,3725,1578,436,62,130704,11514,8
Myanmar,1952,230151,76624,120232,43608,6538,4692,6067,14464,14160,12841,14204,16647,14419,5379,500,7290,7174,7244,6916,6473,6368,6941,7263,8322,8325,7991,6428,3821,1558,435,65,126770,10759,8
Myanmar,1953,226897,74892,117217,42325,6541,4555,5886,14297,14019,12702,14265,16765,14616,5519,511,7143,7154,7088,6931,6395,6307,6988,7277,8352,8413,8090,6526,3958,1561,443,68,123758,10441,8
Myanmar,1954,221916,73343,114388,41045,6504,4343,5567,13752,13540,12318,14063,16626,14663,5631,512,6809,6943,6786,6754,6197,6121,6885,7178,8249,8377,8102,6561,4049,1582,448,64,120892,9910,6
Myanmar,1955,219571,71874,111660,39786,6726,4287,5419,13569,13452,12272,14146,16783,14919,5808,519,6667,6902,6720,6732,6188,6084,6912,7234,8310,8473,8236,6683,4168,1640,455,64,118386,9706,5
Myanmar,1956,217090,70626,109357,38731,6849,4227,5246,13265,13277,12182,14154,16872,15150,5981,522,6472,6793,6640,6637,6166,6016,6886,7268,8336,8536,8354,6796,4271,1710,458,64,116206,9473,5
Myanmar,1957,215157,69667,107213,37546,7006,4213,5117,13018,13175,12173,14192,16979,15386,6150,525,6315,6703,6635,6540,6204,5969,6857,7335,8373,8606,8476,6910,4364,1786,460,65,114219,9330,5
Myanmar,1958,213330,68766,105608,36842,7072,4187,4964,12649,12976,12110,14175,17059,15644,6343,538,6107,6542,6594,6382,6210,5900,6788,7387,8391,8668,8602,7042,4471,1872,470,68,112680,9151,6
Myanmar,1959,212029,67894,104042,36148,7128,4244,4869,12334,12850,12100,14192,17212,15948,6543,560,5933,6401,6570,6280,6222,5878,6743,7449,8451,8761,8745,7203,4590,1953,488,72,111170,9113,6
Myanmar,1960,212142,67071,102552,35481,7254,4410,4881,12209,12927,12237,14352,17551,16379,6786,593,5857,6352,6621,6306,6289,5948,6782,7570,8611,8940,8956,7423,4745,2041,517,76,109806,9291,6
Myanmar,1961,211438,66201,100844,34643,7302,4546,4890,12001,12926,12301,14417,17823,16750,7007,624,5751,6250,6606,6320,6291,6010,6788,7629,8744,9079,9127,7623,4888,2119,548,76,108146,9436,7
Myanmar,1962,210389,65292,99315,34023,7245,4639,4860,11671,12801,12267,14396,18088,17161,7272,666,5591,6080,6498,6303,6201,6066,6755,7641,8877,9211,9310,7851,5061,2211,585,81,106560,9499,8
Myanmar,1963,209412,64130,97118,32988,7277,4787,4907,11486,12803,12325,14445,18420,17596,7535,703,5514,5972,6441,6362,6151,6174,6774,7671,9052,9368,9511,8085,5237,2298,620,83,104395,9694,8
Myanmar,1964,205466,62647,94256,31609,7031,4719,4873,11012,12430,12100,14243,18466,17831,7755,738,5312,5700,6193,6237,5974,6126,6679,7564,9059,9407,9599,8232,5379,2376,652,86,101287,9592,9
Myanmar,1965,201008,61097,91251,30154,6708,4539,4852,10564,11985,11826,14021,18457,18044,7979,774,5132,5432,5922,6063,5802,6024,6583,7438,9014,9443,9680,8364,5524,2455,682,92,97959,9391,9
Myanmar,1966,198446,59298,87968,28670,6599,4492,4969,10439,11834,11808,14079,18708,18454,8273,812,5120,5319,5808,6026,5793,6015,6636,7443,9086,9622,9875,8579,5720,2553,714,98,94567,9461,9
Myanmar,1967,194437,57640,85024,27384,6299,4303,4960,10110,11396,11562,13953,18726,18705,8536,853,5009,5101,5559,5837,5696,5866,6615,7338,9005,9721,9974,8731,5889,2647,748,105,91323,9263,9
Myanmar,1968,190910,56299,82675,26376,6002,4132,4884,9648,10830,11305,13871,18776,19027,8848,901,4832,4816,5242,5588,5597,5708,6616,7255,8926,9850,10103,8924,6089,2759,787,114,88677,9016,10
Myanmar,1969,193337,55961,81956,25995,6100,4215,5116,9980,10938,11558,14248,19300,19710,9257,948,5081,4899,5278,5660,5764,5794,6826,7422,9106,10194,10451,9259,6358,2899,826,122,88056,9331,11
Myanmar,1970,194464,55812,81596,25784,6072,4200,5150,10113,10761,11609,14433,19601,20284,9629,998,5238,4875,5173,5588,5793,5816,6911,7522,9186,10415,10738,9546,6595,3034,868,130,87668,9350,12
Myanmar,1971,194525,55585,81080,25495,5941,4116,5103,10124,10444,11548,14509,19776,20821,9998,1048,5316,4808,5007,5437,5735,5813,6906,7603,9216,10560,11009,9812,6825,3173,912,136,87021,9219,13
Myanmar,1972,197327,55211,80348,25137,6119,4223,5288,10616,10549,11852,14910,20248,21618,10433,1103,5651,4965,5058,5491,5852,6000,7027,7883,9414,10834,11449,10169,7105,3328,960,143,86467,9511,14
Myanmar,1973,196543,54670,79365,24695,5952,4117,5197,10621,10206,11764,14932,20303,22129,10789,1154,5706,4915,4894,5312,5740,6024,6939,7993,9415,10888,11725,10404,7325,3464,1004,150,85317,9314,14
Myanmar,1974,196995,53900,78115,24215,5960,4126,5223,10842,10083,11827,15124,20567,22774,11168,1177,5818,5024,4852,5231,5710,6117,6958,8166,9543,11024,12062,10712,7571,3597,1038,139,84075,9349,10
Myanmar,1975,199463,53219,76973,23754,6137,4252,5379,11355,10218,12066,15527,21108,23600,11626,1220,6033,5322,4954,5264,5780,6286,7118,8409,9823,11285,12475,11125,7874,3752,1084,136,83110,9631,7
Myanmar,1976,198088,52612,75770,23158,5932,4148,5246,11289,9901,11829,15482,21218,24039,11966,1264,5934,5355,4839,5062,5605,6224,7092,8390,9902,11316,12636,11403,8090,3876,1126,138,81702,9394,5
Myanmar,1977,198399,51992,74581,22589,5883,4141,5234,11474,9812,11753,15611,21576,24640,12369,1318,5962,5512,4843,4969,5525,6228,7197,8414,10135,11441,12854,11786,8347,4022,1176,142,80464,9375,4
Myanmar,1978,201315,51494,73813,22319,6056,4255,5364,11952,9997,11890,15989,22259,25484,12868,1382,6139,5813,4994,5003,5558,6332,7447,8542,10537,11722,13188,12296,8671,4197,1233,149,79869,9619,3
Myanmar,1979,200253,50890,72552,21662,5842,4161,5273,11884,9910,11620,15963,22471,25879,13259,1445,6057,5827,5026,4884,5394,6226,7478,8485,10668,11803,13281,12598,8917,4342,1287,158,78394,9434,3
Myanmar,1980,199956,50224,71411,21187,5696,4093,5221,11824,9958,11412,16024,22761,26340,13708,1505,6001,5823,5136,4822,5268,6144,7515,8509,10791,11970,13432,12908,9208,4500,1340,165,77107,9314,3
Myanmar,1981,202481,49529,70245,20716,5823,4193,5388,12224,10399,11501,16422,23408,27040,14266,1570,6181,6043,5446,4953,5302,6199,7689,8733,11050,12358,13740,13300,9584,4682,1398,172,76068,9581,3
Myanmar,1982,202025,49207,69516,20309,5616,4074,5275,12013,10405,11211,16451,23642,27407,14777,1636,6049,5964,5517,4888,5145,6066,7638,8813,11022,12620,13873,13534,9931,4846,1456,180,75132,9349,3
Myanmar,1983,204435,49048,68982,19934,5670,4119,5372,12243,10782,11213,16785,24203,28005,15362,1694,6151,6092,5779,5003,5150,6063,7716,9069,11135,13068,14160,13845,10337,5025,1513,181,74652,9491,3
Myanmar,1984,205026,48666,68326,19660,5540,4041,5321,12198,10957,11055,16874,24517,28474,15918,1798,6118,6080,5860,5097,5090,5965,7671,9203,11156,13361,14396,14078,10695,5223,1591,207,73866,9362,4
Myanmar,1985,208125,47514,66947,19433,5712,4148,5504,12685,11583,11257,17277,25243,29319,16549,1896,6362,6323,6137,5446,5229,6028,7790,9487,11445,13798,14861,14458,11093,5456,1670,226,72659,9652,6
Myanmar,1986,206783,45971,65037,19066,5517,4024,5378,12510,11668,11095,17189,25458,29857,17049,1986,6274,6236,6108,5560,5191,5904,7675,9514,11531,13927,15178,14679,11375,5674,1744,242,70554,9402,8
Myanmar,1987,208640,44392,62908,18516,5634,4097,5513,12906,12250,11295,17437,26088,30790,17635,2074,6476,6430,6342,5908,5351,5944,7735,9702,11907,14181,15763,15027,11702,5933,1818,256,68542,9610,11
Myanmar,1988,210814,42898,60780,17882,5800,4186,5655,13334,12867,11567,17676,26756,31816,18208,2160,6689,6645,6585,6282,5553,6014,7801,9875,12341,14415,16407,15409,12014,6194,1891,269,66580,9841,12
Myanmar,1989,209357,42060,59094,17034,5597,4056,5505,13109,12841,11555,17430,26896,32400,18618,2243,6564,6545,6513,6328,5629,5926,7644,9786,12473,14423,16746,15654,12213,6405,1964,279,64691,9561,13
Myanmar,1990,212401,41346,57692,16346,5729,4152,5647,13551,13351,12055,17626,27631,33440,19177,2338,6768,6783,6749,6602,5991,6064,7706,9920,12850,14781,17279,16161,12542,6635,2049,289,63421,9799,12
Myanmar,1991,211195,40496,56289,15793,5494,4021,5475,13280,13220,12178,17353,27842,34034,19575,2424,6606,6674,6646,6574,6133,6045,7556,9797,12896,14946,17480,16554,12763,6812,2130,294,61783,9496,10
Myanmar,1992,212726,39467,54658,15191,5464,4055,5534,13508,13545,12653,17391,28466,34901,20033,2512,6697,6811,6782,6763,6466,6187,7565,9826,13095,15371,17743,17158,13043,6990,2216,296,60122,9589,10
Myanmar,1993,209978,38431,53064,14633,5076,3869,5287,13013,13204,12689,16981,28530,35299,20359,2596,6424,6589,6579,6625,6534,6155,7378,9603,12960,15570,17701,17598,13235,7124,2297,299,58140,9156,8
Myanmar,1994,209142,37260,51343,14083,4853,3789,5187,12833,13155,12968,16813,28792,35904,20809,2686,6314,6519,6535,6620,6658,6310,7328,9485,12927,15865,17830,18074,13533,7276,2378,308,56196,8976,7
Myanmar,1995,209031,36098,49700,13602,4715,3730,5121,12703,13161,13303,16748,29059,36630,21370,2779,6232,6471,6529,6632,6747,6556,7349,9399,12912,16147,18113,18517,13920,7450,2458,321,54415,8851,6
Myanmar,1996,202940,35047,47906,12859,4224,3408,4728,11805,12421,13028,16114,28345,36468,21640,2840,5774,6031,6145,6276,6499,6529,7122,8992,12442,15903,18005,18463,14117,7523,2505,335,52130,8136,7
Myanmar,1997,202244,33970,46306,12336,4041,3270,4607,11539,12287,13278,16052,28363,37145,22399,2949,5631,5908,6069,6218,6521,6757,7169,8883,12335,16028,18435,18710,14671,7728,2593,356,50347,7877,7
Myanmar,1998,198859,32906,44828,11922,3599,2928,4239,10703,11604,13119,15755,28006,37713,23271,3084,5208,5495,5705,5899,6306,6813,7101,8654,12045,15961,18830,18883,15287,7984,2701,383,48427,7167,9
Myanmar,1999,201815,31936,43344,11408,3661,2938,4356,10994,11994,13692,16258,28374,38834,24174,3188,5349,5645,5892,6102,6533,7159,7462,8796,12145,16229,19508,19326,15908,8266,2786,402,47005,7294,10
Myanmar,2000,204263,31123,42046,10923,3672,2919,4418,11165,12272,14117,16836,28613,39900,25007,3285,5435,5730,6012,6260,6708,7409,7884,8952,12197,16416,20068,19832,16429,8578,2870,415,45718,7337,10
Myanmar,2001,203977,30665,41138,10473,3473,2765,4258,10838,12060,14134,17151,28411,40651,25712,3377,5273,5565,5875,6185,6661,7473,8156,8995,12052,16359,20361,20290,16800,8912,2952,425,44611,7023,10
Myanmar,2002,206416,30240,40295,10055,3453,2746,4254,10930,12254,14488,17823,28531,41730,26448,3455,5320,5610,5945,6309,6798,7690,8611,9212,12082,16449,20752,20978,17141,9307,3027,428,43748,7000,10
Myanmar,2003,205739,29135,38827,9692,3283,2634,4068,10650,12053,14509,18271,28335,42499,27065,3537,5185,5465,5815,6238,6763,7746,8927,9344,11983,16352,20902,21597,17376,9689,3106,431,42110,6702,9
Myanmar,2004,208513,27779,37098,9319,3343,2681,4095,10923,12396,14999,19194,28651,43621,27854,3645,5323,5600,5962,6434,6986,8013,9379,9815,12175,16476,21251,22370,17787,10067,3209,436,40441,6776,9
Myanmar,2005,207550,26471,35314,8843,3181,2562,3905,10642,12159,14996,19714,28574,44167,28555,3771,5180,5462,5821,6338,6958,8038,9516,10198,12212,16362,21307,22860,18197,10358,3328,443,38495,6467,8
Myanmar,2006,211042,25304,33640,8336,3284,2620,3982,10969,12561,15560,20797,29116,45117,29472,3925,5330,5639,6004,6557,7234,8326,9930,10867,12588,16528,21606,23511,18825,10647,3471,454,36924,6602,8
Myanmar,2007,208842,24307,32119,7812,3068,2438,3732,10405,12068,15344,21185,28969,45225,30194,4089,5024,5381,5738,6330,7096,8248,9958,11227,12643,16326,21472,23753,19371,10823,3626,463,35187,6170,8
Myanmar,2008,294837,28196,45954,17758,12963,7975,7343,17861,21596,25249,30780,36211,51601,32931,4370,8444,9417,10301,11295,12143,13106,14716,16064,16497,19714,24783,26818,21440,11491,3884,486,58917,15318,8
Myanmar,2009,205789,21959,28716,6757,2765,2181,3433,9634,11474,15197,22048,29323,45099,31524,4384,4551,5083,5420,6054,6966,8231,10094,11954,13164,16159,21151,23948,20400,11124,3890,494,31481,5614,8
Myanmar,2010,208774,20897,27221,6324,2809,2201,3482,9776,11728,15618,22816,30458,45610,32508,4542,4576,5200,5547,6181,7143,8475,10401,12415,13958,16500,21308,24302,21029,11479,4019,523,30030,5683,8
Myanmar,2011,203883,19924,25820,5896,2468,1962,3134,8907,10895,15011,22470,30590,44941,33007,4668,4138,4769,5129,5766,6783,8228,10157,12313,14209,16381,20880,24061,21252,11755,4109,559,28288,5096,10
Myanmar,2012,205804,18968,24488,5520,2421,1935,3094,8840,10929,15206,23003,31802,45255,33987,4833,4103,4737,5146,5783,6835,8371,10343,12660,15006,16796,20978,24277,21744,12243,4224,609,26909,5029,11
Myanmar,2013,202139,18215,23409,5194,2095,1717,2741,7959,10108,14577,22666,32254,44883,34715,5000,3700,4259,4736,5372,6464,8113,10113,12553,15355,16899,20746,24137,22008,12707,4342,658,25504,4458,16
Myanmar,2014,203341,17533,22417,4884,2007,1658,2640,7719,10000,14583,22982,33465,45144,35526,5175,3606,4113,4682,5318,6427,8156,10220,12762,15902,17563,20920,24224,22351,13175,4480,695,24424,4298,21
Myanmar,2015,200953,17081,21727,4646,1791,1499,2375,7022,9368,14053,22708,34078,44957,35990,5360,3282,3740,4358,5010,6129,7924,10059,12649,15957,18121,20920,24037,22468,13522,4636,724,23518,3874,25
Myanmar,2016,204851,16570,20977,4407,1799,1500,2388,7063,9530,14311,23334,35785,45789,36765,5582,3302,3761,4427,5103,6228,8083,10339,12995,16552,19233,21509,24280,22822,13943,4836,746,22776,3888,28
Myanmar,2017,207884,15972,20193,4221,1777,1468,2364,6996,9542,14448,23815,37423,46592,37417,5818,3262,3734,4406,5136,6269,8179,10547,13268,17055,20368,22117,24475,23108,14309,5055,763,21970,3832,30
Myanmar,2018,203975,15325,19321,3996,1525,1273,2079,6215,8682,13675,23227,37794,46545,37574,6035,2874,3341,3939,4743,5868,7807,10237,12990,16890,20904,22286,24259,23057,14517,5255,780,20846,3352,32
Myanmar,2019,207634,14745,18564,3819,1514,1252,2073,6180,8700,13840,23726,39237,48066,38165,6279,2843,3337,3896,4804,5936,7904,10438,13288,17359,21878,23383,24683,23325,14840,5471,808,20078,3325,33
Myanmar,2020,211574,14149,17785,3636,1531,1238,1898,5644,8092,13576,24397,42095,50558,38256,6469,2592,3052,3548,4544,5754,7822,10584,13813,18447,23648,25454,25104,23313,14943,5625,844,19316,3136,36
Myanmar,2021,235430,13730,17376,3646,1581,1247,2037,6116,8967,15189,27638,47893,57821,42404,7121,2798,3318,3896,5071,6427,8762,11968,15670,21045,26848,29619,28202,25636,16768,6190,931,18957,3284,41
Namibia,1950,5462,1417,2559,1142,269,135,135,337,332,302,319,466,448,145,16,166,171,170,162,152,150,154,165,219,247,256,192,98,47,13,3,2828,270,0
Namibia,1951,5526,1423,2586,1163,272,137,133,334,334,306,323,469,463,151,16,164,170,170,164,154,152,158,165,218,251,261,202,105,46,14,2,2858,270,0
Namibia,1952,5520,1411,2567,1156,271,137,132,329,331,302,326,469,477,161,17,159,170,167,164,153,149,159,167,214,255,266,211,114,47,15,2,2838,269,0
Namibia,1953,5501,1399,2541,1142,268,136,130,323,328,301,330,469,490,169,17,154,169,164,164,153,148,162,168,210,259,269,221,123,46,15,2,2809,266,0
Namibia,1954,5449,1384,2505,1121,267,136,128,314,317,296,330,461,499,180,17,150,164,158,159,152,144,162,168,203,258,269,230,132,48,15,2,2772,264,0
Namibia,1955,5414,1366,2461,1095,266,135,127,307,314,295,329,459,510,194,18,145,162,156,158,151,144,161,168,202,257,273,237,141,53,15,3,2727,262,0
Namibia,1956,5383,1348,2416,1068,264,135,127,302,311,296,335,455,518,206,18,143,159,155,156,152,144,162,173,201,254,277,241,149,57,16,2,2680,262,0
Namibia,1957,5350,1330,2370,1040,260,135,127,296,308,298,339,454,529,219,18,141,155,154,154,153,145,162,177,204,250,282,247,157,62,16,2,2630,262,0
Namibia,1958,5285,1313,2324,1011,256,132,125,283,298,293,336,448,536,231,18,136,147,150,148,149,144,159,177,204,244,286,250,165,66,16,2,2580,257,0
Namibia,1959,5257,1298,2280,982,250,132,127,279,297,295,337,450,544,244,20,136,143,150,147,150,145,158,179,207,243,289,255,172,72,17,3,2530,259,0
Namibia,1960,5230,1287,2241,954,246,131,127,275,293,295,339,451,552,257,22,135,140,148,145,149,146,158,181,210,241,291,261,179,78,19,3,2487,258,0
Namibia,1961,5186,1280,2209,929,239,129,126,269,285,291,339,454,554,267,23,134,135,143,142,145,146,157,182,214,240,289,265,184,83,20,3,2448,255,0
Namibia,1962,5160,1278,2184,906,233,129,126,268,281,289,336,455,554,276,26,134,134,139,142,143,146,158,178,215,240,284,270,188,88,23,3,2417,255,0
Namibia,1963,5159,1277,2166,889,229,128,126,269,279,288,337,464,558,286,28,135,134,137,142,142,146,159,178,219,245,281,277,193,93,25,3,2395,254,0
Namibia,1964,5145,1276,2150,874,222,126,125,268,273,284,337,473,559,296,30,135,133,132,141,139,145,159,178,223,250,278,281,199,97,26,4,2372,251,0
Namibia,1965,5147,1276,2137,861,218,124,127,272,271,283,338,481,561,305,33,139,133,131,140,138,145,160,178,226,255,277,284,204,101,29,4,2355,251,0
Namibia,1966,5152,1277,2126,849,216,122,126,274,269,283,341,486,564,313,36,139,135,130,139,138,145,162,179,227,259,280,284,207,106,32,4,2342,248,0
Namibia,1967,5163,1280,2117,837,212,119,127,275,266,281,345,493,563,324,36,139,136,130,136,139,142,164,181,227,266,283,280,214,110,32,4,2329,246,0
Namibia,1968,5175,1286,2113,827,211,118,129,280,262,281,345,496,567,333,41,142,138,129,133,140,141,164,181,226,270,288,279,221,112,36,5,2324,247,0
Namibia,1969,5197,1291,2108,817,208,116,128,284,263,282,351,502,572,341,43,143,141,131,132,141,141,166,185,225,277,295,277,225,116,37,6,2316,244,0
Namibia,1970,5215,1295,2102,807,207,115,125,286,262,284,353,507,580,347,46,143,143,131,131,141,143,166,187,227,280,302,278,228,119,39,7,2309,240,1
Namibia,1971,5198,1300,2096,796,204,113,125,286,257,277,350,507,587,350,48,144,142,130,127,138,139,164,186,226,281,307,280,227,123,41,7,2300,238,1
Namibia,1972,5203,1304,2090,786,203,112,125,287,257,274,348,507,597,354,50,143,144,132,125,134,140,161,187,227,280,313,284,226,128,42,8,2293,237,1
Namibia,1973,5193,1309,2083,774,202,109,120,286,258,269,344,505,608,357,52,142,144,133,125,129,140,158,186,228,277,319,289,225,132,44,8,2285,229,1
Namibia,1974,5180,1310,2075,765,200,109,120,281,258,263,339,502,618,359,56,140,141,133,125,125,138,154,185,228,274,323,295,224,135,47,9,2275,229,1
Namibia,1975,5121,1309,2064,755,197,109,115,271,249,252,332,496,622,360,58,134,137,129,120,119,133,151,181,226,270,323,299,224,136,48,10,2261,224,1
Namibia,1976,5124,1304,2051,747,197,108,114,268,250,249,329,498,633,369,60,132,136,129,121,119,130,149,180,227,271,325,308,230,139,49,11,2248,222,1
Namibia,1977,5067,1290,2027,737,196,107,112,257,242,239,318,494,637,371,63,126,131,125,117,114,125,145,173,224,270,323,314,233,138,52,11,2223,219,1
Namibia,1978,5010,1277,2003,726,196,106,110,246,234,229,311,492,640,375,65,121,125,120,114,110,119,144,167,222,270,321,319,238,137,54,11,2199,216,1
Namibia,1979,4916,1230,1941,711,196,106,108,230,223,217,302,489,646,384,67,114,116,114,109,106,111,139,163,219,270,319,327,244,140,56,11,2137,214,1
Namibia,1980,4893,1210,1904,694,197,106,110,230,222,221,304,487,650,393,69,115,115,112,110,108,113,141,163,217,270,319,331,252,141,57,12,2101,216,1
Namibia,1981,4843,1182,1853,671,195,106,109,220,219,215,299,487,658,410,73,110,110,109,110,107,108,138,161,215,272,322,336,262,148,60,13,2048,215,2
Namibia,1982,4751,1136,1781,645,194,106,109,208,209,209,290,483,663,424,75,107,101,104,105,104,105,131,159,211,272,325,338,272,152,60,15,1975,215,2
Namibia,1983,4807,1122,1739,617,191,107,111,216,215,218,299,495,685,448,80,111,105,106,109,109,109,134,165,214,281,337,348,287,161,64,16,1930,218,2
Namibia,1984,4826,1118,1708,590,185,107,112,219,219,224,301,501,700,471,82,113,106,107,112,112,112,132,169,216,285,346,354,300,171,66,16,1893,219,2
Namibia,1985,4828,1111,1678,567,178,106,116,224,219,230,303,502,706,479,83,117,107,107,112,116,114,132,171,217,285,350,356,303,176,67,16,1856,222,2
Namibia,1986,4848,1106,1654,548,171,104,116,230,223,237,305,510,716,492,85,121,109,108,115,120,117,134,171,221,289,355,361,309,183,69,16,1825,220,2
Namibia,1987,4861,1107,1640,533,162,104,116,234,221,242,307,514,724,506,91,123,111,107,114,121,121,136,171,225,289,357,367,314,192,73,18,1802,220,3
Namibia,1988,5003,1117,1649,532,160,106,122,255,241,262,320,531,743,516,94,133,122,116,125,131,131,144,176,236,295,366,377,316,200,76,18,1809,228,3
Namibia,1989,4958,1132,1650,518,151,100,116,244,229,251,310,530,746,529,101,125,119,110,119,124,127,141,169,238,292,365,381,321,208,81,20,1801,216,3
Namibia,1990,5359,1232,1760,528,152,101,128,303,286,300,352,565,765,539,106,152,151,141,145,149,151,164,188,258,307,375,390,325,214,85,21,1912,229,3
Namibia,1991,5647,1246,1784,538,150,102,136,343,333,349,393,605,784,554,112,169,174,166,167,173,176,185,208,277,328,386,398,333,221,89,23,1934,238,3
Namibia,1992,5973,1239,1797,558,154,104,145,393,393,406,441,651,805,568,118,188,205,196,197,202,204,213,228,296,355,398,407,342,226,95,23,1951,249,3
Namibia,1993,6334,1233,1807,574,157,105,156,447,466,473,498,698,820,580,125,208,239,234,232,237,236,244,254,317,381,406,414,349,231,101,24,1964,261,4
Namibia,1994,6805,1233,1826,593,169,113,170,512,555,553,570,763,842,591,131,234,278,281,274,277,276,281,289,347,416,421,421,355,236,105,26,1995,283,4
Namibia,1995,7360,1233,1847,614,183,122,189,599,675,653,653,827,860,605,138,268,331,344,331,327,326,325,328,382,445,435,425,362,243,110,28,2030,311,4
Namibia,1996,8181,1234,1863,629,196,131,210,745,893,817,776,902,882,619,146,321,424,456,437,414,403,394,382,424,478,453,429,369,250,115,31,2059,341,5
Namibia,1997,8891,1263,1904,641,211,142,229,859,1072,946,874,969,901,632,151,365,494,547,525,482,464,447,427,463,506,471,430,374,258,119,32,2115,371,5
Namibia,1998,9811,1305,1952,647,220,153,246,990,1303,1124,1014,1068,934,644,158,412,578,662,641,573,551,520,494,521,547,502,432,377,267,124,34,2172,399,5
Namibia,1999,10539,1336,1991,655,234,171,275,1113,1484,1247,1109,1133,957,655,164,464,649,750,734,640,607,570,539,560,573,521,436,380,275,126,38,2225,446,6
Namibia,2000,11367,1335,1997,662,237,184,299,1247,1723,1416,1232,1210,979,666,172,511,736,863,860,735,681,636,596,604,606,539,440,383,283,133,39,2234,483,6
Namibia,2001,12092,1319,1993,674,242,201,323,1365,1926,1564,1338,1281,1001,670,180,554,811,956,970,821,743,693,645,646,635,554,447,382,288,138,42,2235,524,7
Namibia,2002,12306,1295,1949,654,230,205,334,1401,2001,1622,1379,1309,1006,673,187,566,835,985,1016,858,764,715,664,660,649,556,450,379,294,144,43,2179,539,7
Namibia,2003,12671,1287,1939,652,226,210,345,1456,2120,1716,1426,1337,1017,679,193,580,876,1036,1084,918,798,743,683,676,661,560,457,378,301,149,44,2165,555,8
Namibia,2004,12664,1293,1935,642,224,214,354,1426,2064,1713,1443,1370,1029,681,204,573,853,1002,1062,919,794,747,696,696,674,566,463,375,306,156,48,2159,568,9
Namibia,2005,12574,1250,1848,598,209,202,351,1406,2066,1743,1450,1370,1022,685,211,563,843,997,1069,941,802,748,702,699,671,561,461,376,309,161,50,2057,553,9
Namibia,2006,12137,1183,1721,538,193,190,348,1314,1915,1691,1434,1385,1029,690,219,537,777,919,996,907,784,731,703,709,676,566,463,378,312,167,52,1914,538,10
Namibia,2007,11652,1129,1617,488,175,171,335,1218,1780,1630,1397,1371,1022,695,226,505,713,852,928,869,761,706,691,701,670,561,461,383,312,172,54,1792,506,11
Namibia,2008,11258,1065,1503,438,160,156,322,1132,1654,1588,1383,1382,1023,702,236,479,653,788,866,838,750,693,690,705,677,562,461,390,312,177,59,1663,478,12
Namibia,2009,11004,1035,1461,426,149,142,306,1066,1549,1553,1375,1406,1032,710,245,458,608,736,813,809,744,686,689,714,692,568,464,395,315,182,63,1610,448,12
Namibia,2010,11089,1003,1411,408,140,137,306,1099,1576,1592,1386,1422,1036,717,250,477,622,749,827,824,768,696,690,721,701,570,466,398,319,185,65,1551,443,13
Namibia,2011,10946,1041,1469,428,142,134,288,1056,1474,1535,1363,1435,1048,725,259,467,589,697,777,783,752,686,677,723,712,577,471,402,323,190,69,1611,422,14
Namibia,2012,10508,1081,1502,421,136,126,260,963,1299,1411,1311,1433,1059,736,263,433,530,610,689,707,704,658,653,718,715,584,475,405,331,192,71,1638,386,15
Namibia,2013,10156,1070,1491,421,134,118,235,896,1178,1319,1267,1421,1067,745,267,406,490,550,628,651,668,636,631,707,714,589,478,408,337,193,74,1625,353,16
Namibia,2014,9890,1060,1478,418,133,112,217,841,1084,1244,1240,1412,1082,756,274,381,460,504,580,607,637,624,616,698,714,600,482,412,344,197,77,1611,329,18
Namibia,2015,9646,1065,1486,421,135,107,202,780,985,1157,1212,1408,1104,768,281,350,430,459,526,558,599,607,605,688,720,614,490,418,350,201,80,1621,309,19
Namibia,2016,9307,1042,1462,420,135,102,188,710,877,1059,1168,1391,1124,782,288,311,399,411,466,506,553,583,585,672,719,625,499,426,356,206,82,1597,290,20
Namibia,2017,9205,1011,1427,416,135,99,178,679,837,1022,1166,1396,1152,795,295,290,389,396,441,486,536,579,587,670,726,639,513,433,362,212,83,1562,277,21
Namibia,2018,9294,993,1408,415,139,100,175,671,838,1022,1195,1425,1187,811,305,279,392,402,436,486,536,591,604,682,743,657,530,443,368,219,86,1547,275,22
Namibia,2019,9297,948,1353,405,137,99,167,655,835,1012,1214,1438,1221,827,313,267,388,405,430,481,531,596,618,687,751,673,548,453,374,225,88,1490,266,24
Namibia,2020,9600,906,1301,395,135,96,148,585,789,994,1280,1579,1387,935,343,237,348,382,407,465,529,617,663,749,830,768,619,513,422,248,95,1436,244,26
Namibia,2021,12434,870,1257,387,134,101,189,715,1048,1322,1696,2054,1969,1447,468,293,422,507,541,619,703,815,881,978,1076,1052,917,786,661,347,121,1391,290,31
Nauru,1950,27,3,4,1,0,0,0,0,0,0,0,0,8,6,0,0,0,0,0,0,0,0,0,0,0,4,4,5,1,0,0,4,0,0
Nauru,1951,26,3,3,0,0,0,0,0,0,0,0,0,6,7,0,0,0,0,0,0,0,0,0,0,0,3,3,5,2,0,0,3,0,0
Nauru,1952,25,3,3,0,0,0,0,0,0,0,0,0,5,7,0,0,0,0,0,0,0,0,0,0,0,2,3,5,2,0,0,3,0,0
Nauru,1953,25,3,3,0,0,0,0,0,0,0,0,0,5,6,0,0,0,0,0,0,0,0,0,0,0,1,4,4,2,0,0,3,0,0
Nauru,1954,24,3,3,0,0,0,0,0,0,0,0,0,5,4,0,0,0,0,0,0,0,0,0,0,0,0,5,2,2,0,0,3,0,0
Nauru,1955,23,3,3,0,0,0,0,0,0,0,0,0,4,1,0,0,0,0,0,0,0,0,0,0,0,0,4,1,0,0,0,3,0,0
Nauru,1956,23,3,3,0,0,0,0,0,0,0,0,0,3,2,0,0,0,0,0,0,0,0,0,0,0,0,3,2,0,0,0,3,0,0
Nauru,1957,22,3,3,0,0,0,0,0,0,0,0,0,2,2,0,0,0,0,0,0,0,0,0,0,0,0,2,2,0,0,0,3,0,0
Nauru,1958,22,3,3,0,0,0,0,0,0,0,0,0,1,3,0,0,0,0,0,0,0,0,0,0,0,0,1,3,0,0,0,3,0,0
Nauru,1959,21,3,3,0,0,0,0,0,0,0,0,0,0,3,0,0,0,0,0,0,0,0,0,0,0,0,0,3,0,0,0,3,0,0
Nauru,1960,20,3,3,0,0,0,0,0,0,0,0,0,0,1,0,0,0,0,0,0,0,0,0,0,0,0,0,1,0,0,0,3,0,0
Nauru,1961,19,3,3,0,0,0,0,0,0,0,0,0,0,0,0,0,0,0,0,0,0,0,0,0,0,0,0,0,0,0,0,3,0,0
Nauru,1962,19,3,3,0,0,0,0,0,0,0,0,0,0,0,0,0,0,0,0,0,0,0,0,0,0,0,0,0,0,0,0,3,0,0
Nauru,1963,19,3,3,0,0,0,0,0,0,0,0,0,0,0,0,0,0,0,0,0,0,0,0,0,0,0,0,0,0,0,0,3,0,0
Nauru,1964,20,4,4,0,0,0,0,0,0,0,0,0,0,0,0,0,0,0,0,0,0,0,0,0,0,0,0,0,0,0,0,4,0,0
Nauru,1965,20,4,4,0,0,0,0,0,0,0,0,0,0,0,0,0,0,0,0,0,0,0,0,0,0,0,0,0,0,0,0,4,0,0
Nauru,1966,21,4,4,0,0,0,0,0,0,0,0,0,0,0,0,0,0,0,0,0,0,0,0,0,0,0,0,0,0,0,0,4,0,0
Nauru,1967,19,4,4,0,0,0,0,0,0,0,0,0,0,0,0,0,0,0,0,0,0,0,0,0,0,0,0,0,0,0,0,4,0,0
Nauru,1968,19,3,3,0,0,0,0,0,0,0,0,0,0,0,0,0,0,0,0,0,0,0,0,0,0,0,0,0,0,0,0,3,0,0
Nauru,1969,19,3,3,0,0,0,0,0,0,0,0,0,0,0,0,0,0,0,0,0,0,0,0,0,0,0,0,0,0,0,0,3,0,0
Nauru,1970,19,3,3,0,0,0,0,0,0,0,0,0,0,0,0,0,0,0,0,0,0,0,0,0,0,0,0,0,0,0,0,3,0,0
Nauru,1971,19,3,3,0,0,0,0,0,0,0,0,0,0,0,0,0,0,0,0,0,0,0,0,0,0,0,0,0,0,0,0,3,0,0
Nauru,1972,19,3,3,0,0,0,0,0,0,0,0,0,0,0,0,0,0,0,0,0,0,0,0,0,0,0,0,0,0,0,0,3,0,0
Nauru,1973,19,3,3,0,0,0,0,0,0,0,0,0,0,0,0,0,0,0,0,0,0,0,0,0,0,0,0,0,0,0,0,3,0,0
Nauru,1974,19,3,3,0,0,0,0,0,0,0,0,0,0,0,0,0,0,0,0,0,0,0,0,0,0,0,0,0,0,0,0,3,0,0
Nauru,1975,19,2,2,0,0,0,0,0,0,0,0,0,0,0,0,0,0,0,0,0,0,0,0,0,0,0,0,0,0,0,0,2,0,0
Nauru,1976,19,2,2,0,0,0,0,0,0,0,0,0,0,0,0,0,0,0,0,0,0,0,0,0,0,0,0,0,0,0,0,2,0,0
Nauru,1977,19,2,2,0,0,0,0,0,0,0,0,0,0,0,0,0,0,0,0,0,0,0,0,0,0,0,0,0,0,0,0,2,0,0
Nauru,1978,19,2,2,0,0,0,0,0,0,0,0,0,0,0,0,0,0,0,0,0,0,0,0,0,0,0,0,0,0,0,0,2,0,0
Nauru,1979,19,2,2,0,0,0,0,0,0,0,0,0,0,0,0,0,0,0,0,0,0,0,0,0,0,0,0,0,0,0,0,2,0,0
Nauru,1980,20,2,2,0,0,0,0,0,0,0,0,0,0,0,0,0,0,0,0,0,0,0,0,0,0,0,0,0,0,0,0,2,0,0
Nauru,1981,20,2,2,0,0,0,0,0,0,0,0,0,0,0,0,0,0,0,0,0,0,0,0,0,0,0,0,0,0,0,0,2,0,0
Nauru,1982,20,2,2,0,0,0,0,0,0,0,0,0,0,0,0,0,0,0,0,0,0,0,0,0,0,0,0,0,0,0,0,2,0,0
Nauru,1983,20,2,2,0,0,0,0,0,0,0,0,0,0,0,0,0,0,0,0,0,0,0,0,0,0,0,0,0,0,0,0,2,0,0
Nauru,1984,22,2,2,0,0,0,0,0,0,0,0,0,0,0,0,0,0,0,0,0,0,0,0,0,0,0,0,0,0,0,0,2,0,0
Nauru,1985,23,2,2,0,0,0,0,0,0,0,0,0,0,0,0,0,0,0,0,0,0,0,0,0,0,0,0,0,0,0,0,2,0,0
Nauru,1986,23,3,3,0,0,0,0,0,0,0,0,0,0,0,0,0,0,0,0,0,0,0,0,0,0,0,0,0,0,0,0,3,0,0
Nauru,1987,24,3,3,0,0,0,0,0,0,0,0,0,0,0,0,0,0,0,0,0,0,0,0,0,0,0,0,0,0,0,0,3,0,0
Nauru,1988,24,3,3,0,0,0,0,0,0,0,0,0,0,0,0,0,0,0,0,0,0,0,0,0,0,0,0,0,0,0,0,3,0,0
Nauru,1989,25,3,3,0,0,0,0,0,0,0,0,0,0,0,0,0,0,0,0,0,0,0,0,0,0,0,0,0,0,0,0,3,0,0
Nauru,1990,25,3,3,0,0,0,0,0,0,0,0,0,0,0,0,0,0,0,0,0,0,0,0,0,0,0,0,0,0,0,0,3,0,0
Nauru,1991,25,3,3,0,0,0,0,0,0,0,0,0,0,0,0,0,0,0,0,0,0,0,0,0,0,0,0,0,0,0,0,3,0,0
Nauru,1992,26,3,3,0,0,0,0,0,0,0,0,0,0,0,0,0,0,0,0,0,0,0,0,0,0,0,0,0,0,0,0,3,0,0
Nauru,1993,25,3,3,0,0,0,0,0,0,0,0,0,0,0,0,0,0,0,0,0,0,0,0,0,0,0,0,0,0,0,0,3,0,0
Nauru,1994,25,3,3,0,0,0,0,0,0,0,0,0,0,0,0,0,0,0,0,0,0,0,0,0,0,0,0,0,0,0,0,3,0,0
Nauru,1995,26,3,3,0,0,0,0,0,0,0,0,0,0,0,0,0,0,0,0,0,0,0,0,0,0,0,0,0,0,0,0,3,0,0
Nauru,1996,29,3,3,0,0,0,0,0,0,0,0,0,0,0,0,0,0,0,0,0,0,0,0,0,0,0,0,0,0,0,0,3,0,0
Nauru,1997,30,3,3,0,0,0,0,0,0,0,0,0,0,0,0,0,0,0,0,0,0,0,0,0,0,0,0,0,0,0,0,3,0,0
Nauru,1998,32,3,3,0,0,0,0,0,0,2,0,0,0,0,0,0,0,0,0,2,0,0,0,0,0,0,0,0,0,0,0,3,0,0
Nauru,1999,32,3,3,0,0,0,0,0,0,4,0,0,0,0,0,0,0,0,0,2,2,0,0,0,0,0,0,0,0,0,0,3,0,0
Nauru,2000,33,3,3,0,0,0,0,0,2,6,0,0,0,0,0,0,0,0,2,3,3,0,0,0,0,0,0,0,0,0,0,3,0,0
Nauru,2001,34,3,3,0,0,0,0,0,4,9,1,0,0,0,0,0,0,0,4,5,4,1,0,0,0,0,0,0,0,0,0,3,0,0
Nauru,2002,34,3,3,0,0,0,0,0,2,10,0,0,0,0,0,0,0,0,2,5,5,0,0,0,0,0,0,0,0,0,0,3,0,0
Nauru,2003,34,4,4,0,0,0,0,0,2,10,2,0,0,0,0,0,0,0,2,5,5,1,1,0,0,0,0,0,0,0,0,4,0,0
Nauru,2004,35,4,4,0,0,0,0,0,1,10,4,0,0,0,0,0,0,0,1,5,5,2,2,0,0,0,0,0,0,0,0,4,0,0
Nauru,2005,35,4,4,0,0,0,0,0,0,10,5,0,0,0,0,0,0,0,0,5,5,3,2,0,0,0,0,0,0,0,0,4,0,0
Nauru,2006,35,4,4,0,0,0,0,0,0,8,6,0,0,0,0,0,0,0,0,3,5,4,2,0,0,0,0,0,0,0,0,4,0,0
Nauru,2007,35,4,4,0,0,0,0,0,0,7,6,0,0,0,0,0,0,0,0,2,5,5,1,0,0,0,0,0,0,0,0,4,0,0
Nauru,2008,35,4,4,0,0,0,0,0,0,6,7,1,0,0,0,0,0,0,0,1,5,5,2,1,0,0,0,0,0,0,0,4,0,0
Nauru,2009,35,4,4,0,0,0,0,0,0,5,8,1,0,0,0,0,0,0,0,0,5,5,3,1,0,0,0,0,0,0,0,4,0,0
Nauru,2010,34,4,4,0,0,0,0,0,0,4,7,1,0,0,0,0,0,0,0,0,4,3,4,1,0,0,0,0,0,0,0,4,0,0
Nauru,2011,33,4,4,0,0,0,0,0,0,3,7,1,0,0,0,0,0,0,0,0,3,4,3,1,0,0,0,0,0,0,0,4,0,0
Nauru,2012,32,4,4,0,0,0,0,0,0,1,6,0,0,0,0,0,0,0,0,0,1,5,1,0,0,0,0,0,0,0,0,4,0,0
Nauru,2013,32,3,3,0,0,0,0,0,0,0,6,1,0,0,0,0,0,0,0,0,0,4,2,1,0,0,0,0,0,0,0,3,0,0
Nauru,2014,32,3,3,0,0,0,0,0,0,0,8,0,0,0,0,0,0,0,0,0,0,3,5,0,0,0,0,0,0,0,0,3,0,0
Nauru,2015,31,3,3,0,0,0,0,0,0,0,8,1,0,0,0,0,0,0,0,0,0,3,5,1,0,0,0,0,0,0,0,3,0,0
Nauru,2016,31,3,3,0,0,0,0,0,0,0,7,3,0,0,0,0,0,0,0,0,0,2,5,2,1,0,0,0,0,0,0,3,0,0
Nauru,2017,32,3,3,0,0,0,0,0,0,0,7,3,1,0,0,0,0,0,0,0,0,2,5,3,0,1,0,0,0,0,0,3,0,0
Nauru,2018,32,3,3,0,0,0,0,0,0,0,6,4,1,0,0,0,0,0,0,0,0,1,5,4,0,1,0,0,0,0,0,3,0,0
Nauru,2019,32,3,3,0,0,0,0,0,0,0,5,5,1,0,0,0,0,0,0,0,0,0,5,5,0,1,0,0,0,0,0,3,0,0
Nauru,2020,33,2,2,0,0,0,0,0,0,0,7,8,3,0,0,0,0,0,0,0,0,2,5,5,3,3,0,0,0,0,0,2,0,0
Nauru,2021,34,2,2,0,0,0,0,0,0,0,6,9,3,0,0,0,0,0,0,0,0,1,5,5,4,2,1,0,0,0,0,2,0,0
Nepal,1950,107845,42173,64285,22112,3190,2223,2631,5993,5803,5057,5313,5871,5175,2110,193,3013,2980,2982,2821,2604,2453,2598,2715,2972,2899,2844,2331,1482,628,170,23,67475,4854,1
Nepal,1951,109834,42971,65407,22436,3217,2262,2656,6067,5899,5159,5440,6056,5302,2168,196,3042,3025,3017,2882,2656,2503,2670,2770,3085,2971,2911,2391,1520,648,173,23,68624,4918,1
Nepal,1952,111591,43692,66487,22795,3245,2296,2669,6102,5957,5238,5548,6218,5412,2217,198,3050,3052,3033,2924,2693,2545,2730,2818,3180,3038,2968,2444,1553,664,175,23,69732,4965,2
Nepal,1953,113745,44404,67590,23186,3333,2359,2702,6186,6064,5358,5698,6420,5553,2276,202,3084,3102,3076,2988,2756,2602,2808,2890,3288,3132,3044,2509,1592,684,180,22,70923,5061,1
Nepal,1954,115937,44962,68520,23558,3436,2442,2747,6296,6196,5507,5878,6651,5712,2341,207,3134,3162,3136,3060,2836,2671,2898,2980,3395,3256,3131,2581,1638,703,185,22,71956,5189,1
Nepal,1955,117564,45394,69299,23905,3487,2484,2776,6337,6259,5611,6018,6841,5842,2397,209,3155,3182,3168,3091,2892,2719,2960,3058,3463,3378,3203,2639,1677,720,187,22,72786,5260,1
Nepal,1956,119375,45795,69959,24164,3577,2527,2846,6421,6365,5752,6190,7064,6000,2462,211,3201,3220,3224,3141,2968,2784,3037,3153,3547,3517,3292,2708,1724,738,192,19,73536,5373,1
Nepal,1957,121211,46172,70550,24378,3673,2580,2932,6514,6479,5903,6373,7297,6172,2529,216,3253,3261,3287,3192,3047,2856,3116,3257,3640,3657,3392,2780,1772,757,197,19,74223,5512,1
Nepal,1958,122840,46544,71131,24587,3740,2634,3012,6570,6555,6024,6525,7502,6341,2587,222,3285,3285,3329,3226,3106,2918,3180,3345,3727,3775,3493,2848,1814,773,203,19,74871,5646,1
Nepal,1959,124025,46714,71344,24630,3789,2681,3087,6603,6612,6127,6669,7702,6530,2651,228,3302,3301,3356,3256,3150,2977,3242,3427,3824,3878,3614,2916,1858,793,208,20,75133,5768,1
Nepal,1960,125402,47078,71766,24688,3839,2731,3143,6662,6667,6222,6807,7879,6737,2715,231,3339,3323,3377,3290,3185,3037,3302,3505,3922,3957,3752,2985,1902,813,211,20,75605,5874,1
Nepal,1961,126563,47477,72178,24701,3860,2774,3161,6723,6693,6286,6912,8032,6928,2772,238,3388,3335,3381,3312,3200,3086,3348,3564,4011,4021,3880,3048,1941,831,217,21,76038,5935,1
Nepal,1962,128258,47677,72530,24853,3933,2840,3225,6884,6800,6418,7088,8269,7178,2850,244,3493,3391,3424,3376,3251,3167,3433,3655,4141,4128,4035,3143,1995,855,223,21,76463,6065,0
Nepal,1963,129394,47584,72507,24923,4008,2895,3297,7030,6876,6519,7233,8464,7396,2917,250,3597,3433,3454,3422,3288,3231,3506,3727,4244,4220,4160,3236,2041,876,228,22,76515,6192,0
Nepal,1964,129520,47353,72142,24789,3976,2874,3312,7059,6852,6530,7321,8628,7586,2986,258,3642,3417,3437,3415,3285,3245,3548,3773,4324,4304,4249,3337,2087,899,235,23,76118,6186,0
Nepal,1965,129982,47000,71645,24645,4022,2903,3367,7161,6895,6596,7451,8821,7796,3056,266,3705,3456,3460,3435,3317,3279,3614,3837,4411,4410,4332,3464,2136,920,240,26,75667,6270,0
Nepal,1966,130789,46572,71106,24534,4108,2945,3454,7316,6986,6698,7631,9069,8049,3145,277,3766,3550,3512,3474,3372,3326,3706,3925,4523,4546,4437,3612,2199,946,250,27,75214,6399,0
Nepal,1967,130539,46197,70474,24277,4114,2922,3459,7341,6940,6684,7692,9192,8213,3217,285,3758,3583,3494,3446,3368,3316,3735,3957,4565,4627,4499,3714,2250,967,257,28,74588,6381,0
Nepal,1968,131312,46003,70089,24086,4202,2945,3500,7505,6998,6756,7841,9411,8447,3324,297,3826,3679,3529,3469,3408,3348,3802,4039,4658,4753,4610,3837,2327,997,267,30,74291,6445,1
Nepal,1969,131705,45558,69460,23902,4266,2957,3529,7658,7039,6812,7967,9606,8661,3442,308,3891,3767,3552,3487,3435,3377,3853,4114,4740,4866,4723,3938,2416,1026,276,32,73726,6486,1
Nepal,1970,131140,45119,68841,23722,4261,2923,3498,7638,6971,6749,7965,9663,8775,3536,318,3881,3757,3524,3447,3394,3355,3833,4132,4754,4909,4792,3983,2492,1044,283,35,73102,6421,1
Nepal,1971,131539,44669,68222,23553,4313,2944,3522,7737,7066,6802,8076,9850,8999,3681,330,3947,3790,3594,3472,3411,3391,3863,4213,4838,5012,4926,4073,2601,1080,293,37,72535,6466,2
Nepal,1972,132356,44186,67637,23451,4417,3002,3569,7878,7213,6888,8223,10084,9267,3831,345,4026,3852,3694,3519,3443,3445,3912,4311,4949,5135,5081,4186,2710,1121,304,41,72054,6571,2
Nepal,1973,133092,43558,66845,23287,4527,3064,3622,8040,7390,6990,8379,10338,9559,3980,358,4096,3944,3815,3575,3487,3503,3969,4410,5073,5265,5244,4315,2812,1168,316,42,71372,6686,2
Nepal,1974,133870,43411,66491,23080,4600,3112,3646,8143,7503,7043,8477,10545,9821,4117,371,4132,4011,3905,3598,3507,3536,4004,4473,5176,5369,5384,4437,2897,1220,327,44,71091,6758,3
Nepal,1975,134088,43309,66164,22855,4615,3129,3635,8159,7527,7028,8503,10681,10028,4234,385,4129,4030,3926,3601,3499,3529,4013,4490,5242,5439,5483,4545,2960,1274,338,47,70779,6764,3
Nepal,1976,134240,43193,65867,22674,4617,3135,3625,8154,7536,6998,8512,10810,10233,4350,400,4107,4047,3909,3627,3485,3513,4019,4493,5303,5507,5574,4659,3022,1328,351,49,70484,6760,3
Nepal,1977,135273,42876,65572,22696,4671,3177,3671,8235,7660,7060,8628,11080,10571,4526,416,4133,4102,3950,3710,3520,3540,4079,4549,5432,5648,5734,4837,3131,1395,366,50,70243,6848,3
Nepal,1978,134290,42536,65075,22539,4550,3115,3604,8034,7571,6927,8531,11100,10712,4638,428,4027,4007,3886,3685,3450,3477,4032,4499,5422,5678,5783,4929,3199,1439,378,50,69625,6719,3
Nepal,1979,134527,42101,64335,22234,4573,3141,3650,8065,7696,6955,8597,11293,10980,4793,449,4038,4027,3935,3761,3463,3492,4062,4535,5497,5796,5908,5072,3306,1487,398,51,68908,6791,3
Nepal,1980,134689,41476,63395,21919,4622,3175,3706,8124,7806,7017,8676,11490,11256,4953,471,4064,4060,3990,3816,3501,3516,4091,4585,5563,5927,6040,5216,3420,1533,419,52,68017,6881,2
Nepal,1981,134845,41052,62731,21679,4658,3187,3729,8128,7841,7073,8720,11645,11515,5120,496,4072,4056,4023,3818,3546,3527,4096,4624,5598,6047,6165,5350,3540,1580,442,54,67389,6916,2
Nepal,1982,135405,40397,61550,21153,4765,3250,3827,8299,8027,7254,8866,11901,11842,5309,516,4172,4127,4126,3901,3663,3591,4151,4715,5691,6210,6334,5508,3672,1637,460,56,66315,7077,2
Nepal,1983,136331,39897,60650,20753,4902,3312,3927,8473,8204,7442,9018,12162,12193,5510,534,4277,4196,4203,4001,3788,3654,4210,4808,5788,6374,6519,5674,3811,1699,478,56,65552,7239,2
Nepal,1984,135320,39409,59668,20259,4847,3255,3889,8379,8125,7426,8965,12178,12380,5657,553,4251,4128,4145,3980,3806,3620,4175,4790,5770,6408,6611,5769,3909,1748,494,59,64515,7144,2
Nepal,1985,134620,38674,58367,19693,4830,3220,3891,8396,8142,7469,8984,12280,12645,5832,566,4276,4120,4141,4001,3831,3638,4181,4803,5808,6472,6750,5895,4021,1811,507,59,63197,7111,1
Nepal,1986,133734,37856,56852,18996,4819,3194,3897,8416,8160,7515,9000,12377,12915,6004,580,4295,4121,4129,4031,3832,3683,4191,4809,5854,6523,6891,6024,4129,1875,520,60,61671,7091,1
Nepal,1987,130855,37080,55243,18163,4602,3031,3755,8175,7891,7366,8812,12245,13017,6126,591,4173,4002,3976,3915,3721,3645,4103,4709,5782,6463,6929,6088,4198,1928,532,59,59845,6786,1
Nepal,1988,129930,35985,53472,17487,4638,3056,3764,8199,7858,7466,8852,12372,13327,6322,605,4188,4011,3951,3907,3750,3716,4124,4728,5841,6531,7079,6248,4322,2000,548,57,58110,6820,1
Nepal,1989,126353,34795,51457,16662,4365,2879,3552,7794,7462,7314,8671,12269,13478,6494,626,3976,3818,3733,3729,3640,3674,4028,4643,5770,6499,7117,6361,4424,2070,570,56,55822,6431,1
Nepal,1990,124960,33743,49642,15899,4331,2850,3511,7731,7367,7345,8698,12358,13761,6707,658,3940,3791,3676,3691,3644,3701,4045,4653,5789,6569,7221,6540,4559,2148,598,60,53973,6361,1
Nepal,1991,121703,32585,47766,15181,4095,2704,3333,7386,7027,7153,8572,12232,13862,6879,697,3761,3625,3501,3526,3544,3609,3998,4574,5691,6541,7213,6649,4661,2218,628,69,51861,6037,1
Nepal,1992,119096,31465,45746,14281,3910,2588,3216,7168,6813,7031,8534,12203,14037,7099,752,3645,3523,3401,3412,3476,3555,3999,4535,5639,6564,7247,6790,4796,2303,669,83,49656,5804,2
Nepal,1993,116096,30921,44682,13761,3592,2389,2983,6700,6385,6742,8354,12009,14106,7320,829,3394,3306,3192,3193,3298,3444,3933,4421,5502,6507,7221,6885,4926,2394,720,109,48274,5372,8
Nepal,1994,112829,29479,42380,12901,3349,2254,2838,6392,6123,6579,8286,11942,14267,7564,848,3225,3167,3069,3054,3188,3391,3927,4359,5441,6501,7262,7005,5084,2480,746,102,45729,5092,7
Nepal,1995,110493,28147,40343,12196,3214,2178,2743,6190,5949,6490,8269,11934,14473,7827,876,3116,3074,2988,2961,3120,3370,3919,4350,5418,6516,7345,7128,5256,2571,776,100,43557,4921,5
Nepal,1996,107676,26551,38127,11576,3064,2081,2624,5926,5730,6364,8222,11895,14653,8089,895,2977,2949,2877,2853,3027,3337,3866,4356,5387,6508,7422,7231,5425,2664,800,95,41191,4705,4
Nepal,1997,103958,24601,35167,10566,2887,1984,2516,5689,5537,6216,8170,11802,14754,8317,917,2855,2834,2777,2760,2931,3285,3808,4362,5336,6466,7462,7292,5567,2750,825,92,38054,4500,2
Nepal,1998,99754,23215,32895,9680,2593,1796,2300,5210,5133,5894,8010,11600,14815,8562,952,2617,2593,2563,2570,2748,3146,3697,4313,5221,6379,7467,7348,5710,2852,858,94,35488,4096,2
Nepal,1999,98478,21743,30674,8931,2526,1753,2267,5126,5087,5874,8176,11775,15242,8967,1001,2581,2545,2532,2555,2723,3151,3747,4429,5284,6491,7658,7584,5957,3010,905,96,33200,4020,2
Nepal,2000,97037,20409,28585,8176,2457,1716,2239,5042,5035,5846,8278,11916,15573,9299,1044,2543,2499,2500,2535,2695,3151,3783,4495,5344,6572,7789,7784,6148,3151,947,97,31042,3955,1
Nepal,2001,93842,18997,26350,7353,2221,1580,2095,4712,4762,5636,8172,11913,15735,9576,1086,2378,2334,2351,2411,2580,3056,3737,4435,5347,6566,7817,7918,6292,3284,986,100,28571,3675,2
Nepal,2002,93584,17697,24392,6695,2219,1598,2139,4791,4846,5754,8361,12242,16168,9940,1136,2425,2366,2386,2460,2643,3111,3830,4531,5529,6713,7990,8178,6501,3439,1034,102,26611,3737,2
Nepal,2003,90946,16596,22682,6086,1961,1451,1973,4469,4547,5508,8234,12280,16346,10257,1234,2260,2209,2223,2324,2519,2989,3738,4496,5567,6713,8024,8322,6668,3589,1106,128,24643,3424,1
Nepal,2004,88706,15514,20975,5461,1767,1346,1853,4244,4328,5332,8144,12327,16507,10552,1324,2146,2098,2103,2225,2437,2895,3664,4480,5620,6707,8062,8445,6830,3722,1175,149,22742,3199,3
Nepal,2005,86973,14410,19318,4908,1595,1256,1736,4018,4120,5182,8110,12459,16800,10944,1424,2030,1988,1989,2131,2365,2817,3612,4498,5676,6783,8175,8625,7064,3880,1255,169,20913,2992,5
Nepal,2006,86822,13377,17747,4370,1559,1250,1737,4028,4120,5197,8245,12790,17239,11380,1520,2037,1991,1984,2136,2374,2823,3633,4612,5786,7004,8383,8856,7338,4042,1333,187,19306,2987,7
Nepal,2007,86195,12383,16405,4022,1469,1197,1686,3937,4032,5144,8270,13057,17591,11785,1610,1989,1948,1936,2096,2346,2798,3608,4662,5853,7204,8546,9045,7591,4194,1409,201,17874,2883,10
Nepal,2008,87967,11510,15156,3646,1521,1246,1795,4181,4237,5355,8533,13701,18226,12299,1706,2111,2070,2045,2192,2452,2903,3705,4828,6111,7590,8860,9366,7917,4382,1489,217,16677,3041,12
Nepal,2009,87839,10803,14121,3318,1450,1195,1763,4116,4175,5340,8529,14054,18585,12702,1790,2072,2044,2018,2157,2439,2901,3679,4850,6222,7832,9015,9570,8156,4546,1558,232,15571,2958,14
Nepal,2010,89920,10205,13174,2969,1493,1225,1869,4362,4381,5557,8788,14691,19283,13205,1879,2193,2169,2130,2251,2543,3014,3775,5013,6504,8187,9370,9913,8456,4749,1632,247,14667,3094,16
Nepal,2011,88979,9719,12361,2642,1341,1119,1751,4140,4188,5425,8656,14797,19661,13564,1960,2073,2067,2032,2156,2467,2958,3704,4952,6559,8238,9578,10083,8643,4921,1698,262,13702,2870,17
Nepal,2012,90446,9312,11675,2363,1323,1109,1777,4244,4283,5531,8793,15231,20385,14027,2047,2123,2121,2084,2199,2516,3015,3766,5027,6758,8473,9988,10397,8904,5123,1769,278,12998,2886,18
Nepal,2013,89484,8817,11061,2244,1179,1005,1629,3986,4072,5357,8623,15266,20788,14369,2130,1991,1995,1975,2097,2413,2944,3694,4929,6717,8549,10237,10551,9080,5289,1837,293,12240,2634,20
Nepal,2014,91365,8381,10512,2131,1188,1018,1651,4120,4206,5474,8779,15734,21577,14861,2223,2063,2057,2045,2161,2461,3013,3781,4998,6877,8857,10711,10866,9373,5488,1918,305,11700,2669,21
Nepal,2015,97875,8066,10395,2329,1608,1473,2089,4948,4868,6018,9340,16641,22703,15442,2329,2506,2442,2402,2466,2730,3288,4070,5270,7251,9390,11335,11368,9741,5701,2008,321,12003,3562,23
Nepal,2016,91753,7513,9308,1795,1019,879,1479,3923,4093,5401,8724,16153,22661,15679,2415,1953,1970,1987,2106,2402,2999,3779,4945,6916,9237,11168,11493,9864,5815,2082,333,10327,2358,24
Nepal,2017,93477,7157,8800,1643,1010,858,1474,4009,4213,5533,8873,16508,23474,16181,2517,1983,2026,2046,2167,2460,3073,3858,5015,7004,9504,11481,11993,10180,6001,2170,347,9810,2332,25
Nepal,2018,95544,6827,8292,1465,1009,843,1484,4132,4383,5706,9080,16837,24430,16698,2621,2023,2109,2128,2255,2548,3158,3965,5115,7102,9735,11880,12550,10502,6196,2258,363,9301,2327,27
Nepal,2019,93839,6556,7973,1417,894,737,1313,3764,4114,5472,8826,16451,24714,16953,2596,1812,1952,1982,2132,2434,3038,3852,4974,6867,9584,11921,12793,10627,6326,2218,378,8867,2050,28
Nepal,2020,98303,6328,7737,1409,891,707,1188,3536,4010,5587,9368,18007,26632,17853,2758,1676,1860,1906,2104,2462,3125,4058,5310,7439,10568,13086,13546,11217,6636,2357,401,8628,1895,29
Nepal,2021,108781,6152,7497,1345,900,707,1276,3930,4546,6309,10530,20119,29716,20060,3140,1840,2090,2155,2391,2781,3528,4582,5948,8371,11748,14699,15017,12581,7479,2648,492,8397,1983,47
Netherlands,1950,36793,2410,3277,867,216,134,201,651,925,1750,3323,6640,10978,7670,1017,294,357,375,550,714,1036,1402,1921,2704,3936,5190,5788,4816,2854,867,150,3493,335,10
Netherlands,1951,37185,2445,3297,852,252,163,168,588,906,1735,3381,6578,11097,7931,1080,241,347,398,508,737,998,1401,1980,2662,3916,5103,5994,5013,2918,922,158,3549,331,11
Netherlands,1952,36837,2305,3016,711,263,144,162,488,923,1740,3368,6460,11185,7983,1089,228,260,387,536,701,1039,1458,1910,2662,3798,5204,5981,4982,3001,931,158,3279,306,13
Netherlands,1953,38733,2097,2878,781,345,188,211,523,992,1838,3605,6732,11760,8415,1230,243,280,434,558,744,1094,1522,2083,2770,3962,5382,6378,5284,3131,1054,176,3223,399,15
Netherlands,1954,37663,2108,2714,606,241,135,152,449,798,1651,3433,6709,11480,8622,1260,189,260,353,445,645,1006,1472,1961,2745,3964,5252,6228,5468,3154,1081,179,2955,287,16
Netherlands,1955,38275,2013,2589,576,247,145,142,432,809,1646,3299,6603,11788,9086,1464,189,243,347,462,664,982,1372,1927,2693,3910,5402,6386,5705,3381,1247,217,2836,287,19
Netherlands,1956,40004,1864,2417,553,252,151,140,386,787,1660,3222,6842,12558,9973,1595,176,210,329,458,658,1002,1318,1904,2830,4012,5637,6921,6207,3766,1361,234,2669,291,20
Netherlands,1957,38914,1765,2339,574,231,165,178,422,781,1615,3255,6716,12094,9539,1560,180,242,343,438,657,958,1357,1898,2786,3930,5486,6608,5993,3546,1322,238,2570,343,20
Netherlands,1958,39320,1818,2343,525,193,155,181,412,732,1581,3255,6686,12186,9954,1619,183,229,291,441,628,953,1361,1894,2722,3964,5532,6654,6180,3774,1369,250,2536,336,20
Netherlands,1959,39370,1768,2339,571,244,158,143,365,765,1558,3210,6579,11974,10312,1704,148,217,314,451,616,942,1348,1862,2744,3835,5377,6597,6359,3953,1428,276,2583,301,23
Netherlands,1960,40309,1745,2264,519,215,131,134,396,680,1521,3366,6591,12479,10693,1818,176,220,260,420,588,933,1356,2010,2710,3881,5661,6818,6636,4057,1517,301,2479,265,25
Netherlands,1961,40091,1714,2147,433,186,153,150,342,688,1502,3283,6768,12276,10745,1827,149,193,254,434,590,912,1367,1916,2717,4051,5404,6872,6651,4094,1522,305,2333,303,27
Netherlands,1962,42068,1709,2187,478,197,152,174,368,721,1519,3191,6964,12771,11683,2107,164,204,302,419,614,905,1277,1914,2801,4163,5718,7053,7101,4582,1749,358,2384,326,32
Netherlands,1963,42631,1585,2008,423,212,155,179,332,693,1524,3258,7154,13117,11901,2067,143,189,279,414,604,920,1357,1901,2810,4344,5837,7280,7126,4775,1720,347,2220,334,32
Netherlands,1964,41434,1517,1965,448,219,152,177,343,661,1520,3334,6981,12719,11295,2038,157,186,258,403,615,905,1371,1963,2866,4115,5778,6941,6770,4525,1704,334,2184,329,32
Netherlands,1965,43527,1448,1845,397,208,151,202,382,647,1552,3318,7327,13455,12103,2298,204,178,246,401,632,920,1357,1961,2931,4396,5951,7504,7173,4930,1909,389,2053,353,38
Netherlands,1966,44849,1395,1828,433,181,155,212,396,672,1597,3484,7245,13738,12768,2527,188,208,274,398,675,922,1408,2076,2908,4337,6234,7504,7514,5254,2099,428,2009,367,42
Netherlands,1967,44016,1328,1727,399,192,159,209,400,664,1606,3308,7277,13485,12437,2516,191,209,271,393,666,940,1380,1928,3076,4201,6035,7450,7412,5025,2096,420,1919,368,42
Netherlands,1968,46379,1280,1676,396,218,151,224,409,652,1661,3377,7371,14075,13647,2864,228,181,250,402,682,979,1384,1993,2984,4387,6260,7815,7989,5658,2364,500,1894,375,50
Netherlands,1969,48092,1333,1752,419,203,156,223,452,694,1697,3493,7837,14555,13948,3027,227,225,260,434,671,1026,1420,2073,3195,4642,6504,8051,8296,5652,2483,544,1955,379,54
Netherlands,1970,48546,1224,1591,367,183,155,245,487,670,1692,3485,7723,14832,14345,3079,265,222,283,387,624,1068,1418,2067,3139,4584,6647,8185,8402,5943,2514,565,1774,400,57
Netherlands,1971,49015,1074,1424,350,175,172,216,426,645,1645,3469,7589,14999,14960,3232,217,209,269,376,602,1043,1469,2000,3002,4587,6641,8358,8736,6224,2641,591,1599,388,60
Netherlands,1972,50302,990,1336,346,174,166,232,472,646,1674,3476,7566,15490,15555,3448,240,232,255,391,661,1013,1443,2033,3021,4545,6589,8901,9041,6514,2813,635,1510,398,65
Netherlands,1973,49143,909,1228,319,174,163,256,514,691,1727,3469,7391,14820,15115,3529,244,270,299,392,657,1070,1484,1985,2880,4511,6420,8400,8706,6409,2878,651,1402,419,69
Netherlands,1974,48633,865,1137,272,184,133,206,442,641,1601,3322,7370,14711,15129,3682,205,237,273,368,603,998,1459,1863,2822,4548,6425,8286,8759,6370,2969,713,1321,339,78
Netherlands,1975,50097,750,1013,263,169,137,194,431,658,1565,3332,7355,15215,16118,3826,185,246,288,370,614,951,1479,1853,2935,4420,6570,8645,9188,6930,3084,742,1182,331,81
Netherlands,1976,50426,802,1030,228,177,142,212,475,651,1508,3323,7236,15207,16263,4108,219,256,303,348,545,963,1428,1895,2795,4441,6553,8654,9249,7014,3288,820,1207,354,91
Netherlands,1977,48750,647,855,208,157,133,183,463,740,1527,3378,7103,14596,15528,3991,217,246,348,392,555,972,1421,1957,2825,4278,6273,8323,8836,6692,3189,802,1012,316,91
Netherlands,1978,50738,665,895,230,133,138,223,493,711,1588,3316,6881,14987,16818,4448,233,260,349,362,575,1013,1401,1915,2718,4163,6442,8545,9488,7330,3530,918,1028,361,106
Netherlands,1979,50341,610,796,186,129,125,190,443,701,1492,3487,6896,14719,16710,4542,194,249,333,368,581,911,1397,2090,2728,4168,6304,8415,9366,7344,3612,930,925,315,112
Netherlands,1980,50890,660,831,171,114,105,191,454,713,1402,3264,6727,14935,17358,4666,232,222,304,409,535,867,1297,1967,2688,4039,6273,8662,9633,7725,3697,969,945,296,121
Netherlands,1981,52003,614,794,180,97,110,175,430,699,1399,3333,6845,14875,17954,5151,193,237,317,382,545,854,1380,1953,2669,4176,6145,8730,9718,8236,4067,1084,891,285,138
Netherlands,1982,53071,595,763,168,95,102,197,428,735,1425,3271,6715,14954,18749,5482,202,226,323,412,567,858,1289,1982,2698,4017,6163,8791,10096,8653,4295,1187,858,299,153
Netherlands,1983,53589,624,773,149,83,114,176,467,751,1387,3330,6718,14551,19088,5969,225,242,314,437,554,833,1342,1988,2805,3913,5983,8568,10240,8848,4646,1323,856,290,175
Netherlands,1984,55046,595,726,131,78,94,154,396,765,1404,3203,6898,15072,19778,6289,176,220,328,437,570,834,1280,1923,2941,3957,6055,9017,10614,9164,4894,1395,804,248,185
Netherlands,1985,56915,626,753,127,59,73,150,406,808,1363,3300,6876,15317,20814,6792,187,219,328,480,534,829,1362,1938,2939,3937,6283,9034,11230,9584,5309,1483,812,223,200
Netherlands,1986,58758,627,775,148,66,80,148,447,854,1466,3328,6981,15190,21810,7384,210,237,339,515,614,852,1292,2036,2931,4050,6093,9097,11525,10285,5749,1635,841,228,224
Netherlands,1987,57279,586,722,136,62,92,147,454,756,1540,3192,6935,14749,20935,7455,209,245,329,427,667,873,1251,1941,2874,4061,6010,8739,10926,10009,5752,1703,784,239,241
Netherlands,1988,58805,513,624,111,71,59,138,396,758,1602,3056,6976,14695,22102,8057,174,222,323,435,708,894,1156,1900,2786,4190,5905,8790,11602,10500,6170,1887,695,197,269
Netherlands,1989,61860,550,680,130,57,82,168,441,794,1654,3269,7184,15111,23143,8970,225,216,330,464,704,950,1297,1972,2877,4307,5960,9151,11837,11306,6797,2173,737,250,308
Netherlands,1990,62219,592,736,144,61,93,130,428,760,1657,3098,7196,14916,23816,9021,187,241,313,447,748,909,1219,1879,2835,4361,5831,9085,12034,11782,6832,2189,797,223,309
Netherlands,1991,63199,505,629,124,70,79,148,401,825,1768,3109,7328,15209,24006,9302,177,224,350,475,789,979,1258,1851,2887,4441,6115,9094,12059,11947,7041,2261,699,227,324
Netherlands,1992,63617,541,656,115,63,71,126,413,800,1851,3107,7211,15032,24145,9788,156,257,318,482,774,1077,1314,1793,2913,4298,6132,8900,12135,12010,7391,2397,719,197,352
Netherlands,1993,67838,507,625,118,70,70,97,430,871,1893,3220,7250,15649,26170,11091,179,251,384,487,739,1154,1314,1906,2897,4353,6552,9097,12920,13250,8385,2706,695,167,400
Netherlands,1994,66425,461,566,105,55,68,120,381,851,1970,3259,7055,15545,25372,10788,155,226,340,511,766,1204,1384,1875,2873,4182,6569,8976,12402,12970,8169,2619,621,188,393
Netherlands,1995,67388,425,534,109,51,74,108,417,858,1979,3253,7200,15470,25865,11179,170,247,334,524,764,1215,1394,1859,2829,4371,6519,8951,12551,13314,8475,2704,585,182,403
Netherlands,1996,68625,473,582,109,57,61,104,391,827,2019,3404,7132,15810,26233,11581,153,238,324,503,829,1190,1533,1871,2713,4419,6650,9160,12809,13424,8751,2830,639,165,421
Netherlands,1997,68652,427,525,98,49,55,106,392,806,2025,3557,6939,15669,26130,11959,150,242,324,482,788,1237,1589,1968,2736,4203,6464,9205,12668,13462,8978,2981,574,161,442
Netherlands,1998,69212,428,512,84,49,48,100,323,760,1990,3696,6885,15790,26355,12261,115,208,290,470,800,1190,1753,1943,2709,4176,6418,9372,12531,13824,9222,3039,561,148,446
Netherlands,1999,71608,482,570,88,55,68,102,341,841,2081,3839,6966,16466,26783,13024,130,211,307,534,828,1253,1846,1993,2793,4173,6458,10008,12539,14244,9757,3267,625,170,477
Netherlands,2000,71773,476,576,100,52,54,118,316,804,2122,3910,6849,16283,27158,13059,135,181,297,507,809,1313,1810,2100,2743,4106,6311,9972,12797,14361,9785,3274,628,172,474
Netherlands,2001,72009,462,546,84,41,73,101,289,803,2042,4094,6720,16318,27180,13302,116,173,307,496,771,1271,1880,2214,2745,3975,6291,10027,12850,14330,9879,3423,587,174,501
Netherlands,2002,73468,437,531,94,47,49,115,302,785,2103,4251,6788,16175,27790,13988,121,181,304,481,778,1325,1879,2372,2851,3937,6332,9843,13465,14325,10357,3631,578,164,537
Netherlands,2003,72769,389,471,82,53,66,107,288,727,2101,4364,6662,15661,27796,13937,117,171,252,475,797,1304,1870,2494,2778,3884,6158,9503,13303,14493,10309,3628,524,173,534
Netherlands,2004,70114,354,437,83,41,46,81,247,679,2056,4323,6516,14808,26902,13456,110,137,261,418,764,1292,1823,2500,2776,3740,5847,8961,13475,13427,9945,3511,478,127,525
Netherlands,2005,70027,411,505,94,31,60,80,249,692,1943,4284,6429,14552,26777,13866,124,125,253,439,763,1180,1713,2571,2832,3597,5698,8854,13188,13589,10170,3696,536,140,563
Netherlands,2006,70048,349,420,71,47,54,76,212,610,1851,4277,6536,14112,27134,14127,85,127,231,379,699,1152,1748,2529,2924,3612,5461,8651,13022,14112,10314,3813,467,130,593
Netherlands,2007,68182,299,361,62,44,57,82,232,563,1770,4098,6760,13559,26362,13700,114,118,200,363,651,1119,1684,2414,3105,3655,5221,8338,12355,14007,9968,3732,405,139,595
Netherlands,2008,70213,321,390,69,36,46,79,243,536,1786,4115,7119,13406,27226,14574,107,136,172,364,644,1142,1701,2414,3417,3702,5181,8225,12495,14731,10468,4106,426,125,665
Netherlands,2009,68857,316,376,60,42,41,88,222,515,1743,4019,7085,12865,26873,14314,92,130,167,348,647,1096,1745,2274,3397,3688,4995,7870,12049,14824,10173,4141,418,129,679
Netherlands,2010,70100,316,377,61,38,36,64,185,505,1636,4094,7315,13084,27059,14986,78,107,190,315,595,1041,1700,2394,3447,3868,5163,7921,11952,15107,10650,4336,415,100,721
Netherlands,2011,70499,274,313,39,25,42,72,220,493,1732,4110,7560,12945,26847,15410,92,128,173,320,625,1107,1723,2387,3465,4095,5200,7745,11943,14904,11051,4359,338,114,733
Netherlands,2012,72822,286,335,49,36,39,74,190,454,1662,4053,7908,13067,27348,16856,91,99,179,275,578,1084,1657,2396,3484,4424,5288,7779,12062,15286,12177,4679,371,113,798
Netherlands,2013,72718,290,330,40,27,40,79,215,425,1521,3905,8099,12777,27247,17221,100,115,161,264,518,1003,1595,2310,3445,4654,5223,7554,12019,15228,12540,4681,357,119,828
Netherlands,2014,72101,280,327,47,32,49,86,232,398,1473,3906,8010,12891,26134,17688,101,131,160,238,535,938,1577,2329,3248,4762,5438,7453,11526,14608,12939,4749,359,135,879
Netherlands,2015,76175,248,284,36,30,42,67,195,404,1396,3947,8445,13514,27818,19101,73,122,163,241,480,916,1572,2375,3414,5031,5687,7827,12052,15766,13882,5219,314,109,934
Netherlands,2016,76874,276,317,41,31,37,67,243,466,1335,4128,8406,13893,27515,19480,104,139,188,278,445,890,1662,2466,3329,5077,5971,7922,11780,15735,13895,5585,348,104,953
Netherlands,2017,77698,261,302,41,33,37,74,190,431,1310,3783,8069,14384,27945,20155,89,101,174,257,431,879,1454,2329,3367,4702,6357,8027,11840,16105,14130,6025,335,111,988
Netherlands,2018,78975,250,293,43,34,23,74,217,405,1213,3836,8070,15219,28187,20434,86,131,173,232,415,798,1458,2378,3435,4635,6874,8345,11800,16387,14205,6229,327,97,973
Netherlands,2019,77662,275,319,44,24,28,83,244,413,1158,3624,7989,15402,27374,20041,107,137,184,229,391,767,1384,2240,3330,4659,6973,8429,11803,15571,13818,6223,343,111,956
Netherlands,2020,83528,275,318,43,25,33,66,212,428,1064,3303,7770,16365,31055,21855,96,116,180,248,389,675,1248,2055,3187,4583,7404,8961,12893,18162,15215,6640,343,99,1038
Netherlands,2021,83413,280,323,43,22,23,51,223,450,987,3501,8275,17241,29869,21361,103,120,200,250,381,606,1303,2198,3461,4814,7365,9876,12708,17161,14851,6510,345,74,1087
New Caledonia,1950,528,125,186,61,16,6,10,20,24,33,42,44,70,65,13,10,10,10,14,15,18,20,22,20,24,31,39,39,26,11,2,202,16,0
New Caledonia,1951,516,125,187,62,17,6,10,20,23,33,43,43,65,61,12,10,10,10,13,15,18,20,23,20,23,28,37,37,24,10,2,204,16,0
New Caledonia,1952,501,123,183,60,13,6,10,20,22,34,44,43,61,56,11,10,10,10,12,15,19,20,24,21,22,27,34,34,22,9,2,196,16,0
New Caledonia,1953,481,121,179,58,16,5,10,20,20,31,43,42,56,52,9,10,10,10,10,14,17,20,23,21,21,25,31,32,20,8,1,195,15,0
New Caledonia,1954,469,119,176,57,15,5,10,20,20,31,43,42,55,48,8,10,10,10,10,14,17,20,23,22,20,25,30,29,19,7,1,191,15,0
New Caledonia,1955,464,118,172,54,15,5,10,20,20,32,44,44,53,46,8,10,10,10,10,14,18,20,24,24,20,24,29,28,18,7,1,187,15,0
New Caledonia,1956,455,117,170,53,14,5,10,20,20,30,44,45,50,43,8,10,10,10,10,13,17,20,24,25,20,23,27,27,16,7,1,184,15,0
New Caledonia,1957,450,116,167,51,16,5,10,20,20,30,44,46,47,41,8,10,10,10,10,13,17,20,24,25,21,22,25,25,16,7,1,183,15,0
New Caledonia,1958,447,115,166,51,16,5,10,20,20,29,45,47,46,40,8,10,10,10,10,12,17,20,25,25,22,21,25,24,16,7,1,182,15,0
New Caledonia,1959,443,114,164,50,14,5,10,20,20,29,45,48,45,38,7,10,10,10,10,12,17,20,25,25,23,20,25,23,15,6,1,178,15,0
New Caledonia,1960,439,113,161,48,14,5,10,20,20,29,45,49,44,37,7,10,10,10,10,12,17,20,25,25,24,20,24,22,15,6,1,175,15,0
New Caledonia,1961,437,112,159,47,14,5,10,20,20,28,46,50,42,35,7,10,10,10,10,12,16,21,25,25,25,20,22,20,15,6,1,173,15,0
New Caledonia,1962,435,110,156,46,14,6,10,20,20,28,46,50,41,33,7,10,10,10,10,12,16,21,25,25,25,21,20,20,13,6,1,170,16,0
New Caledonia,1963,432,108,152,44,14,6,10,20,20,28,46,50,42,32,7,10,10,10,10,12,16,21,25,25,25,22,20,19,13,6,1,166,16,0
New Caledonia,1964,430,105,147,42,13,6,10,20,20,27,47,55,43,32,7,10,10,10,10,12,15,21,26,26,29,23,20,19,13,6,1,160,16,0
New Caledonia,1965,425,103,144,41,13,6,10,20,20,27,48,60,45,31,7,10,10,10,10,12,15,21,27,30,30,25,20,18,13,6,1,157,16,0
New Caledonia,1966,422,101,141,40,13,6,10,20,20,27,47,60,47,30,7,10,10,10,10,12,15,20,27,30,30,27,20,18,12,6,1,154,16,0
New Caledonia,1967,417,99,135,36,13,6,10,20,20,26,46,60,49,29,7,10,10,10,10,11,15,19,27,30,30,28,21,17,12,6,1,148,16,0
New Caledonia,1968,415,96,132,36,13,6,10,20,20,26,45,60,50,27,7,10,10,10,10,11,15,18,27,30,30,28,22,15,12,6,1,145,16,0
New Caledonia,1969,409,95,129,34,13,6,10,20,20,26,45,60,52,25,7,10,10,10,10,11,15,18,27,30,30,29,23,15,10,6,1,142,16,0
New Caledonia,1970,408,97,129,32,11,6,10,20,20,26,44,60,51,24,7,10,10,10,10,11,15,17,27,30,30,28,23,14,10,6,1,140,16,0
New Caledonia,1971,413,96,127,31,11,6,10,20,20,26,43,60,57,25,7,10,10,10,10,11,15,17,26,30,30,30,27,15,10,6,1,138,16,0
New Caledonia,1972,415,96,126,30,11,6,10,20,20,26,41,60,58,27,7,10,10,10,10,11,15,16,25,30,30,30,28,17,10,6,1,137,16,0
New Caledonia,1973,416,93,122,29,10,6,10,20,20,26,40,60,60,30,7,10,10,10,10,11,15,16,24,30,30,30,30,20,10,6,1,132,16,0
New Caledonia,1974,417,89,116,27,10,6,10,20,20,27,39,60,60,34,7,10,10,10,10,12,15,16,23,30,30,30,30,23,11,6,1,126,16,0
New Caledonia,1975,425,85,111,26,10,6,10,20,20,27,40,65,68,36,7,10,10,10,10,12,15,17,23,30,35,33,35,24,12,6,1,121,16,0
New Caledonia,1976,421,80,105,25,10,6,10,20,20,27,39,64,70,40,7,10,10,10,10,12,15,17,22,29,35,35,35,28,12,6,1,115,16,0
New Caledonia,1977,418,75,96,21,9,6,10,20,20,27,40,65,70,42,7,10,10,10,10,12,15,18,22,30,35,35,35,29,13,6,1,105,16,1
New Caledonia,1978,409,70,89,19,8,5,10,20,20,27,40,63,70,43,7,10,10,10,10,12,15,18,22,28,35,35,35,29,14,6,1,97,15,1
New Caledonia,1979,397,65,83,18,7,5,10,20,20,27,38,61,70,43,7,10,10,10,10,12,15,17,21,27,34,35,35,29,14,5,2,90,15,1
New Caledonia,1980,392,62,77,15,7,5,10,20,20,27,38,60,70,43,7,10,10,10,10,12,15,17,21,26,34,35,35,29,14,5,2,84,15,1
New Caledonia,1981,388,59,73,14,7,5,10,20,20,27,38,59,70,43,7,10,10,10,10,12,15,17,21,26,33,35,35,29,14,5,2,80,15,1
New Caledonia,1982,382,55,69,14,6,5,10,20,20,27,38,58,77,45,8,10,10,10,10,12,15,17,21,25,33,39,38,30,15,6,2,75,15,1
New Caledonia,1983,375,52,63,11,5,5,9,20,20,27,38,57,78,45,8,10,10,10,10,12,15,17,21,25,32,39,39,30,15,6,2,68,14,1
New Caledonia,1984,369,49,60,11,5,5,9,20,20,27,38,56,79,47,8,10,10,10,10,12,15,17,21,25,31,39,40,31,16,6,2,65,14,1
New Caledonia,1985,372,47,58,11,5,5,9,20,20,27,39,55,79,50,9,10,10,10,10,12,15,17,22,25,30,39,40,33,17,7,2,63,14,1
New Caledonia,1986,380,46,56,10,5,5,9,20,20,27,41,55,80,54,8,10,10,10,10,12,15,18,23,25,30,39,41,35,19,7,1,61,14,1
New Caledonia,1987,392,46,54,8,5,5,9,20,20,28,42,56,85,58,10,10,10,10,10,13,15,18,24,25,31,40,45,37,21,8,2,59,14,1
New Caledonia,1988,403,44,52,8,5,5,9,20,20,29,44,58,87,62,11,10,10,10,10,14,15,20,24,27,31,40,47,39,23,9,2,57,14,1
New Caledonia,1989,415,43,51,8,5,5,9,20,20,32,45,61,89,68,14,10,10,10,10,15,17,20,25,29,32,39,50,41,27,11,3,56,14,1
New Caledonia,1990,429,43,51,8,5,5,8,20,20,31,45,63,91,73,19,10,10,10,10,14,17,20,25,30,33,39,52,44,29,14,5,56,13,1
New Caledonia,1991,451,43,51,8,5,5,8,20,20,33,48,66,94,79,22,10,10,10,10,15,18,21,27,31,35,40,54,47,32,16,6,56,13,1
New Caledonia,1992,465,41,49,8,5,5,8,20,23,35,51,69,97,84,23,10,10,10,13,15,20,23,28,32,37,41,56,51,33,17,6,54,13,1
New Caledonia,1993,453,39,46,7,5,5,7,20,21,35,50,67,92,84,23,10,10,10,11,15,20,22,28,31,36,40,52,51,33,17,6,51,12,1
New Caledonia,1994,467,38,45,7,5,5,7,20,23,35,52,71,94,89,23,10,10,10,13,15,20,23,29,33,38,41,53,54,35,17,6,50,12,1
New Caledonia,1995,466,36,43,7,5,5,6,20,23,35,52,72,92,93,24,10,10,10,13,15,20,23,29,34,38,42,50,56,37,18,6,48,11,2
New Caledonia,1996,484,35,42,7,5,5,6,20,26,36,55,74,97,98,26,10,10,11,15,16,20,24,31,35,39,45,52,58,40,19,7,47,11,2
New Caledonia,1997,482,35,41,6,5,5,5,16,25,36,55,75,96,97,27,6,10,10,15,16,20,24,31,35,40,45,51,57,40,20,7,46,10,2
New Caledonia,1998,409,33,39,6,5,3,5,11,20,30,47,64,81,81,23,5,6,10,10,13,17,20,27,30,34,39,42,46,35,17,6,44,8,2
New Caledonia,1999,416,32,39,7,4,2,5,10,20,30,48,65,85,83,25,5,5,10,10,13,17,21,27,30,35,40,45,46,37,18,7,43,7,2
New Caledonia,2000,401,31,37,6,2,2,5,10,19,27,46,63,82,81,27,5,5,9,10,12,15,20,26,30,33,38,44,45,36,20,7,39,7,2
New Caledonia,2001,407,30,36,6,0,1,5,10,19,27,46,64,84,82,31,5,5,9,10,12,15,20,26,30,34,39,45,45,37,22,9,36,6,3
New Caledonia,2002,413,29,35,6,2,1,5,10,18,27,47,64,85,84,32,5,5,8,10,12,15,21,26,30,34,40,45,45,39,23,9,37,6,3
New Caledonia,2003,418,28,34,6,2,1,5,10,18,27,47,66,88,84,35,5,5,8,10,12,15,21,26,30,36,40,48,46,38,24,11,36,6,3
New Caledonia,2004,424,27,32,5,2,0,5,10,18,27,47,66,90,87,36,5,5,8,10,12,15,21,26,30,36,41,49,48,39,25,11,34,5,4
New Caledonia,2005,432,26,31,5,1,0,5,10,17,27,49,68,93,91,39,5,5,7,10,12,15,21,28,31,37,42,51,51,40,27,12,32,5,4
New Caledonia,2006,432,25,30,5,1,0,5,10,16,27,48,69,92,86,42,5,5,6,10,12,15,20,28,31,38,43,49,49,37,28,14,31,5,5
New Caledonia,2007,440,25,30,5,2,0,4,10,15,26,49,71,96,91,43,5,5,5,10,11,15,21,28,32,39,44,52,52,39,29,14,32,4,6
New Caledonia,2008,448,24,29,5,1,0,4,10,14,26,49,72,96,94,45,5,5,5,9,11,15,21,28,33,39,44,52,54,40,29,16,30,4,6
New Caledonia,2009,457,24,29,5,1,0,4,10,13,26,49,75,98,99,47,5,5,5,8,11,15,21,28,35,40,45,53,58,41,30,17,30,4,7
New Caledonia,2010,457,24,29,5,1,0,3,10,12,25,49,74,97,101,49,5,5,5,7,10,15,21,28,34,40,45,52,58,43,30,19,30,3,8
New Caledonia,2011,459,24,29,5,1,0,3,10,12,25,49,73,97,103,50,5,5,5,7,10,15,21,28,33,40,45,52,57,46,31,19,30,3,9
New Caledonia,2012,461,24,29,5,0,0,3,10,11,25,46,73,97,103,53,5,5,5,6,10,15,19,27,33,40,45,52,55,48,33,20,29,3,10
New Caledonia,2013,468,23,28,5,0,0,2,8,10,24,46,75,99,106,57,3,5,5,5,10,14,19,27,34,41,46,53,55,51,35,22,28,2,11
New Caledonia,2014,519,23,28,5,0,0,4,9,10,25,52,83,111,116,68,4,5,5,5,10,15,22,30,37,46,52,59,60,56,42,26,28,4,13
New Caledonia,2015,575,23,28,5,1,0,5,10,11,27,56,91,126,128,78,5,5,5,6,11,16,23,33,40,51,58,68,67,61,48,30,29,5,16
New Caledonia,2016,575,22,27,5,1,0,5,10,10,27,55,92,129,133,73,5,5,5,5,11,16,22,33,40,52,59,70,72,61,46,27,28,5,16
New Caledonia,2017,574,21,26,5,1,0,4,7,10,24,55,92,132,138,68,2,5,5,5,9,15,22,33,41,51,60,72,76,62,44,24,27,4,16
New Caledonia,2018,573,21,26,5,1,0,4,5,10,23,52,90,134,147,63,1,4,5,5,8,15,21,31,41,49,60,74,80,67,43,20,27,4,15
New Caledonia,2019,574,20,25,5,0,0,4,5,10,22,51,90,137,153,64,2,3,5,5,8,14,20,31,41,49,62,75,82,71,44,20,25,4,13
New Caledonia,2020,576,19,24,5,0,0,3,4,10,20,49,89,137,161,62,2,2,5,5,7,13,20,29,40,49,62,75,86,75,45,17,24,3,11
New Caledonia,2021,692,19,24,5,0,0,3,3,10,20,61,126,174,186,72,2,1,5,5,7,13,24,37,57,69,84,90,99,87,52,20,24,3,10
New Zealand,1950,8121,605,749,144,55,35,66,187,260,441,764,1581,2165,1506,292,91,96,110,150,180,261,313,451,643,938,1119,1046,927,579,230,62,804,101,20
New Zealand,1951,8450,555,702,147,54,36,52,154,222,421,826,1572,2440,1651,305,67,87,98,124,176,245,349,477,685,887,1216,1224,1002,649,244,61,756,88,17
New Zealand,1952,8533,671,839,168,61,41,42,129,220,429,808,1565,2496,1614,281,52,77,77,143,172,257,364,444,660,905,1210,1286,996,618,226,55,900,83,11
New Zealand,1953,8099,537,691,154,60,53,39,122,197,459,768,1462,2364,1599,281,62,60,86,111,191,268,319,449,592,870,1176,1188,1021,578,225,56,751,92,9
New Zealand,1954,8350,550,714,164,60,38,46,155,196,370,761,1436,2543,1706,320,66,89,85,111,145,225,320,441,593,843,1208,1335,1028,678,254,66,774,84,10
New Zealand,1955,8586,550,700,150,49,41,45,116,189,416,776,1520,2604,1799,323,59,57,74,115,160,256,362,414,593,927,1186,1418,1111,688,262,61,749,86,10
New Zealand,1956,8717,585,747,162,42,43,36,94,216,411,747,1445,2613,1961,354,41,53,77,139,183,228,303,444,568,877,1170,1443,1178,783,288,66,789,79,9
New Zealand,1957,9204,596,721,125,49,56,50,114,199,426,763,1531,2695,2178,416,48,66,76,123,164,262,325,438,630,901,1245,1450,1311,867,336,80,770,106,10
New Zealand,1958,9100,608,746,138,65,44,38,117,203,425,746,1464,2650,2187,413,54,63,75,128,155,270,338,408,625,839,1155,1495,1363,824,338,75,811,82,9
New Zealand,1959,9492,645,804,159,52,28,43,104,199,433,756,1497,2794,2331,446,46,58,79,120,165,268,316,440,628,869,1221,1573,1403,928,366,80,856,71,10
New Zealand,1960,9350,607,741,134,55,37,44,97,199,385,792,1430,2735,2356,466,49,48,72,127,166,219,344,448,626,804,1179,1556,1428,928,381,85,796,81,10
New Zealand,1961,9881,629,762,133,50,37,48,87,208,431,808,1499,2905,2525,510,44,43,84,124,168,263,345,463,635,864,1273,1632,1539,986,415,95,812,85,12
New Zealand,1962,9836,552,654,102,55,41,50,107,209,424,777,1497,2842,2648,523,44,63,80,129,145,279,343,434,624,873,1210,1632,1589,1059,423,100,709,91,13
New Zealand,1963,9982,531,649,118,58,34,49,90,190,448,867,1480,2858,2703,548,49,41,77,113,170,278,367,500,608,872,1245,1613,1611,1092,437,111,707,83,14
New Zealand,1964,10221,483,608,125,45,36,50,110,192,427,888,1538,2860,2828,624,69,41,70,122,172,255,370,518,611,927,1203,1657,1673,1155,493,131,653,86,16
New Zealand,1965,10309,466,587,121,40,46,51,112,166,465,934,1613,2813,2838,624,52,60,68,98,201,264,397,537,680,933,1210,1603,1598,1240,497,127,627,97,16
New Zealand,1966,10541,426,554,128,55,46,64,109,180,470,912,1695,2792,2966,680,46,63,62,118,194,276,389,523,693,1002,1242,1550,1669,1297,543,137,609,110,17
New Zealand,1967,10308,464,577,113,34,31,58,118,167,484,979,1667,2694,2851,637,57,61,68,99,195,289,431,548,730,937,1166,1528,1571,1280,515,122,611,89,14
New Zealand,1968,10982,497,611,114,57,32,67,118,195,467,967,1704,2930,3093,727,53,65,82,113,167,300,410,557,718,986,1311,1619,1720,1373,587,140,668,99,15
New Zealand,1969,10817,429,519,90,48,43,61,105,195,510,951,1689,2881,3074,723,52,53,81,114,192,318,394,557,737,952,1279,1602,1770,1304,590,133,567,104,16
New Zealand,1970,11227,448,545,97,58,46,74,124,194,489,989,1754,2979,3151,800,68,56,67,127,187,302,423,566,750,1004,1316,1663,1733,1418,651,149,603,120,20
New Zealand,1971,10948,484,579,95,41,41,68,133,203,489,952,1672,2797,3136,812,69,64,97,106,179,310,392,560,743,929,1236,1561,1700,1436,658,154,620,109,21
New Zealand,1972,11502,423,535,112,56,52,91,126,177,466,942,1883,3010,3234,907,64,62,76,101,184,282,386,556,807,1076,1349,1661,1795,1439,726,181,591,143,22
New Zealand,1973,11359,385,489,104,48,32,90,125,214,429,961,1869,2956,3211,919,65,60,93,121,161,268,399,562,803,1066,1334,1622,1755,1456,732,187,537,122,22
New Zealand,1974,11485,360,457,97,49,51,95,140,192,497,991,1883,3041,3154,914,65,75,71,121,203,294,444,547,866,1017,1438,1603,1730,1424,720,194,506,146,22
New Zealand,1975,11329,364,473,109,48,44,71,166,218,412,949,1875,2937,3137,976,77,89,97,121,161,251,417,532,864,1011,1419,1518,1686,1451,758,218,521,115,24
New Zealand,1976,11456,328,411,83,35,46,84,151,177,491,999,1890,3080,3116,948,74,77,69,108,197,294,398,601,813,1077,1419,1661,1688,1428,723,225,446,130,27
New Zealand,1977,11649,302,375,73,63,45,111,181,210,492,982,1985,3077,3117,974,89,92,95,115,195,297,423,559,843,1142,1445,1632,1675,1442,757,217,438,156,28
New Zealand,1978,11086,274,339,65,40,36,98,136,204,475,956,1860,3004,2956,948,66,70,95,109,183,292,407,549,776,1084,1380,1624,1597,1359,738,210,379,134,27
New Zealand,1979,11418,262,330,68,44,37,81,167,185,395,942,1920,3187,3071,1027,82,85,70,115,147,248,385,557,786,1134,1507,1680,1677,1394,793,234,374,118,32
New Zealand,1980,12290,287,350,63,38,40,98,181,205,440,967,2070,3365,3352,1148,101,80,97,108,157,283,371,596,797,1273,1536,1829,1860,1492,885,263,388,138,36
New Zealand,1981,11488,248,311,63,27,41,98,170,182,398,899,1894,3077,3244,1110,95,75,80,102,174,224,357,542,735,1159,1437,1640,1777,1467,852,258,338,139,38
New Zealand,1982,11712,255,317,62,37,28,79,147,223,420,964,1871,3130,3284,1168,85,62,105,118,161,259,376,588,751,1120,1491,1639,1781,1503,884,284,354,107,47
New Zealand,1983,12014,280,327,47,33,37,80,166,225,375,847,1931,3311,3476,1161,101,65,101,124,164,211,349,498,814,1117,1550,1761,1950,1526,875,286,360,117,45
New Zealand,1984,11631,248,284,36,28,32,72,163,195,358,872,1816,3310,3286,1164,89,74,96,99,157,201,351,521,761,1055,1491,1819,1801,1485,864,300,312,104,49
New Zealand,1985,12956,241,298,57,38,40,77,177,229,408,866,1931,3530,3802,1493,89,88,92,137,158,250,331,535,833,1098,1585,1945,2015,1787,1109,384,336,117,63
New Zealand,1986,12469,257,304,47,37,32,76,161,222,373,865,1863,3507,3660,1309,82,79,100,122,156,217,313,552,792,1071,1523,1984,2057,1603,964,345,341,108,59
New Zealand,1987,12975,254,305,51,25,34,88,186,227,402,879,1919,3591,3874,1379,91,95,97,130,156,246,366,513,810,1109,1626,1965,2116,1758,1024,355,330,122,63
New Zealand,1988,12896,265,314,49,30,33,84,187,224,400,771,1852,3443,4038,1447,92,95,99,125,165,235,322,449,734,1118,1490,1953,2193,1845,1072,375,344,117,71
New Zealand,1989,12707,249,289,40,25,23,90,152,203,429,803,1797,3416,3976,1425,83,69,84,119,178,251,339,464,759,1038,1469,1947,2223,1753,1051,374,314,113,77
New Zealand,1990,12514,205,244,39,20,23,85,165,206,443,861,1798,3284,3874,1426,78,87,94,112,184,259,358,503,732,1066,1449,1835,2155,1719,1057,369,264,108,84
New Zealand,1991,12607,194,235,41,29,17,68,149,247,430,795,1779,3260,4044,1477,74,75,107,140,196,234,348,447,718,1061,1395,1865,2185,1859,1090,387,264,85,81
New Zealand,1992,12655,172,211,39,33,26,63,144,206,420,764,1660,3324,4186,1538,82,62,88,118,171,249,340,424,659,1001,1437,1887,2241,1945,1132,406,244,89,80
New Zealand,1993,13010,188,243,55,22,27,67,150,192,423,826,1705,3340,4328,1605,76,74,90,102,191,232,357,469,684,1021,1436,1904,2295,2033,1179,426,265,94,80
New Zealand,1994,12840,188,226,38,22,15,69,138,219,386,795,1618,3252,4342,1667,71,67,97,122,163,223,359,436,675,943,1467,1785,2273,2069,1223,444,248,84,92
New Zealand,1995,13350,176,220,44,21,22,65,162,239,451,840,1613,3314,4445,1854,87,75,103,136,175,276,385,455,636,977,1458,1856,2311,2134,1366,488,241,87,106
New Zealand,1996,13837,184,227,43,24,34,86,150,229,460,806,1683,3366,4733,1931,69,81,106,123,151,309,349,457,672,1011,1451,1915,2490,2243,1422,509,251,120,111
New Zealand,1997,13336,162,203,41,17,30,68,154,221,448,859,1508,3119,4616,1988,63,91,112,109,181,267,359,500,569,939,1357,1762,2365,2251,1476,512,220,98,112
New Zealand,1998,12745,115,150,35,20,29,78,108,228,436,825,1505,3052,4336,1869,48,60,107,121,200,236,348,477,616,889,1258,1794,2193,2143,1383,486,170,107,106
New Zealand,1999,13873,130,163,33,14,29,74,119,214,447,840,1560,3239,4777,2272,60,59,87,127,198,249,357,483,643,917,1349,1890,2274,2503,1676,596,177,103,126
New Zealand,2000,12913,157,191,34,27,18,48,113,189,434,851,1425,2965,4451,2094,42,71,78,111,182,252,371,480,606,819,1223,1742,2142,2309,1532,562,218,66,112
New Zealand,2001,13858,121,158,37,25,27,58,110,195,414,824,1517,3012,4993,2398,49,61,83,112,168,246,386,438,677,840,1205,1807,2391,2602,1734,664,183,85,128
New Zealand,2002,14050,139,173,34,20,19,51,120,219,428,835,1438,3092,4927,2596,55,65,94,125,176,252,343,492,633,805,1256,1836,2310,2617,1877,719,193,70,137
New Zealand,2003,14032,112,152,40,16,20,75,108,212,454,867,1448,2943,4944,2658,54,54,86,126,186,268,375,492,620,828,1219,1724,2350,2594,1920,738,168,95,143
New Zealand,2004,14356,153,180,27,14,19,66,97,216,461,883,1473,2897,5156,2758,50,47,89,127,185,276,385,498,659,814,1184,1713,2455,2701,2004,754,194,85,140
New Zealand,2005,13653,125,154,29,25,19,60,97,210,480,829,1395,2654,4873,2707,56,41,88,122,189,291,337,492,618,777,1044,1610,2434,2439,1962,745,179,79,150
New Zealand,2006,14322,126,152,26,12,18,59,95,189,475,884,1430,2847,5002,2995,47,48,69,120,191,284,369,515,608,822,1137,1710,2336,2666,2146,849,164,77,166
New Zealand,2007,14234,143,184,41,12,25,66,99,214,447,871,1499,2683,5052,2925,56,43,81,133,209,238,352,519,618,881,1081,1602,2297,2755,2104,821,196,91,157
New Zealand,2008,14635,119,154,35,17,18,66,110,193,417,913,1540,2759,5218,3062,56,54,60,133,178,239,346,567,680,860,1145,1614,2370,2848,2158,904,171,84,167
New Zealand,2009,14506,135,170,35,19,27,54,111,177,474,870,1551,2598,5254,3034,47,64,63,114,184,290,409,461,680,871,1124,1474,2357,2897,2137,897,189,81,170
New Zealand,2010,14247,138,168,30,6,18,51,105,184,474,832,1534,2555,5117,3034,49,56,77,107,189,285,372,460,683,851,1097,1458,2272,2845,2126,908,174,69,173
New Zealand,2011,15309,118,138,20,9,15,48,143,196,451,858,1671,2678,5408,3506,77,66,79,117,181,270,366,492,728,943,1166,1512,2353,3055,2460,1046,147,63,188
New Zealand,2012,15052,114,142,28,14,17,53,86,165,479,859,1537,2689,5274,3546,54,32,79,86,181,298,404,455,670,867,1163,1526,2264,3010,2482,1064,156,70,194
New Zealand,2013,14604,109,136,27,12,16,48,84,161,427,921,1609,2672,5025,3308,45,39,66,95,169,258,435,486,706,903,1136,1536,2148,2877,2330,978,148,64,187
New Zealand,2014,14437,121,145,24,12,13,47,100,153,428,949,1644,2796,5203,2802,51,49,64,89,164,264,424,525,701,943,1188,1608,2290,2913,2039,763,157,60,147
New Zealand,2015,14739,122,142,20,12,13,42,106,154,423,965,1650,2810,5227,3011,51,55,66,88,163,260,418,547,690,960,1195,1615,2309,2918,2126,885,154,55,185
New Zealand,2016,15059,107,125,18,14,13,44,116,170,413,962,1682,2921,5234,3134,58,58,75,95,148,265,411,551,693,989,1250,1671,2287,2947,2130,1004,139,57,226
New Zealand,2017,15107,102,121,19,15,18,46,125,184,399,975,1711,2940,5219,3103,60,65,80,104,145,254,405,570,715,996,1260,1680,2224,2995,2058,1045,136,64,259
New Zealand,2018,15286,102,119,17,8,14,45,117,172,415,992,1701,2957,4938,3437,55,62,74,98,148,267,412,580,716,985,1258,1699,2127,2811,2204,1233,127,59,370
New Zealand,2019,15337,108,123,15,5,14,45,119,177,421,1010,1727,2985,4821,3480,55,64,74,103,150,271,413,597,731,996,1291,1694,2104,2717,2290,1190,128,59,408
New Zealand,2020,15444,98,116,18,5,18,49,131,189,377,1031,1763,2971,4964,3481,62,69,82,107,144,233,398,633,742,1021,1327,1644,2182,2782,2402,1079,121,67,353
New Zealand,2021,16285,113,136,23,11,17,43,119,194,429,1083,1831,3318,4964,3732,58,61,89,105,143,286,455,628,801,1030,1463,1855,2373,2591,2457,1275,147,60,403
Nicaragua,1950,15354,5888,8603,2715,605,356,461,998,835,693,709,936,847,293,20,502,496,431,404,358,335,332,377,463,473,489,358,217,76,17,3,9208,817,0
Nicaragua,1951,16075,6062,8956,2894,663,391,487,1047,882,730,737,967,888,311,21,524,523,459,423,376,354,350,387,475,492,506,382,227,84,18,3,9619,878,0
Nicaragua,1952,15919,6025,8946,2921,642,363,463,1008,865,717,725,955,896,319,20,499,509,452,413,369,348,349,376,462,493,497,399,227,92,18,2,9588,826,0
Nicaragua,1953,15976,6018,8960,2942,657,361,461,999,872,720,729,956,912,328,21,492,507,459,413,370,350,355,374,454,502,493,419,231,97,19,2,9617,822,0
Nicaragua,1954,16008,6022,8957,2935,674,358,459,985,877,722,734,952,924,339,23,484,501,464,413,370,352,360,374,446,506,490,434,238,101,21,2,9631,817,0
Nicaragua,1955,16039,6032,8944,2912,699,355,455,973,882,724,741,947,937,353,26,476,497,466,416,371,353,366,375,440,507,492,445,248,105,24,2,9643,810,0
Nicaragua,1956,16075,6041,8926,2885,723,355,454,964,887,726,752,944,946,370,29,473,491,467,420,371,355,371,381,437,507,497,449,262,108,27,2,9649,809,0
Nicaragua,1957,16111,6044,8903,2859,737,357,454,953,895,731,764,938,959,391,29,468,485,467,428,373,358,376,388,435,503,509,450,279,112,27,2,9640,811,0
Nicaragua,1958,16150,6045,8878,2833,750,362,454,945,902,737,777,932,971,410,33,467,478,467,435,374,363,380,397,435,497,521,450,296,114,31,2,9628,816,0
Nicaragua,1959,16192,6042,8846,2804,756,373,456,940,906,743,791,931,983,428,36,467,473,465,441,379,364,384,407,438,493,531,452,309,119,32,4,9602,829,0
Nicaragua,1960,16420,6103,8940,2837,779,392,462,941,916,755,809,940,1000,447,37,470,471,465,451,384,371,391,418,446,494,540,460,319,128,33,4,9719,854,0
Nicaragua,1961,16249,6020,8759,2739,766,402,460,936,911,759,816,940,1006,459,39,469,467,460,451,388,371,392,424,450,490,538,468,325,134,35,4,9525,862,0
Nicaragua,1962,16220,6005,8709,2704,761,411,459,925,898,763,820,946,1016,470,40,465,460,450,448,393,370,394,426,458,488,535,481,326,144,36,4,9470,870,0
Nicaragua,1963,16116,5993,8662,2669,741,411,454,902,874,759,817,949,1023,482,41,454,448,435,439,393,366,390,427,464,485,529,494,328,154,37,4,9403,865,0
Nicaragua,1964,15903,5976,8609,2633,703,397,443,863,830,744,807,948,1021,492,44,435,428,412,418,386,358,385,422,466,482,521,500,331,161,39,5,9312,840,0
Nicaragua,1965,15580,5970,8567,2597,642,367,424,800,769,719,789,942,1013,501,48,402,398,379,390,370,349,375,414,463,479,512,501,335,166,42,6,9209,791,0
Nicaragua,1966,15196,5972,8533,2561,568,329,398,730,704,684,761,931,998,513,51,367,363,346,358,348,336,360,401,455,476,501,497,343,170,45,6,9101,727,0
Nicaragua,1967,14874,5997,8531,2534,500,295,373,664,637,651,737,923,985,522,56,335,329,312,325,326,325,346,391,448,475,494,491,351,171,49,7,9031,668,0
Nicaragua,1968,14577,6020,8519,2499,438,264,347,611,581,621,715,917,974,537,60,310,301,285,296,306,315,334,381,440,477,489,485,364,173,53,7,8957,611,0
Nicaragua,1969,14427,6044,8518,2474,400,243,327,578,542,600,703,920,977,554,64,295,283,266,276,291,309,329,374,436,484,492,485,374,180,57,7,8918,570,0
Nicaragua,1970,14445,6081,8531,2450,383,235,320,574,527,595,708,937,994,573,65,297,277,260,267,285,310,331,377,441,496,503,491,387,186,58,7,8914,555,0
Nicaragua,1971,14640,6127,8565,2438,394,240,325,594,531,603,726,969,1027,596,70,313,281,262,269,285,318,341,385,454,515,524,503,399,197,62,8,8959,565,1
Nicaragua,1972,20500,6559,9808,3249,1193,890,839,1307,1020,1022,1098,1307,1273,667,75,728,579,524,496,497,525,537,561,626,681,681,592,446,221,65,10,11001,1729,1
Nicaragua,1973,15118,6166,8568,2402,440,258,351,665,566,635,785,1039,1104,634,75,357,308,281,285,297,338,374,411,485,554,576,528,415,219,64,11,9008,609,1
Nicaragua,1974,15429,6194,8590,2396,469,270,366,707,587,654,819,1080,1154,655,80,378,329,292,295,305,349,393,426,503,577,607,547,425,230,69,11,9059,636,1
Nicaragua,1975,15673,6217,8604,2387,490,278,378,740,598,662,848,1113,1203,673,84,392,348,298,300,308,354,407,441,518,595,634,569,434,239,72,12,9094,656,1
Nicaragua,1976,15828,6231,8609,2378,496,278,381,762,601,664,871,1141,1249,689,88,397,365,301,300,308,356,417,454,530,611,659,590,444,245,76,12,9105,659,1
Nicaragua,1977,15901,6215,8568,2353,493,275,381,773,602,665,891,1163,1292,705,93,397,376,302,300,309,356,422,469,538,625,677,615,454,251,81,12,9061,656,1
Nicaragua,1978,16855,6313,8877,2564,588,307,410,844,653,726,972,1246,1394,737,98,430,414,328,325,340,386,459,513,576,670,727,667,476,261,86,12,9465,717,1
Nicaragua,1979,17009,6245,8756,2511,580,302,420,890,695,775,1017,1272,1437,755,102,452,438,351,344,368,407,478,539,590,682,744,693,490,265,90,12,9336,722,1
Nicaragua,1980,15738,6016,8223,2207,468,262,365,752,595,635,917,1224,1425,766,107,380,372,309,286,296,339,419,498,565,659,730,695,498,268,93,14,8691,627,1
Nicaragua,1981,15695,5904,8038,2134,464,261,363,751,608,634,931,1256,1479,798,109,380,371,321,287,296,338,421,510,581,675,753,726,521,277,95,14,8502,624,1
Nicaragua,1982,15678,5784,7845,2061,470,264,364,753,622,636,941,1295,1535,836,116,381,372,332,290,297,339,421,520,602,693,777,758,551,285,99,17,8315,628,1
Nicaragua,1983,15676,5613,7575,1962,460,260,372,782,662,673,968,1337,1591,878,117,397,385,353,309,317,356,432,536,627,710,803,788,583,295,100,17,8035,632,1
Nicaragua,1984,15602,5421,7285,1864,456,260,376,796,689,694,983,1378,1640,921,122,404,392,365,324,328,366,438,545,648,730,825,815,614,307,104,18,7741,636,1
Nicaragua,1985,15401,5214,6971,1757,447,256,376,792,697,695,982,1416,1685,962,125,402,390,364,333,329,366,436,546,666,750,845,840,641,321,107,18,7418,632,1
Nicaragua,1986,15075,4983,6624,1641,432,251,367,769,689,677,967,1443,1722,1002,129,390,379,353,336,319,358,427,540,675,768,861,861,666,336,111,18,7056,618,1
Nicaragua,1987,14810,4736,6255,1519,416,244,368,765,700,686,971,1476,1756,1043,134,389,376,351,349,324,362,430,541,685,791,875,881,689,354,115,19,6671,612,1
Nicaragua,1988,14416,4491,5900,1409,414,243,354,723,668,650,942,1502,1795,1089,135,368,355,332,336,306,344,415,527,686,816,891,904,714,375,116,19,6314,597,1
Nicaragua,1989,13908,4205,5472,1267,384,227,337,681,633,622,916,1519,1840,1132,142,346,335,313,320,294,328,402,514,684,835,912,928,739,393,123,19,5856,564,2
Nicaragua,1990,13617,3924,5068,1144,372,221,331,673,628,631,912,1548,1903,1185,148,343,330,310,318,303,328,401,511,687,861,943,960,771,414,129,19,5440,552,2
Nicaragua,1991,13361,3650,4677,1027,361,215,324,666,618,640,910,1572,1978,1239,160,341,325,305,313,313,327,401,509,687,885,983,995,804,435,138,22,5038,539,2
Nicaragua,1992,13290,3388,4328,940,369,223,331,683,631,664,923,1603,2069,1299,168,352,331,312,319,330,334,409,514,691,912,1034,1035,841,458,146,22,4697,554,2
Nicaragua,1993,13139,3140,3996,856,362,216,325,685,632,684,928,1622,2155,1355,177,353,332,312,320,342,342,411,517,691,931,1082,1073,877,478,155,22,4358,541,2
Nicaragua,1994,12918,2896,3656,760,342,206,316,681,628,698,932,1632,2231,1406,187,351,330,310,318,346,352,413,519,689,943,1124,1107,907,499,164,23,3998,522,2
Nicaragua,1995,12851,2720,3428,708,341,206,315,686,629,720,938,1641,2297,1451,199,353,333,310,319,351,369,415,523,691,950,1156,1141,932,519,173,26,3769,521,2
Nicaragua,1996,12709,2556,3205,649,327,199,311,684,624,736,940,1641,2344,1488,208,352,332,307,317,351,385,416,524,693,948,1174,1170,951,537,181,27,3532,510,2
Nicaragua,1997,12555,2385,2970,585,306,190,303,676,620,751,948,1656,2391,1527,220,347,329,304,316,350,401,421,527,702,954,1189,1202,969,558,190,30,3276,493,2
Nicaragua,1998,14576,2423,3340,917,648,374,412,861,797,917,1077,1783,2539,1595,229,439,422,394,403,430,487,488,589,766,1017,1259,1280,1011,584,198,31,3988,786,2
Nicaragua,1999,12579,2096,2590,494,288,185,299,682,636,788,998,1708,2540,1633,238,346,336,311,325,358,430,452,546,728,980,1242,1298,1032,601,206,32,2878,484,2
Nicaragua,2000,12785,1963,2413,450,286,184,297,696,655,812,1044,1758,2667,1722,251,352,344,321,334,370,442,483,561,747,1011,1296,1371,1094,628,217,34,2699,481,2
Nicaragua,2001,13135,1847,2264,417,290,186,298,716,684,842,1105,1824,2826,1831,267,358,358,337,347,385,457,523,582,767,1057,1366,1460,1174,657,230,37,2554,484,2
Nicaragua,2002,13498,1738,2119,381,292,185,297,737,717,871,1166,1892,2989,1947,281,368,369,356,361,400,471,563,603,788,1104,1437,1552,1262,685,242,39,2411,482,3
Nicaragua,2003,13796,1646,2001,355,289,184,297,749,742,897,1228,1949,3111,2052,293,371,378,368,374,412,485,597,631,807,1142,1488,1623,1340,712,252,41,2290,481,3
Nicaragua,2004,13899,1560,1890,330,281,184,293,746,755,913,1278,1982,3154,2121,302,369,377,375,380,419,494,617,661,822,1160,1503,1651,1381,740,261,41,2171,477,3
Nicaragua,2005,13661,1484,1792,308,257,175,286,713,732,906,1305,1967,3076,2139,309,353,360,360,372,414,492,617,688,830,1137,1463,1613,1375,764,267,42,2049,461,3
Nicaragua,2006,13128,1421,1710,289,225,165,277,663,689,881,1302,1894,2894,2113,312,328,335,336,353,400,481,597,705,827,1067,1375,1519,1327,786,269,43,1935,442,3
Nicaragua,2007,12618,1376,1667,291,206,164,273,613,649,857,1293,1819,2672,2084,319,304,309,313,336,386,471,576,717,827,992,1269,1403,1273,811,274,45,1873,437,3
Nicaragua,2008,11928,1316,1575,259,160,142,258,546,586,812,1262,1744,2446,2066,324,273,273,280,306,361,451,549,713,824,920,1159,1287,1227,839,277,47,1735,400,3
Nicaragua,2009,11496,1268,1511,243,136,132,246,498,546,785,1235,1708,2273,2083,337,251,247,258,288,345,440,532,703,833,875,1071,1202,1210,873,288,49,1647,378,4
Nicaragua,2010,11364,1233,1475,242,121,125,241,466,527,779,1216,1718,2173,2151,360,237,229,247,280,339,440,527,689,852,866,1013,1160,1231,920,306,54,1596,366,4
Nicaragua,2011,11415,1184,1408,224,109,118,234,443,524,782,1208,1766,2149,2279,390,227,216,245,279,338,444,532,676,874,892,986,1163,1300,979,330,60,1517,352,5
Nicaragua,2012,11686,1141,1355,214,103,112,228,434,535,799,1216,1841,2182,2448,426,224,210,250,285,344,455,544,672,898,943,987,1195,1394,1054,359,67,1458,340,5
Nicaragua,2013,12090,1103,1310,207,103,111,224,431,551,821,1239,1929,2251,2645,465,224,207,257,294,353,468,561,678,917,1012,1008,1243,1503,1142,390,75,1413,335,6
Nicaragua,2014,12502,1058,1252,194,101,108,217,436,563,839,1269,2012,2341,2850,504,226,210,263,300,364,475,578,691,927,1085,1045,1296,1609,1241,424,80,1353,325,7
Nicaragua,2015,12871,1019,1205,186,103,104,210,446,562,845,1306,2069,2429,3047,538,229,217,260,302,371,474,591,715,929,1140,1093,1336,1701,1346,452,86,1308,314,7
Nicaragua,2016,13129,979,1156,177,104,100,200,456,551,838,1342,2092,2498,3213,570,230,226,251,300,373,465,598,744,925,1167,1143,1355,1762,1451,480,90,1260,300,8
Nicaragua,2017,13321,943,1115,172,104,96,190,464,539,833,1374,2105,2546,3340,602,230,234,243,296,375,458,602,772,927,1178,1186,1360,1801,1539,509,93,1219,286,9
Nicaragua,2018,13432,904,1068,164,95,89,177,461,534,831,1397,2129,2563,3428,648,224,237,239,295,375,456,607,790,932,1197,1211,1352,1825,1603,548,100,1163,266,9
Nicaragua,2019,13536,868,1026,158,84,80,164,446,551,849,1412,2185,2539,3483,706,214,232,248,303,377,472,622,790,937,1248,1206,1333,1844,1639,595,111,1110,244,11
Nicaragua,2020,16768,833,984,151,69,83,167,469,619,1042,1814,2928,3451,4307,825,220,249,269,350,448,594,780,1034,1244,1684,1689,1762,2337,1970,698,127,1053,250,12
Nicaragua,2021,14642,800,945,145,62,75,142,410,552,915,1592,2549,2908,3698,782,191,219,241,311,394,521,687,905,1093,1456,1485,1423,1913,1785,655,127,1007,217,12
Niger,1950,36846,9449,23051,13602,2522,1054,1225,2393,1878,1326,1295,831,960,306,7,1252,1141,999,879,727,599,672,623,422,409,402,558,244,62,7,0,25573,2279,0
Niger,1951,37815,9857,23517,13660,2604,1094,1270,2478,1940,1379,1373,910,903,335,14,1301,1177,1031,909,759,620,691,682,492,418,393,510,271,64,9,5,26121,2364,1
Niger,1952,38888,10189,24180,13991,2649,1128,1309,2546,1992,1429,1428,1003,844,364,15,1341,1205,1055,937,785,644,698,730,581,422,399,445,299,65,10,5,26829,2437,1
Niger,1953,40101,10503,24921,14418,2670,1174,1358,2635,2053,1492,1482,1116,807,382,11,1392,1243,1085,968,814,678,708,774,688,428,417,390,319,63,9,2,27591,2532,1
Niger,1954,41107,10812,25675,14863,2618,1204,1391,2686,2086,1536,1515,1239,771,377,8,1424,1262,1100,986,832,704,713,802,783,456,427,344,312,65,8,0,28293,2595,1
Niger,1955,42301,11123,26457,15334,2618,1245,1435,2757,2131,1586,1559,1383,758,363,8,1466,1291,1123,1008,856,730,729,830,871,512,437,321,292,71,8,0,29075,2680,0
Niger,1956,43500,11424,27199,15775,2652,1282,1481,2832,2174,1636,1599,1541,757,340,7,1507,1325,1144,1030,878,758,750,849,948,593,445,312,263,77,7,0,29851,2763,0
Niger,1957,44710,11731,27936,16205,2699,1312,1528,2909,2215,1683,1637,1711,764,310,4,1550,1359,1166,1049,902,781,779,858,1012,699,446,318,226,84,4,0,30635,2840,0
Niger,1958,46005,12051,28690,16639,2773,1329,1580,2997,2259,1732,1682,1892,785,284,3,1597,1400,1190,1069,927,805,816,866,1070,822,453,332,198,86,3,0,31463,2909,0
Niger,1959,47332,12380,29508,17128,2851,1323,1630,3076,2301,1774,1725,2053,825,260,4,1640,1436,1212,1089,946,828,850,875,1114,939,485,340,176,84,4,0,32359,2953,0
Niger,1960,48674,12715,30294,17579,2935,1323,1684,3165,2347,1819,1776,2190,895,241,4,1690,1475,1240,1107,967,852,883,893,1150,1040,547,348,165,76,4,0,33229,3007,0
Niger,1961,49759,13046,31053,18007,2968,1308,1711,3215,2366,1838,1813,2282,974,228,7,1720,1495,1252,1114,974,864,903,910,1163,1119,627,347,161,67,7,0,34021,3019,0
Niger,1962,51171,13381,31921,18540,3033,1313,1747,3305,2414,1874,1873,2370,1090,224,7,1771,1534,1282,1132,990,884,930,943,1175,1195,741,349,167,57,7,0,34954,3060,0
Niger,1963,52408,13724,32707,18983,3081,1328,1753,3379,2451,1899,1928,2424,1222,224,9,1815,1564,1307,1144,1000,899,951,977,1173,1251,868,354,173,51,9,0,35788,3081,0
Niger,1964,53958,14072,33605,19533,3163,1370,1754,3494,2517,1941,2000,2495,1377,226,10,1877,1617,1346,1171,1021,920,979,1021,1190,1305,992,385,179,47,10,0,36768,3124,0
Niger,1965,55480,14403,34454,20051,3249,1415,1752,3614,2588,1985,2072,2567,1544,230,8,1943,1671,1387,1201,1042,943,1009,1063,1215,1352,1102,442,184,46,8,0,37703,3167,0
Niger,1966,56874,14763,35272,20509,3318,1448,1746,3712,2647,2020,2128,2625,1711,233,8,1994,1718,1421,1226,1059,961,1032,1096,1247,1378,1195,516,186,47,8,0,38590,3194,0
Niger,1967,58456,15139,36168,21029,3404,1488,1757,3822,2725,2063,2194,2695,1894,238,8,2044,1778,1464,1261,1082,981,1060,1134,1299,1396,1281,613,188,50,8,0,39572,3245,0
Niger,1968,60558,15658,37600,21942,3480,1529,1789,3903,2807,2103,2255,2765,2076,245,6,2065,1838,1509,1298,1103,1000,1087,1168,1358,1407,1354,722,193,52,6,0,41080,3318,0
Niger,1969,62798,16191,39016,22825,3586,1581,1858,3987,2909,2159,2328,2858,2244,266,7,2074,1913,1566,1343,1134,1025,1119,1209,1425,1433,1418,826,213,53,7,0,42602,3439,0
Niger,1970,65322,16803,40656,23853,3694,1637,1932,4078,3024,2221,2406,2968,2394,303,7,2085,1993,1631,1393,1169,1052,1154,1252,1492,1476,1475,919,249,54,7,0,44350,3569,0
Niger,1971,69025,17603,42721,25118,3937,1779,2072,4318,3252,2372,2539,3127,2544,353,7,2178,2140,1757,1495,1253,1119,1219,1320,1577,1550,1533,1011,298,55,7,0,46658,3851,0
Niger,1972,70097,18054,43809,25755,3880,1741,2058,4248,3247,2346,2538,3201,2608,408,7,2125,2123,1757,1490,1243,1103,1210,1328,1607,1594,1536,1072,352,56,7,0,47689,3799,0
Niger,1973,71528,18659,45310,26651,3809,1732,2046,4182,3252,2343,2533,3238,2617,461,7,2102,2080,1762,1490,1246,1097,1203,1330,1614,1624,1511,1106,404,57,7,0,49119,3778,0
Niger,1974,72595,19243,46727,27484,3680,1701,2008,4061,3218,2315,2506,3250,2612,512,7,2074,1987,1744,1474,1233,1082,1187,1319,1607,1643,1488,1124,449,63,7,0,50407,3709,0
Niger,1975,72717,19731,47790,28059,3448,1620,1918,3839,3107,2241,2423,3193,2576,554,7,1990,1849,1683,1424,1194,1047,1145,1278,1567,1626,1459,1117,481,73,7,0,51238,3538,0
Niger,1976,74211,20150,48670,28520,3491,1648,1956,3885,3195,2297,2472,3301,2671,619,6,2038,1847,1727,1468,1226,1071,1167,1305,1611,1690,1515,1156,531,88,6,0,52161,3604,0
Niger,1977,74745,20540,49326,28786,3410,1622,1934,3814,3175,2294,2457,3323,2707,671,5,2017,1797,1708,1467,1224,1070,1158,1299,1614,1709,1551,1156,566,105,5,0,52736,3556,0
Niger,1978,75429,21036,50156,29120,3319,1588,1910,3765,3129,2294,2440,3339,2758,727,4,1995,1770,1663,1466,1222,1072,1149,1291,1614,1725,1598,1160,601,126,4,0,53475,3498,0
Niger,1979,76238,21643,51183,29540,3209,1548,1878,3726,3057,2286,2416,3340,2810,775,6,1968,1758,1597,1460,1218,1068,1139,1277,1606,1734,1642,1168,629,146,6,0,54392,3426,0
Niger,1980,78405,22325,52898,30573,3216,1550,1898,3788,3068,2339,2454,3421,2935,832,8,1996,1792,1575,1493,1247,1092,1158,1296,1636,1785,1717,1218,666,166,8,0,56114,3448,0
Niger,1981,80459,23090,54795,31705,3186,1536,1888,3787,3043,2366,2468,3463,3040,876,11,1992,1795,1541,1502,1262,1104,1167,1301,1647,1816,1773,1267,690,186,11,0,57981,3424,0
Niger,1982,83282,23919,57126,33207,3222,1544,1900,3835,3056,2422,2513,3545,3183,920,16,2016,1819,1533,1523,1293,1129,1193,1320,1677,1868,1845,1338,715,205,16,0,60348,3444,0
Niger,1983,86261,24823,59702,34879,3249,1548,1900,3864,3055,2471,2555,3610,3324,960,18,2028,1836,1538,1517,1320,1151,1217,1338,1699,1911,1908,1416,736,224,18,0,62951,3448,0
Niger,1984,90278,25940,62544,36604,3422,1613,1968,4022,3153,2594,2657,3746,3516,1016,23,2110,1912,1616,1537,1389,1205,1270,1387,1756,1990,2002,1514,774,242,23,0,65966,3581,0
Niger,1985,93394,26956,65274,38318,3453,1618,1963,4042,3139,2645,2701,3809,3652,1066,27,2116,1926,1633,1506,1415,1230,1294,1407,1778,2031,2065,1587,811,255,27,0,68727,3581,0
Niger,1986,96015,27751,67603,39852,3459,1620,1947,4042,3121,2689,2744,3857,3777,1123,29,2110,1932,1642,1479,1436,1253,1317,1427,1796,2061,2121,1656,854,269,29,0,71062,3567,0
Niger,1987,97649,28512,69447,40935,3362,1587,1888,3952,3050,2681,2753,3851,3858,1178,35,2058,1894,1617,1433,1421,1260,1321,1432,1789,2062,2152,1706,898,280,35,0,72809,3475,0
Niger,1988,99160,29061,70799,41738,3320,1583,1866,3923,3044,2684,2794,3888,3972,1238,41,2035,1888,1617,1427,1406,1278,1341,1453,1803,2085,2200,1772,958,280,40,1,74119,3449,0
Niger,1989,100142,29472,71635,42163,3272,1580,1843,3890,3048,2674,2836,3922,4082,1317,45,2010,1880,1613,1435,1372,1302,1362,1474,1818,2104,2247,1835,1016,301,44,1,74907,3423,0
Niger,1990,100449,29904,71927,42023,3202,1570,1813,3833,3038,2649,2866,3943,4171,1390,52,1974,1859,1603,1435,1333,1316,1378,1488,1827,2116,2281,1890,1068,322,50,2,75129,3383,0
Niger,1991,101493,30145,72140,41995,3247,1616,1853,3905,3123,2701,2966,4053,4342,1490,57,2006,1899,1646,1477,1339,1362,1429,1537,1881,2172,2359,1983,1139,351,55,2,75387,3469,0
Niger,1992,101441,30183,71724,41541,3219,1618,1855,3894,3145,2705,3029,4130,4471,1584,62,1996,1898,1656,1489,1328,1377,1461,1568,1920,2210,2412,2059,1202,382,59,3,74943,3473,0
Niger,1993,101003,30148,71034,40886,3174,1612,1851,3861,3150,2703,3090,4194,4588,1674,67,1977,1884,1655,1495,1331,1372,1493,1597,1954,2240,2458,2130,1261,413,64,3,74208,3463,0
Niger,1994,100369,29997,69976,39979,3157,1610,1866,3857,3177,2715,3169,4280,4716,1772,75,1975,1882,1665,1512,1358,1357,1533,1636,1999,2281,2511,2205,1327,445,71,4,73133,3476,0
Niger,1995,99830,29837,68656,38819,3215,1630,1911,3912,3241,2748,3274,4408,4873,1880,82,2007,1905,1696,1545,1397,1351,1583,1691,2061,2347,2584,2289,1401,479,78,4,71871,3541,0
Niger,1996,99398,29660,67358,37698,3288,1650,1962,3986,3317,2793,3385,4545,5034,1989,94,2049,1937,1733,1584,1437,1356,1635,1750,2127,2418,2659,2375,1475,514,88,6,70646,3612,0
Niger,1997,99164,29428,66209,36781,3382,1672,2016,4062,3388,2841,3496,4701,5199,2098,98,2096,1966,1765,1623,1476,1365,1680,1816,2199,2502,2739,2460,1551,547,94,4,69591,3688,0
Niger,1998,99219,29302,65412,36110,3476,1693,2060,4132,3449,2904,3582,4856,5359,2201,102,2142,1990,1790,1659,1512,1392,1701,1881,2270,2586,2817,2542,1623,578,98,4,68888,3753,0
Niger,1999,100006,29168,64607,35439,3697,1763,2160,4329,3595,3041,3703,5089,5583,2325,109,2256,2073,1861,1734,1581,1460,1726,1977,2381,2708,2934,2649,1709,616,106,3,68304,3923,0
Niger,2000,100576,29047,63789,34742,3896,1819,2234,4494,3709,3165,3809,5309,5794,2440,117,2353,2141,1915,1794,1641,1524,1740,2069,2488,2821,3046,2748,1787,653,114,3,67685,4053,0
Niger,2001,101049,28799,62611,33812,4147,1897,2326,4706,3848,3304,3932,5560,6034,2556,126,2473,2233,1982,1866,1713,1591,1767,2165,2612,2948,3177,2857,1866,690,122,4,66758,4223,0
Niger,2002,100663,28414,61021,32607,4322,1947,2374,4846,3931,3404,4014,5768,6234,2659,135,2553,2293,2021,1910,1763,1641,1785,2229,2713,3055,3290,2944,1933,726,131,4,65343,4321,0
Niger,2003,100100,27907,59047,31140,4530,2018,2443,5019,4035,3519,4108,6006,6465,2764,147,2644,2375,2074,1961,1821,1698,1834,2274,2830,3176,3421,3044,2003,761,140,7,63577,4461,0
Niger,2004,97270,27328,56927,29599,4357,1949,2335,4846,3887,3457,4024,6015,6503,2814,154,2542,2304,1995,1892,1781,1676,1828,2196,2833,3182,3441,3062,2031,783,147,7,61284,4284,0
Niger,2005,95510,26714,54767,28053,4370,1954,2320,4844,3867,3482,4024,6154,6660,2901,164,2529,2315,1987,1880,1788,1694,1860,2164,2896,3258,3522,3138,2087,814,156,8,59137,4274,0
Niger,2006,93528,26025,52542,26517,4350,1954,2299,4809,3829,3489,4011,6269,6812,2987,172,2495,2314,1971,1858,1785,1704,1880,2131,2942,3327,3598,3214,2143,844,164,8,56892,4253,0
Niger,2007,91693,25374,50424,25050,4316,1950,2280,4769,3798,3496,4012,6382,6998,3086,181,2461,2308,1960,1838,1780,1716,1901,2111,2978,3404,3688,3310,2206,880,173,8,54740,4230,0
Niger,2008,89964,24772,48380,23608,4288,1949,2273,4727,3777,3502,4041,6456,7186,3189,193,2429,2298,1956,1821,1775,1727,1921,2120,2971,3485,3777,3409,2275,914,183,10,52668,4222,0
Niger,2009,88583,24156,46519,22363,4269,1953,2276,4696,3773,3514,4112,6525,7425,3316,206,2408,2288,1962,1811,1771,1743,1948,2164,2941,3584,3894,3531,2360,956,196,10,50788,4229,0
Niger,2010,86649,23580,44647,21067,4161,1917,2245,4585,3715,3474,4136,6515,7602,3427,218,2348,2237,1937,1778,1742,1732,1951,2185,2870,3645,3979,3623,2434,993,207,11,48808,4162,0
Niger,2011,86119,23048,43110,20062,4212,1947,2293,4630,3773,3525,4240,6639,7922,3595,233,2376,2254,1973,1800,1760,1765,1997,2243,2869,3770,4142,3780,2550,1045,220,13,47322,4240,0
Niger,2012,85981,22627,41878,19251,4282,1985,2354,4692,3844,3573,4345,6758,8252,3772,247,2417,2275,2014,1830,1779,1794,2045,2300,2883,3875,4312,3940,2675,1097,233,14,46160,4339,0
Niger,2013,85534,22383,40847,18464,4244,1980,2372,4695,3861,3580,4406,6799,8531,3942,277,2428,2267,2020,1841,1779,1801,2070,2336,2905,3894,4452,4079,2792,1150,255,22,45091,4352,2
Niger,2014,85499,22213,40151,17938,4207,1980,2388,4695,3876,3594,4474,6850,8858,4130,291,2440,2255,2020,1856,1784,1810,2098,2376,2976,3874,4613,4245,2922,1208,268,23,44358,4368,1
Niger,2015,85726,22177,39626,17449,4190,1985,2413,4730,3906,3619,4545,6893,9184,4322,310,2471,2259,2024,1882,1798,1821,2127,2418,3048,3845,4772,4412,3051,1271,285,25,43816,4398,1
Niger,2016,86318,22248,39345,17097,4153,1990,2434,4777,3934,3649,4624,6963,9555,4554,338,2504,2273,2026,1908,1816,1833,2157,2467,3119,3844,4941,4614,3207,1347,307,31,43498,4424,2
Niger,2017,86733,22331,39154,16823,4069,1976,2431,4794,3932,3667,4680,7014,9871,4777,363,2520,2274,2012,1920,1828,1839,2175,2505,3174,3840,5066,4805,3355,1422,327,36,43223,4407,4
Niger,2018,88704,22400,39002,16602,4262,2070,2556,5044,4094,3809,4852,7285,10295,5060,373,2660,2384,2089,2005,1909,1900,2249,2603,3308,3977,5218,5077,3551,1509,342,31,43264,4626,2
Niger,2019,88519,22407,38756,16349,4082,2014,2507,4980,4019,3798,4857,7387,10434,5290,392,2625,2355,2041,1978,1907,1891,2241,2616,3335,4052,5174,5260,3703,1587,360,32,42838,4521,2
Niger,2020,97514,22465,38589,16124,4295,2117,2692,5390,4491,4582,6250,9703,12714,6254,435,2828,2562,2250,2241,2257,2325,2851,3399,4366,5337,6386,6328,4368,1886,406,29,42884,4809,1
Niger,2021,98428,22579,38635,16056,4132,2070,2680,5416,4493,4660,6399,10068,12953,6477,447,2838,2578,2247,2246,2298,2362,2895,3504,4575,5493,6398,6555,4540,1937,416,31,42767,4750,1
Nigeria,1950,486315,142981,254523,111542,31463,14342,13005,26304,26174,23275,26282,32419,29153,9129,248,13019,13285,13320,12854,12052,11223,12334,13948,15639,16780,16441,12712,7381,1748,233,15,285986,27347,1
Nigeria,1951,496390,148613,259996,111383,31987,14567,13234,26750,26668,23553,26561,33106,29850,9870,248,13242,13508,13571,13097,12231,11322,12386,14175,15964,17142,16780,13070,7698,2172,230,18,291983,27801,1
Nigeria,1952,504943,149940,262433,112493,32698,14888,13577,27398,27382,24035,26961,34010,30727,10568,266,13568,13830,13915,13467,12491,11544,12471,14490,16393,17617,17212,13515,7993,2575,242,24,295131,28465,2
Nigeria,1953,510857,151851,265692,113841,32662,15013,13731,27660,27702,24229,26990,34518,31270,11064,322,13707,13953,14046,13656,12585,11644,12386,14604,16622,17896,17456,13814,8177,2887,292,30,298354,28744,2
Nigeria,1954,520454,153638,269346,115708,32845,15397,14102,28339,28444,24810,27382,35516,32234,11624,421,14052,14287,14390,14054,12888,11922,12499,14883,17082,18434,17959,14275,8474,3150,390,31,302191,29499,1
Nigeria,1955,526557,155708,272787,117079,32738,15573,14256,28618,28754,25062,27415,36035,32789,11998,536,14198,14420,14523,14231,13032,12030,12494,14921,17295,18740,18256,14533,8683,3315,506,30,305525,29829,1
Nigeria,1956,536271,158107,276918,118811,33461,15906,14547,29197,29344,25578,27696,36871,33648,12448,655,14496,14701,14803,14541,13326,12252,12651,15045,17652,19219,18740,14908,8978,3470,626,29,310379,30453,1
Nigeria,1957,543106,160598,280704,120106,33845,16044,14684,29510,29624,25866,27712,37367,34215,12779,762,14665,14845,14932,14692,13514,12352,12742,14970,17841,19526,19066,15149,9206,3573,729,33,314549,30728,2
Nigeria,1958,554464,163046,285073,122027,34909,16346,15060,30296,30364,26558,28132,38349,35255,13259,861,15072,15224,15297,15067,13922,12636,13045,15087,18253,20096,19659,15596,9549,3710,819,42,319982,31406,2
Nigeria,1959,561686,164909,287686,122777,35821,16343,15316,30777,30805,27027,28351,38961,36041,13619,936,15324,15453,15513,15292,14199,12828,13246,15105,18461,20500,20106,15935,9798,3821,880,56,323507,31659,2
Nigeria,1960,570145,167067,290854,123787,36754,16420,15635,31384,31358,27579,28681,39559,36919,13998,1004,15633,15751,15791,15567,14501,13078,13473,15208,18647,20912,20592,16327,10050,3948,930,74,327608,32055,2
Nigeria,1961,575899,169556,294429,124873,37038,16440,15760,31631,31541,27831,28771,39673,37472,14259,1050,15753,15878,15888,15653,14627,13204,13561,15210,18575,21098,20886,16586,10209,4050,962,88,331467,32200,2
Nigeria,1962,587087,172245,298274,126029,38185,16812,16168,32509,32367,28609,29399,40339,38600,14720,1104,16171,16338,16314,16053,15016,13593,13867,15532,18733,21606,21501,17099,10513,4207,1003,101,336459,32980,2
Nigeria,1963,591827,173566,299652,126086,38695,16997,16242,32927,32716,28991,29694,40447,39286,15029,1144,16357,16570,16504,16212,15182,13809,14000,15694,18627,21820,21858,17428,10708,4321,1032,112,338347,33239,3
Nigeria,1964,598484,176116,303653,127537,39096,17291,16126,33262,32983,29293,29943,40439,39886,15328,1184,16513,16749,16652,16331,15306,13987,14120,15823,18524,21915,22155,17731,10905,4423,1064,120,342749,33417,4
Nigeria,1965,608242,178967,308791,129824,39797,17683,16136,33822,33478,29770,30400,40683,40712,15732,1233,16792,17030,16915,16563,15530,14240,14351,16049,18602,22081,22560,18152,11184,4548,1105,128,348588,33819,5
Nigeria,1966,621030,182124,314079,131955,41041,18147,16399,34681,34292,30543,31180,41301,41860,16219,1284,17224,17457,17339,16953,15905,14638,14754,16426,18927,22374,23145,18715,11533,4686,1150,134,355120,34546,6
Nigeria,1967,646609,187912,326388,138476,43109,18918,16933,36074,35668,32073,32727,42751,43748,16875,1340,17908,18166,18041,17627,16651,15422,15563,17164,19726,23025,24157,19591,12015,4860,1201,139,369497,35851,7
Nigeria,1968,640312,189274,326349,137075,42030,18579,16704,35429,35284,31443,32020,41300,42884,16908,1371,17540,17889,17860,17424,16378,15065,15282,16738,19224,22076,23564,19320,12010,4898,1227,144,368379,35283,8
Nigeria,1969,651163,192247,331055,138808,43048,19006,17205,35856,36005,32026,32676,41746,43706,17405,1421,17608,18248,18239,17766,16679,15347,15638,17038,19575,22171,23909,19797,12358,5047,1270,151,374103,36211,9
Nigeria,1970,656205,194269,333572,139303,43631,19215,17428,35702,36076,31987,32949,42039,44266,17863,1470,17384,18318,18298,17778,16634,15353,15762,17187,19794,22245,24086,20180,12672,5191,1312,158,377203,36643,9
Nigeria,1971,656220,194718,331679,136961,43852,19369,17566,35809,36280,32122,33208,42129,44425,18258,1513,17368,18441,18401,17879,16709,15413,15886,17322,19888,22241,24004,20421,12932,5326,1349,164,375531,36935,10
Nigeria,1972,653285,195028,330141,135113,43451,19238,17435,35352,35945,31909,33219,42078,44328,18618,1558,17117,18235,18206,17739,16594,15315,15863,17356,19853,22225,23740,20588,13160,5458,1388,170,373592,36673,10
Nigeria,1973,654110,195188,328082,132894,43833,19426,17602,35465,36195,32147,33605,42481,44546,19103,1614,17241,18224,18305,17890,16724,15423,16008,17597,20016,22465,23660,20886,13480,5623,1435,179,371915,37028,11
Nigeria,1974,652970,196377,327490,131113,43574,19357,17545,35159,36003,32032,33653,42544,44434,19496,1669,17321,17838,18197,17806,16665,15367,15994,17659,20021,22523,23458,20976,13722,5774,1483,186,371064,36902,11
Nigeria,1975,649402,197710,326696,128986,42997,19117,17360,34631,35561,31688,33436,42336,44068,19784,1722,17263,17368,17978,17583,16486,15202,15865,17571,19916,22420,23195,20873,13880,5904,1529,193,369693,36477,12
Nigeria,1976,640933,198224,326126,127902,41487,18466,16834,33502,34420,30823,32708,41593,43261,19928,1775,16779,16723,17414,17006,16031,14792,15504,17204,19561,22032,22761,20500,13918,6010,1575,200,367613,35300,13
Nigeria,1977,637261,198950,327314,128364,40425,17958,16452,32707,33524,30243,32253,41272,42932,20309,1856,16439,16268,16959,16565,15727,14516,15278,16975,19419,21853,22650,20282,14115,6194,1645,211,367739,34410,14
Nigeria,1978,642903,200725,328689,127964,41127,18080,16650,33109,33714,30589,32595,41882,43483,21002,1964,16653,16456,17008,16706,15920,14669,15435,17160,19746,22136,23058,20425,14530,6472,1738,226,369816,34730,15
Nigeria,1979,656607,201774,329932,128158,43354,18757,17328,34573,34724,31730,33694,43436,44951,22007,2104,17320,17253,17381,17343,16532,15198,15950,17744,20519,22917,23949,21002,15150,6857,1861,243,373286,36085,16
Nigeria,1980,668504,203186,332532,129346,45127,19244,17792,35650,35362,32552,34507,44639,46097,22751,2231,17801,17849,17570,17792,16961,15591,16338,18169,21093,23546,24623,21474,15575,7176,1971,260,377659,37036,17
Nigeria,1981,685644,204843,335102,130259,47837,20150,18594,37307,36831,33879,35761,46362,47763,23655,2384,18625,18682,18239,18592,17664,16215,16935,18826,21902,24460,25538,22225,16092,7563,2104,280,382939,38744,19
Nigeria,1982,700259,207791,340212,132421,49660,20794,19043,38286,37604,34710,36582,47586,48995,24247,2515,19115,19171,18595,19009,18077,16633,17335,19247,22433,25153,26164,22831,16375,7872,2216,299,389872,39837,20
Nigeria,1983,715505,211918,346764,134846,51356,21446,19446,39158,38271,35456,37316,48698,50163,24767,2646,19553,19605,18997,19274,18443,17013,17697,19619,22890,25808,26726,23437,16613,8154,2329,317,398120,40892,21
Nigeria,1984,729577,214079,351345,137266,53294,22268,19934,40088,39018,36306,38138,49821,51335,25238,2767,20026,20062,19607,19411,18873,17433,18101,20037,23362,26459,27312,24023,16860,8378,2432,335,404639,42202,23
Nigeria,1985,748728,217270,357748,140478,55534,23356,20646,41409,40137,37470,39265,51347,52955,25931,2902,20691,20718,20387,19750,19484,17986,18649,20616,24039,27308,28169,24786,17303,8628,2548,354,413282,44002,24
Nigeria,1986,775680,220635,364325,143690,59110,25027,21890,43593,42143,39367,41120,53705,55374,26944,3062,21781,21812,21488,20655,20487,18880,19542,21578,25130,28575,29497,25877,18013,8931,2685,377,423435,46917,26
Nigeria,1987,786231,224265,370863,146598,59401,25561,22214,43902,42304,39625,41537,54247,56134,27266,3153,21927,21975,21634,20670,20601,19024,19765,21772,25352,28895,29946,26188,18289,8977,2760,393,430264,47775,27
Nigeria,1988,799542,228909,378073,149164,59957,26242,22720,44466,42810,39962,42156,54998,57146,27732,3253,22202,22264,21902,20908,20707,19255,20084,22072,25684,29314,30543,26603,18673,9059,2843,410,438030,48962,29
Nigeria,1989,813883,234928,386395,151467,60306,26864,23283,45066,43495,40131,42775,55745,58201,28248,3342,22505,22561,22164,21331,20626,19505,20395,22380,26014,29731,31136,27065,19069,9179,2914,428,446701,50147,31
Nigeria,1990,836082,240366,394378,154012,62022,28005,24435,46663,45112,41138,44139,57417,60136,29147,3452,23328,23335,22914,22198,20990,20148,21053,23086,26793,30624,32179,27957,19704,9443,3003,449,456400,52440,32
Nigeria,1991,865096,245951,403621,157670,64574,29580,26042,49120,47334,42883,46018,59611,62519,30201,3556,24626,24494,24047,23287,21811,21072,21955,24063,27839,31772,33446,29073,20429,9772,3086,470,468195,55622,34
Nigeria,1992,885405,251085,411138,160053,65858,30441,27125,50588,48641,43884,47301,61266,64417,31080,3633,25468,25120,24705,23936,22289,21595,22528,24773,28625,32641,34408,30009,21003,10077,3143,490,476996,57566,36
Nigeria,1993,902250,256971,419981,163010,66150,30929,27969,51709,49472,44472,48158,62307,65700,31690,3681,26167,25542,25135,24337,22668,21804,22904,25254,29124,33183,35007,30693,21384,10306,3176,505,486131,58898,38
Nigeria,1994,938456,262597,426396,163799,70819,32995,30290,55548,52891,47086,50921,65585,68988,33100,3796,28274,27274,26875,26016,24318,22768,24192,26729,30728,34857,36732,32256,22344,10756,3274,522,497215,63285,40
Nigeria,1995,960579,267507,433530,166023,72695,33795,31510,57779,54537,48312,52416,67347,70809,33941,3870,29586,28193,27722,26815,25212,23100,24903,27513,31588,35759,37666,33143,22924,11017,3339,531,506225,65305,41
Nigeria,1996,978728,270332,437708,167376,74500,34429,32587,59981,56034,49448,53796,69026,72479,34748,3946,30858,29123,28482,27552,25903,23545,25569,28227,32410,36616,38531,33948,23495,11253,3409,537,512208,67016,43
Nigeria,1997,996272,271050,438334,167284,77018,35157,33767,62619,57863,50888,55356,71077,74416,35695,4038,32311,30308,29398,28465,26738,24150,26297,29059,33423,37654,39560,34856,24184,11511,3494,544,515352,68924,44
Nigeria,1998,1019122,270460,436116,165656,81187,36406,35429,66411,60671,53212,57497,74011,77070,36921,4145,34334,32077,30810,29861,27983,25229,27227,30270,34867,39144,41004,36066,25081,11840,3596,549,517303,71835,45
Nigeria,1999,1020445,272690,436642,163952,80904,35950,35291,67247,60641,53494,57264,74324,77295,37171,4174,34761,32486,30806,29835,28005,25489,26910,30354,35032,39292,41109,36186,25269,11902,3624,550,517546,71241,46
Nigeria,2000,1026593,274849,436057,161208,81765,35940,35433,68699,61310,54238,57582,75305,78223,37756,4236,35413,33286,31179,30131,28299,25939,26841,30741,35497,39808,41593,36630,25665,12091,3679,557,517822,71373,46
Nigeria,2001,1037767,275629,434175,158546,83869,36466,35922,70871,62757,55391,58606,76946,79804,38590,4322,36378,34493,32001,30756,28893,26498,27198,31408,36260,40686,42445,37359,26217,12373,3752,570,518044,72388,47
Nigeria,2002,1049645,275311,431135,155824,86201,37195,36457,73213,64533,56751,59786,78792,81594,39523,4416,37382,35831,33044,31489,29607,27144,27685,32101,37088,41704,43419,38175,26819,12704,3833,583,517336,73652,47
Nigeria,2003,1054129,274006,428794,154788,86618,37377,36326,74366,65354,57360,60314,79954,82839,40275,4507,37718,36648,33639,31715,29914,27446,28031,32283,37551,42403,44080,38759,27274,13001,3908,599,515412,73703,48
Nigeria,2004,1068546,272011,424162,152151,89701,38503,37063,76945,67778,59080,61803,82320,85133,41385,4625,38747,38198,35082,32696,30822,28258,29091,32712,38636,43684,45338,39795,27996,13389,4011,614,513863,75566,49
Nigeria,2005,1073811,270681,419862,149181,91221,38989,37247,78061,69215,59869,62414,83614,86455,42097,4720,39041,39020,36036,33179,31236,28633,29716,32698,39228,44386,46055,40400,28446,13651,4094,626,511083,76236,50
Nigeria,2006,1085367,269375,415701,146326,94033,39901,37883,79682,71417,61189,63552,85546,88477,43083,4847,39588,40094,37348,34069,31920,29269,30393,33159,40136,45410,47154,41323,29092,13991,4206,641,509734,77784,51
Nigeria,2007,1100594,269066,413373,144307,97313,40917,38730,81318,73924,62658,64898,87540,90743,44136,4988,40150,41168,38766,35158,32668,29990,31141,33757,41049,46491,48399,42344,29790,14346,4332,656,510686,79647,52
Nigeria,2008,1129620,270012,412801,142789,102989,42732,40448,84313,78019,65253,67434,90568,94205,45636,5168,41402,42911,40982,37037,34017,31236,32374,35060,42355,48213,50315,43890,30809,14827,4492,676,515790,83180,54
Nigeria,2009,1135131,270768,412865,142097,103891,42933,40664,84148,79215,65663,68266,90724,95284,46160,5260,41182,42966,41604,37611,34218,31445,32632,35634,42055,48669,50895,44389,31146,15014,4572,688,516756,83597,55
Nigeria,2010,1154550,271843,413772,141929,107144,44167,41771,85618,81987,67309,70133,92292,97639,47258,5401,41873,43745,42939,39048,35109,32200,33401,36732,42424,49868,52159,45480,31884,15374,4694,707,520916,85938,56
Nigeria,2011,1164157,273584,415803,142219,108074,44681,42185,85706,83302,68024,70853,92996,98971,47988,5514,41988,43718,43448,39854,35557,32467,33741,37112,42517,50479,52817,46154,32362,15626,4788,726,523877,86866,58
Nigeria,2012,1186206,274564,417019,142455,111461,46199,43447,87481,86180,70057,72699,95019,101617,49289,5676,43031,44450,44716,41464,36771,33286,34620,38079,43331,51688,54156,47461,33242,16047,4926,750,528480,89646,59
Nigeria,2013,1202154,275227,418594,143367,113425,47330,44237,88489,88137,71605,74023,96355,103696,50383,5824,43784,44705,45437,42700,37761,33844,35258,38765,44069,52286,55158,48538,33974,16409,5050,774,532019,91567,61
Nigeria,2014,1224810,276206,420538,144332,116579,48872,45433,90322,90665,73889,75891,98332,106476,51754,5994,44959,45363,46413,44252,39174,34715,36163,39728,45560,52772,56579,49897,34903,16851,5194,800,537117,94305,63
Nigeria,2015,1250750,276760,421122,144362,120590,50698,47033,92834,93531,76749,78119,100755,109726,53346,6183,46444,46390,47555,45976,40922,35827,37230,40889,47233,53522,58302,51424,35981,17365,5356,827,541712,97731,65
Nigeria,2016,1275703,277387,420980,143593,124420,52489,48738,95423,96112,79708,80310,103185,112916,54982,6373,47945,47478,48543,47569,42690,37018,38264,42046,48598,54587,59999,52917,37089,17893,5519,854,545400,101227,68
Nigeria,2017,1282923,277054,419083,142029,124900,53070,49542,96295,96497,81332,81195,104102,114348,55984,6501,48514,47781,48441,48056,43663,37669,38669,42526,49172,54930,60683,53665,37765,18219,5627,874,543983,102612,70
Nigeria,2018,1299941,275557,414948,139391,127340,54430,51241,98739,98228,84242,83128,106595,116710,57578,6686,49787,48952,49046,49182,45304,38938,39568,43560,50368,56227,61719,54991,38850,18728,5785,901,542288,105671,72
Nigeria,2019,1304671,273388,409778,136390,126954,54949,52181,99915,98462,86147,84211,108603,117684,58858,6856,50424,49491,48992,49470,46300,39847,40094,44117,51048,57555,61696,55988,39695,19163,5929,927,536732,107130,75
Nigeria,2020,1325744,271214,405011,133797,123659,54523,51825,98829,97098,88980,89558,119112,126586,63206,7280,50040,48789,48084,49014,47347,41633,42481,47077,55521,63591,66738,59848,42522,20684,6303,977,528670,106348,79
Nigeria,2021,1370181,269028,400062,131034,124903,55683,53993,103684,101148,95202,95918,128872,134878,68013,7742,52421,51263,50019,51129,50107,45095,45409,50509,60174,68698,70673,64205,45510,22503,6716,1026,524965,109676,82
Niue,1950,31,9,12,3,0,0,0,0,0,0,0,0,0,0,0,0,0,0,0,0,0,0,0,0,0,0,0,0,0,0,0,12,0,0
Niue,1951,32,9,12,3,0,0,0,0,0,0,0,0,0,0,0,0,0,0,0,0,0,0,0,0,0,0,0,0,0,0,0,12,0,0
Niue,1952,32,9,12,3,0,0,0,0,0,0,0,0,1,0,0,0,0,0,0,0,0,0,0,0,0,1,0,0,0,0,0,12,0,0
Niue,1953,32,9,12,3,0,0,0,0,0,0,0,3,5,0,0,0,0,0,0,0,0,0,0,0,3,4,1,0,0,0,0,12,0,0
Niue,1954,32,9,12,3,0,0,0,0,0,0,0,2,4,0,0,0,0,0,0,0,0,0,0,0,2,4,0,0,0,0,0,12,0,0
Niue,1955,31,8,11,3,0,0,0,0,0,0,0,1,5,0,0,0,0,0,0,0,0,0,0,0,1,5,0,0,0,0,0,11,0,0
Niue,1956,31,8,11,3,0,0,0,0,0,0,0,0,6,0,0,0,0,0,0,0,0,0,0,0,0,5,1,0,0,0,0,11,0,0
Niue,1957,31,8,10,2,0,0,0,0,0,0,0,1,6,0,0,0,0,0,0,0,0,0,0,0,1,4,2,0,0,0,0,10,0,0
Niue,1958,30,8,10,2,0,0,0,0,0,0,0,1,6,0,0,0,0,0,0,0,0,0,0,0,1,3,3,0,0,0,0,10,0,0
Niue,1959,30,8,10,2,0,0,0,0,0,0,0,0,7,0,0,0,0,0,0,0,0,0,0,0,0,3,4,0,0,0,0,10,0,0
Niue,1960,29,7,9,2,0,0,0,0,0,0,0,0,7,0,0,0,0,0,0,0,0,0,0,0,0,3,4,0,0,0,0,9,0,0
Niue,1961,28,7,9,2,0,0,0,0,0,0,0,0,7,0,0,0,0,0,0,0,0,0,0,0,0,2,5,0,0,0,0,9,0,0
Niue,1962,28,7,9,2,0,0,0,0,0,0,0,0,6,0,0,0,0,0,0,0,0,0,0,0,0,2,4,0,0,0,0,9,0,0
Niue,1963,27,7,9,2,0,0,0,0,0,0,0,0,6,1,0,0,0,0,0,0,0,0,0,0,0,3,3,1,0,0,0,9,0,0
Niue,1964,27,6,8,2,0,0,0,0,0,0,0,0,9,1,0,0,0,0,0,0,0,0,0,0,0,5,4,1,0,0,0,8,0,0
Niue,1965,26,6,8,2,0,0,0,0,0,0,0,0,9,2,0,0,0,0,0,0,0,0,0,0,0,4,5,2,0,0,0,8,0,0
Niue,1966,26,6,7,1,0,0,0,0,0,0,0,0,8,2,0,0,0,0,0,0,0,0,0,0,0,3,5,2,0,0,0,7,0,0
Niue,1967,25,5,6,1,0,0,0,0,0,0,0,0,8,3,0,0,0,0,0,0,0,0,0,0,0,3,5,3,0,0,0,6,0,0
Niue,1968,24,5,6,1,0,0,0,0,0,0,0,0,7,3,0,0,0,0,0,0,0,0,0,0,0,2,5,3,0,0,0,6,0,0
Niue,1969,22,4,4,0,0,0,0,0,0,0,0,0,8,4,0,0,0,0,0,0,0,0,0,0,0,3,5,4,0,0,0,4,0,0
Niue,1970,21,4,4,0,0,0,0,0,0,0,0,0,6,3,0,0,0,0,0,0,0,0,0,0,0,2,4,3,0,0,0,4,0,0
Niue,1971,19,4,4,0,0,0,0,0,0,0,0,0,6,3,0,0,0,0,0,0,0,0,0,0,0,1,5,3,0,0,0,4,0,0
Niue,1972,18,3,3,0,0,0,0,0,0,0,0,0,5,2,0,0,0,0,0,0,0,0,0,0,0,0,5,2,0,0,0,3,0,0
Niue,1973,17,3,3,0,0,0,0,0,0,0,0,0,4,2,0,0,0,0,0,0,0,0,0,0,0,0,4,2,0,0,0,3,0,0
Niue,1974,17,2,2,0,0,0,0,0,0,0,0,0,3,2,0,0,0,0,0,0,0,0,0,0,0,0,3,2,0,0,0,2,0,0
Niue,1975,16,2,2,0,0,0,0,0,0,0,0,0,2,3,0,0,0,0,0,0,0,0,0,0,0,0,2,3,0,0,0,2,0,0
Niue,1976,15,2,2,0,0,0,0,0,0,0,0,0,1,4,0,0,0,0,0,0,0,0,0,0,0,0,1,4,0,0,0,2,0,0
Niue,1977,15,1,1,0,0,0,0,0,0,0,0,0,0,4,0,0,0,0,0,0,0,0,0,0,0,0,0,4,0,0,0,1,0,0
Niue,1978,15,1,1,0,0,0,0,0,0,0,0,0,1,4,0,0,0,0,0,0,0,0,0,0,0,0,1,4,0,0,0,1,0,0
Niue,1979,14,1,1,0,0,0,0,0,0,0,0,0,2,1,0,0,0,0,0,0,0,0,0,0,0,0,2,1,0,0,0,1,0,0
Niue,1980,14,1,1,0,0,0,0,0,0,0,0,0,3,1,0,0,0,0,0,0,0,0,0,0,0,0,3,1,0,0,0,1,0,0
Niue,1981,13,1,1,0,0,0,0,0,0,0,0,0,3,1,0,0,0,0,0,0,0,0,0,0,0,0,3,1,0,0,0,1,0,0
Niue,1982,13,1,1,0,0,0,0,0,0,0,0,0,3,0,0,0,0,0,0,0,0,0,0,0,0,0,3,0,0,0,0,1,0,0
Niue,1983,13,1,1,0,0,0,0,0,0,0,0,0,2,1,0,0,0,0,0,0,0,0,0,0,0,0,2,1,0,0,0,1,0,0
Niue,1984,12,1,1,0,0,0,0,0,0,0,0,0,1,2,0,0,0,0,0,0,0,0,0,0,0,0,1,2,0,0,0,1,0,0
Niue,1985,12,1,1,0,0,0,0,0,0,0,0,0,0,3,0,0,0,0,0,0,0,0,0,0,0,0,0,3,0,0,0,1,0,0
Niue,1986,12,1,1,0,0,0,0,0,0,0,0,0,0,3,0,0,0,0,0,0,0,0,0,0,0,0,0,3,0,0,0,1,0,0
Niue,1987,12,1,1,0,0,0,0,0,0,0,0,0,0,3,0,0,0,0,0,0,0,0,0,0,0,0,0,3,0,0,0,1,0,0
Niue,1988,12,1,1,0,0,0,0,0,0,0,0,0,0,3,0,0,0,0,0,0,0,0,0,0,0,0,0,2,1,0,0,1,0,0
Niue,1989,12,1,1,0,0,0,0,0,0,0,0,0,0,3,0,0,0,0,0,0,0,0,0,0,0,0,0,1,2,0,0,1,0,0
Niue,1990,12,1,1,0,0,0,0,0,0,0,0,0,0,2,0,0,0,0,0,0,0,0,0,0,0,0,0,0,2,0,0,1,0,0
Niue,1991,12,1,1,0,0,0,0,0,0,0,0,0,0,1,0,0,0,0,0,0,0,0,0,0,0,0,0,0,1,0,0,1,0,0
Niue,1992,12,1,1,0,0,0,0,0,0,0,0,0,0,1,0,0,0,0,0,0,0,0,0,0,0,0,0,1,0,0,0,1,0,0
Niue,1993,13,1,1,0,0,0,0,0,0,0,0,0,0,0,0,0,0,0,0,0,0,0,0,0,0,0,0,0,0,0,0,1,0,0
Niue,1994,13,1,1,0,0,0,0,0,0,0,0,0,1,0,0,0,0,0,0,0,0,0,0,0,0,0,1,0,0,0,0,1,0,0
Niue,1995,13,0,0,0,0,0,0,0,0,0,0,0,1,0,0,0,0,0,0,0,0,0,0,0,0,0,1,0,0,0,0,0,0,0
Niue,1996,12,0,0,0,0,0,0,0,0,0,0,0,2,0,0,0,0,0,0,0,0,0,0,0,0,0,2,0,0,0,0,0,0,0
Niue,1997,12,0,0,0,0,0,0,0,0,0,0,0,2,0,0,0,0,0,0,0,0,0,0,0,0,0,2,0,0,0,0,0,0,0
Niue,1998,12,0,0,0,0,0,0,0,0,0,0,0,1,1,0,0,0,0,0,0,0,0,0,0,0,0,1,1,0,0,0,0,0,0
Niue,1999,12,0,0,0,0,0,0,0,0,0,0,0,1,2,0,0,0,0,0,0,0,0,0,0,0,0,1,2,0,0,0,0,0,0
Niue,2000,11,0,0,0,0,0,0,0,0,0,0,0,0,1,0,0,0,0,0,0,0,0,0,0,0,0,0,1,0,0,0,0,0,0
Niue,2001,10,0,0,0,0,0,0,0,0,0,0,0,0,1,0,0,0,0,0,0,0,0,0,0,0,0,0,1,0,0,0,0,0,0
Niue,2002,10,0,0,0,0,0,0,0,0,0,0,0,0,1,0,0,0,0,0,0,0,0,0,0,0,0,0,1,0,0,0,0,0,0
Niue,2003,10,0,0,0,0,0,0,0,0,0,0,0,0,1,0,0,0,0,0,0,0,0,0,0,0,0,0,1,0,0,0,0,0,0
Niue,2004,11,0,0,0,0,0,0,0,0,0,0,0,0,0,0,0,0,0,0,0,0,0,0,0,0,0,0,0,0,0,0,0,0,0
Niue,2005,10,0,0,0,0,0,0,0,0,0,0,0,0,0,0,0,0,0,0,0,0,0,0,0,0,0,0,0,0,0,0,0,0,0
Niue,2006,10,0,0,0,0,0,0,0,0,0,0,0,0,0,0,0,0,0,0,0,0,0,0,0,0,0,0,0,0,0,0,0,0,0
Niue,2007,10,0,0,0,0,0,0,0,0,0,0,0,0,0,0,0,0,0,0,0,0,0,0,0,0,0,0,0,0,0,0,0,0,0
Niue,2008,11,0,0,0,0,0,0,0,0,0,0,0,0,0,0,0,0,0,0,0,0,0,0,0,0,0,0,0,0,0,0,0,0,0
Niue,2009,11,0,0,0,0,0,0,0,0,0,0,0,1,0,0,0,0,0,0,0,0,0,0,0,0,1,0,0,0,0,0,0,0,0
Niue,2010,10,0,0,0,0,0,0,0,0,0,0,0,1,0,0,0,0,0,0,0,0,0,0,0,0,1,0,0,0,0,0,0,0,0
Niue,2011,10,0,0,0,0,0,0,0,0,0,0,0,2,0,0,0,0,0,0,0,0,0,0,0,0,2,0,0,0,0,0,0,0,0
Niue,2012,10,0,0,0,0,0,0,0,0,0,0,0,2,0,0,0,0,0,0,0,0,0,0,0,0,2,0,0,0,0,0,0,0,0
Niue,2013,11,0,0,0,0,0,0,0,0,0,0,0,3,0,0,0,0,0,0,0,0,0,0,0,0,2,1,0,0,0,0,0,0,0
Niue,2014,11,0,0,0,0,0,0,0,0,0,0,0,4,0,0,0,0,0,0,0,0,0,0,0,0,1,3,0,0,0,0,0,0,0
Niue,2015,11,0,0,0,0,0,0,0,0,0,0,0,3,1,0,0,0,0,0,0,0,0,0,0,0,0,3,1,0,0,0,0,0,0
Niue,2016,11,0,0,0,0,0,0,0,0,0,0,0,4,1,0,0,0,0,0,0,0,0,0,0,0,0,4,1,0,0,0,0,0,0
Niue,2017,12,0,0,0,0,0,0,0,0,0,0,0,4,3,0,0,0,0,0,0,0,0,0,0,0,0,4,3,0,0,0,0,0,0
Niue,2018,13,0,0,0,0,0,0,0,0,0,0,0,3,4,0,0,0,0,0,0,0,0,0,0,0,0,3,4,0,0,0,0,0,0
Niue,2019,13,0,0,0,0,0,0,0,0,0,0,0,3,6,0,0,0,0,0,0,0,0,0,0,0,0,3,5,1,0,0,0,0,0
Niue,2020,14,0,0,0,0,0,0,0,0,0,0,0,2,6,0,0,0,0,0,0,0,0,0,0,0,0,2,5,1,0,0,0,0,0
Niue,2021,14,0,0,0,0,0,0,0,0,0,0,0,1,7,0,0,0,0,0,0,0,0,0,0,0,0,1,5,2,0,0,0,0,0
North Korea,1950,290566,50589,110932,60343,27862,12302,10397,21553,16577,18983,21428,25508,19223,5287,501,10961,10592,8862,7715,9145,9838,10026,11402,11947,13561,10405,8818,3593,1694,442,59,138794,22699,7
North Korea,1951,216630,29231,73489,44258,21672,10380,8919,17823,13966,14970,16967,20164,14264,3784,226,9046,8777,7547,6419,7224,7746,7874,9093,9638,10526,8072,6192,2734,1050,224,2,95161,19299,2
North Korea,1952,114844,15850,35068,19218,11078,5930,5412,10231,8279,7784,9052,11197,8215,2470,122,5195,5036,4502,3777,3805,3979,4146,4906,5473,5724,4783,3432,1871,599,118,4,46146,11342,0
North Korea,1953,93436,15211,27119,11908,8569,4843,4674,8571,7095,6194,7352,9452,7237,2233,92,4371,4200,3842,3253,3033,3161,3363,3989,4713,4739,4355,2882,1766,467,91,1,35688,9517,0
North Korea,1954,73582,14345,21154,6809,6033,3710,3836,6864,5821,4600,5613,7603,6234,2047,69,3520,3344,3131,2690,2279,2321,2543,3070,3830,3773,3759,2475,1628,419,68,1,27187,7546,0
North Korea,1955,72451,14492,20323,5831,5664,3502,3785,6816,5842,4492,5534,7720,6603,2109,62,3515,3301,3111,2731,2231,2261,2507,3027,3877,3843,3965,2638,1662,447,61,1,25987,7287,0
North Korea,1956,70937,13676,19194,5518,5073,3317,3707,6814,5868,4426,5469,7832,6999,2178,57,3536,3278,3101,2767,2223,2203,2471,2998,3886,3946,4110,2889,1674,504,56,1,24267,7024,0
North Korea,1957,71956,15025,20625,5600,4349,3145,3596,6854,5890,4400,5425,7956,7409,2250,57,3582,3272,3095,2795,2254,2146,2439,2986,3858,4098,4185,3224,1675,575,56,1,24974,6741,0
North Korea,1958,72931,15720,21569,5849,3897,2975,3466,6937,5915,4421,5406,8093,7827,2355,65,3638,3299,3093,2822,2321,2100,2413,2993,3819,4274,4236,3591,1710,645,64,1,25466,6441,0
North Korea,1959,71732,14129,20327,6198,3694,2789,3303,6969,5911,4444,5358,8169,8194,2493,79,3648,3321,3082,2829,2386,2058,2374,2984,3772,4397,4298,3896,1804,689,77,2,24021,6092,0
North Korea,1960,71607,13629,20013,6384,3638,2625,3138,6974,5903,4488,5299,8214,8533,2685,96,3626,3348,3072,2831,2452,2036,2330,2969,3743,4471,4403,4130,1967,718,93,3,23651,5763,0
North Korea,1961,71363,13132,19577,6445,3720,2362,2983,6947,5889,4546,5232,8227,8843,2925,114,3566,3381,3061,2828,2503,2043,2283,2949,3729,4498,4545,4298,2190,735,111,3,23297,5345,0
North Korea,1962,71574,13372,19663,6291,3965,2033,2827,6864,5854,4602,5141,8184,9102,3206,135,3454,3410,3044,2810,2529,2073,2225,2916,3720,4464,4723,4379,2460,746,131,4,23628,4860,0
North Korea,1963,72397,14159,20102,5943,4237,1819,2678,6765,5838,4686,5067,8151,9373,3527,152,3319,3446,3048,2790,2550,2136,2175,2892,3732,4419,4929,4444,2751,776,147,5,24339,4497,0
North Korea,1964,72244,14073,19774,5701,4286,1707,2526,6611,5827,4764,4994,8115,9631,3841,166,3164,3447,3060,2767,2561,2203,2135,2859,3737,4378,5092,4539,3000,841,159,7,24060,4233,0
North Korea,1965,71867,13662,19156,5494,4198,1651,2394,6449,5843,4858,4955,8120,9916,4148,178,3019,3430,3084,2759,2579,2279,2123,2832,3747,4373,5219,4697,3205,943,170,8,23354,4045,0
North Korea,1966,71395,13522,18709,5187,4049,1666,2180,6235,5842,4916,4925,8106,10151,4428,188,2872,3363,3105,2737,2581,2335,2134,2791,3736,4370,5271,4880,3355,1073,178,10,22758,3846,0
North Korea,1967,71144,13838,18706,4868,3837,1779,1903,5969,5827,4935,4899,8079,10342,4668,197,2723,3246,3118,2709,2569,2366,2168,2731,3709,4370,5247,5095,3443,1225,184,13,22543,3682,0
North Korea,1968,69980,12959,17562,4603,3657,1903,1701,5689,5836,4947,4915,8089,10557,4913,214,2580,3109,3135,2701,2554,2393,2232,2683,3693,4396,5213,5344,3526,1387,199,15,21219,3604,0
North Korea,1969,68814,12085,16442,4357,3544,1930,1572,5386,5819,4950,4957,8077,10728,5169,239,2432,2954,3122,2697,2539,2411,2310,2647,3664,4413,5184,5544,3642,1527,223,16,19986,3502,0
North Korea,1970,67828,11390,15515,4125,3458,1889,1487,5092,5775,4950,5021,8054,10862,5444,279,2295,2797,3080,2695,2525,2425,2385,2636,3633,4421,5180,5682,3800,1644,260,19,18973,3376,0
North Korea,1971,66851,10543,14459,3916,3408,1840,1499,4749,5718,4953,5123,8035,10989,5749,325,2091,2658,3013,2705,2512,2441,2456,2667,3602,4433,5210,5779,4004,1745,306,19,17867,3339,0
North Korea,1972,66052,10231,13867,3636,3381,1748,1612,4326,5591,4926,5214,7952,11009,6039,379,1817,2509,2891,2700,2491,2435,2494,2720,3540,4412,5229,5780,4224,1815,357,22,17248,3360,1
North Korea,1973,64186,8693,12059,3366,3334,1653,1728,3986,5451,4909,5339,7889,11044,6353,437,1622,2364,2752,2699,2484,2425,2525,2814,3490,4399,5277,5767,4464,1889,413,24,15393,3381,1
North Korea,1974,62662,7555,10646,3091,3236,1590,1769,3726,5268,4898,5468,7833,11080,6654,493,1509,2217,2598,2670,2482,2416,2545,2923,3456,4377,5317,5763,4665,1989,464,29,13882,3359,1
North Korea,1975,61511,6869,9637,2768,3116,1542,1753,3520,5057,4884,5601,7800,11127,6926,545,1438,2082,2443,2614,2478,2406,2565,3036,3454,4346,5340,5787,4814,2112,510,35,12753,3295,1
North Korea,1976,60244,6090,8546,2456,2959,1509,1718,3330,4830,4872,5710,7804,11190,7179,594,1451,1879,2300,2530,2478,2394,2577,3133,3498,4306,5357,5833,4916,2263,550,44,11505,3227,1
North Korea,1977,59394,5599,7751,2152,2777,1501,1649,3200,4592,4879,5803,7871,11298,7425,642,1565,1635,2169,2423,2489,2390,2588,3215,3606,4265,5382,5916,4985,2440,589,53,10528,3150,1
North Korea,1978,58504,5378,7258,1880,2542,1468,1544,3113,4300,4857,5836,7937,11343,7613,692,1668,1445,2020,2280,2478,2379,2573,3263,3735,4202,5366,5977,5002,2611,629,63,9800,3012,2
North Korea,1979,57930,5303,7002,1699,2272,1416,1478,3032,4009,4829,5865,8063,11394,7811,754,1700,1332,1877,2132,2450,2379,2561,3304,3895,4168,5351,6043,5046,2765,680,74,9274,2894,2
North Korea,1980,57368,5194,6761,1567,2003,1359,1434,2929,3730,4774,5891,8228,11423,8004,829,1671,1258,1745,1985,2396,2378,2550,3341,4056,4172,5329,6094,5114,2890,745,84,8764,2793,2
North Korea,1981,56871,5111,6584,1473,1745,1286,1402,2883,3408,4696,5904,8427,11425,8192,917,1625,1258,1559,1849,2316,2380,2534,3370,4195,4232,5291,6134,5202,2990,822,95,8329,2688,3
North Korea,1982,56344,4939,6346,1407,1502,1197,1390,2888,3052,4592,5908,8661,11408,8379,1014,1548,1340,1334,1718,2209,2383,2519,3389,4305,4356,5240,6168,5310,3069,909,105,7848,2587,4
North Korea,1983,55822,4767,6116,1349,1302,1089,1360,2871,2755,4455,5903,8916,11372,8560,1119,1452,1419,1169,1586,2078,2377,2512,3391,4391,4525,5185,6187,5423,3137,1001,118,7418,2449,5
North Korea,1984,55396,4642,5936,1294,1156,970,1315,2816,2524,4286,5897,9183,11347,8745,1219,1386,1430,1069,1455,1938,2348,2507,3390,4460,4723,5155,6192,5527,3218,1085,134,7092,2285,6
North Korea,1985,55058,4580,5835,1255,1039,850,1265,2729,2335,4092,5885,9435,11344,8928,1315,1338,1391,1001,1334,1798,2294,2500,3385,4518,4917,5164,6180,5611,3317,1161,154,6874,2115,8
North Korea,1986,54687,4608,5853,1245,943,734,1195,2629,2154,3863,5847,9614,11354,9088,1403,1296,1333,985,1169,1659,2204,2484,3363,4549,5065,5225,6129,5671,3417,1226,177,6796,1929,9
North Korea,1987,54972,4726,6058,1332,881,632,1121,2542,2031,3651,5863,9828,11524,9328,1501,1283,1259,1038,993,1542,2109,2494,3369,4605,5223,5410,6114,5769,3559,1296,205,6939,1753,11
North Korea,1988,54960,4957,6347,1390,796,534,1013,2404,1932,3386,5833,9925,11671,9509,1594,1243,1161,1079,853,1412,1974,2472,3361,4608,5317,5617,6054,5824,3685,1361,233,7143,1547,13
North Korea,1989,55297,5338,6883,1545,724,465,904,2281,1830,3122,5793,10004,11895,9678,1701,1190,1091,1066,764,1288,1834,2434,3359,4611,5393,5865,6030,5867,3811,1436,265,7607,1369,16
North Korea,1990,55865,5997,7762,1765,653,409,789,2162,1710,2858,5708,10045,12135,9798,1814,1128,1034,1015,695,1169,1689,2362,3346,4601,5444,6093,6042,5879,3919,1519,295,8415,1198,19
North Korea,1991,56816,6851,8930,2079,588,364,678,2042,1620,2576,5610,10076,12445,9916,1940,1055,987,952,668,1021,1555,2267,3343,4586,5490,6298,6147,5885,4031,1615,325,9518,1042,24
North Korea,1992,56576,6781,8823,2042,526,325,573,1922,1560,2289,5490,10106,12815,10034,2081,969,953,874,686,859,1430,2146,3344,4581,5525,6466,6349,5885,4149,1723,358,9349,898,29
North Korea,1993,51658,6699,8716,2017,444,211,365,1393,1129,1670,4534,8700,12706,9625,2129,685,708,607,522,593,1077,1771,2763,3671,5029,6384,6322,5578,4047,1750,379,9160,576,35
North Korea,1994,60737,6585,8554,1969,524,329,517,2012,1809,2369,5994,10581,14546,10907,2548,946,1066,920,889,862,1507,2378,3616,4702,5879,7177,7369,6271,4636,2081,467,9078,846,46
North Korea,1995,107804,13738,24119,10381,3283,1875,1325,4238,4074,4693,10739,16833,20484,13105,2976,1953,2285,2011,2063,1764,2929,4349,6390,7832,9001,10290,10194,7700,5405,2423,553,27402,3200,57
North Korea,1996,110748,13296,23414,10118,3300,1898,1339,4261,4316,4720,10999,17825,21642,13755,3213,1882,2379,2141,2175,1895,2825,4351,6648,8397,9428,10763,10879,8134,5621,2598,615,26714,3237,66
North Korea,1997,113460,12754,22616,9862,3335,1928,1376,4219,4558,4805,11170,18856,22672,14430,3416,1784,2435,2311,2247,2183,2622,4349,6821,9001,9855,11193,11479,8654,5776,2744,672,25951,3304,74
North Korea,1998,117020,12359,21986,9627,3388,1970,1427,4177,4796,5020,11327,20108,23813,15295,3629,1712,2465,2492,2304,2518,2502,4360,6967,9693,10415,11681,12132,9338,5957,2897,732,25374,3397,83
North Korea,1999,121340,11958,21334,9376,3432,2016,1487,4164,5089,5284,11497,21539,25171,16385,3848,1699,2465,2665,2424,2789,2495,4386,7111,10425,11114,12290,12881,10173,6212,3055,793,24766,3503,93
North Korea,2000,124612,11453,20548,9095,3438,2056,1536,4110,5386,5491,11550,22750,26312,17343,3988,1700,2410,2821,2565,2967,2524,4381,7169,11001,11749,12803,13509,10904,6439,3152,836,23986,3592,101
North Korea,2001,127843,11008,19768,8760,3410,2094,1584,4054,5682,5834,11440,23915,27477,18372,4103,1725,2329,2944,2738,3122,2712,4217,7223,11476,12439,13329,14148,11608,6764,3227,876,23178,3678,110
North Korea,2002,130517,10359,18744,8385,3344,2130,1623,3983,5971,6319,11151,24947,28592,19409,4188,1772,2211,3015,2956,3205,3114,3895,7256,11788,13159,13853,14739,12236,7173,3280,908,22088,3753,117
North Korea,2003,91051,4310,5607,1297,700,634,879,2394,3764,4186,7319,19149,23761,18465,4076,1088,1306,1867,1897,1977,2209,2312,5007,8818,10331,11186,12575,11368,7097,3171,905,6307,1513,120
North Korea,2004,95326,4159,5388,1229,706,676,928,2453,3941,4538,7383,20018,25172,19783,4212,1145,1308,1885,2056,2082,2456,2293,5090,9042,10976,11878,13294,12087,7696,3276,936,6094,1604,127
North Korea,2005,99784,3960,5139,1179,715,718,980,2539,4105,4878,7504,20816,26712,21165,4375,1205,1334,1881,2224,2230,2648,2320,5184,9251,11565,12635,14077,12852,8313,3415,960,5854,1698,133
North Korea,2006,104584,3828,4971,1143,726,759,1040,2656,4240,5246,7632,21560,28415,22609,4596,1270,1386,1861,2379,2416,2830,2511,5121,9485,12075,13494,14921,13675,8934,3615,981,5697,1799,138
North Korea,2007,108813,3786,4922,1136,736,790,1097,2780,4280,5571,7745,22015,30036,23862,4835,1330,1450,1796,2484,2633,2938,2903,4842,9652,12363,14330,15706,14401,9461,3845,990,5658,1887,141
North Korea,2008,111901,3705,4754,1049,710,784,1123,2838,4186,5740,7865,22036,31626,25000,5098,1354,1484,1704,2482,2786,2954,3298,4567,9627,12409,15115,16511,15052,9948,4102,996,5464,1907,143
North Korea,2009,108432,3571,4570,999,665,698,1040,2660,3715,5526,7558,20878,32431,23797,4764,1268,1392,1513,2202,2697,2829,3402,4156,8939,11939,15602,16829,14441,9356,3869,895,5235,1738,130
North Korea,2010,108499,3204,4138,934,622,617,956,2477,3277,5329,7223,19730,33329,25355,5305,1181,1296,1356,1921,2592,2737,3394,3829,8289,11441,15861,17468,15255,10100,4318,987,4760,1573,143
North Korea,2011,109176,2997,3849,852,580,543,870,2309,2889,5140,7163,18446,34264,27087,5885,1102,1207,1236,1653,2463,2677,3364,3799,7432,11014,16023,18241,16165,10922,4784,1101,4429,1413,155
North Korea,2012,109450,2859,3625,766,540,473,777,2128,2516,4910,7283,16912,34897,28777,6450,1019,1109,1131,1385,2279,2631,3236,4047,6367,10545,15906,18991,17063,11714,5227,1223,4165,1250,164
North Korea,2013,108988,2727,3409,682,495,400,677,1929,2164,4563,7247,15447,35095,30408,6984,926,1003,1019,1145,2038,2525,3019,4228,5478,9969,15502,19593,17971,12437,5637,1347,3904,1077,170
North Korea,2014,109286,2611,3232,621,456,340,589,1749,1893,4201,7116,14336,35264,32384,7550,843,906,918,975,1798,2403,2882,4234,4887,9449,15089,20175,19099,13285,6078,1472,3688,929,175
North Korea,2015,111215,2503,3093,590,452,392,696,2154,2461,5668,8747,14329,35165,30993,6913,1022,1132,1164,1297,2408,3260,3964,4783,4808,9521,15019,20146,18584,12409,5552,1361,3545,1088,159
North Korea,2016,114656,2428,3030,602,455,393,690,2186,2485,5654,9136,14264,35764,32988,7436,1031,1155,1186,1299,2296,3358,4157,4979,5107,9157,14985,20779,19818,13170,5960,1476,3485,1083,172
North Korea,2017,117607,2287,2827,540,438,381,677,2197,2519,5526,9454,14283,36037,35103,7973,1023,1174,1202,1317,2143,3383,4404,5050,5826,8457,14922,21115,21133,13970,6380,1593,3265,1058,189
North Korea,2018,120875,2204,2738,534,443,382,672,2217,2572,5382,9704,14603,36107,37337,8509,1018,1199,1224,1348,2021,3361,4641,5063,6627,7976,14853,21254,22476,14861,6794,1715,3181,1054,208
North Korea,2019,123766,2101,2596,495,439,375,660,2220,2612,5219,9980,14956,35927,39481,9071,1003,1217,1240,1372,1950,3269,4825,5155,7188,7768,14722,21205,23648,15833,7226,1845,3035,1035,228
North Korea,2020,126695,2004,2479,475,445,370,652,2223,2653,5065,10353,15285,35745,41501,9674,991,1232,1256,1397,1917,3148,5013,5340,7560,7725,14638,21107,24626,16875,7690,1984,2924,1022,247
North Korea,2021,129512,1925,2382,457,454,366,642,2218,2704,4913,10741,16080,35094,43352,10298,980,1238,1281,1423,1917,2996,5150,5591,7883,8197,14052,21042,25349,18003,8166,2132,2836,1008,268
North Macedonia,1950,10990,4380,5870,1490,188,99,112,222,206,340,483,1094,1464,801,106,115,107,87,119,157,183,217,266,474,620,741,723,528,273,89,17,6058,211,2
North Macedonia,1951,12976,5173,6877,1704,220,115,133,270,247,410,577,1282,1754,962,127,138,132,112,135,193,217,268,309,538,744,888,866,634,328,107,20,7097,248,2
North Macedonia,1952,11414,4574,6044,1470,196,99,114,240,218,365,517,1109,1548,852,113,120,120,106,112,174,191,245,272,444,665,784,764,562,290,95,18,6240,213,2
North Macedonia,1953,11893,4808,6312,1504,208,97,116,248,225,381,544,1124,1622,895,118,124,124,114,111,180,201,259,285,430,694,820,802,588,307,100,18,6520,213,2
North Macedonia,1954,10949,4372,5771,1399,196,88,104,230,214,354,513,1013,1514,842,113,114,116,110,104,162,192,241,272,377,636,765,749,553,289,95,18,5967,192,2
North Macedonia,1955,11603,4531,6032,1501,206,91,106,244,234,374,557,1065,1645,922,124,120,124,122,112,161,213,254,303,392,673,828,817,603,319,105,19,6238,197,2
North Macedonia,1956,10655,4022,5414,1392,190,84,95,226,226,347,531,974,1567,880,118,112,114,117,109,142,205,236,295,362,612,791,776,576,304,100,18,5604,179,2
North Macedonia,1957,10485,3849,5202,1353,189,84,93,221,232,344,540,947,1607,901,125,108,113,117,115,132,212,234,306,363,584,814,793,588,313,105,20,5391,177,2
North Macedonia,1958,9107,3248,4399,1151,166,75,79,192,211,297,484,820,1446,821,114,93,99,106,105,111,186,209,275,327,493,731,715,534,287,96,18,4565,154,2
North Macedonia,1959,9301,3234,4378,1144,171,79,80,194,224,300,508,843,1518,880,126,93,101,109,115,114,186,223,285,349,494,760,758,570,310,105,21,4549,159,2
North Macedonia,1960,9214,3069,4186,1117,174,79,78,190,230,294,520,860,1546,918,133,89,101,110,120,117,177,235,285,370,490,763,783,593,325,110,23,4360,157,2
North Macedonia,1961,8570,2763,3770,1007,162,75,73,176,219,271,499,826,1467,896,133,83,93,103,116,115,156,230,269,366,460,704,763,578,318,110,23,3932,148,3
North Macedonia,1962,8689,2733,3719,986,161,77,75,176,226,276,520,859,1505,950,141,81,95,104,122,125,151,244,276,387,472,694,811,611,339,117,24,3880,152,3
North Macedonia,1963,9038,2497,3541,1044,221,129,117,235,288,321,588,919,1538,988,148,111,124,136,152,155,166,276,312,416,503,692,846,635,353,124,24,3762,246,3
North Macedonia,1964,8143,2280,3189,909,153,73,75,157,215,279,538,871,1453,985,152,73,84,96,119,135,144,240,298,387,484,636,817,631,354,125,27,3342,148,3
North Macedonia,1965,7786,2110,2935,825,146,73,74,144,207,278,532,862,1398,984,154,68,76,92,115,135,143,224,308,378,484,609,789,629,355,127,27,3081,147,3
North Macedonia,1966,7143,1826,2554,728,135,67,68,133,189,268,500,824,1290,958,152,64,69,82,107,129,139,197,303,356,468,567,723,611,347,125,27,2689,135,3
North Macedonia,1967,7134,1733,2419,686,135,68,69,131,189,283,508,858,1295,1016,161,65,66,82,107,135,148,189,319,369,489,584,711,649,367,134,27,2554,137,3
North Macedonia,1968,6965,1578,2216,638,126,67,69,131,183,291,502,879,1281,1046,170,67,64,79,104,136,155,182,320,381,498,594,687,666,380,140,30,2342,136,4
North Macedonia,1969,6966,1503,2098,595,120,67,69,134,184,303,501,918,1307,1080,180,70,64,78,106,139,164,184,317,407,511,622,685,682,398,147,33,2218,136,4
North Macedonia,1970,6799,1400,1943,543,112,66,69,133,178,308,482,933,1306,1079,186,70,63,76,102,139,169,185,297,425,508,636,670,672,407,152,34,2055,135,4
North Macedonia,1971,6549,1281,1775,494,101,62,68,130,169,302,457,935,1298,1056,188,68,62,71,98,134,168,185,272,436,499,641,657,643,413,154,34,1876,130,4
North Macedonia,1972,6357,1180,1637,457,90,60,65,129,161,298,443,938,1301,1037,191,67,62,67,94,129,169,192,251,439,499,647,654,612,425,156,35,1727,125,4
North Macedonia,1973,6387,1099,1535,436,84,59,66,132,160,303,448,978,1353,1055,207,67,65,67,93,129,174,204,244,450,528,670,683,610,445,168,39,1619,125,5
North Macedonia,1974,6301,1041,1442,401,79,55,65,132,156,300,450,988,1374,1045,210,67,65,66,90,127,173,211,239,435,553,672,702,598,447,171,39,1521,120,5
North Macedonia,1975,6361,991,1375,384,74,53,65,136,154,304,471,1015,1429,1058,222,68,68,66,88,129,175,222,249,420,595,689,740,606,452,181,41,1449,118,5
North Macedonia,1976,6192,932,1283,351,68,48,63,133,148,293,472,992,1428,1031,226,66,67,65,83,124,169,223,249,383,609,680,748,598,433,184,42,1351,111,6
North Macedonia,1977,6007,934,1254,320,59,43,60,129,141,275,467,946,1406,995,229,65,64,63,78,114,161,216,251,345,601,667,739,588,407,187,42,1313,103,6
North Macedonia,1978,5913,835,1152,317,55,38,55,127,140,267,475,922,1435,1005,238,63,64,64,76,110,157,216,259,326,596,687,748,605,400,193,45,1207,93,6
North Macedonia,1979,5962,785,1089,304,53,34,54,125,143,264,491,912,1501,1045,248,62,63,67,76,108,156,219,272,324,588,734,767,639,406,200,48,1142,88,6
North Macedonia,1980,6281,827,1127,300,52,33,52,132,148,271,520,928,1623,1130,259,64,68,71,77,110,161,227,293,345,583,812,811,699,431,208,51,1179,85,7
North Macedonia,1981,6263,760,1053,293,48,31,48,129,150,264,526,902,1677,1167,260,62,67,72,78,106,158,225,301,356,546,853,824,725,442,205,55,1101,79,7
North Macedonia,1982,6503,779,1064,285,49,31,44,132,155,265,545,913,1784,1243,268,63,69,74,81,105,160,230,315,385,528,908,876,772,471,209,59,1113,75,8
North Macedonia,1983,6869,750,1044,294,50,31,44,136,167,275,583,955,1940,1354,281,64,72,78,89,110,165,243,340,420,535,968,972,834,520,217,64,1094,75,8
North Macedonia,1984,6739,676,949,273,45,27,39,129,167,264,572,947,1946,1367,276,59,70,76,91,106,158,236,336,428,519,930,1016,834,533,214,62,994,66,8
North Macedonia,1985,6846,635,895,260,46,26,36,125,173,265,583,980,2003,1427,280,56,69,78,95,108,157,240,343,446,534,903,1100,862,565,220,60,941,62,8
North Macedonia,1986,6990,645,890,245,43,26,34,119,176,266,590,1020,2038,1489,290,51,68,80,96,110,156,242,348,465,555,864,1174,895,594,230,60,933,60,8
North Macedonia,1987,7138,641,879,238,43,23,31,116,179,270,600,1067,2059,1565,301,48,68,80,99,115,155,245,355,482,585,828,1231,943,622,243,58,922,54,9
North Macedonia,1988,7056,571,800,229,40,23,30,107,175,267,587,1085,2015,1615,308,43,64,77,98,118,149,236,351,486,599,789,1226,987,628,252,56,840,53,9
North Macedonia,1989,6999,494,709,215,38,20,27,98,173,267,579,1110,1965,1684,320,39,59,76,97,120,147,230,349,490,620,774,1191,1048,636,262,58,747,47,8
North Macedonia,1990,6963,430,624,194,34,20,26,90,170,268,571,1129,1917,1769,334,35,55,74,96,123,145,224,347,492,637,784,1133,1119,650,275,59,658,46,8
North Macedonia,1991,6917,369,540,171,33,20,23,82,168,270,561,1145,1871,1847,348,33,49,72,96,124,146,218,343,491,654,802,1069,1175,672,286,62,573,43,8
North Macedonia,1992,7421,345,505,160,35,20,22,81,180,294,598,1239,1994,2065,383,32,49,76,104,134,160,231,367,520,719,899,1095,1307,758,314,69,540,42,9
North Macedonia,1993,7178,274,411,137,32,19,23,71,167,287,558,1210,1947,2064,384,28,43,69,98,127,160,217,341,499,711,914,1033,1276,788,312,72,443,42,8
North Macedonia,1994,7514,306,427,121,32,20,23,70,166,294,555,1257,2070,2186,410,28,42,68,98,129,165,218,337,512,745,995,1075,1302,884,332,78,459,43,9
North Macedonia,1995,7778,268,386,118,30,20,23,67,165,308,557,1305,2213,2265,433,27,40,67,98,133,175,222,335,532,773,1072,1141,1289,976,350,83,416,43,9
North Macedonia,1996,7572,182,285,103,27,18,22,62,156,306,540,1280,2242,2194,435,26,36,60,96,132,174,218,322,526,754,1089,1153,1196,998,354,81,312,40,9
North Macedonia,1997,7830,170,256,86,24,18,23,60,154,318,556,1324,2391,2227,465,25,35,56,98,137,181,228,328,545,779,1151,1240,1177,1050,384,81,280,41,9
North Macedonia,1998,7837,193,265,72,21,16,21,57,147,317,558,1318,2451,2167,484,25,32,52,95,136,181,234,324,536,782,1163,1288,1135,1032,404,80,286,37,9
North Macedonia,1999,7712,142,211,69,19,15,21,55,135,311,558,1301,2471,2096,507,25,30,47,88,133,178,238,320,517,784,1150,1321,1115,981,426,81,230,36,9
North Macedonia,2000,8056,152,216,64,18,17,21,55,134,320,581,1371,2615,2149,550,25,30,48,86,134,186,250,331,533,838,1191,1424,1182,967,465,85,234,38,10
North Macedonia,2001,7644,122,179,57,14,13,18,55,120,297,551,1307,2510,2022,543,25,30,43,77,122,175,241,310,499,808,1118,1392,1155,867,457,86,193,31,9
North Macedonia,2002,8119,141,197,56,14,12,20,56,121,304,579,1386,2687,2151,584,25,31,45,76,122,182,255,324,522,864,1181,1506,1274,877,488,96,211,32,10
North Macedonia,2003,8276,132,184,52,12,12,19,54,115,302,595,1397,2765,2220,590,24,30,42,73,120,182,259,336,524,873,1212,1553,1350,870,484,106,196,31,10
North Macedonia,2004,8242,119,169,50,11,11,18,52,109,293,600,1369,2772,2263,568,23,29,40,69,115,178,255,345,514,855,1226,1546,1398,865,457,111,180,29,10
North Macedonia,2005,8493,114,162,48,9,10,18,50,103,293,627,1376,2873,2399,563,22,28,37,66,114,179,264,363,517,859,1292,1581,1489,910,444,119,171,28,10
North Macedonia,2006,8501,103,147,44,10,9,16,48,100,285,637,1345,2885,2477,539,21,27,37,63,110,175,264,373,509,836,1317,1568,1539,938,420,119,157,25,11
North Macedonia,2007,8975,94,136,42,9,8,15,48,100,289,675,1395,3057,2689,546,21,27,38,62,108,181,277,398,533,862,1402,1655,1659,1030,424,122,145,23,12
North Macedonia,2008,8688,86,122,36,8,7,13,45,91,269,647,1345,2959,2657,512,20,25,35,56,100,169,263,384,526,819,1345,1614,1621,1036,400,112,130,20,12
North Macedonia,2009,8645,95,128,33,7,6,12,44,85,254,630,1336,2941,2689,508,19,25,33,52,93,161,255,375,535,801,1311,1630,1614,1075,402,106,135,18,12
North Macedonia,2010,8682,76,109,33,7,5,10,41,81,242,626,1330,2960,2740,519,18,23,32,49,87,155,249,377,548,782,1284,1676,1614,1126,417,102,116,15,13
North Macedonia,2011,8971,72,103,31,6,5,9,39,78,238,639,1373,3049,2869,550,17,22,31,47,85,153,251,388,580,793,1287,1762,1660,1209,449,101,109,14,13
North Macedonia,2012,9250,95,125,30,6,5,8,36,76,228,648,1410,3119,2987,586,15,21,30,46,80,148,252,396,603,807,1293,1826,1712,1275,484,102,131,13,13
North Macedonia,2013,8694,89,119,30,6,5,7,33,69,202,593,1334,2892,2850,577,13,20,27,42,71,131,229,364,561,773,1192,1700,1630,1220,480,97,125,12,13
North Macedonia,2014,8939,89,120,31,6,5,6,31,68,195,590,1380,2919,2984,630,12,19,26,42,69,126,225,365,565,815,1205,1714,1714,1270,526,104,126,11,13
North Macedonia,2015,9325,70,103,33,5,5,5,30,68,190,594,1458,2984,3176,695,11,19,26,42,67,123,225,369,591,867,1230,1754,1844,1332,582,113,108,10,13
North Macedonia,2016,9302,107,137,30,5,5,5,27,64,177,571,1470,2897,3203,728,9,18,25,39,63,114,212,359,588,882,1199,1698,1873,1330,609,119,142,10,12
North Macedonia,2017,9380,82,116,34,6,4,5,23,63,166,556,1492,2886,3282,770,8,15,25,38,60,106,203,353,590,902,1203,1683,1917,1365,641,129,122,9,13
North Macedonia,2018,8901,43,73,30,6,2,5,20,56,152,507,1400,2746,3157,767,7,13,21,35,55,97,182,325,549,851,1168,1578,1819,1338,634,133,79,7,13
North Macedonia,2019,9373,39,63,24,5,3,5,18,57,151,508,1445,2910,3354,843,6,12,23,34,56,95,180,328,564,881,1264,1646,1894,1460,688,155,68,8,14
North Macedonia,2020,12178,39,57,18,4,1,5,17,73,187,616,1830,3753,4558,1050,5,12,28,45,69,118,215,401,694,1136,1651,2102,2507,2051,858,192,61,6,17
North Macedonia,2021,13874,42,58,16,6,2,7,28,90,231,744,2216,4411,4962,1102,10,18,35,55,84,147,260,484,836,1380,2013,2398,2734,2228,895,207,64,9,19
Northern America (UN),1950,667318,51544,60507,8963,3802,2756,4431,14583,24313,44192,76375,125792,166942,118098,24233,6324,8259,10123,14190,19126,25066,33507,42868,55629,70163,82306,84636,72645,45453,19359,4874,64309,7187,1292
Northern America (UN),1951,681049,53008,62554,9546,3964,2567,4250,13924,23902,43479,77499,127318,170913,123644,25832,5983,7941,10010,13892,18971,24508,34287,43212,55854,71464,83281,87632,76711,46933,20731,5101,66518,6817,1201
Northern America (UN),1952,685577,55678,64974,9296,4223,2835,4224,13043,23071,43185,76444,127363,173329,125337,26449,5457,7586,9566,13505,18888,24297,34234,42210,55349,72014,84853,88476,76854,48483,21276,5173,69197,7059,1100
Northern America (UN),1953,692070,52732,61675,8943,3871,2638,3883,11548,21685,42499,76762,128454,177489,132582,27894,4830,6718,9145,12540,18634,23865,33709,43053,54829,73625,86832,90657,81214,51368,22334,5560,65546,6521,1087
Northern America (UN),1954,675272,51762,60068,8306,3755,2430,3402,10361,20551,41219,73121,124832,174928,131660,27875,4407,5954,8726,11825,17885,23334,32044,41077,53085,71747,85533,89395,79723,51937,22144,5731,63823,5832,1069
Northern America (UN),1955,696083,51111,59430,8319,3640,2460,3482,10161,20134,40516,72266,127421,182389,142956,30130,4357,5804,8332,11802,17455,23061,30825,41441,53457,73964,88045,94344,85203,57753,23812,6318,63070,5942,1097
Northern America (UN),1956,712495,51702,60077,8375,3684,2539,3497,9795,19851,41021,72782,129348,187083,149586,32093,4180,5615,8239,11612,17307,23714,30652,42130,54364,74984,90401,96682,89329,60257,25253,6840,63761,6036,1138
Northern America (UN),1957,743636,52870,61484,8614,3893,2833,3782,10036,20839,41967,75110,134885,194631,158224,34748,4307,5729,8759,12080,17183,24784,31964,43146,56857,78028,94254,100377,93880,64344,27328,7420,65377,6615,1203
Northern America (UN),1958,749824,52414,61105,8691,3841,2743,3548,9330,20185,41120,73844,134041,198785,163442,36577,4014,5316,8137,12048,16572,24548,31810,42034,57579,76462,95633,103152,96578,66864,28793,7784,64946,6291,1260
Northern America (UN),1959,756816,51283,59673,8390,4061,2817,3724,9396,20011,40810,73679,133411,202285,167176,38443,4137,5259,7922,12089,16389,24421,32025,41654,57731,75680,96532,105753,98296,68880,30328,8115,63734,6541,1329
Northern America (UN),1960,776718,50093,58600,8507,4186,2828,3782,9287,19847,42375,74496,136515,208351,173718,41279,4124,5163,7764,12083,17306,25069,32559,41937,59752,76763,99047,109304,101620,72098,32712,8567,62786,6610,1454
Northern America (UN),1961,775672,48662,56771,8109,4007,2792,3803,9122,19538,41259,74148,134502,208773,177373,42095,4094,5028,7592,11946,16789,24470,33065,41083,58291,76211,98937,109836,103269,74104,33445,8650,60778,6595,1488
Northern America (UN),1962,803993,47551,55689,8138,4134,2777,4180,9591,19904,42222,76891,137900,216779,187511,44818,4428,5163,7460,12444,17441,24781,34346,42545,59518,78382,101963,114816,108455,79056,35395,9423,59823,6957,1593
Northern America (UN),1963,829320,46370,54473,8103,4172,2919,4560,9956,19697,43227,79778,141431,223236,196054,48114,4712,5244,7420,12277,18304,24923,35401,44377,60314,81117,103937,119299,113824,82230,37987,10127,58645,7479,1699
Northern America (UN),1964,822772,45129,52901,7772,4019,2969,4695,10156,19365,43367,80958,139596,219947,195052,48070,4938,5218,7528,11837,18529,24838,36185,44773,58811,80785,101554,118393,113542,81510,37907,10163,56920,7664,1675
Northern America (UN),1965,836047,40972,48492,7520,4051,3050,4731,10299,19242,44285,81850,140281,224087,203107,50831,5049,5250,7392,11850,18504,25781,36190,45660,58972,81309,102108,121979,117862,85245,39953,10878,52543,7781,1741
Northern America (UN),1966,854166,38202,45564,7362,4139,3178,5324,10769,18890,44888,83128,141571,230354,210371,54112,5320,5449,7418,11472,18652,26236,36099,47029,59404,82167,104957,125397,122009,88362,42455,11657,49703,8502,1877
Northern America (UN),1967,850301,35578,42057,6479,4003,3174,5326,11204,18503,44686,83925,140620,228261,211650,54939,5740,5464,7135,11368,18522,26164,35620,48305,59054,81566,104083,124178,122277,89373,43004,11935,46060,8500,1953
Northern America (UN),1968,888558,34697,41004,6307,4018,3224,5623,12116,18783,46561,86918,146057,238253,224376,59470,6208,5908,7280,11503,18704,27857,36431,50487,62151,83906,109301,128952,128476,95900,46336,13134,45022,8847,2155
Northern America (UN),1969,888282,34304,40332,6028,3925,3394,6105,12529,18778,46143,86101,144393,236143,228077,60114,6445,6084,7469,11309,18223,27920,35861,50240,62090,82303,109270,126873,130195,97882,46695,13419,44257,9499,2246
Northern America (UN),1970,890750,35032,40526,5494,3711,3307,6335,12873,18411,45457,87772,145692,235503,228112,60716,6552,6321,7413,10998,17841,27616,37092,50680,63201,82491,109177,126326,130471,97641,47107,13609,44237,9642,2335
Northern America (UN),1971,897171,30184,35573,5389,3651,3397,6545,13306,18170,44443,86226,145919,234832,237080,65438,6739,6567,7517,10653,17454,26989,36761,49465,64644,81275,107967,126865,133997,103083,50436,15002,39224,9942,2589
Northern America (UN),1972,915948,26644,31845,5201,3510,3353,6543,13618,18131,44036,85756,150746,241791,245145,68715,6874,6744,7637,10494,16869,27167,36547,49209,66453,84293,110769,131022,137962,107183,52895,15820,35355,9896,2758
Northern America (UN),1973,925867,24781,29836,5055,3325,3241,6698,13774,18117,42407,86837,150802,242322,251832,73670,6916,6858,7695,10422,16262,26145,37880,48957,67141,83661,108608,133714,140206,111626,56770,16900,33161,9939,3005
Northern America (UN),1974,915061,24274,28874,4600,2903,3123,6270,13557,17272,39868,84461,150781,237459,251879,75510,6735,6822,7551,9721,15474,24394,37369,47092,66882,83899,106294,131165,138311,113568,58284,17226,31777,9393,3101
Northern America (UN),1975,894366,23005,27348,4343,2740,2861,6086,13592,16786,38069,82847,147681,231400,246057,75715,6978,6614,7341,9445,14468,23601,35529,47318,64913,82768,103851,127549,134808,111249,58373,17342,30088,8947,3184
Northern America (UN),1976,909424,22203,26218,4015,2644,2657,6014,13369,16493,36306,82482,149357,231153,256098,83011,6767,6602,7332,9161,13748,22558,35218,47264,64933,84424,103363,127790,137918,118180,63534,19477,28862,8671,3622
Northern America (UN),1977,905673,21509,25418,3909,2474,2651,6278,13507,16649,35182,82024,149603,228906,254844,84398,6872,6635,7499,9150,13636,21546,35004,47020,63611,85992,103166,125740,137532,117312,64290,20108,27892,8929,3739
Northern America (UN),1978,924950,21088,24958,3870,2508,2448,6146,13999,16803,34371,82002,150157,232309,263922,91255,7192,6807,7641,9162,13283,21088,33766,48236,63090,87067,105217,127092,142633,121289,69096,22159,27466,8594,4071
Northern America (UN),1979,923829,20981,24780,3799,2282,2275,6061,13875,17097,32547,80202,148738,231387,266028,94338,7021,6854,7617,9480,12799,19748,32186,48016,62108,86630,105958,125429,144693,121335,71090,23248,27062,8336,4218
Northern America (UN),1980,970289,21100,24799,3699,2246,2233,5945,14297,17274,32536,80680,155164,244021,280102,106087,7067,7230,7859,9415,12973,19563,32248,48432,64846,90318,111730,132291,149924,130178,79574,26513,27045,8178,4905
Northern America (UN),1981,971893,19893,23563,3670,2034,2125,5427,14128,17567,31922,79819,154971,244092,282063,108966,6810,7318,7984,9583,12771,19151,31437,48382,65550,89421,112738,131354,149540,132523,81504,27462,25597,7552,5216
Northern America (UN),1982,977860,19465,23158,3693,1958,2040,4908,13429,17489,31042,77757,154363,249772,284835,111463,6470,6959,7827,9662,12696,18346,29736,48021,65989,88374,115825,133947,150201,134634,82818,28645,25116,6948,5646
Northern America (UN),1983,1007125,18721,22231,3510,1886,1903,4672,13257,17501,30949,76744,156865,257069,296813,120768,6316,6941,7699,9802,12854,18095,29546,47198,68596,88269,119376,137693,153779,143034,88756,32012,24117,6575,6467
Northern America (UN),1984,1024062,18576,22039,3463,1809,1993,4584,13159,18323,31436,74223,158712,263097,301578,126084,6288,6871,8153,10170,13329,18107,28425,45798,69832,88880,120964,142133,154780,146798,91595,34489,23848,6577,7024
Northern America (UN),1985,1053271,18392,21681,3289,1868,1869,4612,12904,19018,31870,73908,160473,268720,312307,136262,5986,6918,8745,10273,13314,18556,28127,45781,69583,90890,122396,146324,160377,151930,98345,37917,23549,6481,7777
Northern America (UN),1986,1067694,17878,21310,3432,1786,1786,4785,13341,19943,32599,71558,161932,272356,316645,141442,6096,7245,9145,10798,14061,18538,27796,43762,69493,92439,122909,149447,163635,153010,101802,39640,23096,6571,8208
Northern America (UN),1987,1082215,17876,21305,3429,1786,1629,4679,13341,20708,33157,70658,162416,273545,321835,148240,5885,7456,9448,11260,14376,18781,27628,43030,69383,93033,120684,152861,165514,156321,106105,42135,23091,6308,8914
Northern America (UN),1988,1112035,18431,21864,3433,1908,1821,4597,13330,21208,34423,70411,163732,276738,335084,157256,5756,7574,9614,11594,15087,19336,27447,42964,68059,95673,120308,156430,172442,162642,113002,44254,23772,6418,9663
Northern America (UN),1989,1106052,19215,22664,3449,1956,1845,4585,12993,21773,35008,68520,161249,275251,333431,156666,5526,7467,9989,11784,15542,19466,27277,41243,64994,96255,118681,156570,173690,159741,112335,44331,24620,6430,10109
Northern America (UN),1990,1105998,18411,21588,3177,1764,1818,4345,12438,22399,35304,67297,159051,274404,336242,158685,5247,7191,9920,12479,15425,19879,27403,39894,64637,94414,119278,155126,174099,162143,112832,45853,23352,6163,10663
Northern America (UN),1991,1121349,17291,20650,3359,1744,1701,4302,12327,23059,36913,67464,157449,275409,344450,164444,5346,6981,10035,13024,16208,20705,27467,39997,63381,94068,121074,154335,178364,166086,115697,48747,22394,6003,11436
Northern America (UN),1992,1126653,16404,19584,3180,1656,1715,3982,11860,23208,38138,67268,155165,275017,350253,167066,5126,6734,9889,13319,16674,21464,27895,39373,61324,93841,122660,152357,181725,168528,117147,49919,21240,5697,11741
Northern America (UN),1993,1184378,15814,19083,3269,1827,1881,4164,11989,24432,40302,69161,155422,285474,374153,183646,5184,6805,10330,14102,17366,22936,29076,40085,61695,93727,129237,156237,192596,181557,127848,55798,20910,6045,12844
Northern America (UN),1994,1195816,15258,18422,3164,1674,1858,4124,11719,25130,42066,70415,151268,287377,381828,186743,5044,6675,10455,14675,18184,23882,30172,40243,60002,91266,131310,156067,195368,186460,130050,56693,20096,5982,13192
Northern America (UN),1995,1220147,14266,17232,2966,1695,1955,4319,11387,25510,43925,72079,150567,289872,392587,194905,4802,6585,10463,15047,19654,24271,30930,41149,59261,91306,129876,159996,198840,193747,136465,58440,18927,6274,14113
Northern America (UN),1996,1233834,13798,16620,2822,1692,1865,4270,10829,24518,44686,72854,148594,292667,399590,200936,4508,6321,9877,14641,19809,24877,31771,41083,58967,89627,129577,163090,199934,199656,141427,59509,18312,6135,14711
Northern America (UN),1997,1246322,13434,16027,2593,1708,1829,4316,10514,23013,44584,74963,145245,294363,405171,209135,4573,5941,8986,14027,19590,24994,32913,42050,58521,86724,129376,164987,198486,206685,146422,62713,17735,6145,15453
Northern America (UN),1998,1266477,13864,16388,2524,1582,1725,4149,10022,22913,44961,76586,144041,298715,412696,216734,4376,5646,8720,14193,20063,24898,33871,42715,58170,85871,128027,170688,199271,213425,151487,65247,17970,5874,15964
Northern America (UN),1999,1303820,13527,15981,2454,1636,1698,4300,10187,22434,46995,79373,144575,302689,427712,229540,4590,5597,8279,14155,20613,26382,34980,44393,59027,85548,124811,177878,204602,223110,161216,68324,17617,5998,16700
Northern America (UN),2000,1312919,13503,15811,2308,1524,1732,4159,10273,21966,49146,81367,143412,299970,432400,234535,4768,5505,8125,13841,21071,28075,36248,45119,59872,83540,124474,175496,207567,224833,164905,69630,17335,5891,16624
Northern America (UN),2001,1320719,12978,15360,2382,1500,1683,4033,10449,22534,51367,84643,142236,295460,436176,238799,4839,5610,8329,14205,21746,29621,37565,47078,59986,82250,121751,173709,210606,225570,168029,70770,16860,5716,16479
Northern America (UN),2002,1335528,13255,15476,2221,1402,1742,4233,10444,22077,52784,87607,142133,293461,440034,247123,5046,5398,8241,13836,22276,30508,38436,49171,60898,81235,118808,174653,215524,224510,174558,72565,16878,5975,17012
Northern America (UN),2003,1337919,13166,15473,2307,1331,1634,4166,11040,21462,53513,90424,144005,285366,441863,250431,5376,5664,8130,13332,22244,31269,39132,51292,63253,80752,116124,169242,219552,222311,176614,73817,16804,5800,17209
Northern America (UN),2004,1310752,13310,15608,2298,1312,1696,4273,10800,20351,53322,91248,142926,272209,434672,245723,5174,5626,7875,12476,21676,31646,39767,51481,63263,79663,112067,160142,219012,215660,172762,72961,16920,5969,16612
Northern America (UN),2005,1336140,13590,15703,2113,1358,1610,4132,11009,20361,54026,95109,144941,271039,443737,255866,5269,5740,7968,12393,21636,32390,42681,52428,64508,80433,110016,161023,218052,225685,179337,76529,17061,5742,17248
Northern America (UN),2006,1320209,13875,16102,2227,1280,1460,4143,11471,19943,53453,97283,145434,262650,435947,253686,5328,6143,7641,12302,21060,32393,43361,53922,65695,79739,107298,155352,211884,224063,176032,77654,17382,5603,17356
Northern America (UN),2007,1318837,14139,16354,2215,1313,1508,4007,11503,19530,52117,97806,148486,255697,437912,254948,5264,6239,7512,12018,19930,32187,43576,54230,67675,80811,105370,150327,210756,227156,174733,80215,17667,5515,17654
Northern America (UN),2008,1346371,13552,15703,2151,1206,1350,3726,11282,19131,52061,99200,155305,257314,448119,263208,5062,6220,7418,11713,19617,32444,44781,54419,71292,84013,107068,150246,208319,239800,178556,84652,16909,5076,18765
Northern America (UN),2009,1321986,12745,14811,2066,1223,1378,3631,11587,19513,51469,102431,156455,249172,436746,255029,5095,6492,7841,11672,19000,32469,46065,56366,71996,84459,105364,143808,198298,238448,172823,82206,16034,5009,18540
Northern America (UN),2010,1338978,11872,13846,1974,1097,1312,3326,11295,19066,48603,104480,158735,248036,439111,270218,5072,6223,7779,11287,17705,30898,45961,58519,72490,86245,106386,141650,199563,239548,184038,86180,14943,4638,19851
Northern America (UN),2011,1365655,11499,13470,1971,1164,1262,3272,11366,19409,48488,107259,164072,249716,442474,282507,5110,6256,8388,11021,17937,30551,46776,60483,74781,89291,108009,141707,199605,242869,193434,89073,14634,4534,21195
Northern America (UN),2012,1374625,11422,13388,1966,1078,1267,3139,11740,19214,47179,108575,169738,250248,437678,289165,5265,6475,8365,10849,17640,29539,46576,61999,76098,93640,109177,141071,194127,243551,198405,90760,14466,4406,22215
Northern America (UN),2013,1396767,11184,13107,1923,1119,1349,2999,11744,19673,46459,110855,175310,256829,431674,302286,5278,6466,8532,11141,17646,28813,46907,63948,76982,98328,114060,142769,193437,238237,208932,93354,14226,4348,23362
Northern America (UN),2014,1403993,11172,12964,1792,1087,1241,3034,12056,20547,46117,113699,181184,260788,418159,308853,5260,6796,8798,11749,17981,28136,47460,66239,81129,100055,117491,143297,191367,226792,212874,95979,14051,4275,24264
Northern America (UN),2015,1438292,11232,13049,1817,1130,1368,3296,12708,21762,45487,114629,189505,269367,424628,316049,5537,7171,9629,12133,17657,27830,47155,67474,85778,103727,121750,147617,193226,231402,214238,101811,14179,4664,25313
Northern America (UN),2016,1435601,11079,13005,1926,1239,1402,3376,13850,23943,45786,115104,195421,274261,414820,307790,5857,7993,10452,13491,17620,28166,46567,68537,88459,106962,125856,148405,190406,224414,205826,101964,14244,4778,25604
Northern America (UN),2017,1458348,10560,12329,1769,1163,1424,3366,14329,24709,45545,113888,199063,287008,417547,310648,5924,8405,10904,13805,17635,27910,44799,69089,89864,109199,133800,153208,193021,224526,206193,104455,13492,4790,27329
Northern America (UN),2018,1456551,10118,11828,1710,1147,1482,3334,14046,25097,44633,111070,199928,296933,420979,299076,5633,8413,10963,14134,17412,27221,42893,68177,91040,108888,138862,158071,192752,228227,194062,105014,12975,4816,26996
Northern America (UN),2019,1444993,9922,11680,1758,1121,1401,3255,13682,25664,44503,108170,204245,302472,419685,282318,5590,8092,11143,14521,17728,26775,41097,67073,92817,111428,141439,161033,191325,228360,181054,101264,12801,4656,26794
Northern America (UN),2020,1647203,9605,11316,1711,1103,1386,3512,15538,29812,50618,118321,238444,356311,491634,299944,6251,9287,13052,16760,21164,29454,45303,73018,104756,133688,167837,188474,220442,271192,200147,99797,12419,4898,29264
Northern America (UN),2021,1637496,9547,11204,1657,1077,1315,3768,16408,31314,52192,136484,254149,373201,444275,282957,6720,9688,14096,17218,21581,30611,52147,84337,111486,142663,179705,193496,215899,228376,187639,95318,12281,5083,29151
Northern Mariana Islands,1950,29,6,7,1,0,0,0,0,0,0,0,0,0,0,0,0,0,0,0,0,0,0,0,0,0,0,0,0,0,0,0,7,0,0
Northern Mariana Islands,1951,28,5,7,2,0,0,0,0,0,0,0,0,0,0,0,0,0,0,0,0,0,0,0,0,0,0,0,0,0,0,0,7,0,0
Northern Mariana Islands,1952,28,5,7,2,0,0,0,0,0,0,0,0,0,0,0,0,0,0,0,0,0,0,0,0,0,0,0,0,0,0,0,7,0,0
Northern Mariana Islands,1953,28,5,7,2,0,0,0,0,0,0,0,0,0,0,0,0,0,0,0,0,0,0,0,0,0,0,0,0,0,0,0,7,0,0
Northern Mariana Islands,1954,28,5,7,2,0,0,0,0,0,0,0,0,0,0,0,0,0,0,0,0,0,0,0,0,0,0,0,0,0,0,0,7,0,0
Northern Mariana Islands,1955,27,5,7,2,0,0,0,0,0,0,0,0,0,0,0,0,0,0,0,0,0,0,0,0,0,0,0,0,0,0,0,7,0,0
Northern Mariana Islands,1956,27,5,7,2,0,0,0,0,0,0,0,0,0,0,0,0,0,0,0,0,0,0,0,0,0,0,0,0,0,0,0,7,0,0
Northern Mariana Islands,1957,28,5,7,2,0,0,0,0,0,0,0,0,0,0,0,0,0,0,0,0,0,0,0,0,0,0,0,0,0,0,0,7,0,0
Northern Mariana Islands,1958,28,5,7,2,0,0,0,0,0,0,0,0,0,0,0,0,0,0,0,0,0,0,0,0,0,0,0,0,0,0,0,7,0,0
Northern Mariana Islands,1959,28,4,6,2,0,0,0,0,0,0,0,0,0,0,0,0,0,0,0,0,0,0,0,0,0,0,0,0,0,0,0,6,0,0
Northern Mariana Islands,1960,28,4,4,0,0,0,0,0,0,0,0,0,0,0,0,0,0,0,0,0,0,0,0,0,0,0,0,0,0,0,0,4,0,0
Northern Mariana Islands,1961,28,4,4,0,0,0,0,0,0,0,0,0,0,0,0,0,0,0,0,0,0,0,0,0,0,0,0,0,0,0,0,4,0,0
Northern Mariana Islands,1962,28,4,4,0,0,0,0,0,0,0,0,0,0,0,0,0,0,0,0,0,0,0,0,0,0,0,0,0,0,0,0,4,0,0
Northern Mariana Islands,1963,28,4,4,0,0,0,0,0,0,0,0,0,0,0,0,0,0,0,0,0,0,0,0,0,0,0,0,0,0,0,0,4,0,0
Northern Mariana Islands,1964,28,4,4,0,0,0,0,0,0,0,0,0,0,0,0,0,0,0,0,0,0,0,0,0,0,0,0,0,0,0,0,4,0,0
Northern Mariana Islands,1965,29,4,4,0,0,0,0,0,0,0,0,0,0,0,0,0,0,0,0,0,0,0,0,0,0,0,0,0,0,0,0,4,0,0
Northern Mariana Islands,1966,29,4,4,0,0,0,0,0,0,0,0,1,0,0,0,0,0,0,0,0,0,0,0,0,1,0,0,0,0,0,0,4,0,0
Northern Mariana Islands,1967,30,4,4,0,0,0,0,0,0,0,0,3,1,0,0,0,0,0,0,0,0,0,0,0,3,1,0,0,0,0,0,4,0,0
Northern Mariana Islands,1968,30,5,5,0,0,0,0,0,0,0,0,0,1,0,0,0,0,0,0,0,0,0,0,0,0,1,0,0,0,0,0,5,0,0
Northern Mariana Islands,1969,28,5,5,0,0,0,0,0,0,0,0,0,0,0,0,0,0,0,0,0,0,0,0,0,0,0,0,0,0,0,0,5,0,0
Northern Mariana Islands,1970,25,4,4,0,0,0,0,0,0,0,0,1,0,0,0,0,0,0,0,0,0,0,0,0,1,0,0,0,0,0,0,4,0,0
Northern Mariana Islands,1971,27,4,4,0,0,0,0,0,0,0,0,3,1,0,0,0,0,0,0,0,0,0,0,0,3,1,0,0,0,0,0,4,0,0
Northern Mariana Islands,1972,29,4,4,0,0,0,0,0,0,0,0,3,4,0,0,0,0,0,0,0,0,0,0,0,3,4,0,0,0,0,0,4,0,0
Northern Mariana Islands,1973,31,5,5,0,0,0,0,0,0,0,0,3,5,0,0,0,0,0,0,0,0,0,0,0,3,5,0,0,0,0,0,5,0,0
Northern Mariana Islands,1974,33,5,5,0,0,0,0,0,0,0,0,2,8,0,0,0,0,0,0,0,0,0,0,0,2,5,3,0,0,0,0,5,0,0
Northern Mariana Islands,1975,33,4,4,0,0,0,0,0,0,0,0,1,9,0,0,0,0,0,0,0,0,0,0,0,1,5,4,0,0,0,0,4,0,0
Northern Mariana Islands,1976,33,4,4,0,0,0,0,0,0,0,0,1,10,0,0,0,0,0,0,0,0,0,0,0,1,5,5,0,0,0,0,4,0,0
Northern Mariana Islands,1977,33,4,4,0,0,0,0,0,0,0,0,1,10,1,0,0,0,0,0,0,0,0,0,1,0,5,5,1,0,0,0,4,0,0
Northern Mariana Islands,1978,33,4,4,0,0,0,0,0,0,0,0,1,9,2,0,0,0,0,0,0,0,0,0,0,1,4,5,2,0,0,0,4,0,0
Northern Mariana Islands,1979,33,3,3,0,0,0,0,0,0,0,0,4,10,3,0,0,0,0,0,0,0,0,0,0,4,5,5,3,0,0,0,3,0,0
Northern Mariana Islands,1980,33,3,3,0,0,0,0,0,0,0,0,3,10,4,0,0,0,0,0,0,0,0,0,0,3,5,5,4,0,0,0,3,0,0
Northern Mariana Islands,1981,35,3,3,0,0,0,0,0,0,0,0,4,10,4,0,0,0,0,0,0,0,0,0,0,4,5,5,4,0,0,0,3,0,0
Northern Mariana Islands,1982,38,3,3,0,0,0,0,0,0,0,0,4,10,4,0,0,0,0,0,0,0,0,0,0,4,5,5,4,0,0,0,3,0,0
Northern Mariana Islands,1983,41,3,3,0,0,0,3,0,0,0,0,3,10,5,0,0,0,0,0,0,0,0,0,0,3,5,5,5,0,0,0,3,3,0
Northern Mariana Islands,1984,44,3,3,0,0,0,4,10,0,0,0,3,10,6,0,5,5,0,0,0,0,0,0,0,3,5,5,5,1,0,0,3,4,0
Northern Mariana Islands,1985,47,3,3,0,0,0,4,10,4,0,0,4,10,7,0,5,5,4,0,0,0,0,0,0,4,5,5,5,2,0,0,3,4,0
Northern Mariana Islands,1986,50,3,3,0,0,0,4,10,9,0,0,6,10,7,0,5,5,5,4,0,0,0,0,2,4,5,5,5,2,0,0,3,4,0
Northern Mariana Islands,1987,54,3,3,0,0,0,3,10,10,2,2,7,10,8,0,5,5,5,5,2,0,2,0,2,5,5,5,5,3,0,0,3,3,0
Northern Mariana Islands,1988,57,3,3,0,0,0,3,10,10,5,8,9,10,9,0,5,5,5,5,5,0,3,5,4,5,5,5,5,4,0,0,3,3,0
Northern Mariana Islands,1989,60,3,3,0,0,0,2,10,10,8,10,10,10,8,0,5,5,5,5,5,3,5,5,5,5,5,5,5,3,0,0,3,2,0
Northern Mariana Islands,1990,64,4,4,0,0,0,1,10,10,10,10,10,10,9,0,5,5,5,5,5,5,5,5,5,5,5,5,5,4,0,0,4,1,0
Northern Mariana Islands,1991,65,4,4,0,0,0,1,10,10,10,10,10,10,10,0,5,5,5,5,5,5,5,5,5,5,5,5,5,5,0,0,4,1,0
Northern Mariana Islands,1992,64,4,4,0,0,0,0,10,10,10,10,10,10,10,0,5,5,5,5,5,5,5,5,5,5,5,5,5,5,0,0,4,0,0
Northern Mariana Islands,1993,63,4,4,0,0,0,0,9,10,10,10,10,10,10,1,4,5,5,5,5,5,5,5,5,5,5,5,5,5,1,0,4,0,0
Northern Mariana Islands,1994,63,4,4,0,0,0,0,7,10,10,10,10,10,10,1,2,5,5,5,5,5,5,5,5,5,5,5,5,5,1,0,4,0,0
Northern Mariana Islands,1995,63,4,4,0,0,0,0,6,10,10,10,10,10,10,1,1,5,5,5,5,5,5,5,5,5,5,5,5,5,1,0,4,0,0
Northern Mariana Islands,1996,64,4,4,0,0,0,0,6,10,10,10,10,10,10,1,1,5,5,5,5,5,5,5,5,5,5,5,5,5,1,0,4,0,0
Northern Mariana Islands,1997,68,4,4,0,0,0,1,10,10,10,10,10,10,10,0,5,5,5,5,5,5,5,5,5,5,5,5,5,5,0,0,4,1,0
Northern Mariana Islands,1998,72,4,4,0,0,0,1,10,10,10,10,10,10,10,0,5,5,5,5,5,5,5,5,5,5,5,5,5,5,0,0,4,1,0
Northern Mariana Islands,1999,74,4,4,0,0,0,1,10,10,10,10,10,10,10,0,5,5,5,5,5,5,5,5,5,5,5,5,5,5,0,0,4,1,0
Northern Mariana Islands,2000,75,4,4,0,0,0,0,10,10,10,10,10,10,10,1,5,5,5,5,5,5,5,5,5,5,5,5,5,5,1,0,4,0,0
Northern Mariana Islands,2001,72,4,4,0,0,0,0,9,10,10,10,10,10,10,1,4,5,5,5,5,5,5,5,5,5,5,5,5,5,1,0,4,0,0
Northern Mariana Islands,2002,70,3,3,0,0,0,0,7,10,10,10,10,10,10,2,2,5,5,5,5,5,5,5,5,5,5,5,5,5,2,0,3,0,0
Northern Mariana Islands,2003,68,3,3,0,0,0,0,5,10,10,10,10,10,10,2,0,5,5,5,5,5,5,5,5,5,5,5,5,5,2,0,3,0,0
Northern Mariana Islands,2004,69,4,4,0,0,0,0,3,10,10,10,10,10,9,1,0,3,5,5,5,5,5,5,5,5,5,5,5,4,1,0,4,0,0
Northern Mariana Islands,2005,66,4,4,0,0,0,0,1,10,10,10,10,10,10,0,0,1,5,5,5,5,5,5,5,5,5,5,5,5,0,0,4,0,0
Northern Mariana Islands,2006,65,4,4,0,0,0,0,0,8,10,10,10,10,10,1,0,0,3,5,5,5,5,5,5,5,5,5,5,5,1,0,4,0,0
Northern Mariana Islands,2007,65,3,3,0,0,0,0,0,6,10,10,10,10,10,2,0,0,1,5,5,5,5,5,5,5,5,5,5,5,2,0,3,0,0
Northern Mariana Islands,2008,64,3,3,0,0,0,0,0,5,10,10,10,10,10,3,0,0,0,5,5,5,5,5,5,5,5,5,5,5,3,0,3,0,0
Northern Mariana Islands,2009,64,3,3,0,0,0,0,0,3,10,10,10,10,10,3,0,0,0,3,5,5,5,5,5,5,5,5,5,5,3,0,3,0,0
Northern Mariana Islands,2010,65,3,3,0,0,0,0,0,2,10,10,10,10,10,3,0,0,0,2,5,5,5,5,5,5,5,5,5,5,3,0,3,0,0
Northern Mariana Islands,2011,67,3,3,0,0,0,0,0,1,10,10,10,10,10,4,0,0,0,1,5,5,5,5,5,5,5,5,5,5,4,0,3,0,0
Northern Mariana Islands,2012,71,3,3,0,0,0,0,0,0,10,16,10,10,10,4,0,0,0,0,5,5,6,10,5,5,5,5,5,5,4,0,3,0,0
Northern Mariana Islands,2013,75,2,2,0,0,0,0,0,0,10,17,15,13,10,5,0,0,0,0,5,5,7,10,10,5,5,8,5,5,5,0,2,0,0
Northern Mariana Islands,2014,80,2,2,0,0,0,0,0,0,9,17,19,13,12,3,0,0,0,0,4,5,7,10,10,9,5,8,7,5,3,0,2,0,0
Northern Mariana Islands,2015,84,2,2,0,0,0,0,0,0,9,18,20,16,13,1,0,0,0,0,4,5,8,10,10,10,6,10,8,5,1,0,2,0,0
Northern Mariana Islands,2016,89,2,2,0,0,0,0,0,0,8,20,20,20,14,2,0,0,0,0,3,5,10,10,10,10,10,10,9,5,2,0,2,0,0
Northern Mariana Islands,2017,94,2,2,0,0,0,0,0,0,7,20,20,20,15,2,0,0,0,0,2,5,10,10,10,10,10,10,10,5,2,0,2,0,0
Northern Mariana Islands,2018,99,2,2,0,0,0,0,0,0,7,20,26,20,16,3,0,0,0,0,2,5,10,10,15,11,10,10,10,6,3,0,2,0,0
Northern Mariana Islands,2019,103,2,2,0,0,0,0,0,0,6,20,30,21,17,3,0,0,0,0,1,5,10,10,15,15,11,10,10,7,3,0,2,0,0
Northern Mariana Islands,2020,108,2,2,0,0,0,0,0,0,5,20,30,25,18,4,0,0,0,0,0,5,10,10,15,15,15,10,10,8,4,0,2,0,0
Northern Mariana Islands,2021,115,1,1,0,0,0,0,0,0,5,21,30,27,18,4,0,0,0,0,0,5,9,12,15,15,15,12,10,8,4,0,1,0,0
Norway,1950,14789,648,882,234,82,42,64,235,339,624,1138,2206,4113,4057,988,103,132,151,188,240,384,505,633,947,1259,1828,2285,2276,1781,784,204,964,106,16
Norway,1951,13707,598,813,215,73,38,48,208,337,597,1112,2018,3779,3775,893,80,128,129,208,247,350,469,643,864,1154,1748,2031,2130,1645,700,193,886,86,17
Norway,1952,14103,630,830,200,69,42,44,192,287,570,1158,2076,4040,3823,959,73,119,128,159,241,329,466,692,883,1193,1817,2223,2145,1678,754,205,899,86,20
Norway,1953,13875,524,694,170,55,34,48,130,298,542,1152,2067,3909,3947,971,51,79,141,157,214,328,471,681,828,1239,1716,2193,2205,1742,770,201,749,82,23
Norway,1954,14277,515,673,158,81,38,42,126,261,531,1161,2083,4113,4081,1058,41,85,111,150,213,318,492,669,872,1211,1769,2344,2311,1770,854,204,754,80,26
Norway,1955,14255,512,691,179,55,39,39,116,277,542,1085,2179,4008,4101,1096,42,74,116,161,225,317,455,630,888,1291,1703,2305,2323,1778,883,213,746,78,31
Norway,1956,14392,515,672,157,63,36,39,109,249,512,1112,2130,4234,4107,1101,37,72,99,150,205,307,469,643,881,1249,1863,2371,2428,1679,884,217,735,75,29
Norway,1957,14785,498,654,156,52,34,40,103,255,524,1064,2205,4355,4382,1088,46,57,107,148,203,321,409,655,930,1275,1908,2447,2581,1801,878,210,706,74,25
Norway,1958,15080,517,686,169,46,34,35,104,238,532,1092,2280,4375,4488,1147,43,61,83,155,197,335,439,653,936,1344,1936,2439,2625,1863,928,219,732,69,27
Norway,1959,15117,449,581,132,55,58,37,83,222,552,1090,2499,4285,4477,1150,37,46,78,144,235,317,439,651,1019,1480,1898,2387,2602,1875,916,234,636,95,29
Norway,1960,15408,458,596,138,51,35,43,101,224,469,1087,2455,4549,4606,1163,48,53,79,145,176,293,391,696,976,1479,1957,2592,2670,1936,933,230,647,78,28
Norway,1961,15535,441,570,129,55,31,43,86,217,516,1091,2425,4486,4865,1126,42,44,78,139,209,307,424,667,1028,1397,2010,2476,2808,2057,900,226,625,74,29
Norway,1962,15974,426,534,108,53,37,44,77,190,527,1127,2540,4720,4911,1184,37,40,65,125,222,305,463,664,1045,1495,2124,2596,2781,2130,939,245,587,81,29
Norway,1963,17513,438,546,108,44,46,60,72,192,522,1135,2662,5450,5466,1296,33,39,63,129,204,318,468,667,1076,1586,2386,3064,3134,2332,1037,259,590,106,25
Norway,1964,16497,461,593,132,47,24,47,82,182,485,1076,2678,5064,5070,1125,40,42,70,112,203,282,437,639,1042,1636,2195,2869,2900,2170,915,210,640,71,24
Norway,1965,16120,448,561,113,57,38,50,86,161,505,1070,2526,4876,4999,1168,41,45,49,112,198,307,418,652,1060,1466,2190,2686,2874,2125,948,220,618,88,24
Norway,1966,16463,374,484,110,55,33,55,96,156,505,1095,2621,4963,5090,1285,49,47,55,101,194,311,447,648,1036,1585,2235,2728,2895,2195,1033,252,539,88,27
Norway,1967,16433,387,491,104,37,40,57,84,163,444,1123,2634,5113,4993,1223,39,45,57,106,165,279,467,656,1033,1601,2279,2834,2836,2157,990,233,528,97,29
Norway,1968,17264,387,493,106,36,24,53,99,144,485,1133,2668,5432,5336,1333,57,42,51,93,185,300,440,693,1017,1651,2406,3026,3116,2220,1083,250,529,77,28
Norway,1969,17602,374,468,94,51,42,66,113,147,539,1174,2748,5564,5304,1357,65,48,55,92,184,355,474,700,1076,1672,2442,3122,3123,2181,1096,261,519,108,27
Norway,1970,17370,310,397,87,43,27,53,103,151,467,1120,2576,5429,5572,1403,54,49,53,98,163,304,439,681,963,1613,2435,2994,3216,2356,1131,272,440,80,32
Norway,1971,17626,315,401,86,47,37,50,117,177,433,1089,2517,5600,5678,1445,60,57,74,103,148,285,425,664,970,1547,2528,3072,3192,2486,1140,305,448,87,35
Norway,1972,17877,293,380,87,54,28,50,103,137,446,1129,2553,5631,5895,1434,44,59,59,78,145,301,445,684,993,1560,2478,3153,3293,2602,1129,305,434,78,35
Norway,1973,18025,268,353,85,52,32,45,108,148,395,1118,2463,5780,5947,1542,52,56,63,85,150,245,486,632,999,1464,2424,3356,3354,2593,1212,330,405,77,40
Norway,1974,17971,231,312,81,50,29,60,100,154,402,1098,2508,5669,5972,1574,42,58,68,86,142,260,465,633,1009,1499,2428,3241,3399,2573,1235,339,362,89,41
Norway,1975,18157,239,318,79,28,47,59,114,135,382,1127,2534,5617,6151,1599,53,61,61,74,138,244,464,663,1015,1519,2285,3332,3509,2642,1253,346,346,106,44
Norway,1976,18286,233,313,80,44,34,50,122,148,330,1153,2528,5514,6340,1663,56,66,77,71,112,218,460,693,1040,1488,2262,3252,3571,2769,1313,350,357,84,48
Norway,1977,18081,178,234,56,39,38,47,103,166,352,1096,2488,5541,6264,1665,50,53,78,88,117,235,409,687,974,1514,2261,3280,3576,2688,1322,343,273,85,51
Norway,1978,18615,192,247,55,47,24,56,112,169,333,1066,2529,5683,6570,1725,55,57,66,103,116,217,387,679,990,1539,2249,3434,3673,2897,1364,361,294,80,52
Norway,1979,18954,171,223,52,26,30,43,116,151,346,1040,2568,5592,6868,1901,58,58,68,83,133,213,393,647,978,1590,2224,3368,3945,2923,1489,412,249,73,56
Norway,1980,18752,175,202,27,25,29,58,116,172,318,975,2447,5596,6826,1929,49,67,74,98,117,201,358,617,980,1467,2295,3301,3863,2963,1509,420,227,87,58
Norway,1981,19071,159,205,46,26,24,52,94,174,345,973,2453,5471,7123,2070,52,42,69,105,137,208,342,631,963,1490,2230,3241,3938,3185,1618,452,231,76,61
Norway,1982,18820,177,215,38,22,33,55,102,188,299,915,2530,5424,7026,1952,43,59,66,122,130,169,313,602,1037,1493,2174,3250,3767,3259,1530,422,237,88,58
Norway,1983,19305,168,213,45,26,20,47,85,208,326,940,2342,5459,7370,2198,42,43,76,132,135,191,340,600,917,1425,2260,3199,3966,3404,1727,471,239,67,69
Norway,1984,19580,204,253,49,17,22,49,86,180,351,861,2392,5394,7547,2347,43,43,75,105,139,212,306,555,996,1396,2225,3169,3988,3559,1840,507,270,71,77
Norway,1985,20560,166,207,41,30,18,60,125,195,376,846,2383,5718,7976,2543,61,64,79,116,164,212,315,531,985,1398,2352,3366,4191,3785,1995,548,237,78,85
Norway,1986,20149,186,219,33,21,30,54,101,189,395,874,2367,5425,7741,2649,49,52,70,119,171,224,317,557,909,1458,2181,3244,4082,3659,2076,573,240,84,87
Norway,1987,20968,204,236,32,20,19,56,115,172,404,856,2427,5690,8099,2784,56,59,79,93,179,225,320,536,906,1521,2283,3407,4209,3890,2147,637,256,75,92
Norway,1988,21587,201,240,39,17,11,39,111,191,466,828,2382,5690,8465,3048,59,52,72,119,202,264,299,529,875,1507,2346,3344,4265,4200,2346,702,257,50,100
Norway,1989,21575,201,234,33,14,17,42,110,214,412,802,2323,5597,8481,3223,51,59,103,111,191,221,294,508,868,1455,2199,3398,4217,4264,2470,753,248,59,109
Norway,1990,22193,167,202,35,22,24,49,118,204,444,738,2294,5861,8828,3297,41,77,76,128,194,250,281,457,850,1444,2367,3494,4478,4350,2512,785,224,73,111
Norway,1991,21837,168,215,47,28,14,41,102,226,437,753,2185,5623,8583,3507,47,55,95,131,183,254,313,440,763,1422,2229,3394,4357,4226,2668,839,243,55,125
Norway,1992,21654,151,191,40,21,11,36,112,191,450,778,2070,5560,8727,3384,49,63,85,106,169,281,314,464,764,1306,2238,3322,4355,4372,2578,806,212,47,124
Norway,1993,22820,126,169,43,14,15,40,104,187,454,758,2100,5670,9256,3907,47,57,79,108,188,266,317,441,765,1335,2216,3454,4608,4648,2939,968,183,55,146
Norway,1994,21754,133,170,37,21,21,39,101,168,490,802,1895,5392,8726,3777,50,51,75,93,177,313,355,447,717,1178,2228,3164,4296,4430,2830,947,191,60,153
Norway,1995,22183,92,123,31,18,12,40,91,188,475,778,1911,5472,9007,3908,47,44,79,109,176,299,339,439,697,1214,2205,3267,4295,4712,2934,974,141,52,158
Norway,1996,21722,105,129,24,11,14,33,95,197,465,889,1773,5120,8888,3945,40,55,77,120,177,288,420,469,650,1123,1965,3155,4380,4508,2966,979,140,47,162
Norway,1997,22352,107,140,33,24,12,42,105,173,451,932,1692,5210,9183,4212,34,71,69,104,185,266,437,495,630,1062,1960,3250,4439,4744,3154,1058,164,54,174
Norway,1998,22077,96,126,30,11,17,39,101,208,439,940,1607,5022,9204,4192,48,53,92,116,189,250,492,448,611,996,1768,3254,4390,4814,3113,1079,137,56,173
Norway,1999,22698,97,128,31,20,18,45,98,193,450,922,1711,4978,9429,4521,40,58,83,110,171,279,436,486,668,1043,1770,3208,4530,4899,3348,1173,148,63,185
Norway,2000,22337,94,120,26,18,18,42,107,205,428,979,1581,4774,9480,4407,46,61,81,124,161,267,433,546,664,917,1726,3048,4487,4993,3285,1122,138,60,176
Norway,2001,22357,95,113,18,14,10,37,114,188,437,985,1603,4604,9422,4647,54,60,84,104,165,272,431,554,686,917,1616,2988,4510,4912,3473,1174,127,47,184
Norway,2002,22831,97,130,33,15,23,36,102,183,397,1056,1599,4502,9698,4898,48,54,80,103,156,241,416,640,684,915,1597,2905,4568,5130,3637,1261,145,59,195
Norway,2003,21888,84,115,31,13,20,36,104,176,424,1003,1550,4191,9313,4749,47,57,74,102,178,246,374,629,678,872,1516,2675,4271,5042,3525,1224,128,56,191
Norway,2004,21251,85,102,17,19,21,38,105,191,429,999,1515,3819,9058,4755,46,59,77,114,160,269,380,619,654,861,1347,2472,4293,4765,3516,1239,121,59,200
Norway,2005,21105,78,95,17,13,14,34,103,192,420,1003,1622,3700,8814,4883,51,52,73,119,167,253,399,604,741,881,1326,2374,3944,4870,3577,1306,108,48,210
Norway,2006,21622,74,91,17,20,3,35,79,173,422,958,1632,3599,9158,5230,39,40,70,103,148,274,370,588,803,829,1289,2310,4077,5081,3807,1423,111,38,223
Norway,2007,21634,82,102,20,12,15,28,96,168,395,969,1714,3551,9172,5194,45,51,55,113,152,243,381,588,810,904,1284,2267,3918,5254,3777,1417,114,43,222
Norway,2008,21329,62,79,17,13,14,35,95,172,364,902,1846,3425,8806,5342,39,56,65,107,144,220,384,518,877,969,1264,2161,3781,5025,3872,1470,92,49,237
Norway,2009,21457,73,90,17,14,15,40,96,161,370,920,1835,3293,8937,5442,41,55,59,102,135,235,412,508,861,974,1248,2045,3640,5297,3904,1538,104,55,247
Norway,2010,21397,73,90,17,14,7,40,107,143,375,940,1925,3314,8459,5727,54,53,57,86,151,224,390,550,872,1053,1313,2001,3423,5036,4109,1618,104,47,261
Norway,2011,21349,49,66,17,7,20,57,91,152,366,938,1889,3178,8199,6108,41,50,67,85,128,238,357,581,846,1043,1216,1962,3281,4918,4392,1716,73,77,280
Norway,2012,21852,62,80,18,12,19,24,72,128,375,860,2009,3344,8128,6484,32,40,46,82,143,232,337,523,809,1200,1398,1946,3332,4796,4629,1855,92,43,319
Norway,2013,21218,77,93,16,10,6,31,73,145,371,902,2030,3285,7758,6201,37,36,55,90,149,222,366,536,798,1232,1359,1926,3094,4664,4426,1775,103,37,312
Norway,2014,20674,63,73,10,8,6,24,66,127,350,888,1964,3200,7368,6280,34,32,58,69,122,228,372,516,743,1221,1319,1881,3029,4339,4455,1825,81,30,326
Norway,2015,21047,58,70,12,2,10,22,91,129,329,845,1883,3419,7263,6625,35,56,51,78,120,209,321,524,750,1133,1458,1961,2947,4316,4606,2019,72,32,361
Norway,2016,21033,56,71,15,6,10,33,85,134,316,848,2005,3514,7098,6528,38,47,59,75,122,194,338,510,772,1233,1527,1987,2893,4205,4395,2133,77,43,386
Norway,2017,21122,62,74,12,11,14,24,73,125,332,796,1873,3781,7050,6572,25,48,49,76,118,214,328,468,715,1158,1778,2003,2793,4257,4344,2228,85,38,395
Norway,2018,20982,58,64,6,7,15,24,66,121,322,804,1872,3787,6890,6579,22,44,47,74,117,205,312,492,746,1126,1693,2094,2836,4054,4274,2305,71,39,428
Norway,2019,20583,44,55,11,7,15,24,87,128,292,774,1777,3986,6785,6238,49,38,64,64,98,194,325,449,724,1053,1827,2159,2889,3896,4049,2189,62,39,412
Norway,2020,20560,35,43,8,10,20,25,80,134,323,750,1750,3982,6723,6270,31,49,53,81,110,213,319,431,702,1048,1826,2156,2916,3807,4035,2235,53,45,451
Norway,2021,21021,42,53,11,7,17,25,66,124,275,737,1682,4363,6925,6268,34,32,59,65,109,166,290,447,648,1034,1741,2622,3104,3821,4065,2203,60,42,479
Oceania (UN),1950,64793,10062,14528,4466,1333,817,1070,2582,2673,3246,5181,9201,12785,9696,1640,1289,1293,1267,1406,1506,1740,2215,2966,4039,5162,6173,6612,5857,3839,1370,270,15861,1887,38
Oceania (UN),1951,68589,10317,15230,4913,1596,1044,1248,2940,3020,3364,5411,9368,13452,10119,1762,1446,1494,1509,1511,1567,1797,2374,3037,4176,5192,6499,6953,6138,3981,1481,281,16826,2292,35
Oceania (UN),1952,66277,10238,14815,4577,1318,771,983,2449,2724,3323,5320,9434,13201,10122,1785,1173,1276,1300,1424,1521,1802,2326,2994,4154,5280,6291,6910,6179,3943,1491,294,16133,1754,30
Oceania (UN),1953,65338,10137,14669,4532,1320,731,990,2406,2606,3288,5158,9180,13145,9962,1852,1174,1232,1254,1352,1480,1808,2268,2890,4024,5156,6349,6796,6050,3912,1541,311,15989,1721,29
Oceania (UN),1954,66021,10012,14470,4458,1298,725,945,2351,2678,3308,5061,9256,13618,10300,1981,1109,1242,1281,1397,1535,1773,2266,2795,4019,5237,6584,7034,6211,4089,1652,329,15768,1670,29
Oceania (UN),1955,66016,10019,14454,4435,1299,720,926,2221,2591,3357,4890,9379,13722,10433,1992,1095,1126,1260,1331,1553,1804,2174,2716,3951,5428,6528,7194,6219,4214,1648,344,15753,1646,32
Oceania (UN),1956,68157,10107,14500,4393,1281,735,915,2244,2663,3396,4970,9435,14438,11408,2139,1079,1165,1270,1393,1568,1828,2154,2816,3906,5529,6807,7631,6773,4635,1766,373,15781,1650,33
Oceania (UN),1957,67850,10084,14324,4240,1288,743,905,2196,2668,3501,4933,9460,14335,11268,2193,1043,1153,1277,1391,1605,1896,2144,2789,3906,5554,6841,7494,6734,4534,1807,386,15612,1648,36
Oceania (UN),1958,67048,9969,14111,4142,1309,730,860,2103,2641,3512,5014,9107,14268,11141,2215,1016,1087,1228,1413,1588,1924,2293,2721,3856,5251,6768,7500,6654,4487,1812,403,15420,1590,36
Oceania (UN),1959,69560,10045,14138,4093,1316,703,860,2070,2702,3695,5158,9290,15064,11989,2529,986,1084,1250,1452,1611,2084,2290,2868,3843,5447,7147,7917,7125,4864,2044,485,15454,1563,45
Oceania (UN),1960,69249,9823,13858,4035,1323,728,885,2034,2679,3717,5184,9379,14822,11994,2598,979,1055,1224,1455,1655,2062,2347,2837,3907,5472,6969,7853,7251,4743,2108,490,15181,1613,47
Oceania (UN),1961,69436,9814,13713,3899,1289,726,862,2004,2619,3570,5177,9236,15309,12246,2631,969,1035,1189,1430,1567,2003,2405,2772,3829,5407,7190,8119,7364,4882,2128,503,15002,1588,54
Oceania (UN),1962,71449,9715,13526,3811,1297,734,896,2005,2632,3730,5399,9330,15974,13091,2772,973,1032,1195,1437,1635,2095,2557,2842,3939,5391,7527,8447,7853,5238,2239,533,14823,1630,61
Oceania (UN),1963,72157,9536,13246,3710,1272,705,883,1981,2609,3844,5693,9388,16174,13406,2888,967,1014,1174,1435,1734,2110,2615,3078,4069,5319,7508,8666,8011,5395,2329,559,14518,1588,68
Oceania (UN),1964,74947,9306,12991,3685,1285,735,923,2000,2611,3923,5917,9656,17158,14549,3124,990,1010,1150,1461,1758,2165,2710,3207,4172,5484,7802,9356,8740,5809,2527,597,14276,1658,73
Oceania (UN),1965,74541,9111,12654,3543,1204,711,914,2007,2553,4008,6104,9704,16793,14686,3131,980,1027,1135,1418,1787,2221,2805,3299,4091,5613,7720,9073,8653,6033,2525,606,13858,1625,72
Oceania (UN),1966,76893,8977,12408,3431,1231,689,951,1987,2546,3941,6374,10044,17544,15612,3484,963,1024,1116,1430,1748,2193,2945,3429,4201,5843,7968,9576,9153,6459,2799,685,13639,1640,82
Oceania (UN),1967,75258,8923,12257,3334,1171,648,881,1952,2349,4039,6521,9838,16983,15181,3359,978,974,1062,1287,1779,2260,2996,3525,4300,5538,7596,9387,8882,6299,2699,660,13428,1529,78
Oceania (UN),1968,78460,8969,12243,3274,1198,656,939,1923,2441,4023,6498,10202,17663,16768,3814,956,967,1105,1336,1741,2282,2907,3591,4418,5784,7741,9922,9700,7068,3054,760,13441,1595,91
Oceania (UN),1969,76956,8900,12075,3175,1177,642,916,1925,2322,3995,6534,10293,17320,16104,3565,948,977,1037,1285,1711,2284,2908,3626,4491,5802,7546,9774,9433,6671,2871,694,13252,1558,88
Oceania (UN),1970,80378,8888,11966,3078,1151,699,930,1967,2474,4101,6775,10701,18137,17401,3976,968,999,1089,1385,1745,2356,2957,3818,4736,5965,8050,10087,10169,7232,3211,765,13117,1629,99
Oceania (UN),1971,78721,8974,11988,3014,1106,631,968,1999,2347,4061,6547,10174,17319,17390,4088,1019,980,1099,1248,1676,2385,2866,3681,4585,5589,7605,9714,9982,7408,3298,790,13094,1599,103
Oceania (UN),1972,79128,8572,11546,2974,1099,668,915,1955,2297,3948,6723,10584,17245,17721,4316,967,988,1074,1223,1639,2309,2967,3756,4756,5828,7668,9577,10222,7499,3464,852,12645,1583,111
Oceania (UN),1973,78703,8198,11051,2853,1081,651,932,1864,2305,3913,6688,10601,16974,18107,4422,914,950,1074,1231,1579,2334,2926,3762,4777,5824,7661,9313,10283,7824,3526,896,12132,1583,112
Oceania (UN),1974,80957,7906,10640,2734,1044,670,904,1897,2268,3991,6998,11292,17381,18824,4926,907,990,1012,1256,1648,2343,3205,3793,5124,6168,7887,9494,10580,8244,3920,1006,11684,1574,122
Oceania (UN),1975,77427,7578,10250,2672,1003,646,901,1872,2327,3731,6688,11097,16504,17714,4581,916,956,1044,1283,1547,2184,3032,3656,5072,6025,7564,8940,9770,7944,3623,958,11253,1547,112
Oceania (UN),1976,79345,7385,9854,2469,963,655,890,1826,2215,3721,6840,11208,17180,18713,5145,879,947,1026,1189,1539,2182,3043,3797,5004,6204,7580,9600,10203,8510,4036,1109,10817,1545,135
Oceania (UN),1977,77539,7091,9453,2362,959,619,965,1875,2208,3671,6771,11176,16717,18010,4974,935,940,1025,1183,1539,2132,3038,3733,5049,6127,7451,9266,9836,8174,3896,1078,10412,1584,140
Oceania (UN),1978,76770,6920,9197,2277,889,607,956,1806,2205,3538,6747,11144,16584,17839,5116,923,883,1036,1169,1489,2049,2930,3817,4977,6167,7523,9061,9585,8254,4012,1104,10086,1563,141
Oceania (UN),1979,76003,6679,8873,2194,866,565,899,1862,2087,3281,6554,10999,16489,17792,5569,952,910,975,1112,1389,1892,2807,3747,4770,6229,7553,8936,9532,8260,4326,1243,9739,1464,166
Oceania (UN),1980,77538,6599,8683,2084,831,583,892,1806,2127,3329,6555,11107,16911,18613,5915,948,858,1008,1119,1430,1899,2708,3847,4690,6417,7714,9197,10015,8598,4595,1320,9514,1475,185
Oceania (UN),1981,77334,6468,8510,2042,769,570,916,1813,2031,3248,6370,11285,16810,18598,6205,922,891,946,1085,1366,1882,2634,3736,4813,6472,7815,8995,9984,8614,4803,1402,9279,1486,209
Oceania (UN),1982,80122,6430,8433,2003,770,544,874,1838,2091,3239,6578,11614,17430,19462,7001,947,891,972,1119,1403,1836,2779,3799,5064,6550,8078,9352,10388,9074,5403,1598,9203,1418,246
Oceania (UN),1983,79020,6442,8386,1944,749,548,826,1858,2127,3139,6321,11535,17714,19005,6574,971,887,974,1153,1352,1787,2633,3688,5135,6400,8295,9419,10353,8652,5013,1561,9135,1374,238
Oceania (UN),1984,80468,6287,8166,1879,733,534,887,1909,2151,3175,6132,11527,18221,19641,7122,990,919,977,1174,1411,1764,2551,3581,5143,6384,8506,9715,10753,8888,5395,1727,8899,1421,270
Oceania (UN),1985,84531,6357,8256,1899,743,519,873,1978,2169,3228,6197,11521,19324,21472,7944,1003,975,985,1184,1355,1873,2503,3694,5153,6368,8914,10410,11308,10164,5986,1958,8999,1392,306
Oceania (UN),1986,82536,6214,8075,1861,741,518,874,1955,2149,3220,5922,11548,19087,20349,7782,1005,950,985,1164,1449,1771,2396,3526,5017,6531,8727,10360,10937,9412,5821,1961,8816,1392,314
Oceania (UN),1987,84810,6228,8039,1811,703,504,911,1990,2206,3279,5933,11560,19496,21580,8244,1005,985,998,1208,1439,1840,2492,3441,5038,6522,8820,10676,11584,9996,6050,2194,8742,1415,364
Oceania (UN),1988,85295,6129,7952,1823,720,506,887,2039,2237,3338,5769,11561,19571,22014,8317,1023,1016,1030,1207,1474,1864,2411,3358,4925,6636,8564,11007,11848,10166,6101,2216,8672,1393,384
Oceania (UN),1989,88870,6169,7943,1774,711,493,894,2002,2220,3476,5735,11881,20161,23496,9401,1018,984,1033,1187,1574,1902,2455,3280,5072,6809,8773,11388,12551,10945,6844,2557,8654,1387,457
Oceania (UN),1990,85759,6076,7817,1741,694,497,890,2031,2265,3381,5706,11548,19588,22322,8582,995,1036,1077,1188,1517,1864,2513,3193,4756,6792,8511,11077,11911,10411,6286,2296,8511,1387,434
Oceania (UN),1991,86427,5904,7632,1728,717,506,834,2081,2358,3486,5667,11497,19624,22613,8945,1002,1079,1092,1266,1579,1907,2503,3164,4748,6749,8505,11119,12102,10511,6593,2352,8349,1340,466
Oceania (UN),1992,88815,5879,7612,1733,732,498,828,2014,2359,3536,5773,11255,20159,24194,9362,1020,994,1118,1241,1558,1978,2549,3224,4632,6623,8834,11325,12866,11328,6901,2461,8344,1326,493
Oceania (UN),1993,88727,5845,7571,1726,719,527,831,1972,2449,3551,5724,11106,19891,24364,9501,981,991,1140,1309,1574,1977,2476,3248,4533,6573,8853,11038,12932,11432,6980,2521,8290,1358,520
Oceania (UN),1994,92087,5865,7568,1703,713,513,816,1993,2472,3677,5842,11110,20188,26118,10493,976,1017,1130,1342,1621,2056,2560,3282,4483,6627,9151,11037,13789,12329,7681,2812,8281,1329,584
Oceania (UN),1995,92680,5835,7530,1695,730,534,844,2048,2560,3717,5904,10899,20154,26342,10814,1017,1031,1226,1334,1607,2110,2667,3237,4418,6481,9104,11050,13738,12604,7893,2921,8260,1378,603
Oceania (UN),1996,95044,5875,7581,1706,723,563,860,2043,2612,3809,6070,10860,20438,27295,11569,964,1079,1203,1409,1635,2174,2685,3385,4475,6385,9035,11403,14111,13184,8473,3096,8304,1423,620
Oceania (UN),1997,96141,5919,7603,1684,728,535,884,2116,2716,3863,6198,10688,20110,28037,12019,1017,1099,1285,1431,1689,2174,2781,3417,4360,6328,8997,11113,14224,13813,8799,3220,8331,1419,644
Oceania (UN),1998,96001,5918,7830,1912,869,638,1010,2216,2849,4032,6281,10375,20142,27259,11864,1061,1155,1301,1548,1813,2219,2899,3382,4405,5970,8729,11413,13728,13531,8696,3168,8699,1648,636
Oceania (UN),1999,97619,5977,7685,1708,731,555,910,2167,2800,4068,6178,10287,20427,28309,12826,1050,1117,1286,1514,1828,2240,2770,3408,4423,5864,8720,11707,13693,14616,9460,3366,8416,1465,676
Oceania (UN),2000,98225,6002,7678,1676,754,558,928,2238,2859,4110,6506,10210,19869,28357,13445,1058,1180,1282,1577,1849,2261,2932,3574,4387,5823,8456,11413,13434,14923,9873,3572,8432,1486,712
Oceania (UN),2001,100192,5972,7656,1684,754,554,903,2173,2888,4155,6629,10302,19987,29328,14106,1057,1116,1306,1582,1900,2255,3046,3583,4507,5795,8433,11554,14178,15150,10285,3821,8410,1457,757
Oceania (UN),2002,103965,6083,7764,1681,781,580,967,2251,2938,4309,6869,10643,20064,30580,15399,1070,1181,1345,1593,1941,2368,3108,3761,4744,5899,8315,11749,14702,15878,11193,4206,8545,1547,819
Oceania (UN),2003,104031,6028,7719,1691,765,580,1012,2286,3058,4459,6745,10634,19556,30381,15997,1112,1174,1393,1665,2011,2448,2975,3770,4714,5920,7975,11581,14727,15654,11578,4419,8484,1592,839
Oceania (UN),2004,105190,6082,7749,1667,766,579,1027,2345,3013,4545,6923,10776,19369,30845,16412,1148,1197,1361,1652,2033,2512,3042,3881,4742,6034,7839,11530,15365,15480,11915,4497,8515,1606,840
Oceania (UN),2005,105351,6135,7792,1657,800,590,1023,2391,3079,4681,6982,10736,18577,30884,16924,1183,1208,1399,1680,2113,2568,3090,3892,4817,5919,7621,10956,15301,15583,12267,4657,8592,1613,891
Oceania (UN),2006,108626,6093,7735,1642,815,605,1099,2518,3155,4849,7256,10836,18867,31614,18273,1248,1270,1411,1744,2156,2693,3190,4066,4866,5970,7759,11108,15355,16259,13076,5197,8550,1704,1001
Oceania (UN),2007,112030,6104,7748,1644,854,649,1127,2618,3340,4958,7382,11516,18929,32693,19151,1289,1329,1512,1828,2234,2724,3308,4074,5242,6274,7872,11057,15419,17274,13572,5579,8602,1776,1063
Oceania (UN),2008,113535,6053,7653,1600,784,572,1035,2429,3153,4800,7407,11509,18967,33899,20184,1185,1244,1393,1760,2105,2695,3253,4154,5262,6247,7990,10977,15827,18072,14083,6101,8437,1607,1142
Oceania (UN),2009,112920,6014,7637,1623,797,608,1014,2487,3138,5040,7625,11672,18406,33682,19669,1186,1301,1372,1766,2148,2892,3526,4099,5319,6353,8006,10400,15370,18312,13584,6085,8434,1622,1145
Oceania (UN),2010,114067,5978,7550,1572,775,581,1007,2492,3159,5001,7581,11736,18522,34024,20427,1219,1273,1400,1759,2181,2820,3455,4126,5379,6357,8211,10311,15293,18731,14034,6393,8325,1588,1209
Oceania (UN),2011,116320,5915,7450,1535,733,543,941,2370,3080,4935,7693,12046,18682,34682,21867,1169,1201,1371,1709,2151,2784,3532,4161,5462,6584,8372,10310,15221,19461,15072,6795,8183,1484,1297
Oceania (UN),2012,118669,5838,7357,1519,723,540,950,2281,2994,4935,7774,12360,19151,35041,23161,1122,1159,1364,1630,2169,2766,3573,4201,5520,6840,8401,10750,15353,19688,16096,7065,8080,1490,1401
Oceania (UN),2013,117302,5811,7293,1482,701,527,910,2246,3036,4924,8131,12618,18934,34083,22509,1076,1170,1384,1652,2141,2783,3728,4403,5626,6992,8336,10598,14825,19258,15801,6708,7994,1437,1390
Oceania (UN),2014,121042,5736,7192,1456,714,526,897,2291,3040,4991,8294,13080,20132,34574,23785,1074,1217,1381,1659,2158,2833,3747,4547,5758,7322,8865,11267,14965,19609,16846,6939,7906,1423,1524
Oceania (UN),2015,122487,5584,7009,1425,660,502,842,2119,2933,4958,8471,13093,20465,34785,25006,991,1128,1287,1646,2144,2814,3834,4637,5702,7391,9005,11460,15073,19712,17652,7354,7669,1344,1643
Oceania (UN),2016,123391,5466,6852,1386,650,489,826,2185,3056,5046,8566,13337,20817,34336,25482,1030,1155,1411,1645,2169,2877,3822,4744,5782,7555,9212,11605,14892,19444,17635,7847,7502,1315,1747
Oceania (UN),2017,125166,5405,6751,1346,661,503,863,2168,3031,5015,8700,13579,21550,34507,26037,1012,1156,1364,1667,2124,2891,3855,4845,5905,7674,9668,11882,14987,19520,17771,8266,7412,1366,1801
Oceania (UN),2018,124709,5279,6581,1302,662,517,888,2172,3078,5084,8929,13860,21735,33197,26106,1019,1153,1364,1714,2156,2928,3900,5029,6167,7693,9830,11905,14666,18531,17492,8614,7243,1405,1898
Oceania (UN),2019,129140,5143,6400,1257,618,500,837,2245,3086,5192,9050,14434,22944,34246,27598,1054,1191,1373,1713,2183,3009,3851,5199,6431,8003,10447,12497,15530,18716,18613,8985,7018,1337,1990
Oceania (UN),2020,130253,5023,6244,1221,614,476,750,1980,2669,4599,8513,14399,23664,35624,28597,945,1035,1188,1481,1895,2704,3571,4942,6428,7971,10836,12828,16379,19245,19139,9458,6858,1226,2123
Oceania (UN),2021,135289,4925,6111,1186,612,456,718,1840,2584,4613,8765,15322,25219,37010,29641,893,947,1119,1465,1882,2731,3672,5093,6852,8470,11518,13701,17309,19701,19517,10124,6723,1174,2396
Oman,1950,7625,3188,5503,2315,318,136,125,258,238,204,207,275,270,93,4,132,126,123,115,108,96,103,104,133,142,151,119,70,23,4,0,5821,261,0
Oman,1951,7676,3262,5515,2253,319,136,126,259,239,207,212,281,280,102,6,133,126,123,116,110,97,104,108,134,147,155,125,75,27,6,0,5834,262,0
Oman,1952,7700,3260,5504,2244,317,137,126,259,239,209,219,290,289,108,5,133,126,123,116,111,98,108,111,139,151,159,130,79,29,5,0,5821,263,0
Oman,1953,7696,3259,5495,2236,305,135,126,257,237,210,221,292,298,116,5,131,126,122,115,111,99,108,113,139,153,163,135,84,32,5,0,5800,261,0
Oman,1954,7729,3268,5509,2241,290,136,126,258,237,212,228,299,307,122,8,132,126,122,115,112,100,110,118,142,157,168,139,86,36,8,0,5799,262,0
Oman,1955,7780,3273,5521,2248,283,137,127,259,239,215,234,306,316,129,8,133,126,123,116,113,102,113,121,145,161,172,144,91,38,8,0,5804,264,0
Oman,1956,7806,3282,5524,2242,281,138,127,260,239,215,236,313,324,136,9,134,126,123,116,113,102,113,123,149,164,176,148,95,41,9,0,5805,265,0
Oman,1957,7824,3284,5506,2222,278,137,129,261,239,219,242,321,333,142,11,135,126,123,116,114,105,116,126,154,167,181,152,99,43,11,0,5784,266,0
Oman,1958,7854,3286,5491,2205,283,137,131,264,244,223,247,331,341,148,12,137,127,124,120,116,107,118,129,160,171,186,155,103,45,11,1,5774,268,0
Oman,1959,7875,3289,5479,2190,285,133,131,267,244,224,253,340,351,154,13,138,129,124,120,116,108,121,132,166,174,191,160,107,47,12,1,5764,264,0
Oman,1960,7667,3207,5287,2080,276,123,129,260,235,222,253,346,359,161,15,134,126,120,115,114,108,121,132,168,178,194,165,111,50,14,1,5563,252,0
Oman,1961,7491,3130,5121,1991,268,118,126,252,233,219,254,352,368,164,17,130,122,118,115,113,106,121,133,171,181,198,170,113,51,15,2,5389,244,0
Oman,1962,7312,3047,4954,1907,259,111,123,244,225,216,256,358,375,171,17,125,119,115,110,110,106,121,135,172,186,201,174,116,55,15,2,5213,234,0
Oman,1963,7161,2972,4801,1829,253,107,117,242,223,215,258,368,382,176,18,125,117,113,110,109,106,121,137,176,192,204,178,119,57,16,2,5054,224,0
Oman,1964,7013,2898,4651,1753,248,108,111,238,218,215,259,375,389,182,19,123,115,110,108,109,106,122,137,177,198,207,182,123,59,17,2,4899,219,0
Oman,1965,6851,2822,4499,1677,241,104,106,230,213,211,259,379,399,188,19,119,111,108,105,106,105,122,137,177,202,213,186,127,61,17,2,4740,210,0
Oman,1966,6700,2744,4343,1599,238,103,101,228,210,210,261,388,409,191,21,118,110,105,105,105,105,123,138,182,206,219,190,129,62,18,3,4581,204,0
Oman,1967,6547,2669,4191,1522,232,100,96,219,206,209,263,392,420,198,23,113,106,105,101,105,104,122,141,182,210,226,194,134,64,20,3,4423,196,0
Oman,1968,6379,2594,4031,1437,225,98,94,211,201,205,261,396,428,199,24,108,103,101,100,102,103,120,141,184,212,231,197,135,64,21,3,4256,192,0
Oman,1969,6225,2519,3878,1359,220,95,92,204,199,202,260,400,442,208,24,102,102,100,99,100,102,119,141,184,216,239,203,140,68,21,3,4098,187,0
Oman,1970,6115,2453,3745,1292,217,94,92,198,196,203,264,410,456,215,24,97,101,99,97,100,103,122,142,189,221,247,209,145,70,21,3,3962,186,0
Oman,1971,5970,2390,3611,1221,209,93,90,190,190,202,262,411,466,220,25,92,98,95,95,100,102,120,142,189,222,251,215,149,71,21,4,3820,183,0
Oman,1972,5826,2329,3471,1142,199,90,88,183,190,201,262,414,480,223,26,88,95,95,95,99,102,119,143,189,225,256,224,150,73,22,4,3670,178,0
Oman,1973,5699,2278,3355,1077,189,88,85,172,181,194,260,416,493,231,27,83,89,90,91,95,99,119,141,189,227,261,232,155,76,23,4,3544,173,0
Oman,1974,5571,2231,3244,1013,179,83,83,166,177,194,259,417,504,237,27,82,84,87,90,95,99,118,141,189,228,265,239,159,78,23,4,3423,166,0
Oman,1975,5518,2219,3172,953,172,82,83,164,179,194,260,422,517,244,28,83,81,89,90,95,99,119,141,190,232,270,247,164,80,24,4,3344,165,0
Oman,1976,5402,2203,3097,894,161,76,78,153,171,186,253,420,526,252,31,79,74,85,86,90,96,115,138,188,232,273,253,170,82,26,5,3258,154,0
Oman,1977,5384,2186,3043,857,160,78,79,152,171,189,257,425,539,263,33,79,73,85,86,91,98,117,140,189,236,278,261,178,85,28,5,3203,157,0
Oman,1978,5248,2140,2934,794,143,71,74,147,166,186,253,424,549,272,33,75,72,81,85,90,96,115,138,188,236,281,268,186,86,28,5,3077,145,0
Oman,1979,5119,2093,2839,746,131,63,69,139,155,181,249,419,556,283,33,70,69,74,81,87,94,113,136,184,235,283,273,193,90,28,5,2970,132,0
Oman,1980,4980,2033,2722,689,121,58,65,132,149,177,246,417,564,294,33,67,65,70,79,84,93,111,135,182,235,286,278,200,94,28,5,2843,123,0
Oman,1981,4856,1965,2603,638,116,56,62,130,144,176,243,414,570,304,35,65,65,66,78,83,93,110,133,180,234,287,283,207,97,30,5,2719,118,1
Oman,1982,4679,1877,2459,582,106,50,56,120,135,173,239,410,578,316,36,60,60,61,74,82,91,108,131,178,232,289,289,214,102,31,5,2565,106,1
Oman,1983,4507,1776,2306,530,98,46,52,111,131,169,237,405,584,327,37,55,56,60,71,80,89,107,130,175,230,290,294,219,108,31,6,2404,98,1
Oman,1984,4365,1660,2137,477,95,45,51,111,129,172,239,409,594,341,39,55,56,60,69,81,91,108,131,177,232,293,301,228,113,33,6,2232,96,1
Oman,1985,4157,1541,1970,429,87,40,46,102,119,166,234,401,598,353,42,50,52,56,63,77,89,107,127,173,228,292,306,234,119,36,6,2057,86,1
Oman,1986,3978,1407,1785,378,84,40,45,100,119,165,231,395,603,367,44,50,50,56,63,77,88,105,126,170,225,292,311,242,125,37,7,1869,85,1
Oman,1987,3792,1272,1603,331,80,40,44,95,115,163,231,388,603,382,46,45,50,54,61,76,87,105,126,166,222,287,316,251,131,39,7,1683,84,1
Oman,1988,3608,1150,1439,289,76,37,43,92,111,159,225,380,598,398,50,45,47,52,59,73,86,103,122,163,217,282,316,261,137,43,7,1515,80,1
Oman,1989,3447,1040,1294,254,71,37,43,90,109,153,222,372,591,413,54,45,45,51,58,69,84,102,120,160,212,277,314,268,145,46,8,1365,80,1
Oman,1990,3301,939,1162,223,66,36,43,85,107,154,221,364,582,427,57,42,43,49,58,70,84,101,120,156,208,271,311,275,152,49,8,1228,79,1
Oman,1991,3155,846,1042,196,61,35,42,82,104,150,217,354,567,438,62,41,41,47,57,68,82,99,118,152,202,264,303,279,159,52,10,1103,77,1
Oman,1992,3070,760,932,172,60,36,44,86,107,155,221,353,560,450,68,43,43,48,59,70,85,101,120,152,201,263,297,280,170,57,11,992,80,1
Oman,1993,2947,683,835,152,53,36,43,83,106,153,219,344,546,458,70,42,41,47,59,69,84,99,120,149,195,255,291,280,178,59,11,888,79,1
Oman,1994,2882,613,745,132,52,36,46,91,108,160,221,342,536,466,76,46,45,49,59,73,87,101,120,151,191,252,284,279,187,64,12,797,82,1
Oman,1995,2775,554,672,118,49,34,44,83,103,155,216,334,533,469,81,43,40,47,56,70,85,99,117,147,187,246,287,276,193,69,12,721,78,1
Oman,1996,2748,505,611,106,46,34,48,89,105,158,221,334,538,478,89,46,43,47,58,71,87,101,120,148,186,245,293,277,201,75,14,657,82,1
Oman,1997,2728,463,558,95,44,34,52,93,107,160,224,335,537,486,95,48,45,48,59,72,88,104,120,149,186,242,295,279,207,79,16,602,86,1
Oman,1998,2610,427,513,86,39,31,47,85,98,150,214,321,522,489,101,45,40,44,54,67,83,99,115,143,178,231,291,281,208,85,16,552,78,1
Oman,1999,2603,395,472,77,37,32,49,92,102,154,218,320,515,500,110,47,45,46,56,69,85,101,117,143,177,227,288,289,211,92,18,509,81,2
Oman,2000,2579,360,430,70,37,30,49,95,103,157,220,323,504,512,117,50,45,47,56,70,87,102,118,145,178,223,281,297,215,98,19,467,79,2
Oman,2001,2573,332,396,64,36,29,52,103,109,160,225,321,491,522,126,53,50,50,59,72,88,104,121,145,176,219,272,302,220,104,22,432,81,2
Oman,2002,2591,308,370,62,36,31,54,108,113,168,230,327,485,536,134,57,51,52,61,75,93,106,124,149,178,219,266,307,229,110,24,406,85,2
Oman,2003,2512,290,349,59,33,29,49,103,109,161,222,317,464,537,141,53,50,50,59,72,89,102,120,144,173,211,253,301,236,114,27,382,78,3
Oman,2004,2500,274,327,53,30,28,49,106,112,165,225,319,452,539,147,54,52,52,60,74,91,104,121,146,173,208,244,293,246,118,29,357,77,3
Oman,2005,2540,262,312,50,28,27,49,110,116,170,230,328,467,545,152,55,55,55,61,76,94,107,123,147,181,209,258,287,258,121,31,340,76,3
Oman,2006,2594,252,300,48,27,27,49,114,124,175,239,340,484,553,161,56,58,60,64,77,98,111,128,150,190,214,270,287,266,127,34,327,76,4
Oman,2007,2686,252,308,56,32,28,50,121,132,180,245,349,499,565,169,60,61,65,67,80,100,115,130,154,195,222,277,295,270,133,36,340,78,4
Oman,2008,2719,256,304,48,24,24,48,121,133,183,252,354,510,582,177,59,62,65,68,80,103,120,132,158,196,236,274,310,272,139,38,328,72,4
Oman,2009,2789,270,318,48,24,23,46,120,140,187,259,360,520,598,186,57,63,68,72,82,105,126,133,164,196,252,268,330,268,148,38,342,69,5
Oman,2010,2683,285,336,51,21,18,34,97,120,162,239,339,510,602,194,45,52,58,62,71,91,117,122,157,182,259,251,337,265,155,39,357,52,5
Oman,2011,2817,303,357,54,21,17,33,98,125,169,256,366,556,612,205,45,53,60,65,74,95,123,133,169,197,273,283,344,268,162,43,378,50,6
Oman,2012,2945,321,376,55,20,16,29,97,129,169,269,395,604,628,210,44,53,61,68,74,95,126,143,177,218,284,320,350,278,164,46,396,45,6
Oman,2013,3097,339,396,57,20,13,27,97,134,175,281,426,658,655,213,42,55,62,72,78,97,130,151,190,236,300,358,361,294,165,48,416,40,6
Oman,2014,3207,354,413,59,19,12,24,92,135,173,286,443,698,688,215,37,55,62,73,78,95,131,155,196,247,315,383,376,312,165,50,432,36,6
Oman,2015,3300,367,429,62,18,12,21,80,135,176,285,451,738,726,219,31,49,61,74,81,95,127,158,197,254,331,407,400,326,165,54,447,33,7
Oman,2016,3384,376,440,64,18,11,18,72,132,176,284,459,772,766,225,27,45,59,73,81,95,124,160,199,260,343,429,430,336,168,57,458,29,7
Oman,2017,3533,383,451,68,19,11,18,71,137,188,293,476,813,812,236,26,45,61,76,89,99,127,166,202,274,362,451,465,347,178,58,470,29,8
Oman,2018,3659,384,455,71,21,12,18,67,138,200,301,492,845,858,245,26,41,61,77,94,106,130,171,209,283,377,468,496,362,189,56,476,30,8
Oman,2019,3772,376,449,73,22,13,18,65,143,212,306,511,865,901,260,24,41,63,80,101,111,132,174,218,293,387,478,520,381,202,58,471,31,9
Oman,2020,5226,362,435,73,22,15,23,76,177,288,447,880,1297,1240,317,29,47,74,103,134,154,189,258,363,517,630,667,703,537,252,65,457,38,10
Oman,2021,6485,341,413,72,27,18,37,117,253,392,587,1215,1620,1452,343,46,71,107,146,182,210,251,336,499,716,830,790,792,660,276,67,440,55,10
Pakistan,1950,586718,210591,304643,94052,18939,12659,14117,29289,26114,21177,22413,33851,51009,42032,10441,14995,14294,13570,12544,11076,10101,10640,11773,15458,18393,23204,27805,25010,17022,8161,2280,323582,26776,37
Pakistan,1951,558620,202575,289215,86640,18554,12508,13990,29022,25899,21079,22028,32354,46970,37917,8961,14867,14155,13448,12451,11027,10052,10554,11474,14838,17516,21570,25400,22809,15108,7105,1856,307769,26498,121
Pakistan,1952,538932,199715,280452,80737,18204,12387,13854,28747,25660,20976,21740,31030,43432,34540,7718,14753,13994,13330,12330,10998,9978,10519,11221,14272,16758,20242,23190,21037,13503,6126,1592,298656,26241,188
Pakistan,1953,523183,196777,273606,76829,17838,12298,13741,28541,25469,20926,21584,29936,40474,31803,6759,14680,13861,13246,12223,11003,9923,10541,11043,13801,16135,19200,21274,19597,12206,5381,1378,291444,26039,204
Pakistan,1954,511556,194325,268511,74186,17520,12292,13737,28529,25443,21001,21590,29105,38137,29483,6018,14698,13831,13243,12200,11063,9938,10618,10972,13471,15634,18390,19747,18304,11179,4829,1189,286031,26029,185
Pakistan,1955,498700,191726,263533,71807,16879,12101,13581,28195,25133,20867,21440,28167,35974,27269,5408,14537,13658,13080,12053,10987,9880,10586,10854,13101,15066,17570,18404,16971,10298,4359,1049,280412,25682,151
Pakistan,1956,491371,189584,259815,70231,16616,12062,13645,28314,25219,21051,21631,27724,34617,25596,4946,14601,13713,13115,12104,11063,9988,10693,10938,12976,14748,17082,17535,15909,9687,4002,944,276431,25707,130
Pakistan,1957,484311,187587,256263,68676,16454,11941,13671,28340,25218,21179,21799,27297,33454,24050,4521,14600,13740,13092,12126,11084,10095,10748,11051,12864,14433,16641,16813,14867,9183,3681,840,272717,25612,120
Pakistan,1958,477264,185920,253071,67151,16334,11717,13634,28222,25097,21206,21899,26849,32379,22592,4154,14520,13702,13004,12093,11042,10164,10746,11153,12742,14107,16201,16178,13874,8718,3397,757,269405,25351,109
Pakistan,1959,470985,184534,250366,65832,16301,11418,13570,28073,24942,21203,21985,26494,31413,21275,3851,14433,13640,12906,12036,10991,10212,10747,11238,12666,13828,15785,15628,13031,8244,3162,689,266667,24988,94
Pakistan,1960,465549,183238,247742,64504,16419,11107,13499,27991,24837,21224,22097,26268,30558,20121,3603,14391,13600,12845,11992,10966,10258,10783,11314,12647,13621,15403,15155,12356,7765,2971,632,264161,24606,83
Pakistan,1961,461041,182079,245276,63197,16568,10818,13394,27934,24773,21264,22260,26219,29883,19173,3405,14368,13566,12815,11958,10965,10299,10859,11401,12715,13504,15096,14787,11849,7324,2821,584,261844,24212,75
Pakistan,1962,455157,180403,242008,61605,16719,10605,13212,27691,24571,21209,22343,26171,29176,18233,3167,14267,13424,12718,11853,10927,10282,10922,11421,12797,13374,14759,14417,11387,6846,2661,506,258727,23817,57
Pakistan,1963,442516,178727,239040,60313,15975,9972,12370,26191,23267,20317,21687,25482,27992,17221,2956,13524,12667,12049,11218,10439,9878,10618,11069,12528,12954,14148,13844,10861,6360,2510,446,255015,22342,41
Pakistan,1964,434742,177194,237247,60053,15405,9556,11645,25064,22292,19738,21398,25317,27479,16738,2834,12963,12101,11537,10755,10102,9636,10472,10926,12476,12841,13886,13593,10643,6095,2421,413,252652,21201,29
Pakistan,1965,426776,176764,237129,60365,14945,9126,10694,23617,21068,18934,20858,24842,26709,16152,2678,12190,11427,10890,10178,9634,9300,10182,10676,12230,12612,13514,13195,10333,5819,2293,385,252074,19820,22
Pakistan,1966,412487,175301,233615,58314,13018,8154,9611,21885,19524,17816,20112,24355,26078,15754,2547,11266,10619,10075,9449,9003,8813,9760,10352,11931,12424,13216,12862,10116,5638,2182,365,246633,17765,16
Pakistan,1967,404066,175158,233061,57903,11903,7587,8695,20081,18135,16993,19654,24157,25761,15575,2450,10280,9801,9305,8830,8503,8490,9464,10190,11739,12418,13083,12678,10028,5547,2095,355,244964,16282,13
Pakistan,1968,396594,175212,232733,57521,10910,7080,7957,18483,16897,16216,19183,23932,25439,15397,2353,9393,9090,8621,8276,8038,8178,9158,10025,11515,12417,12955,12484,9928,5469,2010,343,243643,15037,10
Pakistan,1969,390788,175300,232733,57433,9992,6613,7366,17030,15803,15541,18809,23851,25383,15362,2293,8570,8460,8024,7779,7632,7909,8904,9905,11371,12480,12963,12420,9907,5455,1961,332,242725,13979,9
Pakistan,1970,381905,176173,233459,57286,8592,5840,6532,14884,14131,14415,17996,23360,25152,15280,2251,7403,7481,7132,6999,6990,7425,8444,9552,11027,12333,12860,12292,9838,5442,1930,321,242051,12372,9
Pakistan,1971,430767,184715,254008,69293,13804,7691,7902,17380,16508,17350,21218,27435,28813,16358,2289,8559,8821,8331,8177,8373,8977,9995,11223,12941,14494,14954,13859,10619,5739,1973,316,267812,15593,8
Pakistan,1972,390730,179183,236098,56915,8823,6133,6956,15045,14578,14959,18869,24835,26580,15642,2208,7409,7636,7369,7209,7250,7709,8830,10039,11725,13110,13772,12808,10075,5567,1916,292,244921,13089,7
Pakistan,1973,395132,181546,238758,57212,8758,6158,7024,14867,14550,15042,19111,25413,27370,15872,2206,7337,7530,7362,7188,7284,7758,8939,10172,12014,13399,14266,13104,10219,5653,1926,280,247516,13182,6
Pakistan,1974,404182,183522,241168,57646,9222,6591,7504,15473,15185,15633,19835,26484,28580,16259,2236,7721,7752,7705,7480,7587,8046,9288,10547,12546,13938,14975,13605,10482,5777,1960,276,250390,14095,6
Pakistan,1975,406277,185587,243229,57642,8740,6285,7346,15083,14933,15535,19921,26953,29392,16567,2287,7639,7444,7563,7370,7517,8018,9306,10615,12736,14217,15404,13988,10692,5875,1998,289,251969,13631,5
Pakistan,1976,412613,188392,246555,58163,8676,6282,7437,15169,15013,15715,20260,27678,30449,16994,2378,7811,7358,7585,7428,7587,8128,9444,10816,13034,14644,15930,14519,10989,6005,2062,316,255231,13719,9
Pakistan,1977,419890,191984,250810,58826,8585,6240,7495,15267,15062,15886,20597,28417,31558,17471,2483,7955,7312,7576,7486,7641,8245,9572,11025,13304,15113,16428,15130,11322,6149,2135,348,259395,13735,18
Pakistan,1978,424924,195951,255371,59420,8154,5969,7282,14951,14698,15758,20668,28912,32554,17978,2599,7841,7110,7334,7364,7529,8229,9558,11110,13424,15488,16816,15738,11670,6308,2216,383,263525,13251,29
Pakistan,1979,428752,200737,260968,60231,7466,5508,6842,14280,13962,15381,20499,29140,33418,18535,2712,7497,6783,6883,7079,7287,8094,9429,11070,13407,15733,17133,16285,12051,6484,2297,415,268434,12350,41
Pakistan,1980,436990,206875,268168,61293,7020,5194,6572,14100,13587,15305,20588,29609,34507,19302,2967,7367,6733,6621,6966,7218,8087,9441,11147,13536,16073,17598,16909,12558,6744,2442,525,275188,11766,75
Pakistan,1981,448246,215636,278402,62766,6429,4781,6185,13862,13184,15191,20629,30005,35646,20319,3461,7172,6690,6374,6810,7132,8059,9440,11189,13639,16366,18102,17544,13197,7122,2706,755,284831,10966,153
Pakistan,1982,462245,224720,289265,64545,6096,4537,5965,13916,13124,15333,20914,30651,36995,21432,3799,7130,6786,6331,6793,7190,8143,9570,11344,13893,16758,18766,18229,13935,7497,2909,890,295361,10502,218
Pakistan,1983,469686,231530,298022,66492,5521,4127,5434,13130,12472,15014,20766,30808,37939,22356,3863,6653,6477,6001,6471,7009,8005,9492,11274,13915,16893,19228,18711,14576,7780,2988,875,303543,9561,235
Pakistan,1984,475945,235335,303340,68005,5252,3923,5121,12672,12146,14969,20892,31275,39121,23289,3739,6357,6315,5867,6279,6970,7999,9542,11350,14091,17184,19808,19313,15235,8054,2985,754,308592,9044,205
Pakistan,1985,498870,237267,305858,68591,6774,4904,6330,15513,14538,17141,23151,34088,42173,24733,3530,7763,7750,7198,7340,8098,9043,10644,12507,15451,18637,21427,20746,16279,8454,2952,578,312632,11234,137
Pakistan,1986,517733,241044,310118,69074,7745,5479,6998,17228,16123,18586,24712,36102,44620,26172,3725,8565,8663,8133,7990,8827,9759,11396,13316,16396,19706,22651,21969,17214,8958,3096,629,317863,12477,123
Pakistan,1987,543366,244773,313962,69189,9596,6560,8256,20203,18830,20845,26999,38842,47588,27705,3861,10002,10201,9660,9170,9982,10863,12505,14494,17705,21137,24133,23455,18195,9510,3216,645,323558,14816,115
Pakistan,1988,547562,248047,318001,69954,9114,6187,7806,19298,18407,20663,27101,39256,48776,28773,4060,9483,9815,9461,8946,9784,10879,12504,14597,17798,21458,24567,24209,18793,9980,3366,694,327115,13993,122
Pakistan,1989,554968,250180,320457,70277,9155,6164,7768,19200,18733,20989,27712,40201,50353,29940,4174,9387,9813,9623,9110,9838,11151,12770,14942,18177,22024,25239,25114,19494,10446,3486,688,329612,13932,118
Pakistan,1990,553920,251211,321745,70534,8424,5707,7204,17834,18004,20430,27571,40347,51303,30966,4283,8677,9157,9165,8839,9415,11015,12667,14904,18159,22188,25584,25719,20112,10854,3609,674,330169,12911,108
Pakistan,1991,568430,251374,321693,70319,9380,6317,7869,19196,19727,21733,29221,42430,53813,32530,4428,9344,9852,10000,9727,9995,11738,13473,15748,19146,23284,26826,26987,21141,11389,3765,663,331073,14186,95
Pakistan,1992,594930,250915,320709,69794,11831,7834,9527,22688,23395,24476,32198,45879,57326,34391,4594,11093,11595,11862,11533,11372,13104,14969,17229,20869,25010,28679,28647,22428,11963,3940,654,332540,17361,82
Pakistan,1993,607936,244981,313361,68380,13861,9162,10816,24922,26015,26535,34590,48656,60102,35684,4194,12255,12667,13120,12895,12440,14095,16188,18402,22278,26378,30188,29914,23438,12246,3838,356,327222,19978,36
Pakistan,1994,611508,241303,308160,66857,14140,9481,11132,25318,26718,27248,35713,50062,61897,37066,4552,12523,12795,13362,13356,12878,14370,16758,18955,22959,27103,31100,30797,24338,12728,4089,463,322300,20613,19
Pakistan,1995,627699,237498,302465,64967,16041,10771,12516,27808,29335,29459,38205,52897,64761,38674,4753,13872,13936,14590,14745,14213,15246,18000,20205,24371,28526,32608,32153,25410,13264,4260,493,318506,23287,13
Pakistan,1996,621842,233684,296572,62888,15105,10358,12169,26822,28491,29299,38420,53460,65948,39957,5201,13450,13372,14021,14470,14267,15032,18041,20379,24565,28895,33116,32832,26137,13820,4545,656,311677,22527,36
Pakistan,1997,621693,229322,290128,60806,14948,10382,12362,26878,28537,29881,39284,54730,67672,41335,5504,13544,13334,13928,14609,14671,15210,18375,20909,25100,29630,33902,33770,26927,14408,4762,742,305076,22744,51
Pakistan,1998,616316,225461,284427,58966,14046,9945,12080,25999,27598,29835,39512,55426,68990,42606,5787,13141,12858,13354,14244,14657,15178,18338,21174,25316,30110,34435,34555,27621,14985,4971,816,298473,22025,68
Pakistan,1999,610280,221417,278303,56886,13030,9445,11735,25132,26595,29840,39665,56156,70341,43893,6061,12726,12406,12771,13824,14594,15246,18215,21450,25569,30587,35003,35338,28348,15545,5186,875,291333,21180,82
Pakistan,2000,611824,217394,272558,55164,12771,9423,11922,25421,26588,30728,40456,57717,72387,45420,6344,12909,12512,12724,13864,14931,15797,18392,22064,26270,31447,35978,36409,29274,16146,5419,925,285329,21345,93
Pakistan,2001,615079,215615,269354,53739,12240,9193,11888,25605,26405,31468,41054,59140,74414,47158,7001,13031,12574,12629,13776,15133,16335,18516,22538,26909,32231,36950,37464,30303,16855,5834,1167,281594,21081,160
Pakistan,2002,628037,213937,266364,52427,12748,9645,12623,27324,27609,33303,42780,61764,77370,49035,7286,13974,13350,13255,14354,15927,17376,19260,23520,28200,33564,38491,38879,31522,17513,6100,1186,279112,22268,182
Pakistan,2003,628073,210134,261521,51387,12456,9514,12574,27298,27275,33824,43467,63324,79375,50317,7025,14037,13261,13105,14170,15997,17827,19579,23888,28968,34356,39545,39830,32422,17895,6109,916,273977,22088,104
Pakistan,2004,624864,206287,256537,50250,11788,9085,12211,26737,26477,33803,43782,64535,81142,51648,7061,13802,12935,12745,13732,15771,18032,19842,23940,29534,35001,40432,40710,33301,18347,6234,827,268325,21296,62
Pakistan,2005,653259,205050,258963,53913,15521,12705,14821,30049,28435,35913,45860,67012,83729,53025,7190,15725,14324,13869,14566,16664,19249,21181,24679,30726,36286,41883,41846,34192,18833,6380,810,274484,27526,37
Pakistan,2006,607552,200470,248408,47938,9540,7517,10386,23387,23187,31823,43117,65256,83499,54083,7315,12053,11334,11144,12043,14343,17480,19993,23124,29635,35621,41424,42075,34771,19312,6536,779,257948,17903,28
Pakistan,2007,608281,201285,248172,46887,8917,7043,9844,22520,22286,31309,43433,66209,85375,55635,7514,11555,10965,10706,11580,13912,17397,20312,23121,29890,36319,42229,43146,35696,19939,6720,794,257089,16887,18
Pakistan,2008,610514,201184,247194,46010,8372,6654,9411,21959,21685,30945,44048,67417,87624,57418,7771,11200,10759,10412,11273,13590,17355,20688,23360,30186,37231,43204,44420,36756,20662,6953,818,255566,16065,16
Pakistan,2009,625640,200946,246737,45791,8809,6910,9784,23151,22589,31884,46229,70214,91433,59789,8103,11756,11395,10894,11695,13935,17949,21742,24487,31178,39036,45068,46365,38250,21539,7235,868,255546,16694,10
Pakistan,2010,630545,201242,246617,45375,8408,6646,9430,22811,22295,31536,47262,71262,93965,61796,8508,11522,11289,10755,11540,13683,17853,22083,25179,31268,39994,46257,47708,39472,22324,7556,952,255025,16076,12
Pakistan,2011,640904,199878,244191,44313,8358,6679,9540,23543,22990,32042,49335,73420,97623,64275,8894,11847,11696,11139,11851,13886,18156,22862,26473,31966,41454,48089,49534,41056,23219,7889,1005,252549,16219,11
Pakistan,2012,651387,197187,240470,43283,8529,6821,9731,24386,23864,32701,51510,75894,101571,66790,9101,12233,12153,11633,12231,14193,18508,23674,27836,32929,42965,50135,51436,42725,24065,8144,957,248999,16552,15
Pakistan,2013,647833,192975,235318,42343,8164,6535,9241,23395,23294,31965,51939,76622,103992,68666,8692,11666,11729,11390,11904,13839,18126,23600,28339,33206,43416,51398,52594,43980,24686,7864,828,243482,15776,8
Pakistan,2014,654442,186400,227362,40962,8414,6667,9446,23967,24086,32576,53847,79277,108353,71164,9273,11898,12069,11837,12249,14174,18402,24230,29617,34643,44634,53668,54685,45698,25466,8524,749,235776,16113,11
Pakistan,2015,646176,179327,218802,39475,7971,6306,8925,22703,23314,31682,53724,79922,110753,73119,8942,11184,11519,11451,11863,13788,17894,23867,29857,35353,44569,54795,55958,46949,26170,8236,706,226773,15231,12
Pakistan,2016,652429,173733,211382,37649,8100,6337,9051,23047,23962,32160,55113,82729,115063,76035,9437,11291,11756,11770,12192,14072,18088,24225,30888,37170,45559,56825,58238,48810,27225,8674,763,219482,15388,15
Pakistan,2017,645719,168597,204403,35806,7592,5921,8505,21690,23136,31226,54479,83472,117252,78163,9866,10548,11142,11288,11848,13649,17577,23651,30828,37813,45659,57585,59667,50073,28090,9030,836,211995,14426,16
Pakistan,2018,654802,164008,198195,34187,7723,5981,8662,22093,23910,31881,55667,86802,121820,81549,10505,10721,11372,11608,12302,13986,17895,23973,31694,39572,47230,59455,62365,52153,29396,9549,956,205918,14643,15
Pakistan,2019,665242,159687,192351,32664,7863,6082,8835,22594,24797,32697,56795,90548,126302,85136,11224,10970,11624,11982,12815,14392,18305,24304,32491,41317,49231,61098,65204,54383,30753,10089,1135,200214,14917,14
Pakistan,2020,697242,155553,186834,31281,7388,5730,7494,19378,23151,33855,62340,106294,139627,92814,12320,9311,10067,10817,12334,14545,19310,26176,36164,47975,58319,68505,71122,59029,33785,11003,1317,194222,13224,15
Pakistan,2021,725328,151012,180934,29922,7368,5835,7926,20811,25051,35960,65860,115592,147827,98862,13286,10050,10761,11725,13326,15512,20448,27653,38207,52413,63179,72248,75579,62874,35988,11741,1545,188302,13761,16
Palau,1950,61,13,17,4,0,0,0,0,0,0,0,2,10,14,1,0,0,0,0,0,0,0,0,0,2,5,5,9,5,1,0,17,0,0
Palau,1951,60,13,18,5,0,0,0,0,0,0,0,3,10,13,0,0,0,0,0,0,0,0,0,0,3,5,5,8,5,0,0,18,0,0
Palau,1952,59,12,17,5,0,0,0,0,0,0,0,3,10,11,1,0,0,0,0,0,0,0,0,0,3,5,5,6,5,1,0,17,0,0
Palau,1953,58,12,16,4,0,0,0,0,0,0,0,2,10,10,0,0,0,0,0,0,0,0,0,0,2,5,5,5,5,0,0,16,0,0
Palau,1954,57,13,17,4,0,0,0,0,0,0,0,2,10,10,1,0,0,0,0,0,0,0,0,0,2,5,5,5,5,1,0,17,0,0
Palau,1955,57,13,18,5,1,0,0,0,0,0,0,4,10,10,1,0,0,0,0,0,0,0,0,0,4,5,5,5,5,1,0,19,0,0
Palau,1956,57,14,19,5,1,0,0,0,0,0,0,5,10,10,1,0,0,0,0,0,0,0,0,0,5,5,5,5,5,1,0,20,0,0
Palau,1957,57,14,19,5,1,0,0,0,0,0,0,6,10,10,1,0,0,0,0,0,0,0,0,1,5,5,5,5,5,1,0,20,0,0
Palau,1958,56,15,20,5,1,0,0,0,0,0,0,6,10,9,0,0,0,0,0,0,0,0,0,1,5,5,5,5,4,0,0,21,0,0
Palau,1959,57,15,20,5,1,0,0,0,0,0,0,5,10,10,0,0,0,0,0,0,0,0,0,0,5,5,5,5,5,0,0,21,0,0
Palau,1960,57,15,20,5,1,0,0,0,0,0,0,6,10,7,0,0,0,0,0,0,0,0,0,1,5,5,5,5,2,0,0,21,0,0
Palau,1961,56,15,20,5,1,0,0,0,0,0,0,6,10,5,0,0,0,0,0,0,0,0,0,1,5,5,5,5,0,0,0,21,0,0
Palau,1962,56,15,20,5,1,0,0,0,0,0,0,5,10,6,0,0,0,0,0,0,0,0,0,0,5,5,5,5,1,0,0,21,0,0
Palau,1963,56,15,20,5,1,0,0,0,0,0,0,7,10,6,0,0,0,0,0,0,0,0,0,2,5,5,5,5,1,0,0,21,0,0
Palau,1964,56,14,19,5,1,0,0,0,0,0,0,7,10,6,0,0,0,0,0,0,0,0,0,2,5,5,5,5,1,0,0,20,0,0
Palau,1965,56,14,19,5,1,0,0,0,0,0,0,7,10,7,0,0,0,0,0,0,0,0,0,2,5,5,5,5,2,0,0,20,0,0
Palau,1966,55,14,19,5,1,0,0,0,0,0,0,7,10,7,0,0,0,0,0,0,0,0,0,2,5,5,5,5,2,0,0,20,0,0
Palau,1967,55,13,18,5,1,0,0,0,0,0,0,6,10,4,0,0,0,0,0,0,0,0,0,1,5,5,5,4,0,0,0,19,0,0
Palau,1968,54,12,16,4,1,0,0,0,0,0,0,6,10,9,0,0,0,0,0,0,0,0,0,2,4,5,5,5,4,0,0,17,0,0
Palau,1969,54,12,16,4,0,0,0,0,0,0,1,7,10,10,0,0,0,0,0,0,0,0,1,2,5,5,5,5,5,0,0,16,0,0
Palau,1970,54,12,16,4,0,0,0,0,0,0,0,8,10,10,1,0,0,0,0,0,0,0,0,3,5,5,5,5,5,1,0,16,0,0
Palau,1971,52,11,15,4,0,0,0,0,0,0,0,7,10,10,2,0,0,0,0,0,0,0,0,2,5,5,5,5,5,2,0,15,0,0
Palau,1972,52,10,14,4,0,0,0,0,0,0,0,6,10,10,2,0,0,0,0,0,0,0,0,1,5,5,5,5,5,2,0,14,0,0
Palau,1973,51,9,12,3,0,0,0,0,0,0,0,7,10,10,0,0,0,0,0,0,0,0,0,2,5,5,5,5,5,0,0,12,0,0
Palau,1974,51,9,12,3,0,0,0,0,0,0,3,7,10,9,0,0,0,0,0,0,0,0,3,2,5,5,5,5,4,0,0,12,0,0
Palau,1975,49,8,10,2,0,0,0,0,0,0,2,9,10,7,0,0,0,0,0,0,0,0,2,4,5,5,5,5,2,0,0,10,0,0
Palau,1976,47,7,9,2,0,0,0,0,0,0,1,10,10,8,0,0,0,0,0,0,0,0,1,5,5,5,5,5,3,0,0,9,0,0
Palau,1977,45,6,7,1,0,0,0,0,0,0,0,10,10,8,0,0,0,0,0,0,0,0,0,5,5,5,5,5,3,0,0,7,0,0
Palau,1978,44,6,7,1,0,0,0,0,0,0,0,9,10,9,0,0,0,0,0,0,0,0,0,4,5,5,5,5,4,0,0,7,0,0
Palau,1979,43,5,5,0,0,0,0,0,0,0,0,8,10,9,0,0,0,0,0,0,0,0,0,3,5,5,5,5,4,0,0,5,0,0
Palau,1980,43,5,5,0,0,0,0,0,0,0,2,7,10,10,0,0,0,0,0,0,0,0,2,2,5,5,5,5,5,0,0,5,0,0
Palau,1981,42,5,5,0,0,0,0,0,0,0,2,7,10,9,0,0,0,0,0,0,0,0,2,2,5,5,5,5,4,0,0,5,0,0
Palau,1982,42,5,5,0,0,0,0,0,0,0,2,9,10,9,0,0,0,0,0,0,0,0,2,4,5,5,5,5,4,0,0,5,0,0
Palau,1983,43,5,5,0,0,0,0,0,0,0,1,10,10,10,0,0,0,0,0,0,0,0,1,5,5,5,5,5,5,0,0,5,0,0
Palau,1984,44,5,5,0,0,0,0,0,0,0,1,10,10,10,0,0,0,0,0,0,0,0,1,5,5,5,5,5,5,0,0,5,0,0
Palau,1985,44,5,5,0,0,0,0,0,0,0,1,10,10,10,0,0,0,0,0,0,0,0,1,5,5,5,5,5,5,0,0,5,0,0
Palau,1986,46,5,5,0,0,0,0,0,0,0,3,10,10,8,0,0,0,0,0,0,0,0,3,5,5,5,5,5,3,0,0,5,0,0
Palau,1987,48,4,4,0,0,0,0,0,0,0,2,10,11,8,0,0,0,0,0,0,0,0,2,5,5,5,6,5,3,0,0,4,0,0
Palau,1988,51,5,5,0,0,0,0,0,0,0,2,10,12,9,0,0,0,0,0,0,0,0,2,5,5,5,7,6,3,0,0,5,0,0
Palau,1989,54,5,5,0,0,0,0,0,0,0,1,10,12,13,0,0,0,0,0,0,0,0,1,5,5,5,7,9,4,0,0,5,0,0
Palau,1990,58,5,5,0,0,0,0,0,0,0,1,10,14,16,0,0,0,0,0,0,0,0,1,5,5,5,9,10,6,0,0,5,0,0
Palau,1991,60,4,4,0,0,0,0,0,0,0,1,10,14,16,1,0,0,0,0,0,0,0,1,5,5,5,9,10,6,1,0,4,0,0
Palau,1992,62,5,5,0,0,0,0,0,0,0,1,10,14,14,2,0,0,0,0,0,0,0,1,5,5,5,9,9,5,2,0,5,0,0
Palau,1993,64,5,5,0,0,0,0,0,0,0,4,10,14,15,2,0,0,0,0,0,0,1,3,5,5,5,9,10,5,2,0,5,0,0
Palau,1994,66,5,5,0,0,0,0,0,0,0,6,10,17,15,3,0,0,0,0,0,0,1,5,5,5,7,10,10,5,3,0,5,0,0
Palau,1995,68,4,4,0,0,0,0,0,0,1,8,10,16,16,2,0,0,0,0,1,0,3,5,5,5,6,10,10,6,2,0,4,0,0
Palau,1996,70,4,4,0,0,0,0,0,2,10,10,10,17,17,2,0,0,0,2,5,5,5,5,5,5,7,10,10,7,2,0,4,0,0
Palau,1997,71,4,4,0,0,0,0,0,2,10,10,10,17,18,3,0,0,0,2,5,5,5,5,5,5,7,10,10,8,3,0,4,0,0
Palau,1998,70,3,3,0,0,0,0,0,1,10,10,10,18,19,3,0,0,0,1,5,5,5,5,5,5,8,10,10,9,3,0,3,0,0
Palau,1999,70,3,3,0,0,0,0,0,0,10,10,10,17,20,3,0,0,0,0,5,5,5,5,5,5,7,10,10,10,3,0,3,0,0
Palau,2000,69,3,3,0,0,0,0,0,0,7,10,10,16,19,5,0,0,0,0,2,5,5,5,5,5,6,10,9,10,5,0,3,0,0
Palau,2001,68,3,3,0,0,0,0,0,0,4,10,10,16,19,5,0,0,0,0,0,4,5,5,5,5,6,10,9,10,5,0,3,0,0
Palau,2002,68,3,3,0,0,0,0,0,0,5,10,10,16,20,7,0,0,0,0,0,5,5,5,5,5,6,10,10,10,7,0,3,0,0
Palau,2003,69,3,3,0,0,0,0,0,0,5,10,10,16,20,5,0,0,0,0,0,5,5,5,5,5,6,10,10,10,5,0,3,0,0
Palau,2004,73,3,3,0,0,0,0,0,0,7,10,10,15,20,7,0,0,0,0,2,5,5,5,5,5,5,10,10,10,6,1,3,0,0
Palau,2005,79,3,3,0,0,0,0,0,1,10,10,10,15,20,8,0,0,0,1,5,5,5,5,5,5,5,10,10,10,7,1,3,0,0
Palau,2006,82,3,3,0,0,0,0,0,2,10,10,10,14,20,8,0,0,0,2,5,5,5,5,5,5,5,9,10,10,7,1,3,0,0
Palau,2007,83,3,3,0,0,0,0,0,3,10,10,10,13,20,8,0,0,0,3,5,5,5,5,5,5,5,8,10,10,7,1,3,0,0
Palau,2008,84,3,3,0,0,0,0,0,4,10,10,10,13,20,8,0,0,0,4,5,5,5,5,5,5,5,8,10,10,7,1,3,0,0
Palau,2009,85,2,2,0,0,0,0,0,5,10,10,10,14,19,6,0,0,0,5,5,5,5,5,5,5,7,7,10,9,5,1,2,0,0
Palau,2010,85,2,2,0,0,0,0,0,5,10,10,10,13,15,6,0,0,0,5,5,5,5,5,5,5,8,5,10,5,5,1,2,0,0
Palau,2011,86,2,2,0,0,0,0,0,6,10,10,13,13,13,6,0,0,1,5,5,5,5,5,5,8,8,5,8,5,5,1,2,0,0
Palau,2012,86,2,2,0,0,0,0,0,6,10,12,18,18,10,5,0,0,1,5,5,5,5,7,8,10,10,8,5,5,4,1,2,0,0
Palau,2013,87,2,2,0,0,0,0,0,7,10,12,20,20,9,0,0,0,2,5,5,5,5,7,10,10,10,10,5,4,0,0,2,0,0
Palau,2014,92,2,2,0,0,0,0,0,8,10,15,20,20,11,0,0,0,3,5,5,5,5,10,10,10,10,10,6,5,0,0,2,0,0
Palau,2015,94,2,2,0,0,0,0,0,8,10,16,20,20,14,0,0,0,3,5,5,5,6,10,10,10,10,10,9,5,0,0,2,0,0
Palau,2016,95,2,2,0,0,0,0,0,7,10,16,20,20,13,1,0,0,2,5,5,5,6,10,10,10,10,10,8,5,1,0,2,0,0
Palau,2017,95,2,2,0,0,0,0,0,5,10,16,20,20,14,2,0,0,0,5,5,5,6,10,10,10,10,10,9,5,2,0,2,0,0
Palau,2018,94,2,2,0,0,0,0,0,4,10,15,20,20,15,1,0,0,0,4,5,5,5,10,10,10,10,10,10,5,1,0,2,0,0
Palau,2019,94,2,2,0,0,0,0,0,3,10,15,20,20,14,2,0,0,0,3,5,5,5,10,10,10,10,10,9,5,2,0,2,0,0
Palau,2020,92,2,2,0,0,0,0,0,1,10,14,20,20,15,2,0,0,0,1,5,5,5,9,10,10,10,10,10,5,2,0,2,0,0
Palau,2021,89,2,2,0,0,0,0,0,0,9,12,20,20,15,3,0,0,0,0,4,5,5,7,10,10,10,10,10,5,3,0,2,0,0
Palestine,1950,8608,2822,4185,1363,315,206,226,461,381,354,500,749,879,313,39,235,226,200,181,179,175,212,288,349,400,483,396,204,109,33,6,4500,432,1
Palestine,1951,8689,2851,4258,1407,316,209,230,465,387,354,484,739,887,322,40,236,229,204,183,179,175,205,279,347,392,476,411,221,101,34,6,4574,439,1
Palestine,1952,8723,2866,4298,1432,316,209,234,464,392,350,466,734,883,334,44,237,227,210,182,175,175,200,266,348,386,460,423,237,97,36,8,4614,443,1
Palestine,1953,8742,2879,4329,1450,315,209,238,466,397,351,450,727,876,348,42,241,225,213,184,175,176,198,252,346,381,443,433,255,93,35,7,4644,447,1
Palestine,1954,8753,2893,4349,1456,318,207,239,466,403,345,435,720,867,364,40,243,223,217,186,171,174,195,240,343,377,430,437,270,94,34,6,4667,446,1
Palestine,1955,8755,2905,4363,1458,323,207,241,467,405,343,422,711,851,384,39,244,223,217,188,170,173,193,229,336,375,417,434,282,102,33,6,4686,448,1
Palestine,1956,8747,2914,4370,1456,327,207,242,470,408,341,413,697,833,402,39,249,221,217,191,170,171,192,221,325,372,409,424,293,109,31,8,4697,449,1
Palestine,1957,8722,2920,4368,1448,329,205,240,475,410,338,406,682,816,422,36,252,223,215,195,170,168,191,215,309,373,404,412,303,119,29,7,4697,445,1
Palestine,1958,8687,2923,4358,1435,332,202,238,479,408,336,404,662,795,436,35,254,225,210,198,170,166,191,213,291,371,398,397,310,126,28,7,4690,440,1
Palestine,1959,8642,2924,4343,1419,330,199,236,481,408,334,398,645,780,445,36,255,226,209,199,171,163,189,209,277,368,395,385,311,134,30,6,4673,435,1
Palestine,1960,8583,2918,4318,1400,328,200,233,484,408,337,395,625,771,450,38,256,228,208,200,174,163,188,207,264,361,394,377,309,141,32,6,4646,433,1
Palestine,1961,8512,2905,4285,1380,326,199,231,484,405,337,391,603,762,450,41,253,231,206,199,176,161,185,206,255,348,392,370,304,146,35,6,4611,430,1
Palestine,1962,8429,2888,4243,1355,322,199,228,484,400,339,387,580,758,448,44,252,232,205,195,178,161,182,205,249,331,393,365,296,152,39,5,4565,427,1
Palestine,1963,8307,2852,4177,1325,319,196,223,477,395,340,381,556,754,442,45,246,231,205,190,180,160,178,203,245,311,392,362,286,156,40,5,4496,419,1
Palestine,1964,8166,2808,4100,1292,312,194,218,467,388,341,376,535,748,437,49,240,227,202,186,179,162,175,201,240,295,388,360,279,158,44,5,4412,412,1
Palestine,1965,7956,2741,3988,1247,305,189,215,456,379,338,369,517,732,426,52,233,223,200,179,177,161,171,198,236,281,376,356,272,154,45,7,4293,404,1
Palestine,1966,7711,2658,3856,1198,293,182,209,438,369,330,358,498,707,415,54,223,215,195,174,170,160,167,191,230,268,356,351,265,150,47,7,4149,391,1
Palestine,1967,7425,2545,3675,1130,280,174,206,427,369,334,353,478,674,398,54,218,209,195,174,170,164,166,187,224,254,330,344,256,142,47,7,3955,380,1
Palestine,1968,6998,2418,3478,1060,266,164,194,391,342,307,330,457,634,381,53,199,192,180,162,153,154,157,173,214,243,300,334,247,134,46,7,3744,358,1
Palestine,1969,6650,2299,3293,994,251,156,185,369,327,294,318,438,597,367,53,189,180,172,155,145,149,152,166,206,232,277,320,240,127,45,8,3544,341,1
Palestine,1970,6369,2202,3140,938,241,149,175,357,314,283,310,423,567,359,52,185,172,164,150,138,145,150,160,198,225,262,305,235,124,44,8,3381,324,1
Palestine,1971,6177,2132,3027,895,230,144,169,344,307,278,307,415,545,357,51,179,165,160,147,137,141,150,157,194,221,253,292,235,122,43,8,3257,313,1
Palestine,1972,6084,2098,2967,869,227,141,168,339,303,274,311,413,530,361,50,177,162,156,147,135,139,154,157,191,222,249,281,239,122,42,8,3194,309,1
Palestine,1973,6831,2087,2940,853,224,144,224,515,475,490,429,441,527,373,51,276,239,231,244,259,231,226,203,206,235,254,273,247,126,42,9,3164,368,1
Palestine,1974,6036,2079,2918,839,222,139,165,339,301,275,321,418,514,373,53,179,160,153,148,137,138,158,163,189,229,252,262,245,128,44,9,3140,304,1
Palestine,1975,5994,2063,2880,817,219,138,164,337,298,277,326,418,511,374,53,176,161,150,148,139,138,160,166,190,228,253,258,243,131,44,9,3099,302,1
Palestine,1976,5940,2042,2836,794,214,135,163,334,293,277,331,418,512,373,53,174,160,148,145,140,137,160,171,191,227,257,255,239,134,44,9,3050,298,1
Palestine,1977,5864,2009,2778,769,209,133,159,331,290,277,333,417,515,367,54,173,158,145,145,140,137,157,176,191,226,260,255,230,137,45,9,2987,292,1
Palestine,1978,5771,1967,2707,740,203,129,158,327,281,280,333,419,517,363,55,169,158,141,140,141,139,155,178,195,224,262,255,222,141,46,9,2910,287,1
Palestine,1979,5643,1912,2612,700,195,123,153,319,273,281,333,419,519,357,56,164,155,138,135,140,141,154,179,196,223,263,256,216,141,47,9,2807,276,1
Palestine,1980,5513,1856,2514,658,188,118,148,309,269,279,332,424,522,353,58,160,149,137,132,138,141,152,180,200,224,263,259,213,140,48,10,2702,266,1
Palestine,1981,5394,1804,2420,616,179,113,143,301,264,276,331,430,526,349,59,156,145,134,130,135,141,151,180,204,226,263,263,212,137,49,10,2599,256,1
Palestine,1982,5281,1754,2332,578,171,108,138,294,257,274,329,439,532,348,62,153,141,132,125,132,142,152,177,210,229,264,268,214,134,52,10,2503,246,1
Palestine,1983,5160,1701,2234,533,161,103,133,284,250,271,328,447,535,349,62,147,137,129,121,129,142,154,174,214,233,263,272,218,131,52,10,2395,236,1
Palestine,1984,5104,1671,2170,499,154,98,129,278,247,270,332,460,546,352,63,144,134,127,120,127,143,156,176,219,241,268,278,223,129,52,11,2324,227,1
Palestine,1985,5096,1652,2127,475,149,97,127,274,246,272,340,476,562,364,65,141,133,125,121,128,144,161,179,225,251,275,287,232,132,54,11,2276,224,1
Palestine,1986,4987,1603,2046,443,142,93,121,265,241,269,340,478,564,367,64,136,129,121,120,124,145,161,179,222,256,277,287,234,133,53,11,2188,214,1
Palestine,1987,4896,1560,1970,410,134,88,116,255,236,263,344,484,569,373,62,130,125,118,118,122,141,164,180,220,264,282,287,240,133,51,11,2104,204,1
Palestine,1988,5020,1583,1983,400,132,88,116,259,242,269,362,510,598,398,64,132,127,120,122,124,145,172,190,228,282,299,299,256,142,53,11,2115,204,1
Palestine,1989,5029,1572,1952,380,131,84,113,254,241,271,369,520,618,409,64,130,124,120,121,126,145,174,195,230,290,311,307,263,146,53,11,2083,197,1
Palestine,1990,5053,1570,1937,367,127,83,111,250,237,272,377,531,641,422,65,128,122,117,120,126,146,177,200,233,298,324,317,270,152,54,11,2064,194,1
Palestine,1991,5084,1562,1916,354,124,80,108,247,236,275,384,543,665,435,67,125,122,116,120,128,147,179,205,239,304,339,326,278,157,56,11,2040,188,1
Palestine,1992,5126,1553,1896,343,122,79,108,245,236,280,394,553,697,449,68,124,121,115,121,131,149,181,213,245,308,358,339,285,164,57,11,2018,187,1
Palestine,1993,5157,1528,1863,335,121,78,106,244,237,283,401,564,725,462,70,124,120,116,121,133,150,182,219,254,310,373,352,291,171,59,11,1984,184,1
Palestine,1994,5215,1509,1839,330,120,78,104,241,239,288,410,580,760,481,73,121,120,117,122,135,153,185,225,262,318,389,371,302,179,62,11,1959,182,1
Palestine,1995,5265,1481,1801,320,119,78,104,240,243,294,419,597,791,498,75,120,120,120,123,136,158,189,230,272,325,402,389,312,186,63,12,1920,182,1
Palestine,1996,5316,1448,1761,313,119,78,103,240,245,299,427,617,825,518,79,120,120,120,125,137,162,191,236,282,335,413,412,326,192,67,12,1880,181,1
Palestine,1997,5376,1420,1722,302,119,78,103,240,246,308,435,644,858,540,83,120,120,120,126,141,167,194,241,295,349,421,437,343,197,71,12,1841,181,1
Palestine,1998,5468,1406,1699,293,120,78,103,240,250,317,444,668,893,566,86,120,120,121,129,144,173,198,246,305,363,431,462,361,205,74,12,1819,181,1
Palestine,1999,5533,1384,1665,281,119,78,103,240,250,321,451,691,924,594,93,120,120,121,129,145,176,203,248,314,377,442,482,381,213,79,14,1784,181,1
Palestine,2000,5640,1363,1635,272,117,78,106,249,259,336,468,716,955,624,97,124,125,125,134,153,183,213,255,323,393,455,500,402,222,81,16,1752,184,1
Palestine,2001,5707,1331,1595,264,114,78,107,254,266,349,475,733,979,657,100,128,126,127,139,160,189,218,257,326,407,466,513,425,232,84,16,1709,185,1
Palestine,2002,5769,1307,1581,274,118,81,108,249,260,343,479,752,1006,692,104,124,125,125,135,155,188,222,257,330,422,483,523,450,242,88,16,1699,189,1
Palestine,2003,5740,1251,1496,245,107,78,106,246,257,345,481,760,1027,727,108,124,122,122,135,156,189,226,255,327,433,499,528,472,255,90,18,1603,184,2
Palestine,2004,5791,1221,1458,237,103,77,106,246,258,352,486,772,1055,764,113,125,121,122,136,160,192,228,258,328,444,515,540,493,271,95,18,1561,183,2
Palestine,2005,5819,1193,1421,228,100,75,104,239,249,347,489,784,1093,799,118,120,119,118,131,156,191,226,263,329,455,536,557,511,288,100,18,1521,179,2
Palestine,2006,5894,1160,1380,220,97,74,106,243,254,355,502,791,1130,835,125,123,120,121,133,159,196,232,270,329,462,556,574,528,307,105,20,1477,180,2
Palestine,2007,5960,1124,1337,213,95,71,107,245,254,359,514,798,1175,868,133,125,120,121,133,160,199,236,278,332,466,578,597,541,327,111,22,1432,178,2
Palestine,2008,6119,1120,1345,225,101,74,107,248,256,365,530,810,1231,906,144,125,123,121,135,162,203,242,288,336,474,604,627,556,350,120,24,1446,181,2
Palestine,2009,6236,1114,1335,221,99,72,108,249,258,371,544,821,1278,946,152,125,124,122,136,163,208,247,297,345,476,624,654,577,369,128,24,1434,180,2
Palestine,2010,6277,1108,1307,199,90,66,104,247,254,371,546,829,1317,981,164,125,122,121,133,162,209,249,297,353,476,637,680,597,384,138,26,1397,170,2
Palestine,2011,6350,1089,1284,195,88,64,103,248,254,372,554,838,1351,1017,175,125,123,121,133,162,210,253,301,361,477,646,705,618,399,148,27,1372,167,3
Palestine,2012,6427,1064,1258,194,86,63,100,249,255,372,563,848,1384,1056,190,125,124,121,134,162,210,257,306,370,478,651,733,645,411,161,29,1344,163,3
Palestine,2013,6504,1046,1239,193,86,63,95,246,253,366,569,864,1418,1098,205,124,122,121,132,158,208,260,309,382,482,655,763,674,424,173,32,1325,158,3
Palestine,2014,7088,1092,1384,292,131,79,110,287,291,408,612,917,1483,1162,219,144,143,140,151,179,229,280,332,408,509,678,805,716,446,184,35,1515,189,3
Palestine,2015,6744,1039,1227,188,85,60,92,247,260,370,588,901,1474,1205,232,122,125,125,135,159,211,266,322,394,507,665,809,741,464,193,39,1312,152,4
Palestine,2016,6850,1011,1196,185,82,58,90,245,262,375,598,924,1499,1266,247,120,125,126,136,163,212,270,328,402,522,670,829,778,488,205,42,1278,148,4
Palestine,2017,6947,977,1160,183,82,58,88,244,263,376,608,948,1518,1334,261,118,126,126,137,163,213,272,336,409,539,676,842,819,515,215,46,1242,146,4
Palestine,2018,7069,945,1125,180,81,58,88,248,271,385,619,977,1536,1405,277,118,130,130,141,168,217,276,343,417,560,683,853,857,548,225,52,1206,146,5
Palestine,2019,7204,923,1107,184,85,58,87,242,270,384,627,1001,1565,1477,295,113,129,130,140,167,217,277,350,427,574,702,863,895,582,240,55,1192,145,5
Palestine,2020,7875,888,1058,170,80,58,86,235,277,415,714,1171,1773,1671,329,109,126,131,146,178,237,311,403,504,667,818,955,1002,669,268,61,1138,144,6
Palestine,2021,8704,872,1061,189,91,61,88,243,294,449,805,1366,1994,1879,365,113,130,139,155,192,257,345,460,595,771,939,1055,1113,766,299,66,1152,149,7
Panama,1950,5018,1393,2077,684,278,97,155,427,368,290,299,438,361,197,29,218,209,184,184,141,149,151,148,239,199,183,178,125,72,25,4,2355,252,1
Panama,1951,4876,1415,2117,702,223,84,133,372,345,259,313,431,365,201,33,187,185,168,177,133,126,149,164,224,207,190,175,128,73,27,6,2340,217,1
Panama,1952,4884,1420,2130,710,208,84,130,336,334,259,327,440,384,216,37,168,168,161,173,137,122,153,174,222,218,202,182,137,79,30,7,2338,214,1
Panama,1953,4989,1423,2141,718,213,89,137,313,332,273,336,456,417,238,41,155,158,160,172,144,129,155,181,227,229,219,198,150,88,34,7,2354,226,1
Panama,1954,5125,1420,2146,726,228,96,146,300,333,291,343,473,457,264,45,149,151,163,170,153,138,159,184,233,240,239,218,165,99,37,8,2374,242,1
Panama,1955,5234,1417,2149,732,244,101,151,293,332,305,346,487,486,287,51,145,148,164,168,158,147,160,186,238,249,252,234,180,107,42,9,2393,252,1
Panama,1956,5288,1411,2149,738,251,102,149,290,327,310,349,490,507,306,57,143,147,163,164,159,151,160,189,238,252,263,244,191,115,46,11,2400,251,1
Panama,1957,5297,1406,2149,743,252,100,141,286,317,308,349,490,521,322,58,141,145,159,158,158,150,158,191,238,252,269,252,201,121,47,11,2401,241,1
Panama,1958,5272,1398,2146,748,248,96,133,283,304,303,345,485,528,337,61,141,142,152,152,153,150,154,191,235,250,270,258,209,128,50,11,2394,229,1
Panama,1959,5227,1392,2148,756,237,90,125,279,289,293,340,478,534,348,64,140,139,144,145,148,145,152,188,231,247,271,263,215,133,53,11,2385,215,1
Panama,1960,5176,1386,2149,763,223,85,118,272,270,286,333,472,538,361,67,138,134,132,138,142,144,151,182,229,243,269,269,223,138,55,12,2372,203,2
Panama,1961,5129,1380,2151,771,206,80,116,262,254,280,325,466,544,374,71,135,127,121,133,137,143,152,173,228,238,266,278,229,145,58,13,2357,196,2
Panama,1962,5097,1372,2154,782,193,77,112,251,240,276,317,464,550,387,75,131,120,112,128,133,143,153,164,228,236,263,287,237,150,61,14,2347,189,2
Panama,1963,5086,1361,2152,791,185,74,112,244,229,276,315,465,557,399,78,129,115,105,124,131,145,158,157,230,235,263,294,243,156,63,15,2337,186,2
Panama,1964,5097,1342,2143,801,184,73,112,237,225,277,316,469,563,409,83,126,111,102,123,130,147,162,154,231,238,263,300,247,162,67,16,2327,185,2
Panama,1965,5135,1316,2124,808,194,77,117,234,231,281,323,482,567,417,87,125,109,105,126,130,151,167,156,235,247,267,300,249,168,71,16,2318,194,2
Panama,1966,5215,1295,2106,811,214,82,119,235,241,286,337,500,571,427,91,124,111,111,130,133,153,173,164,239,261,273,298,254,173,74,17,2320,201,2
Panama,1967,5280,1261,2065,804,238,86,122,237,255,292,352,521,579,433,97,125,112,119,136,137,155,177,175,243,278,282,297,255,178,78,19,2303,208,2
Panama,1968,5346,1227,2021,794,262,92,124,238,270,298,367,539,589,442,104,125,113,128,142,140,158,180,187,245,294,291,298,260,182,83,21,2283,216,3
Panama,1969,5376,1193,1969,776,274,96,124,238,279,297,381,552,603,452,109,124,114,134,145,141,156,183,198,249,303,302,301,264,188,86,23,2243,220,3
Panama,1970,5373,1165,1927,762,272,99,122,234,277,295,385,556,624,466,114,121,113,133,144,140,155,180,205,251,305,312,312,272,194,91,23,2199,221,3
Panama,1971,5265,1122,1848,726,245,95,115,226,264,285,383,549,648,481,122,115,111,125,139,135,150,177,206,255,294,320,328,282,199,96,26,2093,210,4
Panama,1972,5156,1084,1777,693,217,93,109,215,248,273,375,540,676,499,130,110,105,116,132,129,144,172,203,257,283,330,346,294,205,102,28,1994,202,4
Panama,1973,5047,1042,1702,660,187,88,104,206,233,264,370,532,704,520,137,105,101,107,126,124,140,168,202,259,273,340,364,307,213,106,31,1889,192,5
Panama,1974,4953,1000,1621,621,162,83,99,201,219,255,364,530,727,540,143,103,98,100,119,119,136,164,200,263,267,348,379,319,221,111,32,1783,182,5
Panama,1975,4898,963,1543,580,148,81,99,196,213,254,366,539,744,561,150,100,96,96,117,118,136,164,202,268,271,356,388,332,229,115,35,1691,180,5
Panama,1976,4882,933,1470,537,141,80,99,195,210,255,374,560,754,580,156,100,95,95,115,119,136,168,206,275,285,363,391,342,238,120,36,1611,179,6
Panama,1977,4895,914,1407,493,139,77,99,197,215,259,385,586,763,599,164,102,95,97,118,120,139,174,211,280,306,370,393,352,247,125,39,1546,176,7
Panama,1978,4935,907,1361,454,137,77,102,201,217,263,393,617,772,616,170,104,97,99,118,122,141,178,215,288,329,377,395,359,257,128,42,1498,179,7
Panama,1979,4963,907,1316,409,133,74,103,200,219,267,396,645,787,636,177,104,96,101,118,125,142,180,216,292,353,385,402,367,269,134,43,1449,177,8
Panama,1980,4990,916,1287,371,128,69,103,199,219,266,398,661,810,656,189,103,96,102,117,125,141,182,216,292,369,396,414,374,282,142,47,1415,172,9
Panama,1981,5004,929,1266,337,116,64,99,197,217,258,388,673,837,678,198,102,95,101,116,120,138,178,210,292,381,406,431,387,291,149,49,1382,163,9
Panama,1982,5010,937,1246,309,107,59,94,194,212,249,374,672,871,704,210,99,95,99,113,116,133,171,203,287,385,420,451,400,304,159,51,1353,153,10
Panama,1983,5019,939,1225,286,98,55,92,193,206,246,363,669,908,735,223,98,95,97,109,115,131,165,198,282,387,434,474,419,316,168,55,1323,147,11
Panama,1984,5031,925,1192,267,89,54,88,190,203,242,356,663,942,764,235,95,95,97,106,113,129,161,195,277,386,447,495,438,326,178,57,1281,142,12
Panama,1985,5056,899,1149,250,84,53,87,190,203,245,355,661,969,796,250,95,95,97,106,115,130,159,196,274,387,457,512,461,335,188,62,1233,140,13
Panama,1986,5105,870,1110,240,80,53,87,195,205,255,364,663,993,828,259,95,100,100,105,119,136,162,202,276,387,467,526,482,346,195,64,1190,140,13
Panama,1987,5170,836,1065,229,78,54,88,201,212,269,374,666,1011,867,272,96,105,105,107,125,144,164,210,278,388,476,535,506,361,204,68,1143,142,14
Panama,1988,5271,807,1033,226,81,59,92,209,218,288,392,669,1026,903,280,99,110,108,110,134,154,171,221,282,387,484,542,528,375,209,71,1114,151,15
Panama,1989,5511,796,1042,246,92,66,99,227,236,318,419,690,1060,949,293,107,120,117,119,149,169,184,235,293,397,502,558,553,396,217,76,1134,165,15
Panama,1990,5433,758,972,214,80,62,94,220,231,313,419,682,1058,982,302,102,118,114,117,146,167,184,235,291,391,500,558,568,414,223,79,1052,156,16
Panama,1991,5546,732,950,218,85,64,97,227,242,322,431,693,1076,1026,315,107,120,118,124,151,171,191,240,297,396,506,570,587,439,232,83,1035,161,17
Panama,1992,5618,714,930,216,87,64,97,230,249,326,431,700,1094,1064,328,110,120,120,129,153,173,194,237,300,400,510,584,602,462,242,86,1017,161,17
Panama,1993,5662,697,907,210,84,60,93,229,252,324,432,707,1110,1099,343,109,120,120,132,152,172,197,235,302,405,512,598,614,485,254,89,991,153,18
Panama,1994,5732,685,895,210,84,59,93,231,259,326,437,718,1127,1129,357,111,120,122,137,154,172,204,233,306,412,513,614,625,504,265,92,979,152,19
Panama,1995,5804,676,887,211,83,58,90,231,268,330,444,723,1142,1152,371,111,120,125,143,157,173,210,234,308,415,513,629,632,520,278,93,970,148,20
Panama,1996,5871,668,880,212,82,55,90,233,275,341,453,730,1153,1172,388,110,123,128,147,163,178,215,238,312,418,514,639,639,533,292,96,962,145,20
Panama,1997,5938,662,874,212,77,54,89,234,287,349,469,736,1161,1188,400,108,126,135,152,168,181,223,246,314,422,515,646,646,542,303,97,951,143,20
Panama,1998,6002,658,871,213,76,53,89,235,292,359,480,742,1167,1203,416,106,129,137,155,173,186,229,251,319,423,517,650,656,547,315,101,947,142,21
Panama,1999,6057,654,867,213,73,51,89,233,297,367,494,749,1174,1216,428,104,129,140,157,178,189,233,261,325,424,521,653,665,551,324,104,940,140,21
Panama,2000,6102,649,860,211,73,49,88,228,300,369,501,756,1180,1235,444,103,125,140,160,178,191,233,268,333,423,526,654,679,556,333,111,933,137,22
Panama,2001,6141,644,853,209,73,49,89,222,296,371,506,765,1192,1251,455,102,120,136,160,178,193,231,275,341,424,535,657,690,561,339,116,926,138,22
Panama,2002,6183,638,843,205,73,49,89,215,291,367,510,777,1204,1272,469,102,113,132,159,175,192,229,281,351,426,543,661,701,571,347,122,916,138,24
Panama,2003,6232,630,832,202,75,49,89,211,288,365,511,788,1217,1298,482,104,107,128,160,173,192,227,284,359,429,553,664,713,585,353,129,907,138,25
Panama,2004,6311,630,830,200,75,49,89,209,284,367,519,802,1235,1330,500,105,104,126,158,172,195,228,291,368,434,563,672,726,604,363,137,905,138,27
Panama,2005,6393,617,812,195,72,49,89,207,283,373,530,814,1252,1364,524,105,102,125,158,173,200,234,296,374,440,573,679,739,625,377,147,884,138,30
Panama,2006,6512,605,797,192,69,48,89,210,282,384,547,826,1271,1407,554,105,105,125,157,176,208,244,303,378,448,583,688,754,653,396,158,866,137,34
Panama,2007,6653,594,781,187,62,47,87,216,284,401,567,840,1292,1453,586,106,110,127,157,182,219,257,310,380,460,593,699,772,681,416,170,843,134,38
Panama,2008,6838,589,775,186,59,48,87,224,287,419,594,857,1316,1503,627,107,117,130,157,189,230,273,321,385,472,604,712,794,709,443,184,834,135,43
Panama,2009,7015,575,756,181,55,47,87,229,292,436,619,881,1344,1554,666,106,123,134,158,194,242,288,331,393,488,617,727,815,739,470,196,811,134,49
Panama,2010,7229,567,747,180,54,48,87,234,296,450,642,916,1379,1608,706,106,128,137,159,199,251,301,341,407,509,633,746,842,766,499,207,801,135,54
Panama,2011,7445,561,736,175,54,49,89,238,300,458,666,958,1420,1667,748,107,131,138,162,202,256,311,355,427,531,652,768,871,796,527,221,790,138,60
Panama,2012,7672,554,727,173,54,51,92,236,304,463,685,1007,1468,1724,793,106,130,141,163,204,259,317,368,450,557,675,793,901,823,556,237,781,143,65
Panama,2013,7885,538,710,172,57,54,92,236,305,464,701,1057,1515,1789,838,106,130,142,163,204,260,320,381,475,582,696,819,936,853,584,254,767,146,71
Panama,2014,8095,523,694,171,57,55,92,234,307,462,718,1101,1559,1852,885,105,129,144,163,204,258,325,393,495,606,715,844,969,883,612,273,751,147,78
Panama,2015,8278,505,671,166,56,54,92,229,307,461,733,1131,1603,1918,936,101,128,145,162,204,257,329,404,506,625,735,868,1004,914,642,294,727,146,85
Panama,2016,8461,488,651,163,54,52,89,225,309,464,750,1151,1644,1986,990,97,128,148,161,205,259,335,415,512,639,753,891,1038,948,674,316,705,141,94
Panama,2017,8670,472,632,160,53,49,87,226,313,472,771,1179,1703,2049,1036,96,130,150,163,208,264,344,427,522,657,780,923,1072,977,699,337,685,136,103
Panama,2018,8941,454,610,156,52,48,83,233,328,491,805,1228,1783,2100,1067,100,133,156,172,215,276,359,446,544,684,816,967,1102,998,715,352,662,131,110
Panama,2019,9339,437,589,152,57,48,85,252,361,523,863,1327,1916,2138,1070,112,140,166,195,228,295,382,481,595,732,878,1038,1130,1008,715,355,646,133,115
Panama,2020,10508,429,583,154,51,55,80,244,360,553,970,1557,2190,2505,1227,109,135,165,195,237,316,421,549,691,866,1031,1159,1292,1213,826,401,634,135,134
Panama,2021,11326,417,561,144,44,50,81,253,372,575,1041,1698,2367,2778,1354,113,140,169,203,246,329,448,593,760,938,1116,1251,1412,1366,911,443,605,131,153
Papua New Guinea,1950,14350,5485,8498,3013,808,469,595,1328,1026,553,309,347,299,111,9,678,650,572,454,333,220,156,153,172,175,169,130,78,33,9,0,9306,1064,0
Papua New Guinea,1951,16636,5694,9031,3337,1067,698,809,1719,1332,731,377,393,338,128,13,881,838,742,590,436,295,199,178,196,197,193,145,89,39,12,1,10098,1507,0
Papua New Guinea,1952,14510,5554,8590,3036,776,432,569,1330,1083,620,316,335,308,133,16,671,659,596,487,368,252,171,145,164,171,172,136,90,43,15,1,9366,1001,0
Papua New Guinea,1953,14629,5585,8624,3039,770,422,558,1335,1119,659,335,335,313,136,18,670,665,612,507,389,270,190,145,164,171,173,140,90,46,16,2,9394,980,0
Papua New Guinea,1954,14609,5577,8603,3026,768,406,533,1304,1128,692,356,336,322,142,18,650,654,612,516,404,288,208,148,164,172,177,145,95,47,16,2,9371,939,0
Papua New Guinea,1955,14717,5570,8575,3005,787,402,524,1304,1164,738,388,343,330,146,20,645,659,626,538,429,309,232,156,167,176,181,149,98,48,17,3,9362,926,0
Papua New Guinea,1956,14752,5552,8518,2966,801,400,509,1284,1185,780,424,347,336,151,20,630,654,631,554,448,332,255,169,169,178,184,152,100,51,17,3,9319,909,0
Papua New Guinea,1957,14715,5530,8446,2916,806,394,489,1242,1186,816,466,355,342,152,19,605,637,626,560,464,352,278,188,173,182,187,155,101,51,16,3,9252,883,0
Papua New Guinea,1958,14731,5506,8373,2867,816,392,479,1215,1199,857,514,362,351,155,19,586,629,626,573,484,373,300,214,177,185,191,160,104,51,16,3,9189,871,0
Papua New Guinea,1959,14747,5458,8273,2815,824,398,473,1194,1212,898,562,373,360,157,19,572,622,627,585,502,396,324,238,184,189,195,165,106,51,16,3,9097,871,0
Papua New Guinea,1960,14753,5420,8173,2753,827,404,469,1169,1222,939,613,386,368,164,20,557,612,627,595,521,418,348,265,194,192,199,169,111,53,17,3,9000,873,0
Papua New Guinea,1961,14668,5386,8074,2688,815,404,459,1124,1206,965,659,399,371,170,23,535,589,613,593,530,435,369,290,206,193,201,170,115,55,20,3,8889,863,0
Papua New Guinea,1962,14815,5383,8054,2671,829,419,466,1131,1226,1008,693,402,370,189,29,538,593,621,605,551,457,388,305,217,185,198,172,124,65,25,4,8883,885,0
Papua New Guinea,1963,14533,5323,7894,2571,798,402,449,1088,1189,1006,702,398,362,207,34,519,569,600,589,546,460,393,309,226,172,191,171,131,76,30,4,8692,851,0
Papua New Guinea,1964,14378,5285,7798,2513,783,391,440,1064,1167,1010,714,393,350,223,44,509,555,588,579,544,466,401,313,233,160,183,167,137,86,37,7,8581,831,0
Papua New Guinea,1965,14232,5244,7702,2458,770,379,433,1048,1146,1013,722,384,335,243,56,503,545,576,570,541,472,406,316,239,145,170,165,144,99,45,11,8472,812,0
Papua New Guinea,1966,14050,5204,7601,2397,755,366,423,1028,1121,1012,729,378,313,258,64,494,534,564,557,536,476,411,318,242,136,153,160,148,110,53,11,8356,789,1
Papua New Guinea,1967,13842,5159,7487,2328,740,355,412,1003,1094,1004,737,379,286,268,73,481,522,549,545,527,477,417,320,244,135,134,152,149,119,59,14,8227,767,1
Papua New Guinea,1968,13639,5111,7382,2271,725,346,402,979,1069,996,743,380,259,275,82,468,511,536,533,519,477,421,322,243,137,115,144,150,125,66,16,8107,748,1
Papua New Guinea,1969,13527,5064,7276,2212,718,344,396,978,1065,1002,761,385,228,282,89,467,511,533,532,518,484,431,330,242,143,95,133,150,132,71,18,7994,740,1
Papua New Guinea,1970,13292,5004,7159,2155,700,337,380,949,1036,986,773,394,201,282,94,451,498,518,518,506,480,437,336,244,150,79,122,146,136,76,18,7859,717,2
Papua New Guinea,1971,13127,4943,7047,2104,691,336,369,930,1019,980,790,404,177,280,100,440,490,509,510,499,481,444,346,249,155,71,106,143,137,80,20,7738,705,2
Papua New Guinea,1972,12936,4867,6915,2048,674,332,360,911,1004,974,808,412,161,278,108,431,480,501,503,494,480,452,356,255,157,71,90,139,139,85,23,7589,692,2
Papua New Guinea,1973,12730,4763,6733,1970,659,335,356,882,987,979,862,443,147,248,99,418,464,491,496,493,486,475,387,279,164,76,71,122,126,76,23,7392,691,2
Papua New Guinea,1974,12503,4648,6545,1897,638,335,354,848,964,976,913,478,138,221,90,401,447,478,486,488,488,493,420,305,173,82,56,107,114,69,21,7183,689,2
Papua New Guinea,1975,12282,4537,6362,1825,614,333,352,816,936,973,961,519,133,195,86,386,430,462,474,484,489,509,452,335,184,90,43,92,103,65,21,6976,685,2
Papua New Guinea,1976,12134,4442,6201,1759,594,333,359,793,920,971,1005,573,132,173,75,375,418,453,467,480,491,522,483,371,202,96,36,79,94,57,18,6795,692,2
Papua New Guinea,1977,11985,4354,6045,1691,575,330,365,775,897,968,1047,629,136,151,69,369,406,439,458,476,492,533,514,407,222,99,37,65,86,52,17,6620,695,2
Papua New Guinea,1978,11823,4267,5901,1634,550,321,365,750,867,956,1075,697,145,130,62,360,390,422,445,468,488,537,538,447,250,105,40,53,77,47,15,6451,686,2
Papua New Guinea,1979,11714,4181,5761,1580,532,314,369,735,842,949,1105,772,161,108,59,358,377,407,435,460,489,543,562,490,282,115,46,39,69,44,15,6293,683,2
Papua New Guinea,1980,11691,4112,5644,1532,520,309,375,737,832,952,1138,858,184,93,52,366,371,401,431,460,492,551,587,536,322,130,54,30,63,40,12,6164,684,2
Papua New Guinea,1981,11614,4066,5550,1484,500,296,372,721,805,938,1153,941,210,81,49,366,355,386,419,450,488,552,601,575,366,150,60,25,56,37,12,6050,668,2
Papua New Guinea,1982,11659,4046,5496,1450,494,296,379,739,804,936,1149,985,215,96,69,380,359,387,417,449,487,549,600,595,390,156,59,33,63,51,18,5990,675,3
Papua New Guinea,1983,11708,4058,5493,1435,486,291,379,750,793,929,1140,1025,225,105,86,388,362,384,409,444,485,544,596,606,419,168,57,42,63,62,24,5979,670,4
Papua New Guinea,1984,11777,4057,5462,1405,481,291,383,774,795,929,1137,1067,240,115,99,401,373,386,409,444,485,544,593,619,448,183,57,51,64,71,28,5943,674,4
Papua New Guinea,1985,11820,4064,5456,1392,472,287,382,789,786,921,1126,1097,261,123,108,408,381,381,405,440,481,541,585,621,476,205,56,58,65,76,32,5928,669,5
Papua New Guinea,1986,11965,4070,5453,1383,472,291,388,825,799,930,1130,1134,297,130,115,425,400,388,411,444,486,545,585,628,506,235,62,62,68,80,35,5925,679,6
Papua New Guinea,1987,12045,4078,5446,1368,468,289,389,845,805,925,1125,1157,336,134,122,432,413,392,413,441,484,544,581,627,530,267,69,60,74,82,40,5914,678,7
Papua New Guinea,1988,12251,4086,5451,1365,478,297,399,885,832,935,1136,1182,386,137,125,449,436,409,423,444,491,551,585,628,554,305,81,59,78,84,41,5929,696,7
Papua New Guinea,1989,12348,4087,5438,1351,474,292,399,905,847,937,1137,1191,444,144,127,454,451,421,426,445,492,551,586,623,568,343,101,59,85,85,42,5912,691,8
Papua New Guinea,1990,12544,4085,5426,1341,481,295,407,931,873,956,1156,1223,521,143,125,461,470,440,433,455,501,560,596,630,593,393,128,58,85,82,43,5907,702,8
Papua New Guinea,1991,12926,4087,5436,1349,500,308,418,954,913,985,1212,1325,644,121,101,469,485,464,449,470,515,582,630,672,653,473,171,54,67,65,36,5936,726,8
Papua New Guinea,1992,13181,4110,5443,1333,495,303,419,964,942,999,1246,1394,751,127,89,471,493,482,460,479,520,594,652,701,693,535,216,61,66,57,32,5938,722,7
Papua New Guinea,1993,13587,4166,5498,1332,507,313,430,990,985,1024,1281,1461,860,142,83,483,507,505,480,495,529,609,672,731,730,593,267,75,67,55,28,6005,743,6
Papua New Guinea,1994,13944,4212,5540,1328,509,315,437,1009,1024,1045,1311,1525,974,165,81,493,516,524,500,506,539,620,691,761,764,649,325,96,69,56,25,6049,752,6
Papua New Guinea,1995,14311,4253,5584,1331,511,321,444,1023,1065,1067,1338,1590,1088,196,81,500,523,542,523,517,550,630,708,791,799,702,386,121,75,57,24,6095,765,5
Papua New Guinea,1996,14881,4314,5653,1339,525,337,466,1072,1132,1114,1388,1669,1209,232,79,525,547,573,559,542,572,652,736,830,839,757,452,153,79,58,21,6178,803,5
Papua New Guinea,1997,15351,4390,5744,1354,528,343,474,1091,1177,1149,1417,1739,1323,280,81,536,555,589,588,560,589,663,754,860,879,806,517,193,87,60,21,6272,817,4
Papua New Guinea,1998,16983,4553,6109,1556,684,447,569,1258,1354,1296,1526,1864,1454,337,83,621,637,674,680,639,657,716,810,921,943,868,586,239,98,61,22,6793,1016,4
Papua New Guinea,1999,16495,4528,5895,1367,547,364,512,1185,1299,1266,1499,1895,1545,401,86,581,604,638,661,627,639,698,801,926,969,902,643,289,112,64,22,6442,876,3
Papua New Guinea,2000,17210,4578,5951,1373,565,383,546,1257,1385,1350,1563,1988,1660,471,87,616,641,676,709,677,673,730,833,966,1022,955,705,343,128,65,22,6516,929,3
Papua New Guinea,2001,17832,4632,6013,1381,579,394,572,1312,1448,1424,1614,2068,1768,546,89,642,670,701,747,723,701,758,856,998,1070,1006,762,397,149,67,22,6592,966,3
Papua New Guinea,2002,18565,4684,6081,1397,600,413,607,1381,1525,1516,1678,2152,1875,628,108,677,704,737,788,775,741,793,885,1033,1119,1061,814,450,178,81,27,6681,1020,3
Papua New Guinea,2003,19147,4714,6097,1383,606,419,631,1431,1583,1599,1731,2230,1980,710,126,702,729,764,819,819,780,825,906,1065,1165,1115,865,500,210,94,32,6703,1050,4
Papua New Guinea,2004,19731,4721,6108,1387,615,425,654,1478,1637,1690,1789,2304,2092,791,142,727,751,789,848,866,824,856,933,1097,1207,1176,916,549,242,106,36,6723,1079,5
Papua New Guinea,2005,20537,4723,6103,1380,639,446,698,1579,1738,1818,1874,2394,2211,875,161,780,799,839,899,927,891,898,976,1138,1256,1240,971,599,276,118,43,6742,1144,6
Papua New Guinea,2006,21338,4718,6088,1370,663,466,742,1683,1836,1948,1966,2483,2330,953,178,835,848,890,946,988,960,945,1021,1178,1305,1303,1027,646,307,132,46,6751,1208,6
Papua New Guinea,2007,22087,4709,6078,1369,695,488,777,1772,1924,2070,2061,2555,2440,1030,193,882,890,933,991,1041,1029,996,1065,1209,1346,1359,1081,690,340,144,49,6773,1265,7
Papua New Guinea,2008,21569,4688,6024,1336,634,442,699,1615,1786,2005,2032,2522,2501,1096,210,804,811,859,927,992,1013,983,1049,1183,1339,1378,1123,725,371,158,52,6658,1141,7
Papua New Guinea,2009,21868,4658,5977,1319,631,440,693,1617,1792,2053,2095,2564,2598,1169,226,804,813,859,933,1004,1049,1023,1072,1200,1364,1420,1178,767,402,171,55,6608,1133,8
Papua New Guinea,2010,22368,4642,5943,1301,634,447,704,1657,1837,2127,2184,2630,2707,1244,244,822,835,878,959,1031,1096,1081,1103,1233,1397,1466,1241,811,433,186,58,6577,1151,9
Papua New Guinea,2011,21881,4607,5880,1273,583,409,633,1506,1703,2044,2168,2610,2763,1311,262,742,764,807,896,976,1068,1082,1086,1222,1388,1479,1284,850,461,200,62,6463,1042,9
Papua New Guinea,2012,22137,4563,5822,1259,575,406,624,1490,1699,2074,2247,2666,2865,1384,274,729,761,803,896,983,1091,1128,1119,1254,1412,1521,1344,898,486,210,64,6397,1030,10
Papua New Guinea,2013,22383,4504,5730,1226,560,400,615,1478,1699,2107,2341,2726,2967,1460,286,719,759,800,899,994,1113,1177,1164,1291,1435,1565,1402,949,511,220,66,6290,1015,10
Papua New Guinea,2014,22666,4448,5649,1201,550,396,608,1466,1702,2136,2440,2795,3075,1540,296,709,757,801,901,1004,1132,1224,1216,1327,1468,1612,1463,1006,534,228,68,6199,1004,10
Papua New Guinea,2015,22217,4372,5548,1176,508,361,547,1322,1578,2047,2442,2794,3140,1616,303,635,687,739,839,955,1092,1215,1227,1320,1474,1634,1506,1058,558,235,68,6056,908,11
Papua New Guinea,2016,22785,4290,5432,1142,509,368,563,1353,1632,2122,2590,2914,3269,1709,311,649,704,767,865,990,1132,1278,1312,1378,1536,1694,1575,1122,587,241,70,5941,931,11
Papua New Guinea,2017,23301,4198,5303,1105,509,371,574,1376,1674,2187,2732,3045,3392,1806,319,659,717,787,887,1018,1169,1334,1398,1444,1601,1748,1644,1186,620,249,70,5812,945,11
Papua New Guinea,2018,24027,4123,5205,1082,521,387,600,1424,1743,2277,2890,3212,3520,1905,328,683,741,821,922,1058,1219,1397,1493,1530,1682,1805,1715,1249,656,257,71,5726,987,11
Papua New Guinea,2019,23892,4017,5052,1035,485,359,561,1332,1675,2239,2926,3299,3614,2000,338,639,693,784,891,1032,1207,1396,1530,1583,1716,1843,1771,1308,692,264,74,5537,920,11
Papua New Guinea,2020,24500,3935,4938,1003,484,362,572,1357,1719,2310,3059,3467,3768,2106,348,653,704,802,917,1061,1249,1445,1614,1685,1782,1920,1848,1372,734,274,74,5422,934,11
Papua New Guinea,2021,25976,3842,4812,970,482,362,550,1271,1660,2399,3441,4112,4219,2298,361,618,653,755,905,1075,1324,1590,1851,2032,2080,2198,2021,1494,804,287,74,5294,912,11
Paraguay,1950,7919,2285,3016,731,224,109,144,300,300,384,572,889,1099,750,131,157,143,129,171,170,214,266,306,440,449,531,568,471,279,107,24,3240,253,3
Paraguay,1951,8158,2319,3069,750,231,111,144,307,303,390,582,914,1124,816,161,159,148,131,172,175,215,274,308,444,470,535,589,504,312,129,32,3300,255,5
Paraguay,1952,8375,2355,3120,765,235,115,145,310,305,399,592,937,1143,875,190,157,153,134,171,183,216,279,313,438,499,539,604,532,343,150,40,3355,260,6
Paraguay,1953,8597,2384,3160,776,252,120,149,311,308,413,608,959,1163,930,216,154,157,139,169,195,218,283,325,429,530,545,618,560,370,169,47,3412,269,8
Paraguay,1954,8715,2406,3187,781,249,125,152,311,307,421,617,968,1169,964,235,150,161,144,163,202,219,284,333,414,554,548,621,574,390,182,53,3436,277,9
Paraguay,1955,8836,2419,3202,783,253,130,155,311,313,430,625,977,1184,996,253,149,162,151,162,206,224,284,341,407,570,559,625,589,407,194,59,3455,285,10
Paraguay,1956,8962,2427,3209,782,259,134,161,310,318,440,634,979,1213,1027,267,149,161,156,162,208,232,286,348,407,572,584,629,603,424,204,63,3468,295,11
Paraguay,1957,9036,2431,3207,776,259,136,166,308,326,445,636,973,1238,1046,279,150,158,161,165,205,240,284,352,412,561,612,626,610,436,213,66,3466,302,12
Paraguay,1958,9095,2431,3199,768,261,140,172,307,335,450,637,963,1271,1060,290,152,155,165,170,198,252,284,353,421,542,645,626,614,446,221,69,3460,312,13
Paraguay,1959,9142,2430,3189,759,258,142,178,306,345,452,638,956,1299,1068,298,156,150,168,177,191,261,285,353,432,524,670,629,615,453,227,71,3447,320,13
Paraguay,1960,9167,2427,3176,749,256,145,184,305,350,454,639,948,1324,1070,305,157,148,168,182,188,266,288,351,439,509,686,638,612,458,232,73,3432,329,14
Paraguay,1961,9209,2428,3167,739,255,146,189,307,355,452,647,952,1342,1072,309,162,145,167,188,188,264,298,349,445,507,684,658,610,462,235,74,3422,335,14
Paraguay,1962,9266,2431,3161,730,254,149,194,313,355,452,657,963,1361,1076,314,166,147,162,193,192,260,309,348,450,513,669,692,610,466,239,75,3415,343,14
Paraguay,1963,9341,2439,3164,725,253,151,198,323,359,452,672,977,1375,1082,320,174,149,159,200,198,254,323,349,452,525,649,726,612,470,244,76,3417,349,15
Paraguay,1964,9599,2439,3166,727,256,153,202,330,358,452,686,1000,1406,1179,397,179,151,154,204,206,246,336,350,455,545,636,770,648,531,301,96,3422,355,18
Paraguay,1965,9837,2435,3162,727,258,154,206,338,358,459,698,1019,1432,1266,465,185,153,152,206,215,244,342,356,455,564,632,800,686,580,351,114,3420,360,21
Paraguay,1966,10065,2423,3151,728,262,158,213,348,356,472,714,1041,1456,1350,526,191,157,150,206,225,247,346,368,459,582,642,814,730,620,393,133,3413,371,24
Paraguay,1967,10262,2408,3137,729,265,160,218,358,355,486,727,1054,1470,1430,575,196,162,152,203,234,252,341,386,461,593,660,810,779,651,427,148,3402,378,26
Paraguay,1968,10445,2394,3121,727,269,163,224,370,353,507,739,1067,1489,1500,616,202,168,154,199,242,265,333,406,464,603,687,802,826,674,454,162,3390,387,28
Paraguay,1969,10600,2386,3110,724,270,166,228,384,351,523,750,1078,1504,1558,648,208,176,156,195,248,275,326,424,468,610,714,790,862,696,475,173,3380,394,30
Paraguay,1970,10823,2398,3124,726,275,171,234,400,354,546,764,1102,1535,1613,677,216,184,161,193,255,291,328,436,482,620,743,792,893,720,493,184,3399,405,33
Paraguay,1971,10954,2388,3109,721,275,173,238,412,356,559,772,1123,1567,1641,693,221,191,165,191,254,305,331,441,500,623,765,802,898,743,503,190,3384,411,34
Paraguay,1972,11041,2382,3095,713,274,176,243,426,364,570,777,1148,1599,1641,690,228,198,171,193,252,318,341,436,523,625,780,819,883,758,499,191,3369,419,35
Paraguay,1973,11119,2392,3098,706,274,180,250,441,377,576,786,1180,1633,1617,669,237,204,180,197,247,329,356,430,551,629,791,842,857,760,482,187,3372,430,35
Paraguay,1974,11430,2405,3102,697,272,182,255,452,392,581,791,1223,1715,1662,756,241,211,190,202,241,340,373,418,578,645,818,897,867,795,518,238,3374,437,44
Paraguay,1975,11609,2417,3107,690,268,183,259,464,406,586,801,1253,1769,1674,787,246,218,198,208,239,347,389,412,593,660,831,938,871,803,526,261,3375,442,52
Paraguay,1976,11790,2430,3114,684,265,185,263,475,418,582,818,1282,1816,1699,818,251,224,205,213,236,346,406,412,597,685,842,974,890,809,540,278,3379,448,61
Paraguay,1977,11998,2447,3123,676,261,183,265,483,433,581,845,1305,1860,1737,852,254,229,210,223,239,342,423,422,587,718,851,1009,925,812,558,294,3384,448,70
Paraguay,1978,12252,2457,3126,669,258,184,269,494,449,581,879,1335,1913,1796,889,259,235,216,233,245,336,440,439,576,759,868,1045,974,822,580,309,3384,453,78
Paraguay,1979,12426,2485,3147,662,254,182,271,499,464,576,909,1348,1943,1839,905,261,238,222,242,250,326,451,458,558,790,879,1064,1015,824,591,314,3401,453,83
Paraguay,1980,12563,2519,3172,653,251,180,275,509,480,578,933,1354,1974,1870,900,266,243,228,252,256,322,456,477,548,806,897,1077,1047,823,588,312,3423,455,86
Paraguay,1981,12676,2555,3202,647,249,179,277,519,497,582,957,1360,2011,1888,872,271,248,236,261,262,320,457,500,549,811,927,1084,1067,821,572,300,3451,456,86
Paraguay,1982,12672,2558,3199,641,243,176,275,526,509,590,968,1348,2033,1892,831,274,252,242,267,271,319,450,518,557,791,957,1076,1073,819,547,284,3442,451,84
Paraguay,1983,12578,2562,3209,647,245,177,276,540,521,606,980,1344,2049,1838,721,281,259,249,272,281,325,440,540,578,766,991,1058,1053,785,482,239,3454,453,75
Paraguay,1984,12457,2530,3154,624,241,174,276,554,535,623,989,1346,2067,1796,638,287,267,254,281,293,330,430,559,603,743,1019,1048,1034,762,435,203,3395,450,65
Paraguay,1985,12318,2507,3121,614,238,172,272,559,545,636,984,1349,2070,1747,568,288,271,259,286,302,334,419,565,628,721,1026,1044,1009,738,396,172,3359,444,55
Paraguay,1986,12231,2465,3065,600,239,169,269,567,558,652,980,1374,2079,1712,520,290,277,265,293,310,342,415,565,655,719,1020,1059,989,723,370,150,3304,438,47
Paraguay,1987,12140,2421,3005,584,237,169,265,572,570,665,972,1406,2079,1678,486,290,282,270,300,314,351,416,556,679,727,993,1086,968,710,353,133,3242,434,40
Paraguay,1988,12102,2378,2944,566,233,169,262,576,582,683,960,1456,2082,1658,462,289,287,276,306,320,363,419,541,705,751,959,1123,956,702,342,120,3177,431,35
Paraguay,1989,12160,2323,2876,553,234,169,263,585,601,711,960,1521,2102,1659,448,291,294,285,316,332,379,429,531,733,788,935,1167,959,700,338,110,3110,432,30
Paraguay,1990,11953,2265,2795,530,226,167,255,575,599,717,937,1536,2056,1633,432,282,293,284,315,333,384,428,509,729,807,895,1161,951,682,330,102,3021,422,26
Paraguay,1991,11947,2209,2720,511,223,167,251,570,611,734,938,1571,2049,1656,427,278,292,290,321,340,394,434,504,728,843,894,1155,977,679,329,98,2943,418,24
Paraguay,1992,11938,2146,2639,493,221,167,249,565,624,747,951,1594,2040,1690,428,273,292,295,329,347,400,447,504,717,877,909,1131,1014,676,332,96,2860,416,21
Paraguay,1993,11921,2087,2562,475,210,166,248,559,634,761,968,1604,2031,1730,429,269,290,299,335,354,407,461,507,697,907,936,1095,1055,675,333,96,2772,414,20
Paraguay,1994,11966,2030,2488,458,208,166,247,555,646,778,993,1611,2042,1781,435,267,288,304,342,361,417,478,515,678,933,978,1064,1096,685,337,98,2696,413,19
Paraguay,1995,11993,1972,2414,442,204,165,246,548,654,791,1014,1611,2066,1821,440,264,284,307,347,367,424,492,522,662,949,1021,1045,1118,703,341,99,2618,411,18
Paraguay,1996,12002,1919,2348,429,198,163,246,538,660,804,1032,1597,2105,1849,447,259,279,308,352,373,431,503,529,653,944,1063,1042,1118,731,345,102,2546,409,18
Paraguay,1997,12191,1869,2287,418,197,164,249,539,675,836,1066,1605,2201,1894,462,261,278,311,364,387,449,517,549,661,944,1123,1078,1114,780,355,107,2484,413,18
Paraguay,1998,12237,1824,2235,411,191,161,249,531,675,849,1088,1585,2279,1907,472,258,273,307,368,392,457,522,566,667,918,1163,1116,1085,822,362,110,2426,410,19
Paraguay,1999,12312,1761,2149,388,184,158,249,526,678,865,1124,1571,2376,1925,489,257,269,304,374,401,464,536,588,676,895,1203,1173,1061,864,375,114,2333,407,19
Paraguay,2000,12445,1709,2084,375,181,156,249,523,682,885,1160,1569,2465,1955,515,258,265,302,380,410,475,550,610,689,880,1230,1235,1059,896,397,118,2265,405,21
Paraguay,2001,12516,1650,2012,362,174,153,247,520,677,901,1185,1575,2529,1974,546,257,263,297,380,417,484,561,624,703,872,1234,1295,1069,905,423,123,2186,400,22
Paraguay,2002,12418,1591,1939,348,169,148,239,506,655,901,1188,1571,2534,1970,574,252,254,284,371,416,485,564,624,711,860,1199,1335,1084,886,447,127,2108,387,23
Paraguay,2003,12552,1533,1865,332,163,144,234,501,646,918,1215,1613,2580,2020,620,250,251,279,367,423,495,578,637,738,875,1179,1401,1140,880,486,134,2028,378,25
Paraguay,2004,12727,1482,1798,316,159,140,232,501,642,938,1245,1661,2620,2095,669,251,250,275,367,430,508,591,654,768,893,1158,1462,1214,881,524,145,1957,372,28
Paraguay,2005,13163,1440,1742,302,152,141,233,515,649,978,1307,1747,2707,2231,729,258,257,278,371,446,532,620,687,816,931,1170,1537,1318,913,565,164,1894,374,32
Paraguay,2006,13318,1400,1690,290,150,138,229,510,641,991,1335,1791,2715,2334,760,254,256,276,365,450,541,632,703,838,953,1165,1550,1394,940,580,180,1840,367,35
Paraguay,2007,13503,1363,1641,278,145,133,225,509,635,1002,1373,1840,2717,2459,785,252,257,274,361,449,553,649,724,855,985,1173,1544,1475,984,588,197,1786,358,38
Paraguay,2008,13654,1325,1593,268,141,129,218,506,626,1008,1402,1888,2704,2588,807,248,258,272,354,447,561,663,739,869,1019,1190,1514,1549,1039,589,218,1734,347,42
Paraguay,2009,13841,1287,1545,258,130,126,214,501,620,1017,1432,1952,2701,2721,832,244,257,270,350,444,573,678,754,892,1060,1213,1488,1615,1106,594,238,1675,340,47
Paraguay,2010,13943,1248,1496,248,124,120,206,493,614,1012,1457,2002,2694,2821,854,238,255,270,344,436,576,689,768,908,1094,1233,1461,1650,1171,603,251,1620,326,51
Paraguay,2011,14167,1209,1449,240,121,117,205,493,614,1017,1496,2064,2725,2916,891,236,257,272,342,433,584,707,789,936,1128,1265,1460,1671,1245,629,262,1570,322,57
Paraguay,2012,14245,1175,1405,230,116,112,195,483,609,1006,1521,2099,2757,2959,923,231,252,271,338,424,582,717,804,956,1143,1296,1461,1651,1308,657,266,1521,307,64
Paraguay,2013,14431,1161,1381,220,110,107,191,475,605,998,1554,2143,2829,2999,969,226,249,271,334,418,580,731,823,981,1162,1344,1485,1623,1376,699,270,1491,298,71
Paraguay,2014,14692,1149,1361,212,105,103,186,469,611,992,1592,2200,2922,3042,1026,221,248,274,337,414,578,747,845,1003,1197,1403,1519,1601,1441,750,276,1466,289,78
Paraguay,2015,14779,1132,1339,207,101,99,180,457,608,974,1610,2235,2977,3037,1080,214,243,274,334,406,568,752,858,1019,1216,1442,1535,1569,1468,795,285,1440,279,84
Paraguay,2016,14765,1108,1311,203,96,93,171,443,598,948,1610,2255,3011,3008,1132,208,235,268,330,395,553,747,863,1028,1227,1459,1552,1545,1463,835,297,1407,264,88
Paraguay,2017,15185,1072,1269,197,95,90,166,439,609,953,1659,2358,3146,3077,1230,204,235,272,337,400,553,761,898,1072,1286,1514,1632,1590,1487,907,323,1364,256,94
Paraguay,2018,15811,1035,1227,192,92,90,166,443,628,973,1728,2494,3340,3183,1349,206,237,277,351,411,562,784,944,1134,1360,1592,1748,1670,1513,990,359,1319,256,101
Paraguay,2019,16160,1003,1192,189,92,89,161,438,635,975,1760,2578,3485,3222,1431,202,236,278,357,414,561,787,973,1174,1404,1649,1836,1718,1504,1044,387,1284,250,106
Paraguay,2020,17083,964,1142,178,76,83,169,400,649,1034,2040,2824,3524,3378,1636,204,196,268,381,448,586,861,1179,1378,1446,1629,1895,1797,1581,1174,462,1218,252,125
Paraguay,2021,22324,932,1104,172,51,77,186,441,718,1256,2592,3849,4948,4845,2111,215,226,291,427,533,723,1088,1504,1801,2048,2339,2609,2522,2323,1535,576,1155,263,144
Peru,1950,74857,27457,46126,18669,2558,1180,1265,2510,2520,2673,3367,4656,5435,2350,210,1253,1257,1208,1312,1337,1336,1561,1806,2229,2427,2905,2530,1648,702,181,29,48684,2445,1
Peru,1951,76494,28096,47317,19221,2594,1168,1263,2521,2515,2690,3402,4782,5545,2469,221,1256,1265,1210,1305,1345,1345,1567,1835,2289,2493,2925,2620,1717,752,192,29,49911,2431,2
Peru,1952,78025,28624,48183,19559,2661,1172,1277,2565,2541,2736,3456,4947,5663,2588,235,1283,1282,1233,1308,1361,1375,1575,1881,2346,2601,2927,2736,1786,802,202,33,50844,2449,3
Peru,1953,79470,29105,48902,19797,2743,1178,1292,2612,2572,2786,3511,5133,5783,2703,248,1309,1303,1262,1310,1377,1409,1581,1930,2403,2730,2928,2855,1854,849,213,35,51645,2470,4
Peru,1954,80701,29494,49454,19960,2816,1182,1303,2648,2601,2830,3561,5312,5903,2819,268,1331,1317,1285,1316,1388,1442,1591,1970,2461,2851,2956,2947,1927,892,230,38,52270,2485,4
Peru,1955,81699,29820,49867,20047,2864,1190,1301,2671,2623,2856,3604,5470,6022,2938,290,1340,1331,1302,1321,1391,1465,1606,1998,2513,2957,3017,3005,2002,936,252,38,52731,2491,3
Peru,1956,82453,30087,50151,20064,2886,1194,1292,2676,2632,2867,3636,5607,6141,3054,310,1339,1337,1307,1325,1387,1480,1624,2012,2563,3044,3110,3031,2078,976,269,41,53037,2486,3
Peru,1957,82980,30264,50277,20013,2888,1199,1277,2671,2640,2863,3659,5729,6263,3183,329,1330,1341,1307,1333,1375,1488,1648,2011,2616,3113,3238,3025,2169,1014,287,42,53165,2476,4
Peru,1958,83361,30378,50275,19897,2879,1208,1260,2659,2644,2853,3681,5838,6406,3307,350,1318,1341,1303,1341,1361,1492,1677,2004,2665,3173,3386,3020,2255,1052,303,47,53154,2468,4
Peru,1959,83545,30385,50105,19720,2860,1214,1244,2628,2641,2839,3704,5940,6581,3418,367,1295,1333,1296,1345,1350,1489,1703,2001,2706,3234,3531,3050,2324,1094,318,49,52965,2458,4
Peru,1960,83802,30380,49898,19518,2847,1224,1240,2610,2650,2842,3743,6044,6801,3513,387,1281,1329,1296,1354,1350,1492,1727,2016,2740,3304,3670,3131,2374,1139,334,53,52745,2464,5
Peru,1961,84032,30370,49661,19291,2832,1227,1242,2586,2658,2847,3787,6143,7045,3591,407,1263,1323,1298,1360,1357,1490,1747,2040,2763,3380,3794,3251,2403,1188,349,58,52493,2469,5
Peru,1962,85479,30417,49661,19244,2974,1346,1337,2699,2779,2946,3932,6323,7383,3672,425,1319,1380,1363,1416,1417,1529,1811,2121,2815,3508,3946,3437,2425,1247,363,62,52635,2683,5
Peru,1963,85366,30277,49168,18891,2818,1225,1265,2541,2678,2868,3906,6327,7737,4191,634,1234,1307,1311,1367,1390,1478,1779,2127,2776,3551,4031,3706,2641,1550,530,104,51986,2490,10
Peru,1964,86409,30253,48968,18715,2811,1218,1281,2521,2685,2877,3950,6408,8119,4708,846,1226,1295,1313,1372,1404,1473,1782,2168,2786,3622,4150,3969,2877,1831,700,146,51779,2499,16
Peru,1965,87316,30225,48779,18554,2804,1212,1297,2507,2690,2894,3981,6476,8441,5166,1048,1226,1281,1312,1378,1419,1475,1782,2199,2807,3669,4257,4184,3106,2060,857,191,51583,2509,21
Peru,1966,87969,30135,48484,18349,2796,1210,1307,2502,2693,2913,3995,6541,8708,5566,1226,1233,1269,1309,1384,1428,1485,1776,2219,2839,3702,4357,4351,3325,2241,996,230,51280,2517,27
Peru,1967,88336,30008,48081,18073,2763,1192,1304,2489,2685,2925,3988,6589,8943,5946,1392,1237,1252,1298,1387,1431,1494,1759,2229,2881,3708,4456,4487,3553,2393,1125,267,50844,2496,32
Peru,1968,88517,29731,47453,17722,2729,1184,1300,2485,2676,2950,3983,6648,9177,6338,1555,1247,1238,1284,1392,1435,1515,1748,2235,2938,3710,4561,4616,3793,2545,1248,307,50182,2484,38
Peru,1969,88600,29389,46690,17301,2697,1179,1298,2489,2675,2979,3987,6727,9415,6715,1696,1260,1229,1276,1399,1443,1536,1745,2242,2998,3729,4660,4755,4020,2695,1352,344,49387,2477,43
Peru,1970,125155,31308,52992,21684,7373,4990,4281,6923,6067,5692,6470,9342,11694,7479,1804,3721,3202,3068,2999,2856,2836,2968,3502,4339,5003,6021,5673,4562,2917,1432,372,60365,9271,48
Peru,1971,87317,28506,44792,16286,2641,1182,1297,2519,2662,3061,4028,6900,9660,6838,1689,1283,1236,1257,1405,1475,1586,1774,2254,3087,3813,4749,4911,4138,2700,1328,361,47433,2479,48
Peru,1972,87070,28012,43744,15732,2540,1130,1260,2473,2607,3061,4037,7015,9956,7349,1844,1254,1219,1224,1383,1474,1587,1789,2248,3119,3896,4820,5136,4392,2957,1441,403,46284,2390,53
Peru,1973,88270,27577,42933,15356,2533,1143,1283,2514,2608,3102,4089,7181,10381,8269,2173,1272,1242,1221,1387,1498,1604,1830,2259,3164,4017,4920,5461,4828,3441,1697,476,45466,2426,64
Peru,1974,88435,27165,42141,14976,2499,1129,1278,2522,2599,3127,4115,7267,10591,8722,2369,1267,1255,1215,1384,1510,1617,1860,2255,3172,4095,4968,5623,5034,3688,1847,522,44640,2407,73
Peru,1975,88468,26769,41379,14610,2452,1100,1265,2526,2586,3141,4127,7304,10735,9176,2593,1261,1265,1211,1375,1514,1627,1878,2249,3161,4143,5008,5727,5235,3941,2019,574,43831,2365,83
Peru,1976,88638,26435,40716,14281,2438,1098,1275,2564,2605,3175,4153,7329,10827,9567,2798,1276,1288,1228,1377,1526,1649,1898,2255,3147,4182,5054,5773,5406,4161,2177,621,43154,2373,91
Peru,1977,88703,26093,40031,13938,2425,1098,1288,2605,2632,3214,4187,7333,10898,9911,2983,1294,1311,1252,1380,1539,1675,1913,2274,3123,4210,5119,5779,5565,4346,2318,665,42456,2386,99
Peru,1978,88632,25687,39236,13549,2402,1095,1296,2640,2667,3260,4242,7335,10995,10217,3141,1311,1329,1283,1384,1551,1709,1934,2308,3103,4232,5208,5787,5717,4500,2437,704,41638,2391,106
Peru,1979,88532,25236,38351,13115,2373,1093,1301,2664,2707,3308,4319,7361,11178,10500,3265,1321,1343,1315,1392,1565,1743,1964,2355,3107,4254,5321,5857,5865,4635,2529,736,40724,2394,111
Peru,1980,88416,24705,37353,12648,2336,1083,1298,2667,2745,3359,4424,7431,11478,10771,3357,1321,1346,1340,1405,1580,1779,2008,2416,3141,4290,5464,6014,6021,4750,2593,764,39689,2381,115
Peru,1981,87067,24110,36246,12136,2295,1073,1289,2656,2782,3417,4564,7563,11690,10292,3090,1311,1345,1359,1423,1597,1820,2071,2493,3216,4347,5604,6086,5851,4441,2374,716,38541,2362,109
Peru,1982,85969,23544,35195,11651,2259,1064,1281,2636,2818,3473,4712,7709,11985,9895,2840,1297,1339,1371,1447,1611,1862,2143,2569,3312,4397,5758,6227,5704,4191,2171,669,37454,2345,104
Peru,1983,84710,22894,33984,11090,2202,1053,1278,2623,2860,3526,4851,7837,12240,9534,2619,1286,1337,1381,1479,1627,1899,2216,2635,3408,4429,5875,6365,5553,3981,1994,625,36186,2331,99
Peru,1984,82892,22275,32814,10539,2084,988,1228,2542,2845,3521,4915,7892,12334,9195,2434,1240,1302,1360,1485,1616,1905,2253,2662,3460,4432,5908,6426,5402,3793,1850,584,34898,2216,95
Peru,1985,80923,21655,31704,10049,2002,962,1197,2484,2816,3478,4918,7894,12219,8872,2285,1208,1276,1339,1477,1589,1889,2258,2660,3470,4424,5854,6365,5247,3625,1738,547,33706,2159,92
Peru,1986,78657,21018,30596,9578,1904,925,1166,2438,2790,3434,4871,7831,11881,8564,2164,1184,1254,1322,1468,1568,1866,2241,2630,3437,4394,5696,6185,5086,3478,1652,512,32500,2091,89
Peru,1987,76197,20299,29385,9086,1805,896,1147,2421,2771,3398,4807,7731,11394,8297,2060,1178,1243,1310,1461,1558,1840,2216,2591,3375,4356,5456,5938,4949,3348,1582,478,31190,2043,85
Peru,1988,73829,19524,28089,8565,1710,875,1152,2449,2786,3394,4755,7636,10846,8090,1967,1199,1250,1318,1468,1569,1825,2194,2561,3315,4321,5182,5664,4846,3244,1521,446,29799,2027,79
Peru,1989,71564,18675,26687,8012,1608,852,1169,2497,2820,3431,4732,7553,10309,7953,1874,1234,1263,1331,1489,1600,1831,2186,2546,3279,4274,4915,5394,4772,3181,1459,415,28295,2021,73
Peru,1990,70026,17785,25275,7490,1553,871,1242,2648,2937,3546,4785,7532,9860,7898,1801,1329,1319,1384,1553,1668,1878,2214,2571,3299,4233,4692,5168,4735,3163,1399,402,26828,2113,75
Peru,1991,70264,16945,24130,7185,1639,983,1431,3028,3263,3843,4994,7636,9577,7963,1713,1547,1481,1540,1723,1828,2015,2319,2675,3405,4231,4552,5025,4762,3201,1343,370,25769,2414,62
Peru,1992,68346,15832,22249,6417,1473,931,1483,3123,3342,3981,5091,7647,9263,8076,1636,1626,1497,1561,1781,1892,2089,2360,2731,3480,4167,4404,4859,4803,3273,1291,345,23722,2414,51
Peru,1993,67831,14813,20661,5848,1420,946,1600,3350,3527,4210,5277,7752,9142,8313,1587,1769,1581,1637,1890,1997,2213,2446,2831,3602,4150,4356,4786,4912,3401,1260,327,22081,2546,44
Peru,1994,67356,13779,19049,5270,1356,944,1681,3517,3661,4410,5457,7867,9165,8644,1563,1876,1641,1692,1969,2081,2329,2531,2926,3710,4157,4368,4797,5083,3561,1250,313,20405,2625,39
Peru,1995,68285,12760,17491,4731,1299,928,1704,3608,3732,4559,5624,7997,9450,9678,2135,1924,1684,1720,2012,2136,2423,2619,3005,3787,4210,4472,4978,5507,4171,1666,469,18790,2632,81
Peru,1996,68749,11786,16012,4226,1236,885,1649,3562,3688,4607,5744,8118,9888,10643,2609,1881,1681,1701,1987,2139,2468,2693,3051,3824,4294,4644,5244,5942,4701,2013,596,17248,2534,110
Peru,1997,69227,10873,14669,3796,1201,857,1569,3472,3614,4617,5850,8256,10445,11533,3010,1805,1667,1673,1941,2125,2492,2768,3082,3842,4414,4865,5580,6365,5168,2307,703,15870,2426,130
Peru,1998,69571,10022,13456,3434,1168,818,1467,3342,3516,4590,5933,8389,11037,12349,3357,1704,1638,1637,1879,2098,2492,2838,3095,3844,4545,5099,5938,6762,5587,2564,793,14624,2285,146
Peru,1999,69091,9193,12184,2991,1041,733,1333,3121,3329,4470,5942,8458,11528,13106,3692,1565,1556,1554,1775,2025,2445,2868,3074,3819,4639,5297,6231,7120,5986,2814,878,13225,2066,158
Peru,2000,69008,8256,10816,2560,942,690,1246,2973,3217,4395,5968,8528,11908,13960,4178,1470,1503,1504,1713,1981,2414,2894,3074,3814,4714,5461,6447,7482,6478,3166,1012,11758,1936,186
Peru,2001,69781,7537,9843,2306,886,669,1196,2873,3151,4349,5994,8589,12147,14981,4878,1410,1463,1474,1677,1954,2395,2907,3087,3824,4765,5573,6574,7863,7118,3673,1205,10729,1865,226
Peru,2002,71056,6967,9037,2070,820,645,1152,2775,3089,4303,6007,8627,12301,16183,5818,1360,1415,1440,1649,1929,2374,2896,3111,3835,4792,5650,6651,8300,7883,4332,1486,9857,1797,292
Peru,2003,72812,6494,8356,1862,766,628,1129,2701,3052,4274,6043,8671,12443,17526,6875,1326,1375,1416,1636,1911,2363,2885,3158,3859,4812,5719,6724,8797,8729,5085,1790,9122,1757,348
Peru,2004,75052,6129,7813,1684,726,618,1118,2639,3031,4263,6111,8744,12651,18931,7982,1303,1336,1396,1635,1903,2360,2882,3229,3904,4840,5799,6852,9335,9596,5849,2133,8539,1736,424
Peru,2005,77812,5824,7371,1547,701,609,1113,2587,3020,4265,6227,8865,13006,20447,9110,1285,1302,1381,1639,1903,2362,2903,3324,3979,4886,5914,7092,9952,10495,6623,2487,8072,1722,493
Peru,2006,81078,5512,6949,1437,687,602,1111,2531,3005,4277,6374,9037,13535,22084,10295,1267,1264,1362,1643,1906,2371,2942,3432,4080,4957,6078,7457,10661,11423,7402,2893,7636,1713,588
Peru,2007,84694,5180,6544,1364,705,622,1128,2519,3027,4321,6563,9267,14206,23755,11385,1268,1251,1364,1663,1927,2394,3009,3554,4219,5048,6288,7918,11396,12359,8154,3231,7249,1750,644
Peru,2008,87514,4839,6094,1255,668,587,1089,2416,2965,4296,6678,9454,14839,25275,12429,1218,1198,1324,1641,1914,2382,3044,3634,4341,5113,6469,8370,12049,13226,8839,3590,6762,1676,721
Peru,2009,90713,4564,5745,1181,661,581,1061,2363,2961,4322,6852,9791,15507,26900,13185,1185,1178,1313,1648,1928,2394,3114,3738,4526,5265,6690,8817,12720,14180,9420,3765,6406,1642,784
Peru,2010,92703,4311,5428,1117,645,565,1012,2279,2920,4307,6945,10084,15931,27979,13789,1129,1150,1288,1632,1922,2385,3147,3798,4672,5412,6853,9078,13118,14861,9881,3908,6073,1577,823
Peru,2011,93260,4060,5094,1034,616,547,945,2181,2856,4254,6956,10312,16064,28490,14123,1063,1118,1258,1598,1899,2355,3141,3815,4763,5549,6936,9128,13229,15261,10168,3955,5710,1492,820
Peru,2012,93069,3827,4806,979,594,533,887,2099,2792,4206,6923,10489,16004,28670,14263,1004,1095,1233,1559,1879,2327,3114,3809,4808,5681,6956,9048,13201,15469,10295,3968,5400,1420,807
Peru,2013,92433,3605,4526,921,573,518,836,2019,2722,4155,6851,10598,15845,28770,14237,949,1070,1209,1513,1852,2303,3067,3784,4805,5793,6931,8914,13167,15603,10296,3941,5099,1354,781
Peru,2014,93085,3402,4265,863,557,510,801,1958,2664,4116,6776,10643,15690,29023,15054,908,1050,1195,1469,1828,2288,3020,3756,4766,5877,6892,8798,13239,15784,10197,4857,4822,1311,1032
Peru,2015,90716,3223,4032,809,552,507,788,1921,2619,4095,6719,10606,15608,29397,13410,888,1033,1190,1429,1810,2285,2981,3738,4701,5905,6862,8746,13461,15936,9899,3511,4584,1295,464
Peru,2016,90079,3077,3840,763,557,510,798,1904,2594,4106,6694,10520,15652,29702,12759,884,1020,1195,1399,1802,2304,2960,3734,4636,5884,6873,8779,13790,15912,9324,3435,4397,1308,444
Peru,2017,88857,2981,3724,743,564,517,814,1897,2597,4166,6703,10485,15856,29459,11658,884,1013,1206,1391,1815,2351,2960,3743,4622,5863,6988,8868,13985,15474,8435,3223,4288,1331,419
Peru,2018,88489,2860,3546,686,540,510,804,1869,2611,4258,6743,10618,16340,29253,10945,865,1004,1205,1406,1843,2415,2979,3764,4711,5907,7278,9062,14078,15175,7862,3083,4086,1314,449
Peru,2019,87905,2812,3481,669,497,500,769,1842,2679,4442,6846,11059,17132,27946,10225,832,1010,1209,1470,1916,2526,3030,3816,4977,6082,7818,9314,13627,14319,7288,2937,3978,1269,485
Peru,2020,103249,2718,3359,641,447,513,708,1737,2875,5407,9421,16274,21203,30455,10330,805,932,1251,1624,2345,3062,3995,5426,7504,8770,10431,10772,15738,14717,7415,2915,3806,1221,518
Peru,2021,121976,2625,3246,621,428,578,917,2184,3851,7436,13207,21264,25933,32517,9943,975,1209,1617,2234,3107,4329,5709,7498,10041,11223,12825,13108,17358,15159,7313,2630,3674,1495,467
Philippines,1950,129533,39423,55780,16357,4097,2658,3197,6946,7056,6525,7947,12440,14987,6930,948,3364,3582,3467,3589,3437,3088,3561,4386,5652,6788,7574,7413,4493,2437,798,150,59877,5855,18
Philippines,1951,134956,42341,59674,17333,4296,2793,3347,7102,7141,6682,7786,12226,15334,7555,993,3484,3618,3537,3604,3513,3169,3526,4260,5520,6706,7642,7692,5031,2524,849,144,63970,6140,20
Philippines,1952,135541,42308,60362,18054,4263,2778,3359,7045,7029,6690,7512,11776,15363,8271,1069,3523,3522,3518,3511,3488,3202,3438,4074,5290,6486,7571,7792,5633,2638,909,160,64625,6137,21
Philippines,1953,135577,42338,60657,18319,4169,2733,3363,7009,6917,6681,7286,11273,15238,9052,1179,3577,3432,3495,3422,3445,3236,3372,3914,5047,6226,7428,7810,6192,2860,1003,176,64826,6096,21
Philippines,1954,135985,42400,60914,18514,4175,2724,3386,7045,6861,6708,7168,10776,15013,9866,1332,3649,3396,3480,3381,3422,3286,3357,3811,4813,5963,7229,7784,6604,3262,1139,193,65089,6110,19
Philippines,1955,136300,42417,60899,18482,4280,2731,3416,7107,6815,6730,7105,10287,14631,10710,1574,3711,3396,3454,3361,3395,3335,3368,3737,4598,5689,6967,7664,6889,3821,1336,238,65179,6147,16
Philippines,1956,136150,42421,60683,18262,4368,2686,3408,7155,6751,6733,7071,9792,14042,11517,1927,3747,3408,3407,3344,3362,3371,3392,3679,4404,5388,6635,7407,7070,4447,1614,313,65051,6094,22
Philippines,1957,136345,42541,60618,18077,4473,2668,3418,7262,6730,6761,7100,9350,13316,12167,2445,3798,3464,3377,3353,3350,3411,3448,3652,4263,5087,6265,7051,7135,5032,2014,431,65091,6086,39
Philippines,1958,136525,42694,60568,17874,4560,2665,3418,7392,6736,6803,7178,8967,12462,12524,3199,3852,3540,3370,3366,3355,3448,3521,3657,4186,4781,5864,6598,7088,5436,2581,618,65128,6083,50
Philippines,1959,136242,42719,60260,17541,4616,2677,3395,7503,6743,6859,7291,8640,11487,12473,4228,3888,3615,3375,3368,3376,3483,3602,3689,4160,4480,5436,6051,6855,5618,3331,897,64876,6072,75
Philippines,1960,136318,42865,60101,17236,4726,2756,3401,7665,6816,6956,7437,8395,10399,12024,5500,3950,3715,3424,3392,3425,3531,3707,3730,4160,4235,4971,5428,6322,5702,4204,1296,64827,6157,136
Philippines,1961,135480,42644,59528,16884,4730,2813,3369,7696,6857,7035,7698,8644,10474,11273,5191,3938,3758,3454,3403,3449,3586,3852,3846,4280,4364,5008,5466,5915,5358,3917,1274,64258,6182,169
Philippines,1962,135140,42355,59002,16647,4756,2895,3358,7688,6923,7126,7983,9009,10766,10846,4615,3904,3784,3503,3420,3479,3647,3986,3997,4429,4580,5105,5661,5751,5095,3422,1193,63758,6253,176
Philippines,1963,134335,41995,58216,16221,4624,2901,3332,7570,6920,7152,8226,9396,11052,10712,4067,3817,3753,3515,3405,3474,3678,4077,4149,4574,4822,5172,5880,5759,4953,2952,1115,62840,6233,173
Philippines,1964,135974,41918,58206,16288,4744,3037,3437,7644,7093,7323,8571,9865,11396,10836,3660,3841,3803,3616,3477,3546,3777,4208,4363,4763,5102,5285,6111,5912,4924,2617,1043,62950,6474,167
Philippines,1965,136171,41579,57483,15904,4605,3028,3478,7563,7115,7372,8830,10243,11669,11162,3463,3801,3762,3629,3486,3556,3816,4279,4551,4918,5325,5424,6245,6156,5006,2493,970,62088,6506,159
Philippines,1966,136938,41142,56726,15584,4539,3020,3543,7521,7158,7451,9097,10626,11931,11733,3437,3791,3730,3639,3519,3584,3867,4360,4737,5097,5529,5626,6305,6489,5244,2546,891,61265,6563,152
Philippines,1967,138363,40735,56040,15305,4521,3024,3638,7530,7224,7551,9358,11058,12210,12484,3574,3821,3709,3653,3571,3627,3924,4450,4908,5310,5748,5891,6319,6865,5619,2749,825,60561,6662,147
Philippines,1968,140614,40486,55598,15112,4545,3040,3749,7616,7309,7683,9625,11544,12529,13284,3953,3900,3716,3675,3634,3688,3995,4555,5070,5551,5993,6208,6321,7229,6055,3140,813,60143,6789,135
Philippines,1969,143361,40467,55410,14943,4539,3024,3830,7733,7372,7829,9874,12058,12891,14010,4663,3997,3736,3683,3689,3759,4070,4661,5213,5811,6247,6539,6352,7496,6514,3763,900,59949,6854,132
Philippines,1970,149267,40852,56229,15377,4995,3243,4033,8101,7618,8163,10266,12697,13363,14643,5766,4217,3884,3786,3832,3931,4232,4848,5418,6139,6558,6883,6480,7582,7061,4639,1127,61224,7276,146
Philippines,1971,149642,40964,55893,14929,4620,3107,4012,8161,7570,8181,10394,13154,13749,14256,6389,4270,3891,3756,3814,3935,4246,4882,5512,6354,6800,7137,6612,7206,7050,4997,1392,60513,7119,158
Philippines,1972,152882,41420,56825,15405,4788,3249,4141,8430,7780,8403,10681,13796,14313,13592,6713,4429,4001,3854,3926,4045,4358,4986,5695,6645,7151,7476,6837,6838,6754,4943,1770,61613,7390,172
Philippines,1973,156263,41555,57322,15767,4955,3382,4294,8755,8023,8669,10981,14465,14968,13065,7146,4616,4139,3964,4059,4178,4491,5107,5874,6930,7535,7853,7115,6622,6443,4867,2279,62277,7676,234
Philippines,1974,159010,41893,57701,15808,4966,3420,4419,8990,8167,8852,11184,15034,15613,12584,7651,4756,4234,4020,4147,4274,4578,5195,5989,7156,7878,8214,7399,6483,6101,4828,2823,62667,7839,423
Philippines,1975,162198,42297,58134,15837,5010,3440,4576,9270,8316,9063,11381,15581,16314,12155,8170,4918,4352,4079,4237,4392,4671,5306,6075,7369,8212,8594,7720,6367,5788,4824,3346,63144,8016,785
Philippines,1976,167559,43176,59299,16123,5380,3804,4976,10041,8768,9520,11919,16518,17593,11770,7036,5339,4702,4321,4447,4619,4901,5578,6341,7799,8719,9195,8398,6426,5344,4144,2892,64679,8780,932
Philippines,1977,167366,44264,60018,15754,4828,3389,4685,9950,8611,9494,12156,17311,18870,11778,5442,5252,4698,4259,4352,4580,4914,5667,6489,8113,9198,9682,9188,6844,4934,3330,2112,64846,8074,835
Philippines,1978,172355,45450,61603,16153,4910,3421,4745,10368,8850,9787,12635,18444,20354,12366,4205,5437,4931,4415,4435,4720,5067,5888,6747,8532,9912,10256,10098,7612,4754,2723,1482,66513,8166,660
Philippines,1979,176812,45974,62320,16346,4905,3397,4750,10710,9060,10014,13068,19569,21838,13470,3241,5569,5141,4563,4497,4829,5185,6081,6987,8878,10691,10848,10990,8625,4845,2280,961,67225,8147,469
Philippines,1980,181372,45980,62391,16411,4954,3380,4738,10988,9295,10234,13491,20659,23348,15099,2513,5658,5330,4729,4566,4930,5304,6256,7235,9180,11479,11566,11782,9801,5298,1989,524,67345,8118,280
Philippines,1981,185900,46044,62613,16569,5132,3460,4769,11273,9623,10524,13866,21257,24573,16275,2372,5750,5523,4941,4682,5045,5479,6408,7458,9331,11926,12394,12179,10528,5747,1968,404,67745,8229,157
Philippines,1982,188675,46333,62693,16360,5093,3459,4727,11365,9859,10714,14112,21430,25627,17036,2458,5750,5615,5101,4758,5091,5623,6499,7613,9391,12039,13206,12421,10968,6068,2042,416,67786,8186,101
Philippines,1983,191509,46529,62690,16161,5056,3470,4704,11434,10106,10900,14378,21555,26740,17823,2574,5747,5687,5254,4852,5131,5769,6606,7772,9490,12065,13978,12762,11396,6427,2145,429,67746,8174,74
Philippines,1984,195281,46302,62503,16201,5289,3607,4761,11599,10489,11184,14758,21759,27915,18628,2731,5793,5806,5460,5029,5225,5959,6783,7975,9664,12095,14628,13287,11784,6844,2286,445,67792,8368,62
Philippines,1985,194722,45178,60557,15379,4961,3456,4658,11387,10539,11190,14930,21809,28877,19360,2942,5656,5731,5467,5072,5186,6004,6866,8064,9759,12050,14940,13937,12059,7301,2468,474,65518,8114,55
Philippines,1986,195551,44074,58956,14882,4908,3394,4613,11229,10666,11292,15217,22048,29836,20125,3215,5548,5681,5492,5174,5207,6085,7016,8201,9918,12130,15060,14776,12310,7815,2700,515,63864,8007,56
Philippines,1987,194492,43098,56909,13811,4665,3266,4503,10890,10614,11234,15350,22130,30408,20882,3570,5363,5527,5411,5203,5172,6062,7094,8256,9978,12152,14890,15518,12542,8340,2995,575,61574,7769,68
Philippines,1988,193557,41992,54899,12907,4426,3116,4375,10547,10499,11181,15501,22294,30831,21752,4066,5187,5360,5300,5199,5157,6024,7178,8323,10066,12228,14705,16126,12896,8856,3391,675,59325,7491,72
Philippines,1989,191659,40223,52185,11962,4141,2948,4211,10190,10325,11115,15641,22455,30961,22675,4724,5016,5174,5165,5160,5153,5962,7245,8396,10160,12295,14543,16418,13396,9279,3902,822,56326,7159,81
Philippines,1990,191137,38783,49957,11174,4077,2936,4107,9957,10215,11143,15851,22716,30894,23634,5548,4924,5033,5075,5140,5210,5933,7329,8522,10316,12400,14530,16364,14054,9580,4520,1028,54034,7043,105
Philippines,1991,191297,37647,48344,10697,4210,2940,3939,9675,10165,11247,16052,23041,31159,24483,5916,4786,4889,5015,5150,5314,5933,7386,8666,10489,12552,14806,16353,14848,9635,4799,1117,52554,6879,128
Philippines,1992,186036,35822,45064,9242,3403,2488,3552,8965,9621,10952,15820,23085,31435,25418,6072,4430,4535,4702,4919,5183,5769,7188,8632,10471,12614,15025,16410,15620,9798,4928,1144,48467,6040,158
Philippines,1993,185907,34419,43114,8695,3296,2405,3435,8697,9517,11061,15895,23423,31900,26627,6369,4277,4420,4604,4913,5233,5828,7135,8760,10585,12838,15282,16618,16356,10271,5136,1233,46410,5840,168
Philippines,1994,186697,33322,41542,8220,3165,2308,3353,8470,9431,11221,15983,23857,32401,27959,6837,4139,4331,4513,4918,5295,5926,7105,8878,10753,13104,15536,16865,16954,11005,5425,1412,44707,5661,168
Philippines,1995,189583,32807,40825,8018,3184,2284,3336,8369,9449,11514,16163,24414,33015,29304,7549,4066,4303,4484,4965,5422,6092,7161,9002,11014,13400,15861,17154,17386,11918,5846,1703,44009,5620,177
Philippines,1996,189590,31462,38847,7385,2949,2132,3207,8060,9241,11626,16158,24836,33733,30379,8223,3903,4157,4360,4881,5447,6179,7166,8992,11222,13614,16203,17530,17649,12730,6248,1975,41796,5339,203
Philippines,1997,192186,30643,37720,7077,2874,2071,3125,7902,9165,11871,16362,25559,35154,31597,8531,3827,4075,4309,4856,5526,6345,7290,9072,11539,14020,16781,18373,18088,13509,6562,1969,40594,5196,250
Philippines,1998,196642,30126,37004,6878,2865,2061,3080,7829,9170,12182,16662,26357,36641,33163,9351,3800,4029,4299,4871,5633,6549,7487,9175,11883,14474,17382,19259,18739,14424,7276,2075,39869,5141,278
Philippines,1999,202034,29684,36350,6666,2788,2031,3030,7764,9166,12488,17027,27219,38149,34976,10751,3783,3981,4284,4882,5729,6759,7731,9296,12232,14987,18033,20116,19637,15339,8331,2420,39138,5061,296
Philippines,2000,209220,29230,35820,6590,2814,2066,3023,7790,9252,12880,17533,28191,39695,37040,12779,3814,3976,4314,4938,5871,7009,8065,9468,12608,15583,18747,20948,20822,16218,9637,3142,38634,5089,332
Philippines,2001,213176,29373,35787,6414,2753,2049,2968,7761,9270,13167,18012,28983,41016,37995,13040,3808,3953,4323,4947,5966,7201,8375,9637,12824,16159,19408,21608,21668,16327,9636,3404,38540,5017,375
Philippines,2002,215582,29058,35386,6328,2712,2032,2927,7751,9300,13440,18537,29693,42311,38737,12351,3798,3953,4338,4962,6035,7405,8664,9873,12940,16753,20032,22279,22366,16371,9138,3213,38098,4959,404
Philippines,2003,218570,28679,34866,6187,2672,2021,2902,7739,9340,13703,19116,30335,43653,39863,11921,3768,3971,4342,4998,6092,7611,8938,10178,13028,17307,20633,23020,23135,16728,8953,2968,37538,4923,442
Philippines,2004,223429,28377,34619,6242,2798,2099,2942,7814,9483,14044,19863,31011,45151,41282,11812,3764,4050,4377,5106,6185,7859,9272,10591,13183,17828,21298,23853,23948,17334,9089,2723,37417,5041,510
Philippines,2005,226734,27921,33851,5930,2602,1995,2897,7692,9400,14165,20518,31472,46583,42867,12190,3659,4033,4293,5107,6171,7994,9535,10983,13305,18167,21937,24646,24646,18221,9558,2632,36453,4892,499
Philippines,2006,234056,28022,34077,6055,2806,2136,3020,7837,9634,14545,21407,32071,48188,44718,13175,3697,4140,4371,5263,6316,8229,9936,11471,13602,18469,22756,25432,25338,19380,10372,2803,36883,5156,434
Philippines,2007,238479,27707,33440,5733,2549,1984,2950,7628,9520,14581,22001,32446,49538,46756,14729,3584,4044,4294,5226,6321,8260,10209,11792,13859,18587,23521,26017,26066,20690,11404,3325,35989,4934,356
Philippines,2008,245664,27668,33425,5757,2583,2005,3000,7666,9645,14900,22895,33323,51410,48798,15664,3611,4055,4367,5278,6474,8426,10580,12315,14395,18928,24495,26915,27004,21794,11851,3813,36008,5005,346
Philippines,2009,253322,27701,33475,5774,2593,1990,3017,7733,9792,15302,23950,34676,53974,50724,15726,3671,4062,4469,5323,6634,8668,10974,12976,15247,19429,25637,28337,28323,22401,11950,3776,36068,5007,371
Philippines,2010,260902,27182,32820,5638,2488,1910,2978,7719,9831,15598,24891,36096,56493,53077,16634,3690,4029,4506,5325,6745,8853,11316,13575,16150,19946,26544,29949,29816,23261,12763,3871,35308,4888,370
Philippines,2011,268153,26383,32111,5728,2618,1970,3015,7860,10003,15979,25848,37531,58767,54990,17065,3782,4078,4608,5395,6931,9048,11667,14181,16991,20540,27244,31523,31061,23929,13092,3973,34729,4985,396
Philippines,2012,273605,26469,32134,5665,2628,1980,3006,7942,10070,16172,26552,38734,60452,56443,16992,3844,4098,4645,5425,7013,9159,11885,14667,17652,21082,27660,32792,32132,24311,13116,3876,34762,4986,499
Philippines,2013,282705,26593,32647,6054,3057,2206,3134,8280,10451,16638,27471,40305,62111,58428,17418,4012,4268,4812,5639,7199,9439,12214,15257,18424,21881,28084,34027,33384,25044,13548,3870,35704,5340,550
Philippines,2014,284347,25811,31087,5276,2423,1858,2907,7941,10034,16276,27548,41438,63057,60740,18490,3836,4105,4571,5463,6945,9331,12139,15409,18915,22523,28238,34819,34656,26084,14370,4120,33510,4765,546
Philippines,2015,290795,25146,30285,5139,2376,1821,2879,7947,10030,16311,27895,42967,63928,63525,20306,3821,4126,4536,5494,6908,9403,12242,15653,19597,23370,28500,35428,36080,27445,15545,4761,32661,4700,524
Philippines,2016,291294,24669,29685,5016,2326,1793,2844,7965,10039,16434,28335,44738,64317,63143,19153,3806,4159,4525,5514,6921,9513,12396,15939,20254,24484,28839,35478,36225,26918,14536,4617,32011,4637,527
Philippines,2017,292590,24393,29301,4908,2292,1779,2803,7969,10050,16562,28768,46455,64939,63042,18085,3774,4195,4528,5522,6958,9604,12546,16222,20838,25617,29425,35514,36498,26544,13684,4401,31593,4582,547
Philippines,2018,293689,23965,28759,4794,2255,1764,2757,7922,10018,16597,29089,47942,65821,63009,17191,3721,4201,4527,5491,6979,9618,12647,16442,21305,26637,30303,35518,36765,26244,13040,4151,31014,4521,566
Philippines,2019,295823,23587,28324,4737,2231,1753,2718,7877,10001,16627,29418,49407,67192,63154,16544,3676,4201,4546,5455,7012,9615,12755,16663,21735,27672,31526,35666,37011,26143,12642,3902,30555,4471,575
Philippines,2020,297112,23072,27604,4532,2127,1686,2621,7702,9865,16524,29579,50631,68752,63381,16071,3574,4128,4507,5358,6985,9539,12796,16783,22023,28608,32864,35888,37142,26239,12402,3669,29731,4307,571
Philippines,2021,388567,22510,26916,4406,2077,1694,3039,8949,12432,22542,39983,69427,89844,90318,20709,4112,4837,5505,6927,9628,12914,17417,22566,29939,39488,44014,45830,49830,40488,16493,4216,28993,4733,633
Poland,1950,145743,35327,41592,6265,1450,1204,1902,5709,5423,8606,12010,18485,24808,20243,4293,2904,2805,2171,3252,3950,4656,5599,6411,8291,10194,11857,12951,12007,8236,3532,761,43042,3106,16
Poland,1951,144658,34176,40822,6646,1424,1121,1810,5596,5208,8617,12340,19061,25200,19774,3640,2775,2821,2167,3041,3912,4705,5753,6587,8456,10605,12166,13034,11931,7843,3116,524,42246,2931,38
Poland,1952,145514,31577,37530,5953,1417,1051,1936,6072,5217,8848,13247,20450,26690,19843,3174,2976,3096,2377,2840,4048,4800,6134,7113,9131,11319,13035,13655,12209,7634,2754,420,38947,2987,37
Poland,1953,135213,29678,34914,5236,1177,759,1193,4010,4138,7596,12438,19596,26466,19930,2965,1894,2116,2017,2121,3287,4309,5604,6834,8374,11222,12972,13494,12335,7595,2611,354,36091,1952,28
Poland,1954,144397,28572,33434,4862,1358,636,1102,3993,4151,7823,13365,21921,30089,23346,3161,1910,2083,2213,1938,3304,4519,5816,7549,8191,13730,14706,15383,14544,8802,2861,300,34792,1738,18
Poland,1955,131989,29055,33659,4604,1401,640,1121,3493,3955,7522,13101,21150,27099,17007,1831,1605,1888,2120,1835,3212,4310,5648,7453,8889,12261,14418,12681,11053,5954,1669,162,35060,1761,7
Poland,1956,127437,24662,28175,3513,1215,498,975,3285,3920,7113,12941,21084,27697,18443,2080,1501,1784,2069,1851,2869,4244,5542,7399,8882,12202,13811,13886,11813,6630,1910,170,29390,1473,5
Poland,1957,135290,26631,30365,3734,1188,599,930,3322,4175,7150,13639,22916,30047,18932,2023,1523,1799,2137,2038,2797,4353,5845,7794,9862,13054,15121,14926,12169,6763,1870,153,31553,1529,4
Poland,1958,115120,22949,25937,2988,879,509,689,2609,3663,5693,11626,19121,25548,16489,2342,1104,1505,1800,1863,2044,3649,4896,6730,8669,10452,12846,12702,10859,5630,1974,368,26816,1198,13
Poland,1959,120510,22200,25287,3087,987,569,639,2480,3852,5609,11859,20132,28125,18203,2746,1038,1442,1814,2038,1869,3740,5101,6758,9193,10939,14115,14010,11579,6624,2268,478,26274,1208,19
Poland,1960,106651,15835,18033,2198,752,504,533,2185,3545,5243,11301,18980,25973,17057,2521,906,1279,1598,1947,1757,3486,4854,6447,8656,10324,13126,12847,10955,6102,2069,452,18785,1037,23
Poland,1961,107941,14328,16433,2105,738,566,539,1994,3518,5047,11431,19786,27187,17691,2972,851,1143,1568,1950,1857,3190,4946,6485,8995,10791,13410,13777,11066,6625,2439,533,17171,1105,38
Poland,1962,113923,13674,15521,1847,767,566,558,1982,3552,5094,11742,21185,29564,20188,3156,821,1161,1584,1968,2089,3005,5087,6655,9295,11890,14279,15285,12478,7710,2601,555,16288,1124,47
Poland,1963,109021,11856,13510,1654,695,526,584,1737,3472,4959,11665,21490,28344,18930,3058,708,1029,1482,1990,2387,2572,5007,6658,9417,12073,13641,14703,11819,7111,2526,532,14205,1110,49
Poland,1964,112825,11086,12575,1489,703,503,604,1565,3227,4778,11565,22169,31135,20569,3369,654,911,1321,1906,2373,2405,4731,6834,9541,12628,14765,16370,12852,7717,2825,544,13278,1107,64
Poland,1965,111006,9319,10615,1296,646,507,611,1493,3157,4741,11432,22406,30893,20921,3509,614,879,1281,1876,2339,2402,4510,6922,9418,12988,14554,16339,13116,7805,2907,602,11261,1118,73
Poland,1966,110592,8350,9526,1176,571,484,703,1383,2932,4969,11272,22284,31430,21313,3652,600,783,1178,1754,2493,2476,4434,6838,9337,12947,15317,16113,13486,7827,3006,646,10097,1187,74
Poland,1967,117604,8079,9244,1165,567,461,708,1311,2825,5125,10951,23473,34531,24168,4147,606,705,1072,1753,2410,2715,4013,6938,9834,13639,16790,17741,15289,8879,3392,755,9811,1169,93
Poland,1968,114819,7249,8250,1001,516,490,683,1410,2686,5466,10311,23642,33752,23544,3965,736,674,1009,1677,2460,3006,3574,6737,9797,13845,16849,16903,14898,8646,3239,726,8766,1173,95
Poland,1969,123428,7532,8497,965,525,472,779,1402,2741,5890,10483,25163,36979,26018,4370,719,683,997,1744,2482,3408,3570,6913,10319,14844,18349,18630,16422,9596,3555,815,9022,1251,105
Poland,1970,127070,8750,9673,923,498,501,725,1428,2531,5851,9887,24861,38853,27404,4729,807,621,979,1552,2413,3438,3320,6567,10404,14457,19393,19460,17316,10088,3829,900,10171,1226,130
Poland,1971,132536,8159,9068,909,489,454,803,1470,2613,6123,9848,26028,41915,28695,4896,799,671,1025,1588,2497,3626,3648,6200,10816,15212,20632,21283,18009,10686,4012,884,9557,1257,132
Poland,1972,125503,7818,8695,877,448,427,721,1457,2342,5788,9492,23947,39341,27936,4780,820,637,912,1430,2324,3464,3888,5604,9802,14145,18960,20381,17286,10650,3895,885,9143,1148,128
Poland,1973,130187,7417,8262,845,435,408,739,1523,2233,5883,9423,24534,42010,29436,5170,798,725,865,1368,2344,3539,4338,5085,10193,14341,19875,22135,17900,11536,4263,907,8697,1147,131
Poland,1974,131661,7325,8088,763,363,321,684,1517,2149,5910,9358,24624,42739,30422,5347,780,737,793,1356,2354,3556,4679,4679,9970,14654,20207,22532,18482,11940,4412,935,8451,1005,137
Poland,1975,140071,7865,8782,917,403,351,689,1703,2152,5811,9878,24937,45401,33924,5895,861,842,806,1346,2181,3630,4987,4891,9812,15125,20959,24442,20816,13108,4860,1035,9185,1040,145
Poland,1976,141532,7892,8641,749,449,312,655,1663,2132,5816,10473,24533,46014,34672,6034,803,860,803,1329,2230,3586,5223,5250,9110,15423,21093,24921,21162,13510,4998,1036,9090,967,138
Poland,1977,144158,7897,8757,860,412,325,615,1812,2162,5853,11301,24001,46907,35462,6398,839,973,907,1255,2161,3692,5484,5817,8587,15414,21410,25497,22072,13390,5272,1126,9169,940,150
Poland,1978,150002,7510,8357,847,435,333,596,1854,2259,5812,12175,23268,49106,38577,7076,846,1008,1001,1258,2143,3669,5607,6568,7784,15484,22143,26963,24619,13958,5837,1239,8792,929,157
Poland,1979,149306,7278,8065,787,403,304,581,1802,2233,5678,12736,22449,49115,39499,6324,822,980,1047,1186,2074,3604,5488,7248,7277,15172,21902,27213,24267,15232,5302,1022,8468,885,119
Poland,1980,162394,7367,8235,868,442,283,487,1726,2423,5921,13572,23333,52932,44748,8109,776,950,1183,1240,2219,3702,5767,7805,7731,15602,23594,29338,28110,16638,6661,1448,8677,770,183
Poland,1981,152552,6935,7738,803,435,276,480,1715,2414,5456,13418,21751,49310,41791,7584,724,991,1193,1221,2068,3388,5544,7874,7983,13768,22362,26948,25941,15850,6178,1406,8173,756,183
Poland,1982,157289,7276,8067,791,435,315,507,1675,2504,5284,13827,21726,50517,44319,7913,703,972,1266,1238,1927,3357,5606,8221,8882,12844,22328,28189,27341,16978,6430,1483,8502,822,202
Poland,1983,164609,6987,7734,747,414,323,491,1619,2672,5235,13892,21868,52718,48494,8916,680,939,1293,1379,1918,3317,5646,8246,10099,11769,23195,29523,29579,18915,7232,1684,8148,814,233
Poland,1984,172874,6709,7490,781,375,310,441,1541,3035,5316,13966,22656,54939,52830,9724,576,965,1395,1640,1881,3435,5521,8445,11222,11434,23579,31360,32046,20784,7863,1861,7865,751,256
Poland,1985,180214,6149,6910,761,388,289,406,1454,3042,5448,14342,24155,56537,56344,10628,548,906,1228,1814,1989,3459,5599,8743,12118,12037,23616,32921,33606,22738,8594,2034,7298,695,274
Poland,1986,177187,5610,6335,725,358,280,407,1344,3161,5248,14092,25157,54121,55780,10630,514,830,1248,1913,1936,3312,5465,8627,12597,12560,21926,32195,33150,22630,8620,2010,6693,687,273
Poland,1987,178213,5365,6012,647,333,263,395,1288,3299,5446,14106,26859,52212,56787,10939,483,805,1337,1962,2143,3303,5369,8737,12692,14167,19836,32376,33342,23445,8925,2014,6345,658,277
Poland,1988,173858,4981,5606,625,347,263,415,1154,3192,5286,13749,28027,49093,55665,10777,452,702,1283,1909,2297,2989,5225,8524,12706,15321,17852,31241,32759,22906,8834,1943,5953,678,281
Poland,1989,177558,4599,5272,673,417,327,457,1183,3237,5631,13394,29998,47856,58015,11465,517,666,1291,1946,2586,3045,5017,8377,12946,17052,16517,31339,33510,24505,9422,2043,5689,784,310
Poland,1990,179745,4433,5025,592,360,348,485,1094,3350,5874,13122,30484,47214,59362,12677,454,640,1251,2099,2916,2958,4951,8171,12795,17689,16739,30475,34594,24768,10400,2277,5385,833,348
Poland,1991,186751,4182,4703,521,381,343,541,1129,3486,6409,13036,31858,47634,62914,13949,491,638,1264,2222,3240,3169,4992,8044,12894,18964,18284,29350,36665,26249,11454,2495,5084,884,363
Poland,1992,182455,3819,4337,518,319,288,511,1067,3121,6727,12341,31055,45903,62089,14370,479,588,1090,2031,3352,3375,4747,7594,12718,18337,19686,26217,35537,26552,11836,2534,4656,799,328
Poland,1993,183796,3355,3789,434,309,278,525,966,2983,6614,11578,30286,45836,64637,15665,467,499,1018,1965,3112,3502,4430,7148,11950,18336,22015,23821,36451,28186,12874,2791,4098,803,330
Poland,1994,181265,3154,3625,471,297,255,549,993,2853,7030,11251,29361,45209,63788,15725,469,524,934,1919,3137,3893,4196,7055,11605,17756,23505,21704,35321,28467,12930,2795,3922,804,325
Poland,1995,180148,2524,2903,379,225,292,514,995,2709,7427,10890,28903,45711,63133,16131,476,519,862,1847,3173,4254,4109,6781,11228,17675,23920,21791,33984,29149,13223,2908,3128,806,316
Poland,1996,181895,2238,2600,362,264,290,505,954,2444,7490,10669,28073,48487,62989,16798,471,483,770,1674,3132,4358,4106,6563,10703,17370,25076,23411,32815,30174,13620,3178,2864,795,337
Poland,1997,178159,1814,2121,307,265,252,515,966,2310,7495,10946,27223,50087,58582,17053,475,491,725,1585,2988,4507,4557,6389,10237,16986,24978,25109,29082,29500,13822,3231,2386,767,339
Poland,1998,175577,1627,1889,262,219,244,493,998,2176,7517,10864,26500,52102,54578,17622,515,483,689,1487,3006,4511,4968,5896,10020,16480,24139,27963,25543,29035,14188,3434,2108,737,378
Poland,1999,177182,1444,1712,268,187,211,503,1051,2057,7495,11285,25850,54339,53317,18766,525,526,662,1395,2963,4532,5374,5911,9812,16038,24267,30072,23827,29490,15078,3688,1899,714,411
Poland,2000,172724,1337,1555,218,160,195,473,1005,1843,7254,11415,24360,53319,51779,18935,480,525,637,1206,2706,4548,5779,5636,9278,15082,23091,30228,23825,27954,15197,3738,1715,668,432
Poland,2001,170214,1233,1449,216,173,220,443,947,1674,6988,11704,22706,53173,50990,19261,443,504,595,1079,2563,4425,6067,5637,8632,14074,22425,30748,25128,25862,15391,3870,1622,663,484
Poland,2002,167781,1161,1358,197,168,213,455,916,1678,6414,12107,21180,52226,50654,19897,463,453,611,1067,2222,4192,6158,5949,7975,13205,21678,30548,26921,23733,15780,4117,1526,668,517
Poland,2003,171513,1086,1239,153,144,195,406,962,1576,6162,12698,20722,51979,53303,21557,464,498,601,975,2093,4069,6182,6516,7839,12883,21622,30357,31128,22175,16985,4572,1383,601,574
Poland,2004,168936,1059,1217,158,128,184,387,923,1539,6192,13312,19926,49772,53382,21381,448,475,608,931,1985,4207,6350,6962,7560,12366,20341,29431,33094,20288,16662,4719,1345,571,593
Poland,2005,171524,1032,1206,174,155,161,349,887,1632,5965,14177,19297,48723,56352,21979,413,474,654,978,1857,4108,6295,7882,7289,12008,19513,29210,34812,21540,16916,5063,1361,510,642
Poland,2006,171613,964,1138,174,120,170,340,876,1619,5754,14868,19191,47363,58752,20734,423,453,636,983,1852,3902,6432,8436,7595,11596,18547,28816,35728,23024,15477,5257,1258,510,690
Poland,2007,175029,1003,1158,155,99,168,345,938,1545,5429,15327,19471,46638,62821,20325,432,506,670,875,1700,3729,6326,9001,8274,11197,18019,28619,36658,26163,14669,5656,1257,513,765
Poland,2008,177265,1020,1187,167,98,122,380,893,1566,5025,15152,19785,45997,66459,19764,391,502,639,927,1649,3376,6295,8857,9153,10632,17513,28484,36591,29868,13785,5979,1285,502,836
Poland,2009,181312,991,1148,157,111,163,319,861,1672,4663,15148,20379,45002,70969,19963,385,476,688,984,1551,3112,6186,8962,10029,10350,17023,27979,37547,33422,13670,6293,1259,482,923
Poland,2010,178563,897,1052,155,88,114,251,747,1555,4197,14420,20407,42767,71047,20940,319,428,587,968,1463,2734,5808,8612,10533,9874,16584,26183,36910,34137,14771,6169,1140,365,971
Poland,2011,177574,813,957,144,84,122,288,770,1595,4025,14018,21226,40459,71504,21506,321,449,608,987,1466,2559,5440,8578,11215,10011,15675,24784,35959,35545,15832,5674,1041,410,1025
Poland,2012,183034,814,931,117,88,110,252,705,1544,3923,13861,22912,40019,73699,23849,306,399,626,918,1449,2474,5216,8645,11854,11058,15424,24595,36597,37102,18318,5531,1019,362,1141
Poland,2013,186024,769,908,139,72,122,256,689,1526,3684,13261,24318,38847,74802,26338,285,404,592,934,1372,2312,4633,8628,12165,12153,14837,24010,36625,38177,21096,5242,980,378,1202
Poland,2014,181158,749,886,137,87,108,232,704,1540,3586,12364,24744,36470,71474,27725,315,389,579,961,1364,2222,4338,8026,11754,12990,13703,22767,34411,37063,22535,5190,973,340,1243
Poland,2015,190666,668,783,115,91,98,210,606,1494,3621,11951,26759,36780,75415,31559,276,330,564,930,1422,2199,3982,7969,12287,14472,13752,23028,35060,40355,25449,6110,874,308,1293
Poland,2016,186129,688,786,98,82,79,189,618,1567,3585,11173,27128,35225,72176,32358,247,371,622,945,1443,2142,3767,7406,11982,15146,13751,21474,32850,39326,25818,6540,868,268,1161
Poland,2017,195808,722,822,100,80,96,200,616,1575,3716,10675,28039,36809,74891,37072,260,356,599,976,1505,2211,3554,7121,11839,16200,15366,21443,33298,41593,28927,8145,902,296,1212
Poland,2018,200913,679,786,107,80,119,210,613,1574,3696,10344,28993,38451,76054,38859,262,351,614,960,1492,2204,3428,6916,12398,16595,17170,21281,33573,42481,29525,9334,866,329,1135
Poland,2019,198810,679,777,98,87,91,189,579,1522,3796,9609,28978,39113,73191,39705,243,336,554,968,1513,2283,3381,6228,12066,16912,18648,20465,32232,40959,29702,10003,864,280,1176
Poland,2020,224786,632,727,95,82,89,173,572,1584,3928,9091,30485,46226,83901,46465,257,315,528,1056,1570,2358,3439,5652,11644,18841,24797,21429,35510,48391,34585,11880,809,262,1464
Poland,2021,240572,595,683,88,77,80,189,514,1578,4424,8950,33207,54470,85548,49194,225,289,537,1041,1715,2709,3519,5431,11837,21370,30022,24448,35843,49705,36283,12911,760,269,1661
Portugal,1950,51177,9058,13653,4595,706,456,839,2216,1934,2441,3351,6224,9796,7785,1698,1122,1094,886,1048,1163,1278,1461,1890,2774,3450,4743,5053,4720,3065,1315,383,14359,1295,81
Portugal,1951,52106,8404,12679,4275,747,432,770,2027,1861,2399,3462,6590,10961,8191,1901,1017,1010,857,1004,1120,1279,1538,1924,2871,3719,5237,5724,4949,3242,1456,445,13426,1202,91
Portugal,1952,49876,9068,13711,4643,676,370,594,1598,1596,2158,3160,6125,10013,7964,1831,771,827,723,873,973,1185,1412,1748,2585,3540,4668,5345,4824,3140,1410,421,14387,964,83
Portugal,1953,48038,8414,12582,4168,594,297,421,1186,1375,2041,3107,6105,10281,8220,1758,575,611,632,743,940,1101,1396,1711,2634,3471,4692,5589,4914,3306,1362,396,13176,718,75
Portugal,1954,46980,7546,10757,3211,627,313,396,1167,1259,2042,3205,6264,10580,8323,1964,535,632,583,676,913,1129,1406,1799,2578,3686,4844,5736,5038,3285,1518,446,11384,709,79
Portugal,1955,49247,8645,12315,3670,562,277,367,1164,1218,2010,3364,6345,10882,8805,1866,567,597,594,624,869,1141,1562,1802,2576,3769,4878,6004,5404,3401,1449,417,12877,644,68
Portugal,1956,53185,8005,11366,3361,546,274,355,1038,1332,2125,3735,6969,12624,10575,2174,496,542,646,686,910,1215,1626,2109,2874,4095,5733,6891,6548,4027,1686,488,11912,629,70
Portugal,1957,50315,8517,12283,3766,573,303,373,1062,1271,2064,3402,6486,11576,9126,1744,492,570,634,637,885,1179,1441,1961,2554,3932,5398,6178,5598,3528,1364,380,12856,676,51
Portugal,1958,45150,7966,10937,2971,474,253,270,901,1152,1674,3132,5845,10299,8539,1628,380,521,558,594,689,985,1302,1830,2395,3450,4644,5655,5269,3270,1284,344,11411,523,43
Portugal,1959,47905,8616,11875,3259,486,251,263,856,1207,1621,3102,5843,11128,9433,1794,373,483,560,647,687,934,1330,1772,2333,3510,5072,6056,5652,3781,1429,365,12361,514,48
Portugal,1960,47466,7730,10095,2365,393,239,249,807,1131,1608,3199,6077,11511,10275,1839,350,457,524,607,646,962,1438,1761,2437,3640,5220,6291,6266,4009,1487,352,10488,488,46
Portugal,1961,48873,8755,12023,3268,470,237,295,762,1135,1616,3242,6087,11435,9774,1756,350,412,496,639,688,928,1414,1828,2562,3525,5174,6261,5874,3900,1420,336,12493,532,44
Portugal,1962,47240,7580,10123,2543,429,227,254,770,1087,1564,3221,6167,11548,10028,1780,329,441,487,600,658,906,1356,1865,2575,3592,5251,6297,5950,4078,1438,342,10552,481,46
Portugal,1963,47762,6857,9084,2227,457,218,250,678,973,1557,3331,6134,12264,10861,1899,290,388,427,546,658,899,1440,1891,2601,3533,5458,6806,6375,4486,1551,348,9541,468,48
Portugal,1964,47485,6674,8881,2207,483,242,253,647,1053,1576,3314,6430,12035,10643,1880,291,356,453,600,725,851,1448,1866,2765,3665,5331,6704,6317,4326,1550,330,9364,495,44
Portugal,1965,46282,5855,7630,1775,375,193,238,571,982,1582,3182,6329,12250,10867,2037,227,344,441,541,724,858,1272,1910,2634,3695,5472,6778,6561,4306,1686,351,8005,431,46
Portugal,1966,48579,5751,7415,1664,355,211,191,612,947,1628,3481,6865,13088,11554,2184,291,321,374,573,733,895,1471,2010,2902,3963,5813,7275,6881,4673,1784,400,7770,402,47
Portugal,1967,46678,5278,6616,1338,307,206,239,565,979,1647,3237,6833,12466,11206,2327,262,303,392,587,696,951,1267,1970,2842,3991,5380,7086,6672,4534,1909,418,6923,445,51
Portugal,1968,46405,5219,6529,1310,284,191,211,496,886,1549,3120,6771,12635,11552,2135,234,262,390,496,678,871,1191,1929,2831,3940,5566,7069,6921,4631,1743,392,6813,402,46
Portugal,1969,49585,4807,5902,1095,257,162,222,528,894,1682,3260,7553,14083,12520,2470,254,274,405,489,745,937,1271,1989,2988,4565,6091,7992,7440,5080,1996,474,6159,384,49
Portugal,1970,46423,4890,6035,1145,305,185,190,503,767,1535,2833,6803,12926,12014,2283,241,262,314,453,648,887,1112,1721,2782,4021,5679,7247,7217,4797,1840,443,6340,375,45
Portugal,1971,47883,4109,5020,911,319,190,196,527,859,1644,3027,7371,13500,12644,2536,249,278,345,514,653,991,1178,1849,2947,4424,6037,7463,7465,5179,2050,486,5339,386,54
Portugal,1972,44101,3054,3776,722,249,174,188,483,698,1496,2839,6927,12759,12043,2417,231,252,280,418,620,876,1140,1699,2773,4154,5736,7023,7103,4940,1964,453,4025,362,54
Portugal,1973,46678,3327,4152,825,269,181,200,479,738,1580,2951,7078,13609,12926,2463,229,250,279,459,683,897,1241,1710,2846,4232,6067,7542,7631,5295,2007,456,4421,381,54
Portugal,1974,47193,2773,3369,596,251,176,209,454,751,1543,2945,7222,13950,13586,2676,227,227,313,438,644,899,1335,1610,2948,4274,6307,7643,7937,5649,2182,494,3620,385,58
Portugal,1975,46522,3031,3626,595,242,160,211,500,719,1645,3040,7076,13660,13076,2519,251,249,291,428,665,980,1356,1684,2758,4318,6142,7518,7629,5447,2053,466,3868,371,50
Portugal,1976,48517,2647,3191,544,229,200,236,530,774,1689,3099,7217,14743,13707,2847,256,274,313,461,669,1020,1435,1664,2807,4410,6496,8247,7983,5724,2313,534,3420,436,54
Portugal,1977,45347,2223,2705,482,182,150,225,466,751,1560,3041,6742,13934,12902,2638,236,230,313,438,609,951,1339,1702,2603,4139,6351,7583,7533,5369,2160,478,2887,375,47
Portugal,1978,46325,2051,2481,430,190,189,233,455,673,1454,2876,6666,14388,13699,2970,220,235,280,393,569,885,1202,1674,2516,4150,6338,8050,7750,5949,2440,530,2671,422,48
Portugal,1979,44602,1732,2154,422,170,178,246,462,627,1442,2949,6161,13999,13349,2823,224,238,265,362,564,878,1238,1711,2221,3940,6136,7863,7693,5656,2306,517,2324,424,43
Portugal,1980,45210,1626,1986,360,184,150,244,476,657,1425,2978,6259,14172,13633,2998,240,236,291,366,596,829,1245,1733,2265,3994,6043,8129,7906,5727,2445,553,2170,394,48
Portugal,1981,45620,1469,1754,285,182,164,239,457,653,1468,3071,6200,14172,14122,3080,216,241,281,372,559,909,1243,1828,2296,3904,6092,8080,8196,5926,2514,566,1936,403,58
Portugal,1982,43926,1259,1542,283,176,141,220,442,673,1385,2933,5807,13930,13518,3095,203,239,283,390,540,845,1211,1722,2238,3569,5905,8025,7997,5521,2525,570,1718,361,63
Portugal,1983,46016,1208,1455,247,145,150,248,423,690,1339,3007,5902,14190,14952,3443,218,205,285,405,541,798,1247,1760,2365,3537,5963,8227,8737,6215,2803,640,1600,398,71
Portugal,1984,46117,972,1245,273,121,131,218,445,712,1368,2976,5916,14065,15276,3566,222,223,322,390,542,826,1245,1731,2434,3482,5897,8168,8967,6309,2875,691,1366,349,77
Portugal,1985,46195,913,1128,215,112,119,211,449,661,1303,2928,5785,14102,15554,3755,221,228,256,405,505,798,1215,1713,2526,3259,5720,8382,9037,6517,3025,730,1240,330,84
Portugal,1986,45656,847,1087,240,138,107,200,405,647,1220,2972,5716,13833,15629,3621,200,205,279,368,493,727,1179,1793,2486,3230,5569,8264,9028,6601,2898,723,1225,307,81
Portugal,1987,45472,740,952,212,126,113,196,409,676,1293,2746,5676,13160,16198,3828,200,209,278,398,536,757,1132,1614,2458,3218,5211,7949,9412,6786,3015,813,1078,309,95
Portugal,1988,46476,710,918,208,86,116,161,421,603,1268,2708,5893,13375,16712,4104,195,226,269,334,490,778,1131,1577,2427,3466,5122,8253,9382,7330,3191,913,1004,277,109
Portugal,1989,45636,629,789,160,103,111,155,429,627,1295,2518,5640,12881,16691,4276,213,216,250,377,561,734,964,1554,2289,3351,4845,8036,9311,7380,3358,918,892,266,118
Portugal,1990,49520,536,667,131,108,121,172,451,661,1240,2698,6079,13599,18769,4826,216,235,284,377,507,733,1083,1615,2350,3729,5158,8441,10317,8452,3822,1004,775,293,130
Portugal,1991,49647,536,683,147,97,117,178,437,634,1268,2714,6147,13348,18963,4929,195,242,269,365,550,718,1078,1636,2466,3681,5026,8322,10409,8554,3935,994,780,295,129
Portugal,1992,47637,464,580,116,95,84,139,431,649,1292,2530,5807,12702,18227,4963,211,220,280,369,570,722,999,1531,2271,3536,5037,7665,9942,8285,3937,1026,675,223,139
Portugal,1993,50259,405,537,132,67,87,165,428,665,1326,2616,6062,13184,19389,5576,187,241,290,375,553,773,1040,1576,2332,3730,5352,7832,10516,8873,4449,1127,604,252,154
Portugal,1994,47108,393,503,110,95,87,146,405,676,1202,2308,5557,12183,18400,5396,172,233,277,399,512,690,944,1364,2171,3386,5155,7028,9891,8509,4330,1066,598,233,149
Portugal,1995,49303,337,440,103,70,75,145,452,622,1210,2355,5575,12842,19355,5991,217,235,285,337,538,672,943,1412,2208,3367,5528,7314,10134,9221,4780,1211,510,220,169
Portugal,1996,50705,324,426,102,76,76,141,397,733,1245,2290,5645,12878,19996,6602,196,201,354,379,486,759,996,1294,2178,3467,5560,7318,10351,9645,5170,1432,502,217,197
Portugal,1997,49841,324,426,102,57,76,138,442,730,1308,2303,5466,12661,19647,6406,197,245,293,437,524,784,967,1336,2083,3383,5373,7288,10007,9640,5017,1389,483,214,182
Portugal,1998,50564,296,396,100,75,66,124,456,696,1189,2222,5299,13150,19652,7020,218,238,291,405,509,680,954,1268,2089,3210,5581,7569,9619,10033,5427,1593,471,190,214
Portugal,1999,51702,291,367,76,60,67,118,381,656,1230,2237,5401,13375,20147,7433,180,201,284,372,537,693,974,1263,2063,3338,5317,8058,9682,10465,5716,1717,427,185,230
Portugal,2000,50285,295,375,80,52,46,112,324,643,1260,2209,5040,13272,19315,7403,160,164,261,382,528,732,995,1214,1919,3121,5320,7952,9095,10220,5719,1684,427,158,233
Portugal,2001,50191,230,295,65,50,56,97,321,604,1337,2189,4955,13125,19158,7743,131,190,251,353,565,772,963,1226,1896,3059,5205,7920,9225,9933,5952,1791,345,153,261
Portugal,2002,50890,261,329,68,45,57,87,332,599,1262,2228,4792,12924,19604,8340,141,191,249,350,530,732,966,1262,1840,2952,4961,7963,9554,10050,6419,1921,374,144,293
Portugal,2003,52724,228,286,58,42,53,85,348,590,1194,2277,4759,13371,20332,9062,139,209,241,349,485,709,963,1314,1770,2989,5125,8246,10253,10079,6950,2112,328,138,324
Portugal,2004,48846,170,227,57,39,49,88,268,568,1152,2167,4485,12143,18989,8372,108,160,248,320,474,678,916,1251,1638,2847,4722,7421,9904,9085,6382,1990,266,137,302
Portugal,2005,51961,184,217,33,40,33,72,259,550,1194,2182,4523,12605,20672,9275,114,145,229,321,477,717,946,1236,1654,2869,4758,7847,10864,9808,7002,2273,257,105,338
Portugal,2006,48404,138,187,49,39,30,69,218,527,1081,2008,4159,11469,19406,8863,88,130,194,333,462,619,844,1164,1689,2470,4463,7006,10050,9356,6603,2260,226,99,345
Portugal,2007,50189,166,204,38,23,45,57,215,501,1153,2063,4045,11491,20529,9469,101,114,190,311,465,688,871,1192,1562,2483,4378,7113,10465,10064,6962,2507,227,102,395
Portugal,2008,50711,157,190,33,26,48,57,206,477,1146,2075,3964,11342,21062,9667,86,120,207,270,456,690,844,1231,1577,2387,4244,7098,10441,10621,6904,2763,216,105,451
Portugal,2009,51242,150,188,38,26,29,56,189,508,1145,2096,4049,11002,21703,9768,87,102,183,325,458,687,956,1140,1697,2352,4073,6929,10663,11040,6857,2911,214,85,484
Portugal,2010,51765,128,164,36,28,24,53,207,516,1100,2018,3793,10768,22475,10117,101,106,201,315,440,660,903,1115,1563,2230,4003,6765,10778,11697,7113,3004,192,77,504
Portugal,2011,50398,122,148,26,29,15,59,168,387,1050,2097,3854,10506,21353,10197,78,90,146,241,427,623,886,1211,1634,2220,3801,6705,9929,11424,7223,2974,177,74,534
Portugal,2012,53192,144,173,29,32,31,34,136,394,1058,1993,3899,10300,23137,11388,58,78,149,245,411,647,841,1152,1623,2276,3611,6689,10478,12659,8146,3242,205,65,612
Portugal,2013,52237,96,123,27,22,24,42,129,368,1005,1976,3965,9956,22501,11491,56,73,118,250,370,635,867,1109,1639,2326,3490,6466,10093,12408,8438,3053,145,66,632
Portugal,2014,51593,92,119,27,16,18,40,124,369,949,1997,3830,9411,22117,11913,46,78,122,247,381,568,847,1150,1482,2348,3330,6081,9928,12189,8863,3050,135,58,694
Portugal,2015,54441,103,123,20,27,16,33,112,304,937,1904,3910,9501,23326,13470,53,59,102,202,365,572,853,1051,1614,2296,3428,6073,10427,12899,9964,3506,150,49,779
Portugal,2016,54987,117,140,23,15,20,46,85,320,950,2026,3925,9554,22914,14182,43,42,89,231,388,562,852,1174,1602,2323,3560,5994,10113,12801,10355,3827,155,66,810
Portugal,2017,54913,94,115,21,19,18,29,139,303,959,2052,3932,9155,22527,14830,70,69,98,205,387,572,927,1125,1592,2340,3466,5689,9746,12781,10656,4174,134,47,836
Portugal,2018,56658,127,159,32,21,26,40,127,279,937,1973,3859,9299,23224,15833,46,81,116,163,377,560,808,1165,1581,2278,3524,5775,10022,13202,11051,4782,180,66,883
Portugal,2019,56304,109,139,30,10,24,37,111,317,904,2053,3820,9092,22753,16154,60,51,125,192,341,563,809,1244,1596,2224,3564,5528,9739,13014,11065,5089,149,61,887
Portugal,2020,62479,94,117,23,21,21,37,111,293,934,2100,4110,10094,25217,18398,54,57,96,197,362,572,892,1208,1638,2472,3860,6234,10738,14479,12466,5932,138,58,1027
Portugal,2021,60696,97,125,28,8,21,31,104,298,931,2178,4341,10509,24596,16568,56,48,118,180,332,599,841,1337,1780,2561,4175,6334,10035,14561,11208,5360,133,52,981
Puerto Rico,1950,10396,3232,4108,876,203,109,155,423,492,536,714,1077,1147,1098,317,207,216,223,269,258,278,343,371,510,567,575,572,616,482,244,73,4311,264,13
Puerto Rico,1951,9997,3035,3861,826,199,104,145,400,470,521,700,1052,1133,1073,322,193,207,214,256,255,266,334,366,490,562,575,558,586,487,247,75,4060,249,14
Puerto Rico,1952,9551,2796,3568,772,195,100,136,380,452,510,691,1026,1136,1027,315,181,199,207,245,253,257,325,366,466,560,581,555,553,474,242,73,3763,236,13
Puerto Rico,1953,8995,2543,3245,702,188,94,128,349,427,492,670,984,1121,979,307,164,185,198,229,245,247,308,362,439,545,576,545,528,451,236,71,3433,222,13
Puerto Rico,1954,8384,2331,2950,619,179,87,117,313,394,462,631,926,1083,927,301,145,168,184,210,229,233,284,347,411,515,555,528,509,418,229,72,3129,204,12
Puerto Rico,1955,7877,2153,2709,556,164,82,107,281,365,438,590,875,1053,895,304,130,151,171,194,214,224,260,330,391,484,534,519,493,402,228,76,2873,189,13
Puerto Rico,1956,7651,2006,2529,523,153,82,103,262,350,427,574,864,1062,909,322,122,140,163,187,204,223,249,325,392,472,529,533,496,413,237,85,2682,185,14
Puerto Rico,1957,7439,1850,2341,491,143,82,100,245,335,418,552,854,1074,931,345,115,130,154,181,194,224,240,312,395,459,526,548,498,433,250,95,2484,182,18
Puerto Rico,1958,7291,1735,2199,464,133,82,98,230,322,406,535,851,1077,966,375,109,121,145,177,186,220,234,301,397,454,520,557,503,463,268,107,2332,180,22
Puerto Rico,1959,7200,1616,2055,439,125,82,98,217,309,399,521,856,1085,1012,420,105,112,136,173,181,218,233,288,400,456,522,563,517,495,297,123,2180,180,28
Puerto Rico,1960,7209,1566,1985,419,118,80,98,205,293,394,512,865,1091,1053,480,101,104,127,166,179,215,235,277,400,465,526,565,532,521,339,141,2103,178,37
Puerto Rico,1961,7141,1461,1866,405,117,77,99,204,281,387,520,869,1110,1064,508,102,102,121,160,177,210,246,274,397,472,536,574,560,504,364,144,1983,176,43
Puerto Rico,1962,7290,1444,1845,401,115,73,103,208,279,389,545,889,1155,1104,536,105,103,121,158,180,209,261,284,399,490,556,599,606,498,384,152,1960,176,48
Puerto Rico,1963,7439,1485,1875,390,112,72,103,212,272,387,565,901,1186,1152,558,107,105,118,154,180,207,269,296,398,503,567,619,642,510,396,162,1987,175,51
Puerto Rico,1964,7446,1367,1745,378,110,69,105,215,266,384,584,912,1219,1207,580,110,105,117,149,179,205,271,313,398,514,579,640,672,535,406,174,1855,174,54
Puerto Rico,1965,7512,1313,1675,362,108,67,103,216,261,381,598,923,1247,1270,605,111,105,116,145,177,204,268,330,403,520,590,657,696,574,413,192,1783,170,56
Puerto Rico,1966,7599,1199,1547,348,107,66,102,220,260,383,612,950,1289,1359,641,113,107,116,144,175,208,265,347,419,531,612,677,725,634,429,212,1654,168,62
Puerto Rico,1967,7725,1069,1399,330,105,68,102,227,263,386,622,989,1339,1455,698,117,110,118,145,173,213,264,358,446,543,641,698,753,702,464,234,1504,170,72
Puerto Rico,1968,8000,979,1291,312,105,68,101,236,269,394,635,1054,1409,1564,792,121,115,121,148,173,221,266,369,486,568,682,727,787,777,528,264,1396,169,82
Puerto Rico,1969,8056,918,1197,279,102,68,97,234,266,387,623,1082,1425,1603,882,122,112,121,145,168,219,262,361,506,576,696,729,788,815,588,294,1299,165,91
Puerto Rico,1970,8271,879,1141,262,102,68,98,237,267,387,617,1133,1467,1648,1009,123,114,121,146,166,221,263,354,530,603,718,749,795,853,670,339,1243,166,104
Puerto Rico,1971,8337,885,1122,237,93,66,98,238,267,386,618,1160,1506,1623,1045,122,116,121,146,166,220,269,349,532,628,732,774,793,830,686,359,1215,164,116
Puerto Rico,1972,8220,821,1048,227,86,64,97,240,268,381,620,1167,1527,1574,1025,121,119,122,146,164,217,275,345,522,645,737,790,787,787,664,361,1134,161,125
Puerto Rico,1973,8105,765,985,220,78,61,96,243,267,374,624,1166,1547,1534,996,120,123,123,144,162,212,280,344,512,654,743,804,781,753,639,357,1063,157,131
Puerto Rico,1974,8279,735,954,219,74,60,97,251,277,382,647,1209,1625,1569,994,119,132,128,149,168,214,291,356,526,683,781,844,811,758,634,360,1028,157,141
Puerto Rico,1975,8407,694,908,214,72,61,96,258,287,390,666,1235,1695,1608,980,120,138,134,153,173,217,298,368,535,700,816,879,837,771,621,359,980,157,149
Puerto Rico,1976,8451,692,893,201,67,57,94,257,292,389,674,1244,1746,1629,952,119,138,138,154,174,215,299,375,537,707,845,901,855,774,606,346,960,151,155
Puerto Rico,1977,8501,685,877,192,63,55,91,255,298,391,683,1259,1802,1637,932,119,136,142,156,177,214,299,384,541,718,869,933,866,771,600,332,940,146,157
Puerto Rico,1978,8496,668,849,181,60,51,90,250,308,390,685,1272,1845,1630,917,117,133,148,160,175,215,296,389,541,731,879,966,866,764,601,316,909,141,151
Puerto Rico,1979,8564,642,819,177,58,48,88,244,318,394,687,1298,1888,1653,926,117,127,155,163,176,218,292,395,544,754,890,998,888,765,616,310,877,136,142
Puerto Rico,1980,8674,620,791,171,55,46,87,237,325,400,689,1326,1939,1692,956,114,123,158,167,178,222,292,397,549,777,906,1033,922,770,643,313,846,133,131
Puerto Rico,1981,8886,589,761,172,55,44,88,241,336,411,700,1351,2027,1771,980,115,126,163,173,182,229,296,404,561,790,944,1083,988,783,646,334,816,132,125
Puerto Rico,1982,9077,551,717,166,51,40,83,242,341,418,715,1368,2123,1868,978,113,129,160,181,187,231,301,414,574,794,997,1126,1071,797,628,350,768,123,124
Puerto Rico,1983,9356,508,668,160,51,39,80,248,354,433,736,1404,2238,1993,987,115,133,161,193,195,238,310,426,597,807,1070,1168,1159,834,624,363,719,119,128
Puerto Rico,1984,9600,470,622,152,50,38,76,253,364,446,747,1427,2335,2115,993,117,136,159,205,204,242,317,430,616,811,1122,1213,1219,896,627,366,672,114,135
Puerto Rico,1985,10048,509,710,201,71,48,79,265,381,465,770,1461,2430,2228,996,123,142,164,217,214,251,330,440,636,825,1156,1274,1267,961,634,362,781,127,142
Puerto Rico,1986,9970,437,567,130,48,36,66,245,372,464,763,1462,2466,2330,1001,112,133,159,213,216,248,326,437,636,826,1146,1320,1309,1021,649,352,615,102,151
Puerto Rico,1987,10015,419,540,121,44,33,63,236,368,471,755,1471,2493,2394,988,106,130,160,208,222,249,324,431,639,832,1128,1365,1329,1065,652,336,584,96,157
Puerto Rico,1988,10303,409,524,115,42,33,62,230,368,494,762,1520,2589,2490,1029,100,130,161,207,234,260,327,435,656,864,1138,1451,1367,1123,689,340,566,95,161
Puerto Rico,1989,10634,415,528,113,40,33,61,223,367,517,778,1562,2665,2607,1098,95,128,162,205,246,271,334,444,662,900,1149,1516,1432,1175,745,353,568,94,160
Puerto Rico,1990,10945,409,519,110,37,33,60,215,369,535,795,1595,2709,2752,1173,89,126,161,208,255,280,342,453,666,929,1168,1541,1525,1227,803,370,556,93,156
Puerto Rico,1991,11257,394,505,111,35,31,57,213,369,553,809,1635,2768,2892,1237,88,125,159,210,260,293,354,455,684,951,1208,1560,1616,1276,842,395,540,88,154
Puerto Rico,1992,11581,391,504,113,33,29,55,208,373,571,829,1670,2830,3030,1291,86,122,160,213,262,309,366,463,694,976,1252,1578,1706,1324,875,416,537,84,156
Puerto Rico,1993,11379,357,462,105,32,27,51,194,360,564,819,1628,2770,3029,1291,81,113,153,207,252,312,366,453,666,962,1244,1526,1730,1299,872,419,494,78,155
Puerto Rico,1994,11751,340,442,102,32,26,50,188,365,583,855,1662,2856,3169,1360,79,109,154,211,250,333,382,473,677,985,1301,1555,1809,1360,919,441,474,76,161
Puerto Rico,1995,11989,325,422,97,32,23,49,179,366,593,882,1673,2919,3274,1412,77,102,155,211,249,344,395,487,674,999,1335,1584,1838,1436,950,462,454,72,167
Puerto Rico,1996,12229,309,402,93,32,23,48,171,359,603,912,1695,2998,3374,1441,73,98,151,208,252,351,414,498,673,1022,1365,1633,1854,1520,959,482,434,71,173
Puerto Rico,1997,12383,307,393,86,30,22,44,163,350,599,937,1698,3068,3449,1443,69,94,146,204,253,346,430,507,675,1023,1385,1683,1850,1599,947,496,423,66,180
Puerto Rico,1998,12548,285,367,82,28,21,42,159,339,597,970,1704,3154,3537,1439,66,93,138,201,254,343,451,519,692,1012,1421,1733,1847,1690,928,511,395,63,188
Puerto Rico,1999,12604,272,352,80,27,21,40,153,324,581,995,1691,3206,3587,1432,65,88,127,197,251,330,470,525,712,979,1450,1756,1845,1742,921,511,379,61,197
Puerto Rico,2000,12586,258,333,75,26,18,36,144,309,566,1008,1661,3236,3613,1427,63,81,117,192,246,320,477,531,724,937,1466,1770,1855,1758,942,485,359,54,209
Puerto Rico,2001,12486,234,304,70,24,17,34,134,289,553,1007,1617,3203,3599,1487,58,76,107,182,238,315,465,542,712,905,1436,1767,1866,1733,1034,453,328,51,221
Puerto Rico,2002,12619,203,270,67,21,17,31,127,276,545,1021,1632,3195,3645,1606,55,72,103,173,229,316,456,565,717,915,1411,1784,1927,1718,1155,451,291,48,232
Puerto Rico,2003,12849,189,252,63,21,17,29,119,265,543,1040,1677,3206,3700,1738,50,69,101,164,226,317,450,590,734,943,1379,1827,1982,1718,1267,471,273,46,241
Puerto Rico,2004,12887,180,236,56,21,16,28,113,244,528,1046,1706,3162,3718,1831,46,67,94,150,218,310,433,613,741,965,1324,1838,2002,1716,1322,509,257,44,240
Puerto Rico,2005,13116,169,221,52,19,16,26,110,231,523,1059,1758,3162,3816,1934,45,65,91,140,215,308,430,629,769,989,1307,1855,2059,1757,1357,577,240,42,240
Puerto Rico,2006,13322,157,205,48,18,15,26,104,220,511,1067,1812,3169,3928,2005,41,63,87,133,210,301,432,635,806,1006,1315,1854,2110,1818,1350,655,223,41,241
Puerto Rico,2007,13342,145,189,44,17,13,26,97,208,491,1054,1853,3145,3991,2012,38,59,81,127,198,293,432,622,835,1018,1326,1819,2118,1873,1305,707,206,39,247
Puerto Rico,2008,13436,128,170,42,15,12,26,91,198,473,1038,1913,3149,4073,2015,36,55,77,121,186,287,428,610,869,1044,1354,1795,2138,1935,1273,742,185,38,261
Puerto Rico,2009,13685,125,165,40,14,12,25,86,192,460,1029,2004,3207,4182,2023,36,50,75,117,175,285,429,600,917,1087,1399,1808,2165,2017,1279,744,179,37,283
Puerto Rico,2010,13794,130,167,37,13,11,23,82,182,442,1017,2066,3257,4224,1996,35,47,72,110,164,278,420,597,937,1129,1423,1834,2148,2076,1294,702,180,34,305
Puerto Rico,2011,13812,123,160,37,13,11,22,76,175,421,997,2094,3262,4217,2038,34,42,70,105,153,268,407,590,932,1162,1435,1827,2128,2089,1356,682,173,33,327
Puerto Rico,2012,13997,118,152,34,12,11,20,74,164,401,993,2140,3320,4244,2113,33,41,65,99,145,256,401,592,928,1212,1476,1844,2133,2111,1437,676,164,31,350
Puerto Rico,2013,13943,113,145,32,11,10,19,69,154,376,974,2144,3334,4189,2157,31,38,62,92,139,237,390,584,901,1243,1499,1835,2102,2087,1486,671,156,29,365
Puerto Rico,2014,13974,112,144,32,10,8,17,65,145,351,955,2161,3377,4152,2212,29,36,57,88,132,219,381,574,872,1289,1535,1842,2088,2064,1525,687,154,25,378
Puerto Rico,2015,13185,96,125,29,9,7,15,58,127,307,879,2044,3233,3880,2134,26,32,47,80,116,191,349,530,813,1231,1487,1746,1962,1918,1454,680,134,22,369
Puerto Rico,2016,12653,89,115,26,7,6,13,52,111,273,811,1947,3160,3694,2095,22,30,40,71,103,170,320,491,772,1175,1471,1689,1872,1822,1401,694,122,19,366
Puerto Rico,2017,13442,97,167,70,55,34,35,98,174,350,904,2065,3360,3697,2126,43,55,67,107,141,209,360,544,836,1229,1587,1773,1887,1810,1393,733,222,69,377
Puerto Rico,2018,13475,73,98,25,7,5,13,50,103,259,793,2005,3524,3888,2313,21,29,37,66,98,161,298,495,805,1200,1659,1865,1980,1908,1484,829,105,18,419
Puerto Rico,2019,14862,95,121,26,9,5,12,52,104,268,823,2124,3972,4306,2596,21,31,38,66,101,167,299,524,860,1264,1873,2099,2196,2110,1645,951,130,17,469
Puerto Rico,2020,15546,155,164,9,5,5,20,162,176,380,899,1964,3836,4573,2839,76,86,81,95,159,221,340,559,822,1142,1683,2153,2319,2254,1774,1065,169,25,525
Puerto Rico,2021,14088,80,91,11,6,5,15,78,141,337,921,2044,3865,3999,2197,34,44,61,80,134,203,354,567,848,1196,1694,2171,2070,1929,1403,794,97,20,387
Qatar,1950,171,65,93,28,6,5,5,10,10,10,10,15,17,5,0,5,5,5,5,5,5,5,5,5,10,10,7,5,0,0,0,99,10,0
Qatar,1951,175,66,95,29,6,5,5,10,10,10,10,16,18,5,0,5,5,5,5,5,5,5,5,6,10,10,8,5,0,0,0,101,10,0
Qatar,1952,176,66,95,29,6,5,5,10,10,10,10,16,19,4,0,5,5,5,5,5,5,5,5,6,10,10,9,4,0,0,0,101,10,0
Qatar,1953,177,66,95,29,6,5,5,10,10,10,10,16,19,5,0,5,5,5,5,5,5,5,5,6,10,10,9,5,0,0,0,101,10,0
Qatar,1954,177,66,94,28,6,5,5,10,10,10,10,17,20,5,0,5,5,5,5,5,5,5,5,7,10,10,10,5,0,0,0,100,10,0
Qatar,1955,178,66,93,27,6,5,5,10,10,10,10,17,20,7,0,5,5,5,5,5,5,5,5,7,10,10,10,6,1,0,0,99,10,0
Qatar,1956,178,65,91,26,6,5,5,10,10,10,10,17,20,8,0,5,5,5,5,5,5,5,5,7,10,10,10,6,2,0,0,97,10,0
Qatar,1957,179,65,91,26,6,5,5,10,10,10,10,17,20,8,0,5,5,5,5,5,5,5,5,7,10,10,10,6,2,0,0,97,10,0
Qatar,1958,180,65,90,25,6,5,5,10,10,10,10,18,20,9,0,5,5,5,5,5,5,5,5,8,10,10,10,6,3,0,0,96,10,0
Qatar,1959,182,66,91,25,6,5,5,10,10,10,10,18,20,11,0,5,5,5,5,5,5,5,5,8,10,10,10,7,4,0,0,97,10,0
Qatar,1960,184,67,92,25,6,5,5,10,10,10,10,18,20,11,0,5,5,5,5,5,5,5,5,8,10,10,10,7,4,0,0,98,10,0
Qatar,1961,189,70,94,24,6,5,5,10,10,10,10,18,20,12,0,5,5,5,5,5,5,5,5,8,10,10,10,8,4,0,0,100,10,0
Qatar,1962,198,76,100,24,6,3,5,10,10,10,10,18,20,12,0,5,5,5,5,5,5,5,5,8,10,10,10,8,4,0,0,106,8,0
Qatar,1963,211,83,107,24,6,2,5,10,10,10,10,19,25,12,0,5,5,5,5,5,5,5,5,9,10,13,12,8,4,0,0,113,7,0
Qatar,1964,224,90,115,25,6,2,5,10,10,10,10,20,28,14,0,5,5,5,5,5,5,5,5,10,10,14,14,9,5,0,0,121,7,0
Qatar,1965,238,97,122,25,6,1,5,10,10,10,11,20,30,14,0,5,5,5,5,5,5,5,6,10,10,15,15,9,5,0,0,128,6,0
Qatar,1966,252,103,130,27,6,0,5,10,10,10,12,21,30,16,0,5,5,5,5,5,5,5,7,10,11,15,15,11,5,0,0,136,5,0
Qatar,1967,264,108,137,29,6,0,5,10,10,10,14,21,30,17,0,5,5,5,5,5,5,5,9,10,11,15,15,12,5,0,0,143,5,0
Qatar,1968,278,113,142,29,6,0,5,10,10,10,18,23,30,18,0,5,5,5,5,5,5,8,10,10,13,15,15,12,6,0,0,148,5,0
Qatar,1969,292,118,148,30,6,0,5,10,10,13,20,24,30,19,1,5,5,5,5,5,8,10,10,10,14,15,15,13,6,1,0,154,5,0
Qatar,1970,306,122,152,30,6,0,5,10,17,20,20,25,35,20,1,5,5,7,10,10,10,10,10,10,15,16,19,13,7,1,0,158,5,0
Qatar,1971,306,120,149,29,6,2,5,10,16,20,20,26,35,20,1,5,5,6,10,10,10,10,10,11,15,16,19,13,7,1,0,155,7,0
Qatar,1972,308,117,146,29,7,5,5,10,17,20,20,26,38,21,1,5,5,7,10,10,10,10,10,11,15,18,20,14,7,1,0,153,10,0
Qatar,1973,307,115,143,28,7,5,5,10,15,20,20,26,38,23,2,5,5,5,10,10,10,10,10,11,15,18,20,15,8,2,0,150,10,0
Qatar,1974,305,114,141,27,7,5,5,10,14,20,20,26,38,24,2,5,5,5,9,10,10,10,10,11,15,18,20,16,8,2,0,148,10,0
Qatar,1975,309,113,139,26,7,5,5,10,15,20,20,26,38,24,2,5,5,5,10,10,10,10,10,11,15,18,20,16,8,2,0,146,10,0
Qatar,1976,309,112,136,24,7,5,5,10,15,20,20,26,39,25,3,5,5,5,10,10,10,10,10,11,15,19,20,17,8,3,0,143,10,0
Qatar,1977,314,113,137,24,7,5,5,10,17,20,20,26,39,28,3,5,5,7,10,10,10,10,10,11,15,19,20,18,10,3,0,144,10,0
Qatar,1978,313,112,135,23,6,5,5,10,16,20,20,26,39,28,3,5,5,6,10,10,10,10,10,11,15,19,20,18,10,3,0,141,10,0
Qatar,1979,318,112,134,22,6,5,5,12,20,20,20,26,38,29,3,5,7,10,10,10,10,10,10,11,15,18,20,18,11,3,0,140,10,0
Qatar,1980,323,112,134,22,6,5,5,14,20,20,20,27,38,30,4,5,9,10,10,10,10,10,10,12,15,18,20,18,12,4,0,140,10,0
Qatar,1981,321,112,134,22,6,5,5,13,20,20,20,26,37,31,4,5,8,10,10,10,10,10,10,11,15,17,20,19,12,4,0,140,10,0
Qatar,1982,325,111,133,22,6,5,5,14,20,20,20,26,37,31,4,5,9,10,10,10,10,10,10,11,15,17,20,19,12,4,0,139,10,0
Qatar,1983,329,110,131,21,6,5,5,15,20,20,20,26,37,33,4,5,10,10,10,10,10,10,10,11,15,17,20,20,13,4,0,137,10,0
Qatar,1984,324,106,127,21,6,5,5,14,20,20,20,25,35,33,6,5,9,10,10,10,10,10,10,10,15,16,19,20,13,6,0,133,10,0
Qatar,1985,324,103,122,19,6,5,5,15,24,20,20,27,35,34,6,5,10,10,14,10,10,10,10,12,15,17,18,20,14,6,0,128,10,0
Qatar,1986,323,98,117,19,7,5,5,15,27,30,23,27,32,34,6,5,10,12,15,15,15,13,10,12,15,16,16,20,14,6,0,124,10,0
Qatar,1987,321,97,115,18,6,5,5,14,26,30,26,28,32,34,6,5,9,11,15,15,15,15,11,13,15,15,17,20,14,6,0,121,10,0
Qatar,1988,339,95,112,17,7,5,5,19,29,30,30,30,33,33,6,9,10,14,15,15,15,15,15,15,15,15,18,19,14,6,0,119,10,0
Qatar,1989,331,90,106,16,6,5,5,17,28,30,30,30,33,32,8,7,10,13,15,15,15,15,15,15,15,15,18,18,14,7,1,112,10,0
Qatar,1990,320,84,99,15,6,5,5,15,27,30,30,30,34,29,8,5,10,12,15,15,15,15,15,15,15,15,19,15,14,7,1,105,10,0
Qatar,1991,341,76,90,14,6,5,6,21,33,39,30,30,37,30,8,10,11,15,18,20,19,15,15,15,15,17,20,16,14,7,1,96,11,0
Qatar,1992,332,72,86,14,6,5,5,18,32,39,30,30,36,31,8,7,11,15,17,20,19,15,15,15,15,16,20,17,14,7,1,92,10,0
Qatar,1993,351,69,81,12,7,5,8,22,37,40,40,40,40,32,8,10,12,17,20,20,20,20,20,20,20,20,20,18,14,7,1,88,13,0
Qatar,1994,363,65,77,12,7,5,9,23,42,45,40,40,40,33,8,10,13,19,23,25,20,20,20,20,20,20,20,19,14,7,1,84,14,0
Qatar,1995,375,62,74,12,7,5,9,23,46,50,40,40,40,34,9,10,13,21,25,25,25,20,20,20,20,20,20,20,14,7,2,81,14,0
Qatar,1996,352,59,70,11,6,5,7,21,41,46,40,40,40,33,10,10,11,17,24,25,21,20,20,20,20,20,20,20,13,8,2,76,12,0
Qatar,1997,363,56,66,10,6,5,8,20,43,50,40,40,40,34,10,10,10,18,25,25,25,20,20,20,20,20,20,20,14,8,2,72,13,0
Qatar,1998,385,56,66,10,6,5,9,21,45,57,44,40,40,36,10,10,11,18,27,30,27,24,20,20,20,20,20,20,16,8,2,72,14,0
Qatar,1999,405,57,67,10,6,5,10,23,47,60,48,47,44,36,10,10,13,19,28,30,30,25,23,22,25,24,20,20,16,8,2,73,15,0
Qatar,2000,432,58,68,10,7,5,10,26,51,68,53,50,49,38,9,11,15,21,30,35,33,28,25,25,25,25,24,20,18,7,2,75,15,0
Qatar,2001,411,59,69,10,6,5,9,23,42,60,52,50,50,39,9,10,13,17,25,30,30,27,25,25,25,25,25,21,18,7,2,75,14,0
Qatar,2002,435,57,67,10,6,5,9,25,47,69,56,50,50,40,11,10,15,20,27,34,35,31,25,25,25,25,25,23,17,9,2,73,14,0
Qatar,2003,447,56,66,10,6,5,10,26,50,70,60,50,50,42,11,10,16,22,28,35,35,33,27,25,25,25,25,24,18,9,2,72,15,0
Qatar,2004,434,54,64,10,5,5,9,23,47,68,61,50,50,42,12,10,13,21,26,33,35,34,27,25,25,25,25,24,18,10,2,69,14,0
Qatar,2005,418,51,61,10,5,5,6,22,43,66,57,50,52,43,12,10,12,18,25,31,35,31,26,25,25,26,26,25,18,10,2,66,11,0
Qatar,2006,391,51,62,11,5,5,5,15,34,56,55,48,53,44,12,5,10,14,20,26,30,30,25,23,25,26,27,25,19,10,2,67,10,0
Qatar,2007,405,55,65,10,5,5,5,16,32,52,56,52,59,45,13,6,10,14,18,23,29,30,26,25,27,31,28,25,20,10,3,70,10,0
Qatar,2008,432,58,69,11,5,5,5,17,33,53,57,52,69,51,13,6,11,15,18,24,29,30,27,25,27,34,35,30,21,10,3,74,10,0
Qatar,2009,457,60,72,12,5,5,5,17,34,56,62,53,78,60,14,6,11,15,19,25,31,34,28,25,28,35,43,37,23,11,3,77,10,0
Qatar,2010,482,64,76,12,5,5,5,18,36,59,68,60,77,63,14,6,12,16,20,26,33,35,33,30,30,36,41,40,23,11,3,81,10,0
Qatar,2011,524,69,81,12,5,5,5,20,43,64,77,62,77,68,16,7,13,20,23,28,36,40,37,32,30,37,40,44,24,13,3,86,10,0
Qatar,2012,569,71,85,14,5,5,5,21,45,68,83,70,91,76,18,7,14,20,25,31,37,43,40,35,35,41,50,49,27,14,4,90,10,1
Qatar,2013,575,72,87,15,5,5,5,17,41,65,80,71,101,85,18,5,12,18,23,29,36,40,40,36,35,44,57,54,31,14,4,92,10,1
Qatar,2014,609,73,88,15,5,5,5,17,42,68,85,77,103,94,18,5,12,18,24,31,37,43,42,40,37,44,59,58,36,14,4,93,10,1
Qatar,2015,604,72,87,15,5,5,5,17,44,70,89,83,83,102,21,5,12,18,26,32,38,44,45,43,40,36,47,61,41,16,5,92,10,1
Qatar,2016,615,73,88,15,5,2,5,17,42,68,89,86,88,108,22,5,12,18,24,31,37,44,45,45,41,40,48,62,46,17,5,93,7,1
Qatar,2017,671,74,89,15,5,3,5,17,43,71,95,96,111,119,23,5,12,18,25,32,39,45,50,50,46,48,63,67,52,18,5,94,8,1
Qatar,2018,710,74,89,15,5,5,5,17,47,78,98,104,116,126,27,5,12,20,27,36,42,48,50,54,50,52,64,69,57,22,5,94,10,1
Qatar,2019,735,71,86,15,5,5,5,17,52,82,102,106,117,133,32,5,12,22,30,38,44,50,52,55,51,55,62,72,61,27,5,91,10,1
Qatar,2020,950,69,84,15,5,5,5,17,60,105,135,164,163,172,41,5,12,24,36,48,57,64,71,82,82,80,83,95,77,34,7,89,10,1
Qatar,2021,953,55,67,12,5,5,5,15,60,113,144,177,160,162,43,5,10,24,36,51,62,69,75,89,88,81,79,85,77,36,7,72,10,1
Reunion,1950,2482,995,1333,338,32,23,28,87,109,124,142,206,253,132,11,39,48,54,55,60,64,62,80,98,108,132,121,85,47,11,0,1365,51,0
Reunion,1951,2412,938,1284,346,31,22,27,84,109,120,136,201,249,132,14,38,46,54,55,59,61,61,75,96,105,128,121,86,46,13,1,1315,49,0
Reunion,1952,2332,887,1229,342,31,21,27,81,109,118,132,196,242,135,14,37,44,54,55,58,60,60,72,93,103,122,120,90,45,13,1,1260,48,0
Reunion,1953,2227,806,1139,333,32,20,26,78,106,118,130,192,238,137,16,35,43,54,52,58,60,60,70,89,103,118,120,93,44,15,1,1171,46,0
Reunion,1954,2178,753,1072,319,35,20,25,78,107,119,128,192,239,145,16,36,42,54,53,59,60,60,68,88,104,118,121,98,47,15,1,1107,45,0
Reunion,1955,2118,728,1022,294,37,20,24,75,106,118,127,188,234,146,16,36,39,54,52,58,60,60,67,85,103,115,119,99,47,15,1,1059,44,0
Reunion,1956,2209,753,1052,299,40,20,25,78,113,124,135,198,248,161,18,37,41,57,56,62,62,65,70,89,109,123,125,107,54,16,2,1092,45,0
Reunion,1957,2316,785,1092,307,44,20,26,80,120,128,144,203,260,176,21,38,42,59,61,63,65,69,75,90,113,130,130,116,60,19,2,1136,46,0
Reunion,1958,2466,834,1156,322,46,25,27,87,125,140,154,214,275,192,22,41,46,59,66,68,72,73,81,95,119,140,135,124,68,20,2,1202,52,0
Reunion,1959,2383,797,1108,311,42,26,26,84,122,137,153,206,269,190,22,39,45,57,65,67,70,72,81,91,115,138,131,121,69,20,2,1150,52,0
Reunion,1960,2259,734,1028,294,41,26,26,79,117,134,149,196,259,186,23,36,43,54,63,64,70,71,78,88,108,132,127,118,68,21,2,1069,52,0
Reunion,1961,2159,680,959,279,36,26,25,76,111,131,146,191,253,183,24,34,42,51,60,63,68,68,78,86,105,129,124,114,69,21,3,995,51,0
Reunion,1962,2242,673,954,281,36,27,26,80,116,141,158,200,275,202,29,36,44,54,62,69,72,75,83,91,109,139,136,124,78,26,3,990,53,0
Reunion,1963,2223,647,919,272,36,28,26,79,115,142,160,202,281,204,31,36,43,54,61,70,72,75,85,95,107,140,141,124,80,28,3,955,54,0
Reunion,1964,2135,604,858,254,36,26,26,75,111,139,157,197,273,206,35,33,42,53,58,69,70,75,82,94,103,133,140,123,83,31,4,894,52,0
Reunion,1965,2131,592,837,245,36,26,28,73,110,140,159,202,274,209,37,33,40,53,57,70,70,75,84,98,104,132,142,125,84,33,4,873,54,0
Reunion,1966,1993,524,752,228,33,23,28,70,106,135,152,193,260,203,40,32,38,51,55,67,68,72,80,93,100,124,136,120,83,34,6,785,51,0
Reunion,1967,1960,472,692,220,33,24,30,69,106,134,156,198,264,209,44,32,37,52,54,66,68,73,83,97,101,126,138,124,85,37,7,725,54,0
Reunion,1968,1793,403,593,190,30,23,27,64,98,128,148,189,248,202,47,30,34,47,51,62,66,69,79,92,97,120,128,121,81,38,9,623,50,0
Reunion,1969,1750,369,543,174,28,22,27,63,97,129,150,189,247,208,48,30,33,47,50,60,69,68,82,92,97,119,128,126,82,39,9,571,49,1
Reunion,1970,1691,321,480,159,28,21,27,63,96,128,148,193,248,214,49,31,32,46,50,59,69,67,81,93,100,119,129,130,84,40,9,508,48,1
Reunion,1971,1647,292,438,146,27,20,26,63,95,124,148,193,243,217,51,31,32,45,50,56,68,67,81,92,101,115,128,132,85,42,9,465,46,1
Reunion,1972,1616,268,401,133,23,20,24,63,93,122,147,197,245,225,54,32,31,43,50,56,66,69,78,94,103,116,129,134,91,44,10,424,44,1
Reunion,1973,1583,246,367,121,23,19,24,63,91,119,147,199,245,230,56,32,31,41,50,54,65,70,77,95,104,116,129,137,93,45,11,390,43,1
Reunion,1974,1556,222,331,109,21,18,24,60,89,116,147,203,245,239,62,29,31,41,48,53,63,70,77,97,106,118,127,140,99,49,13,352,42,1
Reunion,1975,1541,202,301,99,19,18,23,60,87,116,151,206,251,247,66,29,31,39,48,54,62,73,78,98,108,123,128,143,104,51,15,320,41,2
Reunion,1976,1550,181,271,90,18,17,23,60,86,117,154,212,262,258,70,29,31,39,47,55,62,73,81,99,113,129,133,147,111,54,16,289,40,2
Reunion,1977,1543,162,242,80,18,17,22,61,86,118,156,217,269,265,74,29,32,39,47,56,62,73,83,100,117,133,136,148,117,57,17,260,39,2
Reunion,1978,1535,146,218,72,14,16,22,61,84,117,157,216,276,273,81,29,32,38,46,56,61,72,85,97,119,137,139,151,122,61,20,232,38,3
Reunion,1979,1528,130,195,65,13,15,21,61,83,117,157,217,286,276,84,29,32,40,43,56,61,70,87,97,120,142,144,152,124,63,21,208,36,3
Reunion,1980,1559,118,179,61,16,16,22,61,86,118,159,223,299,286,89,29,32,41,45,56,62,70,89,100,123,148,151,157,129,68,21,195,38,4
Reunion,1981,1492,98,149,51,11,12,19,59,81,112,153,220,299,283,91,28,31,40,41,52,60,67,86,100,120,148,151,155,128,70,21,160,31,4
Reunion,1982,1449,88,131,43,11,11,18,53,80,108,149,215,299,280,93,26,27,40,40,49,59,64,85,99,116,147,152,154,126,71,22,142,29,4
Reunion,1983,1406,81,119,38,7,9,17,50,76,104,142,210,297,277,93,24,26,38,38,46,58,62,80,99,111,146,151,153,124,71,22,126,26,4
Reunion,1984,1406,82,116,34,7,8,15,50,75,102,141,213,302,279,96,24,26,37,38,46,56,61,80,101,112,147,155,154,125,73,23,123,23,4
Reunion,1985,1301,74,104,30,6,7,12,47,69,92,126,197,281,265,92,22,25,33,36,41,51,56,70,93,104,136,145,147,118,70,22,110,19,4
Reunion,1986,1365,68,99,31,6,6,12,48,73,94,131,208,298,284,100,22,26,34,39,42,52,59,72,98,110,142,156,157,127,75,25,105,18,4
Reunion,1987,1383,68,97,29,6,6,11,47,73,93,130,211,302,292,105,21,26,33,40,42,51,59,71,97,114,142,160,162,130,78,27,103,17,4
Reunion,1988,1402,66,94,28,5,5,11,47,73,92,131,215,310,304,113,21,26,33,40,42,50,60,71,97,118,143,167,169,135,82,31,99,16,5
Reunion,1989,1435,65,93,28,6,5,10,45,73,95,133,219,318,318,117,19,26,34,39,45,50,61,72,96,123,146,172,177,141,86,31,99,15,5
Reunion,1990,1453,63,90,27,5,5,8,43,72,94,134,220,325,331,125,17,26,34,38,46,48,60,74,95,125,150,175,184,147,90,35,95,13,6
Reunion,1991,1482,62,89,27,5,5,7,41,73,94,133,222,331,345,130,16,25,35,38,46,48,59,74,95,127,154,177,192,153,94,36,94,12,6
Reunion,1992,1515,60,87,27,5,5,7,39,76,96,135,223,342,362,139,15,24,36,40,48,48,59,76,95,128,162,180,201,161,99,40,92,12,7
Reunion,1993,1552,55,82,27,5,5,7,37,76,100,137,223,348,377,148,13,24,36,40,50,50,59,78,95,128,167,181,208,169,106,42,87,12,9
Reunion,1994,1563,52,75,23,5,5,6,33,74,98,132,222,356,390,157,12,21,34,40,47,51,57,75,96,126,173,183,214,176,111,46,80,11,10
Reunion,1995,1587,49,71,22,4,5,5,31,74,99,131,223,366,402,168,12,19,34,40,47,52,56,75,97,126,177,189,217,185,117,51,75,10,11
Reunion,1996,1621,47,69,22,4,4,5,30,73,103,131,224,377,416,178,11,19,33,40,48,55,56,75,98,126,180,197,222,194,125,53,73,9,13
Reunion,1997,1672,48,69,21,4,4,5,26,75,103,132,228,390,434,189,9,17,33,42,47,56,57,75,102,126,183,207,227,207,131,58,73,9,14
Reunion,1998,1700,46,66,20,3,4,5,25,72,107,133,231,397,445,199,9,16,30,42,48,59,58,75,103,128,182,215,230,215,139,60,69,9,15
Reunion,1999,1728,45,65,20,3,3,5,22,69,106,136,232,406,457,209,8,14,29,40,49,57,61,75,104,128,182,224,235,222,146,63,68,8,16
Reunion,2000,1752,47,66,19,3,3,5,20,67,105,136,233,410,472,217,7,13,27,40,49,56,61,75,103,130,181,229,245,227,153,64,69,8,17
Reunion,2001,1753,44,63,19,2,2,5,19,64,106,141,233,412,475,217,7,12,25,39,49,57,66,75,102,131,179,233,249,226,154,63,65,7,18
Reunion,2002,1768,41,59,18,2,2,5,18,60,107,142,239,414,480,221,6,12,23,37,51,56,67,75,102,137,179,235,257,223,159,62,61,7,19
Reunion,2003,1763,39,57,18,2,2,5,16,57,105,142,241,413,481,223,5,11,21,36,49,56,67,75,102,139,180,233,263,218,159,64,59,7,19
Reunion,2004,1804,41,58,17,2,2,5,15,56,108,147,246,417,499,228,5,10,21,35,49,59,68,79,103,143,182,235,278,221,162,66,60,7,20
Reunion,2005,1854,41,57,16,2,1,5,13,51,108,153,246,425,530,245,5,8,19,32,49,59,70,83,103,143,188,237,292,238,171,74,59,6,20
Reunion,2006,1903,42,58,16,2,0,5,13,48,104,156,247,428,558,260,5,8,18,30,46,58,70,86,104,143,192,236,302,256,179,81,60,5,20
Reunion,2007,1861,45,61,16,2,0,4,12,42,99,151,233,415,549,268,5,7,16,26,43,56,66,85,99,134,190,225,291,258,181,87,63,4,21
Reunion,2008,1829,48,65,17,1,0,3,11,38,93,147,223,409,547,269,5,6,14,24,39,54,64,83,96,127,187,222,281,266,180,89,66,3,21
Reunion,2009,1865,46,64,18,1,0,2,10,34,91,148,227,414,559,289,5,5,12,22,39,52,64,84,100,127,189,225,282,277,192,97,65,2,23
Reunion,2010,1872,47,65,18,1,0,2,10,31,86,144,226,411,568,297,5,5,11,20,36,50,63,81,101,125,185,226,281,287,194,103,66,2,28
Reunion,2011,1910,46,65,19,1,0,1,10,29,82,144,228,416,598,300,5,5,10,19,32,50,63,81,103,125,185,231,286,312,197,103,66,1,32
Reunion,2012,1965,47,65,18,1,0,1,10,25,78,143,237,422,612,326,5,5,8,17,31,47,62,81,109,128,182,240,290,322,215,111,66,1,37
Reunion,2013,2019,45,64,19,2,0,0,10,22,77,145,245,428,629,355,5,5,7,15,29,48,61,84,113,132,184,244,299,330,232,123,66,0,41
Reunion,2014,2094,42,61,19,2,0,0,10,21,72,147,256,441,648,385,5,5,7,14,27,45,62,85,114,142,186,255,312,336,250,135,63,0,45
Reunion,2015,2124,42,60,18,2,0,0,10,20,67,147,262,444,664,400,5,5,7,13,25,42,61,86,115,147,187,257,320,344,262,138,62,0,48
Reunion,2016,2166,39,55,16,2,0,0,9,18,64,147,271,448,675,424,4,5,6,12,23,41,61,86,117,154,190,258,337,338,272,152,57,0,53
Reunion,2017,2217,40,56,16,2,0,0,8,17,59,144,277,454,695,445,3,5,6,11,22,37,59,85,117,160,194,260,356,339,279,166,58,0,58
Reunion,2018,2265,37,53,16,2,0,0,8,15,55,141,286,461,720,459,3,5,5,10,20,35,57,84,120,166,200,261,368,352,286,173,55,0,61
Reunion,2019,2293,41,56,15,2,0,0,8,14,51,139,284,467,737,466,3,5,5,9,18,33,56,83,120,164,208,259,371,366,291,175,58,0,63
Reunion,2020,2307,40,48,8,3,0,5,11,32,73,151,279,412,754,474,5,6,16,16,24,49,60,91,125,154,175,237,371,383,299,175,51,5,65
Reunion,2021,2522,39,47,8,3,0,5,11,32,78,168,317,460,826,503,5,6,16,16,26,52,65,103,140,177,203,257,396,430,320,183,50,5,70
Romania,1950,103280,15290,18017,2727,736,581,783,1927,2553,4958,8875,14503,27240,21334,1774,922,1005,939,1614,2117,2841,3914,4961,5765,8738,12333,14907,14027,7307,1681,93,18753,1364,1
Romania,1951,102607,15589,18531,2942,719,562,772,1936,2500,4991,8965,14333,26746,20945,1605,921,1015,970,1530,2150,2841,3928,5037,5821,8512,12124,14622,13761,7184,1523,82,19250,1334,1
Romania,1952,101678,15863,18936,3073,715,543,764,1932,2441,5018,9007,14628,25520,20558,1614,918,1014,1011,1430,2175,2843,3938,5069,6170,8458,11721,13799,13282,7276,1536,78,19651,1307,1
Romania,1953,100197,16094,19241,3147,723,515,753,1912,2389,5020,8992,14961,24327,19683,1681,909,1003,1073,1316,2167,2853,3903,5089,6458,8503,11428,12899,12445,7238,1601,80,19964,1268,1
Romania,1954,98494,15803,19000,3197,760,491,740,1904,2370,5023,9026,15424,23531,18398,1819,901,1003,1123,1247,2131,2892,3888,5138,6692,8732,11374,12157,11360,7038,1729,90,19760,1231,1
Romania,1955,98619,16143,19388,3245,819,477,743,1934,2414,5099,9243,16194,23507,16775,2026,912,1022,1162,1252,2117,2982,3964,5279,6948,9246,11699,11808,10165,6610,1911,115,20207,1220,1
Romania,1956,96583,15557,18823,3266,865,467,725,1936,2481,5068,9351,16749,23682,14228,2201,906,1030,1184,1297,2012,3056,3999,5352,7032,9717,12099,11583,8603,5625,2031,170,19688,1192,4
Romania,1957,100012,15403,18798,3395,945,480,732,2011,2649,5221,9818,17559,25541,14192,2067,939,1072,1243,1406,1979,3242,4205,5613,7378,10181,12930,12611,8857,5335,1903,164,19743,1212,4
Romania,1958,85240,12460,15279,2819,832,410,593,1693,2324,4328,8384,14954,22494,12313,1626,790,903,1056,1268,1558,2770,3625,4759,6325,8629,11200,11294,7907,4406,1495,131,16111,1003,4
Romania,1959,100022,13268,16498,3230,999,505,667,1986,2832,4990,10003,17736,27223,14852,1731,926,1060,1251,1581,1740,3250,4365,5638,7555,10181,13378,13845,9798,5054,1598,133,17497,1172,3
Romania,1960,81952,10744,13191,2447,812,430,505,1577,2310,3928,8133,14346,22539,12767,1407,733,844,1001,1309,1354,2574,3561,4572,6139,8207,10908,11631,8530,4237,1292,115,14003,935,3
Romania,1961,83653,9822,12241,2419,828,464,500,1578,2388,3903,8427,14711,23422,13761,1427,723,855,1014,1374,1393,2510,3707,4720,6315,8396,11183,12239,9281,4480,1313,114,13069,964,3
Romania,1962,89957,8901,11359,2458,883,525,530,1662,2584,4098,9218,16007,25688,15803,1594,746,916,1082,1502,1553,2545,4067,5151,6870,9137,12087,13601,10696,5107,1475,119,12242,1055,3
Romania,1963,81186,7631,9603,1972,767,487,479,1441,2288,3565,8305,14388,23207,15082,1572,628,813,951,1337,1486,2079,3649,4656,6150,8238,10780,12427,10181,4901,1457,115,10370,966,5
Romania,1964,78921,6701,8450,1749,709,479,480,1346,2186,3382,8059,14038,22614,15454,1723,569,777,908,1278,1532,1850,3502,4557,5984,8054,10420,12194,10380,5074,1588,135,9159,959,4
Romania,1965,83771,6048,7717,1669,721,512,538,1372,2282,3533,8529,15039,24123,17305,2100,564,808,952,1330,1698,1835,3663,4866,6418,8621,11074,13049,11535,5770,1911,189,8438,1050,3
Romania,1966,79186,5249,6622,1373,635,477,531,1234,2094,3338,7880,14207,22712,17149,2304,511,723,881,1213,1652,1686,3265,4615,6085,8122,10431,12281,11289,5860,2038,266,7257,1008,2
Romania,1967,91737,10546,11895,1349,625,511,602,1299,2249,3721,8377,15580,24885,19527,2459,552,747,957,1292,1817,1904,3296,5081,6674,8906,11433,13452,12695,6832,2148,311,12520,1113,3
Romania,1968,93735,11034,12442,1408,572,499,633,1271,2249,3941,8114,15830,25217,20550,2408,566,705,963,1286,1810,2131,2966,5148,6774,9056,11602,13615,13185,7365,2098,310,13014,1132,7
Romania,1969,101583,9974,11698,1724,576,521,707,1378,2456,4525,8569,17594,27755,23225,2568,650,728,1049,1407,1952,2573,2941,5628,7495,10099,12842,14913,14765,8460,2262,306,12274,1228,9
Romania,1970,97973,8484,10257,1773,503,476,688,1337,2357,4462,8059,17167,26976,23139,2541,673,664,1000,1357,1852,2610,2678,5381,7292,9875,12599,14377,14554,8585,2266,275,10760,1164,10
Romania,1971,99576,7600,9433,1833,462,446,698,1390,2367,4604,8009,17726,27673,24089,2669,729,661,986,1381,1861,2743,2772,5237,7568,10158,13066,14607,14974,9115,2424,245,9895,1144,10
Romania,1972,96777,6952,8652,1700,465,395,663,1375,2241,4439,7545,17413,27015,23809,2756,739,636,906,1335,1785,2654,2894,4651,7445,9968,12847,14168,14509,9300,2539,217,9117,1058,9
Romania,1973,104790,6820,8556,1736,566,393,693,1537,2369,4764,8002,19100,29621,26002,3172,836,701,927,1442,1925,2839,3594,4408,8161,10939,14232,15389,15447,10555,2952,220,9122,1086,9
Romania,1974,97865,6987,8478,1491,558,338,599,1448,2119,4324,7228,17620,27732,24141,3271,774,674,804,1315,1759,2565,3604,3624,7490,10130,13467,14265,13867,10274,3041,230,9036,937,11
Romania,1975,100297,6895,8402,1507,596,316,566,1523,2096,4362,7293,17999,28834,24510,3789,783,740,769,1327,1783,2579,3746,3547,7569,10430,13835,14999,13669,10841,3496,293,8998,882,9
Romania,1976,102926,6420,7931,1511,618,299,525,1594,2078,4430,7620,18263,30099,24867,4597,790,804,765,1313,1812,2618,3853,3767,7376,10887,14164,15935,13630,11237,4177,420,8549,824,6
Romania,1977,105358,6317,7843,1526,669,362,517,1720,2106,4555,8151,18044,31200,24564,5622,821,899,800,1306,1868,2687,3877,4274,6785,11259,14642,16558,13574,10990,5011,611,8512,879,4
Romania,1978,104066,5972,7394,1422,526,355,454,1626,1947,4402,8628,17019,32067,24195,5442,743,883,765,1182,1792,2610,3742,4886,5734,11285,14783,17284,14076,10119,4885,557,7920,809,7
Romania,1979,108368,5813,7233,1420,508,396,457,1655,1991,4558,9324,17118,34442,25291,5385,734,921,831,1160,1858,2700,3848,5476,5351,11767,15577,18865,15364,9927,4853,532,7741,853,13
Romania,1980,115160,5451,6881,1430,514,443,455,1705,2108,4811,9882,17970,37046,27991,5335,735,970,955,1153,1962,2849,4068,5814,5554,12416,16801,20245,17716,10275,4811,524,7395,898,16
Romania,1981,112153,4963,6245,1282,482,447,412,1604,2071,4580,9549,17109,36303,28527,4810,665,939,988,1083,1839,2741,3931,5618,5641,11468,16637,19666,18431,10096,4317,493,6727,859,16
Romania,1982,111417,4348,5538,1190,465,425,423,1533,2090,4437,9374,16520,36741,29464,4392,615,918,1028,1062,1735,2702,3898,5476,6230,10290,16800,19941,19062,10402,3920,472,6003,848,14
Romania,1983,115012,3753,4890,1137,468,382,481,1524,2215,4449,9577,16558,38419,31817,4219,602,922,1110,1105,1685,2764,4007,5570,7469,9089,17532,20887,20604,11213,3753,466,5358,863,13
Romania,1984,113379,4126,5107,981,435,338,502,1422,2211,4223,9240,15736,37635,32538,3980,560,862,1088,1123,1541,2682,3872,5368,7831,7905,17080,20555,20980,11558,3539,441,5542,840,12
Romania,1985,120155,4370,5353,983,429,336,568,1404,2417,4318,9659,16304,39650,35547,4157,543,861,1140,1277,1517,2801,4040,5619,8233,8071,17796,21854,22212,13335,3723,434,5782,904,12
Romania,1986,119155,4330,5269,939,397,320,591,1287,2467,4107,9451,16374,38491,36112,4276,491,796,1125,1342,1445,2662,3941,5510,8078,8296,16635,21856,21872,14240,3868,408,5666,911,12
Romania,1987,126236,5043,6006,963,389,328,597,1319,2663,4167,9925,18088,39098,38919,4725,536,783,1179,1484,1504,2663,4125,5800,8365,9723,15790,23308,23335,15584,4335,390,6395,925,12
Romania,1988,125606,4939,5946,1007,348,322,515,1325,2695,3996,9801,19445,36734,39437,5029,596,729,1150,1545,1509,2487,4062,5739,8204,11241,13375,23359,23373,16064,4656,373,6294,837,13
Romania,1989,121620,5043,6037,994,311,300,452,1289,2592,3786,9415,19556,34011,38534,5319,620,669,1082,1510,1529,2257,3915,5500,7857,11699,11529,22482,22642,15892,4940,379,6348,752,16
Romania,1990,118890,3898,4935,1037,294,279,420,1244,2501,3689,9186,19234,32960,38102,6030,645,599,1017,1484,1621,2068,3819,5367,7706,11528,11067,21893,22415,15687,5573,457,5229,699,14
Romania,1991,120332,2831,3844,1013,293,273,417,1244,2520,3822,9215,19661,33083,39070,6875,690,554,986,1534,1774,2048,3767,5448,7867,11794,11871,21212,23082,15988,6257,618,4137,690,10
Romania,1992,123415,2853,3720,867,307,260,421,1266,2537,4012,9269,20126,33365,40514,7611,678,588,950,1587,1923,2089,3685,5584,8125,12001,13669,19696,24021,16493,6747,864,4027,681,6
Romania,1993,122455,2589,3337,748,316,234,415,1242,2440,4129,8983,19945,32749,41326,7332,587,655,875,1565,2014,2115,3456,5527,8072,11873,15895,16854,24633,16693,6489,843,3653,649,11
Romania,1994,121347,2622,3256,634,327,212,392,1224,2312,4217,8691,19663,32128,41761,7144,530,694,806,1506,2021,2196,3220,5471,7945,11718,17055,15073,24796,16965,6321,823,3583,604,19
Romania,1995,123237,2270,2865,595,323,204,375,1256,2202,4487,8595,19922,32661,43041,7285,508,748,739,1463,2067,2420,3068,5527,8021,11901,17475,15186,25284,17757,6462,823,3188,579,25
Romania,1996,133118,2325,2920,595,313,212,383,1374,2204,5064,9011,21490,36438,45782,7898,530,844,716,1488,2256,2808,3236,5775,8622,12868,19002,17436,26041,19741,7049,849,3233,595,27
Romania,1997,127023,2285,2815,530,266,202,341,1256,2010,4966,8285,20429,36594,42035,7800,491,765,699,1311,2147,2819,3057,5228,8171,12258,17930,18664,22440,19595,7001,799,3081,543,26
Romania,1998,124310,2091,2593,502,229,204,303,1121,1940,4984,7879,19935,38592,38536,7961,472,649,755,1185,2084,2900,3045,4834,7966,11969,17419,21173,18730,19806,7202,759,2822,507,29
Romania,1999,124337,1894,2369,475,198,214,279,1041,1908,4955,7728,19847,40147,37042,8570,453,588,806,1102,2022,2933,3190,4538,7950,11897,17325,22822,16925,20117,7789,781,2567,493,41
Romania,2000,119444,1800,2228,428,166,200,254,934,1759,4649,7356,18796,38520,35488,9056,407,527,815,944,1839,2810,3295,4061,7522,11274,16516,22004,16257,19231,8179,877,2394,454,38
Romania,2001,121068,1656,2074,418,156,189,243,897,1709,4585,7545,18587,39009,35870,10174,389,508,859,850,1743,2842,3553,3992,7315,11272,16650,22359,17564,18306,9018,1156,2230,432,30
Romania,2002,131657,1609,2033,424,160,185,263,926,1822,4823,8337,19713,42107,39059,12209,395,531,887,935,1744,3079,4049,4288,7546,12167,18022,24085,21359,17700,10526,1683,2193,448,19
Romania,2003,147929,1586,2027,441,173,182,305,999,2030,5281,9754,21901,47547,44484,13218,405,594,871,1159,1816,3465,4809,4945,8109,13792,20420,27127,27838,16646,11327,1891,2200,487,26
Romania,2004,154435,1633,2045,412,172,162,327,989,2124,5311,10594,22580,49952,47381,12757,390,599,826,1298,1768,3543,5133,5461,8035,14545,21474,28478,31484,15897,10974,1783,2217,489,44
Romania,2005,142229,1557,1909,352,155,129,295,857,1984,4571,10230,20341,46129,44817,10753,337,520,712,1272,1458,3113,4767,5463,6979,13362,19790,26339,29418,15399,9284,1469,2064,424,54
Romania,2006,132336,1436,1744,308,137,113,258,750,1866,3909,9877,18345,42847,43478,8955,294,456,630,1236,1208,2701,4447,5430,6332,12013,18299,24548,27599,15879,7702,1253,1881,371,55
Romania,2007,122171,1212,1484,272,115,97,210,649,1629,3377,9266,16224,39331,42075,7657,264,385,555,1074,1111,2266,4049,5217,5740,10484,16730,22601,25396,16679,6532,1125,1599,307,61
Romania,2008,110549,1192,1424,232,93,83,163,541,1303,2898,8364,13957,35055,39916,6671,237,304,481,822,1068,1830,3530,4834,5167,8790,14869,20186,22808,17108,5620,1051,1517,246,83
Romania,2009,110073,1134,1361,227,83,75,133,500,1156,2730,8052,13292,34310,40886,7410,234,266,443,713,1101,1629,3309,4743,5253,8039,14523,19787,22634,18252,6250,1160,1444,208,85
Romania,2010,118292,985,1221,236,80,77,122,497,1127,2734,8247,13857,36119,44408,9730,239,258,433,694,1220,1514,3273,4974,5943,7914,15178,20941,24315,20093,8256,1474,1301,199,77
Romania,2011,120682,819,1037,218,76,73,114,459,1052,2601,7959,13982,35590,45676,12008,220,239,400,652,1260,1341,3006,4953,6304,7678,14645,20945,24811,20865,10090,1918,1113,187,56
Romania,2012,124621,873,1079,206,74,69,110,448,1029,2623,7887,14620,35888,47866,12869,206,242,382,647,1239,1384,2833,5054,6794,7826,14357,21531,25930,21936,10820,2049,1153,179,63
Romania,2013,121471,770,961,191,71,61,104,419,951,2505,7334,14619,34129,47252,12982,177,242,333,618,1049,1456,2515,4819,6901,7718,13161,20968,25440,21812,10986,1996,1032,165,80
Romania,2014,124824,701,883,182,72,59,100,417,916,2567,7136,15385,34238,49187,13760,157,260,310,606,967,1600,2369,4767,7129,8256,12689,21549,26262,22925,11670,2090,955,159,108
Romania,2015,129637,713,885,172,71,56,100,409,894,2711,6865,16608,34551,51700,14660,143,266,303,591,934,1777,2190,4675,7390,9218,12352,22199,27398,24302,12475,2185,956,156,128
Romania,2016,125890,642,800,158,66,50,93,371,816,2672,6110,16690,32471,50722,14894,130,241,276,540,864,1808,1907,4203,7171,9519,11676,20795,26588,24134,12688,2206,866,143,137
Romania,2017,116298,703,837,134,57,43,78,313,703,2350,5289,15666,28836,47310,14673,113,200,248,455,762,1588,1759,3530,6523,9143,10630,18206,24499,22811,12400,2273,894,121,142
Romania,2018,116895,596,735,139,52,42,72,280,659,2116,5115,15902,27952,47978,15836,105,175,253,406,743,1373,1905,3210,6378,9524,10775,17177,24644,23334,13250,2586,787,114,157
Romania,2019,117487,532,666,134,49,41,64,247,626,1928,4971,15704,27426,48566,17023,99,148,260,366,706,1222,2035,2936,6138,9566,11234,16192,24805,23761,14077,2946,715,105,176
Romania,2020,131302,497,624,127,44,32,53,174,718,1855,5329,17590,31945,53371,19359,71,103,306,412,692,1163,2395,2934,6358,11232,14339,17606,26217,27154,15876,3483,668,85,206
Romania,2021,151501,475,594,119,43,41,57,182,754,2351,6442,21190,39059,59117,21425,110,72,318,436,861,1490,3282,3160,7297,13893,19027,20032,28764,30353,17442,3983,637,98,245
Russia,1950,645256,129604,156464,26860,4934,7257,8995,26408,31264,49218,67045,100350,111582,64454,16993,13865,12543,12055,19209,22227,26991,30712,36333,46024,54326,56903,54679,39945,24509,11227,5766,161398,16252,288
Russia,1951,649174,112835,149829,36994,4568,6891,9062,27189,30926,50637,69319,103797,116617,65542,14171,13725,13464,12172,18754,22988,27649,31973,37346,47071,56726,59840,56777,41566,23976,10112,4059,154397,15953,624
Russia,1952,599611,99290,133870,34580,4343,5790,8780,25284,27880,47535,65131,97050,110753,61269,11370,11996,13288,11626,16254,21741,25794,30214,34917,43458,53592,57340,53413,39740,21529,8588,2782,138213,14570,555
Russia,1953,570161,89248,122148,32900,4436,4700,8855,23806,25817,45555,63000,92983,108577,59841,9991,10436,13370,11606,14211,21043,24512,29321,33679,41170,51813,56691,51886,39493,20348,7825,2166,126584,13555,452
Russia,1954,553087,85860,115973,30113,5024,3042,7667,20264,22779,42527,61769,91879,110956,61381,9473,8373,11891,10882,11897,19464,23063,28694,33075,40428,51451,58050,52906,40832,20549,7622,1851,120997,10709,356
Russia,1955,513993,74517,100822,26305,6198,2414,6952,18414,21121,39175,58134,85883,106651,59332,8650,7420,10994,10593,10528,17681,21494,26721,31413,37558,48325,55611,51040,39483,19849,7066,1584,107020,9366,249
Russia,1956,422484,54385,74990,20605,5693,1771,5338,14785,17671,31776,48397,71221,91442,51832,7386,6040,8745,9137,8534,13891,17885,22030,26367,31170,40051,47286,44156,34254,17578,6046,1340,80683,7109,184
Russia,1957,452245,55602,75701,20099,6385,1808,5035,15230,19391,32839,51820,75861,101086,58663,8248,6608,8622,10176,9215,13639,19200,23392,28428,33347,42514,51639,49447,38285,20378,6761,1487,82086,6843,181
Russia,1958,422038,49580,67039,17459,6080,1747,3911,13538,18672,29389,48156,70416,97041,57778,8106,6359,7179,9832,8840,11472,17917,21462,26694,31201,39215,48822,48219,37182,20596,6630,1476,73119,5658,165
Russia,1959,479387,49859,67042,17183,5703,2658,3715,13850,20185,30788,52765,75629,111225,74680,20218,6663,7187,10668,9517,11377,19411,22567,30198,33710,41919,55329,55896,43692,30988,13819,6399,72745,6373,929
Russia,1960,466157,44976,60527,15551,5274,3067,2891,12929,20038,28472,50809,74853,109445,75944,20668,6518,6411,10202,9836,10085,18387,22182,28627,33580,41273,53115,56330,45330,30614,14379,6289,65801,5958,1236
Russia,1961,472303,41846,56983,15137,5001,3428,2488,12647,20685,27454,51357,77144,112604,78883,22131,6408,6239,9953,10732,9898,17556,22895,28462,34735,42409,53570,59034,47017,31866,15647,6484,61984,5916,1498
Russia,1962,497290,39883,54974,15091,4967,3720,2618,12792,21918,27665,54669,82130,119963,85950,24154,6207,6585,9950,11968,10739,16926,24399,30270,37235,44895,56706,63257,51549,34401,17189,6965,59941,6338,1772
Russia,1963,491310,35750,49637,13887,4705,3794,3014,11928,21457,26453,54373,82750,119226,88171,24093,5185,6743,9108,12349,11017,15436,24487,29886,37986,44764,54928,64298,53772,34399,17384,6709,54342,6808,1707
Russia,1964,480709,31307,43840,12533,4398,3688,3616,11107,20319,25294,53619,82517,117315,88957,24300,4081,7026,8059,12260,11295,13999,24349,29270,38473,44044,53140,64175,54241,34716,17507,6793,48238,7304,1735
Russia,1965,504884,29415,41307,11892,4390,3714,4553,10977,20556,26180,56354,87670,123985,97276,26088,3468,7509,7803,12753,12751,13429,25158,31196,40073,47597,56745,67240,59203,38073,18606,7482,45697,8267,1833
Russia,1966,509965,27462,38220,10758,4242,3543,5122,10464,20013,27066,56054,89353,125641,101633,26766,3070,7394,7580,12433,13920,13146,23981,32073,40141,49212,58441,67200,61889,39744,18901,7865,42462,8665,1849
Russia,1967,532296,27011,37223,10212,4171,3508,5538,10422,20236,29564,56697,94623,131617,108764,28103,3305,7117,7930,12306,15404,14160,22773,33924,42253,52370,61951,69666,65915,42849,20001,8102,41394,9046,1828
Russia,1968,543135,26296,35861,9565,3942,3421,5810,9960,19822,31111,55991,97544,132478,116860,28537,3861,6099,8322,11500,16266,14845,21193,34798,42947,54597,63589,68889,71610,45250,20309,8228,39803,9231,1798
Russia,1969,576060,26973,36508,9535,3855,3463,6111,10192,20414,33919,58099,105599,140083,125445,30475,4997,5195,9428,10986,17444,16475,20711,37388,45782,59817,68041,72042,75300,50145,21879,8596,40363,9574,1895
Russia,1970,585479,26930,36181,9251,3548,3328,5937,10307,20001,35569,56492,107793,144296,128627,31455,6048,4259,9763,10238,17525,18044,19065,37427,46977,60816,70687,73609,76032,52595,22872,8583,39729,9265,1947
Russia,1971,593441,27151,36465,9314,3261,3178,5740,10624,19644,37358,54881,109709,147540,130351,32698,6833,3791,9655,9989,17028,20330,19095,35786,48234,61475,72297,75243,75485,54866,24073,8625,39726,8918,1992
Russia,1972,616019,27829,37190,9361,3075,3101,5617,11289,19577,38678,53892,114276,157189,135405,34736,7252,4037,9178,10399,16646,22032,20529,33363,50350,63926,76642,80547,76761,58644,25823,8913,40265,8718,1989
Russia,1973,632381,28111,37650,9539,2915,2977,5519,12416,19063,39026,53505,117859,164173,138371,36811,7628,4788,7969,11094,15755,23271,22026,31479,52002,65857,80746,83427,76585,61786,27541,9270,40565,8496,2094
Russia,1974,635983,28261,37715,9454,2751,2770,5249,13430,18375,37763,52405,119049,168466,138488,37663,7595,5835,6455,11920,14309,23454,23230,29175,52629,66420,84439,84027,76445,62043,28536,9127,40466,8019,1861
Russia,1975,671145,29321,39143,9822,2771,2667,5185,14996,18372,38339,54415,125140,180886,146327,40941,7676,7320,5517,12855,13914,24425,26289,28126,54459,70681,89952,90934,81077,65250,31012,9929,41914,7852,1963
Russia,1976,691290,30222,40243,10021,2768,2502,5125,15852,17920,38139,57342,126638,189182,150502,43062,7499,8353,4987,12933,13862,24277,29093,28249,52946,73692,92848,96334,84774,65728,32530,10532,43011,7627,2010
Russia,1977,697042,30181,40173,9992,2744,2304,4915,15894,17230,37308,60529,123669,194340,151482,44418,7203,8691,5192,12038,14101,23207,30863,29666,48611,75058,94421,99919,87102,64380,33473,10945,42917,7219,2036
Russia,1978,715071,30354,40456,10102,2766,2173,4734,16280,16588,36954,64308,123273,204265,154457,46703,7097,9183,6134,10454,15008,21946,32593,31715,45796,77477,97481,106784,90039,64418,35023,11680,43222,6907,2113
Russia,1979,749325,30810,41146,10336,2861,2120,4604,16576,16580,37493,68746,125604,220167,161739,49424,7034,9542,7788,8792,16769,20724,34156,34590,44152,81452,102601,117566,94932,66807,36737,12687,44007,6724,2265
Russia,1980,770289,29953,40339,10386,2929,2085,4377,16323,16957,37479,73222,124024,229130,170700,50364,6854,9469,9577,7380,17721,19758,34904,38318,41602,82422,106548,122582,102086,68614,37317,13047,43268,6462,2365
Russia,1981,775890,29061,39171,10110,2946,2040,4049,15784,17300,36898,75883,119842,232504,177166,49860,6681,9103,10759,6541,17555,19343,34159,41724,41020,78822,108716,123788,107095,70071,36704,13156,42117,6089,2447
Russia,1982,778073,28409,38200,9791,2941,2017,3721,15170,18000,36009,77140,115356,235833,181548,49620,6434,8736,11248,6752,16383,19626,32735,44405,42908,72448,110463,125370,110037,71511,36100,13520,41141,5738,2517
Russia,1983,800993,27999,37782,9783,3005,2056,3526,15008,20058,35456,78795,114729,244864,191938,51038,6300,8708,12029,8029,14409,21047,31317,47478,46055,68674,114898,129966,116855,75083,36643,14395,40787,5582,2734
Russia,1984,842368,27895,37932,10037,3149,2172,3478,15045,23054,36179,80570,117825,260020,206965,53115,6226,8819,12703,10351,12340,23839,30009,50561,50926,66899,122323,137697,127183,79782,37988,15127,41081,5650,2866
Russia,1985,849686,25965,35726,9761,3104,2193,3374,14358,25129,35155,79260,118098,263862,213724,52809,5819,8539,12459,12670,10225,24930,28209,51051,55733,62365,122438,141424,129955,83769,37767,15042,38830,5567,2894
Russia,1986,768509,23345,31631,8286,2731,1986,2970,12352,23632,30342,69633,109913,235587,197305,47727,4833,7519,10780,12852,8107,22235,24707,44926,54742,55171,105462,130125,118633,78672,34334,13393,34362,4956,2694
Russia,1987,785747,22773,30961,8188,2712,2018,3003,11954,24338,29666,69429,118274,234648,207108,48728,4550,7404,10565,13773,8432,21234,25459,43970,59738,58536,99276,135372,124362,82746,35273,13455,33673,5021,2908
Russia,1988,806051,20931,29045,8114,2710,2066,3071,11572,25319,28742,69484,127110,235208,218714,49900,4336,7236,10517,14802,9993,18749,27305,42179,64238,62872,93971,141237,130517,88197,36404,13496,31755,5137,3109
Russia,1989,792855,17878,25405,7527,2585,2027,3041,10708,24630,27238,67055,130019,227476,220919,48661,4020,6688,9984,14646,12163,15075,29062,37993,64391,65628,85804,141672,130372,90547,35840,12821,27990,5068,3086
Russia,1990,826279,15874,22957,7083,2567,2084,3169,10416,24777,28327,68177,141394,229682,236898,52654,4006,6410,9984,14793,15427,12900,31428,36749,67142,74252,82670,147012,140480,96418,39464,13190,25524,5253,3178
Russia,1991,836172,13934,20233,6299,2509,2068,3213,9899,24260,29137,67734,148789,224432,245934,54824,3940,5959,9881,14379,17676,11461,31627,36107,66501,82288,82076,142356,146308,99626,41779,13045,22742,5281,3140
Russia,1992,873168,12208,17985,5777,2532,2115,3346,9801,24421,31675,69172,159259,226286,265469,58102,4061,5740,9978,14443,19493,12182,31066,38106,66860,92399,89050,137236,157893,107576,45040,13062,20517,5461,3003
Russia,1993,1005307,12257,17990,5733,2783,2393,3866,10834,27152,39882,76915,183759,253653,315294,67795,4683,6151,10974,16178,23595,16287,30889,46026,72064,111695,107830,145823,187465,127829,54054,13741,20773,6259,2993
Russia,1994,1069211,11974,17323,5349,2742,2468,4113,11181,27614,46769,80071,191072,266148,343711,73577,5008,6173,10988,16626,25287,21482,26932,53139,70118,120954,121929,144219,204706,139005,59923,13654,20065,6581,2420
Russia,1995,1062532,11386,16187,4801,2573,2446,4182,11232,26594,51373,77744,185979,264912,344564,73091,5160,6072,10336,16258,24868,26505,22277,55467,65104,120875,131999,132913,202589,141975,60242,12849,18760,6628,1653
Russia,1996,1020411,10322,14558,4236,2169,2234,3917,10608,24383,51786,72035,174993,264739,326140,71381,4937,5671,9106,15277,22919,28867,18841,53194,60798,114195,139214,125525,185426,140714,58800,12581,16727,6151,1475
Russia,1997,1008415,9553,13468,3915,1881,2145,3797,10423,22913,51950,68674,170129,277640,311275,72715,4862,5561,8310,14603,21772,30178,19006,49668,60951,109178,148352,129288,168066,143209,59743,12972,15349,5942,1409
Russia,1998,997833,9104,12718,3614,1621,2024,3695,10349,21540,52533,64471,164937,289406,298848,74304,4833,5516,7671,13869,21022,31511,21858,42613,63519,101418,154749,134657,153333,145515,60532,13772,14339,5719,1389
Russia,1999,1054731,8913,12525,3612,1501,2013,3857,11114,21751,55592,65983,171877,319021,308274,79742,5185,5929,7751,14000,21754,33838,28890,37093,73396,98481,167270,151751,151465,156809,64518,15224,14026,5870,1483
Russia,2000,1068962,8415,11840,3425,1360,1906,3805,11316,20875,54895,67068,171447,339483,300448,82905,5256,6060,7645,13230,21412,33483,36006,31062,78121,93326,171012,168471,142850,157598,67053,15852,13200,5711,1617
Russia,2001,1067831,8221,11348,3127,1227,1737,3705,11298,19756,53441,68460,169377,353652,287980,84111,5196,6102,7525,12231,21109,32332,41046,27414,78477,90900,168769,184883,140172,147808,68221,15890,12575,5442,1741
Russia,2002,1093944,8243,11217,2974,1155,1583,3706,11604,19467,53431,73773,171686,372309,285908,86221,5292,6312,7754,11713,21204,32227,44874,28899,76549,95137,168105,204204,149871,136037,70223,15998,12372,5289,1886
Russia,2003,1095748,7934,10707,2773,1071,1384,3554,11642,18835,52275,81686,168527,375628,282738,85719,5251,6391,7826,11009,20547,31728,47744,33942,67078,101449,158940,216688,157739,124999,70519,15200,11778,4938,1983
Russia,2004,1057289,7458,10032,2574,977,1159,3202,11082,17578,48310,87110,159937,354178,277323,84412,4913,6169,7553,10025,18681,29629,46482,40628,53134,106803,140301,213877,162514,114809,69687,14725,11009,4361,1988
Russia,2005,1064943,6859,9378,2519,915,1031,2996,10874,17327,46114,95611,156431,348407,288493,85306,4715,6159,7591,9736,17352,28762,45427,50184,43873,112558,131546,216861,180005,108488,69815,15491,10293,4027,2058
Russia,2006,1024006,6574,8849,2275,822,874,2605,10111,16397,42250,96468,144588,327164,293219,78640,4318,5793,7275,9122,15231,27019,41796,54672,36727,107861,122290,204874,190084,103135,63069,15571,9671,3479,2016
Russia,2007,989706,6399,8503,2104,747,758,2228,9424,15683,38641,94345,133706,310614,302311,70715,3984,5440,6982,8701,13512,25129,38732,55613,35829,97877,119985,190629,197803,104508,55002,15713,9250,2986,2035
Russia,2008,990962,6218,8279,2061,704,695,1947,9053,15593,36421,95740,125842,305083,320913,68565,3777,5276,6955,8638,12523,23898,37534,58206,41409,84433,127012,178071,209583,111330,51932,16633,8983,2642,2126
Russia,2009,969558,6098,8080,1982,655,635,1653,8426,15155,33391,92107,117366,294178,329147,66653,3465,4961,6746,8409,11501,21890,35206,56901,50041,67325,135224,158954,210641,118506,49797,16856,8735,2288,2111
Russia,2010,986885,6072,8072,2000,627,595,1459,8080,15253,31700,90022,117811,294246,351153,65609,3287,4793,6766,8487,11232,20468,34273,55749,62041,55770,143474,150772,217140,134013,48408,17201,8699,2054,2256
Russia,2011,933493,5730,7545,1815,564,524,1204,7170,14225,28002,81875,112026,274284,342347,61457,2832,4338,6246,7979,10335,17667,31597,50278,66308,45718,135255,139029,201851,140496,46081,15376,8109,1728,2272
Russia,2012,936422,6620,8434,1814,547,490,1062,6676,13972,26427,78468,115696,269862,348623,63733,2509,4167,6060,7912,10192,16235,30376,48092,69569,46127,126959,142903,195608,153015,49600,14133,8981,1552,2435
Russia,2013,927603,6212,8145,1933,517,453,950,6076,13576,24856,74582,124903,259442,343873,67592,2163,3913,5802,7774,9985,14871,28540,46042,72042,52861,108376,151066,181480,162393,53818,13774,8662,1403,2635
Russia,2014,931198,5649,7622,1973,504,426,886,5564,13323,23991,71187,138055,255066,336806,74909,1873,3691,5592,7731,9975,14016,26850,44337,72467,65588,89084,165982,167174,169632,60785,14124,8126,1312,2855
Russia,2015,919011,4890,6776,1886,487,396,805,5006,12774,23065,66369,148182,243887,326569,81794,1599,3407,5250,7524,9772,13293,24409,41960,69027,79155,71960,171927,155553,171016,68152,13642,7263,1201,2900
Russia,2016,902012,4378,6111,1733,473,369,738,4422,12182,22277,62128,152273,229496,318103,90666,1369,3053,4953,7229,9554,12723,21911,40217,64589,87684,61329,168167,151000,167103,76321,14345,6584,1107,2779
Russia,2017,887641,3413,4981,1568,484,349,682,3878,11623,21722,58003,151482,216494,315643,99702,1201,2677,4697,6926,9348,12374,19862,38141,60963,90519,61017,155477,154895,160748,83736,15966,5465,1031,2599
Russia,2018,898953,2853,4232,1379,501,340,647,3493,11342,21871,55419,155706,207147,323588,111897,1113,2380,4535,6807,9428,12443,18667,36752,59888,95818,71481,135666,169353,154235,93019,18878,4733,987,2771
Russia,2019,892706,2708,3862,1154,494,327,603,3088,10763,21620,51709,152403,197731,326573,120478,1033,2055,4249,6514,9297,12323,17442,34267,57182,95221,87622,110109,184941,141632,98136,22342,4356,930,3049
Russia,2020,1007183,2399,3151,752,554,566,1490,6188,23865,39132,73715,173046,222170,339516,120857,1997,4191,9401,14464,18023,21109,27005,46710,68855,104191,115130,107040,208091,131425,96494,24363,3705,2056,2932
Russia,2021,1229146,2397,3115,718,575,649,1544,5905,26164,44495,77593,190775,252755,456480,164998,1999,3906,9781,16383,20284,24211,29239,48354,80171,110604,135837,116918,273135,183345,128483,36515,3690,2193,4096
Rwanda,1950,23785,8253,13599,5346,1100,578,634,1401,1098,1022,1185,1515,1176,441,38,729,672,539,559,540,482,570,615,789,726,650,526,314,127,33,5,14699,1212,0
Rwanda,1951,24730,8509,14249,5740,1154,578,633,1453,1119,1044,1195,1581,1221,463,41,744,709,560,559,554,490,572,623,805,776,681,540,328,135,35,6,15403,1211,0
Rwanda,1952,25448,8726,14738,6012,1214,578,623,1486,1133,1061,1197,1632,1260,485,41,750,736,584,549,562,499,564,633,801,831,708,552,342,143,35,6,15952,1201,1
Rwanda,1953,26206,8940,15164,6224,1276,584,614,1529,1170,1092,1214,1694,1316,509,42,762,767,623,547,572,520,561,653,799,895,746,570,359,150,36,6,16440,1198,1
Rwanda,1954,26898,9135,15522,6387,1353,595,605,1558,1213,1119,1227,1745,1382,530,45,767,791,662,551,578,541,560,667,798,947,792,590,373,157,39,6,16875,1200,1
Rwanda,1955,27534,9310,15830,6520,1440,614,599,1572,1259,1136,1239,1784,1461,552,49,765,807,698,561,578,558,564,675,802,982,844,617,386,166,43,6,17270,1213,1
Rwanda,1956,28136,9477,16109,6632,1515,639,594,1579,1317,1149,1249,1815,1547,569,54,759,820,735,582,578,571,572,677,813,1002,902,645,396,173,46,8,17624,1233,1
Rwanda,1957,28109,9451,15994,6543,1534,652,583,1550,1354,1137,1241,1803,1626,582,56,735,815,752,602,562,575,579,662,817,986,959,667,402,180,48,8,17528,1235,1
Rwanda,1958,28096,9409,15845,6436,1541,668,577,1521,1396,1128,1242,1801,1718,601,58,711,810,768,628,550,578,593,649,830,971,1021,697,413,188,51,7,17386,1245,1
Rwanda,1959,27981,9358,15698,6340,1541,689,572,1467,1413,1104,1239,1784,1794,619,60,679,788,766,647,536,568,604,635,832,952,1062,732,425,194,53,7,17239,1261,1
Rwanda,1960,28027,9301,15565,6264,1539,719,580,1434,1449,1109,1252,1792,1878,647,62,660,774,774,675,544,565,617,635,838,954,1099,779,445,202,55,7,17104,1299,0
Rwanda,1961,28073,9248,15466,6218,1545,748,594,1396,1471,1114,1270,1795,1946,670,62,643,753,771,700,556,558,629,641,834,961,1113,833,465,205,56,6,17011,1342,0
Rwanda,1962,28204,9189,15385,6196,1559,776,619,1361,1493,1128,1297,1810,2017,698,58,632,729,770,723,579,549,641,656,828,982,1117,900,488,210,55,3,16944,1395,0
Rwanda,1963,31766,9285,15895,6610,2048,1200,935,1785,1993,1448,1545,1956,2157,741,60,844,941,1017,976,777,671,771,774,890,1066,1155,1002,524,217,57,3,17943,2135,0
Rwanda,1964,28583,9130,15334,6204,1617,839,689,1306,1507,1171,1343,1834,2123,766,58,630,676,755,752,636,535,645,698,810,1024,1104,1019,545,221,56,2,16951,1528,0
Rwanda,1965,29081,9228,15478,6250,1658,868,742,1316,1518,1220,1368,1858,2177,818,61,653,663,750,768,674,546,647,721,817,1041,1115,1062,585,233,58,3,17136,1610,0
Rwanda,1966,29840,9451,15806,6355,1711,903,800,1355,1527,1279,1392,1885,2229,886,65,692,663,744,783,712,567,648,744,835,1050,1140,1089,637,249,62,3,17517,1703,0
Rwanda,1967,30755,9800,16307,6507,1761,939,857,1418,1529,1341,1401,1904,2268,960,72,746,672,737,792,744,597,641,760,859,1045,1172,1096,694,266,67,5,18068,1796,0
Rwanda,1968,32148,10292,17053,6761,1818,986,924,1525,1566,1436,1431,1954,2325,1046,78,819,706,743,823,789,647,646,785,904,1050,1220,1105,759,287,71,7,18871,1910,0
Rwanda,1969,33723,10861,17962,7101,1877,1035,986,1659,1599,1532,1462,2013,2380,1123,91,907,752,754,845,831,701,659,803,952,1061,1260,1120,811,312,80,11,19839,2021,0
Rwanda,1970,35242,11454,18955,7501,1936,1083,1034,1792,1603,1599,1482,2059,2420,1181,97,995,797,754,849,855,744,675,807,985,1074,1285,1135,844,337,86,11,20891,2117,0
Rwanda,1971,36888,12045,19981,7936,1995,1128,1086,1947,1623,1676,1521,2127,2463,1231,106,1086,861,768,855,882,794,707,814,1024,1103,1300,1163,863,368,92,14,21976,2214,0
Rwanda,1972,38594,12664,21089,8425,2071,1174,1137,2100,1637,1738,1562,2198,2503,1270,115,1168,932,784,853,901,837,749,813,1057,1141,1302,1201,869,401,99,16,23160,2311,1
Rwanda,1973,40888,13403,22418,9015,2183,1232,1208,2310,1700,1842,1651,2321,2579,1321,120,1274,1036,831,869,944,898,822,829,1104,1217,1319,1260,883,438,104,16,24601,2440,1
Rwanda,1974,43183,14220,23904,9684,2324,1288,1275,2507,1750,1904,1727,2401,2627,1349,126,1365,1142,876,874,963,941,886,841,1123,1278,1331,1296,887,462,112,14,26228,2563,1
Rwanda,1975,45544,15035,25419,10384,2453,1324,1333,2737,1860,1981,1825,2466,2654,1360,134,1453,1284,958,902,993,988,956,869,1140,1326,1345,1309,890,470,119,15,27872,2657,1
Rwanda,1976,46942,15831,26800,10969,2615,1366,1365,2765,1795,1866,1817,2421,2625,1362,141,1457,1308,954,841,922,944,956,861,1097,1324,1338,1287,892,470,126,15,29415,2731,1
Rwanda,1977,47969,16407,27733,11326,2699,1376,1375,2816,1805,1802,1851,2388,2602,1367,153,1470,1346,986,819,878,924,970,881,1061,1327,1348,1254,903,464,137,16,30432,2751,1
Rwanda,1978,47952,16652,27990,11338,2702,1357,1348,2795,1789,1710,1861,2314,2570,1356,157,1447,1348,1000,789,819,891,963,898,1011,1303,1359,1211,905,451,143,14,30692,2705,1
Rwanda,1979,46942,16613,27614,11001,2614,1304,1280,2692,1757,1592,1841,2217,2523,1339,162,1388,1304,999,758,753,839,937,904,964,1253,1355,1168,897,442,147,15,30228,2584,1
Rwanda,1980,45792,16290,26732,10442,2472,1243,1219,2634,1805,1545,1879,2199,2545,1349,169,1350,1284,1037,768,726,819,939,940,963,1236,1379,1166,901,448,151,18,29204,2462,1
Rwanda,1981,44387,15814,25576,9762,2303,1173,1151,2573,1859,1506,1919,2199,2579,1361,179,1308,1265,1069,790,709,797,940,979,984,1215,1399,1180,900,461,156,23,27879,2324,1
Rwanda,1982,43310,15316,24470,9154,2158,1112,1100,2550,1956,1505,1986,2237,2653,1388,193,1283,1267,1116,840,715,790,957,1029,1034,1203,1432,1221,904,484,163,30,26628,2212,1
Rwanda,1983,43052,14938,23704,8766,2073,1078,1080,2601,2121,1554,2096,2336,2774,1428,203,1288,1313,1197,924,751,803,999,1097,1124,1212,1481,1293,918,510,169,34,25777,2158,2
Rwanda,1984,43082,14602,23125,8523,2038,1065,1079,2650,2296,1618,2199,2461,2885,1466,200,1291,1359,1272,1024,800,818,1034,1165,1222,1239,1517,1368,936,530,169,31,25163,2144,1
Rwanda,1985,43276,14265,22596,8331,2032,1061,1092,2715,2487,1705,2290,2608,2981,1503,201,1301,1414,1347,1140,866,839,1065,1225,1322,1286,1546,1435,962,541,172,29,24628,2153,1
Rwanda,1986,44033,14062,22224,8162,2055,1072,1127,2829,2731,1850,2415,2833,3113,1573,215,1335,1494,1448,1283,966,884,1112,1303,1452,1381,1592,1521,1015,558,182,33,24279,2199,1
Rwanda,1987,44841,13988,21986,7998,2082,1087,1166,2960,2987,2013,2496,3032,3174,1624,233,1379,1581,1560,1427,1083,930,1134,1362,1554,1478,1597,1577,1061,563,194,39,24068,2253,3
Rwanda,1988,47051,13960,21887,7927,2123,1124,1242,3274,3509,2377,2748,3422,3355,1732,248,1500,1774,1804,1705,1309,1068,1238,1510,1743,1679,1672,1683,1151,581,208,40,24010,2366,4
Rwanda,1989,49481,14021,22083,8062,2230,1206,1345,3595,4012,2757,2938,3766,3489,1819,239,1638,1957,2044,1968,1552,1205,1317,1621,1898,1868,1740,1749,1228,591,206,33,24313,2551,2
Rwanda,1990,52648,14282,22769,8487,2400,1322,1471,3948,4532,3212,3129,4117,3637,1884,220,1803,2145,2299,2233,1840,1372,1404,1725,2048,2069,1839,1798,1286,598,197,23,25169,2793,2
Rwanda,1991,57268,14945,24213,9268,2649,1501,1654,4440,5186,3772,3350,4503,3834,1958,212,2043,2397,2622,2564,2181,1591,1517,1833,2207,2296,1987,1847,1345,613,191,21,26862,3155,1
Rwanda,1992,63111,16087,26453,10366,3012,1743,1882,5008,5862,4370,3566,4899,4063,2033,216,2327,2681,2955,2907,2527,1843,1642,1924,2370,2529,2184,1879,1398,635,190,26,29465,3625,1
Rwanda,1993,70030,17664,29413,11749,3465,2042,2152,5633,6532,4998,3804,5317,4347,2104,219,2645,2988,3280,3252,2877,2121,1791,2013,2545,2772,2427,1920,1441,663,190,29,32878,4194,1
Rwanda,1994,333585,28680,55871,27191,16151,16411,26304,57599,59297,42565,24444,20805,10409,3445,283,29039,28560,30711,28586,25111,17454,12995,11449,11338,9467,6523,3886,2447,998,246,37,72022,42715,1
Rwanda,1995,53772,13737,24156,10419,3298,1955,1892,4346,4490,3613,2445,3401,2859,1197,119,2114,2232,2239,2251,1993,1620,1234,1211,1579,1822,1696,1163,809,388,102,17,27454,3847,1
Rwanda,1996,57931,15201,26146,10945,3445,2141,2131,4764,4778,3922,2625,3535,3094,1230,126,2330,2434,2374,2404,2139,1783,1364,1261,1626,1909,1842,1252,826,404,108,18,29591,4272,1
Rwanda,1997,71397,18914,32194,13280,4211,2672,2734,5951,5788,4866,3262,4242,3864,1458,151,2932,3019,2875,2913,2630,2236,1738,1524,1927,2315,2292,1572,972,486,132,19,36405,5406,1
Rwanda,1998,71475,19249,32108,12859,3987,2646,2842,6104,5784,4982,3363,4137,3949,1417,153,3024,3080,2880,2904,2671,2311,1837,1526,1851,2286,2318,1631,939,478,134,19,36095,5488,1
Rwanda,1999,68043,18667,30690,12023,3524,2433,2669,5559,5183,4541,3315,4029,4189,1625,286,2785,2774,2580,2603,2423,2118,1779,1536,1793,2236,2348,1841,1065,560,222,64,34214,5102,2
Rwanda,2000,63715,17531,28507,10976,3054,2160,2445,4984,4567,4120,3210,3924,4358,1923,457,2530,2454,2269,2298,2193,1927,1689,1521,1757,2167,2358,2000,1265,658,314,143,31561,4605,8
Rwanda,2001,61119,16219,25869,9650,2644,1882,2284,4748,4363,4109,3320,4085,4708,2398,677,2425,2323,2160,2203,2179,1930,1724,1596,1862,2223,2500,2208,1588,810,427,250,28513,4166,24
Rwanda,2002,59119,14992,23436,8444,2318,1613,2117,4535,4181,4133,3418,4303,5069,2996,943,2328,2207,2069,2112,2178,1955,1766,1652,1992,2311,2669,2400,1976,1020,564,379,25754,3730,60
Rwanda,2003,56054,13859,21311,7452,2035,1355,1901,4195,3818,3960,3375,4345,5222,3401,1037,2172,2023,1903,1915,2060,1900,1759,1616,2014,2331,2732,2490,2199,1202,626,411,23346,3256,96
Rwanda,2004,51704,12582,19059,6477,1783,1164,1676,3842,3424,3688,3297,4199,5177,3425,871,1999,1843,1724,1700,1876,1812,1735,1562,1922,2277,2678,2499,2155,1270,575,296,20842,2840,99
Rwanda,2005,48262,11524,17116,5592,1566,1013,1466,3522,3116,3461,3277,4107,5217,3508,806,1823,1699,1576,1540,1714,1747,1722,1555,1852,2255,2644,2573,2131,1377,579,227,18682,2479,88
Rwanda,2006,45813,10535,15358,4823,1398,907,1303,3301,2925,3317,3332,4074,5333,3661,833,1687,1614,1478,1447,1594,1723,1733,1599,1809,2265,2638,2695,2152,1509,633,200,16756,2210,73
Rwanda,2007,44040,9672,13897,4225,1268,819,1162,3101,2778,3183,3412,4066,5482,3868,950,1554,1547,1398,1380,1485,1698,1750,1662,1786,2280,2652,2830,2221,1647,738,212,15165,1981,58
Rwanda,2008,42338,8839,12556,3717,1151,741,1032,2861,2606,3004,3458,4034,5590,4104,1155,1404,1457,1305,1301,1371,1633,1744,1714,1767,2267,2664,2926,2335,1769,887,268,13707,1773,46
Rwanda,2009,41782,8111,11400,3289,1053,682,952,2738,2580,2956,3606,4094,5771,4440,1468,1308,1430,1290,1290,1334,1622,1794,1812,1813,2281,2729,3042,2535,1905,1088,380,12453,1634,42
Rwanda,2010,41560,7464,10415,2951,978,635,892,2610,2563,2900,3740,4179,5935,4811,1844,1221,1389,1285,1278,1310,1590,1843,1897,1891,2288,2804,3131,2778,2033,1306,538,11393,1527,54
Rwanda,2011,41149,6855,9476,2621,896,587,830,2430,2495,2795,3805,4247,6041,5189,2265,1119,1311,1258,1237,1276,1519,1860,1945,1976,2271,2862,3179,3028,2161,1533,732,10372,1417,90
Rwanda,2012,41224,6453,8847,2394,847,562,784,2268,2426,2679,3828,4331,6139,5613,2740,1038,1230,1234,1192,1243,1436,1848,1980,2069,2262,2910,3229,3275,2338,1770,970,9694,1346,159
Rwanda,2013,40771,6199,8393,2194,794,542,757,2214,2510,2739,4007,4556,6197,5535,2345,1001,1213,1281,1229,1290,1449,1909,2098,2234,2322,2963,3234,3276,2259,1537,808,9187,1299,178
Rwanda,2014,39044,6033,8157,2124,770,537,732,2088,2439,2602,3864,4524,5948,5256,1952,945,1143,1247,1192,1242,1360,1807,2057,2248,2276,2840,3108,3106,2150,1298,654,8927,1269,172
Rwanda,2015,38799,5887,7981,2094,754,543,735,2111,2572,2670,3912,4677,5881,5123,1680,952,1159,1307,1265,1289,1381,1796,2116,2333,2344,2790,3091,2997,2126,1136,544,8735,1278,156
Rwanda,2016,37562,5804,7866,2062,737,539,716,1975,2471,2551,3750,4711,5726,4934,1452,899,1076,1239,1232,1232,1319,1674,2076,2329,2382,2691,3035,2849,2085,1000,452,8603,1255,132
Rwanda,2017,37790,5720,7773,2053,721,538,727,1984,2590,2648,3792,4938,5752,4882,1329,902,1082,1274,1316,1280,1368,1660,2132,2420,2518,2690,3062,2796,2086,938,391,8494,1265,113
Rwanda,2018,38163,5680,7729,2049,714,538,741,1985,2679,2749,3820,5189,5802,4858,1261,906,1079,1288,1391,1331,1418,1654,2166,2515,2674,2722,3080,2782,2076,917,344,8443,1279,99
Rwanda,2019,38437,5571,7523,1952,682,521,741,1947,2717,2848,3857,5468,5917,4892,1235,892,1055,1276,1441,1381,1467,1665,2192,2621,2847,2811,3106,2820,2072,927,308,8205,1262,87
Rwanda,2020,37993,5444,7227,1783,628,472,685,1725,2469,2780,3818,5772,6148,4969,1221,800,925,1128,1341,1340,1440,1644,2174,2742,3030,2990,3158,2904,2065,944,277,7855,1157,74
Rwanda,2021,41194,5288,6976,1688,602,452,668,1696,2541,3101,4316,6953,7060,5464,1294,784,912,1129,1412,1488,1613,1878,2438,3286,3667,3604,3456,3218,2246,1028,266,7578,1120,66
Saint Barthelemy,1950,16,2,2,0,0,0,0,0,0,0,0,0,0,1,0,0,0,0,0,0,0,0,0,0,0,0,0,1,0,0,0,2,0,0
Saint Barthelemy,1951,15,2,2,0,0,0,0,0,0,0,0,0,0,0,0,0,0,0,0,0,0,0,0,0,0,0,0,0,0,0,0,2,0,0
Saint Barthelemy,1952,14,2,2,0,0,0,0,0,0,0,0,0,0,0,0,0,0,0,0,0,0,0,0,0,0,0,0,0,0,0,0,2,0,0
Saint Barthelemy,1953,14,2,2,0,0,0,0,0,0,0,0,0,0,0,0,0,0,0,0,0,0,0,0,0,0,0,0,0,0,0,0,2,0,0
Saint Barthelemy,1954,14,2,2,0,0,0,0,0,0,0,0,0,0,0,0,0,0,0,0,0,0,0,0,0,0,0,0,0,0,0,0,2,0,0
Saint Barthelemy,1955,14,2,2,0,0,0,0,0,0,0,0,0,0,0,0,0,0,0,0,0,0,0,0,0,0,0,0,0,0,0,0,2,0,0
Saint Barthelemy,1956,14,2,2,0,0,0,0,0,0,0,0,0,0,0,0,0,0,0,0,0,0,0,0,0,0,0,0,0,0,0,0,2,0,0
Saint Barthelemy,1957,14,2,2,0,0,0,0,0,0,0,0,0,0,0,0,0,0,0,0,0,0,0,0,0,0,0,0,0,0,0,0,2,0,0
Saint Barthelemy,1958,14,2,2,0,0,0,0,0,0,0,0,0,0,0,0,0,0,0,0,0,0,0,0,0,0,0,0,0,0,0,0,2,0,0
Saint Barthelemy,1959,14,2,2,0,0,0,0,0,0,0,0,0,0,0,0,0,0,0,0,0,0,0,0,0,0,0,0,0,0,0,0,2,0,0
Saint Barthelemy,1960,14,2,2,0,0,0,0,0,0,0,0,0,0,0,0,0,0,0,0,0,0,0,0,0,0,0,0,0,0,0,0,2,0,0
Saint Barthelemy,1961,14,2,2,0,0,0,0,0,0,0,0,0,0,0,0,0,0,0,0,0,0,0,0,0,0,0,0,0,0,0,0,2,0,0
Saint Barthelemy,1962,14,2,2,0,0,0,0,0,0,0,0,0,0,0,0,0,0,0,0,0,0,0,0,0,0,0,0,0,0,0,0,2,0,0
Saint Barthelemy,1963,13,2,2,0,0,0,0,0,0,0,0,0,0,0,0,0,0,0,0,0,0,0,0,0,0,0,0,0,0,0,0,2,0,0
Saint Barthelemy,1964,14,2,2,0,0,0,0,0,0,0,0,0,0,0,0,0,0,0,0,0,0,0,0,0,0,0,0,0,0,0,0,2,0,0
Saint Barthelemy,1965,15,2,2,0,0,0,0,0,0,0,0,0,0,0,0,0,0,0,0,0,0,0,0,0,0,0,0,0,0,0,0,2,0,0
Saint Barthelemy,1966,13,2,2,0,0,0,0,0,0,0,0,0,0,0,0,0,0,0,0,0,0,0,0,0,0,0,0,0,0,0,0,2,0,0
Saint Barthelemy,1967,13,1,1,0,0,0,0,0,0,0,0,0,0,0,0,0,0,0,0,0,0,0,0,0,0,0,0,0,0,0,0,1,0,0
Saint Barthelemy,1968,12,1,1,0,0,0,0,0,0,0,0,0,0,0,0,0,0,0,0,0,0,0,0,0,0,0,0,0,0,0,0,1,0,0
Saint Barthelemy,1969,12,1,1,0,0,0,0,0,0,0,0,0,0,0,0,0,0,0,0,0,0,0,0,0,0,0,0,0,0,0,0,1,0,0
Saint Barthelemy,1970,11,1,1,0,0,0,0,0,0,0,0,0,0,0,0,0,0,0,0,0,0,0,0,0,0,0,0,0,0,0,0,1,0,0
Saint Barthelemy,1971,11,1,1,0,0,0,0,0,0,0,0,0,0,0,0,0,0,0,0,0,0,0,0,0,0,0,0,0,0,0,0,1,0,0
Saint Barthelemy,1972,11,1,1,0,0,0,0,0,0,0,0,0,0,0,0,0,0,0,0,0,0,0,0,0,0,0,0,0,0,0,0,1,0,0
Saint Barthelemy,1973,10,1,1,0,0,0,0,0,0,0,0,0,0,0,0,0,0,0,0,0,0,0,0,0,0,0,0,0,0,0,0,1,0,0
Saint Barthelemy,1974,10,1,1,0,0,0,0,0,0,0,0,0,0,0,0,0,0,0,0,0,0,0,0,0,0,0,0,0,0,0,0,1,0,0
Saint Barthelemy,1975,10,1,1,0,0,0,0,0,0,0,0,0,0,0,0,0,0,0,0,0,0,0,0,0,0,0,0,0,0,0,0,1,0,0
Saint Barthelemy,1976,10,1,1,0,0,0,0,0,0,0,0,0,0,0,0,0,0,0,0,0,0,0,0,0,0,0,0,0,0,0,0,1,0,0
Saint Barthelemy,1977,10,1,1,0,0,0,0,0,0,0,0,0,0,0,0,0,0,0,0,0,0,0,0,0,0,0,0,0,0,0,0,1,0,0
Saint Barthelemy,1978,10,0,0,0,0,0,0,0,0,0,0,0,0,0,0,0,0,0,0,0,0,0,0,0,0,0,0,0,0,0,0,0,0,0
Saint Barthelemy,1979,9,0,0,0,0,0,0,0,0,0,0,0,0,0,0,0,0,0,0,0,0,0,0,0,0,0,0,0,0,0,0,0,0,0
Saint Barthelemy,1980,9,0,0,0,0,0,0,0,0,0,0,0,0,0,0,0,0,0,0,0,0,0,0,0,0,0,0,0,0,0,0,0,0,0
Saint Barthelemy,1981,9,0,0,0,0,0,0,0,0,0,0,0,0,0,0,0,0,0,0,0,0,0,0,0,0,0,0,0,0,0,0,0,0,0
Saint Barthelemy,1982,8,0,0,0,0,0,0,0,0,0,0,0,0,0,0,0,0,0,0,0,0,0,0,0,0,0,0,0,0,0,0,0,0,0
Saint Barthelemy,1983,8,0,0,0,0,0,0,0,0,0,0,0,0,0,0,0,0,0,0,0,0,0,0,0,0,0,0,0,0,0,0,0,0,0
Saint Barthelemy,1984,8,0,0,0,0,0,0,0,0,0,0,0,0,0,0,0,0,0,0,0,0,0,0,0,0,0,0,0,0,0,0,0,0,0
Saint Barthelemy,1985,9,1,1,0,0,0,0,0,0,0,0,0,0,0,0,0,0,0,0,0,0,0,0,0,0,0,0,0,0,0,0,1,0,0
Saint Barthelemy,1986,8,1,1,0,0,0,0,0,0,0,0,0,0,0,0,0,0,0,0,0,0,0,0,0,0,0,0,0,0,0,0,1,0,0
Saint Barthelemy,1987,9,1,1,0,0,0,0,0,0,0,0,0,0,0,0,0,0,0,0,0,0,0,0,0,0,0,0,0,0,0,0,1,0,0
Saint Barthelemy,1988,8,1,1,0,0,0,0,0,0,0,0,0,0,0,0,0,0,0,0,0,0,0,0,0,0,0,0,0,0,0,0,1,0,0
Saint Barthelemy,1989,9,1,1,0,0,0,0,0,0,0,0,0,0,0,0,0,0,0,0,0,0,0,0,0,0,0,0,0,0,0,0,1,0,0
Saint Barthelemy,1990,9,1,1,0,0,0,0,0,0,0,0,0,0,0,0,0,0,0,0,0,0,0,0,0,0,0,0,0,0,0,0,1,0,0
Saint Barthelemy,1991,8,0,0,0,0,0,0,0,0,0,0,0,0,0,0,0,0,0,0,0,0,0,0,0,0,0,0,0,0,0,0,0,0,0
Saint Barthelemy,1992,9,0,0,0,0,0,0,0,0,0,0,0,0,0,0,0,0,0,0,0,0,0,0,0,0,0,0,0,0,0,0,0,0,0
Saint Barthelemy,1993,10,0,0,0,0,0,0,0,0,0,0,0,0,0,0,0,0,0,0,0,0,0,0,0,0,0,0,0,0,0,0,0,0,0
Saint Barthelemy,1994,10,0,0,0,0,0,0,0,0,0,0,0,0,0,0,0,0,0,0,0,0,0,0,0,0,0,0,0,0,0,0,0,0,0
Saint Barthelemy,1995,11,0,0,0,0,0,0,0,0,0,0,0,0,1,0,0,0,0,0,0,0,0,0,0,0,0,0,1,0,0,0,0,0,0
Saint Barthelemy,1996,12,0,0,0,0,0,0,0,0,0,0,0,0,3,0,0,0,0,0,0,0,0,0,0,0,0,0,3,0,0,0,0,0,0
Saint Barthelemy,1997,14,0,0,0,0,0,0,0,0,0,0,0,0,3,0,0,0,0,0,0,0,0,0,0,0,0,0,3,0,0,0,0,0,0
Saint Barthelemy,1998,15,0,0,0,0,0,0,0,0,0,0,0,3,6,0,0,0,0,0,0,0,0,0,0,0,0,3,5,1,0,0,0,0,0
Saint Barthelemy,1999,17,0,0,0,0,0,0,0,0,0,0,0,5,8,0,0,0,0,0,0,0,0,0,0,0,0,5,5,3,0,0,0,0,0
Saint Barthelemy,2000,18,0,0,0,0,0,0,0,0,0,0,0,4,9,0,0,0,0,0,0,0,0,0,0,0,0,4,5,4,0,0,0,0,0
Saint Barthelemy,2001,18,0,0,0,0,0,0,0,0,0,0,0,4,10,0,0,0,0,0,0,0,0,0,0,0,0,4,5,5,0,0,0,0,0
Saint Barthelemy,2002,19,0,0,0,0,0,0,0,0,0,0,0,5,10,0,0,0,0,0,0,0,0,0,0,0,0,5,5,5,0,0,0,0,0
Saint Barthelemy,2003,19,0,0,0,0,0,0,0,0,0,0,0,5,10,1,0,0,0,0,0,0,0,0,0,0,0,5,5,5,1,0,0,0,0
Saint Barthelemy,2004,20,0,0,0,0,0,0,0,0,0,0,0,5,10,2,0,0,0,0,0,0,0,0,0,0,0,5,5,5,2,0,0,0,0
Saint Barthelemy,2005,21,0,0,0,0,0,0,0,0,0,0,0,5,10,3,0,0,0,0,0,0,0,0,0,0,0,5,5,5,3,0,0,0,0
Saint Barthelemy,2006,21,0,0,0,0,0,0,0,0,0,0,0,4,10,3,0,0,0,0,0,0,0,0,0,0,0,4,5,5,3,0,0,0,0
Saint Barthelemy,2007,22,0,0,0,0,0,0,0,0,0,0,0,4,10,3,0,0,0,0,0,0,0,0,0,0,1,3,5,5,3,0,0,0,0
Saint Barthelemy,2008,22,0,0,0,0,0,0,0,0,0,0,0,3,10,1,0,0,0,0,0,0,0,0,0,0,0,3,5,5,1,0,0,0,0
Saint Barthelemy,2009,23,0,0,0,0,0,0,0,0,0,0,0,2,10,2,0,0,0,0,0,0,0,0,0,0,0,2,5,5,2,0,0,0,0
Saint Barthelemy,2010,24,0,0,0,0,0,0,0,0,0,0,0,3,10,2,0,0,0,0,0,0,0,0,0,0,0,3,5,5,2,0,0,0,0
Saint Barthelemy,2011,24,0,0,0,0,0,0,0,0,0,0,0,4,10,3,0,0,0,0,0,0,0,0,0,0,1,3,5,5,3,0,0,0,0
Saint Barthelemy,2012,21,0,0,0,0,0,0,0,0,0,0,0,2,9,3,0,0,0,0,0,0,0,0,0,0,0,2,4,5,3,0,0,0,0
Saint Barthelemy,2013,26,0,0,0,0,0,0,0,0,0,0,0,7,10,4,0,0,0,0,0,0,0,0,0,0,2,5,5,5,4,0,0,0,0
Saint Barthelemy,2014,27,0,0,0,0,0,0,0,0,0,0,0,6,10,6,0,0,0,0,0,0,0,0,0,0,1,5,5,5,6,0,0,0,0
Saint Barthelemy,2015,27,0,0,0,0,0,0,0,0,0,0,0,5,10,7,0,0,0,0,0,0,0,0,0,0,0,5,5,5,6,1,0,0,0
Saint Barthelemy,2016,26,0,0,0,0,0,0,0,0,0,0,0,6,10,6,0,0,0,0,0,0,0,0,0,0,1,5,5,5,5,1,0,0,0
Saint Barthelemy,2017,29,0,0,0,0,0,0,0,0,0,0,0,7,10,7,0,0,0,0,0,0,0,0,0,0,3,4,5,5,5,2,0,0,0
Saint Barthelemy,2018,26,0,0,0,0,0,0,0,0,0,0,0,6,10,4,0,0,0,0,0,0,0,0,0,0,2,4,5,5,2,2,0,0,0
Saint Barthelemy,2019,26,0,0,0,0,0,0,0,0,0,0,0,6,10,3,0,0,0,0,0,0,0,0,0,0,1,5,5,5,3,0,0,0,0
Saint Barthelemy,2020,26,0,0,0,0,0,0,0,0,0,0,0,5,10,3,0,0,0,0,0,0,0,0,0,0,0,5,5,5,3,0,0,0,0
Saint Barthelemy,2021,27,0,0,0,0,0,0,0,0,0,0,0,5,10,3,0,0,0,0,0,0,0,0,0,0,1,4,5,5,3,0,0,0,1
Saint Helena,1950,28,4,4,0,0,0,0,0,0,0,0,0,9,8,0,0,0,0,0,0,0,0,0,0,0,4,5,5,3,0,0,4,0,0
Saint Helena,1951,29,4,4,0,0,0,0,0,0,0,0,0,9,9,0,0,0,0,0,0,0,0,0,0,0,4,5,5,4,0,0,4,0,0
Saint Helena,1952,27,4,4,0,0,0,0,0,0,0,0,0,8,9,0,0,0,0,0,0,0,0,0,0,0,3,5,5,4,0,0,4,0,0
Saint Helena,1953,27,3,3,0,0,0,0,0,0,0,0,0,7,10,0,0,0,0,0,0,0,0,0,0,0,2,5,5,5,0,0,3,0,0
Saint Helena,1954,26,3,3,0,0,0,0,0,0,0,0,0,6,10,0,0,0,0,0,0,0,0,0,0,0,1,5,5,5,0,0,3,0,0
Saint Helena,1955,26,3,3,0,0,0,0,0,0,0,0,0,7,10,0,0,0,0,0,0,0,0,0,0,0,2,5,5,5,0,0,3,0,0
Saint Helena,1956,26,3,3,0,0,0,0,0,0,0,0,0,7,10,0,0,0,0,0,0,0,0,0,0,0,2,5,5,5,0,0,3,0,0
Saint Helena,1957,26,3,3,0,0,0,0,0,0,0,0,1,10,7,0,0,0,0,0,0,0,0,0,0,1,5,5,4,3,0,0,3,0,0
Saint Helena,1958,26,3,3,0,0,0,0,0,0,0,0,1,10,5,0,0,0,0,0,0,0,0,0,0,1,5,5,5,0,0,0,3,0,0
Saint Helena,1959,26,3,3,0,0,0,0,0,0,0,0,1,10,5,0,0,0,0,0,0,0,0,0,0,1,5,5,5,0,0,0,3,0,0
Saint Helena,1960,26,3,3,0,0,0,0,0,0,0,0,1,10,6,0,0,0,0,0,0,0,0,0,0,1,5,5,5,1,0,0,3,0,0
Saint Helena,1961,26,3,3,0,0,0,0,0,0,0,0,1,10,7,0,0,0,0,0,0,0,0,0,0,1,5,5,5,2,0,0,3,0,0
Saint Helena,1962,26,3,3,0,0,0,0,0,0,0,0,1,10,7,0,0,0,0,0,0,0,0,0,0,1,5,5,5,2,0,0,3,0,0
Saint Helena,1963,26,3,3,0,0,0,0,0,0,0,0,2,10,8,0,0,0,0,0,0,0,0,0,0,2,5,5,5,3,0,0,3,0,0
Saint Helena,1964,25,2,2,0,0,0,0,0,0,0,0,1,10,8,0,0,0,0,0,0,0,0,0,0,1,5,5,5,3,0,0,2,0,0
Saint Helena,1965,25,2,2,0,0,0,0,0,0,0,0,1,10,8,0,0,0,0,0,0,0,0,0,0,1,5,5,5,3,0,0,2,0,0
Saint Helena,1966,26,2,2,0,0,0,0,0,0,0,0,1,10,5,0,0,0,0,0,0,0,0,0,0,1,5,5,4,1,0,0,2,0,0
Saint Helena,1967,25,2,2,0,0,0,0,0,0,0,0,1,10,5,0,0,0,0,0,0,0,0,0,0,1,5,5,5,0,0,0,2,0,0
Saint Helena,1968,26,2,2,0,0,0,0,0,0,0,0,3,10,6,0,0,0,0,0,0,0,0,0,0,3,5,5,5,1,0,0,2,0,0
Saint Helena,1969,26,2,2,0,0,0,0,0,0,0,0,4,10,7,0,0,0,0,0,0,0,0,0,0,4,5,5,5,2,0,0,2,0,0
Saint Helena,1970,27,2,2,0,0,0,0,0,0,0,0,3,10,7,0,0,0,0,0,0,0,0,0,0,3,5,5,5,2,0,0,2,0,0
Saint Helena,1971,26,2,2,0,0,0,0,0,0,0,0,3,10,8,0,0,0,0,0,0,0,0,0,0,3,5,5,5,3,0,0,2,0,0
Saint Helena,1972,27,2,2,0,0,0,0,0,0,0,0,3,10,7,0,0,0,0,0,0,0,0,0,0,3,5,5,5,2,0,0,2,0,0
Saint Helena,1973,27,2,2,0,0,0,0,0,0,0,0,3,10,7,0,0,0,0,0,0,0,0,0,0,3,5,5,5,2,0,0,2,0,0
Saint Helena,1974,27,2,2,0,0,0,0,0,0,0,0,3,10,8,0,0,0,0,0,0,0,0,0,0,3,5,5,5,3,0,0,2,0,0
Saint Helena,1975,27,2,2,0,0,0,0,0,0,0,0,3,10,8,0,0,0,0,0,0,0,0,0,0,3,5,5,5,3,0,0,2,0,0
Saint Helena,1976,27,2,2,0,0,0,0,0,0,0,0,4,10,8,0,0,0,0,0,0,0,0,0,0,4,5,5,5,3,0,0,2,0,0
Saint Helena,1977,27,2,2,0,0,0,0,0,0,0,0,3,10,8,0,0,0,0,0,0,0,0,0,0,3,5,5,5,3,0,0,2,0,0
Saint Helena,1978,28,2,2,0,0,0,0,0,0,0,0,3,10,8,0,0,0,0,0,0,0,0,0,0,3,5,5,5,3,0,0,2,0,0
Saint Helena,1979,28,2,2,0,0,0,0,0,0,0,0,2,10,8,0,0,0,0,0,0,0,0,0,0,2,5,5,5,3,0,0,2,0,0
Saint Helena,1980,28,2,2,0,0,0,0,0,0,0,0,4,10,9,0,0,0,0,0,0,0,0,0,0,4,5,5,5,4,0,0,2,0,0
Saint Helena,1981,28,2,2,0,0,0,0,0,0,0,0,4,10,9,0,0,0,0,0,0,0,0,0,0,4,5,5,5,4,0,0,2,0,0
Saint Helena,1982,28,2,2,0,0,0,0,0,0,0,0,3,10,9,0,0,0,0,0,0,0,0,0,0,3,5,5,5,4,0,0,2,0,0
Saint Helena,1983,28,1,1,0,0,0,0,0,0,0,0,2,10,10,0,0,0,0,0,0,0,0,0,0,2,5,5,5,5,0,0,1,0,0
Saint Helena,1984,29,1,1,0,0,0,0,0,0,0,0,2,10,9,1,0,0,0,0,0,0,0,0,0,2,5,5,5,4,1,0,1,0,0
Saint Helena,1985,30,1,1,0,0,0,0,0,0,0,0,1,10,9,2,0,0,0,0,0,0,0,0,0,1,5,5,5,4,2,0,1,0,0
Saint Helena,1986,31,1,1,0,0,0,0,0,0,0,0,2,11,10,2,0,0,0,0,0,0,0,0,0,2,5,6,5,5,2,0,1,0,0
Saint Helena,1987,32,1,1,0,0,0,0,0,0,0,0,2,10,11,4,0,0,0,0,0,0,0,0,0,2,5,5,6,5,4,0,1,0,0
Saint Helena,1988,32,1,1,0,0,0,0,0,0,0,0,3,10,11,3,0,0,0,0,0,0,0,0,0,3,5,5,6,5,3,0,1,0,0
Saint Helena,1989,31,1,1,0,0,0,0,0,0,0,0,2,10,11,3,0,0,0,0,0,0,0,0,0,2,5,5,6,5,3,0,1,0,0
Saint Helena,1990,31,1,1,0,0,0,0,0,0,0,0,2,9,11,1,0,0,0,0,0,0,0,0,0,2,4,5,6,5,1,0,1,0,0
Saint Helena,1991,30,1,1,0,0,0,0,0,0,0,0,3,9,11,1,0,0,0,0,0,0,0,0,0,3,4,5,6,5,1,0,1,0,0
Saint Helena,1992,29,1,1,0,0,0,0,0,0,0,0,2,9,10,0,0,0,0,0,0,0,0,0,0,2,4,5,5,5,0,0,1,0,0
Saint Helena,1993,29,1,1,0,0,0,0,0,0,0,0,2,10,10,0,0,0,0,0,0,0,0,0,0,2,5,5,5,5,0,0,1,0,0
Saint Helena,1994,29,1,1,0,0,0,0,0,0,0,0,2,10,10,1,0,0,0,0,0,0,0,0,0,2,5,5,5,5,1,0,1,0,0
Saint Helena,1995,27,1,1,0,0,0,0,0,0,0,0,1,10,10,2,0,0,0,0,0,0,0,0,0,1,5,5,5,5,2,0,1,0,0
Saint Helena,1996,26,1,1,0,0,0,0,0,0,0,0,0,10,10,3,0,0,0,0,0,0,0,0,0,0,5,5,5,5,3,0,1,0,0
Saint Helena,1997,26,1,1,0,0,0,0,0,0,0,0,0,10,9,4,0,0,0,0,0,0,0,0,0,0,5,5,5,4,4,0,1,0,0
Saint Helena,1998,25,0,0,0,0,0,0,0,0,0,0,0,9,9,4,0,0,0,0,0,0,0,0,0,0,4,5,5,4,4,0,0,0,0
Saint Helena,1999,24,0,0,0,0,0,0,0,0,0,0,0,9,9,2,0,0,0,0,0,0,0,0,0,0,4,5,5,4,2,0,0,0,0
Saint Helena,2000,26,0,0,0,0,0,0,0,0,0,0,0,9,10,2,0,0,0,0,0,0,0,0,0,0,4,5,5,5,1,1,0,0,0
Saint Helena,2001,25,0,0,0,0,0,0,0,0,0,0,0,8,10,3,0,0,0,0,0,0,0,0,0,0,3,5,5,5,1,2,0,0,0
Saint Helena,2002,27,0,0,0,0,0,0,0,0,0,0,0,8,10,2,0,0,0,0,0,0,0,0,0,0,3,5,5,5,2,0,0,0,0
Saint Helena,2003,26,0,0,0,0,0,0,0,0,0,0,0,7,10,1,0,0,0,0,0,0,0,0,0,0,2,5,5,5,1,0,0,0,0
Saint Helena,2004,24,0,0,0,0,0,0,0,0,0,0,0,6,10,2,0,0,0,0,0,0,0,0,0,0,1,5,5,5,2,0,0,0,0
Saint Helena,2005,25,0,0,0,0,0,0,0,0,0,0,0,7,10,3,0,0,0,0,0,0,0,0,0,0,2,5,5,5,3,0,0,0,0
Saint Helena,2006,26,0,0,0,0,0,0,0,0,0,0,0,6,10,4,0,0,0,0,0,0,0,0,0,0,1,5,5,5,4,0,0,0,0
Saint Helena,2007,30,0,0,0,0,0,0,0,0,0,0,0,6,12,5,0,0,0,0,0,0,0,0,0,0,1,5,5,7,5,0,0,0,0
Saint Helena,2008,31,0,0,0,0,0,0,0,0,0,0,0,6,12,6,0,0,0,0,0,0,0,0,0,0,2,4,5,7,5,1,0,0,0
Saint Helena,2009,30,0,0,0,0,0,0,0,0,0,0,0,6,11,7,0,0,0,0,0,0,0,0,0,0,3,3,5,6,5,2,0,0,0
Saint Helena,2010,28,0,0,0,0,0,0,0,0,0,0,0,4,10,5,0,0,0,0,0,0,0,0,0,0,1,3,5,5,4,1,0,0,0
Saint Helena,2011,28,0,0,0,0,0,0,0,0,0,0,0,7,10,6,0,0,0,0,0,0,0,0,0,0,3,4,5,5,5,1,0,0,0
Saint Helena,2012,28,0,0,0,0,0,0,0,0,0,0,0,6,10,5,0,0,0,0,0,0,0,0,0,0,2,4,5,5,5,0,0,0,0
Saint Helena,2013,29,0,0,0,0,0,0,0,0,0,0,0,8,10,5,0,0,0,0,0,0,0,0,0,0,3,5,5,5,4,1,0,0,0
Saint Helena,2014,30,0,0,0,0,0,0,0,0,0,0,2,9,10,5,0,0,0,0,0,0,0,0,0,2,4,5,5,5,3,2,0,0,0
Saint Helena,2015,32,0,0,0,0,0,0,0,0,0,0,4,10,10,5,0,0,0,0,0,0,0,0,0,4,5,5,5,5,4,1,0,0,0
Saint Helena,2016,31,0,0,0,0,0,0,0,0,0,0,5,10,10,5,0,0,0,0,0,0,0,0,0,5,5,5,5,5,5,0,0,0,0
Saint Helena,2017,29,0,0,0,0,0,0,0,0,0,0,4,10,10,6,0,0,0,0,0,0,0,0,0,4,5,5,5,5,5,1,0,0,0
Saint Helena,2018,30,0,0,0,0,0,0,0,0,0,0,3,10,10,7,0,0,0,0,0,0,0,0,0,3,5,5,5,5,5,2,0,0,0
Saint Helena,2019,30,0,0,0,0,0,0,0,0,0,0,2,10,10,7,0,0,0,0,0,0,0,0,0,2,5,5,5,5,5,2,0,0,0
Saint Helena,2020,31,0,0,0,0,0,0,0,0,0,0,2,10,10,6,0,0,0,0,0,0,0,0,0,2,5,5,5,5,5,1,0,0,0
Saint Helena,2021,34,0,0,0,0,0,0,0,0,0,0,1,10,10,6,0,0,0,0,0,0,0,0,0,1,5,5,5,5,5,1,0,0,0
Saint Kitts and Nevis,1950,403,99,135,36,11,5,5,20,22,26,29,46,87,19,3,10,10,10,12,15,11,15,14,19,27,37,50,11,8,3,0,146,10,0
Saint Kitts and Nevis,1951,403,96,136,40,11,5,5,17,21,25,30,44,86,25,3,7,10,10,11,15,10,15,15,18,26,35,51,18,7,3,0,147,10,0
Saint Kitts and Nevis,1952,392,89,127,38,10,5,5,12,20,25,29,43,79,29,2,5,7,10,10,14,11,14,15,17,26,33,46,25,4,2,0,137,10,0
Saint Kitts and Nevis,1953,389,88,127,39,10,5,5,10,19,24,28,42,75,38,3,5,5,9,10,12,12,13,15,17,25,33,42,34,4,3,0,137,10,0
Saint Kitts and Nevis,1954,390,90,126,36,10,5,5,10,18,27,28,40,71,40,3,5,5,8,10,12,15,13,15,16,24,32,39,36,4,3,0,136,10,0
Saint Kitts and Nevis,1955,394,90,126,36,12,5,5,10,17,27,32,39,69,47,3,5,5,7,10,12,15,15,17,16,23,32,37,40,7,3,0,138,10,0
Saint Kitts and Nevis,1956,421,99,141,42,12,5,5,10,18,27,32,42,69,54,3,5,5,8,10,12,15,15,17,18,24,33,36,40,14,3,0,153,10,0
Saint Kitts and Nevis,1957,468,120,175,55,16,5,5,10,19,26,32,44,70,59,5,5,5,9,10,11,15,15,17,20,24,33,37,40,19,5,0,191,10,0
Saint Kitts and Nevis,1958,494,133,195,62,16,5,5,10,18,24,31,43,71,63,6,5,5,8,10,10,14,15,16,20,23,33,38,38,25,6,0,211,10,0
Saint Kitts and Nevis,1959,501,138,204,66,15,5,5,10,15,22,31,43,70,63,11,5,5,5,10,10,12,15,16,20,23,32,38,35,28,9,2,219,10,0
Saint Kitts and Nevis,1960,475,126,181,55,12,5,5,10,12,21,30,43,67,63,18,5,5,5,7,10,11,15,15,20,23,31,36,35,28,14,4,193,10,0
Saint Kitts and Nevis,1961,466,120,175,55,12,5,5,10,11,20,30,45,66,61,21,5,5,5,6,10,10,15,15,20,25,31,35,34,27,16,5,187,10,0
Saint Kitts and Nevis,1962,429,104,148,44,12,5,5,10,10,19,29,45,66,58,18,5,5,5,5,9,10,14,15,20,25,31,35,33,25,14,4,160,10,0
Saint Kitts and Nevis,1963,396,90,126,36,11,5,5,10,10,17,28,45,64,57,17,5,5,5,5,7,10,13,15,20,25,29,35,33,24,13,4,137,10,0
Saint Kitts and Nevis,1964,377,81,112,31,10,5,5,10,10,16,28,45,64,58,15,5,5,5,5,6,10,13,15,20,25,29,35,34,24,11,4,122,10,0
Saint Kitts and Nevis,1965,355,69,95,26,9,5,5,10,10,15,27,45,63,58,13,5,5,5,5,5,10,12,15,20,25,29,34,34,24,10,3,104,10,0
Saint Kitts and Nevis,1966,340,62,83,21,9,5,5,10,10,14,28,45,64,58,13,5,5,5,5,5,9,12,16,20,25,30,34,34,24,10,3,92,10,0
Saint Kitts and Nevis,1967,326,54,73,19,7,5,5,10,10,13,27,45,64,59,13,5,5,5,5,5,8,11,16,20,25,30,34,34,25,10,3,80,10,0
Saint Kitts and Nevis,1968,318,45,61,16,7,5,5,10,10,13,27,46,63,60,14,5,5,5,5,5,8,11,16,21,25,30,33,34,26,12,2,68,10,0
Saint Kitts and Nevis,1969,310,37,51,14,7,5,5,10,10,12,26,47,62,63,16,5,5,5,5,5,7,10,16,22,25,30,32,35,28,14,2,58,10,0
Saint Kitts and Nevis,1970,294,27,37,10,6,5,5,10,10,12,25,46,60,59,19,5,5,5,5,5,7,10,15,21,25,30,30,31,28,15,4,43,10,0
Saint Kitts and Nevis,1971,294,30,40,10,6,5,5,10,8,11,24,47,62,58,19,5,5,3,5,5,6,10,14,21,26,31,31,30,28,16,3,46,10,0
Saint Kitts and Nevis,1972,298,33,43,10,6,5,5,10,10,11,24,48,66,56,18,5,5,5,5,5,6,10,14,21,27,32,34,30,26,15,3,49,10,0
Saint Kitts and Nevis,1973,298,33,43,10,6,5,5,10,10,10,23,49,68,55,18,5,5,5,5,5,5,10,13,21,28,33,35,31,24,14,4,49,10,0
Saint Kitts and Nevis,1974,280,30,38,8,5,5,5,10,6,10,22,46,68,54,15,5,5,1,5,5,5,9,13,19,27,33,35,30,24,12,3,43,10,0
Saint Kitts and Nevis,1975,263,27,33,6,5,5,5,7,2,10,18,43,67,53,15,5,2,0,2,5,5,7,11,18,25,32,35,31,22,12,3,38,10,0
Saint Kitts and Nevis,1976,254,23,29,6,5,3,5,8,0,10,18,42,67,54,15,5,3,0,0,5,5,7,11,17,25,32,35,31,23,12,3,34,8,0
Saint Kitts and Nevis,1977,260,23,29,6,4,3,5,9,1,10,18,42,68,56,14,5,4,0,1,5,5,7,11,17,25,33,35,32,24,11,3,33,8,0
Saint Kitts and Nevis,1978,273,23,29,6,4,4,5,10,4,10,18,43,73,62,15,5,5,1,3,5,5,7,11,17,26,34,39,36,26,12,3,33,9,0
Saint Kitts and Nevis,1979,282,26,34,8,4,3,5,10,5,10,17,43,74,66,17,5,5,2,3,5,5,6,11,17,26,34,40,38,28,14,3,38,8,0
Saint Kitts and Nevis,1980,283,26,32,6,4,2,5,10,5,10,16,42,74,69,20,5,5,2,3,5,5,6,10,17,25,34,40,39,30,16,4,36,7,0
Saint Kitts and Nevis,1981,284,26,32,6,4,2,5,10,10,10,16,42,75,66,20,5,5,5,5,5,5,6,10,17,25,35,40,37,29,16,4,36,7,0
Saint Kitts and Nevis,1982,282,23,28,5,4,2,5,10,10,10,17,42,75,66,21,5,5,5,5,5,5,7,10,17,25,35,40,38,28,16,5,32,7,0
Saint Kitts and Nevis,1983,277,21,26,5,4,2,5,10,10,10,16,40,75,63,19,5,5,5,5,5,5,6,10,16,24,35,40,37,26,14,5,30,7,0
Saint Kitts and Nevis,1984,259,18,22,4,2,0,5,10,10,10,15,36,73,62,17,5,5,5,5,5,5,5,10,14,22,33,40,36,26,13,4,24,5,0
Saint Kitts and Nevis,1985,243,16,20,4,1,0,4,10,7,10,14,33,70,63,16,5,5,5,2,5,5,5,9,13,20,31,39,37,26,12,4,21,4,1
Saint Kitts and Nevis,1986,247,16,20,4,2,0,4,10,10,10,14,33,72,63,16,5,5,5,5,5,5,5,9,13,20,31,41,37,26,12,4,22,4,1
Saint Kitts and Nevis,1987,247,14,18,4,2,0,5,10,10,10,14,34,71,64,15,5,5,5,5,5,5,5,9,13,21,31,40,38,26,12,3,20,5,1
Saint Kitts and Nevis,1988,248,12,16,4,2,0,5,10,10,10,14,33,69,65,15,5,5,5,5,5,5,5,9,13,20,29,40,39,26,12,3,18,5,1
Saint Kitts and Nevis,1989,251,11,15,4,3,1,5,10,10,10,14,33,67,68,16,5,5,5,5,5,5,5,9,13,20,29,38,41,27,13,3,18,6,1
Saint Kitts and Nevis,1990,249,11,15,4,2,1,5,10,10,10,13,33,65,68,18,5,5,5,5,5,5,5,8,13,20,28,37,41,27,15,3,17,6,1
Saint Kitts and Nevis,1991,237,9,13,4,0,0,5,10,10,10,12,30,60,69,18,5,5,5,5,5,5,5,7,12,18,27,33,41,28,15,3,13,5,0
Saint Kitts and Nevis,1992,224,8,10,2,0,0,4,10,10,10,11,29,58,69,18,5,5,5,5,5,5,5,6,11,18,26,32,39,30,14,4,10,4,0
Saint Kitts and Nevis,1993,219,9,11,2,0,0,4,10,10,10,10,28,57,68,18,5,5,5,5,5,5,5,5,11,17,24,33,38,30,14,4,11,4,0
Saint Kitts and Nevis,1994,221,9,11,2,0,0,4,10,10,10,10,27,58,68,17,5,5,5,5,5,5,5,5,10,17,25,33,37,31,13,4,11,4,0
Saint Kitts and Nevis,1995,220,9,9,0,0,0,4,10,10,10,10,26,57,67,17,5,5,5,5,5,5,5,5,10,16,24,33,35,32,13,4,9,4,0
Saint Kitts and Nevis,1996,222,9,10,1,0,0,4,10,10,10,10,27,56,67,17,5,5,5,5,5,5,5,5,10,17,23,33,35,32,13,4,10,4,1
Saint Kitts and Nevis,1997,217,8,8,0,0,0,4,10,10,10,11,25,54,67,19,5,5,5,5,5,5,5,6,10,15,23,31,35,32,15,4,8,4,1
Saint Kitts and Nevis,1998,224,9,12,3,0,0,4,10,10,10,11,25,54,68,19,5,5,5,5,5,5,5,6,10,15,22,32,37,31,16,3,12,4,1
Saint Kitts and Nevis,1999,219,9,11,2,0,0,2,10,10,10,10,25,52,69,22,5,5,5,5,5,5,5,5,10,15,22,30,39,30,19,3,11,2,1
Saint Kitts and Nevis,2000,207,7,8,1,0,0,0,3,10,10,10,22,49,66,23,0,3,5,5,5,5,5,5,9,13,21,28,36,30,19,4,8,0,1
Saint Kitts and Nevis,2001,205,7,8,1,0,0,0,0,8,10,10,20,48,69,24,0,0,3,5,5,5,5,5,8,12,21,27,37,32,19,5,8,0,1
Saint Kitts and Nevis,2002,197,6,7,1,0,0,0,0,5,10,10,20,47,64,25,0,0,0,5,5,5,5,5,8,12,20,27,33,31,19,6,7,0,1
Saint Kitts and Nevis,2003,186,6,6,0,0,0,0,0,4,10,10,18,44,64,22,0,0,0,4,5,5,5,5,7,11,18,26,32,32,16,6,6,0,0
Saint Kitts and Nevis,2004,177,4,4,0,0,0,0,0,4,10,10,16,41,59,22,0,0,0,4,5,5,5,5,6,10,17,24,29,30,16,6,4,0,1
Saint Kitts and Nevis,2005,186,5,5,0,0,0,0,0,5,10,10,18,42,62,23,0,0,0,5,5,5,5,5,7,11,17,25,30,32,17,6,5,0,1
Saint Kitts and Nevis,2006,194,6,6,0,0,0,0,0,5,10,10,19,44,66,25,0,0,0,5,5,5,5,5,8,11,17,27,33,33,19,6,6,0,1
Saint Kitts and Nevis,2007,194,5,5,0,0,0,0,0,4,10,10,18,43,66,27,0,0,0,4,5,5,5,5,7,11,17,26,33,33,21,6,5,0,1
Saint Kitts and Nevis,2008,195,5,5,0,0,0,0,0,4,10,13,18,42,66,28,0,0,0,4,5,5,8,5,8,10,17,25,32,34,22,6,5,0,1
Saint Kitts and Nevis,2009,194,4,4,0,0,0,0,0,6,11,20,18,40,65,28,0,0,1,5,5,6,10,10,8,10,17,23,30,35,22,6,4,0,1
Saint Kitts and Nevis,2010,207,4,4,0,0,0,0,0,7,11,20,21,39,67,32,0,0,2,5,5,6,10,10,10,11,16,23,30,37,24,8,4,0,1
Saint Kitts and Nevis,2011,211,3,3,0,0,0,0,1,10,10,20,22,38,66,38,0,1,5,5,5,5,10,10,10,12,16,22,29,37,26,12,3,0,1
Saint Kitts and Nevis,2012,205,3,3,0,0,0,0,0,9,10,20,22,39,60,37,0,0,4,5,5,5,10,10,10,12,16,23,29,31,26,11,3,0,1
Saint Kitts and Nevis,2013,200,3,3,0,0,0,0,0,7,10,19,21,38,58,36,0,0,2,5,5,5,9,10,10,11,15,23,28,30,26,10,3,0,2
Saint Kitts and Nevis,2014,204,4,4,0,0,0,0,0,4,10,19,21,37,58,36,0,0,0,4,5,5,9,10,10,11,15,22,28,30,26,10,4,0,2
Saint Kitts and Nevis,2015,204,5,5,0,0,0,0,0,6,10,22,21,40,58,34,0,0,1,5,5,5,10,12,10,11,18,22,28,30,25,9,5,0,2
Saint Kitts and Nevis,2016,193,2,2,0,0,0,0,0,6,10,22,24,37,55,32,0,0,1,5,5,5,9,13,13,11,17,20,26,29,24,8,2,0,2
Saint Kitts and Nevis,2017,196,2,2,0,0,0,0,0,6,10,22,28,37,55,32,0,0,1,5,5,5,9,13,15,13,17,20,26,29,22,10,2,0,2
Saint Kitts and Nevis,2018,207,4,4,0,0,0,0,0,5,10,20,30,39,58,32,0,0,0,5,5,5,8,12,15,15,17,22,28,30,22,10,4,0,2
Saint Kitts and Nevis,2019,207,4,4,0,0,0,0,0,6,10,20,30,39,57,32,0,0,1,5,5,5,8,12,15,15,17,22,27,30,23,9,4,0,1
Saint Kitts and Nevis,2020,209,3,3,0,0,0,0,0,6,10,18,37,42,56,31,0,0,1,5,5,5,7,11,19,18,18,24,26,30,22,9,3,0,1
Saint Kitts and Nevis,2021,210,3,3,0,0,0,0,0,6,10,20,38,41,56,30,0,0,1,5,5,5,9,11,18,20,18,23,26,30,21,9,3,0,1
Saint Lucia,1950,890,238,363,125,39,20,22,58,52,49,50,66,81,72,20,30,28,25,27,24,25,25,25,34,32,44,37,43,29,15,5,402,42,2
Saint Lucia,1951,822,242,365,123,33,16,16,44,42,40,42,62,74,66,18,23,21,20,22,20,20,21,21,31,31,40,34,38,28,13,5,398,32,1
Saint Lucia,1952,794,254,377,123,29,15,15,38,34,37,40,61,73,60,17,18,20,16,18,19,18,20,20,29,32,37,36,33,27,12,5,406,30,1
Saint Lucia,1953,760,260,382,122,24,11,10,28,30,30,39,59,71,54,13,13,15,15,15,15,15,19,20,26,33,34,37,29,25,10,3,406,21,1
Saint Lucia,1954,731,262,386,124,21,10,10,20,21,30,36,58,70,49,13,10,10,10,11,15,15,16,20,24,34,33,37,26,23,10,3,407,20,1
Saint Lucia,1955,724,264,387,123,20,10,10,20,20,30,36,58,72,49,12,10,10,10,10,15,15,16,20,25,33,34,38,26,23,9,3,407,20,1
Saint Lucia,1956,716,262,384,122,20,10,10,20,20,29,35,58,74,45,11,10,10,10,10,14,15,15,20,25,33,36,38,26,19,9,2,404,20,1
Saint Lucia,1957,719,262,382,120,20,10,10,20,20,29,35,60,76,46,11,10,10,10,10,14,15,15,20,26,34,39,37,28,18,9,2,402,20,0
Saint Lucia,1958,705,259,378,119,20,10,10,20,20,26,34,60,75,45,11,10,10,10,10,11,15,15,19,27,33,40,35,29,16,9,2,398,20,0
Saint Lucia,1959,694,252,368,116,18,10,10,20,20,25,34,60,78,46,10,10,10,10,10,10,15,15,19,27,33,42,36,31,15,8,2,386,20,0
Saint Lucia,1960,673,243,354,111,17,10,10,20,20,22,33,59,78,44,10,10,10,10,10,10,12,15,18,26,33,43,35,30,14,8,2,371,20,0
Saint Lucia,1961,640,232,338,106,17,6,5,10,17,20,32,57,79,44,9,5,5,7,10,10,10,15,17,25,32,42,37,29,15,7,2,355,11,0
Saint Lucia,1962,614,217,315,98,16,5,5,10,15,20,32,56,81,45,8,5,5,5,10,10,10,15,17,24,32,42,39,29,16,6,2,331,10,0
Saint Lucia,1963,594,202,293,91,16,6,5,10,14,20,32,56,85,44,7,5,5,5,9,10,10,15,17,24,32,43,42,27,17,6,1,309,11,0
Saint Lucia,1964,565,186,266,80,14,5,5,10,13,20,32,56,86,46,7,5,5,5,8,10,10,15,17,24,32,43,43,28,18,6,1,280,10,0
Saint Lucia,1965,541,171,241,70,14,5,5,10,12,20,32,55,87,48,7,5,5,5,7,10,10,15,17,23,32,43,44,31,17,6,1,255,10,0
Saint Lucia,1966,519,156,217,61,13,5,5,10,12,20,32,57,88,49,6,5,5,5,7,10,10,15,17,24,33,43,45,31,18,6,0,230,10,0
Saint Lucia,1967,497,142,194,52,12,5,5,10,11,20,32,56,88,51,7,5,5,5,6,10,10,15,17,24,32,43,45,34,17,7,0,206,10,0
Saint Lucia,1968,476,129,175,46,12,5,5,10,10,20,31,56,88,51,7,5,5,5,5,10,10,14,17,24,32,43,45,35,16,7,0,187,10,0
Saint Lucia,1969,467,117,156,39,12,5,5,10,10,20,33,58,91,55,7,5,5,5,5,10,10,15,18,25,33,43,48,38,17,7,0,168,10,0
Saint Lucia,1970,452,106,140,34,10,5,5,10,10,21,33,58,91,55,7,5,5,5,5,10,11,15,18,25,33,43,48,38,17,7,0,150,10,0
Saint Lucia,1971,446,97,126,29,10,5,5,10,10,21,33,59,93,59,7,5,5,5,5,10,11,15,18,25,34,44,49,39,20,7,0,136,10,0
Saint Lucia,1972,444,89,115,26,10,5,9,11,11,22,34,62,94,60,7,6,5,5,6,10,12,15,19,27,35,45,49,40,20,6,1,125,14,0
Saint Lucia,1973,443,83,106,23,10,6,10,13,12,22,35,62,95,62,7,8,5,5,7,10,12,15,20,27,35,45,50,40,22,6,1,116,16,0
Saint Lucia,1974,428,77,96,19,8,5,10,12,10,22,35,62,94,64,8,7,5,5,5,10,12,15,20,27,35,45,49,41,23,7,1,104,15,0
Saint Lucia,1975,420,71,89,18,8,5,9,12,10,21,35,60,94,65,8,7,5,5,5,10,11,15,20,26,34,44,50,41,24,7,1,97,14,0
Saint Lucia,1976,413,67,83,16,7,5,9,12,10,20,35,60,94,65,9,7,5,5,5,9,11,15,20,26,34,44,50,41,24,8,1,90,14,0
Saint Lucia,1977,397,63,77,14,6,5,8,10,10,17,33,58,92,65,10,5,5,5,5,7,10,14,19,25,33,43,49,41,24,9,1,83,13,0
Saint Lucia,1978,404,60,74,14,7,5,9,13,10,19,34,59,94,68,10,8,5,5,5,9,10,15,19,26,33,44,50,42,26,9,1,81,14,0
Saint Lucia,1979,409,56,68,12,7,5,9,15,11,20,36,62,94,70,10,10,5,5,6,10,10,15,21,27,35,44,50,44,26,9,1,75,14,0
Saint Lucia,1980,420,54,66,12,7,5,10,19,15,20,36,62,95,71,10,10,9,5,10,10,10,15,21,27,35,45,50,44,27,9,1,73,15,0
Saint Lucia,1981,401,50,61,11,6,5,9,15,11,20,33,62,94,72,13,10,5,5,6,10,10,14,19,27,35,44,50,44,28,11,2,67,14,0
Saint Lucia,1982,396,47,57,10,6,5,9,15,10,20,32,62,93,74,13,10,5,5,5,10,10,13,19,27,35,43,50,46,28,11,2,63,14,0
Saint Lucia,1983,383,45,55,10,5,5,7,11,10,17,30,59,92,75,13,6,5,5,5,7,10,12,18,25,34,42,50,46,29,11,2,60,12,0
Saint Lucia,1984,369,43,52,9,5,5,5,10,10,15,28,57,91,75,14,5,5,5,5,5,10,11,17,24,33,42,49,46,29,12,2,57,10,0
Saint Lucia,1985,375,41,50,9,5,5,5,10,10,16,28,59,92,76,14,5,5,5,5,6,10,11,17,25,34,43,49,46,30,12,2,55,10,0
Saint Lucia,1986,379,39,47,8,5,5,5,10,10,17,28,60,94,79,14,5,5,5,5,7,10,11,17,25,35,44,50,48,31,12,2,52,10,0
Saint Lucia,1987,398,37,45,8,5,5,6,13,10,20,29,63,99,83,16,8,5,5,5,10,10,12,17,26,37,47,52,50,33,13,3,50,11,0
Saint Lucia,1988,409,35,42,7,5,5,7,20,14,20,31,66,102,85,17,10,10,6,8,10,10,13,18,27,39,48,54,51,34,14,3,47,12,0
Saint Lucia,1989,413,34,41,7,5,5,7,20,20,20,32,65,104,86,18,10,10,10,10,10,10,14,18,26,39,49,55,51,35,15,3,46,12,0
Saint Lucia,1990,420,33,40,7,5,5,7,20,20,20,33,65,106,88,18,10,10,10,10,10,10,15,18,26,39,51,55,53,35,15,3,45,12,0
Saint Lucia,1991,418,31,38,7,5,5,6,17,20,20,32,65,107,89,19,7,10,10,10,10,10,15,17,26,39,51,56,53,36,16,3,43,11,0
Saint Lucia,1992,411,30,36,6,5,5,5,10,17,20,31,61,110,92,19,5,5,7,10,10,10,14,17,24,37,51,59,53,39,16,3,41,10,0
Saint Lucia,1993,419,29,35,6,5,5,5,10,18,20,31,63,112,94,20,5,5,8,10,10,10,14,17,25,38,52,60,55,39,17,3,40,10,0
Saint Lucia,1994,438,28,34,6,5,5,7,13,20,21,33,67,117,96,20,5,8,10,10,10,11,15,18,26,41,55,62,56,40,17,3,39,12,0
Saint Lucia,1995,450,27,32,5,5,5,7,14,20,22,34,69,122,99,23,6,8,10,10,10,12,15,19,27,42,58,64,59,40,18,5,37,12,0
Saint Lucia,1996,474,26,30,4,5,5,8,20,20,24,37,74,128,102,25,10,10,10,10,10,14,16,21,29,45,61,67,61,41,20,5,35,13,1
Saint Lucia,1997,506,25,29,4,5,5,9,20,24,30,40,78,135,110,25,10,10,10,14,15,15,18,22,31,47,65,70,65,45,20,5,34,14,1
Saint Lucia,1998,523,23,27,4,5,5,9,20,26,30,43,82,139,111,25,10,10,11,15,15,15,20,23,32,50,68,71,66,45,20,5,32,14,1
Saint Lucia,1999,525,22,26,4,5,5,9,20,25,30,43,81,145,113,25,10,10,10,15,15,15,20,23,31,50,70,75,68,45,20,5,31,14,1
Saint Lucia,2000,524,21,25,4,5,5,8,20,23,30,41,79,146,119,26,10,10,10,13,15,15,19,22,29,50,71,75,71,48,21,5,30,13,1
Saint Lucia,2001,511,19,23,4,5,5,5,12,20,29,39,78,150,120,26,5,7,10,10,14,15,18,21,28,50,71,79,71,49,21,5,28,10,1
Saint Lucia,2002,502,18,22,4,4,4,5,10,17,27,37,72,149,123,27,5,5,7,10,12,15,17,20,27,45,69,80,72,51,22,5,26,9,1
Saint Lucia,2003,499,18,22,4,3,2,5,10,15,26,37,68,152,128,30,5,5,5,10,11,15,16,21,27,41,69,83,75,53,24,6,25,7,1
Saint Lucia,2004,503,17,21,4,2,2,5,10,14,26,37,67,152,132,32,5,5,5,9,11,15,16,21,27,40,68,84,78,54,25,7,23,7,1
Saint Lucia,2005,509,17,21,4,2,1,5,10,14,26,37,68,155,141,32,5,5,5,9,11,15,16,21,27,41,67,88,83,58,25,7,23,6,1
Saint Lucia,2006,515,16,20,4,1,1,5,10,13,26,37,67,156,143,33,5,5,5,8,11,15,16,21,28,39,65,91,84,59,26,7,21,6,1
Saint Lucia,2007,526,16,20,4,1,0,5,10,13,26,39,68,154,151,34,5,5,5,8,11,15,17,22,29,39,62,92,89,62,27,7,21,5,1
Saint Lucia,2008,541,16,20,4,0,0,5,10,13,26,42,72,157,158,36,5,5,5,8,11,15,20,22,31,41,62,95,94,64,28,8,20,5,1
Saint Lucia,2009,551,16,20,4,0,0,5,10,13,27,43,74,155,165,39,5,5,5,8,11,16,20,23,31,43,61,94,98,67,31,8,20,5,1
Saint Lucia,2010,563,16,20,4,2,1,5,10,14,29,44,76,151,170,39,5,5,5,9,12,17,20,24,32,44,60,91,101,69,31,8,22,6,1
Saint Lucia,2011,576,15,19,4,0,0,5,10,13,30,47,80,151,180,40,5,5,5,8,12,18,22,25,34,46,61,90,106,74,32,8,19,5,1
Saint Lucia,2012,591,15,19,4,0,0,5,10,14,30,50,82,150,184,43,5,5,5,9,12,18,23,27,34,48,62,88,106,78,34,9,19,5,1
Saint Lucia,2013,598,16,20,4,0,0,5,10,13,30,52,82,149,188,43,5,5,5,8,12,18,24,28,34,48,63,86,108,80,34,9,20,5,1
Saint Lucia,2014,600,15,19,4,0,0,4,10,13,30,53,83,150,191,46,5,5,5,8,12,18,24,29,35,48,65,85,107,84,37,9,19,4,1
Saint Lucia,2015,600,14,17,3,0,0,4,10,12,29,53,83,149,193,47,5,5,5,7,11,18,24,29,35,48,65,84,105,88,38,9,17,4,1
Saint Lucia,2016,605,13,16,3,0,0,4,10,12,28,54,85,150,192,51,5,5,5,7,11,17,24,30,37,48,67,83,103,89,41,10,16,4,1
Saint Lucia,2017,610,12,15,3,0,0,3,10,12,28,56,86,154,192,53,5,5,5,7,11,17,25,31,37,49,69,85,100,92,42,11,15,3,1
Saint Lucia,2018,614,12,15,3,0,0,3,10,11,28,57,88,156,190,56,5,5,5,6,11,17,25,32,39,49,70,86,98,92,45,11,15,3,1
Saint Lucia,2019,623,11,14,3,0,0,2,10,12,28,58,92,159,190,57,5,5,5,7,11,17,25,33,41,51,70,89,97,93,46,11,14,2,1
Saint Lucia,2020,635,11,14,3,0,0,2,10,12,27,60,95,161,189,61,5,5,5,7,10,17,25,35,43,52,70,91,97,92,50,11,14,2,1
Saint Lucia,2021,813,11,14,3,0,0,3,10,16,37,79,127,209,239,76,5,5,6,10,14,23,34,45,57,70,93,116,122,117,61,15,14,3,2
Saint Martin (French part),1950,13,3,3,0,0,0,0,0,0,0,0,0,0,0,0,0,0,0,0,0,0,0,0,0,0,0,0,0,0,0,0,3,0,0
Saint Martin (French part),1951,13,3,3,0,0,0,0,0,0,0,0,0,0,0,0,0,0,0,0,0,0,0,0,0,0,0,0,0,0,0,0,3,0,0
Saint Martin (French part),1952,12,2,2,0,0,0,0,0,0,0,0,0,0,0,0,0,0,0,0,0,0,0,0,0,0,0,0,0,0,0,0,2,0,0
Saint Martin (French part),1953,13,2,2,0,0,0,0,0,0,0,0,0,0,0,0,0,0,0,0,0,0,0,0,0,0,0,0,0,0,0,0,2,0,0
Saint Martin (French part),1954,13,2,2,0,0,0,0,0,0,0,0,0,0,0,0,0,0,0,0,0,0,0,0,0,0,0,0,0,0,0,0,2,0,0
Saint Martin (French part),1955,13,2,2,0,0,0,0,0,0,0,0,0,0,0,0,0,0,0,0,0,0,0,0,0,0,0,0,0,0,0,0,2,0,0
Saint Martin (French part),1956,13,2,2,0,0,0,0,0,0,0,0,0,0,0,0,0,0,0,0,0,0,0,0,0,0,0,0,0,0,0,0,2,0,0
Saint Martin (French part),1957,13,2,2,0,0,0,0,0,0,0,0,0,0,0,0,0,0,0,0,0,0,0,0,0,0,0,0,0,0,0,0,2,0,0
Saint Martin (French part),1958,13,2,2,0,0,0,0,0,0,0,0,0,0,0,0,0,0,0,0,0,0,0,0,0,0,0,0,0,0,0,0,2,0,0
Saint Martin (French part),1959,13,2,2,0,0,0,0,0,0,0,0,0,0,0,0,0,0,0,0,0,0,0,0,0,0,0,0,0,0,0,0,2,0,0
Saint Martin (French part),1960,13,2,2,0,0,0,0,0,0,0,0,0,0,0,0,0,0,0,0,0,0,0,0,0,0,0,0,0,0,0,0,2,0,0
Saint Martin (French part),1961,14,2,2,0,0,0,0,0,0,0,0,0,0,0,0,0,0,0,0,0,0,0,0,0,0,0,0,0,0,0,0,2,0,0
Saint Martin (French part),1962,14,2,2,0,0,0,0,0,0,0,0,0,0,0,0,0,0,0,0,0,0,0,0,0,0,0,0,0,0,0,0,2,0,0
Saint Martin (French part),1963,13,2,2,0,0,0,0,0,0,0,0,0,0,0,0,0,0,0,0,0,0,0,0,0,0,0,0,0,0,0,0,2,0,0
Saint Martin (French part),1964,13,2,2,0,0,0,0,0,0,0,0,0,0,0,0,0,0,0,0,0,0,0,0,0,0,0,0,0,0,0,0,2,0,0
Saint Martin (French part),1965,14,2,2,0,0,0,0,0,0,0,0,0,0,0,0,0,0,0,0,0,0,0,0,0,0,0,0,0,0,0,0,2,0,0
Saint Martin (French part),1966,14,2,2,0,0,0,0,0,0,0,0,0,0,0,0,0,0,0,0,0,0,0,0,0,0,0,0,0,0,0,0,2,0,0
Saint Martin (French part),1967,13,2,2,0,0,0,0,0,0,0,0,0,0,0,0,0,0,0,0,0,0,0,0,0,0,0,0,0,0,0,0,2,0,0
Saint Martin (French part),1968,14,2,2,0,0,0,0,0,0,0,0,0,0,0,0,0,0,0,0,0,0,0,0,0,0,0,0,0,0,0,0,2,0,0
Saint Martin (French part),1969,13,2,2,0,0,0,0,0,0,0,0,0,0,0,0,0,0,0,0,0,0,0,0,0,0,0,0,0,0,0,0,2,0,0
Saint Martin (French part),1970,13,2,2,0,0,0,0,0,0,0,0,0,0,0,0,0,0,0,0,0,0,0,0,0,0,0,0,0,0,0,0,2,0,0
Saint Martin (French part),1971,14,2,2,0,0,0,0,0,0,0,0,0,0,0,0,0,0,0,0,0,0,0,0,0,0,0,0,0,0,0,0,2,0,0
Saint Martin (French part),1972,14,2,2,0,0,0,0,0,0,0,0,0,0,0,0,0,0,0,0,0,0,0,0,0,0,0,0,0,0,0,0,2,0,0
Saint Martin (French part),1973,14,2,2,0,0,0,0,0,0,0,0,0,0,0,0,0,0,0,0,0,0,0,0,0,0,0,0,0,0,0,0,2,0,0
Saint Martin (French part),1974,14,2,2,0,0,0,0,0,0,0,0,0,0,0,0,0,0,0,0,0,0,0,0,0,0,0,0,0,0,0,0,2,0,0
Saint Martin (French part),1975,15,2,2,0,0,0,0,0,0,0,0,0,0,0,0,0,0,0,0,0,0,0,0,0,0,0,0,0,0,0,0,2,0,0
Saint Martin (French part),1976,15,2,2,0,0,0,0,0,0,0,0,0,0,0,0,0,0,0,0,0,0,0,0,0,0,0,0,0,0,0,0,2,0,0
Saint Martin (French part),1977,15,2,2,0,0,0,0,0,0,0,0,0,0,0,0,0,0,0,0,0,0,0,0,0,0,0,0,0,0,0,0,2,0,0
Saint Martin (French part),1978,15,2,2,0,0,0,0,0,0,0,0,0,0,0,0,0,0,0,0,0,0,0,0,0,0,0,0,0,0,0,0,2,0,0
Saint Martin (French part),1979,15,2,2,0,0,0,0,0,0,0,0,0,0,0,0,0,0,0,0,0,0,0,0,0,0,0,0,0,0,0,0,2,0,0
Saint Martin (French part),1980,14,2,2,0,0,0,0,0,0,0,0,0,0,0,0,0,0,0,0,0,0,0,0,0,0,0,0,0,0,0,0,2,0,0
Saint Martin (French part),1981,14,2,2,0,0,0,0,0,0,0,0,0,0,0,0,0,0,0,0,0,0,0,0,0,0,0,0,0,0,0,0,2,0,0
Saint Martin (French part),1982,13,2,2,0,0,0,0,0,0,0,0,0,0,0,0,0,0,0,0,0,0,0,0,0,0,0,0,0,0,0,0,2,0,0
Saint Martin (French part),1983,15,2,2,0,0,0,0,0,0,0,0,0,0,0,0,0,0,0,0,0,0,0,0,0,0,0,0,0,0,0,0,2,0,0
Saint Martin (French part),1984,17,3,3,0,0,0,0,0,0,0,0,0,0,0,0,0,0,0,0,0,0,0,0,0,0,0,0,0,0,0,0,3,0,0
Saint Martin (French part),1985,19,4,4,0,0,0,0,0,0,0,0,0,0,0,0,0,0,0,0,0,0,0,0,0,0,0,0,0,0,0,0,4,0,0
Saint Martin (French part),1986,20,4,4,0,0,0,0,0,0,0,0,0,0,0,0,0,0,0,0,0,0,0,0,0,0,0,0,0,0,0,0,4,0,0
Saint Martin (French part),1987,23,5,5,0,0,0,0,0,0,0,0,0,3,0,0,0,0,0,0,0,0,0,0,0,0,0,3,0,0,0,0,5,0,0
Saint Martin (French part),1988,24,5,5,0,0,0,0,0,0,0,0,0,5,2,0,0,0,0,0,0,0,0,0,0,0,0,5,2,0,0,0,5,0,0
Saint Martin (French part),1989,28,5,5,0,0,0,0,0,0,0,0,0,6,3,0,0,0,0,0,0,0,0,0,0,0,1,5,3,0,0,0,5,0,0
Saint Martin (French part),1990,31,6,6,0,0,0,0,0,0,0,0,0,7,4,0,0,0,0,0,0,0,0,0,0,0,2,5,4,0,0,0,6,0,0
Saint Martin (French part),1991,29,5,5,0,0,0,0,0,0,0,0,0,6,5,0,0,0,0,0,0,0,0,0,0,0,1,5,5,0,0,0,5,0,0
Saint Martin (French part),1992,31,5,5,0,0,0,0,0,0,0,0,0,6,6,0,0,0,0,0,0,0,0,0,0,0,1,5,5,1,0,0,5,0,0
Saint Martin (French part),1993,32,5,5,0,0,0,0,0,0,0,0,0,7,7,0,0,0,0,0,0,0,0,0,0,0,2,5,5,2,0,0,5,0,0
Saint Martin (French part),1994,34,5,5,0,0,0,0,0,0,0,0,1,10,8,0,0,0,0,0,0,0,0,0,0,1,5,5,5,3,0,0,5,0,0
Saint Martin (French part),1995,35,4,4,0,0,0,0,0,0,0,0,0,10,9,0,0,0,0,0,0,0,0,0,0,0,5,5,5,4,0,0,4,0,0
Saint Martin (French part),1996,37,4,4,0,0,0,0,0,0,0,0,0,10,10,0,0,0,0,0,0,0,0,0,0,0,5,5,5,5,0,0,4,0,0
Saint Martin (French part),1997,39,4,4,0,0,0,0,0,0,0,0,0,10,10,1,0,0,0,0,0,0,0,0,0,0,5,5,5,5,1,0,4,0,0
Saint Martin (French part),1998,41,4,4,0,0,0,0,0,0,0,0,0,10,10,2,0,0,0,0,0,0,0,0,0,0,5,5,5,5,2,0,4,0,0
Saint Martin (French part),1999,43,4,4,0,0,0,0,0,0,0,0,0,10,10,4,0,0,0,0,0,0,0,0,0,0,5,5,5,5,4,0,4,0,0
Saint Martin (French part),2000,44,4,4,0,0,0,0,0,0,0,0,0,10,10,4,0,0,0,0,0,0,0,0,0,0,5,5,5,5,4,0,4,0,0
Saint Martin (French part),2001,44,3,3,0,0,0,0,0,0,0,0,1,10,10,5,0,0,0,0,0,0,0,0,0,1,5,5,5,5,5,0,3,0,0
Saint Martin (French part),2002,45,3,3,0,0,0,0,0,0,0,0,2,10,10,6,0,0,0,0,0,0,0,0,0,2,5,5,5,5,5,1,3,0,0
Saint Martin (French part),2003,46,3,3,0,0,0,0,0,0,0,0,3,10,10,6,0,0,0,0,0,0,0,0,0,3,5,5,5,5,5,1,3,0,0
Saint Martin (French part),2004,46,3,3,0,0,0,0,0,0,0,0,5,10,10,7,0,0,0,0,0,0,0,0,0,5,5,5,5,5,5,2,3,0,0
Saint Martin (French part),2005,47,3,3,0,0,0,0,0,0,0,2,7,10,10,7,0,0,0,0,0,0,0,2,2,5,5,5,5,5,5,2,3,0,0
Saint Martin (French part),2006,49,3,3,0,0,0,0,0,0,0,3,10,10,10,7,0,0,0,0,0,0,0,3,5,5,5,5,5,5,5,2,3,0,0
Saint Martin (French part),2007,50,3,3,0,0,0,0,0,0,0,3,10,10,11,7,0,0,0,0,0,0,0,3,5,5,5,5,6,5,5,2,3,0,0
Saint Martin (French part),2008,51,3,3,0,0,0,0,0,0,0,3,10,10,13,7,0,0,0,0,0,0,0,3,5,5,5,5,7,6,5,2,3,0,0
Saint Martin (French part),2009,53,3,3,0,0,0,0,0,0,0,5,10,10,13,8,0,0,0,0,0,0,0,5,5,5,5,5,6,7,6,2,3,0,0
Saint Martin (French part),2010,55,3,3,0,0,0,0,0,0,0,8,10,10,13,7,0,0,0,0,0,0,3,5,5,5,5,5,5,8,7,0,3,0,1
Saint Martin (French part),2011,50,2,2,0,0,0,0,0,0,0,0,10,10,10,6,0,0,0,0,0,0,0,0,5,5,5,5,5,5,6,0,2,0,1
Saint Martin (French part),2012,58,3,3,0,0,0,0,0,0,0,8,10,10,13,10,0,0,0,0,0,0,3,5,5,5,5,5,5,8,9,1,3,0,1
Saint Martin (French part),2013,62,3,3,0,0,0,0,0,0,0,10,10,10,12,12,0,0,0,0,0,0,5,5,5,5,5,5,5,7,10,2,3,0,1
Saint Martin (French part),2014,59,2,2,0,0,0,0,0,0,0,6,10,10,11,14,0,0,0,0,0,0,1,5,5,5,5,5,5,6,10,4,2,0,1
Saint Martin (French part),2015,63,2,2,0,0,0,0,0,0,0,8,10,11,13,14,0,0,0,0,0,0,3,5,5,5,5,6,7,6,9,5,2,0,1
Saint Martin (French part),2016,63,2,2,0,0,0,0,0,0,0,10,10,11,12,11,0,0,0,0,0,0,5,5,5,5,5,6,7,5,7,4,2,0,1
Saint Martin (French part),2017,70,3,3,0,0,0,0,0,0,3,10,10,13,12,10,0,0,0,0,0,3,5,5,5,5,5,8,6,6,5,5,3,0,1
Saint Martin (French part),2018,56,2,2,0,0,0,0,0,0,0,6,10,11,12,9,0,0,0,0,0,0,1,5,5,5,5,6,6,6,5,4,2,0,1
Saint Martin (French part),2019,62,2,2,0,0,0,0,0,0,0,9,10,13,15,9,0,0,0,0,0,0,4,5,5,5,6,7,7,8,5,4,2,0,1
Saint Martin (French part),2020,62,2,2,0,0,0,0,0,0,0,8,10,15,17,7,0,0,0,0,0,0,3,5,5,5,7,8,8,9,5,2,2,0,1
Saint Martin (French part),2021,63,2,2,0,0,0,0,0,0,0,8,12,20,18,5,0,0,0,0,0,0,3,5,5,7,10,10,9,9,5,0,2,0,1
Saint Pierre and Miquelon,1950,24,2,2,0,0,0,0,0,0,0,0,0,9,5,0,0,0,0,0,0,0,0,0,0,0,4,5,5,0,0,0,2,0,0
Saint Pierre and Miquelon,1951,24,2,2,0,0,0,0,0,0,0,0,0,9,5,0,0,0,0,0,0,0,0,0,0,0,4,5,5,0,0,0,2,0,0
Saint Pierre and Miquelon,1952,24,1,1,0,0,0,0,0,0,0,0,0,9,6,0,0,0,0,0,0,0,0,0,0,0,4,5,5,1,0,0,1,0,0
Saint Pierre and Miquelon,1953,23,1,1,0,0,0,0,0,0,0,0,0,8,6,0,0,0,0,0,0,0,0,0,0,0,3,5,5,1,0,0,1,0,0
Saint Pierre and Miquelon,1954,23,1,1,0,0,0,0,0,0,0,0,0,8,5,0,0,0,0,0,0,0,0,0,0,0,3,5,5,0,0,0,1,0,0
Saint Pierre and Miquelon,1955,23,1,1,0,0,0,0,0,0,0,0,0,7,6,0,0,0,0,0,0,0,0,0,0,0,2,5,5,1,0,0,1,0,0
Saint Pierre and Miquelon,1956,23,1,1,0,0,0,0,0,0,0,0,0,8,6,0,0,0,0,0,0,0,0,0,0,0,3,5,5,1,0,0,1,0,0
Saint Pierre and Miquelon,1957,23,2,2,0,0,0,0,0,0,0,0,0,7,5,0,0,0,0,0,0,0,0,0,0,0,2,5,5,0,0,0,2,0,0
Saint Pierre and Miquelon,1958,23,2,2,0,0,0,0,0,0,0,0,0,8,5,0,0,0,0,0,0,0,0,0,0,0,3,5,5,0,0,0,2,0,0
Saint Pierre and Miquelon,1959,23,1,1,0,0,0,0,0,0,0,0,0,8,5,0,0,0,0,0,0,0,0,0,0,0,3,5,5,0,0,0,1,0,0
Saint Pierre and Miquelon,1960,23,1,1,0,0,0,0,0,0,0,0,0,8,6,0,0,0,0,0,0,0,0,0,0,0,3,5,5,1,0,0,1,0,0
Saint Pierre and Miquelon,1961,23,1,1,0,0,0,0,0,0,0,0,0,8,5,0,0,0,0,0,0,0,0,0,0,0,3,5,5,0,0,0,1,0,0
Saint Pierre and Miquelon,1962,22,1,1,0,0,0,0,0,0,0,0,0,8,5,0,0,0,0,0,0,0,0,0,0,0,3,5,5,0,0,0,1,0,0
Saint Pierre and Miquelon,1963,22,1,1,0,0,0,0,0,0,0,0,0,8,5,0,0,0,0,0,0,0,0,0,0,0,3,5,5,0,0,0,1,0,0
Saint Pierre and Miquelon,1964,23,1,1,0,0,0,0,0,0,0,0,0,9,6,0,0,0,0,0,0,0,0,0,0,0,4,5,5,1,0,0,1,0,0
Saint Pierre and Miquelon,1965,24,1,1,0,0,0,0,0,0,0,0,2,10,6,0,0,0,0,0,0,0,0,0,0,2,5,5,5,1,0,0,1,0,0
Saint Pierre and Miquelon,1966,24,1,1,0,0,0,0,0,0,0,0,2,10,6,0,0,0,0,0,0,0,0,0,0,2,5,5,5,1,0,0,1,0,0
Saint Pierre and Miquelon,1967,24,1,1,0,0,0,0,0,0,0,0,2,10,6,0,0,0,0,0,0,0,0,0,0,2,5,5,5,1,0,0,1,0,0
Saint Pierre and Miquelon,1968,23,1,1,0,0,0,0,0,0,0,0,1,10,7,0,0,0,0,0,0,0,0,0,0,1,5,5,5,2,0,0,1,0,0
Saint Pierre and Miquelon,1969,23,1,1,0,0,0,0,0,0,0,0,1,10,7,0,0,0,0,0,0,0,0,0,0,1,5,5,5,2,0,0,1,0,0
Saint Pierre and Miquelon,1970,23,1,1,0,0,0,0,0,0,0,0,0,10,8,0,0,0,0,0,0,0,0,0,0,0,5,5,5,3,0,0,1,0,0
Saint Pierre and Miquelon,1971,23,1,1,0,0,0,0,0,0,0,0,0,10,8,0,0,0,0,0,0,0,0,0,0,0,5,5,5,3,0,0,1,0,0
Saint Pierre and Miquelon,1972,22,1,1,0,0,0,0,0,0,0,0,0,9,6,0,0,0,0,0,0,0,0,0,0,0,4,5,5,1,0,0,1,0,0
Saint Pierre and Miquelon,1973,22,1,1,0,0,0,0,0,0,0,0,0,8,6,0,0,0,0,0,0,0,0,0,0,0,3,5,5,1,0,0,1,0,0
Saint Pierre and Miquelon,1974,21,1,1,0,0,0,0,0,0,0,0,0,7,6,0,0,0,0,0,0,0,0,0,0,0,2,5,5,1,0,0,1,0,0
Saint Pierre and Miquelon,1975,20,1,1,0,0,0,0,0,0,0,0,0,6,6,0,0,0,0,0,0,0,0,0,0,0,1,5,5,1,0,0,1,0,0
Saint Pierre and Miquelon,1976,19,0,0,0,0,0,0,0,0,0,0,0,5,6,0,0,0,0,0,0,0,0,0,0,0,0,5,5,1,0,0,0,0,0
Saint Pierre and Miquelon,1977,20,1,1,0,0,0,0,0,0,0,0,0,5,7,0,0,0,0,0,0,0,0,0,0,0,0,5,5,2,0,0,1,0,0
Saint Pierre and Miquelon,1978,19,0,0,0,0,0,0,0,0,0,0,0,4,7,0,0,0,0,0,0,0,0,0,0,0,0,4,5,2,0,0,0,0,0
Saint Pierre and Miquelon,1979,23,1,1,0,0,0,0,0,0,0,0,0,9,8,0,0,0,0,0,0,0,0,0,0,0,5,4,5,3,0,0,1,0,0
Saint Pierre and Miquelon,1980,25,1,1,0,0,0,0,0,0,0,0,1,10,9,0,0,0,0,0,0,0,0,0,0,1,5,5,5,4,0,0,1,0,0
Saint Pierre and Miquelon,1981,25,1,1,0,0,0,0,0,0,0,0,0,10,9,0,0,0,0,0,0,0,0,0,0,0,5,5,5,4,0,0,1,0,0
Saint Pierre and Miquelon,1982,24,1,1,0,0,0,0,0,0,0,0,0,9,9,0,0,0,0,0,0,0,0,0,0,0,4,5,5,4,0,0,1,0,0
Saint Pierre and Miquelon,1983,25,1,1,0,0,0,0,0,0,0,0,0,8,9,0,0,0,0,0,0,0,0,0,0,0,3,5,5,4,0,0,1,0,0
Saint Pierre and Miquelon,1984,26,1,1,0,0,0,0,0,0,0,0,0,8,10,0,0,0,0,0,0,0,0,0,0,0,3,5,5,5,0,0,1,0,0
Saint Pierre and Miquelon,1985,24,1,1,0,0,0,0,0,0,0,0,0,7,10,0,0,0,0,0,0,0,0,0,0,0,2,5,5,5,0,0,1,0,0
Saint Pierre and Miquelon,1986,24,1,1,0,0,0,0,0,0,0,0,0,8,10,1,0,0,0,0,0,0,0,0,0,0,3,5,5,5,1,0,1,0,0
Saint Pierre and Miquelon,1987,24,1,1,0,0,0,0,0,0,0,0,0,10,10,2,0,0,0,0,0,0,0,0,0,0,5,5,5,5,2,0,1,0,0
Saint Pierre and Miquelon,1988,25,1,1,0,0,0,0,0,0,0,0,0,10,10,2,0,0,0,0,0,0,0,0,0,0,5,5,5,5,2,0,1,0,0
Saint Pierre and Miquelon,1989,25,1,1,0,0,0,0,0,0,0,0,1,10,10,1,0,0,0,0,0,0,0,0,0,1,5,5,5,5,1,0,1,0,0
Saint Pierre and Miquelon,1990,25,1,1,0,0,0,0,0,0,0,0,0,10,10,1,0,0,0,0,0,0,0,0,0,0,5,5,5,5,1,0,1,0,0
Saint Pierre and Miquelon,1991,26,1,1,0,0,0,0,0,0,0,0,1,10,10,2,0,0,0,0,0,0,0,0,0,1,5,5,5,5,2,0,1,0,0
Saint Pierre and Miquelon,1992,25,1,1,0,0,0,0,0,0,0,0,0,10,10,3,0,0,0,0,0,0,0,0,0,0,5,5,5,5,3,0,1,0,0
Saint Pierre and Miquelon,1993,26,1,1,0,0,0,0,0,0,0,0,0,10,10,3,0,0,0,0,0,0,0,0,0,0,5,5,5,5,3,0,1,0,0
Saint Pierre and Miquelon,1994,29,1,1,0,0,0,0,0,0,0,0,0,10,12,3,0,0,0,0,0,0,0,0,0,0,5,5,6,6,3,0,1,0,0
Saint Pierre and Miquelon,1995,29,1,1,0,0,0,0,0,0,0,0,0,9,13,3,0,0,0,0,0,0,0,0,0,0,4,5,6,7,3,0,1,0,0
Saint Pierre and Miquelon,1996,28,0,0,0,0,0,0,0,0,0,0,0,8,13,1,0,0,0,0,0,0,0,0,0,0,3,5,5,8,1,0,0,0,0
Saint Pierre and Miquelon,1997,29,0,0,0,0,0,0,0,0,0,0,0,7,13,2,0,0,0,0,0,0,0,0,0,0,2,5,5,8,2,0,0,0,0
Saint Pierre and Miquelon,1998,30,0,0,0,0,0,0,0,0,0,0,0,7,14,2,0,0,0,0,0,0,0,0,0,0,2,5,5,9,2,0,0,0,0
Saint Pierre and Miquelon,1999,31,0,0,0,0,0,0,0,0,0,0,0,8,13,5,0,0,0,0,0,0,0,0,0,0,3,5,5,8,5,0,0,0,0
Saint Pierre and Miquelon,2000,31,0,0,0,0,0,0,0,0,0,0,0,8,12,6,0,0,0,0,0,0,0,0,0,0,3,5,5,7,6,0,0,0,0
Saint Pierre and Miquelon,2001,31,0,0,0,0,0,0,0,0,0,0,0,8,10,6,0,0,0,0,0,0,0,0,0,0,3,5,5,5,6,0,0,0,0
Saint Pierre and Miquelon,2002,30,0,0,0,0,0,0,0,0,0,0,0,7,10,6,0,0,0,0,0,0,0,0,0,0,2,5,5,5,5,1,0,0,0
Saint Pierre and Miquelon,2003,30,0,0,0,0,0,0,0,0,0,0,0,7,10,6,0,0,0,0,0,0,0,0,0,0,2,5,5,5,5,1,0,0,0
Saint Pierre and Miquelon,2004,29,0,0,0,0,0,0,0,0,0,0,0,8,10,7,0,0,0,0,0,0,0,0,0,0,3,5,5,5,5,2,0,0,0
Saint Pierre and Miquelon,2005,23,0,0,0,0,0,0,0,0,0,0,0,5,10,4,0,0,0,0,0,0,0,0,0,0,0,5,5,5,4,0,0,0,0
Saint Pierre and Miquelon,2006,28,0,0,0,0,0,0,0,0,0,0,0,10,10,4,0,0,0,0,0,0,0,0,0,0,5,5,5,5,4,0,0,0,0
Saint Pierre and Miquelon,2007,28,0,0,0,0,0,0,0,0,0,0,0,9,10,5,0,0,0,0,0,0,0,0,0,0,4,5,5,5,5,0,0,0,0
Saint Pierre and Miquelon,2008,23,0,0,0,0,0,0,0,0,0,0,0,5,10,3,0,0,0,0,0,0,0,0,0,0,1,4,5,5,3,0,0,0,0
Saint Pierre and Miquelon,2009,29,0,0,0,0,0,0,0,0,0,0,0,8,10,4,0,0,0,0,0,0,0,0,0,0,3,5,5,5,4,0,0,0,0
Saint Pierre and Miquelon,2010,29,0,0,0,0,0,0,0,0,0,0,0,9,10,5,0,0,0,0,0,0,0,0,0,0,4,5,5,5,5,0,0,0,0
Saint Pierre and Miquelon,2011,29,0,0,0,0,0,0,0,0,0,0,0,9,10,5,0,0,0,0,0,0,0,0,0,0,4,5,5,5,5,0,0,0,0
Saint Pierre and Miquelon,2012,29,0,0,0,0,0,0,0,0,0,0,0,9,10,6,0,0,0,0,0,0,0,0,0,0,4,5,5,5,5,1,0,0,0
Saint Pierre and Miquelon,2013,30,0,0,0,0,0,0,0,0,0,0,0,8,10,6,0,0,0,0,0,0,0,0,0,0,3,5,5,5,5,1,0,0,0
Saint Pierre and Miquelon,2014,32,0,0,0,0,0,0,0,0,0,0,0,7,12,7,0,0,0,0,0,0,0,0,0,0,2,5,5,7,5,2,0,0,0
Saint Pierre and Miquelon,2015,33,0,0,0,0,0,0,0,0,0,0,0,7,14,7,0,0,0,0,0,0,0,0,0,0,2,5,6,8,5,2,0,0,0
Saint Pierre and Miquelon,2016,33,0,0,0,0,0,0,0,0,0,0,0,6,10,8,0,0,0,0,0,0,0,0,0,0,1,5,5,5,5,3,0,0,0
Saint Pierre and Miquelon,2017,33,0,0,0,0,0,0,0,0,0,0,0,7,12,8,0,0,0,0,0,0,0,0,0,0,2,5,7,5,5,3,0,0,0
Saint Pierre and Miquelon,2018,34,0,0,0,0,0,0,0,0,0,0,0,7,12,8,0,0,0,0,0,0,0,0,0,0,2,5,7,5,5,3,0,0,0
Saint Pierre and Miquelon,2019,34,0,0,0,0,0,0,0,0,0,0,0,6,12,8,0,0,0,0,0,0,0,0,0,0,1,5,7,5,5,3,0,0,0
Saint Pierre and Miquelon,2020,33,0,0,0,0,0,0,0,0,0,0,0,7,12,7,0,0,0,0,0,0,0,0,0,0,2,5,6,6,5,2,0,0,0
Saint Pierre and Miquelon,2021,34,0,0,0,0,0,0,0,0,0,0,0,7,12,7,0,0,0,0,0,0,0,0,0,0,2,5,5,7,5,2,0,0,0
Saint Vincent and the Grenadines,1950,748,199,275,76,7,5,5,16,25,32,40,59,101,118,58,6,10,10,15,15,17,20,20,25,34,46,55,61,57,40,18,282,10,7
Saint Vincent and the Grenadines,1951,739,202,282,80,8,5,5,16,25,32,42,55,99,109,53,6,10,10,15,15,17,22,20,23,32,45,54,58,51,36,17,290,10,7
Saint Vincent and the Grenadines,1952,730,208,293,85,8,5,5,16,25,32,42,54,92,101,49,6,10,10,15,15,17,22,20,23,31,42,50,54,47,33,16,301,10,6
Saint Vincent and the Grenadines,1953,721,215,304,89,10,5,5,16,25,32,40,53,89,94,43,6,10,10,15,15,17,20,20,23,30,40,49,50,44,29,14,314,10,5
Saint Vincent and the Grenadines,1954,704,221,312,91,8,5,5,15,24,31,40,50,81,84,38,5,10,10,14,15,16,20,20,22,28,37,44,45,39,26,12,320,10,5
Saint Vincent and the Grenadines,1955,770,238,348,110,19,10,10,20,26,34,49,53,81,80,35,10,10,11,15,15,19,24,25,25,28,37,44,44,36,24,11,367,20,4
Saint Vincent and the Grenadines,1956,686,236,333,97,8,5,5,14,23,31,40,49,72,73,31,5,9,10,13,15,16,20,20,23,26,33,39,40,33,21,10,341,10,4
Saint Vincent and the Grenadines,1957,682,242,343,101,8,5,5,14,23,30,40,50,69,69,27,5,9,10,13,15,15,20,20,25,25,32,37,39,30,19,8,351,10,3
Saint Vincent and the Grenadines,1958,674,248,350,102,8,5,5,13,22,30,40,47,64,66,26,5,8,10,12,15,15,20,20,24,23,29,35,37,29,18,8,358,10,3
Saint Vincent and the Grenadines,1959,665,250,351,101,7,5,5,10,19,26,39,48,61,62,24,5,5,9,10,11,15,19,20,24,24,28,33,35,27,17,7,358,10,3
Saint Vincent and the Grenadines,1960,633,248,347,99,8,5,5,10,17,23,32,43,55,55,22,5,5,7,10,10,13,15,17,23,20,25,30,30,25,15,7,355,10,2
Saint Vincent and the Grenadines,1961,592,232,324,92,7,5,5,10,16,22,31,43,51,53,19,5,5,6,10,10,12,15,16,22,21,24,27,30,23,13,6,331,10,2
Saint Vincent and the Grenadines,1962,551,210,292,82,8,5,5,10,15,22,31,43,48,49,18,5,5,5,10,10,12,15,16,21,22,23,25,27,22,12,6,300,10,2
Saint Vincent and the Grenadines,1963,505,187,258,71,7,5,5,10,14,21,30,45,46,45,18,5,5,5,9,10,11,15,15,21,24,21,25,25,20,12,6,265,10,2
Saint Vincent and the Grenadines,1964,465,165,225,60,6,5,5,10,13,21,30,45,44,45,17,5,5,5,8,10,11,15,15,20,25,20,24,25,20,12,5,231,10,2
Saint Vincent and the Grenadines,1965,428,147,198,51,6,5,5,10,12,20,30,43,43,43,15,5,5,5,7,10,10,15,15,19,24,21,22,25,18,10,5,204,10,2
Saint Vincent and the Grenadines,1966,398,132,175,43,6,5,5,10,10,18,29,42,42,41,15,5,5,5,5,8,10,14,15,19,23,22,20,23,18,10,5,181,10,2
Saint Vincent and the Grenadines,1967,378,120,158,38,6,5,5,10,10,16,29,41,43,38,15,5,5,5,5,6,10,14,15,18,23,23,20,20,18,10,5,164,10,3
Saint Vincent and the Grenadines,1968,361,111,145,34,6,5,5,10,10,15,28,41,44,38,15,5,5,5,5,5,10,13,15,18,23,24,20,20,18,10,5,151,10,3
Saint Vincent and the Grenadines,1969,348,104,134,30,5,5,5,10,10,14,27,41,45,37,15,5,5,5,5,5,9,12,15,18,23,25,20,20,17,10,5,139,10,3
Saint Vincent and the Grenadines,1970,342,99,127,28,5,5,5,10,10,14,24,41,46,38,15,5,5,5,5,5,9,10,14,18,23,25,21,20,18,10,5,132,10,3
Saint Vincent and the Grenadines,1971,341,97,125,28,5,5,5,10,10,13,24,41,48,38,15,5,5,5,5,5,8,10,14,18,23,25,23,20,18,10,5,130,10,3
Saint Vincent and the Grenadines,1972,349,95,123,28,5,5,5,10,10,13,26,43,57,38,16,5,5,5,5,5,8,11,15,19,24,30,27,20,18,11,5,128,10,3
Saint Vincent and the Grenadines,1973,347,95,123,28,5,5,5,10,10,13,24,43,58,39,16,5,5,5,5,5,8,10,14,19,24,30,28,21,18,11,5,128,10,3
Saint Vincent and the Grenadines,1974,341,94,122,28,5,5,5,10,10,12,22,41,57,39,15,5,5,5,5,5,7,10,12,18,23,29,28,21,18,10,5,127,10,3
Saint Vincent and the Grenadines,1975,339,92,119,27,5,5,5,10,10,12,22,41,59,40,17,5,5,5,5,5,7,10,12,18,23,29,30,22,18,12,5,124,10,3
Saint Vincent and the Grenadines,1976,343,88,113,25,5,5,5,10,10,12,23,42,60,43,17,5,5,5,5,5,7,10,13,18,24,30,30,25,18,12,5,118,10,3
Saint Vincent and the Grenadines,1977,341,83,106,23,4,5,5,10,10,11,23,44,61,46,17,5,5,5,5,5,6,10,13,19,25,30,31,28,18,12,5,110,10,3
Saint Vincent and the Grenadines,1978,351,77,98,21,4,5,5,10,10,12,23,47,68,52,19,5,5,5,5,5,7,10,13,20,27,33,35,32,20,13,6,102,10,3
Saint Vincent and the Grenadines,1979,359,71,90,19,5,5,5,10,10,12,24,49,73,57,19,5,5,5,5,5,7,10,14,21,28,35,38,35,22,13,6,95,10,3
Saint Vincent and the Grenadines,1980,357,64,79,15,5,5,5,10,10,12,24,50,76,62,19,5,5,5,5,5,7,10,14,22,28,36,40,38,24,13,6,84,10,3
Saint Vincent and the Grenadines,1981,359,58,72,14,5,5,5,10,10,11,24,52,77,65,19,5,5,5,5,5,6,10,14,22,30,37,40,39,26,13,6,77,10,3
Saint Vincent and the Grenadines,1982,366,54,66,12,5,5,5,10,10,12,24,52,81,72,22,5,5,5,5,5,7,10,14,22,30,39,42,43,29,15,7,71,10,4
Saint Vincent and the Grenadines,1983,363,48,58,10,5,5,5,13,10,11,24,52,81,75,23,8,5,5,5,5,6,10,14,22,30,39,42,43,32,16,7,63,10,4
Saint Vincent and the Grenadines,1984,362,42,50,8,3,5,5,14,10,11,24,52,83,77,23,7,7,5,5,5,6,10,14,22,30,39,44,44,33,16,7,53,10,4
Saint Vincent and the Grenadines,1985,359,37,45,8,2,5,5,14,10,11,24,52,84,78,26,6,8,5,5,5,6,10,14,22,30,39,45,44,34,18,8,47,10,4
Saint Vincent and the Grenadines,1986,355,33,40,7,1,5,5,15,10,11,24,51,84,79,27,6,9,5,5,5,6,10,14,21,30,39,45,44,35,19,8,41,10,4
Saint Vincent and the Grenadines,1987,347,30,37,7,1,5,5,15,10,11,23,50,82,78,27,5,10,5,5,5,6,10,13,21,29,38,44,44,34,19,8,38,10,4
Saint Vincent and the Grenadines,1988,324,27,32,5,0,4,5,12,10,10,22,47,75,71,27,5,7,5,5,5,5,10,12,20,27,35,40,40,31,19,8,32,9,4
Saint Vincent and the Grenadines,1989,312,26,30,4,0,3,5,10,10,10,21,44,74,70,26,5,5,5,5,5,5,10,11,18,26,34,40,39,31,18,8,30,8,4
Saint Vincent and the Grenadines,1990,316,25,29,4,0,3,5,10,10,10,21,46,74,70,26,5,5,5,5,5,5,10,11,18,28,34,40,39,31,18,8,29,8,4
Saint Vincent and the Grenadines,1991,302,24,28,4,0,2,5,10,10,10,21,45,71,68,24,5,5,5,5,5,5,10,11,18,27,33,38,39,29,16,8,28,7,4
Saint Vincent and the Grenadines,1992,320,24,28,4,0,2,5,10,17,12,21,45,76,72,26,5,5,8,9,5,7,10,11,18,27,36,40,41,31,18,8,28,7,4
Saint Vincent and the Grenadines,1993,339,23,27,4,0,1,5,10,19,14,21,48,80,79,27,5,5,9,10,5,9,10,11,19,29,37,43,45,34,19,8,27,6,5
Saint Vincent and the Grenadines,1994,358,22,26,4,0,1,5,10,19,16,21,49,85,87,31,5,5,9,10,7,9,10,11,20,29,40,45,49,38,22,9,26,6,5
Saint Vincent and the Grenadines,1995,359,22,26,4,0,1,5,10,18,17,21,48,84,88,31,5,5,8,10,8,9,10,11,19,29,39,45,50,38,22,9,26,6,4
Saint Vincent and the Grenadines,1996,383,21,25,4,0,0,5,10,18,20,22,51,92,96,34,5,5,8,10,10,10,10,12,20,31,43,49,53,43,25,9,25,5,4
Saint Vincent and the Grenadines,1997,401,21,25,4,0,0,5,10,22,20,26,52,98,100,38,5,5,8,14,10,10,13,13,21,31,46,52,55,45,27,11,25,5,4
Saint Vincent and the Grenadines,1998,389,20,24,4,0,0,4,10,21,21,26,51,94,99,37,5,5,8,13,11,10,13,13,20,31,44,50,55,44,26,11,24,4,4
Saint Vincent and the Grenadines,1999,371,19,23,4,0,0,3,10,19,21,24,47,90,93,35,5,5,7,12,11,10,12,12,18,29,41,49,50,43,25,10,23,3,4
Saint Vincent and the Grenadines,2000,371,19,22,3,0,0,2,10,18,22,24,47,90,93,37,5,5,6,12,12,10,12,12,18,29,41,49,50,43,26,11,22,2,4
Saint Vincent and the Grenadines,2001,356,18,21,3,0,0,0,10,15,21,22,44,86,91,35,5,5,5,10,11,10,11,11,18,26,38,48,50,41,25,10,21,0,3
Saint Vincent and the Grenadines,2002,346,18,22,4,0,0,0,10,15,20,22,41,81,90,35,5,5,5,10,10,10,10,12,17,24,36,45,49,41,25,10,22,0,3
Saint Vincent and the Grenadines,2003,357,17,20,3,0,0,0,9,15,22,25,42,83,92,38,4,5,5,10,12,10,10,15,17,25,36,47,50,42,27,11,20,0,4
Saint Vincent and the Grenadines,2004,349,16,19,3,0,0,0,8,14,24,24,41,82,91,37,3,5,5,9,10,14,11,13,17,24,36,46,50,41,26,11,19,0,4
Saint Vincent and the Grenadines,2005,335,16,19,3,0,0,0,7,13,24,24,39,77,90,36,2,5,5,8,10,14,12,12,16,23,34,43,49,41,25,11,19,0,4
Saint Vincent and the Grenadines,2006,324,15,18,3,0,0,0,6,12,24,25,38,72,87,35,1,5,5,7,10,14,13,12,16,22,31,41,48,39,24,11,18,0,4
Saint Vincent and the Grenadines,2007,314,15,17,2,0,0,0,5,11,23,25,36,69,87,33,0,5,5,6,10,13,14,11,15,21,30,39,48,39,23,10,17,0,4
Saint Vincent and the Grenadines,2008,304,15,17,2,0,0,0,4,10,22,25,36,65,84,33,0,4,5,5,9,13,15,10,15,21,28,37,45,39,23,10,17,0,4
Saint Vincent and the Grenadines,2009,316,15,17,2,0,0,0,3,10,22,26,38,66,89,38,0,3,5,5,9,13,15,11,17,21,28,38,48,41,26,12,17,0,4
Saint Vincent and the Grenadines,2010,333,14,16,2,0,0,0,3,10,22,31,39,69,94,39,0,3,5,5,9,13,16,15,18,21,30,39,49,45,27,12,16,0,5
Saint Vincent and the Grenadines,2011,345,13,15,2,0,0,0,2,14,23,35,41,72,97,43,0,2,5,9,10,13,20,15,18,23,31,41,50,47,29,14,15,0,5
Saint Vincent and the Grenadines,2012,360,13,15,2,0,0,0,2,14,23,37,43,73,104,44,0,2,5,9,10,13,20,17,18,25,32,41,53,51,30,14,15,0,5
Saint Vincent and the Grenadines,2013,375,13,16,3,0,0,0,1,13,22,40,46,74,106,47,0,1,5,8,10,12,20,20,20,26,32,42,54,52,33,14,16,0,5
Saint Vincent and the Grenadines,2014,359,12,14,2,0,0,0,0,12,22,39,46,72,101,48,0,0,5,7,10,12,19,20,20,26,32,40,51,50,34,14,14,0,5
Saint Vincent and the Grenadines,2015,371,11,12,1,0,0,0,0,11,21,39,46,74,105,49,0,0,4,7,10,11,19,20,20,26,33,41,53,52,35,14,12,0,5
Saint Vincent and the Grenadines,2016,382,10,11,1,0,0,0,0,9,21,44,52,77,105,53,0,0,3,6,10,11,19,25,25,27,35,42,53,52,38,15,11,0,5
Saint Vincent and the Grenadines,2017,390,9,10,1,0,0,0,0,9,21,45,55,78,106,55,0,0,3,6,10,11,20,25,28,27,35,43,53,53,39,16,10,0,5
Saint Vincent and the Grenadines,2018,403,8,9,1,0,0,0,0,7,21,44,61,83,109,56,0,0,2,5,10,11,18,26,30,31,39,44,55,54,39,17,9,0,5
Saint Vincent and the Grenadines,2019,456,8,9,1,0,0,0,0,7,23,51,73,95,122,64,0,0,2,5,10,13,21,30,38,35,44,51,61,61,44,20,9,0,6
Saint Vincent and the Grenadines,2020,487,7,8,1,0,0,0,0,7,24,52,86,105,129,65,0,0,2,5,9,15,21,31,43,43,51,54,65,64,45,20,8,0,6
Saint Vincent and the Grenadines,2021,600,7,8,1,0,0,0,6,12,31,63,110,125,158,77,1,5,5,7,12,19,25,38,55,55,60,65,79,79,52,25,8,0,6
Samoa,1950,737,225,320,95,44,25,34,75,54,40,38,40,40,27,3,40,35,29,25,20,20,19,19,20,20,20,20,17,10,3,0,364,59,0
Samoa,1951,738,225,318,93,43,24,32,73,54,40,40,40,42,31,7,38,35,29,25,20,20,20,20,20,20,20,22,19,12,6,1,361,56,0
Samoa,1952,736,224,314,90,41,22,31,69,52,40,40,40,46,33,9,35,34,28,24,20,20,20,20,20,20,21,25,20,13,7,2,355,53,0
Samoa,1953,731,222,310,88,39,22,30,68,50,40,40,46,46,37,11,35,33,27,23,20,20,20,20,21,25,21,25,22,15,8,3,349,52,0
Samoa,1954,728,220,305,85,38,22,28,65,49,39,40,46,50,40,12,35,30,27,22,20,19,20,20,21,25,25,25,23,17,9,3,343,50,0
Samoa,1955,721,216,297,81,36,20,28,60,47,37,40,46,50,43,14,30,30,26,21,20,17,20,20,21,25,25,25,25,18,10,4,333,48,0
Samoa,1956,715,212,292,80,36,20,27,60,45,36,40,46,51,46,16,30,30,25,20,20,16,20,20,21,25,25,26,26,20,12,4,328,47,0
Samoa,1957,703,209,285,76,34,20,26,59,45,36,40,46,51,48,17,30,29,25,20,20,16,20,20,21,25,26,25,27,21,12,5,319,46,0
Samoa,1958,707,204,278,74,33,20,24,50,44,36,38,44,57,55,24,25,25,24,20,20,16,18,20,20,24,29,28,30,25,18,6,311,44,1
Samoa,1959,702,201,273,72,33,20,24,50,43,35,36,47,59,55,28,25,25,23,20,20,15,16,20,23,24,29,30,30,25,21,7,306,44,1
Samoa,1960,695,196,266,70,32,20,23,50,43,34,36,48,59,55,31,25,25,23,20,19,15,15,21,25,23,29,30,30,25,22,9,298,43,1
Samoa,1961,691,192,259,67,31,19,23,50,42,33,36,50,59,56,34,25,25,22,20,18,15,15,21,25,25,29,30,30,26,24,10,290,42,2
Samoa,1962,693,188,253,65,31,19,22,41,40,33,36,50,59,60,39,21,20,20,20,17,16,16,20,25,25,29,30,30,30,28,11,284,41,2
Samoa,1963,669,183,247,64,31,18,20,40,40,33,36,50,63,54,32,20,20,20,20,16,17,17,19,25,25,30,33,29,25,22,10,278,38,2
Samoa,1964,795,197,292,95,59,32,26,50,50,40,41,59,69,52,23,25,25,25,25,20,20,20,21,29,30,34,35,30,22,16,7,351,58,2
Samoa,1965,629,173,232,59,29,17,20,40,40,32,37,51,67,46,17,20,20,20,20,16,16,19,18,24,27,33,34,28,18,11,6,261,37,1
Samoa,1966,621,169,227,58,30,20,20,37,39,33,40,53,71,45,10,18,19,19,20,16,17,20,20,24,29,35,36,28,17,8,2,257,40,1
Samoa,1967,604,163,217,54,27,17,20,32,35,32,40,53,76,45,8,17,15,15,20,16,16,20,20,23,30,38,38,29,16,7,1,244,37,1
Samoa,1968,590,158,209,51,26,16,20,32,33,33,40,52,77,45,7,17,15,15,18,17,16,20,20,23,29,38,39,29,16,6,1,235,36,1
Samoa,1969,574,152,199,47,24,15,20,31,32,34,40,51,76,45,7,16,15,15,17,18,16,20,20,22,29,37,39,29,16,6,1,223,35,0
Samoa,1970,560,146,191,45,22,15,20,31,30,33,40,50,77,46,6,16,15,15,15,18,15,20,20,22,28,37,40,30,16,6,0,213,35,0
Samoa,1971,546,139,180,41,22,15,20,26,30,32,40,49,78,48,6,16,10,15,15,17,15,20,20,21,28,37,41,32,16,6,0,202,35,0
Samoa,1972,531,133,173,40,19,15,19,26,27,30,39,48,76,48,6,16,10,12,15,15,15,19,20,21,27,36,40,32,16,6,0,192,34,0
Samoa,1973,517,126,163,37,18,15,18,24,25,30,39,47,75,50,6,14,10,10,15,15,15,19,20,20,27,35,40,33,17,6,0,181,33,0
Samoa,1974,504,120,154,34,18,12,18,24,23,32,39,46,75,51,6,14,10,10,13,15,17,19,20,20,26,35,40,34,17,6,0,172,30,0
Samoa,1975,497,114,145,31,16,11,15,24,23,34,40,49,77,53,6,14,10,10,13,15,19,20,20,23,26,34,43,35,18,6,0,161,26,0
Samoa,1976,492,109,138,29,14,11,15,23,23,33,40,51,81,56,7,13,10,10,13,15,18,20,20,25,26,34,47,36,20,7,0,152,26,0
Samoa,1977,487,103,130,27,14,11,15,22,22,32,41,53,79,60,8,12,10,10,12,15,17,20,21,25,28,32,47,39,21,8,0,144,26,0
Samoa,1978,476,98,123,25,12,10,15,22,21,32,43,53,78,60,8,12,10,10,11,15,17,20,23,25,28,33,45,39,21,8,0,135,25,0
Samoa,1979,467,94,117,23,12,10,15,22,20,31,43,52,76,60,10,12,10,10,10,15,16,20,23,25,27,33,43,39,21,9,1,129,25,0
Samoa,1980,458,89,111,22,12,10,14,22,20,30,43,52,77,60,9,12,10,10,10,14,16,20,23,25,27,34,43,38,22,8,1,123,24,0
Samoa,1981,450,86,105,19,11,10,14,22,20,28,43,54,78,58,9,12,10,10,10,13,15,20,23,25,29,34,44,37,21,8,1,116,24,0
Samoa,1982,444,83,102,19,11,10,14,22,20,27,44,56,78,57,10,12,10,10,10,12,15,20,24,26,30,32,46,37,20,9,1,113,24,0
Samoa,1983,436,79,97,18,9,8,13,22,20,27,43,56,75,59,11,12,10,10,10,12,15,19,24,26,30,32,43,39,20,9,2,106,21,0
Samoa,1984,429,76,93,17,8,7,13,21,20,26,42,55,75,59,11,11,10,10,10,11,15,19,23,25,30,33,42,38,21,9,2,101,20,0
Samoa,1985,421,73,88,15,8,7,12,21,20,26,42,55,73,59,10,11,10,10,10,11,15,19,23,25,30,33,40,37,22,8,2,96,19,0
Samoa,1986,413,71,86,15,7,6,12,20,20,25,41,58,75,57,11,10,10,10,10,10,15,19,22,28,30,33,42,36,21,9,2,93,18,0
Samoa,1987,405,68,82,14,7,6,10,20,20,25,39,58,75,56,11,10,10,10,10,10,15,18,21,28,30,32,43,35,21,9,2,89,16,0
Samoa,1988,403,65,79,14,7,5,10,20,20,25,40,58,73,58,11,10,10,10,10,10,15,18,22,28,30,32,41,37,21,9,2,86,15,0
Samoa,1989,401,62,74,12,7,5,10,20,20,24,40,62,71,59,11,10,10,10,10,10,14,18,22,28,34,32,39,37,22,9,2,81,15,0
Samoa,1990,404,60,72,12,7,5,10,20,20,24,40,63,73,60,11,10,10,10,10,10,14,18,22,28,35,35,38,38,22,9,2,79,15,0
Samoa,1991,405,58,70,12,7,5,10,20,20,23,39,66,75,60,11,10,10,10,10,10,13,18,21,28,38,36,39,37,23,9,2,77,15,0
Samoa,1992,396,57,68,11,6,5,9,20,20,23,38,65,75,58,11,10,10,10,10,10,13,17,21,27,38,38,37,35,23,9,2,74,14,0
Samoa,1993,395,56,67,11,6,5,9,20,20,22,37,66,79,60,11,10,10,10,10,10,12,17,20,27,39,42,37,35,25,9,2,73,14,0
Samoa,1994,395,55,66,11,6,5,9,20,20,22,36,65,81,59,12,10,10,10,10,10,12,16,20,27,38,44,37,34,25,10,2,72,14,0
Samoa,1995,395,53,64,11,6,5,8,17,20,22,36,64,84,60,13,10,7,10,10,10,12,16,20,27,37,46,38,34,26,11,2,70,13,0
Samoa,1996,395,52,62,10,6,5,8,14,20,21,36,62,90,60,13,9,5,10,10,10,11,16,20,26,36,49,41,34,26,11,2,68,13,0
Samoa,1997,395,50,60,10,6,5,7,14,19,21,36,62,93,59,13,9,5,9,10,10,11,15,21,26,36,49,44,34,25,11,2,66,12,0
Samoa,1998,395,48,58,10,5,5,6,13,18,22,36,60,98,60,13,8,5,8,10,10,12,15,21,26,34,50,48,34,26,11,2,63,11,0
Samoa,1999,395,46,56,10,5,5,5,10,17,22,36,60,99,60,14,5,5,7,10,10,12,15,21,26,34,48,51,35,25,11,3,61,10,0
Samoa,2000,395,45,54,9,5,5,5,10,16,23,34,60,102,63,14,5,5,6,10,10,13,15,19,26,34,48,54,37,26,11,3,59,10,0
Samoa,2001,396,43,52,9,5,5,5,10,16,23,34,60,104,66,15,5,5,6,10,10,13,15,19,26,34,47,57,40,26,12,3,57,10,0
Samoa,2002,396,42,51,9,5,5,5,10,15,23,34,59,104,68,15,5,5,5,10,10,13,15,19,25,34,46,58,42,26,12,3,56,10,0
Samoa,2003,405,40,48,8,5,5,5,10,14,23,33,59,105,76,17,5,5,5,9,10,13,15,18,26,33,46,59,47,29,14,3,53,10,0
Samoa,2004,413,40,48,8,5,5,5,10,14,24,33,59,102,84,21,5,5,5,9,10,14,15,18,25,34,44,58,52,32,17,4,53,10,0
Samoa,2005,427,40,49,9,5,5,5,10,14,24,34,60,100,92,25,5,5,5,9,10,14,15,19,25,35,44,56,56,36,19,6,54,10,0
Samoa,2006,430,39,47,8,5,5,5,10,13,24,37,60,100,99,27,5,5,5,8,10,14,17,20,24,36,44,56,59,40,21,6,52,10,0
Samoa,2007,440,39,47,8,5,5,5,10,12,24,38,60,100,105,31,5,5,5,7,10,14,18,20,24,36,45,55,60,45,24,7,52,10,1
Samoa,2008,447,40,48,8,5,5,5,10,12,25,38,60,102,108,29,5,5,5,7,10,15,18,20,24,36,46,56,60,48,22,7,53,10,1
Samoa,2009,539,47,67,20,15,10,10,20,20,34,47,66,107,114,29,10,10,10,10,15,19,22,25,27,39,49,58,65,49,22,7,82,20,1
Samoa,2010,461,42,50,8,5,5,5,10,14,25,39,59,105,117,28,5,5,5,9,10,15,19,20,23,36,48,57,65,52,21,7,55,10,1
Samoa,2011,472,42,50,8,5,5,5,10,15,25,42,61,108,119,29,5,5,5,10,10,15,19,23,25,36,51,57,65,54,22,7,55,10,1
Samoa,2012,483,43,52,9,5,5,5,10,15,25,43,61,110,120,29,5,5,5,10,10,15,20,23,26,35,51,59,65,55,22,7,57,10,1
Samoa,2013,479,42,50,8,5,5,5,10,14,25,44,60,110,119,30,5,5,5,9,10,15,20,24,26,34,50,60,65,54,24,6,55,10,1
Samoa,2014,481,42,50,8,5,5,5,10,14,24,45,63,110,118,32,5,5,5,9,10,14,20,25,29,34,50,60,65,53,26,6,55,10,1
Samoa,2015,484,41,49,8,5,5,5,10,14,24,45,65,112,116,33,5,5,5,9,10,14,20,25,30,35,49,63,64,52,27,6,54,10,1
Samoa,2016,487,40,48,8,5,5,5,10,14,25,47,67,111,114,32,5,5,5,9,10,15,21,26,31,36,48,63,64,50,25,7,53,10,1
Samoa,2017,491,40,48,8,5,5,5,10,14,26,48,68,110,114,35,5,5,5,9,11,15,22,26,32,36,47,63,64,50,27,8,53,10,1
Samoa,2018,495,39,47,8,5,5,5,10,14,27,49,72,111,116,34,5,5,5,9,12,15,22,27,33,39,47,64,66,50,26,8,52,10,1
Samoa,2019,519,39,50,11,6,5,5,11,16,29,51,75,113,116,34,5,6,6,10,13,16,22,29,35,40,48,65,67,49,26,8,56,10,1
Samoa,2020,502,37,44,7,5,5,5,10,14,27,51,78,110,117,34,5,5,5,9,12,15,22,29,35,43,47,63,67,50,25,9,49,10,1
Samoa,2021,511,36,43,7,5,5,5,10,14,29,50,81,113,120,34,5,5,5,9,12,17,21,29,37,44,50,63,70,50,25,9,48,10,1
San Marino,1950,67,3,3,0,0,0,0,0,0,0,8,10,17,16,4,0,0,0,0,0,0,3,5,5,5,7,10,10,6,4,0,3,0,0
San Marino,1951,67,3,3,0,0,0,0,0,0,0,8,10,19,17,3,0,0,0,0,0,0,3,5,5,5,9,10,10,7,3,0,3,0,0
San Marino,1952,67,3,3,0,0,0,0,0,0,0,7,10,20,17,4,0,0,0,0,0,0,2,5,5,5,10,10,10,7,4,0,3,0,0
San Marino,1953,67,3,3,0,0,0,0,0,0,0,7,11,20,17,4,0,0,0,0,0,0,2,5,5,6,10,10,10,7,4,0,3,0,0
San Marino,1954,68,3,3,0,0,0,0,0,0,0,7,11,20,18,4,0,0,0,0,0,0,2,5,5,6,10,10,10,8,4,0,3,0,0
San Marino,1955,68,2,2,0,0,0,0,0,0,0,7,12,20,18,3,0,0,0,0,0,0,2,5,5,7,10,10,10,8,3,0,2,0,0
San Marino,1956,69,2,2,0,0,0,0,0,0,0,7,12,20,18,3,0,0,0,0,0,0,2,5,5,7,10,10,10,8,3,0,2,0,0
San Marino,1957,69,2,2,0,0,0,0,0,0,0,7,11,20,18,3,0,0,0,0,0,0,2,5,5,6,10,10,10,8,3,0,2,0,0
San Marino,1958,69,2,2,0,0,0,0,0,0,0,7,11,20,18,4,0,0,0,0,0,0,2,5,5,6,10,10,10,8,4,0,2,0,0
San Marino,1959,69,2,2,0,0,0,0,0,0,0,7,11,20,18,4,0,0,0,0,0,0,2,5,5,6,10,10,10,8,4,0,2,0,0
San Marino,1960,69,2,2,0,0,0,0,0,0,0,8,11,20,18,4,0,0,0,0,0,0,3,5,5,6,10,10,10,8,4,0,2,0,0
San Marino,1961,69,2,2,0,0,0,0,0,0,0,9,10,20,17,4,0,0,0,0,0,0,4,5,5,5,10,10,10,7,4,0,2,0,0
San Marino,1962,68,2,2,0,0,0,0,0,0,0,9,11,20,15,4,0,0,0,0,0,0,4,5,5,6,10,10,10,5,4,0,2,0,0
San Marino,1963,63,2,2,0,0,0,0,0,0,0,8,10,20,15,4,0,0,0,0,0,0,3,5,5,5,10,10,10,5,4,0,2,0,0
San Marino,1964,59,2,2,0,0,0,0,0,0,0,6,10,20,16,4,0,0,0,0,0,0,1,5,5,5,10,10,10,6,4,0,2,0,0
San Marino,1965,60,2,2,0,0,0,0,0,0,0,7,10,20,15,2,0,0,0,0,0,0,2,5,5,5,10,10,10,5,2,0,2,0,0
San Marino,1966,61,2,2,0,0,0,0,0,0,0,7,10,20,13,1,0,0,0,0,0,0,2,5,5,5,9,11,9,4,1,0,2,0,0
San Marino,1967,59,2,2,0,0,0,0,0,0,0,4,10,21,14,0,0,0,0,0,0,0,0,4,5,5,9,12,10,4,0,0,2,0,0
San Marino,1968,63,2,2,0,0,0,0,0,0,0,5,10,22,16,0,0,0,0,0,0,0,0,5,5,5,10,12,11,5,0,0,2,0,0
San Marino,1969,65,2,2,0,0,0,0,0,0,0,5,10,22,16,3,0,0,0,0,0,0,0,5,5,5,10,12,11,5,3,0,2,0,0
San Marino,1970,63,2,2,0,0,0,0,0,0,0,4,10,20,17,4,0,0,0,0,0,0,0,4,5,5,9,11,12,5,4,0,2,0,0
San Marino,1971,59,2,2,0,0,0,0,0,0,0,3,10,17,17,3,0,0,0,0,0,0,0,3,5,5,7,10,11,6,3,0,2,0,0
San Marino,1972,60,2,2,0,0,0,0,0,0,0,2,10,18,19,4,0,0,0,0,0,0,0,2,5,5,8,10,12,7,4,0,2,0,0
San Marino,1973,59,2,2,0,0,0,0,0,0,0,1,10,18,18,5,0,0,0,0,0,0,0,1,5,5,7,11,11,7,5,0,2,0,0
San Marino,1974,58,2,2,0,0,0,0,0,0,0,0,10,17,17,5,0,0,0,0,0,0,0,0,5,5,7,10,10,7,5,0,2,0,0
San Marino,1975,61,2,2,0,0,0,0,0,0,0,1,10,18,19,5,0,0,0,0,0,0,0,1,5,5,8,10,11,8,5,0,2,0,0
San Marino,1976,67,1,1,0,0,0,0,0,0,0,3,10,21,22,5,0,0,0,0,0,0,0,3,5,5,9,12,13,9,5,0,1,0,0
San Marino,1977,70,1,1,0,0,0,0,0,0,0,5,10,20,23,5,0,0,0,0,0,0,0,5,5,5,8,12,14,9,5,0,1,0,0
San Marino,1978,73,1,1,0,0,0,0,0,0,0,4,11,22,26,6,0,0,0,0,0,0,0,4,5,6,10,12,16,10,5,1,1,0,0
San Marino,1979,74,1,1,0,0,0,0,0,0,0,4,11,21,26,7,0,0,0,0,0,0,0,4,5,6,10,11,15,11,6,1,1,0,0
San Marino,1980,75,1,1,0,0,0,0,0,0,0,3,11,21,26,8,0,0,0,0,0,0,0,3,5,6,10,11,14,12,7,1,1,0,0
San Marino,1981,74,1,1,0,0,0,0,0,0,0,2,11,20,26,8,0,0,0,0,0,0,0,2,5,6,10,10,14,12,7,1,1,0,0
San Marino,1982,73,1,1,0,0,0,0,0,0,0,1,10,20,25,8,0,0,0,0,0,0,0,1,5,5,10,10,12,13,7,1,1,0,0
San Marino,1983,73,1,1,0,0,0,0,0,0,0,0,11,21,23,8,0,0,0,0,0,0,0,0,5,6,9,12,11,12,7,1,1,0,0
San Marino,1984,75,1,1,0,0,0,0,0,0,0,2,10,22,27,9,0,0,0,0,0,0,0,2,5,5,10,12,15,12,7,2,1,0,0
San Marino,1985,74,1,1,0,0,0,0,0,0,0,1,10,21,27,9,0,0,0,0,0,0,0,1,5,5,9,12,15,12,7,2,1,0,0
San Marino,1986,81,1,1,0,0,0,0,0,0,0,1,10,24,30,10,0,0,0,0,0,0,0,1,5,5,9,15,16,14,8,2,1,0,0
San Marino,1987,87,1,1,0,0,0,0,0,0,0,1,11,24,31,11,0,0,0,0,0,0,0,1,5,6,9,15,16,15,9,2,1,0,0
San Marino,1988,88,1,1,0,0,0,0,0,0,0,2,12,27,32,11,0,0,0,0,0,0,0,2,5,7,10,17,18,14,9,2,1,0,0
San Marino,1989,89,1,1,0,0,0,0,0,0,0,1,12,27,33,12,0,0,0,0,0,0,0,1,5,7,10,17,19,14,9,3,1,0,0
San Marino,1990,89,1,1,0,0,0,0,0,0,0,1,12,26,34,12,0,0,0,0,0,0,0,1,5,7,10,16,20,14,9,3,1,0,0
San Marino,1991,95,1,1,0,0,0,0,0,0,0,1,12,25,35,13,0,0,0,0,0,0,0,1,5,7,10,15,20,15,10,3,1,0,0
San Marino,1992,99,1,1,0,0,0,0,0,0,0,1,11,26,39,14,0,0,0,0,0,0,0,1,5,6,11,15,21,18,10,4,1,0,0
San Marino,1993,101,1,1,0,0,0,0,0,0,0,2,10,26,40,15,0,0,0,0,0,0,0,2,5,5,12,14,22,18,11,4,1,0,0
San Marino,1994,100,1,1,0,0,0,0,0,0,0,2,10,27,41,17,0,0,0,0,0,0,0,2,5,5,12,15,22,19,12,5,1,0,0
San Marino,1995,102,1,1,0,0,0,0,0,0,0,1,10,26,39,19,0,0,0,0,0,0,0,1,5,5,11,15,21,18,13,6,1,0,1
San Marino,1996,110,1,1,0,0,0,0,0,0,0,1,10,27,45,20,0,0,0,0,0,0,0,1,5,5,11,16,22,23,14,6,1,0,1
San Marino,1997,105,1,1,0,0,0,0,0,0,0,1,10,26,41,22,0,0,0,0,0,0,0,1,5,5,11,15,20,21,15,7,1,0,1
San Marino,1998,108,1,1,0,0,0,0,0,0,0,1,10,28,40,24,0,0,0,0,0,0,0,1,5,5,10,18,20,20,17,7,1,0,1
San Marino,1999,114,1,1,0,0,0,0,0,0,0,1,11,28,43,26,0,0,0,0,0,0,0,1,5,6,10,18,21,22,18,8,1,0,1
San Marino,2000,121,1,1,0,0,0,0,0,0,0,3,11,28,46,26,0,0,0,0,0,0,0,3,5,6,10,18,22,24,18,8,1,0,1
San Marino,2001,123,1,1,0,0,0,0,0,0,0,3,11,28,48,29,0,0,0,0,0,0,0,3,5,6,11,17,24,24,20,9,1,0,1
San Marino,2002,127,1,1,0,0,0,0,0,0,0,5,11,29,49,28,0,0,0,0,0,0,0,5,5,6,11,18,24,25,19,9,1,0,1
San Marino,2003,133,1,1,0,0,0,0,0,0,0,6,12,28,50,30,0,0,0,0,0,0,1,5,5,7,11,17,25,25,20,10,1,0,2
San Marino,2004,135,1,1,0,0,0,0,0,0,0,6,11,29,53,29,0,0,0,0,0,0,1,5,5,6,12,17,28,25,19,10,1,0,2
San Marino,2005,136,0,0,0,0,0,0,0,0,0,5,11,28,53,31,0,0,0,0,0,0,0,5,5,6,11,17,27,26,20,11,0,0,2
San Marino,2006,132,0,0,0,0,0,0,0,0,0,5,11,27,53,31,0,0,0,0,0,0,0,5,5,6,10,17,26,27,20,11,0,0,2
San Marino,2007,126,0,0,0,0,0,0,0,0,0,4,10,27,49,32,0,0,0,0,0,0,0,4,5,5,10,17,23,26,21,11,0,0,2
San Marino,2008,134,1,1,0,0,0,0,0,0,0,3,10,27,54,36,0,0,0,0,0,0,0,3,5,5,10,17,24,30,24,12,1,0,2
San Marino,2009,144,0,0,0,0,0,0,0,0,0,2,10,27,57,43,0,0,0,0,0,0,0,2,5,5,10,17,25,32,28,15,0,0,3
San Marino,2010,147,0,0,0,0,0,0,0,0,0,2,10,27,58,44,0,0,0,0,0,0,0,2,5,5,10,17,25,33,29,15,0,0,3
San Marino,2011,152,0,0,0,0,0,0,0,0,0,2,10,26,60,45,0,0,0,0,0,0,0,2,5,5,10,16,26,34,30,15,0,0,3
San Marino,2012,157,0,0,0,0,0,0,0,0,0,4,10,27,63,46,0,0,0,0,0,0,0,4,5,5,10,17,28,35,30,16,0,0,3
San Marino,2013,174,0,0,0,0,0,0,0,0,0,4,11,30,72,49,0,0,0,0,0,0,0,4,5,6,11,19,32,40,33,16,0,0,3
San Marino,2014,162,0,0,0,0,0,0,0,0,0,5,10,27,66,47,0,0,0,0,0,0,1,4,5,5,10,17,28,38,31,16,0,0,3
San Marino,2015,166,0,0,0,0,0,0,0,0,0,6,12,27,67,50,0,0,0,0,0,0,1,5,5,7,10,17,28,39,33,17,0,0,3
San Marino,2016,170,0,0,0,0,0,0,0,0,0,8,12,28,67,50,0,0,0,0,0,0,3,5,5,7,10,18,27,40,33,17,0,0,3
San Marino,2017,174,0,0,0,0,0,0,0,0,0,8,12,29,70,53,0,0,0,0,0,0,3,5,5,7,12,17,28,42,35,18,0,0,3
San Marino,2018,174,0,0,0,0,0,0,0,0,0,8,12,28,70,50,0,0,0,0,0,0,3,5,5,7,11,17,29,41,33,17,0,0,4
San Marino,2019,173,0,0,0,0,0,0,0,0,0,8,12,27,68,52,0,0,0,0,0,0,3,5,5,7,10,17,29,39,35,17,0,0,4
San Marino,2020,201,0,0,0,0,0,0,0,0,2,10,19,38,74,54,0,0,0,0,0,2,5,5,9,10,16,22,32,42,37,17,0,0,4
San Marino,2021,184,0,0,0,0,0,0,0,0,0,10,16,32,64,53,0,0,0,0,0,0,5,5,6,10,14,18,28,36,37,16,0,0,4
Sao Tome and Principe,1950,728,222,378,156,30,11,11,48,42,30,30,40,58,47,3,23,25,22,20,15,15,15,15,19,21,28,30,34,13,3,0,408,22,0
Sao Tome and Principe,1951,739,227,388,161,33,11,10,46,43,31,31,40,58,46,3,21,25,23,20,16,15,15,16,20,20,28,30,31,15,3,0,421,21,0
Sao Tome and Principe,1952,739,223,386,163,32,12,10,43,43,31,32,40,56,45,3,18,25,23,20,16,15,15,17,20,20,27,29,29,16,3,0,418,22,0
Sao Tome and Principe,1953,736,219,382,163,33,15,13,42,44,32,34,40,54,43,3,17,25,24,20,17,15,15,19,20,20,26,28,25,18,3,0,415,28,0
Sao Tome and Principe,1954,734,217,380,163,33,15,15,42,45,33,35,41,51,43,4,17,25,25,20,18,15,15,20,20,21,25,26,25,18,4,0,413,30,0
Sao Tome and Principe,1955,742,220,385,165,32,15,15,40,45,33,35,45,50,39,5,16,24,25,20,18,15,15,20,23,22,25,25,22,17,5,0,417,30,0
Sao Tome and Principe,1956,793,226,398,172,36,16,21,50,52,37,39,50,50,39,5,22,28,29,23,20,17,18,21,25,25,25,25,22,17,5,0,434,37,0
Sao Tome and Principe,1957,785,238,418,180,34,15,18,43,46,34,34,50,50,35,6,20,23,25,21,19,15,15,19,25,25,25,25,21,14,6,0,452,33,0
Sao Tome and Principe,1958,754,233,400,167,30,11,16,43,43,33,33,50,50,33,7,22,21,23,20,18,15,15,18,25,25,25,25,20,13,7,0,430,27,0
Sao Tome and Principe,1959,718,222,371,149,29,11,14,44,40,31,33,50,51,31,7,24,20,20,20,16,15,15,18,25,25,27,24,19,12,7,0,400,25,0
Sao Tome and Principe,1960,683,211,345,134,26,10,12,45,39,30,32,49,54,31,6,23,22,20,19,15,15,15,17,24,25,30,24,19,12,6,0,371,22,0
Sao Tome and Principe,1961,649,198,316,118,25,10,10,46,38,30,32,54,56,31,5,21,25,20,18,15,15,15,17,25,29,30,26,19,12,5,0,341,20,0
Sao Tome and Principe,1962,622,186,294,108,24,10,10,36,36,30,32,53,57,30,5,16,20,20,16,15,15,15,17,23,30,30,27,18,12,5,0,318,20,0
Sao Tome and Principe,1963,636,170,271,101,28,12,10,44,43,33,39,56,61,29,5,19,25,23,20,18,15,19,20,26,30,32,29,19,10,5,0,299,22,0
Sao Tome and Principe,1964,620,154,245,91,29,15,15,42,43,34,40,59,66,30,5,17,25,23,20,19,15,20,20,26,33,35,31,20,10,5,0,274,30,0
Sao Tome and Principe,1965,576,144,228,84,26,12,13,32,36,30,38,56,67,31,4,13,19,20,16,15,15,18,20,24,32,35,32,21,10,4,0,254,25,0
Sao Tome and Principe,1966,525,142,226,84,21,10,10,22,30,28,33,51,67,32,4,10,12,15,15,15,13,15,18,22,29,35,32,22,10,4,0,247,20,0
Sao Tome and Principe,1967,491,137,217,80,17,10,10,17,20,20,30,48,68,33,4,7,10,10,10,10,10,14,16,21,27,35,33,23,10,4,0,234,20,0
Sao Tome and Principe,1968,483,136,213,77,17,10,10,13,20,20,28,48,69,35,4,6,7,10,10,10,10,13,15,21,27,34,35,25,10,4,0,230,20,0
Sao Tome and Principe,1969,489,135,211,76,16,10,10,18,20,20,29,49,74,38,4,10,8,10,10,10,10,13,16,22,27,37,37,27,11,4,0,227,20,0
Sao Tome and Principe,1970,470,134,207,73,14,5,5,10,10,19,26,48,74,40,4,5,5,5,5,9,10,11,15,21,27,35,39,29,11,4,0,221,10,0
Sao Tome and Principe,1971,459,126,194,68,14,5,8,10,10,18,26,48,74,41,4,5,5,5,5,8,10,11,15,21,27,35,39,29,12,4,0,208,13,0
Sao Tome and Principe,1972,463,124,186,62,14,5,9,14,10,20,27,49,76,45,3,9,5,5,5,10,10,12,15,22,27,36,40,31,14,3,0,200,14,0
Sao Tome and Principe,1973,462,121,177,56,15,6,10,15,11,20,29,50,77,47,3,10,5,5,6,10,10,13,16,22,28,37,40,33,14,3,0,192,16,0
Sao Tome and Principe,1974,476,122,178,56,16,10,10,18,14,20,30,52,80,50,3,10,8,5,9,10,10,14,16,22,30,38,42,34,16,3,0,194,20,0
Sao Tome and Principe,1975,489,122,177,55,16,10,10,20,15,20,32,53,84,53,4,10,10,5,10,10,10,15,17,23,30,39,45,36,17,4,0,193,20,0
Sao Tome and Principe,1976,494,123,176,53,16,10,10,20,17,21,33,53,84,55,5,10,10,7,10,10,11,15,18,23,30,39,45,37,18,5,0,192,20,0
Sao Tome and Principe,1977,504,125,179,54,15,10,10,20,18,21,33,55,86,56,5,10,10,8,10,10,11,15,18,23,32,41,45,38,18,5,0,194,20,0
Sao Tome and Principe,1978,509,129,184,55,15,10,10,20,16,21,33,55,86,57,5,10,10,7,9,10,11,15,18,23,32,41,45,38,19,5,0,199,20,0
Sao Tome and Principe,1979,523,136,194,58,15,10,10,20,16,21,33,56,87,60,6,10,10,8,8,10,11,15,18,24,32,42,45,39,21,6,0,209,20,0
Sao Tome and Principe,1980,535,141,203,62,15,10,10,20,15,21,34,56,87,61,7,10,10,8,7,10,11,15,19,24,32,42,45,40,21,7,0,218,20,0
Sao Tome and Principe,1981,556,149,217,68,15,10,10,20,13,21,34,56,93,62,7,10,10,6,7,10,11,15,19,24,32,43,50,40,22,7,0,232,20,0
Sao Tome and Principe,1982,568,154,226,72,15,9,10,19,11,21,34,58,94,64,7,10,9,5,6,10,11,15,19,25,33,44,50,42,22,7,0,241,19,0
Sao Tome and Principe,1983,578,160,237,77,16,8,10,17,10,21,33,57,94,67,7,10,7,5,5,10,11,15,18,25,32,44,50,44,23,7,0,253,18,0
Sao Tome and Principe,1984,580,165,244,79,16,7,10,14,10,19,33,57,93,67,8,9,5,5,5,9,10,15,18,25,32,43,50,44,23,7,1,260,17,0
Sao Tome and Principe,1985,592,162,238,76,17,10,10,20,20,21,35,60,93,69,9,10,10,10,10,10,11,15,20,27,33,43,50,45,24,8,1,255,20,0
Sao Tome and Principe,1986,661,166,255,89,26,15,15,25,20,24,40,63,96,71,10,15,10,10,10,10,14,18,22,28,35,45,51,46,25,9,1,281,30,0
Sao Tome and Principe,1987,570,156,224,68,16,8,10,20,20,20,34,60,91,70,10,10,10,10,10,10,10,15,19,27,33,42,49,45,25,9,1,240,18,0
Sao Tome and Principe,1988,565,156,222,66,15,7,10,20,20,20,34,60,89,68,10,10,10,10,10,10,10,15,19,27,33,42,47,43,25,9,1,237,17,0
Sao Tome and Principe,1989,604,160,233,73,18,10,10,20,20,21,37,63,93,70,10,10,10,10,10,10,11,16,21,28,35,43,50,45,25,9,1,251,20,0
Sao Tome and Principe,1990,572,157,222,65,15,10,10,20,20,20,33,61,88,69,10,10,10,10,10,10,10,14,19,27,34,43,45,43,26,9,1,237,20,0
Sao Tome and Principe,1991,581,161,227,66,15,10,10,20,20,20,33,63,88,69,10,10,10,10,10,10,10,14,19,28,35,43,45,43,26,9,1,242,20,0
Sao Tome and Principe,1992,591,163,231,68,16,10,10,20,20,20,33,65,93,69,10,10,10,10,10,10,10,14,19,28,37,44,49,42,27,9,1,247,20,0
Sao Tome and Principe,1993,601,164,233,69,16,10,10,20,20,20,34,65,97,68,10,10,10,10,10,10,10,14,20,28,37,47,50,41,27,9,1,249,20,0
Sao Tome and Principe,1994,611,165,234,69,16,10,10,20,20,20,34,67,98,69,10,10,10,10,10,10,10,14,20,28,39,48,50,42,27,9,1,250,20,0
Sao Tome and Principe,1995,619,164,231,67,16,10,10,20,20,20,34,68,102,70,10,10,10,10,10,10,10,14,20,29,39,49,53,43,27,9,1,247,20,0
Sao Tome and Principe,1996,625,161,224,63,17,10,13,20,20,20,35,69,105,70,11,10,10,10,10,10,10,15,20,30,39,51,54,44,26,9,2,241,23,0
Sao Tome and Principe,1997,629,157,216,59,17,10,15,22,23,28,36,71,107,71,11,12,10,10,13,13,15,15,21,30,41,52,55,45,26,9,2,233,25,0
Sao Tome and Principe,1998,632,152,206,54,17,10,15,27,30,30,35,72,110,73,11,15,12,15,15,15,15,15,20,31,41,54,56,47,26,9,2,223,25,0
Sao Tome and Principe,1999,636,147,198,51,17,11,15,30,30,30,36,72,113,74,11,15,15,15,15,15,15,15,21,31,41,54,59,48,26,9,2,215,26,0
Sao Tome and Principe,2000,640,142,189,47,17,11,18,32,30,30,36,72,114,75,11,17,15,15,15,15,15,15,21,31,41,54,60,49,26,9,2,206,29,0
Sao Tome and Principe,2001,635,137,177,40,17,11,18,34,30,30,35,73,113,75,11,19,15,15,15,15,15,15,20,31,42,53,60,49,26,9,2,194,29,0
Sao Tome and Principe,2002,625,135,174,39,16,11,18,34,30,30,36,70,111,77,11,19,15,15,15,15,15,15,21,30,40,51,60,50,27,9,2,190,29,0
Sao Tome and Principe,2003,616,128,165,37,14,10,17,34,30,31,40,70,112,79,11,19,15,15,15,15,16,20,20,29,41,52,60,51,28,9,2,179,27,0
Sao Tome and Principe,2004,597,121,156,35,14,10,16,33,30,30,40,70,111,82,11,18,15,15,15,15,15,20,20,29,41,51,60,52,30,9,2,170,26,0
Sao Tome and Principe,2005,603,115,152,37,14,10,16,35,30,37,40,67,112,84,11,20,15,15,15,17,20,20,20,26,41,52,60,54,30,9,2,166,26,0
Sao Tome and Principe,2006,585,107,136,29,13,10,14,30,30,37,40,65,114,84,12,15,15,15,15,17,20,20,20,26,39,54,60,54,30,10,2,149,24,0
Sao Tome and Principe,2007,588,99,126,27,13,10,16,38,30,38,40,65,114,84,13,20,18,15,15,18,20,20,20,25,40,54,60,54,30,11,2,139,26,0
Sao Tome and Principe,2008,581,93,116,23,14,10,15,39,30,37,40,64,115,83,13,20,19,15,15,17,20,20,20,26,38,54,61,53,30,11,2,130,25,0
Sao Tome and Principe,2009,580,86,108,22,13,10,17,40,31,38,46,62,117,87,14,20,20,16,15,17,21,21,25,25,37,54,63,55,32,12,2,121,27,0
Sao Tome and Principe,2010,588,80,99,19,13,10,17,40,40,43,50,61,117,91,14,20,20,20,20,20,23,25,25,25,36,53,64,56,35,12,2,112,27,0
Sao Tome and Principe,2011,615,75,92,17,14,11,20,46,41,44,54,63,119,95,14,22,24,21,20,20,24,25,29,27,36,53,66,60,35,12,2,106,31,0
Sao Tome and Principe,2012,578,69,84,15,12,10,17,40,40,43,53,59,115,95,14,20,20,20,20,20,23,25,28,26,33,51,64,60,35,12,2,96,27,0
Sao Tome and Principe,2013,574,64,77,13,12,10,17,40,40,42,54,60,113,97,14,20,20,20,20,20,22,26,28,28,32,49,64,62,35,12,2,89,27,0
Sao Tome and Principe,2014,555,58,71,13,11,10,15,30,40,41,53,61,111,99,15,15,15,20,20,20,21,26,27,30,31,47,64,64,35,13,2,82,25,0
Sao Tome and Principe,2015,556,52,63,11,10,10,17,31,40,41,57,61,109,100,18,16,15,20,20,20,21,27,30,30,31,45,64,64,36,15,3,73,27,0
Sao Tome and Principe,2016,559,47,58,11,10,10,17,31,39,43,57,61,108,105,19,16,15,19,20,20,23,27,30,30,31,44,64,66,39,16,3,68,27,0
Sao Tome and Principe,2017,535,43,51,8,10,10,14,30,36,40,56,61,104,108,19,15,15,16,20,20,20,26,30,30,31,41,63,66,42,16,3,61,24,0
Sao Tome and Principe,2018,545,39,47,8,10,10,17,30,36,43,56,66,101,110,19,15,15,16,20,20,23,26,30,31,35,39,62,67,43,16,3,57,27,0
Sao Tome and Principe,2019,552,37,45,8,10,10,17,31,36,43,59,68,99,111,20,16,15,16,20,20,23,26,33,33,35,39,60,67,44,17,3,55,27,0
Sao Tome and Principe,2020,598,35,43,8,9,9,18,31,35,49,67,84,111,126,24,16,15,15,20,24,25,30,37,40,44,46,65,75,51,20,4,52,27,0
Sao Tome and Principe,2021,632,34,42,8,10,9,18,32,38,52,70,93,113,135,26,17,15,16,22,25,27,31,39,45,48,50,63,79,56,21,5,52,27,0
Saudi Arabia,1950,36151,15336,24208,8872,1306,580,566,1178,1147,1157,1410,2041,1952,538,71,599,579,577,570,585,572,660,750,967,1074,1112,840,348,190,60,11,25514,1146,2
Saudi Arabia,1951,37392,15825,25027,9202,1343,593,581,1213,1178,1183,1442,2105,2067,584,74,617,596,594,584,596,587,675,767,992,1113,1162,905,407,177,63,11,26370,1174,2
Saudi Arabia,1952,38076,15955,25350,9395,1362,600,593,1242,1200,1202,1470,2162,2172,642,78,631,611,606,594,605,597,687,783,1016,1146,1211,961,476,166,66,12,26712,1193,2
Saudi Arabia,1953,38586,16090,25590,9500,1358,601,597,1252,1213,1213,1491,2210,2267,708,83,636,616,612,601,610,603,696,795,1035,1175,1253,1014,549,159,70,13,26948,1198,2
Saudi Arabia,1954,38961,16209,25761,9552,1352,599,594,1249,1213,1214,1505,2252,2359,780,81,633,616,612,601,610,604,702,803,1052,1200,1297,1062,610,170,68,13,27113,1193,1
Saudi Arabia,1955,39446,16334,25895,9561,1386,607,600,1265,1233,1230,1528,2301,2457,863,78,640,625,622,611,617,613,711,817,1072,1229,1344,1113,667,196,65,13,27281,1207,1
Saudi Arabia,1956,39830,16445,25990,9545,1414,610,601,1269,1242,1240,1547,2347,2547,945,74,641,628,626,616,622,618,720,827,1089,1258,1387,1160,716,229,61,13,27404,1211,1
Saudi Arabia,1957,40212,16565,26082,9517,1438,616,603,1279,1254,1251,1564,2394,2636,1029,71,646,633,632,622,627,624,727,837,1108,1286,1426,1210,761,268,57,14,27520,1219,1
Saudi Arabia,1958,40616,16691,26181,9490,1464,619,606,1287,1268,1265,1586,2436,2723,1108,70,649,638,639,629,636,629,736,850,1123,1313,1466,1257,802,306,56,14,27645,1225,1
Saudi Arabia,1959,41091,16810,26268,9458,1499,630,618,1309,1296,1289,1617,2490,2815,1184,76,660,649,652,644,649,640,750,867,1145,1345,1509,1306,843,341,61,15,27767,1248,1
Saudi Arabia,1960,41393,16950,26334,9384,1505,638,623,1312,1306,1300,1630,2520,2890,1249,83,661,651,657,649,655,645,755,875,1155,1365,1541,1349,880,369,70,13,27839,1261,1
Saudi Arabia,1961,41825,17112,26467,9355,1512,649,631,1321,1322,1320,1651,2567,2972,1316,95,664,657,663,659,665,655,763,888,1174,1393,1578,1394,919,397,83,12,27979,1280,1
Saudi Arabia,1962,42131,17290,26616,9326,1500,650,626,1306,1320,1325,1658,2595,3046,1379,109,655,651,662,658,666,659,766,892,1184,1411,1611,1435,957,422,97,12,28116,1276,2
Saudi Arabia,1963,42681,17502,26796,9294,1513,669,636,1331,1347,1355,1686,2646,3134,1443,121,667,664,674,673,681,674,778,908,1206,1440,1652,1482,998,445,110,11,28309,1305,2
Saudi Arabia,1964,43207,17737,26994,9257,1519,685,643,1349,1372,1383,1713,2692,3218,1505,136,676,673,684,688,695,688,791,922,1225,1467,1692,1526,1038,467,123,13,28513,1328,2
Saudi Arabia,1965,43705,17892,27096,9204,1531,697,660,1381,1405,1416,1746,2743,3306,1571,148,693,688,701,704,712,704,807,939,1248,1495,1733,1573,1079,492,133,15,28627,1357,1
Saudi Arabia,1966,44001,18011,27126,9115,1523,696,668,1390,1421,1443,1772,2783,3386,1632,160,698,692,707,714,725,718,820,952,1264,1519,1770,1616,1118,514,142,18,28649,1364,1
Saudi Arabia,1967,44238,18110,27080,8970,1516,696,681,1400,1440,1470,1798,2825,3467,1693,172,705,695,715,725,737,733,834,964,1281,1544,1806,1661,1156,537,151,21,28596,1377,1
Saudi Arabia,1968,44224,18099,26883,8784,1493,687,686,1393,1442,1488,1820,2861,3539,1754,182,700,693,715,727,745,743,846,974,1295,1566,1836,1703,1194,560,159,23,28376,1373,1
Saudi Arabia,1969,44171,18017,26589,8572,1470,678,692,1389,1451,1513,1850,2904,3623,1818,194,696,693,716,735,756,757,861,989,1311,1593,1872,1751,1234,584,168,26,28059,1370,1
Saudi Arabia,1970,44056,17905,26184,8279,1456,672,699,1408,1470,1545,1885,2950,3703,1878,205,706,702,724,746,771,774,880,1005,1329,1621,1907,1796,1271,607,176,29,27640,1371,2
Saudi Arabia,1971,43668,17755,25714,7959,1409,651,682,1393,1460,1557,1903,2973,3772,1938,214,698,695,717,743,773,784,889,1014,1335,1638,1936,1836,1307,631,184,30,27123,1333,2
Saudi Arabia,1972,43343,17604,25224,7620,1372,636,671,1395,1463,1578,1931,3006,3845,1997,223,700,695,716,747,781,797,903,1028,1349,1657,1967,1878,1346,651,192,31,26596,1307,2
Saudi Arabia,1973,42784,17379,24611,7232,1317,611,652,1379,1455,1588,1952,3025,3906,2053,233,695,684,711,744,782,806,912,1040,1354,1671,1992,1914,1380,673,199,34,25928,1263,3
Saudi Arabia,1974,42399,17147,24033,6886,1274,594,639,1381,1465,1615,1988,3061,3986,2118,242,697,684,713,752,793,822,931,1057,1368,1693,2027,1959,1422,696,207,35,25307,1233,3
Saudi Arabia,1975,42117,16971,23571,6600,1233,578,624,1373,1469,1639,2023,3098,4066,2183,254,689,684,715,754,801,838,947,1076,1385,1713,2062,2004,1465,718,217,37,24804,1202,3
Saudi Arabia,1976,41457,16583,22875,6292,1196,564,607,1320,1421,1618,2028,3128,4170,2260,266,660,660,690,731,787,831,947,1081,1393,1735,2107,2063,1514,746,227,39,24071,1171,3
Saudi Arabia,1977,40661,15979,21910,5931,1169,561,606,1299,1399,1616,2049,3163,4277,2334,276,648,651,679,720,781,835,956,1093,1406,1757,2153,2124,1562,772,235,41,23079,1167,3
Saudi Arabia,1978,39489,15465,21007,5542,1100,534,574,1220,1314,1557,2009,3141,4343,2401,287,606,614,635,679,747,810,935,1074,1392,1749,2170,2173,1603,798,244,43,22107,1108,4
Saudi Arabia,1979,38881,14996,20182,5186,1071,531,578,1217,1302,1555,2025,3174,4455,2487,300,603,614,628,674,743,812,939,1086,1404,1770,2210,2245,1659,828,254,46,21253,1109,4
Saudi Arabia,1980,37811,14509,19354,4845,1000,501,546,1137,1228,1495,1984,3149,4525,2574,311,564,573,592,636,708,787,918,1066,1389,1760,2225,2300,1716,858,265,46,20354,1047,4
Saudi Arabia,1981,37178,14051,18588,4537,964,492,545,1121,1212,1479,1983,3164,4621,2683,324,559,562,584,628,696,783,916,1067,1393,1771,2255,2366,1790,893,276,48,19552,1037,4
Saudi Arabia,1982,36611,13576,17834,4258,927,483,543,1112,1204,1471,1987,3185,4721,2802,341,556,556,581,623,688,783,917,1070,1401,1784,2284,2437,1873,929,289,52,18761,1026,5
Saudi Arabia,1983,35876,13094,17059,3965,885,469,533,1092,1187,1448,1974,3177,4777,2912,355,546,546,575,612,676,772,909,1065,1394,1783,2291,2486,1947,965,301,54,17944,1002,5
Saudi Arabia,1984,35241,12593,16288,3695,852,457,530,1086,1181,1436,1969,3183,4842,3040,372,545,541,572,609,669,767,908,1061,1393,1790,2302,2540,2031,1009,315,57,17140,987,5
Saudi Arabia,1985,34580,12066,15514,3448,818,444,524,1074,1176,1426,1964,3179,4892,3171,390,538,536,568,608,666,760,906,1058,1386,1793,2307,2585,2111,1060,331,59,16332,968,5
Saudi Arabia,1986,33961,11518,14724,3206,790,433,521,1074,1185,1429,1965,3181,4936,3306,409,538,536,571,614,670,759,907,1058,1383,1798,2313,2623,2189,1117,347,62,15514,954,6
Saudi Arabia,1987,33264,10929,13899,2970,761,420,517,1070,1193,1431,1968,3173,4959,3440,429,535,535,571,622,674,757,908,1060,1376,1797,2313,2646,2263,1177,365,64,14660,937,6
Saudi Arabia,1988,32586,10360,13105,2745,733,410,511,1066,1201,1440,1968,3160,4968,3570,454,531,535,572,629,681,759,908,1060,1368,1792,2310,2658,2329,1241,384,70,13838,921,6
Saudi Arabia,1989,31819,9778,12310,2532,698,397,499,1048,1203,1446,1956,3129,4955,3689,479,521,527,571,632,687,759,899,1057,1352,1777,2302,2653,2384,1305,406,73,13008,896,7
Saudi Arabia,1990,31524,9184,11507,2323,697,410,522,1104,1276,1524,2008,3159,4981,3819,509,547,557,604,672,730,794,922,1086,1370,1789,2319,2662,2444,1375,433,76,12204,932,7
Saudi Arabia,1991,30715,8624,10754,2130,664,400,504,1079,1275,1540,1993,3114,4933,3906,541,533,546,600,675,739,801,913,1080,1353,1761,2298,2635,2469,1437,459,82,11418,904,7
Saudi Arabia,1992,29876,8064,10003,1939,627,388,485,1048,1264,1560,1979,3066,4880,3985,581,517,531,591,673,748,812,907,1072,1337,1729,2272,2608,2482,1503,493,88,10630,873,8
Saudi Arabia,1993,29621,7550,9310,1760,618,399,507,1090,1325,1646,2036,3105,4889,4067,619,538,552,617,708,790,856,938,1098,1367,1738,2278,2611,2499,1568,527,92,9928,906,8
Saudi Arabia,1994,29021,7122,8739,1617,573,377,502,1069,1275,1613,2036,3133,4906,4123,664,530,539,593,682,765,848,945,1091,1390,1743,2280,2626,2495,1628,564,100,9312,879,9
Saudi Arabia,1995,29209,6679,8177,1498,570,389,555,1186,1345,1664,2129,3268,5006,4200,710,590,596,634,711,790,874,996,1133,1461,1807,2323,2683,2513,1687,602,108,8747,944,10
Saudi Arabia,1996,28834,6285,7677,1392,539,370,546,1189,1334,1648,2143,3323,5044,4250,758,591,598,633,701,782,866,999,1144,1477,1846,2326,2718,2519,1731,640,118,8216,916,10
Saudi Arabia,1997,29013,5948,7238,1290,536,373,571,1277,1409,1699,2214,3435,5126,4319,808,631,646,676,733,810,889,1020,1194,1508,1927,2357,2769,2549,1770,680,128,7774,944,11
Saudi Arabia,1998,29257,5650,6848,1198,537,375,585,1366,1493,1745,2275,3547,5218,4397,857,672,694,725,768,835,910,1026,1249,1529,2018,2399,2819,2596,1801,719,138,7385,960,12
Saudi Arabia,1999,28747,5380,6498,1118,504,349,536,1307,1468,1692,2219,3549,5245,4461,907,635,672,716,752,810,882,978,1241,1500,2049,2418,2827,2639,1822,757,150,7002,885,13
Saudi Arabia,2000,28714,5134,6186,1052,493,345,518,1309,1515,1706,2196,3590,5332,4550,956,626,683,740,775,819,887,956,1240,1508,2082,2490,2842,2701,1849,794,162,6679,863,15
Saudi Arabia,2001,28790,4823,5796,973,479,348,511,1329,1604,1751,2177,3648,5469,4660,1003,622,707,781,823,847,904,948,1229,1550,2098,2606,2863,2774,1886,827,176,6275,859,16
Saudi Arabia,2002,28646,4515,5422,907,460,344,494,1300,1661,1777,2107,3656,5599,4763,1041,593,707,801,860,865,912,934,1173,1586,2070,2723,2876,2835,1928,854,187,5882,838,18
Saudi Arabia,2003,28594,4198,5047,849,441,345,486,1269,1731,1831,2042,3657,5767,4875,1082,564,705,824,907,901,930,933,1109,1625,2032,2845,2922,2890,1985,881,201,5488,831,19
Saudi Arabia,2004,27465,3907,4698,791,388,308,422,1075,1606,1756,1872,3491,5803,4911,1113,469,606,747,859,868,888,886,986,1561,1930,2851,2952,2881,2030,899,214,5086,730,21
Saudi Arabia,2005,27686,3661,4405,744,370,309,433,1036,1642,1873,1935,3510,5964,5028,1158,454,582,750,892,927,946,946,989,1552,1958,2858,3106,2916,2112,930,228,4775,742,23
Saudi Arabia,2006,27845,3581,4264,683,354,307,461,1079,1708,2057,2050,3420,5795,5119,1204,486,593,777,931,1014,1043,1022,1028,1484,1936,2669,3126,2923,2196,963,241,4618,768,26
Saudi Arabia,2007,28096,3536,4176,640,342,306,488,1137,1793,2260,2203,3361,5550,5194,1259,521,616,812,981,1099,1161,1117,1086,1434,1927,2474,3076,2916,2278,1006,253,4518,794,28
Saudi Arabia,2008,28126,3406,4013,607,329,300,500,1184,1861,2442,2372,3310,5227,5238,1316,545,639,834,1027,1163,1279,1228,1144,1408,1902,2296,2931,2887,2351,1051,265,4342,800,30
Saudi Arabia,2009,28489,3297,3911,614,326,300,515,1247,1959,2647,2606,3322,4919,5299,1397,570,677,867,1092,1233,1414,1380,1226,1435,1887,2184,2735,2861,2438,1117,280,4237,815,33
Saudi Arabia,2010,27220,3149,3724,575,280,258,448,1114,1816,2586,2679,3186,4448,5181,1463,500,614,788,1028,1179,1407,1439,1240,1402,1784,2030,2418,2719,2462,1172,291,4004,706,36
Saudi Arabia,2011,27432,3011,3563,552,267,249,442,1093,1866,2705,2932,3272,4368,5100,1539,492,601,798,1068,1244,1461,1553,1379,1452,1820,2056,2312,2615,2485,1233,306,3830,691,38
Saudi Arabia,2012,27855,2859,3392,533,258,240,432,1052,1903,2838,3165,3418,4478,5024,1616,482,570,793,1110,1332,1506,1626,1539,1540,1878,2178,2300,2529,2495,1294,322,3650,672,40
Saudi Arabia,2013,28598,2694,3206,512,256,237,433,1049,1960,3060,3408,3634,4656,4958,1697,488,561,793,1167,1460,1600,1707,1701,1688,1946,2337,2319,2463,2495,1353,344,3462,670,42
Saudi Arabia,2014,29512,2518,3002,484,257,236,434,1060,2013,3345,3638,3916,4893,4900,1775,499,561,790,1223,1605,1740,1798,1840,1885,2031,2502,2391,2432,2468,1409,366,3259,670,45
Saudi Arabia,2015,30458,2348,2811,463,256,233,436,1067,2025,3653,3836,4240,5174,4832,1845,504,563,772,1253,1743,1910,1896,1940,2096,2144,2640,2534,2420,2412,1453,392,3067,669,48
Saudi Arabia,2016,31629,2194,2631,437,259,230,422,1089,1990,3857,3925,4425,5818,5024,1910,497,592,753,1237,1811,2046,1956,1969,2188,2237,2812,3006,2663,2361,1490,420,2890,652,51
Saudi Arabia,2017,32692,2098,2508,410,262,238,429,1165,2027,4012,4015,4467,6208,5344,1966,507,658,782,1245,1868,2144,2028,1987,2209,2258,2865,3343,3025,2319,1519,447,2770,667,55
Saudi Arabia,2018,33339,2027,2436,409,273,243,456,1226,2075,4120,4175,4524,6107,5634,2014,530,696,817,1258,1912,2208,2125,2050,2240,2284,2773,3334,3343,2291,1540,474,2709,699,59
Saudi Arabia,2019,34431,1955,2348,393,277,257,497,1329,2193,4317,4440,4645,6033,5984,2044,570,759,883,1310,1992,2325,2270,2170,2297,2348,2716,3317,3689,2295,1545,499,2625,754,64
Saudi Arabia,2020,38054,1879,2240,361,270,259,482,1254,2189,4684,5277,5632,6666,6891,2141,540,714,873,1316,2096,2588,2670,2607,2752,2880,3124,3542,4266,2625,1605,536,2510,741,71
Saudi Arabia,2021,36618,1713,2060,347,259,259,446,1069,1914,4380,5191,5650,6446,6807,2060,470,599,775,1139,1882,2498,2618,2573,2768,2882,2999,3447,4052,2755,1521,539,2319,705,75
Senegal,1950,35934,8847,19537,10690,1713,790,975,2065,1722,1397,1548,2451,2697,1012,28,1066,999,898,824,730,667,731,817,1104,1347,1446,1251,807,205,27,1,21250,1765,0
Senegal,1951,36342,9300,19962,10662,1731,789,979,2080,1733,1407,1559,2425,2649,1002,26,1073,1007,903,830,735,672,737,822,1094,1331,1430,1219,775,227,25,1,21693,1768,0
Senegal,1952,36843,9373,20376,11003,1754,793,988,2105,1753,1428,1582,2413,2628,993,26,1085,1020,913,840,745,683,749,833,1092,1321,1429,1199,749,244,23,3,22130,1781,0
Senegal,1953,37234,9451,20654,11203,1766,800,1002,2136,1777,1452,1611,2405,2619,979,32,1100,1036,924,853,758,694,763,848,1094,1311,1433,1186,726,253,25,7,22420,1802,1
Senegal,1954,37584,9543,20905,11362,1758,809,1014,2165,1802,1474,1638,2404,2615,961,36,1114,1051,938,864,770,704,775,863,1101,1303,1436,1179,709,252,29,7,22663,1823,1
Senegal,1955,37904,9651,21125,11474,1776,820,1020,2187,1822,1493,1664,2406,2605,940,40,1123,1064,947,875,779,714,788,876,1108,1298,1432,1173,693,247,34,6,22901,1840,2
Senegal,1956,38266,9774,21327,11553,1837,832,1026,2210,1844,1513,1688,2416,2600,929,43,1134,1076,959,885,789,724,799,889,1121,1295,1427,1173,686,243,37,6,23164,1858,2
Senegal,1957,38636,9899,21573,11674,1883,840,1028,2228,1861,1530,1713,2424,2595,915,46,1142,1086,969,892,796,734,810,903,1133,1291,1418,1177,679,236,40,6,23456,1868,2
Senegal,1958,39229,10074,21903,11829,1948,853,1040,2265,1895,1556,1745,2458,2604,911,47,1161,1104,988,907,811,745,825,920,1158,1300,1415,1189,679,232,41,6,23851,1893,2
Senegal,1959,39795,10303,22357,12054,1993,849,1044,2277,1908,1574,1767,2474,2595,906,48,1165,1112,995,913,819,755,835,932,1172,1302,1405,1190,678,228,42,6,24350,1893,2
Senegal,1960,40616,10567,22913,12346,2048,859,1062,2307,1943,1602,1801,2517,2609,911,47,1180,1127,1013,930,834,768,850,951,1196,1321,1409,1200,684,227,40,7,24961,1921,2
Senegal,1961,41598,10858,23546,12688,2103,886,1090,2346,1984,1635,1838,2570,2630,922,47,1197,1149,1034,950,850,785,866,972,1223,1347,1420,1210,693,229,40,7,25649,1976,2
Senegal,1962,42849,11160,24240,13080,2186,925,1130,2415,2052,1686,1899,2655,2669,940,47,1230,1185,1069,983,876,810,896,1003,1264,1391,1445,1224,710,230,40,7,26426,2055,2
Senegal,1963,43718,11464,24935,13471,2209,947,1138,2428,2073,1705,1924,2694,2668,949,47,1233,1195,1079,994,885,820,906,1018,1282,1412,1448,1220,717,232,40,7,27144,2085,2
Senegal,1964,44773,11771,25644,13873,2256,992,1147,2467,2110,1737,1962,2755,2693,963,47,1254,1213,1096,1014,902,835,924,1038,1310,1445,1468,1225,728,235,40,7,27900,2139,2
Senegal,1965,46113,12103,26355,14252,2343,1045,1181,2553,2183,1795,2025,2848,2751,981,47,1302,1251,1134,1049,933,862,954,1071,1354,1494,1507,1244,741,240,40,7,28698,2226,2
Senegal,1966,46978,12428,27029,14601,2361,1060,1197,2572,2198,1816,2048,2888,2771,987,48,1317,1255,1140,1058,944,872,965,1083,1372,1516,1526,1245,742,245,41,7,29390,2257,2
Senegal,1967,48075,12741,27667,14926,2416,1088,1235,2629,2249,1857,2096,2960,2826,1000,49,1352,1277,1166,1083,966,891,987,1109,1405,1555,1565,1261,748,252,42,7,30083,2323,2
Senegal,1968,49084,13030,28256,15226,2462,1113,1279,2674,2293,1893,2138,3025,2882,1012,54,1376,1298,1189,1104,986,907,1007,1131,1434,1591,1604,1278,755,257,45,9,30718,2392,2
Senegal,1969,50101,13309,28766,15457,2520,1142,1343,2723,2345,1942,2189,3099,2948,1024,57,1395,1328,1215,1130,1013,929,1030,1159,1468,1631,1647,1301,763,261,47,10,31286,2485,2
Senegal,1970,50610,13556,29189,15633,2510,1143,1367,2719,2343,1950,2198,3123,2978,1025,56,1386,1333,1212,1131,1017,933,1035,1163,1477,1646,1665,1313,763,262,47,9,31699,2510,2
Senegal,1971,51199,13760,29476,15716,2534,1157,1388,2764,2362,1977,2232,3171,3035,1037,57,1411,1353,1220,1142,1030,947,1050,1182,1499,1672,1698,1337,771,266,48,9,32010,2545,2
Senegal,1972,51604,13897,29614,15717,2549,1164,1405,2806,2374,2001,2259,3218,3095,1051,59,1436,1370,1222,1152,1041,960,1063,1196,1518,1700,1731,1364,781,270,50,9,32163,2569,2
Senegal,1973,51490,13964,29581,15617,2503,1150,1397,2797,2348,1993,2253,3217,3125,1057,58,1444,1353,1207,1141,1035,958,1058,1195,1515,1702,1743,1382,785,272,49,9,32084,2547,2
Senegal,1974,51503,13981,29505,15524,2482,1143,1399,2807,2340,1997,2264,3243,3184,1074,59,1474,1333,1202,1138,1035,962,1062,1202,1524,1719,1770,1414,799,275,50,9,31987,2542,2
Senegal,1975,51034,13927,29125,15198,2441,1124,1382,2784,2308,1985,2262,3248,3225,1093,53,1476,1308,1188,1120,1025,960,1061,1201,1523,1725,1787,1438,815,278,47,6,31566,2506,2
Senegal,1976,50277,13825,28596,14771,2387,1095,1346,2716,2253,1960,2250,3245,3265,1114,49,1437,1279,1162,1091,1009,951,1055,1195,1518,1727,1803,1462,833,281,46,3,30983,2441,1
Senegal,1977,49311,13646,27979,14333,2315,1060,1299,2629,2173,1922,2228,3233,3295,1136,44,1389,1240,1122,1051,986,936,1044,1184,1508,1725,1812,1483,851,285,43,1,30294,2359,0
Senegal,1978,48189,13376,27250,13874,2244,1024,1253,2532,2079,1879,2202,3217,3327,1146,38,1333,1199,1070,1009,959,920,1031,1171,1496,1721,1821,1506,871,275,38,0,29494,2277,0
Senegal,1979,47171,13108,26528,13420,2185,996,1211,2464,1990,1836,2179,3202,3364,1180,36,1286,1178,1016,974,933,903,1019,1160,1484,1718,1832,1532,894,286,36,0,28713,2207,0
Senegal,1980,46263,12920,25967,13047,2109,962,1166,2373,1901,1785,2151,3186,3406,1221,38,1232,1141,964,937,903,882,1005,1146,1470,1716,1844,1562,922,299,38,0,28076,2128,0
Senegal,1981,45836,12805,25542,12737,2087,951,1144,2326,1864,1763,2154,3210,3481,1273,41,1209,1117,944,920,887,876,1005,1149,1477,1733,1876,1605,957,316,41,0,27629,2095,0
Senegal,1982,45533,12715,25210,12495,2064,944,1127,2287,1831,1741,2153,3231,3565,1333,45,1191,1096,929,902,870,871,1002,1151,1482,1749,1911,1654,998,335,45,0,27274,2071,0
Senegal,1983,45243,12596,24802,12206,2053,942,1120,2266,1812,1725,2160,3262,3655,1398,49,1182,1084,927,885,858,867,1002,1158,1492,1770,1950,1705,1042,356,49,0,26855,2062,0
Senegal,1984,44378,12398,24252,11854,1961,914,1082,2181,1744,1676,2131,3237,3698,1453,53,1139,1042,906,838,830,846,986,1145,1473,1764,1961,1737,1078,375,53,0,26213,1996,0
Senegal,1985,43781,12160,23587,11427,1925,914,1073,2155,1720,1660,2129,3254,3780,1522,61,1126,1029,904,816,822,838,983,1146,1477,1777,1994,1786,1125,397,61,0,25512,1987,0
Senegal,1986,42290,11777,22580,10803,1789,864,1019,2046,1634,1594,2079,3216,3815,1585,67,1068,978,857,777,789,805,956,1123,1454,1762,1999,1816,1166,419,66,1,24369,1883,0
Senegal,1987,41481,11444,21750,10306,1725,853,1004,2011,1606,1569,2072,3232,3909,1673,77,1048,963,840,766,775,794,950,1122,1457,1775,2036,1873,1223,450,76,1,23475,1857,0
Senegal,1988,40232,11073,20860,9787,1597,808,958,1923,1540,1508,2031,3206,3963,1751,86,1001,922,802,738,742,766,928,1103,1440,1766,2050,1913,1272,479,84,2,22457,1766,0
Senegal,1989,39732,10878,20285,9407,1545,794,948,1898,1531,1478,2024,3226,4063,1844,97,988,910,790,741,721,757,923,1101,1445,1781,2088,1975,1333,511,94,3,21830,1742,0
Senegal,1990,39714,10864,20081,9217,1497,784,943,1890,1532,1462,2024,3265,4181,1949,107,984,906,786,746,708,754,920,1104,1458,1807,2136,2045,1401,548,104,3,21578,1727,0
Senegal,1991,40567,10898,20102,9204,1551,815,991,1978,1587,1510,2076,3384,4375,2079,119,1032,946,816,771,733,777,941,1135,1508,1876,2226,2149,1489,590,115,4,21653,1806,0
Senegal,1992,41783,11030,20334,9304,1626,857,1055,2093,1667,1569,2141,3518,4582,2215,130,1094,999,860,807,765,804,966,1175,1565,1953,2323,2259,1579,636,125,5,21960,1912,0
Senegal,1993,43294,11273,20791,9518,1704,900,1123,2221,1756,1636,2212,3662,4799,2352,140,1165,1056,909,847,806,830,996,1216,1625,2037,2426,2373,1672,680,134,6,22495,2023,0
Senegal,1994,44870,11486,21289,9803,1778,945,1189,2350,1846,1701,2287,3814,5024,2494,152,1234,1116,958,888,856,845,1027,1260,1689,2125,2534,2490,1766,728,145,7,23067,2134,0
Senegal,1995,46452,11766,21843,10077,1851,991,1251,2485,1938,1769,2356,3948,5229,2626,162,1309,1176,1007,931,902,867,1060,1296,1744,2204,2633,2596,1856,770,156,6,23694,2242,0
Senegal,1996,48191,12043,22381,10338,1952,1056,1331,2653,2051,1849,2438,4096,5447,2761,173,1401,1252,1068,983,945,904,1102,1336,1807,2289,2740,2707,1946,815,166,7,24333,2387,0
Senegal,1997,49442,12249,22624,10375,2023,1086,1389,2792,2141,1914,2504,4239,5659,2890,178,1476,1316,1116,1025,979,935,1135,1369,1867,2372,2846,2813,2033,857,173,5,24647,2475,0
Senegal,1998,51231,12414,22864,10450,2168,1160,1494,3020,2295,2032,2603,4435,5931,3037,189,1600,1420,1198,1097,1039,993,1180,1423,1953,2482,2985,2946,2134,903,184,5,25032,2654,0
Senegal,1999,52610,12536,22886,10350,2298,1223,1583,3220,2431,2148,2679,4604,6170,3170,197,1705,1515,1271,1160,1091,1057,1207,1472,2026,2578,3106,3064,2225,945,192,5,25184,2806,0
Senegal,2000,53102,12383,22409,10026,2354,1245,1642,3366,2532,2230,2734,4726,6370,3286,211,1779,1587,1327,1205,1127,1103,1224,1510,2076,2650,3206,3164,2303,983,203,8,24763,2887,0
Senegal,2001,52591,12054,21615,9561,2322,1230,1640,3398,2557,2253,2757,4756,6476,3369,217,1788,1610,1341,1216,1140,1113,1235,1522,2080,2676,3251,3225,2356,1013,211,6,23937,2870,0
Senegal,2002,52301,11637,20588,8951,2357,1238,1672,3500,2638,2311,2814,4838,6645,3477,229,1833,1667,1386,1252,1173,1138,1264,1550,2107,2731,3330,3315,2425,1052,221,8,22945,2910,0
Senegal,2003,50644,11201,19477,8276,2213,1167,1592,3388,2574,2275,2774,4764,6653,3532,237,1763,1625,1353,1221,1152,1123,1257,1517,2062,2702,3319,3334,2456,1076,229,8,21690,2759,0
Senegal,2004,49655,10720,18354,7634,2170,1137,1563,3378,2585,2286,2786,4774,6750,3623,249,1750,1628,1359,1226,1158,1128,1289,1497,2061,2713,3354,3396,2514,1109,240,9,20524,2700,0
Senegal,2005,48396,10342,17438,7096,2071,1083,1494,3283,2543,2267,2761,4722,6775,3694,261,1692,1591,1337,1206,1147,1120,1295,1466,2037,2685,3349,3426,2556,1138,251,10,19509,2577,0
Senegal,2006,47240,9998,16500,6502,1979,1024,1433,3200,2514,2252,2747,4695,6834,3788,272,1641,1559,1322,1192,1137,1115,1291,1456,2027,2668,3363,3471,2615,1173,261,11,18479,2457,0
Senegal,2007,46023,9578,15654,6076,1860,964,1355,3077,2462,2226,2724,4643,6883,3889,285,1570,1507,1294,1168,1120,1106,1279,1445,2006,2637,3369,3514,2676,1213,273,12,17514,2319,0
Senegal,2008,45100,9214,14932,5718,1762,915,1293,2971,2425,2212,2724,4600,6957,4007,300,1507,1464,1271,1154,1110,1102,1273,1451,1983,2617,3389,3568,2751,1256,287,13,16694,2208,0
Senegal,2009,44005,8992,14352,5360,1633,855,1207,2814,2349,2174,2721,4504,6973,4107,312,1417,1397,1227,1122,1087,1087,1258,1463,1923,2581,3376,3597,2811,1296,299,13,15985,2062,0
Senegal,2010,42990,8707,13762,5055,1518,801,1127,2669,2280,2142,2715,4439,6992,4214,329,1335,1334,1184,1096,1069,1073,1248,1467,1879,2560,3362,3630,2875,1339,314,15,15280,1928,0
Senegal,2011,41922,8453,13260,4807,1386,741,1034,2489,2180,2093,2676,4383,6998,4337,346,1236,1253,1123,1057,1041,1052,1231,1445,1847,2536,3337,3661,2944,1393,330,16,14646,1775,0
Senegal,2012,42228,8198,12745,4547,1418,751,1043,2522,2248,2161,2751,4491,7192,4535,370,1246,1276,1152,1096,1077,1084,1269,1482,1895,2596,3408,3784,3069,1466,351,19,14163,1794,0
Senegal,2013,41235,7929,12244,4315,1313,702,947,2320,2154,2114,2718,4446,7211,4678,391,1144,1176,1098,1056,1050,1064,1255,1463,1888,2558,3384,3827,3148,1530,370,21,13557,1649,0
Senegal,2014,41753,7636,11707,4071,1364,724,976,2380,2241,2205,2815,4581,7442,4898,416,1171,1209,1138,1103,1098,1107,1302,1513,1990,2591,3482,3960,3286,1612,394,22,13071,1700,0
Senegal,2015,40881,7258,11103,3845,1278,683,903,2209,2162,2180,2804,4555,7499,5062,445,1085,1124,1094,1068,1082,1098,1297,1507,2005,2550,3492,4007,3377,1685,419,26,12381,1586,0
Senegal,2016,39946,6925,10529,3604,1184,641,842,2056,2071,2147,2775,4507,7515,5204,473,1007,1049,1044,1027,1063,1084,1284,1491,1981,2526,3491,4024,3452,1752,444,29,11713,1483,0
Senegal,2017,40201,6663,10035,3372,1192,647,850,2063,2104,2211,2850,4612,7696,5431,508,1011,1052,1056,1048,1096,1115,1318,1532,2026,2586,3575,4121,3589,1842,475,33,11227,1497,0
Senegal,2018,40750,6477,9653,3176,1216,661,872,2096,2156,2301,2942,4764,7881,5664,543,1029,1067,1078,1078,1141,1160,1361,1581,2083,2681,3652,4229,3731,1933,507,36,10869,1533,0
Senegal,2019,39862,6284,9305,3021,1101,612,806,1943,2034,2246,2898,4747,7798,5795,576,954,989,1010,1024,1108,1138,1342,1556,2047,2700,3567,4231,3794,2001,535,41,10406,1418,0
Senegal,2020,42965,6122,9022,2900,1133,629,796,1901,2070,2480,3408,5742,8779,6369,637,936,965,1005,1065,1199,1281,1558,1850,2458,3284,4091,4688,4150,2219,590,47,10155,1425,0
Senegal,2021,47314,5987,8793,2806,1175,661,900,2177,2384,2934,3996,6718,9819,7057,699,1076,1101,1151,1233,1404,1530,1833,2163,2931,3787,4605,5214,4583,2474,646,53,9968,1561,0
Serbia,1950,41791,8262,10383,2121,428,320,505,1139,1078,2363,3742,6252,8003,6311,1233,584,555,390,688,996,1367,1724,2018,2848,3404,3678,4325,3871,2440,991,242,10811,825,35
Serbia,1951,42259,7689,10014,2325,431,313,507,1197,1086,2438,3939,6603,8156,6332,1214,601,596,440,646,1033,1405,1825,2114,2932,3671,3803,4353,3889,2443,980,234,10445,820,33
Serbia,1952,37755,6876,8947,2071,395,266,436,1080,959,2170,3602,5987,7300,5540,1053,533,547,444,515,924,1246,1669,1933,2596,3391,3491,3809,3404,2136,852,201,9342,702,28
Serbia,1953,37831,6948,8963,2015,411,252,414,1079,958,2147,3674,6013,7405,5455,1038,523,556,499,459,911,1236,1691,1983,2559,3454,3665,3740,3348,2107,841,197,9374,666,27
Serbia,1954,35753,6266,8174,1908,417,228,372,1018,926,2008,3549,5735,7195,5128,981,486,532,516,410,836,1172,1611,1938,2410,3325,3684,3511,3142,1986,794,187,8591,600,25
Serbia,1955,36598,6138,8069,1931,457,234,373,1043,992,2031,3832,5605,7381,5536,1015,494,549,565,427,805,1226,1713,2119,2361,3244,3799,3582,3393,2143,821,194,8526,607,26
Serbia,1956,34008,5221,7002,1781,443,221,343,976,993,1853,3764,5069,6933,5426,962,458,518,554,439,684,1169,1645,2119,2196,2873,3596,3337,3295,2131,776,186,7445,564,25
Serbia,1957,33416,4686,6367,1681,444,224,335,960,1062,1773,3900,4859,6883,5616,965,448,512,566,496,602,1171,1664,2236,2219,2640,3552,3331,3363,2253,778,187,6811,559,26
Serbia,1958,30583,4080,5512,1432,417,217,301,871,1043,1558,3720,4328,6304,5377,906,404,467,529,514,489,1069,1558,2162,2119,2209,3180,3124,3159,2218,729,177,5929,518,25
Serbia,1959,30831,4032,5366,1334,417,234,301,863,1109,1506,3869,4274,6278,5631,952,396,467,540,569,459,1047,1603,2266,2252,2022,3064,3214,3239,2392,768,184,5783,535,26
Serbia,1960,30636,4060,5313,1253,404,245,297,842,1137,1434,3930,4228,6048,5730,1002,385,457,536,601,461,973,1614,2316,2372,1856,2833,3215,3232,2498,814,188,5717,542,27
Serbia,1961,30566,4007,5216,1209,384,255,293,824,1158,1376,3949,4447,5867,5710,1059,374,450,533,625,506,870,1613,2336,2580,1867,2649,3218,3155,2555,869,190,5600,548,27
Serbia,1962,29974,3656,4815,1159,355,250,284,789,1157,1315,3797,4976,5768,5345,1100,353,436,524,633,576,739,1539,2258,2852,2124,2584,3184,2905,2440,912,188,5170,534,27
Serbia,1963,29810,3499,4612,1113,325,249,285,760,1161,1298,3691,5441,5630,5175,1156,337,423,520,641,653,645,1483,2208,3027,2414,2452,3178,2840,2335,967,189,4937,534,28
Serbia,1964,30283,3386,4474,1088,308,247,300,746,1184,1343,3636,6020,5647,5110,1238,330,416,526,658,734,609,1430,2206,3194,2826,2415,3232,2862,2248,1038,200,4782,547,28
Serbia,1965,30261,3314,4351,1037,289,237,309,720,1178,1396,3467,6443,5615,4943,1283,318,402,519,659,781,615,1310,2157,3230,3213,2431,3184,2841,2102,1073,210,4640,546,29
Serbia,1966,29471,2995,3966,971,271,221,309,678,1141,1460,3203,6655,5550,4723,1267,300,378,499,642,796,664,1135,2068,3141,3514,2526,3024,2784,1939,1048,219,4237,530,28
Serbia,1967,30679,2979,3940,961,269,220,321,688,1169,1638,3123,7214,5922,4852,1295,310,378,506,663,846,792,1022,2101,3213,4001,2916,3006,2910,1942,1053,242,4209,541,29
Serbia,1968,30703,2836,3750,914,259,203,320,672,1149,1755,2920,7399,6183,4814,1251,313,359,492,657,856,899,892,2028,3146,4253,3325,2858,2909,1905,997,254,4009,523,29
Serbia,1969,31360,2784,3670,886,253,190,316,680,1144,1883,2790,7603,6713,4868,1222,330,350,482,662,876,1007,840,1950,3131,4472,3893,2820,2953,1915,952,270,3923,506,30
Serbia,1970,31172,2565,3405,840,241,173,302,669,1109,1933,2615,7525,7241,4775,1155,334,335,461,648,868,1065,844,1771,3037,4488,4399,2842,2886,1889,881,274,3646,475,31
Serbia,1971,31000,2391,3180,789,225,164,286,657,1066,1945,2472,7354,7887,4643,1091,338,319,438,628,852,1093,921,1551,2940,4414,4876,3011,2770,1873,822,269,3405,450,33
Serbia,1972,30733,2235,2970,735,212,153,267,643,1015,1930,2356,7086,8557,4468,1038,331,312,412,603,833,1097,1036,1320,2822,4264,5249,3308,2607,1861,786,252,3182,420,34
Serbia,1973,31392,2190,2892,702,205,150,250,653,990,1960,2361,6999,9461,4399,1038,335,318,398,592,835,1125,1191,1170,2762,4237,5651,3810,2497,1902,794,244,3097,400,36
Serbia,1974,31181,2087,2749,662,193,141,227,640,936,1925,2357,6651,10055,4254,1015,319,321,375,561,813,1112,1291,1066,2567,4084,5748,4307,2372,1882,786,229,2942,368,38
Serbia,1975,31953,2043,2691,648,188,139,214,646,915,1941,2492,6450,10884,4328,1029,310,336,366,549,813,1128,1395,1097,2388,4062,5904,4980,2437,1891,808,221,2879,353,40
Serbia,1976,32674,1967,2601,634,181,134,205,651,891,1948,2696,6184,11606,4488,1046,304,347,358,533,810,1138,1469,1227,2143,4041,5957,5649,2639,1849,831,215,2782,339,40
Serbia,1977,32861,1834,2443,609,172,127,196,634,863,1918,2902,5803,12021,4692,1054,288,346,352,511,789,1129,1499,1403,1857,3946,5851,6170,2941,1751,843,211,2615,323,39
Serbia,1978,34084,1756,2354,598,171,126,195,631,868,1941,3205,5598,12666,5190,1101,275,356,368,500,790,1151,1563,1642,1669,3929,5913,6753,3482,1708,882,219,2525,321,38
Serbia,1979,35244,1677,2258,581,169,125,195,621,882,1956,3478,5405,13129,5858,1135,263,358,388,494,782,1174,1618,1860,1585,3820,5959,7170,4152,1706,911,224,2427,320,36
Serbia,1980,35666,1639,2186,547,164,120,188,591,880,1923,3621,5137,13158,6537,1126,245,346,401,479,758,1165,1628,1993,1617,3520,5870,7288,4786,1751,899,227,2350,308,35
Serbia,1981,36780,1511,2043,532,162,118,185,580,898,1922,3789,5039,13406,7487,1116,239,341,423,475,748,1174,1663,2126,1833,3206,5935,7471,5548,1939,883,233,2205,303,33
Serbia,1982,38046,1547,2049,502,159,114,178,569,909,1909,3916,5011,13590,8521,1087,236,333,431,478,734,1175,1690,2226,2160,2851,5992,7598,6281,2240,848,239,2208,292,33
Serbia,1983,40399,1580,2082,502,156,115,180,565,969,1941,4144,5232,14083,9811,1089,239,326,458,511,738,1203,1766,2378,2597,2635,6155,7928,7083,2728,838,251,2238,295,33
Serbia,1984,41205,1580,2070,490,149,112,174,540,985,1898,4201,5388,13895,10691,1070,234,306,452,533,719,1179,1774,2427,2911,2477,5938,7957,7471,3220,822,248,2219,286,32
Serbia,1985,40807,1462,1931,469,138,108,164,504,973,1807,4123,5560,13190,11207,1070,222,282,431,542,684,1123,1727,2396,3073,2487,5403,7787,7537,3670,835,235,2069,272,31
Serbia,1986,41644,1387,1849,462,131,104,160,485,987,1773,4161,6063,12782,11965,1152,213,272,421,566,674,1099,1731,2430,3257,2806,4901,7881,7733,4232,927,225,1980,264,31
Serbia,1987,42335,1285,1731,446,125,102,155,471,988,1750,4175,6681,12261,12585,1279,207,264,411,577,677,1073,1721,2454,3392,3289,4335,7926,7840,4745,1067,212,1856,257,31
Serbia,1988,41960,1216,1627,411,118,96,149,449,954,1697,4077,7136,11428,12771,1431,195,254,378,576,680,1017,1661,2416,3412,3724,3772,7656,7730,5041,1235,196,1745,245,31
Serbia,1989,42253,1056,1446,390,114,90,143,436,922,1695,4041,7632,10912,13122,1671,189,247,355,567,707,988,1623,2418,3471,4161,3540,7372,7793,5329,1473,198,1560,233,31
Serbia,1990,41657,955,1306,351,110,85,134,412,867,1659,3904,7830,10290,13120,1909,178,234,326,541,719,940,1546,2358,3433,4397,3566,6724,7700,5420,1699,210,1416,219,30
Serbia,1991,41499,843,1161,318,104,78,130,395,832,1649,3809,8003,9944,13192,2177,172,223,310,522,740,909,1488,2321,3420,4583,3964,5980,7689,5503,1942,235,1265,208,28
Serbia,1992,41011,760,1049,289,101,73,127,375,797,1638,3729,8229,9563,12832,2471,163,212,296,501,741,897,1438,2291,3434,4795,4645,4918,7314,5518,2193,278,1150,200,27
Serbia,1993,41232,738,999,261,97,71,123,366,767,1692,3689,8453,9639,12562,2749,160,206,291,476,764,928,1402,2287,3495,4958,5381,4258,7024,5538,2411,338,1096,194,27
Serbia,1994,40826,677,915,238,90,69,117,354,726,1720,3597,8542,9845,11862,2965,155,199,280,446,757,963,1357,2240,3514,5028,5961,3884,6412,5450,2556,409,1005,186,28
Serbia,1995,40223,609,827,218,80,66,109,339,682,1725,3470,8514,10347,10900,3130,149,190,269,413,733,992,1304,2166,3486,5028,6363,3984,5602,5298,2648,482,907,175,30
Serbia,1996,41784,559,767,208,75,67,109,342,681,1828,3528,8926,11717,10303,3404,151,191,269,412,747,1081,1327,2201,3638,5288,6977,4740,4901,5402,2824,580,842,176,36
Serbia,1997,42117,517,708,191,70,66,103,335,663,1846,3506,9039,12968,9275,3499,149,186,261,402,734,1112,1341,2165,3654,5385,7295,5673,4009,5266,2847,652,778,169,43
Serbia,1998,43221,415,618,203,86,84,121,380,712,1934,3577,9238,14402,8455,3560,170,210,283,429,738,1196,1424,2153,3697,5541,7634,6768,3416,5039,2850,710,704,205,51
Serbia,1999,46201,423,659,236,168,188,239,656,1046,2301,3940,9570,15804,7967,3596,298,358,442,604,892,1409,1676,2264,3808,5762,7976,7828,3301,4666,2841,755,827,427,62
Serbia,2000,46769,315,463,148,58,59,102,328,662,1876,3789,9797,17548,8211,3793,141,187,258,404,664,1212,1634,2155,3784,6013,8510,9038,3875,4336,2965,828,521,161,76
Serbia,2001,44599,331,445,114,50,52,93,300,599,1713,3582,9127,17182,7889,3490,127,173,236,363,598,1115,1606,1976,3465,5662,8113,9069,4502,3387,2706,784,495,145,82
Serbia,2002,46536,320,426,106,48,48,92,296,590,1698,3689,9201,18211,8674,3470,123,173,233,357,590,1108,1676,2013,3439,5762,8427,9784,5834,2840,2675,795,474,140,92
Serbia,2003,47215,310,409,99,42,42,88,284,572,1612,3762,8977,18589,9447,3293,118,166,227,345,572,1040,1709,2053,3303,5674,8486,10103,7005,2442,2509,784,451,130,98
Serbia,2004,47787,245,340,95,37,38,82,270,554,1523,3820,8736,18880,10355,3047,113,157,221,333,552,971,1689,2131,3191,5545,8543,10337,7945,2410,2276,771,377,120,103
Serbia,2005,49266,199,288,89,32,36,76,264,544,1461,3939,8658,19419,11669,2772,112,152,218,326,540,921,1681,2258,3148,5510,8725,10694,8844,2825,2001,771,320,112,109
Serbia,2006,47631,193,266,73,27,31,65,239,499,1323,3790,7994,18618,12364,2302,103,136,200,299,489,834,1556,2234,2907,5087,8298,10320,8993,3371,1577,725,293,96,107
Serbia,2007,48140,182,247,65,24,29,60,225,479,1259,3745,7748,18575,13641,1999,98,127,193,286,466,793,1494,2251,2861,4887,8179,10396,9426,4215,1292,707,271,89,109
Serbia,2008,48663,178,236,58,23,26,53,213,461,1209,3658,7547,18471,14844,1814,93,120,185,276,445,764,1387,2271,2887,4660,8015,10456,9783,5061,1141,673,259,79,112
Serbia,2009,49416,192,246,54,21,23,48,202,440,1161,3530,7466,18392,15958,1815,85,117,174,266,427,734,1294,2236,2982,4484,7830,10562,10114,5844,1192,623,267,71,115
Serbia,2010,49782,173,228,55,18,19,43,187,420,1106,3357,7369,18143,16788,1979,77,110,164,256,408,698,1194,2163,3067,4302,7585,10558,10321,6467,1435,544,246,62,119
Serbia,2011,49423,174,226,52,16,17,40,173,393,1032,3165,7186,17567,17228,2260,69,104,151,242,383,649,1108,2057,3110,4076,7204,10363,10353,6875,1811,449,242,57,121
Serbia,2012,49275,185,237,52,14,13,35,159,371,972,2994,7064,17003,17644,2643,61,98,140,231,362,610,1043,1951,3095,3969,6857,10146,10414,7230,2267,376,251,48,122
Serbia,2013,48053,163,215,52,13,11,30,143,343,901,2725,6900,16018,17627,3012,53,90,128,215,338,563,971,1754,3025,3875,6343,9675,10248,7379,2668,344,228,41,119
Serbia,2014,49315,153,206,53,13,12,28,133,330,880,2607,7082,15853,18484,3566,48,85,124,206,331,549,948,1659,3022,4060,6207,9646,10617,7867,3170,396,219,40,117
Serbia,2015,50645,149,198,49,13,12,25,124,322,862,2498,7276,15738,19307,4166,45,79,123,199,326,536,926,1572,2995,4281,6114,9624,10972,8335,3644,522,211,37,110
Serbia,2016,49677,135,181,46,13,9,21,108,297,810,2305,7156,14905,19195,4582,39,69,116,181,307,503,854,1451,2835,4321,5777,9128,10790,8405,3905,677,194,30,95
Serbia,2017,51898,135,180,45,13,10,18,104,292,813,2293,7392,15162,20248,5288,38,66,115,177,310,503,850,1443,2847,4545,5952,9210,11228,9020,4384,904,193,28,88
Serbia,2018,51497,143,185,42,13,8,16,91,277,777,2184,7198,14738,20210,5712,33,58,109,168,295,482,804,1380,2633,4565,5974,8764,11042,9168,4621,1091,198,24,87
Serbia,2019,51022,135,177,42,11,7,14,80,258,735,2081,6877,14484,20095,6099,29,51,99,159,276,459,767,1314,2429,4448,6107,8377,10778,9317,4834,1265,188,21,101
Serbia,2020,58929,130,172,42,12,6,17,75,247,716,2252,7636,17004,23388,7269,26,49,92,155,265,451,765,1487,2546,5090,7272,9732,12155,11233,5708,1561,184,23,139
Serbia,2021,69212,128,170,42,12,7,14,80,248,768,2482,9022,20677,27210,8337,31,49,87,161,261,507,872,1610,2910,6112,9556,11121,14083,13127,6512,1825,182,21,188
Seychelles,1950,440,48,62,14,12,5,5,10,16,27,33,52,116,93,11,5,5,6,10,12,15,15,18,25,27,44,72,60,33,10,1,74,10,0
Seychelles,1951,412,50,65,15,11,5,5,10,15,26,32,49,102,85,9,5,5,5,10,11,15,15,17,24,25,38,64,55,30,9,0,76,10,0
Seychelles,1952,393,51,68,17,11,5,5,10,15,25,32,48,93,81,8,5,5,5,10,10,15,15,17,23,25,35,58,51,30,8,0,79,10,0
Seychelles,1953,380,52,69,17,13,5,5,10,14,24,32,47,85,76,8,5,5,5,9,10,14,15,17,23,24,31,54,49,27,8,0,82,10,0
Seychelles,1954,369,52,69,17,11,5,5,10,14,24,32,44,78,73,9,5,5,5,9,10,14,15,17,22,22,29,49,47,26,9,0,80,10,0
Seychelles,1955,362,52,69,17,11,5,5,10,14,24,31,43,71,72,10,5,5,5,9,10,14,15,16,22,21,28,43,45,27,10,0,80,10,0
Seychelles,1956,360,53,70,17,11,5,5,10,14,24,31,42,67,71,12,5,5,5,9,10,14,15,16,21,21,27,40,43,28,11,1,81,10,0
Seychelles,1957,359,55,73,18,11,5,5,10,14,23,31,42,64,69,15,5,5,5,9,10,13,15,16,21,21,26,38,41,28,13,2,84,10,0
Seychelles,1958,358,56,74,18,11,5,5,10,14,23,31,41,61,67,18,5,5,5,9,10,13,15,16,20,21,26,35,39,28,14,4,85,10,0
Seychelles,1959,418,56,74,18,13,5,5,10,16,26,41,51,73,78,26,5,5,6,10,11,15,20,21,25,26,32,41,45,33,20,6,87,10,0
Seychelles,1960,356,57,76,19,12,5,5,10,14,22,31,40,58,59,27,5,5,5,9,10,12,15,16,20,20,26,32,33,26,18,9,88,10,1
Seychelles,1961,353,59,77,18,12,5,5,10,14,22,32,44,57,55,23,5,5,5,9,10,12,15,17,22,22,27,30,30,25,16,7,89,10,1
Seychelles,1962,351,60,79,19,15,5,5,10,14,22,32,45,57,51,18,5,5,5,9,10,12,15,17,22,23,27,30,29,22,12,6,94,10,1
Seychelles,1963,346,61,80,19,12,5,5,10,14,22,33,48,58,50,14,5,5,5,9,10,12,15,18,24,24,27,31,29,21,10,4,92,10,1
Seychelles,1964,358,61,80,19,14,5,5,10,14,23,34,50,63,50,11,5,5,5,9,10,13,15,19,25,25,28,35,29,21,8,3,94,10,1
Seychelles,1965,342,61,80,19,14,5,5,10,14,22,33,49,60,47,8,5,5,5,9,10,12,15,18,24,25,27,33,28,19,7,1,94,10,0
Seychelles,1966,334,60,79,19,14,5,4,10,13,21,33,49,59,46,7,5,5,5,8,10,11,15,18,24,25,27,32,27,19,7,0,93,9,0
Seychelles,1967,326,58,76,18,14,5,2,10,13,20,32,48,56,46,7,5,5,5,8,10,10,15,17,23,25,26,30,27,19,7,0,90,7,0
Seychelles,1968,326,56,73,17,12,5,2,10,12,20,32,49,57,48,9,5,5,5,7,10,10,15,17,24,25,26,31,28,20,9,0,85,7,0
Seychelles,1969,325,53,69,16,14,5,2,10,12,20,32,49,59,51,10,5,5,5,7,10,10,15,17,24,25,27,32,29,22,10,0,83,7,0
Seychelles,1970,322,50,66,16,13,5,3,9,11,20,30,48,59,53,12,4,5,5,6,10,10,14,16,23,25,28,31,30,23,11,1,79,8,0
Seychelles,1971,320,46,58,12,12,5,4,8,10,20,29,48,58,55,16,3,5,5,5,10,10,13,16,23,25,28,30,30,25,14,2,70,9,0
Seychelles,1972,313,43,55,12,12,5,5,7,10,19,28,48,58,52,17,2,5,5,5,9,10,12,16,23,25,28,30,28,24,14,3,67,10,0
Seychelles,1973,302,40,52,12,11,5,5,9,10,18,26,47,60,50,15,4,5,5,5,8,10,10,16,22,25,28,32,28,22,12,3,63,10,0
Seychelles,1974,291,38,46,8,9,5,5,10,10,17,24,47,60,48,15,5,5,5,5,7,10,10,14,22,25,28,32,28,20,12,3,55,10,0
Seychelles,1975,281,36,44,8,9,5,5,10,10,16,24,46,59,46,13,5,5,5,5,6,10,10,14,21,25,28,31,28,18,10,3,53,10,0
Seychelles,1976,268,30,38,8,9,5,5,10,10,16,23,43,58,45,13,5,5,5,5,6,10,10,13,19,24,28,30,27,18,10,3,47,10,0
Seychelles,1977,256,26,34,8,7,5,5,10,10,15,23,41,58,45,10,5,5,5,5,5,10,10,13,19,22,28,30,27,18,8,2,41,10,0
Seychelles,1978,248,25,29,4,5,5,5,10,10,15,22,39,58,43,10,5,5,5,5,5,10,10,12,18,21,27,31,26,17,8,2,34,10,0
Seychelles,1979,243,22,26,4,5,5,5,10,10,14,22,38,60,46,10,5,5,5,5,5,9,10,12,18,20,27,33,28,18,8,2,31,10,0
Seychelles,1980,239,21,25,4,5,5,5,10,10,13,22,37,61,49,9,5,5,5,5,5,8,10,12,17,20,27,34,29,20,7,2,30,10,0
Seychelles,1981,237,19,23,4,5,4,4,10,10,13,21,36,60,52,9,5,5,5,5,5,8,10,11,16,20,26,34,31,21,7,2,28,8,0
Seychelles,1982,233,15,19,4,5,2,3,10,10,13,21,36,59,55,10,5,5,5,5,5,8,10,11,16,20,26,33,32,23,7,3,24,5,0
Seychelles,1983,232,14,18,4,5,2,2,10,10,12,21,36,57,58,12,5,5,5,5,5,7,10,11,16,20,24,33,33,25,9,3,23,4,0
Seychelles,1984,230,14,18,4,5,2,0,10,10,11,20,33,56,61,12,5,5,5,5,5,6,10,10,15,18,24,32,34,27,9,3,23,2,0
Seychelles,1985,228,13,17,4,5,1,0,9,10,11,20,31,56,62,14,4,5,5,5,5,6,10,10,15,16,23,33,35,27,10,4,22,1,0
Seychelles,1986,226,12,16,4,5,1,0,8,10,10,20,30,55,63,16,3,5,5,5,5,5,10,10,14,16,23,32,35,28,12,4,21,1,1
Seychelles,1987,227,12,15,3,5,0,0,8,10,10,19,30,54,66,16,3,5,5,5,5,5,9,10,14,16,22,32,35,31,12,4,20,0,1
Seychelles,1988,237,11,12,1,4,0,0,8,10,10,19,31,57,67,19,3,5,5,5,5,5,9,10,15,16,24,33,35,32,15,4,16,0,1
Seychelles,1989,232,11,11,0,3,0,0,7,10,10,18,31,56,67,19,2,5,5,5,5,5,8,10,15,16,23,33,35,32,15,4,14,0,1
Seychelles,1990,227,10,10,0,2,0,0,7,10,10,18,30,54,67,18,2,5,5,5,5,5,8,10,15,15,22,32,35,32,14,4,12,0,1
Seychelles,1991,223,10,10,0,0,0,0,6,10,10,17,29,54,66,18,1,5,5,5,5,5,7,10,14,15,22,32,35,31,14,4,10,0,1
Seychelles,1992,198,9,9,0,0,0,0,3,10,10,14,28,47,58,16,0,3,5,5,5,5,5,9,13,15,19,28,30,28,12,4,9,0,1
Seychelles,1993,198,9,9,0,0,0,0,2,10,10,13,27,47,58,16,0,2,5,5,5,5,5,8,12,15,19,28,30,28,12,4,9,0,1
Seychelles,1994,221,9,9,0,0,0,0,3,10,10,14,29,54,66,19,0,3,5,5,5,5,5,9,14,15,22,32,35,31,14,5,9,0,1
Seychelles,1995,251,9,9,0,0,0,0,4,10,10,18,36,60,76,24,0,4,5,5,5,5,7,11,16,20,24,36,40,36,19,5,9,0,1
Seychelles,1996,260,8,8,0,0,0,0,4,10,10,18,36,60,77,26,0,4,5,5,5,5,8,10,16,20,24,36,40,37,20,6,8,0,1
Seychelles,1997,263,8,9,1,0,0,0,3,10,10,18,36,60,77,30,0,3,5,5,5,5,8,10,16,20,24,36,40,37,23,7,9,0,1
Seychelles,1998,231,8,8,0,0,0,0,2,10,10,17,33,58,63,19,0,2,5,5,5,5,7,10,15,18,24,34,33,30,18,1,8,0,1
Seychelles,1999,260,8,8,0,0,0,0,5,10,12,19,37,65,72,25,0,5,5,5,7,5,9,10,17,20,27,38,39,33,22,3,8,0,1
Seychelles,2000,269,8,8,0,0,0,0,5,12,15,19,37,67,74,28,0,5,5,7,9,6,9,10,17,20,28,39,40,34,23,5,8,0,1
Seychelles,2001,266,8,8,0,0,0,0,4,12,18,19,35,67,72,27,0,4,5,7,9,9,9,10,15,20,28,39,40,32,21,6,8,0,1
Seychelles,2002,259,8,8,0,0,0,0,3,11,19,17,34,64,72,29,0,3,5,6,9,10,7,10,14,20,26,38,40,32,21,8,8,0,0
Seychelles,2003,261,8,8,0,0,0,0,3,10,20,20,33,64,73,30,0,3,5,5,10,10,10,10,14,19,27,37,40,33,21,9,8,0,0
Seychelles,2004,262,8,8,0,0,0,0,2,11,20,20,33,66,73,29,0,2,5,6,10,10,10,10,15,18,27,39,40,33,20,9,8,0,1
Seychelles,2005,261,8,8,0,0,0,0,1,10,20,20,31,65,75,27,0,1,5,5,10,10,10,10,14,17,26,39,40,35,19,8,8,0,1
Seychelles,2006,260,8,8,0,0,0,0,0,10,19,20,31,64,76,27,0,0,5,5,9,10,10,10,14,17,25,39,40,36,19,8,8,0,1
Seychelles,2007,262,9,9,0,0,0,0,0,10,19,20,30,64,76,26,0,0,5,5,9,10,10,10,14,16,25,39,40,36,19,7,9,0,2
Seychelles,2008,263,9,9,0,0,0,0,0,10,18,20,30,63,78,27,0,0,5,5,8,10,10,10,14,16,24,39,41,37,20,7,9,0,2
Seychelles,2009,265,9,9,0,0,0,0,0,10,18,20,28,62,80,28,0,0,5,5,8,10,10,10,13,15,24,38,42,38,21,7,9,0,2
Seychelles,2010,266,9,9,0,0,0,0,0,9,17,20,29,61,81,29,0,0,4,5,7,10,10,10,14,15,24,37,43,38,22,7,9,0,2
Seychelles,2011,257,9,9,0,0,0,0,0,8,16,20,28,57,81,29,0,0,3,5,6,10,10,10,13,15,22,35,43,38,22,7,9,0,1
Seychelles,2012,273,10,10,0,0,0,0,0,8,16,20,30,60,84,32,0,0,3,5,6,10,10,10,14,16,23,37,44,40,24,8,10,0,2
Seychelles,2013,275,9,9,0,0,0,0,0,8,16,26,31,60,83,34,0,0,3,5,6,10,11,15,15,16,23,37,43,40,26,8,9,0,2
Seychelles,2014,277,9,9,0,0,0,0,0,7,15,28,31,58,84,36,0,0,2,5,5,10,14,14,15,16,22,36,43,41,27,9,9,0,2
Seychelles,2015,287,10,10,0,0,0,0,0,6,15,29,31,60,90,37,0,0,1,5,5,10,14,15,15,16,23,37,45,45,28,9,10,0,2
Seychelles,2016,299,10,10,0,0,0,0,0,6,15,31,35,63,92,40,0,0,1,5,5,10,15,16,18,17,25,38,45,47,29,11,10,0,2
Seychelles,2017,303,10,10,0,0,0,0,0,6,15,30,38,62,92,41,0,0,1,5,5,10,14,16,20,18,25,37,45,47,29,12,10,0,2
Seychelles,2018,307,10,10,0,0,0,0,0,6,15,30,40,62,92,42,0,0,1,5,5,10,14,16,20,20,25,37,46,46,30,12,10,0,2
Seychelles,2019,307,9,9,0,0,0,0,0,6,15,30,43,60,91,43,0,0,1,5,5,10,13,17,23,20,24,36,46,45,31,12,9,0,2
Seychelles,2020,315,9,10,1,0,0,0,8,10,15,33,45,60,86,41,3,5,5,5,5,10,15,18,23,22,26,34,43,43,30,11,10,0,2
Seychelles,2021,403,9,9,0,0,0,0,8,13,23,40,59,80,116,52,3,5,5,8,10,13,18,22,29,30,33,47,56,60,39,13,9,0,3
Sierra Leone,1950,33141,11415,21229,9814,1571,717,722,1587,1473,1228,1274,1614,1325,351,49,801,786,766,707,655,573,616,658,797,817,773,552,232,119,41,8,22800,1439,1
Sierra Leone,1951,33209,11618,21098,9480,1583,717,723,1591,1481,1242,1295,1656,1393,378,48,804,787,768,713,662,580,625,670,814,842,805,588,264,114,40,8,22681,1440,1
Sierra Leone,1952,33146,11552,20838,9286,1587,717,725,1594,1490,1256,1316,1698,1460,411,51,804,790,772,718,668,588,634,682,832,866,840,620,304,107,43,8,22425,1442,1
Sierra Leone,1953,32954,11489,20586,9097,1552,709,719,1580,1483,1258,1327,1726,1517,447,52,797,783,768,715,668,590,638,689,844,882,869,648,344,103,44,8,22138,1428,1
Sierra Leone,1954,33105,11524,20554,9030,1505,713,723,1591,1498,1278,1350,1769,1583,491,51,802,789,775,723,678,600,648,702,863,906,905,678,381,110,43,8,22059,1436,1
Sierra Leone,1955,33240,11594,20578,8984,1456,715,721,1585,1499,1285,1366,1805,1644,536,51,799,786,775,724,680,605,655,711,878,927,936,708,412,124,42,9,22034,1436,1
Sierra Leone,1956,33455,11660,20634,8974,1437,719,721,1583,1504,1297,1384,1842,1704,581,48,799,784,776,728,685,612,663,721,895,947,966,738,439,142,40,8,22071,1440,1
Sierra Leone,1957,33664,11699,20654,8955,1422,725,722,1590,1512,1312,1406,1883,1764,626,45,801,789,778,734,693,619,674,732,912,971,994,770,463,163,36,9,22076,1447,1
Sierra Leone,1958,33876,11737,20664,8927,1419,725,728,1599,1523,1328,1428,1922,1824,671,47,805,794,784,739,700,628,684,744,929,993,1020,804,485,186,36,11,22083,1453,1
Sierra Leone,1959,34032,11770,20672,8902,1422,707,729,1595,1524,1338,1443,1958,1884,711,48,804,791,782,742,704,634,690,753,943,1015,1048,836,509,202,38,10,22094,1436,1
Sierra Leone,1960,34228,11854,20762,8908,1428,687,728,1579,1517,1340,1456,1988,1939,751,53,796,783,778,739,705,635,695,761,954,1034,1073,866,531,220,44,9,22190,1415,1
Sierra Leone,1961,34386,11926,20815,8889,1429,669,727,1566,1509,1345,1473,2021,1990,787,60,789,777,772,737,705,640,703,770,967,1054,1097,893,555,232,51,9,22244,1396,1
Sierra Leone,1962,34588,11986,20870,8884,1437,654,730,1561,1509,1355,1491,2050,2044,826,67,786,775,770,739,709,646,710,781,978,1072,1122,922,580,246,59,8,22307,1384,1
Sierra Leone,1963,34766,12062,20936,8874,1442,642,722,1551,1501,1357,1504,2079,2093,862,73,780,771,766,735,708,649,716,788,990,1089,1147,946,604,258,65,8,22378,1364,1
Sierra Leone,1964,34901,12121,20970,8849,1443,642,704,1541,1494,1363,1520,2107,2142,896,80,776,765,761,733,710,653,723,797,1002,1105,1172,970,628,268,71,9,22413,1346,1
Sierra Leone,1965,35029,12133,20974,8841,1447,644,685,1533,1488,1368,1534,2137,2195,932,86,775,758,756,732,710,658,729,805,1015,1122,1199,996,652,280,77,9,22421,1329,1
Sierra Leone,1966,35177,12143,20977,8834,1454,647,667,1527,1482,1377,1553,2173,2255,971,94,774,753,753,729,714,663,737,816,1030,1143,1229,1026,676,295,82,12,22431,1314,1
Sierra Leone,1967,35268,12174,20944,8770,1457,651,651,1526,1480,1383,1569,2202,2302,1004,99,777,749,751,729,715,668,743,826,1043,1159,1251,1051,695,309,87,12,22401,1302,1
Sierra Leone,1968,35484,12178,20905,8727,1478,662,652,1541,1497,1401,1597,2245,2357,1038,105,783,758,759,738,723,678,756,841,1063,1182,1278,1079,716,322,91,14,22383,1314,1
Sierra Leone,1969,35603,12171,20842,8671,1492,671,659,1533,1503,1412,1617,2282,2410,1070,111,771,762,762,741,728,684,765,852,1080,1202,1304,1106,736,334,95,16,22334,1330,1
Sierra Leone,1970,35725,12183,20806,8623,1499,677,667,1518,1502,1421,1638,2315,2461,1103,114,752,766,760,742,731,690,775,863,1094,1221,1327,1134,756,347,98,16,22305,1344,1
Sierra Leone,1971,35810,12209,20765,8556,1503,682,672,1507,1500,1427,1653,2348,2506,1133,121,737,770,758,742,732,695,780,873,1108,1240,1348,1158,776,357,103,18,22268,1354,1
Sierra Leone,1972,35862,12241,20744,8503,1497,682,671,1480,1486,1424,1661,2373,2550,1163,125,714,766,750,736,729,695,783,878,1117,1256,1368,1182,794,369,107,18,22241,1353,1
Sierra Leone,1973,36002,12275,20734,8459,1501,687,680,1470,1488,1431,1677,2410,2597,1195,130,706,764,750,738,732,699,790,887,1133,1277,1391,1206,816,379,112,18,22235,1367,2
Sierra Leone,1974,36113,12365,20790,8425,1494,688,679,1444,1478,1429,1685,2433,2637,1221,135,704,740,745,733,729,700,793,892,1142,1291,1411,1226,834,387,116,19,22284,1367,2
Sierra Leone,1975,36181,12406,20788,8382,1484,687,680,1422,1472,1427,1693,2457,2680,1251,138,705,717,744,728,726,701,796,897,1152,1305,1433,1247,852,399,119,19,22272,1367,2
Sierra Leone,1976,36222,12431,20792,8361,1469,684,678,1394,1462,1421,1697,2479,2721,1276,143,701,693,741,721,722,699,796,901,1159,1320,1453,1268,868,408,122,21,22261,1362,2
Sierra Leone,1977,36287,12459,20785,8326,1462,682,680,1376,1455,1420,1704,2501,2763,1305,149,701,675,739,716,721,699,798,906,1168,1333,1474,1289,887,418,127,22,22247,1362,2
Sierra Leone,1978,36419,12539,20841,8302,1456,681,680,1366,1445,1422,1712,2525,2803,1334,153,704,662,733,712,721,701,801,911,1176,1349,1493,1310,905,429,129,24,22297,1361,2
Sierra Leone,1979,36589,12591,20879,8288,1460,685,689,1379,1434,1424,1723,2551,2847,1358,156,711,668,718,716,721,703,805,918,1186,1365,1516,1331,920,438,132,24,22339,1374,2
Sierra Leone,1980,36910,12649,20946,8297,1480,694,703,1410,1438,1443,1748,2590,2901,1389,163,727,683,709,729,731,712,815,933,1203,1387,1544,1357,940,449,137,26,22426,1397,2
Sierra Leone,1981,37269,12741,21034,8293,1502,708,722,1449,1454,1463,1772,2630,2954,1415,164,748,701,708,746,739,724,826,946,1222,1408,1570,1384,956,459,138,26,22536,1430,2
Sierra Leone,1982,37711,12862,21156,8294,1529,724,743,1494,1474,1488,1803,2675,3011,1445,169,772,722,709,765,752,736,840,963,1242,1433,1599,1412,976,469,142,27,22685,1467,2
Sierra Leone,1983,38186,13008,21327,8319,1555,737,762,1540,1489,1514,1832,2718,3064,1473,172,795,745,714,775,765,749,855,977,1262,1456,1626,1438,994,479,145,27,22882,1499,3
Sierra Leone,1984,38900,13185,21556,8371,1605,766,797,1615,1530,1560,1879,2779,3131,1504,178,834,781,744,786,790,770,876,1003,1292,1487,1661,1470,1015,489,150,28,23161,1563,3
Sierra Leone,1985,39724,13362,21824,8462,1661,802,837,1704,1580,1618,1932,2844,3200,1537,181,880,824,784,796,823,795,903,1029,1323,1521,1697,1503,1038,499,153,28,23485,1639,3
Sierra Leone,1986,40726,13557,22124,8567,1736,849,890,1819,1651,1691,1998,2923,3277,1574,187,940,879,832,819,865,826,934,1064,1362,1561,1739,1538,1063,511,158,29,23860,1739,3
Sierra Leone,1987,41473,13771,22387,8616,1777,872,925,1899,1694,1738,2045,2989,3346,1609,189,981,918,867,827,893,845,956,1089,1393,1596,1775,1571,1088,521,160,29,24164,1797,3
Sierra Leone,1988,42461,13972,22691,8719,1848,914,976,2010,1769,1801,2111,3070,3425,1648,195,1036,974,916,853,926,875,987,1124,1432,1638,1816,1609,1114,534,165,30,24539,1890,3
Sierra Leone,1989,43542,14165,23014,8849,1931,960,1035,2135,1872,1855,2181,3156,3511,1689,199,1099,1036,972,900,943,912,1022,1159,1472,1684,1862,1649,1141,548,169,30,24945,1995,3
Sierra Leone,1990,44378,14359,23290,8931,1992,995,1078,2225,1952,1888,2231,3219,3578,1722,204,1144,1081,1014,938,946,942,1046,1185,1501,1718,1897,1681,1164,558,173,31,25282,2073,3
Sierra Leone,1991,47340,15102,24482,9380,2191,1095,1198,2470,2157,2043,2407,3446,3805,1823,215,1268,1202,1124,1033,1012,1031,1130,1277,1609,1837,2020,1785,1232,591,181,34,26673,2293,3
Sierra Leone,1992,45507,14512,23390,8878,2115,1067,1181,2437,2126,1969,2317,3300,3637,1752,208,1250,1187,1109,1017,965,1004,1089,1228,1542,1758,1931,1706,1183,569,176,32,25505,2248,3
Sierra Leone,1993,45256,14358,23072,8714,2132,1083,1208,2489,2175,1965,2317,3277,3600,1732,206,1277,1212,1136,1039,961,1004,1089,1228,1534,1743,1914,1686,1169,563,174,32,25204,2291,3
Sierra Leone,1994,46143,14374,23194,8820,2245,1145,1274,2624,2291,2028,2393,3346,3650,1744,205,1348,1276,1197,1094,1007,1021,1130,1263,1568,1778,1944,1706,1178,566,173,32,25439,2419,3
Sierra Leone,1995,46227,14273,23039,8766,2272,1163,1301,2679,2344,2044,2424,3358,3656,1740,205,1377,1302,1224,1120,1034,1010,1150,1274,1575,1783,1949,1707,1176,564,173,32,25311,2464,3
Sierra Leone,1996,45154,13983,22391,8408,2205,1149,1295,2670,2333,1988,2374,3274,3562,1703,203,1374,1296,1218,1115,1021,967,1130,1244,1537,1737,1899,1663,1150,553,171,32,24596,2444,3
Sierra Leone,1997,45395,13925,22239,8314,2238,1177,1336,2750,2406,2018,2416,3306,3586,1712,203,1418,1332,1257,1149,1050,968,1155,1261,1554,1752,1912,1674,1155,557,172,31,24477,2513,3
Sierra Leone,1998,46134,13947,22318,8371,2318,1211,1372,2836,2490,2096,2491,3391,3662,1735,206,1463,1373,1295,1195,1100,996,1191,1300,1596,1795,1954,1708,1172,563,173,33,24636,2583,3
Sierra Leone,1999,44964,13588,21474,7886,2205,1177,1378,2865,2526,2143,2446,3295,3548,1698,204,1480,1385,1308,1218,1131,1012,1159,1287,1554,1741,1890,1658,1143,555,172,32,23679,2555,3
Sierra Leone,2000,44152,13370,21107,7737,2187,1164,1345,2768,2436,2054,2362,3271,3549,1696,205,1427,1341,1262,1174,1077,977,1094,1268,1538,1733,1889,1660,1143,553,173,32,23294,2509,3
Sierra Leone,2001,44818,13571,21296,7725,2200,1175,1373,2819,2493,2115,2407,3343,3639,1747,212,1452,1367,1288,1205,1109,1006,1099,1308,1571,1772,1934,1705,1177,570,178,34,23496,2548,3
Sierra Leone,2002,46976,14158,22127,7969,2300,1230,1447,2965,2628,2250,2532,3541,3864,1862,224,1526,1439,1355,1273,1177,1073,1140,1392,1662,1879,2052,1812,1254,608,189,35,24427,2677,3
Sierra Leone,2003,47553,14196,22146,7950,2322,1247,1473,3016,2683,2321,2581,3637,3977,1920,232,1550,1466,1380,1303,1211,1110,1158,1423,1706,1931,2109,1868,1294,626,196,36,24468,2720,3
Sierra Leone,2004,47874,14018,21879,7861,2342,1266,1501,3075,2741,2399,2630,3735,4085,1974,238,1581,1494,1408,1333,1250,1149,1199,1431,1754,1981,2166,1919,1330,644,201,37,24221,2767,4
Sierra Leone,2005,47675,13787,21399,7612,2329,1267,1508,3095,2766,2448,2650,3800,4153,2011,245,1592,1503,1421,1345,1272,1176,1231,1419,1790,2010,2200,1953,1355,656,206,39,23728,2775,4
Sierra Leone,2006,46691,13603,20911,7308,2231,1212,1436,2954,2672,2413,2602,3796,4174,2037,247,1519,1435,1368,1304,1247,1166,1223,1379,1790,2006,2206,1968,1372,665,208,39,23142,2648,4
Sierra Leone,2007,45164,13258,20208,6950,2092,1137,1337,2759,2528,2343,2527,3759,4171,2051,250,1417,1342,1289,1239,1203,1140,1205,1322,1774,1985,2200,1971,1379,672,211,39,22300,2474,4
Sierra Leone,2008,43795,12957,19555,6598,1960,1066,1250,2584,2404,2279,2473,3715,4178,2069,255,1327,1257,1221,1183,1162,1117,1190,1283,1745,1970,2197,1981,1389,680,214,41,21515,2316,4
Sierra Leone,2009,42655,12660,18979,6319,1836,1006,1176,2431,2292,2229,2458,3671,4208,2100,260,1245,1186,1158,1134,1126,1103,1180,1278,1696,1975,2208,2000,1408,692,218,42,20815,2182,4
Sierra Leone,2010,41528,12286,18290,6004,1715,954,1114,2303,2202,2189,2460,3643,4249,2138,264,1175,1128,1106,1096,1098,1091,1177,1283,1651,1992,2222,2027,1431,707,222,42,20005,2068,4
Sierra Leone,2011,40658,11949,17684,5735,1619,909,1065,2202,2129,2164,2470,3639,4315,2187,270,1120,1082,1064,1065,1078,1086,1181,1289,1619,2020,2249,2066,1464,723,228,42,19303,1974,4
Sierra Leone,2012,39867,11616,17092,5476,1541,876,1025,2121,2076,2145,2486,3628,4369,2230,278,1076,1045,1033,1043,1063,1082,1187,1299,1586,2042,2270,2099,1490,740,234,44,18633,1901,4
Sierra Leone,2013,38830,11173,16349,5176,1447,829,979,2026,2007,2112,2489,3608,4421,2273,282,1026,1000,994,1013,1039,1073,1186,1303,1566,2042,2290,2131,1518,755,237,45,17796,1808,4
Sierra Leone,2014,39293,10852,15987,5135,1514,885,1029,2125,2097,2204,2595,3671,4554,2336,290,1077,1048,1039,1058,1084,1120,1238,1357,1620,2051,2360,2194,1560,776,245,45,17501,1914,4
Sierra Leone,2015,38311,10429,15241,4812,1429,839,990,2047,2042,2179,2605,3650,4613,2375,295,1037,1010,1010,1032,1068,1111,1239,1366,1639,2011,2393,2220,1584,791,249,46,16670,1829,5
Sierra Leone,2016,36556,10039,14418,4379,1251,728,886,1840,1876,2067,2547,3580,4641,2414,300,932,908,921,955,1006,1061,1204,1343,1624,1956,2408,2233,1607,807,254,46,15669,1614,5
Sierra Leone,2017,36850,9838,14060,4222,1285,773,929,1899,1931,2127,2634,3635,4774,2483,309,964,935,950,981,1035,1092,1244,1390,1675,1960,2484,2290,1653,830,261,48,15345,1702,5
Sierra Leone,2018,35157,9578,13543,3965,1098,638,789,1645,1729,1986,2536,3555,4780,2536,320,831,814,842,887,958,1028,1189,1347,1646,1909,2466,2314,1684,852,270,50,14641,1427,5
Sierra Leone,2019,35155,9336,13123,3787,1071,634,794,1670,1756,2029,2607,3668,4857,2612,329,843,827,853,903,976,1053,1219,1388,1698,1970,2472,2385,1734,878,277,52,14194,1428,5
Sierra Leone,2020,36775,9068,12687,3619,1036,624,770,1634,1786,2213,2996,4352,5420,2894,358,821,813,851,935,1044,1169,1383,1613,2004,2348,2765,2655,1911,983,303,55,13723,1394,5
Sierra Leone,2021,36995,8812,12258,3446,1005,622,783,1680,1845,2267,3121,4531,5553,2964,366,844,836,878,967,1063,1204,1435,1686,2102,2429,2796,2757,1959,1005,309,57,13263,1405,5
Singapore,1950,7150,1926,2724,798,189,84,104,238,315,457,589,798,843,703,104,115,123,148,167,210,247,305,284,352,446,386,457,455,248,85,19,2913,188,3
Singapore,1951,6814,1924,2668,744,166,79,100,234,311,456,596,756,763,591,85,115,119,145,166,209,247,307,289,331,425,373,390,381,210,69,16,2834,179,3
Singapore,1952,6478,1863,2556,693,148,75,100,232,303,451,606,713,707,506,72,114,118,141,162,205,246,304,302,313,400,375,332,321,185,56,16,2704,175,4
Singapore,1953,6141,1782,2408,626,133,69,95,227,297,448,611,673,668,440,62,113,114,136,161,202,246,296,315,297,376,380,288,276,164,48,14,2541,164,4
Singapore,1954,5700,1653,2203,550,128,63,89,216,285,429,599,625,625,379,58,108,108,130,155,191,238,283,316,280,345,368,257,235,144,44,14,2331,152,4
Singapore,1955,5234,1493,1974,481,115,57,83,203,265,409,577,584,587,326,56,101,102,120,145,181,228,267,310,269,315,348,239,202,124,42,14,2089,140,4
Singapore,1956,5013,1402,1831,429,109,54,78,199,256,402,574,574,579,297,55,98,101,115,141,177,225,264,310,274,300,338,241,183,114,42,13,1940,132,4
Singapore,1957,4848,1350,1753,403,110,52,72,193,247,389,565,566,573,270,56,94,99,111,136,171,218,261,304,282,284,325,248,164,106,42,14,1863,124,4
Singapore,1958,4772,1295,1677,382,110,51,67,189,242,388,568,580,580,257,55,92,97,110,132,171,217,265,303,302,278,317,263,156,101,41,14,1787,118,5
Singapore,1959,4502,1198,1552,354,110,46,60,178,225,367,544,566,557,239,54,86,92,103,122,162,205,256,288,302,264,296,261,146,93,40,14,1662,106,5
Singapore,1960,4324,1076,1397,321,103,48,56,169,221,360,540,578,555,238,53,80,89,101,120,159,201,254,286,310,268,289,266,149,89,39,14,1500,104,5
Singapore,1961,4149,949,1226,277,98,53,53,158,206,346,545,602,562,246,47,76,82,96,110,149,197,255,290,318,284,289,273,161,85,36,11,1324,106,4
Singapore,1962,4007,857,1102,245,92,54,52,147,196,334,541,618,565,261,42,69,78,91,105,144,190,251,290,317,301,289,276,176,85,33,9,1194,106,3
Singapore,1963,3935,799,1019,220,88,55,51,138,189,320,540,638,571,279,41,64,74,88,101,136,184,248,292,318,320,292,279,194,85,33,8,1107,106,2
Singapore,1964,3950,749,952,203,86,56,54,133,183,313,548,670,600,304,44,61,72,85,98,132,181,249,299,327,343,309,291,214,90,36,8,1038,110,2
Singapore,1965,3922,681,870,189,82,57,59,128,178,303,550,693,629,333,44,57,71,82,96,127,176,246,304,334,359,327,302,231,102,36,8,952,116,1
Singapore,1966,4036,646,819,173,79,57,64,125,179,304,569,733,682,374,48,56,69,81,98,126,178,250,319,349,384,358,324,253,121,40,8,898,121,1
Singapore,1967,4041,568,725,157,74,57,67,125,173,298,569,757,727,415,54,58,67,78,95,123,175,244,325,359,398,383,344,273,142,46,8,799,124,1
Singapore,1968,4154,497,637,140,69,58,71,128,175,298,584,800,797,470,70,63,65,79,96,124,174,246,338,377,423,420,377,300,170,58,12,706,129,1
Singapore,1969,4189,444,568,124,65,56,71,128,171,291,574,819,845,513,85,66,62,78,93,123,168,240,334,385,434,441,404,322,191,70,15,633,127,1
Singapore,1970,4334,411,520,109,61,56,72,133,170,290,577,859,910,575,109,75,58,78,92,125,165,238,339,402,457,470,440,357,218,88,21,581,128,1
Singapore,1971,4353,398,495,97,58,53,70,134,169,289,569,884,934,586,109,78,56,77,92,126,163,237,332,415,469,488,446,362,224,89,20,553,123,1
Singapore,1972,4486,392,480,88,53,53,72,140,169,294,578,926,987,616,116,82,58,77,92,129,165,242,336,436,490,520,467,381,235,94,22,533,125,2
Singapore,1973,4547,352,430,78,49,50,71,148,167,298,578,955,1035,645,121,84,64,74,93,129,169,243,335,447,508,547,488,399,246,99,22,479,121,2
Singapore,1974,4502,285,354,69,42,48,70,152,160,294,566,960,1065,660,125,84,68,68,92,126,168,238,328,446,514,562,503,409,251,102,23,396,118,2
Singapore,1975,4460,232,291,59,38,44,68,156,155,293,554,966,1092,674,129,82,74,64,91,123,170,231,323,439,527,574,518,415,259,106,23,329,112,2
Singapore,1976,4491,223,274,51,34,43,65,157,152,291,548,973,1128,687,133,80,77,62,90,120,171,228,320,431,542,587,541,423,264,109,24,308,108,3
Singapore,1977,4644,202,249,47,32,41,64,164,154,295,559,1006,1198,732,145,83,81,65,89,121,174,232,327,435,571,616,582,449,283,118,27,281,105,3
Singapore,1978,4814,204,250,46,31,39,63,169,158,300,570,1030,1263,781,153,84,85,70,88,123,177,240,330,438,592,645,618,479,302,126,27,281,102,3
Singapore,1979,5032,212,257,45,30,36,62,170,165,308,585,1059,1344,840,170,84,86,79,86,128,180,248,337,446,613,683,661,515,325,138,32,287,98,4
Singapore,1980,5187,219,264,45,28,33,60,170,169,310,594,1071,1408,888,181,83,87,88,81,130,180,256,338,450,621,715,693,547,341,147,34,292,93,5
Singapore,1981,5282,210,253,43,27,31,58,170,173,311,598,1070,1461,931,193,82,88,95,78,130,181,262,336,453,617,745,716,577,354,153,40,280,89,6
Singapore,1982,5344,198,239,41,23,28,54,167,182,306,603,1060,1504,965,200,79,88,98,84,125,181,262,341,450,610,770,734,598,367,158,42,262,82,6
Singapore,1983,5377,180,220,40,21,27,51,165,193,298,607,1049,1538,995,209,78,87,101,92,117,181,260,347,445,604,778,760,609,386,163,46,241,78,6
Singapore,1984,5580,174,210,36,20,27,48,168,208,303,629,1070,1619,1050,223,78,90,105,103,115,188,265,364,452,618,803,816,637,413,174,49,230,75,5
Singapore,1985,5541,175,211,36,20,24,44,158,211,291,620,1047,1622,1056,228,72,86,102,109,111,180,258,362,444,603,785,837,641,415,181,47,231,68,6
Singapore,1986,5650,150,186,36,18,23,41,156,218,288,625,1056,1672,1115,238,70,86,102,116,116,172,261,364,454,602,792,880,686,429,198,40,204,64,13
Singapore,1987,5684,159,193,34,17,19,40,151,221,278,610,1040,1676,1170,254,66,85,102,119,120,158,256,354,454,586,782,894,736,434,211,43,210,59,13
Singapore,1988,6036,175,208,33,16,19,40,156,234,285,630,1085,1764,1305,286,69,87,107,127,132,153,264,366,480,605,816,948,837,468,235,51,224,59,11
Singapore,1989,6208,151,181,30,16,17,37,155,240,294,624,1103,1797,1423,312,68,87,109,131,143,151,257,367,492,611,826,971,923,500,251,61,197,54,8
Singapore,1990,6415,160,188,28,16,16,35,154,247,310,614,1121,1821,1553,329,67,87,113,134,155,155,246,368,500,621,833,988,1002,551,260,69,204,51,8
Singapore,1991,6365,129,155,26,15,16,30,146,241,321,592,1104,1766,1634,331,61,85,110,131,161,160,231,361,489,615,803,963,1020,614,256,75,170,46,11
Singapore,1992,6558,118,144,26,15,15,27,137,246,352,602,1131,1769,1756,350,57,80,110,136,175,177,229,373,498,633,800,969,1042,714,265,85,159,42,14
Singapore,1993,6828,108,134,26,15,15,26,133,251,384,618,1178,1793,1883,391,53,80,110,141,187,197,230,388,520,658,808,985,1061,822,292,99,149,41,14
Singapore,1994,7259,99,124,25,15,15,26,127,257,427,647,1256,1862,2034,458,50,77,111,146,201,226,242,405,557,699,842,1020,1096,938,347,111,139,41,14
Singapore,1995,7652,101,125,24,15,15,25,118,264,463,674,1328,1917,2140,551,45,73,112,152,210,253,262,412,591,737,873,1044,1118,1022,430,121,140,40,15
Singapore,1996,7585,87,110,23,15,15,24,107,251,469,662,1319,1876,2093,620,41,66,105,146,205,264,273,389,583,736,868,1008,1080,1013,502,118,125,39,20
Singapore,1997,7410,90,111,21,11,13,21,98,238,466,642,1277,1829,2008,663,37,61,98,140,197,269,282,360,557,720,863,966,1042,966,553,110,122,34,28
Singapore,1998,7184,72,93,21,11,12,21,88,222,457,625,1221,1782,1918,702,33,55,90,132,191,266,291,334,529,692,858,924,1002,916,587,115,104,33,31
Singapore,1999,7260,66,86,20,10,11,20,86,215,460,645,1208,1815,1910,765,32,54,85,130,190,270,313,332,523,685,887,928,1004,906,628,137,96,31,30
Singapore,2000,7204,72,90,18,10,11,19,79,202,451,664,1163,1817,1865,811,29,50,80,122,186,265,331,333,502,661,886,931,980,885,640,171,100,30,23
Singapore,2001,7417,55,71,16,10,10,19,73,198,453,713,1167,1890,1907,888,28,45,77,121,186,267,356,357,489,678,902,988,998,909,660,228,81,29,19
Singapore,2002,7573,56,72,16,10,10,17,70,189,452,754,1153,1938,1942,940,28,42,73,116,185,267,373,381,463,690,903,1035,1011,931,667,273,82,27,27
Singapore,2003,7693,49,66,17,10,10,17,69,182,451,797,1130,1977,1975,969,28,41,71,111,183,268,385,412,443,687,905,1072,1025,950,670,299,76,27,39
Singapore,2004,7730,45,59,14,8,9,16,62,172,439,825,1101,1999,2003,985,25,37,66,106,175,264,386,439,438,663,904,1095,1044,959,674,311,67,25,50
Singapore,2005,7561,43,57,14,8,7,15,57,156,419,826,1053,1951,1980,972,23,34,60,96,164,255,371,455,442,611,877,1074,1044,936,665,307,65,22,60
Singapore,2006,7742,44,57,13,7,7,14,57,150,415,859,1059,1978,2055,1012,23,34,57,93,160,255,374,485,468,591,882,1096,1098,957,690,322,64,21,71
Singapore,2007,8054,45,59,14,7,7,14,57,148,416,903,1083,2028,2166,1079,23,34,56,92,159,257,382,521,504,579,900,1128,1173,993,733,346,66,21,87
Singapore,2008,8475,45,59,14,6,7,14,57,146,420,956,1135,2100,2312,1160,23,34,55,91,158,262,397,559,563,572,927,1173,1266,1046,784,376,65,21,103
Singapore,2009,8812,45,59,14,6,6,13,57,143,417,987,1201,2137,2437,1231,23,34,53,90,155,262,405,582,630,571,935,1202,1340,1097,825,406,65,19,116
Singapore,2010,9194,44,58,14,6,6,13,57,140,416,1011,1306,2169,2579,1302,22,35,53,87,153,263,416,595,707,599,928,1241,1408,1171,860,442,64,19,130
Singapore,2011,9416,46,60,14,6,6,13,53,136,409,1020,1400,2146,2686,1342,21,32,53,83,151,258,420,600,752,648,883,1263,1440,1246,871,471,66,19,143
Singapore,2012,9634,48,62,14,6,5,12,53,130,396,1025,1491,2130,2798,1366,21,32,51,79,145,251,418,607,781,710,840,1290,1467,1331,882,484,68,17,159
Singapore,2013,9917,45,60,15,6,5,11,49,125,386,1041,1594,2134,2933,1401,19,30,50,75,141,245,418,623,818,776,824,1310,1510,1423,908,493,66,16,170
Singapore,2014,10231,47,61,14,5,5,11,47,123,377,1054,1695,2150,3071,1455,18,29,50,73,137,240,417,637,857,838,838,1312,1562,1509,955,500,66,16,176
Singapore,2015,10510,46,60,14,5,5,11,45,117,365,1057,1787,2168,3185,1524,18,27,46,71,131,234,413,644,890,897,877,1291,1608,1577,1024,500,65,16,178
Singapore,2016,10803,39,53,14,5,5,10,43,115,353,1052,1899,2185,3285,1619,17,26,45,70,125,228,406,646,915,984,925,1260,1652,1633,1118,501,58,15,184
Singapore,2017,11117,37,51,14,5,5,9,40,109,337,1037,2022,2206,3373,1721,16,24,41,68,117,220,395,642,927,1095,986,1220,1694,1679,1214,507,56,14,203
Singapore,2018,11445,35,49,14,5,5,8,37,106,324,1020,2136,2263,3458,1826,15,22,40,66,112,212,383,637,934,1202,1070,1193,1725,1733,1304,522,54,13,209
Singapore,2019,11699,33,47,14,5,5,7,34,98,309,991,2211,2364,3499,1924,14,20,36,62,107,202,368,623,931,1280,1175,1189,1719,1780,1370,554,52,12,201
Singapore,2020,12975,31,45,14,7,10,13,56,126,360,999,1956,2470,4297,2421,24,32,50,76,127,233,387,612,863,1093,1194,1276,1987,2310,1707,714,52,23,212
Singapore,2021,14182,27,40,13,8,14,15,54,118,349,965,1981,2887,4818,2722,22,32,46,72,123,226,376,589,852,1129,1390,1497,2155,2663,1881,841,48,29,211
Sint Maarten (Dutch part),1950,18,2,2,0,0,0,0,0,0,0,0,0,4,6,0,0,0,0,0,0,0,0,0,0,0,0,4,5,1,0,0,2,0,0
Sint Maarten (Dutch part),1951,17,2,2,0,0,0,0,0,0,0,0,0,3,7,0,0,0,0,0,0,0,0,0,0,0,0,3,5,2,0,0,2,0,0
Sint Maarten (Dutch part),1952,16,2,2,0,0,0,0,0,0,0,0,0,1,4,0,0,0,0,0,0,0,0,0,0,0,0,1,4,0,0,0,2,0,0
Sint Maarten (Dutch part),1953,16,2,2,0,0,0,0,0,0,0,0,0,1,4,0,0,0,0,0,0,0,0,0,0,0,0,1,3,1,0,0,2,0,0
Sint Maarten (Dutch part),1954,15,2,2,0,0,0,0,0,0,0,0,0,0,3,0,0,0,0,0,0,0,0,0,0,0,0,0,2,1,0,0,2,0,0
Sint Maarten (Dutch part),1955,15,2,2,0,0,0,0,0,0,0,0,0,0,1,0,0,0,0,0,0,0,0,0,0,0,0,0,1,0,0,0,2,0,0
Sint Maarten (Dutch part),1956,16,2,2,0,0,0,0,0,0,0,0,0,0,0,0,0,0,0,0,0,0,0,0,0,0,0,0,0,0,0,0,2,0,0
Sint Maarten (Dutch part),1957,15,1,1,0,0,0,0,0,0,0,0,0,1,0,0,0,0,0,0,0,0,0,0,0,0,0,1,0,0,0,0,1,0,0
Sint Maarten (Dutch part),1958,16,1,1,0,0,0,0,0,0,0,0,0,5,0,0,0,0,0,0,0,0,0,0,0,0,1,4,0,0,0,0,1,0,0
Sint Maarten (Dutch part),1959,16,1,1,0,0,0,0,0,0,0,0,0,6,1,0,0,0,0,0,0,0,0,0,0,0,1,5,1,0,0,0,1,0,0
Sint Maarten (Dutch part),1960,17,1,1,0,0,0,0,0,0,0,0,0,5,2,0,0,0,0,0,0,0,0,0,0,0,0,5,2,0,0,0,1,0,0
Sint Maarten (Dutch part),1961,18,1,1,0,0,0,0,0,0,0,0,0,5,3,0,0,0,0,0,0,0,0,0,0,0,0,5,3,0,0,0,1,0,0
Sint Maarten (Dutch part),1962,18,2,2,0,0,0,0,0,0,0,0,0,4,4,0,0,0,0,0,0,0,0,0,0,0,0,4,4,0,0,0,2,0,0
Sint Maarten (Dutch part),1963,17,1,1,0,0,0,0,0,0,0,0,0,3,5,0,0,0,0,0,0,0,0,0,0,0,0,3,5,0,0,0,1,0,0
Sint Maarten (Dutch part),1964,17,2,2,0,0,0,0,0,0,0,0,0,2,6,0,0,0,0,0,0,0,0,0,0,0,0,2,5,1,0,0,2,0,0
Sint Maarten (Dutch part),1965,19,2,2,0,0,0,0,0,0,0,0,0,1,7,0,0,0,0,0,0,0,0,0,0,0,0,1,5,2,0,0,2,0,0
Sint Maarten (Dutch part),1966,18,2,2,0,0,0,0,0,0,0,0,0,0,7,0,0,0,0,0,0,0,0,0,0,0,0,0,5,2,0,0,2,0,0
Sint Maarten (Dutch part),1967,17,2,2,0,0,0,0,0,0,0,0,0,0,6,0,0,0,0,0,0,0,0,0,0,0,0,0,4,2,0,0,2,0,0
Sint Maarten (Dutch part),1968,17,2,2,0,0,0,0,0,0,0,0,0,0,6,0,0,0,0,0,0,0,0,0,0,0,0,0,3,3,0,0,2,0,0
Sint Maarten (Dutch part),1969,16,2,2,0,0,0,0,0,0,0,0,0,0,3,0,0,0,0,0,0,0,0,0,0,0,0,0,1,2,0,0,2,0,0
Sint Maarten (Dutch part),1970,16,2,2,0,0,0,0,0,0,0,0,0,0,3,0,0,0,0,0,0,0,0,0,0,0,0,0,1,2,0,0,2,0,0
Sint Maarten (Dutch part),1971,19,2,2,0,0,0,0,0,0,0,0,0,0,4,0,0,0,0,0,0,0,0,0,0,0,0,0,0,4,0,0,2,0,0
Sint Maarten (Dutch part),1972,19,2,2,0,0,0,0,0,0,0,0,0,0,4,0,0,0,0,0,0,0,0,0,0,0,0,0,0,4,0,0,2,0,0
Sint Maarten (Dutch part),1973,19,2,2,0,0,0,0,0,0,0,0,0,0,3,1,0,0,0,0,0,0,0,0,0,0,0,0,0,3,1,0,2,0,0
Sint Maarten (Dutch part),1974,19,2,2,0,0,0,0,0,0,0,0,0,0,2,1,0,0,0,0,0,0,0,0,0,0,0,0,0,2,1,0,2,0,0
Sint Maarten (Dutch part),1975,19,2,2,0,0,0,0,0,0,0,0,0,0,1,2,0,0,0,0,0,0,0,0,0,0,0,0,0,1,2,0,2,0,0
Sint Maarten (Dutch part),1976,20,2,2,0,0,0,0,0,0,0,0,1,0,0,0,0,0,0,0,0,0,0,0,0,1,0,0,0,0,0,0,2,0,0
Sint Maarten (Dutch part),1977,22,3,3,0,0,0,0,0,0,0,0,2,1,0,0,0,0,0,0,0,0,0,0,0,2,1,0,0,0,0,0,3,0,0
Sint Maarten (Dutch part),1978,23,3,3,0,0,0,0,0,0,0,0,2,2,0,0,0,0,0,0,0,0,0,0,0,2,2,0,0,0,0,0,3,0,0
Sint Maarten (Dutch part),1979,24,3,3,0,0,0,0,0,0,0,0,1,3,0,0,0,0,0,0,0,0,0,0,0,1,3,0,0,0,0,0,3,0,0
Sint Maarten (Dutch part),1980,26,3,3,0,0,0,0,0,0,0,0,1,7,0,0,0,0,0,0,0,0,0,0,0,1,5,2,0,0,0,0,3,0,0
Sint Maarten (Dutch part),1981,27,3,3,0,0,0,0,0,0,0,0,1,10,1,0,0,0,0,0,0,0,0,0,0,1,5,5,1,0,0,0,3,0,0
Sint Maarten (Dutch part),1982,26,3,3,0,0,0,0,0,0,0,0,0,10,2,0,0,0,0,0,0,0,0,0,0,0,5,5,2,0,0,0,3,0,0
Sint Maarten (Dutch part),1983,28,3,3,0,0,0,0,0,0,0,0,1,10,3,0,0,0,0,0,0,0,0,0,0,1,5,5,3,0,0,0,3,0,0
Sint Maarten (Dutch part),1984,30,4,4,0,0,0,0,0,0,0,0,5,10,4,0,0,0,0,0,0,0,0,0,0,5,5,5,4,0,0,0,4,0,0
Sint Maarten (Dutch part),1985,33,4,4,0,0,0,0,0,0,0,0,5,10,4,0,0,0,0,0,0,0,0,0,0,5,5,5,4,0,0,0,4,0,0
Sint Maarten (Dutch part),1986,35,4,4,0,0,0,0,0,0,0,0,5,10,5,0,0,0,0,0,0,0,0,0,0,5,5,5,5,0,0,0,4,0,0
Sint Maarten (Dutch part),1987,38,5,5,0,0,0,0,0,0,0,0,5,10,6,0,0,0,0,0,0,0,0,0,0,5,5,5,5,1,0,0,5,0,0
Sint Maarten (Dutch part),1988,39,5,5,0,0,0,0,0,0,0,0,6,10,6,0,0,0,0,0,0,0,0,0,1,5,5,5,5,1,0,0,5,0,0
Sint Maarten (Dutch part),1989,43,6,6,0,0,0,0,0,0,0,0,6,10,7,0,0,0,0,0,0,0,0,0,1,5,5,5,5,2,0,0,6,0,0
Sint Maarten (Dutch part),1990,45,6,6,0,0,0,0,0,0,0,0,6,10,7,0,0,0,0,0,0,0,0,0,1,5,5,5,5,2,0,0,6,0,0
Sint Maarten (Dutch part),1991,49,6,6,0,0,0,0,0,0,0,0,7,10,7,0,0,0,0,0,0,0,0,0,2,5,5,5,5,2,0,0,6,0,0
Sint Maarten (Dutch part),1992,51,6,6,0,0,0,0,0,0,0,0,7,10,7,0,0,0,0,0,0,0,0,0,2,5,5,5,5,2,0,0,6,0,0
Sint Maarten (Dutch part),1993,54,6,7,1,0,0,0,0,3,10,0,7,10,8,0,0,0,0,3,5,5,0,0,2,5,5,5,5,3,0,0,7,0,0
Sint Maarten (Dutch part),1994,55,6,6,0,0,0,0,0,3,10,2,7,11,9,0,0,0,0,3,5,5,2,0,2,5,5,6,5,4,0,0,6,0,0
Sint Maarten (Dutch part),1995,56,6,6,0,0,0,0,0,2,10,5,6,11,10,0,0,0,0,2,5,5,5,0,1,5,5,6,6,4,0,0,6,0,0
Sint Maarten (Dutch part),1996,55,5,5,0,0,0,0,0,1,10,6,6,10,12,0,0,0,0,1,5,5,5,1,1,5,5,5,7,5,0,0,5,0,0
Sint Maarten (Dutch part),1997,52,5,5,0,0,0,0,0,0,9,6,4,10,11,1,0,0,0,0,4,5,5,1,0,4,5,5,6,5,1,0,5,0,0
Sint Maarten (Dutch part),1998,54,4,4,0,0,0,0,0,0,9,9,5,10,12,2,0,0,0,0,4,5,5,4,0,5,5,5,7,5,2,0,4,0,0
Sint Maarten (Dutch part),1999,48,3,3,0,0,0,0,0,0,6,6,3,10,10,2,0,0,0,0,1,5,5,1,0,3,5,5,5,5,2,0,3,0,0
Sint Maarten (Dutch part),2000,52,3,3,0,0,0,0,0,0,7,10,4,10,10,3,0,0,0,0,2,5,5,5,0,4,5,5,5,5,3,0,3,0,0
Sint Maarten (Dutch part),2001,52,3,3,0,0,0,0,0,0,8,10,6,10,10,3,0,0,0,0,3,5,5,5,2,4,5,5,5,5,3,0,3,0,0
Sint Maarten (Dutch part),2002,52,3,3,0,0,0,0,0,0,7,10,8,10,10,4,0,0,0,0,2,5,5,5,4,4,5,5,5,5,4,0,3,0,0
Sint Maarten (Dutch part),2003,57,3,3,0,0,0,0,0,0,7,10,10,10,13,4,0,0,0,0,2,5,5,5,5,5,5,5,8,5,4,0,3,0,0
Sint Maarten (Dutch part),2004,59,3,3,0,0,0,0,0,0,7,10,10,10,14,5,0,0,0,0,2,5,5,5,5,5,5,5,9,5,4,1,3,0,0
Sint Maarten (Dutch part),2005,55,3,3,0,0,0,0,0,0,6,10,10,10,12,3,0,0,0,0,1,5,5,5,5,5,5,5,7,5,2,1,3,0,0
Sint Maarten (Dutch part),2006,55,3,3,0,0,0,0,0,0,5,10,10,10,12,3,0,0,0,0,0,5,5,5,5,5,5,5,6,6,3,0,3,0,0
Sint Maarten (Dutch part),2007,59,2,2,0,0,0,0,0,0,7,10,10,10,14,3,0,0,0,0,2,5,5,5,5,5,5,5,7,7,3,0,2,0,0
Sint Maarten (Dutch part),2008,60,3,3,0,0,0,0,0,0,6,10,10,10,16,3,0,0,0,0,1,5,5,5,5,5,5,5,8,8,3,0,3,0,0
Sint Maarten (Dutch part),2009,64,3,3,0,0,0,0,0,0,6,10,10,10,17,4,0,0,0,0,1,5,5,5,5,5,5,5,8,9,4,0,3,0,0
Sint Maarten (Dutch part),2010,69,3,3,0,0,0,0,0,0,6,10,10,10,18,6,0,0,0,0,1,5,5,5,5,5,5,5,8,10,6,0,3,0,0
Sint Maarten (Dutch part),2011,79,3,3,0,0,0,0,0,0,8,10,12,10,18,8,0,0,0,0,3,5,5,5,6,6,5,5,8,10,7,1,3,0,0
Sint Maarten (Dutch part),2012,81,3,3,0,0,0,0,0,0,7,10,14,11,17,9,0,0,0,0,2,5,5,5,6,8,6,5,7,10,7,2,3,0,0
Sint Maarten (Dutch part),2013,66,1,1,0,0,0,0,0,0,9,10,18,12,1,8,0,0,0,0,4,5,5,5,8,10,7,5,1,0,1,7,1,0,1
Sint Maarten (Dutch part),2014,55,1,1,0,0,0,0,0,0,7,10,12,10,1,5,0,0,0,0,2,5,5,5,5,7,5,5,1,0,0,5,1,0,1
Sint Maarten (Dutch part),2015,58,1,1,0,0,0,0,0,0,7,10,16,13,1,4,0,0,0,0,2,5,5,5,6,10,8,5,1,0,0,4,1,0,1
Sint Maarten (Dutch part),2016,70,1,1,0,0,0,0,0,0,7,17,20,15,2,3,0,0,0,0,2,5,7,10,10,10,10,5,2,0,0,3,1,0,1
Sint Maarten (Dutch part),2017,86,1,1,0,0,0,0,0,0,7,20,23,20,2,3,0,0,0,0,2,5,10,10,10,13,12,8,2,0,0,3,1,0,1
Sint Maarten (Dutch part),2018,93,2,2,0,0,0,0,0,0,7,20,26,26,4,0,0,0,0,0,2,5,10,10,11,15,15,11,4,0,0,0,2,0,2
Sint Maarten (Dutch part),2019,93,2,2,0,0,0,0,0,0,6,20,26,28,6,0,0,0,0,0,1,5,10,10,11,15,16,12,6,0,0,0,2,0,1
Sint Maarten (Dutch part),2020,113,2,2,0,0,0,0,0,0,5,24,35,35,8,0,0,0,0,0,0,5,10,14,15,20,21,14,8,0,0,0,2,0,1
Sint Maarten (Dutch part),2021,138,2,2,0,0,0,0,0,0,6,29,41,44,10,0,0,0,0,0,0,6,12,17,20,21,24,20,9,1,0,0,2,0,1
Slovakia,1950,19645,4831,5445,614,151,120,265,804,624,1029,1648,2750,4028,2461,317,401,403,244,380,459,570,757,891,1221,1529,1997,2031,1580,881,267,50,5596,385,7
Slovakia,1951,19607,4625,5346,721,125,118,224,682,523,1027,1657,2724,4078,2742,351,333,349,210,313,464,563,747,910,1132,1592,1920,2158,1736,1006,303,48,5471,342,7
Slovakia,1952,17980,3265,3763,498,84,98,169,521,534,896,1703,2716,4227,2872,381,244,277,268,266,409,487,757,946,1084,1632,1979,2248,1822,1050,331,50,3847,267,8
Slovakia,1953,17444,2740,3251,511,98,69,126,380,448,887,1650,2825,4293,2994,416,164,216,247,201,350,537,710,940,1123,1702,2066,2227,1920,1074,358,58,3349,195,6
Slovakia,1954,17302,2196,2652,456,104,69,108,379,443,858,1604,2917,4583,3173,408,182,197,261,182,347,511,706,898,1152,1765,2139,2444,2087,1086,354,54,2756,177,4
Slovakia,1955,16007,1870,2261,391,94,72,90,341,379,873,1594,2699,4242,2929,431,142,199,212,167,353,520,685,909,1127,1572,2014,2228,1828,1101,370,61,2355,162,3
Slovakia,1956,15787,1698,2029,331,108,66,92,317,406,775,1582,2754,4322,2937,398,142,175,209,197,301,474,665,917,1178,1576,2138,2184,1878,1059,342,56,2137,158,3
Slovakia,1957,17270,1922,2308,386,116,63,94,301,452,737,1658,3082,4624,3355,474,128,173,214,238,266,471,722,936,1342,1740,2223,2401,2162,1193,410,64,2424,157,5
Slovakia,1958,15276,1434,1744,310,92,64,89,242,424,681,1485,2701,4262,3049,440,111,131,201,223,218,463,639,846,1238,1463,2029,2233,1930,1119,379,61,1836,153,5
Slovakia,1959,16324,1244,1616,372,90,60,79,226,406,673,1557,2926,4779,3440,468,104,122,177,229,203,470,648,909,1339,1587,2323,2456,2137,1303,404,64,1706,139,5
Slovakia,1960,15176,1111,1355,244,73,63,60,217,378,591,1488,2822,4440,3261,426,104,113,152,226,192,399,599,889,1286,1536,2129,2311,2039,1222,368,58,1428,123,5
Slovakia,1961,14946,1045,1245,200,95,57,71,200,350,596,1453,2853,4421,3148,451,99,101,137,213,202,394,574,879,1209,1644,2048,2373,1998,1150,390,61,1340,128,4
Slovakia,1962,16350,893,1100,207,96,63,69,180,359,597,1519,3166,4928,3722,542,75,105,130,229,253,344,622,897,1347,1819,2226,2702,2294,1428,468,74,1196,132,5
Slovakia,1963,15533,977,1171,194,98,66,81,191,337,600,1454,3114,4441,3465,505,95,96,140,197,313,287,613,841,1302,1812,1990,2451,2198,1267,435,70,1269,147,5
Slovakia,1964,15530,946,1131,185,81,48,75,169,349,590,1520,3056,4568,3428,505,75,94,150,199,300,290,628,892,1313,1743,2123,2445,2194,1234,429,76,1212,123,5
Slovakia,1965,16918,1041,1269,228,88,65,76,184,346,605,1487,3324,5034,3830,601,82,102,152,194,327,278,602,885,1351,1973,2343,2691,2382,1448,511,90,1357,141,7
Slovakia,1966,16870,926,1132,206,78,62,79,174,321,607,1489,3343,5059,3920,596,82,92,123,198,319,288,557,932,1372,1971,2451,2608,2477,1443,506,90,1210,141,7
Slovakia,1967,16415,810,1000,190,74,70,86,181,294,661,1410,3240,4989,3790,610,87,94,110,184,300,361,484,926,1316,1924,2522,2467,2370,1420,517,93,1074,156,8
Slovakia,1968,17485,711,891,180,72,66,89,188,348,783,1466,3468,5360,4068,676,89,99,149,199,345,438,471,995,1362,2106,2612,2748,2493,1575,577,99,963,155,9
Slovakia,1969,18270,870,1046,176,93,74,86,167,324,807,1448,3720,5768,4114,609,90,77,121,203,300,507,439,1009,1484,2236,2857,2911,2498,1616,514,95,1139,160,10
Slovakia,1970,19200,858,1031,173,77,67,101,178,343,820,1456,3703,6289,4437,681,98,80,133,210,293,527,440,1016,1523,2180,3171,3118,2782,1655,574,107,1108,168,12
Slovakia,1971,19210,836,991,155,72,43,84,201,304,848,1459,3693,6491,4324,692,100,101,98,206,321,527,537,922,1546,2147,3190,3301,2638,1686,581,111,1063,127,11
Slovakia,1972,18493,910,1048,138,79,45,81,196,339,790,1389,3487,5970,4352,705,97,99,142,197,304,486,613,776,1414,2073,2817,3153,2700,1652,593,112,1127,126,11
Slovakia,1973,19816,1011,1175,164,67,59,98,211,312,809,1414,3673,6576,4662,748,97,114,121,191,304,505,707,707,1504,2169,3082,3494,2847,1815,632,116,1242,157,10
Slovakia,1974,20180,945,1088,143,62,56,87,196,310,782,1422,3810,6746,4768,839,94,102,131,179,302,480,771,651,1523,2287,3083,3663,2853,1915,702,137,1150,143,13
Slovakia,1975,20251,984,1128,144,85,59,80,169,293,723,1412,3708,6794,5001,791,88,81,115,178,259,464,760,652,1492,2216,3068,3726,3146,1855,663,128,1213,139,11
Slovakia,1976,20438,1029,1156,127,69,55,92,202,299,721,1468,3488,6917,5147,815,95,107,130,169,275,446,736,732,1321,2167,3146,3771,3251,1896,691,124,1225,147,11
Slovakia,1977,20975,859,976,117,63,48,78,174,280,755,1637,3600,7084,5401,867,89,85,117,163,289,466,751,886,1270,2330,3072,4012,3482,1919,730,137,1039,126,13
Slovakia,1978,21347,911,1050,139,76,47,82,201,312,799,1856,3359,7171,5512,865,89,112,143,169,311,488,801,1055,1110,2249,3195,3976,3619,1893,720,145,1126,129,13
Slovakia,1979,21465,880,997,117,47,40,77,188,290,707,1904,3133,7351,5775,938,90,98,125,165,261,446,715,1189,920,2213,3272,4079,3699,2076,785,153,1044,117,15
Slovakia,1980,22643,812,942,130,52,40,73,179,319,727,1911,3225,7760,6341,1061,72,107,131,188,289,438,684,1227,1030,2195,3478,4282,4037,2304,890,171,994,113,15
Slovakia,1981,22144,721,826,105,69,53,67,209,315,685,1939,3141,7472,6431,926,95,114,126,189,254,431,753,1186,1104,2037,3370,4102,4069,2362,773,153,895,120,12
Slovakia,1982,22627,696,801,105,60,41,58,175,317,672,1857,3285,7644,6701,998,70,105,142,175,256,416,696,1161,1370,1915,3442,4202,4168,2533,836,162,861,99,14
Slovakia,1983,23579,683,783,100,65,43,65,153,345,733,1917,3397,7844,7138,1078,72,81,154,191,297,436,731,1186,1648,1749,3499,4345,4387,2751,899,179,848,108,16
Slovakia,1984,23149,665,766,101,57,50,57,138,338,713,1809,3242,7786,7015,1163,57,81,142,196,286,427,776,1033,1783,1459,3381,4405,4283,2732,973,190,823,107,16
Slovakia,1985,23850,613,705,92,62,46,59,189,357,743,1905,3248,7926,7347,1245,76,113,131,226,281,462,718,1187,1759,1489,3413,4513,4462,2885,1062,183,767,105,17
Slovakia,1986,24244,524,601,77,50,42,79,170,363,745,1831,3424,7952,7633,1336,75,95,136,227,299,446,698,1133,1786,1638,3191,4761,4489,3144,1149,187,651,121,16
Slovakia,1987,23632,489,602,113,56,37,65,168,389,783,1812,3795,7248,7387,1271,58,110,138,251,286,497,728,1084,1767,2028,2812,4436,4388,2999,1087,184,658,102,16
Slovakia,1988,23517,434,534,100,44,32,61,168,398,744,1739,4185,6803,7444,1349,67,101,188,210,274,470,635,1104,1748,2437,2392,4411,4386,3058,1153,196,578,93,17
Slovakia,1989,24237,463,549,86,56,43,76,170,377,737,1697,4350,6562,8101,1499,67,103,138,239,310,427,608,1089,1715,2635,2171,4391,4775,3326,1273,226,605,119,17
Slovakia,1990,24383,397,478,81,46,51,78,171,414,800,1785,4370,6488,8065,1615,75,96,143,271,345,455,677,1108,1649,2721,2158,4330,4803,3262,1369,246,524,129,19
Slovakia,1991,24689,463,537,74,58,42,77,152,390,854,1749,4405,6598,8122,1680,66,86,154,236,368,486,704,1045,1692,2713,2532,4066,4861,3261,1417,263,595,119,21
Slovakia,1992,23957,379,457,78,52,38,64,141,372,815,1634,4223,6424,8054,1659,70,71,128,244,355,460,642,992,1592,2631,2920,3504,4760,3294,1388,271,509,102,23
Slovakia,1993,23955,310,387,77,38,39,80,147,361,777,1625,4060,6478,8194,1744,65,82,121,240,342,435,631,994,1556,2504,3420,3058,4755,3439,1452,292,425,119,23
Slovakia,1994,23715,292,345,53,36,44,73,129,345,812,1499,3894,6359,8369,1784,70,59,107,238,356,456,603,896,1554,2340,3724,2635,4784,3585,1484,300,381,117,25
Slovakia,1995,24534,279,343,64,38,39,70,129,329,779,1568,4025,6556,8680,1950,52,77,127,202,337,442,672,896,1552,2473,3762,2794,4879,3801,1618,332,381,109,29
Slovakia,1996,23664,273,314,41,44,37,66,109,318,824,1452,3823,6730,7903,2003,56,53,120,198,330,494,580,872,1439,2384,3540,3190,4241,3662,1638,365,358,103,35
Slovakia,1997,24340,227,280,53,42,26,78,136,320,871,1629,3704,7429,7727,2060,75,61,110,210,352,519,672,957,1354,2350,3614,3815,3855,3872,1702,358,322,104,35
Slovakia,1998,24516,227,296,69,35,43,70,141,321,854,1574,3665,7930,7432,2123,64,77,120,201,351,503,652,922,1341,2324,3413,4517,3384,4048,1743,380,331,113,37
Slovakia,1999,24324,204,243,39,42,40,51,159,281,879,1613,3477,8204,6977,2318,80,79,91,190,313,566,694,919,1288,2189,3264,4940,2949,4028,1898,420,285,91,42
Slovakia,2000,24590,190,224,34,34,29,73,142,237,841,1523,3405,8279,7278,2479,62,80,71,166,314,527,668,855,1298,2107,3355,4924,3305,3973,2034,445,258,102,44
Slovakia,2001,24294,132,167,35,23,27,68,142,251,870,1624,3250,8081,7206,2537,56,86,94,157,312,558,720,904,1268,1982,3257,4824,3608,3598,2049,488,190,95,50
Slovakia,2002,24066,200,236,36,28,32,61,147,230,808,1627,3207,7819,7417,2410,66,81,89,141,285,523,703,924,1252,1955,3164,4655,4235,3182,1948,462,264,93,45
Slovakia,2003,24499,177,228,51,17,30,60,141,258,787,1698,3132,7739,7749,2608,76,65,91,167,271,516,739,959,1225,1907,3131,4608,5022,2727,2114,494,245,90,52
Slovakia,2004,24526,166,208,42,28,35,53,134,213,818,1768,3086,7573,7943,2607,62,72,80,133,280,538,758,1010,1200,1886,3071,4502,5530,2413,2088,519,236,88,59
Slovakia,2005,25320,168,201,33,21,13,55,135,255,799,1772,3061,7395,8688,2858,57,78,100,155,273,526,789,983,1270,1791,2962,4433,5777,2911,2280,578,222,68,66
Slovakia,2006,25176,152,180,28,22,20,40,111,234,728,1897,3022,7359,8978,2523,49,62,91,143,258,470,841,1056,1240,1782,2923,4436,5677,3301,1936,587,202,60,66
Slovakia,2007,25612,146,182,36,30,22,46,131,271,814,1893,3057,7097,9654,2348,58,73,108,163,295,519,752,1141,1244,1813,2668,4429,5715,3939,1740,608,212,68,68
Slovakia,2008,25111,145,171,26,14,20,48,105,223,702,1873,3091,6909,9775,2115,52,53,100,123,266,436,752,1121,1305,1786,2682,4227,5295,4480,1488,627,185,68,68
Slovakia,2009,25465,140,179,39,14,28,41,111,237,695,1950,3053,6606,10377,2107,42,69,96,141,259,436,785,1165,1361,1692,2567,4039,5373,5004,1468,639,193,69,68
Slovakia,2010,25805,149,182,33,20,22,37,107,252,617,1787,3110,6616,10658,2328,52,55,85,167,234,383,742,1045,1395,1715,2512,4104,5557,5101,1692,636,202,59,70
Slovakia,2011,25071,127,156,29,20,16,40,120,240,606,1823,3031,6040,10414,2497,52,68,97,143,215,391,762,1061,1340,1691,2301,3739,5337,5077,1936,561,176,56,70
Slovakia,2012,25562,135,164,29,12,15,33,105,235,591,1737,3187,5996,10503,2904,45,60,72,163,215,376,654,1083,1496,1691,2357,3639,5371,5132,2400,504,176,48,77
Slovakia,2013,25224,142,169,27,21,17,35,99,255,600,1655,3255,5719,10123,3199,48,51,89,166,224,376,607,1048,1487,1768,2321,3398,5350,4773,2756,443,190,52,76
Slovakia,2014,24933,148,173,25,11,9,37,94,266,548,1579,3268,5783,9790,3294,44,50,95,171,197,351,555,1024,1538,1730,2378,3405,5039,4751,2856,438,184,46,80
Slovakia,2015,26329,122,159,37,12,22,32,115,206,556,1650,3566,5848,10488,3598,52,63,71,135,210,346,616,1034,1660,1906,2374,3474,5292,5196,3046,552,171,54,78
Slovakia,2016,25560,132,149,17,18,14,28,108,268,573,1486,3541,5668,9901,3729,49,59,113,155,243,330,591,895,1521,2020,2390,3278,4784,5117,3073,656,167,42,76
Slovakia,2017,26437,106,129,23,16,11,31,105,235,572,1548,3574,5935,10191,4023,31,74,87,148,225,347,599,949,1554,2020,2458,3477,4834,5357,3219,804,145,42,69
Slovakia,2018,26509,127,148,21,22,19,32,105,192,588,1502,3697,6087,10049,4007,45,60,77,115,245,343,590,912,1550,2147,2532,3555,4738,5311,3148,859,170,51,58
Slovakia,2019,25793,124,155,31,17,15,35,93,237,584,1414,3568,6031,9604,3975,32,61,91,146,249,335,552,862,1480,2088,2613,3418,4514,5090,3066,909,172,50,63
Slovakia,2020,28763,118,149,31,17,15,30,70,214,614,1434,3817,7098,10710,4505,26,44,77,137,229,385,560,874,1464,2353,3092,4006,5122,5588,3470,1035,166,45,90
Slovakia,2021,35133,112,142,30,17,17,28,81,270,729,1775,4949,9357,12598,5048,30,51,94,176,277,452,649,1126,1860,3089,4406,4951,6297,6301,3875,1173,159,45,128
Slovenia,1950,9909,1434,1808,374,99,69,127,295,319,713,1105,1794,2259,1183,135,147,148,105,214,302,411,519,586,810,984,1163,1096,789,394,116,19,1907,196,2
Slovenia,1951,9883,1375,1757,382,93,65,120,292,305,702,1110,1781,2288,1231,142,144,148,112,193,297,405,518,592,787,994,1154,1134,815,416,122,20,1850,185,2
Slovenia,1952,9342,1261,1623,362,89,60,105,267,278,649,1053,1676,2189,1208,142,131,136,119,159,274,375,488,565,722,954,1084,1105,796,412,122,20,1712,165,2
Slovenia,1953,9177,1219,1569,350,88,56,97,253,264,624,1036,1629,2181,1230,148,124,129,131,133,264,360,475,561,687,942,1075,1106,809,421,127,21,1657,153,2
Slovenia,1954,8854,1080,1410,330,87,55,87,237,248,594,1014,1564,2152,1245,156,116,121,135,113,249,345,461,553,655,909,1056,1096,819,426,133,23,1497,142,2
Slovenia,1955,8940,1050,1368,318,93,53,84,229,250,582,1027,1565,2200,1312,169,109,120,139,111,237,345,465,562,662,903,1077,1123,861,451,144,25,1461,137,2
Slovenia,1956,8782,985,1283,298,93,48,78,213,256,546,1014,1528,2186,1353,178,99,114,138,118,211,335,453,561,662,866,1079,1107,889,464,152,26,1376,126,2
Slovenia,1957,8667,883,1166,283,92,48,75,203,265,513,1007,1508,2201,1402,187,93,110,134,131,184,329,442,565,669,839,1094,1107,920,482,159,28,1258,123,3
Slovenia,1958,8299,763,1019,256,89,46,71,186,265,464,969,1450,2154,1400,188,83,103,125,140,152,312,420,549,658,792,1067,1087,914,486,160,28,1108,117,3
Slovenia,1959,8323,719,956,237,87,47,71,175,271,437,972,1459,2190,1459,198,77,98,121,150,133,304,418,554,673,786,1075,1115,946,513,168,30,1043,118,3
Slovenia,1960,8373,686,908,222,84,48,69,168,271,417,971,1489,2213,1519,213,75,93,117,154,128,289,416,555,692,797,1069,1144,975,544,179,34,992,117,3
Slovenia,1961,8290,640,845,205,79,51,64,157,265,394,948,1509,2200,1552,221,71,86,113,152,136,258,408,540,705,804,1039,1161,980,572,186,35,924,115,3
Slovenia,1962,8333,602,793,191,75,51,64,151,259,383,933,1553,2229,1605,233,70,81,110,149,155,228,404,529,724,829,1027,1202,1002,603,197,36,868,115,3
Slovenia,1963,8367,569,749,180,70,52,62,147,255,370,923,1583,2245,1662,245,71,76,108,147,174,196,400,523,732,851,1017,1228,1035,627,207,38,819,114,3
Slovenia,1964,8362,548,716,168,64,50,62,139,244,359,906,1603,2246,1712,256,68,71,102,142,188,171,388,518,733,870,1010,1236,1063,649,217,39,780,112,4
Slovenia,1965,8288,540,695,155,60,49,65,133,234,352,870,1596,2227,1741,266,65,68,97,137,189,163,362,508,713,883,1010,1217,1079,662,226,40,755,114,4
Slovenia,1966,8148,517,664,147,54,44,67,126,220,358,811,1573,2196,1757,278,61,65,88,132,185,173,320,491,682,891,1019,1177,1092,665,237,41,718,111,4
Slovenia,1967,8300,456,602,146,52,44,70,125,213,383,783,1609,2262,1854,301,61,64,84,129,185,198,287,496,682,927,1069,1193,1155,699,256,45,654,114,4
Slovenia,1968,8483,420,561,141,49,42,72,127,209,414,751,1650,2336,1951,316,62,65,80,129,187,227,251,500,689,961,1124,1212,1211,740,270,46,610,114,4
Slovenia,1969,8448,391,520,129,48,39,71,125,199,423,704,1645,2358,1987,325,62,63,76,123,178,245,219,485,683,962,1151,1207,1224,763,278,47,568,110,4
Slovenia,1970,8441,340,460,120,45,36,68,127,191,424,672,1632,2425,2016,340,66,61,73,118,174,250,213,459,680,952,1189,1236,1227,789,291,49,505,104,4
Slovenia,1971,8579,329,438,109,44,34,66,129,182,427,657,1632,2540,2067,357,71,58,71,111,173,254,234,423,684,948,1244,1296,1238,829,304,53,482,100,4
Slovenia,1972,8517,326,425,99,43,32,62,127,173,414,630,1588,2585,2073,363,70,57,69,104,166,248,262,368,668,920,1261,1324,1220,853,308,55,468,94,4
Slovenia,1973,8646,331,425,94,40,31,61,129,168,406,613,1587,2673,2125,380,72,57,70,98,162,244,295,318,667,920,1292,1381,1237,888,324,56,465,92,4
Slovenia,1974,8759,282,374,92,38,29,57,133,163,397,604,1592,2773,2190,405,73,60,70,93,158,239,323,281,660,932,1323,1450,1270,920,344,61,412,86,4
Slovenia,1975,8901,310,396,86,35,28,55,137,158,390,608,1568,2848,2253,423,72,65,66,92,154,236,332,276,631,937,1329,1519,1319,934,359,64,431,83,5
Slovenia,1976,8994,285,372,87,31,27,52,139,152,378,640,1516,2908,2332,441,71,68,64,88,145,233,338,302,578,938,1318,1590,1387,945,375,66,403,79,5
Slovenia,1977,8980,272,352,80,29,26,48,137,150,363,672,1432,2923,2385,457,68,69,64,86,136,227,330,342,507,925,1293,1630,1436,949,389,68,381,74,5
Slovenia,1978,9064,250,327,77,27,25,47,137,152,350,712,1363,2967,2472,477,65,72,64,88,128,222,327,385,439,924,1295,1672,1503,969,406,71,354,72,5
Slovenia,1979,9113,243,316,73,26,23,45,134,151,335,736,1293,2994,2562,494,62,72,65,86,122,213,317,419,386,907,1301,1693,1568,994,419,75,342,68,5
Slovenia,1980,9462,228,299,71,27,23,44,135,159,335,767,1282,3101,2772,519,61,74,73,86,123,212,323,444,389,893,1350,1751,1698,1074,440,79,326,67,6
Slovenia,1981,9464,203,270,67,25,19,42,129,161,320,765,1236,3071,2900,522,57,72,79,82,120,200,317,448,421,815,1343,1728,1773,1127,441,81,295,61,6
Slovenia,1982,9641,191,254,63,26,18,40,127,166,310,763,1222,3104,3065,543,55,72,83,83,119,191,315,448,488,734,1361,1743,1865,1200,457,86,280,58,6
Slovenia,1983,10237,178,240,62,25,20,41,128,178,319,794,1262,3292,3348,586,55,73,90,88,126,193,326,468,588,674,1441,1851,2021,1327,495,91,265,61,6
Slovenia,1984,10119,165,222,57,23,18,39,121,177,305,764,1221,3248,3383,591,51,70,88,89,123,182,312,452,633,588,1403,1845,2019,1364,499,92,245,57,6
Slovenia,1985,9991,136,188,52,22,17,35,112,182,292,738,1207,3165,3418,610,47,65,86,96,118,174,297,441,641,566,1328,1837,1998,1420,519,91,210,52,6
Slovenia,1986,9821,130,175,45,19,16,30,104,186,278,699,1246,3006,3421,631,45,59,84,102,111,167,275,424,639,607,1196,1810,1951,1470,540,91,194,46,6
Slovenia,1987,9842,137,179,42,19,16,29,100,186,275,677,1327,2878,3485,667,44,56,82,104,112,163,261,416,632,695,1063,1815,1953,1532,573,94,198,45,7
Slovenia,1988,9410,112,151,39,17,14,26,92,178,263,626,1345,2622,3391,680,41,51,75,103,107,156,236,390,593,752,883,1739,1886,1505,583,97,168,40,7
Slovenia,1989,9123,90,123,33,15,13,25,83,168,255,583,1358,2422,3359,708,36,47,68,100,106,149,218,365,562,796,754,1668,1865,1494,607,101,138,38,7
Slovenia,1990,9224,86,117,31,13,12,23,78,165,260,568,1381,2367,3451,782,34,44,66,99,114,146,213,355,557,824,747,1620,1919,1532,669,113,130,35,8
Slovenia,1991,9685,75,105,30,13,11,25,80,170,280,568,1453,2420,3662,889,34,46,66,104,130,150,216,352,575,878,859,1561,2038,1624,759,130,118,36,9
Slovenia,1992,9500,80,105,25,11,11,22,72,158,276,539,1409,2328,3635,925,29,43,61,97,131,145,211,328,556,853,964,1364,2017,1618,784,141,116,33,9
Slovenia,1993,9844,64,89,25,12,11,21,72,158,290,542,1444,2374,3826,994,29,43,60,98,139,151,219,323,568,876,1140,1234,2113,1713,838,156,101,32,10
Slovenia,1994,9621,75,97,22,10,11,20,64,147,286,516,1381,2298,3778,999,25,39,55,92,135,151,213,303,541,840,1221,1077,2055,1723,834,165,107,31,11
Slovenia,1995,9365,54,75,21,9,9,19,59,135,289,484,1319,2269,3668,1012,25,34,51,84,132,157,199,285,510,809,1228,1041,1938,1730,832,180,84,28,12
Slovenia,1996,9119,42,60,18,7,7,17,54,128,291,460,1248,2339,3464,1032,23,31,49,79,126,165,189,271,470,778,1219,1120,1739,1725,837,195,67,24,14
Slovenia,1997,9259,49,64,15,6,7,16,50,124,297,461,1232,2532,3360,1093,22,28,48,76,126,171,190,271,454,778,1227,1305,1574,1786,883,210,70,23,15
Slovenia,1998,9308,40,55,15,7,6,15,47,116,299,462,1204,2718,3218,1146,21,26,45,71,121,178,190,272,433,771,1223,1495,1387,1831,926,220,62,21,17
Slovenia,1999,9171,42,55,13,6,5,14,45,107,290,456,1145,2798,3049,1184,20,25,40,67,115,175,191,265,406,739,1185,1613,1235,1814,959,225,61,19,19
Slovenia,2000,8947,36,48,12,5,5,12,41,98,275,448,1078,2766,2935,1211,18,23,36,62,107,168,200,248,381,697,1141,1625,1214,1721,982,229,53,17,21
Slovenia,2001,8727,40,51,11,5,5,10,38,89,259,440,1001,2708,2858,1239,16,22,32,57,97,162,207,233,359,642,1096,1612,1314,1544,998,241,56,15,24
Slovenia,2002,8868,26,37,11,5,5,11,36,87,253,448,975,2723,2946,1319,15,21,31,56,93,160,215,233,358,617,1095,1628,1543,1403,1054,265,42,16,27
Slovenia,2003,9220,35,45,10,5,5,10,34,83,249,468,973,2791,3094,1429,15,19,29,54,90,159,227,241,369,604,1117,1674,1816,1278,1131,298,50,15,30
Slovenia,2004,8914,36,45,9,5,5,9,32,75,232,455,908,2636,3059,1424,13,19,25,50,84,148,220,235,354,554,1046,1590,1917,1142,1114,310,50,14,31
Slovenia,2005,9229,34,44,10,4,5,8,31,74,227,487,901,2668,3279,1469,13,18,27,47,82,145,227,260,350,551,1045,1623,2051,1228,1128,341,48,13,35
Slovenia,2006,8760,33,43,10,4,3,7,27,64,204,475,824,2450,3295,1325,11,16,24,40,75,129,211,264,320,504,933,1517,1984,1311,980,345,47,10,38
Slovenia,2007,9002,28,38,10,4,4,6,26,61,197,487,829,2436,3594,1276,10,16,24,37,72,125,211,276,323,506,906,1530,2030,1564,899,377,42,10,44
Slovenia,2008,9024,28,37,9,3,2,6,24,55,185,485,822,2357,3788,1210,10,14,21,34,68,117,202,283,319,503,854,1503,2018,1770,804,406,40,8,50
Slovenia,2009,9368,31,39,8,3,1,5,23,55,181,493,849,2350,4071,1237,10,13,21,34,65,116,200,293,333,516,837,1513,2066,2005,801,436,42,6,57
Slovenia,2010,9238,30,38,8,3,0,5,20,50,167,473,835,2229,4067,1284,8,12,20,30,58,109,187,286,350,485,791,1438,2016,2051,857,427,41,5,63
Slovenia,2011,9419,26,34,8,3,1,5,18,50,159,465,856,2165,4188,1402,7,11,19,31,54,105,178,287,382,474,779,1386,2037,2151,1004,398,37,6,70
Slovenia,2012,9767,17,25,8,3,0,5,17,48,155,464,889,2161,4334,1586,6,11,18,30,51,104,174,290,404,485,794,1367,2089,2245,1217,369,28,5,80
Slovenia,2013,9738,27,34,7,3,0,4,15,45,144,439,888,2075,4296,1707,5,10,17,28,48,96,163,276,410,478,786,1289,2054,2242,1371,336,37,4,86
Slovenia,2014,9671,20,26,6,2,0,5,14,42,133,413,887,1997,4222,1837,5,9,15,27,44,89,153,260,406,481,777,1220,1995,2227,1496,341,28,5,91
Slovenia,2015,10067,17,23,6,2,1,4,13,41,126,409,954,2001,4349,2048,5,8,15,26,42,84,152,257,418,536,774,1227,2023,2326,1640,408,25,5,94
Slovenia,2016,10034,22,28,6,2,0,5,12,37,117,386,987,1933,4257,2182,5,7,13,24,42,75,145,241,414,573,743,1190,1927,2330,1708,474,30,5,84
Slovenia,2017,10383,20,26,6,2,0,4,12,35,114,380,1027,1984,4329,2387,5,7,12,23,42,72,143,237,420,607,764,1220,1918,2411,1808,579,28,4,79
Slovenia,2018,10406,12,18,6,1,0,3,11,32,108,361,1033,1989,4262,2509,5,6,11,21,39,69,136,225,408,625,765,1224,1845,2417,1851,658,19,3,75
Slovenia,2019,10521,16,21,5,2,0,3,11,31,104,348,1032,2023,4221,2640,5,6,10,21,39,65,130,218,396,636,785,1238,1800,2421,1907,733,23,3,83
Slovenia,2020,12247,15,19,4,5,2,5,19,47,152,369,955,2031,5194,3337,7,12,15,32,60,92,139,230,364,591,845,1186,2089,3105,2404,933,24,7,112
Slovenia,2021,11171,14,18,4,5,8,7,16,49,143,326,1088,1967,4341,3081,5,11,17,32,62,81,121,205,412,676,877,1090,1781,2560,2179,902,23,15,122
Small island developing states (SIDS),1950,185566,,,,,,,,,,,,,,,,,,,,,,,,,,,,,,,,,
Small island developing states (SIDS),1951,187974,,,,,,,,,,,,,,,,,,,,,,,,,,,,,,,,,
Small island developing states (SIDS),1952,184022,,,,,,,,,,,,,,,,,,,,,,,,,,,,,,,,,
Small island developing states (SIDS),1953,181654,,,,,,,,,,,,,,,,,,,,,,,,,,,,,,,,,
Small island developing states (SIDS),1954,179380,,,,,,,,,,,,,,,,,,,,,,,,,,,,,,,,,
Small island developing states (SIDS),1955,177259,,,,,,,,,,,,,,,,,,,,,,,,,,,,,,,,,
Small island developing states (SIDS),1956,176150,,,,,,,,,,,,,,,,,,,,,,,,,,,,,,,,,
Small island developing states (SIDS),1957,175395,,,,,,,,,,,,,,,,,,,,,,,,,,,,,,,,,
Small island developing states (SIDS),1958,174716,,,,,,,,,,,,,,,,,,,,,,,,,,,,,,,,,
Small island developing states (SIDS),1959,174643,,,,,,,,,,,,,,,,,,,,,,,,,,,,,,,,,
Small island developing states (SIDS),1960,174181,,,,,,,,,,,,,,,,,,,,,,,,,,,,,,,,,
Small island developing states (SIDS),1961,174159,,,,,,,,,,,,,,,,,,,,,,,,,,,,,,,,,
Small island developing states (SIDS),1962,174050,,,,,,,,,,,,,,,,,,,,,,,,,,,,,,,,,
Small island developing states (SIDS),1963,178185,,,,,,,,,,,,,,,,,,,,,,,,,,,,,,,,,
Small island developing states (SIDS),1964,173226,,,,,,,,,,,,,,,,,,,,,,,,,,,,,,,,,
Small island developing states (SIDS),1965,172134,,,,,,,,,,,,,,,,,,,,,,,,,,,,,,,,,
Small island developing states (SIDS),1966,171757,,,,,,,,,,,,,,,,,,,,,,,,,,,,,,,,,
Small island developing states (SIDS),1967,170674,,,,,,,,,,,,,,,,,,,,,,,,,,,,,,,,,
Small island developing states (SIDS),1968,170667,,,,,,,,,,,,,,,,,,,,,,,,,,,,,,,,,
Small island developing states (SIDS),1969,169903,,,,,,,,,,,,,,,,,,,,,,,,,,,,,,,,,
Small island developing states (SIDS),1970,168956,,,,,,,,,,,,,,,,,,,,,,,,,,,,,,,,,
Small island developing states (SIDS),1971,168307,,,,,,,,,,,,,,,,,,,,,,,,,,,,,,,,,
Small island developing states (SIDS),1972,168425,,,,,,,,,,,,,,,,,,,,,,,,,,,,,,,,,
Small island developing states (SIDS),1973,167764,,,,,,,,,,,,,,,,,,,,,,,,,,,,,,,,,
Small island developing states (SIDS),1974,167841,,,,,,,,,,,,,,,,,,,,,,,,,,,,,,,,,
Small island developing states (SIDS),1975,170391,,,,,,,,,,,,,,,,,,,,,,,,,,,,,,,,,
Small island developing states (SIDS),1976,170509,,,,,,,,,,,,,,,,,,,,,,,,,,,,,,,,,
Small island developing states (SIDS),1977,172687,,,,,,,,,,,,,,,,,,,,,,,,,,,,,,,,,
Small island developing states (SIDS),1978,175279,,,,,,,,,,,,,,,,,,,,,,,,,,,,,,,,,
Small island developing states (SIDS),1979,177470,,,,,,,,,,,,,,,,,,,,,,,,,,,,,,,,,
Small island developing states (SIDS),1980,176035,,,,,,,,,,,,,,,,,,,,,,,,,,,,,,,,,
Small island developing states (SIDS),1981,177177,,,,,,,,,,,,,,,,,,,,,,,,,,,,,,,,,
Small island developing states (SIDS),1982,177575,,,,,,,,,,,,,,,,,,,,,,,,,,,,,,,,,
Small island developing states (SIDS),1983,178706,,,,,,,,,,,,,,,,,,,,,,,,,,,,,,,,,
Small island developing states (SIDS),1984,179432,,,,,,,,,,,,,,,,,,,,,,,,,,,,,,,,,
Small island developing states (SIDS),1985,180310,,,,,,,,,,,,,,,,,,,,,,,,,,,,,,,,,
Small island developing states (SIDS),1986,180519,,,,,,,,,,,,,,,,,,,,,,,,,,,,,,,,,
Small island developing states (SIDS),1987,180767,,,,,,,,,,,,,,,,,,,,,,,,,,,,,,,,,
Small island developing states (SIDS),1988,182101,,,,,,,,,,,,,,,,,,,,,,,,,,,,,,,,,
Small island developing states (SIDS),1989,183088,,,,,,,,,,,,,,,,,,,,,,,,,,,,,,,,,
Small island developing states (SIDS),1990,185043,,,,,,,,,,,,,,,,,,,,,,,,,,,,,,,,,
Small island developing states (SIDS),1991,185452,,,,,,,,,,,,,,,,,,,,,,,,,,,,,,,,,
Small island developing states (SIDS),1992,186973,,,,,,,,,,,,,,,,,,,,,,,,,,,,,,,,,
Small island developing states (SIDS),1993,187713,,,,,,,,,,,,,,,,,,,,,,,,,,,,,,,,,
Small island developing states (SIDS),1994,189950,,,,,,,,,,,,,,,,,,,,,,,,,,,,,,,,,
Small island developing states (SIDS),1995,190752,,,,,,,,,,,,,,,,,,,,,,,,,,,,,,,,,
Small island developing states (SIDS),1996,191153,,,,,,,,,,,,,,,,,,,,,,,,,,,,,,,,,
Small island developing states (SIDS),1997,193279,,,,,,,,,,,,,,,,,,,,,,,,,,,,,,,,,
Small island developing states (SIDS),1998,194563,,,,,,,,,,,,,,,,,,,,,,,,,,,,,,,,,
Small island developing states (SIDS),1999,194798,,,,,,,,,,,,,,,,,,,,,,,,,,,,,,,,,
Small island developing states (SIDS),2000,192799,,,,,,,,,,,,,,,,,,,,,,,,,,,,,,,,,
Small island developing states (SIDS),2001,194679,,,,,,,,,,,,,,,,,,,,,,,,,,,,,,,,,
Small island developing states (SIDS),2002,196183,,,,,,,,,,,,,,,,,,,,,,,,,,,,,,,,,
Small island developing states (SIDS),2003,197703,,,,,,,,,,,,,,,,,,,,,,,,,,,,,,,,,
Small island developing states (SIDS),2004,201984,,,,,,,,,,,,,,,,,,,,,,,,,,,,,,,,,
Small island developing states (SIDS),2005,199044,,,,,,,,,,,,,,,,,,,,,,,,,,,,,,,,,
Small island developing states (SIDS),2006,200787,,,,,,,,,,,,,,,,,,,,,,,,,,,,,,,,,
Small island developing states (SIDS),2007,202553,,,,,,,,,,,,,,,,,,,,,,,,,,,,,,,,,
Small island developing states (SIDS),2008,203761,,,,,,,,,,,,,,,,,,,,,,,,,,,,,,,,,
Small island developing states (SIDS),2009,204476,,,,,,,,,,,,,,,,,,,,,,,,,,,,,,,,,
Small island developing states (SIDS),2010,256108,,,,,,,,,,,,,,,,,,,,,,,,,,,,,,,,,
Small island developing states (SIDS),2011,208475,,,,,,,,,,,,,,,,,,,,,,,,,,,,,,,,,
Small island developing states (SIDS),2012,210214,,,,,,,,,,,,,,,,,,,,,,,,,,,,,,,,,
Small island developing states (SIDS),2013,212298,,,,,,,,,,,,,,,,,,,,,,,,,,,,,,,,,
Small island developing states (SIDS),2014,215335,,,,,,,,,,,,,,,,,,,,,,,,,,,,,,,,,
Small island developing states (SIDS),2015,217387,,,,,,,,,,,,,,,,,,,,,,,,,,,,,,,,,
Small island developing states (SIDS),2016,220572,,,,,,,,,,,,,,,,,,,,,,,,,,,,,,,,,
Small island developing states (SIDS),2017,224573,,,,,,,,,,,,,,,,,,,,,,,,,,,,,,,,,
Small island developing states (SIDS),2018,228695,,,,,,,,,,,,,,,,,,,,,,,,,,,,,,,,,
Small island developing states (SIDS),2019,231908,,,,,,,,,,,,,,,,,,,,,,,,,,,,,,,,,
Small island developing states (SIDS),2020,240135,,,,,,,,,,,,,,,,,,,,,,,,,,,,,,,,,
Small island developing states (SIDS),2021,277942,,,,,,,,,,,,,,,,,,,,,,,,,,,,,,,,,
Solomon Islands,1950,1025,356,542,186,45,30,34,69,55,43,47,60,66,31,3,35,34,30,25,23,20,22,25,29,31,35,31,21,10,3,0,587,64,0
Solomon Islands,1951,1012,342,524,182,45,30,35,70,56,44,48,60,66,31,3,35,35,30,26,24,20,23,25,29,31,35,31,21,10,3,0,569,65,0
Solomon Islands,1952,1009,348,519,171,46,30,35,70,57,44,49,58,66,31,3,35,35,31,26,24,20,24,25,28,30,35,31,21,10,3,0,565,65,0
Solomon Islands,1953,1006,347,512,165,46,30,35,73,59,45,50,59,66,31,3,38,35,32,27,25,20,25,25,29,30,35,31,21,10,3,0,558,65,0
Solomon Islands,1954,1006,347,508,161,48,30,35,74,61,46,50,59,66,31,3,39,35,33,28,25,21,25,25,29,30,35,31,21,10,3,0,556,65,0
Solomon Islands,1955,1004,345,502,157,47,30,36,74,63,46,50,59,64,32,3,39,35,34,29,25,21,25,25,29,30,35,29,21,11,3,0,549,66,0
Solomon Islands,1956,1131,357,539,182,71,41,42,85,74,54,56,67,67,33,3,45,40,40,34,29,25,28,28,32,35,35,32,22,11,3,0,610,83,0
Solomon Islands,1957,987,336,480,144,47,30,35,75,64,48,50,59,63,35,3,40,35,34,30,25,23,25,25,29,30,34,29,22,13,3,0,527,65,0
Solomon Islands,1958,983,333,472,139,48,30,35,75,65,50,50,59,62,34,4,40,35,35,30,26,24,25,25,29,30,33,29,21,13,4,0,520,65,0
Solomon Islands,1959,978,330,463,133,48,30,35,75,65,51,50,60,62,34,6,40,35,35,30,26,25,25,25,30,30,33,29,21,13,6,0,511,65,0
Solomon Islands,1960,970,325,455,130,48,30,34,75,65,52,50,61,63,33,5,40,35,35,30,27,25,25,25,30,31,34,29,21,12,5,0,503,64,0
Solomon Islands,1961,972,320,447,127,47,30,34,76,66,52,51,61,65,36,7,40,36,35,31,27,25,25,26,30,31,35,30,23,13,7,0,494,64,0
Solomon Islands,1962,965,314,435,121,47,30,34,75,66,53,51,62,65,38,8,40,35,35,31,28,25,25,26,30,32,35,30,23,15,8,0,482,64,0
Solomon Islands,1963,955,307,425,118,48,30,34,70,65,53,52,62,65,41,8,35,35,35,30,28,25,25,27,30,32,35,30,25,16,8,0,473,64,0
Solomon Islands,1964,946,300,412,112,46,30,34,70,65,54,52,62,66,43,9,35,35,35,30,29,25,25,27,30,32,35,31,26,17,8,1,458,64,0
Solomon Islands,1965,937,293,400,107,46,30,34,70,64,54,53,63,66,45,10,35,35,34,30,29,25,25,28,30,33,35,31,27,18,9,1,446,64,0
Solomon Islands,1966,926,285,387,102,45,27,33,70,64,54,53,67,67,47,10,35,35,34,30,29,25,25,28,32,35,35,32,27,20,9,1,432,60,0
Solomon Islands,1967,917,278,376,98,46,27,33,70,64,54,53,68,68,48,11,35,35,34,30,29,25,25,28,33,35,35,33,28,20,10,1,422,60,0
Solomon Islands,1968,891,267,356,89,43,25,32,70,62,53,53,68,69,48,12,35,35,32,30,28,25,25,28,33,35,35,34,28,20,10,2,399,57,0
Solomon Islands,1969,871,258,343,85,43,25,30,64,60,52,53,68,70,50,13,34,30,30,30,27,25,25,28,33,35,35,35,29,21,11,2,386,55,0
Solomon Islands,1970,852,249,327,78,41,25,28,60,60,50,53,68,70,51,14,30,30,30,30,25,25,25,28,33,35,35,35,29,22,12,2,368,53,0
Solomon Islands,1971,833,239,311,72,38,23,27,60,57,50,56,68,70,56,16,30,30,30,27,25,25,28,28,33,35,35,35,32,24,14,2,349,50,0
Solomon Islands,1972,810,229,296,67,36,21,27,59,50,50,53,67,75,57,14,30,29,25,25,25,25,25,28,32,35,39,36,33,24,11,3,332,48,0
Solomon Islands,1973,787,220,283,63,36,21,24,56,50,50,52,65,79,59,14,30,26,25,25,25,25,25,27,30,35,39,40,35,24,11,3,319,45,0
Solomon Islands,1974,765,213,273,60,35,20,24,50,50,50,52,64,79,60,13,25,25,25,25,25,25,25,27,30,34,39,40,36,24,10,3,308,44,0
Solomon Islands,1975,848,215,293,78,49,27,30,60,52,50,60,67,81,61,11,30,30,27,25,25,25,30,30,32,35,40,41,37,24,9,2,342,57,0
Solomon Islands,1976,722,196,248,52,31,18,22,50,42,41,52,63,79,60,11,25,25,22,20,20,21,25,27,30,33,39,40,37,23,9,2,279,40,0
Solomon Islands,1977,733,192,244,52,35,20,24,50,44,43,55,65,79,59,11,25,25,24,20,20,23,25,30,30,35,39,40,36,23,9,2,279,44,0
Solomon Islands,1978,697,185,230,45,30,16,21,41,40,41,54,66,79,59,10,21,20,20,20,20,21,25,29,31,35,39,40,36,23,9,1,260,37,0
Solomon Islands,1979,689,181,225,44,27,16,20,41,40,41,54,68,79,59,10,21,20,20,20,20,21,25,29,33,35,39,40,36,23,9,1,252,36,0
Solomon Islands,1980,687,177,219,42,26,16,20,40,40,41,55,70,83,58,10,20,20,20,20,20,21,25,30,34,36,40,43,36,22,9,1,245,36,0
Solomon Islands,1981,686,175,216,41,26,15,20,40,40,42,55,73,86,59,10,20,20,20,20,20,22,25,30,35,38,41,45,36,23,9,1,242,35,0
Solomon Islands,1982,689,173,212,39,26,15,21,41,40,42,56,76,88,61,10,21,20,20,20,20,22,26,30,36,40,43,45,38,23,9,1,238,36,0
Solomon Islands,1983,696,172,211,39,25,15,21,42,40,43,57,77,90,61,10,22,20,20,20,20,23,26,31,37,40,45,45,38,23,9,1,236,36,0
Solomon Islands,1984,706,171,209,38,25,15,22,43,40,44,59,82,90,63,10,23,20,20,20,20,24,27,32,38,44,45,45,40,23,9,1,234,37,0
Solomon Islands,1985,714,171,208,37,24,15,22,44,40,44,60,84,97,64,10,24,20,20,20,20,24,28,32,39,45,49,48,41,23,9,1,232,37,0
Solomon Islands,1986,784,178,228,50,35,21,24,50,47,50,64,90,100,65,10,25,25,22,25,25,25,30,34,42,48,50,50,42,23,9,1,263,45,0
Solomon Islands,1987,738,170,206,36,24,15,23,47,40,46,63,90,104,67,10,25,22,20,20,21,25,29,34,42,48,54,50,43,24,9,1,230,38,0
Solomon Islands,1988,753,170,206,36,25,15,23,49,40,49,65,92,107,69,10,25,24,20,20,24,25,30,35,42,50,55,52,43,26,9,1,231,38,0
Solomon Islands,1989,771,170,205,35,25,15,23,50,42,50,66,95,112,72,10,25,25,21,21,25,25,30,36,43,52,58,54,45,27,9,1,230,38,0
Solomon Islands,1990,788,170,204,34,25,15,23,51,44,51,68,99,118,76,11,26,25,22,22,25,26,31,37,45,54,60,58,47,29,10,1,229,38,0
Solomon Islands,1991,809,169,203,34,25,15,24,53,46,52,70,102,125,78,13,28,25,24,22,25,27,32,38,46,56,64,61,48,30,12,1,228,39,0
Solomon Islands,1992,829,169,203,34,26,16,24,54,49,54,72,105,128,82,14,29,25,25,24,25,29,33,39,48,57,65,63,51,31,13,1,229,40,0
Solomon Islands,1993,850,169,203,34,26,17,24,56,50,55,73,108,136,86,15,30,26,25,25,25,30,33,40,49,59,69,67,54,32,14,1,229,41,0
Solomon Islands,1994,868,169,203,34,26,16,24,58,50,56,77,111,142,89,17,30,28,25,25,26,30,35,42,50,61,72,70,55,34,15,2,229,40,0
Solomon Islands,1995,890,170,204,34,26,17,25,60,50,57,77,115,146,95,19,30,30,25,25,26,31,35,42,51,64,73,73,60,35,17,2,230,42,0
Solomon Islands,1996,912,170,203,33,26,17,25,60,52,59,80,118,153,99,19,30,30,27,25,27,32,37,43,54,64,76,77,64,35,17,2,229,42,0
Solomon Islands,1997,934,169,202,33,26,17,26,60,54,60,82,120,158,105,21,30,30,29,25,27,33,38,44,54,66,78,80,65,40,17,4,228,43,0
Solomon Islands,1998,958,169,202,33,27,17,26,60,59,61,84,125,165,111,21,30,30,30,29,28,33,39,45,56,69,81,84,70,41,17,4,229,43,0
Solomon Islands,1999,983,170,203,33,27,17,26,60,60,63,88,129,170,119,22,30,30,30,30,30,33,41,47,58,71,83,87,74,45,18,4,230,43,0
Solomon Islands,2000,1010,170,203,33,27,17,26,60,60,64,90,131,176,124,24,30,30,30,30,30,34,42,48,59,72,86,90,77,47,20,4,230,43,0
Solomon Islands,2001,1036,171,204,33,27,17,26,62,62,65,93,135,182,130,28,30,32,32,30,30,35,43,50,61,74,88,94,80,50,23,5,231,43,0
Solomon Islands,2002,1063,172,205,33,27,17,26,64,63,67,95,139,186,138,30,30,34,33,30,31,36,43,52,62,77,91,95,83,55,25,5,232,43,0
Solomon Islands,2003,1090,173,206,33,27,17,26,69,70,71,98,144,193,142,33,34,35,35,35,35,36,45,53,64,80,94,99,85,57,28,5,233,43,0
Solomon Islands,2004,1115,174,208,34,27,17,26,70,70,71,100,148,196,148,37,35,35,35,35,35,36,45,55,66,82,96,100,88,60,30,7,235,43,0
Solomon Islands,2005,1142,175,209,34,27,18,26,70,70,74,102,151,203,153,40,35,35,35,35,35,39,46,56,68,83,99,104,90,63,33,7,236,44,0
Solomon Islands,2006,1169,177,211,34,27,19,26,70,70,76,104,155,210,157,42,35,35,35,35,36,40,46,58,69,86,102,108,92,65,35,7,238,45,0
Solomon Islands,2007,1224,180,219,39,32,20,29,70,77,83,107,163,216,161,44,35,35,37,40,40,43,47,60,74,89,106,110,95,66,37,7,251,49,0
Solomon Islands,2008,1219,177,210,33,28,19,26,70,75,83,107,166,223,168,46,35,35,35,40,40,43,47,60,75,91,109,114,98,70,38,8,238,45,0
Solomon Islands,2009,1255,180,216,36,28,20,26,70,76,85,111,170,230,170,50,35,35,36,40,40,45,50,61,77,93,112,118,100,70,39,11,244,46,1
Solomon Islands,2010,1269,176,208,32,28,19,26,70,77,89,113,175,235,174,50,35,35,37,40,42,47,51,62,79,96,115,120,103,71,40,10,236,45,1
Solomon Islands,2011,1290,175,207,32,28,19,26,70,80,93,115,180,242,179,51,35,35,40,40,45,48,53,62,81,99,118,124,107,72,41,10,235,45,1
Solomon Islands,2012,1314,174,205,31,28,19,27,71,81,96,119,187,249,184,50,35,36,40,41,45,51,56,63,84,103,120,129,110,74,40,10,233,46,1
Solomon Islands,2013,1347,174,207,33,29,20,28,73,82,100,122,192,259,188,49,35,38,40,42,48,52,58,64,85,107,125,134,113,75,39,10,236,48,1
Solomon Islands,2014,1388,180,219,39,30,20,29,72,83,102,128,195,267,193,50,35,37,40,43,48,54,61,67,85,110,129,138,117,76,39,11,249,49,1
Solomon Islands,2015,1391,169,200,31,28,20,28,72,84,107,132,200,272,198,49,35,37,40,44,50,57,63,69,85,115,132,140,121,77,39,10,228,48,1
Solomon Islands,2016,1408,165,195,30,28,19,28,72,84,109,139,203,282,202,49,35,37,40,44,50,59,66,73,88,115,137,145,124,78,39,10,223,47,1
Solomon Islands,2017,1431,161,189,28,28,19,28,71,84,111,144,208,290,210,49,35,36,40,44,51,60,68,76,90,118,142,148,129,81,39,10,217,47,1
Solomon Islands,2018,1455,157,185,28,28,19,28,71,85,115,149,211,298,218,49,35,36,40,45,52,63,70,79,91,120,147,151,133,85,39,10,213,47,1
Solomon Islands,2019,1478,153,181,28,28,19,28,70,86,117,155,216,310,223,47,35,35,40,46,52,65,73,82,94,122,153,157,137,86,38,9,209,47,1
Solomon Islands,2020,1533,151,180,29,31,20,28,71,86,120,163,233,324,230,49,35,36,40,46,53,67,77,86,102,131,161,163,142,88,39,10,211,48,1
Solomon Islands,2021,1556,146,172,26,28,19,26,70,86,121,172,244,337,236,49,35,35,40,46,54,67,80,92,110,134,168,169,145,91,39,10,200,45,1
Somalia,1950,23721,7435,12209,4774,1526,723,634,1347,1412,1299,1369,1642,1259,281,22,658,689,706,706,673,626,651,718,800,842,751,508,201,80,19,3,13735,1357,0
Somalia,1951,24638,7771,12817,5046,1562,732,648,1360,1428,1321,1396,1693,1340,314,21,663,697,714,714,684,637,662,734,822,871,791,549,234,80,19,2,14379,1380,0
Somalia,1952,25249,7833,13153,5320,1600,733,669,1368,1443,1336,1418,1739,1418,349,23,666,702,720,723,692,644,672,746,841,898,830,588,271,78,21,2,14753,1402,0
Somalia,1953,25792,7895,13415,5520,1644,731,692,1374,1455,1353,1439,1783,1494,387,26,667,707,726,729,699,654,682,757,861,922,870,624,308,79,24,2,15059,1423,0
Somalia,1954,26286,7960,13622,5662,1695,733,709,1385,1466,1367,1458,1825,1568,432,28,673,712,732,734,707,660,689,769,878,947,907,661,344,88,25,3,15317,1442,0
Somalia,1955,26760,8029,13774,5745,1778,740,721,1398,1476,1383,1480,1868,1638,479,27,683,715,736,740,714,669,699,781,896,972,941,697,377,102,24,3,15552,1461,0
Somalia,1956,27222,8107,13900,5793,1869,751,727,1417,1486,1397,1500,1911,1709,525,28,699,718,741,745,722,675,709,791,913,998,974,735,406,119,25,3,15769,1478,0
Somalia,1957,27683,8193,14039,5846,1943,768,728,1439,1499,1413,1522,1950,1780,574,27,720,719,747,752,728,685,719,803,929,1021,1006,774,436,138,24,3,15982,1496,0
Somalia,1958,28144,8285,14187,5902,2004,789,726,1466,1509,1425,1542,1993,1848,622,28,743,723,751,758,735,690,728,814,946,1047,1036,812,465,157,24,4,16191,1515,0
Somalia,1959,28589,8374,14334,5960,2051,814,728,1492,1520,1442,1561,2031,1917,669,31,764,728,756,764,742,700,736,825,959,1072,1067,850,494,175,27,4,16385,1542,0
Somalia,1960,29065,8476,14504,6028,2083,850,734,1517,1529,1456,1585,2069,1983,716,38,777,740,760,769,748,708,747,838,974,1095,1097,886,523,193,33,5,16587,1584,0
Somalia,1961,29662,8624,14761,6137,2114,897,749,1545,1541,1475,1611,2112,2049,764,45,787,758,765,776,758,717,760,851,992,1120,1129,920,555,209,40,5,16875,1646,0
Somalia,1962,30016,8692,14858,6166,2126,931,763,1567,1547,1486,1629,2142,2106,807,50,786,781,765,782,763,723,768,861,1004,1138,1156,950,584,223,46,4,16984,1694,0
Somalia,1963,30505,8809,15049,6240,2149,964,785,1591,1556,1501,1650,2177,2167,857,55,785,806,770,786,770,731,777,873,1019,1158,1187,980,616,241,51,4,17198,1749,0
Somalia,1964,31032,8939,15265,6326,2178,996,811,1618,1568,1517,1675,2214,2229,901,61,788,830,776,792,778,739,788,887,1036,1178,1217,1012,646,255,57,4,17443,1807,0
Somalia,1965,31517,9059,15456,6397,2204,1013,845,1639,1583,1530,1696,2248,2285,946,69,796,843,787,796,784,746,799,897,1051,1197,1243,1042,674,272,63,6,17660,1858,0
Somalia,1966,32054,9196,15680,6484,2232,1025,887,1661,1607,1545,1720,2284,2345,991,76,809,852,807,800,791,754,809,911,1067,1217,1271,1074,702,289,69,7,17912,1912,0
Somalia,1967,32598,9334,15907,6573,2263,1037,928,1683,1636,1560,1742,2320,2403,1036,82,829,854,832,804,798,762,818,924,1084,1236,1297,1106,729,307,74,8,18170,1965,0
Somalia,1968,33170,9485,16152,6667,2294,1049,964,1707,1666,1574,1765,2360,2462,1081,91,852,855,860,806,804,770,828,937,1102,1258,1324,1138,756,325,81,10,18446,2013,0
Somalia,1969,33762,9643,16411,6768,2328,1063,999,1739,1701,1589,1788,2399,2522,1126,98,882,857,885,816,812,777,838,950,1118,1281,1350,1172,783,343,86,12,18739,2062,1
Somalia,1970,34380,9812,16687,6875,2364,1079,1020,1790,1730,1604,1814,2441,2579,1172,105,923,867,900,830,818,786,850,964,1137,1304,1377,1202,811,361,93,12,19051,2099,1
Somalia,1971,35024,9997,16983,6986,2401,1095,1034,1853,1759,1618,1836,2481,2636,1217,113,971,882,911,848,823,795,860,976,1154,1327,1402,1234,839,378,99,14,19384,2129,1
Somalia,1972,35660,10181,17279,7098,2437,1109,1045,1917,1788,1629,1856,2524,2692,1260,119,1014,903,913,875,828,801,869,987,1173,1351,1429,1263,867,393,105,14,19716,2154,1
Somalia,1973,36335,10380,17602,7222,2475,1125,1060,1983,1817,1639,1879,2565,2747,1305,130,1054,929,912,905,831,808,878,1001,1189,1376,1456,1291,896,409,113,17,20077,2185,1
Somalia,1974,40973,11738,20294,8556,2867,1324,1162,2186,1961,1781,2067,2813,2978,1395,139,1166,1020,970,991,900,881,966,1101,1308,1505,1584,1394,959,436,121,18,23161,2486,1
Somalia,1975,41351,11862,20423,8561,2882,1330,1171,2250,1983,1796,2077,2839,3017,1434,146,1187,1063,979,1004,912,884,970,1107,1319,1520,1602,1415,982,452,127,19,23305,2501,1
Somalia,1976,41754,12024,20590,8566,2894,1336,1183,2310,2002,1814,2086,2860,3054,1468,153,1197,1113,992,1010,929,885,974,1112,1327,1533,1621,1433,1002,466,134,19,23484,2519,1
Somalia,1977,38938,11226,18826,7600,2614,1194,1123,2249,1928,1739,1961,2718,2956,1466,158,1146,1103,966,962,906,833,916,1045,1254,1464,1563,1393,993,473,136,22,21440,2317,2
Somalia,1978,39964,11647,19435,7788,2652,1214,1143,2320,1959,1784,1990,2766,3021,1513,165,1167,1153,995,964,942,842,929,1061,1275,1491,1595,1426,1021,492,143,22,22087,2357,2
Somalia,1979,44481,13054,21755,8701,2923,1343,1261,2579,2170,1974,2188,3053,3355,1690,188,1286,1293,1117,1053,1050,924,1019,1169,1405,1648,1769,1586,1138,552,162,26,24678,2604,2
Somalia,1980,50680,14919,24891,9972,3306,1518,1427,2929,2481,2241,2465,3448,3814,1933,218,1455,1474,1296,1185,1194,1047,1148,1317,1585,1863,2008,1806,1299,634,188,30,28197,2945,2
Somalia,1981,52538,15542,25934,10392,3412,1564,1469,3011,2599,2310,2521,3541,3938,2008,232,1497,1514,1379,1220,1224,1086,1174,1347,1626,1915,2069,1869,1346,662,199,33,29346,3033,2
Somalia,1982,50992,15151,25289,10138,3308,1507,1416,2897,2553,2229,2411,3400,3804,1953,229,1442,1455,1369,1184,1165,1064,1119,1292,1559,1841,1996,1808,1307,646,197,32,28597,2923,3
Somalia,1983,51970,15486,25830,10344,3373,1523,1433,2929,2633,2261,2428,3439,3874,2003,238,1460,1469,1421,1212,1164,1097,1125,1303,1576,1863,2029,1845,1338,665,204,34,29203,2956,3
Somalia,1984,53082,15864,26439,10575,3463,1545,1457,2972,2721,2296,2453,3484,3947,2054,246,1483,1489,1470,1251,1166,1130,1138,1315,1596,1888,2063,1884,1372,682,211,35,29902,3002,3
Somalia,1985,55683,16543,27679,11136,3690,1639,1542,3141,2918,2413,2556,3606,4097,2140,259,1570,1571,1562,1356,1220,1193,1193,1363,1652,1954,2138,1959,1428,712,222,37,31369,3181,3
Somalia,1986,57767,17188,28764,11576,3859,1700,1594,3245,3055,2492,2635,3702,4226,2220,272,1622,1623,1609,1446,1264,1228,1240,1395,1695,2007,2202,2024,1479,741,233,39,32623,3294,4
Somalia,1987,59010,17815,29658,11843,3923,1700,1588,3224,3084,2496,2675,3763,4320,2293,284,1612,1612,1598,1486,1276,1220,1273,1402,1719,2044,2246,2074,1526,767,243,41,33581,3288,4
Somalia,1988,64869,18815,32017,13202,4477,1888,1755,3623,3499,2911,3059,4168,4728,2444,300,1814,1809,1781,1718,1502,1409,1490,1569,1907,2261,2466,2262,1633,811,255,45,36494,3643,4
Somalia,1989,57849,17390,28843,11453,3833,1669,1560,3211,3144,2552,2685,3631,4180,2253,283,1611,1600,1582,1562,1346,1206,1319,1366,1659,1972,2167,2013,1495,758,240,43,32676,3229,4
Somalia,1990,56480,16988,28128,11140,3745,1641,1516,3123,3063,2516,2628,3528,4085,2221,282,1568,1555,1535,1528,1348,1168,1294,1334,1609,1919,2113,1972,1471,750,239,43,31873,3157,4
Somalia,1991,133492,40112,76339,36227,11044,5140,3036,5563,5305,4756,5289,6770,6909,3007,330,2849,2714,2644,2661,2503,2253,2570,2719,3177,3593,3695,3214,2061,946,282,48,87383,8176,5
Somalia,1992,120366,36382,67733,31351,10333,4869,2846,5161,4891,4461,4882,6129,6121,2640,292,2644,2517,2446,2445,2369,2092,2338,2544,2881,3248,3300,2821,1808,832,249,43,78066,7715,5
Somalia,1993,47926,14956,23589,8633,3317,1512,1354,2709,2618,2260,2278,2952,3314,1785,232,1360,1349,1324,1294,1243,1017,1076,1202,1346,1606,1739,1575,1178,607,196,36,26906,2866,4
Somalia,1994,52820,16602,26341,9739,3596,1676,1500,2963,2848,2501,2469,3178,3576,1918,250,1487,1476,1441,1407,1376,1125,1153,1316,1451,1727,1874,1702,1264,654,211,39,29937,3176,4
Somalia,1995,53737,16920,27203,10283,3500,1678,1517,2956,2843,2542,2480,3197,3616,1946,257,1484,1472,1438,1405,1383,1159,1152,1328,1465,1732,1891,1725,1280,666,217,40,30703,3195,4
Somalia,1996,56605,17706,28929,11223,3554,1770,1606,3093,2964,2691,2585,3340,3778,2024,270,1555,1538,1501,1463,1439,1252,1206,1379,1542,1798,1971,1807,1331,693,228,42,32483,3376,4
Somalia,1997,59343,18708,30856,12148,3655,1844,1674,3178,3025,2783,2643,3444,3882,2077,275,1604,1574,1533,1492,1464,1319,1244,1399,1612,1832,2021,1861,1367,710,232,43,34511,3518,4
Somalia,1998,60467,18973,31237,12264,3774,1868,1722,3262,3097,2871,2692,3538,3975,2139,287,1651,1611,1570,1527,1494,1377,1287,1405,1680,1858,2066,1909,1407,732,242,45,35011,3590,5
Somalia,1999,63234,19755,32611,12856,4082,1942,1813,3420,3221,3012,2805,3688,4116,2220,296,1743,1677,1634,1587,1552,1460,1362,1443,1766,1922,2134,1982,1462,758,250,46,36693,3755,5
Somalia,2000,65389,20440,33736,13296,4333,1959,1879,3537,3306,3094,2914,3804,4225,2293,305,1814,1723,1679,1627,1589,1505,1438,1476,1823,1981,2186,2039,1513,780,259,46,38069,3838,5
Somalia,2001,67687,21178,34950,13772,4598,1955,1943,3656,3391,3169,3049,3935,4344,2375,320,1884,1772,1722,1669,1629,1540,1529,1520,1871,2064,2242,2102,1568,807,269,51,39548,3898,5
Somalia,2002,70254,21979,36273,14294,4867,1988,2019,3811,3500,3259,3204,4076,4466,2459,330,1971,1840,1778,1722,1677,1582,1622,1582,1908,2168,2297,2169,1625,834,278,52,41140,4007,5
Somalia,2003,72719,22715,37523,14808,5087,2069,2085,3966,3604,3353,3362,4214,4577,2539,339,2054,1912,1831,1773,1726,1627,1711,1651,1935,2279,2347,2230,1677,862,285,54,42610,4154,5
Somalia,2004,75347,23469,38812,15343,5296,2198,2151,4145,3720,3458,3532,4350,4708,2623,351,2143,2002,1890,1830,1781,1677,1800,1732,1970,2380,2416,2292,1731,892,295,56,44108,4349,6
Somalia,2005,77492,24145,39916,15771,5444,2316,2165,4288,3806,3528,3675,4458,4828,2701,360,2213,2075,1934,1872,1819,1709,1852,1823,2009,2449,2486,2342,1779,922,303,57,45360,4481,6
Somalia,2006,79676,24764,40950,16186,5605,2469,2165,4445,3910,3618,3827,4568,4967,2773,370,2288,2157,1989,1921,1866,1752,1892,1935,2064,2504,2575,2392,1824,949,312,58,46555,4634,6
Somalia,2007,81553,25149,41658,16509,5765,2620,2184,4611,4023,3712,3977,4665,5115,2838,379,2367,2244,2052,1971,1914,1798,1937,2040,2131,2534,2686,2429,1865,973,318,61,47423,4804,6
Somalia,2008,81824,25328,41699,16371,5716,2623,2177,4612,4021,3708,4045,4702,5231,2895,390,2356,2256,2060,1961,1912,1796,1942,2103,2177,2525,2781,2450,1899,996,328,62,47415,4800,7
Somalia,2009,81362,25179,41256,16077,5625,2601,2197,4581,4006,3680,4072,4719,5298,2923,397,2325,2256,2065,1941,1896,1784,1932,2140,2217,2502,2833,2465,1912,1011,334,63,46881,4798,7
Somalia,2010,86753,26740,44393,17653,6086,2851,2370,4738,4175,3856,4304,5013,5545,3005,409,2380,2358,2164,2011,1981,1875,2034,2270,2400,2613,2968,2577,1966,1039,344,65,50479,5221,7
Somalia,2011,86743,26650,44083,17433,6052,2865,2473,4702,4207,3857,4308,5127,5611,3031,420,2322,2380,2193,2014,1981,1876,2038,2270,2494,2633,2978,2633,1978,1053,353,67,50135,5338,7
Somalia,2012,78937,24278,39212,14934,5280,2498,2348,4346,3958,3605,4018,4919,5382,2947,416,2116,2230,2070,1888,1855,1750,1903,2115,2410,2509,2804,2578,1911,1036,350,66,44492,4846,7
Somalia,2013,78762,24131,38842,14711,5206,2477,2363,4336,3970,3597,4024,5050,5465,2992,431,2115,2221,2078,1892,1847,1750,1906,2118,2485,2565,2793,2672,1934,1058,362,69,44048,4840,8
Somalia,2014,79198,24176,38787,14611,5153,2463,2372,4383,4017,3626,4066,5220,5585,3070,444,2167,2216,2098,1919,1860,1766,1928,2138,2568,2652,2816,2769,1984,1086,373,71,43940,4835,8
Somalia,2015,79609,24207,38714,14507,5111,2456,2385,4427,4065,3647,4097,5383,5693,3164,459,2244,2183,2118,1947,1870,1777,1943,2154,2612,2771,2857,2836,2048,1116,386,73,43825,4841,8
Somalia,2016,80591,24282,38821,14539,5144,2480,2420,4519,4154,3714,4168,5576,5825,3280,477,2367,2152,2158,1996,1905,1809,1980,2188,2650,2926,2929,2896,2135,1145,399,78,43965,4900,8
Somalia,2017,81651,24339,38926,14587,5187,2496,2448,4600,4220,3776,4249,5796,6002,3445,498,2465,2135,2185,2035,1937,1839,2018,2231,2706,3090,3044,2958,2261,1184,417,81,44113,4944,9
Somalia,2018,81326,24094,38332,14238,5090,2457,2431,4617,4217,3787,4264,5919,6100,3582,520,2484,2133,2174,2043,1950,1837,2025,2239,2719,3200,3129,2971,2368,1214,435,85,43422,4888,9
Somalia,2019,81790,24062,38138,14076,5073,2452,2441,4685,4229,3833,4310,6075,6273,3729,539,2502,2183,2167,2062,1984,1849,2047,2263,2754,3321,3254,3019,2469,1260,451,88,43211,4893,9
Somalia,2020,87349,23988,37860,13872,5041,2447,2464,4839,4444,4407,5358,7740,7721,4405,611,2542,2297,2211,2233,2240,2167,2507,2851,3504,4236,4162,3559,2898,1507,513,98,42901,4911,10
Somalia,2021,91684,23914,37626,13712,5028,2461,2604,5277,4762,4942,6058,8744,8687,4837,647,2725,2552,2305,2457,2507,2435,2808,3250,4035,4709,4741,3946,3171,1666,543,104,42654,5065,11
South Africa,1950,140643,36150,59099,22949,5622,2973,3272,8853,9969,9117,8819,11318,12325,8108,1159,4113,4740,4975,4994,4724,4393,4374,4445,5320,5998,6145,6180,5133,2975,1014,145,64721,6245,8
South Africa,1951,138173,35981,58332,22351,5599,2914,3226,8791,9851,9009,8709,11017,11843,7765,1111,4098,4693,4909,4942,4671,4338,4327,4382,5168,5849,5927,5916,4917,2848,973,138,63931,6140,7
South Africa,1952,134788,35678,57435,21757,5556,2854,3137,8578,9533,8742,8480,10624,11354,7417,1067,4016,4562,4745,4788,4532,4210,4211,4269,4973,5651,5722,5632,4695,2722,935,132,62991,5991,7
South Africa,1953,130469,35068,56110,21042,5477,2799,3013,8230,9084,8393,8184,10175,10881,7086,1035,3862,4368,4515,4569,4347,4046,4067,4117,4755,5420,5540,5341,4479,2607,906,129,61587,5812,7
South Africa,1954,125362,33914,54097,20183,5328,2772,2872,7714,8522,8037,7928,9767,10484,6816,1013,3623,4091,4224,4298,4143,3894,3950,3978,4560,5207,5401,5083,4298,2518,885,128,59425,5644,7
South Africa,1955,119919,32659,51930,19271,5082,2719,2729,7167,7918,7624,7651,9378,10138,6576,999,3372,3795,3915,4003,3909,3715,3807,3844,4376,5002,5272,4866,4132,2444,869,130,57012,5448,7
South Africa,1956,115685,31516,49791,18275,4831,2669,2641,6802,7563,7401,7529,9136,9908,6407,1000,3193,3609,3731,3832,3777,3624,3743,3786,4268,4868,5182,4726,4007,2400,867,133,54622,5310,8
South Africa,1957,111714,30495,47808,17313,4607,2612,2568,6414,7165,7146,7409,8955,9742,6270,1009,3011,3403,3530,3635,3625,3521,3671,3738,4184,4771,5108,4634,3901,2369,871,138,52415,5180,8
South Africa,1958,108752,29607,46087,16480,4429,2570,2533,6102,6866,6986,7381,8896,9681,6183,1030,2867,3235,3375,3491,3521,3465,3644,3737,4161,4735,5072,4609,3821,2362,885,145,50516,5103,8
South Africa,1959,106252,28763,44590,15827,4326,2564,2522,5756,6548,6844,7382,8880,9667,6112,1053,2714,3042,3209,3339,3418,3426,3644,3738,4158,4722,5055,4612,3753,2359,902,151,48916,5086,9
South Africa,1960,105342,28527,44033,15506,4252,2516,2567,5642,6381,6723,7407,8952,9698,6080,1083,2689,2953,3125,3256,3343,3380,3627,3780,4199,4753,5062,4636,3716,2364,923,160,48285,5083,10
South Africa,1961,106140,28955,44386,15431,4233,2463,2643,5720,6351,6660,7466,9188,9802,6099,1116,2765,2955,3113,3238,3312,3348,3613,3853,4320,4868,5123,4679,3721,2378,947,169,48619,5106,11
South Africa,1962,107728,29442,44887,15445,4273,2461,2725,5806,6366,6718,7662,9502,9983,6172,1159,2849,2957,3114,3252,3331,3387,3685,3977,4490,5012,5233,4750,3771,2401,979,180,49160,5186,12
South Africa,1963,109586,29984,45563,15579,4326,2470,2809,5966,6418,6785,7833,9817,10151,6239,1192,2972,2994,3135,3283,3360,3425,3749,4084,4660,5157,5347,4804,3830,2409,1003,189,49889,5279,13
South Africa,1964,111575,30591,46423,15832,4381,2498,2870,6126,6429,6816,7969,10152,10349,6320,1228,3095,3031,3135,3294,3374,3442,3796,4173,4834,5318,5481,4868,3903,2417,1029,199,50804,5368,15
South Africa,1965,113475,31190,47289,16099,4432,2544,2900,6296,6415,6824,8071,10484,10546,6397,1256,3218,3078,3124,3291,3378,3446,3827,4244,4998,5486,5615,4931,3967,2430,1048,208,51721,5444,16
South Africa,1966,115576,31807,48177,16370,4480,2587,2921,6502,6443,6870,8189,10839,10777,6489,1287,3341,3161,3135,3308,3402,3468,3867,4322,5161,5678,5764,5013,4032,2457,1068,219,52657,5508,17
South Africa,1967,117483,32444,49018,16574,4532,2625,2928,6686,6439,6883,8268,11174,11025,6578,1307,3436,3250,3136,3303,3409,3474,3889,4379,5297,5877,5920,5105,4083,2495,1081,226,53550,5553,19
South Africa,1968,119733,32991,49781,16790,4591,2663,2940,6907,6486,6948,8404,11578,11364,6713,1334,3533,3374,3167,3319,3441,3507,3937,4467,5457,6121,6123,5241,4156,2557,1098,236,54372,5603,20
South Africa,1969,121499,33488,50420,16932,4643,2683,2950,7043,6488,6959,8476,11927,11701,6834,1357,3569,3474,3184,3304,3442,3517,3957,4519,5575,6352,6326,5375,4218,2616,1111,246,55063,5633,21
South Africa,1970,122879,33810,50786,16976,4680,2686,2966,7120,6486,6956,8524,12243,12061,6968,1382,3556,3564,3208,3278,3435,3521,3966,4558,5671,6572,6542,5519,4291,2677,1127,255,55466,5652,23
South Africa,1971,124059,34085,50998,16913,4693,2679,2976,7151,6505,6958,8578,12532,12446,7106,1415,3519,3632,3248,3257,3426,3532,3982,4596,5760,6772,6774,5672,4373,2733,1152,263,55691,5655,24
South Africa,1972,124994,34169,50880,16711,4650,2653,2980,7151,6557,6980,8661,12818,12892,7284,1459,3471,3680,3312,3245,3425,3555,4012,4649,5861,6957,7031,5861,4488,2796,1187,272,55530,5633,26
South Africa,1973,125343,34147,50568,16421,4591,2609,2959,7068,6569,6936,8699,13032,13321,7457,1504,3393,3675,3357,3212,3389,3547,4018,4681,5931,7101,7272,6049,4606,2851,1225,279,55159,5568,28
South Africa,1974,125455,33917,49917,16000,4511,2556,2918,6958,6614,6907,8763,13264,13796,7662,1554,3327,3631,3411,3203,3359,3548,4037,4726,6016,7248,7529,6267,4747,2915,1267,287,54428,5474,30
South Africa,1975,125509,33590,49119,15529,4431,2513,2872,6837,6662,6882,8833,13502,14313,7903,1612,3288,3549,3456,3206,3332,3550,4062,4771,6107,7395,7798,6515,4908,2995,1314,298,53550,5385,31
South Africa,1976,124997,33118,48052,14934,4333,2457,2811,6672,6682,6820,8865,13685,14780,8142,1666,3233,3439,3469,3213,3289,3531,4070,4795,6172,7513,8021,6759,5066,3076,1357,309,52385,5268,33
South Africa,1977,124171,32487,46729,14242,4237,2411,2758,6533,6718,6768,8867,13815,15196,8388,1718,3191,3342,3472,3246,3255,3513,4071,4796,6212,7603,8203,6993,5226,3162,1394,324,50966,5169,35
South Africa,1978,123463,31906,45430,13524,4090,2340,2689,6345,6713,6706,8926,14011,15678,8712,1783,3123,3222,3436,3277,3222,3484,4082,4844,6281,7730,8410,7268,5433,3279,1442,341,49520,5029,37
South Africa,1979,123690,31503,44233,12730,3918,2270,2642,6261,6816,6784,9108,14341,16278,9130,1867,3085,3176,3436,3380,3268,3516,4152,4956,6417,7924,8671,7607,5699,3431,1504,363,48151,4912,39
South Africa,1980,124239,31079,43117,12038,3756,2207,2605,6212,6907,6910,9316,14702,16913,9596,1956,3049,3163,3413,3494,3347,3563,4235,5081,6567,8135,8947,7966,5998,3598,1572,384,46873,4812,42
South Africa,1981,123371,30127,41513,11386,3572,2130,2536,6084,6877,6964,9400,14872,17352,9994,2032,2972,3112,3330,3547,3399,3565,4259,5141,6631,8241,9125,8227,6254,3740,1632,400,45085,4666,45
South Africa,1982,124542,29761,40622,10861,3372,2050,2544,6013,6992,7202,9688,15292,18012,10559,2145,2934,3079,3318,3674,3556,3646,4345,5343,6824,8468,9429,8583,6610,3949,1720,425,43994,4594,48
South Africa,1983,125769,29503,39955,10452,3234,1991,2629,6056,7146,7470,9895,15578,18482,11039,2241,2972,3084,3334,3812,3739,3731,4389,5506,6976,8602,9641,8841,6907,4132,1798,443,43189,4620,51
South Africa,1984,129164,29533,39689,10156,3107,1908,2768,6238,7513,8003,10369,16206,19225,11707,2375,3096,3142,3458,4055,4054,3949,4533,5836,7318,8888,10001,9224,7317,4390,1907,468,42796,4676,55
South Africa,1985,131881,29655,39488,9833,2965,1771,2850,6346,7743,8499,10747,16987,19720,12222,2482,3201,3145,3532,4211,4340,4159,4634,6113,7788,9199,10258,9462,7621,4601,1993,489,42453,4621,59
South Africa,1986,134914,30023,39719,9696,2900,1669,3029,6539,7895,8851,10898,17952,20169,12647,2582,3394,3145,3580,4315,4551,4300,4616,6282,8348,9604,10537,9632,7853,4794,2072,510,42619,4698,62
South Africa,1987,139331,29969,39373,9404,2936,1555,2952,6923,8204,9711,11467,18945,21064,13381,2755,3598,3325,3668,4536,4945,4766,4940,6527,8952,9993,11027,10037,8267,5114,2211,544,42309,4507,66
South Africa,1988,139328,28949,38011,9062,2906,1474,2739,6998,8019,10047,11576,19286,21495,13820,2882,3638,3360,3557,4462,5059,4988,5085,6491,9149,10137,11268,10227,8489,5331,2313,569,40917,4213,69
South Africa,1989,143840,27710,36496,8786,2850,1475,2601,7429,8362,11059,12525,20596,22587,14683,3104,3815,3614,3690,4672,5488,5571,5649,6876,9777,10819,11835,10752,8965,5718,2490,614,39346,4076,74
South Africa,1990,144068,26201,34794,8593,2913,1519,2345,7399,8164,11290,12860,21161,23130,15169,3251,3730,3669,3612,4552,5506,5784,5930,6930,9920,11241,12051,11079,9211,5958,2611,640,37707,3864,77
South Africa,1991,145430,25348,33591,8243,2955,1635,2242,7793,8438,11805,13235,21392,23388,15489,3384,3819,3974,3801,4637,5698,6107,6274,6961,9824,11568,12072,11316,9359,6130,2718,666,36546,3877,81
South Africa,1992,147163,24523,32551,8028,3044,1767,2117,7892,8542,12176,13625,21855,23952,15986,3569,3723,4169,3940,4602,5799,6377,6618,7007,9788,12067,12280,11672,9620,6366,2866,703,35595,3884,86
South Africa,1993,152936,24128,32191,8063,3165,1911,2124,8105,8956,12827,14548,23398,25057,16745,3820,3646,4459,4231,4725,6010,6817,7134,7414,10257,13141,12845,12212,10045,6700,3064,756,35356,4035,92
South Africa,1994,162652,23973,32306,8333,3333,2125,2364,8980,10301,14217,15979,24963,26366,17538,4077,3813,5167,5004,5297,6617,7600,7904,8075,10749,14214,13622,12744,10504,7034,3268,809,35639,4489,98
South Africa,1995,170771,24083,32988,8905,3553,2359,2678,9604,11513,15119,17057,25861,27490,18162,4277,3876,5728,5732,5781,7008,8111,8472,8585,10955,14906,14444,13046,10892,7270,3424,853,36541,5037,103
South Africa,1996,183877,23741,33494,9753,3313,2224,3105,14537,16811,17466,18025,25419,27275,17843,4260,5373,9164,8991,7820,8293,9173,9131,8894,10738,14681,14676,12599,10722,7121,3399,861,36807,5329,105
South Africa,1997,196049,22572,33069,10497,3398,2269,3463,16862,21323,19521,19673,25832,27960,18158,4408,5846,11016,11648,9675,9361,10160,10037,9636,10997,14835,15328,12632,10918,7240,3502,906,36467,5732,112
South Africa,1998,208916,21986,33167,11181,3457,2313,3775,18981,26331,21644,21460,25751,28772,18553,4589,6364,12617,14554,11777,10491,11153,11070,10390,11193,14558,15908,12864,11150,7403,3627,962,36624,6088,120
South Africa,1999,221800,21919,33489,11570,3484,2334,4040,20963,31676,23682,23150,25649,29521,18916,4769,7056,13907,17559,14117,11644,12038,12031,11119,11518,14131,16265,13256,11339,7577,3748,1021,36973,6374,129
South Africa,2000,235179,20862,32524,11662,2790,2142,4377,28178,39187,24641,23607,24546,29626,18617,4808,10234,17944,22391,16796,12411,12230,12201,11406,11381,13165,16168,13458,11073,7544,3753,1055,35314,6519,138
South Africa,2001,257601,21320,33577,12257,2886,2260,4835,31884,46114,27887,25634,25786,31388,19923,5265,11843,20041,26108,20006,14501,13386,13534,12100,12598,13188,16577,14811,11726,8197,4090,1175,36463,7095,157
South Africa,2002,283618,23138,35037,11899,3190,2174,5324,36760,56139,32276,27855,26622,31995,20543,5529,13927,22833,30448,25691,17174,15102,14425,13430,13186,13436,16292,15703,12007,8536,4274,1255,38227,7498,173
South Africa,2003,308279,24408,36457,12049,3429,2283,5655,40554,64085,36510,30302,27814,33308,21767,5920,15760,24794,33949,30136,20243,16267,15848,14454,14026,13788,16389,16919,12709,9058,4560,1360,39886,7938,193
South Africa,2004,320499,24053,37189,13136,4187,2359,5722,43003,67993,40354,32315,28179,31542,21546,5905,16997,26006,34456,33537,22813,17541,16829,15486,14603,13576,14950,16592,12649,8897,4529,1376,41376,8081,204
South Africa,2005,332906,25911,38051,12140,4018,2440,5713,43907,67682,43196,34335,30323,32938,23568,6499,17100,26807,32901,34781,24921,18275,17759,16576,16036,14287,15211,17727,14017,9551,4976,1523,42069,8153,232
South Africa,2006,335548,24942,36500,11558,3507,2459,5762,44217,64407,45233,35427,32136,33394,25274,6974,16995,27222,30099,34308,26187,19046,17796,17631,16657,15479,15190,18204,15302,9972,5337,1637,40007,8221,255
South Africa,2007,328964,24969,35967,10998,3343,2394,5136,42417,57781,45907,35378,32877,33534,26642,7313,16036,26381,27026,30755,26915,18992,17613,17765,17266,15611,15297,18237,16367,10275,5591,1722,39310,7530,275
South Africa,2008,318431,25155,36195,11040,2954,2285,4846,40258,53037,44764,34298,33373,31872,26898,7362,15068,25190,24743,28294,26091,18673,16715,17583,17573,15800,14662,17210,16614,10284,5613,1749,39149,7131,288
South Africa,2009,305469,20748,30383,9635,2559,2460,4841,37110,46405,43885,33874,34359,32633,28786,7862,13846,23264,22015,24390,25083,18802,16407,17467,17871,16488,15387,17246,17689,11097,5973,1889,32942,7301,316
South Africa,2010,290612,18707,28189,9482,2597,2440,4629,33871,40707,41416,32090,34840,32041,29417,8041,12723,21148,20142,20565,22773,18643,15605,16485,17729,17111,15541,16500,17791,11626,6064,1977,30786,7069,336
South Africa,2011,277380,15320,22404,7084,2391,2073,4149,28851,34978,38444,31935,36414,33696,32244,9392,10722,18129,18128,16850,20498,17946,15476,16459,18659,17755,16709,16987,18762,13482,6986,2406,24795,6222,410
South Africa,2012,263553,14887,22448,7561,2576,2181,3940,25619,31732,35297,30478,35822,33342,31249,8504,9282,16337,17188,14544,17670,17627,14890,15588,17667,18155,16755,16587,17891,13358,6367,2137,25024,6121,362
South Africa,2013,260555,16136,23010,6874,1832,1661,3539,22703,28445,34153,30954,36882,34799,32907,9268,8209,14494,15541,12904,16510,17643,15279,15675,17828,19054,17977,16822,18310,14597,6930,2338,24842,5200,403
South Africa,2014,253501,15834,22711,6877,1611,1443,3422,19669,26362,31689,30742,37780,35793,32436,9429,6888,12781,14588,11774,14532,17157,15314,15428,18031,19749,18708,17085,17607,14829,7084,2345,24322,4865,414
South Africa,2015,254433,15075,21097,6022,1504,1430,3147,18501,25586,30037,31733,38793,37925,33669,10533,6579,11922,13823,11763,13180,16857,16128,15605,18204,20589,20061,17864,17876,15793,7952,2581,22601,4577,476
South Africa,2016,246381,13447,19049,5602,1442,1337,3022,17251,25013,28139,32136,38825,39283,30784,9670,6175,11076,13208,11805,12044,16095,16401,15735,17884,20941,20581,18702,16368,14416,7432,2238,20491,4359,428
South Africa,2017,243853,12481,17437,4956,1309,1287,2859,15215,24616,26073,32690,39307,40586,31080,10877,5546,9669,12852,11764,11008,15065,16750,15940,18012,21295,21450,19136,16434,14646,8331,2546,18746,4146,520
South Africa,2018,245992,13626,18269,4643,1356,1405,2807,14092,24002,24495,33523,39517,42087,31721,12099,5143,8949,12129,11873,10313,14182,17169,16354,17827,21690,22245,19842,16899,14822,9204,2895,19625,4212,615
South Africa,2019,246929,14976,19535,4559,1312,1358,2682,12774,22870,23227,33560,39438,44001,32371,13109,4643,8131,11290,11580,10208,13019,16850,16710,17622,21816,23267,20734,17564,14807,9868,3241,20847,4040,700
South Africa,2020,278497,11418,15319,3901,1133,1271,2484,12179,23322,24628,41725,49894,55852,35785,14158,4343,7836,11161,12161,11085,13543,19959,21766,22451,27443,29200,26652,20002,15783,10590,3568,16452,3755,748
South Africa,2021,345196,14186,18856,4670,1339,1547,2805,12741,25809,28614,53000,61917,71880,46518,19099,4723,8018,12013,13796,13513,15101,24012,28988,28205,33712,37728,34152,26522,19996,13958,5141,20195,4352,1066
South Korea,1950,289599,91116,143533,52417,20553,6874,8078,17277,14451,15579,15759,16348,15477,13721,1832,9198,8079,6932,7519,8448,7131,7793,7966,8389,7959,8765,6712,9602,4119,1320,512,164086,14952,118
South Korea,1951,244131,76942,117460,40518,16762,6328,7224,15214,12605,13498,13755,15286,14079,10565,1274,8071,7143,6125,6480,7283,6215,6679,7076,7745,7541,8095,5984,6989,3576,962,312,134222,13552,80
South Korea,1952,206898,68376,100177,31801,13352,5794,6276,12573,10116,10405,11271,14297,13377,8278,925,6671,5902,5069,5047,5455,4950,5246,6025,6995,7302,7473,5904,4986,3292,716,209,113529,12070,59
South Korea,1953,190207,62073,87864,25791,15273,5364,5904,11592,9385,9725,10430,13968,13208,6705,740,6146,5446,4774,4611,4981,4744,4732,5698,6609,7359,7074,6134,3671,3034,587,153,103137,11268,44
South Korea,1954,174038,56851,78466,21615,13044,4977,5628,10790,8783,9134,9785,13778,13285,5674,660,5720,5070,4521,4262,4562,4572,4362,5423,6338,7440,6926,6359,3004,2670,540,120,91510,10605,34
South Korea,1955,163870,52470,71280,18810,11431,4670,5521,10481,8661,9162,9623,13771,13550,5069,627,5554,4927,4463,4198,4508,4654,4304,5319,6232,7539,7008,6542,2810,2259,525,102,82711,10191,26
South Korea,1956,157368,49173,66095,16922,10547,4469,5432,10265,8603,9210,9572,13816,13956,4770,611,5447,4818,4421,4182,4476,4734,4359,5213,6207,7609,7265,6691,2914,1856,522,89,76642,9901,21
South Korea,1957,154246,46905,62525,15620,10301,4406,5349,10185,8642,9305,9654,13945,14544,4745,621,5421,4764,4402,4240,4476,4829,4541,5113,6283,7662,7728,6816,3253,1492,538,83,72826,9755,20
South Korea,1958,152315,44962,59547,14585,10504,4453,5193,10113,8661,9348,9766,14019,15185,4898,605,5407,4706,4358,4303,4461,4887,4772,4994,6365,7654,8252,6933,3676,1222,529,76,70051,9646,19
South Korea,1959,150781,43306,57256,13950,9508,4716,5026,10143,8737,9466,10007,14171,15983,5189,558,5454,4689,4349,4388,4499,4967,5033,4974,6460,7711,8762,7221,4077,1112,484,74,66764,9742,18
South Korea,1960,150393,41679,55000,13321,9188,4827,4862,10215,8831,9643,10360,14407,16952,5602,488,5520,4695,4360,4471,4572,5071,5289,5071,6552,7855,9236,7716,4456,1146,420,68,64188,9689,15
South Korea,1961,150206,40230,53090,12860,9006,4840,4724,10226,8871,9794,10742,14573,17880,6042,403,5532,4694,4350,4521,4652,5142,5496,5246,6569,8004,9569,8311,4769,1273,346,57,62096,9564,12
South Korea,1962,149209,38577,50876,12299,8785,4828,4600,10131,8830,9884,11133,14495,18510,6787,345,5431,4700,4328,4502,4713,5171,5648,5485,6505,7990,9604,8906,5156,1631,300,45,59661,9428,7
South Korea,1963,145697,36236,47851,11615,8484,4656,4540,9802,8627,9792,11344,14198,18648,7412,332,5167,4635,4237,4390,4697,5095,5673,5671,6330,7868,9342,9306,5331,2081,291,41,56335,9196,5
South Korea,1964,137463,33966,44784,10818,7874,4147,4449,8933,8018,9229,10976,13294,17684,7675,392,4593,4340,3937,4081,4462,4767,5372,5604,5916,7378,8593,9091,5211,2464,348,44,52658,8596,3
South Korea,1965,130251,31404,41320,9916,7295,3831,4394,8191,7587,8798,10704,12749,16842,7963,578,4112,4079,3722,3865,4266,4532,5125,5579,5686,7063,8014,8828,5141,2822,516,62,48615,8225,2
South Korea,1966,121933,28992,37817,8825,6601,3525,4231,7394,7092,8230,10219,12209,15695,8018,902,3644,3750,3480,3612,3977,4253,4829,5390,5423,6786,7299,8396,5011,3007,811,91,44418,7756,1
South Korea,1967,111516,26723,34589,7866,5772,3073,3829,6540,6357,7437,9386,11287,14685,7661,899,3230,3310,3105,3252,3577,3860,4388,4998,5021,6266,6747,7938,5013,2648,833,66,40361,6902,1
South Korea,1968,110665,24305,31297,6992,5460,3058,3786,6638,6424,7627,9687,11750,15460,8460,1013,3388,3250,3140,3284,3625,4002,4474,5213,5378,6372,7191,8269,5764,2696,953,60,36757,6844,2
South Korea,1969,110458,22912,29207,6295,5101,3052,3604,6786,6425,7808,9817,12229,16044,9275,1108,3665,3121,3150,3275,3663,4145,4510,5307,5802,6427,7581,8463,6452,2823,1040,68,34308,6656,1
South Korea,1970,111781,21559,27109,5550,4678,3032,3589,6986,6544,8109,10152,12998,17027,10348,1208,3944,3042,3197,3347,3784,4325,4665,5487,6307,6691,8154,8873,7194,3154,1123,85,31787,6621,1
South Korea,1971,110259,19949,24960,5011,4526,2904,3488,6861,6410,8033,10141,13198,17352,11141,1245,3982,2879,3114,3296,3745,4288,4653,5488,6455,6743,8461,8891,7638,3503,1142,103,29486,6392,1
South Korea,1972,109480,18613,23324,4711,4189,2791,3345,6777,6315,8011,10165,13306,17495,12224,1527,3954,2823,3043,3272,3741,4270,4680,5485,6466,6840,8444,9051,7995,4229,1374,153,27513,6136,10
South Korea,1973,108650,17243,21527,4284,3962,2649,3221,6712,6184,7970,10261,13509,17575,13088,1972,3797,2915,2924,3260,3717,4253,4769,5492,6457,7052,8268,9307,8103,4985,1732,240,25489,5870,15
South Korea,1974,107349,16018,20018,4000,3650,2499,3107,6615,5962,7882,10303,13557,17483,13629,2628,3510,3105,2745,3217,3648,4234,4850,5453,6350,7207,8109,9374,8076,5553,2231,397,23668,5606,15
South Korea,1975,107352,14740,18449,3709,3507,2383,3001,6655,5793,7946,10477,13732,17657,14167,3569,3392,3263,2606,3187,3663,4283,4943,5534,6388,7344,8184,9473,8183,5984,2894,675,21956,5384,14
South Korea,1976,106982,13721,17110,3389,3432,2263,2908,6613,5612,7957,10545,13968,17780,14368,4398,3301,3312,2487,3125,3672,4285,4955,5590,6541,7427,8307,9473,8228,6140,3418,980,20542,5171,26
South Korea,1977,112386,13018,16139,3121,3329,2328,3041,6968,5936,8515,11331,15553,19425,15198,4562,3455,3513,2659,3277,3918,4597,5313,6018,7271,8282,9109,10316,8796,6402,3569,993,19468,5369,60
South Korea,1978,106758,12018,14818,2800,3064,2119,2772,6486,5664,8083,10920,15282,18942,14313,4211,3256,3230,2641,3023,3713,4370,5060,5860,7057,8225,8988,9954,8465,5848,3320,891,17882,4891,84
South Korea,1979,99290,11705,14238,2533,2652,1890,2427,5820,5299,7428,10286,14410,18049,13019,3691,2996,2824,2625,2674,3410,4018,4690,5596,6547,7863,8785,9264,7936,5083,2915,776,16890,4317,86
South Korea,1980,108946,11365,13666,2301,2678,2046,2584,6394,5958,8300,11709,16510,20970,14345,3713,3268,3126,3084,2874,3765,4535,5285,6424,7388,9122,10437,10533,9029,5316,2912,801,16344,4630,78
South Korea,1981,90669,11070,13164,2094,2044,1587,2002,5044,4776,6676,9507,13664,17633,11848,2675,2527,2517,2534,2242,2991,3685,4281,5226,6011,7653,8848,8785,7567,4281,2029,646,15208,3589,43
South Korea,1982,97798,10187,12124,1937,1895,1645,2106,5314,5165,7186,10386,15149,19974,13716,3072,2650,2664,2756,2409,3215,3971,4704,5682,6639,8510,10029,9945,8387,5329,2297,775,14019,3751,70
South Korea,1983,106638,8892,10663,1771,1966,1709,2218,5672,5673,7770,11427,16981,23117,15660,3685,2800,2872,2937,2736,3433,4337,5188,6239,7539,9442,11443,11674,9161,6499,2759,926,12629,3927,97
South Korea,1984,98393,7603,9217,1614,1535,1462,1949,5046,5212,6939,10448,15810,22212,14637,3818,2452,2594,2527,2685,2994,3945,4718,5730,7160,8650,10678,11534,8329,6308,2860,958,10752,3411,103
South Korea,1985,99621,6470,7866,1396,1595,1365,1902,4898,5354,6805,10640,16245,23360,15052,4415,2354,2544,2495,2859,2879,3926,4782,5858,7394,8851,11001,12359,8578,6474,3297,1118,9461,3267,120
South Korea,1986,99804,5650,6832,1182,1472,1247,1845,4675,5364,6618,10646,16350,24130,15479,4995,2216,2459,2457,2907,2765,3853,4778,5868,7402,8948,11286,12844,9116,6363,3689,1306,8304,3092,158
South Korea,1987,102861,5128,6176,1048,1421,1187,1843,4655,5445,6717,10894,16878,25537,16584,5303,2198,2457,2480,2965,2821,3896,4871,6023,7610,9268,11850,13687,10104,6480,3972,1331,7597,3030,226
South Korea,1988,99907,4588,5447,859,1353,1031,1673,4299,5089,6412,10447,16541,25261,16784,5315,2040,2259,2344,2745,2785,3627,4660,5787,7339,9202,11540,13721,10524,6260,4014,1301,6800,2704,257
South Korea,1989,99157,4240,5000,760,1151,958,1544,4082,4845,6340,10236,16653,25226,17464,5394,1954,2128,2296,2549,2930,3410,4565,5671,7243,9410,11428,13798,11211,6253,4049,1345,6151,2502,261
South Korea,1990,96887,3941,4631,690,1127,874,1390,3788,4562,6099,9818,16339,24821,17856,5337,1829,1959,2154,2408,2959,3140,4324,5494,7031,9308,11174,13647,11545,6311,3909,1428,5758,2264,243
South Korea,1991,96828,3816,4437,621,896,847,1270,3586,4430,5974,9650,16243,25164,18758,5337,1737,1849,2065,2365,2984,2990,4197,5453,6966,9277,11178,13986,11957,6801,3760,1577,5333,2117,239
South Korea,1992,96449,3544,4097,553,739,797,1128,3344,4218,5810,9396,16091,25405,19730,5401,1621,1723,1960,2258,2925,2885,4072,5324,6919,9172,11208,14197,12244,7486,3765,1636,4836,1925,291
South Korea,1993,98883,3214,3727,513,683,754,1041,3217,4148,5873,9395,16382,26408,21176,5743,1555,1662,1903,2245,2868,3005,4019,5376,7069,9313,11791,14617,12968,8208,4053,1690,4410,1795,337
South Korea,1994,99955,2945,3426,481,594,687,962,3038,4016,5899,9192,16429,27088,22108,6162,1450,1588,1800,2216,2686,3213,3836,5356,7063,9366,12354,14734,13477,8631,4430,1732,4020,1649,355
South Korea,1995,101404,2717,3174,457,534,616,908,2874,3860,6009,8961,16665,27808,22949,6692,1345,1529,1702,2158,2622,3387,3661,5300,7120,9545,12784,15024,14075,8874,4839,1853,3708,1524,354
South Korea,1996,102630,2482,2914,432,485,528,881,2694,3692,6058,8745,16838,28328,23976,7129,1230,1464,1608,2084,2591,3467,3520,5225,7159,9679,12954,15374,14716,9260,5043,2086,3399,1409,355
South Korea,1997,101397,2276,2669,393,454,440,832,2442,3460,5825,8397,16514,28099,24621,7227,1087,1355,1501,1959,2466,3359,3379,5018,6957,9557,12715,15384,14662,9959,5067,2160,3123,1272,417
South Korea,1998,101394,2082,2486,404,446,389,785,2260,3281,5594,8252,16378,28431,25109,7512,989,1271,1421,1860,2394,3200,3435,4817,6873,9505,12621,15810,14622,10487,5302,2210,2932,1174,472
South Korea,1999,101847,1854,2197,343,413,337,715,2090,3100,5323,8213,16265,29209,25468,8015,916,1174,1351,1749,2349,2974,3648,4565,6822,9443,12734,16475,14742,10726,5716,2299,2610,1052,505
South Korea,2000,101980,1693,2012,319,383,304,638,1937,2923,5116,8099,16076,29723,25697,8552,859,1078,1284,1639,2253,2863,3792,4307,6648,9428,12871,16852,15015,10682,6111,2441,2395,942,520
South Korea,2001,98405,1481,1780,299,358,270,519,1738,2653,4766,7626,15292,28828,25354,8695,800,938,1172,1481,2072,2694,3686,3940,6225,9067,12455,16373,14842,10512,6109,2586,2138,789,526
South Korea,2002,102082,1268,1551,283,348,267,459,1671,2601,4748,7724,15552,29966,27214,9341,798,873,1148,1453,2060,2688,3762,3962,6288,9264,12923,17043,15621,11593,6561,2780,1899,726,641
South Korea,2003,107285,1148,1398,250,323,263,417,1604,2562,4776,7983,15970,31515,29477,10258,775,829,1123,1439,2045,2731,3764,4219,6353,9617,13547,17968,17042,12435,7271,2987,1721,680,738
South Korea,2004,107206,1042,1263,221,287,243,362,1460,2389,4573,7924,15471,31513,30177,10785,695,765,1031,1358,1912,2661,3473,4451,5997,9474,13447,18066,17851,12326,7687,3098,1550,605,758
South Korea,2005,107586,927,1125,198,269,229,328,1336,2244,4352,7984,14942,31865,30813,11358,619,717,947,1297,1793,2559,3340,4644,5673,9269,13517,18348,18506,12307,8014,3344,1394,557,747
South Korea,2006,106482,866,1041,175,243,208,295,1203,2058,4074,7849,14219,31643,31290,11620,521,682,845,1213,1662,2412,3213,4636,5311,8908,13357,18286,18630,12660,7918,3702,1284,503,735
South Korea,2007,108955,838,996,158,214,194,277,1108,1923,3938,7767,14031,32251,33087,12301,453,655,773,1150,1606,2332,3136,4631,5249,8782,13415,18836,18898,14189,8270,4031,1210,471,868
South Korea,2008,107550,768,915,147,185,174,253,975,1730,3645,7308,13443,31628,33433,12891,388,587,691,1039,1499,2146,2968,4340,5228,8215,12983,18645,18681,14752,8713,4178,1100,427,972
South Korea,2009,108088,710,851,141,164,156,236,862,1590,3422,6894,13207,31431,34160,14044,336,526,639,951,1422,2000,2869,4025,5472,7735,12759,18672,19164,14996,9579,4465,1015,392,1070
South Korea,2010,112055,695,833,138,150,146,227,790,1504,3317,6758,13336,32074,35867,15869,306,484,608,896,1380,1937,2827,3931,5782,7554,12824,19250,20494,15373,10765,5104,983,373,1186
South Korea,2011,113770,683,825,142,132,132,215,703,1404,3160,6513,13215,31848,37089,17219,279,424,574,830,1301,1859,2714,3799,5868,7347,12531,19317,21290,15799,11304,5915,957,347,1310
South Korea,2012,118031,654,790,136,122,117,204,651,1345,3108,6531,13508,32273,40118,17784,271,380,561,784,1257,1851,2697,3834,6056,7452,12545,19728,22396,17722,11462,6322,912,321,1485
South Korea,2013,118425,609,742,133,117,102,184,584,1236,2945,6324,13312,31652,41708,17882,254,330,522,714,1172,1773,2580,3744,5864,7448,12183,19469,22540,19168,11448,6434,859,286,1634
South Korea,2014,118168,577,709,132,108,90,166,524,1127,2770,6090,13106,30737,42801,18152,238,286,477,650,1080,1690,2452,3638,5413,7693,11670,19067,22385,20416,11709,6443,817,256,1789
South Korea,2015,124143,549,677,128,106,82,155,500,1076,2724,6117,13734,31222,46013,19707,231,269,448,628,1040,1684,2426,3691,5401,8333,11716,19506,23419,22594,12990,6717,783,237,2030
South Korea,2016,126876,501,625,124,102,71,141,466,1004,2587,5947,14084,30797,47708,21121,217,249,392,612,958,1629,2304,3643,5402,8682,11372,19425,23797,23911,14331,6790,727,212,2224
South Korea,2017,129697,440,557,117,98,65,127,440,937,2427,5775,14124,30692,49118,22928,203,237,340,597,879,1548,2215,3560,5324,8800,10999,19693,24134,24984,15996,6932,655,192,2407
South Korea,2018,136332,389,500,111,101,65,118,426,893,2326,5777,14221,31755,51795,25733,193,233,311,582,835,1491,2234,3543,5386,8835,11419,20336,25219,26576,18299,7434,601,183,2622
South Korea,2019,139917,349,453,104,95,62,107,407,819,2181,5636,13727,32254,53221,28212,182,225,279,540,785,1396,2211,3425,5372,8355,12251,20003,25768,27453,20224,7988,548,169,2745
South Korea,2020,146906,321,416,95,67,87,184,817,1592,3429,6894,11097,26019,59455,33840,374,443,617,975,1317,2112,2973,3921,5108,5989,8613,17406,27331,32124,24309,9531,483,271,3009
South Korea,2021,154253,299,383,84,60,83,160,766,1466,3210,6545,11618,25850,63165,37880,344,422,589,877,1268,1942,2897,3648,5141,6477,9021,16829,27917,35248,27060,10820,443,243,3073
South Sudan,1950,36795,12769,22308,9539,2099,957,871,1690,1616,1361,1384,1864,1911,660,70,854,836,818,798,720,641,642,742,870,994,1052,859,449,211,61,9,24407,1828,2
South Sudan,1951,36643,12731,21957,9226,2132,967,879,1720,1640,1386,1394,1876,1936,680,70,869,851,830,810,733,653,649,745,877,999,1056,880,478,202,61,9,24089,1846,2
South Sudan,1952,36582,12788,21686,8898,2164,981,888,1756,1664,1412,1409,1891,1955,705,69,886,870,845,819,748,664,661,748,885,1006,1060,895,511,194,60,9,23850,1869,1
South Sudan,1953,36586,12863,21627,8764,2140,988,885,1775,1674,1429,1413,1893,1958,731,70,895,880,850,824,758,671,669,744,887,1006,1054,904,541,190,60,10,23767,1873,1
South Sudan,1954,36793,12943,21682,8739,2111,1004,892,1803,1699,1456,1428,1906,1975,763,69,907,896,866,833,772,684,681,747,893,1013,1061,914,569,194,61,8,23793,1896,1
South Sudan,1955,37310,13164,22094,8930,2056,1020,899,1825,1720,1479,1448,1920,1986,794,67,916,909,879,841,784,695,694,754,899,1021,1065,921,588,206,59,8,24150,1919,1
South Sudan,1956,38868,13419,22604,9185,2155,1121,980,1989,1872,1602,1549,2014,2068,844,65,994,995,959,913,847,755,747,802,943,1071,1111,957,619,225,57,8,24759,2101,1
South Sudan,1957,40744,13671,23154,9483,2281,1273,1115,2235,2097,1770,1672,2084,2113,880,65,1111,1124,1078,1019,935,835,813,859,977,1107,1138,975,638,242,56,9,25435,2388,1
South Sudan,1958,46663,14043,24174,10131,2866,1828,1627,3160,2926,2375,2084,2337,2272,944,63,1561,1599,1512,1414,1260,1115,1040,1044,1113,1224,1231,1041,677,267,55,8,27040,3455,1
South Sudan,1959,47130,14198,24480,10282,2896,1808,1648,3183,2964,2396,2113,2345,2273,956,64,1568,1615,1534,1430,1267,1129,1054,1059,1116,1229,1235,1038,679,277,57,7,27376,3456,1
South Sudan,1960,47743,14347,24743,10396,2977,1783,1686,3228,3025,2436,2157,2370,2295,969,69,1589,1639,1565,1460,1287,1149,1076,1081,1129,1241,1250,1045,684,285,62,7,27720,3469,1
South Sudan,1961,48451,14496,25003,10507,3083,1761,1729,3285,3100,2487,2213,2409,2323,980,74,1619,1666,1603,1497,1314,1173,1104,1109,1152,1257,1268,1055,688,292,66,8,28086,3490,1
South Sudan,1962,48960,14668,25303,10635,3146,1733,1751,3311,3141,2513,2246,2426,2332,979,77,1637,1674,1624,1517,1329,1184,1122,1124,1169,1257,1277,1055,685,294,69,8,28449,3484,1
South Sudan,1963,49076,15511,27075,11564,3144,1329,1325,2642,2564,2260,2249,2695,2653,1056,83,1313,1329,1315,1249,1167,1093,1093,1156,1280,1415,1461,1192,742,314,76,7,30219,2654,1
South Sudan,1964,44598,14875,25232,10357,2720,1182,1182,2380,2340,1971,1950,2316,2286,956,81,1190,1190,1199,1141,1035,936,945,1005,1109,1207,1254,1032,665,291,74,7,27952,2364,1
South Sudan,1965,50609,15903,27675,11772,3341,1404,1335,2794,2724,2378,2366,2786,2674,1047,87,1402,1392,1390,1334,1236,1142,1150,1216,1344,1442,1477,1197,736,311,79,8,31016,2739,1
South Sudan,1966,56472,16876,30101,13225,3955,1633,1472,3207,3097,2788,2781,3240,3004,1107,89,1613,1594,1574,1523,1439,1349,1353,1428,1571,1669,1671,1333,784,323,81,8,34056,3105,1
South Sudan,1967,56654,16967,30189,13222,4002,1667,1452,3258,3139,2829,2809,3243,2917,1062,86,1641,1617,1588,1551,1465,1364,1362,1447,1579,1664,1626,1291,753,309,78,8,34191,3119,0
South Sudan,1968,57073,17070,30313,13243,4078,1710,1461,3325,3206,2894,2852,3271,2855,1022,84,1667,1658,1614,1592,1503,1391,1377,1475,1599,1672,1596,1259,728,294,76,8,34391,3171,0
South Sudan,1969,59004,17395,31086,13691,4300,1804,1525,3467,3353,3058,3000,3424,2894,1007,81,1718,1749,1683,1670,1588,1470,1447,1553,1679,1745,1627,1267,719,288,73,8,35386,3329,0
South Sudan,1970,59289,17453,31179,13726,4352,1835,1561,3489,3402,3116,3032,3445,2832,967,78,1700,1789,1706,1696,1621,1495,1460,1572,1694,1751,1603,1229,693,274,70,8,35531,3396,0
South Sudan,1971,52085,16253,28036,11783,3641,1593,1397,3026,3016,2653,2541,2896,2364,846,70,1448,1578,1515,1501,1401,1252,1221,1320,1428,1468,1339,1025,602,244,63,7,31677,2990,0
South Sudan,1972,52740,16399,28327,11928,3705,1618,1434,3046,3064,2711,2581,2957,2385,838,69,1433,1613,1544,1520,1431,1280,1240,1341,1460,1497,1361,1024,598,240,62,7,32032,3052,0
South Sudan,1973,48476,15646,26441,10795,3292,1471,1335,2762,2833,2423,2285,2641,2145,782,65,1294,1468,1436,1397,1293,1130,1097,1188,1306,1335,1225,920,556,226,58,7,29733,2806,0
South Sudan,1974,49973,15818,26823,11005,3493,1539,1407,2866,2978,2552,2396,2788,2257,808,66,1351,1515,1517,1461,1359,1193,1153,1243,1377,1411,1296,961,577,231,59,7,30316,2946,0
South Sudan,1975,50647,15927,27102,11175,3576,1558,1429,2873,3027,2600,2441,2851,2314,814,66,1378,1495,1550,1477,1380,1220,1177,1264,1405,1446,1331,983,583,231,59,7,30678,2987,0
South Sudan,1976,51748,16023,27332,11309,3757,1606,1480,2940,3141,2694,2532,2960,2409,831,66,1440,1500,1613,1528,1424,1270,1225,1307,1454,1506,1389,1020,597,234,59,7,31089,3086,0
South Sudan,1977,51803,16090,27437,11347,3773,1594,1469,2891,3127,2680,2537,2972,2431,828,64,1441,1450,1607,1520,1410,1270,1231,1306,1452,1520,1401,1030,595,233,57,7,31210,3063,0
South Sudan,1978,52043,16174,27611,11437,3799,1593,1463,2868,3114,2677,2555,2992,2470,833,64,1446,1422,1593,1521,1400,1277,1241,1314,1453,1539,1421,1049,599,234,57,7,31410,3056,0
South Sudan,1979,52638,16257,27770,11513,3889,1623,1478,2908,3138,2711,2612,3052,2543,851,64,1471,1437,1587,1551,1413,1298,1270,1342,1475,1577,1460,1083,613,238,57,7,31659,3101,0
South Sudan,1980,52623,16330,27881,11551,3862,1617,1458,2888,3075,2685,2614,3050,2571,859,65,1458,1430,1529,1546,1397,1288,1272,1342,1471,1579,1473,1098,620,239,58,7,31743,3075,0
South Sudan,1981,52923,16427,28050,11623,3868,1635,1455,2904,3037,2687,2643,3076,2624,879,66,1460,1444,1482,1555,1398,1289,1286,1357,1481,1595,1501,1123,635,244,59,7,31918,3090,0
South Sudan,1982,53150,16513,28174,11661,3861,1654,1452,2910,2999,2685,2670,3099,2677,904,66,1458,1452,1441,1558,1401,1284,1298,1372,1493,1606,1529,1148,656,248,59,7,32035,3106,0
South Sudan,1983,60422,17436,29872,12436,4600,2301,1991,3893,3874,3401,3185,3399,2880,958,69,1941,1952,1859,2015,1794,1607,1584,1601,1665,1734,1648,1232,698,260,62,7,34472,4292,0
South Sudan,1984,67704,18421,31660,13239,5323,2952,2538,4858,4721,4106,3687,3694,3074,1014,72,2416,2442,2288,2433,2187,1919,1858,1829,1835,1859,1760,1314,741,273,65,7,36983,5490,0
South Sudan,1985,68600,19156,32702,13546,5263,2956,2538,4820,4627,4087,3682,3703,3108,1038,73,2392,2428,2281,2346,2186,1901,1848,1834,1843,1860,1774,1334,757,281,66,7,37965,5494,0
South Sudan,1986,69568,19615,33606,13991,5235,2968,2563,4811,4562,4092,3693,3737,3155,1070,74,2384,2427,2295,2267,2195,1897,1846,1847,1862,1875,1793,1362,779,291,67,7,38841,5531,1
South Sudan,1987,106689,21265,39873,18608,9373,6699,5828,10386,9482,8139,6411,5246,3930,1239,82,5146,5240,4882,4600,4426,3713,3348,3063,2745,2501,2252,1678,910,329,74,8,49246,12527,1
South Sudan,1988,179527,55802,107767,51965,14637,7267,4102,6948,6426,6989,7893,8844,6758,1798,103,3559,3389,3269,3157,3524,3465,3746,4147,4448,4396,3931,2827,1351,447,92,11,122404,11369,1
South Sudan,1989,75918,18365,31712,13347,6351,4083,3683,6516,5951,5190,4359,3970,3030,1003,70,3250,3266,3103,2848,2764,2426,2210,2149,2045,1925,1735,1295,728,275,63,7,38063,7766,0
South Sudan,1990,75740,19007,32362,13355,6274,3988,3639,6400,5833,5009,4252,3917,2997,999,71,3209,3191,3037,2796,2622,2387,2153,2099,2016,1901,1711,1286,724,275,64,7,38636,7627,0
South Sudan,1991,77120,18993,33112,14119,6347,4027,3712,6551,5952,5000,4286,3976,3049,1026,83,3308,3243,3089,2863,2572,2428,2175,2111,2044,1932,1737,1312,740,286,71,12,39459,7739,2
South Sudan,1992,103617,20074,37826,17752,9195,6603,6118,10695,9528,7630,6139,5051,3582,1151,94,5431,5264,4946,4582,3900,3730,3211,2928,2670,2381,2056,1526,834,317,78,16,47021,12721,3
South Sudan,1993,105022,19847,38270,18423,9188,6726,6238,11023,9719,7646,6194,5122,3622,1174,98,5625,5398,5038,4681,3896,3750,3258,2936,2703,2419,2083,1539,849,325,81,17,47458,12964,4
South Sudan,1994,52535,17257,29407,12150,3354,1507,1411,2767,2558,2270,2459,3041,2665,1001,95,1418,1349,1309,1249,1130,1140,1183,1276,1471,1570,1497,1168,710,291,78,17,32761,2918,4
South Sudan,1995,81046,18435,33897,15462,6791,4333,3945,7306,6418,5043,4481,4240,3315,1164,108,3728,3578,3311,3107,2618,2425,2321,2160,2153,2087,1883,1432,832,332,89,19,40688,8278,5
South Sudan,1996,82013,18321,33694,15373,7176,4409,3974,7484,6529,5071,4560,4341,3436,1218,115,3799,3685,3366,3163,2684,2387,2368,2192,2191,2150,1951,1485,870,348,94,21,40870,8383,6
South Sudan,1997,80954,17959,32933,14974,7350,4283,3880,7423,6444,4956,4512,4319,3477,1247,121,3739,3684,3326,3118,2665,2291,2342,2170,2163,2156,1971,1506,888,359,99,22,40283,8163,6
South Sudan,1998,149257,31445,63133,31688,15024,8454,7032,13292,11361,8706,7912,7166,5340,1667,160,6669,6623,5882,5479,4704,4002,4115,3797,3645,3521,3084,2256,1206,461,128,32,78157,15486,9
South Sudan,1999,58263,15806,26942,11136,5032,2212,2069,4243,3754,2995,3048,3490,3107,1203,152,2104,2139,1945,1809,1615,1380,1494,1554,1670,1820,1749,1358,840,363,115,37,31974,4281,12
South Sudan,2000,55317,15715,26108,10393,4644,1951,1806,3784,3400,2747,2844,3424,3163,1256,174,1859,1925,1769,1631,1475,1272,1357,1487,1621,1803,1769,1394,871,385,128,46,30752,3757,15
South Sudan,2001,55540,15470,25635,10165,4652,2012,1827,3869,3522,2828,2869,3489,3293,1332,194,1886,1983,1844,1678,1515,1313,1345,1524,1651,1838,1831,1462,919,413,140,54,30287,3839,18
South Sudan,2002,56184,15155,25099,9944,4760,2136,1856,4008,3714,2956,2937,3601,3460,1419,215,1938,2070,1955,1759,1582,1374,1357,1580,1707,1894,1914,1546,975,444,154,61,29859,3992,21
South Sudan,2003,52758,14456,23771,9315,4337,1873,1569,3537,3367,2717,2760,3552,3530,1488,232,1703,1834,1775,1592,1445,1272,1257,1503,1678,1874,1938,1592,1018,470,166,66,28108,3442,24
South Sudan,2004,52932,13882,22886,9004,4436,1933,1607,3657,3538,2834,2823,3666,3688,1584,252,1759,1898,1868,1670,1508,1326,1299,1524,1740,1926,2013,1675,1082,502,180,72,27322,3540,27
South Sudan,2005,53087,13219,21796,8577,4601,1975,1682,3805,3743,2965,2894,3790,3839,1687,280,1832,1973,1973,1770,1580,1385,1358,1536,1807,1983,2080,1759,1150,537,199,81,26397,3657,30
South Sudan,2006,53735,12690,20957,8267,4770,2029,1785,3990,3989,3128,2987,3936,4006,1806,314,1921,2069,2095,1894,1669,1459,1433,1554,1884,2052,2155,1851,1227,579,220,94,25727,3814,35
South Sudan,2007,53314,12372,20111,7739,4722,1983,1842,3999,4089,3199,3004,3990,4087,1901,347,1912,2087,2134,1955,1711,1488,1468,1536,1908,2082,2180,1907,1285,616,240,107,24833,3825,40
South Sudan,2008,53902,12279,19604,7325,4768,1970,1934,4073,4265,3339,3100,4124,4253,2039,388,1927,2146,2211,2054,1790,1549,1533,1567,1963,2161,2250,2003,1372,667,266,122,24372,3904,46
South Sudan,2009,55034,12326,19428,7102,4817,2000,2000,4217,4468,3519,3243,4270,4432,2172,417,1987,2230,2301,2167,1891,1628,1613,1630,2010,2260,2334,2098,1457,715,287,130,24245,4000,50
South Sudan,2010,55052,12174,18926,6752,4693,2005,1994,4289,4568,3628,3331,4319,4535,2280,432,2025,2264,2336,2232,1958,1670,1656,1675,2002,2317,2379,2156,1524,756,301,131,23619,3999,52
South Sudan,2011,57020,12449,19264,6815,4635,2045,2037,4558,4821,3875,3529,4470,4744,2460,520,2166,2392,2456,2365,2100,1775,1756,1773,2037,2433,2486,2258,1629,831,349,171,23899,4082,64
South Sudan,2012,57345,12523,19205,6682,4434,2036,2009,4614,4893,3993,3621,4509,4845,2574,539,2226,2388,2480,2413,2173,1820,1800,1821,2029,2480,2538,2307,1697,877,367,172,23639,4045,68
South Sudan,2013,59604,12734,19653,6919,4578,2145,2067,4818,5144,4271,3839,4693,5078,2714,536,2366,2452,2594,2550,2329,1942,1907,1932,2105,2588,2671,2407,1788,926,375,161,24231,4212,66
South Sudan,2014,61545,12914,20136,7222,4676,2210,2115,4940,5349,4558,4048,4839,5279,2824,513,2434,2506,2685,2664,2487,2071,2016,2032,2189,2650,2788,2491,1862,962,372,141,24812,4325,58
South Sudan,2015,59929,12159,19431,7272,4779,2238,2069,4488,5079,4531,4073,4844,5339,2749,276,2205,2283,2517,2562,2458,2073,2020,2053,2223,2621,2838,2501,1845,904,261,15,24210,4307,29
South Sudan,2016,60130,11758,19045,7287,4923,2266,2127,4377,5023,4658,4198,4929,5499,2807,263,2145,2232,2466,2557,2510,2148,2080,2118,2304,2625,2931,2568,1885,922,250,13,23968,4393,16
South Sudan,2017,58007,10706,17811,7105,5106,2292,2130,3862,4581,4611,4230,4940,5562,2709,165,1890,1972,2182,2399,2453,2158,2092,2138,2344,2596,2976,2586,1853,856,156,9,22917,4422,8
South Sudan,2018,54747,9461,16137,6676,5152,2286,2124,3291,3974,4420,4181,4902,5549,2613,117,1622,1669,1812,2162,2311,2109,2061,2120,2349,2553,2961,2588,1813,800,112,5,21289,4410,4
South Sudan,2019,54176,8928,15216,6288,5282,2346,2232,3146,3723,4441,4290,5034,5669,2681,115,1607,1539,1650,2073,2288,2153,2115,2175,2420,2614,2993,2676,1855,826,111,4,20498,4578,2
South Sudan,2020,56068,9026,14909,5883,5312,2409,2323,3228,3630,4607,4691,5659,6160,2967,170,1735,1493,1585,2045,2330,2277,2294,2397,2710,2949,3231,2929,2024,943,164,6,20221,4732,1
South Sudan,2021,58269,9152,14742,5590,5277,2506,2456,3459,3659,4826,5110,6191,6601,3227,213,1938,1521,1600,2059,2391,2435,2513,2597,2965,3226,3421,3180,2185,1042,210,3,20019,4962,1
Spain,1950,151945,19340,27034,7694,2125,1344,2626,7033,6363,8035,11401,21390,33832,24774,5748,3514,3519,3062,3301,3761,4274,5211,6190,9186,12204,16866,16966,15335,9439,4370,1378,29159,3970,236
Spain,1951,161630,17148,23915,6767,1969,1289,2258,6495,6309,8155,12693,24558,40197,27003,6555,3207,3288,3038,3271,3734,4421,5584,7109,10414,14144,19819,20378,16116,10887,5021,1534,25884,3547,232
Spain,1952,136976,16028,21408,5380,1716,1016,1650,4628,5051,7172,11190,21145,33237,23001,5566,2174,2454,2423,2628,3194,3978,5019,6171,9253,11892,16417,16820,14175,8826,4241,1325,23124,2666,195
Spain,1953,138787,15305,19605,4300,1395,869,1159,3834,4484,6929,11088,22010,35616,25488,6110,1731,2103,2134,2350,3063,3866,4996,6092,9245,12765,16844,18772,15616,9872,4693,1417,21000,2028,201
Spain,1954,131669,13950,17852,3902,1234,822,993,3453,4238,6673,10842,20742,33791,24896,5935,1534,1919,2015,2223,2993,3680,5103,5739,8609,12133,16014,17777,15470,9426,4523,1412,19086,1815,195
Spain,1955,137227,15041,18891,3850,1207,762,907,3395,4207,6328,10652,21238,35034,27883,6520,1482,1913,1990,2217,2814,3514,4720,5932,8823,12415,16150,18884,16940,10943,4950,1570,20098,1669,206
Spain,1956,144574,14023,17209,3186,1015,685,776,3136,4204,6505,11467,22666,38829,30742,7126,1344,1792,1926,2278,2811,3694,5002,6465,9282,13384,17774,21055,18847,11895,5407,1719,18224,1461,213
Spain,1957,145880,15177,18411,3234,1072,786,793,3343,4415,6745,11716,23178,38348,30010,6859,1461,1882,2010,2405,2861,3884,5035,6681,9421,13757,18008,20340,18374,11636,5211,1648,19483,1579,199
Spain,1958,129341,13788,16468,2680,862,654,626,2622,3773,5700,10327,20074,34121,27813,6121,1055,1567,1720,2053,2447,3253,4416,5911,8283,11791,15949,18172,17243,10570,4638,1483,17330,1280,180
Spain,1959,132982,13680,16345,2665,849,633,641,2421,3793,5652,10751,20468,35572,29244,6422,1000,1421,1696,2097,2421,3231,4511,6240,8426,12042,16629,18943,17786,11458,4877,1545,17194,1274,189
Spain,1960,132678,12766,14945,2179,725,571,640,2154,3447,5571,10644,20708,35762,30607,6695,809,1345,1478,1969,2323,3248,4472,6172,8550,12158,16824,18938,18666,11941,5140,1555,15670,1211,203
Spain,1961,129224,13225,15411,2186,754,530,637,2064,3314,5238,10296,20539,34162,29474,6595,743,1321,1495,1819,2198,3040,4437,5859,8606,11933,16163,17999,17733,11741,5099,1496,16165,1167,208
Spain,1962,136099,11650,13527,1877,741,609,620,2008,3441,5400,10782,21401,37422,32706,7216,743,1265,1548,1893,2326,3074,4605,6177,8873,12528,17536,19886,19741,12965,5609,1607,14268,1229,227
Spain,1963,138044,11146,12980,1834,734,560,589,1811,3279,5489,10714,21951,39129,33213,7378,686,1125,1457,1822,2394,3095,4497,6217,9491,12460,17995,21134,19498,13715,5794,1584,13714,1149,218
Spain,1964,132390,11572,13064,1492,646,466,601,1655,3115,5244,10420,20965,36482,32275,7246,680,975,1406,1709,2364,2880,4425,5995,9137,11828,16664,19818,19206,13069,5687,1559,13710,1067,208
Spain,1965,132723,10525,11882,1357,579,465,522,1538,3052,5203,10099,21254,37210,33121,7587,684,854,1301,1751,2291,2912,4191,5908,8914,12340,16637,20573,19485,13636,5946,1641,12461,987,211
Spain,1966,133562,10323,11620,1297,570,456,529,1488,2923,5151,10151,20937,37642,33926,7961,686,802,1273,1650,2243,2908,4188,5963,8672,12265,16917,20725,19768,14158,6227,1734,12190,985,214
Spain,1967,135033,9687,10821,1134,554,430,535,1452,2900,5160,10152,21402,38373,34738,8289,690,762,1230,1670,2224,2936,4144,6008,9095,12307,17327,21046,20256,14482,6508,1781,11375,965,223
Spain,1968,136501,8835,9898,1063,563,417,498,1398,2747,5168,10040,21561,39074,36261,8644,669,729,1125,1622,2162,3006,4093,5947,8745,12816,17551,21523,21603,14658,6789,1855,10461,915,229
Spain,1969,146204,8551,9673,1122,539,473,541,1523,2770,5597,10673,23848,42643,38475,9207,721,802,1087,1683,2304,3293,4361,6312,9395,14453,19255,23388,22652,15823,7226,1981,10212,1014,240
Spain,1970,138275,7764,8832,1068,571,448,518,1464,2542,5082,9776,21840,39478,38356,9115,658,806,928,1614,2126,2956,3954,5822,8654,13186,17580,21898,22840,15516,7144,1971,9403,966,250
Spain,1971,147111,7349,8473,1124,570,448,520,1384,2363,5494,10322,22927,43887,40926,9528,677,707,876,1487,2249,3245,4364,5958,9330,13597,19845,24042,24329,16597,7487,2041,9043,968,271
Spain,1972,137440,6573,7631,1058,581,432,491,1485,2247,5047,9612,21087,39936,39393,9231,685,800,852,1395,2094,2953,4110,5502,8460,12627,17968,21968,23249,16144,7287,1944,8212,923,266
Spain,1973,145129,5973,7033,1060,538,416,566,1407,2206,4976,9878,21967,43153,42878,9820,659,748,884,1322,2072,2904,4249,5629,8789,13178,19475,23678,25231,17647,7749,2071,7571,982,289
Spain,1974,144084,5829,6719,890,544,415,524,1315,2053,4994,9608,21508,43443,42945,9717,586,729,829,1224,2020,2974,4149,5459,8808,12700,19848,23595,24855,18090,7699,2018,7263,939,296
Spain,1975,142237,5312,6189,877,509,441,488,1170,1990,4924,9600,20975,43173,42568,9911,532,638,814,1176,1962,2962,4109,5491,8316,12659,19210,23963,24359,18209,7845,2066,6698,929,306
Spain,1976,142632,4865,5682,817,452,409,487,1123,1857,4753,9762,20677,43182,43557,10382,497,626,790,1067,1807,2946,4175,5587,8048,12629,18929,24253,24707,18850,8167,2215,6134,896,305
Spain,1977,139906,4371,5243,872,442,375,517,1157,1759,4401,9319,20046,42174,43822,10354,548,609,799,960,1735,2666,3903,5416,7834,12212,18415,23759,25198,18624,8133,2221,5685,892,300
Spain,1978,140554,4092,4979,887,465,435,535,1171,1761,4314,9294,19522,42612,44232,10907,555,616,828,933,1596,2718,3944,5350,7429,12093,18281,24331,25350,18882,8622,2285,5444,970,325
Spain,1979,137132,3581,4347,766,446,397,544,1179,1778,4125,9152,18774,41539,43418,11108,574,605,793,985,1528,2597,3844,5308,7285,11489,17338,24201,24764,18654,8807,2301,4793,941,326
Spain,1980,136359,2830,3545,715,458,378,509,1103,1743,3871,8881,18150,41166,44358,11837,534,569,771,972,1419,2452,3770,5111,7029,11121,17284,23882,25191,19167,9360,2477,4003,887,362
Spain,1981,138544,2627,3270,643,379,363,500,1105,1645,3770,8662,17976,40860,47275,12351,558,547,714,931,1293,2477,3649,5013,7306,10670,17123,23737,26534,20741,9770,2581,3649,863,398
Spain,1982,134997,2447,2954,507,338,322,522,1064,1671,3456,8430,17103,40315,45967,12444,537,527,693,978,1178,2278,3508,4922,6885,10218,16635,23680,26077,19890,9790,2654,3292,844,413
Spain,1983,143692,2241,2798,557,329,309,551,1125,1702,3423,8607,17463,42097,50783,14039,550,575,705,997,1198,2225,3551,5056,7048,10415,17219,24878,28685,22098,10986,3053,3127,860,465
Spain,1984,140474,1965,2447,482,306,310,515,1100,1643,3215,8369,17222,40346,50340,14180,562,538,663,980,1217,1998,3393,4976,7335,9887,16258,24088,28755,21585,11011,3169,2753,825,476
Spain,1985,147404,1691,2115,424,317,324,477,1143,1610,3208,8284,17431,41608,54517,15837,587,556,681,929,1304,1904,3338,4946,7258,10173,16634,24974,30577,23940,12171,3666,2432,801,535
Spain,1986,147006,1688,2058,370,320,311,534,1248,1667,3236,8168,17022,40961,54644,16281,616,632,690,977,1328,1908,3248,4920,7066,9956,16060,24901,30292,24352,12458,3823,2378,845,561
Spain,1987,145532,1530,1871,341,256,264,596,1377,1690,3219,8198,17123,39470,54427,16454,714,663,727,963,1413,1806,3284,4914,7101,10022,15419,24051,29759,24668,12613,3841,2127,860,586
Spain,1988,149981,1478,1831,353,226,271,527,1467,1728,3233,8060,17386,39226,57692,17683,687,780,756,972,1431,1802,3142,4918,7104,10282,14996,24230,30941,26751,13527,4156,2057,798,652
Spain,1989,151929,1365,1680,315,237,288,579,1489,1726,3298,7589,17125,39063,59711,18411,678,811,801,925,1453,1845,2861,4728,6961,10164,15025,24038,31330,28381,14050,4361,1917,867,733
Spain,1990,155703,1334,1655,321,227,304,564,1530,1882,3153,7431,17357,38876,62143,19763,692,838,881,1001,1350,1803,2761,4670,6967,10390,14871,24005,32264,29879,15199,4564,1882,868,820
Spain,1991,157781,1221,1502,281,195,270,527,1560,1912,3378,7108,17100,38698,63567,21137,704,856,894,1018,1441,1937,2686,4422,6895,10205,14964,23734,32968,30599,16359,4778,1697,797,826
Spain,1992,153707,1200,1464,264,200,249,467,1556,1897,3253,6767,16453,36951,62153,21498,660,896,921,976,1340,1913,2419,4348,6592,9861,14579,22372,31869,30284,16667,4831,1664,716,799
Spain,1993,158509,1082,1363,281,178,181,453,1473,2015,3300,6525,16724,37629,64328,23499,580,893,986,1029,1401,1899,2442,4083,6673,10051,15225,22404,32309,32019,18334,5165,1541,634,838
Spain,1994,157396,936,1177,241,171,195,356,1378,2189,3396,6321,16175,36740,64004,24429,506,872,1101,1088,1360,2036,2483,3838,6400,9775,14926,21814,32035,31969,19116,5313,1348,551,862
Spain,1995,160666,890,1123,233,143,199,363,1348,2386,3329,6091,16070,37116,65093,26473,535,813,1125,1261,1419,1910,2534,3557,6259,9811,15161,21955,31726,33367,20582,5891,1266,562,931
Spain,1996,163497,828,1060,232,147,173,371,1355,2409,3348,5960,15693,37360,66421,28200,510,845,1199,1210,1509,1839,2535,3425,6092,9601,15130,22230,32035,34386,21655,6545,1207,544,1003
Spain,1997,163638,799,1015,216,145,173,383,1050,2091,3251,5735,15560,37326,66347,29512,436,614,953,1138,1382,1869,2531,3204,5987,9573,15096,22230,31294,35053,22410,7102,1160,556,1048
Spain,1998,169419,774,963,189,114,155,376,1034,1832,3282,5743,15019,38951,68497,32314,440,594,785,1047,1419,1863,2613,3130,5551,9468,15346,23605,31771,36726,24233,8081,1077,531,1133
Spain,1999,174957,759,952,193,107,139,324,954,1877,3411,5974,14758,39564,71481,34244,437,517,816,1061,1474,1937,2633,3341,5291,9467,15474,24090,32880,38601,25478,8766,1059,463,1173
Spain,2000,170372,787,938,151,112,140,315,956,1865,3444,5970,14198,38629,68436,34130,449,507,763,1102,1556,1888,2596,3374,4907,9291,14969,23660,31617,36819,25346,8784,1050,455,1238
Spain,2001,169396,721,862,141,95,138,277,928,1911,3512,6027,13638,38113,67671,34840,380,548,782,1129,1510,2002,2630,3397,4664,8974,14759,23354,31300,36371,25723,9117,957,415,1385
Spain,2002,174468,728,888,160,119,117,247,898,1824,3565,6116,12990,38308,69868,37883,398,500,719,1105,1501,2064,2652,3464,4508,8482,14629,23679,32718,37150,27810,10073,1007,364,1645
Spain,2003,183929,757,949,192,91,135,283,901,1847,3896,6369,12839,39059,74369,41310,392,509,702,1145,1634,2262,2690,3679,4508,8331,14810,24249,34862,39507,30207,11103,1040,418,1879
Spain,2004,176196,769,935,166,81,106,251,833,1732,3746,6342,12180,37345,71358,39450,349,484,683,1049,1592,2154,2687,3655,4608,7572,14203,23142,34120,37238,28780,10670,1016,357,1836
Spain,2005,184769,729,879,150,97,102,228,745,1773,3824,6303,12097,38253,75922,42515,320,425,688,1085,1572,2252,2649,3654,4848,7249,14267,23986,36716,39206,30694,11821,976,330,2032
Spain,2006,176382,706,861,155,73,100,197,691,1706,3885,6346,11522,36052,72388,40530,281,410,625,1081,1653,2232,2782,3564,4776,6746,13327,22725,34577,37811,28985,11545,934,297,2035
Spain,2007,183520,758,928,170,90,99,192,639,1635,3935,6620,11701,36053,76294,43077,258,381,626,1009,1595,2340,2959,3661,5111,6590,13150,22903,35717,40577,30445,12632,1018,291,2258
Spain,2008,186104,753,910,157,90,101,213,618,1593,4034,6932,11425,35241,78021,44478,248,370,583,1010,1643,2391,3089,3843,5022,6403,12484,22757,35791,42230,30978,13500,1000,314,2448
Spain,2009,185507,684,850,166,89,79,184,643,1505,3995,6864,11731,33612,78327,45034,264,379,569,936,1573,2422,3161,3703,5066,6665,11559,22053,35408,42919,31002,14032,939,263,2593
Spain,2010,183915,716,882,166,78,82,145,520,1428,3831,7036,11629,32116,77513,45853,215,305,536,892,1529,2302,3137,3899,4959,6670,10697,21419,34341,43172,31377,14476,960,227,2801
Spain,2011,187307,660,800,140,80,104,177,482,1440,3847,7299,11925,31200,79385,47573,181,301,541,899,1516,2331,3331,3968,5073,6852,10136,21064,34897,44488,32765,14808,880,281,2995
Spain,2012,196821,614,752,138,92,78,148,483,1376,3717,7189,12312,30640,83859,52833,182,301,507,869,1391,2326,3238,3951,5227,7085,9688,20952,36220,47639,36929,15904,844,226,3347
Spain,2013,190348,514,648,134,100,82,121,413,1296,3639,7555,12469,28787,79755,52088,164,249,414,882,1330,2309,3385,4170,5204,7265,9622,19165,34482,45273,36761,15327,748,203,3390
Spain,2014,193975,539,649,110,80,96,123,407,1191,3603,7533,12503,28208,81130,54825,183,224,425,766,1357,2246,3240,4293,5203,7300,10155,18053,34821,46309,38990,15835,729,219,3623
Spain,2015,208839,491,574,83,77,86,107,373,1085,3535,8012,12727,28484,87427,62280,159,214,353,732,1332,2203,3366,4646,5313,7414,10561,17923,36568,50859,44213,18067,651,193,4067
Spain,2016,201339,448,557,109,67,74,128,371,1100,3358,7880,12897,27295,82384,61247,153,218,360,740,1253,2105,3377,4503,5458,7439,10628,16667,33916,48468,43085,18162,624,202,3985
Spain,2017,209953,452,539,87,81,97,132,410,1061,3367,8018,13287,27294,84961,66439,178,232,336,725,1246,2121,3365,4653,5731,7556,11160,16134,34133,50828,45934,20505,620,229,4273
Spain,2018,210962,441,526,85,71,91,135,370,1026,3269,7981,13603,27428,83946,68176,164,206,363,663,1226,2043,3305,4676,5972,7631,11175,16253,32824,51122,46574,21602,597,226,4338
Spain,2019,205967,403,505,102,62,86,122,374,946,3153,8005,13708,27569,78941,68099,156,218,330,616,1154,1999,3250,4755,6169,7539,11215,16354,29619,49322,46000,22099,567,208,4400
Spain,2020,244622,390,457,67,69,80,132,385,1042,3392,8732,15829,33498,93329,82437,149,236,369,673,1271,2121,3459,5273,7067,8762,13209,20289,34668,58661,55576,26861,526,212,5234
Spain,2021,221508,384,473,89,57,88,128,371,918,3200,8487,16422,31727,80352,74178,176,195,311,607,1133,2067,3359,5128,7399,9023,12485,19242,27967,52385,49637,24541,530,216,5106
Sri Lanka,1950,60932,12781,17598,4817,1564,910,1320,2755,1980,1836,2427,4671,11123,13065,1672,1488,1267,1028,952,858,978,1103,1324,1809,2862,4689,6434,8524,4541,1445,227,19162,2230,4
Sri Lanka,1951,59132,12958,17712,4754,1580,892,1285,2714,2005,1852,2407,4418,10096,12454,1696,1454,1260,1041,964,867,985,1103,1304,1754,2664,4302,5794,7760,4694,1476,220,19292,2177,14
Sri Lanka,1952,57409,13183,17957,4774,1566,873,1247,2652,2016,1860,2385,4200,9221,11739,1665,1409,1243,1047,969,874,986,1107,1278,1709,2491,3930,5291,6850,4889,1427,238,19523,2120,22
Sri Lanka,1953,55839,13319,18109,4790,1712,852,1214,2580,2023,1865,2363,4024,8473,10941,1658,1361,1219,1051,972,883,982,1113,1250,1678,2346,3590,4883,5967,4974,1413,245,19821,2066,25
Sri Lanka,1954,53960,13352,18138,4786,1571,834,1179,2495,2017,1868,2348,3874,7808,10090,1714,1309,1186,1045,972,888,980,1120,1228,1646,2228,3296,4512,5243,4847,1473,241,19709,2013,22
Sri Lanka,1955,53842,13353,18096,4743,1564,859,1204,2531,2110,1966,2450,3935,7559,9668,1883,1324,1207,1087,1023,938,1028,1177,1273,1696,2239,3198,4361,4912,4756,1618,265,19660,2063,18
Sri Lanka,1956,52385,13195,17808,4613,1553,860,1192,2484,2127,2001,2482,3888,7097,8889,1986,1298,1186,1087,1040,956,1045,1197,1285,1690,2198,3025,4072,4513,4376,1714,272,19361,2052,18
Sri Lanka,1957,51325,13044,17486,4442,1553,883,1196,2464,2171,2065,2549,3899,6741,8206,2095,1290,1174,1098,1073,985,1080,1224,1325,1698,2201,2909,3832,4249,3957,1828,267,19039,2079,20
Sri Lanka,1958,49517,12834,17021,4187,1525,873,1169,2387,2149,2078,2564,3846,6304,7449,2123,1255,1132,1074,1075,987,1091,1225,1339,1671,2175,2766,3538,3969,3480,1857,266,18546,2042,21
Sri Lanka,1959,46998,12419,16360,3941,1387,851,1129,2276,2086,2057,2531,3730,5830,6688,2054,1203,1073,1030,1056,974,1083,1204,1327,1619,2111,2603,3227,3646,3042,1774,280,17747,1980,19
Sri Lanka,1960,45092,11883,15620,3737,1354,830,1108,2202,2042,2062,2530,3681,5517,6156,1964,1170,1032,998,1044,974,1088,1202,1328,1603,2078,2507,3010,3396,2760,1661,303,16974,1938,20
Sri Lanka,1961,43606,11437,15041,3604,1309,813,1097,2146,2001,2077,2545,3657,5294,5744,1858,1145,1001,968,1033,980,1097,1210,1335,1603,2054,2450,2844,3181,2563,1529,329,16350,1910,21
Sri Lanka,1962,43111,11156,14652,3496,1290,816,1117,2149,2003,2142,2625,3735,5250,5526,1778,1151,998,960,1043,1010,1132,1252,1373,1656,2079,2477,2773,3050,2476,1414,364,15942,1933,22
Sri Lanka,1963,42641,11006,14400,3394,1286,811,1133,2141,1987,2190,2689,3794,5209,5299,1671,1150,991,945,1042,1034,1156,1289,1400,1706,2088,2504,2705,2903,2396,1290,381,15686,1944,24
Sri Lanka,1964,42575,10920,14252,3332,1290,824,1159,2163,1990,2260,2781,3895,5233,5124,1579,1165,998,941,1049,1065,1195,1342,1439,1773,2122,2552,2681,2794,2330,1200,379,15542,1983,28
Sri Lanka,1965,41472,10735,13962,3227,1253,798,1127,2106,1915,2238,2777,3872,5112,4820,1457,1140,966,903,1012,1048,1190,1342,1435,1772,2100,2517,2595,2628,2192,1103,354,15215,1925,31
Sri Lanka,1966,40842,10433,13541,3108,1207,793,1118,2101,1882,2263,2830,3936,5111,4640,1386,1143,958,886,996,1050,1213,1369,1461,1805,2131,2528,2583,2538,2102,1056,330,14748,1911,34
Sri Lanka,1967,39832,10264,13235,2971,1159,769,1081,2057,1805,2234,2824,3920,5018,4391,1302,1126,931,853,952,1026,1208,1363,1461,1790,2130,2479,2539,2415,1976,1006,296,14394,1850,37
Sri Lanka,1968,39896,10010,12881,2871,1122,771,1085,2099,1808,2289,2933,4076,5150,4349,1289,1157,942,858,950,1037,1252,1410,1523,1850,2226,2531,2619,2412,1937,1009,280,14003,1856,40
Sri Lanka,1969,39665,9752,12568,2816,1121,767,1077,2107,1784,2298,2999,4169,5215,4267,1254,1165,942,851,933,1029,1269,1437,1562,1882,2287,2556,2659,2391,1876,991,263,13689,1844,39
Sri Lanka,1970,38265,9559,12315,2756,1070,724,1028,1999,1677,2190,2922,4058,5043,4032,1174,1101,898,805,872,969,1221,1398,1524,1827,2231,2473,2570,2281,1751,929,245,13385,1752,37
Sri Lanka,1971,37976,9387,12103,2716,1067,706,1013,1977,1645,2169,2952,4096,5071,3992,1151,1083,894,793,852,950,1219,1412,1540,1843,2253,2495,2576,2281,1711,909,242,13170,1719,35
Sri Lanka,1972,39032,9318,11988,2670,1074,726,1039,2041,1680,2222,3124,4352,5382,4189,1184,1109,932,813,867,963,1259,1493,1631,1963,2389,2670,2712,2421,1768,934,250,13062,1765,33
Sri Lanka,1973,39577,9225,11831,2606,1046,730,1050,2075,1696,2238,3243,4531,5600,4317,1188,1117,958,823,873,960,1278,1551,1692,2054,2477,2807,2793,2524,1793,933,255,12877,1780,31
Sri Lanka,1974,40161,8969,11524,2555,1059,743,1070,2131,1734,2265,3375,4728,5845,4464,1192,1141,990,846,888,965,1300,1611,1764,2153,2575,2951,2894,2631,1833,935,257,12583,1813,29
Sri Lanka,1975,40428,8778,11194,2416,1067,733,1069,2132,1737,2255,3469,4896,6059,4597,1191,1146,986,851,886,957,1298,1646,1823,2234,2662,3068,2991,2722,1875,935,256,12261,1802,28
Sri Lanka,1976,40835,8576,10836,2260,1028,735,1079,2151,1761,2257,3580,5100,6319,4763,1198,1159,992,867,894,956,1301,1685,1895,2327,2773,3197,3122,2822,1941,942,256,11864,1814,27
Sri Lanka,1977,41829,8254,10352,2098,1001,758,1113,2216,1834,2313,3771,5435,6742,5041,1229,1194,1022,910,924,981,1332,1755,2016,2474,2961,3396,3346,2977,2064,971,258,11353,1871,26
Sri Lanka,1978,40520,8029,10028,1999,986,749,1062,2117,1779,2193,3646,5302,6585,4884,1162,1140,977,890,889,937,1256,1677,1969,2404,2898,3296,3289,2870,2014,922,240,11014,1811,24
Sri Lanka,1979,38890,7672,9436,1764,862,675,986,1987,1675,2049,3500,5210,6507,4839,1138,1072,915,839,836,878,1171,1588,1912,2354,2856,3234,3273,2830,2009,907,231,10298,1661,23
Sri Lanka,1980,38312,7151,8786,1635,817,657,959,1953,1646,1992,3467,5278,6618,4949,1165,1052,901,821,825,858,1134,1554,1913,2378,2900,3276,3342,2887,2062,932,233,9603,1616,22
Sri Lanka,1981,37686,6684,8204,1520,726,638,935,1909,1618,1938,3408,5327,6706,5060,1197,1027,882,802,816,839,1099,1510,1898,2398,2929,3315,3391,2951,2109,962,235,8930,1573,21
Sri Lanka,1982,37271,5973,7370,1397,694,619,925,1880,1606,1912,3383,5446,6893,5263,1261,1012,868,788,818,830,1082,1483,1900,2452,2994,3409,3484,3078,2185,1017,244,8064,1544,20
Sri Lanka,1983,36760,5329,6638,1309,682,602,908,1841,1592,1884,3323,5513,7018,5417,1320,988,853,772,820,822,1062,1444,1879,2484,3029,3479,3539,3181,2236,1068,252,7320,1510,20
Sri Lanka,1984,35509,4725,5805,1080,603,561,868,1763,1542,1820,3188,5458,7006,5504,1373,944,819,742,800,798,1022,1375,1813,2454,3004,3476,3530,3231,2273,1110,263,6408,1429,20
Sri Lanka,1985,35387,4198,5113,915,564,540,854,1748,1531,1810,3153,5573,7229,5769,1477,933,815,738,793,797,1013,1353,1800,2491,3082,3585,3644,3374,2395,1188,289,5677,1394,22
Sri Lanka,1986,34818,3730,4522,792,517,508,825,1702,1493,1777,3057,5576,7319,5931,1563,907,795,722,771,788,989,1308,1749,2470,3106,3623,3696,3447,2484,1248,315,5039,1333,26
Sri Lanka,1987,34645,3382,4076,694,495,481,800,1677,1468,1764,2983,5606,7454,6142,1673,894,783,711,757,789,975,1279,1704,2453,3153,3674,3780,3535,2607,1320,353,4571,1281,31
Sri Lanka,1988,34744,3142,3771,629,465,457,773,1656,1451,1765,2921,5644,7619,6382,1800,885,771,704,747,797,968,1258,1663,2437,3207,3735,3884,3634,2748,1402,398,4236,1230,39
Sri Lanka,1989,38577,3361,4470,1109,695,551,848,1880,1672,2053,3173,6095,8271,6852,1967,993,887,815,857,945,1108,1388,1785,2607,3488,4052,4219,3886,2966,1520,447,5165,1399,49
Sri Lanka,1990,35766,3027,3603,576,397,428,727,1624,1452,1773,2855,5732,8061,6950,2104,865,759,704,748,803,970,1244,1611,2409,3323,3926,4135,3893,3057,1612,492,4000,1155,60
Sri Lanka,1991,36780,3009,3598,589,380,421,709,1644,1485,1826,2870,5807,8373,7302,2291,872,772,720,765,825,1001,1259,1611,2412,3395,4074,4299,4070,3232,1745,546,3978,1130,74
Sri Lanka,1992,37298,2965,3531,566,345,406,675,1604,1458,1803,2834,5808,8633,7628,2484,843,761,707,751,803,1000,1246,1588,2383,3425,4202,4431,4237,3391,1884,600,3876,1081,88
Sri Lanka,1993,38082,2843,3380,537,318,388,651,1579,1444,1796,2835,5847,8982,8038,2717,822,757,700,744,786,1010,1247,1588,2371,3476,4374,4608,4456,3582,2050,667,3698,1039,106
Sri Lanka,1994,39659,2717,3228,511,298,371,646,1586,1471,1847,2912,6005,9531,8627,3010,819,767,709,762,800,1047,1285,1627,2414,3591,4632,4899,4773,3854,2259,751,3526,1017,125
Sri Lanka,1995,41344,2599,3087,488,287,352,652,1618,1542,1950,3023,6145,10057,9197,3290,826,792,739,803,853,1097,1344,1679,2457,3688,4864,5193,5077,4120,2455,835,3374,1004,145
Sri Lanka,1996,43163,2491,3002,511,302,341,659,1624,1581,2001,3135,6322,10651,9810,3575,817,807,757,824,875,1126,1401,1734,2521,3801,5114,5537,5404,4406,2652,923,3304,1000,165
Sri Lanka,1997,44520,2340,2780,440,280,315,649,1601,1611,2038,3227,6421,11164,10395,3853,799,802,770,841,894,1144,1453,1774,2561,3860,5302,5862,5704,4691,2841,1012,3060,964,185
Sri Lanka,1998,46267,2206,2622,416,279,302,640,1602,1653,2091,3359,6583,11754,11041,4134,794,808,792,861,920,1171,1526,1833,2636,3947,5515,6239,6043,4998,3032,1102,2901,942,205
Sri Lanka,1999,47014,2155,2543,388,273,284,602,1560,1642,2093,3407,6590,12041,11437,4321,775,785,786,856,922,1171,1552,1855,2651,3939,5583,6458,6254,5183,3156,1165,2816,886,222
Sri Lanka,2000,60345,2132,2498,366,311,349,723,1959,2105,2724,4435,8498,15755,15072,5628,978,981,1005,1100,1196,1528,2012,2423,3439,5059,7233,8522,8270,6802,4119,1509,2809,1072,285
Sri Lanka,2001,58903,2142,2498,356,306,332,646,1839,2019,2635,4348,8280,15458,14848,5419,925,914,961,1058,1151,1484,1955,2393,3368,4912,7038,8420,8206,6642,3974,1445,2804,978,277
Sri Lanka,2002,59151,2121,2470,349,284,323,598,1783,2002,2653,4424,8259,15441,15172,5461,900,883,944,1058,1154,1499,1977,2447,3372,4887,6961,8480,8447,6725,4000,1461,2754,921,284
Sri Lanka,2003,59329,2112,2485,373,307,321,558,1723,1988,2675,4508,8236,15323,15443,5473,864,859,927,1061,1160,1515,1999,2509,3374,4862,6857,8466,8631,6812,4001,1472,2792,879,291
Sri Lanka,2004,79096,2944,5243,2299,1851,1498,1645,3771,4282,5260,7033,10086,16511,16096,5522,1894,1877,2006,2276,2452,2808,3280,3753,4393,5693,7595,8916,9035,7061,4028,1494,7094,3143,299
Sri Lanka,2005,58762,1992,2329,337,241,297,494,1574,1908,2676,4634,8186,14873,15787,5457,752,822,875,1033,1146,1530,2039,2595,3420,4766,6629,8244,8725,7062,3970,1487,2570,791,303
Sri Lanka,2006,57734,1949,2273,324,225,279,473,1504,1869,2694,4654,8074,14380,15612,5390,696,808,845,1024,1152,1542,2044,2610,3426,4648,6425,7955,8515,7097,3933,1457,2498,752,305
Sri Lanka,2007,58427,1843,2151,308,214,268,471,1454,1851,2737,4787,8253,14431,15957,5534,653,801,825,1026,1165,1572,2089,2698,3558,4695,6482,7949,8609,7348,4082,1452,2365,739,314
Sri Lanka,2008,58441,1733,2032,299,208,253,474,1423,1870,2839,4879,8366,14253,15892,5629,630,793,827,1043,1215,1624,2122,2757,3660,4706,6412,7841,8522,7370,4226,1403,2240,727,326
Sri Lanka,2009,70299,2258,3763,1505,759,479,678,1904,2443,3719,6187,10486,16441,17017,6066,839,1065,1112,1331,1585,2134,2702,3485,4688,5798,7492,8949,9209,7808,4661,1405,4522,1157,355
Sri Lanka,2010,60893,1563,1841,278,189,232,459,1266,1794,2757,5132,9358,14960,16282,6284,565,701,802,992,1150,1607,2201,2931,4138,5220,6723,8237,8749,7533,4881,1403,2030,691,333
Sri Lanka,2011,60868,1506,1783,277,186,220,449,1211,1769,2755,5207,9742,14964,15826,6475,557,654,801,968,1152,1603,2233,2974,4314,5428,6731,8233,8598,7228,5013,1462,1969,669,271
Sri Lanka,2012,60213,1428,1681,253,175,199,422,1142,1698,2706,5196,9991,14868,15382,6571,542,600,776,922,1133,1573,2222,2974,4423,5568,6669,8199,8405,6977,4951,1620,1856,621,183
Sri Lanka,2013,59276,1337,1578,241,167,182,388,1065,1608,2619,5040,10021,14771,15447,6239,522,543,731,877,1093,1526,2173,2867,4369,5652,6690,8081,8463,6984,4517,1722,1745,570,156
Sri Lanka,2014,60073,1221,1451,230,165,178,372,1033,1574,2609,5033,10343,15151,15910,6087,515,518,700,874,1087,1522,2169,2864,4392,5951,6998,8153,8794,7116,4302,1785,1616,550,170
Sri Lanka,2015,61336,1111,1315,204,149,165,339,988,1521,2586,5084,10686,15776,16503,6018,497,491,654,867,1070,1516,2168,2916,4441,6245,7398,8378,9117,7386,4225,1793,1464,504,201
Sri Lanka,2016,61114,1046,1254,208,142,158,310,935,1434,2506,4994,10747,15970,16607,5829,467,468,591,843,1019,1487,2110,2884,4377,6370,7609,8361,9162,7445,4116,1713,1396,468,230
Sri Lanka,2017,63543,992,1211,219,151,165,301,938,1424,2540,5106,11170,16757,17472,6040,460,478,566,858,1013,1527,2146,2960,4483,6687,8076,8681,9603,7869,4376,1664,1362,466,259
Sri Lanka,2018,65102,906,1076,170,129,149,274,894,1346,2509,5142,11329,17595,18216,6167,428,466,522,824,991,1518,2148,2994,4479,6850,8519,9076,9888,8328,4598,1569,1205,423,277
Sri Lanka,2019,65947,860,1029,169,121,144,257,857,1271,2472,5091,11284,18375,18598,6165,403,454,490,781,976,1496,2124,2967,4440,6844,8920,9455,9950,8648,4676,1489,1150,401,282
Sri Lanka,2020,66229,806,957,151,112,132,243,794,1173,2395,4967,11172,18926,18832,6247,362,432,456,717,950,1445,2071,2896,4415,6757,9146,9780,10019,8813,4793,1454,1069,375,277
Sri Lanka,2021,73825,768,913,145,104,128,241,770,1135,2458,5218,12177,22147,21381,6872,345,425,454,681,988,1470,2174,3044,4780,7397,10575,11572,11411,9970,5324,1548,1017,369,281
Sudan,1950,56865,16356,27574,11218,4400,1934,1790,3550,2999,2606,2748,3779,3926,1399,158,1783,1767,1558,1441,1373,1233,1257,1491,1758,2021,2149,1777,946,453,135,23,31974,3724,2
Sudan,1951,58120,16835,28242,11407,4490,1961,1819,3608,3089,2651,2769,3825,4027,1475,159,1811,1797,1630,1459,1393,1258,1272,1497,1780,2045,2181,1846,1023,452,138,21,32732,3780,3
Sudan,1952,58665,17013,28503,11490,4523,1964,1826,3628,3147,2664,2762,3844,4083,1551,163,1820,1808,1686,1461,1392,1272,1282,1480,1790,2054,2191,1892,1110,441,141,22,33026,3790,3
Sudan,1953,59697,17194,28895,11701,4607,1990,1855,3688,3246,2711,2795,3906,4180,1653,170,1849,1839,1762,1484,1411,1300,1314,1481,1820,2086,2226,1954,1210,443,147,23,33502,3845,3
Sudan,1954,60328,17446,29277,11831,4617,1998,1862,3703,3306,2720,2798,3918,4218,1740,169,1855,1848,1794,1512,1409,1311,1330,1468,1822,2096,2234,1984,1281,459,148,21,33894,3860,2
Sudan,1955,61087,17694,29663,11969,4654,2015,1872,3729,3377,2736,2818,3940,4270,1837,172,1868,1861,1809,1568,1414,1322,1350,1468,1826,2114,2253,2017,1343,494,150,22,34317,3887,2
Sudan,1956,62591,18004,30232,12228,4793,2093,1932,3846,3525,2813,2891,3995,4353,1942,173,1926,1920,1864,1661,1454,1359,1395,1496,1842,2153,2293,2060,1402,540,148,25,35025,4025,2
Sudan,1957,64746,18305,30840,12535,4991,2257,2066,4097,3792,2953,3011,4064,4441,2056,172,2053,2044,1980,1812,1531,1422,1464,1547,1862,2202,2337,2104,1461,595,148,24,35831,4323,2
Sudan,1958,70903,18796,32053,13257,5688,2844,2571,5001,4639,3460,3385,4278,4616,2187,177,2506,2495,2396,2243,1808,1652,1670,1715,1960,2318,2433,2183,1531,656,152,25,37741,5415,2
Sudan,1959,71550,19021,32346,13325,5730,2856,2583,5019,4687,3498,3422,4279,4668,2270,188,2517,2502,2405,2282,1845,1653,1686,1736,1948,2331,2459,2209,1568,702,162,26,38076,5439,2
Sudan,1960,72356,19275,32697,13422,5785,2881,2605,5047,4720,3578,3465,4293,4728,2347,205,2532,2515,2420,2300,1918,1660,1704,1761,1951,2342,2489,2239,1605,742,178,27,38482,5486,2
Sudan,1961,73208,19553,33092,13539,5831,2913,2634,5081,4751,3660,3505,4308,4795,2410,223,2552,2529,2435,2316,1990,1670,1719,1786,1963,2345,2523,2272,1636,774,196,27,38923,5547,2
Sudan,1962,74267,20013,33675,13662,5867,2943,2664,5108,4780,3749,3551,4330,4872,2476,244,2565,2543,2447,2333,2065,1684,1732,1819,1990,2340,2564,2308,1668,808,217,27,39542,5607,2
Sudan,1963,76486,20788,34910,14122,6024,3010,2716,5191,4848,3894,3645,4422,5011,2546,264,2604,2587,2479,2369,2168,1726,1770,1875,2056,2366,2639,2372,1707,839,236,28,40934,5726,2
Sudan,1964,71094,21012,34610,13598,5229,2337,2125,4173,3944,3346,3288,4238,4948,2573,283,2097,2076,2009,1935,1846,1500,1562,1726,1967,2271,2592,2356,1714,859,252,31,39839,4462,3
Sudan,1965,79407,21803,36553,14750,6136,3107,2782,5302,4938,4106,3751,4549,5187,2688,305,2666,2636,2522,2416,2253,1853,1808,1943,2152,2397,2713,2474,1788,900,271,34,42689,5889,3
Sudan,1966,88019,22652,38600,15948,7081,3915,3481,6478,5966,4910,4216,4860,5396,2789,326,3263,3215,3053,2913,2673,2237,2061,2155,2336,2524,2813,2583,1856,933,288,38,45681,7396,3
Sudan,1967,89278,23183,39450,16267,7115,3938,3511,6512,5976,5000,4238,4931,5427,2838,341,3294,3218,3059,2917,2686,2314,2073,2165,2373,2558,2805,2622,1886,952,299,42,46565,7449,3
Sudan,1968,90568,23676,40302,16626,7166,3960,3542,6546,5989,5092,4259,5009,5453,2888,355,3323,3223,3067,2922,2699,2393,2087,2172,2408,2601,2791,2662,1918,970,311,44,47468,7502,3
Sudan,1969,93781,24536,42029,17493,7438,4053,3636,6687,6091,5266,4416,5213,5601,2978,373,3398,3289,3120,2971,2766,2500,2185,2231,2499,2714,2854,2747,1978,1000,324,49,49467,7689,3
Sudan,1970,95223,25130,42963,17833,7513,4077,3679,6738,6105,5294,4511,5291,5632,3032,384,3426,3312,3127,2978,2777,2517,2268,2243,2529,2762,2869,2763,2011,1021,332,52,50476,7756,3
Sudan,1971,85392,25680,42959,17279,6095,2667,2453,4738,4341,4096,3928,5079,5576,3064,396,2414,2324,2210,2131,2107,1989,1951,1977,2369,2710,2841,2735,2029,1035,342,54,49054,5120,4
Sudan,1972,87445,25853,43047,17194,6289,2972,2738,5201,4710,4318,4084,5076,5510,3092,407,2651,2550,2401,2309,2235,2083,2075,2009,2367,2709,2825,2685,2043,1049,349,58,49336,5710,4
Sudan,1973,81704,25484,41547,16063,5482,2487,2337,4523,4108,3814,3787,4809,5301,3087,415,2308,2215,2090,2018,1970,1844,1934,1853,2215,2594,2732,2569,2030,1057,355,60,47029,4824,5
Sudan,1974,83566,25974,42403,16429,5588,2551,2391,4640,4189,3891,3930,4920,5433,3185,434,2374,2266,2133,2056,2009,1882,2008,1922,2255,2665,2823,2610,2089,1096,370,64,47991,4942,6
Sudan,1975,86072,26769,43607,16838,5742,2629,2480,4906,4320,3935,4043,5062,5604,3285,451,2515,2391,2219,2101,2034,1901,2033,2010,2311,2751,2926,2678,2148,1137,386,65,49349,5109,6
Sudan,1976,88649,27684,44880,17196,5902,2707,2562,5175,4473,3978,4148,5195,5782,3373,471,2645,2530,2321,2152,2063,1915,2052,2096,2364,2831,3027,2755,2194,1179,401,70,50782,5269,6
Sudan,1977,91359,28633,46230,17597,6075,2793,2643,5442,4641,4028,4254,5323,5978,3458,489,2770,2672,2432,2209,2097,1931,2070,2184,2414,2909,3132,2846,2234,1224,417,72,52305,5436,6
Sudan,1978,96431,29712,47727,18015,6768,3071,2898,6063,5113,4257,4501,5606,6321,3585,510,3068,2995,2709,2404,2233,2024,2153,2348,2539,3067,3315,3006,2304,1281,435,75,54495,5969,7
Sudan,1979,99511,30781,49386,18605,6920,3155,2990,6379,5338,4308,4558,5756,6524,3662,526,3201,3178,2850,2488,2273,2035,2160,2398,2616,3140,3414,3110,2345,1317,450,76,56306,6145,7
Sudan,1980,100562,31831,51124,19293,6557,3047,2912,6351,5307,4191,4434,5788,6599,3704,544,3155,3196,2851,2456,2218,1973,2097,2337,2651,3137,3440,3159,2369,1335,464,80,57681,5959,7
Sudan,1981,103586,32970,52928,19958,6654,3107,2982,6591,5545,4231,4425,5951,6793,3800,565,3247,3344,2995,2550,2254,1977,2091,2334,2752,3199,3531,3262,2436,1364,481,84,59582,6089,7
Sudan,1982,106910,34122,54720,20598,6828,3195,3073,6857,5839,4313,4439,6131,7007,3910,588,3353,3504,3166,2673,2312,2001,2097,2342,2863,3268,3629,3378,2521,1389,501,87,61548,6268,8
Sudan,1983,146311,45690,78678,32988,10554,4910,3961,8562,7414,5522,5608,7691,8418,4369,611,4186,4376,4004,3410,2948,2574,2659,2949,3669,4022,4398,4020,2865,1504,519,92,89232,8871,8
Sudan,1984,153728,46776,81622,34846,11449,5235,4167,8910,8026,6069,6004,8171,8888,4538,635,4332,4578,4309,3717,3240,2829,2873,3131,3890,4281,4649,4239,3000,1538,540,95,93071,9402,8
Sudan,1985,154162,46488,81210,34722,11597,5253,4186,8907,8235,6104,5974,8430,8996,4609,648,4319,4588,4420,3815,3289,2815,2844,3130,3975,4455,4700,4296,3057,1552,549,99,92807,9439,9
Sudan,1986,122272,36730,61028,24298,8418,3723,3460,7570,7209,5236,5000,7481,8106,4392,639,3650,3920,3858,3351,2866,2370,2371,2629,3444,4037,4193,3913,2895,1497,537,102,69446,7183,9
Sudan,1987,158221,42319,76789,34470,12748,5135,4487,9769,9386,7059,6553,10127,10347,5116,693,4714,5055,4988,4398,3848,3211,3111,3442,4586,5541,5421,4926,3425,1691,582,111,89537,9622,9
Sudan,1988,204471,49195,96421,47226,18570,7101,5903,12753,12370,9538,8538,13599,13014,5914,739,6166,6587,6517,5853,5205,4333,4064,4474,6037,7562,6901,6113,4014,1900,621,118,114991,13004,10
Sudan,1989,132585,37459,64196,26737,9818,4249,3809,8140,8184,5960,5261,8862,8803,4647,644,3961,4179,4271,3913,3344,2616,2490,2771,3835,5027,4604,4199,3070,1577,535,109,74014,8058,9
Sudan,1990,132090,37032,63284,26252,9775,4265,3788,8050,8212,6040,5165,8990,9099,4754,658,3932,4118,4233,3979,3409,2631,2447,2718,3836,5154,4824,4275,3134,1620,546,112,73059,8053,9
Sudan,1991,131613,36582,62569,25987,9635,4264,3762,7968,8177,6143,5066,9062,9420,4864,674,3909,4059,4168,4009,3482,2661,2408,2658,3816,5246,5069,4351,3198,1666,560,114,72204,8026,10
Sudan,1992,153087,39484,71116,31632,12274,5225,4412,9314,9487,7457,5880,10670,11176,5351,715,4581,4733,4786,4701,4205,3252,2813,3067,4450,6220,6175,5001,3543,1808,597,118,83390,9637,11
Sudan,1993,150833,38721,69690,30969,11924,5149,4352,9129,9272,7515,5722,10547,11418,5376,724,4503,4626,4641,4631,4238,3277,2755,2967,4347,6200,6444,4974,3552,1824,606,118,81614,9501,11
Sudan,1994,110319,31934,51163,19229,7034,3528,3269,6651,6903,5587,4167,7565,9070,4724,649,3305,3346,3424,3479,3195,2392,2044,2123,3032,4533,5065,4005,3068,1656,559,90,58197,6797,5
Sudan,1995,129824,34602,58905,24303,9286,4389,3923,7787,7989,7066,5093,8682,10831,5200,673,3882,3905,3927,4062,3965,3101,2570,2523,3447,5235,6031,4800,3411,1789,589,84,68191,8312,4
Sudan,1996,130073,34113,57811,23698,9292,4471,4072,7874,8021,7463,5311,8473,11272,5326,682,3944,3930,3925,4096,4140,3323,2746,2565,3356,5117,6182,5090,3494,1832,602,80,67103,8543,3
Sudan,1997,129084,33650,56817,23167,9039,4411,4112,7803,7835,7687,5505,8147,11612,5415,698,3930,3873,3828,4007,4200,3487,2908,2597,3253,4894,6246,5366,3547,1868,616,82,65856,8523,2
Sudan,1998,149681,36000,63815,27815,11531,5393,4959,9284,9092,9482,6790,9135,13542,5904,744,4712,4572,4439,4653,5068,4414,3658,3132,3725,5410,7170,6372,3891,2013,657,87,75346,10352,2
Sudan,1999,115628,30769,49244,18475,7265,3854,3883,7246,7011,7323,5480,6937,11207,5447,726,3724,3522,3435,3576,3895,3428,2969,2511,2868,4069,5707,5500,3551,1896,637,89,56509,7737,2
Sudan,2000,111664,30007,47155,17148,6579,3584,3745,7020,6639,7189,5614,6610,11085,5691,748,3649,3371,3258,3381,3755,3434,3055,2559,2789,3821,5503,5582,3746,1945,656,92,53734,7329,2
Sudan,2001,112209,29671,46148,16477,6621,3608,3845,7242,6691,7402,6034,6590,11204,6044,773,3804,3438,3295,3396,3803,3599,3289,2745,2849,3741,5419,5785,4029,2015,678,95,52769,7453,2
Sudan,2002,112395,29126,45170,16044,6518,3585,3881,7390,6668,7533,6477,6632,11290,6460,787,3913,3477,3295,3373,3806,3727,3522,2955,2935,3697,5296,5994,4366,2094,700,87,51688,7466,2
Sudan,2003,117594,29316,46543,17227,7035,3774,4053,7814,6847,7946,7221,6987,11616,6954,800,4150,3664,3398,3449,3937,4009,3911,3310,3170,3817,5313,6303,4781,2173,718,82,53578,7827,2
Sudan,2004,125865,29749,48642,18893,7962,4119,4376,8560,7278,8608,8244,7605,12077,7554,836,4539,4021,3627,3651,4196,4412,4447,3797,3548,4057,5435,6642,5219,2335,752,84,56604,8495,2
Sudan,2005,125629,29374,48088,18714,7782,4012,4301,8626,7129,8500,8684,7823,11846,7952,883,4552,4074,3572,3557,4095,4405,4645,4039,3742,4081,5265,6581,5426,2526,789,94,55870,8313,2
Sudan,2006,116148,28096,43491,15395,6561,3544,3967,8184,6649,7748,8441,7561,10928,8127,949,4290,3894,3353,3296,3736,4012,4450,3991,3700,3861,4811,6117,5439,2688,831,118,50052,7511,2
Sudan,2007,113533,28308,42653,14345,5966,3272,3750,7966,6384,7381,8542,7704,10464,8437,1014,4135,3831,3241,3143,3551,3830,4433,4109,3846,3858,4626,5838,5545,2892,875,139,48619,7022,2
Sudan,2008,117934,29001,43713,14712,6260,3362,3857,8382,6669,7588,9182,8379,10510,8939,1087,4308,4074,3417,3252,3644,3944,4686,4496,4259,4120,4719,5791,5772,3167,927,160,49973,7219,3
Sudan,2009,112642,28443,41980,13537,5339,2995,3524,7877,6279,7021,9000,8463,9987,9032,1144,4014,3863,3256,3023,3372,3649,4499,4501,4335,4128,4540,5447,5706,3326,982,162,47319,6519,4
Sudan,2010,114744,28466,41989,13523,5386,3029,3554,8085,6496,7084,9406,9151,10030,9276,1256,4082,4003,3411,3085,3410,3674,4608,4798,4711,4440,4652,5378,5755,3521,1088,168,47375,6583,3
Sudan,2011,114981,27989,41424,13435,5318,3010,3507,8038,6548,7028,9631,9811,10041,9335,1276,4026,4012,3473,3075,3389,3639,4628,5003,5054,4757,4757,5284,5682,3653,1146,130,46742,6517,4
Sudan,2012,112946,27481,40771,13290,4926,2832,3302,7638,6321,6744,9549,10312,9982,9239,1325,3805,3833,3377,2944,3251,3493,4505,5044,5287,5025,4824,5158,5495,3744,1213,112,45697,6134,2
Sudan,2013,114732,27483,40542,13059,5030,2857,3325,7727,6524,6821,9783,11158,10264,9263,1438,3838,3889,3494,3030,3304,3517,4544,5239,5687,5471,5071,5193,5392,3871,1323,115,45572,6182,2
Sudan,2014,113603,27517,40143,12626,4744,2697,3168,7404,6382,6570,9626,11723,10455,9135,1553,3662,3742,3412,2970,3187,3383,4409,5217,5928,5795,5279,5176,5228,3907,1419,134,44887,5865,2
Sudan,2015,116793,27769,40029,12260,4954,2748,3265,7650,6753,6739,9846,12717,11086,9213,1784,3772,3878,3595,3158,3289,3450,4469,5377,6370,6347,5729,5357,5220,3993,1569,215,44983,6013,7
Sudan,2016,119985,27686,39765,12079,5161,2812,3371,7897,7139,6948,10050,13729,11854,9262,1983,3890,4007,3772,3367,3413,3535,4539,5511,6782,6947,6265,5589,5235,4027,1701,282,44926,6183,11
Sudan,2017,119780,27481,39385,11904,4792,2677,3255,7695,7080,6851,9876,14307,12495,9195,2155,3781,3914,3711,3369,3378,3473,4450,5426,6937,7370,6720,5775,5216,3979,1810,345,44177,5932,19
Sudan,2018,122440,27309,38944,11635,4809,2711,3302,7869,7363,7067,9984,15202,13505,9294,2355,3854,4015,3826,3537,3521,3546,4498,5486,7232,7970,7371,6134,5322,3972,1930,425,43753,6013,35
Sudan,2019,125329,27121,38519,11398,4879,2786,3350,8042,7650,7334,10098,16090,14646,9421,2466,3934,4108,3945,3705,3702,3632,4554,5544,7489,8601,8060,6586,5463,3958,1997,469,43398,6136,46
Sudan,2020,130110,26746,37856,11110,4510,2669,3103,7565,7389,7594,10791,18739,17133,10120,2596,3701,3864,3746,3643,3826,3768,4817,5974,8488,10251,9649,7484,5935,4185,2098,498,42366,5772,50
Sudan,2021,136565,26321,37067,10746,4587,2745,3215,7902,7875,8190,11490,20539,19497,10742,2664,3864,4038,3941,3934,4159,4031,5110,6380,9198,11341,10954,8543,6400,4342,2139,525,41654,5960,53
Suriname,1950,1651,378,454,76,22,18,32,70,73,107,181,273,246,150,27,35,35,35,38,46,61,81,100,128,145,132,114,91,59,25,2,476,50,0
Suriname,1951,1585,403,482,79,22,18,32,70,72,105,176,253,221,118,22,35,35,35,37,44,61,80,96,120,133,121,100,73,45,20,2,504,50,0
Suriname,1952,1568,404,486,82,22,17,31,70,71,104,173,250,219,109,18,35,35,35,36,44,60,78,95,117,133,121,98,69,40,16,2,508,48,0
Suriname,1953,1549,406,491,85,22,17,31,70,70,100,168,244,220,100,15,35,35,35,35,42,58,76,92,115,129,122,98,65,35,13,2,513,48,0
Suriname,1954,1526,408,494,86,22,17,31,70,70,97,165,242,218,94,14,35,35,35,35,40,57,75,90,114,128,121,97,61,33,12,2,516,48,0
Suriname,1955,1503,409,494,85,22,17,29,70,70,94,160,234,216,89,12,35,35,35,35,39,55,73,87,110,124,119,97,59,30,10,2,516,46,0
Suriname,1956,1492,410,495,85,23,17,28,67,70,92,158,233,217,88,10,32,35,35,35,37,55,72,86,110,123,119,98,58,30,9,1,518,45,0
Suriname,1957,1473,410,493,83,24,16,28,66,70,88,155,225,215,86,10,31,35,35,35,37,51,71,84,105,120,118,97,58,28,9,1,517,44,0
Suriname,1958,1462,409,490,81,24,16,26,66,70,86,151,224,216,85,10,31,35,35,35,36,50,69,82,105,119,117,99,58,27,9,1,514,42,0
Suriname,1959,1445,408,489,81,25,16,26,65,66,82,147,217,214,87,11,30,35,32,34,35,47,67,80,100,117,115,99,60,27,10,1,514,42,0
Suriname,1960,1442,407,487,80,25,16,26,64,65,81,145,218,218,92,10,30,34,32,33,35,46,66,79,100,118,115,103,62,30,10,0,512,42,0
Suriname,1961,1438,405,482,77,25,16,25,64,62,77,140,218,220,97,10,30,34,32,30,33,44,63,77,100,118,116,104,66,31,10,0,507,41,0
Suriname,1962,1438,403,480,77,23,16,24,60,61,75,137,218,225,103,11,27,33,31,30,33,42,60,77,100,118,117,108,71,32,10,1,503,40,0
Suriname,1963,1503,407,484,77,24,16,23,58,61,74,134,229,255,126,17,26,32,31,30,32,42,60,74,96,133,132,123,85,41,15,2,508,39,0
Suriname,1964,1573,401,480,79,25,16,23,58,65,73,132,237,290,152,24,26,32,32,33,31,42,60,72,91,146,151,139,100,52,20,4,505,39,0
Suriname,1965,1606,396,474,78,26,17,24,57,67,74,133,232,310,166,26,25,32,33,34,33,41,59,74,90,142,164,146,109,57,21,5,500,41,0
Suriname,1966,1612,393,470,77,27,18,24,57,69,76,134,223,314,172,27,25,32,35,34,35,41,59,75,92,131,166,148,112,60,22,5,497,42,0
Suriname,1967,1617,388,465,77,27,20,25,56,70,78,133,218,316,180,28,25,31,35,35,35,43,57,76,94,124,166,150,115,65,23,5,492,45,0
Suriname,1968,1628,384,461,77,27,22,29,55,70,81,133,216,317,188,31,25,30,35,35,37,44,57,76,97,119,163,154,118,70,26,5,488,51,0
Suriname,1969,1643,380,457,77,27,23,30,56,69,84,132,219,316,195,34,26,30,34,35,38,46,57,75,101,118,157,159,120,75,29,5,484,53,1
Suriname,1970,1654,376,451,75,28,24,33,55,71,87,133,222,315,198,41,26,29,33,38,39,48,58,75,104,118,152,163,122,76,34,7,479,57,1
Suriname,1971,1696,371,444,73,29,26,37,58,72,92,135,229,317,209,49,28,30,33,39,41,51,61,74,107,122,151,166,126,83,39,10,473,63,1
Suriname,1972,1708,365,435,70,29,28,39,62,71,94,135,231,311,215,57,32,30,32,39,41,53,64,71,107,124,149,162,129,86,45,12,464,67,1
Suriname,1973,1689,353,419,66,29,28,41,63,69,94,137,230,309,215,55,33,30,31,38,41,53,65,72,104,126,145,164,131,84,43,12,448,69,1
Suriname,1974,1683,339,399,60,28,28,42,64,69,97,141,229,311,224,53,34,30,31,38,44,53,68,73,100,129,143,168,139,85,41,12,427,70,1
Suriname,1975,1660,324,382,58,26,26,42,66,67,97,140,222,306,229,53,36,30,30,37,43,54,68,72,95,127,140,166,143,86,41,12,408,68,1
Suriname,1976,1640,309,364,55,23,26,42,67,66,97,144,216,303,237,53,37,30,30,36,43,54,69,75,92,124,139,164,147,90,41,12,387,68,2
Suriname,1977,1621,294,345,51,23,25,42,68,64,97,145,209,299,246,53,37,31,30,34,43,54,69,76,90,119,138,161,149,97,42,11,368,67,2
Suriname,1978,1605,280,327,47,21,24,42,69,63,97,146,202,294,259,55,37,32,30,33,42,55,69,77,88,114,137,157,151,108,44,11,348,66,2
Suriname,1979,1586,267,312,45,21,24,42,70,62,96,147,196,288,267,64,37,33,29,33,41,55,69,78,87,109,135,153,150,117,49,15,333,66,2
Suriname,1980,1583,254,295,41,18,23,42,70,60,95,151,194,285,275,72,37,33,28,32,39,56,71,80,89,105,132,153,148,127,57,15,313,65,2
Suriname,1981,1553,259,300,41,18,22,42,73,60,94,152,191,274,256,72,39,34,29,31,39,55,71,81,90,101,126,148,139,117,56,16,318,64,2
Suriname,1982,1518,257,297,40,17,21,42,77,60,92,152,190,260,236,72,42,35,30,30,37,55,71,81,92,98,118,142,130,106,56,16,314,63,2
Suriname,1983,1499,255,294,39,16,20,39,81,61,92,154,191,252,224,71,43,38,31,30,37,55,72,82,94,97,113,139,125,99,55,16,310,59,3
Suriname,1984,1470,250,288,38,16,19,39,84,62,87,155,195,239,212,69,45,39,32,30,35,52,72,83,98,97,107,132,120,92,54,15,304,58,3
Suriname,1985,1456,246,283,37,16,19,39,87,63,85,157,201,234,207,65,45,42,33,30,34,51,73,84,101,100,106,128,120,87,50,15,299,58,3
Suriname,1986,1442,242,278,36,16,18,38,89,66,84,158,204,227,199,62,45,44,36,30,34,50,73,85,102,102,103,124,115,84,47,15,294,56,3
Suriname,1987,1431,237,273,36,16,18,35,95,69,84,159,209,220,193,59,47,48,37,32,34,50,73,86,103,106,101,119,112,81,44,15,289,53,3
Suriname,1988,1413,230,264,34,16,17,34,95,72,82,157,212,214,188,56,46,49,39,33,33,49,70,87,104,108,101,113,110,78,41,15,280,51,3
Suriname,1989,1407,225,259,34,16,17,34,96,77,79,158,219,212,183,56,45,51,42,35,32,47,70,88,106,113,101,111,107,76,41,15,275,51,3
Suriname,1990,1398,218,250,32,16,17,33,96,81,81,159,224,213,179,52,43,53,44,37,35,46,70,89,108,116,106,107,104,75,39,13,266,50,3
Suriname,1991,1383,209,240,31,16,16,31,95,84,81,156,226,213,174,51,42,53,46,38,35,46,67,89,108,118,108,105,101,73,38,13,256,47,3
Suriname,1992,1364,200,229,29,15,16,30,92,90,78,151,229,213,167,49,40,52,49,41,35,43,65,86,109,120,110,103,96,71,37,12,244,46,3
Suriname,1993,1347,190,217,27,15,16,28,90,94,80,149,229,217,160,48,39,51,51,43,36,44,64,85,109,120,114,103,91,69,36,12,232,44,3
Suriname,1994,1332,179,205,26,12,16,28,86,98,83,147,230,222,156,47,37,49,53,45,40,43,62,85,110,120,118,104,88,68,35,12,217,44,3
Suriname,1995,1344,171,196,25,12,16,27,85,103,85,146,238,232,152,48,36,49,55,48,41,44,61,85,113,125,123,109,87,65,36,12,208,43,3
Suriname,1996,1353,163,186,23,11,15,27,81,106,92,147,244,243,155,48,35,46,55,51,45,47,62,85,114,130,128,115,90,65,36,12,197,42,3
Suriname,1997,1417,155,176,21,11,15,28,82,109,101,152,260,266,164,49,36,46,55,54,50,51,66,86,121,139,138,128,96,68,37,12,187,43,3
Suriname,1998,1471,149,169,20,10,15,28,82,115,111,158,273,286,172,51,36,46,56,59,55,56,68,90,124,149,147,139,103,69,38,13,179,43,3
Suriname,1999,1554,143,162,19,10,15,31,82,119,123,169,292,314,187,53,36,46,57,62,60,63,72,97,130,162,159,155,113,74,40,13,172,46,3
Suriname,2000,1614,138,157,19,10,14,31,82,119,129,174,302,336,203,55,36,46,55,64,61,68,76,98,132,170,169,167,124,79,42,13,167,45,3
Suriname,2001,1702,134,152,18,10,14,31,82,120,142,183,317,363,223,58,36,46,55,65,66,76,81,102,140,177,181,182,138,85,44,14,162,45,4
Suriname,2002,1769,129,146,17,10,14,30,82,121,151,193,327,388,243,63,36,46,55,66,70,81,87,106,147,180,196,192,150,93,48,15,156,44,4
Suriname,2003,1848,125,140,15,10,14,29,83,121,156,201,335,416,270,68,38,45,55,66,71,85,93,108,153,182,212,204,166,104,52,16,150,43,3
Suriname,2004,1827,121,136,15,10,12,26,79,111,153,203,323,415,280,76,36,43,50,61,68,85,98,105,149,174,212,203,169,111,56,20,146,38,3
Suriname,2005,1788,117,132,15,10,11,25,75,107,153,202,313,407,280,75,34,41,48,59,68,85,100,102,143,170,207,200,170,110,55,20,142,36,3
Suriname,2006,1754,113,128,15,10,11,23,71,101,152,203,306,401,277,72,32,39,45,56,68,84,103,100,138,168,198,203,168,109,52,20,138,34,4
Suriname,2007,1720,109,123,14,7,11,21,68,96,148,204,298,393,275,73,30,38,42,54,66,82,102,102,131,167,186,207,166,109,53,20,130,32,4
Suriname,2008,1687,106,120,14,5,11,19,65,92,145,206,292,383,273,73,28,37,41,51,64,81,102,104,127,165,175,208,163,110,53,20,125,30,4
Suriname,2009,1645,102,114,12,5,9,18,61,88,142,206,279,372,271,75,26,35,40,48,61,81,100,106,121,158,167,205,162,109,55,20,119,27,5
Suriname,2010,1626,99,111,12,5,8,18,56,82,137,210,272,368,276,75,23,33,36,46,57,80,100,110,119,153,166,202,164,112,55,20,116,26,5
Suriname,2011,1675,96,108,12,5,8,18,56,84,142,220,277,378,294,80,23,33,38,46,57,85,103,117,123,154,173,205,175,119,60,20,113,26,5
Suriname,2012,1763,93,104,11,5,8,18,57,86,148,237,290,394,321,88,23,34,40,46,60,88,111,126,132,158,185,209,192,129,65,23,109,26,6
Suriname,2013,1840,91,102,11,5,8,18,57,87,151,253,308,406,343,97,23,34,40,47,61,90,118,135,145,163,195,211,208,135,71,26,107,26,7
Suriname,2014,1891,89,100,11,5,7,18,55,88,152,263,323,413,358,102,22,33,41,47,61,91,123,140,157,166,200,213,217,141,75,27,105,25,7
Suriname,2015,1803,86,97,11,5,7,16,50,82,140,253,312,390,344,103,21,29,38,44,56,84,118,135,156,156,187,203,205,139,76,27,102,23,7
Suriname,2016,1775,84,95,11,5,6,15,47,78,131,250,311,382,339,104,20,27,35,43,52,79,117,133,158,153,179,203,197,142,77,27,100,21,7
Suriname,2017,1722,82,92,10,5,6,13,45,73,122,242,310,370,332,104,20,25,33,40,48,74,112,130,158,152,170,200,186,146,76,28,97,19,8
Suriname,2018,1753,79,89,10,5,6,13,42,72,122,244,324,376,339,111,19,23,32,40,48,74,112,132,162,162,170,206,185,154,80,31,94,19,9
Suriname,2019,1852,77,85,8,5,6,13,42,74,124,257,354,395,362,122,19,23,32,42,49,75,115,142,173,181,177,218,195,167,87,35,90,19,10
Suriname,2020,1873,75,83,8,5,6,12,41,71,123,258,367,395,370,130,18,23,30,41,49,74,113,145,176,191,178,217,201,169,93,37,88,18,11
Suriname,2021,2370,73,81,8,5,6,14,44,79,145,310,458,518,516,176,18,26,33,46,57,88,128,182,215,243,239,279,279,237,128,48,86,20,14
Sweden,1950,34823,997,1266,269,131,94,95,453,798,1607,3073,6091,10580,8977,1640,196,257,341,457,669,938,1276,1797,2550,3541,4974,5606,5293,3684,1382,258,1397,189,21
Sweden,1951,34445,976,1240,264,128,90,125,411,757,1537,3050,5985,10532,8899,1674,182,229,329,428,589,948,1273,1777,2479,3506,4846,5686,5078,3821,1418,256,1368,215,23
Sweden,1952,33461,944,1169,225,109,77,95,330,674,1430,3015,6066,10422,8468,1591,137,193,296,378,611,819,1285,1730,2508,3558,4843,5579,4894,3574,1342,249,1278,172,23
Sweden,1953,34094,864,1066,202,120,73,96,333,662,1409,3036,6166,10811,8693,1609,148,185,300,362,582,827,1272,1764,2470,3696,5017,5794,5233,3460,1354,255,1186,169,22
Sweden,1954,33654,758,946,188,117,98,85,298,633,1412,2894,6072,10602,8806,1664,114,184,279,354,560,852,1217,1677,2445,3627,4841,5761,5374,3432,1401,263,1063,183,24
Sweden,1955,33116,804,981,177,138,77,95,294,587,1415,2934,5891,10597,8373,1708,122,172,223,364,561,854,1243,1691,2354,3537,4812,5785,5239,3134,1433,275,1119,172,25
Sweden,1956,33513,801,972,171,99,83,110,247,592,1318,2740,5939,10883,8743,1763,106,141,242,350,510,808,1138,1602,2347,3592,4950,5933,5443,3300,1484,279,1071,193,25
Sweden,1957,34904,803,955,152,104,95,105,250,540,1318,2853,6108,11328,9359,1868,110,140,218,322,510,808,1153,1700,2491,3617,5157,6171,5732,3627,1563,305,1059,200,27
Sweden,1958,34139,678,842,164,88,99,106,226,549,1338,2819,5890,11052,9370,1735,90,136,193,356,511,827,1161,1658,2393,3497,5035,6017,5838,3532,1442,293,930,205,26
Sweden,1959,33695,689,831,142,90,69,103,237,512,1220,2707,5761,10965,9441,1735,104,133,174,338,503,717,1124,1583,2324,3437,5024,5941,5830,3611,1426,309,921,172,28
Sweden,1960,35596,692,850,158,85,75,115,246,511,1289,2818,5870,11696,10179,1826,103,143,189,322,460,829,1185,1633,2386,3484,5296,6400,6211,3968,1491,335,935,190,30
Sweden,1961,34800,693,830,137,95,81,104,245,428,1204,2737,5692,11428,10220,1705,109,136,165,263,423,781,1156,1581,2298,3394,5091,6337,6267,3953,1386,319,925,185,29
Sweden,1962,35934,683,817,134,102,84,110,220,444,1153,2698,5805,11745,10740,1976,95,125,160,284,483,670,1120,1578,2330,3475,5190,6555,6572,4168,1617,359,919,194,34
Sweden,1963,35735,733,847,114,75,74,153,245,435,1204,2741,5902,11524,10483,2014,115,130,183,252,450,754,1095,1646,2310,3592,4935,6589,6247,4236,1655,359,922,227,36
Sweden,1964,35575,763,882,119,77,63,127,268,455,1156,2735,5921,11502,10436,1918,127,141,168,287,457,699,1141,1594,2448,3473,5006,6496,6197,4239,1595,323,959,190,34
Sweden,1965,36147,704,819,115,81,66,134,244,441,1193,2701,5851,11573,11016,1991,127,117,168,273,493,700,1095,1606,2346,3505,5009,6564,6421,4595,1670,321,900,200,35
Sweden,1966,36164,634,748,114,87,54,122,275,422,1110,2587,5702,11727,11145,2137,162,113,159,263,432,678,1031,1556,2310,3392,5064,6663,6596,4549,1776,361,835,176,40
Sweden,1967,36745,659,765,106,65,61,91,299,421,1144,2548,5732,11885,11394,2293,148,151,179,242,431,713,991,1557,2243,3489,5026,6859,6706,4688,1908,385,830,152,42
Sweden,1968,38275,604,704,100,95,63,111,301,422,1140,2630,5855,12265,12186,2457,164,137,171,251,412,728,995,1635,2329,3526,5285,6980,7319,4867,2039,418,799,174,43
Sweden,1969,38320,487,591,104,76,55,117,288,420,1199,2613,5990,12310,12152,2463,144,144,176,244,447,752,1024,1589,2521,3469,5422,6888,7188,4964,2031,432,667,172,43
Sweden,1970,36638,514,608,94,98,55,125,307,399,1110,2539,5811,11465,11587,2487,153,154,153,246,402,708,1043,1496,2363,3448,4915,6550,6877,4710,2037,450,706,180,46
Sweden,1971,37157,538,624,86,60,77,113,265,430,1067,2542,5710,11678,11922,2627,130,135,180,250,399,668,1042,1500,2335,3375,5033,6645,6973,4949,2150,477,684,190,49
Sweden,1972,37999,479,575,96,82,49,103,318,408,985,2518,5751,12060,12260,2832,129,189,174,234,356,629,1052,1466,2313,3438,5169,6891,6974,5286,2298,534,657,152,56
Sweden,1973,38488,466,544,78,74,65,98,294,428,951,2413,5731,11980,12891,2957,128,166,192,236,347,604,1022,1391,2235,3496,5159,6821,7152,5739,2402,555,618,163,58
Sweden,1974,38827,455,539,84,79,52,106,267,413,940,2453,5723,12085,12911,3189,118,149,182,231,351,589,1019,1434,2216,3507,5227,6858,7282,5629,2572,617,618,158,67
Sweden,1975,39868,363,447,84,71,71,114,266,440,981,2445,5732,12320,13576,3330,98,168,212,228,365,616,1028,1417,2205,3527,5155,7165,7671,5905,2675,655,518,185,73
Sweden,1976,41074,353,419,66,66,58,117,314,488,898,2384,5683,12422,14429,3716,139,175,230,258,368,530,953,1431,2258,3425,5231,7191,8024,6405,3001,715,485,175,81
Sweden,1977,39566,324,382,58,47,58,95,262,440,923,2375,5451,11944,13765,3736,119,143,200,240,366,557,924,1451,2121,3330,4925,7019,7694,6071,3009,727,429,153,87
Sweden,1978,40385,300,370,70,52,48,100,259,452,865,2257,5343,12373,14322,3856,125,134,206,246,339,526,866,1391,1981,3362,5148,7225,7952,6370,3105,751,422,148,90
Sweden,1979,41123,305,379,74,50,61,90,254,477,847,2392,5327,12275,14695,4175,113,141,227,250,363,484,900,1492,2009,3318,5076,7199,8118,6577,3304,871,429,151,107
Sweden,1980,41973,267,333,66,44,56,78,241,490,891,2278,5355,12428,15232,4430,103,138,212,278,386,505,822,1456,2085,3270,5147,7281,8362,6870,3478,952,377,134,117
Sweden,1981,42317,293,332,39,36,41,93,211,451,825,2069,5267,12465,15765,4640,89,122,184,267,299,526,730,1339,2101,3166,5335,7130,8506,7259,3637,1003,368,134,122
Sweden,1982,41769,290,344,54,39,39,80,210,473,799,2081,5213,12130,15460,4769,90,120,179,294,326,473,774,1307,2036,3177,5046,7084,8405,7055,3706,1063,383,119,132
Sweden,1983,41783,311,352,41,31,31,87,224,451,821,1909,5000,11919,15789,5026,93,131,179,272,343,478,784,1125,1975,3025,4877,7042,8526,7263,3913,1113,383,118,142
Sweden,1984,41943,254,297,43,30,42,67,217,442,822,1871,4878,11981,16025,5118,89,128,181,261,373,449,690,1181,2071,2807,4791,7190,8585,7440,3993,1125,327,109,150
Sweden,1985,44014,305,357,52,25,42,88,212,490,794,1878,4941,12301,16964,5743,93,119,192,298,359,435,712,1166,1962,2979,4780,7521,8956,8008,4462,1281,382,130,176
Sweden,1986,43780,263,326,63,28,34,68,221,432,901,1747,4909,11779,17364,5788,95,126,154,278,367,534,697,1050,1872,3037,4664,7115,9084,8280,4477,1311,354,102,182
Sweden,1987,43974,287,344,57,26,30,80,213,424,905,1750,4819,11811,17394,5980,98,115,170,254,406,499,694,1056,1871,2948,4662,7149,9036,8358,4590,1390,370,110,197
Sweden,1988,46268,278,329,51,29,30,77,250,418,1046,1723,4905,12023,18515,6701,119,131,153,265,458,588,668,1055,1790,3115,4686,7337,9481,9034,5133,1568,358,107,221
Sweden,1989,44241,282,339,57,26,31,90,206,402,981,1662,4536,11251,17962,6538,91,115,138,264,421,560,669,993,1622,2914,4218,7033,9041,8921,5016,1522,365,121,215
Sweden,1990,46126,320,366,46,31,40,74,221,374,995,1731,4515,11481,18959,7094,95,126,151,223,404,591,657,1074,1622,2893,4394,7087,9698,9261,5407,1687,397,114,241
Sweden,1991,46054,334,392,58,23,41,66,199,380,1004,1725,4463,11276,18806,7428,74,125,147,233,408,596,699,1026,1667,2796,4385,6891,9629,9177,5676,1752,415,107,250
Sweden,1992,46287,274,316,42,31,33,61,184,336,1001,1709,4398,11242,18981,7739,87,97,139,197,361,640,738,971,1642,2756,4503,6739,9577,9404,5889,1850,347,94,263
Sweden,1993,47893,235,286,51,33,33,69,201,357,954,1694,4213,11241,20083,8449,93,108,148,209,319,635,717,977,1554,2659,4502,6739,9970,10113,6470,1979,319,102,278
Sweden,1994,45156,212,250,38,23,30,50,187,358,976,1799,3892,10353,19110,7871,70,117,125,233,330,646,811,988,1510,2382,4257,6096,9317,9793,6043,1828,273,80,257
Sweden,1995,46334,171,206,35,25,24,57,180,317,909,1811,3919,10535,19432,8630,80,100,139,178,321,588,843,968,1501,2418,4146,6389,9371,10061,6595,2035,231,81,287
Sweden,1996,46892,168,202,34,29,26,47,170,316,862,1925,3733,10555,19651,9073,76,94,140,176,283,579,892,1033,1417,2316,4151,6404,9197,10454,6878,2195,231,73,309
Sweden,1997,46534,134,177,43,22,31,60,162,318,785,1902,3582,10276,19469,9422,85,77,143,175,294,491,902,1000,1361,2221,3946,6330,9127,10342,7076,2346,199,91,331
Sweden,1998,46685,129,156,27,25,39,64,143,312,799,1933,3619,10080,19459,9712,73,70,118,194,306,493,865,1068,1425,2194,3667,6413,8955,10504,7254,2458,181,103,343
Sweden,1999,48138,112,141,29,33,25,49,148,285,846,1947,3616,10121,20096,10462,62,86,117,168,328,518,848,1099,1445,2171,3603,6518,9043,11053,7805,2657,174,74,370
Sweden,2000,47737,124,145,21,27,36,57,138,286,760,2145,3589,9745,19813,10610,63,75,87,199,269,491,873,1272,1506,2083,3485,6260,9062,10751,7904,2706,172,93,386
Sweden,2001,48416,144,177,33,27,34,51,122,267,740,2167,3534,9499,20189,11179,54,68,102,165,249,491,870,1297,1402,2132,3490,6009,9150,11039,8246,2933,204,85,429
Sweden,2002,49252,143,166,23,20,26,64,142,280,716,2100,3560,9335,20543,11833,64,78,110,170,250,466,761,1339,1466,2094,3464,5871,9450,11093,8680,3153,186,90,471
Sweden,2003,47537,125,151,26,17,28,78,148,285,701,2029,3614,8801,19755,11464,61,87,115,170,253,448,755,1274,1565,2049,3267,5534,9234,10521,8355,3109,168,106,474
Sweden,2004,46643,143,169,26,26,28,64,138,266,686,1989,3657,8492,19267,11378,61,77,96,170,252,434,708,1281,1654,2003,3188,5304,8938,10329,8215,3163,195,92,485
Sweden,2005,47027,115,152,37,16,24,46,137,282,645,2050,3883,8166,19286,11817,69,68,106,176,242,403,746,1304,1739,2144,3030,5136,8875,10411,8469,3348,168,70,523
Sweden,2006,46977,133,169,36,14,18,65,146,282,662,1878,3851,8033,19288,12016,83,63,121,161,257,405,691,1187,1817,2034,3015,5018,8493,10795,8522,3494,183,83,560
Sweden,2007,47726,120,159,39,21,16,63,130,258,676,1776,4017,7942,19752,12326,65,65,92,166,262,414,656,1120,1792,2225,2910,5032,8324,11428,8693,3633,180,79,588
Sweden,2008,47347,130,159,29,12,26,61,155,231,669,1755,4133,7551,19410,12572,64,91,90,141,282,387,667,1088,1860,2273,2819,4732,8035,11375,8861,3711,171,87,613
Sweden,2009,46465,130,162,32,19,20,64,129,240,671,1722,4133,7568,18879,12222,64,65,83,157,265,406,687,1035,1842,2291,3052,4516,7669,11210,8497,3725,181,84,639
Sweden,2010,46754,133,163,30,19,19,60,147,227,592,1571,4284,7592,18566,12838,75,72,93,134,218,374,595,976,1845,2439,3014,4578,7496,11070,8982,3856,182,79,679
Sweden,2011,46265,105,128,23,25,21,59,166,254,589,1566,4091,7412,18178,13098,77,89,103,151,210,379,613,953,1685,2406,3063,4349,7414,10764,9294,3804,153,80,683
Sweden,2012,47628,125,148,23,14,26,50,131,267,638,1575,4316,7644,18231,13854,68,63,94,173,216,422,642,933,1593,2723,3116,4528,7421,10810,9827,4027,162,76,739
Sweden,2013,46553,137,161,24,18,12,42,179,227,637,1585,4262,7692,17457,13550,82,97,86,141,230,407,609,976,1535,2727,3223,4469,7284,10173,9684,3866,179,54,729
Sweden,2014,45601,99,124,25,24,15,46,164,226,632,1550,4176,7646,16663,13574,77,87,113,113,233,399,610,940,1502,2674,3325,4321,6828,9835,9634,3940,148,61,757
Sweden,2015,46477,115,139,24,22,33,38,172,224,560,1482,4158,8075,16710,14074,78,94,114,110,200,360,551,931,1507,2651,3537,4538,6928,9782,9808,4266,161,71,788
Sweden,2016,46602,134,163,29,22,27,30,165,233,580,1471,3975,8464,16430,14246,76,89,107,126,212,368,569,902,1487,2488,3847,4617,6724,9706,9694,4552,185,57,798
Sweden,2017,47032,129,154,25,19,22,41,160,239,575,1449,3912,8796,16648,14201,63,97,117,122,203,372,601,848,1457,2455,3977,4819,6848,9800,9488,4713,173,63,821
Sweden,2018,46743,102,135,33,19,27,51,185,251,536,1416,3834,9056,16213,14188,87,98,126,125,199,337,559,857,1433,2401,4115,4941,6747,9466,9447,4741,154,78,837
Sweden,2019,44707,103,136,33,14,20,45,174,263,534,1406,3499,8825,15546,13421,73,101,108,155,210,324,563,843,1372,2127,3865,4960,6630,8916,8879,4542,150,65,823
Sweden,2020,48915,111,136,25,14,20,35,142,283,533,1385,3539,9741,17156,14943,63,79,126,157,208,325,542,843,1338,2201,4014,5727,7454,9702,9806,5137,150,55,991
Sweden,2021,45061,97,128,31,14,23,39,145,290,502,1398,3319,9763,15420,13059,65,80,129,161,191,311,524,874,1283,2036,3602,6161,7052,8368,8585,4474,142,62,959
Switzerland,1950,23163,1093,1379,286,102,72,105,367,576,1232,2401,4334,7208,4799,580,158,209,241,335,522,710,1075,1326,1726,2608,3496,3712,3080,1719,503,77,1481,177,4
Switzerland,1951,24388,1015,1292,277,124,58,82,402,580,1249,2325,4565,7840,5194,678,155,247,253,327,494,755,976,1349,1898,2667,3753,4087,3260,1934,590,88,1416,140,5
Switzerland,1952,23261,1016,1254,238,105,64,86,300,509,1109,2362,4319,7475,5051,619,143,157,229,280,421,688,991,1371,1814,2505,3544,3931,3220,1831,541,78,1359,150,5
Switzerland,1953,24132,1024,1238,214,117,69,93,300,470,1102,2285,4317,7905,5476,757,115,185,222,248,466,636,1005,1280,1737,2580,3541,4364,3429,2047,661,96,1355,162,8
Switzerland,1954,23894,969,1193,224,101,58,82,277,493,1084,2327,4322,7715,5434,802,125,152,209,284,419,665,956,1371,1774,2548,3457,4258,3414,2020,704,98,1294,140,9
Switzerland,1955,24587,969,1204,235,84,62,84,271,464,1130,2323,4392,7961,5762,848,116,155,207,257,416,714,985,1338,1819,2573,3553,4408,3667,2095,737,111,1288,146,8
Switzerland,1956,25143,955,1129,174,90,62,67,222,456,1067,2300,4447,8200,6205,891,80,142,199,257,395,672,929,1371,1873,2574,3644,4556,4074,2131,770,121,1219,129,7
Switzerland,1957,24449,870,1081,211,87,79,87,248,412,958,2249,4515,7919,5915,895,100,148,188,224,378,580,917,1332,1926,2589,3551,4368,3726,2189,766,129,1168,166,7
Switzerland,1958,23682,842,1016,174,72,65,82,228,409,924,2120,4244,7511,6134,872,113,115,176,233,313,611,869,1251,1773,2471,3321,4190,4012,2122,738,134,1088,147,7
Switzerland,1959,24032,825,1019,194,90,65,80,257,428,850,2115,4182,7400,6582,955,111,146,168,260,289,561,881,1234,1800,2382,3267,4133,4197,2385,804,151,1109,145,8
Switzerland,1960,25063,833,1019,186,68,58,74,253,384,838,2088,4387,7821,6985,1077,116,137,146,238,316,522,846,1242,1866,2521,3424,4397,4366,2619,911,166,1087,132,12
Switzerland,1961,24064,877,1046,169,86,65,89,218,426,860,2116,4216,7437,6519,980,106,112,168,258,337,523,889,1227,1765,2451,3298,4139,4005,2514,825,155,1132,154,11
Switzerland,1962,26281,959,1154,195,90,63,97,236,395,842,2141,4539,8007,7517,1179,106,130,173,222,352,490,850,1291,1876,2663,3519,4488,4596,2921,999,180,1244,160,16
Switzerland,1963,26982,947,1120,173,99,57,89,230,383,843,2125,4563,8378,7906,1179,99,131,166,217,344,499,846,1279,1912,2651,3702,4676,4722,3184,1002,177,1219,146,16
Switzerland,1964,25294,901,1078,177,73,50,84,243,387,796,2003,4446,7843,7113,1167,112,131,161,226,332,464,739,1264,1809,2637,3518,4325,4337,2776,998,169,1151,134,14
Switzerland,1965,26484,846,1009,163,76,49,89,225,366,793,1989,4711,8250,7561,1352,108,117,155,211,354,439,776,1213,1993,2718,3652,4598,4467,3094,1145,207,1085,138,16
Switzerland,1966,26690,780,978,198,92,49,103,235,350,766,1988,4576,8280,7934,1331,109,126,143,207,321,445,801,1187,1780,2796,3636,4644,4710,3224,1131,200,1070,152,15
Switzerland,1967,26101,760,923,163,91,59,101,237,340,775,1823,4496,8015,7834,1397,115,122,129,211,324,451,671,1152,1838,2658,3592,4423,4686,3148,1183,214,1014,160,16
Switzerland,1968,27349,735,906,171,97,66,86,261,352,792,1957,4429,8479,8322,1582,126,135,127,225,295,497,728,1229,1768,2661,3836,4643,4871,3451,1332,250,1003,152,23
Switzerland,1969,27532,686,847,161,83,59,95,274,373,822,1872,4726,8760,8001,1597,145,129,150,223,297,525,705,1167,1830,2896,3893,4867,4674,3327,1349,248,930,154,25
Switzerland,1970,27113,629,762,133,102,55,100,228,344,850,1792,4352,8620,8295,1594,109,119,141,203,324,526,692,1100,1719,2633,3828,4792,4881,3414,1344,250,864,155,22
Switzerland,1971,27495,554,703,149,105,67,116,262,381,873,1748,4274,8701,8446,1793,119,143,145,236,329,544,675,1073,1691,2583,3869,4832,4830,3616,1515,278,808,183,24
Switzerland,1972,26771,490,617,127,98,63,102,244,366,838,1665,4109,8637,8229,1780,110,134,176,190,325,513,678,987,1637,2472,3780,4857,4770,3459,1488,292,715,165,26
Switzerland,1973,27235,471,583,112,77,62,99,232,302,770,1656,4123,8787,8642,1873,127,105,131,171,292,478,688,968,1625,2498,3823,4964,4957,3685,1550,323,660,161,31
Switzerland,1974,26545,429,544,115,78,44,106,233,363,709,1566,3978,8322,8652,1921,111,122,173,190,275,434,693,873,1567,2411,3595,4727,5038,3614,1596,325,622,150,29
Switzerland,1975,26243,343,433,90,76,61,110,236,356,739,1555,3813,8312,8550,1970,115,121,154,202,300,439,683,872,1398,2415,3497,4815,4947,3603,1617,353,509,171,30
Switzerland,1976,26929,342,425,83,57,49,97,213,343,689,1543,3774,8339,9141,2222,94,119,157,186,245,444,697,846,1396,2378,3509,4830,5199,3942,1810,412,482,146,34
Switzerland,1977,26055,317,377,60,73,33,105,214,330,671,1553,3491,8213,8886,2077,90,124,156,174,265,406,674,879,1286,2205,3401,4812,5050,3836,1686,391,450,138,33
Switzerland,1978,27235,239,317,78,57,50,86,211,356,727,1610,3536,8249,9570,2418,96,115,146,210,283,444,693,917,1285,2251,3481,4768,5464,4106,1949,469,374,136,45
Switzerland,1979,27321,254,321,67,51,60,103,265,356,731,1640,3351,8341,9592,2458,139,126,146,210,279,452,691,949,1229,2122,3428,4913,5320,4272,1956,502,372,163,47
Switzerland,1980,28238,276,328,52,41,48,103,256,350,719,1585,3316,8503,10150,2786,145,111,161,189,267,452,637,948,1222,2094,3468,5035,5659,4491,2204,582,369,151,56
Switzerland,1981,28572,225,292,67,45,52,115,256,359,684,1496,3210,8406,10767,2832,122,134,152,207,261,423,564,932,1280,1930,3303,5103,6041,4726,2239,593,337,167,61
Switzerland,1982,28451,259,306,47,40,28,118,264,328,693,1548,2978,8106,10988,2989,117,147,130,198,281,412,654,894,1175,1803,3252,4854,6170,4818,2371,618,346,146,66
Switzerland,1983,29176,231,290,59,43,33,91,268,329,657,1485,2979,8203,11433,3290,143,125,115,214,267,390,623,862,1232,1747,3316,4887,6277,5156,2607,683,333,124,79
Switzerland,1984,28107,227,299,72,30,31,85,241,355,696,1450,2965,7663,11033,3183,121,120,145,210,278,418,599,851,1312,1653,2982,4681,5956,5077,2535,648,329,116,81
Switzerland,1985,28607,221,280,59,38,37,83,236,366,696,1438,2942,7610,11447,3354,122,114,155,211,302,394,579,859,1238,1704,2890,4720,6098,5349,2659,695,318,120,82
Switzerland,1986,29223,224,292,68,24,44,85,274,330,683,1374,2870,7423,11925,3813,128,146,148,182,318,365,517,857,1227,1643,2816,4607,6219,5706,3028,785,316,129,90
Switzerland,1987,28822,233,286,53,31,22,86,242,322,689,1365,2910,7177,11618,3980,126,116,135,187,311,378,572,793,1161,1749,2657,4520,5979,5639,3127,853,317,108,96
Switzerland,1988,29353,222,272,50,28,35,80,281,350,720,1354,2955,6935,11953,4293,147,134,157,193,284,436,553,801,1170,1785,2533,4402,6145,5808,3346,947,300,115,102
Switzerland,1989,29507,262,303,41,26,19,89,283,359,712,1353,2864,6571,12371,4447,140,143,151,208,283,429,521,832,1115,1749,2359,4212,6265,6106,3458,989,329,108,116
Switzerland,1990,31273,256,302,46,30,29,72,254,358,765,1323,2955,6907,13179,4965,110,144,159,199,299,466,568,755,1195,1760,2489,4418,6436,6743,3875,1090,332,101,137
Switzerland,1991,30553,220,285,65,31,24,75,267,365,727,1362,2889,6517,12791,5073,123,144,185,180,318,409,576,786,1115,1774,2423,4094,6245,6546,3957,1116,316,99,144
Switzerland,1992,30636,224,270,46,28,31,67,267,378,734,1344,2842,6277,12941,5300,114,153,175,203,273,461,589,755,1112,1730,2473,3804,6302,6639,4100,1200,298,98,155
Switzerland,1993,31033,212,281,69,32,27,58,268,418,726,1340,2802,6180,12835,5890,96,172,196,222,268,458,580,760,1116,1686,2563,3617,6049,6786,4533,1357,313,85,177
Switzerland,1994,30820,181,231,50,19,32,61,265,399,752,1368,2834,5985,12738,5952,106,159,202,197,314,438,583,785,1105,1729,2481,3504,5956,6782,4554,1398,250,93,181
Switzerland,1995,31751,178,208,30,27,22,65,242,449,748,1401,2735,6138,13187,6331,104,138,232,217,310,438,635,766,1089,1646,2635,3503,6011,7176,4805,1526,235,87,198
Switzerland,1996,31954,163,205,42,23,28,61,184,397,707,1379,2614,6149,13121,6858,67,117,191,206,302,405,635,744,1062,1552,2579,3570,5843,7278,5159,1699,228,89,227
Switzerland,1997,32185,184,223,39,25,29,61,162,363,722,1439,2631,6206,13088,6992,67,95,153,210,277,445,642,797,1022,1609,2507,3699,5575,7513,5189,1803,248,90,245
Switzerland,1998,31604,153,185,32,18,24,42,165,338,688,1432,2428,6245,12586,7184,76,89,148,190,283,405,657,775,977,1451,2385,3860,5378,7208,5311,1873,203,66,262
Switzerland,1999,32211,146,183,37,20,29,61,165,352,657,1399,2524,6195,12623,7711,67,98,142,210,265,392,622,777,1001,1523,2314,3881,5242,7381,5695,2016,203,90,291
Switzerland,2000,32135,169,196,27,16,28,45,166,323,634,1500,2584,6076,12612,7659,69,97,113,210,270,364,600,900,1082,1502,2311,3765,5284,7328,5706,1953,212,73,292
Switzerland,2001,31397,149,188,39,17,23,49,135,331,646,1444,2463,5861,12106,7818,51,84,131,200,266,380,588,856,1011,1452,2203,3658,5140,6966,5768,2050,205,72,319
Switzerland,2002,32046,146,177,31,21,15,52,150,290,728,1429,2439,5898,12398,8108,76,74,116,174,297,431,592,837,1043,1396,2277,3621,5411,6987,5919,2189,198,67,346
Switzerland,2003,32821,142,168,26,15,22,47,124,301,655,1455,2483,5994,12609,8567,50,74,119,182,259,396,560,895,1058,1425,2282,3712,5723,6886,6217,2350,183,69,381
Switzerland,2004,31208,130,166,36,24,31,47,119,291,668,1357,2415,5688,11914,8111,55,64,122,169,271,397,541,816,1011,1404,2174,3514,5494,6420,5853,2258,190,78,375
Switzerland,2005,31375,130,150,20,16,18,54,133,268,688,1270,2442,5426,12145,8368,60,73,96,172,265,423,487,783,1098,1344,2074,3352,5697,6448,5975,2393,166,72,396
Switzerland,2006,31100,141,165,24,18,17,52,123,246,659,1382,2473,5463,11939,8166,55,68,98,148,253,406,555,827,1110,1363,2065,3398,5357,6582,5729,2437,183,69,401
Switzerland,2007,31621,140,164,24,15,19,45,128,222,614,1399,2527,5337,12282,8427,59,69,85,137,252,362,552,847,1143,1384,2071,3266,5494,6788,5761,2666,179,64,445
Switzerland,2008,31748,138,153,15,13,15,42,117,235,597,1308,2608,5259,12458,8482,49,68,95,140,232,365,545,763,1193,1415,2031,3228,5402,7056,5736,2746,166,57,464
Switzerland,2009,32577,143,166,23,18,18,41,105,194,607,1337,2631,5342,12858,8763,47,58,77,117,215,392,563,774,1130,1501,2065,3277,5429,7429,5844,2919,184,59,505
Switzerland,2010,32347,160,177,17,13,14,42,102,216,627,1359,2614,5159,12936,8582,38,64,82,134,230,397,566,793,1163,1451,1993,3166,5490,7446,5763,2819,190,56,510
Switzerland,2011,31954,136,156,20,16,16,29,115,200,637,1259,2689,5085,12577,8645,49,66,94,106,231,406,530,729,1110,1579,1952,3133,5193,7384,5930,2715,172,45,530
Switzerland,2012,33372,147,162,15,17,11,26,104,176,592,1366,2718,5110,13146,9371,41,63,71,105,206,386,567,799,1112,1606,2027,3083,5453,7693,6530,2841,179,37,578
Switzerland,2013,33842,138,154,16,12,15,35,83,200,565,1349,2683,5193,13138,9830,38,45,71,129,203,362,559,790,1090,1593,2096,3097,5330,7808,6970,2860,166,50,592
Switzerland,2014,32898,144,164,20,8,18,26,100,188,515,1316,2586,5180,12662,9552,43,57,83,105,188,327,545,771,1013,1573,2139,3041,5167,7495,6839,2713,172,44,584
Switzerland,2015,35015,140,163,23,15,19,28,73,192,524,1363,2666,5415,13186,10736,31,42,76,116,177,347,591,772,1038,1628,2223,3192,5310,7876,7662,3074,178,47,640
Switzerland,2016,33664,160,177,17,12,17,28,99,200,531,1307,2650,5325,12649,10075,40,59,88,112,187,344,530,777,1050,1600,2255,3070,5173,7476,7056,3019,189,45,596
Switzerland,2017,34614,133,151,18,11,16,28,91,194,471,1315,2513,5471,12970,10774,31,60,66,128,155,316,526,789,972,1541,2322,3149,5239,7731,7427,3347,162,44,609
Switzerland,2018,34845,134,164,30,13,18,35,95,171,491,1377,2639,5521,12792,10922,41,54,77,94,180,311,567,810,1102,1537,2310,3211,5132,7660,7451,3471,177,53,609
Switzerland,2019,35099,134,150,16,15,13,22,93,162,468,1260,2593,5789,12661,11239,46,47,69,93,173,295,500,760,1086,1507,2455,3334,5085,7576,7545,3694,165,35,636
Switzerland,2020,38460,141,162,21,14,16,29,87,197,467,1248,2609,6204,14120,12620,43,44,66,131,166,301,498,750,1096,1513,2504,3700,5521,8599,8552,4068,176,45,692
Switzerland,2021,35354,132,147,15,15,14,24,75,159,359,1234,2515,5923,12549,11612,29,46,73,86,131,228,432,802,1097,1418,2271,3652,5003,7546,7744,3868,162,38,727
Syria,1950,43066,14451,21634,7183,806,576,716,1524,1276,1358,1813,3270,5369,4016,689,796,728,644,632,663,695,859,954,1378,1892,2515,2854,2504,1512,579,110,22440,1292,11
Syria,1951,43365,14703,22046,7343,832,583,727,1577,1305,1369,1832,3198,5262,3947,676,820,757,667,638,668,701,866,966,1347,1851,2463,2799,2462,1485,568,108,22878,1310,11
Syria,1952,43176,14768,22077,7309,852,583,727,1613,1328,1370,1844,3111,5128,3871,664,833,780,689,639,666,704,862,982,1309,1802,2399,2729,2416,1455,556,108,22929,1310,10
Syria,1953,42802,14834,22094,7260,865,572,711,1613,1333,1350,1840,3004,4975,3781,649,829,784,699,634,651,699,847,993,1264,1740,2324,2651,2359,1422,545,104,22959,1283,10
Syria,1954,41662,14434,21282,6848,884,563,694,1605,1339,1335,1840,2918,4839,3711,639,819,786,709,630,639,696,836,1004,1232,1686,2258,2581,2313,1398,536,103,22166,1257,10
Syria,1955,40447,14065,20558,6493,875,545,664,1564,1327,1303,1821,2828,4693,3635,627,793,771,705,622,619,684,818,1003,1204,1624,2186,2507,2261,1374,527,100,21433,1209,10
Syria,1956,39544,13687,19868,6181,890,545,657,1558,1349,1292,1820,2785,4579,3570,618,784,774,718,631,613,679,816,1004,1206,1579,2130,2449,2217,1353,519,99,20758,1202,10
Syria,1957,38478,13332,19232,5900,883,533,635,1517,1342,1264,1790,2732,4440,3494,607,757,760,712,630,599,665,804,986,1211,1521,2060,2380,2163,1331,510,97,20115,1168,10
Syria,1958,37609,12987,18603,5616,888,539,628,1498,1361,1252,1775,2710,4323,3426,599,742,756,718,643,597,655,803,972,1230,1480,2002,2321,2117,1309,502,97,19491,1167,9
Syria,1959,36646,12655,18007,5352,874,537,612,1450,1354,1229,1750,2680,4197,3355,590,714,736,710,644,590,639,795,955,1241,1439,1939,2258,2067,1288,495,95,18881,1149,9
Syria,1960,35883,12359,17467,5108,876,546,607,1423,1363,1224,1736,2671,4088,3293,583,698,725,709,654,593,631,789,947,1248,1423,1884,2204,2024,1269,490,93,18343,1153,9
Syria,1961,35206,12073,16980,4907,875,549,600,1392,1364,1222,1723,2677,3992,3243,578,682,710,704,660,598,624,782,941,1246,1431,1834,2158,1991,1252,487,91,17855,1149,9
Syria,1962,34754,11858,16570,4712,889,561,607,1384,1384,1234,1722,2706,3914,3201,574,679,705,711,673,613,621,777,945,1245,1461,1795,2119,1962,1239,483,91,17459,1168,9
Syria,1963,34197,11702,16248,4546,878,555,604,1344,1367,1231,1706,2715,3822,3147,571,663,681,698,669,617,614,763,943,1228,1487,1752,2070,1926,1221,480,91,17126,1159,9
Syria,1964,33934,11597,15994,4397,889,561,622,1337,1380,1250,1706,2748,3762,3107,569,663,674,700,680,633,617,757,949,1225,1523,1730,2032,1900,1207,478,91,16883,1183,9
Syria,1965,33692,11529,15789,4260,893,567,638,1325,1380,1272,1699,2773,3719,3066,563,661,664,695,685,648,624,748,951,1223,1550,1725,1994,1872,1194,473,90,16682,1205,9
Syria,1966,33580,11454,15577,4123,909,582,664,1337,1396,1311,1702,2798,3713,3026,558,673,664,697,699,669,642,748,954,1231,1567,1753,1960,1846,1180,470,88,16486,1246,8
Syria,1967,33029,11352,15333,3981,874,566,654,1298,1352,1312,1667,2766,3682,2966,551,658,640,669,683,667,645,732,935,1219,1547,1776,1906,1806,1160,463,88,16207,1220,8
Syria,1968,32739,11223,15055,3832,875,570,661,1300,1341,1330,1654,2770,3699,2927,548,666,634,659,682,672,658,729,925,1227,1543,1823,1876,1779,1148,460,88,15930,1231,8
Syria,1969,32543,11117,14801,3684,879,575,669,1319,1332,1356,1653,2780,3736,2891,544,686,633,650,682,681,675,734,919,1237,1543,1874,1862,1754,1137,456,88,15680,1244,8
Syria,1970,32199,10978,14494,3516,880,575,674,1330,1313,1371,1642,2772,3758,2841,537,700,630,637,676,684,687,736,906,1234,1538,1903,1855,1721,1120,450,87,15374,1249,8
Syria,1971,31278,10733,14103,3370,809,532,636,1261,1221,1329,1599,2717,3752,2782,533,671,590,590,631,655,674,724,875,1202,1515,1889,1863,1679,1103,446,87,14912,1168,8
Syria,1972,31115,10495,13763,3268,808,529,640,1268,1208,1361,1627,2745,3843,2776,535,679,589,583,625,665,696,748,879,1206,1539,1909,1934,1673,1103,448,87,14571,1169,8
Syria,1973,30970,10253,13380,3127,800,521,653,1307,1227,1440,1679,2758,3910,2753,533,698,609,590,637,702,738,788,891,1202,1556,1913,1997,1659,1094,446,87,14180,1174,8
Syria,1974,30502,10029,13017,2988,796,513,638,1275,1166,1400,1685,2758,3978,2745,532,674,601,564,602,669,731,797,888,1188,1570,1918,2060,1658,1087,445,87,13813,1151,8
Syria,1975,30660,9833,12676,2843,845,536,670,1344,1196,1459,1763,2804,4074,2759,530,708,636,581,615,693,766,843,920,1202,1602,1947,2127,1680,1079,443,87,13521,1206,8
Syria,1976,30466,9639,12345,2706,841,530,668,1353,1181,1470,1815,2808,4127,2793,526,710,643,577,604,689,781,872,943,1198,1610,1969,2158,1724,1069,440,86,13186,1198,8
Syria,1977,31315,9437,11978,2541,989,615,766,1553,1316,1599,1973,2908,4241,2855,518,815,738,649,667,748,851,952,1021,1249,1659,2037,2204,1796,1059,434,84,12967,1381,8
Syria,1978,28166,9161,11596,2435,610,400,508,1074,948,1290,1751,2612,4012,2837,519,560,514,463,485,577,713,831,920,1106,1506,1916,2096,1801,1036,433,86,12206,908,8
Syria,1979,27869,8873,11190,2317,599,393,497,1058,940,1281,1805,2618,4055,2909,516,552,506,465,475,564,717,852,953,1118,1500,1942,2113,1866,1043,432,84,11789,890,8
Syria,1980,27529,8567,10754,2187,579,386,485,1038,929,1269,1855,2629,4098,2983,515,541,497,464,465,553,716,869,986,1135,1494,1962,2136,1922,1061,431,84,11333,871,8
Syria,1981,30371,8653,11485,2832,936,518,590,1240,1088,1445,2111,2887,4400,3147,519,644,596,551,537,630,815,989,1122,1272,1615,2114,2286,2026,1121,434,85,12421,1108,8
Syria,1982,34416,9064,13103,4039,1446,681,693,1439,1243,1651,2395,3189,4734,3308,522,744,695,634,609,721,930,1124,1271,1432,1757,2276,2458,2116,1192,437,85,14549,1374,8
Syria,1983,26450,7653,9469,1816,525,358,458,988,906,1216,1961,2720,4171,3162,508,508,480,455,451,522,694,899,1062,1227,1493,1959,2212,1980,1182,425,83,9994,816,8
Syria,1984,25275,7426,9148,1722,437,304,391,851,806,1102,1859,2641,4069,3177,489,434,417,399,407,469,633,841,1018,1197,1444,1886,2183,1964,1213,407,82,9585,695,8
Syria,1985,26331,7226,8856,1630,514,350,463,995,931,1203,2024,2867,4273,3332,514,509,486,459,472,520,683,913,1111,1313,1554,1974,2299,2055,1277,430,84,9370,813,8
Syria,1986,26071,7039,8600,1561,486,336,449,965,919,1173,2013,2918,4276,3388,538,493,472,450,469,508,665,897,1116,1333,1585,1964,2312,2088,1300,453,85,9086,785,8
Syria,1987,26256,6824,8323,1499,489,341,459,994,953,1194,2058,3043,4348,3482,568,509,485,466,487,522,672,908,1150,1385,1658,1997,2351,2152,1330,481,87,8812,800,8
Syria,1988,25983,6564,8004,1440,463,328,444,967,934,1181,2041,3109,4358,3548,595,496,471,456,478,520,661,889,1152,1404,1705,2007,2351,2198,1350,506,89,8467,772,8
Syria,1989,26212,6276,7655,1379,474,337,457,1010,974,1224,2084,3254,4457,3653,627,520,490,477,497,548,676,901,1183,1461,1793,2069,2388,2267,1386,533,94,8129,794,8
Syria,1990,26486,6032,7349,1317,484,344,470,1050,1012,1270,2124,3399,4569,3756,649,541,509,496,516,577,693,912,1212,1519,1880,2146,2423,2330,1426,552,97,7833,814,8
Syria,1991,26155,5760,7007,1247,453,327,448,1013,990,1258,2088,3446,4625,3820,671,520,493,483,507,575,683,891,1197,1529,1917,2199,2426,2359,1461,566,105,7460,775,8
Syria,1992,26550,5561,6738,1177,465,334,463,1061,1033,1313,2131,3592,4795,3925,694,543,518,503,530,605,708,910,1221,1588,2004,2315,2480,2409,1516,582,112,7203,797,8
Syria,1993,27323,5444,6553,1109,491,351,495,1145,1108,1395,2203,3778,5026,4046,717,584,561,538,570,643,752,945,1258,1664,2114,2461,2565,2469,1577,599,118,7044,846,8
Syria,1994,28128,5287,6329,1042,520,372,532,1237,1197,1495,2281,3971,5285,4159,741,628,609,582,615,685,810,985,1296,1740,2231,2616,2669,2525,1634,617,124,6849,904,9
Syria,1995,28184,5094,6080,986,498,364,522,1229,1200,1526,2275,4039,5459,4219,762,618,611,582,618,693,833,988,1287,1752,2287,2712,2747,2547,1672,634,128,6578,886,9
Syria,1996,29055,4887,5822,935,523,385,560,1327,1295,1637,2368,4229,5770,4331,790,665,662,630,665,742,895,1037,1331,1821,2408,2868,2902,2610,1721,658,132,6345,945,10
Syria,1997,29947,4674,5564,890,547,407,597,1429,1395,1755,2472,4409,6102,4443,820,714,715,683,712,795,960,1092,1380,1884,2525,3025,3077,2682,1761,684,136,6111,1004,10
Syria,1998,31002,4508,5354,846,576,432,639,1542,1509,1877,2601,4593,6455,4567,848,770,772,743,766,854,1023,1164,1437,1948,2645,3188,3267,2769,1798,709,139,5930,1071,11
Syria,1999,30786,4363,5170,807,529,400,597,1465,1471,1857,2599,4568,6621,4628,868,728,737,724,747,844,1013,1179,1420,1916,2652,3249,3372,2819,1809,726,142,5699,997,11
Syria,2000,30631,4242,5012,770,495,376,567,1405,1445,1845,2600,4528,6764,4699,884,696,709,711,734,834,1011,1195,1405,1883,2645,3299,3465,2885,1814,738,146,5507,943,12
Syria,2001,29545,4229,4977,748,435,329,504,1263,1333,1733,2475,4277,6645,4676,884,624,639,653,680,777,956,1148,1327,1760,2517,3213,3432,2892,1784,735,149,5412,833,12
Syria,2002,29683,4177,4908,731,420,316,490,1237,1328,1736,2490,4241,6778,4821,906,608,629,648,680,775,961,1163,1327,1741,2500,3258,3520,3007,1814,750,156,5328,806,12
Syria,2003,29210,4135,4849,714,377,282,452,1152,1264,1679,2436,4096,6770,4921,919,563,589,611,653,745,934,1132,1304,1679,2417,3225,3545,3087,1834,758,161,5226,734,13
Syria,2004,30889,4118,4828,710,402,300,481,1239,1376,1816,2635,4305,7221,5304,969,602,637,662,714,806,1010,1213,1422,1774,2531,3417,3804,3344,1960,797,172,5230,781,14
Syria,2005,31084,4130,4837,707,381,284,458,1205,1357,1811,2666,4257,7310,5507,997,583,622,647,710,802,1009,1215,1451,1759,2498,3423,3887,3471,2036,816,181,5218,742,15
Syria,2006,30058,4143,4851,708,346,259,413,1114,1266,1709,2548,3993,7042,5507,994,538,576,599,667,756,953,1153,1395,1655,2338,3253,3789,3449,2058,813,181,5197,672,15
Syria,2007,30631,4404,5128,724,331,248,400,1147,1303,1736,2579,3957,7075,5685,1025,551,596,619,684,774,962,1163,1416,1650,2307,3222,3853,3540,2145,836,189,5459,648,16
Syria,2008,33462,4700,5455,755,354,261,428,1308,1495,1959,2862,4319,7643,6247,1113,623,685,713,782,882,1077,1296,1566,1832,2487,3447,4196,3881,2366,909,204,5809,689,18
Syria,2009,33206,4559,5333,774,344,251,394,1220,1437,1921,2823,4274,7548,6479,1165,575,645,683,754,865,1056,1279,1544,1839,2435,3371,4177,4000,2479,951,214,5677,645,19
Syria,2010,34388,4496,5296,800,351,253,394,1230,1484,2009,2944,4457,7773,6914,1257,573,657,705,779,907,1102,1334,1610,1947,2510,3447,4326,4247,2667,1029,228,5647,647,21
Syria,2011,36750,4565,5621,1056,465,295,429,1329,1620,2204,3161,4753,8090,7390,1368,611,718,770,850,1000,1204,1434,1727,2106,2647,3577,4513,4517,2873,1123,245,6086,724,23
Syria,2012,54992,6337,11085,4748,2131,898,915,2560,2883,3656,4551,6420,9894,8442,1531,1169,1391,1404,1479,1714,1942,2119,2432,2923,3497,4487,5407,5184,3258,1264,267,13216,1813,25
Syria,2013,63004,6743,13050,6307,3010,1204,1116,2904,3366,4350,5249,7302,10674,9084,1665,1311,1593,1627,1739,2039,2311,2455,2794,3336,3966,4902,5772,5541,3543,1378,287,16060,2320,27
Syria,2014,63471,5766,11907,6141,3211,1289,1099,2467,3166,4431,5507,7801,11010,9726,1829,1108,1359,1485,1681,2041,2390,2557,2950,3532,4269,5091,5919,5850,3876,1516,313,15118,2388,29
Syria,2015,56110,4521,9055,4534,2589,1090,921,1770,2517,3855,5049,7393,10317,9618,1905,813,957,1138,1379,1733,2122,2321,2728,3302,4091,4774,5543,5660,3958,1575,330,11644,2011,30
Syria,2016,53051,3959,7618,3659,2299,1014,872,1472,2207,3623,4902,7350,10077,9589,1996,715,757,970,1237,1599,2024,2247,2655,3250,4100,4686,5391,5533,4056,1646,350,9917,1886,31
Syria,2017,40807,2905,3885,980,657,413,545,976,1567,2830,3988,6093,8734,9033,2050,510,466,653,914,1249,1581,1820,2168,2646,3447,4000,4734,5065,3968,1684,366,4542,958,32
Syria,2018,40893,2842,3691,849,593,409,533,902,1395,2671,3995,6278,9017,9189,2187,499,403,573,822,1151,1520,1815,2180,2718,3560,4178,4839,5109,4080,1794,393,4284,942,34
Syria,2019,41267,2977,3639,662,451,367,514,930,1306,2557,4030,6438,9382,9306,2315,524,406,537,769,1084,1473,1825,2205,2784,3654,4410,4972,5172,4134,1895,420,4090,881,37
Syria,2020,43420,3231,3940,709,448,380,483,948,1242,2571,4332,7191,10217,9247,2382,531,417,503,739,1071,1500,1946,2386,3082,4109,4984,5233,5244,4003,1942,440,4388,863,39
Syria,2021,46992,3357,4054,697,394,373,515,1086,1281,2698,4690,7880,11165,10151,2662,603,483,517,764,1111,1587,2096,2594,3401,4479,5480,5685,5720,4431,2172,490,4448,888,44
Taiwan,1950,40081,9400,19049,9649,979,504,564,1374,1736,1815,2715,4431,4975,1908,32,722,652,840,896,907,908,1197,1518,1985,2446,2656,2319,1709,199,26,6,20028,1068,0
Taiwan,1951,40458,9523,19143,9620,983,506,587,1419,1779,1873,2737,4434,4929,2014,49,745,674,857,922,943,930,1227,1510,1978,2456,2650,2279,1662,352,29,20,20126,1093,4
Taiwan,1952,40371,9366,19012,9646,958,486,596,1435,1788,1912,2751,4416,4899,2066,50,748,687,860,928,976,936,1259,1492,1952,2464,2632,2267,1574,492,28,22,19970,1082,7
Taiwan,1953,40252,9128,18697,9569,968,477,615,1464,1806,1960,2788,4414,4912,2094,46,758,706,870,936,1017,943,1301,1487,1932,2482,2631,2281,1492,602,25,21,19665,1092,7
Taiwan,1954,39851,8823,18158,9335,971,465,628,1485,1825,2015,2829,4396,4926,2096,52,764,721,880,945,1056,959,1339,1490,1909,2487,2633,2293,1439,657,35,17,19129,1093,7
Taiwan,1955,39157,8484,17456,8972,991,456,631,1482,1818,2035,2845,4355,4927,2081,75,761,721,880,938,1068,967,1353,1492,1881,2474,2632,2295,1413,668,63,12,18447,1087,5
Taiwan,1956,38530,8101,16675,8574,1027,449,636,1493,1829,2072,2883,4324,4960,2076,101,766,727,888,941,1081,991,1367,1516,1863,2461,2652,2308,1416,660,93,8,17702,1085,4
Taiwan,1957,38247,7691,15937,8246,1072,453,645,1518,1868,2144,2961,4345,5067,2102,131,782,736,911,957,1104,1040,1388,1573,1872,2473,2715,2352,1454,648,126,5,17009,1098,3
Taiwan,1958,37583,7244,15041,7797,1096,455,644,1531,1891,2189,3008,4324,5126,2121,156,794,737,926,965,1110,1079,1389,1619,1868,2456,2751,2375,1489,632,151,5,16137,1099,2
Taiwan,1959,36563,6883,13979,7096,1016,444,643,1745,1902,2115,2927,4297,5168,2151,170,888,857,933,969,1014,1101,1291,1636,1867,2430,2768,2400,1522,629,166,4,14995,1087,1
Taiwan,1960,35549,6262,12698,6436,1085,436,683,1755,1882,2179,2975,4283,5200,2191,187,905,850,929,953,1059,1120,1317,1658,1877,2406,2771,2429,1552,639,175,12,13783,1119,1
Taiwan,1961,35593,6452,12591,6139,1061,456,644,1650,1849,2244,3004,4326,5287,2269,207,813,837,894,955,1067,1177,1345,1659,1916,2410,2794,2493,1602,667,185,22,13652,1100,3
Taiwan,1962,35104,6340,11510,5170,1038,456,678,1666,1823,2325,3073,4463,5447,2388,229,910,756,901,922,1096,1229,1367,1706,2015,2448,2846,2601,1674,714,196,33,12548,1134,5
Taiwan,1963,34422,5796,10667,4871,951,509,627,1666,1933,2383,3096,4449,5438,2447,248,822,844,894,1039,1050,1333,1472,1624,2028,2421,2807,2631,1703,744,203,45,11618,1136,8
Taiwan,1964,33081,5120,9354,4234,821,482,627,1666,1847,2289,3125,4551,5491,2544,269,803,863,880,967,1094,1195,1439,1686,2109,2442,2807,2684,1757,787,216,53,10175,1109,11
Taiwan,1965,31883,5072,8308,3236,718,466,621,1579,1789,2262,3165,4569,5480,2626,290,773,806,891,898,1029,1233,1499,1666,2117,2452,2781,2699,1803,823,231,59,9026,1087,14
Taiwan,1966,32717,4719,7675,2956,744,510,694,1533,1898,2429,3406,4868,5758,2855,328,770,763,908,990,1181,1248,1607,1799,2248,2620,2908,2850,1952,903,261,67,8419,1204,17
Taiwan,1967,32615,4558,7390,2832,815,526,645,1485,1855,2444,3494,4902,5738,2948,354,717,768,862,993,1150,1294,1695,1799,2222,2680,2889,2849,2009,939,281,73,8205,1171,20
Taiwan,1968,32659,4152,6658,2506,772,526,647,1425,1799,2417,3675,5166,6000,3182,369,687,738,870,929,1057,1360,1777,1898,2289,2877,3019,2981,2163,1019,304,65,7430,1173,18
Taiwan,1969,30676,3778,5987,2209,599,461,630,1278,1732,2397,3498,4926,5689,3105,360,619,659,831,901,1107,1290,1652,1846,2157,2769,2867,2822,2100,1005,303,57,6586,1091,14
Taiwan,1970,29014,3237,5115,1878,527,432,601,1183,1568,2120,3398,4890,5645,3154,374,594,589,763,805,959,1161,1555,1843,2133,2757,2858,2787,2115,1039,317,57,5642,1033,12
Taiwan,1971,29511,3027,4822,1795,510,358,591,1100,1475,2254,3583,5332,5926,3180,371,544,556,656,819,1012,1242,1588,1995,2392,2940,3202,2724,2128,1052,317,54,5332,949,10
Taiwan,1972,29721,2626,4199,1573,446,393,611,1250,1525,2257,3449,5467,6074,3583,456,651,599,713,812,1010,1247,1494,1955,2373,3094,3078,2996,2350,1233,387,69,4645,1004,10
Taiwan,1973,30209,2522,4008,1486,442,406,633,1215,1503,2296,3537,5248,6499,3877,534,650,565,614,889,1012,1284,1561,1976,2317,2931,3344,3155,2493,1384,452,82,4450,1039,10
Taiwan,1974,30156,2324,3651,1327,466,340,597,1205,1432,2326,3597,5236,6661,4040,594,646,559,634,798,1045,1281,1571,2026,2423,2813,3408,3253,2561,1479,501,93,4117,937,10
Taiwan,1975,30252,2222,3441,1219,382,375,608,1197,1406,2277,3688,5534,6737,4003,594,669,528,592,814,1001,1276,1657,2031,2700,2834,3488,3249,2539,1464,500,94,3823,983,10
Taiwan,1976,30431,2148,3256,1108,373,306,574,1257,1311,2277,3711,5639,6962,4120,634,736,521,552,759,1005,1272,1664,2047,2554,3085,3529,3433,2605,1515,534,100,3629,880,10
Taiwan,1977,31373,2012,3069,1057,375,327,571,1270,1252,2333,3906,5930,7251,4355,725,686,584,544,708,1037,1296,1798,2108,2738,3192,3660,3591,2720,1635,606,119,3444,898,12
Taiwan,1978,31105,1903,2894,991,380,334,538,1274,1254,2240,3998,6091,7109,4243,739,711,563,561,693,997,1243,1768,2230,2723,3368,3441,3668,2640,1603,616,123,3274,872,13
Taiwan,1979,32321,1857,2810,953,356,312,652,1352,1243,2442,3888,6209,7494,4670,879,713,639,574,669,1107,1335,1749,2139,2694,3515,3624,3870,2877,1793,725,154,3166,964,17
Taiwan,1980,33292,1810,2743,933,326,316,580,1417,1277,2376,4255,6576,7542,4902,959,749,668,591,686,985,1391,1893,2362,2828,3748,3571,3971,3020,1882,785,174,3069,896,20
Taiwan,1981,34681,1659,2529,870,300,322,544,1410,1271,2267,4090,7055,8237,5507,1124,703,707,589,682,925,1342,1785,2305,3000,4055,4080,4157,3394,2113,911,213,2829,866,25
Taiwan,1982,34538,1491,2285,794,312,287,595,1340,1322,2222,4097,6846,8322,5687,1199,675,665,644,678,906,1316,1792,2305,2891,3955,4262,4060,3530,2157,960,239,2597,882,28
Taiwan,1983,35981,1316,2037,721,343,291,501,1408,1298,2296,4200,7081,8969,6192,1335,682,726,607,691,893,1403,1750,2450,2990,4091,4702,4267,3861,2331,1063,272,2380,792,32
Taiwan,1984,35017,1152,1797,645,336,249,464,1315,1336,2201,4067,6928,8870,6065,1349,655,660,655,681,860,1341,1692,2375,2972,3956,4740,4130,3765,2300,1069,280,2133,713,35
Taiwan,1985,35890,1074,1705,631,292,265,440,1312,1497,2089,4081,6867,9469,6364,1465,643,669,760,737,815,1274,1735,2346,3021,3846,5103,4366,3878,2486,1156,309,1997,705,41
Taiwan,1986,36897,913,1480,567,291,239,507,1294,1525,2086,3983,7241,10077,6560,1560,646,648,767,758,820,1266,1729,2254,3150,4091,5333,4744,3879,2681,1223,337,1771,746,51
Taiwan,1987,37012,776,1251,475,317,241,504,1295,1585,1979,3971,7161,10509,6529,1603,622,673,786,799,812,1167,1719,2252,3121,4040,5433,5076,3725,2804,1245,358,1568,745,63
Taiwan,1988,39035,829,1302,473,265,283,505,1302,1627,2008,4118,7421,11356,6992,1784,620,682,799,828,784,1224,1838,2280,3254,4167,5480,5876,3878,3114,1370,414,1567,788,65
Taiwan,1989,38875,818,1263,445,270,307,494,1352,1784,2063,3912,7548,11468,6607,1750,619,733,831,953,875,1188,1689,2223,3194,4354,5329,6139,3683,2924,1328,422,1533,801,58
Taiwan,1990,39477,794,1196,402,262,274,490,1309,1816,2050,3994,7528,11991,6691,1823,591,718,823,993,968,1082,1674,2320,3182,4346,5266,6725,3909,2782,1387,436,1458,764,60
Taiwan,1991,39466,749,1114,365,245,267,442,1236,1784,2079,3991,7507,11919,6936,1879,553,683,779,1005,940,1139,1727,2264,3214,4293,5248,6671,4361,2575,1452,427,1359,709,68
Taiwan,1992,41278,753,1106,353,236,266,460,1142,1729,2222,3919,7656,12332,8009,2119,511,631,776,953,1060,1162,1615,2304,3242,4414,5516,6816,5286,2723,1656,463,1342,726,85
Taiwan,1993,41161,733,1066,333,211,261,461,1196,1783,2348,4026,7625,11704,8310,2081,539,657,804,979,1137,1211,1590,2436,3228,4397,5388,6316,5629,2681,1624,457,1277,722,87
Taiwan,1994,42038,755,1075,320,179,238,473,1187,1741,2431,4031,7526,11851,9031,2179,535,652,745,996,1199,1232,1598,2433,3199,4327,5491,6360,6068,2963,1678,501,1254,711,93
Taiwan,1995,44611,897,1244,347,165,241,483,1120,1780,2591,3991,7933,12439,10158,2363,534,586,808,972,1293,1298,1545,2446,3345,4588,5864,6575,6611,3547,1785,578,1409,724,98
Taiwan,1996,45435,933,1272,339,172,224,475,1051,1774,2692,4051,7931,12492,10714,2472,468,583,751,1023,1284,1408,1615,2436,3405,4526,5872,6620,6645,4069,1837,635,1444,699,114
Taiwan,1997,45175,919,1243,324,164,208,465,971,1699,2747,3812,7920,12307,10938,2553,434,537,711,988,1298,1449,1547,2265,3302,4618,5703,6604,6487,4451,1898,655,1407,673,148
Taiwan,1998,46479,822,1122,300,166,182,412,920,1701,2788,3847,8203,12420,11628,2922,445,475,691,1010,1294,1494,1604,2243,3467,4736,5909,6511,6648,4980,2179,743,1288,594,162
Taiwan,1999,48068,747,1015,268,219,230,412,973,1714,2979,3948,8135,13040,11931,3317,476,497,712,1002,1330,1649,1685,2263,3518,4617,6269,6771,6738,5193,2476,841,1234,642,156
Taiwan,2000,47257,728,987,259,138,155,354,913,1573,2988,3856,7765,12924,11761,3689,445,468,653,920,1313,1675,1673,2183,3260,4505,6007,6917,6679,5082,2726,963,1125,509,154
Taiwan,2001,47772,673,914,241,130,129,343,841,1527,2959,4029,7795,13058,11828,4048,430,411,607,920,1270,1689,1788,2241,3272,4523,6126,6932,6840,4988,2909,1139,1044,472,169
Taiwan,2002,48616,606,825,219,122,113,287,851,1455,2897,3971,7755,13387,12557,4200,400,451,571,884,1232,1665,1874,2097,3148,4607,6177,7210,7254,5303,3015,1185,947,400,199
Taiwan,2003,50562,531,719,188,135,128,276,829,1453,2898,4254,7825,13726,13577,4499,385,444,582,871,1197,1701,2067,2187,3124,4701,6200,7526,7798,5779,3238,1261,854,404,237
Taiwan,2004,51278,522,701,179,119,130,251,839,1418,3062,4333,7554,13393,14369,4839,390,449,570,848,1305,1757,2186,2147,2998,4556,6056,7337,8158,6211,3494,1345,820,381,275
Taiwan,2005,53408,481,641,160,116,123,274,947,1472,2947,4666,7339,13778,15414,5373,417,530,624,848,1214,1733,2315,2351,2896,4443,6046,7732,8634,6780,3891,1482,757,397,313
Taiwan,2006,52390,436,575,139,98,109,216,873,1370,2880,4821,7077,13301,15198,5551,361,512,573,797,1254,1626,2332,2489,2875,4202,5839,7462,8406,6792,4011,1540,673,325,321
Taiwan,2007,55050,423,555,132,100,85,192,831,1311,2905,4940,7160,13403,16655,6524,339,492,570,741,1179,1726,2363,2577,2932,4228,5858,7545,9035,7620,4684,1840,655,277,391
Taiwan,2008,56804,405,529,124,89,91,191,757,1350,2918,4856,6979,13468,17554,7522,299,458,589,761,1188,1730,2266,2590,2955,4024,5887,7581,9316,8238,5331,2191,618,282,501
Taiwan,2009,57417,350,458,108,102,98,207,770,1254,2849,5155,7028,13101,17587,8221,289,481,569,685,1201,1648,2295,2860,3024,4004,5637,7464,9185,8402,5705,2516,560,305,584
Taiwan,2010,58769,307,404,97,69,89,178,628,1254,2827,5241,6751,12997,18118,9479,225,403,574,680,1135,1692,2271,2970,2990,3761,5523,7474,9266,8852,6393,3086,473,267,733
Taiwan,2011,62015,367,467,100,59,86,185,579,1312,2658,5389,7089,13230,18996,11017,235,344,583,729,1051,1607,2403,2986,3197,3892,5560,7670,9569,9427,7205,3812,526,271,951
Taiwan,2012,63370,385,478,93,77,83,170,651,1363,2754,5291,7568,13321,19338,11185,258,393,606,757,1047,1707,2263,3028,3494,4074,5587,7734,9742,9596,7316,3869,555,253,1093
Taiwan,2013,62632,347,429,82,74,90,161,508,1251,2630,5443,7635,13229,19039,10967,217,291,539,712,1002,1628,2355,3088,3623,4012,5675,7554,9600,9439,7186,3781,503,251,1174
Taiwan,2014,65824,354,434,80,72,65,152,475,1293,2617,5700,8170,13744,20091,11680,188,287,520,773,1015,1602,2417,3283,3927,4243,5779,7965,10097,9994,7658,4022,506,217,1332
Taiwan,2015,65243,384,468,84,38,58,139,508,1219,2576,5346,8347,13586,19957,11613,213,295,488,731,1002,1574,2341,3005,4076,4271,5701,7885,10027,9930,7623,3990,506,197,1383
Taiwan,2016,68462,364,444,80,57,60,143,469,1299,2537,5605,8797,13914,21173,12449,205,264,493,806,1007,1530,2382,3223,4189,4608,5750,8164,10596,10577,8172,4277,501,203,1516
Taiwan,2017,68971,342,424,82,48,62,151,474,1210,2471,5411,8892,14058,21460,12735,212,262,464,746,1022,1449,2256,3155,4200,4692,5888,8170,10700,10760,8356,4379,472,213,1571
Taiwan,2018,68493,322,401,79,49,49,123,431,1184,2566,5468,9291,13743,21122,12506,194,237,426,758,1058,1508,2263,3205,4274,5017,5747,7996,10544,10578,8203,4303,450,172,1556
Taiwan,2019,70338,308,385,77,46,63,141,453,1092,2488,5353,9556,14018,21929,13162,214,239,404,688,1005,1483,2256,3097,4344,5212,5932,8086,10904,11025,8614,4548,431,204,1650
Taiwan,2020,71637,301,375,74,44,58,127,430,1035,2490,5281,9785,14344,22386,13566,200,230,378,657,1019,1471,2209,3072,4305,5480,6160,8184,11108,11278,8862,4704,419,185,1713
Taiwan,2021,73449,295,366,71,43,56,112,404,975,2492,5178,9974,15009,23058,14001,184,220,355,620,1020,1472,2150,3028,4254,5720,6606,8403,11468,11590,9133,4868,409,168,1779
Tajikistan,1950,10928,4396,5656,1260,117,140,169,388,363,534,727,1152,1050,493,131,212,176,155,208,231,303,358,369,599,553,558,492,289,204,98,33,5773,309,7
Tajikistan,1951,11548,4595,5993,1398,122,140,177,425,379,549,777,1206,1128,513,131,228,197,164,215,239,310,388,389,603,603,597,531,317,196,97,34,6115,317,8
Tajikistan,1952,12109,4921,6391,1470,113,134,182,450,387,556,823,1228,1178,530,129,234,216,174,213,246,310,407,416,579,649,624,554,347,183,97,32,6504,316,8
Tajikistan,1953,12695,5249,6802,1553,161,121,188,468,392,560,868,1236,1222,549,122,236,232,188,204,252,308,416,452,542,694,649,573,376,173,91,31,6963,309,8
Tajikistan,1954,13322,5554,7194,1640,151,111,194,491,409,573,927,1265,1303,586,113,241,250,207,202,261,312,429,498,528,737,697,606,410,176,86,27,7345,305,7
Tajikistan,1955,13811,5842,7565,1723,167,97,194,500,418,571,959,1263,1360,610,103,241,259,219,199,263,308,429,530,521,742,731,629,430,180,78,25,7732,291,6
Tajikistan,1956,14328,6118,7926,1808,175,89,189,508,435,573,985,1270,1434,640,95,242,266,234,201,261,312,426,559,537,733,779,655,450,190,73,22,8101,278,4
Tajikistan,1957,14882,6381,8270,1889,193,90,179,517,463,575,1013,1282,1530,680,88,248,269,252,211,255,320,427,586,576,706,844,686,473,207,68,20,8463,269,3
Tajikistan,1958,15367,6628,8591,1963,201,95,163,521,489,574,1024,1290,1620,712,81,253,268,266,223,247,327,423,601,626,664,903,717,489,223,64,17,8792,258,3
Tajikistan,1959,15694,6850,8883,2033,201,103,142,516,509,560,1011,1291,1667,733,77,253,263,275,234,234,326,412,599,667,624,925,742,499,234,62,15,9084,245,2
Tajikistan,1960,16096,7042,9140,2098,212,113,127,510,531,555,1010,1326,1719,769,78,250,260,284,247,229,326,411,599,709,617,935,784,522,247,63,15,9352,240,2
Tajikistan,1961,16443,7178,9331,2153,219,122,118,505,557,553,1008,1383,1760,804,81,243,262,292,265,230,323,413,595,749,634,924,836,546,258,68,13,9550,240,1
Tajikistan,1962,16718,7254,9450,2196,223,129,116,495,572,552,1010,1452,1785,842,85,229,266,292,280,239,313,420,590,777,675,884,901,570,272,74,11,9673,245,1
Tajikistan,1963,16961,7274,9496,2222,238,136,120,483,592,560,1019,1534,1801,886,95,209,274,293,299,255,305,430,589,797,737,833,968,599,287,82,13,9734,256,2
Tajikistan,1964,17085,7250,9482,2232,247,141,135,462,602,564,1016,1602,1801,929,105,186,276,290,312,271,293,435,581,806,796,795,1006,629,300,89,16,9729,276,2
Tajikistan,1965,17298,7202,9426,2224,259,148,150,447,624,583,1033,1683,1835,998,113,169,278,295,329,293,290,444,589,821,862,801,1034,678,320,96,17,9685,298,3
Tajikistan,1966,17349,7151,9351,2200,267,153,161,427,631,600,1028,1718,1834,1054,120,156,271,296,335,309,291,439,589,812,906,821,1013,721,333,101,19,9618,314,3
Tajikistan,1967,17453,7114,9284,2170,269,161,172,411,638,633,1027,1750,1847,1131,125,156,255,300,338,329,304,428,599,808,942,878,969,782,349,106,19,9553,333,3
Tajikistan,1968,17580,7099,9234,2135,278,167,181,399,647,673,1023,1767,1870,1209,134,164,235,309,338,350,323,412,611,801,966,957,913,840,369,112,22,9512,348,3
Tajikistan,1969,17628,7104,9206,2102,269,172,184,389,644,703,1009,1757,1898,1253,141,180,209,311,333,363,340,395,614,787,970,1027,871,867,386,118,23,9475,356,4
Tajikistan,1970,17835,7108,9181,2073,268,180,194,389,648,744,1015,1773,1987,1303,151,199,190,312,336,380,364,390,625,792,981,1107,880,886,417,127,24,9449,374,4
Tajikistan,1971,17931,7083,9127,2044,264,185,201,392,641,773,1010,1772,2082,1318,158,213,179,304,337,387,386,392,618,796,976,1169,913,871,447,134,24,9391,386,4
Tajikistan,1972,18022,7031,9046,2015,256,190,210,401,631,803,1010,1783,2200,1324,168,225,176,288,343,392,411,407,603,811,972,1218,982,837,487,141,27,9302,400,4
Tajikistan,1973,18365,6915,8868,1953,261,200,226,436,639,856,1054,1862,2409,1366,185,245,191,275,364,405,451,448,606,860,1002,1298,1111,820,546,154,31,9129,426,4
Tajikistan,1974,18371,6853,8746,1893,255,201,235,462,613,875,1056,1862,2513,1353,194,252,210,245,368,403,472,474,582,869,993,1313,1200,789,564,162,32,9001,436,4
Tajikistan,1975,18550,6838,8684,1846,250,202,245,494,593,899,1081,1884,2627,1378,207,263,231,223,370,405,494,508,573,883,1001,1330,1297,805,573,174,33,8934,447,4
Tajikistan,1976,18812,6865,8685,1820,268,202,255,526,575,920,1125,1898,2717,1412,223,277,249,211,364,410,510,544,581,883,1015,1338,1379,847,565,188,35,8953,457,5
Tajikistan,1977,19138,6916,8724,1808,250,202,264,558,561,943,1196,1918,2800,1469,241,293,265,212,349,422,521,585,611,871,1047,1348,1452,925,544,206,35,8974,466,5
Tajikistan,1978,19612,7047,8866,1819,257,204,273,591,548,967,1286,1934,2871,1547,263,309,282,223,325,439,528,629,657,851,1083,1359,1512,1024,523,224,39,9123,477,5
Tajikistan,1979,20045,7226,9076,1850,253,202,277,615,542,975,1367,1934,2901,1628,274,322,293,247,295,447,528,663,704,827,1107,1360,1541,1116,512,234,40,9329,479,5
Tajikistan,1980,20806,7430,9329,1899,259,207,284,652,550,1004,1480,1988,3001,1767,279,342,310,276,274,460,544,710,770,837,1151,1402,1599,1231,536,238,41,9588,491,4
Tajikistan,1981,21392,7621,9568,1947,260,212,286,684,558,1011,1569,2020,3058,1890,272,357,327,298,260,456,555,738,831,859,1161,1437,1621,1319,571,231,41,9828,498,3
Tajikistan,1982,21746,7790,9776,1986,251,209,283,703,568,993,1628,2021,3074,1979,257,365,338,312,256,430,563,745,883,891,1130,1462,1612,1364,615,215,42,10027,492,2
Tajikistan,1983,22128,7953,9961,2008,260,208,279,721,590,973,1682,2038,3100,2069,245,371,350,325,265,396,577,745,937,946,1092,1495,1605,1400,669,201,44,10221,487,2
Tajikistan,1984,22370,8045,10042,1997,253,206,278,734,619,937,1725,2063,3120,2147,240,372,362,331,288,353,584,742,983,1008,1055,1519,1601,1420,727,196,44,10295,484,1
Tajikistan,1985,22655,8071,10035,1964,250,206,281,753,660,911,1779,2129,3171,2230,247,376,377,345,315,323,588,748,1031,1082,1047,1551,1620,1444,786,205,42,10285,487,1
Tajikistan,1986,23357,8160,10084,1924,252,207,288,790,710,870,1823,2271,3291,2501,269,388,402,367,343,295,575,752,1071,1172,1099,1575,1716,1583,918,225,44,10336,495,2
Tajikistan,1987,23866,8168,10083,1915,256,209,295,824,751,824,1839,2432,3358,2702,289,396,428,384,367,282,542,752,1087,1253,1179,1542,1816,1668,1034,247,42,10339,504,2
Tajikistan,1988,23584,8170,10089,1919,255,195,282,803,746,740,1739,2464,3244,2723,300,377,426,380,366,275,465,713,1026,1259,1205,1424,1820,1638,1085,261,39,10344,477,3
Tajikistan,1989,24044,8170,10117,1947,277,208,293,835,792,714,1717,2602,3285,2873,324,387,448,409,383,309,405,711,1006,1314,1288,1412,1873,1671,1202,286,38,10394,501,3
Tajikistan,1990,24563,8337,10304,1967,279,199,283,830,833,708,1727,2747,3318,2962,373,384,446,436,397,354,354,730,997,1384,1363,1463,1855,1683,1279,330,43,10583,482,4
Tajikistan,1991,25246,8577,10662,2085,266,202,280,837,882,711,1737,2865,3337,3024,440,389,448,468,414,392,319,736,1001,1436,1429,1536,1801,1726,1298,392,48,10928,482,3
Tajikistan,1992,27955,9091,11613,2522,392,258,347,1028,1111,891,1912,3174,3545,3164,519,490,538,588,523,520,371,798,1114,1563,1611,1708,1837,1855,1309,459,60,12005,605,4
Tajikistan,1993,27743,8902,11242,2340,325,233,340,1055,1198,986,1889,3237,3528,3138,573,505,550,627,571,575,411,745,1144,1551,1686,1755,1773,1886,1252,511,62,11567,573,3
Tajikistan,1994,27355,8905,11232,2327,325,241,308,931,1110,927,1746,3265,3569,3076,618,441,490,575,535,506,421,610,1136,1508,1757,1823,1746,1874,1202,552,66,11557,549,3
Tajikistan,1995,26683,8699,10937,2238,334,244,299,885,1094,953,1626,3210,3562,2910,624,417,468,550,544,494,459,498,1128,1435,1775,1841,1721,1756,1154,549,75,11271,543,3
Tajikistan,1996,26919,8289,10604,2315,428,290,326,936,1176,1064,1598,3314,3747,2823,608,436,500,572,604,533,531,448,1150,1454,1860,1943,1804,1670,1153,530,78,11032,616,3
Tajikistan,1997,25362,7636,9580,1944,337,267,311,887,1154,1082,1482,3236,3791,2666,568,408,479,544,610,532,550,422,1060,1422,1814,1980,1811,1539,1127,483,85,9917,578,3
Tajikistan,1998,23723,7182,8927,1745,305,252,300,819,1080,1053,1315,3011,3718,2442,505,376,443,498,582,520,533,436,879,1343,1668,1935,1783,1387,1055,418,87,9232,552,3
Tajikistan,1999,22520,6557,8071,1514,274,240,296,788,1049,1060,1228,2893,3754,2367,490,363,425,480,569,535,525,487,741,1308,1585,1928,1826,1351,1016,399,91,8345,536,4
Tajikistan,2000,21431,5984,7313,1329,258,234,299,770,1024,1085,1164,2754,3722,2314,489,359,411,470,554,558,527,528,636,1240,1514,1892,1830,1371,943,396,93,7571,533,4
Tajikistan,2001,21087,5529,6704,1175,220,237,307,774,1029,1154,1174,2751,3870,2360,502,366,408,475,554,596,558,584,590,1231,1520,1975,1895,1459,901,409,93,6924,544,5
Tajikistan,2002,20206,5073,6117,1044,225,229,302,746,988,1170,1169,2605,3836,2331,483,360,386,458,530,604,566,610,559,1139,1466,1951,1885,1495,836,398,85,6342,531,6
Tajikistan,2003,19584,4614,5534,920,202,221,299,736,966,1204,1220,2493,3864,2365,474,361,375,448,518,612,592,635,585,1038,1455,1938,1926,1545,820,395,79,5736,520,6
Tajikistan,2004,19113,4274,5086,812,198,213,298,730,940,1231,1291,2363,3876,2419,463,363,367,434,506,610,621,647,644,919,1444,1899,1977,1575,844,385,78,5284,511,7
Tajikistan,2005,18879,3995,4722,727,171,210,297,736,926,1269,1387,2258,3924,2520,452,370,366,424,502,608,661,674,713,820,1438,1877,2047,1618,902,369,83,4893,507,7
Tajikistan,2006,18587,3799,4459,660,162,199,293,732,898,1282,1464,2137,3913,2601,437,370,362,406,492,592,690,694,770,745,1392,1833,2080,1644,957,350,87,4621,492,8
Tajikistan,2007,18844,3689,4303,614,159,195,295,753,900,1327,1583,2096,4015,2770,441,381,372,402,498,594,733,739,844,748,1348,1857,2158,1730,1040,349,92,4462,490,8
Tajikistan,2008,18792,3647,4223,576,145,184,286,754,877,1328,1658,2017,3999,2867,442,379,375,392,485,581,747,774,884,787,1230,1848,2151,1782,1085,351,91,4368,470,7
Tajikistan,2009,18785,3661,4223,562,131,174,277,753,854,1315,1724,1961,3948,2961,460,376,377,383,471,569,746,817,907,872,1089,1835,2113,1840,1121,371,89,4354,451,8
Tajikistan,2010,19528,3695,4260,565,130,172,283,794,876,1362,1887,2006,4061,3180,506,393,401,396,480,587,775,905,982,1003,1003,1892,2169,1978,1202,415,91,4390,455,9
Tajikistan,2011,19330,3685,4238,553,117,157,265,784,847,1324,1944,1983,3924,3213,524,384,400,390,457,574,750,940,1004,1082,901,1815,2109,1995,1218,438,86,4355,422,9
Tajikistan,2012,19602,3658,4212,554,106,152,258,789,845,1320,2062,2082,3877,3332,560,382,407,398,447,574,746,994,1068,1183,899,1749,2128,2058,1274,474,86,4318,410,10
Tajikistan,2013,19512,3669,4222,553,108,139,244,772,834,1281,2122,2179,3688,3331,578,369,403,400,434,557,724,1008,1114,1233,946,1580,2108,2032,1299,491,87,4330,383,9
Tajikistan,2014,19542,3675,4227,552,94,128,232,763,831,1255,2197,2332,3513,3351,605,360,403,405,426,543,712,1015,1182,1272,1060,1402,2111,2008,1343,511,94,4321,360,9
Tajikistan,2015,19682,3654,4201,547,99,120,219,759,842,1242,2280,2526,3357,3391,638,352,407,415,427,533,709,1014,1266,1336,1190,1247,2110,2002,1389,535,103,4300,339,9
Tajikistan,2016,19749,3543,4084,541,92,112,208,747,858,1231,2354,2726,3224,3430,673,340,407,427,431,521,710,1007,1347,1402,1324,1151,2073,2001,1429,559,114,4176,320,9
Tajikistan,2017,19733,3373,3899,526,95,105,197,734,874,1218,2410,2918,3117,3456,701,328,406,435,439,509,709,995,1415,1478,1440,1145,1972,2006,1450,578,123,3994,302,10
Tajikistan,2018,19817,3302,3807,505,96,101,184,715,893,1202,2445,3107,3050,3479,732,316,399,442,451,502,700,985,1460,1570,1537,1240,1810,2026,1453,602,130,3903,285,10
Tajikistan,2019,19686,3236,3722,486,92,96,168,685,895,1171,2419,3240,2988,3438,755,298,387,440,455,490,681,961,1458,1656,1584,1394,1594,2012,1426,619,136,3814,264,11
Tajikistan,2020,25450,3124,3588,464,93,96,183,762,1101,1507,3301,5043,4200,4612,947,324,438,530,571,631,876,1289,2012,2534,2509,2263,1937,2710,1902,782,165,3681,279,14
Tajikistan,2021,19287,2999,3446,447,89,91,144,614,896,1112,2347,3662,2990,3146,740,258,356,432,464,481,631,928,1419,1909,1753,1724,1266,1840,1306,601,139,3535,235,13
Tanzania,1950,81647,24878,44085,19207,4694,2404,2309,5242,4838,4056,3980,4612,4028,1261,131,2589,2653,2506,2332,2127,1929,1965,2015,2247,2365,2283,1745,859,402,112,19,48779,4713,2
Tanzania,1951,82872,25569,44544,18975,4805,2444,2349,5331,4914,4126,4054,4711,4141,1317,134,2635,2696,2544,2370,2162,1964,2001,2053,2294,2417,2336,1805,922,395,116,18,49349,4793,2
Tanzania,1952,84599,26189,45247,19058,4923,2491,2401,5458,5040,4239,4168,4851,4262,1377,139,2697,2761,2608,2432,2220,2019,2056,2112,2362,2489,2401,1861,996,381,120,19,50170,4892,2
Tanzania,1953,86450,26818,46090,19272,5000,2539,2456,5592,5171,4355,4284,4987,4381,1449,143,2763,2829,2673,2498,2280,2075,2113,2171,2429,2558,2466,1915,1070,379,124,19,51090,4995,2
Tanzania,1954,88259,27458,47109,19651,5004,2593,2503,5699,5264,4441,4372,5106,4494,1526,145,2815,2884,2720,2544,2323,2118,2156,2216,2484,2622,2528,1966,1134,392,124,21,52113,5096,2
Tanzania,1955,90444,28195,48312,20117,4999,2664,2558,5838,5398,4559,4492,5250,4618,1612,143,2884,2954,2788,2610,2385,2174,2216,2276,2553,2697,2598,2020,1190,422,123,20,53311,5222,2
Tanzania,1956,92766,28963,49551,20588,5030,2738,2620,5990,5542,4687,4620,5404,4747,1693,141,2957,3033,2862,2680,2450,2237,2279,2341,2628,2776,2670,2077,1237,456,121,20,54581,5358,2
Tanzania,1957,94884,29781,50861,21080,5073,2812,2667,6092,5622,4759,4699,5513,4867,1777,141,3010,3082,2905,2717,2487,2272,2318,2381,2678,2835,2734,2133,1281,496,119,22,55934,5479,2
Tanzania,1958,97160,30504,52102,21598,5139,2868,2721,6220,5745,4873,4821,5662,5007,1860,142,3071,3149,2969,2776,2547,2326,2378,2443,2750,2912,2811,2196,1323,537,120,22,57241,5589,2
Tanzania,1959,99634,31280,53422,22142,5261,2901,2796,6379,5890,4996,4943,5808,5145,1938,148,3148,3231,3045,2845,2611,2385,2438,2505,2819,2989,2886,2259,1366,572,125,23,58683,5697,2
Tanzania,1960,102043,32041,54643,22602,5330,2877,2851,6583,6127,5172,5076,5934,5269,2013,160,3232,3351,3168,2959,2708,2464,2508,2568,2882,3052,2951,2318,1411,602,136,24,59973,5728,2
Tanzania,1961,104506,32885,56031,23146,5521,2924,2953,6673,6168,5237,5194,6108,5429,2088,175,3291,3382,3189,2979,2735,2502,2560,2634,2963,3145,3040,2389,1457,631,151,24,61552,5877,2
Tanzania,1962,107068,33694,57329,23635,5651,2937,3046,6849,6319,5373,5340,6284,5579,2163,190,3378,3471,3269,3050,2803,2570,2631,2709,3051,3233,3121,2458,1505,658,166,24,62980,5983,2
Tanzania,1963,109185,34447,58528,24081,5778,2960,3108,6958,6400,5447,5428,6409,5720,2239,205,3434,3524,3312,3088,2838,2609,2672,2756,3107,3302,3193,2527,1555,684,181,24,64306,6068,3
Tanzania,1964,111467,35154,59643,24489,5890,3013,3140,7122,6546,5569,5561,6568,5871,2322,220,3517,3605,3389,3157,2899,2670,2736,2825,3183,3385,3273,2598,1609,713,194,26,65533,6153,3
Tanzania,1965,113156,35806,60675,24869,5985,3063,3129,7214,6580,5603,5611,6657,5999,2404,232,3578,3636,3409,3171,2914,2689,2759,2852,3223,3434,3334,2665,1662,742,204,28,66660,6192,3
Tanzania,1966,114743,36469,61676,25207,6086,3116,3113,7282,6597,5615,5647,6741,6132,2492,248,3629,3653,3421,3176,2919,2696,2774,2873,3257,3484,3398,2734,1719,773,217,31,67762,6229,3
Tanzania,1967,115925,37058,62511,25453,6174,3164,3081,7300,6554,5581,5650,6801,6263,2578,261,3660,3640,3401,3153,2897,2684,2772,2878,3277,3524,3460,2803,1775,803,227,34,68685,6245,3
Tanzania,1968,116385,37711,63476,25765,6260,3192,3027,7156,6346,5395,5506,6721,6354,2672,276,3605,3551,3299,3047,2801,2594,2694,2812,3222,3499,3489,2865,1835,837,239,37,69736,6219,3
Tanzania,1969,117253,38538,64577,26039,6342,3218,3037,7036,6105,5237,5423,6743,6472,2770,291,3556,3480,3179,2926,2709,2528,2643,2780,3228,3515,3538,2934,1899,871,251,40,70919,6255,3
Tanzania,1970,118843,39444,65802,26358,6426,3250,3079,7016,5993,5180,5432,6862,6621,2869,306,3530,3486,3127,2866,2670,2510,2640,2792,3279,3583,3608,3013,1962,907,262,44,72228,6329,3
Tanzania,1971,121034,40399,67126,26727,6510,3286,3135,7103,5991,5212,5524,7067,6789,2964,320,3545,3558,3134,2857,2677,2535,2679,2845,3368,3699,3694,3095,2022,942,274,46,73636,6421,4
Tanzania,1972,123782,41207,68277,27070,6579,3328,3209,7307,6124,5355,5725,7393,7044,3094,338,3603,3704,3211,2913,2740,2615,2773,2952,3511,3882,3829,3215,2106,988,290,48,74856,6537,4
Tanzania,1973,124592,42022,69428,27406,6631,3333,3213,7215,5898,5182,5649,7452,7087,3147,354,3558,3657,3109,2789,2638,2544,2725,2924,3520,3932,3844,3243,2137,1010,301,53,76059,6546,5
Tanzania,1974,127247,42885,70557,27672,6692,3368,3265,7387,6026,5292,5835,7780,7375,3291,375,3650,3737,3195,2831,2680,2612,2810,3025,3655,4125,4002,3373,2230,1061,319,56,77249,6633,5
Tanzania,1975,129781,43612,71511,27899,6752,3401,3317,7561,6180,5399,6028,8109,7685,3436,395,3756,3805,3302,2878,2723,2676,2898,3130,3790,4319,4180,3505,2324,1112,337,58,78263,6718,6
Tanzania,1976,131656,44164,72284,28120,6818,3428,3344,7641,6266,5421,6145,8360,7957,3566,416,3816,3825,3376,2890,2722,2699,2948,3197,3889,4471,4342,3615,2408,1158,354,62,79102,6772,6
Tanzania,1977,133002,44780,73077,28297,6892,3446,3351,7620,6268,5355,6173,8511,8184,3679,436,3829,3791,3408,2860,2680,2675,2952,3221,3940,4571,4485,3699,2480,1199,370,66,79969,6797,6
Tanzania,1978,134980,45475,74058,28583,7024,3497,3382,7664,6334,5337,6236,8693,8475,3811,457,3861,3803,3463,2871,2667,2670,2973,3263,4006,4687,4663,3812,2564,1247,387,70,81082,6879,7
Tanzania,1979,135985,45971,74673,28702,7098,3515,3363,7593,6317,5245,6219,8780,8750,3945,481,3810,3783,3445,2872,2622,2623,2954,3265,4019,4761,4821,3929,2649,1296,407,74,81771,6878,7
Tanzania,1980,138170,46668,75896,29228,7341,3626,3399,7560,6342,5175,6208,8871,9115,4120,510,3775,3785,3432,2910,2596,2579,2935,3273,4030,4841,5016,4099,2760,1360,430,80,83237,7025,8
Tanzania,1981,140334,47602,77494,29892,7516,3713,3436,7583,6392,5082,6131,8857,9360,4229,529,3772,3811,3431,2961,2568,2514,2882,3249,4015,4842,5138,4222,2827,1402,446,83,85010,7149,9
Tanzania,1982,144517,48821,79545,30724,7805,3883,3566,7773,6598,5147,6224,9080,9866,4453,566,3862,3911,3504,3094,2619,2528,2907,3317,4115,4965,5390,4476,2969,1484,477,89,87350,7449,9
Tanzania,1983,148680,50192,81798,31606,8093,4051,3691,7929,6774,5199,6269,9252,10336,4674,602,3943,3986,3570,3204,2668,2531,2910,3359,4195,5057,5606,4730,3112,1562,505,97,89891,7742,10
Tanzania,1984,152787,51372,83988,32616,8388,4211,3781,8004,7075,5374,6328,9348,10741,4898,637,3965,4039,3721,3354,2798,2576,2937,3391,4232,5116,5776,4965,3259,1639,534,103,92376,7992,11
Tanzania,1985,157056,52269,85477,33208,8616,4391,3962,8278,7405,5635,6513,9691,11227,5170,679,4117,4161,3902,3503,2971,2664,3008,3505,4402,5289,5992,5235,3440,1730,568,111,94093,8353,12
Tanzania,1986,160761,52890,86452,33562,8753,4503,4074,8462,7923,6085,6751,9953,11643,5430,719,4189,4273,4155,3768,3258,2827,3130,3621,4526,5427,6163,5480,3619,1811,600,119,95205,8577,13
Tanzania,1987,164465,53383,87006,33623,8904,4653,4259,8716,8348,6563,7056,10369,12101,5715,760,4335,4381,4355,3993,3553,3010,3273,3783,4735,5634,6363,5738,3817,1898,635,125,95910,8912,14
Tanzania,1988,168612,53934,87652,33718,8965,4744,4397,9035,9066,7262,7437,10714,12496,6025,806,4476,4559,4681,4385,3968,3294,3478,3959,4910,5804,6522,5974,4031,1994,671,135,96617,9141,15
Tanzania,1989,172457,54254,87765,33511,8982,4863,4651,9550,9574,7841,7835,11260,12914,6350,854,4775,4775,4883,4691,4275,3566,3667,4168,5201,6059,6721,6193,4248,2102,710,144,96747,9514,16
Tanzania,1990,178902,54534,88047,33513,9021,5009,4977,10436,10639,8922,8637,12169,13425,6694,906,5221,5215,5345,5294,4826,4096,4074,4563,5681,6488,7007,6418,4467,2227,752,154,97068,9986,18
Tanzania,1991,183343,54950,88560,33610,9079,5128,5211,10998,11132,9619,9103,12729,13756,7053,960,5534,5464,5531,5601,5144,4475,4325,4778,5964,6765,7173,6583,4689,2364,796,164,97639,10339,19
Tanzania,1992,189516,55492,89460,33968,9225,5308,5526,11839,11848,10539,9742,13444,14114,7432,1019,5973,5866,5839,6009,5562,4977,4677,5065,6313,7131,7366,6748,4913,2519,843,176,98685,10834,21
Tanzania,1993,195193,55807,89607,33800,9142,5356,5781,12759,12681,11637,10570,14318,14460,7783,1082,6421,6338,6215,6466,6072,5565,5137,5433,6735,7583,7582,6878,5104,2679,894,188,98749,11137,22
Tanzania,1994,200950,56810,91172,34362,9320,5467,5964,13553,13587,12522,10945,14402,14708,8128,1156,6753,6800,6663,6924,6566,5956,5436,5509,6663,7739,7724,6984,5282,2846,954,202,100492,11431,24
Tanzania,1995,208958,58242,92986,34744,9494,5602,6206,14682,15048,13871,11685,14594,15076,8453,1237,7206,7476,7391,7657,7335,6536,5949,5736,6685,7909,7968,7108,5436,3017,1021,216,102480,11808,26
Tanzania,1996,215244,58989,93387,34398,9456,5670,6456,15665,15948,15063,12797,15219,15464,8760,1328,7657,8008,7853,8095,7936,7127,6606,6191,7094,8125,8243,7221,5569,3191,1096,232,102843,12126,29
Tanzania,1997,222183,58786,92662,33876,9389,5771,6831,16944,16725,16396,14475,16490,15975,9066,1427,8298,8646,8281,8444,8539,7857,7520,6955,7933,8557,8619,7356,5697,3369,1179,248,102051,12602,31
Tanzania,1998,225737,58223,91252,33029,9070,5659,6921,17891,17695,17466,15616,17020,16266,9315,1533,8660,9231,8828,8867,9037,8429,8201,7415,8219,8801,8839,7427,5786,3529,1267,266,100322,12580,34
Tanzania,1999,221892,57232,89120,31888,8695,5466,6757,17607,17063,17076,15748,16946,16171,9558,1647,8513,9094,8591,8472,8701,8375,8241,7507,8172,8774,8719,7452,5879,3679,1359,288,97815,12223,37
Tanzania,2000,221994,56021,86457,30436,8284,5283,6704,18096,17689,17695,16582,17372,16251,9778,1766,8641,9455,8971,8718,8896,8799,8638,7944,8356,9016,8698,7553,5964,3814,1453,313,94741,11987,40
Tanzania,2001,219062,54650,83366,28716,7894,5065,6534,18006,17738,17680,17068,17493,16316,9973,1890,8528,9478,9048,8690,8775,8905,8806,8262,8430,9063,8654,7662,6039,3934,1551,339,91260,11599,43
Tanzania,2002,216636,52759,79617,26858,7461,4842,6389,18093,18009,17846,17832,17852,16476,10151,2020,8496,9597,9230,8779,8753,9093,9079,8753,8702,9150,8670,7806,6104,4047,1651,369,87078,11231,47
Tanzania,2003,212094,50969,76037,25068,7028,4584,6145,17686,17760,17481,18217,18069,16571,10318,2147,8255,9431,9137,8623,8490,8991,9157,9060,8897,9172,8675,7896,6168,4150,1746,401,83065,10729,51
Tanzania,2004,210360,49670,73330,23660,6712,4375,6003,17678,17959,17508,18752,18498,16718,10504,2270,8195,9483,9259,8700,8467,9041,9408,9344,9203,9295,8811,7907,6255,4249,1836,434,80042,10378,56
Tanzania,2005,208654,48526,70855,22329,6398,4174,5843,17559,18094,17472,19214,19044,16843,10706,2389,8090,9469,9336,8758,8438,9034,9644,9570,9570,9474,8976,7867,6362,4344,1919,470,77253,10017,62
Tanzania,2006,206286,47282,68679,21397,6170,4026,5675,17263,17991,17191,19365,19514,16912,10927,2507,7915,9348,9281,8710,8318,8873,9694,9671,9892,9622,9046,7866,6494,4433,1999,508,74849,9701,68
Tanzania,2007,203801,45620,65840,20220,5898,3871,5516,16981,17999,17049,19587,20160,17046,11161,2620,7735,9246,9266,8733,8279,8770,9770,9817,10308,9852,9131,7915,6649,4512,2074,546,71738,9387,75
Tanzania,2008,202694,44276,63674,19398,5642,3710,5328,16975,18509,17168,19753,20622,17123,11377,2729,7624,9351,9512,8997,8413,8755,9818,9935,10603,10019,9160,7963,6780,4597,2146,583,69316,9038,83
Tanzania,2009,199381,42794,61123,18329,5447,3602,5143,16430,18126,16810,19716,21136,17395,11524,2835,7366,9064,9281,8845,8264,8546,9672,10044,10828,10308,9277,8118,6826,4698,2216,619,66570,8745,91
Tanzania,2010,188239,41550,59020,17470,5308,3440,4723,14332,15454,14786,18191,20813,17484,11650,2938,6541,7791,7880,7574,7227,7559,8715,9476,10500,10313,9255,8229,6831,4819,2286,652,64328,8163,100
Tanzania,2011,181838,40177,56761,16584,5156,3310,4447,13151,14253,13794,17410,20870,17701,11836,3038,6027,7124,7243,7010,6736,7058,8203,9207,10337,10533,9371,8330,6878,4958,2352,686,61917,7757,109
Tanzania,2012,175777,38878,54669,15791,5015,3202,4210,12072,13179,12868,16537,20789,17903,12080,3135,5563,6509,6676,6503,6287,6581,7675,8862,10080,10709,9491,8412,6962,5118,2416,719,59684,7412,119
Tanzania,2013,171052,38697,53719,15022,4896,3126,4019,10995,12091,11956,15650,20692,18216,12330,3239,5108,5887,6096,5995,5841,6115,7162,8488,9846,10846,9681,8535,7078,5252,2485,754,58615,7145,129
Tanzania,2014,167651,38515,52934,14419,4736,3035,3850,10161,11414,11364,14944,20533,18608,12584,3348,4725,5436,5722,5692,5570,5794,6782,8162,9703,10830,9930,8678,7269,5315,2563,785,57670,6885,138
Tanzania,2015,166095,38541,52806,14265,4665,3005,3755,9552,10928,10965,14379,20427,19166,12830,3472,4456,5096,5445,5483,5395,5570,6495,7884,9643,10784,10283,8883,7482,5348,2654,818,57471,6760,148
Tanzania,2016,165139,38245,52237,13992,4537,2960,3657,9077,10740,10796,14054,20353,19875,13085,3606,4234,4843,5308,5432,5338,5458,6345,7709,9577,10776,10727,9148,7657,5428,2756,850,56774,6617,158
Tanzania,2017,165338,37996,51753,13757,4425,2922,3603,8745,10655,10832,13917,20456,20731,13380,3754,4091,4654,5206,5449,5378,5454,6291,7626,9625,10831,11258,9473,7831,5549,2871,883,56178,6525,168
Tanzania,2018,165773,37417,50876,13459,4277,2840,3522,8407,10582,11020,13978,20804,21681,13725,3884,3951,4456,5095,5487,5482,5538,6330,7648,9781,11023,11810,9871,8030,5695,2967,917,55153,6362,178
Tanzania,2019,166384,37034,50328,13294,4269,2875,3638,8514,10727,11247,13688,20534,22242,14155,3977,4063,4451,5121,5606,5631,5616,6248,7440,9584,10950,11958,10284,8265,5890,3021,956,54597,6513,188
Tanzania,2020,175820,36614,49566,12952,4166,2748,3359,7740,10311,12097,15353,24264,25796,15912,4300,3735,4005,4761,5550,5943,6154,6971,8382,11163,13101,14008,11788,9252,6660,3256,1044,53732,6107,205
Tanzania,2021,182777,36231,48609,12378,4059,2689,3490,8003,10717,12998,16342,26026,27930,17161,4533,3894,4109,4884,5833,6347,6651,7454,8888,11946,14080,14921,13009,9999,7162,3422,1111,52668,6179,217
Thailand,1950,190229,58217,82755,24538,9578,5568,6652,13347,12130,12520,12854,14689,12330,5497,2053,6964,6383,6142,5988,6225,6295,6684,6170,7082,7607,6302,6028,3149,2348,1423,630,92333,12220,257
Thailand,1951,189745,57962,82480,24518,9342,5381,6589,13372,12070,12538,13057,14638,12489,5588,1957,6974,6398,6103,5967,6195,6343,6784,6273,6981,7657,6516,5973,3375,2213,1373,584,91822,11970,243
Thailand,1952,189627,58026,82415,24389,8933,5185,6548,13439,12045,12585,13330,14531,12697,5788,1896,6981,6458,6077,5968,6171,6414,6862,6468,6894,7637,6895,5802,3731,2057,1333,563,91348,11733,231
Thailand,1953,190095,58106,82294,24188,9771,4951,6449,13414,11947,12541,13534,14296,12863,5990,1827,6923,6491,6015,5932,6100,6441,6872,6662,6782,7514,7280,5583,4061,1929,1284,543,92065,11400,218
Thailand,1954,188407,57854,81752,23898,9070,4725,6294,13337,11832,12452,13683,14088,13057,6163,1750,6838,6499,5957,5875,6025,6427,6871,6812,6726,7362,7559,5498,4247,1916,1226,524,90822,11019,202
Thailand,1955,186535,57504,81001,23497,9065,4508,6055,13134,11646,12260,13702,13869,13173,6268,1666,6691,6443,5874,5772,5923,6337,6834,6868,6697,7172,7646,5527,4281,1987,1161,505,90066,10563,186
Thailand,1956,186031,57161,80264,23103,9082,4394,5859,13085,11633,12219,13872,13912,13487,6440,1607,6630,6455,5893,5740,5905,6314,6892,6980,6823,7089,7732,5755,4276,2164,1108,499,89346,10253,179
Thailand,1957,185399,56753,79417,22664,9141,4323,5625,13003,11626,12151,13989,14012,13817,6578,1532,6564,6439,5928,5698,5883,6268,6949,7040,7022,6990,7718,6099,4164,2414,1036,496,88558,9948,179
Thailand,1958,186359,56453,78810,22357,9337,4376,5463,13077,11798,12233,14229,14320,14268,6772,1495,6580,6497,6064,5734,5942,6291,7082,7147,7341,6979,7722,6546,4084,2688,997,498,88147,9839,180
Thailand,1959,185315,56082,77871,21789,9013,4416,5227,12882,11799,12159,14300,14549,14491,6927,1499,6439,6443,6095,5704,5914,6245,7108,7192,7570,6979,7637,6854,4068,2859,1012,487,86884,9643,178
Thailand,1960,179880,55663,76911,21248,8810,4243,4808,12059,11271,11549,13706,14125,13944,6793,1490,5972,6087,5836,5435,5617,5932,6784,6922,7391,6734,7218,6726,3979,2814,1036,454,85721,9051,168
Thailand,1961,174275,55354,76127,20773,8523,4060,4436,11187,10712,10909,13041,13657,13280,6661,1516,5472,5715,5541,5171,5298,5611,6414,6627,7132,6525,6792,6488,3961,2700,1100,416,84650,8496,162
Thailand,1962,176479,55094,75516,20422,8540,4228,4480,11217,11037,11159,13427,14317,13600,7084,1700,5397,5820,5684,5353,5409,5750,6549,6878,7397,6920,6902,6698,4348,2736,1292,408,84056,8708,168
Thailand,1963,178053,54678,74554,19876,8309,4343,4559,11199,11341,11406,13809,15019,13895,7546,1899,5300,5899,5803,5538,5517,5889,6677,7132,7642,7377,7030,6865,4785,2761,1493,406,82863,8902,174
Thailand,1964,177170,53935,73302,19367,8153,4330,4613,10896,11370,11398,13843,15350,13889,7826,2031,5097,5799,5777,5593,5512,5886,6654,7189,7718,7632,7053,6836,5051,2775,1611,420,81455,8943,172
Thailand,1965,175653,52978,71821,18843,8309,4304,4633,10509,11286,11314,13753,15526,13866,8039,2127,4895,5614,5697,5589,5482,5832,6593,7160,7750,7776,7107,6759,5192,2847,1670,457,80130,8937,169
Thailand,1966,175315,51797,70073,18276,8193,4356,4741,10320,11384,11449,13894,15941,14160,8396,2240,4825,5495,5713,5671,5571,5878,6659,7235,7926,8015,7364,6796,5362,3034,1715,525,78266,9097,168
Thailand,1967,175308,50457,68058,17601,8003,4425,4873,10213,11538,11679,14114,16434,14628,8823,2350,4836,5377,5770,5768,5721,5958,6775,7339,8174,8260,7767,6861,5513,3310,1729,621,76061,9298,169
Thailand,1968,175599,48909,65760,16851,7900,4507,5020,10193,11721,11986,14395,16978,15233,9271,2459,4922,5271,5840,5881,5916,6070,6929,7466,8463,8515,8267,6966,5641,3630,1736,723,73660,9527,173
Thailand,1969,172299,47081,63101,16020,7847,4432,4952,9954,11478,11913,14211,16954,15396,9363,2513,4937,5017,5683,5795,5912,6001,6851,7360,8447,8507,8474,6922,5568,3795,1732,781,70948,9384,183
Thailand,1970,168643,45054,60198,15144,7679,4362,4904,9749,11182,11838,14036,16911,15588,9397,2600,4944,4805,5484,5698,5889,5949,6768,7268,8392,8519,8619,6969,5496,3901,1779,821,67877,9266,204
Thailand,1971,164479,42931,57155,14224,7325,4294,4839,9574,10833,11741,13829,16807,15770,9369,2703,4940,4634,5249,5584,5835,5906,6663,7166,8289,8518,8690,7080,5412,3957,1865,838,64480,9133,233
Thailand,1972,163040,40809,54106,13297,6980,4334,4896,9688,10749,11965,14000,17156,16419,9547,2915,5055,4633,5126,5623,5919,6046,6734,7266,8387,8769,8941,7478,5463,4084,2046,869,61086,9230,282
Thailand,1973,158847,38568,50937,12369,6695,4255,4810,9601,10374,11876,13811,17034,16648,9457,3038,5033,4568,4867,5507,5834,6042,6630,7181,8246,8788,8920,7728,5382,4075,2191,847,57632,9065,312
Thailand,1974,155405,36274,47744,11470,6398,4199,4750,9610,10066,11856,13745,17014,16983,9495,3198,4994,4616,4671,5395,5783,6073,6599,7146,8177,8837,8982,8001,5411,4084,2332,866,54142,8949,346
Thailand,1975,151857,34149,44800,10651,6155,4114,4677,9587,9713,11763,13638,16916,17222,9570,3330,4954,4633,4490,5223,5699,6064,6559,7079,8098,8818,9035,8187,5496,4074,2430,900,50955,8791,369
Thailand,1976,148651,31908,41724,9816,5769,4018,4642,9611,9433,11725,13638,16904,17538,9774,3486,4937,4674,4377,5056,5647,6078,6586,7052,8081,8823,9160,8378,5688,4086,2520,966,47493,8660,390
Thailand,1977,147865,29844,38875,9031,5554,3995,4693,9796,9345,11892,13930,17213,18180,10237,3727,5000,4796,4389,4956,5706,6186,6769,7161,8235,8978,9497,8683,6071,4166,2640,1087,44429,8688,422
Thailand,1978,146755,28146,36479,8333,5349,3933,4717,9910,9244,11957,14149,17379,18653,10673,3891,5027,4883,4427,4817,5718,6239,6926,7223,8333,9046,9766,8887,6456,4217,2720,1171,41828,8650,423
Thailand,1979,144858,26789,34428,7639,5078,3808,4681,9847,9131,11844,14234,17377,18929,11034,4022,4984,4863,4489,4642,5627,6217,7001,7233,8344,9033,9906,9023,6752,4282,2762,1260,39506,8489,446
Thailand,1980,140933,25874,32919,7045,4766,3590,4512,9578,8830,11403,13976,16972,18733,11145,4043,4830,4748,4434,4396,5369,6034,6887,7089,8152,8820,9763,8970,6836,4309,2734,1309,37685,8102,470
Thailand,1981,139923,24609,31145,6536,4409,3477,4449,9617,8840,11278,14159,17106,19111,11629,4180,4841,4776,4515,4325,5244,6034,6966,7193,8210,8896,9891,9220,7094,4535,2786,1394,35554,7926,520
Thailand,1982,140609,23003,29111,6108,4161,3418,4452,9810,9039,11327,14604,17552,19830,12346,4373,4932,4878,4667,4372,5183,6144,7148,7456,8410,9142,10164,9666,7433,4913,2879,1494,33272,7870,588
Thailand,1983,140304,21481,27190,5709,3861,3323,4397,9891,9192,11241,14907,17844,20332,12951,4515,4971,4920,4768,4424,5058,6183,7240,7667,8535,9309,10308,10024,7669,5282,2943,1572,31051,7720,658
Thailand,1984,136480,20154,25433,5279,3592,3100,4181,9628,9064,10759,14687,17550,20124,13120,4544,4838,4790,4664,4400,4786,5973,7079,7608,8394,9156,10113,10011,7666,5454,2954,1590,29025,7281,706
Thailand,1985,133956,18981,23837,4856,3328,2905,3997,9447,9037,10393,14583,17469,20114,13422,4663,4733,4714,4625,4412,4604,5789,6979,7604,8366,9103,10051,10063,7777,5645,3046,1617,27165,6902,759
Thailand,1986,131883,17949,22413,4464,3046,2711,3824,9275,9028,10065,14496,17465,20144,13758,4846,4607,4668,4592,4436,4475,5590,6895,7601,8394,9071,10035,10109,7938,5820,3203,1643,25459,6535,812
Thailand,1987,128725,16869,20969,4100,2753,2485,3610,8987,8908,9656,14239,17321,19961,13953,5020,4422,4565,4504,4404,4346,5310,6745,7494,8372,8949,9937,10024,8050,5903,3377,1643,23722,6095,855
Thailand,1988,130210,15916,19765,3849,2631,2370,3546,9047,9123,9670,14522,17904,20578,14703,5428,4406,4641,4584,4539,4436,5234,6854,7668,8708,9196,10253,10325,8499,6204,3718,1710,22396,5916,926
Thailand,1989,130287,15197,18711,3514,2493,2223,3410,8964,9167,9645,14548,18244,20889,15234,5776,4312,4652,4596,4571,4543,5102,6823,7725,8907,9337,10415,10474,8802,6432,3994,1782,21204,5633,982
Thailand,1990,130703,14347,17546,3199,2265,2082,3267,8859,9246,9678,14586,18708,21376,15870,6179,4212,4647,4617,4629,4656,5022,6776,7810,9139,9569,10658,10718,9136,6734,4277,1902,19811,5349,1043
Thailand,1991,131664,13618,16570,2952,2138,1948,3081,8786,9569,9908,14799,19211,21769,16212,6569,4112,4674,4777,4792,4868,5040,6798,8001,9395,9816,10866,10903,9251,6961,4496,2073,18708,5029,1109
Thailand,1992,133283,12908,15626,2718,1997,1855,2915,8697,9876,10216,15044,19909,22380,16599,6979,4015,4682,4910,4966,5088,5128,6819,8225,9718,10191,11161,11219,9393,7206,4692,2287,17623,4770,1184
Thailand,1993,134077,12064,14542,2478,1913,1754,2698,8496,10179,10584,15182,20536,22846,16798,7289,3863,4633,5034,5145,5302,5282,6815,8367,9972,10564,11379,11467,9460,7338,4801,2488,16455,4452,1258
Thailand,1994,135480,11302,13568,2266,1818,1688,2505,8254,10511,11079,15323,21336,23445,17058,7543,3693,4561,5166,5345,5496,5583,6809,8514,10304,11032,11687,11758,9632,7426,4886,2657,15386,4193,1351
Thailand,1995,138216,10544,12643,2099,1739,1652,2360,8010,10924,11786,15633,22417,24322,17511,7741,3516,4494,5299,5625,5807,5979,6825,8808,10770,11647,12132,12190,9991,7520,4960,2781,14382,4012,1478
Thailand,1996,135529,9993,11930,1937,1599,1548,2168,7404,10682,11937,15251,22520,24226,17261,7465,3185,4219,5094,5588,5851,6086,6562,8689,10779,11741,12097,12129,9993,7268,4743,2722,13529,3716,1537
Thailand,1997,134203,9289,11115,1826,1468,1480,2043,6899,10521,12234,15175,22756,24560,17262,7128,2913,3986,4938,5583,5990,6244,6550,8625,10827,11929,12337,12223,10140,7122,4500,2628,12583,3523,1565
Thailand,1998,136635,8383,10078,1695,1388,1445,2001,6594,10639,12871,15692,23644,25904,17902,6862,2741,3853,4895,5744,6291,6580,6917,8775,11117,12527,13170,12734,10600,7302,4326,2536,11466,3446,1614
Thailand,1999,145383,7415,8986,1571,1336,1477,2086,6581,11232,14123,17035,25861,28747,19538,6696,2708,3873,5043,6189,6910,7213,7814,9221,12034,13827,14827,13920,11549,7989,4263,2433,10322,3563,1682
Thailand,2000,153013,6773,8219,1446,1333,1473,2158,6463,11571,15318,18076,28070,31386,21139,6147,2673,3790,5091,6480,7464,7854,8681,9395,12996,15074,16445,14941,12398,8741,4047,2100,9552,3631,1663
Thailand,2001,156672,6352,7667,1315,1299,1394,2132,6215,11338,15780,18428,29070,32885,22515,6341,2626,3589,4955,6383,7598,8182,9157,9271,13373,15697,17356,15529,12943,9572,4381,1960,8966,3526,1604
Thailand,2002,160005,5993,7191,1198,1261,1307,2066,6024,11029,16037,18901,29422,34414,23723,7061,2602,3422,4794,6235,7599,8438,9482,9419,13434,15988,18026,16388,13383,10340,5035,2026,8452,3373,1567
Thailand,2003,164528,5710,6805,1095,1187,1240,1998,5888,10772,16361,19723,29638,36511,24828,8028,2592,3296,4656,6116,7664,8697,9822,9901,13421,16217,18843,17668,13854,10974,5812,2216,7992,3238,1550
Thailand,2004,172047,5569,6925,1356,1420,1422,2144,6132,10996,17263,21047,29896,38603,25587,9089,2768,3364,4733,6263,8036,9227,10322,10725,13319,16577,19681,18922,14251,11336,6586,2503,8345,3566,1521
Thailand,2005,170478,5223,6183,960,1023,1126,1787,5515,9943,16497,21169,29280,40045,26208,10211,2483,3032,4222,5721,7542,8955,10225,10944,12649,16631,20144,19901,14639,11569,7319,2892,7206,2913,1494
Thailand,2006,160441,4948,5873,925,903,1000,1558,4917,8782,15095,20158,26961,38322,24981,10460,2206,2711,3676,5106,6782,8313,9666,10492,11482,15479,19101,19221,14130,10851,7362,3098,6776,2558,1431
Thailand,2007,163687,4712,5560,848,805,960,1474,4760,8452,14973,20788,27198,39556,26160,11413,2113,2647,3503,4949,6635,8338,9937,10851,11715,15483,19468,20088,15151,11009,7866,3547,6365,2434,1591
Thailand,2008,166724,4486,5288,802,725,915,1396,4582,8112,14795,21239,27543,40573,27552,12234,2009,2573,3340,4772,6461,8334,10136,11103,12215,15328,19616,20957,16374,11178,8184,4050,6013,2311,1770
Thailand,2009,169684,4242,5005,763,642,860,1330,4394,7764,14588,21571,27951,41626,29116,12855,1904,2490,3192,4572,6281,8307,10306,11265,12887,15064,19790,21836,17606,11510,8309,4546,5647,2190,1985
Thailand,2010,172765,4065,4803,738,634,797,1274,4199,7424,14321,22003,28271,42670,30912,13229,1807,2392,3073,4351,6112,8209,10458,11545,13479,14792,20007,22663,18774,12138,8250,4979,5437,2071,2230
Thailand,2011,176484,3950,4689,739,604,728,1229,4028,7056,13972,22433,28791,43554,33346,13610,1737,2291,2952,4104,5931,8041,10588,11845,14019,14772,20204,23350,19938,13408,8347,5263,5293,1957,2440
Thailand,2012,179879,3705,4366,661,552,647,1178,3843,6714,13573,22768,29546,44065,35894,14075,1657,2186,2837,3877,5719,7854,10627,12141,14454,15092,20262,23803,21036,14858,8573,5502,4918,1825,2659
Thailand,2013,183471,3462,4094,632,523,584,1128,3675,6400,13160,23050,30517,44303,38477,14674,1583,2092,2729,3671,5498,7662,10636,12414,14782,15735,20230,24073,22108,16369,9012,5662,4617,1712,2884
Thailand,2014,187081,3214,3807,593,493,535,1061,3510,6107,12697,23251,31579,44428,40988,15508,1511,1999,2625,3482,5245,7452,10601,12650,15001,16578,20060,24368,23145,17843,9745,5763,4300,1596,3121
Thailand,2015,191003,2981,3538,557,489,499,982,3360,5846,12204,23359,32730,44628,43395,16617,1448,1912,2521,3325,4966,7238,10488,12871,15398,17332,19834,24794,24137,19258,10774,5843,4027,1481,3357
Thailand,2016,191447,2769,3291,522,451,460,873,3169,5503,11494,22886,33238,44166,44729,17665,1368,1801,2369,3134,4598,6896,10089,12797,15521,17717,19484,24682,24526,20203,11814,5851,3742,1333,3524
Thailand,2017,196334,2596,3090,494,432,438,788,3058,5307,11065,22839,34397,44998,46783,19379,1325,1733,2275,3032,4371,6694,9917,12922,16011,18386,20049,24949,25244,21539,13276,6103,3522,1226,3762
Thailand,2018,201251,2407,2861,454,409,419,711,2929,5116,10625,22718,35381,46104,48642,21353,1269,1660,2187,2929,4157,6468,9721,12997,16460,18921,21032,25072,25770,22872,14821,6532,3270,1130,3980
Thailand,2019,206249,2237,2660,423,381,401,654,2784,4924,10161,22523,36178,47326,50518,23544,1195,1589,2096,2828,3962,6199,9500,13023,16865,19313,22286,25040,26336,24182,16343,7201,3041,1055,4191
Thailand,2020,211591,2106,2502,396,365,386,611,2632,4739,9695,22214,37177,48405,52499,25943,1104,1528,2013,2726,3798,5897,9269,12945,17242,19935,23441,24964,27042,25457,17826,8117,2867,997,4419
Thailand,2021,235065,1999,2373,374,339,368,576,2479,4564,9497,22412,40663,54787,61326,30781,1004,1475,1936,2628,3755,5742,9268,13144,18429,22234,26818,27969,31171,30155,20986,9795,2712,944,4897
Togo,1950,16620,4883,8478,3595,768,353,436,929,796,647,772,1295,1531,598,17,477,452,408,388,339,308,350,422,587,708,813,718,474,124,17,0,9246,789,0
Togo,1951,16795,4961,8588,3627,788,357,442,940,804,659,775,1293,1523,611,16,483,457,413,391,346,313,353,422,585,708,807,716,469,142,15,1,9376,799,0
Togo,1952,16989,5021,8694,3673,814,362,449,953,814,673,779,1298,1519,618,14,489,464,418,396,354,319,355,424,586,712,803,716,461,157,13,1,9508,811,0
Togo,1953,17046,5075,8782,3707,825,362,450,951,809,679,776,1285,1500,613,15,489,462,416,393,357,322,355,421,578,707,791,709,449,164,14,1,9607,812,0
Togo,1954,17245,5123,8859,3736,852,371,458,971,822,696,787,1296,1504,612,18,499,472,423,399,366,330,363,424,582,714,792,712,446,166,17,1,9711,829,0
Togo,1955,17418,5163,8929,3766,875,379,468,988,834,711,797,1299,1505,610,22,509,479,431,403,373,338,369,428,583,716,794,711,444,166,22,0,9804,847,0
Togo,1956,17424,5213,8997,3784,872,383,465,981,828,713,794,1281,1483,601,25,504,477,428,400,372,341,370,424,576,705,784,699,438,163,25,0,9869,848,0
Togo,1957,17561,5271,9075,3804,886,391,470,993,835,721,804,1279,1482,599,25,510,483,431,404,374,347,377,427,575,704,788,694,439,160,25,0,9961,861,0
Togo,1958,17648,5320,9150,3830,888,398,472,999,837,726,808,1269,1477,595,28,515,484,432,405,374,352,380,428,571,698,787,690,438,157,27,1,10038,870,0
Togo,1959,17724,5376,9207,3831,894,405,476,1003,841,730,815,1263,1470,594,29,517,486,436,405,374,356,385,430,570,693,784,686,437,157,28,1,10101,881,0
Togo,1960,17799,5431,9281,3850,894,409,480,1004,841,731,822,1255,1463,592,29,518,486,436,405,373,358,389,433,567,688,781,682,435,157,28,1,10175,889,0
Togo,1961,17967,5484,9346,3862,910,419,493,1019,851,738,840,1261,1469,590,30,525,494,441,410,376,362,398,442,572,689,783,686,433,157,28,2,10256,912,0
Togo,1962,18077,5548,9454,3906,906,420,499,1021,851,739,848,1257,1467,590,30,526,495,441,410,376,363,403,445,571,686,778,689,432,158,28,2,10360,919,0
Togo,1963,18257,5615,9534,3919,922,426,513,1035,862,745,865,1264,1471,591,30,533,502,447,415,381,364,412,453,578,686,778,693,433,158,28,2,10456,939,0
Togo,1964,18304,5667,9604,3937,917,427,519,1035,860,741,870,1258,1458,588,30,534,501,445,415,379,362,413,457,576,682,769,689,429,159,28,2,10521,946,0
Togo,1965,18559,5738,9713,3975,938,434,533,1055,872,752,889,1277,1469,595,30,546,509,452,420,386,366,421,468,588,689,775,694,435,160,28,2,10651,967,0
Togo,1966,18826,5851,9876,4025,947,439,543,1071,882,759,906,1293,1477,602,30,556,515,457,425,389,370,427,479,598,695,778,699,441,161,28,2,10823,982,0
Togo,1967,19187,5987,10085,4098,963,445,551,1092,892,771,926,1322,1497,612,30,571,521,462,430,395,376,434,492,614,708,788,709,449,163,28,2,11048,996,0
Togo,1968,19609,6134,10310,4176,984,452,562,1119,909,785,946,1355,1524,632,31,589,530,471,438,402,383,439,507,631,724,802,722,463,169,29,2,11294,1014,0
Togo,1969,20158,6301,10546,4245,1023,467,581,1163,937,811,981,1405,1562,650,32,615,548,487,450,415,396,453,528,656,749,823,739,477,173,30,2,11569,1048,0
Togo,1970,20476,6436,10731,4295,1032,471,584,1178,945,820,995,1438,1586,665,32,624,554,490,455,419,401,457,538,673,765,837,749,486,179,30,2,11763,1055,0
Togo,1971,20738,6541,10870,4329,1042,476,588,1197,951,828,1006,1468,1604,676,32,632,565,493,458,423,405,461,545,688,780,846,758,493,183,30,2,11912,1064,0
Togo,1972,20910,6614,10948,4334,1050,478,590,1209,954,831,1011,1496,1622,685,33,636,573,494,460,425,406,464,547,702,794,857,765,498,187,31,2,11998,1068,0
Togo,1973,21014,6655,10974,4319,1054,481,590,1218,954,835,1016,1520,1637,695,34,636,582,494,460,426,409,467,549,714,806,866,771,503,192,32,2,12028,1071,0
Togo,1974,21098,6692,10996,4304,1059,483,591,1224,959,839,1018,1542,1655,692,36,637,587,497,462,428,411,469,549,721,821,878,777,507,185,34,2,12055,1074,0
Togo,1975,21097,6713,10994,4281,1052,481,586,1222,954,834,1015,1555,1666,703,37,633,589,495,459,425,409,468,547,725,830,886,780,511,192,35,2,12046,1067,0
Togo,1976,20953,6726,10962,4236,1026,471,572,1196,936,821,1002,1548,1670,705,38,618,578,488,448,418,403,462,540,717,831,888,782,511,194,36,2,11988,1043,0
Togo,1977,21051,6720,10917,4197,1042,480,579,1210,952,828,1010,1575,1703,716,39,625,585,500,452,422,406,466,544,724,851,907,796,517,199,37,2,11959,1059,0
Togo,1978,20995,6692,10846,4154,1034,476,577,1197,952,827,1006,1581,1728,725,42,617,580,502,450,421,406,464,542,720,861,921,807,522,203,40,2,11880,1053,0
Togo,1979,20961,6653,10756,4103,1034,476,577,1195,956,826,1009,1590,1760,739,43,616,579,506,450,420,406,465,544,718,872,939,821,531,208,41,2,11790,1053,0
Togo,1980,20942,6629,10692,4063,1027,475,576,1191,959,827,1012,1600,1792,754,47,613,578,508,451,421,406,466,546,719,881,956,836,541,213,44,3,11719,1051,0
Togo,1981,20847,6629,10652,4023,1000,466,566,1163,946,817,1005,1593,1822,767,48,600,563,500,446,414,403,464,541,712,881,970,852,551,216,45,3,11652,1032,0
Togo,1982,20863,6643,10636,3993,986,463,561,1152,944,814,1005,1597,1864,788,49,594,558,496,448,412,402,464,541,714,883,991,873,566,222,46,3,11622,1024,0
Togo,1983,21124,6672,10639,3967,1004,473,574,1177,968,830,1025,1624,1936,818,52,609,568,505,463,419,411,473,552,727,897,1028,908,588,230,48,4,11643,1047,0
Togo,1984,21198,6707,10656,3949,988,470,571,1169,967,833,1027,1631,1983,845,54,605,564,502,465,421,412,474,553,730,901,1047,936,607,238,50,4,11644,1041,0
Togo,1985,21361,6745,10676,3931,985,472,575,1178,976,840,1037,1649,2040,878,56,612,566,506,470,426,414,478,559,738,911,1071,969,630,248,52,4,11661,1047,0
Togo,1986,21663,6779,10687,3908,1003,484,590,1207,1000,866,1060,1683,2108,917,59,627,580,516,484,441,425,488,572,753,930,1100,1008,658,259,55,4,11690,1074,0
Togo,1987,21826,6828,10724,3896,992,486,592,1213,1001,874,1071,1701,2158,954,61,631,582,516,485,448,426,494,577,761,940,1116,1042,684,270,57,4,11716,1078,0
Togo,1988,22142,6873,10775,3902,1003,495,606,1239,1019,897,1091,1732,2222,999,64,645,594,524,495,461,436,503,588,773,959,1137,1085,716,283,60,4,11778,1101,0
Togo,1989,22661,6909,10806,3897,1049,517,637,1301,1064,938,1126,1793,2309,1052,67,677,624,548,516,485,453,519,607,800,993,1174,1135,755,297,63,4,11855,1154,0
Togo,1990,23464,6960,10856,3896,1135,558,691,1409,1141,1000,1184,1882,2421,1115,71,733,676,588,553,519,481,547,637,841,1041,1226,1195,799,316,66,5,11991,1249,0
Togo,1991,24213,7024,10944,3920,1206,591,737,1500,1207,1059,1239,1961,2516,1175,77,781,719,624,583,551,508,573,666,877,1084,1273,1243,843,332,71,6,12150,1328,0
Togo,1992,24983,7063,10985,3922,1290,630,789,1605,1282,1123,1297,2047,2617,1240,79,835,770,665,617,582,541,600,697,917,1130,1326,1291,889,351,73,6,12275,1419,0
Togo,1993,25742,7093,11007,3914,1375,664,844,1715,1361,1189,1358,2136,2713,1299,81,895,820,707,654,613,576,628,730,957,1179,1379,1334,931,368,75,6,12382,1508,0
Togo,1994,24683,6626,10251,3625,1360,654,838,1706,1348,1171,1325,2070,2616,1261,81,891,815,704,644,602,569,614,711,929,1141,1334,1282,903,358,75,6,11611,1492,0
Togo,1995,25740,6757,10427,3670,1453,696,897,1831,1440,1249,1404,2183,2745,1330,86,956,875,754,686,641,608,653,751,981,1202,1402,1343,951,379,79,7,11880,1593,0
Togo,1996,26647,6822,10494,3672,1543,735,954,1957,1535,1320,1482,2287,2861,1387,89,1023,934,806,729,676,644,693,789,1031,1256,1463,1398,989,398,82,7,12037,1689,0
Togo,1997,27300,6853,10500,3647,1603,763,995,2055,1610,1377,1550,2369,2954,1432,93,1075,980,846,764,705,672,732,818,1069,1300,1513,1441,1016,416,86,7,12103,1758,0
Togo,1998,28139,6889,10492,3603,1697,807,1055,2198,1717,1451,1629,2464,3049,1477,105,1149,1049,904,813,744,707,775,854,1114,1350,1563,1486,1042,435,94,11,12189,1862,1
Togo,1999,28644,6917,10433,3516,1746,825,1088,2293,1790,1501,1690,2533,3123,1507,112,1195,1098,943,847,770,731,808,882,1146,1387,1603,1520,1061,446,98,14,12179,1913,2
Togo,2000,28991,6917,10369,3452,1768,836,1109,2358,1847,1542,1741,2587,3177,1533,116,1225,1133,973,874,791,751,835,906,1173,1414,1631,1546,1077,456,103,13,12137,1945,2
Togo,2001,29820,6921,10331,3410,1867,880,1167,2502,1963,1621,1832,2687,3279,1570,118,1295,1207,1034,929,834,787,878,954,1219,1468,1687,1592,1103,467,105,13,12198,2047,2
Togo,2002,29931,6898,10247,3349,1858,877,1168,2521,1994,1645,1874,2725,3317,1587,119,1300,1221,1049,945,847,798,893,981,1236,1489,1707,1610,1116,471,107,12,12105,2045,2
Togo,2003,30222,6856,10152,3296,1886,888,1187,2569,2046,1687,1930,2781,3374,1605,113,1320,1249,1077,969,871,816,914,1016,1260,1521,1738,1636,1132,473,105,8,12038,2075,1
Togo,2004,31277,6784,10027,3243,2040,948,1272,2750,2200,1794,2045,2923,3509,1651,116,1410,1340,1161,1039,930,864,964,1081,1329,1594,1813,1696,1166,485,108,8,12067,2220,0
Togo,2005,31472,6763,9953,3190,2052,947,1275,2768,2239,1828,2093,2975,3556,1668,116,1415,1353,1180,1059,950,878,983,1110,1357,1618,1837,1719,1181,487,108,8,12005,2222,0
Togo,2006,32098,6770,9895,3125,2131,973,1316,2859,2329,1899,2165,3073,3644,1698,115,1460,1399,1227,1102,988,911,1014,1151,1411,1662,1886,1758,1204,494,108,7,12026,2289,0
Togo,2007,32564,6845,9926,3081,2155,976,1329,2906,2390,1947,2216,3148,3708,1733,134,1482,1424,1258,1132,1014,933,1037,1179,1457,1691,1920,1788,1226,507,117,17,12081,2305,2
Togo,2008,33467,6833,9861,3028,2271,1016,1388,3039,2518,2043,2304,3288,3827,1773,135,1550,1489,1325,1193,1066,977,1078,1226,1534,1754,1986,1841,1256,517,118,17,12132,2404,3
Togo,2009,33631,6837,9828,2991,2253,1008,1379,3038,2543,2079,2337,3348,3877,1801,136,1547,1491,1334,1209,1084,995,1094,1243,1569,1779,2013,1864,1274,527,119,17,12081,2387,3
Togo,2010,34365,6829,9785,2956,2333,1040,1420,3131,2645,2163,2418,3477,3979,1836,136,1594,1537,1385,1260,1127,1036,1132,1286,1634,1843,2068,1911,1300,536,121,15,12118,2460,3
Togo,2011,34081,6715,9625,2910,2270,1020,1382,3065,2619,2170,2428,3514,4003,1852,133,1559,1506,1365,1254,1129,1041,1138,1290,1648,1866,2078,1925,1311,541,121,12,11895,2402,2
Togo,2012,34626,6560,9409,2849,2346,1051,1416,3146,2705,2253,2505,3650,4110,1897,135,1599,1547,1404,1301,1172,1081,1176,1329,1703,1947,2134,1976,1345,552,123,12,11755,2467,1
Togo,2013,34172,6434,9200,2766,2273,1025,1370,3056,2655,2248,2506,3669,4125,1908,135,1550,1506,1371,1284,1167,1081,1179,1327,1698,1971,2138,1987,1352,556,123,12,11473,2395,1
Togo,2014,34665,6320,9002,2682,2336,1049,1398,3113,2722,2324,2584,3795,4247,1957,137,1577,1536,1400,1322,1206,1118,1219,1365,1749,2046,2204,2043,1388,569,125,12,11338,2447,1
Togo,2015,34375,6214,8812,2598,2273,1020,1364,3039,2677,2328,2595,3833,4302,1989,139,1537,1502,1372,1305,1204,1124,1226,1369,1757,2076,2235,2067,1409,580,128,11,11085,2384,1
Togo,2016,34945,6134,8645,2511,2331,1043,1401,3101,2741,2406,2685,3956,4448,2047,143,1567,1534,1402,1339,1246,1160,1272,1413,1807,2149,2321,2127,1450,597,132,11,10976,2444,1
Togo,2017,34458,6031,8458,2427,2225,1008,1358,2993,2667,2390,2683,3951,4499,2078,145,1510,1483,1360,1307,1233,1157,1272,1411,1799,2152,2359,2140,1471,607,134,11,10683,2366,0
Togo,2018,35002,5912,8257,2345,2257,1032,1396,3048,2724,2470,2773,4070,4671,2148,151,1537,1511,1388,1336,1272,1198,1314,1459,1852,2218,2462,2209,1521,627,139,12,10514,2428,0
Togo,2019,34358,5800,8063,2263,2118,990,1339,2924,2629,2433,2761,4048,4715,2179,153,1475,1449,1337,1292,1247,1186,1308,1453,1837,2211,2486,2229,1540,639,141,12,10181,2329,0
Togo,2020,34992,5685,7877,2192,2147,1019,1374,2992,2691,2512,2862,4181,4915,2262,161,1513,1479,1368,1323,1283,1229,1355,1507,1896,2285,2594,2321,1598,664,148,13,10024,2393,0
Togo,2021,34314,5566,7690,2124,1974,963,1298,2843,2569,2459,2846,4201,4994,2307,166,1440,1403,1301,1268,1247,1212,1344,1502,1903,2298,2626,2368,1625,682,152,14,9664,2261,0
Tokelau,1950,11,1,1,0,0,0,0,0,0,0,0,0,0,0,0,0,0,0,0,0,0,0,0,0,0,0,0,0,0,0,0,1,0,0
Tokelau,1951,11,1,1,0,0,0,0,0,0,0,0,0,0,0,0,0,0,0,0,0,0,0,0,0,0,0,0,0,0,0,0,1,0,0
Tokelau,1952,10,1,1,0,0,0,0,0,0,0,0,0,0,0,0,0,0,0,0,0,0,0,0,0,0,0,0,0,0,0,0,1,0,0
Tokelau,1953,10,1,1,0,0,0,0,0,0,0,0,0,0,0,0,0,0,0,0,0,0,0,0,0,0,0,0,0,0,0,0,1,0,0
Tokelau,1954,10,1,1,0,0,0,0,0,0,0,0,0,0,0,0,0,0,0,0,0,0,0,0,0,0,0,0,0,0,0,0,1,0,0
Tokelau,1955,10,1,1,0,0,0,0,0,0,0,0,0,0,0,0,0,0,0,0,0,0,0,0,0,0,0,0,0,0,0,0,1,0,0
Tokelau,1956,10,1,1,0,0,0,0,0,0,0,0,0,0,0,0,0,0,0,0,0,0,0,0,0,0,0,0,0,0,0,0,1,0,0
Tokelau,1957,10,1,1,0,0,0,0,0,0,0,0,0,0,0,0,0,0,0,0,0,0,0,0,0,0,0,0,0,0,0,0,1,0,0
Tokelau,1958,10,1,1,0,0,0,0,0,0,0,0,0,0,0,0,0,0,0,0,0,0,0,0,0,0,0,0,0,0,0,0,1,0,0
Tokelau,1959,10,1,1,0,0,0,0,0,0,0,0,0,0,0,0,0,0,0,0,0,0,0,0,0,0,0,0,0,0,0,0,1,0,0
Tokelau,1960,10,1,1,0,0,0,0,0,0,0,0,0,0,0,0,0,0,0,0,0,0,0,0,0,0,0,0,0,0,0,0,1,0,0
Tokelau,1961,10,1,1,0,0,0,0,0,0,0,0,0,0,0,0,0,0,0,0,0,0,0,0,0,0,0,0,0,0,0,0,1,0,0
Tokelau,1962,10,1,1,0,0,0,0,0,0,0,0,0,0,0,0,0,0,0,0,0,0,0,0,0,0,0,0,0,0,0,0,1,0,0
Tokelau,1963,10,1,1,0,0,0,0,0,0,0,0,0,0,0,0,0,0,0,0,0,0,0,0,0,0,0,0,0,0,0,0,1,0,0
Tokelau,1964,10,1,1,0,0,0,0,0,0,0,0,0,0,0,0,0,0,0,0,0,0,0,0,0,0,0,0,0,0,0,0,1,0,0
Tokelau,1965,10,1,1,0,0,0,0,0,0,0,0,0,0,0,0,0,0,0,0,0,0,0,0,0,0,0,0,0,0,0,0,1,0,0
Tokelau,1966,10,1,1,0,0,0,0,0,0,0,0,0,0,0,0,0,0,0,0,0,0,0,0,0,0,0,0,0,0,0,0,1,0,0
Tokelau,1967,10,1,1,0,0,0,0,0,0,0,0,0,0,0,0,0,0,0,0,0,0,0,0,0,0,0,0,0,0,0,0,1,0,0
Tokelau,1968,10,1,1,0,0,0,0,0,0,0,0,0,0,0,0,0,0,0,0,0,0,0,0,0,0,0,0,0,0,0,0,1,0,0
Tokelau,1969,9,1,1,0,0,0,0,0,0,0,0,0,0,0,0,0,0,0,0,0,0,0,0,0,0,0,0,0,0,0,0,1,0,0
Tokelau,1970,9,1,1,0,0,0,0,0,0,0,0,0,0,0,0,0,0,0,0,0,0,0,0,0,0,0,0,0,0,0,0,1,0,0
Tokelau,1971,9,1,1,0,0,0,0,0,0,0,0,0,0,0,0,0,0,0,0,0,0,0,0,0,0,0,0,0,0,0,0,1,0,0
Tokelau,1972,9,0,0,0,0,0,0,0,0,0,0,0,0,0,0,0,0,0,0,0,0,0,0,0,0,0,0,0,0,0,0,0,0,0
Tokelau,1973,9,0,0,0,0,0,0,0,0,0,0,0,0,0,0,0,0,0,0,0,0,0,0,0,0,0,0,0,0,0,0,0,0,0
Tokelau,1974,9,0,0,0,0,0,0,0,0,0,0,0,0,0,0,0,0,0,0,0,0,0,0,0,0,0,0,0,0,0,0,0,0,0
Tokelau,1975,9,0,0,0,0,0,0,0,0,0,0,0,0,0,0,0,0,0,0,0,0,0,0,0,0,0,0,0,0,0,0,0,0,0
Tokelau,1976,9,0,0,0,0,0,0,0,0,0,0,0,0,0,0,0,0,0,0,0,0,0,0,0,0,0,0,0,0,0,0,0,0,0
Tokelau,1977,8,0,0,0,0,0,0,0,0,0,0,0,0,0,0,0,0,0,0,0,0,0,0,0,0,0,0,0,0,0,0,0,0,0
Tokelau,1978,8,0,0,0,0,0,0,0,0,0,0,0,0,0,0,0,0,0,0,0,0,0,0,0,0,0,0,0,0,0,0,0,0,0
Tokelau,1979,8,0,0,0,0,0,0,0,0,0,0,0,0,0,0,0,0,0,0,0,0,0,0,0,0,0,0,0,0,0,0,0,0,0
Tokelau,1980,8,0,0,0,0,0,0,0,0,0,0,0,0,0,0,0,0,0,0,0,0,0,0,0,0,0,0,0,0,0,0,0,0,0
Tokelau,1981,8,0,0,0,0,0,0,0,0,0,0,0,0,0,0,0,0,0,0,0,0,0,0,0,0,0,0,0,0,0,0,0,0,0
Tokelau,1982,8,0,0,0,0,0,0,0,0,0,0,0,0,0,0,0,0,0,0,0,0,0,0,0,0,0,0,0,0,0,0,0,0,0
Tokelau,1983,8,0,0,0,0,0,0,0,0,0,0,0,0,0,0,0,0,0,0,0,0,0,0,0,0,0,0,0,0,0,0,0,0,0
Tokelau,1984,7,0,0,0,0,0,0,0,0,0,0,0,0,0,0,0,0,0,0,0,0,0,0,0,0,0,0,0,0,0,0,0,0,0
Tokelau,1985,7,0,0,0,0,0,0,0,0,0,0,0,0,0,0,0,0,0,0,0,0,0,0,0,0,0,0,0,0,0,0,0,0,0
Tokelau,1986,7,0,0,0,0,0,0,0,0,0,0,0,0,0,0,0,0,0,0,0,0,0,0,0,0,0,0,0,0,0,0,0,0,0
Tokelau,1987,7,0,0,0,0,0,0,0,0,0,0,0,0,0,0,0,0,0,0,0,0,0,0,0,0,0,0,0,0,0,0,0,0,0
Tokelau,1988,7,0,0,0,0,0,0,0,0,0,0,0,0,0,0,0,0,0,0,0,0,0,0,0,0,0,0,0,0,0,0,0,0,0
Tokelau,1989,7,0,0,0,0,0,0,0,0,0,0,0,0,0,0,0,0,0,0,0,0,0,0,0,0,0,0,0,0,0,0,0,0,0
Tokelau,1990,7,0,0,0,0,0,0,0,0,0,0,0,0,0,0,0,0,0,0,0,0,0,0,0,0,0,0,0,0,0,0,0,0,0
Tokelau,1991,7,0,0,0,0,0,0,0,0,0,0,0,0,0,0,0,0,0,0,0,0,0,0,0,0,0,0,0,0,0,0,0,0,0
Tokelau,1992,7,0,0,0,0,0,0,0,0,0,0,0,0,0,0,0,0,0,0,0,0,0,0,0,0,0,0,0,0,0,0,0,0,0
Tokelau,1993,7,0,0,0,0,0,0,0,0,0,0,0,0,0,0,0,0,0,0,0,0,0,0,0,0,0,0,0,0,0,0,0,0,0
Tokelau,1994,7,0,0,0,0,0,0,0,0,0,0,0,0,0,0,0,0,0,0,0,0,0,0,0,0,0,0,0,0,0,0,0,0,0
Tokelau,1995,7,0,0,0,0,0,0,0,0,0,0,0,0,0,0,0,0,0,0,0,0,0,0,0,0,0,0,0,0,0,0,0,0,0
Tokelau,1996,7,0,0,0,0,0,0,0,0,0,0,0,0,0,0,0,0,0,0,0,0,0,0,0,0,0,0,0,0,0,0,0,0,0
Tokelau,1997,7,0,0,0,0,0,0,0,0,0,0,0,0,0,0,0,0,0,0,0,0,0,0,0,0,0,0,0,0,0,0,0,0,0
Tokelau,1998,7,0,0,0,0,0,0,0,0,0,0,0,0,0,0,0,0,0,0,0,0,0,0,0,0,0,0,0,0,0,0,0,0,0
Tokelau,1999,7,0,0,0,0,0,0,0,0,0,0,0,0,0,0,0,0,0,0,0,0,0,0,0,0,0,0,0,0,0,0,0,0,0
Tokelau,2000,7,0,0,0,0,0,0,0,0,0,0,0,0,0,0,0,0,0,0,0,0,0,0,0,0,0,0,0,0,0,0,0,0,0
Tokelau,2001,7,0,0,0,0,0,0,0,0,0,0,0,0,0,0,0,0,0,0,0,0,0,0,0,0,0,0,0,0,0,0,0,0,0
Tokelau,2002,7,0,0,0,0,0,0,0,0,0,0,0,0,0,0,0,0,0,0,0,0,0,0,0,0,0,0,0,0,0,0,0,0,0
Tokelau,2003,7,0,0,0,0,0,0,0,0,0,0,0,0,0,0,0,0,0,0,0,0,0,0,0,0,0,0,0,0,0,0,0,0,0
Tokelau,2004,7,0,0,0,0,0,0,0,0,0,0,0,0,0,0,0,0,0,0,0,0,0,0,0,0,0,0,0,0,0,0,0,0,0
Tokelau,2005,7,0,0,0,0,0,0,0,0,0,0,0,0,0,0,0,0,0,0,0,0,0,0,0,0,0,0,0,0,0,0,0,0,0
Tokelau,2006,7,0,0,0,0,0,0,0,0,0,0,0,0,0,0,0,0,0,0,0,0,0,0,0,0,0,0,0,0,0,0,0,0,0
Tokelau,2007,7,0,0,0,0,0,0,0,0,0,0,0,0,0,0,0,0,0,0,0,0,0,0,0,0,0,0,0,0,0,0,0,0,0
Tokelau,2008,7,0,0,0,0,0,0,0,0,0,0,0,0,0,0,0,0,0,0,0,0,0,0,0,0,0,0,0,0,0,0,0,0,0
Tokelau,2009,7,0,0,0,0,0,0,0,0,0,0,0,0,0,0,0,0,0,0,0,0,0,0,0,0,0,0,0,0,0,0,0,0,0
Tokelau,2010,7,0,0,0,0,0,0,0,0,0,0,0,0,0,0,0,0,0,0,0,0,0,0,0,0,0,0,0,0,0,0,0,0,0
Tokelau,2011,7,0,0,0,0,0,0,0,0,0,0,0,0,0,0,0,0,0,0,0,0,0,0,0,0,0,0,0,0,0,0,0,0,0
Tokelau,2012,7,0,0,0,0,0,0,0,0,0,0,0,0,0,0,0,0,0,0,0,0,0,0,0,0,0,0,0,0,0,0,0,0,0
Tokelau,2013,7,0,0,0,0,0,0,0,0,0,0,0,0,0,0,0,0,0,0,0,0,0,0,0,0,0,0,0,0,0,0,0,0,0
Tokelau,2014,7,0,0,0,0,0,0,0,0,0,0,0,0,0,0,0,0,0,0,0,0,0,0,0,0,0,0,0,0,0,0,0,0,0
Tokelau,2015,7,0,0,0,0,0,0,0,0,0,0,0,0,0,0,0,0,0,0,0,0,0,0,0,0,0,0,0,0,0,0,0,0,0
Tokelau,2016,7,0,0,0,0,0,0,0,0,0,0,0,0,0,0,0,0,0,0,0,0,0,0,0,0,0,0,0,0,0,0,0,0,0
Tokelau,2017,7,0,0,0,0,0,0,0,0,0,0,0,0,0,0,0,0,0,0,0,0,0,0,0,0,0,0,0,0,0,0,0,0,0
Tokelau,2018,7,0,0,0,0,0,0,0,0,0,0,0,0,0,0,0,0,0,0,0,0,0,0,0,0,0,0,0,0,0,0,0,0,0
Tokelau,2019,7,0,0,0,0,0,0,0,0,0,0,0,0,0,0,0,0,0,0,0,0,0,0,0,0,0,0,0,0,0,0,0,0,0
Tokelau,2020,7,0,0,0,0,0,0,0,0,0,0,0,0,0,0,0,0,0,0,0,0,0,0,0,0,0,0,0,0,0,0,0,0,0
Tokelau,2021,7,0,0,0,0,0,0,0,0,0,0,0,0,0,0,0,0,0,0,0,0,0,0,0,0,0,0,0,0,0,0,0,0,0
Tonga,1950,338,88,121,33,11,5,10,20,14,13,20,27,52,39,6,10,10,9,5,5,8,10,10,11,16,22,30,24,15,6,0,132,15,0
Tonga,1951,338,90,123,33,12,5,10,20,15,13,20,27,49,39,6,10,10,10,5,5,8,10,10,11,16,22,27,24,15,6,0,135,15,0
Tonga,1952,336,91,124,33,11,5,10,20,17,13,20,26,46,38,6,10,10,10,7,5,8,10,10,11,15,21,25,24,14,6,0,135,15,0
Tonga,1953,334,91,123,32,11,5,10,20,19,13,20,26,45,37,6,10,10,10,9,5,8,10,10,11,15,20,25,23,14,6,0,134,15,0
Tonga,1954,331,92,124,32,11,5,10,20,20,13,20,26,44,37,6,10,10,10,10,5,8,10,10,11,15,20,24,23,14,6,0,135,15,0
Tonga,1955,330,92,123,31,11,5,10,20,20,15,20,26,42,36,6,10,10,10,10,7,8,10,10,11,15,19,23,22,14,6,0,134,15,0
Tonga,1956,328,93,124,31,11,5,9,20,20,20,20,26,39,35,6,10,10,10,10,10,10,10,10,11,15,19,20,22,13,6,0,135,14,0
Tonga,1957,327,93,123,30,11,5,9,20,20,20,20,27,39,33,6,10,10,10,10,10,10,10,10,12,15,19,20,20,13,6,0,134,14,0
Tonga,1958,325,93,123,30,11,5,9,20,20,20,20,28,39,33,6,10,10,10,10,10,10,10,10,13,15,19,20,20,13,6,0,134,14,0
Tonga,1959,324,93,122,29,11,5,9,20,20,20,20,29,39,33,6,10,10,10,10,10,10,10,10,14,15,19,20,20,13,6,0,133,14,0
Tonga,1960,323,92,121,29,10,5,9,20,20,20,20,29,39,32,5,10,10,10,10,10,10,10,10,14,15,19,20,19,13,5,0,131,14,0
Tonga,1961,321,91,120,29,11,5,9,20,20,20,20,30,39,30,5,10,10,10,10,10,10,10,10,15,15,19,20,18,12,5,0,131,14,0
Tonga,1962,316,89,116,27,10,5,9,20,20,20,20,30,39,30,5,10,10,10,10,10,10,10,10,15,15,19,20,18,12,5,0,126,14,0
Tonga,1963,312,86,112,26,10,5,9,20,20,20,20,30,39,29,5,10,10,10,10,10,10,10,10,15,15,19,20,18,11,5,0,122,14,0
Tonga,1964,306,83,108,25,10,5,8,20,20,20,20,30,40,29,5,10,10,10,10,10,10,10,10,15,15,20,20,18,11,5,0,118,13,0
Tonga,1965,300,79,102,23,9,5,8,20,20,20,20,29,40,29,5,10,10,10,10,10,10,10,10,14,15,20,20,18,11,5,0,111,13,0
Tonga,1966,293,76,97,21,9,5,8,13,20,20,20,30,40,29,5,8,5,10,10,10,10,10,10,14,16,20,20,18,11,5,0,106,13,0
Tonga,1967,287,72,91,19,8,5,7,12,17,20,20,30,40,29,5,7,5,7,10,10,10,10,10,14,16,20,20,19,10,5,0,99,12,0
Tonga,1968,277,66,84,18,8,5,6,10,15,20,20,30,40,29,5,5,5,5,10,10,10,10,10,14,16,20,20,19,10,5,0,92,11,0
Tonga,1969,267,60,76,16,7,5,5,10,13,20,20,29,40,30,4,5,5,5,8,10,10,10,10,13,16,20,20,19,11,4,0,83,10,0
Tonga,1970,257,55,70,15,7,5,5,10,12,20,20,29,40,31,4,5,5,5,7,10,10,10,10,13,16,20,20,19,12,4,0,77,10,0
Tonga,1971,249,50,63,13,7,5,5,10,11,20,20,29,40,30,4,5,5,5,6,10,10,10,10,13,16,20,20,18,12,4,0,70,10,0
Tonga,1972,244,47,59,12,6,5,5,10,10,20,20,29,40,30,4,5,5,5,5,10,10,10,10,13,16,20,20,18,12,4,0,65,10,0
Tonga,1973,242,44,55,11,7,5,5,10,10,20,20,29,40,30,4,5,5,5,5,10,10,10,10,13,16,20,20,18,12,4,0,62,10,0
Tonga,1974,239,42,52,10,6,5,5,10,10,20,20,30,40,30,4,5,5,5,5,10,10,10,10,14,16,20,20,18,12,4,0,58,10,0
Tonga,1975,241,40,49,9,6,5,5,10,10,20,21,31,40,31,4,5,5,5,5,10,10,10,11,15,16,20,20,19,12,4,0,55,10,0
Tonga,1976,243,39,48,9,5,5,5,10,10,20,22,31,44,34,6,5,5,5,5,10,10,10,12,15,16,20,24,21,13,6,0,53,10,0
Tonga,1977,247,38,47,9,5,5,5,10,10,20,23,30,45,35,6,5,5,5,5,10,10,10,13,15,15,20,25,22,13,6,0,52,10,0
Tonga,1978,248,37,44,7,5,5,7,10,10,20,24,31,45,38,6,5,5,5,5,10,10,10,14,15,16,20,25,23,15,6,0,49,12,0
Tonga,1979,250,36,43,7,5,5,7,10,10,20,26,31,45,38,7,5,5,5,5,10,10,11,15,15,16,20,25,24,14,7,0,48,12,0
Tonga,1980,252,35,42,7,5,5,7,10,10,20,26,33,45,38,7,5,5,5,5,10,10,11,15,15,18,20,25,24,14,7,0,47,12,0
Tonga,1981,254,34,40,6,5,5,7,10,10,20,28,33,45,41,7,5,5,5,5,10,10,13,15,15,18,20,25,25,16,7,0,45,12,0
Tonga,1982,261,34,41,7,5,5,8,11,10,20,29,35,45,42,8,6,5,5,5,10,10,14,15,15,20,20,25,25,17,7,1,46,13,0
Tonga,1983,259,32,38,6,5,5,8,11,10,19,28,37,44,44,8,6,5,5,5,9,10,13,15,17,20,20,24,25,19,7,1,43,13,0
Tonga,1984,263,31,37,6,5,5,8,11,10,18,28,37,46,46,8,6,5,5,5,8,10,13,15,17,20,23,23,25,21,7,1,42,13,0
Tonga,1985,266,29,34,5,5,5,8,11,10,18,28,37,47,48,9,6,5,5,5,8,10,13,15,17,20,23,24,25,23,8,1,39,13,0
Tonga,1986,268,28,33,5,5,5,8,12,10,19,28,36,47,49,11,7,5,5,5,9,10,13,15,16,20,22,25,26,23,10,1,38,13,0
Tonga,1987,270,26,31,5,5,5,8,12,10,19,28,38,46,49,13,7,5,5,5,9,10,13,15,17,21,22,24,25,24,12,1,36,13,0
Tonga,1988,271,26,30,4,5,5,8,13,10,19,28,41,50,49,15,8,5,5,5,9,10,13,15,19,22,24,26,25,24,14,1,35,13,0
Tonga,1989,272,25,29,4,5,5,7,13,10,19,31,42,53,48,16,8,5,5,5,9,10,14,17,20,22,25,28,25,23,14,2,34,12,0
Tonga,1990,273,24,28,4,5,5,7,14,10,19,30,42,53,44,15,9,5,5,5,9,10,14,16,20,22,25,28,23,21,13,2,33,12,0
Tonga,1991,271,23,27,4,5,5,6,14,10,18,30,41,53,45,15,9,5,5,5,8,10,14,16,20,21,25,28,25,20,12,3,32,11,0
Tonga,1992,272,23,27,4,5,5,5,13,10,18,28,42,56,46,15,8,5,5,5,8,10,13,15,20,22,28,28,27,19,12,3,32,10,0
Tonga,1993,272,22,26,4,5,5,5,10,10,18,28,43,56,46,15,5,5,5,5,8,10,13,15,20,23,27,29,28,18,12,3,31,10,0
Tonga,1994,273,21,25,4,5,5,5,10,10,18,28,43,57,48,15,5,5,5,5,8,10,13,15,20,23,27,30,29,19,12,3,30,10,0
Tonga,1995,274,20,24,4,5,5,5,10,10,18,27,43,56,50,13,5,5,5,5,8,10,12,15,20,23,26,30,30,20,10,3,29,10,0
Tonga,1996,275,20,24,4,5,5,5,10,10,18,27,44,56,52,13,5,5,5,5,8,10,12,15,19,25,26,30,30,22,10,3,29,10,0
Tonga,1997,277,19,23,4,5,5,5,10,10,17,28,44,57,55,13,5,5,5,5,7,10,13,15,19,25,27,30,30,25,10,3,28,10,1
Tonga,1998,279,19,23,4,5,5,5,10,10,17,29,44,60,56,13,5,5,5,5,7,10,13,16,20,24,28,32,31,25,10,3,28,10,1
Tonga,1999,282,18,22,4,5,5,5,10,10,17,29,44,60,59,13,5,5,5,5,7,10,13,16,20,24,29,31,32,27,10,3,27,10,1
Tonga,2000,285,18,22,4,5,5,5,10,10,17,29,45,62,58,14,5,5,5,5,7,10,13,16,20,25,30,32,32,26,11,3,27,10,1
Tonga,2001,289,17,21,4,5,5,5,10,10,19,27,45,65,58,15,5,5,5,5,9,10,12,15,20,25,30,35,33,25,12,3,26,10,1
Tonga,2002,291,17,21,4,5,5,5,10,10,19,27,44,65,60,17,5,5,5,5,9,10,12,15,20,24,30,35,34,26,14,3,26,10,1
Tonga,2003,294,17,21,4,5,5,5,10,10,19,27,45,65,60,19,5,5,5,5,9,10,12,15,20,25,30,35,34,26,16,3,26,10,1
Tonga,2004,297,17,21,4,5,5,5,10,15,20,28,45,67,60,20,5,5,5,10,10,10,13,15,20,25,31,36,35,25,17,3,26,10,0
Tonga,2005,303,16,20,4,5,5,5,10,15,20,29,46,69,61,22,5,5,5,10,10,10,13,16,21,25,32,37,35,26,18,4,25,10,0
Tonga,2006,305,16,20,4,5,5,5,10,15,20,29,45,67,63,22,5,5,5,10,10,10,13,16,20,25,31,36,37,26,18,4,25,10,0
Tonga,2007,306,15,19,4,5,5,5,10,14,20,29,47,66,64,22,5,5,5,9,10,10,13,16,20,27,31,35,38,26,16,6,24,10,0
Tonga,2008,308,15,19,4,5,4,5,10,14,20,28,46,66,65,23,5,5,5,9,10,10,13,15,20,26,31,35,39,26,16,7,24,9,1
Tonga,2009,315,15,19,4,5,5,5,10,14,20,30,46,68,66,21,5,5,5,9,10,10,15,15,20,26,30,38,38,28,14,7,24,10,1
Tonga,2010,311,14,18,4,5,5,5,10,14,20,30,45,68,68,21,5,5,5,9,10,10,15,15,21,24,31,37,39,29,14,7,23,10,1
Tonga,2011,313,14,18,4,5,5,5,10,13,20,32,46,70,70,20,5,5,5,8,10,10,15,17,21,25,33,37,40,30,14,6,23,10,1
Tonga,2012,315,13,17,4,5,5,5,10,13,20,31,47,69,72,20,5,5,5,8,10,10,15,16,20,27,33,36,41,31,15,5,22,10,1
Tonga,2013,318,13,17,4,5,5,5,10,13,20,31,46,69,73,21,5,5,5,8,10,10,14,17,20,26,33,36,41,32,15,6,22,10,1
Tonga,2014,320,13,17,4,5,5,6,10,13,22,31,45,71,74,20,5,5,5,8,10,12,14,17,20,25,31,40,42,32,16,4,22,11,1
Tonga,2015,322,12,16,4,5,5,5,10,14,24,31,45,71,76,20,5,5,5,9,10,14,15,16,20,25,31,40,42,34,16,4,21,10,1
Tonga,2016,323,12,16,4,4,5,5,10,14,24,34,45,70,76,23,5,5,5,9,10,14,15,19,21,24,30,40,41,35,19,4,20,10,1
Tonga,2017,325,11,15,4,4,4,5,10,16,24,34,47,71,77,20,5,5,7,9,10,14,15,19,21,26,32,39,40,37,18,2,19,9,1
Tonga,2018,327,11,15,4,4,3,5,10,16,23,33,45,72,78,22,5,5,6,10,10,13,15,18,20,25,31,41,42,36,19,3,19,8,1
Tonga,2019,328,11,14,3,4,3,6,10,16,23,33,45,70,79,22,5,5,6,10,10,13,15,18,20,25,31,39,43,36,18,4,18,9,1
Tonga,2020,330,10,12,2,4,3,6,10,16,23,34,45,69,81,23,5,5,6,10,10,13,16,18,20,25,31,38,44,37,19,4,16,9,1
Tonga,2021,335,10,11,1,4,3,7,11,15,23,38,47,69,80,25,6,5,5,10,10,13,18,20,20,27,30,39,44,36,20,5,15,10,1
Trinidad and Tobago,1950,4033,940,1127,187,53,31,50,161,228,320,410,619,679,294,56,73,88,103,125,146,174,198,212,243,376,380,299,187,107,44,12,1180,81,2
Trinidad and Tobago,1951,4025,942,1133,191,53,31,50,160,228,329,420,591,679,290,52,73,87,103,125,150,179,204,216,238,353,375,304,187,103,42,10,1186,81,2
Trinidad and Tobago,1952,4127,928,1113,185,56,32,53,166,240,350,453,595,710,303,53,75,91,108,132,160,190,222,231,249,346,389,321,199,104,42,11,1169,85,2
Trinidad and Tobago,1953,3861,914,1093,179,52,31,50,152,220,329,428,528,651,279,49,68,84,99,121,150,179,212,216,236,292,351,300,186,93,38,11,1145,81,2
Trinidad and Tobago,1954,3658,922,1097,175,51,31,45,138,202,308,404,480,595,261,44,62,76,91,111,140,168,201,203,225,255,316,279,176,85,35,9,1148,76,2
Trinidad and Tobago,1955,3768,915,1089,174,54,32,47,143,211,324,434,494,611,282,44,65,78,95,116,145,179,215,219,239,255,318,293,191,91,35,9,1143,79,1
Trinidad and Tobago,1956,3454,871,1040,169,47,31,43,128,189,293,400,448,535,260,40,58,70,84,105,131,162,198,202,220,228,272,263,177,83,32,8,1087,74,1
Trinidad and Tobago,1957,3642,845,1009,164,47,34,48,138,206,321,446,494,562,293,42,63,75,91,115,142,179,219,227,243,251,276,286,199,94,34,8,1056,82,1
Trinidad and Tobago,1958,3306,832,988,156,47,30,43,119,178,281,399,443,473,265,39,55,64,79,99,123,158,194,205,216,227,225,248,179,86,31,8,1035,73,1
Trinidad and Tobago,1959,3340,825,976,151,43,32,45,119,178,287,414,462,466,281,41,55,64,78,100,125,162,199,215,224,238,217,249,188,93,33,8,1019,77,1
Trinidad and Tobago,1960,3087,820,965,145,45,27,41,105,154,254,373,421,403,256,36,49,56,68,86,110,144,179,194,205,216,188,215,169,87,29,7,1010,68,1
Trinidad and Tobago,1961,3232,807,947,140,40,30,45,114,163,270,407,464,423,284,44,54,60,72,91,116,154,194,213,226,238,202,221,185,99,36,8,987,75,1
Trinidad and Tobago,1962,3193,786,923,137,44,29,44,107,155,256,401,468,419,293,45,50,57,68,87,110,146,189,212,229,239,207,212,188,105,37,8,967,73,1
Trinidad and Tobago,1963,3159,753,888,135,44,29,44,105,149,249,397,476,417,307,51,50,55,65,84,108,141,186,211,235,241,214,203,193,114,42,9,932,73,1
Trinidad and Tobago,1964,3266,713,840,127,43,30,44,112,151,257,418,521,449,341,62,55,57,66,85,111,146,193,225,257,264,235,214,210,131,51,11,883,74,1
Trinidad and Tobago,1965,3288,674,795,121,41,31,45,111,150,254,419,547,466,361,72,55,56,66,84,108,146,193,226,268,279,245,221,217,144,59,13,836,76,2
Trinidad and Tobago,1966,3325,635,751,116,40,31,45,110,145,252,422,574,486,383,85,55,55,64,81,107,145,194,228,277,297,255,231,225,158,68,17,791,76,2
Trinidad and Tobago,1967,3299,601,710,109,41,30,44,110,140,241,406,582,495,394,102,55,55,62,78,102,139,185,221,276,306,259,236,226,168,80,22,751,74,3
Trinidad and Tobago,1968,3536,577,680,103,39,34,49,117,147,256,436,646,555,447,128,60,57,65,82,107,149,199,237,299,347,292,263,248,199,99,29,719,83,4
Trinidad and Tobago,1969,3630,541,639,98,41,33,50,120,146,254,438,673,592,481,158,60,60,64,82,107,147,200,238,305,368,317,275,265,216,118,40,680,83,5
Trinidad and Tobago,1970,3669,532,624,92,38,34,50,119,143,246,429,676,611,505,188,60,59,63,80,103,143,195,234,299,377,336,275,273,232,135,53,662,84,7
Trinidad and Tobago,1971,3625,538,624,86,37,32,52,120,141,241,425,666,624,476,178,60,60,62,79,101,140,194,231,292,374,349,275,257,219,130,48,661,84,9
Trinidad and Tobago,1972,3838,549,632,83,38,36,58,132,151,255,457,710,691,489,183,66,66,66,85,107,148,208,249,310,400,387,304,266,223,134,49,670,94,10
Trinidad and Tobago,1973,3632,542,622,80,34,34,55,129,138,237,428,662,673,442,164,64,65,62,76,100,137,194,234,290,372,375,298,244,198,120,44,656,89,9
Trinidad and Tobago,1974,3457,527,608,81,31,32,51,128,131,225,405,622,658,405,151,64,64,60,71,95,130,183,222,274,348,362,296,226,179,110,41,639,83,9
Trinidad and Tobago,1975,3410,514,594,80,29,30,50,129,130,217,396,610,670,396,145,64,65,61,69,91,126,177,219,271,339,362,308,223,173,105,40,623,80,9
Trinidad and Tobago,1976,3488,509,586,77,28,31,53,132,135,220,406,625,708,410,146,67,65,65,70,94,126,180,226,280,345,374,334,236,174,105,41,614,84,9
Trinidad and Tobago,1977,3576,505,578,73,27,31,55,140,143,224,415,640,739,427,146,71,69,70,73,95,129,183,232,288,352,383,356,252,175,105,41,605,86,9
Trinidad and Tobago,1978,3567,510,582,72,26,28,54,142,143,219,408,636,743,436,140,72,70,70,73,92,127,179,229,287,349,378,365,263,173,100,40,608,82,9
Trinidad and Tobago,1979,3421,514,584,70,26,26,50,136,141,204,381,601,706,427,128,67,69,70,71,85,119,166,215,271,330,354,352,263,164,92,36,610,76,8
Trinidad and Tobago,1980,3627,513,582,69,27,26,53,148,155,217,401,644,756,474,134,72,76,75,80,90,127,175,226,291,353,375,381,297,177,97,37,609,79,9
Trinidad and Tobago,1981,3706,513,581,68,27,25,52,154,163,218,404,660,772,505,136,74,80,79,84,91,127,177,227,297,363,380,392,317,188,100,36,608,77,8
Trinidad and Tobago,1982,3598,503,569,66,25,24,48,150,161,208,387,637,739,508,131,72,78,78,83,88,120,170,217,285,352,363,376,318,190,97,34,594,72,8
Trinidad and Tobago,1983,3697,485,552,67,28,24,48,157,170,215,394,658,765,544,134,74,83,82,88,93,122,174,220,294,364,376,389,338,206,100,34,580,72,8
Trinidad and Tobago,1984,3810,461,526,65,28,26,48,163,181,224,406,683,793,585,139,77,86,88,93,98,126,179,227,303,380,392,401,359,226,105,34,554,74,8
Trinidad and Tobago,1985,3865,446,508,62,28,26,47,162,191,231,412,695,806,609,145,75,87,93,98,105,126,181,231,306,389,401,405,368,241,110,35,536,73,8
Trinidad and Tobago,1986,3763,426,485,59,28,25,43,155,189,228,395,676,782,604,146,70,85,92,97,105,123,174,221,296,380,393,389,358,246,112,34,513,68,7
Trinidad and Tobago,1987,3681,398,455,57,28,25,40,152,191,227,381,657,767,601,151,68,84,94,97,106,121,168,213,286,371,386,381,352,249,116,35,483,65,7
Trinidad and Tobago,1988,3864,368,423,55,28,27,43,159,207,246,401,696,820,645,167,69,90,101,106,116,130,175,226,301,395,415,405,374,271,129,38,451,70,8
Trinidad and Tobago,1989,3794,339,391,52,26,26,42,153,207,250,393,680,812,638,173,65,88,99,108,119,131,171,222,294,386,410,402,366,272,134,39,417,68,8
Trinidad and Tobago,1990,4068,314,363,49,26,28,45,160,231,279,422,734,884,691,197,67,93,109,122,132,147,182,240,317,417,447,437,394,297,151,46,389,73,10
Trinidad and Tobago,1991,3820,295,339,44,26,27,44,146,219,270,394,682,836,643,190,61,85,102,117,127,143,171,223,293,389,422,414,364,279,146,44,365,71,9
Trinidad and Tobago,1992,4069,280,322,42,22,29,45,149,239,298,420,727,901,689,212,63,86,112,127,138,160,185,235,314,413,454,447,391,298,161,51,344,74,10
Trinidad and Tobago,1993,3983,265,305,40,22,28,45,143,238,299,413,708,887,673,211,61,82,109,129,139,160,185,228,306,402,444,443,382,291,159,52,327,73,9
Trinidad and Tobago,1994,4025,252,290,38,20,27,46,141,240,314,420,713,901,685,218,63,78,109,131,146,168,193,227,308,405,450,451,392,293,162,56,310,73,10
Trinidad and Tobago,1995,3992,239,274,35,21,25,46,138,237,323,421,704,895,681,220,63,75,107,130,151,172,198,223,305,399,443,452,392,289,163,57,295,71,10
Trinidad and Tobago,1996,3971,231,264,33,19,24,46,134,232,329,426,691,892,682,220,63,71,102,130,154,175,203,223,298,393,440,452,395,287,163,57,283,70,10
Trinidad and Tobago,1997,4396,225,257,32,19,27,51,149,255,373,485,763,996,761,245,71,78,109,146,175,198,236,249,329,434,489,507,443,318,181,64,276,78,12
Trinidad and Tobago,1998,4131,222,253,31,16,24,47,138,236,359,467,708,929,717,229,66,72,98,138,168,191,228,239,304,404,455,474,419,298,168,61,269,71,11
Trinidad and Tobago,1999,4629,222,252,30,16,25,52,156,260,413,542,792,1043,814,254,74,82,105,155,189,224,266,276,339,453,509,534,476,338,187,67,268,77,12
Trinidad and Tobago,2000,4314,222,252,30,18,22,47,147,232,390,519,730,961,757,230,69,78,93,139,177,213,253,266,311,419,468,493,443,314,171,59,270,69,11
Trinidad and Tobago,2001,4154,220,248,28,12,19,42,140,217,381,513,697,917,733,223,66,74,87,130,170,211,248,265,299,398,444,473,429,304,164,59,260,61,11
Trinidad and Tobago,2002,3840,217,245,28,14,16,36,128,191,354,481,634,837,683,210,60,68,77,114,157,197,231,250,275,359,404,433,398,285,153,57,259,52,10
Trinidad and Tobago,2003,4302,215,244,29,11,18,39,143,207,400,554,713,939,782,239,67,76,85,122,175,225,264,290,315,398,452,487,453,329,175,64,255,57,12
Trinidad and Tobago,2004,3877,211,238,27,11,14,34,125,181,356,510,640,836,704,220,58,67,77,104,154,202,245,265,289,351,401,435,406,298,161,59,249,48,11
Trinidad and Tobago,2005,3911,207,234,27,10,14,30,122,177,353,525,648,836,723,230,54,68,78,99,151,202,253,272,298,350,402,434,413,310,168,62,244,44,12
Trinidad and Tobago,2006,4249,205,231,26,12,13,31,129,186,376,582,716,901,799,258,56,73,84,102,158,218,281,301,336,380,433,468,454,345,190,68,243,44,14
Trinidad and Tobago,2007,4226,202,226,24,10,12,29,123,181,369,588,725,886,801,262,52,71,83,98,150,219,284,304,344,381,424,462,452,349,193,69,236,41,14
Trinidad and Tobago,2008,4336,198,222,24,11,12,26,123,183,366,612,758,898,828,278,51,72,84,99,145,221,295,317,362,396,428,470,464,364,204,74,233,38,16
Trinidad and Tobago,2009,3822,190,214,24,10,9,22,102,159,310,541,676,778,731,254,43,59,73,86,120,190,255,286,323,353,369,409,407,324,186,68,224,31,14
Trinidad and Tobago,2010,4178,185,207,22,10,11,22,106,175,324,598,760,847,812,294,43,63,80,95,124,200,278,320,361,399,401,446,448,364,213,81,217,33,17
Trinidad and Tobago,2011,4240,180,201,21,11,10,20,100,172,316,611,789,854,825,311,40,60,78,94,120,196,280,331,373,416,406,448,450,375,225,86,212,30,19
Trinidad and Tobago,2012,4303,174,195,21,7,10,18,94,175,307,625,817,865,840,329,37,57,80,95,117,190,286,339,382,435,416,449,454,386,236,93,202,28,20
Trinidad and Tobago,2013,4334,167,188,21,11,10,18,86,172,296,628,839,870,849,344,33,53,77,95,116,180,284,344,391,448,424,446,455,394,245,99,199,28,22
Trinidad and Tobago,2014,4385,159,179,20,10,10,17,82,171,289,623,867,886,864,363,31,51,75,96,117,172,280,343,405,462,439,447,460,404,258,105,189,27,24
Trinidad and Tobago,2015,4369,152,171,19,9,10,14,76,164,276,612,883,895,858,378,29,47,71,93,115,161,270,342,412,471,450,445,455,403,266,112,180,24,26
Trinidad and Tobago,2016,4643,145,164,19,10,10,16,75,170,286,636,956,967,911,416,29,46,72,98,123,163,275,361,447,509,493,474,481,430,292,124,174,26,30
Trinidad and Tobago,2017,4816,138,155,17,10,10,16,71,172,289,648,1005,1023,942,449,27,44,71,101,126,163,273,375,470,535,527,496,497,445,312,137,165,26,33
Trinidad and Tobago,2018,5112,133,154,21,11,11,17,73,175,305,667,1080,1110,988,483,29,44,70,105,134,171,273,394,503,577,574,536,520,468,335,148,165,28,37
Trinidad and Tobago,2019,5196,130,149,19,11,11,18,69,171,311,653,1107,1152,1000,505,27,42,68,103,136,175,262,391,504,603,596,556,526,474,346,159,160,29,39
Trinidad and Tobago,2020,5302,120,139,19,10,10,17,62,161,310,632,1140,1219,1030,521,24,38,62,99,135,175,251,381,510,630,628,591,545,485,356,165,149,27,41
Trinidad and Tobago,2021,6214,115,134,19,10,10,19,67,180,364,705,1343,1479,1263,598,27,40,67,113,159,205,276,429,589,754,759,720,672,591,411,187,144,29,45
Tunisia,1950,50789,15195,23150,7955,1485,723,1090,2671,2770,2923,3395,4131,4669,3176,602,1323,1348,1347,1423,1435,1488,1632,1763,2138,1993,2757,1912,2420,756,562,40,24635,1813,1
Tunisia,1951,49830,15476,23584,8108,1448,709,1046,2554,2656,2830,3289,3994,4350,2876,487,1267,1287,1289,1367,1392,1438,1580,1709,2073,1921,2542,1808,2041,835,432,55,25032,1755,2
Tunisia,1952,49084,15734,23966,8232,1404,701,998,2446,2544,2749,3194,3939,4139,2622,377,1218,1228,1236,1308,1356,1393,1523,1671,2001,1938,2297,1842,1657,965,298,79,25370,1699,4
Tunisia,1953,49354,15990,24294,8304,1329,675,975,2554,2653,2561,2842,3850,4333,2837,440,1288,1266,1298,1355,1298,1263,1363,1479,1866,1984,2163,2170,1580,1257,303,137,25623,1650,7
Tunisia,1954,48622,16235,24639,8404,1292,679,948,2481,2578,2521,2811,3784,4070,2455,356,1253,1228,1264,1314,1278,1243,1339,1472,1797,1987,1949,2121,1278,1177,230,126,25931,1627,6
Tunisia,1955,47814,16463,24940,8477,1260,680,926,2393,2488,2457,2768,3618,3728,2205,339,1212,1181,1222,1266,1241,1216,1313,1455,1693,1925,1798,1930,1155,1050,225,114,26200,1606,5
Tunisia,1956,47478,16675,25242,8567,1233,680,914,2322,2420,2410,2743,3558,3525,2057,368,1175,1147,1189,1231,1210,1200,1300,1443,1672,1886,1717,1808,1128,929,275,93,26475,1594,8
Tunisia,1957,46568,16750,25321,8571,1197,680,911,2215,2319,2311,2626,3321,3324,1927,404,1119,1096,1137,1182,1153,1158,1257,1369,1559,1762,1736,1588,1154,773,337,67,26518,1591,13
Tunisia,1958,45693,16719,25301,8582,1157,650,885,2115,2221,2214,2542,3111,3107,1931,442,1061,1054,1088,1133,1094,1120,1219,1323,1527,1584,1673,1434,1243,688,393,49,26458,1535,15
Tunisia,1959,44768,16650,25147,8497,1119,617,856,2013,2122,2112,2453,3018,2989,1858,449,1005,1008,1040,1082,1037,1075,1179,1274,1504,1514,1661,1328,1260,598,403,46,26266,1473,16
Tunisia,1960,43446,16533,24920,8387,1086,588,826,1925,2036,2017,2380,2776,2764,1721,396,962,963,1000,1036,986,1031,1147,1233,1437,1339,1586,1178,1183,538,349,47,26006,1414,13
Tunisia,1961,42576,16394,24629,8235,1060,559,798,1856,1967,1946,2326,2733,2594,1730,367,932,924,967,1000,949,997,1124,1202,1401,1332,1473,1121,1158,572,311,56,25689,1357,9
Tunisia,1962,41206,16225,24286,8061,1038,537,758,1768,1878,1840,2258,2547,2380,1596,316,898,870,928,950,898,942,1094,1164,1342,1205,1327,1053,1000,596,252,64,25324,1295,6
Tunisia,1963,39650,15982,23820,7838,1008,518,716,1691,1804,1752,2202,2394,2123,1363,255,869,822,897,907,859,893,1069,1133,1285,1109,1119,1004,792,571,191,64,24828,1234,4
Tunisia,1964,38629,15693,23306,7613,983,505,673,1626,1733,1673,2151,2359,2003,1347,269,844,782,863,870,824,849,1043,1108,1251,1108,1014,989,723,624,198,71,24289,1178,4
Tunisia,1965,37221,15480,22849,7369,953,492,635,1565,1668,1600,2111,2200,1717,1191,237,814,751,831,837,789,811,1020,1091,1209,991,855,862,615,576,180,57,23802,1127,4
Tunisia,1966,36399,15132,22247,7115,924,480,600,1504,1605,1536,2066,2294,1801,1126,213,782,722,797,808,757,779,991,1075,1225,1069,939,862,594,532,170,43,23171,1080,4
Tunisia,1967,35226,14493,21198,6705,897,479,575,1440,1534,1486,2053,2357,1817,1141,241,745,695,754,780,731,755,971,1082,1237,1120,948,869,643,498,201,40,22095,1054,5
Tunisia,1968,33951,13830,20136,6306,870,476,562,1383,1472,1442,2040,2415,1832,1079,236,708,675,715,757,706,736,950,1090,1267,1148,1021,811,652,427,205,31,21006,1038,5
Tunisia,1969,33161,13264,19273,6009,867,481,558,1336,1423,1409,2036,2508,1956,1072,235,676,660,687,736,687,722,936,1100,1313,1195,1121,835,686,386,206,29,20140,1039,5
Tunisia,1970,31764,12535,18048,5513,822,459,544,1289,1394,1309,1985,2550,2065,1052,244,655,634,661,733,625,684,861,1124,1317,1233,1210,855,685,367,212,32,18870,1003,5
Tunisia,1971,30579,11921,17049,5128,778,445,520,1233,1328,1274,1923,2623,2161,1025,221,615,618,651,677,624,650,883,1040,1366,1257,1258,903,674,351,188,33,17827,965,4
Tunisia,1972,29276,11402,16139,4737,693,409,499,1159,1226,1233,1795,2619,2282,1018,204,578,581,609,617,619,614,851,944,1340,1279,1322,960,658,360,169,35,16832,908,3
Tunisia,1973,28445,11004,15410,4406,692,416,504,1124,1183,1206,1770,2578,2372,1009,178,561,563,587,596,594,612,795,975,1293,1285,1341,1031,641,368,142,36,16102,920,2
Tunisia,1974,27500,10585,14665,4080,645,398,497,1086,1141,1180,1711,2576,2443,999,154,550,536,572,569,579,601,771,940,1278,1298,1356,1087,624,375,121,33,15310,895,2
Tunisia,1975,26698,10185,13961,3776,597,381,484,1050,1092,1144,1644,2498,2610,1069,164,537,513,549,543,559,585,740,904,1205,1293,1421,1189,671,398,128,36,14558,865,2
Tunisia,1976,26012,9780,13290,3510,555,365,471,1020,1052,1111,1589,2561,2750,1099,145,528,492,528,524,539,572,713,876,1218,1343,1477,1273,712,387,117,28,13845,836,2
Tunisia,1977,25175,9258,12488,3230,507,346,453,978,998,1076,1522,2538,2892,1211,159,511,467,496,502,516,560,680,842,1173,1365,1516,1376,820,391,132,27,12995,799,3
Tunisia,1978,24065,8622,11636,3014,498,348,426,907,913,1039,1491,2470,2921,1253,162,451,456,444,469,498,541,638,853,1113,1357,1538,1383,881,372,138,24,12134,774,3
Tunisia,1979,23245,8043,10801,2758,486,324,378,786,827,992,1465,2519,3081,1406,177,400,386,391,436,468,524,627,838,1119,1400,1571,1510,1012,394,153,24,11287,702,3
Tunisia,1980,22685,7557,10061,2504,467,309,366,769,796,972,1446,2515,3229,1569,183,389,380,374,422,455,517,622,824,1091,1424,1614,1615,1141,428,158,25,10528,675,3
Tunisia,1981,22419,7252,9550,2298,454,298,352,754,772,955,1442,2574,3372,1710,185,379,375,362,410,448,507,623,819,1108,1466,1731,1641,1241,469,158,27,10004,650,3
Tunisia,1982,21969,6984,9126,2142,445,285,341,742,744,934,1433,2534,3350,1848,187,368,374,351,393,441,493,623,810,1119,1415,1678,1672,1324,524,156,31,9571,626,3
Tunisia,1983,21497,6647,8610,1963,419,268,322,716,711,906,1410,2580,3405,1964,181,350,366,342,369,433,473,617,793,1107,1473,1702,1703,1368,596,150,31,9029,590,3
Tunisia,1984,21387,6364,8198,1834,399,258,306,701,685,883,1401,2569,3632,2158,191,338,363,337,348,425,458,615,786,1107,1462,1853,1779,1468,690,158,33,8597,564,3
Tunisia,1985,20916,6081,7793,1712,379,248,288,683,667,855,1383,2546,3569,2292,215,325,358,336,331,413,442,607,776,1101,1445,1744,1825,1524,768,179,36,8172,536,3
Tunisia,1986,20795,5794,7395,1601,358,238,268,657,646,824,1352,2576,3810,2427,238,308,349,333,313,399,425,589,763,1101,1475,1897,1913,1573,854,202,36,7753,506,3
Tunisia,1987,20408,5429,6928,1499,336,229,251,628,629,794,1324,2606,3834,2568,278,291,337,329,300,382,412,571,753,1091,1515,1880,1954,1646,922,239,39,7264,480,4
Tunisia,1988,20146,5031,6419,1388,350,226,218,568,590,730,1278,2601,3977,2845,337,255,313,315,275,355,375,551,727,1075,1526,1872,2105,1780,1065,297,40,6769,444,4
Tunisia,1989,20327,4645,5943,1298,321,215,221,548,599,757,1277,2708,4303,3040,385,250,298,313,286,350,407,533,744,1131,1577,1987,2316,1914,1126,342,43,6264,436,5
Tunisia,1990,19952,4416,5615,1199,325,218,225,558,629,774,1310,2666,4155,3058,412,252,306,328,301,355,419,543,767,1136,1530,1939,2216,1924,1134,366,46,5940,443,4
Tunisia,1991,19687,4176,5271,1095,325,219,230,565,659,792,1338,2701,4058,3066,456,253,312,341,318,363,429,554,784,1162,1539,1890,2168,1954,1112,401,55,5596,449,5
Tunisia,1992,20226,3928,4938,1010,298,214,244,584,704,841,1383,2717,4327,3448,526,264,320,358,346,382,459,574,809,1198,1519,1975,2352,2198,1250,459,67,5236,458,5
Tunisia,1993,19843,3665,4589,924,309,213,237,568,710,820,1380,2746,4225,3489,552,254,314,358,352,385,435,583,797,1211,1535,1941,2284,2176,1313,476,76,4898,450,5
Tunisia,1994,19923,3387,4229,842,290,208,238,566,727,830,1399,2844,4347,3645,601,257,309,361,366,398,432,596,803,1239,1605,2039,2308,2273,1372,512,89,4519,446,6
Tunisia,1995,19784,3071,3824,753,269,203,234,558,737,834,1410,2832,4445,3786,641,257,301,361,376,406,428,604,806,1247,1585,2091,2354,2351,1435,540,101,4093,437,6
Tunisia,1996,19689,2759,3434,675,254,201,234,558,754,862,1449,2862,4480,3923,670,264,294,364,390,425,437,622,827,1256,1606,2105,2375,2402,1521,560,110,3688,435,7
Tunisia,1997,19309,2471,3061,590,237,194,232,553,764,883,1477,2892,4309,3985,713,268,285,363,401,440,443,631,846,1249,1643,2002,2307,2369,1616,592,121,3298,426,9
Tunisia,1998,19236,2208,2724,516,219,181,220,506,724,885,1445,2948,4460,4119,793,251,255,332,392,431,454,604,841,1256,1692,2072,2388,2373,1746,657,136,2943,401,11
Tunisia,1999,19407,1977,2422,445,204,185,225,516,724,928,1405,2919,4564,4432,868,251,265,333,391,453,475,593,812,1212,1707,2090,2474,2534,1898,721,147,2626,410,12
Tunisia,2000,20058,1818,2206,388,196,182,226,521,732,967,1436,3007,4801,4773,995,253,268,331,401,472,495,601,835,1242,1765,2173,2628,2710,2063,828,167,2402,408,15
Tunisia,2001,20792,1689,2038,349,188,178,231,533,744,1020,1485,3092,4985,5167,1111,257,276,332,412,496,524,619,866,1265,1827,2321,2664,2897,2270,928,183,2226,409,17
Tunisia,2002,20986,1588,1902,314,179,172,231,540,748,1061,1519,3112,5069,5252,1183,258,282,330,418,512,549,635,884,1289,1823,2371,2698,2941,2311,988,195,2081,403,18
Tunisia,2003,21221,1524,1812,288,170,166,229,545,748,1099,1555,3129,5154,5334,1261,260,285,327,421,527,572,660,895,1318,1811,2422,2732,2988,2346,1057,204,1982,395,19
Tunisia,2004,21467,1464,1731,267,159,161,225,550,751,1136,1597,3115,5190,5425,1400,262,288,328,423,540,596,691,906,1340,1775,2381,2809,3011,2414,1152,248,1890,386,24
Tunisia,2005,21380,1418,1670,252,150,156,221,555,751,1172,1642,3115,5193,5310,1421,266,289,328,423,553,619,722,920,1377,1738,2388,2805,2938,2372,1165,256,1820,377,24
Tunisia,2006,21894,1373,1617,244,144,150,213,556,751,1197,1690,3167,5304,5499,1570,268,288,332,419,560,637,752,938,1399,1768,2414,2890,3051,2448,1262,308,1761,363,30
Tunisia,2007,22326,1347,1585,238,138,143,208,557,753,1216,1749,3222,5424,5658,1636,268,289,337,416,565,651,786,963,1419,1803,2433,2991,3121,2537,1316,320,1723,351,31
Tunisia,2008,23072,1330,1563,233,135,137,201,554,755,1235,1819,3297,5542,5992,1805,266,288,339,416,569,666,819,1000,1436,1861,2482,3060,3221,2771,1427,378,1698,338,38
Tunisia,2009,23492,1333,1562,229,132,127,194,550,753,1240,1885,3340,5649,6162,1860,262,288,339,414,566,674,846,1039,1438,1902,2492,3157,3314,2848,1475,385,1694,321,40
Tunisia,2010,23844,1353,1579,226,132,122,190,549,759,1251,1967,3365,5734,6210,1942,258,291,340,419,566,685,881,1086,1454,1911,2470,3264,3357,2853,1525,417,1711,312,45
Tunisia,2011,24539,1399,1633,234,134,118,183,547,765,1253,2043,3442,5873,6466,2033,253,294,339,426,561,692,908,1135,1482,1960,2524,3349,3508,2958,1591,442,1767,301,50
Tunisia,2012,25677,1419,1650,231,130,113,173,540,775,1255,2124,3597,5994,7005,2257,245,295,340,435,559,696,933,1191,1525,2072,2604,3390,3820,3185,1748,509,1780,286,61
Tunisia,2013,26222,1431,1667,236,130,109,165,531,777,1252,2191,3661,6091,7266,2324,239,292,337,440,558,694,951,1240,1573,2088,2675,3416,3976,3290,1819,505,1797,274,62
Tunisia,2014,27290,1434,1676,242,128,108,156,522,786,1255,2268,3764,6416,7705,2434,234,288,339,447,561,694,973,1295,1647,2117,2818,3598,4217,3488,1904,530,1804,264,67
Tunisia,2015,28010,1429,1679,250,128,108,150,507,790,1257,2335,3876,6567,8006,2534,227,280,341,449,568,689,989,1346,1718,2158,2900,3667,4370,3636,1979,555,1807,258,72
Tunisia,2016,28414,1414,1664,250,134,116,141,455,747,1236,2227,3925,6735,8312,2642,198,257,328,419,543,693,975,1252,1718,2207,2975,3760,4501,3811,2058,584,1798,257,77
Tunisia,2017,29214,1399,1652,253,136,116,138,446,751,1246,2289,4082,6918,8594,2761,193,253,329,422,556,690,989,1300,1807,2275,3041,3877,4590,4004,2141,620,1788,254,83
Tunisia,2018,29689,1361,1613,252,137,116,136,431,755,1254,2333,4190,6827,8799,3002,185,246,327,428,567,687,994,1339,1915,2275,2969,3858,4592,4207,2311,691,1750,252,94
Tunisia,2019,30530,1321,1568,247,136,116,136,421,756,1263,2372,4399,7033,9101,3130,179,242,321,435,575,688,997,1375,2007,2392,3023,4010,4693,4408,2412,718,1704,252,97
Tunisia,2020,32067,1270,1511,241,135,117,152,408,756,1282,2401,4605,7242,9909,3444,173,235,314,442,580,702,995,1406,2094,2511,3093,4149,4890,5019,2673,771,1646,269,104
Tunisia,2021,40719,1215,1444,229,133,116,145,431,860,1580,3230,6685,9811,12295,3871,181,250,344,516,694,886,1287,1943,3021,3664,4312,5499,6324,5971,3036,835,1577,261,112
Turkey,1950,194190,89981,136925,46944,2976,1584,1865,3717,3567,4256,6169,9578,10694,8783,3833,1907,1810,1762,1805,1982,2274,2828,3341,4339,5239,5674,5020,4838,3945,2784,1049,139901,3449,239
Turkey,1951,201588,94018,142354,48336,3197,1597,1878,3821,3656,4347,6353,9853,11310,9152,3825,1952,1869,1814,1842,2022,2325,2934,3419,4508,5345,5973,5337,5042,4110,2789,1036,145551,3475,240
Turkey,1952,206624,95986,146379,50393,2023,1617,1895,3949,3782,4469,6587,10207,11949,9640,3871,2007,1942,1884,1898,2076,2393,3058,3529,4703,5504,6235,5714,5265,4375,2871,1000,148402,3512,250
Turkey,1953,208875,94074,144199,50125,3935,1711,1940,4104,3962,4650,6896,10582,12512,10128,4011,2083,2021,1977,1985,2158,2492,3202,3694,4888,5694,6432,6080,5482,4646,3054,957,148134,3651,243
Turkey,1954,220591,104473,156304,51831,2975,1493,1851,4077,3954,4567,6895,10744,12776,10472,4269,2045,2032,1990,1964,2115,2452,3194,3701,4945,5799,6468,6308,5632,4840,3319,950,159279,3344,215
Turkey,1955,218926,98669,152913,54244,3129,1418,1825,4112,4056,4614,7048,10994,13052,10846,4756,2043,2069,2049,2007,2134,2480,3234,3814,5023,5971,6541,6511,5817,5029,3695,1061,156042,3243,165
Turkey,1956,217988,98166,149444,51278,3216,1402,1803,4191,4219,4736,7301,11427,13513,11278,5349,2063,2128,2134,2085,2189,2547,3316,3985,5189,6238,6736,6777,6053,5225,4010,1339,152660,3205,108
Turkey,1957,226009,101044,152833,51789,3257,1499,1859,4440,4554,5059,7878,12448,14759,11960,5349,2174,2266,2300,2254,2342,2717,3559,4319,5632,6816,7311,7448,6539,5421,3839,1510,156090,3358,111
Turkey,1958,230665,101253,153739,52486,3531,1580,1879,4600,4820,5300,8319,13285,15749,12565,5167,2242,2358,2431,2389,2463,2837,3741,4578,5981,7304,7812,7937,7018,5547,3678,1489,157270,3459,135
Turkey,1959,227736,100143,151916,51773,3624,1596,1777,4445,4771,5201,8198,13245,15681,12449,4682,2157,2288,2398,2373,2430,2771,3668,4530,5947,7298,7842,7839,7116,5333,3438,1244,155540,3373,146
Turkey,1960,224803,99140,149163,50023,3696,1604,1709,4337,4777,5171,8161,13349,15789,12554,4370,2094,2243,2392,2385,2429,2742,3634,4527,6005,7344,7997,7792,7316,5238,3391,979,152859,3313,122
Turkey,1961,221009,97552,145520,47968,3548,1604,1646,4219,4771,5147,8099,13438,15966,12746,4239,2027,2192,2373,2398,2431,2716,3594,4505,6072,7366,8170,7796,7464,5282,3382,857,149068,3250,62
Turkey,1962,220494,97241,144544,47303,3157,1602,1620,4133,4789,5186,8096,13627,16378,13126,4175,1972,2161,2361,2428,2464,2722,3596,4500,6195,7432,8357,8021,7595,5531,3242,933,147701,3222,60
Turkey,1963,217108,94620,140968,46348,3210,1616,1592,3979,4743,5185,7999,13633,16570,13394,4143,1880,2099,2314,2429,2477,2708,3552,4447,6208,7425,8420,8150,7644,5750,3224,919,144178,3208,71
Turkey,1964,216102,93305,138281,44976,3055,1656,1659,3916,4784,5289,8069,13942,17066,13966,4341,1830,2086,2313,2471,2536,2753,3578,4491,6319,7623,8639,8427,7883,6083,3443,898,141336,3315,79
Turkey,1965,214828,91087,134600,43513,3182,1681,1730,3888,4843,5423,8174,14322,17583,14591,4745,1806,2082,2326,2517,2611,2812,3616,4558,6424,7898,8867,8716,8163,6428,3802,943,137782,3411,69
Turkey,1966,213197,88518,130250,41732,3160,1802,1858,3965,4970,5622,8326,14702,18103,15150,5238,1855,2110,2379,2591,2716,2906,3681,4645,6538,8164,9109,8994,8380,6770,4113,1125,133410,3660,43
Turkey,1967,215366,89878,132095,42217,3046,1748,1790,3776,4824,5624,8278,14789,18400,15525,5410,1772,2004,2289,2535,2710,2914,3690,4588,6548,8241,9166,9234,8449,7076,4152,1258,135141,3538,62
Turkey,1968,214664,88009,130708,42699,3034,1717,1825,3712,4760,5693,8299,14830,18560,15749,5681,1768,1944,2248,2512,2739,2954,3714,4585,6535,8295,9180,9380,8495,7254,4380,1301,133742,3542,95
Turkey,1969,217745,90890,133125,42235,3005,1637,1892,3709,4644,5678,8300,14884,18692,15906,6157,1828,1881,2195,2449,2724,2954,3720,4580,6513,8371,9245,9447,8583,7323,4826,1331,136130,3529,121
Turkey,1970,211575,84672,125867,41195,3110,1642,1967,3762,4635,5782,8390,14887,18716,15872,6826,1907,1855,2189,2446,2762,3020,3750,4640,6472,8415,9339,9377,8633,7239,5367,1459,128977,3609,113
Turkey,1971,208229,84123,121618,37495,2984,1607,1985,3753,4574,5858,8481,14939,18891,15919,7551,1939,1814,2148,2426,2776,3082,3792,4689,6469,8470,9516,9375,8739,7180,5741,1810,124602,3592,73
Turkey,1972,206796,84042,119875,35833,2849,1531,1916,3621,4419,5839,8476,14877,19374,16477,7434,1878,1743,2055,2364,2734,3105,3816,4660,6442,8435,9725,9649,9059,7418,5455,1979,122724,3447,105
Turkey,1973,205367,82223,116903,34680,2793,1545,1833,3642,4337,5886,8590,14967,19948,17282,7486,1905,1737,1996,2341,2726,3160,3895,4695,6501,8466,9963,9985,9471,7811,5519,1967,119696,3378,155
Turkey,1974,203286,79906,113175,33269,2724,1568,1711,3699,4243,5911,8708,15034,20433,18077,7816,1918,1781,1930,2313,2707,3204,3973,4735,6569,8465,10130,10303,9861,8216,5919,1897,115899,3279,187
Turkey,1975,201191,76609,108433,31824,2688,1702,1732,3871,4251,6007,8920,15176,20912,18807,8526,1996,1875,1924,2327,2731,3276,4090,4830,6680,8496,10273,10639,10198,8609,6555,1971,111121,3434,167
Turkey,1976,198473,73278,103295,30017,2700,1772,1751,3974,4229,6058,9121,15312,21318,19428,9408,2039,1935,1914,2315,2737,3321,4194,4927,6775,8537,10390,10928,10477,8951,7046,2362,105995,3523,108
Turkey,1977,194658,72194,100914,28720,2412,1525,1582,3717,3960,5873,9115,15255,21513,19576,9055,1905,1812,1785,2175,2631,3242,4197,4918,6764,8491,10399,11114,10543,9033,6533,2522,103326,3107,151
Turkey,1978,190736,69676,97365,27689,2325,1504,1588,3648,3869,5797,9188,15244,21620,19680,8692,1821,1827,1767,2102,2591,3206,4230,4958,6772,8472,10369,11251,10558,9122,6243,2449,99690,3092,217
Turkey,1979,188369,67423,93537,26114,2235,1503,1630,3608,3902,5818,9436,15573,22061,20154,8645,1737,1871,1840,2062,2592,3226,4333,5103,6919,8654,10487,11574,10812,9342,6344,2301,95772,3133,264
Turkey,1980,185458,64435,88908,24473,2265,1483,1659,3604,3924,5835,9683,15951,22454,20605,8843,1701,1903,1902,2022,2590,3245,4420,5263,7084,8867,10585,11869,11134,9471,6667,2176,91173,3142,243
Turkey,1981,183219,61519,84535,23016,2127,1478,1690,3622,3960,5872,9982,16521,23137,21088,8951,1687,1935,1954,2006,2588,3284,4527,5455,7329,9192,10855,12282,11616,9472,6566,2385,86662,3168,252
Turkey,1982,179862,58376,79866,21490,2137,1474,1696,3628,3933,5831,10165,16934,23595,21476,8854,1678,1950,1949,1984,2546,3285,4571,5594,7516,9418,11053,12542,12000,9476,6368,2486,82003,3170,277
Turkey,1983,176432,55523,75607,20084,2123,1497,1758,3665,4022,5780,10264,17196,23806,21711,8676,1744,1921,2014,2008,2502,3278,4579,5685,7648,9548,11178,12628,12247,9464,6160,2516,77730,3255,325
Turkey,1984,172968,52880,71435,18555,1994,1384,1700,3536,4070,5663,10335,17531,24162,22216,8559,1748,1788,2018,2052,2419,3244,4567,5768,7808,9723,11408,12754,12585,9631,6058,2501,73429,3084,380
Turkey,1985,170504,50274,67472,17198,1866,1371,1679,3533,4164,5604,10461,17975,24642,22854,8455,1788,1745,2048,2116,2370,3234,4586,5875,8023,9952,11730,12912,12943,9911,6007,2448,69338,3050,430
Turkey,1986,168263,47737,63656,15919,1785,1352,1661,3537,4237,5541,10560,18433,25133,23502,8396,1812,1725,2075,2162,2335,3206,4601,5959,8239,10194,12037,13096,13274,10228,6013,2383,65441,3013,470
Turkey,1987,166169,45136,59841,14705,1714,1329,1653,3544,4280,5488,10642,18922,25688,24153,8414,1817,1727,2106,2174,2321,3167,4614,6028,8459,10463,12348,13340,13577,10576,6078,2336,61555,2982,501
Turkey,1988,163453,42722,56293,13571,1621,1292,1602,3574,4243,5405,10606,19247,26060,24554,8436,1826,1748,2034,2209,2319,3086,4581,6025,8591,10656,12543,13517,13713,10841,6124,2312,57914,2894,520
Turkey,1989,162123,40413,52905,12492,1515,1263,1563,3641,4200,5449,10672,19780,26795,25181,8620,1836,1805,1940,2260,2417,3032,4594,6078,8802,10978,12883,13912,13946,11235,6283,2337,54420,2826,536
Turkey,1990,160588,37819,49323,11504,1439,1234,1553,3660,4187,5469,10705,20297,27573,25756,8847,1813,1847,1893,2294,2494,2975,4587,6118,8988,11309,13226,14347,14144,11612,6476,2371,50762,2787,544
Turkey,1991,159342,35654,46147,10493,1334,1192,1533,3665,4197,5489,10702,20774,28341,26316,9103,1795,1870,1871,2326,2552,2937,4555,6147,9137,11637,13581,14760,14362,11954,6684,2419,47481,2725,547
Turkey,1992,158817,33320,42918,9598,1326,1197,1557,3758,4319,5563,10749,21301,29218,26955,9406,1834,1924,1911,2408,2609,2954,4541,6208,9296,12005,14008,15210,14675,12280,6928,2478,44244,2754,551
Turkey,1993,158380,31565,40267,8702,1202,1117,1503,3713,4289,5658,10729,21786,30153,27664,9744,1777,1936,1943,2346,2678,2980,4482,6247,9423,12363,14467,15686,15086,12578,7211,2533,41469,2620,557
Turkey,1994,158450,30021,37955,7934,1129,1065,1475,3691,4254,5856,10699,22237,31101,28349,10079,1740,1951,2011,2243,2748,3108,4417,6282,9534,12703,14944,16157,15559,12790,7495,2584,39084,2540,561
Turkey,1995,158647,28290,35574,7284,1066,1029,1455,3693,4286,6049,10668,22668,32111,29074,10407,1747,1946,2077,2209,2818,3231,4361,6307,9641,13027,15455,16656,16099,12975,7775,2632,36640,2484,562
Turkey,1996,158503,26975,33639,6664,990,970,1396,3618,4254,6133,10552,22946,33030,29720,10690,1709,1909,2088,2166,2839,3294,4291,6261,9692,13254,15914,17116,16573,13147,8005,2685,34629,2366,563
Turkey,1997,158570,25196,31315,6119,925,927,1348,3586,4273,6217,10496,23273,34108,30539,10992,1684,1902,2102,2171,2891,3326,4279,6217,9778,13495,16433,17675,17111,13428,8219,2773,32240,2275,569
Turkey,1998,158616,23454,29080,5626,875,892,1299,3507,4341,6229,10460,23539,35181,31395,11243,1649,1858,2128,2213,2815,3414,4320,6140,9848,13691,16930,18251,17634,13761,8368,2875,29955,2191,574
Turkey,1999,168636,21937,27876,5939,1699,1687,2002,4763,5589,7109,11393,24679,37097,32649,11507,2312,2451,2777,2812,3163,3946,4929,6464,10354,14325,17901,19196,18375,14274,8496,3011,29575,3689,585
Turkey,2000,158605,19687,24274,4587,758,800,1183,3359,4434,6135,10602,23980,37385,33430,11670,1569,1790,2104,2330,2605,3530,4648,5954,9945,14035,17871,19514,18755,14675,8541,3129,25032,1983,598
Turkey,2001,159372,18633,22735,4102,711,758,1131,3293,4448,6167,10665,24089,38407,34472,11879,1521,1772,2085,2363,2577,3590,4772,5893,9919,14170,18255,20152,19329,15143,8636,3243,23446,1889,616
Turkey,2002,159295,16418,20125,3707,666,719,1082,3222,4472,6274,10716,24187,39448,35614,12128,1472,1750,2086,2386,2590,3684,4830,5886,9870,14317,18619,20829,19970,15644,8797,3331,20791,1801,639
Turkey,2003,159847,14759,18073,3314,636,682,1039,3150,4478,6280,10939,24249,40464,36817,12381,1423,1727,2047,2431,2660,3620,4975,5964,9786,14463,18953,21511,20656,16161,9011,3370,18709,1721,662
Turkey,2004,161104,13812,16723,2911,581,640,986,3064,4451,6207,11306,24254,41431,38081,12692,1366,1698,2001,2450,2751,3456,5088,6218,9662,14592,19253,22178,21383,16698,9300,3392,17304,1626,688
Turkey,2005,162655,13025,15618,2593,538,604,939,2978,4423,6212,11632,24216,42351,39407,13026,1311,1667,1995,2428,2831,3381,5189,6443,9540,14676,19536,22815,22152,17255,9631,3395,16156,1543,711
Turkey,2006,164887,12283,14639,2356,502,573,894,2889,4417,6252,11977,24269,43383,40937,13427,1262,1627,1992,2425,2892,3360,5319,6658,9515,14754,19888,23495,23035,17902,10003,3424,15141,1467,730
Turkey,2007,165949,11391,13548,2157,459,540,844,2777,4385,6281,12173,24160,44054,42234,13760,1204,1573,1964,2421,2916,3365,5444,6729,9488,14672,20092,23962,23778,18456,10310,3450,14007,1384,733
Turkey,2008,168096,10606,12591,1985,415,510,796,2674,4325,6441,12331,24274,44954,43839,14213,1152,1522,1941,2384,2976,3465,5364,6967,9648,14626,20414,24540,24679,19160,10689,3524,13006,1306,731
Turkey,2009,169446,9871,11699,1828,384,479,752,2555,4229,6571,12217,24467,45533,45212,14627,1097,1458,1905,2324,2994,3577,5110,7107,10030,14437,20593,24940,25427,19785,11014,3613,12083,1231,722
Turkey,2010,172047,9170,10850,1680,351,450,714,2458,4210,6681,12298,24807,46356,46930,15210,1050,1408,1880,2330,2984,3697,5022,7276,10454,14353,20860,25496,26334,20596,11443,3767,11201,1164,725
Turkey,2011,179930,8649,10222,1573,355,455,721,2476,4336,7007,12868,25973,48503,50045,16214,1055,1421,1917,2419,3091,3916,5165,7703,11170,14803,21680,26823,27998,22047,12198,4016,10577,1176,749
Turkey,2012,174468,8193,9637,1444,297,381,634,2231,4045,6733,12538,25040,46826,49338,16033,941,1290,1766,2279,2951,3782,4960,7578,10843,14197,20743,26083,27486,21852,12049,3984,9934,1015,736
Turkey,2013,172066,7785,9119,1334,264,337,583,2072,3853,6559,12177,24838,45795,49443,16270,867,1205,1664,2189,2817,3742,4944,7233,10848,13990,20062,25733,27379,22064,12190,4080,9383,920,758
Turkey,2014,175843,7485,8738,1253,249,308,551,1998,3796,6577,12106,25844,46334,51351,17173,830,1168,1621,2175,2780,3797,5152,6954,11144,14700,20039,26295,28248,23103,12823,4350,8987,859,819
Turkey,2015,180938,7188,8390,1202,216,287,526,1961,3793,6667,12281,26962,47092,53578,18280,810,1151,1604,2189,2832,3835,5381,6900,11521,15441,20143,26949,29280,24298,13589,4691,8606,813,905
Turkey,2016,186605,6795,7942,1147,207,265,501,1926,3787,6808,12561,28172,48096,56023,19344,794,1132,1590,2197,2897,3911,5596,6965,11988,16184,20464,27632,30449,25574,14392,4952,8149,766,972
Turkey,2017,186601,6357,7448,1091,197,240,452,1795,3608,6677,12485,28376,47686,56767,19864,735,1060,1505,2103,2817,3860,5584,6901,12191,16185,20301,27385,30698,26069,14792,5072,7645,692,1007
Turkey,2018,186068,5731,6756,1025,184,218,403,1651,3412,6464,12571,28291,47393,57437,20278,674,977,1415,1997,2734,3730,5594,6977,11830,16461,20363,27030,30916,26521,15170,5108,6940,621,1005
Turkey,2019,188155,5120,6073,953,178,203,365,1541,3267,6337,12849,28143,48221,58892,21076,626,915,1347,1920,2692,3645,5635,7214,11295,16848,21275,26946,31543,27349,15814,5262,6251,568,1008
Turkey,2020,238524,4680,5557,877,174,196,374,1553,3501,7644,16805,37497,63224,75810,25102,629,924,1400,2101,3151,4493,7121,9684,14605,22892,29316,33908,40086,35724,19121,5981,5731,570,1082
Turkey,2021,243552,4385,5191,806,170,179,353,1493,3430,7688,17410,38912,65004,77045,25605,599,894,1365,2065,3113,4575,7274,10136,15045,23867,30566,34438,40685,36360,19520,6085,5361,532,1065
Turkmenistan,1950,9434,3085,3833,748,114,81,120,322,349,544,676,1200,1350,665,171,172,150,137,212,241,303,318,358,589,611,697,653,393,272,129,42,3947,201,8
Turkmenistan,1951,9669,3210,4058,848,112,78,119,326,335,552,689,1202,1375,662,152,170,156,133,202,243,309,336,353,571,631,705,670,412,250,118,34,4170,197,7
Turkmenistan,1952,9856,3306,4221,915,108,73,123,327,322,560,717,1196,1395,670,141,164,163,135,187,251,309,355,362,536,660,710,685,440,230,111,30,4329,196,6
Turkmenistan,1953,10133,3424,4386,962,131,66,128,333,313,569,760,1194,1425,693,131,160,173,141,172,260,309,378,382,501,693,722,703,477,216,104,27,4517,194,5
Turkmenistan,1954,10330,3546,4543,997,128,60,132,335,309,571,794,1176,1445,717,120,155,180,150,159,263,308,392,402,467,709,733,712,504,213,96,24,4671,192,4
Turkmenistan,1955,10683,3678,4701,1023,146,55,134,344,314,580,846,1181,1507,760,115,156,188,161,153,265,315,414,432,461,720,769,738,535,225,93,22,4847,189,3
Turkmenistan,1956,10914,3822,4870,1048,161,53,130,344,318,573,874,1155,1539,786,108,157,187,169,149,254,319,421,453,456,699,793,746,548,238,86,22,5031,183,3
Turkmenistan,1957,11164,3974,5053,1079,168,50,121,346,332,566,902,1123,1580,816,102,163,183,180,152,236,330,421,481,466,657,828,752,560,256,80,22,5221,171,4
Turkmenistan,1958,11416,4126,5235,1109,179,51,109,346,350,554,922,1095,1625,845,101,169,177,190,160,215,339,417,505,487,608,864,761,571,274,78,23,5414,160,4
Turkmenistan,1959,11736,4262,5404,1142,176,55,101,351,372,549,960,1098,1683,883,99,176,175,200,172,201,348,424,536,522,576,896,787,590,293,77,22,5580,156,4
Turkmenistan,1960,11892,4370,5542,1172,181,61,90,343,382,533,969,1097,1688,898,103,172,171,202,180,191,342,421,548,545,552,886,802,597,301,82,21,5723,151,4
Turkmenistan,1961,12044,4438,5636,1198,183,66,85,339,393,515,986,1121,1691,918,106,166,173,204,189,187,328,428,558,575,546,859,832,606,312,86,20,5819,151,4
Turkmenistan,1962,12177,4460,5675,1215,191,70,83,335,400,499,1004,1174,1689,938,113,155,180,199,201,191,308,443,561,611,563,813,876,616,322,93,20,5866,153,4
Turkmenistan,1963,12218,4436,5656,1220,193,76,82,328,405,481,1014,1235,1671,957,119,142,186,194,211,200,281,457,557,645,590,755,916,626,331,101,18,5849,158,4
Turkmenistan,1964,12209,4373,5587,1214,199,79,88,316,406,469,1016,1292,1643,982,126,127,189,187,219,210,259,461,555,672,620,707,936,643,339,106,20,5786,167,4
Turkmenistan,1965,12244,4281,5478,1197,208,82,96,310,415,472,1027,1363,1634,1026,133,119,191,188,227,223,249,462,565,701,662,691,943,673,353,112,21,5686,178,4
Turkmenistan,1966,12179,4176,5346,1170,213,84,106,295,416,480,1019,1413,1604,1063,140,112,183,189,227,236,244,445,574,714,699,688,916,701,362,117,23,5559,190,4
Turkmenistan,1967,12048,4072,5207,1135,215,85,112,280,413,493,998,1444,1554,1100,145,109,171,193,220,247,246,411,587,710,734,700,854,733,367,121,24,5422,197,4
Turkmenistan,1968,12144,3983,5082,1099,218,89,123,271,424,529,1005,1514,1563,1170,152,112,159,206,218,266,263,385,620,721,793,751,812,787,383,128,24,5300,212,4
Turkmenistan,1969,12060,3916,4979,1063,216,91,127,262,419,549,977,1539,1549,1192,157,119,143,207,212,273,276,353,624,716,823,789,760,799,393,131,26,5195,218,4
Turkmenistan,1970,11985,3873,4902,1029,207,94,128,259,410,563,944,1558,1561,1194,161,128,131,203,207,277,286,333,611,715,843,826,735,788,406,134,27,5109,222,4
Turkmenistan,1971,12090,3849,4852,1003,210,98,133,265,409,586,927,1605,1628,1204,171,140,125,198,211,281,305,330,597,736,869,883,745,773,431,142,29,5062,231,5
Turkmenistan,1972,12069,3819,4801,982,197,99,135,269,401,596,887,1624,1696,1183,175,149,120,186,215,275,321,334,553,756,868,932,764,727,456,145,30,4998,234,5
Turkmenistan,1973,12118,3811,4777,966,191,102,139,280,392,603,857,1643,1790,1159,182,158,122,169,223,265,338,349,508,779,864,985,805,678,481,151,31,4968,241,5
Turkmenistan,1974,12166,3817,4768,951,190,103,144,292,379,606,833,1647,1878,1135,189,163,129,152,227,257,349,366,467,786,861,1028,850,642,493,156,33,4958,247,5
Turkmenistan,1975,12246,3821,4760,939,184,102,149,303,364,612,829,1648,1969,1123,198,165,138,141,223,255,357,385,444,778,870,1065,904,632,491,165,33,4944,251,5
Turkmenistan,1976,12671,3827,4756,929,185,104,161,333,365,641,882,1713,2141,1168,217,177,156,139,226,266,375,424,458,785,928,1139,1002,670,498,182,35,4941,265,5
Turkmenistan,1977,12837,3829,4747,918,184,104,167,352,350,649,924,1714,2235,1175,230,183,169,136,214,278,371,453,471,744,970,1158,1077,702,473,195,35,4931,271,4
Turkmenistan,1978,12863,3818,4725,907,180,101,169,363,330,644,966,1678,2286,1176,238,187,176,135,195,286,358,475,491,679,999,1150,1136,737,439,203,35,4905,270,4
Turkmenistan,1979,12918,3810,4705,895,188,98,171,375,317,638,1007,1639,2332,1199,242,194,181,141,176,290,348,491,516,627,1012,1150,1182,782,417,206,36,4893,269,4
Turkmenistan,1980,12944,3797,4677,880,176,97,169,382,312,628,1041,1595,2381,1239,240,199,183,151,161,286,342,501,540,596,999,1159,1222,827,412,201,39,4853,266,4
Turkmenistan,1981,13027,3805,4666,861,171,94,166,390,313,609,1061,1541,2429,1326,251,204,186,165,148,272,337,497,564,587,954,1178,1251,892,434,208,43,4837,260,4
Turkmenistan,1982,13295,3821,4669,848,170,95,166,410,323,602,1100,1515,2513,1458,271,216,194,179,144,257,345,494,606,613,902,1234,1279,984,474,217,54,4839,261,4
Turkmenistan,1983,13701,3881,4719,838,170,97,166,431,342,600,1138,1511,2607,1615,297,225,206,192,150,239,361,487,651,659,852,1299,1308,1086,529,228,69,4889,263,4
Turkmenistan,1984,13788,3943,4776,833,165,95,160,439,354,570,1129,1480,2581,1709,323,226,213,196,158,211,359,464,665,686,794,1287,1294,1134,575,235,88,4941,255,5
Turkmenistan,1985,14219,4041,4874,833,168,98,161,457,384,556,1149,1525,2624,1843,372,229,228,207,177,193,363,459,690,735,790,1288,1336,1196,647,257,115,5042,259,8
Turkmenistan,1986,14360,4044,4857,813,168,97,159,464,405,531,1142,1570,2598,1929,420,226,238,213,192,178,353,450,692,776,794,1233,1365,1209,720,279,141,5025,256,19
Turkmenistan,1987,14551,4015,4817,802,159,98,160,476,432,510,1140,1654,2586,2008,477,225,251,222,210,175,335,453,687,824,830,1172,1414,1206,802,307,170,4976,258,33
Turkmenistan,1988,14493,3907,4697,790,166,96,158,471,449,487,1112,1715,2525,2036,528,216,255,230,219,183,304,455,657,853,862,1103,1422,1177,859,335,193,4863,254,50
Turkmenistan,1989,14680,3781,4559,778,169,98,163,477,479,483,1113,1821,2532,2101,606,216,261,247,232,207,276,471,642,900,921,1098,1434,1191,910,386,220,4728,261,73
Turkmenistan,1990,14461,3648,4413,765,173,97,165,472,496,477,1101,1879,2503,2076,545,213,259,258,238,230,247,482,619,918,961,1093,1410,1207,869,385,160,4586,262,69
Turkmenistan,1991,14434,3562,4318,756,169,98,167,469,520,484,1098,1948,2497,2093,517,213,256,271,249,254,230,484,614,930,1018,1118,1379,1255,838,392,125,4487,265,59
Turkmenistan,1992,14612,3559,4309,750,177,99,168,469,545,509,1101,2021,2521,2132,507,215,254,284,261,275,234,472,629,935,1086,1168,1353,1316,816,402,105,4486,267,47
Turkmenistan,1993,14812,3567,4320,753,175,103,169,474,572,550,1102,2074,2564,2172,494,222,252,295,277,294,256,444,658,921,1153,1230,1334,1361,811,399,95,4495,272,36
Turkmenistan,1994,14924,3520,4276,756,177,103,169,478,595,598,1091,2106,2621,2200,482,227,251,301,294,309,289,403,688,897,1209,1294,1327,1379,821,389,93,4453,272,28
Turkmenistan,1995,14983,3443,4194,751,176,106,170,479,611,647,1078,2123,2703,2208,469,229,250,300,311,322,325,365,713,876,1247,1364,1339,1366,842,373,96,4370,276,22
Turkmenistan,1996,15282,3329,4064,735,173,110,176,494,641,711,1089,2193,2891,2265,462,237,257,306,335,343,368,353,736,893,1300,1484,1407,1368,897,365,97,4237,286,18
Turkmenistan,1997,15227,3182,3882,700,168,111,176,491,645,757,1064,2207,3026,2249,431,236,255,299,346,359,398,353,711,909,1298,1570,1456,1327,922,343,88,4050,287,12
Turkmenistan,1998,14859,3020,3675,655,159,109,175,477,630,772,1014,2158,3094,2179,405,226,251,285,345,364,408,369,645,920,1238,1611,1483,1264,915,325,80,3834,284,9
Turkmenistan,1999,14558,2852,3456,604,161,105,173,468,612,791,975,2112,3169,2130,398,221,247,272,340,375,416,407,568,938,1174,1646,1523,1228,902,323,75,3617,278,7
Turkmenistan,2000,14313,2674,3225,551,149,105,174,461,598,813,952,2074,3253,2102,402,217,244,265,333,387,426,447,505,950,1124,1670,1583,1224,878,331,71,3374,279,7
Turkmenistan,2001,14611,2481,2980,499,139,105,181,479,612,873,999,2138,3485,2187,427,225,254,272,340,418,455,511,488,984,1154,1749,1736,1299,888,357,70,3119,286,7
Turkmenistan,2002,14731,2297,2746,449,135,105,185,487,616,922,1056,2152,3635,2245,444,232,255,277,339,441,481,560,496,963,1189,1771,1864,1369,876,376,68,2881,290,7
Turkmenistan,2003,14670,2176,2580,404,127,101,185,483,606,948,1121,2113,3671,2280,449,232,251,277,329,448,500,588,533,888,1225,1722,1949,1425,855,381,68,2707,286,6
Turkmenistan,2004,14573,2076,2442,366,126,98,182,481,594,967,1196,2055,3664,2326,440,233,248,276,318,447,520,603,593,791,1264,1653,2011,1484,842,374,66,2568,280,5
Turkmenistan,2005,15238,2015,2353,338,116,100,189,506,617,1040,1356,2113,3854,2534,457,248,258,289,328,468,572,660,696,749,1364,1688,2166,1641,893,385,72,2469,289,5
Turkmenistan,2006,15053,1970,2286,316,106,96,180,500,602,1036,1420,2024,3775,2587,437,246,254,284,318,450,586,669,751,687,1337,1636,2139,1694,893,364,73,2392,276,4
Turkmenistan,2007,15138,1943,2246,303,97,93,175,503,599,1044,1497,1971,3771,2707,426,247,256,282,317,439,605,691,806,687,1284,1654,2117,1782,925,351,75,2343,268,4
Turkmenistan,2008,15186,1949,2245,296,98,88,172,502,592,1035,1559,1913,3748,2817,419,246,256,275,317,424,611,716,843,735,1178,1698,2050,1854,963,343,76,2343,260,4
Turkmenistan,2009,15058,1979,2271,292,82,81,164,491,577,1004,1583,1843,3665,2885,410,238,253,267,310,404,600,731,852,807,1036,1724,1941,1889,996,336,74,2353,245,4
Turkmenistan,2010,15181,2032,2326,294,77,76,158,485,572,984,1640,1818,3641,2981,417,231,254,264,308,393,591,761,879,893,925,1758,1883,1928,1053,344,73,2403,234,5
Turkmenistan,2011,15371,2091,2390,299,75,73,153,482,570,965,1695,1839,3623,3069,431,225,257,263,307,386,579,790,905,978,861,1753,1870,1948,1121,359,72,2465,226,5
Turkmenistan,2012,15827,2153,2463,310,70,69,150,487,577,966,1786,1950,3659,3184,461,225,262,269,308,391,575,831,955,1073,877,1718,1941,1972,1212,388,73,2533,219,6
Turkmenistan,2013,16210,2207,2530,323,71,64,145,487,583,963,1865,2100,3651,3251,490,221,266,275,308,397,566,857,1008,1144,956,1610,2041,1957,1294,417,73,2601,209,6
Turkmenistan,2014,16581,2246,2584,338,71,60,141,485,594,961,1944,2291,3620,3298,528,218,267,283,311,404,557,875,1069,1203,1088,1471,2149,1931,1367,452,76,2655,201,6
Turkmenistan,2015,16766,2268,2619,351,75,56,133,476,593,953,1991,2468,3531,3302,562,213,263,286,307,406,547,869,1122,1252,1216,1325,2206,1898,1404,483,79,2694,189,6
Turkmenistan,2016,17393,2272,2633,361,76,55,129,478,617,977,2092,2725,3558,3427,619,213,265,298,319,419,558,882,1210,1338,1387,1283,2275,1963,1464,532,87,2709,184,6
Turkmenistan,2017,17411,2257,2624,367,78,51,120,460,618,964,2096,2864,3440,3435,648,204,256,299,319,411,553,855,1241,1378,1486,1275,2165,1993,1442,558,90,2702,171,6
Turkmenistan,2018,17845,2222,2590,368,80,52,113,455,636,983,2143,3077,3450,3560,697,199,256,306,330,416,567,849,1294,1473,1604,1407,2043,2116,1444,596,101,2670,165,6
Turkmenistan,2019,17827,2167,2527,360,87,50,104,435,634,979,2116,3189,3401,3582,722,187,248,302,332,411,568,822,1294,1531,1658,1573,1828,2183,1399,615,107,2614,154,6
Turkmenistan,2020,19059,2096,2444,348,83,54,101,441,661,1022,2239,3703,3672,3839,788,187,254,310,351,426,596,859,1380,1767,1936,1933,1739,2357,1482,668,120,2527,155,7
Turkmenistan,2021,18413,2020,2353,333,86,53,91,408,638,987,2091,3656,3590,3682,767,170,238,293,345,414,573,806,1285,1774,1882,2007,1583,2246,1436,645,122,2439,144,7
Turks and Caicos Islands,1950,58,16,24,8,1,0,0,0,0,0,0,0,9,6,0,0,0,0,0,0,0,0,0,0,0,4,5,5,1,0,0,25,0,0
Turks and Caicos Islands,1951,57,16,24,8,1,0,0,0,0,0,0,0,10,5,0,0,0,0,0,0,0,0,0,0,0,5,5,4,1,0,0,25,0,0
Turks and Caicos Islands,1952,55,16,24,8,1,0,0,0,0,0,0,1,10,4,0,0,0,0,0,0,0,0,0,0,1,5,5,4,0,0,0,25,0,0
Turks and Caicos Islands,1953,53,15,22,7,1,0,0,0,0,0,0,0,10,5,0,0,0,0,0,0,0,0,0,0,0,5,5,5,0,0,0,23,0,0
Turks and Caicos Islands,1954,51,14,21,7,1,0,0,0,0,0,0,2,10,6,0,0,0,0,0,0,0,0,0,0,2,5,5,5,1,0,0,22,0,0
Turks and Caicos Islands,1955,50,14,21,7,1,0,0,0,0,0,0,1,10,4,0,0,0,0,0,0,0,0,0,0,1,5,5,3,1,0,0,22,0,0
Turks and Caicos Islands,1956,49,13,20,7,0,0,0,0,0,0,0,2,10,4,0,0,0,0,0,0,0,0,0,0,2,5,5,3,1,0,0,20,0,0
Turks and Caicos Islands,1957,48,12,19,7,0,0,0,0,0,0,0,2,10,3,0,0,0,0,0,0,0,0,0,0,2,5,5,3,0,0,0,19,0,0
Turks and Caicos Islands,1958,48,12,18,6,0,0,0,0,0,0,0,5,10,4,0,0,0,0,0,0,0,0,0,0,5,5,5,4,0,0,0,18,0,0
Turks and Caicos Islands,1959,48,11,16,5,0,0,0,0,0,0,0,5,10,4,0,0,0,0,0,0,0,0,0,0,5,5,5,4,0,0,0,16,0,0
Turks and Caicos Islands,1960,48,11,16,5,0,0,0,0,0,0,0,5,10,3,0,0,0,0,0,0,0,0,0,0,5,5,5,3,0,0,0,16,0,0
Turks and Caicos Islands,1961,47,11,16,5,0,0,0,0,0,0,0,4,10,4,0,0,0,0,0,0,0,0,0,0,4,5,5,4,0,0,0,16,0,0
Turks and Caicos Islands,1962,45,10,15,5,0,0,0,0,0,0,0,3,10,5,0,0,0,0,0,0,0,0,0,0,3,5,5,5,0,0,0,15,0,0
Turks and Caicos Islands,1963,40,9,12,3,0,0,0,0,0,0,0,2,10,5,0,0,0,0,0,0,0,0,0,0,2,5,5,5,0,0,0,12,0,0
Turks and Caicos Islands,1964,36,7,9,2,0,0,0,0,0,0,0,1,10,6,0,0,0,0,0,0,0,0,0,0,1,5,5,5,1,0,0,9,0,0
Turks and Caicos Islands,1965,33,7,8,1,0,0,0,0,0,0,0,1,10,7,0,0,0,0,0,0,0,0,0,0,1,5,5,5,2,0,0,8,0,0
Turks and Caicos Islands,1966,34,7,8,1,0,0,0,0,0,0,0,1,10,7,0,0,0,0,0,0,0,0,0,0,1,5,5,5,2,0,0,8,0,0
Turks and Caicos Islands,1967,35,7,8,1,0,0,0,0,0,0,0,4,10,8,0,0,0,0,0,0,0,0,0,0,4,5,5,5,3,0,0,8,0,0
Turks and Caicos Islands,1968,37,8,10,2,0,0,0,0,0,0,0,7,10,8,0,0,0,0,0,0,0,0,0,2,5,5,5,5,3,0,0,10,0,0
Turks and Caicos Islands,1969,39,8,10,2,0,0,0,0,0,0,0,9,10,7,0,0,0,0,0,0,0,0,0,4,5,5,5,4,3,0,0,10,0,0
Turks and Caicos Islands,1970,40,8,11,3,0,0,0,0,0,0,0,9,10,7,0,0,0,0,0,0,0,0,0,4,5,5,5,4,3,0,0,11,0,0
Turks and Caicos Islands,1971,40,7,10,3,0,0,0,0,0,0,0,8,10,5,0,0,0,0,0,0,0,0,0,3,5,5,5,3,2,0,0,10,0,0
Turks and Caicos Islands,1972,38,7,9,2,0,0,0,0,0,0,0,7,10,5,0,0,0,0,0,0,0,0,0,2,5,5,5,4,1,0,0,9,0,0
Turks and Caicos Islands,1973,34,5,5,0,0,0,0,0,0,0,0,6,10,3,0,0,0,0,0,0,0,0,0,1,5,5,5,3,0,0,0,5,0,0
Turks and Caicos Islands,1974,28,2,2,0,0,0,0,0,0,0,0,5,10,3,0,0,0,0,0,0,0,0,0,0,5,5,5,3,0,0,0,2,0,0
Turks and Caicos Islands,1975,23,1,1,0,0,0,0,0,0,0,0,4,10,2,0,0,0,0,0,0,0,0,0,0,4,5,5,2,0,0,0,1,0,0
Turks and Caicos Islands,1976,20,1,1,0,0,0,0,0,0,0,0,0,0,0,0,0,0,0,0,0,0,0,0,0,0,0,0,0,0,0,0,1,0,0
Turks and Caicos Islands,1977,19,0,0,0,0,0,0,0,0,0,0,0,0,0,0,0,0,0,0,0,0,0,0,0,0,0,0,0,0,0,0,0,0,0
Turks and Caicos Islands,1978,21,0,0,0,0,0,0,0,0,0,0,0,0,0,0,0,0,0,0,0,0,0,0,0,0,0,0,0,0,0,0,0,0,0
Turks and Caicos Islands,1979,23,1,1,0,0,0,0,0,0,0,0,0,10,1,0,0,0,0,0,0,0,0,0,0,0,5,5,1,0,0,0,1,0,0
Turks and Caicos Islands,1980,25,1,1,0,0,0,0,0,0,0,0,0,10,4,0,0,0,0,0,0,0,0,0,0,0,5,5,4,0,0,0,1,0,0
Turks and Caicos Islands,1981,27,1,1,0,0,0,0,0,0,0,0,0,10,5,0,0,0,0,0,0,0,0,0,0,0,5,5,5,0,0,0,1,0,0
Turks and Caicos Islands,1982,28,1,1,0,0,0,0,0,0,0,0,0,9,5,0,0,0,0,0,0,0,0,0,0,0,4,5,5,0,0,0,1,0,0
Turks and Caicos Islands,1983,29,1,1,0,0,0,0,0,0,0,0,0,8,6,0,0,0,0,0,0,0,0,0,0,0,3,5,5,1,0,0,1,0,0
Turks and Caicos Islands,1984,30,1,1,0,0,0,0,0,0,0,0,3,7,6,0,0,0,0,0,0,0,0,0,1,2,2,5,5,1,0,0,1,0,0
Turks and Caicos Islands,1985,30,1,1,0,0,0,0,0,0,0,0,3,6,7,0,0,0,0,0,0,0,0,0,1,2,1,5,5,2,0,0,1,0,0
Turks and Caicos Islands,1986,30,1,1,0,0,0,0,0,0,0,0,4,5,7,0,0,0,0,0,0,0,0,0,2,2,0,5,5,2,0,0,1,0,0
Turks and Caicos Islands,1987,30,1,1,0,0,0,0,0,0,0,0,4,5,8,0,0,0,0,0,0,0,0,0,1,3,1,4,5,3,0,0,1,0,0
Turks and Caicos Islands,1988,30,2,2,0,0,0,0,0,0,0,0,5,5,7,0,0,0,0,0,0,0,0,0,0,5,3,2,4,3,0,0,2,0,0
Turks and Caicos Islands,1989,30,2,2,0,0,0,0,0,0,0,0,5,6,6,0,0,0,0,0,0,0,0,0,0,5,4,2,2,4,0,0,2,0,0
Turks and Caicos Islands,1990,31,2,2,0,0,0,0,0,0,0,0,4,8,4,0,0,0,0,0,0,0,0,0,0,4,5,3,0,4,0,0,2,0,0
Turks and Caicos Islands,1991,33,3,3,0,0,0,0,0,0,0,0,3,8,5,0,0,0,0,0,0,0,0,0,0,3,5,3,1,4,0,0,3,0,0
Turks and Caicos Islands,1992,33,3,3,0,0,0,0,0,0,0,0,2,8,5,0,0,0,0,0,0,0,0,0,0,2,5,3,2,3,0,0,3,0,0
Turks and Caicos Islands,1993,34,3,3,0,0,0,0,0,0,0,0,2,10,5,0,0,0,0,0,0,0,0,0,0,2,5,5,3,2,0,0,3,0,0
Turks and Caicos Islands,1994,41,5,5,0,0,0,0,0,0,0,0,2,10,5,1,0,0,0,0,0,0,0,0,0,2,5,5,4,1,1,0,5,0,0
Turks and Caicos Islands,1995,41,5,5,0,0,0,0,0,0,0,0,2,10,5,0,0,0,0,0,0,0,0,0,0,2,5,5,5,0,0,0,5,0,0
Turks and Caicos Islands,1996,35,2,2,0,0,0,0,0,0,0,0,0,10,4,0,0,0,0,0,0,0,0,0,0,0,5,5,3,1,0,0,2,0,0
Turks and Caicos Islands,1997,35,2,2,0,0,0,0,0,0,0,0,0,10,5,0,0,0,0,0,0,0,0,0,0,0,5,5,3,2,0,0,2,0,0
Turks and Caicos Islands,1998,33,1,1,0,0,0,0,0,0,0,0,0,9,4,0,0,0,0,0,0,0,0,0,0,0,4,5,4,0,0,0,1,0,0
Turks and Caicos Islands,1999,34,2,2,0,0,0,0,0,0,0,0,1,8,5,0,0,0,0,0,0,0,0,0,0,1,3,5,5,0,0,0,2,0,0
Turks and Caicos Islands,2000,36,2,2,0,0,0,0,0,0,0,0,4,10,8,0,0,0,0,0,0,0,0,0,0,4,5,5,5,3,0,0,2,0,0
Turks and Caicos Islands,2001,37,2,2,0,0,0,0,0,0,0,0,3,10,8,2,0,0,0,0,0,0,0,0,0,3,5,5,5,3,2,0,2,0,0
Turks and Caicos Islands,2002,32,1,1,0,0,0,0,0,0,0,0,0,10,7,2,0,0,0,0,0,0,0,0,0,0,5,5,5,2,2,0,1,0,0
Turks and Caicos Islands,2003,34,2,2,0,0,0,0,0,0,0,0,1,10,8,2,0,0,0,0,0,0,0,0,0,1,5,5,5,3,2,0,2,0,0
Turks and Caicos Islands,2004,31,1,1,0,0,0,0,0,0,0,0,0,10,9,0,0,0,0,0,0,0,0,0,0,0,5,5,5,4,0,0,1,0,0
Turks and Caicos Islands,2005,34,1,1,0,0,0,0,0,0,0,0,0,9,9,0,0,0,0,0,0,0,0,0,0,0,4,5,5,4,0,0,1,0,0
Turks and Caicos Islands,2006,40,1,1,0,0,0,0,0,0,0,0,3,11,12,1,0,0,0,0,0,0,0,0,0,3,5,6,7,5,1,0,1,0,0
Turks and Caicos Islands,2007,50,2,2,0,0,0,0,0,0,0,0,7,12,19,2,0,0,0,0,0,0,0,0,2,5,5,7,10,9,2,0,2,0,0
Turks and Caicos Islands,2008,54,1,1,0,0,0,0,0,0,0,6,8,12,18,3,0,0,0,0,0,0,1,5,3,5,5,7,10,8,3,0,1,0,0
Turks and Caicos Islands,2009,60,1,1,0,0,0,0,0,0,0,7,10,11,21,5,0,0,0,0,0,0,2,5,5,5,5,6,11,10,5,0,1,0,0
Turks and Caicos Islands,2010,71,2,2,0,0,0,0,0,0,0,10,10,14,27,9,0,0,0,0,0,0,5,5,5,5,5,9,14,13,8,1,2,0,0
Turks and Caicos Islands,2011,81,2,2,0,0,0,0,0,0,2,10,10,14,32,11,0,0,0,0,0,2,5,5,5,5,5,9,16,16,9,2,2,0,0
Turks and Caicos Islands,2012,89,1,1,0,0,0,0,0,0,3,10,10,16,31,14,0,0,0,0,0,3,5,5,5,5,6,10,14,17,11,3,1,0,0
Turks and Caicos Islands,2013,97,1,1,0,0,0,0,0,0,3,10,10,16,34,16,0,0,0,0,0,3,5,5,5,5,6,10,15,19,12,4,1,0,0
Turks and Caicos Islands,2014,101,1,1,0,0,0,0,0,0,4,10,10,18,36,18,0,0,0,0,0,4,5,5,5,5,8,10,16,20,13,5,1,0,0
Turks and Caicos Islands,2015,108,1,1,0,0,0,0,0,0,4,10,10,19,37,18,0,0,0,0,0,4,5,5,5,5,9,10,15,22,13,5,1,0,0
Turks and Caicos Islands,2016,117,1,1,0,0,0,0,0,0,6,10,15,22,41,20,0,0,0,0,1,5,5,5,7,8,9,13,18,23,15,5,1,0,1
Turks and Caicos Islands,2017,124,1,1,0,0,0,0,0,0,6,10,17,22,40,23,0,0,0,0,1,5,5,5,7,10,10,12,18,22,17,6,1,0,1
Turks and Caicos Islands,2018,138,2,2,0,0,0,0,0,0,7,10,19,25,44,27,0,0,0,0,2,5,5,5,9,10,10,15,21,23,20,7,2,0,1
Turks and Caicos Islands,2019,158,2,2,0,0,0,0,0,0,7,12,23,32,50,30,0,0,0,0,2,5,5,7,10,13,13,19,24,26,22,8,2,0,1
Turks and Caicos Islands,2020,168,2,2,0,0,0,0,0,0,8,13,24,34,52,31,0,0,0,0,3,5,5,8,10,14,15,19,24,28,22,9,2,0,1
Turks and Caicos Islands,2021,181,2,2,0,0,0,0,0,0,9,15,26,37,57,31,0,0,0,0,4,5,5,10,11,15,16,21,28,29,22,9,2,0,1
Tuvalu,1950,70,17,24,7,2,2,5,10,6,0,0,9,8,2,0,5,5,5,1,0,0,0,0,4,5,5,3,2,0,0,0,26,7,0
Tuvalu,1951,70,17,25,8,2,1,5,10,7,0,0,9,8,1,0,5,5,5,2,0,0,0,0,4,5,5,3,1,0,0,0,27,6,0
Tuvalu,1952,69,17,26,9,2,1,5,10,7,0,0,8,9,0,0,5,5,5,2,0,0,0,0,3,5,5,4,0,0,0,0,28,6,0
Tuvalu,1953,68,16,25,9,2,0,5,10,8,0,0,8,10,0,0,5,5,5,3,0,0,0,0,3,5,5,5,0,0,0,0,27,5,0
Tuvalu,1954,66,16,24,8,2,0,4,10,9,0,0,7,9,0,0,5,5,5,4,0,0,0,0,2,5,5,4,0,0,0,0,26,4,0
Tuvalu,1955,64,15,23,8,2,0,3,10,9,0,0,7,9,0,0,5,5,5,4,0,0,0,0,2,5,5,4,0,0,0,0,25,3,0
Tuvalu,1956,62,14,22,8,3,0,2,10,9,0,0,6,8,0,0,5,5,5,4,0,0,0,0,1,5,5,3,0,0,0,0,25,2,0
Tuvalu,1957,59,14,22,8,3,0,1,10,10,0,0,5,8,0,0,5,5,5,5,0,0,0,0,0,5,5,3,0,0,0,0,25,1,0
Tuvalu,1958,57,13,19,6,4,0,0,2,9,1,0,4,10,1,0,1,1,4,5,1,0,0,0,0,4,5,5,1,0,0,0,23,0,0
Tuvalu,1959,55,12,18,6,3,0,0,0,8,1,0,3,10,2,0,0,0,3,5,1,0,0,0,0,3,5,5,2,0,0,0,21,0,0
Tuvalu,1960,52,11,17,6,3,0,0,0,6,2,0,3,10,2,0,0,0,1,5,2,0,0,0,0,3,5,5,2,0,0,0,20,0,0
Tuvalu,1961,50,10,15,5,3,0,0,0,4,3,0,2,10,2,0,0,0,0,4,3,0,0,0,0,2,5,5,2,0,0,0,18,0,0
Tuvalu,1962,48,9,14,5,2,0,0,0,3,3,0,1,10,3,0,0,0,0,3,3,0,0,0,0,1,5,5,3,0,0,0,16,0,0
Tuvalu,1963,47,8,12,4,2,0,0,0,1,4,0,2,10,4,0,0,0,0,1,4,0,0,0,0,2,5,5,4,0,0,0,14,0,0
Tuvalu,1964,46,7,11,4,2,0,0,0,0,4,0,2,10,5,0,0,0,0,0,4,0,0,0,0,2,5,5,5,0,0,0,13,0,0
Tuvalu,1965,44,6,10,4,1,0,0,0,0,0,0,1,10,5,0,0,0,0,0,0,0,0,0,0,1,5,5,5,0,0,0,11,0,0
Tuvalu,1966,43,6,10,4,0,0,0,0,0,0,0,0,10,6,0,0,0,0,0,0,0,0,0,0,0,5,5,5,1,0,0,10,0,0
Tuvalu,1967,42,6,10,4,0,0,0,0,0,0,0,0,10,7,0,0,0,0,0,0,0,0,0,0,0,5,5,5,2,0,0,10,0,0
Tuvalu,1968,41,6,10,4,0,0,0,0,0,0,0,1,9,6,0,0,0,0,0,0,0,0,0,1,0,5,4,5,1,0,0,10,0,0
Tuvalu,1969,40,6,9,3,0,0,0,0,0,0,0,2,7,4,0,0,0,0,0,0,0,0,0,2,0,4,3,3,1,0,0,9,0,0
Tuvalu,1970,39,6,9,3,0,0,0,0,0,0,1,4,8,0,0,0,0,0,0,0,0,0,1,3,1,4,4,0,0,0,0,9,0,0
Tuvalu,1971,38,6,8,2,0,0,0,0,0,0,0,8,6,0,0,0,0,0,0,0,0,0,0,5,3,4,2,0,0,0,0,8,0,0
Tuvalu,1972,40,6,9,3,0,0,0,0,0,0,1,10,8,0,0,0,0,0,0,0,0,0,1,5,5,5,3,0,0,0,0,9,0,0
Tuvalu,1973,35,5,6,1,0,0,0,0,0,0,0,9,8,0,0,0,0,0,0,0,0,0,0,4,5,5,3,0,0,0,0,6,0,0
Tuvalu,1974,34,5,6,1,0,0,0,0,0,0,0,9,7,0,0,0,0,0,0,0,0,0,0,4,5,4,3,0,0,0,0,6,0,0
Tuvalu,1975,35,5,6,1,0,0,0,0,0,0,0,8,8,0,0,0,0,0,0,0,0,0,0,3,5,5,3,0,0,0,0,6,0,0
Tuvalu,1976,35,5,6,1,0,0,0,0,0,0,0,8,7,0,0,0,0,0,0,0,0,0,0,3,5,5,2,0,0,0,0,6,0,0
Tuvalu,1977,35,5,6,1,0,0,0,0,0,0,0,9,8,0,0,0,0,0,0,0,0,0,0,4,5,5,3,0,0,0,0,6,0,0
Tuvalu,1978,36,5,6,1,0,0,0,0,0,0,0,10,9,0,0,0,0,0,0,0,0,0,0,5,5,5,4,0,0,0,0,6,0,0
Tuvalu,1979,37,5,5,0,0,0,0,0,0,0,0,10,10,0,0,0,0,0,0,0,0,0,0,5,5,5,5,0,0,0,0,5,0,0
Tuvalu,1980,37,5,5,0,0,0,0,0,0,0,0,10,10,1,0,0,0,0,0,0,0,0,0,5,5,5,5,1,0,0,0,5,0,0
Tuvalu,1981,38,5,5,0,0,0,0,0,0,0,0,10,10,2,0,0,0,0,0,0,0,0,0,5,5,5,5,2,0,0,0,5,0,0
Tuvalu,1982,39,6,6,0,0,0,0,0,0,0,1,10,10,3,0,0,0,0,0,0,0,0,1,5,5,5,5,3,0,0,0,6,0,0
Tuvalu,1983,39,6,6,0,0,0,0,0,0,0,1,10,10,4,0,0,0,0,0,0,0,0,1,5,5,5,5,4,0,0,0,6,0,0
Tuvalu,1984,40,6,6,0,0,0,0,0,0,0,2,10,10,5,0,0,0,0,0,0,0,0,2,5,5,5,5,5,0,0,0,6,0,0
Tuvalu,1985,41,6,6,0,0,0,0,0,0,0,3,10,10,5,0,0,0,0,0,0,0,0,3,5,5,5,5,5,0,0,0,6,0,0
Tuvalu,1986,42,6,6,0,0,0,0,0,0,0,3,10,10,6,0,0,0,0,0,0,0,0,3,5,5,5,5,5,1,0,0,6,0,0
Tuvalu,1987,44,6,6,0,0,0,0,0,0,0,3,10,10,7,0,0,0,0,0,0,0,0,3,5,5,5,5,5,2,0,0,6,0,0
Tuvalu,1988,45,6,6,0,0,0,0,0,0,0,3,10,10,7,0,0,0,0,0,0,0,0,3,5,5,5,5,5,2,0,0,6,0,0
Tuvalu,1989,46,6,6,0,0,0,0,0,0,0,2,10,10,6,0,0,0,0,0,0,0,0,2,5,5,5,5,4,2,0,0,6,0,0
Tuvalu,1990,46,6,6,0,0,0,0,0,0,0,3,10,10,4,0,0,0,0,0,0,0,0,3,5,5,5,5,4,0,0,0,6,0,0
Tuvalu,1991,47,6,6,0,0,0,0,0,0,0,4,10,10,5,0,0,0,0,0,0,0,0,4,5,5,5,5,5,0,0,0,6,0,0
Tuvalu,1992,52,6,9,3,0,0,0,0,0,0,4,10,10,6,0,0,0,0,0,0,0,0,4,5,5,5,5,5,1,0,0,9,0,0
Tuvalu,1993,47,5,5,0,0,0,0,0,0,0,2,10,10,6,0,0,0,0,0,0,0,0,2,5,5,5,5,5,1,0,0,5,0,0
Tuvalu,1994,47,5,5,0,0,0,0,0,0,0,1,10,10,7,0,0,0,0,0,0,0,0,1,5,5,5,5,5,2,0,0,5,0,0
Tuvalu,1995,48,5,5,0,0,0,0,0,0,0,3,10,10,7,0,0,0,0,0,0,0,0,3,5,5,5,5,5,2,0,0,5,0,0
Tuvalu,1996,48,5,5,0,0,0,0,0,0,0,4,10,10,7,0,0,0,0,0,0,0,0,4,5,5,5,5,5,2,0,0,5,0,0
Tuvalu,1997,48,4,4,0,0,0,0,0,0,0,4,10,10,7,0,0,0,0,0,0,0,0,4,5,5,5,5,5,2,0,0,4,0,0
Tuvalu,1998,48,4,4,0,0,0,0,0,0,0,3,10,10,8,0,0,0,0,0,0,0,0,3,5,5,5,5,5,3,0,0,4,0,0
Tuvalu,1999,48,4,4,0,0,0,0,0,0,0,3,10,10,7,0,0,0,0,0,0,0,0,3,5,5,5,5,5,2,0,0,4,0,0
Tuvalu,2000,48,4,4,0,0,0,0,0,0,1,2,10,10,8,0,0,0,0,0,0,1,0,2,5,5,5,5,5,3,0,0,4,0,0
Tuvalu,2001,48,4,4,0,0,0,0,0,0,2,3,10,10,8,0,0,0,0,0,0,2,2,1,5,5,5,5,5,3,0,0,4,0,0
Tuvalu,2002,47,3,3,0,0,0,0,0,0,2,4,10,10,8,0,0,0,0,0,0,2,4,0,5,5,5,5,5,3,0,0,3,0,0
Tuvalu,2003,46,3,3,0,0,0,0,0,0,1,6,9,10,8,0,0,0,0,0,0,1,5,1,4,5,5,5,5,3,0,0,3,0,0
Tuvalu,2004,46,3,3,0,0,0,0,0,0,1,7,8,10,9,0,0,0,0,0,0,1,5,2,3,5,5,5,5,4,0,0,3,0,0
Tuvalu,2005,46,3,3,0,0,0,0,0,0,3,7,7,10,9,0,0,0,0,0,0,3,4,3,2,5,5,5,5,4,0,0,3,0,0
Tuvalu,2006,46,3,3,0,0,0,0,0,0,4,9,6,10,9,0,0,0,0,0,0,4,4,5,1,5,5,5,5,4,0,0,3,0,0
Tuvalu,2007,46,3,3,0,0,0,0,0,0,4,10,7,10,9,0,0,0,0,0,0,4,5,5,2,5,5,5,5,4,0,0,3,0,0
Tuvalu,2008,46,3,3,0,0,0,0,0,0,4,10,8,10,9,0,0,0,0,0,0,4,5,5,3,5,5,5,5,4,0,0,3,0,0
Tuvalu,2009,46,3,3,0,0,0,0,0,0,3,10,10,10,9,0,0,0,0,0,0,3,5,5,5,5,5,5,5,4,0,0,3,0,0
Tuvalu,2010,46,3,3,0,0,0,0,0,0,2,10,10,10,9,0,0,0,0,0,0,2,5,5,5,5,5,5,5,4,0,0,3,0,0
Tuvalu,2011,47,3,3,0,0,0,0,0,0,2,10,10,10,10,0,0,0,0,0,0,2,5,5,5,5,5,5,5,5,0,0,3,0,0
Tuvalu,2012,47,3,3,0,0,0,0,0,0,1,10,10,10,10,0,0,0,0,0,0,1,5,5,5,5,5,5,5,5,0,0,3,0,0
Tuvalu,2013,47,3,3,0,0,0,0,0,0,0,10,10,10,9,0,0,0,0,0,0,0,5,5,5,5,5,5,5,4,0,0,3,0,0
Tuvalu,2014,47,2,2,0,0,0,0,0,0,0,10,10,10,9,0,0,0,0,0,0,0,5,5,5,5,5,5,5,4,0,0,2,0,0
Tuvalu,2015,46,2,2,0,0,0,0,0,0,0,9,10,10,9,0,0,0,0,0,0,0,4,5,5,5,5,5,5,4,0,0,2,0,0
Tuvalu,2016,45,2,2,0,0,0,0,0,0,0,8,10,10,10,0,0,0,0,0,0,0,3,5,5,5,5,5,5,5,0,0,2,0,0
Tuvalu,2017,44,2,2,0,0,0,0,0,0,0,7,10,10,5,0,0,0,0,0,0,0,2,5,5,5,5,5,4,1,0,0,2,0,0
Tuvalu,2018,44,2,2,0,0,0,0,0,0,0,8,10,10,5,0,0,0,0,0,0,0,3,5,5,5,5,5,5,0,0,0,2,0,0
Tuvalu,2019,44,2,2,0,0,0,0,0,0,0,8,10,10,6,0,0,0,0,0,0,0,3,5,5,5,5,5,5,1,0,0,2,0,0
Tuvalu,2020,45,2,2,0,0,0,0,0,0,0,7,10,10,7,0,0,0,0,0,0,0,2,5,5,5,5,5,5,2,0,0,2,0,0
Tuvalu,2021,45,2,2,0,0,0,0,0,0,0,7,10,10,8,0,0,0,0,0,0,0,2,5,5,5,5,5,5,3,0,0,2,0,0
Uganda,1950,64700,20864,35166,14302,2938,1678,1881,4897,4680,3458,2652,2667,2733,1589,350,2349,2548,2451,2229,1880,1578,1488,1164,1214,1453,1481,1252,959,630,275,75,38104,3559,12
Uganda,1951,66399,21177,36319,15142,3019,1663,1879,4969,4813,3591,2823,2622,2728,1605,353,2373,2596,2509,2304,1956,1635,1543,1280,1194,1428,1469,1259,968,637,277,76,39338,3542,12
Uganda,1952,66984,21252,36708,15456,3087,1629,1846,4962,4864,3672,2955,2568,2705,1617,355,2361,2601,2525,2339,2002,1670,1574,1381,1180,1388,1444,1261,976,641,279,76,39795,3475,12
Uganda,1953,67423,21327,36896,15569,3203,1599,1812,4950,4913,3758,3081,2535,2678,1631,359,2346,2604,2542,2371,2048,1710,1606,1475,1190,1345,1417,1261,986,645,283,76,40099,3411,12
Uganda,1954,67714,21430,37044,15614,3372,1583,1771,4891,4904,3806,3155,2535,2638,1643,359,2308,2583,2530,2374,2071,1735,1625,1530,1237,1298,1384,1254,993,650,283,76,40416,3354,12
Uganda,1955,67833,21488,37053,15565,3535,1584,1731,4812,4868,3841,3200,2579,2604,1653,360,2263,2549,2504,2364,2085,1756,1641,1559,1325,1254,1355,1249,1001,652,284,76,40588,3315,12
Uganda,1956,67564,21564,37083,15519,3660,1596,1678,4649,4734,3792,3178,2610,2548,1665,362,2181,2468,2433,2301,2050,1742,1626,1552,1407,1203,1312,1236,1007,658,286,76,40743,3274,12
Uganda,1957,66894,21570,36943,15373,3729,1617,1617,4442,4545,3697,3127,2642,2487,1672,363,2081,2361,2333,2212,1990,1707,1598,1529,1474,1168,1268,1219,1012,660,287,76,40672,3234,12
Uganda,1958,66378,21642,36927,15285,3779,1668,1565,4235,4357,3596,3076,2688,2430,1678,364,1984,2251,2233,2124,1926,1670,1570,1506,1530,1158,1227,1203,1014,664,288,76,40706,3233,12
Uganda,1959,66113,21786,37029,15243,3807,1745,1530,4047,4189,3513,3046,2765,2382,1681,366,1897,2150,2145,2044,1871,1642,1553,1493,1566,1199,1192,1190,1014,667,289,77,40836,3275,12
Uganda,1960,65771,21918,37189,15271,3827,1827,1507,3831,3980,3389,2989,2833,2331,1684,367,1801,2030,2035,1945,1795,1594,1524,1465,1559,1274,1155,1176,1015,669,289,78,41016,3334,12
Uganda,1961,65677,22078,37355,15277,3842,1901,1508,3659,3831,3311,2975,2939,2299,1681,367,1726,1933,1953,1878,1744,1567,1514,1461,1566,1373,1136,1163,1012,669,289,78,41197,3409,12
Uganda,1962,65580,22312,37594,15282,3855,1957,1523,3477,3658,3209,2940,3029,2281,1676,367,1649,1828,1860,1798,1681,1528,1494,1446,1563,1466,1132,1149,1007,669,290,77,41449,3480,12
Uganda,1963,66226,22584,37872,15288,3865,2007,1585,3420,3643,3246,3027,3198,2316,1670,366,1626,1794,1843,1800,1694,1552,1536,1491,1608,1590,1173,1143,1002,668,290,76,41737,3592,12
Uganda,1964,66903,22944,38303,15359,3882,2032,1665,3339,3580,3246,3089,3329,2398,1661,365,1600,1739,1801,1779,1686,1560,1564,1525,1648,1681,1259,1139,997,664,289,76,42185,3697,12
Uganda,1965,67716,23356,38792,15436,3894,2045,1751,3291,3529,3259,3159,3443,2528,1654,364,1599,1692,1764,1765,1687,1572,1593,1566,1692,1751,1394,1134,993,661,288,76,42686,3796,12
Uganda,1966,69411,23889,39552,15663,3957,2084,1862,3336,3570,3364,3318,3626,2717,1650,362,1647,1689,1772,1798,1735,1629,1668,1650,1779,1847,1570,1147,993,657,286,76,43509,3946,12
Uganda,1967,70145,24335,40023,15688,3917,2072,1922,3324,3509,3368,3384,3731,2890,1634,360,1676,1648,1730,1779,1732,1636,1692,1692,1825,1906,1726,1164,983,651,284,76,43940,3994,12
Uganda,1968,71817,24960,40905,15945,3950,2090,1990,3405,3513,3440,3514,3896,3118,1626,356,1763,1642,1720,1793,1764,1676,1748,1766,1905,1991,1898,1220,982,644,282,74,44855,4080,12
Uganda,1969,73323,25513,41769,16256,3997,2109,2028,3494,3468,3466,3605,4041,3360,1617,352,1861,1633,1690,1778,1772,1694,1783,1822,1974,2067,2036,1324,978,639,279,73,45766,4137,12
Uganda,1970,75418,26199,42882,16683,4082,2145,2071,3651,3469,3543,3738,4235,3640,1607,346,1990,1661,1682,1787,1805,1738,1840,1898,2070,2165,2156,1484,975,632,275,71,46964,4216,10
Uganda,1971,83896,28054,47030,18976,4907,2438,2305,4147,3743,3991,4257,4848,4225,1658,339,2295,1852,1808,1935,2011,1980,2088,2169,2374,2474,2450,1775,1018,640,273,66,51937,4743,9
Uganda,1972,86391,28880,48456,19576,5070,2500,2360,4336,3721,4049,4381,5051,4501,1648,315,2417,1919,1794,1927,2032,2017,2139,2242,2475,2576,2551,1950,1024,624,259,56,53526,4860,6
Uganda,1973,90416,29047,48585,19538,5526,3147,2956,5281,4283,4467,4616,5095,4559,1613,277,2934,2347,2072,2211,2269,2198,2279,2337,2522,2573,2533,2026,1023,590,236,41,54111,6103,4
Uganda,1974,92819,30783,52153,21370,5586,2708,2516,4778,3696,4161,4651,5525,5053,1726,265,2618,2160,1789,1907,2065,2096,2253,2398,2703,2822,2785,2268,1139,587,229,36,57739,5224,2
Uganda,1975,98130,31463,53012,21549,6121,3404,3155,5853,4310,4594,4917,5616,5087,1802,252,3144,2709,2117,2193,2303,2291,2409,2508,2767,2849,2790,2297,1236,566,218,34,59133,6559,2
Uganda,1976,102917,32983,55718,22735,6459,3566,3281,6199,4397,4677,5094,5930,5383,1959,250,3274,2925,2199,2198,2328,2349,2487,2607,2910,3020,2951,2432,1393,566,216,34,62177,6847,2
Uganda,1977,107531,34439,58454,24015,6798,3737,3399,6509,4491,4705,5230,6201,5649,2117,244,3392,3117,2300,2191,2326,2379,2548,2682,3028,3173,3097,2552,1540,577,212,32,65252,7136,1
Uganda,1978,110365,36456,62333,25877,6804,3323,2985,5964,4072,4370,5217,6603,6116,2330,244,3088,2876,2145,1927,2116,2254,2500,2717,3179,3424,3360,2756,1717,613,211,33,69137,6308,1
Uganda,1979,114850,37843,64686,26843,7051,3489,3115,6252,4311,4432,5398,6921,6438,2515,240,3224,3028,2344,1967,2133,2299,2580,2818,3318,3603,3543,2895,1842,673,208,32,71737,6604,1
Uganda,1980,123110,40876,70120,29244,7560,3877,3316,6562,4628,4571,5659,7224,6706,2670,215,3397,3165,2573,2055,2198,2373,2702,2957,3460,3764,3699,3007,1925,745,191,24,77680,7193,1
Uganda,1981,125371,41345,70746,29401,7614,3963,3406,6725,4879,4592,5832,7535,7043,2837,196,3475,3250,2759,2120,2195,2397,2774,3058,3594,3941,3893,3150,2013,824,179,17,78360,7369,1
Uganda,1982,123719,39751,67714,27963,7417,3812,3462,6916,5163,4657,6017,7879,7462,3026,194,3559,3357,2940,2223,2212,2445,2854,3163,3735,4144,4133,3329,2116,910,180,14,75131,7274,1
Uganda,1983,125083,39815,67357,27542,7292,3809,3547,7135,5524,4714,6218,8220,7847,3210,210,3659,3476,3124,2400,2237,2477,2934,3284,3886,4334,4349,3498,2218,992,194,16,74649,7356,1
Uganda,1984,127272,40118,67357,27239,7189,3807,3652,7436,5978,4838,6470,8617,8288,3398,237,3795,3641,3318,2660,2305,2533,3036,3434,4067,4550,4593,3695,2332,1066,222,15,74546,7459,1
Uganda,1985,125019,40051,65693,25642,6478,3587,3615,7549,6307,4798,6425,8600,8266,3424,279,3831,3718,3421,2886,2327,2471,2997,3428,4066,4534,4579,3687,2336,1088,258,21,72171,7202,1
Uganda,1986,129500,41206,67222,26016,6499,3635,3771,8032,6913,5053,6713,9045,8712,3588,311,4060,3972,3675,3238,2497,2556,3112,3601,4278,4767,4822,3890,2449,1139,291,20,73721,7406,1
Uganda,1987,133838,42417,68950,26533,6524,3670,3874,8429,7440,5245,6929,9505,9160,3759,352,4239,4190,3899,3541,2654,2591,3182,3747,4497,5008,5066,4094,2565,1194,327,25,75474,7544,1
Uganda,1988,138120,43530,70751,27221,6618,3714,3985,8835,7894,5508,7064,9843,9575,3945,389,4441,4394,4097,3797,2880,2628,3220,3844,4651,5192,5277,4298,2695,1250,359,30,77369,7699,1
Uganda,1989,143617,44427,72217,27790,6735,3792,4166,9555,8655,6082,7404,10386,10060,4143,421,4780,4775,4474,4181,3294,2788,3361,4043,4914,5472,5539,4521,2832,1311,384,37,78952,7958,1
Uganda,1990,149006,45205,73371,28166,6838,3843,4316,10350,9512,6790,7736,10913,10530,4352,455,5132,5218,4914,4598,3789,3001,3505,4231,5170,5743,5789,4741,2978,1374,406,49,80209,8159,1
Uganda,1991,153519,45536,73693,28157,6883,3870,4452,11132,10386,7579,8070,11454,10969,4552,481,5466,5666,5358,5028,4312,3267,3653,4417,5432,6022,6029,4940,3117,1435,425,56,80576,8322,1
Uganda,1992,157968,46121,74316,28195,6976,3908,4565,11867,11206,8338,8280,11853,11368,4772,517,5763,6104,5780,5426,4785,3553,3751,4529,5615,6238,6233,5135,3268,1504,448,69,81292,8473,1
Uganda,1993,163758,46731,74948,28217,7076,3971,4726,12870,12376,9392,8648,12388,11807,4998,558,6153,6717,6382,5994,5368,4024,3938,4710,5866,6522,6474,5333,3417,1581,475,83,82024,8697,4
Uganda,1994,166674,47416,75935,28519,7215,4023,4776,13236,12778,9881,8556,12399,12054,5222,593,6269,6967,6600,6178,5553,4328,3923,4633,5833,6566,6575,5479,3564,1658,501,92,83150,8799,7
Uganda,1995,169803,48311,77240,28929,7395,4112,4830,13532,13133,10327,8499,12392,12296,5428,609,6358,7174,6795,6338,5681,4646,3950,4549,5785,6607,6678,5618,3697,1731,517,92,84635,8942,7
Uganda,1996,170643,48500,77808,29308,7574,4217,4833,13408,13114,10540,8359,12249,12449,5552,533,6271,7137,6790,6324,5682,4858,3954,4405,5662,6587,6737,5712,3790,1762,487,46,85382,9050,4
Uganda,1997,173176,48877,78326,29449,7700,4334,4921,13693,13549,10991,8452,12207,12669,5752,577,6362,7331,7035,6514,5839,5152,4110,4342,5594,6613,6835,5834,3910,1842,517,60,86026,9255,2
Uganda,1998,173949,48854,78195,29341,7836,4476,4996,13691,13712,11217,8523,12022,12816,5896,568,6352,7339,7133,6579,5899,5318,4289,4234,5458,6564,6887,5929,4003,1893,517,51,86031,9472,2
Uganda,1999,173679,48651,77192,28541,7690,4456,4996,13698,13971,11426,8744,11833,12971,6080,624,6336,7362,7276,6695,5989,5437,4567,4177,5326,6507,6941,6030,4109,1971,557,67,84882,9452,2
Uganda,2000,173728,48100,75676,27576,7533,4456,5058,13866,14461,11796,9158,11696,13136,6232,653,6394,7472,7523,6938,6188,5608,4937,4221,5232,6464,7004,6132,4198,2034,581,72,83209,9514,1
Uganda,2001,173182,47280,73589,26309,7267,4406,5114,14012,14989,12220,9661,11572,13295,6375,680,6441,7571,7768,7221,6412,5808,5325,4336,5156,6416,7064,6231,4283,2092,603,77,80856,9520,1
Uganda,2002,172159,46121,71320,25199,7019,4343,5159,14082,15435,12618,10173,11395,13425,6496,687,6466,7616,7951,7484,6620,5998,5665,4508,5064,6331,7099,6326,4360,2136,617,70,78339,9502,2
Uganda,2003,171966,44602,68323,23721,6703,4268,5268,14491,16283,13353,10943,11363,13606,6636,723,6637,7854,8317,7966,7011,6342,6078,4865,5059,6304,7165,6441,4445,2191,643,80,75026,9536,2
Uganda,2004,167464,42813,64793,21980,6260,4091,5200,14193,16180,13410,11273,11021,13578,6733,731,6519,7674,8182,7998,7035,6375,6148,5125,4922,6099,7086,6492,4507,2226,654,77,71053,9291,2
Uganda,2005,159516,40890,61232,20342,5859,3878,4987,13209,15036,12746,11113,10490,13432,6808,725,6143,7066,7529,7507,6665,6081,5903,5210,4715,5775,6918,6514,4562,2246,656,69,67091,8865,2
Uganda,2006,150667,39023,57855,18832,5500,3653,4709,12024,13534,11826,10749,9966,13248,6879,719,5690,6334,6711,6823,6160,5666,5563,5186,4529,5437,6723,6525,4614,2265,655,64,63355,8362,2
Uganda,2007,146508,37262,54703,17441,5182,3488,4603,11743,13218,11838,10981,9896,13190,6948,717,5599,6144,6495,6723,6163,5675,5584,5397,4612,5284,6626,6564,4665,2283,657,60,59885,8091,1
Uganda,2008,143686,35573,51875,16302,4842,3286,4472,11778,13375,12151,11226,9889,13056,7017,718,5602,6176,6531,6844,6348,5803,5665,5561,4774,5115,6485,6571,4717,2300,659,59,56717,7758,1
Uganda,2009,139873,34268,49464,15196,4608,3147,4360,11439,12819,12011,11234,10042,12952,7082,717,5488,5951,6235,6584,6260,5751,5638,5596,5023,5019,6372,6580,4765,2317,660,57,54072,7507,1
Uganda,2010,137644,32962,47124,14162,4412,3052,4315,11393,12635,12170,11411,10400,12872,7144,716,5481,5912,6130,6505,6323,5847,5725,5686,5367,5033,6287,6585,4812,2332,661,55,51536,7367,1
Uganda,2011,133027,31604,44733,13129,4141,2883,4134,10884,11855,11834,11276,10657,12717,7192,713,5256,5628,5741,6114,6101,5733,5640,5636,5601,5056,6165,6552,4848,2344,660,53,48874,7017,1
Uganda,2012,127756,30015,42124,12109,3889,2731,3929,10270,10964,11361,11070,10911,12556,7235,712,4974,5296,5309,5655,5792,5569,5513,5557,5765,5146,6048,6508,4878,2357,660,52,46013,6660,1
Uganda,2013,122196,28508,39757,11249,3651,2568,3668,9483,9933,10724,10810,11220,12410,7263,707,4606,4877,4813,5120,5379,5345,5350,5460,5862,5358,5957,6453,4897,2366,657,50,43408,6236,1
Uganda,2014,120892,27252,37723,10471,3459,2483,3602,9505,9914,10902,11106,11838,12379,7278,706,4584,4921,4817,5097,5403,5499,5499,5607,6055,5783,5969,6410,4903,2375,656,50,41182,6085,1
Uganda,2015,118008,26243,35943,9700,3274,2380,3465,9154,9441,10588,11073,12254,12394,7312,729,4413,4741,4612,4829,5171,5417,5469,5604,6079,6175,6035,6359,4911,2401,672,57,39217,5845,1
Uganda,2016,115062,25136,34392,9256,3159,2300,3341,8812,8997,10153,10875,12486,12451,7337,762,4247,4565,4435,4562,4901,5252,5368,5507,6009,6477,6149,6302,4910,2427,693,69,37551,5641,1
Uganda,2017,117061,24599,33763,9164,3133,2298,3392,9206,9471,10467,11239,13046,12761,7415,864,4391,4815,4718,4753,5034,5433,5575,5664,6150,6896,6457,6304,4933,2482,748,116,36896,5690,10
Uganda,2018,115767,24138,33160,9022,3088,2249,3309,8935,9185,10040,11072,13183,13150,7454,926,4253,4682,4616,4569,4800,5240,5491,5581,6092,7091,6849,6301,4937,2517,781,145,36248,5558,17
Uganda,2019,117563,23721,32749,9028,3064,2241,3334,9172,9576,10221,11392,13557,13821,7458,959,4322,4850,4846,4730,4890,5331,5667,5725,6226,7331,7451,6370,4925,2533,800,159,35813,5575,21
Uganda,2020,121828,23243,32263,9020,3022,2224,3358,9448,10072,10534,12160,14848,15215,7634,1022,4403,5045,5114,4958,5025,5509,6012,6148,6786,8062,8534,6681,5017,2617,841,181,35285,5582,29
Uganda,2021,125059,22720,31665,8945,2966,2175,3266,9162,10083,10720,12910,16042,16982,7994,1062,4258,4904,5060,5023,5086,5634,6326,6584,7355,8687,9699,7283,5239,2755,878,184,34631,5441,31
Ukraine,1950,252215,23921,28805,4884,1355,1510,1500,5188,8015,14940,20053,38720,69390,47747,14867,2569,2619,2577,5438,6593,8347,9116,10937,15945,22775,31322,38068,26753,20994,11029,3838,30160,3010,127
Ukraine,1951,253149,23423,29543,6120,1240,1492,1542,5313,7783,15424,20816,38655,69876,47665,13464,2510,2803,2563,5220,6828,8596,9611,11205,15854,22801,31276,38600,28153,19512,10281,3183,30783,3034,335
Ukraine,1952,238768,21564,27838,6274,1125,1324,1596,5006,7030,15016,20301,36278,65523,45563,11752,2196,2810,2563,4467,6722,8294,9547,10754,14853,21425,29391,36132,28565,16998,9050,2702,28963,2920,421
Ukraine,1953,237391,20060,26575,6515,1111,1187,1784,4918,6701,15278,21033,36002,64683,46647,11010,1972,2946,2785,3916,6970,8308,10037,10996,14633,21369,29223,35460,30642,16005,8513,2497,27686,2971,455
Ukraine,1954,230248,18686,24873,6187,1209,1024,1886,4653,6338,15027,21217,34739,62168,46608,10080,1757,2896,2959,3379,6920,8107,10361,10856,14192,20547,28255,33913,31271,15337,7814,2266,26082,2910,424
Ukraine,1955,218850,17050,22670,5620,1361,866,1829,4371,5969,14286,20886,32861,58656,45581,9150,1635,2736,3005,2964,6440,7846,9983,10903,13455,19406,26717,31939,30511,15070,7072,2078,24031,2695,364
Ukraine,1956,215015,15905,21180,5275,1502,764,1763,4241,5972,13883,21133,32175,57356,46058,8641,1641,2600,3118,2854,6001,7882,9969,11164,13379,18796,26132,31224,30262,15796,6632,2009,22682,2527,344
Ukraine,1957,208140,15074,19906,4832,1558,689,1588,4040,6055,13082,21011,30978,55181,45683,8029,1725,2315,3164,2891,5217,7865,9759,11252,13037,17941,25101,30080,29096,16587,6113,1916,21464,2277,342
Ukraine,1958,198316,13902,18324,4422,1534,634,1347,3781,6091,12025,20408,29374,52421,44515,7530,1809,1972,3127,2964,4327,7698,9230,11178,12604,16770,23835,28586,27416,17099,5709,1821,19858,1981,337
Ukraine,1959,174613,12891,16932,4041,1446,749,1166,3594,6111,10614,20323,30348,45618,29871,7416,1840,1754,2960,3151,3618,6996,8471,11852,13177,17171,22393,23225,17977,11894,5146,2270,18378,1915,426
Ukraine,1960,169739,11930,15635,3705,1306,809,948,3352,5912,9624,19136,29821,44565,30755,7419,1801,1551,2757,3155,3196,6428,8281,10855,13271,16550,21642,22923,19015,11740,5244,2175,16941,1757,460
Ukraine,1961,173644,11023,14724,3701,1261,897,842,3354,6043,9333,19348,30944,46206,32268,7912,1803,1551,2688,3355,3270,6063,8558,10790,13897,17047,22269,23937,19821,12447,5712,2200,15985,1739,508
Ukraine,1962,183634,10825,14492,3667,1248,963,831,3449,6206,9334,20561,32665,49222,35514,8594,1737,1712,2615,3591,3650,5684,9037,11524,14779,17886,23768,25454,21962,13552,6290,2304,15740,1794,555
Ukraine,1963,180201,9734,13123,3389,1169,962,836,3304,5875,8713,20083,32448,48422,36121,8586,1478,1826,2316,3559,3749,4964,8898,11185,14900,17548,22566,25856,22578,13543,6384,2202,14292,1798,559
Ukraine,1964,181093,8710,11912,3202,1127,940,919,3271,5577,8435,20177,33028,48932,37289,8905,1271,2000,2060,3517,3906,4529,9020,11157,15636,17392,22143,26789,23190,14099,6645,2260,13039,1859,584
Ukraine,1965,192368,8408,11516,3108,1151,937,1100,3307,5625,8731,21173,35319,52232,40931,9715,1138,2169,2007,3618,4334,4397,9142,12031,15876,19443,23533,28699,25215,15716,7177,2538,12667,2037,625
Ukraine,1966,201124,8264,11197,2933,1149,923,1251,3257,5644,9312,21461,37125,54770,44036,10366,1037,2220,2045,3599,4718,4594,8803,12658,16242,20883,24919,29851,27003,17033,7610,2756,12346,2174,639
Ukraine,1967,206191,8267,11023,2756,1111,894,1318,3093,5600,9913,20899,38478,56207,46121,10883,1011,2082,2200,3400,4907,5006,7965,12934,17001,21477,25647,30560,27955,18166,7970,2913,12134,2212,649
Ukraine,1968,211384,8029,10707,2678,1067,876,1375,2889,5553,10389,20382,39713,56360,50243,11178,1054,1835,2438,3115,5046,5343,7178,13204,17252,22461,26243,30117,30985,19258,8158,3020,11774,2251,648
Ukraine,1969,224202,8518,11248,2730,1059,894,1418,2894,5748,11129,20990,43241,58647,54205,12051,1232,1662,2827,2921,5253,5876,6881,14109,18264,24977,27478,31169,32898,21307,8866,3185,12307,2312,682
Ukraine,1970,232592,8505,11230,2725,1006,895,1384,2905,5788,11706,20502,44168,62365,57142,12787,1450,1455,3009,2779,5289,6417,6504,13998,19275,24893,30243,32122,34591,22551,9550,3237,12236,2279,714
Ukraine,1971,235707,8666,11465,2799,941,850,1343,2906,5758,12101,20109,44350,63455,58261,13448,1607,1299,3003,2755,5101,7000,6765,13344,19355,24995,30722,32733,34820,23441,10150,3298,12406,2193,720
Ukraine,1972,246262,8675,11494,2819,915,838,1332,3019,5922,12284,19734,46750,67699,61066,14476,1723,1296,2879,3043,4912,7372,7612,12122,20341,26409,32623,35076,35980,25086,11026,3450,12409,2170,733
Ukraine,1973,249636,8206,11014,2808,876,809,1303,3157,5940,12023,19218,47677,69783,61895,15211,1793,1364,2545,3395,4522,7501,8257,10961,20733,26944,33739,36044,35308,26587,11725,3486,11890,2112,726
Ukraine,1974,255633,8384,11143,2759,860,781,1271,3323,6049,11590,19011,48899,72660,63277,16035,1790,1533,2233,3816,4112,7478,8835,10176,21323,27576,35805,36855,35500,27777,12397,3638,12003,2052,733
Ukraine,1975,253988,8243,10891,2648,827,715,1203,3403,5785,10959,18474,48039,73402,63040,16530,1675,1728,1886,3899,3756,7203,9184,9290,20453,27586,35237,38165,34895,28145,12714,3816,11718,1918,725
Ukraine,1976,261377,8240,10927,2687,832,683,1184,3585,5662,10897,19524,48133,76865,64990,17344,1637,1948,1705,3957,3805,7092,9835,9689,19536,28597,36741,40124,36287,28703,13207,4137,11759,1867,755
Ukraine,1977,267243,8064,10740,2676,832,656,1152,3654,5435,10896,21005,47327,80445,66232,18099,1595,2059,1683,3752,4149,6747,10228,10777,17615,29712,38454,41991,37428,28804,13761,4338,11572,1808,768
Ukraine,1978,273211,8005,10638,2633,825,628,1118,3731,5118,10930,22245,46657,83897,67402,19249,1570,2161,1779,3339,4666,6264,10469,11776,16043,30614,39522,44375,38732,28670,14686,4563,11463,1746,778
Ukraine,1979,286564,7735,10347,2612,840,628,1113,3799,5070,11231,23554,47891,91875,68774,20604,1577,2222,2058,3012,5390,5841,10765,12789,15498,32393,41820,50055,39314,29460,15713,4891,11187,1741,835
Ukraine,1980,293967,7583,10151,2568,853,632,1072,3761,5099,11369,24817,47070,93537,73234,21488,1573,2188,2428,2671,5753,5616,10862,13955,14655,32415,43420,50117,43333,29901,16429,5059,11004,1704,883
Ukraine,1981,293971,7216,9651,2435,842,622,1003,3620,5040,11255,25024,45036,94650,75083,21244,1523,2097,2684,2356,5703,5552,10458,14566,14847,30189,43717,50933,45028,30055,16293,4951,10493,1625,900
Ukraine,1982,292883,7075,9364,2289,817,606,940,3468,5043,11162,24567,42605,96204,76151,21023,1457,2011,2785,2258,5282,5880,9748,14819,16013,26592,44246,51958,46049,30102,16040,4983,10181,1546,932
Ukraine,1983,303062,7011,9249,2238,825,615,916,3444,5429,11516,24785,42316,100559,80650,21758,1431,2013,2996,2433,4799,6717,9237,15548,17724,24592,46373,54186,49230,31420,16349,5409,10074,1531,1001
Ukraine,1984,318238,6743,9005,2262,836,634,923,3461,5946,12203,24884,43251,106855,86439,22708,1426,2035,3107,2839,4377,7826,8714,16170,19592,23659,49438,57417,53845,32594,16797,5911,9841,1557,1098
Ukraine,1985,330350,6579,8843,2264,831,653,939,3436,6491,12437,25020,44466,111197,91799,23108,1385,2051,3086,3405,3934,8503,8463,16557,21580,22886,50267,60930,56023,35776,16979,6129,9674,1592,1128
Ukraine,1986,306332,5910,7898,1988,731,601,859,3049,6252,11105,22627,42748,101241,86945,21205,1202,1847,2745,3507,3234,7871,7763,14864,21140,21608,43867,57374,52661,34284,15559,5646,8629,1460,1072
Ukraine,1987,317118,5764,7733,1969,715,608,872,3000,6528,10840,23004,46717,101268,92783,21873,1169,1831,2719,3809,3215,7625,8522,14482,22545,24172,40516,60752,56471,36312,16005,5868,8448,1480,1180
Ukraine,1988,326706,5446,7373,1927,704,614,890,2945,6816,10372,23399,50518,101049,98521,22222,1135,1810,2720,4096,3434,6938,9704,13695,23780,26738,37372,63677,59632,38889,16263,5959,8077,1504,1285
Ukraine,1989,318432,4490,6237,1747,660,583,857,2744,6514,9630,22562,50596,97204,98527,21011,1066,1678,2575,3939,3763,5867,10581,11981,23048,27548,33555,63649,58664,39863,15414,5597,6897,1440,1308
Ukraine,1990,332149,4167,5831,1664,658,585,895,2740,6562,9871,23227,54388,97173,105740,23104,1099,1641,2619,3943,4529,5342,11558,11669,23647,30741,32471,64702,63459,42281,17379,5725,6489,1480,1373
Ukraine,1991,350100,4325,5894,1569,672,591,942,2785,6694,10341,24375,58518,99125,113966,24817,1157,1628,2694,4000,5337,5004,12228,12147,24160,34358,34847,64278,68475,45491,19028,5789,6566,1533,1384
Ukraine,1992,360402,4064,5547,1483,668,579,955,2790,6687,10836,25292,60410,98325,121654,25355,1196,1594,2698,3989,5855,4981,11938,13354,23639,36771,39018,59307,73067,48587,19816,5539,6215,1534,1302
Ukraine,1993,384760,3857,5317,1460,690,606,1025,2941,7079,12316,27607,64328,102453,131816,27326,1291,1650,2838,4241,6679,5637,11495,16112,23515,40813,45365,57088,78577,53239,21859,5467,6007,1631,1258
Ukraine,1994,393283,3625,4965,1340,660,605,1030,2963,7081,13365,29017,63675,103568,137410,27815,1320,1643,2804,4277,6849,6516,10377,18640,21815,41860,49610,53958,82784,54626,22664,5151,5625,1635,1128
Ukraine,1995,395857,3371,4606,1235,617,594,1011,2986,6953,14454,29291,62985,105458,137711,28165,1340,1646,2678,4275,6704,7750,9220,20071,20844,42141,54065,51393,80827,56884,22850,5315,5223,1605,1025
Ukraine,1996,387354,2996,4116,1120,555,566,955,2924,6598,14922,28006,60659,108258,131148,27752,1312,1612,2477,4121,6364,8558,8088,19918,20233,40426,56529,51729,74121,57027,22557,5195,4671,1521,896
Ukraine,1997,378560,2705,3708,1003,491,537,894,2843,6217,14959,26194,58857,113027,122102,27927,1270,1573,2298,3919,6033,8926,7663,18531,21167,37690,57658,55369,64936,57166,22773,5154,4199,1431,800
Ukraine,1998,364753,2337,3233,896,422,495,832,2718,5761,14781,23682,56444,115172,112926,27574,1210,1508,2101,3660,5706,9075,7727,15955,22835,33609,57497,57675,56548,56378,22407,5167,3655,1327,713
Ukraine,1999,370973,2190,3021,831,387,469,823,2726,5635,14877,23092,57162,121213,112611,28269,1205,1521,2067,3568,5685,9192,8840,14252,26223,30939,58563,62650,54219,58392,23004,5265,3408,1292,690
Ukraine,2000,376158,2059,2833,774,362,441,808,2728,5475,14652,23112,57721,127659,110195,29457,1187,1541,2072,3403,5673,8979,10475,12637,28276,29445,59099,68560,52488,57707,24156,5301,3195,1249,716
Ukraine,2001,368068,1933,2626,693,323,395,768,2620,5160,13945,22553,56534,128216,104786,29432,1118,1502,2026,3134,5454,8491,11533,11020,28075,28459,56726,71490,52759,52027,24209,5223,2949,1163,712
Ukraine,2002,369234,1810,2444,634,298,357,748,2567,4994,13543,22945,57330,128911,104154,30251,1079,1488,2022,2972,5311,8232,12302,10643,26769,30561,54167,74744,58016,46138,24983,5268,2742,1105,696
Ukraine,2003,378194,1773,2369,596,279,326,729,2584,4938,13525,24611,59470,130341,106612,31709,1069,1515,2052,2886,5258,8267,13243,11368,24426,35044,51155,79186,63913,42699,26194,5515,2648,1055,701
Ukraine,2004,369372,1749,2309,560,252,286,663,2469,4697,12804,25264,59428,122511,106786,31220,1017,1452,1982,2715,4912,7892,12851,12413,20905,38523,45125,77386,66858,39928,25928,5292,2561,949,685
Ukraine,2005,377983,1849,2405,556,236,269,627,2441,4746,12600,27345,60182,121633,113351,31422,1001,1440,2013,2733,4699,7901,12584,14761,18541,41641,43074,78559,73938,39413,25806,5616,2641,896,724
Ukraine,2006,370696,1844,2391,547,212,239,560,2304,4619,11880,28052,57205,116686,117177,28666,948,1356,1959,2660,4310,7570,11860,16192,16056,41149,41439,75247,77274,39903,23028,5638,2603,799,704
Ukraine,2007,369044,2035,2581,546,193,216,498,2205,4542,11304,28411,53927,114843,123825,25785,912,1293,1921,2621,4031,7273,11358,17053,15233,38694,43975,70868,80122,43703,19883,5902,2774,714,716
Ukraine,2008,367729,2057,2638,581,178,197,440,2099,4462,10746,28822,49928,113650,129491,24342,859,1240,1890,2572,3783,6963,11036,17786,15711,34217,48873,64777,82359,47132,18156,6186,2816,637,730
Ukraine,2009,355295,1919,2496,577,162,176,382,1928,4229,9900,27365,45738,109395,129112,23704,767,1161,1785,2444,3500,6400,10370,16995,16906,28832,53011,56384,79685,49427,17585,6119,2658,558,706
Ukraine,2010,357146,1786,2372,586,158,160,349,1829,4163,9441,26491,44759,109203,134063,23410,709,1120,1733,2430,3447,5994,10170,16321,19688,25071,56259,52944,80118,53945,17386,6024,2530,509,742
Ukraine,2011,339461,1793,2338,545,149,139,300,1640,3867,8569,24345,41982,103715,129204,22466,612,1028,1580,2287,3248,5321,9435,14910,20953,21029,54000,49715,74416,54788,17328,5138,2487,439,747
Ukraine,2012,338217,1745,2286,541,152,126,270,1531,3741,8164,23331,42054,104188,127784,23790,544,987,1502,2239,3193,4971,9057,14274,22090,19964,50924,53264,70422,57362,19330,4460,2438,396,801
Ukraine,2013,338541,1612,2147,535,157,116,249,1418,3659,7828,22643,43951,105197,124770,25545,484,934,1447,2212,3146,4682,8707,13936,23206,20745,45333,59864,65005,59765,21274,4271,2304,365,863
Ukraine,2014,304410,1465,1969,504,164,105,213,1200,3237,6855,19633,41378,95967,107323,25529,404,796,1277,1960,2806,4049,7457,12176,20634,20744,35559,60408,52798,54525,21451,4078,2133,318,837
Ukraine,2015,291428,1372,1810,438,140,90,181,1028,2954,6405,17917,41679,90763,100196,27704,344,684,1158,1796,2636,3769,6610,11307,18758,22921,29547,61216,47578,52618,23377,4327,1950,271,561
Ukraine,2016,276877,1170,1564,394,131,83,154,877,2675,5987,16273,41340,83453,94813,28950,292,585,1053,1622,2459,3528,5828,10445,17048,24292,24742,58711,45275,49538,23633,5317,1695,237,576
Ukraine,2017,269045,1056,1407,351,124,81,136,763,2482,5713,15049,40827,76940,94304,30559,257,506,982,1500,2339,3374,5294,9755,15877,24950,22868,54072,48159,46145,24564,5995,1531,217,657
Ukraine,2018,278902,929,1270,341,124,86,130,708,2455,5829,14871,43194,74551,100844,34059,243,465,961,1494,2390,3439,5162,9709,16059,27135,24581,49970,56595,44249,27345,6714,1394,216,777
Ukraine,2019,280221,906,1212,306,122,89,121,645,2341,5733,14228,42700,71445,104505,36379,226,419,891,1450,2341,3392,4957,9271,15701,26999,27520,43925,64014,40491,28437,7942,1334,210,697
Ukraine,2020,355893,824,977,153,146,145,275,1098,4556,9358,18798,43513,78495,135222,61545,324,774,1823,2733,3798,5560,7099,11699,18805,24708,34545,43950,81654,53568,46801,14744,1123,420,1763
Ukraine,2021,357362,834,980,146,123,155,267,1054,4602,10143,19676,50945,86339,137558,44029,321,733,1653,2949,4168,5975,7624,12052,21200,29745,41382,44957,86380,51178,34582,9447,1103,422,1492
United Arab Emirates,1950,757,295,460,165,29,15,15,30,30,30,33,48,49,13,0,15,15,15,15,15,15,15,18,23,25,28,21,9,4,0,0,489,30,0
United Arab Emirates,1951,781,307,477,170,31,15,15,30,30,30,33,49,53,16,0,15,15,15,15,15,15,15,18,23,26,30,23,11,5,0,0,508,30,0
United Arab Emirates,1952,788,311,481,170,31,15,15,30,30,30,33,49,53,18,0,15,15,15,15,15,15,15,18,23,26,30,23,13,5,0,0,512,30,0
United Arab Emirates,1953,800,314,483,169,32,15,15,30,30,30,33,51,55,19,1,15,15,15,15,15,15,15,18,24,27,30,25,14,5,1,0,515,30,0
United Arab Emirates,1954,802,317,483,166,30,15,15,31,30,30,33,50,56,22,1,16,15,15,15,15,15,15,18,23,27,30,26,16,6,1,0,513,30,0
United Arab Emirates,1955,806,319,480,161,30,15,17,35,30,30,33,52,57,22,0,20,15,15,15,15,15,15,18,24,28,30,27,16,6,0,0,510,32,0
United Arab Emirates,1956,807,321,477,156,30,15,18,36,30,30,33,51,58,25,0,20,16,15,15,15,15,15,18,23,28,30,28,18,7,0,0,507,33,0
United Arab Emirates,1957,809,324,474,150,30,15,18,38,30,30,33,50,58,26,0,20,18,15,15,15,15,15,18,23,27,30,28,19,7,0,0,504,33,0
United Arab Emirates,1958,809,327,472,145,29,15,19,40,30,30,32,50,59,27,1,20,20,15,15,15,15,15,17,23,27,30,29,19,8,1,0,501,34,0
United Arab Emirates,1959,821,339,484,145,27,15,19,40,31,30,32,50,59,30,1,20,20,16,15,15,15,15,17,23,27,30,29,21,9,1,0,511,34,0
United Arab Emirates,1960,837,349,500,151,27,15,19,40,32,30,32,50,59,30,2,20,20,17,15,15,15,15,17,23,27,30,29,21,9,2,0,527,34,0
United Arab Emirates,1961,853,354,510,156,26,15,19,40,35,30,33,48,59,30,2,20,20,20,15,15,15,15,18,22,26,30,29,21,9,2,0,536,34,0
United Arab Emirates,1962,858,356,518,162,24,15,18,40,36,30,32,48,59,31,2,20,20,20,16,15,15,15,17,22,26,30,29,21,10,2,0,542,33,0
United Arab Emirates,1963,858,354,517,163,25,14,18,40,39,30,33,48,58,33,3,20,20,20,19,15,15,15,18,22,26,30,28,22,11,3,0,542,32,0
United Arab Emirates,1964,838,344,500,156,26,11,17,40,40,31,34,47,58,32,3,20,20,20,20,16,15,15,19,22,25,30,28,21,11,3,0,526,28,0
United Arab Emirates,1965,813,332,478,146,27,10,16,40,40,32,39,47,56,31,3,20,20,20,20,17,15,19,20,22,25,29,27,20,11,3,0,505,26,0
United Arab Emirates,1966,780,321,454,133,28,10,14,40,40,32,40,46,51,28,3,20,20,20,20,17,15,20,20,21,25,26,25,18,10,3,0,482,24,0
United Arab Emirates,1967,746,308,426,118,29,10,13,38,40,33,40,45,49,25,3,18,20,20,20,18,15,20,20,20,25,25,24,17,8,3,0,455,23,0
United Arab Emirates,1968,712,293,400,107,28,10,12,35,40,34,40,45,47,22,4,15,20,20,20,19,15,20,20,20,25,25,22,15,7,4,0,428,22,0
United Arab Emirates,1969,726,298,400,102,26,11,12,33,40,40,40,50,55,25,4,15,18,20,20,20,20,20,20,22,28,30,25,17,8,4,0,426,23,0
United Arab Emirates,1970,763,311,408,97,25,11,13,33,40,40,45,58,62,29,2,16,17,20,20,20,20,20,25,25,33,33,29,19,10,2,0,433,24,0
United Arab Emirates,1971,800,320,416,96,22,11,13,35,40,41,48,62,73,35,2,18,17,20,20,20,21,20,28,26,36,39,34,24,11,2,0,438,24,0
United Arab Emirates,1972,847,325,419,94,22,10,14,39,40,44,52,71,88,43,3,19,20,20,20,20,24,22,30,31,40,48,40,29,14,3,0,441,24,0
United Arab Emirates,1973,874,326,416,90,21,10,14,38,40,43,53,74,103,54,5,18,20,20,20,20,23,24,29,36,38,57,46,37,17,5,0,437,24,0
United Arab Emirates,1974,920,324,410,86,21,10,15,39,42,45,56,79,121,66,7,19,20,20,22,20,25,28,28,42,37,67,54,44,22,7,0,431,25,0
United Arab Emirates,1975,965,319,399,80,22,10,14,42,45,46,62,89,141,84,12,19,23,20,25,21,25,34,28,51,38,75,66,54,30,11,1,421,24,0
United Arab Emirates,1976,1011,311,385,74,22,10,14,43,45,48,65,96,160,103,18,19,24,21,24,23,25,37,28,53,43,81,79,64,39,15,3,407,24,0
United Arab Emirates,1977,1049,335,409,74,22,10,17,48,50,51,66,99,154,101,18,23,25,25,25,25,26,34,32,48,51,71,83,61,40,15,3,431,27,0
United Arab Emirates,1978,1085,358,433,75,22,10,19,56,52,53,69,101,149,102,18,26,30,27,25,25,28,34,35,45,56,65,84,62,40,15,3,455,29,0
United Arab Emirates,1979,1114,374,450,76,22,10,19,62,60,60,70,99,146,101,19,29,33,30,30,30,30,35,35,44,55,65,81,61,40,16,3,472,29,0
United Arab Emirates,1980,1129,380,456,76,24,12,19,65,62,61,69,100,142,98,19,30,35,32,30,30,31,36,33,46,54,68,74,60,38,16,3,480,31,0
United Arab Emirates,1981,1159,377,451,74,26,14,19,77,72,65,73,100,146,97,18,34,43,37,35,32,33,40,33,48,52,72,74,61,36,15,3,477,33,0
United Arab Emirates,1982,1171,367,438,71,26,15,21,77,76,70,76,100,147,102,19,34,43,41,35,35,35,39,37,45,55,70,77,62,40,16,3,464,36,0
United Arab Emirates,1983,1208,354,423,69,28,15,23,84,88,75,82,108,151,108,20,36,48,47,41,37,38,41,41,47,61,71,80,66,42,17,3,451,38,0
United Arab Emirates,1984,1223,343,410,67,28,15,22,84,93,80,83,110,157,116,24,36,48,49,44,40,40,40,43,49,61,74,83,69,47,20,4,438,37,0
United Arab Emirates,1985,1267,331,395,64,31,15,24,92,107,86,90,117,165,123,26,39,53,55,52,42,44,45,45,53,64,80,85,74,49,21,5,426,39,0
United Arab Emirates,1986,1330,325,385,60,31,18,25,101,120,96,94,124,171,133,32,41,60,61,59,48,48,49,45,58,66,84,87,78,55,25,7,416,43,0
United Arab Emirates,1987,1296,315,371,56,30,19,26,89,112,95,94,121,173,135,32,36,53,57,55,49,46,49,45,55,66,82,91,78,57,25,7,401,45,0
United Arab Emirates,1988,1331,305,360,55,31,20,30,93,123,102,100,125,174,138,32,39,54,63,60,55,47,50,50,56,69,80,94,80,58,25,7,391,50,1
United Arab Emirates,1989,1370,297,350,53,31,22,35,98,133,111,106,129,179,141,33,42,56,68,65,61,50,55,51,57,72,81,98,82,59,26,7,381,57,1
United Arab Emirates,1990,1413,290,342,52,31,24,38,104,144,124,110,133,182,145,34,46,58,74,70,68,56,55,55,59,74,83,99,85,60,27,7,373,62,1
United Arab Emirates,1991,1453,275,324,49,32,26,43,113,155,135,118,138,186,152,36,51,62,78,77,74,61,58,60,62,76,86,100,90,62,28,8,356,69,1
United Arab Emirates,1992,1522,268,315,47,35,27,46,124,170,149,121,144,191,159,39,57,67,84,86,80,69,60,61,65,79,90,101,95,64,31,8,350,73,1
United Arab Emirates,1993,1498,252,296,44,32,26,44,119,167,153,120,143,190,162,40,55,64,80,87,80,73,60,60,65,78,91,99,97,65,32,8,328,70,1
United Arab Emirates,1994,1559,250,293,43,32,27,45,129,181,168,131,149,195,168,40,58,71,85,96,86,82,66,65,67,82,94,101,99,69,32,8,325,72,1
United Arab Emirates,1995,1603,223,265,42,32,29,49,140,199,185,136,152,202,170,43,62,78,91,108,94,91,71,65,68,84,98,104,99,71,34,9,297,78,1
United Arab Emirates,1996,1742,223,262,39,34,33,56,160,234,216,157,161,213,173,44,70,90,107,127,112,104,83,74,71,90,104,109,101,72,35,9,296,89,1
United Arab Emirates,1997,1798,222,260,38,34,36,64,167,233,229,165,164,218,180,45,76,91,107,126,120,109,90,75,75,89,106,112,104,76,36,9,294,100,1
United Arab Emirates,1998,1862,217,256,39,34,37,75,178,239,244,176,163,224,189,49,83,95,110,129,129,115,97,79,76,87,107,117,109,80,38,11,290,112,1
United Arab Emirates,1999,1844,216,256,40,31,32,73,171,224,243,179,161,221,197,52,82,89,105,119,129,114,100,79,76,85,102,119,114,83,41,11,287,105,1
United Arab Emirates,2000,1848,221,263,42,29,31,71,169,215,244,184,161,219,207,55,82,87,101,114,127,117,102,82,76,85,98,121,119,88,43,12,292,102,1
United Arab Emirates,2001,1857,225,267,42,28,27,68,169,210,247,189,162,215,218,57,83,86,99,111,126,121,104,85,76,86,95,120,124,94,46,11,295,95,2
United Arab Emirates,2002,1867,229,270,41,27,24,62,172,209,249,194,161,209,226,61,85,87,99,110,123,126,107,87,76,85,95,114,127,99,48,13,297,86,2
United Arab Emirates,2003,1672,234,275,41,22,17,42,127,164,209,176,149,193,231,65,60,67,76,88,100,109,97,79,70,79,90,103,128,103,51,14,297,59,2
United Arab Emirates,2004,1685,234,275,41,21,17,37,127,166,211,185,149,187,237,71,59,68,77,89,101,110,103,82,72,77,93,94,129,108,55,16,296,54,2
United Arab Emirates,2005,1690,226,267,41,19,17,33,125,170,215,193,150,184,238,78,56,69,79,91,103,112,108,85,74,76,96,88,125,113,60,18,286,50,2
United Arab Emirates,2006,1698,231,273,42,19,17,35,130,174,213,195,149,177,236,83,58,72,82,92,102,111,110,85,75,74,93,84,117,119,63,20,292,52,2
United Arab Emirates,2007,1701,261,302,41,19,18,39,155,186,199,182,134,146,227,91,69,86,91,95,96,103,102,80,69,65,77,69,104,123,70,21,321,57,4
United Arab Emirates,2008,1693,303,348,45,19,18,46,182,204,182,160,113,102,218,99,80,102,105,99,91,91,90,70,56,57,55,47,89,129,76,23,367,64,5
United Arab Emirates,2009,1679,343,392,49,19,18,50,209,226,167,133,93,56,198,109,92,117,119,107,87,80,77,56,45,48,33,23,69,129,83,26,411,68,5
United Arab Emirates,2010,1666,369,422,53,19,18,50,220,246,165,122,79,29,174,117,95,125,131,115,90,75,71,51,38,41,23,6,48,126,88,29,441,68,6
United Arab Emirates,2011,1790,356,413,57,18,17,45,204,256,190,148,105,96,176,122,85,119,133,123,105,85,83,65,51,54,58,38,52,124,92,30,431,62,5
United Arab Emirates,2012,1937,339,400,61,18,16,39,186,264,213,174,133,173,191,127,75,111,133,131,115,98,94,80,66,67,88,85,67,124,95,32,418,55,5
United Arab Emirates,2013,2113,322,383,61,18,15,32,169,269,238,202,164,256,228,134,67,102,131,138,128,110,105,97,82,82,109,147,98,130,99,35,401,47,5
United Arab Emirates,2014,2328,306,367,61,18,13,30,154,271,263,233,199,338,295,146,59,95,128,143,138,125,120,113,100,99,122,216,149,146,109,37,385,43,5
United Arab Emirates,2015,2587,290,350,60,19,12,25,138,269,288,260,238,414,403,165,51,87,123,146,148,140,131,129,120,118,135,279,227,176,125,40,369,37,5
United Arab Emirates,2016,2901,272,329,57,20,12,22,125,264,311,292,284,478,560,193,45,80,118,146,157,154,147,145,142,142,156,322,337,223,151,42,349,34,7
United Arab Emirates,2017,3264,258,312,54,20,11,19,110,261,333,328,328,523,766,237,37,73,114,147,164,169,165,163,164,164,184,339,473,293,190,47,332,30,12
United Arab Emirates,2018,3712,240,290,50,20,11,18,100,258,358,366,383,558,1027,313,32,68,111,147,176,182,184,182,190,193,215,343,631,396,250,63,310,29,12
United Arab Emirates,2019,4267,228,276,48,18,12,18,89,258,381,410,441,590,1336,423,27,62,109,149,184,197,205,205,218,223,252,338,786,550,332,91,294,30,11
United Arab Emirates,2020,5414,240,288,48,18,14,15,73,264,460,511,565,719,1859,620,22,51,104,160,215,245,255,256,274,291,330,389,1008,851,468,152,306,29,10
United Arab Emirates,2021,5697,229,275,46,18,15,15,64,270,502,563,631,778,1921,637,18,46,102,168,236,266,282,281,304,327,369,409,950,971,470,167,293,30,12
United Kingdom,1950,287975,10525,12786,2261,951,673,1363,4950,6901,13458,26134,52976,91108,66037,10492,2083,2867,2857,4044,5413,8045,11059,15075,21850,31126,42536,48572,40998,25039,8820,1672,13737,2036,144
United Kingdom,1951,307536,10223,12490,2267,857,638,1097,3989,6567,13460,27153,56389,99686,73393,11643,1651,2338,2742,3825,5449,8011,11382,15771,22813,33576,46160,53526,45781,27612,9758,1885,13347,1735,164
United Kingdom,1952,275602,9763,11534,1771,822,571,895,3248,5576,12516,25308,50690,88242,65499,10541,1360,1888,2370,3206,5038,7478,10632,14676,20857,29833,40908,47334,40705,24794,8813,1728,12356,1466,159
United Kingdom,1953,278313,9503,11269,1766,853,595,790,2897,5412,12450,24744,50406,89516,68115,11096,1174,1723,2426,2986,4999,7451,10449,14295,20590,29816,40802,48714,42051,26064,9284,1812,12122,1385,170
United Kingdom,1954,278054,8789,10098,1309,712,538,761,2622,5235,12209,24855,50299,89340,69444,11745,1090,1532,2381,2854,4868,7341,10623,14232,20681,29618,40969,48371,43056,26388,9783,1962,10810,1299,192
United Kingdom,1955,288581,8645,10129,1484,774,568,687,2377,4752,11775,24897,51151,93224,75354,12684,939,1438,2122,2630,4599,7176,10497,14400,20700,30451,42462,50762,46489,28865,10579,2105,10903,1255,210
United Kingdom,1956,290188,8589,9845,1256,691,503,590,2137,4661,11487,24401,51091,94052,77246,13254,886,1251,1951,2710,4423,7064,10079,14322,20921,30170,42248,51804,47507,29739,11014,2240,10536,1093,229
United Kingdom,1957,284905,8848,10197,1349,701,600,732,2146,4710,11411,24827,50830,91127,74453,12936,893,1253,1824,2886,4400,7011,10289,14538,21121,29709,41590,49537,46020,28433,10704,2232,10898,1332,232
United Kingdom,1958,293429,8709,9916,1207,604,488,594,1995,4475,10939,24775,50898,93965,80396,14132,880,1115,1719,2756,4080,6859,10319,14456,20942,29956,41945,52020,49272,31124,11689,2443,10520,1082,250
United Kingdom,1959,295582,8758,10074,1316,621,593,635,1954,4481,10446,24746,50860,94556,81596,14750,867,1087,1626,2855,3800,6646,10079,14667,20957,29903,42198,52358,49791,31805,12169,2581,10695,1228,268
United Kingdom,1960,294696,8944,10233,1289,665,537,633,1773,4163,10449,24296,50809,93058,82853,14953,751,1022,1491,2672,3770,6679,10048,14248,20986,29823,40993,52065,50166,32687,12315,2638,10898,1170,275
United Kingdom,1961,309545,8952,10313,1361,604,523,709,1784,4067,10559,24875,52758,98009,88638,16396,845,939,1507,2560,3935,6624,10329,14546,21765,30993,43861,54148,53385,35253,13469,2927,10917,1232,307
United Kingdom,1962,310023,9189,10557,1368,621,500,709,1840,4079,10454,24785,52830,96852,89615,16864,822,1018,1517,2562,4050,6404,10058,14727,22030,30800,43095,53757,53295,36320,13893,2971,11178,1209,317
United Kingdom,1963,318581,9178,10623,1445,604,455,725,1758,3991,10618,25156,54227,98766,93471,17855,752,1006,1508,2483,4239,6379,10153,15003,22422,31805,44206,54560,55389,38082,14733,3122,11227,1180,336
United Kingdom,1964,295322,9015,10355,1340,621,486,840,1807,3537,10244,24346,51214,90144,85084,16326,808,999,1351,2186,4374,5870,9953,14393,21261,29953,41106,49038,50347,34737,13454,2872,10976,1326,318
United Kingdom,1965,303553,8268,9683,1415,612,537,853,1816,3602,10111,24509,52014,92916,88351,18187,832,984,1305,2297,4240,5871,9893,14616,21418,30596,42095,50821,51351,37000,15001,3186,10295,1390,362
United Kingdom,1966,313273,8109,9537,1428,616,476,889,1823,3463,10012,24699,52900,95756,92997,19703,859,964,1300,2163,3952,6060,10040,14659,21518,31382,42826,52930,53908,39089,16219,3484,10153,1365,397
United Kingdom,1967,301051,7739,9061,1322,628,508,819,1743,3302,9786,23499,51279,90930,89136,19944,863,880,1217,2085,3741,6045,9275,14224,21088,30191,40954,49976,51510,37626,16285,3659,9689,1327,416
United Kingdom,1968,322347,7398,8778,1380,675,501,705,1732,3325,10095,23742,53630,97661,98089,22936,838,894,1262,2063,3673,6422,9151,14591,22179,31451,43609,54052,55972,42117,18670,4266,9453,1206,478
United Kingdom,1969,321474,7062,8340,1278,581,422,716,1832,3216,10632,24170,55463,97933,95305,22383,912,920,1199,2017,3849,6783,9021,15149,22570,32893,44351,53582,54912,40393,18141,4242,8921,1138,481
United Kingdom,1970,320958,7013,8194,1181,648,468,663,1879,3110,10258,23432,54208,97088,96670,23809,954,925,1198,1912,3590,6668,8838,14594,22060,32148,43830,53258,55424,41246,19207,4602,8842,1131,525
United Kingdom,1971,316451,6753,7897,1144,657,497,717,1772,3049,9757,23185,52043,95179,96589,24547,856,916,1200,1849,3416,6341,8997,14188,21429,30614,42781,52398,54695,41894,19689,4858,8554,1214,564
United Kingdom,1972,331006,6065,7311,1246,670,413,766,1849,2998,9622,23885,54112,100338,101772,26625,874,975,1124,1874,3397,6225,9647,14238,22002,32110,45044,55294,57523,44249,21259,5366,7981,1179,642
United Kingdom,1973,330382,5476,6546,1070,614,456,801,1872,2940,9354,23050,53596,99793,103359,27319,847,1025,1138,1802,3342,6012,9766,13284,21458,32138,44787,55006,57946,45413,21744,5575,7160,1257,683
United Kingdom,1974,329876,5103,6088,985,583,502,734,1742,2989,8973,22914,53516,99601,102971,28518,798,944,1130,1859,3188,5785,10140,12774,21621,31895,44839,54762,57386,45585,22600,5918,6671,1236,743
United Kingdom,1975,327132,4693,5562,869,543,407,749,1855,2977,8616,22207,52623,98828,103484,28531,809,1046,1172,1805,3108,5508,9545,12662,21272,31351,44014,54814,57718,45766,22614,5917,6105,1156,751
United Kingdom,1976,338785,4021,4762,741,517,484,728,1803,2982,8463,22515,53182,102514,109011,30980,789,1014,1252,1730,3019,5444,9483,13032,21429,31753,45204,57310,60545,48466,24427,6553,5279,1212,842
United Kingdom,1977,325217,3943,4666,723,429,453,749,1749,2997,8053,22059,50825,99002,104157,29252,840,909,1244,1753,2841,5212,8703,13356,20002,30823,43768,55234,58358,45799,22954,6298,5095,1202,828
United Kingdom,1978,330973,3985,4707,722,481,497,819,1828,3122,7970,22969,50468,100753,106094,30375,826,1002,1342,1780,2946,5024,8890,14079,19240,31228,44226,56527,59117,46977,23763,6612,5188,1316,889
United Kingdom,1979,336179,4085,4706,621,424,458,704,1655,3057,7746,23191,49604,102820,108903,31953,735,920,1320,1737,2807,4939,8725,14466,18783,30821,44810,58010,60852,48051,24963,6990,5130,1162,961
United Kingdom,1980,329294,4015,4613,598,412,440,765,1699,3027,7231,21916,48564,100376,107459,31806,814,885,1273,1754,2699,4532,8044,13872,18462,30102,43578,56798,59749,47710,24786,7020,5025,1205,985
United Kingdom,1981,329216,3394,3997,603,348,421,736,1563,2926,7092,20933,47647,99537,110108,32836,734,829,1254,1672,2640,4452,7812,13121,18516,29131,43376,56161,61608,48500,25432,7404,4345,1157,1071
United Kingdom,1982,333592,3340,3906,566,303,407,691,1605,3048,6759,20161,48096,100399,112752,34318,772,833,1246,1802,2504,4255,7483,12678,19548,28548,43223,57176,62623,50129,26503,7815,4209,1098,1150
United Kingdom,1983,330989,3137,3709,572,320,376,720,1514,2967,6618,19415,46955,98729,113579,34889,692,822,1119,1848,2469,4149,7206,12209,19995,26960,42451,56278,62998,50581,26839,8050,4029,1096,1200
United Kingdom,1984,324551,3047,3590,543,307,343,663,1587,2910,6519,18737,45676,96618,111230,35128,722,865,1087,1823,2454,4065,6850,11887,20363,25313,41332,55286,61538,49692,26958,8170,3897,1006,1245
United Kingdom,1985,339794,3035,3615,580,313,359,622,1515,2953,6517,18222,46382,99898,119755,38285,726,789,1083,1870,2531,3986,6558,11664,20376,26006,42647,57251,65422,54333,29398,8887,3928,981,1359
United Kingdom,1986,334245,2963,3528,565,276,309,634,1574,2870,6538,17284,45293,97230,119016,38292,765,809,1094,1776,2608,3930,6261,11023,18952,26341,41050,56180,64693,54323,29251,9041,3804,943,1405
United Kingdom,1987,326743,2992,3545,553,267,289,616,1561,2918,6569,16931,45085,93462,116208,37850,725,836,1147,1771,2682,3887,6272,10659,18366,26719,38926,54536,62930,53278,28824,9026,3812,905,1441
United Kingdom,1988,330354,2953,3506,553,267,252,617,1540,2856,6772,16297,45872,90986,119687,40150,744,796,1122,1734,2881,3891,5975,10322,17804,28068,36994,53992,63974,55713,30589,9561,3773,869,1553
United Kingdom,1989,337914,2748,3300,552,272,268,594,1625,2760,6686,15999,46456,90258,124512,43471,767,858,1096,1664,2834,3852,5966,10033,17268,29188,35363,54895,66238,58274,32970,10501,3572,862,1718
United Kingdom,1990,327085,2692,3175,483,246,274,532,1598,2728,6667,15431,44175,87155,120711,42708,699,899,1064,1664,2795,3872,5833,9598,16735,27440,34514,52641,63780,56931,32451,10257,3421,806,1689
United Kingdom,1991,331834,2430,2939,509,282,268,534,1612,2706,6690,14763,42249,87961,124028,45953,736,876,1125,1581,2683,4007,5698,9065,15878,26371,35768,52193,64686,59342,34883,11070,3221,802,1851
United Kingdom,1992,325307,2160,2616,456,248,226,485,1569,2729,6727,14393,40309,86170,122328,45653,702,867,1113,1616,2654,4073,5604,8789,15226,25083,36505,49665,63247,59081,34655,10998,2864,711,1854
United Kingdom,1993,340393,2080,2516,436,239,280,465,1562,2760,6854,14574,39773,87687,129797,51737,655,907,1200,1560,2649,4205,5742,8832,15070,24703,38959,48728,65888,63909,38984,12753,2755,745,2148
United Kingdom,1994,323793,1964,2374,410,199,230,403,1486,2845,6964,14096,37382,82434,123461,49823,626,860,1193,1652,2623,4341,5728,8368,14033,23349,38626,43808,62594,60867,37430,12393,2573,633,2096
United Kingdom,1995,334296,1922,2292,370,225,249,443,1444,2912,6990,14533,36544,83520,127913,54884,583,861,1275,1637,2579,4411,5978,8555,13556,22988,38081,45439,64052,63861,41052,13832,2517,692,2348
United Kingdom,1996,330008,1920,2276,356,210,221,486,1465,3005,6724,14494,35050,81967,126368,55366,584,881,1262,1743,2480,4244,6040,8454,12995,22055,35938,46029,62537,63831,41329,14037,2486,707,2374
United Kingdom,1997,328559,1837,2171,334,216,237,483,1346,3003,6626,14500,34036,81778,124137,57509,573,773,1186,1817,2508,4118,6279,8221,12806,21230,34493,47285,59901,64236,42652,14857,2387,720,2513
United Kingdom,1998,328309,1745,2092,347,211,217,482,1365,2894,6537,14778,33152,82520,121597,59791,565,800,1166,1728,2565,3972,6464,8314,12563,20589,33600,48920,57266,64331,44085,15706,2303,699,2675
United Kingdom,1999,331317,1712,2050,338,194,238,469,1305,2923,6599,14791,32336,83697,121215,62671,547,758,1169,1754,2617,3982,6439,8352,12677,19659,32538,51159,55320,65895,46112,16559,2244,707,2826
United Kingdom,2000,317457,1655,1933,278,174,203,450,1274,3042,6544,14980,30755,77862,116761,60685,533,741,1206,1836,2678,3866,6578,8402,12087,18668,30259,47603,53739,63022,44511,16174,2107,653,2791
United Kingdom,2001,314339,1613,1910,297,207,209,444,1228,2899,6438,14988,29564,74320,117175,61989,554,674,1135,1764,2622,3816,6420,8568,11898,17666,29209,45111,55090,62085,45124,16865,2117,653,2966
United Kingdom,2002,317583,1465,1740,275,181,214,455,1177,2977,6537,14931,29145,72742,119187,65094,519,658,1182,1795,2576,3961,6134,8797,11736,17409,28481,44261,57464,61723,47147,17947,1921,669,3202
United Kingdom,2003,321396,1670,1985,315,179,221,429,1206,2894,6632,15134,29164,71278,121258,67595,540,666,1137,1757,2715,3917,5934,9200,11697,17467,27711,43567,60792,60466,48610,18985,2164,650,3419
United Kingdom,2004,304727,1601,1858,257,152,190,439,1195,2853,6459,14582,28293,66428,113824,65012,531,664,1050,1803,2619,3840,5610,8972,11444,16849,25955,40473,59046,54778,46389,18623,2010,629,3439
United Kingdom,2005,304901,1565,1817,252,151,200,439,1160,2630,6583,14732,28358,64907,113961,66381,530,630,984,1646,2704,3879,5610,9122,11534,16824,24914,39993,57827,56134,47181,19200,1968,639,3581
United Kingdom,2006,297445,1657,1954,297,151,202,440,1179,2632,6637,14481,27979,62358,111144,64625,510,669,929,1703,2709,3928,5573,8908,11910,16069,24178,38180,54665,56479,45476,19149,2105,642,3660
United Kingdom,2007,298871,1624,1886,262,139,207,424,1123,2604,6698,14131,28355,60851,113591,64969,511,612,951,1653,2738,3960,5546,8585,12431,15924,23751,37100,53606,59985,45026,19943,2025,631,3898
United Kingdom,2008,302195,1613,1908,295,159,166,433,1199,2653,6742,13948,28675,60226,116353,65528,531,668,992,1661,2771,3971,5721,8227,12846,15829,23594,36632,52693,63660,44416,21112,2067,599,4212
United Kingdom,2009,288299,1607,1876,269,149,184,400,1199,2493,6643,13449,28040,56908,111332,61463,501,698,919,1574,2708,3935,5481,7968,12587,15453,22747,34161,49443,61889,41080,20383,2025,584,4158
United Kingdom,2010,290156,1596,1848,252,143,170,410,1136,2495,6527,13456,28173,56069,110379,64929,474,662,922,1573,2626,3901,5629,7827,12521,15652,22499,33570,49136,61243,43792,21137,1991,580,4413
United Kingdom,2011,283903,1446,1703,257,115,139,311,1163,2398,6505,13182,28234,54117,106043,65507,486,677,952,1446,2555,3950,5600,7582,12276,15958,21849,32268,47460,58583,44900,20607,1818,450,4486
United Kingdom,2012,295123,1430,1657,227,146,136,291,1088,2249,6300,13274,28661,54771,109281,72330,452,636,915,1334,2406,3894,5545,7729,11877,16784,22046,32725,49084,60197,50780,21550,1803,427,4939
United Kingdom,2013,296939,1305,1561,256,133,146,294,1076,2341,6209,13344,28771,54856,108488,74559,438,638,982,1359,2414,3795,5604,7740,11397,17374,22052,32804,48605,59883,53253,21306,1694,440,5162
United Kingdom,2014,291826,1358,1568,210,143,142,334,1122,2378,6310,13314,28451,54655,104927,73286,480,642,1000,1378,2489,3821,5672,7642,11227,17224,22250,32405,47088,57839,52537,20749,1711,476,5194
United Kingdom,2015,309599,1269,1487,218,135,143,333,1078,2465,6254,13805,29220,56664,111672,80681,421,657,968,1497,2320,3934,5946,7859,11199,18021,23404,33260,49421,62251,57089,23592,1622,476,5663
United Kingdom,2016,303500,1346,1583,237,119,141,299,1147,2493,6265,14479,29493,57190,107723,77269,482,665,1058,1435,2339,3926,6034,8445,11410,18083,24135,33055,47203,60520,53377,23892,1702,440,5294
United Kingdom,2017,307613,1299,1489,190,140,141,295,1003,2521,6063,14121,28729,58377,109002,80357,407,596,979,1542,2250,3813,6083,8038,11323,17406,24908,33469,47628,61374,54052,26305,1629,436,5376
United Kingdom,2018,311742,1242,1426,184,153,134,320,1114,2618,6171,14628,28605,60145,109473,81655,441,673,1025,1593,2173,3998,5987,8641,11634,16971,26361,33784,47994,61479,54236,27419,1579,454,5301
United Kingdom,2019,294923,1161,1363,202,131,135,289,1108,2529,5965,14302,27590,58548,106325,72139,449,659,986,1543,2102,3863,5930,8372,11452,16138,25854,32694,47692,58633,48734,23405,1494,424,4498
United Kingdom,2020,332982,1091,1282,191,128,134,300,1138,2833,6717,16148,30907,68159,120972,78844,450,688,1076,1757,2339,4378,6758,9390,13076,17831,28849,39310,55249,65723,53187,25657,1410,434,5423
United Kingdom,2021,321073,1061,1242,181,122,135,323,1232,2962,6811,16793,31141,67294,111297,75562,495,737,1160,1802,2564,4247,6749,10044,13694,17447,28497,38797,52156,59141,50301,25261,1364,458,6159
United States,1950,613772,44951,52771,7820,3331,2413,3986,13360,22554,41224,71459,116772,154217,108321,22129,5763,7597,9406,13148,17816,23408,31396,40063,51768,65004,76062,78155,66921,41400,17681,4448,56102,6399,1230
United States,1951,626445,46706,55073,8367,3481,2272,3774,12686,22089,40581,72564,118291,157452,113405,23639,5413,7273,9222,12867,17693,22888,32197,40367,51940,66351,76857,80595,70553,42852,18973,4666,58554,6046,1141
United States,1952,631741,48900,56962,8062,3700,2527,3863,11912,21293,40269,71544,118532,160187,115604,24302,4944,6968,8782,12511,17624,22645,32102,39442,51539,66993,78334,81853,71087,44517,19550,4752,60662,6390,1043
United States,1953,637374,46077,53900,7823,3459,2348,3554,10484,20056,39617,71800,119413,163792,122322,25604,4379,6105,8461,11595,17336,22281,31541,40259,50968,68445,80221,83571,75136,47186,20513,5091,57359,5902,1021
United States,1954,622149,45379,52683,7304,3330,2196,3088,9423,18950,38367,68396,116128,161470,121594,25526,4016,5407,8045,10905,16594,21773,29968,38428,49387,66741,79076,82394,73827,47767,20270,5256,56013,5284,999
United States,1955,641889,44720,52041,7321,3199,2174,3158,9304,18612,37821,67549,118740,168445,132114,27700,3992,5312,7655,10957,16297,21524,28866,38683,49784,68956,81435,87010,78894,53220,21865,5835,55240,5332,1028
United States,1956,656646,44935,52254,7319,3263,2272,3198,8963,18409,38248,68045,120484,172649,138308,29487,3841,5122,7645,10764,16110,22138,28632,39413,50531,69953,83617,89032,82610,55698,23182,6305,55517,5470,1067
United States,1957,686671,46316,53888,7572,3450,2524,3447,9119,19364,39065,70177,125768,180061,146613,32060,3912,5207,8106,11258,15981,23084,29959,40218,53057,72711,87385,92676,86911,59702,25190,6870,57338,5971,1132
United States,1958,693639,46222,53952,7730,3427,2467,3237,8560,18642,38359,69089,125261,184187,151487,33785,3682,4878,7495,11147,15369,22990,29788,39301,53893,71368,88850,95337,89534,61953,26600,7185,57379,5704,1186
United States,1959,698154,45389,52811,7422,3596,2528,3410,8544,18510,38055,68640,124484,186673,154297,35370,3771,4773,7311,11199,15245,22810,29843,38797,53995,70489,89239,97434,90650,63647,27926,7444,56407,5938,1241
United States,1960,718759,44525,52104,7579,3752,2536,3434,8535,18391,39494,69562,127561,192995,160774,38246,3781,4754,7204,11187,16135,23359,30405,39157,55950,71611,91962,101033,94039,66735,30338,7908,55856,5970,1372
United States,1961,717290,43186,50428,7242,3593,2519,3476,8346,18083,38524,69144,125481,193376,163984,38937,3745,4601,7020,11063,15679,22845,30819,38325,54558,70923,91857,101519,95407,68577,30969,7968,54021,5995,1398
United States,1962,744096,42022,49233,7211,3704,2525,3799,8801,18442,39248,71776,128856,201200,173564,41457,4060,4741,6882,11560,16208,23040,32138,39638,55692,73164,94798,106402,100376,73188,32769,8688,52937,6324,1490
United States,1963,767739,41224,48494,7270,3694,2641,4113,9148,18288,40269,74546,132119,207156,181157,44531,4316,4832,6870,11418,17083,23186,33077,41469,56313,75806,96700,110456,105074,76083,35182,9349,52188,6754,1584
United States,1964,762668,40458,47395,6937,3597,2679,4283,9390,17991,40440,75630,130343,204190,180473,44686,4549,4841,6968,11023,17292,23148,33811,41819,54823,75520,94567,109623,105030,75443,35247,9439,50992,6962,1567
United States,1965,774405,36883,43595,6712,3590,2743,4303,9509,17854,41235,76309,131087,207994,187598,46969,4656,4853,6851,11003,17227,24008,33679,42630,55013,76074,94930,113064,108962,78636,36920,10049,47185,7046,1614
United States,1966,792251,34494,41066,6572,3652,2859,4858,9968,17466,41760,77561,132114,214566,194585,50054,4909,5059,6849,10617,17355,24405,33655,43906,55338,76776,97888,116678,112987,81598,39261,10793,44718,7717,1743
United States,1967,788230,32105,37853,5748,3519,2833,4848,10352,17136,41555,78151,131139,212568,195629,50826,5309,5043,6595,10541,17180,24375,33106,45045,54930,76209,97012,115556,113106,82523,39754,11072,41372,7681,1817
United States,1968,824876,31444,37101,5657,3579,2899,5131,11189,17422,43452,80984,136445,222134,207684,54859,5724,5465,6755,10667,17400,26052,33841,47143,57993,78452,102046,120088,119069,88615,42733,12126,40680,8030,1994
United States,1969,823879,31240,36637,5397,3484,3058,5615,11585,17403,42772,80104,134579,219965,211093,55498,5949,5636,6928,10475,16891,25881,33313,46791,57832,76747,102104,117861,120667,90426,43091,12407,40121,8673,2087
United States,1970,825833,32066,37005,4939,3282,2936,5800,11880,17000,42190,81656,135711,219358,210834,56006,6034,5846,6822,10178,16526,25664,34507,47149,58923,76788,101975,117383,120860,89974,43430,12576,40287,8736,2175
United States,1971,831510,27541,32372,4831,3226,3029,5965,12264,16785,41247,80257,135936,218699,219126,60186,6187,6077,6950,9835,16157,25090,34275,45982,60294,75642,100818,117881,124213,94913,46345,13841,35598,8994,2415
United States,1972,847804,24079,28743,4664,3139,3018,5900,12536,16703,40802,79436,140251,224983,226695,63029,6341,6195,7049,9654,15581,25221,33854,45582,61839,78412,103216,121767,127998,98697,48492,14537,31882,8918,2566
United States,1973,857040,22491,27037,4546,2975,2913,6028,12618,16720,39234,80340,140242,225496,232992,67657,6320,6298,7108,9612,15044,24190,35090,45250,62428,77814,101179,124317,130008,102984,52149,15508,30012,8941,2787
United States,1974,844420,21978,26115,4137,2571,2780,5610,12368,15878,36702,78070,139686,220267,232423,69079,6125,6243,6937,8941,14296,22406,34532,43538,61946,77740,98563,121704,127825,104598,53306,15773,28686,8390,2870
United States,1975,823850,20795,24678,3883,2410,2509,5463,12393,15375,34820,76482,136425,214053,226926,69368,6366,6027,6722,8653,13235,21585,32771,43711,59957,76468,95961,118092,124566,102360,53478,15890,27088,7972,2943
United States,1976,838511,20154,23754,3600,2350,2378,5415,12274,15073,33339,76210,138036,213788,236359,76187,6203,6071,6702,8371,12650,20689,32489,43721,59972,78064,95610,118178,127446,108913,58290,17897,26104,7793,3350
United States,1977,834646,19449,22964,3515,2209,2362,5673,12368,15254,32149,75493,138312,211598,235373,77435,6296,6072,6877,8377,12488,19661,32212,43281,58742,79570,95178,116420,127164,108209,58983,18452,25173,8035,3454
United States,1978,853568,19176,22664,3488,2235,2190,5593,12828,15386,31627,75480,138667,214778,244224,84112,6577,6251,7003,8383,12243,19384,30995,44485,58119,80548,97171,117607,132225,111999,63677,20435,24899,7783,3778
United States,1979,851704,19208,22628,3420,2028,2049,5414,12665,15578,29754,73615,137216,213794,246224,86841,6404,6261,6950,8628,11720,18034,29423,44192,57240,79976,97991,115803,134172,112052,65456,21385,24656,7463,3899
United States,1980,896095,19373,22726,3353,2022,1996,5380,13090,15782,29810,74205,143482,225466,259601,98002,6443,6647,7191,8591,11929,17881,29660,44545,59985,83497,103275,122191,139060,120541,73617,24385,24748,7376,4534
United States,1981,897563,18325,21673,3348,1813,1918,4904,12980,16129,29227,73368,142982,225771,261293,100675,6269,6711,7337,8792,11691,17536,28859,44509,60504,82478,104292,121479,138560,122733,75375,25300,23486,6822,4827
United States,1982,901134,17983,21379,3396,1773,1842,4443,12357,16009,28435,71383,142252,230461,263037,102566,5988,6369,7185,8824,11590,16845,27236,44147,60930,81322,106936,123525,138735,124302,76291,26275,23152,6285,5200
United States,1983,929985,17256,20465,3209,1695,1734,4252,12238,16039,28373,70645,144753,237281,274917,111616,5813,6425,7063,8976,11776,16597,27138,43507,63509,81244,110304,126977,142344,132573,82101,29515,22160,5986,5970
United States,1984,945677,17179,20329,3150,1626,1811,4223,12134,16884,28912,68230,146519,242983,279287,116279,5794,6340,7531,9353,12239,16673,26103,42127,64490,82029,111873,131110,143056,136231,84535,31744,21955,6034,6460
United States,1985,971957,17031,20044,3013,1700,1689,4197,11891,17531,29201,67889,148068,247854,288889,125843,5502,6389,8071,9460,12206,16995,25776,42113,64159,83909,112986,134868,148173,140716,90848,34995,21744,5886,7160
United States,1986,984068,16539,19677,3138,1622,1628,4386,12361,18429,29900,65746,149454,250904,291935,130476,5637,6724,8497,9932,12940,16960,25453,40293,64139,85315,113188,137716,150678,141257,93919,36557,21299,6014,7547
United States,1987,998203,16706,19848,3142,1621,1480,4299,12388,19274,30441,64788,149711,252217,296957,136983,5446,6942,8823,10451,13162,17279,25315,39473,63942,85769,111178,141039,152418,144539,98119,38864,21469,5779,8191
United States,1988,1025657,17198,20365,3167,1759,1665,4260,12366,19679,31648,64784,150928,254875,309114,145321,5326,7040,8954,10725,13891,17757,25278,39506,62663,88265,110582,144293,158793,150321,104517,40804,22124,5925,8889
United States,1989,1018872,17939,21119,3180,1791,1688,4255,11976,20159,32079,63008,148491,253244,307059,144692,5067,6909,9286,10873,14290,17789,25125,37883,59804,88687,109188,144056,159783,147276,103847,40845,22910,5943,9309
United States,1990,1017533,17135,20071,2936,1600,1653,4032,11530,20723,32443,61803,146416,252187,309058,146221,4861,6669,9172,11551,14183,18260,25217,36586,59607,86809,109724,142463,159803,149255,104048,42173,21671,5685,9794
United States,1991,1030765,16132,19284,3152,1585,1551,3957,11396,21420,33900,62021,144621,252610,316634,151277,4980,6416,9348,12072,14869,19031,25311,36710,58326,86295,111287,141323,163968,152666,106420,44857,20869,5508,10507
United States,1992,1035743,15356,18318,2962,1482,1573,3660,10957,21581,35030,61775,142726,252150,321698,154000,4723,6234,9249,12332,15423,19607,25604,36171,56254,86472,112777,139373,167032,154666,107984,46016,19800,5233,10793
United States,1993,1088502,14742,17805,3063,1684,1738,3820,11129,22655,37118,63701,142648,261400,343522,169459,4799,6330,9594,13061,16007,21111,26788,36913,56562,86086,118578,142822,176792,166730,117895,51564,19489,5558,11821
United States,1994,1098085,14195,17132,2937,1538,1697,3824,10934,23454,38745,64634,138706,263142,350169,171966,4694,6240,9789,13665,16822,21923,27735,36899,55015,83691,120351,142791,179083,171086,119632,52334,18670,5521,12144
United States,1995,1120426,13244,16014,2770,1556,1771,3996,10606,23827,40495,66224,138229,265580,359585,179485,4472,6134,9773,14054,18274,22221,28425,37799,54457,83772,118957,146623,181891,177694,125490,53995,17570,5767,13055
United States,1996,1132011,12907,15519,2612,1552,1732,3950,10111,22806,41096,66917,136413,267810,365886,184656,4189,5922,9190,13616,18256,22840,29220,37697,54195,82218,118655,149155,182660,183226,129921,54735,17071,5682,13569
United States,1997,1142120,12587,14971,2384,1567,1677,3979,9801,21432,41078,69032,133187,269116,370226,191806,4259,5542,8386,13046,18126,22952,30367,38665,53751,79436,118549,150567,180808,189418,134197,57609,16538,5656,14246
United States,1998,1160999,13058,15413,2355,1451,1589,3835,9353,21338,41416,70357,132176,273157,377372,198822,4062,5291,8143,13195,18558,22858,31091,39266,53490,78686,117204,155953,181878,195494,138873,59949,16864,5424,14717
United States,1999,1197630,12742,15025,2283,1522,1581,3959,9487,20895,43468,73023,132963,277263,391782,211208,4275,5212,7750,13145,19030,24438,32118,40905,54428,78535,114449,162814,187246,204536,148298,62910,16547,5540,15445
United States,2000,1206419,12777,14956,2179,1418,1594,3816,9546,20486,45655,74771,131963,274644,396159,216025,4404,5142,7592,12894,19600,26055,33238,41533,55244,76719,114103,160541,190250,205909,151758,64267,16374,5410,15384
United States,2001,1212904,12237,14472,2235,1386,1560,3724,9764,21024,47742,78098,130832,270553,399116,219443,4512,5252,7813,13211,20265,27477,34633,43465,55436,75396,111521,159032,192755,206361,154332,65111,15858,5284,15187
United States,2002,1224958,12477,14548,2071,1307,1604,3922,9765,20591,49116,80741,130550,268428,401752,226950,4692,5073,7722,12869,20824,28292,35491,45250,56010,74540,108735,159693,196862,204890,160332,66618,15855,5526,15679
United States,2003,1226307,12384,14554,2170,1254,1522,3880,10320,20134,49800,83377,132328,260781,403072,229445,5029,5291,7622,12512,20738,29062,36023,47354,58186,74142,106215,154566,200510,202562,161826,67619,15808,5402,15834
United States,2004,1198517,12501,14668,2167,1245,1593,4002,10094,19063,49737,83997,131284,248161,395461,224017,4823,5271,7392,11671,20327,29410,36665,47332,58176,73108,102338,145823,199449,196012,157450,66567,15913,5595,15196
United States,2005,1221781,12762,14766,2004,1282,1484,3814,10288,19089,50243,87737,133227,246981,403688,233388,4896,5392,7468,11621,20175,30068,39545,48192,59282,73945,100304,146677,198258,205430,163463,69925,16048,5298,15795
United States,2006,1206922,13085,15192,2107,1195,1347,3829,10761,18714,49781,89804,133644,239435,396600,230787,4986,5775,7184,11530,19655,30126,40088,49716,60489,73155,98017,141418,192725,203875,160010,70777,16387,5176,15830
United States,2007,1201744,13291,15391,2100,1207,1396,3718,10810,18378,48400,90153,136191,232699,396727,230629,4932,5878,7055,11323,18604,29796,40294,49859,62197,73994,96004,136695,191360,205367,157817,72812,16598,5114,16042
United States,2008,1227909,12695,14733,2038,1120,1264,3439,10549,17894,48365,91397,142671,234378,406313,238683,4732,5817,6951,10943,18279,30086,41433,49964,65608,77063,97837,136541,189152,217161,161721,76962,15853,4703,17103
United States,2009,1203638,11870,13835,1965,1153,1282,3346,10845,18259,47855,94659,143645,226940,394828,230220,4763,6082,7322,10937,17735,30120,42682,51977,66057,77588,96304,130636,179167,215661,155994,74226,14988,4628,16772
United States,2010,1219345,11042,12896,1854,1023,1223,3053,10571,17876,45290,96699,145646,225896,397505,243746,4720,5851,7288,10588,16533,28757,42591,54108,66571,79075,97326,128570,180942,216563,166133,77613,13919,4276,17921
United States,2011,1244089,10698,12559,1861,1088,1164,2999,10623,18216,45244,99269,150770,227598,400519,254903,4762,5861,7862,10354,16825,28419,43341,55928,68881,81889,98781,128817,180968,219551,174700,80203,13647,4163,19141
United States,2012,1252161,10583,12418,1835,1018,1170,2858,10961,18006,43992,100505,155890,228628,395850,260794,4895,6066,7841,10165,16537,27455,43253,57252,69991,85899,99925,128703,175571,220279,178955,81839,13436,4028,20071
United States,2013,1271008,10343,12111,1768,1047,1237,2754,10982,18483,43427,102817,161188,234327,389889,271768,4913,6069,8016,10467,16560,26867,43630,59187,70911,90277,104351,129976,174818,215071,187928,83840,13158,3991,20974
United States,2014,1275608,10388,12053,1665,1011,1140,2803,11237,19227,43193,105498,166520,238042,375894,277250,4927,6310,8216,11011,16872,26321,44157,61341,74679,91841,107403,130639,172803,203091,191109,86141,13064,3943,21736
United States,2015,1307108,10452,12153,1701,1052,1269,3055,11890,20482,42709,106350,174056,245889,382304,283258,5161,6729,9049,11433,16560,26149,43821,62529,79066,94990,111283,134606,174458,207846,191809,91449,13205,4324,22641
United States,2016,1304052,10276,12079,1803,1153,1296,3149,13034,22540,42859,106818,179696,250075,373695,274780,5493,7541,9852,12688,16497,26362,43255,63563,81725,97971,115010,135065,172455,201240,183676,91104,13232,4445,22881
United States,2017,1322365,9805,11473,1668,1082,1332,3124,13431,23299,42711,105786,183221,261962,375770,274847,5538,7893,10267,13032,16577,26134,41718,64068,82939,100282,122337,139625,174985,200785,182727,92120,12555,4456,24329
United States,2018,1316754,9333,10918,1585,1074,1389,3103,13064,23588,41896,103240,183901,270936,378003,261804,5208,7856,10298,13290,16335,25561,39993,63247,84117,99784,127010,143926,174215,203788,170019,91785,11992,4492,23837
United States,2019,1305867,9231,10879,1648,1048,1311,3015,12827,24146,41733,100505,188240,275936,377646,245028,5224,7603,10485,13661,16630,25103,38275,62230,85934,102306,129270,146666,172965,204681,157263,87765,11927,4326,23552
United States,2020,1498840,8911,10515,1604,1031,1296,3290,14738,28320,47770,110580,221565,327255,446325,260455,5906,8832,12420,15900,20034,27736,42481,68099,97581,123984,154511,172744,200567,245758,175057,85398,11546,4586,25701
United States,2021,1493191,8855,10407,1552,1009,1229,3576,15691,29941,49575,129445,237880,344244,400972,243913,6419,9272,13518,16423,20523,29052,49595,79850,104691,133189,166582,177662,196439,204533,163059,80854,11416,4805,25305
United States Virgin Islands,1950,202,22,30,8,7,5,5,10,10,10,19,33,44,28,4,5,5,5,5,5,5,9,10,14,19,23,21,17,11,4,0,37,10,0
United States Virgin Islands,1951,206,23,31,8,7,5,5,10,10,10,18,32,40,29,6,5,5,5,5,5,5,8,10,13,19,20,20,16,13,6,0,38,10,0
United States Virgin Islands,1952,168,20,27,7,5,1,2,10,10,10,11,27,40,25,6,5,5,5,5,5,5,5,6,11,16,20,20,15,10,6,0,32,3,0
United States Virgin Islands,1953,140,19,26,7,1,0,0,0,0,10,10,21,38,22,5,0,0,0,0,5,5,5,5,8,13,18,20,14,8,5,0,27,0,0
United States Virgin Islands,1954,135,18,25,7,0,0,0,0,0,7,10,19,38,21,5,0,0,0,0,2,5,5,5,7,12,18,20,15,6,5,0,25,0,0
United States Virgin Islands,1955,138,18,24,6,0,0,0,0,0,7,10,19,39,22,5,0,0,0,0,2,5,5,5,7,12,19,20,16,6,5,0,24,0,0
United States Virgin Islands,1956,157,20,25,5,3,0,4,2,8,10,12,23,40,26,1,2,0,3,5,5,5,5,7,10,13,19,21,19,7,1,0,28,4,0
United States Virgin Islands,1957,157,21,26,5,2,0,2,1,7,10,11,23,41,28,2,1,0,2,5,5,5,5,6,10,13,19,22,19,9,2,0,28,2,0
United States Virgin Islands,1958,148,22,28,6,1,0,0,0,0,9,10,22,37,30,2,0,0,0,0,4,5,5,5,10,12,17,20,19,11,2,0,29,0,0
United States Virgin Islands,1959,161,21,26,5,3,0,1,0,9,10,10,23,40,31,4,0,0,4,5,5,5,5,5,10,13,18,22,18,13,4,0,29,1,0
United States Virgin Islands,1960,161,20,25,5,2,0,0,2,10,10,10,24,37,32,6,0,2,5,5,5,5,5,5,10,14,17,20,17,15,6,0,27,0,0
United States Virgin Islands,1961,171,20,25,5,3,0,0,8,10,10,10,23,30,39,12,3,5,5,5,5,5,5,5,9,14,15,15,16,23,11,1,28,0,0
United States Virgin Islands,1962,176,20,24,4,4,0,0,10,10,10,10,23,30,37,12,5,5,5,5,5,5,5,5,9,14,15,15,15,22,11,1,28,0,0
United States Virgin Islands,1963,183,20,24,4,5,1,2,10,10,10,12,23,30,33,13,5,5,5,5,5,5,7,5,9,14,15,15,15,18,12,1,29,3,0
United States Virgin Islands,1964,174,22,26,4,4,0,0,10,10,10,10,21,30,32,12,5,5,5,5,5,5,5,5,8,13,15,15,15,17,11,1,30,0,0
United States Virgin Islands,1965,169,23,28,5,3,0,0,8,10,10,10,21,30,30,13,3,5,5,5,5,5,5,5,8,13,15,15,15,15,11,2,31,0,0
United States Virgin Islands,1966,181,22,26,4,5,0,4,10,10,10,18,23,33,30,12,5,5,5,5,5,5,8,10,10,13,17,16,15,15,10,2,31,4,0
United States Virgin Islands,1967,186,25,30,5,5,0,4,10,10,10,18,22,38,30,11,5,5,5,5,5,5,8,10,10,12,18,20,17,13,9,2,35,4,0
United States Virgin Islands,1968,193,26,30,4,5,0,4,10,10,10,19,22,38,35,10,5,5,5,5,5,5,9,10,10,12,18,20,20,15,8,2,35,4,0
United States Virgin Islands,1969,203,27,31,4,5,1,5,10,10,11,20,22,37,37,9,5,5,5,5,5,6,10,10,10,12,17,20,20,17,7,2,36,6,0
United States Virgin Islands,1970,215,31,35,4,5,2,5,10,10,12,20,27,37,39,11,5,5,5,5,5,7,10,10,12,15,17,20,20,19,9,2,40,7,0
United States Virgin Islands,1971,211,30,34,4,5,0,5,10,10,12,20,27,37,38,11,5,5,5,5,5,7,10,10,12,15,17,20,20,18,9,2,39,5,0
United States Virgin Islands,1972,222,29,34,5,5,5,5,10,10,13,20,29,38,39,10,5,5,5,5,5,8,10,10,14,15,17,21,22,17,9,1,39,10,0
United States Virgin Islands,1973,218,26,32,6,5,1,5,10,10,12,20,30,41,40,9,5,5,5,5,5,7,10,10,15,15,19,22,23,17,8,1,37,6,0
United States Virgin Islands,1974,224,24,29,5,5,1,5,10,10,13,21,33,44,41,9,5,5,5,5,5,8,10,11,15,18,20,24,24,17,8,1,34,6,0
United States Virgin Islands,1975,230,23,27,4,5,1,5,10,10,15,22,35,44,42,9,5,5,5,5,5,10,10,12,15,20,20,24,25,17,8,1,32,6,0
United States Virgin Islands,1976,236,22,26,4,5,3,5,10,10,16,24,36,49,42,8,5,5,5,5,6,10,10,14,16,20,24,25,25,17,7,1,31,8,0
United States Virgin Islands,1977,243,22,26,4,5,5,5,10,10,17,25,37,51,44,8,5,5,5,5,7,10,10,15,17,20,25,26,27,17,7,1,31,10,0
United States Virgin Islands,1978,252,23,27,4,5,5,5,10,13,18,26,40,53,47,8,5,5,5,8,8,10,11,15,17,23,25,28,29,18,7,1,32,10,0
United States Virgin Islands,1979,261,21,25,4,5,5,5,10,17,19,26,41,58,49,8,5,5,7,10,9,10,11,15,18,23,28,30,30,19,7,1,30,10,0
United States Virgin Islands,1980,268,22,26,4,5,4,5,10,15,20,25,45,60,55,8,5,5,6,9,10,10,10,15,20,25,29,31,34,21,7,1,31,9,0
United States Virgin Islands,1981,270,21,25,4,5,2,5,10,15,20,25,45,61,56,8,5,5,5,10,10,10,10,15,20,25,30,31,34,22,7,1,30,7,0
United States Virgin Islands,1982,273,21,25,4,3,2,5,10,14,20,27,45,63,52,8,5,5,5,9,10,10,11,16,20,25,31,32,30,22,7,1,28,7,0
United States Virgin Islands,1983,276,21,25,4,3,1,5,10,14,20,27,46,66,53,9,5,5,5,9,10,10,12,15,20,26,33,33,30,23,8,1,28,6,0
United States Virgin Islands,1984,276,20,24,4,2,1,5,10,13,20,26,48,67,52,10,5,5,5,8,10,10,11,15,22,26,33,34,30,22,9,1,26,6,0
United States Virgin Islands,1985,278,18,22,4,2,0,5,10,12,20,26,48,70,51,10,5,5,5,7,10,10,11,15,22,26,35,35,29,22,9,1,24,5,0
United States Virgin Islands,1986,275,17,21,4,2,0,5,10,12,20,29,48,71,50,10,5,5,5,7,10,10,14,15,22,26,34,37,29,21,9,1,23,5,0
United States Virgin Islands,1987,269,17,21,4,1,0,4,10,10,20,28,48,69,48,10,5,5,5,5,10,10,13,15,20,28,33,36,30,18,9,1,22,4,0
United States Virgin Islands,1988,267,16,20,4,1,0,3,10,10,20,28,48,72,45,9,5,5,5,5,10,10,13,15,20,28,34,38,27,18,8,1,21,3,0
United States Virgin Islands,1989,268,15,19,4,1,0,1,10,10,20,28,48,75,46,11,5,5,5,5,9,11,13,15,20,28,35,40,30,16,9,2,20,1,0
United States Virgin Islands,1990,268,14,18,4,0,0,0,8,10,20,30,49,76,45,10,3,5,5,5,9,11,15,15,20,29,36,40,30,15,8,2,18,0,0
United States Virgin Islands,1991,271,13,17,4,0,0,0,6,10,20,30,49,77,48,9,1,5,5,5,9,11,15,15,20,29,36,41,31,17,7,2,17,0,0
United States Virgin Islands,1992,289,13,17,4,0,0,0,5,10,21,30,50,81,59,14,0,5,5,5,8,13,15,15,21,29,39,42,37,22,11,3,17,0,0
United States Virgin Islands,1993,304,11,15,4,0,0,0,4,10,21,32,50,82,69,18,0,4,5,5,8,13,15,17,21,29,38,44,42,27,14,4,15,0,0
United States Virgin Islands,1994,315,11,14,3,0,0,0,3,10,20,32,50,85,76,21,0,3,5,5,7,13,15,17,21,29,40,45,46,30,16,5,14,0,0
United States Virgin Islands,1995,328,9,13,4,1,0,0,2,10,19,33,49,85,83,24,0,2,5,5,7,12,15,18,21,28,40,45,47,36,18,6,14,0,0
United States Virgin Islands,1996,330,8,10,2,0,0,0,1,10,19,35,50,86,88,24,0,1,5,5,7,12,15,20,21,29,40,46,51,37,19,5,10,0,0
United States Virgin Islands,1997,344,8,8,0,0,0,0,1,10,19,37,53,89,93,25,0,1,5,5,7,12,17,20,23,30,40,49,52,41,20,5,8,0,1
United States Virgin Islands,1998,361,8,8,0,0,0,0,1,10,19,38,56,94,102,28,0,1,5,5,7,12,18,20,24,32,41,53,54,48,22,6,8,0,1
United States Virgin Islands,1999,383,7,7,0,0,0,0,3,10,19,40,59,97,110,31,0,3,5,5,7,12,18,22,26,33,43,54,56,54,24,7,7,0,1
United States Virgin Islands,2000,381,7,7,0,0,0,0,2,10,17,38,58,94,112,36,0,2,5,5,6,11,17,21,25,33,41,53,55,57,27,9,7,0,1
United States Virgin Islands,2001,394,7,7,0,0,0,0,1,10,17,39,60,97,115,42,0,1,5,5,6,11,17,22,26,34,42,55,57,58,33,9,7,0,1
United States Virgin Islands,2002,404,6,6,0,0,0,0,1,10,17,41,63,99,119,44,0,1,5,5,6,11,17,24,27,36,44,55,62,57,35,9,6,0,1
United States Virgin Islands,2003,428,6,6,0,0,0,0,1,10,18,41,68,105,126,46,0,1,5,5,7,11,17,24,30,38,48,57,67,59,37,9,6,0,1
United States Virgin Islands,2004,442,6,6,0,0,0,0,0,10,18,42,71,107,131,46,0,0,5,5,7,11,17,25,32,39,49,58,70,61,38,8,6,0,1
United States Virgin Islands,2005,448,5,5,0,0,0,0,0,9,18,43,73,110,135,49,0,0,4,5,7,11,17,26,33,40,52,58,73,62,39,10,5,0,1
United States Virgin Islands,2006,482,6,6,0,0,0,0,0,9,18,43,82,119,144,51,0,0,4,5,7,11,17,26,37,45,56,63,77,67,40,11,6,0,1
United States Virgin Islands,2007,502,6,6,0,0,0,0,0,9,19,44,87,125,151,51,0,0,4,5,7,12,17,27,39,48,59,66,79,72,40,11,6,0,1
United States Virgin Islands,2008,456,6,6,0,0,0,0,0,7,15,39,77,115,142,46,0,0,2,5,5,10,15,24,34,43,54,61,71,71,35,11,6,0,1
United States Virgin Islands,2009,464,6,6,0,0,0,0,0,6,15,36,80,118,147,49,0,0,1,5,5,10,14,22,34,46,54,64,70,77,38,11,6,0,1
United States Virgin Islands,2010,497,5,5,0,0,0,0,0,7,15,38,85,126,157,55,0,0,2,5,5,10,16,22,36,49,58,68,72,85,43,12,5,0,1
United States Virgin Islands,2011,480,5,5,0,0,0,0,0,6,14,35,82,124,149,59,0,0,1,5,5,9,14,21,33,49,58,66,70,79,47,12,5,0,1
United States Virgin Islands,2012,496,4,4,0,0,0,0,0,6,14,35,83,131,153,64,0,0,1,5,5,9,14,21,32,51,61,70,75,78,52,12,4,0,1
United States Virgin Islands,2013,496,4,4,0,0,0,0,0,5,14,33,82,134,151,64,0,0,0,5,5,9,13,20,31,51,63,71,76,75,53,11,4,0,2
United States Virgin Islands,2014,500,4,4,0,0,0,0,0,5,13,32,79,137,151,68,0,0,0,5,5,8,13,19,29,50,65,72,79,72,56,12,4,0,2
United States Virgin Islands,2015,460,4,4,0,0,0,0,0,2,12,28,71,129,142,65,0,0,0,2,5,7,11,17,26,45,61,68,75,67,51,14,4,0,2
United States Virgin Islands,2016,456,3,3,0,0,0,0,0,1,11,26,69,130,142,66,0,0,0,1,5,6,10,16,24,45,61,69,75,67,50,16,3,0,2
United States Virgin Islands,2017,465,3,3,0,0,0,0,0,2,11,26,64,135,147,67,0,0,0,2,5,6,10,16,24,40,63,72,78,69,50,17,3,0,2
United States Virgin Islands,2018,478,3,3,0,0,0,0,0,1,10,26,64,142,154,71,0,0,0,1,5,5,10,16,24,40,65,77,81,73,50,21,3,0,2
United States Virgin Islands,2019,496,3,3,0,0,0,0,0,1,10,26,64,151,162,71,0,0,0,1,5,5,10,16,24,40,68,83,85,77,50,21,3,0,3
United States Virgin Islands,2020,522,3,3,0,0,0,0,0,1,10,26,65,161,174,74,0,0,0,1,5,5,10,16,24,41,72,89,93,81,52,22,3,0,3
United States Virgin Islands,2021,558,3,3,0,0,0,0,0,2,10,27,71,173,189,79,0,0,0,2,5,5,10,17,26,45,74,99,101,88,54,25,3,0,4
Upper-middle-income countries,1950,8616455,2190375,3159152,968777,331399,178358,168806,380028,403335,516305,645185,1032257,1065582,639739,94655,190681,189347,190091,213244,247687,268618,299593,345592,473418,558839,543655,521927,408161,231578,77114,17541,3490551,347164,1652
Upper-middle-income countries,1951,8555627,2192764,3192744,999980,332478,169169,163853,373985,395017,511287,639375,1011642,1054244,616199,93495,187490,186495,185265,209752,243066,268221,297463,341912,463135,548507,543577,510667,392486,223713,77330,16165,3525222,333022,2137
Upper-middle-income countries,1952,8505157,2274678,3287549,1012871,321975,160427,158307,364797,383619,499892,627763,981398,1034041,591066,92099,182367,182430,179910,203709,236427,263465,294568,333195,448412,532986,543158,490883,377748,213318,76575,15524,3609524,318734,2222
Upper-middle-income countries,1953,8412371,2233107,3262529,1029422,368188,152571,152202,356371,372662,490201,618977,957184,1016737,571684,90892,177124,179247,176127,196535,231501,258700,294551,324426,436264,520920,546251,470486,367033,204651,75643,15249,3630717,304773,2173
Upper-middle-income countries,1954,8332726,2244091,3299089,1054998,334430,146027,144713,346292,361411,481182,614410,944648,1009444,558966,90013,171951,174341,173068,188343,226405,254777,297143,317267,429087,515561,550708,458736,360714,198252,74748,15265,3633519,290740,2101
Upper-middle-income countries,1955,8260804,2218907,3264654,1045747,343820,142815,138701,340267,355453,475899,614650,937925,1007019,548799,88855,169038,171229,171742,183711,223355,252544,300525,314125,426850,511075,550434,456585,356305,192494,73441,15414,3608474,281516,1945
Upper-middle-income countries,1956,8051331,2112840,3139144,1026304,352473,140944,132583,332741,347221,464874,608512,918845,993669,532097,86356,165430,167311,168189,179032,218590,246284,298476,310036,421344,497501,538507,455162,347371,184726,70747,15609,3491617,273527,1871
Upper-middle-income countries,1957,8079759,2151945,3152168,1000223,362350,141404,128232,328757,344719,462689,616546,918255,1009525,528680,84540,163122,165635,167435,177284,217311,245378,300795,315751,422453,495802,539685,469840,345218,183462,68765,15775,3514518,269636,1893
Upper-middle-income countries,1958,7912154,2049668,3021567,971899,375637,144010,123267,320949,340955,454119,616546,904036,1011223,516516,81418,158433,162516,165755,175200,211883,242236,298162,318384,415377,488659,533844,477379,336237,180279,66089,15329,3397204,267277,1910
Upper-middle-income countries,1959,10100271,2396553,4088860,1692307,584278,240091,161142,393251,419769,547534,763740,1068844,1176074,560549,93359,193103,200148,203342,216427,253280,294254,362427,401313,493523,575321,621544,554530,363862,196687,73404,19955,4673138,401233,2779
Upper-middle-income countries,1960,11734187,2639608,4794380,2154772,805340,336969,196172,454505,488001,625684,886004,1202254,1274654,576860,90346,221553,232952,235020,252981,288319,337365,415238,470766,556857,645397,677772,596882,380542,196318,71507,18839,5599720,533141,3017
Upper-middle-income countries,1961,9289509,2025634,3408430,1382796,590671,257889,157279,375625,412433,531794,759616,1048673,1119515,539561,84916,180541,195084,198425,214008,243450,288344,354206,405410,484214,564459,591533,527982,356027,183534,67265,17651,3999101,415168,3107
Upper-middle-income countries,1962,7312170,1840439,2550921,710482,345701,156395,114286,289404,329637,429281,623291,889796,982180,514784,83136,136882,152522,158001,171636,195641,233640,290515,332776,410794,479002,512313,469867,339437,175347,65598,17538,2896622,270681,3357
Upper-middle-income countries,1963,7613120,2164950,2862983,698033,336525,159028,116302,280340,326889,423552,621496,895791,983920,521689,81433,131821,148519,155879,171010,194404,229148,289051,332445,419051,476740,510529,473391,348556,173133,64768,16665,3199508,275330,3171
Upper-middle-income countries,1964,7552718,2097883,2850204,752321,312684,158594,119224,269761,321037,414944,616304,897760,983786,524854,80474,126843,142918,152712,168325,193072,221872,286000,330304,426737,471023,508094,475692,352527,172327,64207,16267,3162888,277818,3092
Upper-middle-income countries,1965,7471108,1994637,2793184,798547,287356,158493,121134,260150,315176,407661,612044,904224,991452,535316,81784,122879,137271,149654,165522,191907,215754,283164,328880,433030,471194,512534,478918,358091,177225,65057,16727,3080540,279627,3134
Upper-middle-income countries,1966,7401404,1913361,2728318,814957,266660,158431,124627,255031,312573,404328,607883,914050,997891,545677,82821,121546,133485,148203,164370,191544,212784,280907,326976,437127,476923,518892,478999,362413,183264,65607,17214,2994978,283058,3114
Upper-middle-income countries,1967,7308133,1806894,2616406,809512,260345,155891,126906,250314,308226,401516,603546,927856,1007674,562062,84326,121303,129011,145668,162558,190778,210738,277755,325791,440367,487489,524482,483192,370438,191624,66764,17562,2876751,282797,3065
Upper-middle-income countries,1968,7343954,1850739,2619618,768879,275634,151758,128712,247562,302231,399939,597337,939633,1012484,580848,85171,123371,124191,142069,160162,190303,209636,272245,325092,440527,499106,526541,485943,381965,198883,67424,17747,2895252,280470,3027
Upper-middle-income countries,1969,7353036,1838481,2572204,733723,294948,143836,129389,247816,296398,399883,591866,958835,1025324,600902,88454,127495,120321,138363,158035,189315,210568,266006,325860,442908,515927,531121,494203,393243,207659,70174,18280,2867152,273225,3181
Upper-middle-income countries,1970,7293802,1779847,2486385,706538,306229,136946,132756,250943,291299,398698,582991,966443,1036173,610497,91232,132366,118577,135041,156258,187471,211227,259541,323450,441719,524724,535070,501103,398217,212280,72850,18382,2792614,269702,3210
Upper-middle-income countries,1971,7116065,1679159,2344479,665320,302614,122625,127923,245172,279351,391691,571318,964248,1050155,617917,95329,131495,113677,128022,151329,182749,208942,253528,317790,436367,527881,541423,508732,400181,217736,76433,18896,2647093,250548,3242
Upper-middle-income countries,1972,6974778,1575077,2206409,631332,292872,117854,125336,245452,270869,386608,561721,961333,1071363,631798,99828,132727,112725,122857,148012,179353,207255,250193,311528,432559,528774,553486,517877,405426,226372,80239,19589,2499281,243190,3334
Upper-middle-income countries,1973,6804294,1485504,2075380,589876,275276,120603,120607,245368,259109,378272,547117,949123,1082197,643344,104378,132421,112947,116324,142785,173971,204301,246190,300927,425798,523325,562746,519451,408281,235063,84221,20157,2350656,241210,3520
Upper-middle-income countries,1974,6635644,1376115,1919124,543009,259703,126979,115285,248108,249764,370890,535888,941632,1098736,657847,108323,132053,116055,111445,138319,169704,201186,245204,290684,420966,520666,576769,521967,415419,242428,87949,20374,2178827,242264,3365
Upper-middle-income countries,1975,6504169,1248907,1745337,496430,244295,131133,108267,250846,242224,366448,531854,945538,1132847,685754,116100,132329,118517,107908,134316,166964,199484,246884,284970,420608,524930,595001,537846,432411,253343,94089,22011,1989632,239400,3524
Upper-middle-income countries,1976,6389450,1153112,1597227,444115,229515,134001,102222,251936,235721,362343,530133,944853,1164002,710177,123709,131232,120704,105631,130090,164651,197692,247818,282315,418558,526295,607297,556705,449003,261174,99712,23997,1826742,236223,3611
Upper-middle-income countries,1977,6255077,1067115,1464045,396930,216750,130395,97222,249414,229134,355301,526915,935867,1187085,729114,129993,128011,121403,104493,124641,161367,193934,246588,280327,411711,524156,612613,574472,462174,266940,104300,25693,1680795,227617,3841
Upper-middle-income countries,1978,6199067,1012875,1370098,357223,203086,125067,98629,248690,226432,350183,529849,932361,1219722,752864,138029,125429,123261,106763,119669,158840,191343,247803,282046,405117,527244,620058,599664,476477,276387,110457,27572,1573184,223696,4056
Upper-middle-income countries,1979,6199213,992080,1315843,323763,187259,120107,102352,244375,226145,344904,533979,929668,1260289,782431,147426,120583,123792,110920,115225,156149,188755,247939,286040,397462,532206,630252,630037,493089,289342,117516,29910,1503102,222459,4434
Upper-middle-income countries,1980,6206069,971795,1272048,300253,170796,115792,105931,238926,226460,339526,537946,926233,1293720,818643,155248,114174,124752,114492,111968,152868,186658,247235,290711,391364,534869,639806,653914,515551,303092,123427,31821,1442844,221723,4797
Upper-middle-income countries,1981,6187662,953899,1237138,283239,155620,110896,108867,231411,226718,332890,538054,920042,1309806,851682,159341,107637,123774,117150,109568,148425,184465,245115,292939,388137,531905,642470,667336,537017,314665,126014,33327,1392758,219763,5197
Upper-middle-income countries,1982,6217358,956011,1230343,274332,143429,106781,109136,226749,229918,327414,539532,918471,1328306,888315,163456,104114,122635,119854,110064,143996,183418,243422,296110,390159,528312,647935,680371,561185,327130,128947,34509,1373772,215917,5508
Upper-middle-income countries,1983,6191494,889908,1156500,266592,129867,101510,105111,225473,234906,319930,540895,916476,1351989,932437,170381,105241,120232,122138,112768,138357,181573,240945,299950,394528,521948,657252,694737,590154,342283,133767,36614,1286367,206621,6019
Upper-middle-income countries,1984,6249472,872867,1132871,260004,120082,95457,101325,225989,242051,314616,542988,920802,1384657,983496,178935,109752,116237,123613,118438,133901,180715,239472,303516,403579,517223,670875,713782,624268,359228,140532,38403,1252953,196782,6202
Upper-middle-income countries,1985,6301853,874993,1128377,253384,114862,89758,99170,226187,249176,308553,540813,922553,1403914,1025758,186318,115063,111124,125425,123751,130472,178081,237130,303683,411496,511057,676520,727394,648195,377563,146618,39700,1243239,188928,6414
Upper-middle-income countries,1986,6245601,888616,1134788,246172,109374,81260,94635,221302,248706,297360,528050,913099,1382025,1039779,188710,117525,103777,123057,125649,126620,170740,231669,296381,410198,502901,662697,719328,651636,388143,149549,39161,1244162,175895,6513
Upper-middle-income countries,1987,6294963,901998,1146128,244130,107739,74371,91443,218294,250462,292839,523958,920547,1386311,1078273,197247,117597,100697,121803,128659,127153,165686,229958,294000,414851,505696,658269,728042,668497,409776,156871,40376,1253867,165814,7350
Upper-middle-income countries,1988,6349661,873865,1123853,249988,108447,69809,89389,219417,254158,292711,522239,937014,1396240,1120873,207445,115236,104181,121324,132834,131920,160791,229528,292711,422326,514688,653482,742758,686850,434023,165582,41863,1232300,159198,8064
Upper-middle-income countries,1989,6391296,863298,1115405,252107,106046,64750,84872,219289,250910,293874,516675,950822,1401268,1161383,217312,111165,108124,117009,133901,138755,155119,227480,289195,424335,526487,645940,755328,703550,457833,174001,43311,1221451,149622,8690
Upper-middle-income countries,1990,6524780,859351,1107785,248434,104557,62363,81194,223638,250790,300266,518954,979120,1430220,1221407,235156,109627,114011,113286,137504,147070,153196,228031,290923,431810,547310,651637,778583,734828,486579,188953,46203,1212342,143557,9330
Upper-middle-income countries,1991,6593214,759373,1000449,241076,104198,61596,77860,230855,252328,311216,526019,1013692,1471446,1280268,253711,109496,121359,111059,141269,156548,154668,229288,296731,442064,571628,670776,800670,765704,514564,205279,48432,1104647,139456,9575
Upper-middle-income countries,1992,6516420,690110,917025,226915,102735,59500,71849,225552,247300,315264,517219,1015952,1465565,1302261,266709,105135,120417,107741,139559,160384,154880,222572,294647,438414,577538,672930,792635,775491,526770,216621,50088,1019760,131349,9486
Upper-middle-income countries,1993,6580233,647934,855828,207894,101847,58263,66899,217459,249012,327429,513985,1036901,1490556,1364823,287766,101002,116457,110272,138740,166243,161186,216859,297126,440317,596584,693341,797215,810806,554017,234841,52925,957675,125162,9464
Upper-middle-income countries,1994,6697196,610846,799106,188260,102512,57883,64020,213171,254695,345923,515398,1058209,1532922,1434062,310232,98088,115083,117001,137694,171882,174041,212449,302949,443727,614482,726568,806354,850850,583212,254014,56218,901618,121903,9062
Upper-middle-income countries,1995,6651557,576251,746464,170213,100158,56927,61357,204636,253368,356447,504316,1048000,1535442,1453136,322647,92561,112075,121412,131956,173450,182997,205069,299247,436347,611653,741615,793827,857253,595883,263590,59057,846622,118284,8659
Upper-middle-income countries,1996,6686793,539549,694417,154868,98519,57065,60260,203170,258880,368858,499445,1052371,1570393,1476880,337570,89420,113750,129520,129360,175925,192933,203658,295787,437790,614581,764648,805745,865072,611808,274068,63502,792936,117325,8965
Upper-middle-income countries,1997,6695488,503309,645941,142632,93865,57269,59673,197870,260894,376639,495878,1052382,1604552,1490112,351001,84661,113209,132822,128072,176295,200344,206840,289038,438784,613598,782429,822123,863764,626348,282788,68213,739806,116942,9412
Upper-middle-income countries,1998,6628199,471106,602913,131807,84664,56857,58877,189920,261370,378343,488697,1033410,1619563,1483474,359879,79327,110593,130828,130542,173649,204694,213320,275377,432621,600789,788296,831267,847827,635647,287310,72569,687577,115734,10232
Upper-middle-income countries,1999,6865883,441829,563648,121819,78277,59658,60374,189648,276779,392822,509297,1065256,1717969,1555304,385353,78292,111356,134753,142026,176735,216087,235055,274242,448484,616772,827445,890524,876793,678511,306252,79101,641925,120032,11498
Upper-middle-income countries,2000,6845123,421974,532448,110474,66823,57729,58411,185239,282346,386176,510077,1050226,1743859,1562796,396358,76734,108505,134700,147646,169185,216991,246443,263634,442483,607743,828364,915495,872608,690188,314115,82243,599271,116140,12635
Upper-middle-income countries,2001,6679355,389922,491929,102007,59051,54138,56725,176931,282462,372892,503656,1011890,1722547,1535922,397653,74428,102503,131713,150749,160510,212382,251790,251866,424418,587472,806982,915565,858167,677755,314431,83222,550980,110863,13559
Upper-middle-income countries,2002,6799624,364157,457664,93507,56145,51460,57243,177234,293061,376986,523103,1017213,1774282,1584841,416004,76097,101137,134632,158429,161167,215819,264380,258723,420044,597169,818323,955959,894867,689974,329119,86885,513809,108703,14388
Upper-middle-income countries,2003,6897086,340960,426690,85730,51039,48587,57798,176997,296259,384020,548989,1011651,1810402,1634265,435134,77844,99153,136042,160217,167256,216764,275941,273048,407842,603809,819754,990648,933360,700905,344919,90215,477729,106385,15254
Upper-middle-income countries,2004,6927572,322234,402429,80195,47884,45434,58017,174786,292618,387634,571194,994452,1808806,1675544,453200,78303,96483,132689,159929,174947,212687,280062,291132,390895,603557,807802,1001004,967856,707688,359481,93719,450313,103451,15573
Upper-middle-income countries,2005,7003699,306231,379190,72959,46165,41594,57764,171979,284370,388590,595381,983891,1823651,1739241,475609,77515,94464,126314,158056,182465,206125,284912,310469,380749,603142,806690,1016961,1014893,724348,376484,99125,425355,99358,16274
Upper-middle-income countries,2006,7029279,289299,356412,67113,43779,38456,56802,169839,272918,387565,609465,967118,1823254,1797125,490090,76922,92917,118364,154554,188718,198847,284514,324951,374044,593074,804424,1018830,1050853,746272,386778,103312,400191,95258,16455
Upper-middle-income countries,2007,7084333,275117,337435,62318,41771,36190,54170,167154,259549,385533,620259,959588,1832815,1866087,506551,75832,91322,110602,148947,190908,194625,283856,336403,380065,579523,810504,1022311,1087798,778289,397864,108687,379206,90360,17231
Upper-middle-income countries,2008,7215611,264432,325292,60860,40852,36639,54277,169934,253771,389525,636366,964804,1848622,1949333,528114,77813,92121,106468,147303,189789,199736,285211,351155,400550,564254,821447,1027175,1130857,818476,412109,116005,366144,90916,18081
Upper-middle-income countries,2009,7228438,248375,303211,54836,36612,33028,48698,160839,232866,384641,628130,966979,1845164,2017943,551271,74022,86817,97115,135751,180906,203735,275253,352877,424032,542947,823220,1021944,1155814,862129,427401,123870,339823,81726,19055
Upper-middle-income countries,2010,7328066,234463,287227,52764,35160,31826,45279,157172,219967,387442,625360,984104,1855824,2099343,579255,73124,84048,92652,127315,176023,211419,266259,359101,451671,532433,826532,1029292,1185041,914302,447304,131951,322387,77105,20107
Upper-middle-income countries,2011,7346353,219840,267943,48103,32228,30303,41769,150198,206188,387547,614663,998758,1846899,2144898,603910,69841,80357,88438,117750,170276,217271,255733,358930,472624,526134,814389,1032510,1193503,951395,466911,136999,300171,72072,21048
Upper-middle-income countries,2012,7393856,215587,261736,46149,30091,28886,39076,143438,195694,382718,606387,1021825,1839399,2191000,631544,65510,77928,86131,109563,164224,218494,248991,357396,488203,533622,797491,1041908,1203327,987673,489566,141978,291827,67962,22061
Upper-middle-income countries,2013,7485234,203549,247582,44033,27743,26964,36889,137673,186515,374351,609894,1066172,1831333,2246876,669308,61518,76155,83852,102663,159985,214366,253325,356569,506169,560003,776301,1055032,1214988,1031888,520035,149273,275325,63853,23932
Upper-middle-income countries,2014,7584875,195087,237319,42232,26060,25246,35125,131425,179065,362171,613652,1116187,1823351,2294085,714995,56784,74641,81997,97068,153089,209082,263790,349862,517593,598594,756118,1067233,1225345,1068740,556348,158647,263379,60371,26193
Upper-middle-income countries,2015,7683762,180820,220576,39756,24788,23854,33665,126983,174896,351816,615568,1165699,1813749,2341265,763097,52845,74138,80697,94199,146016,205800,275997,339571,528748,636951,743102,1070647,1240477,1100788,595301,167796,245364,57519,27805
Upper-middle-income countries,2016,7763668,171690,209180,37490,23393,22061,32177,120957,171514,339947,616423,1202585,1802636,2383035,809860,48903,72054,79463,92051,138238,201709,287309,329114,533311,669274,738255,1064381,1257618,1125417,629482,180378,232573,54238,29898
Upper-middle-income countries,2017,7851962,162592,197642,35050,22276,20740,30720,113945,169945,328763,614567,1231675,1801822,2430728,857432,45806,68139,78926,91019,130716,198047,291487,323080,535337,696338,753071,1048751,1281435,1149293,663337,194095,219918,51460,31705
Upper-middle-income countries,2018,7944778,148056,181221,33165,21534,19840,29390,108044,169544,317355,614496,1256362,1810755,2471023,911450,43478,64566,78639,90905,123796,193559,286001,328495,533721,722641,788270,1022485,1300352,1170671,700596,210854,202755,49230,33763
Upper-middle-income countries,2019,8071474,138949,170224,31275,20537,18960,28126,102039,168995,306324,622596,1267453,1847909,2516277,966022,41380,60659,78754,90241,118733,187591,280381,342215,525880,741573,846374,1001535,1321920,1194357,735015,231007,190761,47086,36011
Upper-middle-income countries,2020,8716621,122914,151229,28315,18659,18650,28776,104525,194167,344751,726878,1405802,2014008,2654076,1017339,43045,61480,88089,106078,136593,208158,314227,412651,577647,828155,963151,1050857,1400954,1253122,769628,247711,169888,47426,37760
Upper-middle-income countries,2021,9417592,116794,144209,27415,18219,18657,28368,103705,208376,363958,794259,1501808,2202060,2873745,1116965,43136,60569,92802,115574,147766,216192,332219,462040,606890,894918,1076481,1125579,1510549,1363196,839176,277789,162428,47025,43263
Uruguay,1950,10101,1236,1390,154,58,44,82,216,305,511,898,1549,2448,2052,541,101,115,124,181,221,290,383,515,664,885,1147,1301,1217,835,409,132,1448,126,5
Uruguay,1951,10131,1227,1379,152,58,43,82,214,301,514,896,1547,2459,2084,538,100,114,122,179,223,291,383,513,664,883,1149,1310,1231,853,415,123,1437,125,14
Uruguay,1952,10184,1229,1381,152,58,43,79,215,299,517,902,1549,2470,2115,538,100,115,124,175,228,289,386,516,665,884,1154,1316,1243,872,415,123,1439,122,20
Uruguay,1953,10248,1237,1389,152,57,43,79,216,293,522,905,1553,2479,2147,542,100,116,125,168,234,288,388,517,668,885,1159,1320,1257,890,418,124,1446,122,23
Uruguay,1954,10313,1245,1398,153,57,43,78,214,291,526,911,1556,2490,2176,553,98,116,128,163,239,287,392,519,670,886,1164,1326,1270,906,429,124,1455,121,23
Uruguay,1955,10361,1239,1393,154,56,42,77,211,291,528,912,1559,2500,2202,568,95,116,130,161,238,290,392,520,671,888,1168,1332,1280,922,441,127,1449,119,21
Uruguay,1956,10412,1238,1390,152,54,41,74,211,290,529,914,1562,2512,2225,582,95,116,131,159,237,292,392,522,674,888,1171,1341,1290,935,452,130,1444,115,21
Uruguay,1957,10458,1231,1382,151,54,40,74,210,294,529,915,1564,2525,2250,598,95,115,133,161,230,299,389,526,675,889,1175,1350,1300,950,466,132,1436,114,22
Uruguay,1958,10510,1223,1374,151,53,39,73,203,300,528,915,1569,2538,2274,616,90,113,135,165,222,306,388,527,676,893,1177,1361,1309,965,481,135,1427,112,23
Uruguay,1959,10573,1215,1366,151,54,39,73,203,303,527,919,1576,2555,2300,637,90,113,135,168,215,312,387,532,679,897,1182,1373,1319,981,495,142,1420,112,24
Uruguay,1960,10659,1214,1367,153,54,39,72,202,306,525,929,1589,2573,2327,654,90,112,135,171,212,313,392,537,684,905,1191,1382,1331,996,507,147,1421,111,24
Uruguay,1961,10767,1221,1376,155,55,39,71,197,307,523,939,1606,2595,2355,675,87,110,134,173,213,310,398,541,692,914,1201,1394,1345,1010,521,154,1431,110,26
Uruguay,1962,10889,1231,1388,157,56,39,71,194,308,519,954,1626,2621,2387,696,85,109,133,175,216,303,410,544,702,924,1216,1405,1363,1024,535,161,1444,110,27
Uruguay,1963,11016,1238,1400,162,56,39,72,193,309,516,970,1648,2649,2420,720,85,108,132,177,223,293,423,547,712,936,1232,1417,1380,1040,550,170,1456,111,28
Uruguay,1964,11131,1227,1390,163,56,40,72,192,310,513,986,1669,2679,2458,739,85,107,131,179,229,284,434,552,721,948,1247,1432,1401,1057,563,176,1446,112,30
Uruguay,1965,11235,1206,1370,164,57,41,71,187,308,515,999,1688,2712,2494,759,82,105,128,180,233,282,439,560,729,959,1263,1449,1420,1074,577,182,1427,112,31
Uruguay,1966,11332,1179,1342,163,56,41,70,184,309,519,1009,1705,2749,2537,780,81,103,128,181,238,281,438,571,735,970,1278,1471,1442,1095,590,190,1398,111,33
Uruguay,1967,11425,1148,1308,160,56,41,69,182,305,526,1017,1718,2783,2577,800,81,101,124,181,240,286,430,587,737,981,1289,1494,1462,1115,604,196,1364,110,35
Uruguay,1968,11512,1119,1274,155,56,41,69,182,303,533,1023,1730,2820,2620,821,82,100,123,180,241,292,419,604,738,992,1303,1517,1483,1137,618,203,1330,110,37
Uruguay,1969,11605,1100,1253,153,55,41,69,179,298,544,1024,1744,2852,2659,842,80,99,122,176,243,301,407,617,741,1003,1315,1537,1503,1156,631,211,1308,110,39
Uruguay,1970,11686,1073,1226,153,55,43,69,176,291,550,1024,1762,2885,2701,862,80,96,119,172,242,308,401,623,750,1012,1330,1555,1525,1176,645,217,1281,112,41
Uruguay,1971,11807,1091,1243,152,55,43,71,175,286,551,1018,1779,2917,2742,885,79,96,118,168,240,311,398,620,761,1018,1345,1572,1546,1196,659,226,1298,114,44
Uruguay,1972,11948,1120,1273,153,55,43,74,172,281,556,1009,1801,2947,2783,908,78,94,117,164,239,317,402,607,781,1020,1361,1586,1567,1216,675,233,1328,117,46
Uruguay,1973,12074,1141,1295,154,54,43,74,170,275,554,1000,1826,2980,2825,928,77,93,116,159,234,320,411,589,805,1021,1378,1602,1590,1235,690,238,1349,117,48
Uruguay,1974,12227,1177,1332,155,53,43,75,169,271,555,994,1847,3015,2870,953,77,92,115,156,231,324,421,573,822,1025,1392,1623,1615,1255,707,246,1385,118,51
Uruguay,1975,12371,1194,1348,154,49,43,76,167,267,553,995,1868,3051,2922,976,77,90,112,155,226,327,432,563,834,1034,1402,1649,1644,1278,723,253,1397,119,53
Uruguay,1976,12485,1173,1325,152,49,42,74,167,266,553,999,1885,3092,2977,1003,79,88,111,155,223,330,443,556,836,1049,1409,1683,1673,1304,741,262,1374,116,55
Uruguay,1977,12547,1106,1254,148,48,38,72,167,263,550,1012,1893,3125,3035,1029,81,86,108,155,218,332,454,558,823,1070,1406,1719,1703,1332,758,271,1302,110,58
Uruguay,1978,12598,1038,1176,138,46,37,72,166,262,547,1026,1897,3160,3092,1055,81,85,107,155,216,331,460,566,801,1096,1403,1757,1733,1359,776,279,1222,109,61
Uruguay,1979,12622,959,1087,128,46,34,68,165,261,538,1035,1896,3193,3150,1083,80,85,106,155,211,327,465,570,783,1113,1405,1788,1762,1388,794,289,1133,102,64
Uruguay,1980,12620,875,995,120,47,33,65,163,256,530,1038,1891,3223,3202,1113,78,85,101,155,208,322,463,575,770,1121,1415,1808,1788,1414,814,299,1042,98,67
Uruguay,1981,12627,819,929,110,47,31,62,159,251,517,1033,1879,3257,3254,1142,75,84,101,150,204,313,455,578,762,1117,1435,1822,1815,1439,833,309,976,93,70
Uruguay,1982,12629,764,867,103,47,31,58,152,246,505,1024,1859,3289,3307,1171,70,82,99,147,203,302,445,579,764,1095,1468,1821,1843,1464,852,319,914,89,74
Uruguay,1983,12632,709,807,98,47,31,56,147,245,493,1013,1837,3324,3357,1203,66,81,100,145,200,293,434,579,773,1064,1510,1814,1869,1488,874,329,854,87,78
Uruguay,1984,12653,660,752,92,47,31,53,142,240,482,1003,1820,3359,3406,1237,64,78,100,140,197,285,422,581,780,1040,1542,1817,1891,1515,896,341,799,84,82
Uruguay,1985,12700,619,706,87,44,31,53,136,238,473,996,1813,3396,3452,1273,61,75,100,138,195,278,415,581,787,1026,1560,1836,1910,1542,919,354,750,84,86
Uruguay,1986,12767,578,660,82,43,31,54,135,238,470,992,1814,3428,3499,1311,60,75,100,138,194,276,409,583,791,1023,1561,1867,1928,1571,943,368,703,85,91
Uruguay,1987,12840,533,612,79,41,31,56,131,238,469,985,1830,3457,3544,1351,60,71,102,136,193,276,404,581,795,1035,1539,1918,1939,1605,970,381,653,87,96
Uruguay,1988,12952,519,595,76,40,31,58,131,240,467,978,1853,3475,3594,1391,61,70,103,137,192,275,400,578,799,1054,1498,1977,1950,1644,994,397,635,89,101
Uruguay,1989,13062,497,571,74,38,31,62,128,241,463,967,1872,3483,3655,1442,61,67,103,138,190,273,394,573,799,1073,1462,2021,1976,1679,1028,414,609,93,107
Uruguay,1990,13157,465,539,74,36,32,64,128,242,460,950,1889,3484,3728,1490,62,66,102,140,189,271,386,564,800,1089,1441,2043,2016,1712,1058,432,575,96,114
Uruguay,1991,13266,453,526,73,36,33,67,128,239,453,932,1900,3471,3815,1546,62,66,100,139,188,265,378,554,801,1099,1432,2039,2073,1742,1095,451,562,100,122
Uruguay,1992,13361,442,515,73,36,33,69,129,237,447,911,1904,3437,3913,1604,62,67,97,140,187,260,369,542,799,1105,1437,2000,2148,1765,1132,472,551,102,129
Uruguay,1993,13438,431,504,73,36,33,70,129,234,442,891,1900,3395,4006,1657,62,67,94,140,187,255,361,530,794,1106,1456,1939,2222,1784,1167,490,540,103,138
Uruguay,1994,13497,428,500,72,36,33,69,129,230,440,876,1894,3356,4080,1708,62,67,92,138,187,253,357,519,787,1107,1472,1884,2267,1813,1198,510,536,102,146
Uruguay,1995,13522,418,489,71,37,33,67,130,227,440,867,1882,3328,4117,1751,63,67,91,136,190,250,357,510,776,1106,1482,1846,2272,1845,1221,530,526,100,155
Uruguay,1996,13519,403,470,67,35,32,62,130,225,444,868,1862,3310,4126,1789,63,67,90,135,191,253,361,507,762,1100,1488,1822,2238,1888,1239,550,505,94,164
Uruguay,1997,13509,385,449,64,34,31,58,129,221,445,872,1839,3311,4115,1822,64,65,88,133,190,255,367,505,747,1092,1488,1823,2168,1947,1253,569,483,89,173
Uruguay,1998,13505,363,423,60,32,31,56,127,219,454,878,1817,3327,4094,1861,62,65,87,132,193,261,375,503,733,1084,1484,1843,2085,2009,1268,593,455,87,185
Uruguay,1999,13528,344,401,57,32,29,52,128,218,461,884,1790,3345,4075,1915,62,66,87,131,193,268,381,503,719,1071,1478,1867,2022,2053,1298,617,433,81,198
Uruguay,2000,13585,325,378,53,31,27,52,125,213,462,883,1766,3363,4074,1993,58,67,86,127,191,271,381,502,708,1058,1472,1891,1998,2076,1347,646,409,79,214
Uruguay,2001,13684,309,360,51,30,26,50,125,209,463,876,1740,3386,4091,2091,56,69,85,124,190,273,377,499,699,1041,1464,1922,2010,2081,1413,678,390,76,232
Uruguay,2002,13821,299,349,50,29,26,49,123,207,459,871,1715,3410,4123,2209,54,69,86,121,188,271,372,499,692,1023,1458,1952,2060,2063,1499,710,378,75,254
Uruguay,2003,13977,283,333,50,28,26,47,122,201,454,863,1692,3426,4170,2339,52,70,85,116,185,269,366,497,688,1004,1445,1981,2138,2032,1593,746,361,73,277
Uruguay,2004,14160,269,317,48,26,26,48,123,201,449,854,1670,3440,4243,2461,51,72,86,115,183,266,362,492,684,986,1433,2007,2222,2021,1672,789,343,74,300
Uruguay,2005,14367,259,306,47,26,26,47,124,202,444,852,1654,3453,4343,2568,52,72,90,112,180,264,363,489,683,971,1421,2032,2301,2042,1726,842,332,73,324
Uruguay,2006,14571,243,288,45,26,26,47,124,201,439,854,1646,3456,4460,2656,53,71,90,111,177,262,365,489,685,961,1407,2049,2370,2090,1757,899,314,73,347
Uruguay,2007,14781,228,272,44,26,26,47,125,201,437,857,1642,3454,4601,2724,55,70,90,111,175,262,369,488,689,953,1395,2059,2431,2170,1758,966,298,73,370
Uruguay,2008,14981,215,257,42,26,26,48,126,203,434,862,1638,3442,4747,2777,57,69,91,112,171,263,372,490,693,945,1384,2058,2480,2267,1746,1031,283,74,394
Uruguay,2009,15164,204,243,39,25,26,48,124,207,431,872,1633,3426,4878,2829,57,67,92,115,168,263,375,497,692,941,1378,2048,2516,2362,1744,1085,268,74,421
Uruguay,2010,15319,194,229,35,24,25,49,122,211,426,881,1626,3408,4980,2884,58,64,91,120,165,261,376,505,690,936,1376,2032,2538,2442,1766,1118,253,74,452
Uruguay,2011,15449,185,219,34,22,24,50,116,214,421,891,1621,3384,5053,2947,55,61,91,123,162,259,375,516,686,935,1377,2007,2545,2508,1811,1136,241,74,486
Uruguay,2012,15579,177,206,29,21,22,51,111,218,415,899,1622,3359,5106,3017,54,57,91,127,161,254,374,525,684,938,1377,1982,2541,2565,1878,1139,227,73,526
Uruguay,2013,15725,169,197,28,20,21,52,109,220,409,907,1634,3345,5147,3100,53,56,89,131,161,248,373,534,689,945,1381,1964,2533,2614,1965,1135,217,73,565
Uruguay,2014,15911,158,185,27,20,19,49,108,222,407,913,1656,3337,5193,3202,53,55,88,134,165,242,372,541,702,954,1384,1953,2531,2662,2056,1146,205,68,601
Uruguay,2015,16161,149,176,27,20,18,46,110,221,409,919,1695,3346,5249,3326,55,55,87,134,169,240,371,548,727,968,1389,1957,2536,2713,2148,1178,196,64,632
Uruguay,2016,16464,133,160,27,20,17,43,118,219,413,924,1745,3369,5317,3466,61,57,86,133,176,237,372,552,757,988,1395,1974,2551,2766,2239,1227,180,60,657
Uruguay,2017,16774,114,140,26,20,16,41,128,213,419,921,1794,3402,5382,3620,67,61,82,131,182,237,368,553,785,1009,1409,1993,2569,2813,2325,1295,160,57,677
Uruguay,2018,17060,99,124,25,19,17,41,133,213,425,911,1833,3440,5431,3781,67,66,83,130,188,237,361,550,802,1031,1434,2006,2582,2849,2408,1373,143,58,694
Uruguay,2019,17276,89,112,23,16,18,45,125,215,433,889,1852,3469,5456,3926,59,66,89,126,195,238,347,542,797,1055,1465,2004,2587,2869,2474,1452,128,63,717
Uruguay,2020,16481,72,86,14,12,15,48,138,216,450,875,1825,3239,5106,3775,63,75,98,118,180,270,326,549,770,1055,1384,1855,2415,2691,2357,1418,98,63,696
Uruguay,2021,21022,62,72,10,21,11,52,144,249,576,1132,2407,4139,6479,4858,71,73,98,151,239,337,451,681,998,1409,1766,2373,3069,3410,3019,1839,93,63,882
Uzbekistan,1950,42991,14397,17419,3022,361,417,558,1348,1094,2360,3967,5233,6145,3198,882,738,610,471,623,804,1556,1966,2001,2527,2706,3103,3042,1861,1337,666,216,17780,975,7
Uzbekistan,1951,44984,15802,19362,3560,354,392,551,1381,1081,2228,4113,5281,6243,3184,797,738,643,482,599,756,1472,2027,2086,2530,2751,3135,3108,1956,1228,615,182,19716,943,19
Uzbekistan,1952,46870,16281,20348,4067,339,368,569,1445,1109,2150,4422,5492,6524,3325,752,749,696,525,584,758,1392,2140,2282,2592,2900,3275,3249,2165,1160,583,169,20687,937,23
Uzbekistan,1953,48037,16811,21186,4375,421,330,573,1461,1114,2015,4615,5557,6624,3423,693,733,728,565,549,760,1255,2169,2446,2584,2973,3333,3291,2328,1095,538,155,21607,903,23
Uzbekistan,1954,49682,17310,21900,4590,423,304,582,1506,1162,1941,4875,5783,6896,3634,656,735,771,621,541,777,1164,2213,2662,2681,3102,3482,3414,2518,1116,509,147,22323,886,21
Uzbekistan,1955,50708,17878,22598,4720,507,276,561,1507,1196,1832,4937,5909,7011,3761,598,723,784,659,537,763,1069,2154,2783,2769,3140,3551,3460,2608,1153,471,127,23105,837,15
Uzbekistan,1956,51740,18426,23249,4823,568,261,529,1507,1249,1742,4936,6072,7151,3903,556,720,787,697,552,737,1005,2050,2886,2908,3164,3632,3519,2676,1227,441,115,23817,790,13
Uzbekistan,1957,53151,18920,23850,4930,640,259,492,1523,1337,1709,4928,6350,7417,4107,527,735,788,745,592,709,1000,1918,3010,3145,3205,3783,3634,2765,1342,418,109,24490,751,13
Uzbekistan,1958,53976,19464,24489,5025,669,263,440,1500,1410,1660,4751,6523,7539,4223,501,734,766,777,633,664,996,1718,3033,3348,3175,3858,3681,2792,1431,399,102,25158,703,11
Uzbekistan,1959,54942,20144,25263,5119,678,281,391,1467,1473,1618,4543,6732,7656,4329,499,723,744,798,675,632,986,1544,2999,3533,3199,3914,3742,2827,1502,405,94,25941,672,10
Uzbekistan,1960,57115,20827,26055,5228,717,327,368,1479,1583,1651,4491,7245,8068,4591,537,720,759,841,742,649,1002,1467,3024,3824,3421,4108,3960,2980,1611,445,92,26772,695,9
Uzbekistan,1961,58364,21210,26553,5343,715,375,352,1457,1654,1658,4311,7646,8300,4752,580,689,768,857,797,676,982,1398,2913,4009,3637,4194,4106,3075,1677,486,94,27268,727,11
Uzbekistan,1962,59255,21465,26900,5435,725,417,347,1426,1704,1661,4073,8029,8445,4875,636,641,785,856,848,722,939,1375,2698,4136,3893,4206,4239,3151,1724,535,101,27625,764,15
Uzbekistan,1963,59535,21264,26750,5486,757,453,357,1381,1739,1667,3816,8361,8560,4988,686,583,798,844,895,779,888,1381,2435,4192,4169,4201,4359,3223,1765,577,109,27507,810,18
Uzbekistan,1964,59563,21005,26475,5470,761,477,384,1325,1762,1693,3575,8571,8692,5098,728,530,795,835,927,839,854,1377,2198,4154,4417,4250,4442,3294,1804,611,117,27236,861,21
Uzbekistan,1965,60512,20745,26132,5387,784,506,440,1304,1830,1797,3472,8902,9155,5375,789,506,798,853,977,922,875,1395,2077,4155,4747,4518,4637,3472,1903,655,134,26916,946,24
Uzbekistan,1966,60536,20170,25443,5273,800,515,503,1259,1868,1899,3347,8948,9519,5573,832,488,771,869,999,988,911,1368,1979,3986,4962,4791,4728,3603,1970,684,148,26243,1018,26
Uzbekistan,1967,60330,19633,24748,5115,809,523,559,1205,1883,2019,3254,8795,9871,5756,873,485,720,885,998,1050,969,1308,1946,3682,5113,5124,4747,3730,2026,709,164,25557,1082,29
Uzbekistan,1968,60126,19097,24029,4932,831,532,608,1167,1894,2157,3202,8533,10280,5955,908,502,665,905,989,1109,1048,1242,1960,3335,5198,5510,4770,3864,2091,736,172,24860,1140,29
Uzbekistan,1969,59483,18882,23628,4746,801,534,631,1132,1854,2238,3102,8048,10531,6020,933,530,602,890,964,1130,1108,1177,1925,2971,5077,5754,4777,3899,2121,752,181,24429,1165,31
Uzbekistan,1970,60800,18891,23480,4589,788,559,667,1185,1886,2411,3163,7930,11338,6363,997,605,580,899,987,1194,1217,1209,1954,2826,5104,6212,5126,4103,2260,804,193,24268,1226,34
Uzbekistan,1971,61072,18883,23366,4483,779,572,671,1223,1847,2495,3141,7540,11871,6512,1020,672,551,856,991,1207,1288,1243,1898,2676,4864,6450,5421,4170,2342,828,192,24145,1243,33
Uzbekistan,1972,61646,18884,23300,4416,739,588,683,1282,1811,2581,3151,7180,12551,6694,1054,738,544,801,1010,1208,1373,1325,1826,2649,4531,6696,5855,4236,2458,859,195,24039,1271,31
Uzbekistan,1973,63864,18905,23279,4374,775,624,727,1408,1841,2757,3305,7097,13736,7150,1134,828,580,768,1073,1249,1508,1492,1813,2794,4303,7138,6598,4475,2675,927,207,24054,1351,31
Uzbekistan,1974,63898,18945,23288,4343,735,622,736,1471,1760,2778,3329,6660,14044,7288,1157,861,610,698,1062,1225,1553,1591,1738,2774,3886,7070,6974,4555,2733,947,210,24023,1358,30
Uzbekistan,1975,65242,18994,23317,4323,725,632,772,1584,1726,2878,3512,6487,14590,7758,1226,901,683,664,1062,1247,1631,1737,1775,2803,3684,7091,7499,4889,2869,1004,222,24042,1404,31
Uzbekistan,1976,64914,19062,23368,4306,754,611,775,1638,1620,2849,3605,6109,14317,7985,1252,892,746,623,997,1228,1621,1810,1795,2678,3431,6655,7662,5111,2874,1026,226,24122,1386,31
Uzbekistan,1977,67133,19092,23383,4291,709,628,829,1795,1617,2998,3995,6219,14747,8806,1372,946,849,642,975,1306,1692,2004,1991,2682,3537,6463,8284,5757,3049,1127,245,24092,1457,33
Uzbekistan,1978,67736,19052,23319,4267,754,618,849,1887,1566,3024,4286,6165,14429,9364,1441,970,917,660,906,1336,1688,2124,2162,2568,3597,5921,8508,6252,3112,1185,256,24073,1467,34
Uzbekistan,1979,68703,19184,23411,4227,702,613,866,1979,1555,3058,4608,6197,14132,10044,1504,1007,972,709,846,1359,1699,2244,2364,2531,3666,5492,8640,6779,3265,1241,263,24113,1479,34
Uzbekistan,1980,69545,19265,23443,4178,765,610,874,2043,1573,3061,4893,6244,13746,10711,1547,1041,1002,778,795,1347,1714,2336,2557,2568,3676,5167,8579,7221,3490,1282,265,24208,1484,32
Uzbekistan,1981,69918,19176,23302,4126,729,609,870,2082,1623,3035,5135,6304,13255,11367,1575,1070,1012,862,761,1300,1735,2392,2743,2680,3624,4967,8288,7600,3767,1311,264,24031,1479,27
Uzbekistan,1982,70531,19104,23156,4052,725,613,866,2138,1697,3016,5375,6417,12789,12101,1617,1105,1033,944,753,1231,1785,2425,2950,2890,3527,4979,7810,7979,4122,1343,274,23881,1479,24
Uzbekistan,1983,71170,19137,23100,3963,730,617,859,2190,1785,2981,5579,6563,12316,12766,1662,1133,1057,1016,769,1144,1837,2430,3149,3158,3405,5104,7212,8261,4505,1379,283,23830,1476,21
Uzbekistan,1984,71990,19332,23210,3878,723,622,856,2245,1893,2929,5770,6807,11916,13256,1747,1153,1092,1073,820,1063,1866,2445,3325,3455,3352,5210,6706,8383,4873,1452,295,23933,1478,20
Uzbekistan,1985,72405,19406,23209,3803,732,625,847,2282,1999,2838,5908,7116,11528,13443,1862,1159,1123,1102,897,995,1843,2457,3451,3726,3390,5212,6316,8280,5163,1558,304,23941,1472,20
Uzbekistan,1986,72414,19061,22704,3643,699,629,847,2321,2117,2738,6045,7560,11277,13449,2008,1159,1162,1117,1000,952,1786,2497,3548,4012,3548,5156,6121,8006,5443,1695,313,23403,1476,22
Uzbekistan,1987,72274,18479,22009,3530,693,630,851,2351,2238,2633,6157,8129,11157,13221,2180,1153,1198,1141,1097,942,1691,2566,3591,4309,3820,5009,6148,7520,5701,1857,323,22702,1481,24
Uzbekistan,1988,72371,17745,21187,3442,685,637,864,2393,2374,2551,6286,8836,11223,12926,2379,1153,1240,1180,1194,970,1581,2659,3627,4629,4207,4869,6354,6991,5935,2041,338,21872,1501,26
Uzbekistan,1989,72606,17205,20549,3344,702,642,876,2428,2499,2518,6377,9533,11319,12561,2572,1155,1273,1229,1270,1040,1478,2714,3663,4908,4625,4815,6504,6536,6025,2208,364,21251,1518,29
Uzbekistan,1990,73856,17400,20700,3300,701,652,891,2458,2607,2559,6465,10240,11539,12277,2742,1161,1297,1281,1326,1154,1405,2725,3740,5171,5069,4944,6595,6273,6004,2352,390,21401,1543,29
Uzbekistan,1991,75932,17687,21006,3319,715,669,920,2511,2734,2692,6603,11042,11966,12129,2919,1187,1324,1357,1377,1316,1376,2707,3896,5446,5596,5305,6661,6242,5887,2501,418,21721,1589,25
Uzbekistan,1992,77135,17631,20998,3367,723,674,932,2540,2839,2834,6647,11665,12309,11873,3072,1208,1332,1417,1422,1464,1370,2593,4054,5578,6087,5779,6530,6340,5533,2614,458,21721,1606,24
Uzbekistan,1993,79441,17415,20816,3401,726,695,971,2624,3015,3089,6810,12498,13029,11906,3239,1257,1367,1506,1509,1639,1450,2495,4315,5784,6714,6530,6499,6691,5215,2737,502,21542,1666,24
Uzbekistan,1994,80692,17078,20467,3389,735,706,992,2670,3146,3332,6801,13095,13727,11732,3260,1289,1381,1560,1586,1764,1568,2352,4449,5907,7188,7246,6481,6860,4872,2731,529,21202,1698,26
Uzbekistan,1995,81063,16712,20037,3325,705,707,997,2682,3224,3556,6641,13474,14446,11413,3153,1303,1379,1578,1646,1830,1726,2214,4427,5975,7499,7852,6594,6817,4596,2616,537,20742,1704,27
Uzbekistan,1996,81334,16056,19281,3225,715,708,999,2703,3293,3802,6438,13824,15408,11141,2990,1318,1385,1584,1709,1867,1935,2127,4311,6096,7728,8478,6930,6680,4461,2450,540,19996,1707,28
Uzbekistan,1997,81448,15135,18225,3090,689,709,1002,2728,3358,4052,6201,14139,16613,10923,2781,1327,1401,1584,1774,1913,2139,2103,4098,6290,7849,9129,7484,6446,4477,2234,547,18914,1711,29
Uzbekistan,1998,80655,13975,16876,2901,661,698,994,2727,3367,4250,5908,14217,17750,10647,2532,1327,1400,1557,1810,1949,2301,2131,3777,6414,7803,9648,8102,6135,4512,1996,536,17537,1692,30
Uzbekistan,1999,79790,12936,15583,2647,640,678,982,2711,3348,4399,5694,14158,18773,10455,2337,1316,1395,1528,1820,1990,2409,2235,3459,6417,7741,10038,8735,5967,4488,1821,516,16223,1660,30
Uzbekistan,2000,79477,12088,14464,2376,615,658,972,2703,3334,4524,5662,14069,19761,10467,2217,1309,1394,1509,1825,2046,2478,2436,3226,6315,7754,10374,9387,6054,4413,1727,490,15079,1630,31
Uzbekistan,2001,79318,11335,13437,2102,578,639,961,2689,3308,4598,5766,13902,20639,10633,2134,1296,1393,1498,1810,2099,2499,2700,3066,6073,7829,10592,10047,6350,4283,1688,446,14015,1600,29
Uzbekistan,2002,78710,10651,12532,1881,534,616,942,2646,3248,4642,5890,13549,21155,10830,2096,1272,1374,1480,1768,2133,2509,2925,2965,5646,7903,10542,10613,6765,4065,1691,405,13066,1558,30
Uzbekistan,2003,78165,9770,11454,1684,496,595,920,2612,3195,4694,6107,13174,21589,11208,2091,1251,1361,1469,1726,2160,2534,3127,2980,5171,8003,10424,11165,7323,3885,1723,368,11950,1515,31
Uzbekistan,2004,77880,9175,10679,1504,464,575,888,2572,3141,4737,6371,12695,21901,11738,2086,1229,1343,1456,1685,2162,2575,3263,3108,4720,7975,10313,11588,7912,3826,1732,354,11143,1463,33
Uzbekistan,2005,82466,8603,9945,1342,437,593,919,2719,3316,5118,7174,13037,23734,13265,2175,1296,1423,1548,1768,2304,2814,3571,3603,4687,8350,10996,12738,9076,4189,1819,356,10382,1512,31
Uzbekistan,2006,83536,8230,9440,1210,412,576,900,2719,3338,5227,7665,12599,24263,14242,2125,1296,1423,1564,1774,2310,2917,3636,4029,4496,8103,11183,13080,9783,4459,1768,357,9852,1476,29
Uzbekistan,2007,83623,8031,9130,1099,372,545,869,2676,3306,5235,8034,11923,24335,15128,2040,1274,1402,1548,1758,2264,2971,3659,4375,4366,7557,11304,13031,10348,4780,1675,365,9502,1414,27
Uzbekistan,2008,83895,7786,8801,1015,366,514,841,2630,3286,5230,8398,11340,24372,16094,1997,1247,1383,1539,1747,2214,3016,3706,4692,4400,6940,11460,12912,10898,5196,1611,386,9167,1355,27
Uzbekistan,2009,85981,7374,8325,951,327,495,838,2647,3356,5345,8943,11277,24948,17427,2034,1243,1404,1567,1789,2229,3116,3886,5057,4738,6539,11768,13180,11638,5789,1648,386,8652,1333,23
Uzbekistan,2010,86913,6768,7654,886,303,466,822,2626,3386,5377,9291,11384,25039,18419,2117,1219,1407,1578,1808,2223,3154,4031,5260,5217,6167,11692,13347,12118,6301,1733,384,7957,1288,24
Uzbekistan,2011,86405,6206,7028,822,282,431,785,2561,3349,5302,9377,11564,24536,18950,2217,1176,1385,1553,1796,2192,3110,4108,5269,5744,5820,11163,13373,12247,6703,1847,370,7310,1216,25
Uzbekistan,2012,87223,5792,6542,750,269,404,752,2532,3357,5294,9636,12065,24316,19635,2397,1152,1380,1553,1804,2203,3091,4250,5386,6333,5732,10582,13734,12411,7224,2038,359,6811,1156,28
Uzbekistan,2013,87081,5551,6235,684,253,372,709,2462,3322,5208,9762,12542,23640,19946,2593,1115,1347,1530,1792,2188,3020,4309,5453,6779,5763,9733,13907,12324,7622,2236,357,6488,1081,31
Uzbekistan,2014,87532,5347,5980,633,223,348,670,2402,3310,5173,9969,13231,22993,20383,2816,1086,1316,1521,1789,2193,2980,4366,5603,7158,6073,9012,13981,12383,8000,2463,353,6203,1018,28
Uzbekistan,2015,88568,5095,5690,595,219,326,631,2356,3326,5186,10233,14128,22392,20960,3096,1065,1291,1526,1800,2216,2970,4419,5814,7446,6682,8521,13871,12597,8363,2708,388,5909,957,29
Uzbekistan,2016,89540,4790,5355,565,208,304,592,2303,3332,5222,10476,15106,21688,21537,3391,1034,1269,1529,1803,2242,2980,4438,6038,7613,7493,8204,13484,12898,8639,2958,433,5563,896,29
Uzbekistan,2017,89708,4502,5038,536,196,283,549,2220,3304,5215,10588,15955,20753,21909,3667,985,1235,1513,1791,2238,2977,4383,6205,7743,8212,8031,12722,13180,8729,3182,485,5234,832,28
Uzbekistan,2018,91947,4492,4999,507,222,273,522,2178,3334,5325,10880,17138,20374,22664,4008,953,1225,1520,1814,2284,3041,4405,6475,8072,9066,8296,12078,13716,8948,3457,551,5221,795,28
Uzbekistan,2019,93844,4380,4867,487,225,261,495,2127,3345,5423,11100,18222,20305,23136,4303,913,1214,1510,1835,2320,3103,4423,6677,8450,9772,8879,11426,13980,9156,3675,628,5092,756,30
Uzbekistan,2020,106696,4277,4751,474,230,255,452,2040,3471,6043,12865,22517,23510,25709,4824,849,1191,1522,1949,2544,3499,5033,7832,10256,12261,11308,12202,15368,10341,4118,706,4981,707,31
Uzbekistan,2021,102790,3927,4391,464,236,241,401,1871,3289,5804,12366,22288,23097,24030,4739,761,1110,1426,1863,2421,3383,4825,7541,10321,11967,11999,11098,14019,10011,3996,743,4627,642,36
Vanuatu,1950,467,127,186,59,25,15,19,35,27,20,21,37,50,31,4,20,15,15,12,10,10,10,11,16,21,25,25,20,11,4,0,211,34,0
Vanuatu,1951,527,137,210,73,35,20,20,40,30,21,22,39,52,32,4,20,20,15,15,11,10,10,12,17,22,26,26,20,12,4,0,245,40,0
Vanuatu,1952,466,131,192,61,23,15,19,35,28,20,20,34,50,29,4,20,15,15,13,10,10,10,10,15,19,25,25,19,10,4,0,215,34,0
Vanuatu,1953,466,133,194,61,23,15,19,35,28,20,20,34,49,28,4,20,15,15,13,10,10,10,10,15,19,24,25,18,10,4,0,217,34,0
Vanuatu,1954,465,135,196,61,23,15,18,35,28,20,20,32,47,28,4,20,15,15,13,10,10,10,10,14,18,23,24,18,10,4,0,219,33,0
Vanuatu,1955,463,137,198,61,23,15,18,35,28,20,20,32,47,28,4,20,15,15,13,10,10,10,10,14,18,23,24,18,10,4,0,221,33,0
Vanuatu,1956,463,139,200,61,23,15,18,35,28,20,20,30,45,28,4,20,15,15,13,10,10,10,10,13,17,22,23,18,10,4,0,223,33,0
Vanuatu,1957,463,140,201,61,23,15,18,35,28,20,20,30,43,28,4,20,15,15,13,10,10,10,10,13,17,21,22,18,10,4,0,224,33,0
Vanuatu,1958,464,141,202,61,23,15,18,35,29,20,20,28,40,28,4,20,15,15,14,10,10,10,10,12,16,20,20,18,10,4,0,225,33,0
Vanuatu,1959,464,142,203,61,23,15,18,35,29,20,20,28,40,28,3,20,15,15,14,10,10,10,10,12,16,20,20,18,10,3,0,226,33,0
Vanuatu,1960,463,143,204,61,23,15,17,35,30,20,20,27,40,27,3,20,15,15,15,10,10,10,10,11,16,20,20,17,10,3,0,227,32,0
Vanuatu,1961,463,143,204,61,23,15,17,35,30,21,20,26,40,26,3,20,15,15,15,11,10,10,10,11,15,20,20,17,9,3,0,227,32,0
Vanuatu,1962,462,143,202,59,23,15,17,35,30,21,20,25,40,26,3,20,15,15,15,11,10,10,10,10,15,20,20,17,9,3,0,225,32,0
Vanuatu,1963,460,143,202,59,23,15,17,35,30,22,20,25,39,25,3,20,15,15,15,12,10,10,10,10,15,19,20,16,9,3,0,225,32,0
Vanuatu,1964,456,143,201,58,23,15,16,34,30,22,20,28,39,24,3,19,15,15,15,12,10,10,10,13,15,19,20,16,8,3,0,224,31,0
Vanuatu,1965,453,142,198,56,22,15,16,32,30,23,20,30,38,24,3,17,15,15,15,13,10,10,10,15,15,18,20,16,8,3,0,220,31,0
Vanuatu,1966,451,141,195,54,22,15,15,31,30,23,21,30,38,23,3,16,15,15,15,13,10,10,11,15,15,18,20,15,8,3,0,217,30,0
Vanuatu,1967,448,140,194,54,21,15,16,30,30,24,23,30,37,23,3,15,15,15,15,14,10,11,12,15,15,17,20,15,8,3,0,215,31,0
Vanuatu,1968,444,138,190,52,21,13,16,30,30,25,30,30,35,23,3,15,15,15,15,15,10,15,15,15,15,16,19,15,8,3,0,211,29,0
Vanuatu,1969,443,136,186,50,21,13,16,31,30,30,30,30,34,22,3,16,15,15,15,15,15,15,15,15,15,15,19,14,8,3,0,207,29,0
Vanuatu,1970,439,134,183,49,21,13,17,31,30,30,30,30,30,22,3,16,15,15,15,15,15,15,15,15,15,15,15,14,8,3,0,204,30,0
Vanuatu,1971,436,132,180,48,21,13,17,31,30,30,30,30,30,21,3,16,15,15,15,15,15,15,15,15,15,15,15,13,8,3,0,201,30,0
Vanuatu,1972,435,131,178,47,21,13,17,31,30,30,30,30,30,18,3,16,15,15,15,15,15,15,15,15,15,15,15,12,6,3,0,199,30,0
Vanuatu,1973,429,128,171,43,21,12,17,31,30,30,30,30,30,17,3,16,15,15,15,15,15,15,15,15,15,15,15,11,6,3,0,192,29,0
Vanuatu,1974,425,126,169,43,20,11,17,31,30,30,30,31,32,15,1,16,15,15,15,15,15,15,15,15,16,17,15,11,4,1,0,189,28,0
Vanuatu,1975,422,124,165,41,19,11,16,30,30,30,31,38,32,14,0,15,15,15,15,15,15,15,16,20,18,18,14,10,4,0,0,184,27,0
Vanuatu,1976,418,122,162,40,19,11,15,30,30,30,33,40,31,12,0,15,15,15,15,15,15,15,18,20,20,19,12,9,3,0,0,181,26,0
Vanuatu,1977,416,119,156,37,18,11,15,30,30,34,40,40,31,10,0,15,15,15,15,15,19,20,20,20,20,19,12,7,3,0,0,174,26,0
Vanuatu,1978,412,116,152,36,18,11,15,30,30,35,40,40,32,9,0,15,15,15,15,15,20,20,20,20,20,20,12,6,3,0,0,170,26,0
Vanuatu,1979,408,113,147,34,16,10,15,30,30,31,40,40,37,15,0,15,15,15,15,15,16,20,20,20,20,20,17,10,5,0,0,163,25,0
Vanuatu,1980,423,109,139,30,14,10,14,30,20,26,32,43,49,34,9,15,15,10,10,11,15,15,17,20,23,25,24,20,14,7,2,153,24,0
Vanuatu,1981,412,105,133,28,13,10,14,29,20,23,31,43,50,34,9,15,14,10,10,10,13,15,16,20,23,25,25,20,14,7,2,146,24,0
Vanuatu,1982,400,101,127,26,12,10,12,24,20,22,31,43,50,35,9,14,10,10,10,10,12,15,16,20,23,25,25,21,14,7,2,139,22,0
Vanuatu,1983,390,97,122,25,11,7,10,21,20,20,31,44,54,36,8,11,10,10,10,10,10,15,16,20,24,25,29,22,14,7,1,133,17,0
Vanuatu,1984,379,92,115,23,10,6,10,20,20,20,30,44,58,37,7,10,10,10,10,10,10,14,16,20,24,28,30,23,14,7,0,125,16,0
Vanuatu,1985,387,89,112,23,10,6,10,20,20,20,32,45,59,39,7,10,10,10,10,10,10,14,18,20,25,29,30,24,15,6,1,122,16,0
Vanuatu,1986,375,84,103,19,9,5,10,20,20,20,30,46,60,41,7,10,10,10,10,10,10,13,17,21,25,30,30,26,15,6,1,112,15,0
Vanuatu,1987,408,84,109,25,14,10,10,20,20,21,33,48,63,44,8,10,10,10,10,10,11,15,18,22,26,30,33,28,16,7,1,123,20,0
Vanuatu,1988,374,78,96,18,8,5,9,20,20,20,30,48,64,44,8,10,10,10,10,10,10,13,17,22,26,30,34,28,16,7,1,104,14,0
Vanuatu,1989,384,76,94,18,9,5,10,20,20,20,31,50,67,48,8,10,10,10,10,10,10,14,17,23,27,32,35,30,18,7,1,103,15,0
Vanuatu,1990,377,73,90,17,8,5,9,20,20,20,29,51,68,50,8,10,10,10,10,10,10,13,16,23,28,33,35,31,19,7,1,98,14,0
Vanuatu,1991,381,71,86,15,8,5,9,20,20,20,30,51,68,53,8,10,10,10,10,10,10,14,16,23,28,33,35,33,20,7,1,94,14,0
Vanuatu,1992,385,70,85,15,8,5,9,20,20,20,30,51,70,56,8,10,10,10,10,10,10,14,16,23,28,33,37,35,21,7,1,93,14,0
Vanuatu,1993,391,69,84,15,8,5,9,20,20,20,30,52,72,58,8,10,10,10,10,10,10,14,16,23,29,33,39,36,22,7,1,92,14,0
Vanuatu,1994,393,68,83,15,8,5,9,20,20,20,30,51,72,61,10,10,10,10,10,10,10,14,16,22,29,33,39,38,23,9,1,91,14,0
Vanuatu,1995,399,67,82,15,8,5,10,20,20,20,30,51,72,63,10,10,10,10,10,10,10,14,16,22,29,33,39,39,24,9,1,90,15,0
Vanuatu,1996,395,66,81,15,8,5,9,20,20,20,28,50,73,65,10,10,10,10,10,10,10,13,15,21,29,34,39,39,26,9,1,89,14,0
Vanuatu,1997,401,66,81,15,8,5,9,20,20,25,30,50,74,67,10,10,10,10,10,12,13,14,16,21,29,35,39,40,27,9,1,89,14,0
Vanuatu,1998,408,66,81,15,8,5,9,20,21,30,31,49,75,69,12,10,10,10,11,15,15,15,16,21,28,35,40,40,29,10,2,89,14,0
Vanuatu,1999,442,68,87,19,12,10,10,20,28,30,32,51,76,72,13,10,10,13,15,15,15,15,17,22,29,36,40,43,29,11,2,99,20,0
Vanuatu,2000,421,67,82,15,8,5,10,20,24,30,32,50,77,71,14,10,10,10,14,15,15,15,17,21,29,37,40,42,29,12,2,90,15,0
Vanuatu,2001,447,68,83,15,8,5,10,20,25,30,32,51,80,80,22,10,10,10,15,15,15,15,17,22,29,38,42,45,35,17,5,91,15,1
Vanuatu,2002,464,68,83,15,8,5,10,20,25,30,32,52,84,83,27,10,10,10,15,15,15,15,17,23,29,39,45,45,38,21,6,91,15,1
Vanuatu,2003,480,69,84,15,7,5,10,20,25,33,38,53,85,86,31,10,10,10,15,15,18,20,18,23,30,40,45,45,41,24,7,91,15,1
Vanuatu,2004,500,71,86,15,8,6,10,20,26,34,40,54,90,91,37,10,10,11,15,15,19,20,20,23,31,41,49,48,43,28,9,94,16,1
Vanuatu,2005,519,72,87,15,7,6,10,20,26,36,40,55,91,94,42,10,10,11,15,16,20,20,20,23,32,41,50,50,44,30,12,94,16,2
Vanuatu,2006,538,74,89,15,7,6,10,20,26,37,40,57,94,99,46,10,10,11,15,17,20,20,20,24,33,41,53,52,47,34,12,96,16,2
Vanuatu,2007,557,77,93,16,7,6,10,20,25,37,46,58,96,102,49,10,10,10,15,17,20,24,22,25,33,42,54,54,48,35,14,100,16,3
Vanuatu,2008,577,81,97,16,7,5,10,20,25,39,50,60,99,106,53,10,10,10,15,18,21,25,25,26,34,43,56,57,49,38,15,104,15,3
Vanuatu,2009,599,84,102,18,8,5,10,20,25,40,50,60,101,111,55,10,10,10,15,18,22,25,25,26,34,45,56,59,52,39,16,110,15,3
Vanuatu,2010,629,87,105,18,8,5,10,20,25,42,56,66,104,118,64,10,10,10,15,19,23,26,30,30,36,47,57,63,55,44,20,113,15,4
Vanuatu,2011,643,90,109,19,8,5,10,22,26,43,57,65,104,124,57,12,10,11,15,19,24,27,30,30,35,46,58,68,56,41,16,117,15,4
Vanuatu,2012,659,92,111,19,8,6,11,30,30,43,59,65,106,133,56,15,15,15,15,19,24,29,30,30,35,46,60,74,59,40,16,119,17,3
Vanuatu,2013,669,94,113,19,9,5,11,30,30,44,60,69,105,139,56,15,15,15,15,19,25,30,30,33,36,45,60,78,61,40,16,122,16,3
Vanuatu,2014,690,95,117,22,11,6,12,30,30,46,64,72,104,144,55,15,15,15,15,20,26,30,34,35,37,44,60,79,65,40,15,128,18,3
Vanuatu,2015,700,94,116,22,11,6,12,30,30,47,65,73,104,151,52,15,15,15,15,20,27,30,35,35,38,44,60,82,69,39,13,127,18,3
Vanuatu,2016,703,92,111,19,10,6,12,30,30,47,67,80,103,155,50,15,15,15,15,20,27,32,35,40,40,43,60,82,73,38,12,121,18,2
Vanuatu,2017,705,91,109,18,10,6,11,30,31,47,70,80,102,151,51,15,15,15,16,20,27,33,37,40,40,45,57,79,72,39,12,119,17,2
Vanuatu,2018,712,89,107,18,11,7,12,30,34,47,73,88,102,150,51,15,15,15,19,20,27,34,39,43,45,46,56,77,73,39,12,118,19,2
Vanuatu,2019,718,88,106,18,11,7,12,30,38,47,74,90,102,147,50,15,15,18,20,20,27,34,40,45,45,47,55,74,73,39,11,117,19,2
Vanuatu,2020,729,86,104,18,11,10,12,31,40,48,79,97,104,142,50,15,16,20,20,21,27,37,42,47,50,50,54,71,71,39,11,115,22,2
Vanuatu,2021,712,84,102,18,10,6,10,25,34,45,75,105,108,137,50,10,15,15,19,20,25,33,42,50,55,54,54,68,69,39,11,112,16,2
Vatican,1950,2,,,,,,,,,,,,,,,,,,,,,,,,,,,,,,,,,
Vatican,1951,2,,,,,,,,,,,,,,,,,,,,,,,,,,,,,,,,,
Vatican,1952,2,,,,,,,,,,,,,,,,,,,,,,,,,,,,,,,,,
Vatican,1953,2,,,,,,,,,,,,,,,,,,,,,,,,,,,,,,,,,
Vatican,1954,2,,,,,,,,,,,,,,,,,,,,,,,,,,,,,,,,,
Vatican,1955,2,,,,,,,,,,,,,,,,,,,,,,,,,,,,,,,,,
Vatican,1956,3,,,,,,,,,,,,,,,,,,,,,,,,,,,,,,,,,
Vatican,1957,3,,,,,,,,,,,,,,,,,,,,,,,,,,,,,,,,,
Vatican,1958,3,,,,,,,,,,,,,,,,,,,,,,,,,,,,,,,,,
Vatican,1959,3,,,,,,,,,,,,,,,,,,,,,,,,,,,,,,,,,
Vatican,1960,3,,,,,,,,,,,,,,,,,,,,,,,,,,,,,,,,,
Vatican,1961,3,,,,,,,,,,,,,,,,,,,,,,,,,,,,,,,,,
Vatican,1962,3,,,,,,,,,,,,,,,,,,,,,,,,,,,,,,,,,
Vatican,1963,3,,,,,,,,,,,,,,,,,,,,,,,,,,,,,,,,,
Vatican,1964,3,,,,,,,,,,,,,,,,,,,,,,,,,,,,,,,,,
Vatican,1965,3,,,,,,,,,,,,,,,,,,,,,,,,,,,,,,,,,
Vatican,1966,3,,,,,,,,,,,,,,,,,,,,,,,,,,,,,,,,,
Vatican,1967,3,,,,,,,,,,,,,,,,,,,,,,,,,,,,,,,,,
Vatican,1968,3,,,,,,,,,,,,,,,,,,,,,,,,,,,,,,,,,
Vatican,1969,3,,,,,,,,,,,,,,,,,,,,,,,,,,,,,,,,,
Vatican,1970,3,,,,,,,,,,,,,,,,,,,,,,,,,,,,,,,,,
Vatican,1971,3,,,,,,,,,,,,,,,,,,,,,,,,,,,,,,,,,
Vatican,1972,3,,,,,,,,,,,,,,,,,,,,,,,,,,,,,,,,,
Vatican,1973,3,,,,,,,,,,,,,,,,,,,,,,,,,,,,,,,,,
Vatican,1974,3,,,,,,,,,,,,,,,,,,,,,,,,,,,,,,,,,
Vatican,1975,3,,,,,,,,,,,,,,,,,,,,,,,,,,,,,,,,,
Vatican,1976,3,,,,,,,,,,,,,,,,,,,,,,,,,,,,,,,,,
Vatican,1977,3,,,,,,,,,,,,,,,,,,,,,,,,,,,,,,,,,
Vatican,1978,3,,,,,,,,,,,,,,,,,,,,,,,,,,,,,,,,,
Vatican,1979,3,,,,,,,,,,,,,,,,,,,,,,,,,,,,,,,,,
Vatican,1980,3,,,,,,,,,,,,,,,,,,,,,,,,,,,,,,,,,
Vatican,1981,4,,,,,,,,,,,,,,,,,,,,,,,,,,,,,,,,,
Vatican,1982,4,,,,,,,,,,,,,,,,,,,,,,,,,,,,,,,,,
Vatican,1983,4,,,,,,,,,,,,,,,,,,,,,,,,,,,,,,,,,
Vatican,1984,4,,,,,,,,,,,,,,,,,,,,,,,,,,,,,,,,,
Vatican,1985,4,,,,,,,,,,,,,,,,,,,,,,,,,,,,,,,,,
Vatican,1986,4,,,,,,,,,,,,,,,,,,,,,,,,,,,,,,,,,
Vatican,1987,4,,,,,,,,,,,,,,,,,,,,,,,,,,,,,,,,,
Vatican,1988,4,,,,,,,,,,,,,,,,,,,,,,,,,,,,,,,,,
Vatican,1989,4,,,,,,,,,,,,,,,,,,,,,,,,,,,,,,,,,
Vatican,1990,4,,,,,,,,,,,,,,,,,,,,,,,,,,,,,,,,,
Vatican,1991,4,,,,,,,,,,,,,,,,,,,,,,,,,,,,,,,,,
Vatican,1992,4,,,,,,,,,,,,,,,,,,,,,,,,,,,,,,,,,
Vatican,1993,4,,,,,,,,,,,,,,,,,,,,,,,,,,,,,,,,,
Vatican,1994,4,,,,,,,,,,,,,,,,,,,,,,,,,,,,,,,,,
Vatican,1995,4,,,,,,,,,,,,,,,,,,,,,,,,,,,,,,,,,
Vatican,1996,4,,,,,,,,,,,,,,,,,,,,,,,,,,,,,,,,,
Vatican,1997,4,,,,,,,,,,,,,,,,,,,,,,,,,,,,,,,,,
Vatican,1998,4,,,,,,,,,,,,,,,,,,,,,,,,,,,,,,,,,
Vatican,1999,4,,,,,,,,,,,,,,,,,,,,,,,,,,,,,,,,,
Vatican,2000,4,,,,,,,,,,,,,,,,,,,,,,,,,,,,,,,,,
Vatican,2001,4,,,,,,,,,,,,,,,,,,,,,,,,,,,,,,,,,
Vatican,2002,4,,,,,,,,,,,,,,,,,,,,,,,,,,,,,,,,,
Vatican,2003,4,,,,,,,,,,,,,,,,,,,,,,,,,,,,,,,,,
Vatican,2004,4,,,,,,,,,,,,,,,,,,,,,,,,,,,,,,,,,
Vatican,2005,4,,,,,,,,,,,,,,,,,,,,,,,,,,,,,,,,,
Vatican,2006,4,,,,,,,,,,,,,,,,,,,,,,,,,,,,,,,,,
Vatican,2007,4,,,,,,,,,,,,,,,,,,,,,,,,,,,,,,,,,
Vatican,2008,5,,,,,,,,,,,,,,,,,,,,,,,,,,,,,,,,,
Vatican,2009,5,,,,,,,,,,,,,,,,,,,,,,,,,,,,,,,,,
Vatican,2010,5,,,,,,,,,,,,,,,,,,,,,,,,,,,,,,,,,
Vatican,2011,5,,,,,,,,,,,,,,,,,,,,,,,,,,,,,,,,,
Vatican,2012,5,,,,,,,,,,,,,,,,,,,,,,,,,,,,,,,,,
Vatican,2013,5,,,,,,,,,,,,,,,,,,,,,,,,,,,,,,,,,
Vatican,2014,5,,,,,,,,,,,,,,,,,,,,,,,,,,,,,,,,,
Vatican,2015,5,,,,,,,,,,,,,,,,,,,,,,,,,,,,,,,,,
Vatican,2016,5,,,,,,,,,,,,,,,,,,,,,,,,,,,,,,,,,
Vatican,2017,5,,,,,,,,,,,,,,,,,,,,,,,,,,,,,,,,,
Vatican,2018,5,,,,,,,,,,,,,,,,,,,,,,,,,,,,,,,,,
Vatican,2019,5,,,,,,,,,,,,,,,,,,,,,,,,,,,,,,,,,
Vatican,2020,5,,,,,,,,,,,,,,,,,,,,,,,,,,,,,,,,,
Vatican,2021,6,,,,,,,,,,,,,,,,,,,,,,,,,,,,,,,,,
Venezuela,1950,35160,12628,17294,4666,1052,599,846,1805,1975,2334,2657,2835,2285,1282,194,918,887,928,1047,1112,1222,1319,1338,1466,1369,1251,1034,807,475,164,30,18346,1445,4
Venezuela,1951,35914,13074,17823,4749,1072,581,832,1823,1979,2351,2712,2879,2339,1301,212,922,901,931,1048,1124,1227,1351,1361,1489,1390,1278,1061,832,469,168,44,18895,1413,8
Venezuela,1952,36326,13347,18087,4740,1040,569,817,1833,1980,2366,2763,2921,2389,1328,217,920,913,934,1046,1135,1231,1377,1386,1512,1409,1307,1082,859,469,166,51,19127,1386,12
Venezuela,1953,36910,13558,18305,4747,1220,558,804,1837,1981,2380,2816,2967,2442,1361,217,913,924,939,1042,1143,1237,1401,1415,1539,1428,1338,1104,890,471,163,54,19525,1362,15
Venezuela,1954,37176,13697,18448,4751,1099,553,791,1839,1992,2405,2877,3028,2508,1405,215,905,934,948,1044,1151,1254,1421,1456,1573,1455,1376,1132,924,481,162,53,19547,1344,16
Venezuela,1955,37046,13788,18524,4736,1119,538,761,1782,1948,2362,2859,3015,2510,1409,204,870,912,932,1016,1125,1237,1397,1462,1567,1448,1376,1134,932,477,156,48,19643,1299,15
Venezuela,1956,37325,13853,18559,4706,1142,542,747,1764,1956,2375,2908,3082,2579,1453,203,853,911,940,1016,1123,1252,1406,1502,1602,1480,1410,1169,962,491,157,46,19701,1289,14
Venezuela,1957,38068,13942,18601,4659,1186,564,752,1782,2011,2444,3028,3235,2710,1534,206,859,923,971,1040,1148,1296,1451,1577,1683,1552,1474,1236,1017,517,160,46,19787,1316,14
Venezuela,1958,37416,13966,18568,4602,1168,553,707,1672,1927,2342,2935,3169,2658,1509,195,803,869,932,995,1094,1248,1399,1536,1650,1519,1441,1217,1000,509,153,42,19736,1260,13
Venezuela,1959,37019,13809,18350,4541,1129,559,685,1607,1888,2292,2913,3185,2673,1533,192,772,835,913,975,1064,1228,1385,1528,1662,1523,1443,1230,1015,518,152,40,19479,1244,12
Venezuela,1960,36041,13538,17994,4456,1130,543,649,1495,1796,2177,2800,3117,2620,1522,184,719,776,865,931,1008,1169,1332,1468,1630,1487,1411,1209,1007,515,147,37,19124,1192,11
Venezuela,1961,35967,13323,17663,4340,1060,556,655,1467,1798,2182,2844,3222,2715,1601,190,706,761,859,939,1010,1172,1355,1489,1686,1536,1460,1255,1056,545,152,38,18723,1211,10
Venezuela,1962,36342,13129,17338,4209,1097,583,682,1472,1836,2231,2939,3386,2859,1710,201,709,763,870,966,1033,1198,1402,1537,1771,1615,1535,1324,1124,586,162,39,18435,1265,10
Venezuela,1963,36324,12923,16992,4069,1057,592,703,1448,1829,2235,2985,3500,2967,1796,207,700,748,857,972,1036,1199,1422,1563,1824,1676,1593,1374,1176,620,168,39,18049,1295,10
Venezuela,1964,36350,12699,16634,3935,1122,598,728,1428,1818,2239,3021,3599,3065,1876,212,693,735,843,975,1042,1197,1433,1588,1862,1737,1644,1421,1225,651,173,39,17756,1326,9
Venezuela,1965,35889,12463,16263,3800,1109,595,731,1385,1761,2197,2992,3614,3103,1917,214,680,705,808,953,1025,1172,1412,1580,1854,1760,1663,1440,1248,669,177,37,17372,1326,8
Venezuela,1966,35602,12207,15867,3660,1043,595,743,1364,1723,2187,3000,3675,3188,1989,222,679,685,785,938,1024,1163,1405,1595,1868,1807,1707,1481,1291,698,186,36,16910,1338,7
Venezuela,1967,35814,11929,15458,3529,1057,620,778,1397,1727,2228,3064,3806,3341,2100,235,710,687,783,944,1047,1181,1424,1640,1921,1885,1788,1553,1359,741,200,35,16515,1398,6
Venezuela,1968,35450,11595,14945,3350,1002,608,778,1385,1681,2219,3071,3876,3450,2184,248,718,667,760,921,1044,1175,1418,1653,1945,1931,1844,1606,1412,772,213,35,15947,1386,6
Venezuela,1969,35921,11222,14402,3180,1009,634,811,1452,1704,2305,3191,4089,3697,2349,271,769,683,768,936,1083,1222,1465,1726,2045,2044,1977,1720,1516,833,232,39,15411,1445,6
Venezuela,1970,34395,10810,13813,3003,952,601,775,1385,1572,2174,3016,3925,3607,2308,270,742,643,709,863,1017,1157,1380,1636,1962,1963,1929,1678,1485,823,232,38,14765,1376,5
Venezuela,1971,34014,10387,13209,2822,882,600,780,1402,1532,2167,3015,3986,3734,2414,286,755,647,692,840,1007,1160,1376,1639,1991,1995,1994,1740,1548,866,245,41,14091,1380,5
Venezuela,1972,33742,9996,12640,2644,866,598,783,1427,1499,2159,3017,4049,3865,2530,306,770,657,678,821,993,1166,1377,1640,2020,2029,2059,1806,1615,915,260,46,13506,1381,5
Venezuela,1973,33621,9658,12135,2477,780,595,791,1463,1480,2161,3041,4144,4027,2670,326,786,677,671,809,984,1177,1389,1652,2062,2082,2137,1890,1697,973,277,49,12915,1386,5
Venezuela,1974,33403,9338,11666,2328,791,582,792,1485,1449,2137,3032,4191,4142,2789,347,788,697,661,788,961,1176,1387,1645,2076,2115,2186,1956,1766,1023,293,54,12457,1374,5
Venezuela,1975,33198,9051,11248,2197,753,566,794,1504,1422,2103,3028,4236,4254,2914,369,795,709,654,768,936,1167,1389,1639,2085,2151,2230,2024,1838,1076,311,58,12001,1360,6
Venezuela,1976,33475,8805,10889,2084,724,562,807,1551,1433,2105,3086,4357,4452,3102,401,815,736,670,763,929,1176,1420,1666,2129,2228,2319,2133,1951,1151,339,62,11613,1369,7
Venezuela,1977,33078,8508,10471,1963,684,543,795,1546,1411,2045,3061,4351,4528,3211,427,805,741,672,739,897,1148,1411,1650,2111,2240,2344,2184,2014,1197,361,66,11155,1338,7
Venezuela,1978,33227,8352,10252,1900,653,531,786,1566,1421,2011,3079,4407,4675,3378,456,811,755,693,728,879,1132,1421,1658,2124,2283,2407,2268,2111,1267,387,69,10905,1317,8
Venezuela,1979,33994,8170,10002,1832,658,532,797,1624,1476,2034,3183,4579,4951,3648,505,842,782,736,740,887,1147,1465,1718,2194,2385,2538,2413,2270,1378,428,77,10660,1329,9
Venezuela,1980,34658,8012,9791,1779,635,532,799,1679,1528,2041,3270,4722,5209,3900,549,867,812,771,757,890,1151,1499,1771,2254,2468,2663,2546,2417,1483,465,84,10426,1331,9
Venezuela,1981,34205,7785,9495,1710,612,509,767,1657,1521,1959,3210,4663,5243,3991,571,854,803,773,748,855,1104,1460,1750,2219,2444,2672,2571,2463,1528,481,90,10107,1276,10
Venezuela,1982,34625,7560,9204,1644,600,502,759,1682,1572,1950,3259,4765,5466,4236,619,863,819,800,772,852,1098,1468,1791,2264,2501,2774,2692,2603,1633,520,99,9804,1261,11
Venezuela,1983,34697,7365,8946,1581,587,488,742,1674,1605,1913,3251,4796,5604,4418,660,851,823,813,792,839,1074,1449,1802,2277,2519,2831,2773,2707,1711,552,108,9533,1230,11
Venezuela,1984,35679,7190,8711,1521,563,493,749,1724,1697,1950,3349,5000,5939,4762,728,867,857,848,849,859,1091,1475,1874,2375,2625,2982,2957,2913,1849,608,120,9274,1242,13
Venezuela,1985,36593,7045,8519,1474,579,494,751,1763,1782,1982,3416,5182,6240,5082,792,873,890,887,895,882,1100,1489,1927,2463,2719,3115,3125,3109,1973,662,130,9098,1245,14
Venezuela,1986,36833,6947,8360,1413,561,482,736,1753,1814,1976,3389,5240,6384,5288,835,858,895,897,917,893,1083,1465,1924,2494,2746,3166,3218,3236,2052,698,137,8921,1218,15
Venezuela,1987,38065,6807,8183,1376,571,494,748,1804,1914,2050,3472,5483,6740,5687,908,874,930,939,975,945,1105,1491,1981,2614,2869,3322,3418,3479,2208,757,151,8754,1242,17
Venezuela,1988,38522,6604,7928,1324,551,486,736,1794,1960,2087,3469,5607,6954,5977,956,864,930,957,1003,983,1104,1484,1985,2672,2935,3407,3547,3651,2326,795,161,8479,1222,19
Venezuela,1989,39036,6349,7613,1264,523,484,732,1789,2011,2148,3473,5749,7182,6308,1005,857,932,981,1030,1035,1113,1482,1991,2733,3016,3501,3681,3838,2470,832,173,8136,1216,20
Venezuela,1990,40590,6117,7336,1219,537,498,747,1838,2138,2279,3577,6063,7635,6842,1083,879,959,1039,1099,1112,1167,1526,2051,2869,3194,3704,3931,4142,2700,891,192,7873,1245,22
Venezuela,1991,40249,5903,7067,1164,503,477,718,1774,2128,2291,3476,6026,7659,7006,1101,847,927,1030,1098,1127,1164,1483,1993,2831,3195,3702,3957,4213,2793,902,199,7570,1195,23
Venezuela,1992,41869,5792,6943,1151,506,488,734,1815,2228,2442,3566,6300,8092,7548,1183,865,950,1075,1153,1204,1238,1523,2043,2933,3367,3901,4191,4511,3037,970,213,7449,1222,24
Venezuela,1993,42250,5685,6811,1126,507,479,725,1783,2239,2509,3530,6340,8243,7825,1231,848,935,1070,1169,1232,1277,1511,2019,2922,3418,3966,4277,4649,3176,1015,216,7318,1204,25
Venezuela,1994,43603,5574,6670,1096,469,476,732,1801,2307,2655,3604,6548,8645,8335,1327,858,943,1090,1217,1286,1369,1550,2054,2985,3563,4154,4491,4929,3406,1104,223,7139,1208,26
Venezuela,1995,44451,5439,6490,1051,477,467,728,1788,2339,2765,3641,6644,8936,8734,1412,850,938,1088,1251,1333,1432,1581,2060,2999,3645,4289,4647,5147,3587,1187,225,6967,1195,27
Venezuela,1996,46480,5283,6294,1011,455,474,751,1839,2450,2964,3815,6936,9522,9403,1547,873,966,1123,1327,1419,1545,1682,2133,3105,3831,4568,4954,5530,3873,1313,234,6749,1225,28
Venezuela,1997,45393,5103,6075,972,453,446,715,1752,2362,2924,3705,6666,9359,9340,1569,833,919,1074,1288,1388,1536,1666,2039,2964,3702,4487,4872,5480,3860,1336,233,6528,1161,27
Venezuela,1998,46212,4895,5805,910,420,434,704,1740,2369,3021,3799,6728,9678,9803,1685,828,912,1069,1300,1426,1595,1744,2055,2979,3749,4631,5047,5731,4072,1435,250,6225,1138,27
Venezuela,1999,49693,4830,5814,984,464,464,744,1847,2511,3295,4148,7156,10547,10790,1883,882,965,1127,1384,1555,1740,1948,2200,3161,3995,5031,5516,6288,4502,1597,286,6278,1208,29
Venezuela,2000,48265,4549,5376,827,395,419,690,1741,2387,3242,4083,6860,10360,10773,1908,831,910,1069,1318,1524,1718,1942,2141,3026,3834,4917,5443,6249,4524,1607,301,5771,1109,28
Venezuela,2001,54430,4442,5247,805,417,459,758,1943,2669,3737,4744,7721,11916,12554,2235,929,1014,1194,1475,1750,1987,2275,2469,3405,4316,5620,6296,7256,5298,1872,363,5664,1217,32
Venezuela,2002,50831,4376,5165,789,412,406,673,1752,2415,3463,4477,7031,11061,11828,2119,836,916,1077,1338,1615,1848,2151,2326,3101,3930,5176,5885,6809,5019,1765,354,5577,1079,31
Venezuela,2003,55294,4264,5028,764,371,424,710,1878,2592,3801,5023,7612,12169,13260,2391,892,986,1154,1438,1756,2045,2403,2620,3364,4248,5642,6527,7594,5666,1991,400,5399,1134,34
Venezuela,2004,55115,4141,4880,739,402,406,680,1817,2518,3778,5112,7492,12108,13447,2441,858,959,1122,1396,1724,2054,2415,2697,3326,4166,5562,6546,7669,5778,2037,404,5282,1086,35
Venezuela,2005,55457,4031,4752,721,319,391,657,1777,2473,3785,5255,7484,12163,13821,2544,833,944,1099,1374,1699,2086,2473,2782,3351,4133,5535,6628,7840,5981,2131,413,5071,1048,37
Venezuela,2006,56542,3906,4588,682,360,377,639,1755,2456,3831,5456,7599,12346,14396,2700,815,940,1091,1365,1696,2135,2549,2907,3448,4151,5570,6776,8121,6275,2271,429,4948,1016,39
Venezuela,2007,56642,3810,4473,663,315,359,610,1696,2395,3795,5537,7611,12280,14706,2829,783,913,1064,1331,1663,2132,2565,2972,3514,4097,5502,6778,8249,6457,2388,441,4788,969,39
Venezuela,2008,60970,3772,4429,657,309,365,632,1765,2525,4038,6062,8275,13165,16169,3193,809,956,1124,1401,1756,2282,2793,3269,3895,4380,5867,7298,9026,7143,2703,490,4738,997,42
Venezuela,2009,62860,3754,4410,656,318,354,623,1754,2544,4087,6313,8646,13458,16896,3415,803,951,1132,1412,1766,2321,2907,3406,4152,4494,5975,7483,9397,7499,2894,521,4728,977,42
Venezuela,2010,63972,3761,4428,667,290,339,606,1714,2520,4070,6512,8913,13552,17383,3606,783,931,1124,1396,1757,2313,2984,3528,4331,4582,6003,7549,9629,7754,3054,552,4718,945,42
Venezuela,2011,66435,3772,4440,668,320,328,599,1704,2552,4135,6829,9424,13935,18238,3883,776,928,1141,1411,1780,2355,3117,3712,4611,4813,6163,7772,10063,8175,3278,605,4760,927,43
Venezuela,2012,66718,3787,4458,671,278,310,571,1636,2493,4060,6873,9655,13842,18453,4040,744,892,1112,1381,1743,2317,3123,3750,4732,4923,6116,7726,10136,8317,3395,645,4736,881,44
Venezuela,2013,69643,3841,4524,683,278,302,562,1637,2534,4141,7187,10312,14333,19415,4366,743,894,1123,1411,1774,2367,3234,3953,5035,5277,6339,7994,10610,8805,3646,720,4802,864,49
Venezuela,2014,73650,3901,4597,696,293,302,560,1662,2614,4288,7614,11183,15090,20650,4743,753,909,1151,1463,1837,2451,3382,4232,5401,5782,6697,8393,11231,9419,3936,807,4890,862,55
Venezuela,2015,74942,3957,4668,711,280,289,538,1621,2581,4260,7731,11637,15309,21055,4917,733,888,1127,1454,1820,2440,3379,4352,5605,6032,6845,8464,11392,9663,4053,864,4948,827,61
Venezuela,2016,80887,3973,4688,715,294,300,546,1678,2718,4514,8357,12885,16624,22835,5377,756,922,1176,1542,1925,2589,3602,4755,6170,6715,7518,9106,12296,10539,4415,962,4982,846,70
Venezuela,2017,86542,3932,4688,756,359,365,607,1823,2934,4834,8976,14081,17898,24282,5629,821,1002,1266,1668,2073,2761,3835,5141,6700,7381,8223,9675,13046,11236,4641,988,5047,972,63
Venezuela,2018,85957,3744,4483,739,344,354,566,1666,2771,4704,8898,14394,18175,24220,5340,748,918,1181,1590,2013,2691,3770,5128,6812,7582,8489,9686,13000,11220,4503,837,4827,920,40
Venezuela,2019,85825,3424,4089,665,301,286,471,1358,2447,4490,8827,14887,18899,24647,5094,604,754,1015,1432,1896,2594,3692,5135,7028,7859,8976,9923,13225,11422,4422,672,4390,757,29
Venezuela,2020,90799,3200,3833,633,420,485,916,2117,3090,4993,9060,15850,19277,25952,4788,1022,1095,1332,1758,2155,2838,3709,5351,7288,8562,8903,10374,14132,11820,4221,567,4253,1401,22
Venezuela,2021,98468,3094,3701,607,417,483,928,2050,2995,5175,9857,17822,21476,28276,5269,1010,1040,1277,1718,2182,2993,3998,5859,8201,9621,9928,11548,15526,12750,4628,641,4118,1411,19
Vietnam,1950,167554,42128,62103,19975,6342,3494,4327,9700,10454,12244,13952,17810,18027,7248,1778,4636,5064,4943,5511,5801,6443,6658,7294,8399,9411,9812,8215,4266,2982,1377,401,68445,7821,81
Vietnam,1951,165800,39082,60689,21607,6144,3289,4142,9480,10168,11958,13994,18034,18664,7460,1698,4548,4932,4830,5338,5669,6289,6708,7286,8476,9558,10025,8639,4699,2761,1342,356,66833,7431,73
Vietnam,1952,168695,41512,63075,21563,6038,3133,3941,9331,9949,11736,14151,18385,19358,7857,1672,4535,4796,4797,5152,5646,6090,6852,7299,8606,9779,10295,9063,5316,2541,1327,345,69113,7074,68
Vietnam,1953,169512,41336,62882,21546,6075,3041,3735,9223,9794,11559,14349,18759,20010,8380,1644,4557,4666,4810,4984,5681,5878,7025,7324,8745,10014,10563,9447,5984,2396,1305,339,68957,6776,60
Vietnam,1954,175646,43669,66463,22794,6712,3051,3540,9004,9451,11120,14581,19681,21250,9148,1592,4480,4524,4732,4719,5494,5626,7120,7461,9109,10572,11179,10071,6686,2462,1266,326,73175,6591,51
Vietnam,1955,162704,40690,60491,19801,6096,2669,3093,8138,8590,9971,13477,18515,20565,9567,1491,4047,4091,4327,4263,4985,4986,6539,6938,8510,10005,10715,9850,6947,2620,1178,313,66587,5762,43
Vietnam,1956,159907,39630,59313,19683,5791,2481,2811,7634,8079,9487,13174,18436,20950,10295,1415,3753,3881,4061,4018,4717,4770,6302,6872,8407,10029,10855,10095,7354,2941,1105,310,65104,5292,40
Vietnam,1957,164221,41454,60514,19060,6108,2529,2779,7661,8164,9557,13402,18976,21895,11247,1348,3682,3979,4057,4107,4689,4868,6248,7154,8594,10382,11323,10572,7859,3388,1034,314,66622,5308,40
Vietnam,1958,163692,41558,60260,18702,5987,2443,2613,7293,7829,9258,13173,19006,22420,12060,1311,3402,3891,3830,3999,4447,4811,5952,7221,8532,10474,11556,10864,8232,3828,995,316,66247,5056,39
Vietnam,1959,163737,40791,59285,18494,5944,2493,2523,7037,7653,9102,13060,19231,23125,12899,1346,3201,3836,3702,3951,4307,4795,5762,7298,8590,10641,11881,11244,8644,4255,1042,304,65229,5016,38
Vietnam,1960,162501,39823,57936,18113,5714,2543,2413,6668,7376,8848,12811,19340,23710,13648,1453,2984,3684,3554,3822,4157,4691,5585,7226,8616,10724,12123,11587,9026,4622,1164,289,63650,4956,36
Vietnam,1961,157785,35068,52837,17769,5497,2550,2333,6318,7138,8638,12587,19527,24346,14369,1604,2809,3509,3452,3686,4064,4574,5494,7093,8713,10814,12383,11963,9409,4960,1332,272,58334,4883,36
Vietnam,1962,163244,37227,55039,17812,5702,2675,2341,6139,7101,8706,12688,20256,25514,15238,1801,2740,3399,3477,3624,4137,4569,5634,7054,9119,11137,12928,12586,9910,5328,1545,256,60741,5016,37
Vietnam,1963,177651,39111,58452,19341,7013,3200,2621,6523,7734,9545,13687,22295,27963,16527,2054,2950,3573,3849,3885,4603,4942,6238,7449,10170,12125,14170,13793,10723,5804,1797,257,65465,5821,38
Vietnam,1964,176820,37790,56813,19023,7142,3369,2731,6267,7639,9416,13427,22311,28287,17118,2266,2882,3385,3835,3804,4607,4809,6244,7183,10219,12092,14240,14047,11038,6080,1988,278,63955,6100,37
Vietnam,1965,183885,37576,57725,20149,7434,3424,2981,6314,7748,9732,13860,23613,30167,18321,2527,2954,3360,3885,3863,4768,4964,6495,7365,10752,12861,15148,15019,11791,6530,2205,322,65159,6405,35
Vietnam,1966,188103,36862,57584,20722,7625,3603,3216,6368,7852,9957,14098,24350,31363,19282,2768,3032,3336,3895,3957,4867,5090,6604,7494,10933,13417,15682,15681,12378,6904,2392,376,65209,6819,33
Vietnam,1967,193438,36671,57876,21205,7829,3833,3491,6503,7988,10254,14450,25172,32660,20332,3017,3152,3351,3872,4116,4948,5306,6680,7770,11004,14168,16238,16422,13034,7298,2581,436,65705,7324,32
Vietnam,1968,227373,41040,68679,27639,10667,4943,4370,7678,9236,12272,16955,29302,37439,22459,3340,3788,3890,4341,4895,5776,6496,7713,9242,12445,16857,18679,18760,14486,7973,2833,507,79346,9313,32
Vietnam,1969,214653,39807,63884,24077,9171,4517,4174,7265,8443,11361,15841,27622,36205,22631,3503,3696,3569,3869,4574,5296,6065,7097,8744,11416,16206,17936,18269,14501,8130,2947,556,73055,8691,35
Vietnam,1970,218596,40482,64694,24212,9159,4635,4300,7611,8373,11507,15995,27883,37188,23503,3712,4011,3600,3777,4596,5337,6170,7129,8866,11375,16508,18429,18759,15016,8487,3108,604,73853,8935,41
Vietnam,1971,219271,41075,64805,23730,8772,4551,4363,7769,8101,11410,15858,27628,37798,24250,3914,4189,3580,3629,4472,5310,6100,7097,8761,11267,16361,18786,19012,15428,8822,3264,650,73577,8914,47
Vietnam,1972,258254,46224,77160,30936,11832,5777,5467,9741,9482,13808,18670,31839,43539,26650,4234,5351,4390,4269,5213,6484,7324,8513,10157,13284,18555,22068,21471,17039,9611,3525,709,88992,11244,55
Vietnam,1973,231097,43802,69017,25215,8813,4683,4789,8740,7961,11886,16349,28067,40371,26036,4318,4878,3862,3635,4326,5696,6190,7585,8764,11960,16107,20506,19865,16463,9573,3580,738,77830,9472,60
Vietnam,1974,241452,44398,72337,27939,9290,4860,5027,9400,7965,12366,16974,28925,42473,27202,4560,5204,4196,3695,4270,5959,6407,7998,8976,12574,16351,21678,20795,17166,10036,3773,787,81627,9887,67
Vietnam,1975,187508,37656,54374,16718,4295,2835,3516,6940,5583,8775,12803,22508,35694,25523,4591,3757,3183,2637,2946,4255,4520,6034,6769,9764,12744,17771,17923,15804,9719,3780,811,58669,6351,72
Vietnam,1976,179431,36324,50803,14479,3307,2427,3225,6641,5085,8088,12109,21482,35249,26101,4831,3552,3089,2444,2641,3882,4206,5687,6422,9269,12213,17188,18061,16044,10057,3971,860,54110,5652,78
Vietnam,1977,181573,36205,50481,14276,3244,2367,3178,6880,5027,8042,12199,21681,36130,27138,5124,3636,3244,2460,2567,3765,4277,5661,6538,9208,12473,17124,19006,16590,10548,4207,917,53725,5545,85
Vietnam,1978,180015,36347,50439,14092,2795,2071,2896,6669,4696,7608,11883,21339,36209,27903,5413,3472,3197,2338,2358,3434,4174,5415,6468,8837,12502,16557,19652,16941,10962,4436,977,53234,4967,92
Vietnam,1979,182392,36412,50320,13908,2698,1975,2824,6781,4752,7499,11969,21573,36956,29186,5760,3504,3277,2438,2314,3286,4213,5385,6584,8774,12799,16457,20499,17674,11512,4715,1045,53018,4799,100
Vietnam,1980,185977,36269,50142,13873,2732,1949,2781,6950,4943,7500,12238,21920,37869,30719,6127,3582,3368,2629,2314,3219,4281,5471,6767,8839,13081,16629,21240,18609,12110,5007,1120,52874,4730,107
Vietnam,1981,189047,36472,50121,13649,2706,1933,2772,7094,5121,7402,12399,22173,38497,32238,6478,3618,3476,2785,2336,3147,4255,5559,6840,8979,13194,16886,21611,19592,12646,5285,1193,52827,4705,115
Vietnam,1982,185951,36518,50045,13527,2503,1830,2578,6761,5009,6884,11952,21366,37440,32783,6678,3381,3380,2774,2235,2925,3959,5432,6520,8783,12583,16627,20813,20030,12753,5434,1244,52548,4408,121
Vietnam,1983,190719,36426,49912,13486,2617,1926,2591,7023,5366,6863,12267,21802,38270,34816,7137,3450,3573,3020,2346,2955,3908,5677,6590,9170,12632,17374,20896,21405,13411,5794,1343,52529,4517,131
Vietnam,1984,193983,36006,49312,13306,2599,1951,2563,7146,5665,6773,12466,22152,38944,36677,7594,3455,3691,3167,2498,2963,3810,5831,6635,9469,12683,17956,20988,22530,14147,6150,1444,51911,4514,142
Vietnam,1985,197965,35503,48690,13187,2708,2035,2593,7321,6063,6785,12718,22656,39750,38423,8064,3485,3836,3317,2746,3021,3764,5952,6766,9757,12899,18435,21315,23418,15005,6517,1547,51398,4628,154
Vietnam,1986,192955,34744,47529,12785,2472,1903,2414,6858,5928,6351,12151,21902,38618,38382,8283,3245,3613,3200,2728,2870,3481,5625,6526,9391,12511,17796,20822,22992,15390,6669,1614,50001,4317,164
Vietnam,1987,195578,33591,45880,12289,2488,1920,2471,6899,6284,6409,12321,22451,39565,39893,8816,3262,3637,3351,2933,2950,3459,5567,6754,9492,12959,17924,21641,23315,16578,7072,1744,48368,4391,180
Vietnam,1988,197788,32396,44107,11711,2533,1940,2546,6906,6665,6521,12450,22978,40467,41127,9348,3234,3672,3500,3165,3062,3459,5446,7004,9524,13454,17917,22550,23389,17738,7473,1875,46640,4486,196
Vietnam,1989,192188,31149,42218,11069,2400,1839,2429,6428,6503,6343,11831,22276,39413,40638,9660,2990,3438,3384,3119,3067,3276,5029,6802,9080,13196,17135,22278,22603,18035,7700,1960,44618,4268,210
Vietnam,1990,194839,29779,40081,10302,2378,1841,2501,6462,6743,6680,11891,22902,40521,42154,10451,3010,3452,3501,3242,3355,3325,4958,6933,9265,13637,17508,23013,23207,18947,8326,2125,42459,4342,231
Vietnam,1991,189203,28306,38050,9744,2279,1774,2408,6132,6540,6582,11160,22096,39327,41668,10935,2865,3267,3352,3188,3391,3191,4613,6547,8935,13161,17025,22302,22877,18791,8705,2230,40329,4182,250
Vietnam,1992,192022,26462,35471,9009,2294,1811,2480,6286,6784,6986,11137,22712,40438,43368,11975,2972,3314,3407,3377,3682,3304,4615,6522,9305,13407,17777,22661,24069,19299,9557,2418,37765,4291,278
Vietnam,1993,184986,24414,32738,8324,2167,1729,2347,5934,6525,6930,10315,21751,39005,42732,12512,2862,3072,3220,3305,3717,3213,4330,5985,9060,12691,17461,21544,24019,18713,9980,2532,34905,4076,300
Vietnam,1994,187052,22138,29769,7631,2171,1756,2390,6038,6703,7388,10243,22237,40058,44408,13557,2965,3073,3258,3445,3937,3451,4370,5873,9364,12873,18181,21877,25168,19240,10771,2786,31940,4146,335
Vietnam,1995,181591,19690,26586,6896,2064,1692,2303,5818,6476,7463,9698,21545,39299,44225,14058,2889,2929,3097,3379,3885,3578,4210,5488,9060,12485,17900,21399,25006,19219,11059,2999,28650,3995,365
Vietnam,1996,184694,17565,23787,6222,2136,1747,2378,6016,6675,8001,9799,22066,40639,46031,15009,3001,3015,3170,3505,4117,3884,4333,5466,9177,12889,18439,22200,25799,20232,11657,3352,25923,4125,408
Vietnam,1997,188908,16025,21753,5728,2368,1886,2507,6319,6924,8680,10011,22593,41953,47657,15802,3138,3181,3279,3645,4417,4263,4515,5496,9167,13426,18768,23185,26241,21416,12065,3737,24121,4393,452
Vietnam,1998,188847,14612,19448,4836,2053,1715,2442,6264,6693,8977,9993,22636,42764,48900,16460,3084,3180,3139,3554,4486,4491,4594,5399,8847,13789,18738,24026,26340,22560,12344,4116,21501,4157,499
Vietnam,1999,190210,13793,18157,4364,1996,1686,2453,6334,6627,9294,10223,22606,43474,49920,16880,3093,3241,3095,3532,4606,4688,4852,5371,8554,14052,18756,24718,26482,23438,12668,4212,20153,4139,554
Vietnam,2000,194926,13220,17170,3950,1942,1683,2498,6505,6683,9681,10790,22825,44862,51768,17889,3157,3348,3128,3555,4786,4895,5321,5469,8448,14377,19208,25654,27307,24461,13304,4585,19112,4181,629
Vietnam,2001,197712,12737,16386,3649,1849,1653,2483,6554,6718,9961,11231,22612,45689,53080,18779,3164,3390,3150,3568,4867,5094,5694,5537,8266,14346,19576,26113,28076,25004,13932,4847,18235,4136,713
Vietnam,2002,200665,12444,15867,3423,1743,1623,2456,6579,6772,10197,11749,22231,46448,54426,19764,3168,3411,3205,3567,4880,5317,6102,5647,8135,14096,20137,26311,29120,25306,14723,5041,17610,4079,811
Vietnam,2003,202891,11981,15266,3285,1647,1589,2416,6562,6767,10380,12323,21674,46992,55634,20725,3159,3403,3267,3500,4875,5505,6526,5797,8027,13647,20710,26282,30194,25440,15532,5193,16913,4005,914
Vietnam,2004,205466,11674,14849,3175,1568,1552,2380,6545,6776,10530,12973,21182,47524,56944,21631,3150,3395,3325,3451,4862,5668,6828,6145,7978,13204,21138,26386,31170,25774,16237,5394,16417,3932,1010
Vietnam,2005,210074,11232,14335,3103,1524,1515,2368,6603,6877,10752,13843,21074,48524,58908,22647,3170,3433,3411,3466,4882,5870,7116,6727,8082,12992,21557,26967,32287,26621,16939,5708,15859,3883,1102
Vietnam,2006,214482,10747,13783,3036,1513,1469,2360,6657,7008,10963,14715,21064,49403,60815,23553,3185,3472,3488,3520,4943,6020,7472,7243,8243,12821,21680,27723,33131,27684,17477,6076,15296,3829,1181
Vietnam,2007,217736,10638,13573,2935,1476,1384,2324,6627,7078,10959,15529,21033,49911,62329,24268,3149,3478,3506,3572,4930,6029,7784,7745,8404,12629,21328,28583,33465,28864,17779,6489,15049,3708,1244
Vietnam,2008,223358,10596,13455,2859,1488,1323,2318,6684,7255,11040,16605,21447,50866,64404,25164,3152,3532,3556,3699,4913,6127,8184,8421,8769,12678,20992,29874,33977,30427,18195,6969,14943,3641,1312
Vietnam,2009,228834,10463,13262,2799,1494,1264,2298,6728,7420,11100,17492,22214,51560,66484,26124,3152,3576,3602,3818,4907,6193,8545,8947,9413,12801,20622,30938,34635,31849,18744,7380,14756,3562,1392
Vietnam,2010,234985,10380,13139,2759,1492,1216,2266,6793,7591,11175,18257,23396,52133,68784,27250,3169,3624,3658,3933,4946,6229,8888,9369,10345,13051,20411,31722,35636,33148,19524,7726,14631,3482,1491
Vietnam,2011,238024,10374,13093,2719,1470,1176,2182,6764,7653,11195,18734,24242,51601,70162,28160,3147,3617,3670,3983,4966,6229,9010,9724,11047,13195,19972,31629,36406,33756,20239,7921,14563,3358,1589
Vietnam,2012,244235,10461,13159,2698,1461,1166,2106,6816,7808,11417,19416,25668,51453,72517,29530,3168,3648,3740,4068,5114,6303,9146,10270,12019,13649,19942,31511,38031,34486,21384,8146,14620,3272,1718
Vietnam,2013,249320,10534,13236,2702,1459,1164,2013,6817,7897,11513,19964,27216,50831,74537,30830,3166,3651,3788,4109,5266,6247,9222,10742,13031,14185,19936,30895,39618,34919,22495,8335,14695,3177,1842
Vietnam,2014,253155,10440,13136,2696,1445,1158,1910,6755,7932,11551,20300,28797,50068,76149,32013,3123,3632,3808,4124,5380,6171,9212,11088,13701,15096,19954,30114,40720,35429,23426,8587,14581,3068,1945
Vietnam,2015,258058,10345,13045,2700,1439,1158,1835,6697,8004,11682,20644,30702,49808,77791,33217,3063,3634,3839,4165,5507,6175,9207,11437,14225,16477,20198,29610,41457,36334,24261,8956,14484,2993,2032
Vietnam,2016,262052,10181,12883,2702,1441,1152,1782,6582,8045,11824,20887,32529,49656,78924,34234,2958,3624,3848,4197,5601,6223,9255,11632,14849,17680,20524,29132,41517,37407,24852,9382,14324,2934,2105
Vietnam,2017,269310,10004,12698,2694,1465,1154,1775,6528,8191,12181,21255,35057,50529,80799,35492,2864,3664,3897,4294,5744,6437,9401,11854,15757,19300,21317,29212,41502,39297,25502,9990,14163,2929,2186
Vietnam,2018,274561,9877,12525,2648,1470,1142,1765,6390,8243,12425,21277,37404,51423,81780,36455,2733,3657,3897,4346,5800,6625,9310,11967,16475,20929,22178,29245,40757,41023,25904,10551,13995,2907,2259
Vietnam,2019,278575,9788,12405,2617,1471,1129,1758,6198,8239,12571,21140,39007,52914,81978,37415,2594,3604,3875,4364,5812,6759,9188,11952,16995,22012,23618,29296,39790,42188,26394,11021,13876,2887,2351
Vietnam,2020,259962,9642,12219,2577,1488,1111,1573,5395,7404,11589,18755,36406,51154,74186,36271,2240,3155,3456,3948,5331,6258,8239,10516,15622,20784,23776,27378,35820,38366,25332,10939,13707,2684,2411
Vietnam,2021,314675,9374,11890,2516,1474,1113,1675,5605,8197,13539,22475,45717,64940,92450,42884,2333,3272,3737,4460,6187,7352,9686,12789,19545,26172,30700,34240,44184,48266,30471,12413,13364,2788,2717
Wallis and Futuna,1950,77,21,32,11,3,0,5,10,10,9,10,10,1,0,0,5,5,5,5,4,5,5,5,5,5,1,0,0,0,0,0,35,5,0
Wallis and Futuna,1951,78,21,33,12,3,0,5,10,10,10,10,10,1,0,0,5,5,5,5,5,5,5,5,5,5,1,0,0,0,0,0,36,5,0
Wallis and Futuna,1952,79,22,34,12,3,0,5,10,10,10,10,10,1,0,0,5,5,5,5,5,5,5,5,5,5,1,0,0,0,0,0,37,5,0
Wallis and Futuna,1953,81,23,34,11,3,0,5,10,10,10,10,10,2,0,0,5,5,5,5,5,5,5,5,5,5,2,0,0,0,0,0,37,5,0
Wallis and Futuna,1954,82,24,35,11,3,0,5,10,10,10,10,10,3,0,0,5,5,5,5,5,5,5,5,5,5,3,0,0,0,0,0,38,5,0
Wallis and Futuna,1955,82,23,34,11,3,0,5,10,10,10,10,10,6,0,0,5,5,5,5,5,5,5,5,5,5,5,1,0,0,0,0,37,5,0
Wallis and Futuna,1956,81,22,33,11,3,0,5,10,10,10,10,10,7,0,0,5,5,5,5,5,5,5,5,5,5,5,2,0,0,0,0,36,5,0
Wallis and Futuna,1957,80,21,32,11,2,0,4,10,10,7,10,10,9,0,0,5,5,5,5,2,5,5,5,5,5,5,4,0,0,0,0,34,4,0
Wallis and Futuna,1958,78,20,31,11,2,0,4,10,10,6,9,10,9,0,0,5,5,5,5,2,4,4,5,5,5,5,4,0,0,0,0,33,4,0
Wallis and Futuna,1959,76,19,29,10,2,0,3,5,10,4,8,10,10,0,0,1,4,5,5,2,2,3,5,5,5,5,5,0,0,0,0,31,3,0
Wallis and Futuna,1960,74,18,28,10,2,0,1,2,10,4,8,10,10,1,0,0,2,5,5,3,1,3,5,5,5,5,5,1,0,0,0,30,1,0
Wallis and Futuna,1961,71,16,26,10,2,0,0,0,8,3,9,10,10,2,0,0,0,3,5,3,0,4,5,5,5,5,5,2,0,0,0,28,0,0
Wallis and Futuna,1962,69,15,23,8,2,0,0,0,6,3,8,10,10,2,0,0,0,1,5,3,0,3,5,5,5,5,5,2,0,0,0,25,0,0
Wallis and Futuna,1963,67,14,22,8,2,0,0,0,5,4,8,10,10,3,0,0,0,0,5,4,0,3,5,5,5,5,5,3,0,0,0,24,0,0
Wallis and Futuna,1964,66,14,21,7,2,0,0,0,4,6,7,10,10,3,0,0,0,0,4,5,1,2,5,5,5,5,5,3,0,0,0,23,0,0
Wallis and Futuna,1965,66,14,21,7,2,0,0,0,3,7,7,10,10,4,0,0,0,0,3,5,2,2,5,5,5,5,5,4,0,0,0,23,0,0
Wallis and Futuna,1966,65,15,22,7,1,0,0,0,2,9,7,10,10,4,0,0,0,0,2,5,4,2,5,5,5,5,5,4,0,0,0,23,0,0
Wallis and Futuna,1967,64,16,23,7,1,0,0,0,0,10,10,10,10,1,0,0,0,0,0,5,5,5,5,5,5,5,5,1,0,0,0,24,0,0
Wallis and Futuna,1968,63,16,23,7,1,0,0,0,0,7,10,10,8,0,0,0,0,0,0,2,5,5,5,5,5,5,3,0,0,0,0,24,0,0
Wallis and Futuna,1969,61,17,24,7,1,0,0,0,0,4,10,3,5,0,0,0,0,0,0,0,4,5,5,3,0,1,4,0,0,0,0,25,0,0
Wallis and Futuna,1970,61,17,24,7,1,0,0,0,0,3,10,4,5,0,0,0,0,0,0,0,3,5,5,4,0,0,5,0,0,0,0,25,0,0
Wallis and Futuna,1971,60,16,23,7,1,0,0,0,0,2,10,6,4,1,0,0,0,0,0,0,2,5,5,5,1,0,4,1,0,0,0,24,0,0
Wallis and Futuna,1972,59,16,23,7,1,0,0,0,0,1,10,7,3,2,0,0,0,0,0,0,1,5,5,5,2,0,3,2,0,0,0,24,0,0
Wallis and Futuna,1973,58,15,22,7,1,0,0,0,0,2,9,8,3,2,0,0,0,0,0,0,2,4,5,5,3,2,1,2,0,0,0,23,0,0
Wallis and Futuna,1974,56,14,20,6,1,0,0,0,0,2,8,9,2,2,0,0,0,0,0,0,2,3,5,5,4,2,0,2,0,0,0,21,0,0
Wallis and Futuna,1975,54,13,18,5,0,0,0,0,0,2,7,10,4,0,0,0,0,0,0,0,2,2,5,5,5,4,0,0,0,0,0,18,0,0
Wallis and Futuna,1976,52,12,17,5,0,0,0,0,0,1,6,10,6,0,0,0,0,0,0,0,1,1,5,5,5,4,2,0,0,0,0,17,0,0
Wallis and Futuna,1977,52,12,17,5,0,0,0,0,0,0,8,10,5,0,0,0,0,0,0,0,0,3,5,5,5,3,2,0,0,0,0,17,0,0
Wallis and Futuna,1978,52,12,17,5,0,0,0,0,0,0,10,10,5,0,0,0,0,0,0,0,0,5,5,5,5,3,2,0,0,0,0,17,0,0
Wallis and Futuna,1979,51,12,17,5,0,0,0,0,0,0,9,10,6,0,0,0,0,0,0,0,0,4,5,5,5,3,3,0,0,0,0,17,0,0
Wallis and Futuna,1980,50,11,15,4,0,0,0,0,0,0,8,10,6,0,0,0,0,0,0,0,0,3,5,5,5,4,2,0,0,0,0,15,0,0
Wallis and Futuna,1981,51,12,16,4,0,0,0,0,0,0,8,10,6,0,0,0,0,0,0,0,0,3,5,5,5,4,2,0,0,0,0,16,0,0
Wallis and Futuna,1982,50,11,15,4,0,0,0,0,0,1,7,10,6,1,0,0,0,0,0,0,1,2,5,5,5,5,1,1,0,0,0,15,0,0
Wallis and Futuna,1983,49,10,13,3,0,0,0,0,0,1,10,10,6,2,0,0,0,0,0,0,1,5,5,5,5,5,1,2,0,0,0,13,0,0
Wallis and Futuna,1984,48,10,13,3,0,0,0,0,0,0,10,10,7,2,0,0,0,0,0,0,0,5,5,5,5,5,2,2,0,0,0,13,0,0
Wallis and Futuna,1985,46,9,12,3,0,0,0,0,0,0,9,10,7,0,0,0,0,0,0,0,0,4,5,5,5,5,2,0,0,0,0,12,0,0
Wallis and Futuna,1986,45,9,11,2,0,0,0,0,0,0,8,10,8,0,0,0,0,0,0,0,0,3,5,5,5,5,3,0,0,0,0,11,0,0
Wallis and Futuna,1987,43,9,11,2,0,0,0,0,0,0,7,10,9,0,0,0,0,0,0,0,0,2,5,5,5,5,4,0,0,0,0,11,0,0
Wallis and Futuna,1988,37,7,8,1,0,0,0,0,0,0,1,10,9,0,0,0,0,0,0,0,0,0,1,5,5,5,4,0,0,0,0,8,0,0
Wallis and Futuna,1989,40,7,8,1,0,0,0,0,0,0,5,10,10,0,0,0,0,0,0,0,0,0,5,5,5,5,5,0,0,0,0,8,0,0
Wallis and Futuna,1990,35,6,6,0,0,0,0,0,0,0,2,10,10,1,0,0,0,0,0,0,0,0,2,5,5,5,5,1,0,0,0,6,0,0
Wallis and Futuna,1991,42,7,8,1,0,0,0,0,0,0,6,10,10,2,0,0,0,0,0,0,0,1,5,5,5,5,5,2,0,0,0,8,0,0
Wallis and Futuna,1992,42,6,7,1,0,0,0,0,0,0,5,10,10,3,0,0,0,0,0,0,0,0,5,5,5,5,5,3,0,0,0,7,0,0
Wallis and Futuna,1993,43,6,7,1,0,0,0,0,0,0,5,10,10,4,0,0,0,0,0,0,0,0,5,5,5,5,5,4,0,0,0,7,0,0
Wallis and Futuna,1994,43,5,6,1,0,0,0,0,0,0,4,10,10,5,0,0,0,0,0,0,0,0,4,5,5,5,5,5,0,0,0,6,0,0
Wallis and Futuna,1995,40,5,5,0,0,0,0,0,0,0,3,10,10,5,0,0,0,0,0,0,0,0,3,5,5,5,5,5,0,0,0,5,0,0
Wallis and Futuna,1996,37,4,4,0,0,0,0,0,0,0,2,9,10,6,0,0,0,0,0,0,0,0,2,4,5,5,5,5,1,0,0,4,0,0
Wallis and Futuna,1997,38,4,4,0,0,0,0,0,0,0,2,9,10,6,0,0,0,0,0,0,0,0,2,4,5,5,5,5,1,0,0,4,0,0
Wallis and Futuna,1998,36,3,3,0,0,0,0,0,0,0,1,9,10,7,0,0,0,0,0,0,0,0,1,4,5,5,5,5,2,0,0,3,0,0
Wallis and Futuna,1999,36,3,3,0,0,0,0,0,0,0,1,10,10,7,0,0,0,0,0,0,0,0,1,5,5,5,5,5,2,0,0,3,0,0
Wallis and Futuna,2000,36,3,3,0,0,0,0,0,0,0,0,10,10,8,0,0,0,0,0,0,0,0,0,5,5,5,5,5,3,0,0,3,0,0
Wallis and Futuna,2001,39,3,3,0,0,0,0,0,0,0,1,10,10,9,0,0,0,0,0,0,0,0,1,5,5,5,5,5,4,0,0,3,0,0
Wallis and Futuna,2002,35,3,3,0,0,0,0,0,0,0,0,9,10,9,0,0,0,0,0,0,0,0,0,4,5,5,5,5,4,0,0,3,0,0
Wallis and Futuna,2003,35,2,2,0,0,0,0,0,0,0,1,8,10,10,0,0,0,0,0,0,0,0,1,3,5,5,5,5,5,0,0,2,0,0
Wallis and Futuna,2004,34,2,2,0,0,0,0,0,0,0,1,7,10,10,1,0,0,0,0,0,0,0,1,2,5,5,5,5,5,1,0,2,0,0
Wallis and Futuna,2005,38,2,2,0,0,0,0,0,0,0,2,7,10,10,2,0,0,0,0,0,0,0,2,2,5,5,5,5,5,2,0,2,0,0
Wallis and Futuna,2006,36,2,2,0,0,0,0,0,0,0,1,7,10,10,2,0,0,0,0,0,0,0,1,2,5,5,5,5,5,2,0,2,0,0
Wallis and Futuna,2007,33,2,2,0,0,0,0,0,0,0,0,6,10,10,2,0,0,0,0,0,0,0,0,2,4,5,5,5,5,2,0,2,0,0
Wallis and Futuna,2008,32,1,1,0,0,0,0,0,0,0,0,4,10,8,0,0,0,0,0,0,0,0,0,1,3,5,5,5,3,0,0,1,0,0
Wallis and Futuna,2009,35,1,1,0,0,0,0,0,0,0,0,7,10,7,0,0,0,0,0,0,0,0,0,4,3,5,5,5,2,0,0,1,0,0
Wallis and Futuna,2010,33,1,1,0,0,0,0,0,0,0,0,5,10,8,0,0,0,0,0,0,0,0,0,2,3,5,5,5,3,0,0,1,0,0
Wallis and Futuna,2011,34,1,1,0,0,0,0,0,0,0,0,7,10,8,0,0,0,0,0,0,0,0,0,3,4,5,5,5,3,0,0,1,0,0
Wallis and Futuna,2012,35,1,1,0,0,0,0,0,0,0,0,9,10,8,0,0,0,0,0,0,0,0,0,4,5,5,5,5,3,0,0,1,0,0
Wallis and Futuna,2013,38,1,1,0,0,0,0,0,0,0,0,10,10,9,0,0,0,0,0,0,0,0,0,5,5,5,5,5,4,0,0,1,0,0
Wallis and Futuna,2014,37,1,1,0,0,0,0,0,0,0,0,9,10,10,0,0,0,0,0,0,0,0,0,4,5,5,5,5,5,0,0,1,0,0
Wallis and Futuna,2015,37,1,1,0,0,0,0,0,0,0,0,8,10,10,0,0,0,0,0,0,0,0,0,3,5,5,5,5,5,0,0,1,0,0
Wallis and Futuna,2016,36,1,1,0,0,0,0,0,0,0,0,7,10,10,1,0,0,0,0,0,0,0,0,2,5,5,5,5,5,1,0,1,0,0
Wallis and Futuna,2017,40,1,1,0,0,0,0,0,0,0,3,9,10,11,2,0,0,0,0,0,0,0,3,4,5,5,5,7,4,2,0,1,0,0
Wallis and Futuna,2018,36,1,1,0,0,0,0,0,0,0,1,5,10,10,2,0,0,0,0,0,0,0,1,0,5,5,5,6,4,2,0,1,0,0
Wallis and Futuna,2019,34,1,1,0,0,0,0,0,0,0,0,4,10,11,1,0,0,0,0,0,0,0,0,0,4,5,5,6,5,1,0,1,0,0
Wallis and Futuna,2020,38,1,1,0,0,0,0,0,0,0,1,9,10,12,2,0,0,0,0,0,0,0,1,4,5,5,5,7,5,2,0,1,0,0
Wallis and Futuna,2021,40,1,1,0,0,0,0,0,0,0,0,10,10,13,2,0,0,0,0,0,0,0,0,5,5,5,5,7,6,2,0,1,0,0
Western Sahara,1950,174,60,92,32,7,5,5,10,10,10,10,10,10,2,0,5,5,5,5,5,5,5,5,5,5,5,5,2,0,0,0,99,10,0
Western Sahara,1951,190,67,99,32,7,5,5,10,10,10,10,10,10,3,0,5,5,5,5,5,5,5,5,5,5,5,5,3,0,0,0,106,10,0
Western Sahara,1952,207,76,110,34,7,5,5,18,13,10,10,10,10,3,0,8,10,8,5,5,5,5,5,5,5,5,5,3,0,0,0,117,10,0
Western Sahara,1953,227,86,125,39,7,5,5,20,18,10,10,10,10,3,0,10,10,10,8,5,5,5,5,5,5,5,5,3,0,0,0,132,10,0
Western Sahara,1954,248,95,137,42,7,5,6,20,20,11,10,10,10,4,0,10,10,10,10,6,5,5,5,5,5,5,5,4,0,0,0,144,11,0
Western Sahara,1955,271,105,152,47,8,5,6,20,20,13,10,10,12,4,0,10,10,10,10,8,5,5,5,5,5,7,5,4,0,0,0,160,11,0
Western Sahara,1956,295,116,169,53,8,5,7,24,21,15,10,14,14,4,0,10,14,11,10,10,5,5,5,7,7,9,5,4,0,0,0,177,12,0
Western Sahara,1957,321,126,183,57,8,5,7,26,26,20,15,19,15,3,0,11,15,15,11,10,10,9,6,9,10,10,5,3,0,0,0,191,12,0
Western Sahara,1958,348,137,201,64,9,5,8,27,28,20,20,20,17,3,0,12,15,15,13,10,10,10,10,10,10,10,7,3,0,0,0,210,13,0
Western Sahara,1959,377,148,217,69,11,5,8,28,30,21,20,20,18,3,0,13,15,15,15,11,10,10,10,10,10,10,8,3,0,0,0,228,13,0
Western Sahara,1960,400,157,231,74,12,5,8,30,34,22,20,20,18,3,0,13,17,19,15,12,10,10,10,10,10,10,8,3,0,0,0,243,13,0
Western Sahara,1961,423,164,242,78,13,5,8,31,36,24,20,20,19,4,0,13,18,20,16,14,10,10,10,10,10,10,9,4,0,0,0,255,13,0
Western Sahara,1962,447,172,256,84,14,5,8,32,39,25,20,20,19,4,0,13,19,20,19,15,10,10,10,10,10,10,9,4,0,0,0,270,13,0
Western Sahara,1963,471,179,268,89,16,6,8,33,40,29,20,20,19,4,0,14,19,20,20,16,13,10,10,10,10,10,9,4,0,0,0,284,14,0
Western Sahara,1964,496,187,280,93,17,7,9,34,44,32,23,20,20,4,0,14,20,24,20,17,15,13,10,10,10,10,10,4,0,0,0,297,16,0
Western Sahara,1965,522,195,293,98,18,10,10,34,48,34,26,23,20,6,0,14,20,25,23,19,15,15,11,13,10,10,10,6,0,0,0,311,20,0
Western Sahara,1966,550,204,306,102,20,10,10,36,50,35,30,26,20,7,0,15,21,25,25,20,15,15,15,15,11,10,10,6,1,0,0,326,20,0
Western Sahara,1967,580,213,320,107,22,10,10,38,50,39,30,28,22,8,0,16,22,25,25,22,17,15,15,15,13,12,10,7,1,0,0,342,20,0
Western Sahara,1968,604,219,331,112,22,12,12,38,50,37,30,30,28,11,0,17,21,25,25,21,16,15,15,15,15,15,13,9,2,0,0,353,24,0
Western Sahara,1969,626,223,340,117,25,15,15,40,48,35,30,30,30,15,0,19,21,25,23,20,15,15,15,15,15,15,15,11,4,0,0,365,30,0
Western Sahara,1970,643,225,341,116,25,15,18,43,45,33,30,38,34,19,0,20,23,25,20,18,15,15,15,18,20,17,17,13,6,0,0,366,33,0
Western Sahara,1971,651,223,334,111,27,16,20,50,43,32,30,39,40,23,2,25,25,23,20,17,15,15,15,19,20,20,20,16,7,2,0,361,36,0
Western Sahara,1972,669,234,351,117,28,16,21,48,40,31,30,39,40,23,2,25,23,20,20,16,15,15,15,19,20,20,20,15,8,2,0,379,37,0
Western Sahara,1973,663,223,345,122,28,16,21,46,40,30,30,42,42,23,2,25,21,20,20,15,15,15,15,19,23,22,20,15,8,2,0,373,37,0
Western Sahara,1974,647,211,327,116,29,16,22,45,33,30,30,42,45,23,2,25,20,18,15,15,15,15,15,18,24,25,20,15,8,2,0,356,38,0
Western Sahara,1975,630,200,307,107,27,15,22,47,40,34,30,39,45,22,2,25,22,20,20,19,15,15,15,17,22,25,20,15,7,2,0,334,37,0
Western Sahara,1976,468,149,227,78,20,14,15,37,30,25,21,28,35,17,2,20,17,15,15,15,10,11,10,12,16,20,15,12,5,2,0,247,29,0
Western Sahara,1977,550,175,265,90,23,15,17,40,31,30,30,35,40,19,1,20,20,16,15,15,15,15,15,15,20,22,18,13,6,1,0,288,32,0
Western Sahara,1978,626,199,301,102,27,20,20,48,36,30,30,38,47,22,2,25,23,20,16,15,15,15,15,15,23,25,22,15,7,2,0,328,40,0
Western Sahara,1979,729,234,337,103,27,20,23,64,52,41,40,43,52,29,8,32,32,27,25,21,20,20,20,20,23,28,24,18,11,5,3,364,43,1
Western Sahara,1980,832,280,389,109,26,18,25,76,62,47,42,43,55,32,13,36,40,34,28,25,22,22,20,20,23,29,26,20,12,8,5,415,43,1
Western Sahara,1981,887,306,426,120,25,18,25,78,69,51,48,43,58,33,13,37,41,38,31,26,25,25,23,21,22,30,28,21,12,8,5,451,43,2
Western Sahara,1982,917,313,440,127,25,17,24,81,72,53,50,49,57,35,14,36,45,40,32,28,25,25,25,25,24,29,28,22,13,9,5,465,41,2
Western Sahara,1983,922,310,444,134,25,16,24,79,76,54,50,50,58,35,11,35,44,42,34,29,25,25,25,25,25,29,29,23,12,6,5,469,40,2
Western Sahara,1984,914,303,439,136,24,15,23,75,78,54,50,50,58,35,10,33,42,42,36,29,25,25,25,25,25,28,30,23,12,5,5,463,38,2
Western Sahara,1985,900,293,426,133,25,15,22,70,79,56,50,50,58,35,7,31,39,42,37,31,25,25,25,25,25,28,30,23,12,5,2,451,37,1
Western Sahara,1986,885,280,408,128,28,15,22,65,78,58,50,56,57,36,5,28,37,40,38,32,26,25,25,30,26,27,30,24,12,5,0,436,37,1
Western Sahara,1987,873,268,391,123,29,15,20,62,79,62,56,60,59,37,5,27,35,40,39,33,29,29,27,30,30,29,30,25,12,5,0,420,35,1
Western Sahara,1988,851,257,373,116,30,15,19,58,79,62,59,60,60,37,4,26,32,40,39,33,29,29,30,30,30,30,30,24,13,4,0,403,34,1
Western Sahara,1989,846,246,358,112,32,15,18,57,79,65,60,60,60,37,4,25,32,39,40,35,30,30,30,30,30,30,30,24,13,4,0,390,33,0
Western Sahara,1990,820,235,342,107,32,16,17,51,76,63,60,66,60,39,4,23,28,37,39,33,30,30,30,32,34,30,30,25,14,4,0,374,33,0
Western Sahara,1991,808,219,321,102,31,16,17,50,75,64,60,69,64,39,4,23,27,35,40,34,30,30,30,34,35,34,30,25,14,4,0,352,33,0
Western Sahara,1992,794,202,297,95,31,18,17,48,73,68,61,70,65,40,4,22,26,33,40,37,31,30,31,35,35,35,30,26,14,4,0,328,35,0
Western Sahara,1993,788,193,281,88,30,19,17,46,71,73,67,73,70,40,4,21,25,32,39,38,35,34,33,35,38,38,32,25,15,4,0,311,36,0
Western Sahara,1994,785,187,269,82,28,20,17,45,68,75,70,77,72,39,5,20,25,30,38,40,35,35,35,37,40,39,33,24,15,5,0,297,37,0
Western Sahara,1995,782,180,257,77,27,20,20,44,65,77,70,79,75,40,6,20,24,28,37,40,37,35,35,39,40,40,35,25,15,6,0,284,40,0
Western Sahara,1996,798,178,251,73,26,20,20,46,65,80,75,83,82,42,10,21,25,28,37,40,40,39,36,40,43,45,37,26,16,7,3,277,40,1
Western Sahara,1997,818,178,247,69,25,20,23,46,64,82,80,88,85,45,13,21,25,29,35,41,41,40,40,43,45,45,40,28,17,8,5,272,43,1
Western Sahara,1998,836,178,244,66,23,18,24,48,63,87,83,92,92,47,13,23,25,29,34,42,45,43,40,45,47,49,43,29,18,8,5,267,42,2
Western Sahara,1999,855,178,241,63,21,17,24,50,63,87,90,96,96,50,14,25,25,30,33,42,45,45,45,46,50,50,46,32,18,9,5,262,41,2
Western Sahara,2000,874,177,239,62,20,17,25,50,63,90,94,102,104,52,16,25,25,30,33,42,48,49,45,50,52,55,49,33,19,11,5,259,42,2
Western Sahara,2001,894,176,237,61,18,16,25,53,63,90,100,106,108,56,16,27,26,30,33,41,49,50,50,51,55,56,52,37,19,11,5,255,41,3
Western Sahara,2002,908,173,230,57,18,16,24,53,62,90,107,113,115,61,18,28,25,30,32,40,50,55,52,55,58,60,55,40,21,12,6,248,40,3
Western Sahara,2003,925,171,225,54,17,13,23,55,62,90,110,117,122,66,18,29,26,30,32,39,51,55,55,57,60,64,58,44,22,12,6,242,36,3
Western Sahara,2004,944,169,221,52,17,12,22,59,63,90,120,124,126,68,18,30,29,30,33,39,51,60,60,60,64,65,61,45,23,12,6,238,34,3
Western Sahara,2005,964,166,217,51,16,11,21,60,63,90,127,132,135,76,18,30,30,30,33,39,51,62,65,65,67,70,65,50,26,12,6,233,32,3
Western Sahara,2006,986,164,212,48,16,11,20,60,63,88,128,140,143,77,18,29,31,30,33,38,50,63,65,69,71,75,68,51,26,12,6,228,31,3
Western Sahara,2007,1005,163,208,45,16,10,19,60,64,88,135,147,150,85,19,28,32,30,34,38,50,65,70,72,75,78,72,55,30,12,7,224,29,3
Western Sahara,2008,1024,161,204,43,14,10,17,60,64,87,140,156,156,89,21,28,32,30,34,38,49,66,74,76,80,80,76,59,30,14,7,218,27,3
Western Sahara,2009,1042,156,197,41,14,10,16,59,63,87,144,165,166,97,21,27,32,30,33,38,49,66,78,80,85,85,81,62,35,14,7,211,26,3
Western Sahara,2010,1062,152,191,39,14,10,15,57,63,87,147,175,175,100,21,25,32,30,33,38,49,66,81,85,90,90,85,65,35,14,7,205,25,3
Western Sahara,2011,1087,149,185,36,14,10,14,55,66,87,150,187,185,107,22,23,32,32,34,38,49,66,84,92,95,95,90,70,37,15,7,199,24,3
Western Sahara,2012,1114,147,182,35,13,10,13,54,67,89,152,199,197,114,24,23,31,33,34,40,49,66,86,98,101,103,94,73,41,17,7,195,23,3
Western Sahara,2013,1124,133,166,33,13,10,13,50,68,89,152,209,208,121,24,21,29,34,34,40,49,65,87,102,107,109,99,78,43,17,7,179,23,3
Western Sahara,2014,1147,128,159,31,13,10,12,48,69,89,151,220,221,128,25,20,28,34,35,40,49,64,87,106,114,115,106,83,45,18,7,172,22,3
Western Sahara,2015,1172,125,154,29,12,10,12,45,69,91,152,230,234,137,27,18,27,34,35,40,51,64,88,110,120,122,112,88,49,19,8,166,22,3
Western Sahara,2016,1201,121,148,27,12,10,12,42,68,91,151,244,247,144,29,17,25,33,35,40,51,64,87,115,129,129,118,92,52,21,8,160,22,3
Western Sahara,2017,1234,117,142,25,12,10,12,42,69,92,152,256,266,152,29,17,25,32,37,41,51,65,87,119,137,139,127,97,55,21,8,154,22,3
Western Sahara,2018,1270,114,139,25,12,10,12,39,71,95,153,267,282,161,30,16,23,32,39,42,53,66,87,121,146,148,134,103,58,22,8,151,22,3
Western Sahara,2019,1309,110,134,24,11,10,12,38,70,96,154,277,302,170,33,16,22,31,39,42,54,67,87,123,154,158,144,109,61,25,8,145,22,3
Western Sahara,2020,1350,107,130,23,11,10,12,36,70,99,157,284,323,182,34,15,21,30,40,44,55,69,88,124,160,169,154,117,65,25,9,141,22,3
Western Sahara,2021,1371,103,125,22,11,8,12,34,67,100,157,288,342,191,33,15,19,28,39,45,55,69,88,122,166,179,163,124,67,26,7,136,20,3
World,1950,23004028,6219463,9416373,3196910,807848,450800,494055,1096118,1096041,1238482,1532858,2309431,2675088,1617370,263853,548578,547540,529500,566541,605546,632936,721490,811368,1070556,1238875,1352539,1322549,1029096,588274,212792,51061,10224221,944855,5709
World,1951,23009368,6213162,9441445,3228283,807530,438891,485159,1080654,1083398,1233194,1539446,2310944,2703567,1619234,259605,539982,540672,524638,558760,600054,633140,723717,815729,1066685,1244259,1362587,1340980,1031355,587879,213089,46516,10248975,924050,6299
World,1952,22711388,6273586,9465517,3191931,778397,421662,471862,1051711,1056215,1209988,1520165,2263333,2645490,1571447,249237,524516,527195,513727,542488,586535,623453,714848,805317,1037340,1225993,1338556,1306934,1005079,566368,205707,43530,10243914,893524,6363
World,1953,22692946,6228688,9422460,3193772,836565,411388,464519,1039922,1043616,1203567,1520431,2252360,2654772,1586398,250619,517298,522624,511752,531864,581176,622391,713832,806599,1019108,1233252,1347166,1307606,1019019,567379,207429,43190,10259025,875907,6328
World,1954,22462974,6230585,9424079,3193494,786151,397622,450469,1018001,1021680,1186876,1510071,2229323,2620689,1564763,247226,505859,512142,505271,516409,570038,616838,710579,799492,999929,1229394,1337631,1283058,1009989,554774,204690,42536,10210230,848091,6023
World,1955,22400468,6199710,9368460,3168750,794265,391744,441464,1006835,1012220,1178364,1512486,2229262,2631397,1579468,248874,499960,506875,502236,509984,563484,614880,711572,800914,998933,1230329,1344523,1286874,1018755,560713,205503,43371,10162725,833208,5627
World,1956,22310248,6087418,9230207,3142789,807038,388116,431915,995177,1004164,1167277,1518046,2233534,2664244,1610402,254577,494062,501115,498249,505915,555387,611890,712915,805131,1005767,1227767,1358393,1305851,1041617,568785,209469,45108,10037245,820031,5550
World,1957,22510424,6156299,9289726,3133427,830785,393317,427762,995615,1009479,1169013,1542173,2262473,2709045,1621361,254081,493828,501787,500452,509027,553364,615649,723598,818575,1027464,1235009,1386325,1322720,1047367,573994,208502,45579,10120511,821079,5594
World,1958,22254534,6041579,9133676,3092097,850563,394997,417795,981302,1001909,1148745,1535309,2228081,2692159,1612590,251760,485829,495473,495665,506244,540723,608022,721189,814120,1024069,1204012,1378723,1313436,1038711,573879,206148,45612,9984239,812792,5647
World,1959,24427746,6361965,10142322,3780357,1054826,488793,451176,1046843,1079887,1235368,1688208,2407938,2883200,1671182,271236,516576,530267,531456,548431,577793,657575,788981,899227,1115391,1292547,1485037,1398163,1072422,598760,218952,52284,11197148,939969,6767
World,1960,26169710,6598599,10832013,4233414,1281943,588977,486464,1108701,1151437,1316748,1815886,2560166,3016194,1725312,278567,544761,563940,564230,587207,614703,702045,846171,969715,1190555,1369611,1555139,1461055,1109036,616276,225704,52863,12113956,1075441,7303
World,1961,23770408,5984105,9440993,3456888,1069654,514315,449517,1031400,1081034,1225053,1695416,2415825,2868839,1695441,275342,503775,527625,530183,550851,574373,650680,789694,905722,1120979,1294846,1468867,1399972,1083102,612339,223330,52012,10510647,963832,7579
World,1962,22034520,5807263,8587368,2780105,829163,418491,410483,949773,1007476,1131456,1577297,2293562,2798805,1736084,286423,460880,488893,493890,513586,534569,596887,732887,844410,1058135,1235427,1409267,1389538,1099871,636213,232309,54114,9416531,828974,8137
World,1963,22444514,6136153,8902870,2766717,823648,426393,415841,941213,1008832,1132559,1585798,2322456,2822760,1762386,291641,454418,486795,493109,515723,541039,591520,733582,852216,1068758,1253698,1405175,1417585,1117573,644813,237569,54072,9726518,842234,8116
World,1964,22329492,6066253,8878817,2812564,796636,426512,419357,923718,1000226,1120895,1582065,2324996,2808551,1750143,289535,445409,478309,488304,511922,541273,579622,729378,852687,1072752,1252244,1389131,1419420,1113025,637118,236146,53389,9675453,845869,8042
World,1965,22905402,6055431,9042005,2986574,822052,448955,435436,932858,1017003,1142590,1618200,2398744,2901088,1830367,307725,450450,482408,495966,521037,553877,588713,741123,877077,1104948,1293796,1430606,1470482,1160851,669516,250736,56989,9864057,884391,8380
World,1966,22794982,5943438,8904535,2961097,794233,447522,440599,918469,1007933,1135047,1611473,2415621,2926734,1865524,318681,445892,472577,491346,516587,550154,584893,733688,877785,1110109,1305512,1450005,1476729,1181778,683746,259139,59542,9698768,888121,8611
World,1967,22728704,5833716,8768757,2935041,787540,437697,437270,894587,987182,1127726,1606230,2453692,2970963,1917751,330497,438463,456124,480167,507015,543359,584367,723542,882688,1126344,1327348,1481501,1489462,1215305,702446,268639,61858,9556297,874967,8810
World,1968,22749464,5809945,8627173,2817228,790442,420691,434180,874861,965927,1122294,1598267,2495154,3040384,2020419,350479,434543,440318,468827,497100,536962,585332,711661,886606,1141307,1353847,1524503,1515881,1280034,740385,284410,66069,9417615,854871,9193
World,1969,22887360,5800760,8578560,2777800,817470,410577,434946,870180,952640,1126865,1599998,2558918,3103871,2066434,357347,439123,431057,461202,491438,534221,592644,704654,895344,1164993,1393925,1567083,1536788,1309505,756929,289499,67848,9396030,845523,9553
World,1970,23082766,5772631,8561698,2789067,867959,416994,446379,883877,951194,1136438,1603048,2586283,3141729,2107030,370138,452329,431548,459421,491773,536433,600005,705416,897632,1178392,1407891,1588012,1553717,1332327,774703,299735,70403,9429657,863373,9998
World,1971,23327992,5736537,8580350,2843813,899576,408261,451085,898025,944948,1149996,1616874,2626056,3204459,2151947,385903,464352,433673,454748,490200,540027,609969,716994,899880,1194419,1431637,1617169,1587290,1349875,802072,311513,74390,9479926,859346,10513
World,1972,22804866,5558237,8233558,2675321,843156,389702,442779,883402,909216,1117580,1577901,2598448,3218276,2179146,400672,461370,422032,434906,474310,523268,594312,706207,871694,1176740,1421708,1614559,1603717,1353307,825839,322615,78057,9076714,832481,11029
World,1973,22677096,5459475,8070815,2611340,821732,389327,439147,886541,886040,1104661,1559695,2588423,3258538,2237228,423083,465352,421189,421130,464910,515334,589327,708669,851026,1167358,1421065,1625030,1633508,1370955,866273,340325,82758,8892547,828474,11865
World,1974,22559168,5352393,7915564,2563171,810289,396436,436890,897747,869935,1095785,1546936,2586349,3286611,2266183,438152,470461,427286,412377,457558,510410,585375,714320,832616,1161392,1424957,1639770,1646841,1378515,887668,352490,85662,8725853,833326,12289
World,1975,22517378,5201120,7715725,2514605,803689,403190,435069,914890,859808,1094244,1549932,2596261,3349376,2324581,457488,478741,436149,407102,452706,508553,585691,719464,830468,1157964,1438297,1663860,1685516,1412156,912425,367502,89986,8519414,838259,13126
World,1976,22468522,5062538,7472431,2409893,791458,418517,444488,942831,860942,1094689,1557545,2592570,3398668,2393887,486304,491633,451198,409603,451339,509139,585550,723035,834510,1148174,1444396,1679845,1718823,1450568,943319,389329,96975,8263889,863005,14191
World,1977,22093156,4938559,7259732,2321173,759691,393208,418763,911023,821410,1061472,1546908,2567177,3424051,2417682,497362,472194,438829,393512,427898,492618,568854,712427,834481,1125515,1441662,1687764,1736287,1474009,943673,397790,99572,8019423,811971,14677
World,1978,22086592,4858108,7113603,2255495,741180,380399,412508,902572,805328,1046844,1559782,2565997,3507779,2506179,528917,464326,438246,391162,414166,485078,561766,711335,848447,1111272,1454725,1719150,1788629,1533578,972601,422969,105948,7854783,792907,15503
World,1979,22079262,4821021,7008406,2187385,723285,369139,409675,889837,794970,1030083,1569137,2560029,3581559,2574504,552391,453881,435956,392247,402723,477059,553024,708753,860384,1097046,1462983,1745616,1835943,1576467,998037,441002,111389,7731691,778814,16247
World,1980,22243828,4791296,6930459,2139163,704886,361891,408582,878755,790804,1017932,1579816,2577536,3683392,2699594,592400,443339,435416,396167,394637,469886,548046,708442,871374,1100457,1477079,1787264,1896128,1649875,1049719,471340,121060,7635345,770473,17781
World,1981,22236324,4752150,6849977,2097827,693670,354806,407157,864567,787326,1002388,1576681,2572320,3718969,2780701,608888,432041,432526,398990,388336,459527,542861,704070,872611,1108041,1464279,1799024,1919945,1694316,1086385,482346,126542,7543647,761963,18875
World,1982,22288896,4729014,6798608,2069594,684077,349314,404277,854587,790800,990477,1577253,2573477,3768126,2853998,623813,425083,429504,403032,387768,450268,540209,700636,876617,1126848,1446629,1816064,1952062,1735651,1118347,491687,132126,7482685,753591,20089
World,1983,22565796,4685370,6780496,2095126,686179,350745,401717,854628,803291,984672,1587397,2589635,3851508,2990827,662472,426217,428411,409705,393586,443342,541330,701872,885525,1156529,1433106,1848157,2003351,1808090,1182737,518466,144006,7466675,752462,22228
World,1984,22655946,4643039,6716818,2073779,682247,346165,398308,854072,817479,979815,1588075,2599751,3899398,3066444,683932,429526,424546,415118,402361,437726,542089,698350,889725,1182071,1417680,1862473,2036925,1850915,1215529,532966,150966,7399065,744473,23441
World,1985,22869178,4604246,6648624,2044378,681402,342510,398159,855695,834733,974915,1593433,2620629,3966133,3199037,728613,434850,420845,421707,413026,433727,541188,698138,895295,1200554,1420075,1878313,2087820,1916200,1282837,566770,161843,7330026,740669,25294
World,1986,22780146,4565888,6560814,1994926,670609,332566,395235,850908,842516,963263,1578075,2629021,3937074,3243997,749621,436474,414434,422898,419618,430884,532379,691472,886603,1201534,1427487,1848343,2088731,1932868,1311129,583630,165991,7231423,727801,26446
World,1987,22812596,4501396,6446902,1945506,663377,326847,397271,857393,859951,964567,1582682,2666320,3927230,3312565,778585,440142,417251,429353,430598,436573,527994,694011,888671,1212475,1453845,1818924,2108306,1963760,1348805,605877,172708,7110279,724118,28905
World,1988,23095806,4465856,6440373,1974517,669146,326246,397482,862186,874273,969784,1590736,2727341,3944288,3434582,827594,438924,423262,433240,441033,446742,523042,697853,892883,1228839,1498502,1798898,2145390,2023093,1411489,644823,182771,7109519,723728,31776
World,1989,23010390,4359115,6247724,1888609,644452,316244,393137,861751,876757,971008,1584038,2758840,3934139,3524975,863220,434188,427563,431133,445624,457138,513870,695652,888386,1229248,1529592,1772152,2161987,2065459,1459516,672669,190551,6892176,709381,34106
World,1990,23255002,4306704,6170905,1864201,638638,317728,393044,874970,890072,987414,1593565,2810140,3978398,3650882,912862,436718,438252,432909,457163,473689,513725,699521,894044,1245779,1564361,1787534,2190864,2130774,1520108,711441,201421,6809543,710772,36383
World,1991,23555432,4190539,6058506,1867967,654703,327323,395403,898085,911835,1018162,1614459,2869382,4040629,3767046,961752,444522,453563,440155,471680,495390,522772,707500,906959,1265606,1603776,1837940,2202689,2191594,1575452,749461,212291,6713209,722726,38146
World,1992,23519388,4072410,5888819,1816409,644526,323105,389603,903141,917022,1035566,1610370,2886346,4047193,3834864,999685,445344,457797,441170,475852,506513,529053,701150,909220,1266525,1619821,1878265,2168928,2222482,1612382,778227,221458,6533345,712708,39148
World,1993,23762270,3959988,5712408,1752420,635826,322802,386821,907910,933642,1068323,1619688,2934422,4119097,4002017,1077650,447762,460148,450552,483090,522583,545740,699473,920215,1277982,1656440,1955758,2163339,2303200,1698817,837225,240425,6348234,709623,41663
World,1994,24125238,3879324,5580133,1700809,638545,331012,403702,957145,995903,1138390,1649732,2981085,4181143,4106232,1119725,472149,484996,485566,510337,555368,583022,708798,940934,1292285,1688800,2029785,2151358,2352956,1753276,869956,249769,6218678,734714,42489
World,1995,24073772,3797596,5453114,1655518,631569,322552,384293,918542,961748,1140327,1636990,2984982,4230625,4186586,1177614,451356,467186,472007,489741,547567,592760,698466,938524,1285697,1699285,2070659,2159966,2372966,1813620,911825,265789,6084683,706845,44830
World,1996,24231786,3708705,5319964,1611259,630192,324593,388848,932749,980327,1175923,1645949,3010232,4323885,4227532,1224495,455883,476866,485547,494780,559831,616092,704676,941273,1294614,1715618,2113491,2210394,2367599,1859933,945160,279335,5950156,713441,47096
World,1997,24217446,3613359,5177084,1563725,616767,322239,388881,930437,983446,1194085,1644383,3007875,4399319,4227640,1275004,452685,477752,488347,495099,565036,629049,712083,932300,1294281,1713594,2134679,2264640,2327073,1900567,978460,296544,5793851,711120,50285
World,1998,24295592,3534153,5072309,1538156,611640,326500,395205,937485,998797,1216543,1648886,2999404,4484171,4222523,1328344,454498,482987,492881,505916,573361,643182,729081,919805,1292837,1706567,2152991,2331180,2282431,1940092,1014309,314035,5683949,721705,53783
World,1999,24464220,3413233,4863434,1450201,579262,317221,390905,927733,1007880,1234875,1670632,3031648,4637999,4329266,1415015,448323,479410,492983,514897,577460,657415,755098,915534,1308939,1722709,2196112,2441887,2305736,2023530,1078442,336573,5442696,708126,58351
World,2000,24449980,3333874,4724072,1390198,555584,313038,391490,930157,1022953,1243756,1688601,3025814,4692813,4346276,1454370,450283,479874,497429,525524,576379,667377,780612,907989,1307716,1718098,2208299,2484514,2313688,2032588,1106736,347634,5279656,704528,61056
World,2001,24309274,3241078,4574231,1333153,540728,307930,390351,929025,1035245,1245710,1696528,2988406,4693551,4347673,1495032,450750,478275,501074,534171,573093,672617,797651,898877,1288857,1699549,2195220,2498331,2344389,2003284,1132812,362220,5114959,698281,64862
World,2002,24480602,3145085,4424340,1279255,530899,302792,389169,924997,1044529,1257263,1729109,2999528,4780642,4457661,1569793,451559,473438,503753,540776,573525,683738,817754,911355,1284298,1715230,2218096,2562546,2454606,2003055,1187034,382759,4955239,691961,69879
World,2003,24629752,3035961,4258052,1222091,512256,294973,384625,921046,1048300,1270755,1768878,2999079,4853001,4593321,1650508,451249,469797,506429,541871,577913,692842,837204,931674,1271165,1727914,2231757,2621244,2583967,2009354,1244724,405784,4770308,679598,74958
World,2004,24619414,2939683,4122875,1183192,512445,296445,387759,925666,1055882,1293581,1816990,2995145,4849777,4628488,1658034,455450,470216,509019,546863,590231,703350,853634,963356,1259019,1736126,2221781,2627996,2656408,1972080,1246548,411486,4635320,684204,76328
World,2005,24691698,2839258,3959684,1120426,492167,284299,377031,904423,1031641,1284234,1849611,2984467,4900848,4799003,1742009,445202,459221,495327,536314,588055,696179,860149,989462,1246869,1737598,2229223,2671625,2756005,2042998,1299856,442153,4451851,661330,82281
World,2006,24568146,2742562,3805154,1062592,473793,270694,364626,885721,1006914,1276160,1874240,2964122,4904296,4908209,1748948,435078,450643,480250,526664,587957,688203,861810,1012430,1241464,1722658,2228534,2675762,2800064,2108145,1291292,457656,4278947,635320,85270
World,2007,24698660,2665129,3679543,1014414,462147,263343,356310,879256,992914,1276570,1905424,2976076,4942374,5092407,1781429,430664,448592,471457,521457,589904,686666,868529,1036895,1261618,1714458,2249594,2692780,2869213,2223194,1297098,484331,4141690,619653,90867
World,2008,25031520,2593662,3576766,983104,463685,265052,356112,886055,994284,1293867,1954033,3011555,5002215,5301263,1828271,433159,452896,469553,524731,596359,697508,884039,1069994,1304054,1707501,2285034,2717181,2945398,2355865,1311969,516302,4040451,621164,98359
World,2009,24922022,2510568,3440312,929744,435341,250092,338890,858941,956387,1277152,1957197,3024556,5000767,5432311,1846698,418352,440589,450869,505518,582585,694567,877627,1079570,1338838,1685718,2292872,2707895,2977728,2454583,1314714,531984,3875653,588982,103376
World,2010,25137590,2438651,3337404,898753,431051,248604,333534,848146,939452,1278348,1979360,3072598,5037517,5582074,1938125,413263,434883,443465,495987,579487,698861,877353,1102007,1389011,1683587,2307506,2730011,3035452,2546622,1383093,555032,3768455,582138,111374
World,2011,25145730,2358759,3215467,856708,410924,237314,318431,815920,911936,1274107,1993261,3121416,5040063,5664770,2023794,395752,420168,431079,480857,573571,700536,874987,1118274,1432880,1688536,2296464,2743599,3055976,2608794,1460328,563466,3626391,555745,118327
World,2012,25307234,2291682,3115939,824257,403335,232712,308923,792464,895350,1270496,2015825,3186553,5053929,5772613,2131989,381861,410603,424348,471002,569506,700990,880063,1135762,1469356,1717197,2277720,2776209,3084740,2687873,1557798,574191,3519274,541635,127105
World,2013,25396910,2217968,3013936,795968,392543,226724,297448,763347,876360,1260084,2052146,3273680,5057328,5833722,2215884,365112,398235,415521,460839,564241,695843,897030,1155116,1509702,1763978,2250733,2806595,3093976,2739746,1640474,575410,3406479,524172,133708
World,2014,25496814,2138906,2905562,766656,387124,223097,290634,742784,868127,1253769,2093802,3371513,5060286,5858936,2300552,352044,390740,411516,456611,560248,693521,923206,1170596,1544390,1827123,2228448,2831838,3093899,2765037,1712537,588015,3292686,513731,140626
World,2015,25860536,2066543,2803963,737420,382795,220712,285464,725673,864057,1252738,2135567,3486807,5093362,6004225,2456089,341363,384310,408754,455303,556115,696623,952251,1183316,1583153,1903654,2228642,2864720,3143968,2860257,1820738,635351,3186758,506176,149082
World,2016,25933294,2003247,2711058,707811,376206,216205,279700,709176,861789,1247649,2163354,3575610,5093306,6026996,2520837,331413,377763,406302,455487,550204,697445,973192,1190162,1607316,1968294,2233329,2859977,3153265,2873731,1848579,672258,3087264,495905,151409
World,2017,26213946,1936100,2613581,677481,369896,212919,276159,694669,859014,1240618,2175482,3653613,5140695,6158652,2660910,324491,370178,403755,455259,544325,696293,980598,1194884,1626155,2027458,2281050,2859645,3217652,2941000,1930958,729952,2983477,489078,157738
World,2018,26442438,1873076,2525136,652060,365553,210680,273492,682915,857114,1231887,2182616,3735152,5209602,6260139,2747060,319311,363604,401128,455986,539377,692510,973749,1208867,1643875,2091277,2358063,2851539,3278716,2981423,1973619,773441,2890689,484172,161091
World,2019,26696192,1814315,2444056,629741,358239,208339,271491,675325,858104,1226833,2195327,3796554,5307694,6358883,2828372,316936,358389,400500,457604,537938,688895,967402,1227925,1652178,2144376,2464466,2843228,3337463,3021420,2015140,813232,2802295,479830,166974
World,2020,28857700,1752249,2357711,605462,350614,205625,264715,658995,888425,1326740,2474326,4301730,5871702,6917904,3057016,307837,351158,406455,481970,579700,747040,1069674,1404652,1860216,2441514,2820217,3051485,3616269,3301635,2182180,874836,2708325,470340,182195
World,2021,31723312,1710982,2298346,587364,343938,206990,288432,722549,986655,1500039,2845988,4922412,6645863,7541264,3221420,340357,382192,448794,537861,652451,847588,1226163,1619825,2130233,2792179,3258319,3387544,3977614,3563650,2299074,922346,2642284,495422,199414
Yemen,1950,76035,36257,54594,18337,1286,987,1086,2328,2153,2013,2476,3656,3884,1361,205,1188,1140,1103,1050,1009,1004,1162,1314,1703,1953,2097,1787,887,474,169,36,55880,2073,5
Yemen,1951,76411,36297,54449,18152,1325,1012,1113,2381,2200,2054,2516,3699,4021,1443,193,1215,1166,1126,1074,1030,1024,1182,1334,1715,1984,2146,1875,988,455,165,28,55774,2125,3
Yemen,1952,77053,36731,54724,17993,1351,1022,1132,2407,2225,2079,2542,3715,4125,1539,187,1229,1178,1139,1086,1043,1036,1194,1348,1711,2004,2184,1941,1108,431,163,24,56075,2154,3
Yemen,1953,78164,37294,55398,18104,1371,1038,1153,2452,2263,2112,2577,3734,4225,1652,187,1254,1198,1158,1105,1060,1052,1207,1370,1710,2024,2223,2002,1232,420,164,23,56769,2191,1
Yemen,1954,79342,37864,56192,18328,1377,1051,1175,2485,2295,2143,2609,3749,4311,1771,180,1272,1213,1174,1121,1075,1068,1219,1390,1712,2037,2259,2052,1334,437,159,21,57569,2226,1
Yemen,1955,80493,38415,57010,18595,1368,1063,1192,2520,2324,2170,2637,3759,4383,1893,174,1290,1230,1188,1136,1088,1082,1230,1407,1718,2041,2286,2097,1413,480,153,21,58378,2255,1
Yemen,1956,81891,39005,57906,18901,1374,1092,1221,2579,2372,2216,2685,3794,4468,2020,164,1322,1257,1213,1159,1112,1104,1255,1430,1740,2054,2320,2148,1481,539,145,19,59280,2313,1
Yemen,1957,83168,39543,58764,19221,1376,1115,1241,2629,2412,2252,2722,3820,4539,2142,155,1350,1279,1233,1179,1130,1122,1274,1448,1764,2056,2349,2190,1536,606,137,18,60140,2356,1
Yemen,1958,83740,39522,58785,19263,1397,1146,1266,2699,2465,2305,2770,3867,4621,2261,154,1388,1311,1259,1206,1158,1147,1300,1470,1803,2064,2382,2239,1587,674,134,20,60182,2412,1
Yemen,1959,84306,39675,59049,19374,1401,1151,1278,2734,2493,2329,2801,3890,4665,2350,161,1407,1327,1274,1219,1170,1159,1317,1484,1826,2064,2394,2271,1624,726,142,19,60450,2429,0
Yemen,1960,84812,39874,59371,19497,1402,1138,1286,2756,2503,2345,2818,3902,4687,2425,177,1419,1337,1279,1224,1177,1168,1325,1493,1838,2064,2393,2294,1658,767,159,18,60773,2424,0
Yemen,1961,85392,40095,59721,19626,1413,1122,1297,2785,2523,2366,2842,3928,4706,2492,194,1434,1351,1290,1233,1187,1179,1338,1504,1852,2076,2391,2315,1691,801,180,14,61134,2419,0
Yemen,1962,87325,40422,60519,20097,1547,1146,1356,2902,2622,2490,2978,4091,4855,2591,221,1490,1412,1341,1281,1245,1245,1404,1574,1925,2166,2458,2397,1752,839,206,15,62066,2502,1
Yemen,1963,89508,40754,61347,20593,1735,1193,1422,3040,2744,2632,3135,4298,5030,2688,243,1554,1486,1403,1341,1312,1320,1479,1656,2015,2283,2539,2491,1815,873,228,15,63082,2615,1
Yemen,1964,88393,40549,60954,20405,1595,1125,1384,2981,2690,2553,3060,4197,4890,2697,260,1522,1459,1378,1312,1274,1279,1443,1617,1964,2233,2456,2434,1809,888,244,16,62549,2509,0
Yemen,1965,88725,40475,60932,20457,1636,1135,1387,3032,2728,2590,3106,4251,4913,2737,277,1546,1486,1399,1329,1292,1298,1464,1642,1988,2263,2471,2442,1833,904,258,19,62568,2522,0
Yemen,1966,88472,40229,60616,20387,1641,1127,1361,3045,2737,2598,3121,4266,4905,2764,291,1554,1491,1404,1333,1295,1303,1471,1650,1994,2272,2475,2430,1844,920,269,22,62257,2488,0
Yemen,1967,88149,39903,60210,20307,1648,1120,1329,3054,2743,2604,3140,4287,4913,2795,303,1563,1491,1408,1335,1297,1307,1479,1661,2005,2282,2495,2418,1859,936,278,25,61858,2449,0
Yemen,1968,87697,39293,59504,20211,1685,1129,1310,3061,2760,2622,3175,4342,4958,2833,313,1570,1491,1419,1341,1303,1319,1495,1680,2034,2308,2539,2419,1879,954,286,27,61189,2439,0
Yemen,1969,85389,38314,57920,19606,1564,1084,1262,2970,2699,2544,3103,4244,4860,2816,321,1522,1448,1389,1310,1265,1279,1459,1644,1990,2254,2497,2363,1858,958,292,29,59484,2346,1
Yemen,1970,84496,37672,57054,19382,1557,1071,1236,2911,2672,2534,3111,4267,4899,2845,331,1482,1429,1374,1298,1257,1277,1461,1650,2001,2266,2521,2378,1870,975,299,32,58611,2307,1
Yemen,1971,84158,37147,56258,19111,1618,1101,1257,2931,2715,2563,3162,4347,4984,2877,343,1477,1454,1396,1319,1271,1292,1483,1679,2038,2309,2568,2416,1885,992,308,35,57876,2358,1
Yemen,1972,83447,36706,55610,18904,1612,1089,1237,2858,2678,2551,3167,4367,5031,2891,350,1419,1439,1372,1306,1261,1290,1483,1684,2045,2322,2585,2446,1886,1005,315,35,57222,2326,1
Yemen,1973,82989,36160,54854,18694,1649,1103,1246,2847,2693,2572,3203,4431,5109,2917,360,1399,1448,1376,1317,1271,1301,1498,1705,2071,2360,2615,2494,1895,1022,323,37,56503,2349,1
Yemen,1974,82225,35650,54052,18402,1650,1098,1239,2793,2672,2568,3214,4464,5164,2937,368,1367,1426,1359,1313,1267,1301,1500,1714,2084,2380,2635,2529,1905,1032,329,39,55702,2337,1
Yemen,1975,81645,35108,53268,18160,1675,1107,1244,2762,2674,2579,3238,4513,5237,2967,374,1358,1404,1358,1316,1273,1306,1510,1728,2104,2409,2667,2570,1927,1040,335,39,54943,2351,1
Yemen,1976,80534,34417,52244,17827,1659,1095,1229,2683,2635,2557,3233,4529,5286,2997,382,1333,1350,1337,1298,1260,1297,1505,1728,2107,2422,2689,2597,1951,1046,340,42,53903,2324,1
Yemen,1977,79903,33698,51174,17476,1702,1118,1253,2677,2666,2598,3278,4606,5380,3052,391,1347,1330,1358,1308,1281,1317,1524,1754,2141,2465,2737,2643,1996,1056,348,43,52876,2371,1
Yemen,1978,78692,32844,49821,16977,1713,1125,1253,2638,2648,2606,3292,4649,5446,3101,398,1341,1297,1350,1298,1284,1322,1529,1763,2159,2490,2774,2672,2037,1064,353,45,51534,2378,1
Yemen,1979,77654,32172,48642,16470,1711,1125,1252,2598,2616,2611,3307,4695,5531,3162,404,1333,1265,1329,1287,1285,1326,1534,1773,2176,2519,2816,2715,2084,1078,359,45,50353,2377,1
Yemen,1980,76159,31432,47331,15899,1672,1098,1226,2520,2525,2572,3287,4708,5587,3217,409,1299,1221,1273,1252,1260,1312,1521,1766,2176,2532,2841,2746,2121,1096,364,45,49003,2324,1
Yemen,1981,74950,30460,45841,15381,1690,1105,1237,2523,2498,2587,3313,4766,5689,3289,416,1305,1218,1243,1255,1264,1323,1531,1782,2198,2568,2891,2798,2167,1122,369,47,47531,2342,1
Yemen,1982,75036,29848,44853,15005,1855,1214,1323,2626,2547,2666,3403,4893,5848,3378,421,1367,1259,1249,1298,1300,1366,1574,1829,2253,2640,2973,2875,2221,1157,375,46,46708,2537,1
Yemen,1983,72050,29029,43070,14041,1636,1062,1205,2421,2346,2531,3293,4804,5830,3418,427,1260,1161,1133,1213,1222,1309,1518,1775,2200,2604,2949,2881,2237,1181,378,49,44706,2267,1
Yemen,1984,70909,28415,41832,13417,1630,1051,1199,2400,2292,2519,3297,4838,5920,3491,438,1251,1149,1102,1190,1209,1310,1519,1778,2210,2628,2988,2932,2279,1212,387,51,43462,2250,1
Yemen,1985,70697,27887,40873,12986,1700,1081,1240,2476,2314,2573,3365,4944,6074,3594,454,1295,1181,1117,1197,1233,1340,1551,1814,2255,2689,3062,3012,2344,1250,400,54,42573,2321,1
Yemen,1986,70783,27561,40186,12625,1702,1079,1279,2586,2382,2738,3474,5013,6186,3685,471,1356,1230,1155,1227,1322,1416,1613,1861,2285,2728,3113,3073,2400,1285,414,57,41888,2358,1
Yemen,1987,70204,27262,39633,12371,1740,1094,1264,2526,2261,2607,3431,5064,6313,3780,490,1325,1201,1119,1142,1249,1358,1583,1848,2300,2764,3172,3141,2461,1319,430,60,41373,2358,1
Yemen,1988,69922,27085,39160,12075,1739,1089,1262,2535,2225,2597,3446,5093,6398,3858,510,1333,1202,1113,1112,1245,1352,1590,1856,2309,2784,3209,3189,2511,1347,447,63,40899,2351,2
Yemen,1989,70474,26971,38991,12020,1768,1109,1280,2583,2237,2630,3521,5212,6599,4005,531,1358,1225,1128,1109,1256,1374,1624,1897,2358,2854,3305,3294,2606,1399,465,66,40759,2389,2
Yemen,1990,70845,26955,38793,11838,1788,1129,1302,2629,2256,2640,3579,5299,6751,4122,547,1383,1246,1143,1113,1250,1390,1652,1927,2393,2906,3375,3376,2680,1442,480,67,40581,2431,2
Yemen,1991,71118,26926,38729,11803,1772,1129,1301,2638,2252,2622,3612,5365,6888,4241,566,1387,1251,1145,1107,1223,1399,1665,1947,2418,2947,3435,3453,2754,1487,497,69,40501,2430,2
Yemen,1992,71995,26975,38749,11774,1823,1169,1345,2726,2313,2657,3695,5486,7070,4373,586,1432,1294,1180,1133,1218,1439,1697,1998,2472,3014,3522,3548,2837,1536,513,73,40572,2514,2
Yemen,1993,72551,27041,38813,11772,1816,1178,1356,2755,2328,2655,3738,5571,7227,4504,606,1442,1313,1190,1138,1200,1455,1710,2028,2508,3063,3591,3636,2917,1587,530,76,40629,2534,2
Yemen,1994,73405,26874,38591,11717,1873,1228,1422,2882,2427,2718,3847,5715,7426,4649,628,1507,1375,1244,1183,1225,1493,1756,2091,2575,3140,3685,3741,3008,1641,549,79,40464,2650,2
Yemen,1995,73386,26586,38230,11644,1843,1224,1426,2880,2428,2688,3877,5789,7570,4778,651,1504,1376,1246,1182,1212,1476,1763,2114,2606,3183,3748,3822,3087,1691,567,84,40073,2650,2
Yemen,1996,73332,25615,37152,11537,1914,1281,1493,2985,2514,2722,3981,5938,7776,4920,654,1560,1425,1291,1223,1242,1480,1811,2170,2674,3264,3845,3931,3179,1741,578,76,39066,2774,2
Yemen,1997,72128,24974,36066,11092,1808,1236,1460,2909,2465,2653,3982,5979,7880,5029,657,1520,1389,1265,1200,1222,1431,1815,2167,2690,3289,3888,3992,3249,1780,587,70,37874,2696,1
Yemen,1998,71896,24384,35005,10621,1837,1264,1512,2983,2529,2673,4058,6125,8070,5171,666,1563,1420,1300,1229,1246,1427,1854,2204,2758,3367,3977,4093,3341,1830,600,66,36842,2776,1
Yemen,1999,70705,23867,33938,10071,1733,1216,1476,2906,2473,2621,4033,6163,8173,5289,680,1527,1379,1268,1205,1227,1394,1836,2197,2769,3394,4018,4155,3413,1876,614,66,35671,2692,1
Yemen,2000,69385,23136,32640,9504,1635,1169,1443,2847,2427,2590,4005,6216,8297,5420,694,1502,1345,1240,1187,1214,1376,1806,2199,2788,3428,4070,4227,3493,1927,630,64,34275,2612,1
Yemen,2001,67965,22255,31172,8917,1539,1126,1414,2800,2391,2576,3975,6276,8428,5555,711,1483,1317,1218,1173,1207,1369,1764,2211,2806,3470,4126,4302,3575,1980,647,64,32711,2540,1
Yemen,2002,66380,21380,29777,8397,1418,1070,1362,2713,2327,2541,3923,6305,8537,5680,729,1441,1272,1179,1148,1189,1352,1705,2218,2805,3500,4170,4367,3649,2031,663,66,31195,2432,1
Yemen,2003,65154,20808,28677,7869,1304,1014,1304,2633,2262,2511,3875,6338,8664,5822,749,1399,1234,1138,1124,1172,1339,1657,2218,2798,3540,4224,4440,3732,2090,683,66,29981,2318,1
Yemen,2004,65013,20250,27591,7341,1304,1030,1346,2734,2328,2579,3926,6496,8903,6004,771,1456,1278,1169,1159,1206,1373,1668,2258,2857,3639,4341,4562,3844,2160,704,67,28895,2376,1
Yemen,2005,64145,19754,26624,6870,1228,985,1302,2686,2286,2572,3886,6557,9056,6161,796,1427,1259,1143,1143,1199,1373,1654,2232,2871,3686,4409,4647,3938,2223,728,68,27852,2287,1
Yemen,2006,63268,19227,25752,6525,1133,916,1238,2618,2230,2559,3831,6606,9208,6334,844,1386,1232,1110,1120,1188,1371,1647,2184,2885,3721,4475,4733,4037,2297,766,78,26885,2154,1
Yemen,2007,62540,18643,24835,6192,1069,863,1195,2582,2206,2563,3775,6662,9376,6513,901,1359,1223,1098,1108,1188,1375,1646,2129,2912,3750,4550,4826,4138,2375,807,94,25904,2058,1
Yemen,2008,62794,18160,23986,5826,1073,854,1221,2692,2290,2655,3822,6826,9672,6748,955,1408,1284,1144,1146,1233,1422,1691,2131,2991,3835,4695,4977,4279,2469,848,107,25059,2075,1
Yemen,2009,62467,17842,23372,5530,1022,806,1180,2670,2288,2679,3813,6862,9863,6944,964,1386,1284,1146,1142,1242,1437,1703,2110,2996,3866,4782,5081,4391,2553,846,118,24394,1986,1
Yemen,2010,63762,17861,23284,5423,1047,809,1213,2803,2411,2797,3928,7028,10208,7204,1026,1445,1358,1215,1196,1298,1499,1767,2161,3046,3982,4948,5260,4551,2653,900,126,24331,2022,3
Yemen,2011,65213,18145,23631,5486,1063,806,1214,2885,2507,2896,4031,7134,10504,7446,1091,1475,1410,1269,1238,1343,1553,1822,2209,3046,4088,5084,5420,4700,2746,951,140,24694,2020,2
Yemen,2012,67442,18521,24171,5650,1129,832,1240,3042,2671,3048,4201,7327,10886,7733,1154,1544,1498,1359,1312,1414,1634,1909,2292,3070,4257,5252,5634,4881,2852,1001,153,25300,2072,4
Yemen,2013,68840,18828,24487,5659,1101,823,1225,3108,2780,3150,4322,7438,11189,8003,1213,1565,1543,1420,1360,1456,1694,1969,2353,3069,4369,5371,5818,5048,2955,1047,166,25588,2048,4
Yemen,2014,71193,19208,25054,5846,1168,855,1248,3269,2975,3322,4516,7626,11582,8303,1269,1635,1634,1521,1454,1536,1786,2066,2450,3130,4496,5541,6041,5236,3067,1091,178,26222,2103,5
Yemen,2015,75864,19804,26379,6575,1463,973,1358,3649,3364,3705,4872,7964,12149,8657,1327,1814,1835,1720,1644,1728,1977,2247,2625,3289,4675,5812,6337,5463,3194,1138,189,27842,2331,5
Yemen,2016,77477,19929,26507,6578,1460,989,1370,3740,3548,3859,5063,8081,12524,8951,1374,1840,1900,1810,1738,1803,2056,2340,2723,3382,4699,5994,6530,5646,3305,1177,197,27967,2359,5
Yemen,2017,79173,20046,26659,6613,1461,1004,1385,3826,3750,4045,5279,8181,12900,9253,1423,1859,1967,1903,1847,1896,2149,2447,2832,3482,4699,6197,6703,5837,3416,1217,206,28120,2389,5
Yemen,2018,83125,20506,27635,7129,1677,1095,1480,4102,4141,4441,5645,8431,13388,9611,1475,1969,2133,2086,2055,2107,2334,2636,3009,3648,4783,6456,6932,6067,3544,1261,214,29312,2575,6
Yemen,2019,84960,20648,27811,7163,1712,1136,1515,4164,4337,4613,5864,8618,13720,9933,1527,1974,2190,2176,2161,2196,2417,2741,3123,3771,4847,6604,7116,6271,3662,1305,222,29523,2651,6
Yemen,2020,90344,20485,27105,6620,1432,1023,1398,3874,4425,5096,6930,10395,15741,11239,1676,1815,2059,2149,2276,2407,2689,3188,3742,4596,5799,7684,8057,7087,4152,1436,240,28537,2421,7
Yemen,2021,96523,20861,28252,7391,1769,1159,1553,4227,4911,5637,7622,11340,16588,11753,1711,1967,2260,2386,2525,2655,2982,3523,4099,5066,6274,8045,8543,7407,4346,1477,234,30021,2712,6
Zambia,1950,22025,7257,12503,5246,1255,635,592,1275,1113,948,902,1170,1182,402,49,637,638,577,536,492,456,458,444,539,631,642,540,264,138,41,8,13758,1227,1
Zambia,1951,22634,7437,12824,5387,1281,645,604,1303,1147,977,942,1194,1227,437,53,651,652,595,552,506,471,480,462,549,645,662,565,298,139,44,9,14105,1249,1
Zambia,1952,22989,7549,13005,5456,1293,647,607,1310,1162,992,972,1202,1267,478,57,656,654,604,558,515,477,493,479,552,650,682,585,340,138,48,9,14298,1254,1
Zambia,1953,23311,7666,13175,5509,1292,651,609,1314,1171,1001,1002,1209,1301,520,62,659,655,611,560,520,481,504,498,555,654,700,601,381,139,52,10,14467,1260,1
Zambia,1954,23699,7796,13363,5567,1300,656,613,1327,1191,1019,1037,1225,1337,565,65,667,660,622,569,530,489,518,519,564,661,719,618,416,149,55,10,14663,1269,1
Zambia,1955,24064,7929,13543,5614,1314,661,616,1332,1204,1034,1067,1242,1372,609,65,669,663,628,576,538,496,528,539,576,666,734,638,442,167,54,11,14857,1277,1
Zambia,1956,24484,8069,13732,5663,1331,667,621,1348,1228,1057,1100,1275,1407,653,67,677,671,639,589,549,508,541,559,598,677,749,658,464,189,56,11,15063,1288,1
Zambia,1957,24942,8213,13923,5710,1347,676,629,1368,1255,1086,1137,1312,1445,696,68,685,683,649,606,563,523,555,582,626,686,763,682,481,215,56,12,15270,1305,1
Zambia,1958,25271,8360,14120,5760,1365,677,631,1365,1256,1090,1150,1340,1474,735,69,684,681,645,611,563,527,557,593,649,691,770,704,496,239,56,13,15485,1308,1
Zambia,1959,25663,8509,14318,5809,1382,682,635,1373,1265,1106,1171,1379,1505,770,76,688,685,646,619,570,536,564,607,676,703,780,725,510,260,61,15,15700,1317,1
Zambia,1960,26056,8666,14533,5867,1399,689,643,1376,1269,1118,1190,1421,1531,804,84,689,687,647,622,576,542,571,619,701,720,789,742,528,276,69,15,15932,1332,1
Zambia,1961,26493,8823,14752,5929,1415,698,652,1386,1282,1137,1213,1470,1561,834,91,694,692,652,630,585,552,581,632,724,746,802,759,546,288,78,13,16167,1350,2
Zambia,1962,27009,8991,14999,6008,1438,712,662,1404,1301,1164,1241,1532,1589,865,102,703,701,663,638,601,563,596,645,751,781,815,774,566,299,89,13,16437,1374,2
Zambia,1963,27500,9165,15257,6092,1464,727,670,1414,1312,1184,1264,1589,1615,893,112,709,705,669,643,613,571,609,655,772,817,829,786,585,308,99,13,16721,1397,2
Zambia,1964,28496,9421,15727,6306,1538,760,695,1459,1353,1236,1317,1686,1674,929,122,734,725,691,662,640,596,635,682,813,873,863,811,609,320,107,15,17265,1455,2
Zambia,1965,28740,9579,15937,6358,1541,766,698,1454,1337,1225,1310,1703,1691,946,131,734,720,684,653,634,591,633,677,813,890,875,816,619,327,113,18,17478,1464,2
Zambia,1966,29529,9826,16342,6516,1590,791,721,1490,1369,1258,1346,1766,1744,974,137,755,735,700,669,649,609,650,696,837,929,913,831,635,339,118,19,17932,1512,2
Zambia,1967,30324,10099,16793,6694,1644,817,742,1519,1385,1280,1372,1820,1806,1000,144,773,746,707,678,658,622,661,711,856,964,958,848,648,352,122,22,18437,1559,2
Zambia,1968,31211,10373,17218,6845,1692,846,774,1568,1429,1325,1423,1885,1878,1025,152,798,770,728,701,677,648,683,740,881,1004,1013,865,661,364,126,26,18910,1620,2
Zambia,1969,31820,10610,17552,6942,1724,863,792,1586,1438,1336,1445,1924,1950,1048,157,808,778,732,706,679,657,692,753,892,1032,1062,888,672,376,130,27,19276,1655,2
Zambia,1970,32345,10786,17746,6960,1735,877,809,1615,1457,1365,1484,1981,2037,1073,162,824,791,741,716,690,675,710,774,916,1065,1114,923,687,386,134,28,19481,1686,3
Zambia,1971,32475,10828,17761,6933,1732,882,813,1607,1444,1362,1498,2010,2104,1087,168,822,785,732,712,687,675,717,781,927,1083,1150,954,694,393,139,29,19493,1695,3
Zambia,1972,32496,10809,17639,6830,1712,882,818,1605,1435,1367,1522,2045,2189,1106,174,823,782,727,708,689,678,730,792,944,1101,1189,1000,706,400,144,30,19351,1700,3
Zambia,1973,32440,10768,17473,6705,1687,878,819,1598,1422,1369,1543,2076,2270,1126,179,825,773,719,703,690,679,743,800,961,1115,1224,1046,719,407,148,31,19160,1697,4
Zambia,1974,32475,10759,17386,6627,1675,877,824,1592,1405,1364,1559,2104,2348,1150,185,828,764,712,693,687,677,750,809,975,1129,1254,1094,737,413,152,33,19061,1701,4
Zambia,1975,32770,10865,17485,6620,1685,884,836,1604,1402,1367,1574,2133,2421,1181,190,836,768,711,691,687,680,757,817,989,1144,1283,1138,760,421,156,34,19170,1720,4
Zambia,1976,33123,11052,17770,6718,1718,896,847,1599,1368,1336,1564,2140,2473,1213,195,839,760,697,671,671,665,748,816,990,1150,1300,1173,788,425,160,35,19488,1743,4
Zambia,1977,33818,11318,18209,6891,1769,918,868,1620,1360,1328,1573,2169,2540,1263,198,854,766,695,665,664,664,747,826,999,1170,1323,1217,828,435,163,35,19978,1786,4
Zambia,1978,34948,11638,18770,7132,1842,955,907,1693,1393,1358,1618,2234,2633,1331,208,893,800,713,680,679,679,763,855,1026,1208,1360,1273,881,450,169,39,20612,1862,5
Zambia,1979,36173,11947,19320,7373,1915,996,950,1784,1447,1402,1671,2315,2739,1412,216,941,843,741,706,699,703,784,887,1061,1254,1407,1332,941,471,176,40,21235,1946,5
Zambia,1980,37442,12233,19850,7617,1992,1040,996,1887,1515,1449,1731,2407,2850,1495,224,996,891,779,736,723,726,810,921,1103,1304,1459,1391,998,497,182,42,21842,2036,5
Zambia,1981,38614,12613,20442,7829,2062,1081,1034,1968,1560,1477,1767,2473,2938,1572,230,1041,927,805,755,737,740,825,942,1134,1339,1501,1437,1048,524,188,42,22504,2115,6
Zambia,1982,39965,13096,21176,8080,2144,1127,1076,2062,1614,1505,1804,2540,3021,1651,237,1090,972,837,777,751,754,844,960,1167,1373,1544,1477,1095,556,193,44,23320,2203,6
Zambia,1983,42174,13672,22076,8404,2233,1191,1149,2258,1772,1622,1928,2709,3202,1776,251,1186,1072,927,845,811,811,905,1023,1254,1455,1643,1559,1171,605,204,47,24309,2340,6
Zambia,1984,44586,14338,23254,8916,2348,1266,1227,2463,1935,1730,2031,2849,3343,1873,260,1285,1178,1021,914,870,860,958,1073,1323,1526,1722,1621,1230,643,212,48,25602,2493,6
Zambia,1985,47577,15098,24585,9487,2485,1360,1338,2753,2180,1910,2213,3069,3475,1934,270,1424,1329,1154,1026,966,944,1049,1164,1435,1634,1805,1670,1263,671,220,50,27070,2698,7
Zambia,1986,50654,15882,25992,10110,2627,1458,1453,3058,2443,2091,2378,3269,3603,1996,280,1566,1492,1297,1146,1066,1025,1130,1248,1532,1737,1882,1721,1297,699,230,50,28619,2911,7
Zambia,1987,53555,16608,27345,10737,2773,1550,1562,3336,2688,2250,2525,3449,3723,2052,294,1695,1641,1432,1256,1153,1097,1201,1324,1616,1833,1950,1773,1326,726,244,50,30118,3112,7
Zambia,1988,56763,17255,28541,11286,2912,1643,1692,3712,3054,2486,2745,3686,3863,2110,308,1866,1846,1627,1427,1279,1207,1308,1437,1725,1961,2033,1830,1356,754,257,51,31453,3335,7
Zambia,1989,59875,17869,29611,11742,3038,1730,1818,4091,3446,2740,2969,3928,4008,2164,323,2037,2054,1835,1611,1415,1325,1419,1550,1840,2088,2120,1888,1384,780,269,54,32649,3548,7
Zambia,1990,63151,18370,30539,12169,3171,1816,1951,4521,3905,3059,3242,4214,4167,2220,340,2230,2291,2078,1827,1588,1471,1553,1689,1982,2232,2222,1945,1416,804,283,57,33710,3767,7
Zambia,1991,66533,18887,31461,12574,3317,1915,2108,5012,4420,3398,3496,4450,4315,2279,354,2455,2557,2352,2068,1774,1624,1684,1812,2104,2346,2315,2000,1451,828,295,59,34778,4023,7
Zambia,1992,69256,19279,32084,12805,3371,1956,2200,5413,4914,3736,3745,4680,4445,2332,371,2630,2783,2609,2305,1962,1774,1811,1934,2229,2451,2406,2039,1484,848,308,63,35455,4156,8
Zambia,1993,71210,19586,32434,12848,3402,1996,2293,5737,5291,3987,3912,4832,4549,2380,386,2781,2956,2802,2489,2113,1874,1898,2014,2318,2514,2478,2071,1515,865,319,67,35836,4289,8
Zambia,1994,73773,19789,32598,12809,3390,2025,2391,6227,5916,4421,4211,5079,4675,2429,399,2987,3240,3119,2797,2365,2056,2058,2153,2457,2622,2565,2110,1545,884,330,69,35988,4416,8
Zambia,1995,75615,19910,32696,12786,3380,2050,2460,6603,6393,4749,4408,5216,4759,2479,416,3144,3459,3355,3038,2554,2195,2170,2238,2536,2680,2613,2146,1573,906,342,74,36076,4510,9
Zambia,1996,77705,19986,32770,12784,3379,2086,2538,7035,6936,5139,4639,5375,4845,2525,429,3322,3713,3622,3314,2777,2362,2303,2336,2625,2750,2660,2185,1597,928,352,77,36149,4624,9
Zambia,1997,80038,20063,32848,12785,3382,2122,2628,7533,7552,5584,4895,5549,4923,2570,439,3522,4011,3923,3629,3031,2553,2449,2446,2718,2831,2698,2225,1619,951,359,80,36230,4750,10
Zambia,1998,82397,20171,32934,12763,3325,2099,2656,8033,8294,6131,5168,5710,4977,2614,454,3690,4343,4286,4008,3338,2793,2603,2565,2808,2902,2718,2259,1638,976,369,85,36259,4755,10
Zambia,1999,84362,20257,32962,12705,3347,2131,2736,8456,8834,6559,5366,5817,5024,2656,464,3853,4603,4555,4279,3575,2984,2714,2652,2866,2951,2735,2289,1658,998,379,85,36309,4867,11
Zambia,2000,83771,20022,32333,12311,3330,2150,2795,8514,8811,6589,5330,5733,4999,2694,477,3888,4626,4549,4262,3594,2995,2704,2626,2820,2913,2705,2294,1678,1016,388,89,35663,4945,11
Zambia,2001,82412,19319,30856,11537,3152,2061,2758,8557,8996,6772,5387,5672,4964,2731,492,3870,4687,4645,4351,3696,3076,2747,2640,2793,2879,2678,2286,1697,1034,400,92,34008,4819,12
Zambia,2002,80960,18437,29044,10607,2820,1853,2585,8634,9518,7178,5532,5608,4901,2768,506,3801,4833,4905,4613,3926,3252,2851,2681,2776,2832,2637,2264,1720,1048,411,95,31864,4438,12
Zambia,2003,77900,17568,27281,9713,2684,1803,2552,8348,9145,7008,5422,5464,4860,2803,517,3696,4652,4722,4423,3814,3194,2814,2608,2698,2766,2609,2251,1743,1060,420,97,29965,4355,13
Zambia,2004,76019,16799,25687,8888,2434,1647,2388,8212,9337,7215,5504,5400,4814,2838,530,3574,4638,4808,4529,3917,3298,2889,2615,2678,2722,2580,2234,1762,1076,430,100,28121,4035,13
Zambia,2005,73954,16125,24242,8117,2250,1563,2332,8172,9395,7222,5423,5205,4733,2862,541,3545,4627,4842,4553,3917,3305,2866,2557,2583,2622,2520,2213,1772,1090,439,102,26492,3895,14
Zambia,2006,71911,15596,23178,7582,2125,1496,2248,7901,9189,7130,5377,5109,4703,2886,553,3436,4465,4726,4463,3845,3285,2848,2529,2539,2570,2492,2211,1781,1105,447,106,25303,3744,14
Zambia,2007,70340,15239,22499,7260,2040,1440,2170,7611,8947,7023,5363,5062,4704,2908,563,3317,4294,4586,4361,3763,3260,2843,2520,2519,2543,2484,2220,1784,1124,454,109,24539,3610,15
Zambia,2008,67495,14934,21931,6997,1966,1361,2011,6871,8153,6627,5292,5038,4729,2925,572,3017,3854,4146,4007,3508,3119,2784,2508,2499,2539,2493,2236,1785,1140,460,112,23897,3372,15
Zambia,2009,65499,14518,21160,6642,1908,1334,1976,6649,7860,6391,5145,4851,4688,2941,582,2931,3718,3992,3868,3379,3012,2704,2441,2395,2456,2447,2241,1789,1152,467,115,23068,3310,16
Zambia,2010,61534,14102,20413,6311,1844,1262,1827,5844,6841,5752,4837,4680,4663,2961,593,2609,3235,3451,3390,3015,2737,2522,2315,2296,2384,2416,2247,1800,1161,475,118,22257,3089,16
Zambia,2011,60168,14039,20268,6229,1847,1242,1767,5468,6383,5490,4752,4656,4691,2981,603,2454,3014,3200,3183,2869,2621,2468,2284,2277,2379,2424,2267,1815,1166,483,120,22115,3009,17
Zambia,2012,58239,13905,20024,6119,1873,1238,1709,4964,5706,5088,4611,4645,4743,3006,612,2264,2700,2841,2865,2640,2448,2372,2239,2262,2383,2446,2297,1835,1171,491,121,21897,2947,17
Zambia,2013,56685,13476,19331,5855,1823,1196,1638,4655,5395,4939,4585,4657,4792,3036,624,2133,2522,2669,2726,2555,2384,2346,2239,2279,2378,2466,2326,1862,1174,500,124,21154,2834,18
Zambia,2014,55022,13119,18717,5598,1777,1158,1560,4309,5012,4733,4518,4660,4853,3068,631,1989,2320,2466,2546,2438,2295,2295,2223,2288,2372,2493,2360,1889,1179,505,126,20494,2718,18
Zambia,2015,54516,13152,18758,5606,1800,1161,1525,4088,4748,4584,4471,4686,4930,3106,637,1906,2182,2331,2417,2353,2231,2253,2218,2297,2389,2533,2397,1918,1188,509,128,20558,2686,19
Zambia,2016,54080,12947,18386,5439,1768,1145,1488,3942,4625,4576,4523,4777,5035,3152,644,1847,2095,2264,2361,2339,2237,2265,2258,2342,2435,2591,2444,1952,1200,513,131,20154,2633,19
Zambia,2017,54208,13008,18445,5437,1789,1164,1486,3839,4495,4544,4549,4871,5155,3205,648,1813,2026,2195,2300,2312,2232,2264,2285,2387,2484,2654,2501,1988,1217,515,133,20234,2650,20
Zambia,2018,55054,13356,18961,5605,1840,1195,1493,3774,4407,4546,4606,5017,5277,3267,655,1794,1980,2147,2260,2302,2244,2279,2327,2451,2566,2714,2563,2031,1236,518,137,20801,2688,20
Zambia,2019,55091,13311,18842,5531,1825,1200,1491,3700,4310,4533,4637,5133,5408,3332,658,1768,1932,2089,2221,2283,2250,2288,2349,2498,2635,2773,2635,2075,1257,521,137,20667,2691,20
Zambia,2020,57092,13017,18298,5281,1755,1168,1418,3457,4229,4863,5311,6058,6146,3662,704,1646,1811,1991,2238,2387,2476,2588,2723,2935,3123,3204,2942,2274,1388,559,145,20053,2586,21
Zambia,2021,62093,12551,17516,4965,1658,1134,1556,3881,4870,5796,6336,7275,7105,4183,759,1853,2028,2260,2610,2844,2952,3083,3253,3589,3686,3721,3384,2610,1573,607,152,19174,2690,22
Zimbabwe,1950,21737,6683,10762,4079,1026,526,530,1221,1204,1074,1245,1671,1759,624,89,616,605,641,563,538,536,590,655,792,879,943,816,403,221,74,15,11788,1056,2
Zimbabwe,1951,22522,6821,11313,4492,1040,536,534,1234,1226,1079,1259,1714,1823,665,93,622,612,644,582,541,538,596,663,808,906,969,854,450,215,78,15,12353,1070,2
Zimbabwe,1952,23064,6865,11588,4723,1033,545,538,1254,1252,1100,1288,1764,1884,720,97,627,627,641,611,552,548,610,678,826,938,997,887,512,208,80,17,12621,1083,2
Zimbabwe,1953,23418,6902,11766,4864,1015,552,539,1263,1258,1104,1300,1802,1934,777,101,623,640,626,632,555,549,615,685,837,965,1020,914,571,206,85,16,12781,1091,2
Zimbabwe,1954,23741,6941,11853,4912,1035,557,540,1273,1266,1119,1317,1841,1990,842,102,621,652,616,650,565,554,622,695,848,993,1048,942,625,217,85,17,12888,1097,2
Zimbabwe,1955,24161,6998,11918,4920,1102,566,550,1293,1290,1150,1342,1889,2052,906,99,627,666,621,669,586,564,633,709,867,1022,1081,971,665,241,83,16,13020,1116,2
Zimbabwe,1956,24433,7060,11973,4913,1156,569,557,1290,1285,1165,1348,1912,2109,972,99,624,666,621,664,600,565,634,714,874,1038,1111,998,699,273,82,17,13129,1126,2
Zimbabwe,1957,24732,7129,12046,4917,1204,569,565,1288,1282,1186,1355,1934,2169,1036,97,624,664,630,652,620,566,636,719,882,1052,1144,1025,727,309,79,18,13250,1134,2
Zimbabwe,1958,25127,7202,12122,4920,1249,565,579,1298,1295,1230,1378,1973,2239,1099,97,631,667,649,646,652,578,645,733,900,1073,1186,1053,752,347,79,18,13371,1144,2
Zimbabwe,1959,25375,7241,12127,4886,1265,572,588,1300,1302,1262,1393,2002,2305,1155,104,635,665,664,638,672,590,650,743,913,1089,1220,1085,777,378,85,19,13392,1160,2
Zimbabwe,1960,25618,7288,12145,4857,1262,596,594,1303,1303,1287,1404,2029,2368,1209,116,640,663,670,633,682,605,656,748,924,1105,1249,1119,804,405,96,20,13407,1190,2
Zimbabwe,1961,25918,7318,12131,4813,1254,621,601,1323,1328,1328,1435,2074,2438,1253,129,652,671,682,646,694,634,672,763,945,1129,1281,1157,829,424,110,19,13385,1222,2
Zimbabwe,1962,26096,7341,12104,4763,1242,645,601,1327,1337,1341,1445,2101,2505,1297,143,659,668,680,657,682,659,677,768,955,1146,1306,1199,853,444,125,18,13346,1246,2
Zimbabwe,1963,26246,7343,12040,4697,1230,670,594,1336,1348,1359,1462,2133,2570,1343,159,668,668,676,672,670,689,686,776,969,1164,1329,1241,882,461,140,19,13270,1264,3
Zimbabwe,1964,26395,7338,11963,4625,1216,681,599,1349,1362,1377,1486,2165,2634,1389,173,677,672,675,687,663,714,701,785,982,1183,1353,1281,912,477,153,20,13179,1280,3
Zimbabwe,1965,26520,7339,11889,4550,1201,677,618,1357,1364,1385,1512,2189,2691,1440,187,682,675,671,693,659,726,719,793,991,1198,1374,1317,944,496,164,23,13090,1295,3
Zimbabwe,1966,26680,7351,11844,4493,1192,674,644,1365,1365,1393,1546,2215,2748,1494,198,686,679,668,697,664,729,744,802,1001,1214,1398,1350,980,514,172,26,13036,1318,3
Zimbabwe,1967,27043,7378,11818,4440,1185,672,681,1399,1399,1431,1616,2266,2810,1549,212,695,704,685,714,693,738,792,824,1023,1243,1429,1381,1017,532,181,31,13003,1353,2
Zimbabwe,1968,27412,7452,11875,4423,1185,675,723,1417,1412,1449,1673,2301,2865,1606,224,695,722,694,718,718,731,832,841,1036,1265,1457,1408,1055,551,189,35,13060,1398,3
Zimbabwe,1969,27995,7572,12010,4438,1196,683,759,1467,1448,1487,1750,2360,2930,1663,235,718,749,714,734,750,737,878,872,1063,1297,1490,1440,1091,572,197,38,13206,1442,3
Zimbabwe,1970,28445,7734,12234,4500,1210,692,767,1510,1451,1488,1779,2370,2974,1723,246,751,759,720,731,757,731,890,889,1066,1304,1509,1465,1127,596,205,41,13444,1459,3
Zimbabwe,1971,29085,7922,12514,4592,1234,704,780,1565,1456,1497,1831,2436,3026,1779,258,797,768,727,729,761,736,899,932,1107,1329,1532,1494,1158,621,215,43,13748,1484,4
Zimbabwe,1972,29775,8170,12881,4711,1265,717,795,1617,1457,1500,1864,2495,3076,1832,267,845,772,735,722,754,746,886,978,1138,1357,1554,1522,1185,647,222,45,14146,1512,4
Zimbabwe,1973,30586,8484,13340,4856,1302,735,810,1675,1465,1511,1894,2559,3125,1884,278,905,770,746,719,749,762,868,1026,1168,1391,1575,1550,1210,674,231,47,14642,1545,5
Zimbabwe,1974,31471,8807,13830,5023,1342,755,828,1741,1482,1522,1919,2636,3177,1938,293,950,791,761,721,745,777,855,1064,1203,1433,1598,1579,1238,700,242,51,15172,1583,5
Zimbabwe,1975,32562,9136,14378,5242,1397,784,855,1832,1528,1548,1955,2738,3243,1997,305,981,851,787,741,752,796,860,1095,1252,1486,1630,1613,1271,726,253,52,15775,1639,6
Zimbabwe,1976,33589,9423,14875,5452,1447,807,881,1925,1561,1568,1988,2852,3308,2048,319,1012,913,805,756,760,808,874,1114,1316,1536,1665,1643,1300,748,265,54,16322,1688,6
Zimbabwe,1977,34641,9653,15304,5651,1500,834,912,2035,1605,1594,2024,2995,3391,2103,335,1049,986,824,781,772,822,902,1122,1403,1592,1714,1677,1333,770,278,57,16804,1746,7
Zimbabwe,1978,35536,9796,15605,5809,1551,855,950,2151,1601,1605,2075,3194,3449,2140,350,1093,1058,811,790,782,823,939,1136,1533,1661,1752,1697,1354,786,290,60,17156,1805,7
Zimbabwe,1979,36144,9777,15708,5931,1621,876,965,2167,1520,1520,2134,3532,3536,2190,364,1100,1067,774,746,734,786,957,1177,1728,1804,1810,1726,1384,806,302,62,17329,1841,7
Zimbabwe,1980,35455,9723,15493,5770,1611,865,920,2019,1417,1347,2004,3630,3555,2208,376,1025,994,744,673,646,701,890,1114,1730,1900,1831,1724,1391,817,310,66,17104,1785,8
Zimbabwe,1981,35177,10192,15618,5426,1565,861,891,2050,1654,1450,1757,3133,3584,2226,386,1006,1044,884,770,720,730,843,914,1304,1829,1853,1731,1397,829,318,68,17183,1752,8
Zimbabwe,1982,35278,10151,15411,5260,1499,843,884,2035,1732,1488,1797,3143,3728,2301,406,991,1044,943,789,745,743,860,937,1284,1859,1937,1791,1440,861,332,74,16910,1727,9
Zimbabwe,1983,35285,9902,15080,5178,1454,830,881,2023,1816,1545,1846,3081,3928,2371,425,980,1043,1008,808,780,765,877,969,1239,1842,2066,1862,1481,890,347,78,16534,1711,9
Zimbabwe,1984,34534,9330,14211,4881,1351,802,870,1933,1817,1566,1908,3050,4140,2430,444,943,990,1007,810,790,776,891,1017,1275,1775,2217,1923,1512,918,361,83,15562,1672,10
Zimbabwe,1985,33680,8840,13463,4623,1284,777,851,1851,1797,1557,1917,3000,4266,2458,453,910,941,970,827,785,772,887,1030,1270,1730,2293,1973,1528,930,368,85,14747,1628,11
Zimbabwe,1986,33161,8448,12823,4375,1252,761,843,1795,1789,1562,1930,3030,4362,2529,469,892,903,939,850,783,779,886,1044,1285,1745,2320,2042,1572,957,380,89,14075,1604,11
Zimbabwe,1987,33755,8231,12479,4248,1277,775,877,1871,1930,1680,2051,3185,4519,2609,489,934,937,982,948,837,843,941,1110,1376,1809,2377,2142,1625,984,394,95,13756,1652,12
Zimbabwe,1988,35249,8041,12279,4238,1369,835,970,2032,2148,1878,2275,3552,4694,2696,507,1032,1000,1050,1098,922,956,1041,1234,1619,1933,2401,2293,1685,1011,409,98,13648,1805,13
Zimbabwe,1989,37319,8003,12314,4311,1494,914,1091,2257,2383,2133,2534,3979,4889,2791,527,1167,1090,1133,1250,1046,1087,1164,1370,1871,2108,2383,2506,1752,1039,423,104,13808,2005,14
Zimbabwe,1990,40032,8228,12657,4429,1599,1002,1237,2653,2741,2499,2801,4327,5064,2893,546,1370,1283,1298,1443,1257,1242,1310,1491,2022,2305,2417,2647,1824,1069,439,107,14256,2239,15
Zimbabwe,1991,44172,8635,13262,4627,1701,1119,1432,3269,3339,3091,3244,4855,5270,3006,566,1667,1602,1579,1760,1599,1492,1548,1696,2251,2604,2558,2712,1900,1106,454,112,14963,2551,16
Zimbabwe,1992,48767,9158,14094,4936,1817,1276,1671,4048,4022,3728,3660,5278,5434,3139,588,2033,2015,1917,2105,1993,1735,1786,1874,2407,2871,2680,2754,1987,1152,471,117,15911,2947,17
Zimbabwe,1993,54840,9556,14935,5379,1975,1485,1984,5028,4891,4636,4326,6016,5614,3325,608,2502,2526,2344,2547,2560,2076,2140,2186,2782,3234,2856,2758,2121,1204,487,121,16910,3469,17
Zimbabwe,1994,59941,9820,15412,5592,1980,1610,2203,5991,5686,5602,4963,6545,5744,3557,631,2936,3055,2739,2947,3104,2498,2516,2447,3005,3540,3044,2700,2301,1256,503,128,17392,3813,18
Zimbabwe,1995,66252,10094,15898,5804,2007,1763,2499,7324,6770,6775,5738,7096,5987,3720,655,3520,3804,3317,3453,3674,3101,2958,2780,3247,3849,3284,2703,2405,1315,521,134,17905,4262,20
Zimbabwe,1996,73255,10586,16678,6092,1999,1808,2670,8753,8232,8120,6599,7578,6297,3816,685,4043,4710,4131,4101,4316,3804,3437,3162,3467,4111,3533,2764,2435,1381,545,140,18677,4478,21
Zimbabwe,1997,77631,10951,17010,6059,1926,1805,2881,9876,9164,8903,7120,7777,6546,3883,717,4476,5400,4733,4431,4606,4297,3699,3421,3566,4211,3748,2798,2433,1450,571,146,18936,4686,22
Zimbabwe,1998,83087,11305,17436,6131,1937,1856,3210,11260,10357,9810,7673,7969,6840,3962,753,5027,6233,5506,4851,4919,4891,3950,3723,3701,4268,3964,2876,2402,1560,601,152,19373,5066,23
Zimbabwe,1999,91920,11592,17805,6213,1941,1902,3674,13674,12833,11326,8600,8215,7100,4036,789,5927,7747,7003,5830,5604,5722,4470,4130,3905,4310,4126,2974,2326,1710,631,158,19746,5576,24
Zimbabwe,2000,98026,11766,18050,6284,1965,1920,4001,14787,14061,12064,9779,8904,7558,4082,830,6366,8421,7770,6291,5871,6193,5148,4631,4335,4569,4409,3149,2290,1792,665,165,20015,5921,26
Zimbabwe,2001,118192,11768,18075,6307,1821,1837,4458,20630,21408,15967,11992,9377,7623,4105,874,8285,12345,11970,9438,7941,8026,6618,5374,4754,4623,4396,3227,2306,1799,701,173,19896,6295,27
Zimbabwe,2002,103186,11760,18134,6374,1948,1832,4140,16341,15791,12213,10847,9165,7699,4122,928,7014,9327,8826,6965,5880,6333,5936,4911,4662,4503,4343,3356,2321,1801,744,184,20082,5972,29
Zimbabwe,2003,112572,11712,18122,6410,1821,1690,4078,19651,20317,13786,11646,8945,7343,4133,1005,8069,11582,11378,8939,6826,6960,6666,4980,4666,4279,4004,3339,2348,1785,809,196,19943,5768,30
Zimbabwe,2004,106779,11789,18255,6466,2010,1792,4028,17836,17657,11913,11413,9221,7379,4142,1101,7732,10104,9844,7813,5841,6072,6427,4986,4829,4392,3954,3425,2395,1747,894,207,20265,5820,32
Zimbabwe,2005,107340,11788,18445,6657,2072,1757,3792,17951,18281,11638,11592,9305,7124,4193,1157,7771,10180,10128,8153,5803,5835,6366,5226,4910,4395,3748,3376,2457,1736,937,220,20517,5549,33
Zimbabwe,2006,104681,11900,18735,6835,2198,1772,3566,16943,17359,10792,11443,9451,6936,4278,1173,7354,9589,9545,7814,5461,5331,6067,5376,4973,4478,3617,3319,2523,1755,938,235,20933,5338,36
Zimbabwe,2007,106414,12145,19040,6895,2162,1698,3329,17559,18905,10958,11346,9243,6575,4371,1191,7269,10290,10342,8563,5782,5176,5867,5479,4820,4423,3410,3165,2598,1773,940,251,21202,5027,38
Zimbabwe,2008,101582,12478,19494,7016,2385,1815,3196,15712,16717,9883,10874,9291,6462,4497,1217,6476,9236,9058,7659,5298,4585,5354,5520,4762,4529,3384,3078,2679,1818,941,276,21879,5011,41
Zimbabwe,2009,96380,12578,19359,6781,2270,1731,2904,14371,15608,9200,10034,8921,6136,4565,1240,5710,8661,8372,7236,5063,4137,4788,5246,4553,4368,3244,2892,2699,1866,931,309,21629,4635,44
Zimbabwe,2010,86636,12199,18369,6170,1940,1501,2438,11824,13244,8097,8858,8604,5873,4588,1253,4566,7258,7003,6241,4517,3580,4116,4742,4418,4186,3157,2716,2672,1916,929,324,20309,3939,47
Zimbabwe,2011,76778,11726,17519,5793,1808,1419,2147,9313,10555,6757,7500,8123,5698,4621,1265,3629,5684,5547,5008,3780,2977,3387,4113,4173,3950,3099,2599,2645,1976,944,321,19327,3566,50
Zimbabwe,2012,70339,10707,15805,5098,1536,1238,1853,7824,9562,6320,6781,7864,5591,4628,1282,3017,4807,5000,4562,3545,2775,3025,3756,4077,3787,3080,2511,2587,2041,960,322,17341,3091,54
Zimbabwe,2013,65834,9989,14647,4658,1398,1142,1698,6676,8655,5965,6217,7808,5656,4599,1311,2613,4063,4523,4132,3335,2630,2742,3475,4092,3716,3162,2494,2503,2096,986,325,16045,2840,60
Zimbabwe,2014,62939,9428,13796,4368,1324,1075,1613,5884,8062,5798,5804,7833,5791,4543,1351,2359,3525,4222,3840,3220,2578,2555,3249,4082,3751,3266,2525,2419,2124,1023,328,15120,2688,68
Zimbabwe,2015,61715,9121,13391,4270,1323,1044,1596,5407,7755,5807,5538,7919,5987,4481,1395,2228,3179,4055,3700,3202,2605,2458,3080,4019,3900,3379,2608,2353,2128,1063,332,14714,2640,72
Zimbabwe,2016,60484,8719,12733,4014,1296,992,1568,5006,7495,5882,5362,8003,6214,4421,1439,2115,2891,3848,3647,3215,2667,2423,2939,3950,4053,3495,2719,2310,2111,1102,337,14029,2560,71
Zimbabwe,2017,60084,8506,12369,3863,1312,968,1562,4753,7323,6017,5276,8111,6465,4361,1489,2058,2695,3645,3678,3258,2759,2445,2831,3885,4226,3607,2858,2290,2071,1144,345,13681,2530,72
Zimbabwe,2018,59379,8231,11871,3640,1265,918,1525,4532,7107,6125,5236,8202,6677,4310,1539,2003,2529,3401,3706,3280,2845,2500,2736,3791,4411,3671,3006,2298,2012,1179,360,13136,2443,74
Zimbabwe,2019,60592,8227,11893,3666,1343,952,1552,4567,7181,6428,5377,8329,7003,4311,1580,2057,2510,3296,3885,3403,3025,2652,2725,3747,4582,3832,3171,2353,1958,1203,377,13236,2504,77
Zimbabwe,2020,61284,8161,11727,3566,1272,917,1401,4193,6649,6503,5677,8866,7823,4524,1646,1916,2277,2921,3728,3358,3145,2863,2814,3880,4986,4389,3434,2531,1993,1244,402,12999,2318,80
Zimbabwe,2021,69665,8189,11755,3566,1270,951,1565,4719,7387,7767,6815,10175,9712,5587,1874,2204,2515,3138,4249,3996,3771,3496,3319,4441,5734,5399,4313,3203,2384,1416,458,13025,2516,87