Country name,Year,Male deaths,Male deaths of children under the age of 1,Male deaths of children under the age of 5,Male deaths aged 1 to 4 years,Male deaths aged 5 to 9 years,Male deaths aged 10 to 14 years,Male deaths aged 15 to 19 years,Male deaths aged 20 to 29 years,Male deaths aged 30 to 39 years,Male deaths aged 40 to 49 years,Male deaths aged 50 to 59 years,Male deaths aged 60 to 69 years,Male deaths aged 70 to 79 years,Male deaths aged 80 to 89 years,Male deaths aged 90 to 99 years,deaths__male__20_24__records,deaths__male__25_29__records,deaths__male__30_34__records,deaths__male__35_39__records,deaths__male__40_44__records,deaths__male__45_49__records,deaths__male__50_54__records,deaths__male__55_59__records,deaths__male__60_64__records,deaths__male__65_69__records,deaths__male__70_74__records,deaths__male__75_79__records,deaths__male__80_84__records,deaths__male__85_89__records,deaths__male__90_94__records,deaths__male__95_99__records,deaths__male__0_9__records,deaths__male__10_19__records,deaths__male__100plus__records
Afghanistan,1950,152514,56882,81095,24213,4872,3095,3794,9637,9471,9926,10813,11147,7218,1410,29,4909,4728,4708,4763,4904,5022,5307,5506,5784,5363,4377,2841,1150,260,29,0,85967,6889,0
Afghanistan,1951,152188,56727,80662,23935,4927,3109,3807,9691,9511,9873,10713,11088,7279,1489,29,4925,4766,4731,4780,4890,4983,5271,5442,5747,5341,4395,2884,1207,282,28,1,85589,6916,0
Afghanistan,1952,151241,56674,80132,23458,4930,3095,3795,9659,9470,9749,10547,10978,7301,1552,35,4887,4772,4713,4757,4857,4892,5219,5328,5689,5289,4388,2913,1253,299,32,3,85062,6890,0
Afghanistan,1953,150571,56589,79857,23268,4888,3082,3789,9623,9431,9639,10397,10885,7333,1607,40,4848,4775,4698,4733,4839,4800,5183,5214,5643,5242,4388,2945,1293,314,37,3,84745,6871,0
Afghanistan,1954,150791,56459,79807,23348,4924,3156,3842,9678,9478,9617,10327,10857,7391,1665,46,4863,4815,4729,4749,4859,4758,5176,5151,5625,5232,4406,2985,1330,335,43,3,84731,6998,0
Afghanistan,1955,149319,56240,79487,23247,4748,3076,3765,9518,9357,9449,10105,10677,7368,1715,50,4774,4744,4672,4685,4795,4654,5075,5030,5519,5158,4375,2993,1357,358,47,3,84235,6841,0
Afghanistan,1956,149012,56169,79522,23353,4681,3088,3753,9472,9342,9393,9988,10572,7382,1767,52,4752,4720,4672,4670,4779,4614,5010,4978,5441,5131,4367,3015,1388,379,50,2,84203,6841,0
Afghanistan,1957,148408,56054,79449,23395,4619,3078,3722,9388,9301,9324,9850,10430,7375,1813,56,4721,4667,4661,4640,4746,4578,4918,4932,5331,5099,4343,3032,1416,397,53,3,84068,6800,0
Afghanistan,1958,147683,55911,79304,23393,4586,3050,3689,9292,9248,9252,9708,10278,7358,1854,61,4688,4604,4642,4606,4704,4548,4814,4894,5213,5065,4315,3043,1440,414,58,3,83890,6739,0
Afghanistan,1959,147066,55799,79197,23398,4577,3007,3666,9201,9191,9187,9574,10145,7354,1896,66,4657,4544,4614,4577,4665,4522,4725,4849,5117,5028,4296,3058,1466,430,62,4,83774,6673,0
Afghanistan,1960,147069,55926,79431,23505,4608,2968,3669,9154,9171,9167,9491,10040,7359,1939,72,4641,4513,4597,4574,4652,4515,4678,4813,5051,4989,4287,3072,1494,445,68,4,84039,6637,0
Afghanistan,1961,146981,56072,79660,23588,4640,2913,3670,9093,9128,9135,9400,9925,7361,1982,77,4612,4481,4562,4566,4634,4501,4640,4760,4997,4928,4279,3082,1521,461,73,4,84300,6583,0
Afghanistan,1962,147393,56361,80118,23757,4692,2879,3682,9071,9115,9135,9351,9853,7389,2029,84,4597,4474,4534,4581,4633,4502,4640,4711,4986,4867,4290,3099,1550,479,78,6,84810,6561,0
Afghanistan,1963,147965,56701,80654,23953,4751,2867,3679,9065,9105,9144,9318,9797,7425,2077,88,4590,4475,4505,4600,4638,4506,4656,4662,4992,4805,4307,3118,1581,496,82,6,85405,6546,0
Afghanistan,1964,148508,57043,81176,24133,4802,2869,3655,9061,9082,9155,9297,9746,7448,2123,94,4591,4470,4476,4606,4646,4509,4671,4626,4992,4754,4312,3136,1609,514,87,7,85978,6524,0
Afghanistan,1965,149185,57384,81737,24353,4864,2892,3619,9075,9067,9185,9298,9711,7470,2167,100,4609,4466,4459,4608,4664,4521,4690,4608,4985,4726,4312,3158,1637,530,92,8,86601,6511,0
Afghanistan,1966,149900,57772,82337,24565,4924,2925,3570,9088,9045,9218,9317,9680,7478,2210,103,4632,4456,4447,4598,4684,4534,4708,4609,4966,4714,4296,3182,1663,547,95,8,87261,6495,0
Afghanistan,1967,150719,58198,82983,24785,4985,2962,3531,9095,9024,9260,9355,9669,7486,2254,109,4650,4445,4445,4579,4711,4549,4726,4629,4938,4731,4269,3217,1689,565,101,8,87968,6493,0
Afghanistan,1968,151466,58568,83557,24989,5045,2995,3516,9079,8996,9299,9407,9666,7490,2300,115,4643,4436,4444,4552,4735,4564,4743,4664,4904,4762,4239,3251,1715,585,106,9,88602,6511,0
Afghanistan,1969,152169,58906,84091,25185,5105,3029,3518,9043,8966,9333,9455,9667,7498,2343,122,4609,4434,4439,4527,4748,4585,4758,4697,4882,4785,4219,3279,1742,601,111,11,89196,6547,0
Afghanistan,1970,152875,59187,84579,25392,5166,3064,3541,9006,8936,9356,9511,9682,7515,2389,127,4558,4448,4429,4507,4749,4607,4780,4731,4882,4800,4217,3298,1771,618,116,11,89745,6605,0
Afghanistan,1971,153706,59533,85133,25600,5233,3104,3586,8964,8916,9381,9575,9706,7542,2437,134,4496,4468,4418,4498,4744,4637,4807,4768,4899,4807,4235,3307,1801,636,122,12,90366,6690,1
Afghanistan,1972,154263,59784,85525,25741,5285,3130,3620,8902,8878,9377,9613,9728,7575,2488,139,4433,4469,4394,4484,4716,4661,4822,4791,4932,4796,4269,3306,1836,652,126,13,90810,6750,1
Afghanistan,1973,154686,60025,85845,25820,5327,3155,3648,8835,8834,9358,9645,9747,7610,2537,146,4398,4437,4366,4468,4678,4680,4835,4810,4971,4776,4312,3298,1869,668,133,13,91172,6803,1
Afghanistan,1974,155282,60341,86267,25926,5376,3180,3681,8779,8806,9336,9691,9783,7648,2584,152,4391,4388,4351,4455,4644,4692,4856,4835,5012,4771,4348,3300,1898,686,138,14,91643,6861,1
Afghanistan,1975,155604,60474,86476,26002,5414,3203,3709,8715,8770,9295,9731,9826,7686,2624,158,4401,4314,4341,4429,4610,4685,4874,4857,5047,4779,4373,3313,1920,704,144,14,91890,6912,1
Afghanistan,1976,155740,60504,86551,26047,5448,3222,3731,8650,8726,9240,9763,9870,7717,2656,163,4425,4225,4332,4394,4577,4663,4889,4874,5073,4797,4382,3335,1935,721,148,15,91999,6953,1
Afghanistan,1977,155173,60304,86215,25911,5445,3222,3733,8555,8621,9133,9760,9904,7733,2677,170,4426,4129,4290,4331,4526,4607,4889,4871,5084,4820,4367,3366,1939,738,154,16,91660,6955,1
Afghanistan,1978,165698,60988,88125,27137,5953,3504,4526,11037,10171,10167,10630,10555,8088,2759,178,5801,5236,5149,5022,5092,5075,5346,5284,5427,5128,4556,3532,1991,768,159,19,94078,8030,1
Afghanistan,1979,177964,61658,90342,28684,6623,3870,5477,13914,11913,11363,11642,11314,8482,2841,184,7389,6525,6085,5828,5741,5622,5872,5770,5831,5483,4779,3703,2046,795,165,19,96965,9347,1
Afghanistan,1980,171956,59365,87063,27698,6462,3776,5368,13582,11431,10931,11277,10961,8173,2746,183,7235,6347,5795,5636,5526,5405,5672,5605,5646,5315,4602,3571,1974,772,164,19,93525,9144,1
Afghanistan,1981,156482,53770,78924,25154,5936,3472,4966,12551,10328,9908,10286,10006,7422,2507,170,6695,5856,5183,5145,5004,4904,5150,5136,5153,4853,4190,3232,1802,705,153,17,84860,8438,1
Afghanistan,1982,147649,46027,69244,23217,5907,3431,5481,14469,10920,9897,9921,9339,6698,2191,150,7769,6700,5518,5402,5035,4862,4963,4958,4845,4494,3831,2867,1585,606,135,15,75151,8912,1
Afghanistan,1983,140305,43450,65407,21957,5661,3289,5333,14048,10367,9403,9421,8860,6304,2062,142,7560,6488,5253,5114,4777,4626,4684,4737,4606,4254,3634,2670,1497,565,128,14,71068,8622,1
Afghanistan,1984,174733,46060,72615,26555,7552,4341,8045,22086,14998,12705,12022,10747,7256,2219,149,11968,10118,7776,7222,6542,6163,6012,6010,5659,5088,4250,3006,1625,594,134,15,80167,12386,1
Afghanistan,1985,181947,47705,75133,27428,7956,4589,8610,23442,15618,13242,12457,11115,7396,2237,150,12740,10702,8184,7434,6838,6404,6226,6231,5873,5242,4353,3043,1637,600,135,15,83089,13199,1
Afghanistan,1986,141010,43378,64950,21572,5831,3427,5784,14966,10367,9431,9345,8793,6050,1930,136,8133,6833,5427,4940,4824,4607,4628,4717,4613,4180,3533,2517,1396,534,122,14,70781,9211,1
Afghanistan,1987,136898,42020,62898,20878,5648,3336,5725,14777,10022,9098,9012,8546,5857,1846,132,8062,6715,5300,4722,4662,4436,4472,4540,4494,4052,3417,2440,1329,517,118,14,68546,9061,1
Afghanistan,1988,113158,38720,56148,17428,4405,2643,4141,10196,7229,6949,7271,7251,5128,1672,124,5561,4635,3788,3441,3506,3443,3586,3685,3786,3465,2962,2166,1192,480,110,14,60553,6784,1
Afghanistan,1989,110071,38339,55248,16909,4212,2539,3951,9657,6826,6591,7024,7138,5095,1667,125,5280,4377,3579,3247,3291,3300,3457,3567,3711,3427,2933,2162,1185,482,111,14,59460,6490,1
Afghanistan,1990,110102,38566,55407,16841,4183,2515,3941,9649,6751,6472,6989,7195,5176,1695,127,5287,4362,3543,3208,3193,3279,3432,3557,3722,3473,2974,2202,1207,488,113,14,59590,6456,1
Afghanistan,1991,104274,36690,52476,15786,3922,2342,3743,9294,6410,6023,6561,6813,4938,1622,123,5099,4195,3373,3037,2935,3088,3213,3348,3504,3309,2833,2105,1158,464,109,14,56398,6085,1
Afghanistan,1992,104633,36679,51940,15261,3762,2241,3828,9922,6656,6044,6563,6861,5018,1666,127,5451,4471,3536,3120,2935,3109,3205,3358,3503,3358,2874,2144,1194,472,113,14,55702,6069,1
Afghanistan,1993,104343,41435,57090,15655,3678,2176,2952,6693,5142,5353,6443,7209,5531,1922,151,3640,3053,2637,2505,2534,2819,3091,3352,3617,3592,3145,2386,1375,547,134,17,60768,5128,1
Afghanistan,1994,119122,45302,62046,16744,3929,2331,3768,9707,6778,6366,7391,8144,6295,2194,172,5304,4403,3580,3198,3072,3294,3560,3831,4076,4068,3579,2716,1573,621,153,19,65975,6099,1
Afghanistan,1995,122012,47824,65530,17706,4219,2441,3526,8507,6256,6180,7539,8512,6738,2380,186,4622,3885,3254,3002,2972,3208,3613,3926,4233,4279,3821,2917,1704,676,166,20,69749,5967,1
Afghanistan,1996,123242,48409,66162,17753,4247,2431,3498,8520,6266,6135,7612,8676,7002,2497,193,4617,3903,3267,2999,2981,3154,3648,3964,4302,4374,3963,3039,1786,711,172,21,70409,5929,1
Afghanistan,1997,125327,48874,67061,18187,4471,2525,3516,8472,6289,6153,7758,8926,7326,2630,203,4576,3896,3277,3012,3009,3144,3715,4043,4424,4502,4143,3183,1877,753,180,23,71532,6041,1
Afghanistan,1998,133815,49357,68320,18963,5026,2907,4165,10592,7475,6810,8301,9435,7777,2790,212,5725,4867,3975,3500,3380,3430,3982,4319,4698,4737,4400,3377,1988,802,188,24,73346,7072,1
Afghanistan,1999,126429,49016,67112,18096,4626,2604,3431,8240,6265,6127,7824,9241,7852,2880,221,4417,3823,3268,2997,3006,3121,3695,4129,4578,4663,4418,3434,2044,836,196,25,71738,6035,2
Afghanistan,2000,128425,49114,67157,18043,4707,2662,3529,8646,6550,6290,7957,9487,8172,3034,233,4623,4023,3435,3115,3091,3199,3717,4240,4693,4794,4576,3596,2150,884,207,26,71864,6191,2
Afghanistan,2001,122631,46454,63450,16996,4543,2583,3380,8245,6317,6047,7602,9186,8023,3018,235,4393,3852,3312,3005,2964,3083,3499,4103,4530,4656,4465,3558,2135,883,208,27,67993,5963,2
Afghanistan,2002,120036,45644,62387,16743,4656,2664,3185,7227,5879,5854,7465,9211,8146,3116,247,3826,3401,3039,2840,2848,3006,3391,4074,4518,4693,4500,3646,2200,916,218,29,67043,5849,2
Afghanistan,2003,126086,47761,64740,16979,4717,2734,3359,7651,6247,6200,7894,9900,8897,3465,276,4047,3604,3228,3019,3014,3186,3575,4319,4831,5069,4874,4023,2443,1022,245,31,69457,6093,2
Afghanistan,2004,127566,47776,64663,16887,4799,2819,3428,7588,6328,6333,8044,10259,9313,3694,296,4007,3581,3250,3078,3075,3258,3651,4393,4992,5267,5074,4239,2601,1093,263,33,69462,6247,2
Afghanistan,2005,126795,46450,62832,16382,4786,2854,3534,7788,6490,6428,8047,10391,9497,3835,311,4118,3670,3334,3156,3131,3297,3684,4363,5057,5334,5156,4341,2697,1138,276,35,67618,6388,2
Afghanistan,2006,130325,46206,62161,15955,4780,2912,3855,8862,7180,6855,8320,10790,9923,4164,494,4702,4160,3718,3462,3366,3489,3867,4453,5262,5528,5372,4551,2895,1269,371,123,66941,6767,27
Afghanistan,2007,131951,45373,60623,15250,4667,2912,4143,9895,7798,7207,8500,11059,10241,4376,499,5286,4609,4068,3730,3567,3640,3993,4507,5398,5661,5544,4697,3040,1336,386,113,65290,7055,32
Afghanistan,2008,123329,41911,56457,14546,4571,2887,3919,8568,6920,6742,8149,10821,10098,4063,122,4646,3922,3550,3370,3312,3430,3821,4328,5251,5570,5493,4605,2936,1127,122,0,61028,6806,14
Afghanistan,2009,123583,41270,55583,14313,4671,2966,3925,8186,6742,6829,8315,11073,10506,4434,322,4475,3711,3409,3333,3343,3486,3901,4414,5325,5748,5701,4805,3141,1293,248,74,60254,6891,29
Afghanistan,2010,123311,40615,54228,13613,4613,2978,4033,8330,6774,6953,8449,11215,10789,4635,298,4602,3728,3409,3365,3404,3549,3961,4488,5329,5886,5842,4947,3263,1372,270,28,58841,7011,19
Afghanistan,2011,121782,39423,52273,12850,4498,2941,4085,8362,6692,7010,8556,11292,11021,4776,268,4664,3698,3348,3344,3422,3588,3998,4558,5289,6003,5951,5070,3356,1420,265,3,56771,7026,10
Afghanistan,2012,124308,39654,51945,12291,4432,2932,4205,8803,6902,7307,8869,11587,11495,5209,576,4918,3885,3446,3456,3561,3746,4143,4726,5374,6213,6169,5326,3579,1630,435,141,56377,7137,42
Afghanistan,2013,125053,39423,51266,11843,4308,2901,4259,9050,6954,7493,9093,11777,11857,5451,592,5066,3984,3461,3493,3637,3856,4248,4845,5453,6324,6336,5521,3719,1732,468,124,55574,7160,47
Afghanistan,2014,128527,39224,51182,11958,4353,2975,4544,9979,7367,7911,9487,12090,12311,5691,591,5592,4387,3677,3690,3837,4074,4444,5043,5627,6463,6570,5741,3871,1820,488,103,55535,7519,40
Afghanistan,2015,133809,39271,51283,12012,4416,3055,4922,11367,8040,8488,10017,12500,12868,6049,749,6355,5012,4051,3989,4121,4367,4714,5303,5882,6618,6868,6000,4082,1967,580,169,55699,7977,53
Afghanistan,2016,132330,38023,49507,11484,4257,2982,4919,11529,7995,8570,10185,12590,13122,6108,538,6448,5081,4040,3955,4134,4436,4798,5387,5996,6594,7017,6105,4155,1953,497,41,53764,7901,24
Afghanistan,2017,142289,36198,45774,9576,3573,2723,6357,18345,11196,10126,10986,12922,13466,6287,520,10256,8089,5994,5202,5022,5104,5251,5735,6241,6681,7206,6260,4289,1998,489,31,49347,9080,13
Afghanistan,2018,147434,35694,44852,9158,3513,2695,6870,20638,12276,10789,11549,13321,13848,6532,545,11490,9148,6677,5599,5356,5433,5551,5998,6475,6846,7385,6463,4459,2073,515,30,48365,9565,7
Afghanistan,2019,146021,35457,44603,9146,3628,2696,6557,19367,11668,10618,11763,13608,14144,6776,589,10723,8644,6353,5315,5201,5417,5648,6115,6621,6987,7483,6661,4618,2158,551,38,48231,9253,4
Afghanistan,2020,155192,35341,44536,9195,3762,2712,6230,18209,11502,11583,14108,16901,16788,8129,729,10018,8191,6161,5341,5507,6076,6663,7445,8183,8718,8931,7857,5465,2664,669,60,48298,8942,3
Afghanistan,2021,168877,35428,44484,9056,3801,2759,7333,22897,14014,13109,15461,18087,17589,8475,855,12515,10382,7688,6326,6283,6826,7407,8054,8768,9319,9280,8309,5738,2737,730,125,48285,10092,17
Africa (UN),1950,3152087,1072385,1816459,744074,151669,69998,73793,174073,151072,149731,156990,177089,159515,64729,6834,90645,83428,76721,74351,75012,74719,77796,79194,86386,90703,88955,70560,45881,18848,5741,1093,1968128,143791,134
Africa (UN),1951,3187351,1087512,1830710,743198,155106,70686,74506,176619,153673,152433,160128,179453,161902,65489,6508,91878,84741,78068,75605,76255,76178,79380,80748,87626,91827,90348,71554,46047,19442,5485,1023,1985816,145192,135
Africa (UN),1952,3199460,1092383,1832159,739776,154826,70901,74873,178846,155873,154302,162127,180373,163355,65430,6256,92937,85909,79204,76669,77069,77233,80357,81770,88231,92142,90982,72373,45650,19780,5234,1022,1986985,145774,137
Africa (UN),1953,3216657,1096861,1836096,739235,159372,71037,74807,179488,157171,155909,164318,181518,165018,65631,6153,93125,86363,79775,77396,77669,78240,81374,82944,88983,92535,91617,73401,45514,20117,5140,1013,1995468,145844,136
Africa (UN),1954,3252430,1098781,1838762,739981,157793,71868,77025,189224,163816,160752,168894,184360,167519,66113,6170,98296,90928,83338,80478,80028,80724,83622,85272,90699,93661,92789,74730,45782,20331,5191,979,1996555,148893,130
Africa (UN),1955,3266607,1101516,1842493,740977,157218,72508,77096,189600,165080,162361,171408,186459,169286,66734,6248,98308,91292,83844,81236,80707,81654,84799,86609,91997,94462,93562,75724,46297,20437,5302,946,1999711,149604,115
Africa (UN),1956,3299094,1107800,1851645,743845,159481,73887,77976,192199,167993,165216,175031,189750,171728,67720,6352,99486,92713,85269,82724,82126,83090,86566,88465,93906,95844,94757,76971,47150,20570,5434,918,2011126,151863,115
Africa (UN),1957,3393294,1133235,1898561,765326,167651,78583,80267,196069,172699,170516,181346,195697,176092,69225,6471,101337,94732,87519,85180,84793,85723,89823,91523,97102,98595,97019,79073,48494,20731,5574,897,2066212,158850,116
Africa (UN),1958,3429192,1138123,1905383,767260,171556,80948,82202,199527,176395,173631,185029,199152,178174,70490,6586,102982,96545,89375,87020,86553,87078,91681,93348,99106,100046,97999,80175,49547,20943,5686,900,2076939,163150,116
Africa (UN),1959,3381450,1123194,1872380,749186,166678,78239,81219,196929,174535,172054,184418,199430,177677,71118,6661,101625,95304,88415,86120,85892,86162,91278,93140,99413,100017,97544,80133,50029,21089,5751,910,2039058,159458,111
Africa (UN),1960,3442616,1131299,1884087,752788,169999,79513,84810,208068,182579,177986,189932,204989,181021,72748,6771,107541,100527,92829,89750,89147,88839,93986,95946,102369,102620,99373,81648,51176,21572,5831,940,2054086,164323,113
Africa (UN),1961,3478473,1140252,1896370,756118,171375,79834,86674,212082,185591,180644,192676,208787,183345,74089,6892,109732,102350,94412,91179,90568,90076,95173,97503,104216,104571,100707,82638,52059,22030,5933,959,2067745,166508,113
Africa (UN),1962,3495418,1151952,1913698,761746,174146,80718,86047,204159,181525,179655,193775,212245,186440,75833,7061,105570,98589,91862,89663,89792,89863,95302,98473,105666,106579,102399,84041,53282,22551,6070,991,2087844,166765,115
Africa (UN),1963,3520410,1161295,1927300,766005,177121,81778,85971,200431,180309,180546,195722,216075,190030,77758,7245,103692,96739,90808,89501,90080,90466,95925,99797,107352,108723,104434,85596,54494,23264,6225,1020,2104421,167749,121
Africa (UN),1964,3548645,1170858,1940987,770129,177917,81476,85721,200620,180249,182025,198139,220303,193869,79754,7461,104076,96544,90652,89597,90622,91403,96852,101287,109359,110944,106614,87255,55813,23941,6409,1052,2118904,167197,123
Africa (UN),1965,3609654,1183453,1963435,779982,181942,84004,88012,206333,184258,185944,202099,225504,198480,81822,7689,107410,98923,92614,91644,92576,93368,98719,103380,111983,113521,109175,89305,57222,24600,6596,1093,2145377,172016,132
Africa (UN),1966,3695194,1204034,1998719,794685,188272,87747,90813,212547,189046,191198,207704,232277,204509,84278,7950,111052,101495,94908,94138,95140,96058,101486,106218,115466,116811,112444,92065,58925,25353,6831,1119,2186991,178560,133
Africa (UN),1967,3767314,1211905,2010540,798635,191066,88925,94816,227875,198206,198235,213729,239201,209711,86634,8237,119680,108195,99938,98268,98771,99464,104590,109139,118761,120440,115476,94235,60469,26165,7078,1159,2201606,183741,139
Africa (UN),1968,3792479,1224940,2028271,803331,192251,89305,94676,226113,196705,198293,214800,242241,212673,88501,8507,118952,107161,99093,97612,98604,99689,105131,109669,120045,122196,117159,95514,61561,26940,7318,1189,2220522,183981,143
Africa (UN),1969,3856223,1241203,2053548,812345,196211,91198,97530,231460,200037,202025,219185,248052,217474,90590,8764,121747,109713,100801,99236,100361,101664,107388,111797,122769,125283,119923,97551,62842,27748,7545,1219,2249759,188728,148
Africa (UN),1970,3873567,1254749,2072490,817741,198165,92167,97142,223736,194829,200619,220488,251547,221086,92200,8946,117410,106326,97743,97086,99277,101342,107929,112559,124228,127319,121958,99128,63785,28415,7717,1229,2270655,189309,152
Africa (UN),1971,3890584,1267214,2086131,818917,197968,91311,96351,220376,191609,200418,222717,255628,225089,93750,9085,115502,104874,95933,95676,98807,101611,108978,113739,125974,129654,124250,100839,64722,29028,7873,1212,2284099,187662,151
Africa (UN),1972,3971579,1283171,2111438,828267,205049,97438,101862,229519,197564,205456,227912,261073,229902,95028,9192,120135,109384,99073,98491,101262,104194,111713,116199,128480,132593,127073,102829,65639,29389,7991,1201,2316487,199300,144
Africa (UN),1973,3952293,1288100,2111722,823622,202196,95186,98707,222281,191561,202563,227653,262413,232638,95969,9257,116448,105833,95888,95673,99422,103141,111378,116275,128699,133714,128613,104025,66310,29659,8063,1194,2313918,193893,146
Africa (UN),1974,4008584,1309948,2144469,834521,205340,95995,98731,222411,191674,204214,231846,267973,238457,97861,9463,116836,105575,96073,95601,99875,104339,113279,118567,131144,136829,131947,106510,67711,30150,8249,1214,2349809,194726,150
Africa (UN),1975,4047779,1321018,2155824,834806,207944,98044,100643,225737,194126,206033,234994,271818,243122,99667,9670,118991,106746,97673,96453,100633,105400,114716,120278,132849,138969,134487,108635,69014,30653,8433,1237,2363768,198687,157
Africa (UN),1976,4052430,1319749,2143714,823965,205686,96898,101701,229784,196096,206552,237179,275668,247632,101537,9825,121397,108387,99283,96813,100764,105788,115579,121600,134521,141147,136957,110675,70348,31189,8577,1248,2349400,198599,158
Africa (UN),1977,4088523,1328295,2152248,823953,207360,97506,102989,232330,197719,207668,240586,281208,254364,104281,10107,122947,109383,100593,97126,101126,106542,116986,123600,137072,144136,140569,113795,72236,32045,8830,1277,2359608,200495,156
Africa (UN),1978,4139229,1337576,2162338,824762,209458,97877,105306,240244,202032,210593,245164,286995,261101,107566,10403,127269,112975,103231,98801,102468,108125,119013,126151,139946,147049,143955,117146,74476,33090,9096,1307,2371796,203183,151
Africa (UN),1979,4168690,1345544,2169750,824206,211491,98544,105779,240505,202197,211084,248047,291526,267067,111323,11194,127232,113273,103136,99061,102524,108560,120141,127906,142259,149267,146743,120324,76902,34421,9651,1543,2381241,204323,183
Africa (UN),1980,4215775,1355309,2182680,827371,214621,99961,107334,245231,205272,212636,251219,296506,273244,115046,11813,129605,115626,104638,100634,103293,109343,121470,129749,144637,151869,149816,123428,79329,35717,10130,1683,2397301,207295,212
Africa (UN),1981,4251105,1360369,2189775,829406,217510,101575,108837,248901,208109,213613,253278,300390,278669,118019,12192,131465,117436,105848,102261,103860,109753,122304,130974,146242,154148,152482,126187,81310,36709,10409,1783,2407285,210412,236
Africa (UN),1982,4304909,1365453,2196720,831267,221329,103478,111686,256347,213641,217091,257921,306955,285446,121503,12558,135529,120818,108471,105170,105654,111437,124369,133552,149533,157422,155927,129519,83666,37837,10743,1815,2418049,215164,234
Africa (UN),1983,4559124,1431108,2322644,891536,242234,114535,119578,273368,228060,228948,270203,321247,298191,126588,13269,144621,128747,115701,112359,111768,117180,130269,139934,156662,164585,162865,135326,87154,39434,11306,1963,2564878,234113,258
Africa (UN),1984,4643191,1435933,2330153,894220,247684,117698,125739,291613,240471,236898,276245,328026,304654,130011,13733,154531,137082,122624,117847,116386,120512,133170,143075,160060,167966,166318,138336,89404,40607,11725,2008,2577837,243437,265
Africa (UN),1985,4679326,1437998,2330623,892625,251884,119558,127297,294222,243793,240178,279057,333762,310585,133741,14343,155903,138319,124500,119293,118495,121683,134271,144786,162757,171005,169386,141199,91766,41975,12223,2120,2582507,246855,283
Africa (UN),1986,4698371,1431537,2316603,885066,252378,119877,129409,299328,247441,243330,281229,339016,316721,137725,15025,158826,140502,126575,120866,120678,122652,135086,146143,165061,173955,172461,144260,94304,43421,12791,2234,2568981,249286,286
Africa (UN),1987,4753477,1405490,2273488,867998,253774,123722,139366,326887,266690,255184,287430,346106,322964,141787,15777,173025,153862,137143,129547,128003,127181,138330,149100,168368,177738,175730,147234,96870,44917,13393,2384,2527262,263088,300
Africa (UN),1988,4980930,1458339,2380512,922173,269541,128816,144561,342732,280869,268676,299611,362264,336275,148708,17990,181274,161458,143985,136884,135395,133281,144143,155468,175976,186288,183037,153238,101036,47672,15029,2961,2650053,273377,374
Africa (UN),1989,4802404,1415108,2285269,870161,256381,124105,136290,319021,266334,259935,292495,356563,335421,151767,18444,167896,151125,135773,130561,130441,129494,140483,152012,172832,183731,181639,153782,102812,48955,15422,3022,2541650,260395,378
Africa (UN),1990,4926525,1426739,2305668,878929,262533,128247,142742,339804,282388,273049,302513,367691,345758,156891,18859,178535,161269,144057,138331,136986,136063,145588,156925,178149,189542,187172,158586,106270,50621,15816,3043,2568201,270989,381
Africa (UN),1991,5058009,1457482,2363379,905897,274643,134961,144744,340415,289498,282695,310570,378495,356629,162245,19344,178017,162398,147051,142447,141396,141299,149659,160911,183165,195330,193041,163588,109831,52414,16257,3087,2638022,279705,391
Africa (UN),1992,5221942,1471796,2389827,918031,286908,143677,154930,364580,310676,299730,322034,391395,368721,168654,20401,190266,174314,158112,152564,149957,149773,155690,166344,189329,202066,199641,169080,113883,54771,17119,3282,2676735,298607,409
Africa (UN),1993,5256096,1458981,2361327,902346,285939,145316,159497,377805,323138,309744,327491,397222,374914,172528,20766,196591,181214,164897,158241,155129,154615,158874,168617,191915,205307,203086,171828,116343,56185,17490,3276,2647266,304813,407
Africa (UN),1994,5571756,1466039,2364754,898715,289616,152801,192317,452836,395199,356703,357178,421673,388466,178347,21437,235320,217516,202696,192503,184191,172512,174822,182356,205011,216662,211341,177125,120259,58088,18046,3391,2654370,345118,429
Africa (UN),1995,5317851,1466672,2359759,893087,288560,145216,159300,374814,326430,319451,337664,407513,392450,183170,22938,194117,180697,166618,159812,159555,159896,165195,172469,195600,211913,212224,180226,123181,59989,18988,3950,2648319,304516,583
Africa (UN),1996,5415361,1475563,2371669,896106,292711,147806,164891,391809,343518,331776,348498,414003,399766,185962,22397,201901,189908,175991,167527,166030,165746,171740,176758,198780,215223,216195,183571,125196,60766,18827,3570,2664380,312697,555
Africa (UN),1997,5475672,1471611,2363355,891744,294731,149198,168698,403014,355926,340169,357087,420780,409159,190449,22597,207209,195805,182636,173290,170317,169852,177012,180075,201985,218795,220772,188387,128308,62141,19158,3439,2658086,317896,509
Africa (UN),1998,5693240,1480821,2386597,905776,306234,157017,184169,449776,392042,364006,375782,433489,422763,196910,23924,231682,218094,202113,189929,182939,181067,187701,188081,208450,225039,227765,194998,132670,64240,20084,3840,2692831,341186,531
Africa (UN),1999,5585128,1454763,2316119,861356,289595,146744,175504,439041,391570,362313,377292,433396,425963,201880,25154,225341,213700,201766,189804,181558,180755,188483,188809,208592,224804,228703,197260,135690,66190,21001,4153,2605714,322248,556
Africa (UN),2000,5526827,1443417,2284036,840619,287156,145237,168357,416081,387022,359765,379688,434239,431348,207197,26121,212142,203939,198709,188313,179595,180170,189082,190606,208965,225274,230825,200523,139057,68140,21809,4312,2571192,313594,580
Africa (UN),2001,5568794,1430518,2250048,819530,287427,145342,169892,425445,402661,371748,390705,440950,440930,214940,28069,216584,208861,205794,196867,186174,185574,194371,196334,212849,228101,235096,205834,143846,71094,23236,4833,2537475,315234,637
Africa (UN),2002,5606250,1417318,2217635,800317,288731,145970,171561,433609,415284,380446,400767,448870,450415,222658,29600,220614,212995,210408,204876,191320,189126,198534,202233,216994,231876,239175,211240,148494,74164,24373,5227,2506366,317531,703
Africa (UN),2003,5621931,1399510,2178029,778519,285853,144741,170757,436395,424857,390128,410870,456655,460438,231086,31334,221363,215032,214569,210288,197227,192901,203232,207638,221308,235347,243425,217013,153467,77619,25722,5612,2463882,315498,788
Africa (UN),2004,5635445,1380228,2140084,759856,285662,144807,171605,441814,430738,397613,419059,463889,468588,238082,32643,224034,217780,215979,214759,202068,195545,206757,212302,225113,238776,246833,221755,157626,80456,26795,5848,2425746,316412,861
Africa (UN),2005,5634878,1363769,2100138,736369,284491,144348,171324,443229,431657,403918,426172,472324,476688,245523,34138,224116,219113,215391,216266,206102,197816,209986,216186,230300,242024,250203,226485,162038,83485,27998,6140,2384629,315672,928
Africa (UN),2006,5604935,1346272,2058610,712338,278412,142211,168145,437940,428001,407659,430677,480133,483700,252853,35620,220113,217827,212707,215294,208371,199288,211999,218678,234736,245397,252935,230765,166422,86431,29224,6396,2337022,310356,974
Africa (UN),2007,5603693,1328340,2019299,690959,276477,141268,167617,439275,428065,413611,437116,490164,492306,260425,37065,220199,219076,213209,214856,211448,202163,214892,222224,241074,249090,256673,235633,171210,89215,30454,6611,2295776,308885,1005
Africa (UN),2008,5600196,1312941,1985429,672488,273916,139989,167064,439588,427655,418591,442718,499632,499766,266799,38038,219818,219770,213003,214652,212980,205611,216939,225779,246447,253185,260060,239706,175409,91390,31356,6682,2259345,307053,1011
Africa (UN),2009,5570099,1292437,1943485,651048,268820,138030,165109,434563,423129,420832,447212,509085,506591,273248,38970,216908,217655,211445,211684,213068,207764,218645,228567,251800,257285,263185,243406,179518,93730,32154,6816,2212305,303139,1025
Africa (UN),2010,5562048,1276561,1913556,636995,267839,137692,164778,431101,417874,421419,452732,520053,514109,279931,39913,215367,215734,210218,207656,211479,209940,220690,232042,256682,263371,266979,247130,183741,96190,32956,6957,2181395,302470,1051
Africa (UN),2011,5549173,1258152,1877558,619406,264093,136114,164114,427280,414911,420959,458691,531623,522477,288369,41820,213681,213599,209630,205281,209443,211516,223546,235145,261475,270148,271611,250866,188693,99676,34400,7420,2141651,300228,1164
Africa (UN),2012,5541931,1239033,1842241,603208,263541,136261,164430,425451,412141,420669,464213,542357,531093,295526,42779,212954,212497,208596,203545,207870,212799,225915,238298,264885,277472,275809,255284,193049,102477,35111,7668,2105782,300691,1229
Africa (UN),2013,5563819,1223231,1812827,589596,262487,136300,165677,426827,412588,423770,474109,557934,543262,303267,43501,214468,212359,209011,203577,208101,215669,231249,242860,271678,286256,282588,260674,197676,105591,35794,7707,2075314,301977,1269
Africa (UN),2014,5587148,1209161,1786129,576968,262367,136825,167259,429266,415301,426821,482596,572322,553923,308967,44069,216558,212708,210213,205088,208765,218056,235814,246782,277496,294826,288966,264957,201085,107882,36319,7750,2048496,304084,1303
Africa (UN),2015,5615642,1196111,1758650,562539,264212,138230,168672,430675,417681,430412,492974,585945,567339,314871,44673,217558,213117,210281,207400,210042,220370,241170,251804,284276,301669,298022,269317,204601,110270,36960,7713,2022862,306902,1308
Africa (UN),2016,5623007,1180754,1727687,546933,261328,137689,168763,428836,417966,431907,501013,597503,581772,321307,45898,217223,211613,209674,208292,210192,221715,244873,256140,289416,308087,306773,274999,208101,113206,38025,7873,1989015,306452,1338
Africa (UN),2017,5649483,1167290,1701155,533865,261139,138552,170353,428695,419891,435009,510206,609399,597336,328675,47657,217938,210757,209717,210174,211941,223068,249186,261020,295038,314361,316915,280421,212315,116360,39441,8216,1962294,308905,1416
Africa (UN),2018,5691390,1156173,1677229,521056,260386,139511,172335,429756,422284,441490,521975,624077,614350,336856,49630,218786,210970,210050,212234,214990,226500,253954,268021,301540,322537,326786,287564,217082,119774,41048,8582,1937615,311846,1508
Africa (UN),2019,5737324,1144895,1654808,509913,260023,140776,174803,432629,424696,447078,532320,638679,633129,345284,51525,220837,211792,210514,214182,218300,228778,258201,274119,307963,330716,337400,295729,222092,123192,42623,8902,1914831,315579,1572
Africa (UN),2020,6055700,1128279,1625187,496908,256215,139939,170574,420341,425301,477025,601004,751989,728069,399579,58769,214939,205402,207207,218094,230998,246027,285769,315235,360322,391667,391333,336736,253247,146332,48903,9866,1881402,310513,1708
Africa (UN),2021,6400669,1120510,1607364,486854,255531,141885,180409,446977,456104,524922,667771,829921,802818,423960,61196,227509,219468,221204,234900,252666,272256,317541,350230,396228,433693,430884,371934,272398,151562,50770,10426,1862895,322294,1811
Albania,1950,15458,6226,8797,2571,447,232,263,468,367,420,635,1247,1490,957,128,281,187,181,186,199,221,311,324,566,681,770,720,619,338,109,19,9244,495,2
Albania,1951,15831,6426,9059,2633,449,229,264,480,361,426,647,1241,1513,1021,144,285,195,176,185,203,223,312,335,544,697,778,735,622,399,120,24,9508,493,2
Albania,1952,15922,6540,9180,2640,401,220,263,480,350,428,648,1214,1516,1061,161,280,200,168,182,204,224,301,347,509,705,769,747,605,456,133,28,9581,483,3
Albania,1953,16213,6725,9365,2640,509,210,259,479,340,426,650,1182,1518,1089,181,272,207,162,178,200,226,289,361,477,705,760,758,582,507,150,31,9874,469,3
Albania,1954,16264,6862,9501,2639,443,200,253,476,334,425,645,1144,1517,1109,211,266,210,160,174,197,228,275,370,452,692,752,765,563,546,176,35,9944,453,3
Albania,1955,16293,6930,9563,2633,442,191,248,471,324,424,638,1106,1516,1121,245,259,212,158,166,195,229,267,371,441,665,751,765,557,564,207,38,10005,439,4
Albania,1956,16270,6942,9552,2610,445,184,241,467,319,420,628,1075,1519,1128,285,257,210,160,159,191,229,263,365,446,629,759,760,560,568,244,41,9997,425,5
Albania,1957,16121,6893,9459,2566,450,180,230,457,315,416,615,1042,1510,1118,322,252,205,163,152,187,229,264,351,455,587,760,750,568,550,279,43,9909,410,7
Albania,1958,15901,6841,9337,2496,456,178,220,445,312,405,597,1013,1487,1095,354,247,198,165,147,181,224,264,333,466,547,751,736,573,522,307,47,9793,398,8
Albania,1959,15617,6745,9154,2409,441,180,207,432,310,397,585,990,1460,1073,378,240,192,167,143,176,221,267,318,473,517,732,728,579,494,325,53,9595,387,8
Albania,1960,15277,6556,8868,2312,440,184,198,424,310,386,578,981,1438,1061,398,235,189,169,141,169,217,269,309,474,507,708,730,585,476,334,64,9308,382,8
Albania,1961,14875,6315,8511,2196,437,189,193,415,311,378,578,981,1413,1059,406,229,186,168,143,165,213,271,307,466,515,673,740,590,469,331,75,8948,382,8
Albania,1962,14427,6016,8084,2068,434,196,190,407,312,372,582,986,1385,1062,407,222,185,166,146,161,211,272,310,451,535,634,751,590,472,320,87,8518,386,9
Albania,1963,13914,5698,7624,1926,430,199,189,396,312,363,585,985,1352,1067,402,213,183,162,150,156,207,271,314,432,553,599,753,590,477,306,96,8054,388,9
Albania,1964,13362,5357,7134,1777,424,202,193,382,313,357,588,979,1316,1072,393,203,179,161,152,153,204,268,320,413,566,574,742,590,482,291,102,7558,395,10
Albania,1965,12887,5003,6632,1629,415,208,201,378,312,355,597,985,1298,1096,392,198,180,158,154,153,202,268,329,407,578,572,726,603,493,284,108,7047,409,12
Albania,1966,12474,4692,6174,1482,404,217,211,373,318,358,608,988,1295,1125,395,195,178,159,159,157,201,269,339,410,578,592,703,625,500,285,110,6578,428,14
Albania,1967,12053,4452,5792,1340,388,221,219,365,315,354,607,972,1280,1130,391,193,172,158,157,158,196,266,341,413,559,614,666,632,498,284,107,6180,440,16
Albania,1968,11715,4239,5451,1212,374,226,226,361,316,358,608,966,1280,1141,392,195,166,159,157,163,195,265,343,424,542,643,637,641,500,289,103,5825,452,17
Albania,1969,11360,4027,5126,1099,352,230,230,363,311,357,605,957,1278,1137,393,202,161,157,154,166,191,263,342,433,524,661,617,637,500,293,100,5478,460,19
Albania,1970,10991,3780,4780,1000,323,232,237,362,308,360,602,958,1284,1126,395,208,154,155,153,169,191,262,340,444,514,668,616,623,503,296,99,5103,469,20
Albania,1971,10731,3562,4471,909,303,234,247,372,310,367,604,978,1308,1121,399,219,153,154,156,173,194,262,342,457,521,668,640,605,516,300,99,4774,481,21
Albania,1972,10469,3360,4185,825,282,232,255,381,307,372,604,999,1327,1106,401,229,152,151,156,174,198,262,342,465,534,654,673,581,525,301,100,4467,487,21
Albania,1973,10193,3173,3924,751,261,228,261,388,300,375,601,1016,1331,1082,403,235,153,145,155,173,202,259,342,468,548,630,701,556,526,301,102,4185,489,20
Albania,1974,10005,3014,3702,688,246,221,267,403,296,382,602,1039,1349,1075,405,244,159,141,155,173,209,258,344,470,569,617,732,549,526,302,103,3948,488,20
Albania,1975,9884,2883,3517,634,228,214,273,421,294,389,609,1066,1365,1073,413,253,168,138,156,175,214,260,349,473,593,616,749,557,516,306,107,3745,487,20
Albania,1976,9826,2755,3348,593,216,206,278,442,292,401,621,1100,1388,1091,424,265,177,136,156,178,223,265,356,480,620,632,756,586,505,316,108,3564,484,20
Albania,1977,9739,2635,3195,560,205,196,279,461,291,405,632,1122,1399,1109,429,275,186,136,155,179,226,272,360,484,638,652,747,622,487,320,109,3400,475,20
Albania,1978,9810,2536,3067,531,198,189,280,488,294,418,656,1166,1440,1153,436,290,198,141,153,184,234,285,371,501,665,693,747,672,481,326,110,3265,469,20
Albania,1979,9807,2458,2970,512,190,182,277,506,302,427,669,1191,1466,1178,432,300,206,150,152,188,239,295,374,514,677,727,739,703,475,322,110,3160,459,20
Albania,1980,9580,2409,2899,490,173,166,256,500,294,415,659,1169,1453,1166,410,294,206,152,142,182,233,295,364,507,662,735,718,699,467,303,107,3072,422,20
Albania,1981,9699,2387,2860,473,168,159,247,515,302,422,680,1201,1515,1204,404,300,215,161,141,184,238,307,373,523,678,773,742,710,494,295,109,3028,406,20
Albania,1982,9829,2385,2845,460,159,154,237,525,311,426,701,1233,1583,1236,396,300,225,171,140,183,243,318,383,539,694,804,779,708,528,286,110,3004,391,20
Albania,1983,9928,2370,2820,450,145,145,225,530,324,428,724,1266,1651,1264,388,296,234,179,145,181,247,327,397,552,714,829,822,703,561,279,109,2965,370,20
Albania,1984,10046,2333,2772,439,145,138,215,531,339,430,748,1304,1723,1293,388,289,242,186,153,177,253,335,413,561,743,850,873,703,590,281,107,2917,353,19
Albania,1985,10159,2272,2700,428,141,133,205,531,361,434,779,1351,1794,1322,390,282,249,197,164,175,259,346,433,573,778,869,925,715,607,289,101,2841,338,19
Albania,1986,10172,2191,2598,407,133,124,194,515,375,430,799,1388,1854,1346,396,266,249,202,173,170,260,350,449,579,809,884,970,738,608,302,94,2731,318,19
Albania,1987,10132,2108,2492,384,126,117,181,494,387,424,814,1416,1894,1364,405,250,244,207,180,167,257,353,461,586,830,895,999,767,597,316,89,2618,298,18
Albania,1988,10225,2012,2373,361,125,111,172,479,404,427,844,1469,1971,1411,422,237,242,215,189,172,255,363,481,606,863,931,1040,816,595,336,86,2498,283,17
Albania,1989,10269,1899,2236,337,124,106,162,458,416,432,863,1517,2044,1462,434,224,234,220,196,182,250,369,494,632,885,974,1070,869,593,347,87,2360,268,15
Albania,1990,10325,1785,2097,312,117,103,152,436,431,437,886,1564,2122,1526,443,212,224,226,205,192,245,377,509,662,902,1026,1096,922,604,353,90,2214,255,14
Albania,1991,10306,1660,1947,287,115,98,141,408,434,441,896,1603,2186,1585,442,198,210,224,210,202,239,379,517,688,915,1071,1115,967,618,348,94,2062,239,12
Albania,1992,10232,1539,1802,263,108,97,132,379,433,447,894,1632,2232,1635,434,183,196,219,214,211,236,373,521,706,926,1101,1131,997,638,336,98,1910,229,12
Albania,1993,10199,1418,1656,238,102,92,122,347,429,456,891,1673,2292,1694,427,168,179,211,218,218,238,364,527,725,948,1129,1163,1026,668,327,100,1758,214,11
Albania,1994,10230,1331,1549,218,96,92,115,323,423,469,889,1722,2360,1754,426,155,168,201,222,222,247,355,534,741,981,1152,1208,1049,705,324,102,1645,207,11
Albania,1995,10285,1243,1440,197,90,88,110,299,413,489,884,1780,2439,1817,427,144,155,190,223,229,260,345,539,757,1023,1175,1264,1074,743,327,100,1530,198,12
Albania,1996,10308,1145,1325,180,85,86,106,276,395,504,874,1828,2512,1870,432,132,144,175,220,233,271,337,537,769,1059,1201,1311,1095,775,335,97,1410,192,12
Albania,1997,11028,1064,1279,215,101,98,140,395,495,608,942,1941,2636,1939,443,193,202,223,272,286,322,372,570,816,1125,1263,1373,1133,806,350,93,1380,238,12
Albania,1998,10308,938,1087,149,73,79,99,234,353,530,854,1898,2657,1977,453,113,121,149,204,242,288,340,514,787,1111,1277,1380,1155,822,365,88,1160,178,12
Albania,1999,10381,855,989,134,67,75,99,214,331,536,858,1931,2744,2045,474,105,109,138,193,246,290,358,500,800,1131,1336,1408,1205,840,386,88,1056,174,12
Albania,2000,10439,772,892,120,61,71,95,201,309,543,862,1953,2837,2113,493,101,100,127,182,248,295,375,487,805,1148,1400,1437,1255,858,404,89,953,166,12
Albania,2001,10487,689,795,106,57,66,93,188,286,543,870,1964,2929,2175,512,96,92,117,169,245,298,392,478,802,1162,1455,1474,1299,876,419,93,852,159,11
Albania,2002,10532,612,706,94,52,62,90,179,263,543,882,1960,3026,2232,527,94,85,107,156,239,304,405,477,788,1172,1502,1524,1333,899,429,98,758,152,11
Albania,2003,10637,551,631,80,47,57,86,171,242,538,905,1960,3143,2300,546,93,78,98,144,228,310,415,490,768,1192,1546,1597,1364,936,440,106,678,143,10
Albania,2004,10746,487,557,70,42,53,83,163,222,533,937,1953,3264,2370,559,90,73,89,133,218,315,419,518,747,1206,1580,1684,1393,977,448,111,599,136,10
Albania,2005,10905,428,489,61,37,50,78,160,206,523,975,1952,3396,2457,577,89,71,81,125,205,318,426,549,733,1219,1616,1780,1431,1026,461,116,526,128,11
Albania,2006,11126,373,425,52,33,46,76,155,190,511,1019,1951,3543,2562,603,87,68,75,115,193,318,437,582,728,1223,1658,1885,1490,1072,482,121,458,122,11
Albania,2007,10683,326,370,44,28,39,67,145,166,465,991,1830,3453,2518,596,82,63,66,100,171,294,420,571,692,1138,1595,1858,1471,1047,479,117,398,106,12
Albania,2008,11125,291,328,37,25,37,64,145,158,454,1041,1871,3644,2694,647,81,64,64,94,164,290,441,600,732,1139,1666,1978,1590,1104,523,124,353,101,13
Albania,2009,11478,262,295,33,23,34,59,143,149,435,1071,1911,3792,2858,693,79,64,61,88,154,281,456,615,786,1125,1721,2071,1708,1150,563,130,318,93,14
Albania,2010,11809,238,267,29,19,32,57,143,143,415,1097,1951,3912,3026,737,78,65,60,83,146,269,465,632,840,1111,1757,2155,1829,1197,599,138,286,89,15
Albania,2011,12103,218,244,26,19,28,52,138,135,392,1116,1998,4000,3191,775,74,64,59,76,137,255,466,650,890,1108,1768,2232,1938,1253,627,148,263,80,15
Albania,2012,12601,202,224,22,17,26,48,136,133,374,1154,2091,4139,3416,824,72,64,60,73,129,245,471,683,948,1143,1791,2348,2072,1344,662,162,241,74,15
Albania,2013,13060,188,209,21,14,24,46,133,130,358,1180,2197,4249,3635,868,68,65,60,70,123,235,466,714,993,1204,1791,2458,2193,1442,691,177,223,70,16
Albania,2014,13140,176,196,20,12,21,41,125,126,331,1166,2251,4219,3750,884,63,62,60,66,112,219,444,722,990,1261,1732,2487,2242,1508,702,182,208,62,16
Albania,2015,13262,163,183,20,12,19,37,121,123,308,1141,2320,4193,3877,917,60,61,60,63,104,204,418,723,1000,1320,1684,2509,2298,1579,726,191,195,56,17
Albania,2016,13443,155,173,18,11,17,35,113,121,286,1115,2399,4173,4024,963,56,57,58,63,95,191,394,721,1017,1382,1657,2516,2370,1654,763,200,184,52,19
Albania,2017,13626,149,167,18,10,15,30,106,118,269,1079,2463,4157,4173,1021,51,55,57,61,90,179,369,710,1038,1425,1661,2496,2448,1725,813,208,177,45,20
Albania,2018,13896,145,163,18,10,12,27,98,118,251,1043,2527,4185,4350,1092,46,52,56,62,86,165,347,696,1067,1460,1714,2471,2545,1805,872,220,173,39,22
Albania,2019,14178,145,163,18,10,12,26,93,118,237,1000,2562,4244,4520,1168,43,50,56,62,82,155,328,672,1088,1474,1815,2429,2637,1883,933,235,173,38,25
Albania,2020,18095,146,162,16,14,19,45,143,238,487,1366,2844,5266,6068,1414,63,80,99,139,186,301,492,874,1237,1607,2072,3194,3587,2481,1138,276,176,64,30
Albania,2021,18967,147,163,16,12,18,44,145,254,526,1443,3160,5582,6157,1429,62,83,106,148,203,323,524,919,1364,1796,2314,3268,3650,2507,1142,287,175,62,31
Algeria,1950,108268,39868,56187,16319,4444,2607,3618,7327,5141,4898,5752,7199,6470,3550,1046,4117,3210,2742,2399,2505,2393,3002,2750,3490,3709,3896,2574,2397,1153,809,237,60631,6225,28
Algeria,1951,112150,41842,59126,17284,4583,2577,3619,7508,5275,5036,5979,7335,6726,3452,902,4222,3286,2804,2471,2574,2462,3066,2913,3552,3783,3983,2743,2271,1181,690,212,63709,6196,31
Algeria,1952,113505,41991,60274,18283,4457,2523,3558,7617,5362,5137,6147,7402,6943,3304,747,4281,3336,2819,2543,2581,2556,3033,3114,3546,3856,3963,2980,2064,1240,550,197,64731,6081,33
Algeria,1953,115860,42166,61102,18936,5145,2498,3518,7793,5498,5301,6365,7557,7219,3204,633,4369,3424,2847,2651,2598,2703,2991,3374,3572,3985,3953,3266,1911,1293,450,183,66247,6016,33
Algeria,1954,137917,42427,61844,19417,4670,2625,5369,16171,10192,8140,8357,8730,7982,3244,565,8959,7212,5487,4705,4062,4078,3882,4475,4195,4535,4275,3707,1928,1316,400,165,66514,7994,28
Algeria,1955,139679,43080,62832,19752,4880,2597,5287,16207,10250,8235,8505,8964,8148,3233,517,8921,7286,5501,4749,4073,4162,3882,4623,4343,4621,4309,3839,1976,1257,377,140,67712,7884,21
Algeria,1956,142113,43811,63912,20101,5288,2633,5254,16245,10349,8373,8679,9299,8305,3268,487,8859,7386,5559,4790,4146,4227,3973,4706,4599,4700,4398,3907,2106,1162,379,108,69200,7887,17
Algeria,1957,144052,44505,64947,20442,5568,2673,5206,16166,10376,8461,8783,9662,8402,3327,470,8718,7448,5604,4772,4239,4222,4120,4663,4945,4717,4510,3892,2287,1040,389,81,70515,7879,15
Algeria,1958,145826,45219,65945,20726,5817,2723,5161,16022,10384,8520,8862,10047,8475,3410,450,8550,7472,5652,4732,4342,4178,4307,4555,5324,4723,4630,3845,2469,941,387,63,71762,7884,13
Algeria,1959,147315,45848,66909,21061,5757,2798,5137,15853,10413,8582,8957,10444,8547,3494,415,8397,7456,5703,4710,4424,4158,4469,4488,5636,4808,4728,3819,2591,903,364,51,72666,7935,10
Algeria,1960,149311,46597,68042,21445,5950,2889,5142,15677,10471,8653,9085,10825,8635,3563,373,8280,7397,5751,4720,4475,4178,4584,4501,5840,4985,4803,3832,2646,917,327,46,73992,8031,8
Algeria,1961,151161,47451,69267,21816,6037,3005,5166,15441,10520,8717,9210,11155,8700,3608,333,8163,7278,5785,4735,4489,4228,4636,4574,5913,5242,4834,3866,2642,966,288,45,75304,8171,5
Algeria,1962,163043,49813,73122,23309,6455,3283,5657,16932,11740,9558,10137,12295,9788,3780,291,8938,7994,6463,5277,4860,4698,4993,5144,6217,6078,5390,4398,2734,1046,248,43,79577,8940,4
Algeria,1963,139795,50121,73217,23096,6070,3011,3430,7735,6480,6633,8221,11178,9800,3762,252,4074,3661,3346,3134,3196,3437,3881,4340,5322,5856,5274,4526,2690,1072,213,39,79287,6441,3
Algeria,1964,144175,51169,75239,24070,6092,3045,3474,7666,6620,6790,8519,11657,10813,4022,238,4026,3640,3392,3228,3258,3532,3968,4551,5454,6203,5746,5067,2910,1112,203,35,81331,6519,2
Algeria,1965,148156,51788,76745,24957,6188,3083,3501,7595,6737,6930,8781,12085,11918,4354,236,3981,3614,3419,3318,3337,3593,4079,4702,5693,6392,6232,5686,3236,1118,207,29,82933,6584,2
Algeria,1966,150925,51337,76581,25244,6382,3119,3563,7548,6860,7106,9069,12519,13133,4805,239,3966,3582,3445,3415,3446,3660,4224,4845,6001,6518,6727,6406,3686,1119,216,23,82963,6682,1
Algeria,1967,152282,51889,76967,25078,6620,3153,3694,7543,6895,7238,9194,12645,13000,5081,245,4017,3526,3431,3464,3516,3722,4287,4907,6099,6546,6695,6305,3952,1129,227,18,83587,6847,1
Algeria,1968,153601,52575,77411,24836,6812,3174,3823,7588,6911,7380,9305,12799,12848,5300,251,4103,3485,3408,3503,3593,3787,4346,4959,6195,6604,6692,6156,4130,1170,235,16,84223,6997,1
Algeria,1969,155111,53177,77780,24603,7021,3211,3949,7717,6940,7556,9444,13034,12720,5489,250,4244,3473,3390,3550,3682,3874,4417,5027,6317,6717,6712,6008,4228,1261,235,15,84801,7160,1
Algeria,1970,155168,53490,77845,24355,6967,3220,4054,7739,6860,7639,9470,13121,12447,5566,244,4303,3436,3324,3536,3724,3915,4432,5038,6357,6764,6634,5813,4182,1384,228,16,84812,7274,1
Algeria,1971,154401,53417,77500,24083,6817,3248,4096,7784,6721,7674,9467,13113,12179,5569,235,4375,3409,3231,3490,3737,3937,4432,5035,6349,6764,6529,5650,4068,1501,220,15,84317,7344,1
Algeria,1972,152823,53016,76683,23667,6655,3278,4068,7842,6532,7663,9427,13012,11940,5490,234,4454,3388,3122,3410,3720,3943,4418,5009,6293,6719,6423,5517,3920,1570,219,15,83338,7346,0
Algeria,1973,150642,52404,75485,23081,6400,3305,4009,7913,6329,7628,9363,12878,11736,5351,242,4523,3390,3014,3315,3683,3945,4401,4962,6211,6667,6335,5401,3748,1603,227,15,81885,7314,0
Algeria,1974,148409,51671,74006,22335,6198,3325,3952,8007,6151,7599,9326,12773,11602,5204,263,4577,3430,2932,3219,3645,3954,4399,4927,6142,6631,6299,5303,3592,1612,248,15,80204,7277,0
Algeria,1975,145484,50790,72307,21517,5997,3285,3889,8031,5950,7498,9224,12588,11392,5032,291,4610,3421,2848,3102,3568,3930,4368,4856,6042,6546,6228,5164,3445,1587,276,15,78304,7174,0
Algeria,1976,148717,51466,73324,21858,6177,3203,3809,7921,5787,7506,9672,13881,12187,4929,322,4464,3457,2807,2980,3529,3977,4535,5137,6567,7314,6898,5289,3375,1554,306,16,79501,7012,0
Algeria,1977,149533,50430,72035,21605,6364,3171,3709,7698,5618,7405,9990,15012,13363,4828,339,4273,3425,2781,2837,3435,3970,4628,5362,6971,8041,7740,5623,3322,1506,323,16,78399,6880,0
Algeria,1978,145024,48639,68675,20036,6101,3144,3693,7643,5528,7216,9828,14615,13448,4776,357,4235,3408,2793,2735,3307,3909,4562,5266,6789,7826,7709,5739,3316,1460,338,19,74776,6837,0
Algeria,1979,139905,47000,65446,18446,5852,3068,3641,7488,5417,6932,9566,14062,13349,4716,366,4144,3344,2792,2625,3138,3794,4448,5118,6550,7512,7552,5797,3308,1408,345,21,71298,6709,0
Algeria,1980,134942,45261,62200,16939,5593,3076,3644,7422,5327,6659,9310,13502,13155,4679,375,4086,3336,2776,2551,2985,3674,4340,4970,6319,7183,7337,5818,3308,1371,349,26,67793,6720,1
Algeria,1981,126645,42231,57097,14866,4991,2849,3473,7112,5115,6246,8938,12890,12858,4692,383,3904,3208,2680,2435,2773,3473,4170,4768,6060,6830,7067,5791,3331,1361,353,30,62088,6322,1
Algeria,1982,117698,38596,51567,12971,4420,2693,3322,6810,4921,5815,8507,12191,12370,4695,385,3736,3074,2581,2340,2571,3244,3968,4539,5757,6434,6705,5665,3343,1352,352,33,55987,6015,1
Algeria,1983,108364,34505,45549,11044,3881,2529,3160,6508,4735,5398,8082,11542,11850,4739,390,3575,2933,2472,2263,2389,3009,3764,4318,5469,6073,6340,5510,3377,1362,352,38,49430,5689,1
Algeria,1984,98183,30394,39609,9215,3414,2316,2929,6083,4462,4906,7508,10728,11113,4720,394,3353,2730,2307,2155,2184,2722,3484,4024,5092,5636,5872,5241,3355,1365,353,41,43023,5245,1
Algeria,1985,90186,26830,34526,7696,2976,2151,2755,5792,4279,4558,7101,10192,10629,4810,416,3201,2591,2215,2064,2051,2507,3276,3825,4840,5352,5556,5073,3398,1412,369,47,37502,4906,2
Algeria,1986,84520,23648,30193,6545,2711,2030,2653,5648,4201,4358,6870,9949,10423,5023,460,3125,2523,2171,2030,1990,2368,3143,3727,4721,5228,5401,5022,3513,1510,404,56,32904,4683,2
Algeria,1987,81174,21195,26901,5706,2496,1948,2611,5636,4214,4290,6789,9961,10459,5352,514,3116,2520,2173,2041,1996,2294,3072,3717,4722,5239,5389,5070,3691,1661,452,62,29397,4559,3
Algeria,1988,75415,19397,24521,5124,2305,1747,2398,5235,3923,3966,6257,9346,9824,5335,549,2886,2349,2019,1904,1882,2084,2794,3463,4425,4921,5046,4778,3615,1720,480,69,26826,4145,4
Algeria,1989,76517,18201,22924,4723,2250,1766,2475,5469,4103,4158,6473,9881,10403,5954,657,3001,2468,2109,1994,2013,2145,2850,3623,4673,5208,5340,5063,3959,1995,573,84,25174,4241,5
Algeria,1990,76668,17153,21591,4438,2186,1743,2485,5577,4210,4246,6524,10195,10734,6406,761,3042,2535,2149,2061,2077,2169,2836,3688,4817,5378,5518,5216,4182,2224,661,100,23777,4228,7
Algeria,1991,78010,16636,20842,4206,2021,1750,2517,5767,4378,4418,6642,10652,11215,6906,888,3131,2636,2228,2150,2175,2243,2858,3784,5026,5626,5779,5436,4432,2474,767,121,22863,4267,9
Algeria,1992,80630,16368,20385,4017,2076,1770,2594,6199,4696,4695,6811,11195,11774,7393,1031,3349,2850,2397,2299,2320,2375,2918,3893,5273,5922,6086,5688,4676,2717,888,143,22461,4364,10
Algeria,1993,82183,15829,19689,3860,1956,1768,2628,6535,4962,4942,6903,11635,12233,7755,1168,3517,3018,2544,2418,2435,2507,2958,3945,5466,6169,6341,5892,4844,2911,1003,165,21645,4396,12
Algeria,1994,87314,15150,18873,3723,1886,1791,2992,8279,6049,5611,7233,12275,12858,8140,1314,4439,3840,3176,2873,2784,2827,3134,4099,5754,6521,6684,6174,5039,3101,1125,189,20759,4783,15
Algeria,1995,89071,13838,17395,3557,1838,1838,2931,7919,6023,5905,7582,13292,14006,8818,1508,4230,3689,3136,2887,2902,3003,3303,4279,6183,7109,7295,6711,5426,3392,1286,222,19233,4769,18
Algeria,1996,80740,12654,16023,3369,1634,1588,2538,6836,5345,5380,6799,12154,12917,8057,1450,3628,3208,2775,2570,2630,2750,3001,3798,5600,6554,6737,6180,4943,3114,1228,222,17657,4126,18
Algeria,1997,83366,11761,14873,3112,1553,1487,2608,7077,5451,5453,6887,13113,14798,8525,1525,3734,3343,2861,2590,2647,2806,2983,3904,5866,7247,7451,7347,5403,3122,1280,245,16426,4095,21
Algeria,1998,86991,11166,14095,2929,1477,1403,2674,7396,5616,5541,6966,14098,16733,9365,1603,3901,3495,2979,2637,2649,2892,2975,3991,6106,7992,8280,8453,6215,3150,1331,272,15572,4077,24
Algeria,1999,83334,10802,13541,2739,1247,1296,2295,6132,4981,5193,6718,13757,16621,9867,1662,3215,2917,2590,2391,2443,2750,2964,3754,5888,7869,8375,8246,6712,3155,1366,296,14788,3591,27
Algeria,2000,83528,10683,13244,2561,1261,1221,2195,6082,5049,5240,6696,13592,16810,10383,1726,3182,2900,2609,2440,2455,2785,3065,3631,5790,7802,8605,8205,7191,3192,1404,322,14505,3416,31
Algeria,2001,83296,10661,13171,2510,1225,1165,2052,5833,5003,5227,6685,13327,17007,10794,1770,3040,2793,2560,2443,2451,2776,3163,3522,5660,7667,8800,8207,7454,3340,1426,344,14396,3217,35
Algeria,2002,83215,10500,12822,2322,1115,1079,1919,5710,5022,5236,6748,13101,17355,11247,1820,2961,2749,2550,2472,2469,2767,3264,3484,5544,7557,9007,8348,7490,3757,1456,364,13937,2998,39
Algeria,2003,83641,10479,12744,2265,1103,1092,1863,5611,5082,5306,6887,12829,17635,11592,1849,2887,2724,2559,2523,2522,2784,3353,3534,5399,7430,9104,8531,7371,4221,1470,379,13847,2955,44
Algeria,2004,84359,10419,12485,2066,934,961,1686,5332,5027,5355,7123,12824,18383,12263,1929,2700,2632,2505,2522,2559,2796,3414,3709,5335,7489,9359,9024,7525,4738,1529,400,13419,2647,49
Algeria,2005,85306,10448,12447,1999,924,907,1601,5218,5069,5471,7368,12687,18852,12736,1973,2596,2622,2509,2560,2634,2837,3492,3876,5222,7465,9420,9432,7623,5113,1561,412,13371,2508,53
Algeria,2006,86763,10433,12375,1942,883,871,1541,5144,5148,5642,7676,12671,19411,13248,2095,2514,2630,2530,2618,2729,2913,3573,4103,5186,7485,9501,9910,7853,5395,1674,421,13258,2412,56
Algeria,2007,88763,10560,12486,1926,874,844,1503,5126,5276,5868,8000,12747,19955,13677,2348,2462,2664,2581,2695,2848,3020,3657,4343,5249,7498,9582,10373,8175,5502,1922,426,13360,2347,58
Algeria,2008,89689,10612,12507,1895,838,804,1413,4898,5257,6003,8197,12792,20275,14034,2614,2319,2579,2554,2703,2909,3094,3697,4500,5382,7410,9590,10685,8530,5504,2187,427,13345,2217,59
Algeria,2009,88864,10773,12678,1905,823,743,1313,4618,5144,5992,8120,12568,19941,14124,2744,2164,2454,2493,2651,2892,3100,3646,4474,5486,7082,9340,10601,8717,5407,2325,419,13501,2056,58
Algeria,2010,89576,10806,12716,1910,810,715,1222,4319,5073,6088,8255,12678,20050,14692,2900,2008,2311,2445,2628,2915,3173,3687,4568,5738,6940,9337,10713,9173,5519,2479,421,13526,1937,58
Algeria,2011,90866,10891,12826,1935,818,689,1169,4139,5071,6233,8414,12920,20142,15354,3028,1921,2218,2436,2635,2964,3269,3765,4649,6049,6871,9343,10799,9651,5703,2577,451,13644,1858,57
Algeria,2012,94850,11115,13076,1961,812,690,1152,4071,5204,6573,8855,13714,20851,16565,3224,1892,2179,2485,2719,3098,3475,3985,4870,6568,7146,9626,11225,10419,6146,2690,534,13888,1842,57
Algeria,2013,94436,11119,13111,1992,825,663,1080,3827,5065,6564,8846,13880,20393,16891,3237,1771,2056,2399,2666,3067,3497,4012,4834,6685,7195,9342,11051,10558,6333,2644,593,13936,1743,55
Algeria,2014,94878,11308,13345,2037,816,649,1011,3567,4917,6571,8925,14246,20112,17369,3298,1650,1917,2293,2624,3046,3525,4080,4845,6766,7480,9107,11005,10718,6651,2666,632,14161,1660,54
Algeria,2015,93162,11424,13489,2065,819,618,938,3236,4629,6381,8778,14248,19311,17357,3303,1492,1744,2117,2512,2935,3446,4043,4735,6683,7565,8638,10673,10528,6829,2662,641,14308,1556,52
Algeria,2016,94752,11402,13484,2082,782,615,903,3085,4529,6451,9024,14858,19406,18071,3488,1423,1662,2028,2501,2944,3507,4175,4849,6831,8027,8617,10789,10758,7313,2820,668,14266,1518,56
Algeria,2017,98143,11265,13344,2079,805,629,892,3021,4515,6658,9502,15781,20022,19131,3776,1395,1626,1979,2536,3017,3641,4406,5096,7108,8673,8926,11096,11203,7928,3079,697,14149,1521,66
Algeria,2018,99307,10951,13001,2050,809,627,873,2855,4369,6687,9764,16259,20287,19682,4017,1321,1534,1884,2485,3012,3675,4524,5240,7214,9045,9219,11068,11380,8302,3306,711,13810,1500,76
Algeria,2019,100410,10564,12566,2002,834,632,863,2708,4199,6706,10021,16619,20703,20172,4302,1255,1453,1787,2412,3007,3699,4623,5398,7327,9292,9731,10972,11564,8608,3567,735,13400,1495,80
Algeria,2020,126926,10123,12064,1941,835,635,879,2633,4532,8121,13518,23040,26896,27930,5744,1228,1405,1850,2682,3577,4544,6029,7489,10189,12851,13232,13664,15276,12654,4855,889,12899,1514,92
Algeria,2021,109915,9657,11526,1869,810,642,730,2018,3560,6992,11711,20173,24357,22459,4855,955,1063,1424,2136,3056,3936,5245,6466,8809,11364,12393,11964,13100,9359,4063,792,12336,1372,81
American Samoa,1950,88,25,33,8,2,0,5,10,10,6,10,10,10,4,0,5,5,5,5,1,5,5,5,5,5,5,5,4,0,0,0,35,5,0
American Samoa,1951,88,24,32,8,2,0,5,10,10,6,10,10,10,3,0,5,5,5,5,1,5,5,5,5,5,5,5,3,0,0,0,34,5,0
American Samoa,1952,87,24,32,8,1,0,4,10,10,8,10,10,10,3,0,5,5,5,5,3,5,5,5,5,5,5,5,3,0,0,0,33,4,0
American Samoa,1953,90,24,32,8,2,0,5,10,10,10,10,10,10,4,0,5,5,5,5,5,5,5,5,5,5,5,5,4,0,0,0,34,5,0
American Samoa,1954,84,22,29,7,1,0,4,10,10,10,10,10,10,4,0,5,5,5,5,5,5,5,5,5,5,5,5,4,0,0,0,30,4,0
American Samoa,1955,83,21,28,7,1,0,4,10,10,10,10,10,10,5,0,5,5,5,5,5,5,5,5,5,5,5,5,5,0,0,0,29,4,0
American Samoa,1956,81,21,28,7,1,0,4,10,8,10,10,10,10,5,0,5,5,3,5,5,5,5,5,5,5,5,5,5,0,0,0,29,4,0
American Samoa,1957,81,21,28,7,1,0,4,9,5,10,10,10,10,5,0,5,4,0,5,5,5,5,5,5,5,5,5,5,0,0,0,29,4,0
American Samoa,1958,79,20,27,7,1,0,4,4,5,10,10,10,10,5,0,4,0,0,5,5,5,5,5,5,5,5,5,5,0,0,0,28,4,0
American Samoa,1959,78,19,26,7,1,0,4,3,5,10,10,10,10,5,0,3,0,0,5,5,5,5,5,5,5,5,5,5,0,0,0,27,4,0
American Samoa,1960,74,18,25,7,1,0,4,2,4,10,10,10,10,5,0,2,0,0,4,5,5,5,5,5,5,5,5,5,0,0,0,26,4,0
American Samoa,1961,75,18,25,7,1,0,4,3,3,10,10,10,10,5,0,3,0,0,3,5,5,5,5,5,5,5,5,5,0,0,0,26,4,0
American Samoa,1962,77,18,25,7,1,0,4,4,3,10,10,10,10,5,0,4,0,0,3,5,5,5,5,5,5,5,5,5,0,0,0,26,4,0
American Samoa,1963,79,18,25,7,1,0,4,5,3,10,10,10,10,5,0,5,0,0,3,5,5,5,5,5,5,5,5,5,0,0,0,26,4,0
American Samoa,1964,79,18,25,7,1,0,4,6,2,10,10,10,10,6,0,5,1,0,2,5,5,5,5,5,5,5,5,5,1,0,0,26,4,0
American Samoa,1965,81,18,25,7,1,0,4,7,3,10,10,10,10,6,0,5,2,0,3,5,5,5,5,5,5,5,5,5,1,0,0,26,4,0
American Samoa,1966,122,24,41,17,11,5,5,10,8,10,10,10,10,7,0,5,5,3,5,5,5,5,5,5,5,5,5,5,2,0,0,52,10,0
American Samoa,1967,86,17,24,7,1,0,4,10,4,10,10,10,10,7,0,5,5,0,4,5,5,5,5,5,5,5,5,5,2,0,0,25,4,0
American Samoa,1968,88,17,24,7,1,0,4,10,5,10,10,10,10,8,0,5,5,1,4,5,5,5,5,5,5,5,5,5,3,0,0,25,4,0
American Samoa,1969,90,17,24,7,1,0,5,10,10,10,10,12,10,7,0,5,5,5,5,5,5,5,5,5,7,5,5,5,2,0,0,25,5,0
American Samoa,1970,91,17,24,7,1,0,5,10,10,10,10,13,10,7,0,5,5,5,5,5,5,5,5,5,8,5,5,5,2,0,0,25,5,0
American Samoa,1971,90,16,22,6,1,0,4,10,10,10,10,12,11,8,0,5,5,5,5,5,5,5,5,5,7,6,5,5,3,0,0,23,4,0
American Samoa,1972,92,16,22,6,1,0,4,10,10,10,10,12,12,6,0,5,5,5,5,5,5,5,5,5,7,7,5,5,1,0,0,23,4,0
American Samoa,1973,93,16,21,5,0,0,4,10,10,10,11,11,13,5,0,5,5,5,5,5,5,5,6,5,6,8,5,5,0,0,0,21,4,0
American Samoa,1974,93,16,21,5,0,0,4,10,10,10,13,11,14,6,0,5,5,5,5,5,5,5,8,6,5,9,5,5,1,0,0,21,4,0
American Samoa,1975,95,15,20,5,0,0,4,9,10,10,13,12,14,6,0,4,5,5,5,5,5,5,8,7,5,9,5,5,1,0,0,20,4,0
American Samoa,1976,96,15,20,5,0,0,4,10,10,10,12,14,14,7,0,5,5,5,5,5,5,5,7,9,5,8,6,5,2,0,0,20,4,0
American Samoa,1977,97,15,20,5,0,0,4,10,10,10,12,16,14,7,0,5,5,5,5,5,5,5,7,10,6,7,7,5,2,0,0,20,4,0
American Samoa,1978,97,14,19,5,0,0,4,10,10,10,11,18,15,8,0,5,5,5,5,5,5,5,6,10,8,7,8,5,3,0,0,19,4,0
American Samoa,1979,99,13,18,5,0,0,4,10,10,10,11,20,19,8,0,5,5,5,5,5,5,5,6,10,10,10,9,5,3,0,0,18,4,0
American Samoa,1980,101,13,18,5,0,0,4,10,10,10,11,20,20,7,0,5,5,5,5,5,5,5,6,10,10,10,10,5,2,0,0,18,4,0
American Samoa,1981,103,13,18,5,0,0,4,10,10,10,13,20,20,8,0,5,5,5,5,5,5,5,8,10,10,10,10,6,2,0,0,18,4,0
American Samoa,1982,107,13,18,5,0,0,4,10,10,10,13,20,20,8,0,5,5,5,5,5,5,5,8,10,10,10,10,6,2,0,0,18,4,0
American Samoa,1983,111,13,18,5,0,0,4,10,10,10,14,20,20,9,0,5,5,5,5,5,5,5,9,10,10,10,10,7,2,0,0,18,4,0
American Samoa,1984,113,14,19,5,0,0,4,10,10,10,14,20,19,10,0,5,5,5,5,5,5,5,9,10,10,10,9,8,2,0,0,19,4,0
American Samoa,1985,117,14,19,5,0,0,4,10,10,10,15,20,19,12,0,5,5,5,5,5,5,5,10,10,10,10,9,9,3,0,0,19,4,0
American Samoa,1986,121,14,19,5,0,0,4,10,10,10,14,20,19,12,0,5,5,5,5,5,5,5,9,10,10,10,9,8,4,0,0,19,4,0
American Samoa,1987,121,14,19,5,0,0,4,10,10,10,14,20,19,13,0,5,5,5,5,5,5,5,9,10,10,10,9,7,6,0,0,19,4,0
American Samoa,1988,132,14,19,5,0,0,4,10,10,11,20,21,24,14,0,5,5,5,5,5,6,10,10,10,11,13,11,6,8,0,0,19,4,0
American Samoa,1989,141,14,19,5,0,0,4,10,10,12,20,21,28,15,1,5,5,5,5,5,7,10,10,10,11,15,13,6,9,1,0,19,4,0
American Samoa,1990,150,14,19,5,0,0,4,10,10,13,20,29,29,16,2,5,5,5,5,5,8,10,10,14,15,15,14,7,9,2,0,19,4,0
American Samoa,1991,141,13,18,5,0,0,4,10,10,11,20,24,29,14,3,5,5,5,5,5,6,10,10,11,13,14,15,7,7,3,0,18,4,0
American Samoa,1992,142,13,18,5,0,0,4,10,10,12,20,27,30,13,3,5,5,5,5,5,7,10,10,12,15,15,15,8,5,3,0,18,4,0
American Samoa,1993,143,13,18,5,0,0,4,10,10,12,20,27,30,15,4,5,5,5,5,5,7,10,10,12,15,15,15,10,5,4,0,18,4,0
American Samoa,1994,145,12,17,5,0,0,4,10,10,12,20,26,30,16,4,5,5,5,5,5,7,10,10,11,15,15,15,11,5,4,0,17,4,0
American Samoa,1995,143,12,17,5,0,0,3,10,10,13,20,27,29,16,3,5,5,5,5,5,8,10,10,12,15,15,14,11,5,3,0,17,3,0
American Samoa,1996,146,12,17,5,0,0,3,10,10,13,22,28,29,16,1,5,5,5,5,5,8,10,12,13,15,15,14,10,6,1,0,17,3,0
American Samoa,1997,144,12,17,5,0,0,3,10,10,13,21,30,29,16,0,5,5,5,5,5,8,10,11,15,15,15,14,10,6,0,0,17,3,0
American Samoa,1998,146,12,17,5,0,0,3,10,10,14,21,30,28,17,0,5,5,5,5,5,9,10,11,15,15,15,13,10,7,0,0,17,3,0
American Samoa,1999,148,12,17,5,0,0,3,10,10,14,21,30,28,15,1,5,5,5,5,5,9,10,11,15,15,15,13,10,5,1,0,17,3,0
American Samoa,2000,150,13,18,5,0,0,3,10,10,15,22,30,28,13,1,5,5,5,5,5,10,10,12,15,15,15,13,8,5,1,0,18,3,0
American Samoa,2001,156,12,17,5,0,0,3,10,10,16,22,30,29,14,1,5,5,5,5,6,10,10,12,15,15,15,14,9,5,1,0,17,3,0
American Samoa,2002,154,11,15,4,0,0,3,10,10,15,22,31,30,14,2,5,5,5,5,5,10,10,12,15,16,15,15,9,5,2,0,15,3,0
American Samoa,2003,158,11,16,5,0,0,3,10,10,16,23,33,30,15,2,5,5,5,5,6,10,10,13,15,18,15,15,10,5,2,0,16,3,0
American Samoa,2004,147,8,11,3,0,0,2,10,10,15,22,31,29,15,1,5,5,5,5,5,10,10,12,15,16,15,14,10,5,1,0,11,2,0
American Samoa,2005,146,7,10,3,0,0,2,10,10,15,23,30,30,15,1,5,5,5,5,5,10,10,13,15,15,16,14,10,5,1,0,10,2,0
American Samoa,2006,147,7,10,3,0,0,1,10,10,15,23,32,32,15,0,5,5,5,5,5,10,10,13,15,17,17,15,10,5,0,0,10,1,0
American Samoa,2007,148,7,9,2,0,0,0,8,10,15,23,32,33,16,0,3,5,5,5,5,10,10,13,15,17,18,15,11,5,0,0,9,0,0
American Samoa,2008,151,6,8,2,0,0,0,4,10,15,24,32,34,18,1,0,4,5,5,5,10,10,14,15,17,19,15,12,6,1,0,8,0,0
American Samoa,2009,168,7,12,5,4,0,5,10,10,16,25,32,35,18,1,5,5,5,5,6,10,10,15,15,17,20,15,12,6,1,0,16,5,0
American Samoa,2010,154,6,8,2,0,0,2,0,9,15,25,31,36,20,1,0,0,4,5,5,10,10,15,15,16,20,16,13,7,1,0,8,2,0
American Samoa,2011,155,5,7,2,0,0,2,1,8,15,26,37,37,20,1,1,0,3,5,5,10,11,15,17,20,20,17,13,7,1,0,7,2,0
American Samoa,2012,156,5,7,2,0,0,1,1,7,14,26,38,37,18,1,1,0,2,5,5,9,11,15,18,20,20,17,11,7,1,0,7,1,0
American Samoa,2013,159,5,7,2,0,0,1,2,7,14,27,39,37,18,2,2,0,2,5,5,9,12,15,19,20,20,17,11,7,2,0,7,1,0
American Samoa,2014,160,5,6,1,0,0,0,2,6,14,27,38,38,18,2,2,0,1,5,5,9,12,15,18,20,20,18,11,7,2,0,6,0,0
American Samoa,2015,160,5,6,1,0,0,0,0,5,14,28,40,38,20,2,0,0,0,5,5,9,12,16,20,20,20,18,12,8,2,0,6,0,0
American Samoa,2016,168,5,6,1,0,0,0,0,5,14,29,41,39,21,2,0,0,0,5,5,9,12,17,20,21,20,19,13,8,2,0,6,0,0
American Samoa,2017,169,4,5,1,0,0,0,0,5,14,30,43,40,20,2,0,0,0,5,5,9,12,18,20,23,20,20,13,7,2,0,5,0,0
American Samoa,2018,171,4,5,1,0,0,0,0,4,14,30,44,42,22,2,0,0,0,4,5,9,12,18,20,24,22,20,15,7,2,0,5,0,0
American Samoa,2019,178,4,5,1,0,0,0,0,4,14,31,48,44,24,2,0,0,0,4,5,9,12,19,23,25,24,20,17,7,2,0,5,0,0
American Samoa,2020,176,3,4,1,0,0,0,0,3,14,29,49,45,22,2,0,0,0,3,5,9,11,18,24,25,25,20,15,7,2,0,4,0,0
American Samoa,2021,193,3,4,1,0,0,0,2,3,14,32,51,51,25,2,0,2,0,3,5,9,12,20,25,26,29,22,17,8,2,0,4,0,0
Andorra,1950,37,3,3,0,0,0,0,0,0,0,1,10,10,5,0,0,0,0,0,0,0,0,1,5,5,5,5,5,0,0,0,3,0,0
Andorra,1951,38,3,3,0,0,0,0,0,0,0,1,10,10,5,0,0,0,0,0,0,0,0,1,5,5,5,5,5,0,0,0,3,0,0
Andorra,1952,31,2,2,0,0,0,0,0,0,0,0,8,10,5,0,0,0,0,0,0,0,0,0,3,5,5,5,5,0,0,0,2,0,0
Andorra,1953,29,2,2,0,0,0,0,0,0,0,0,6,10,5,0,0,0,0,0,0,0,0,0,1,5,5,5,5,0,0,0,2,0,0
Andorra,1954,28,2,2,0,0,0,0,0,0,0,0,6,10,4,0,0,0,0,0,0,0,0,0,1,5,5,5,4,0,0,0,2,0,0
Andorra,1955,29,2,2,0,0,0,0,0,0,0,0,6,10,5,0,0,0,0,0,0,0,0,0,1,5,5,5,5,0,0,0,2,0,0
Andorra,1956,31,2,2,0,0,0,0,0,0,0,1,7,10,5,0,0,0,0,0,0,0,0,1,2,5,5,5,5,0,0,0,2,0,0
Andorra,1957,33,3,3,0,0,0,0,0,0,0,1,10,10,5,0,0,0,0,0,0,0,0,1,5,5,5,5,5,0,0,0,3,0,0
Andorra,1958,31,2,2,0,0,0,0,0,0,0,0,10,10,5,0,0,0,0,0,0,0,0,0,5,5,5,5,5,0,0,0,2,0,0
Andorra,1959,33,3,3,0,0,0,0,0,0,0,6,10,10,6,0,0,0,0,0,0,0,1,5,5,5,5,5,5,1,0,0,3,0,0
Andorra,1960,33,3,3,0,0,0,0,0,0,0,5,10,10,5,0,0,0,0,0,0,0,0,5,5,5,5,5,5,0,0,0,3,0,0
Andorra,1961,35,3,3,0,0,0,0,0,0,0,6,10,10,6,0,0,0,0,0,0,0,1,5,5,5,5,5,5,1,0,0,3,0,0
Andorra,1962,36,3,3,0,0,0,0,0,0,0,6,10,10,6,0,0,0,0,0,0,0,1,5,5,5,5,5,5,1,0,0,3,0,0
Andorra,1963,40,4,4,0,0,0,0,0,0,0,8,10,10,7,0,0,0,0,0,0,0,3,5,5,5,5,5,5,2,0,0,4,0,0
Andorra,1964,41,4,4,0,0,0,0,0,0,0,8,10,10,7,0,0,0,0,0,0,0,3,5,5,5,5,5,5,2,0,0,4,0,0
Andorra,1965,42,3,3,0,0,0,0,0,0,0,8,10,10,6,0,0,0,0,0,0,0,3,5,5,5,5,5,5,1,0,0,3,0,0
Andorra,1966,44,4,4,0,0,0,0,0,0,0,9,10,10,7,0,0,0,0,0,0,0,4,5,5,5,5,5,5,2,0,0,4,0,0
Andorra,1967,48,4,4,0,0,0,0,0,0,1,10,10,10,7,0,0,0,0,0,0,1,5,5,5,5,5,5,5,2,0,0,4,0,0
Andorra,1968,50,4,4,0,0,0,0,0,0,2,10,10,10,7,0,0,0,0,0,0,2,5,5,5,5,5,5,5,2,0,0,4,0,0
Andorra,1969,56,5,5,0,0,0,0,0,0,2,10,13,10,7,0,0,0,0,0,0,2,5,5,6,7,5,5,5,2,0,0,5,0,0
Andorra,1970,54,4,4,0,0,0,0,0,0,1,10,13,10,7,0,0,0,0,0,0,1,5,5,5,8,5,5,5,2,0,0,4,0,0
Andorra,1971,60,5,5,0,0,0,0,0,0,3,10,17,11,7,0,0,0,0,0,0,3,5,5,7,10,6,5,5,2,0,0,5,0,0
Andorra,1972,59,4,4,0,0,0,0,0,0,2,10,16,12,7,0,0,0,0,0,0,2,5,5,6,10,7,5,5,2,0,0,4,0,0
Andorra,1973,65,5,5,0,0,0,0,0,0,3,10,18,14,8,0,0,0,0,0,0,3,5,5,8,10,9,5,5,3,0,0,5,0,0
Andorra,1974,69,5,5,0,0,0,0,0,0,3,10,19,15,8,0,0,0,0,0,0,3,5,5,9,10,10,5,5,3,0,0,5,0,0
Andorra,1975,73,5,5,0,0,0,0,0,0,4,10,20,17,9,0,0,0,0,0,0,4,5,5,10,10,10,7,5,4,0,0,5,0,0
Andorra,1976,77,4,4,0,0,0,0,0,0,4,10,20,19,8,0,0,0,0,0,0,4,5,5,10,10,10,9,5,3,0,0,4,0,0
Andorra,1977,80,4,4,0,0,0,0,0,0,5,10,21,25,9,0,0,0,0,0,0,5,5,5,10,11,15,10,6,3,0,0,4,0,0
Andorra,1978,86,4,4,0,0,0,0,0,0,5,11,23,27,10,0,0,0,0,0,0,5,5,6,10,13,15,12,7,3,0,0,4,0,0
Andorra,1979,90,4,4,0,0,0,0,0,0,5,11,23,28,12,0,0,0,0,0,0,5,5,6,10,13,15,13,8,4,0,0,4,0,0
Andorra,1980,95,4,4,0,0,0,0,0,0,4,11,23,29,13,0,0,0,0,0,0,4,5,6,10,13,15,14,9,4,0,0,4,0,0
Andorra,1981,102,4,4,0,0,0,0,0,0,4,12,24,30,17,0,0,0,0,0,0,4,5,7,10,14,15,15,11,6,0,0,4,0,0
Andorra,1982,107,4,4,0,0,0,0,0,0,4,12,24,35,19,0,0,0,0,0,0,4,5,7,10,14,19,16,12,7,0,0,4,0,0
Andorra,1983,117,4,4,0,0,0,0,0,0,4,13,25,39,20,1,0,0,0,0,0,4,5,8,10,15,20,19,13,7,1,0,4,0,0
Andorra,1984,124,3,3,0,0,0,0,0,0,4,13,27,40,24,2,0,0,0,0,0,4,5,8,11,16,20,20,16,8,2,0,3,0,0
Andorra,1985,135,4,4,0,0,0,0,0,0,5,14,28,46,26,2,0,0,0,0,0,5,5,9,12,16,23,23,18,8,2,0,4,0,0
Andorra,1986,143,4,4,0,0,0,0,0,0,7,15,29,48,30,3,0,0,0,0,2,5,5,10,13,16,23,25,21,9,3,0,4,0,0
Andorra,1987,154,4,4,0,0,0,0,0,0,8,15,30,50,35,3,0,0,0,0,3,5,5,10,13,17,23,27,23,12,3,0,4,0,0
Andorra,1988,168,4,4,0,0,0,0,0,0,9,16,34,54,41,4,0,0,0,0,4,5,6,10,14,20,24,30,25,16,4,0,4,0,0
Andorra,1989,184,4,4,0,0,0,0,0,0,10,16,35,58,46,7,0,0,0,0,5,5,6,10,15,20,26,32,27,19,7,0,4,0,0
Andorra,1990,192,4,4,0,0,0,0,0,0,9,15,37,59,51,10,0,0,0,0,4,5,5,10,15,22,26,33,30,21,9,1,4,0,0
Andorra,1991,213,4,4,0,0,0,0,0,1,10,17,39,60,58,14,0,0,0,1,5,5,6,11,16,23,26,34,33,25,12,2,4,0,0
Andorra,1992,165,3,3,0,0,0,0,0,0,6,12,28,46,48,13,0,0,0,0,1,5,5,7,11,17,20,26,28,20,10,3,3,0,0
Andorra,1993,217,4,4,0,0,0,0,0,0,10,15,38,62,64,16,0,0,0,0,5,5,5,10,16,22,30,32,38,26,13,3,4,0,0
Andorra,1994,137,2,2,0,0,0,0,0,0,3,10,21,40,45,13,0,0,0,0,0,3,5,5,9,12,19,21,25,20,11,2,2,0,0
Andorra,1995,238,4,4,0,0,0,0,0,0,10,16,39,66,75,21,0,0,0,0,5,5,6,10,16,23,33,33,42,33,17,4,4,0,0
Andorra,1996,227,3,3,0,0,0,0,0,0,8,14,34,59,74,26,0,0,0,0,3,5,5,9,13,21,29,30,38,36,20,6,3,0,0
Andorra,1997,212,3,3,0,0,0,0,0,0,7,13,30,57,71,25,0,0,0,0,2,5,5,8,12,18,27,30,36,35,19,6,3,0,0
Andorra,1998,284,4,4,0,0,0,0,0,3,10,19,42,77,92,32,0,0,0,3,5,5,9,10,16,26,36,41,45,47,25,7,4,0,1
Andorra,1999,232,3,3,0,0,0,0,0,0,8,15,31,63,78,30,0,0,0,0,3,5,5,10,11,20,28,35,37,41,22,8,3,0,1
Andorra,2000,248,3,3,0,0,0,0,0,0,8,16,31,68,84,34,0,0,0,0,3,5,6,10,11,20,30,38,40,44,25,9,3,0,1
Andorra,2001,275,3,3,0,0,0,0,0,0,9,17,33,74,92,42,0,0,0,0,4,5,7,10,12,21,32,42,43,49,31,11,3,0,1
Andorra,2002,246,3,3,0,0,0,0,0,0,8,16,27,65,83,39,0,0,0,0,3,5,6,10,10,17,28,37,40,43,30,9,3,0,1
Andorra,2003,231,2,2,0,0,0,0,0,0,7,14,25,58,80,40,0,0,0,0,2,5,5,9,10,15,25,33,40,40,30,10,2,0,2
Andorra,2004,302,3,3,0,0,0,0,0,0,10,20,34,76,101,51,0,0,0,0,5,5,8,12,15,19,32,44,51,50,38,13,3,0,2
Andorra,2005,293,3,3,0,0,0,0,0,0,9,18,32,71,97,54,0,0,0,0,4,5,7,11,15,17,30,41,49,48,38,16,3,0,2
Andorra,2006,264,3,3,0,0,0,0,0,0,8,15,28,60,90,52,0,0,0,0,3,5,5,10,13,15,24,36,44,46,35,17,3,0,3
Andorra,2007,288,3,3,0,0,0,0,0,0,9,18,31,65,96,55,0,0,0,0,4,5,7,11,15,16,26,39,48,48,38,17,3,0,4
Andorra,2008,273,3,3,0,0,0,0,0,0,8,16,33,61,92,50,0,0,0,0,3,5,6,10,15,18,24,37,47,45,33,17,3,0,4
Andorra,2009,252,3,3,0,0,0,0,0,0,8,16,31,56,85,43,0,0,0,0,3,5,6,10,14,17,22,34,43,42,29,14,3,0,4
Andorra,2010,227,3,3,0,0,0,0,0,0,7,16,29,51,76,35,0,0,0,0,2,5,6,10,13,16,21,30,39,37,24,11,3,0,3
Andorra,2011,199,3,3,0,0,0,0,0,0,7,16,28,48,67,23,0,0,0,0,2,5,6,10,12,16,20,28,34,33,16,7,3,0,2
Andorra,2012,206,3,3,0,0,0,0,0,0,7,16,31,46,71,26,0,0,0,0,2,5,6,10,13,18,19,27,36,35,19,7,3,0,2
Andorra,2013,213,2,2,0,0,0,0,0,0,7,17,31,48,74,29,0,0,0,0,2,5,7,10,13,18,20,28,38,36,22,7,2,0,2
Andorra,2014,221,2,2,0,0,0,0,0,0,7,17,34,50,74,33,0,0,0,0,2,5,7,10,14,20,23,27,37,37,25,8,2,0,2
Andorra,2015,231,2,2,0,0,0,0,0,0,8,18,35,52,76,35,0,0,0,0,3,5,7,11,15,20,24,28,38,38,26,9,2,0,2
Andorra,2016,241,2,2,0,0,0,0,0,0,7,18,35,55,76,39,0,0,0,0,2,5,7,11,15,20,27,28,38,38,27,12,2,0,2
Andorra,2017,248,2,2,0,0,0,0,0,0,7,20,36,57,78,39,0,0,0,0,2,5,8,12,15,21,29,28,38,40,27,12,2,0,2
Andorra,2018,256,2,2,0,0,0,0,0,0,7,21,37,62,81,40,0,0,0,0,2,5,8,13,15,22,31,31,39,42,28,12,2,0,2
Andorra,2019,265,2,2,0,0,0,0,0,0,7,21,39,66,79,41,0,0,0,0,2,5,8,13,17,22,32,34,37,42,30,11,2,0,3
Andorra,2020,431,2,2,0,0,0,0,0,2,16,50,86,114,105,47,0,0,0,2,5,11,19,31,40,46,56,58,53,52,35,12,2,0,3
Andorra,2021,394,2,2,0,0,0,0,0,0,14,45,78,106,94,45,0,0,0,0,5,9,17,28,36,42,51,55,49,45,33,12,2,0,3
Angola,1950,61592,19377,35007,15630,3544,1706,1629,3819,3397,3071,2962,2893,2539,973,48,1970,1849,1729,1668,1585,1486,1492,1470,1396,1497,1450,1089,646,327,48,0,38551,3335,0
Angola,1951,63364,20193,36053,15860,3615,1724,1663,3915,3490,3175,3070,2986,2628,976,65,2019,1896,1774,1716,1637,1538,1539,1531,1463,1523,1495,1133,658,318,63,2,39668,3387,0
Angola,1952,64817,20770,37069,16299,3667,1723,1678,3959,3532,3234,3133,3066,2704,975,79,2044,1915,1794,1738,1661,1573,1569,1564,1537,1529,1529,1175,671,304,75,4,40736,3401,0
Angola,1953,66295,21369,38105,16736,3695,1725,1691,4006,3574,3295,3194,3157,2783,980,90,2070,1936,1814,1760,1686,1609,1602,1592,1621,1536,1563,1220,687,293,84,6,41800,3416,0
Angola,1954,67872,21948,39194,17246,3696,1730,1701,4067,3632,3356,3256,3271,2861,1012,97,2101,1966,1843,1789,1713,1643,1635,1621,1704,1567,1596,1265,714,298,91,6,42890,3431,0
Angola,1955,69319,22489,40222,17733,3730,1734,1697,4116,3660,3378,3287,3381,2930,1071,113,2123,1993,1860,1800,1722,1656,1649,1638,1767,1614,1621,1309,754,317,102,11,43952,3431,0
Angola,1956,70846,22990,41164,18174,3814,1744,1687,4189,3715,3403,3317,3514,3003,1162,135,2153,2036,1889,1826,1739,1664,1660,1657,1826,1688,1647,1356,810,352,116,19,44978,3431,0
Angola,1957,72357,23449,42035,18586,3912,1757,1672,4278,3782,3426,3337,3659,3075,1270,158,2185,2093,1928,1854,1756,1670,1667,1670,1870,1789,1667,1408,873,397,133,25,45947,3429,1
Angola,1958,73780,23868,42818,18950,4032,1763,1652,4361,3850,3443,3348,3804,3148,1378,183,2211,2150,1969,1881,1773,1670,1668,1680,1903,1901,1691,1457,937,441,152,31,46850,3415,1
Angola,1959,75007,24256,43524,19268,4168,1757,1629,4414,3906,3438,3329,3925,3228,1481,208,2218,2196,2005,1901,1780,1658,1653,1676,1925,2000,1731,1497,995,486,171,37,47692,3386,1
Angola,1960,76088,24602,44129,19527,4291,1763,1612,4435,3959,3436,3304,4021,3323,1577,239,2204,2231,2040,1919,1788,1648,1637,1667,1939,2082,1790,1533,1045,532,195,44,48420,3375,2
Angola,1961,82344,24906,44660,19754,4397,1813,2014,6546,5305,4090,3635,4345,3557,1710,270,3250,3296,2836,2469,2173,1917,1812,1823,2086,2259,1947,1610,1120,590,221,49,49057,3827,3
Angola,1962,82807,25085,44885,19800,4458,1855,2022,6480,5377,4117,3637,4381,3635,1694,257,3176,3304,2884,2493,2187,1930,1814,1823,2089,2292,2036,1599,1117,577,211,46,49343,3877,3
Angola,1963,83076,25198,45042,19844,4498,1903,2031,6383,5423,4118,3623,4391,3722,1688,248,3097,3286,2918,2505,2187,1931,1806,1817,2084,2307,2129,1593,1118,570,203,45,49540,3934,4
Angola,1964,83291,25267,45122,19855,4523,1963,2040,6287,5473,4120,3613,4396,3824,1684,241,3037,3250,2947,2526,2188,1932,1799,1814,2078,2318,2215,1609,1119,565,198,43,49645,4003,4
Angola,1965,83276,25300,45127,19827,4533,2009,2050,6178,5481,4084,3578,4386,3921,1689,236,2995,3183,2950,2531,2171,1913,1780,1798,2066,2320,2277,1644,1123,566,194,42,49660,4059,4
Angola,1966,83365,25279,45030,19751,4544,2044,2083,6126,5531,4066,3556,4398,4041,1704,238,2996,3130,2969,2562,2167,1899,1767,1789,2067,2331,2332,1709,1130,574,196,42,49574,4127,4
Angola,1967,83140,25194,44870,19676,4555,2062,2109,6048,5516,3992,3489,4390,4144,1721,243,3000,3048,2950,2566,2138,1854,1727,1762,2060,2330,2356,1788,1134,587,201,42,49425,4171,4
Angola,1968,82703,25072,44610,19538,4558,2067,2139,5944,5455,3899,3403,4382,4244,1749,249,2991,2953,2900,2555,2100,1799,1678,1725,2054,2328,2369,1875,1147,602,206,43,49168,4206,4
Angola,1969,82289,24954,44324,19370,4560,2071,2201,5872,5403,3832,3316,4359,4316,1779,252,2983,2889,2850,2553,2080,1752,1629,1687,2037,2322,2371,1945,1167,612,209,43,48884,4272,4
Angola,1970,82082,24905,44098,19193,4567,2088,2266,5844,5362,3827,3255,4331,4378,1810,251,2991,2853,2797,2565,2092,1735,1600,1655,2016,2315,2380,1998,1195,615,209,42,48665,4354,4
Angola,1971,81807,24844,43865,19021,4577,2132,2326,5758,5293,3927,3251,4272,4401,1780,219,2973,2785,2714,2579,2151,1776,1618,1633,1975,2297,2385,2016,1198,582,190,29,48442,4458,2
Angola,1972,82221,25026,43884,18858,4570,2175,2402,5808,5279,4082,3300,4245,4454,1804,220,3026,2782,2663,2616,2236,1846,1661,1639,1950,2295,2408,2046,1237,567,186,34,48454,4577,2
Angola,1973,83395,25476,44297,18821,4566,2222,2493,5979,5323,4283,3390,4234,4511,1854,239,3154,2825,2652,2671,2344,1939,1726,1664,1936,2298,2435,2076,1289,565,193,46,48863,4715,6
Angola,1974,84685,26023,44935,18912,4557,2260,2570,6160,5332,4463,3483,4203,4554,1908,252,3311,2849,2639,2693,2434,2029,1791,1692,1919,2284,2451,2103,1338,570,198,54,49492,4830,10
Angola,1975,88985,26839,46312,19473,4689,2369,2869,7015,5759,4918,3767,4326,4702,1984,260,3830,3185,2864,2895,2672,2246,1955,1812,1985,2341,2524,2178,1396,588,200,60,51001,5238,13
Angola,1976,91914,27562,47487,19925,4756,2433,3046,7539,5960,5225,3978,4372,4786,2048,267,4144,3395,2986,2974,2816,2409,2082,1896,2021,2351,2561,2225,1438,610,203,64,52243,5479,16
Angola,1977,93758,28170,48418,20248,4775,2459,3127,7804,6015,5438,4152,4376,4817,2095,267,4295,3509,3040,2975,2901,2537,2187,1965,2042,2334,2566,2251,1461,634,202,65,53193,5586,18
Angola,1978,95377,28871,49481,20610,4806,2464,3180,8033,5993,5551,4286,4350,4809,2134,267,4410,3623,3060,2933,2926,2625,2268,2018,2053,2297,2549,2260,1476,658,200,67,54287,5644,19
Angola,1979,97299,29649,50664,21015,4867,2472,3234,8312,6000,5667,4455,4357,4804,2174,272,4527,3785,3081,2919,2947,2720,2367,2088,2083,2274,2532,2272,1494,680,204,68,55531,5706,20
Angola,1980,99578,30506,51987,21481,4956,2487,3290,8612,6086,5790,4663,4400,4798,2216,276,4651,3961,3144,2942,2970,2820,2486,2177,2132,2268,2514,2284,1517,699,207,69,56943,5777,21
Angola,1981,101804,31418,53427,22009,5066,2501,3327,8844,6156,5823,4848,4452,4784,2260,289,4753,4091,3207,2949,2945,2878,2590,2258,2184,2268,2491,2293,1542,718,219,70,58493,5828,22
Angola,1982,104356,32390,54925,22535,5167,2513,3352,9138,6373,5936,5086,4529,4739,2279,297,4872,4266,3342,3031,2966,2970,2724,2362,2251,2278,2457,2282,1552,727,226,71,60092,5865,22
Angola,1983,112514,33996,57845,23849,5560,2688,3776,10683,7268,6501,5696,4893,4905,2362,311,5679,5004,3873,3395,3223,3278,3053,2643,2468,2425,2542,2363,1609,753,238,73,63405,6464,23
Angola,1984,115559,35126,59641,24515,5702,2733,3793,10959,7556,6592,5964,5031,4868,2379,321,5784,5175,4086,3470,3252,3340,3189,2775,2564,2467,2520,2348,1617,762,246,75,65343,6526,23
Angola,1985,118331,36336,61504,25168,5839,2777,3791,11123,7761,6600,6179,5175,4833,2400,328,5836,5287,4245,3516,3257,3343,3284,2895,2660,2515,2506,2327,1626,774,253,75,67343,6568,24
Angola,1986,121530,37519,63505,25986,6013,2847,3806,11314,8037,6657,6414,5351,4813,2413,332,5894,5420,4415,3622,3304,3353,3383,3031,2771,2580,2509,2304,1628,785,256,76,69518,6653,24
Angola,1987,136457,39831,68389,28558,6827,3258,4621,14156,9888,7740,7482,6097,5123,2510,343,7347,6809,5478,4410,3899,3841,3920,3562,3198,2899,2710,2413,1695,815,265,78,75216,7879,24
Angola,1988,136966,40675,69742,29067,6927,3288,4468,13606,9839,7552,7496,6183,5025,2474,342,6998,6608,5424,4415,3835,3717,3884,3612,3256,2927,2683,2342,1663,811,265,77,76669,7756,24
Angola,1989,139968,41770,71663,29893,7150,3377,4507,13655,10149,7573,7645,6401,5027,2458,342,6978,6677,5554,4595,3869,3704,3914,3731,3385,3016,2713,2314,1646,812,265,77,78813,7884,23
Angola,1990,143495,42833,73625,30792,7424,3496,4590,13760,10529,7705,7814,6678,5068,2441,341,6991,6769,5715,4814,3961,3744,3952,3862,3544,3134,2768,2300,1628,813,265,76,81049,8086,22
Angola,1991,136211,42824,72887,30063,7122,3322,3958,11382,9339,6991,7192,6451,4863,2350,335,5729,5653,4997,4342,3601,3390,3582,3610,3414,3037,2672,2191,1557,793,262,73,80009,7280,21
Angola,1992,149453,45036,77751,32715,8048,3776,4676,13200,10775,7930,7986,7282,5258,2408,341,6665,6535,5743,5032,4122,3808,3933,4053,3875,3407,2931,2327,1598,810,268,73,85799,8452,21
Angola,1993,157297,44858,76718,31860,7703,3687,5528,17238,13356,9024,8372,7611,5330,2373,337,8800,8438,7273,6083,4812,4212,4114,4258,4067,3544,3000,2330,1570,803,265,72,84421,9215,20
Angola,1994,152808,45213,76744,31531,7542,3609,5105,15463,12418,8595,7884,7518,5272,2306,335,7916,7547,6700,5718,4637,3958,3848,4036,3991,3527,2982,2290,1522,784,264,71,84286,8714,20
Angola,1995,138361,46303,78556,32253,7774,3648,3486,8255,8147,6776,6773,7163,5185,2244,332,4142,4113,4138,4009,3596,3180,3261,3512,3736,3427,2939,2246,1480,764,261,71,86330,7134,19
Angola,1996,141348,47244,80092,32848,7964,3774,3571,8280,8262,7008,6863,7489,5422,2266,336,4185,4095,4162,4100,3733,3275,3321,3542,3873,3616,3091,2331,1500,766,264,72,88056,7345,19
Angola,1997,144153,47940,81109,33169,8070,3873,3685,8498,8486,7322,6982,7806,5668,2289,342,4329,4169,4242,4244,3908,3414,3410,3572,3999,3807,3247,2421,1524,765,267,75,89179,7558,20
Angola,1998,157237,49428,84143,34715,8666,4252,4599,11254,10284,8612,7776,8673,6225,2384,350,5841,5413,5192,5092,4618,3994,3846,3930,4420,4253,3594,2631,1604,780,274,76,92809,8851,21
Angola,1999,161253,49300,83102,33802,8351,4177,5089,13467,11549,9408,7983,8893,6450,2408,354,7068,6399,5906,5643,5051,4357,3988,3995,4488,4405,3737,2713,1630,778,274,80,91453,9266,21
Angola,2000,160342,50253,84527,34274,8606,4324,4787,11643,10487,9260,7976,9106,6781,2466,357,6076,5567,5231,5256,4891,4369,3992,3984,4528,4578,3939,2842,1681,785,276,81,93133,9111,23
Angola,2001,163332,50159,83461,33302,8296,4235,5159,13333,11384,9912,8267,9286,7083,2527,363,7001,6332,5739,5645,5233,4679,4177,4090,4566,4720,4120,2963,1733,794,278,85,91757,9394,24
Angola,2002,161661,50706,84223,33517,8431,4306,4852,11677,10364,9692,8314,9386,7417,2603,366,6089,5588,5128,5236,5045,4647,4210,4104,4548,4838,4318,3099,1795,808,280,86,92654,9158,25
Angola,2003,151239,49508,80904,31396,7715,3947,4079,9365,8924,8943,7907,8970,7456,2637,369,4820,4545,4351,4573,4592,4351,4029,3878,4281,4689,4321,3135,1823,814,279,90,88619,8026,26
Angola,2004,150222,49150,79656,30506,7483,3849,4046,9344,8808,9012,8085,9022,7769,2740,376,4811,4533,4309,4499,4591,4421,4171,3914,4278,4744,4485,3284,1901,839,285,91,87139,7895,27
Angola,2005,149012,48605,78042,29437,7237,3742,4013,9366,8758,9103,8301,9082,8089,2860,388,4821,4545,4307,4451,4602,4501,4323,3978,4304,4778,4641,3448,1989,871,292,96,85279,7755,29
Angola,2006,148980,47895,76427,28532,7105,3698,4043,9559,8921,9363,8681,9276,8466,3011,403,4910,4649,4414,4507,4698,4665,4539,4142,4422,4854,4824,3642,2100,911,302,101,83532,7741,31
Angola,2007,145712,46708,73715,27007,6736,3508,3892,9333,8698,9266,8852,9312,8776,3169,420,4788,4545,4325,4373,4599,4667,4626,4226,4470,4842,4947,3829,2214,955,314,106,80451,7400,33
Angola,2008,143382,45529,71148,25619,6464,3375,3816,9328,8709,9293,9094,9340,9018,3325,437,4769,4559,4351,4358,4575,4718,4738,4356,4522,4818,5027,3991,2324,1001,328,109,77612,7191,35
Angola,2009,141184,44319,68577,24258,6213,3253,3730,9256,8687,9299,9407,9446,9298,3521,457,4711,4545,4349,4338,4537,4762,4857,4550,4598,4848,5122,4176,2462,1059,343,114,74790,6983,37
Angola,2010,139477,43015,65919,22904,5981,3149,3668,9260,8784,9400,9796,9670,9586,3745,481,4683,4577,4397,4387,4554,4846,5014,4782,4732,4938,5216,4370,2620,1125,361,120,71900,6817,39
Angola,2011,137601,41736,63354,21618,5762,3052,3594,9188,8812,9417,10121,9930,9831,3989,510,4619,4569,4406,4406,4534,4883,5139,4982,4887,5043,5282,4549,2788,1201,384,126,69116,6646,41
Angola,2012,135588,40424,60740,20316,5531,2958,3519,9100,8849,9418,10415,10214,10028,4234,537,4547,4553,4416,4433,4520,4898,5248,5167,5055,5159,5322,4706,2956,1278,406,131,66271,6477,44
Angola,2013,134741,39318,58625,19307,5360,2900,3464,9046,8979,9536,10806,10631,10274,4507,567,4486,4560,4468,4511,4573,4963,5407,5399,5312,5319,5398,4876,3139,1368,430,137,63985,6364,45
Angola,2014,134017,38359,56750,18391,5208,2858,3430,9013,9092,9620,11120,11034,10472,4772,598,4446,4567,4517,4575,4623,4997,5525,5595,5590,5444,5471,5001,3312,1460,458,140,61958,6288,46
Angola,2015,133677,37486,55096,17610,5085,2837,3416,8995,9221,9724,11420,11478,10684,5041,630,4421,4574,4575,4646,4691,5033,5633,5787,5874,5604,5577,5107,3481,1560,485,145,60181,6253,47
Angola,2016,133853,36827,53824,16997,4997,2831,3428,9003,9357,9847,11695,11947,10905,5310,665,4415,4588,4636,4721,4776,5071,5725,5970,6140,5807,5713,5192,3642,1668,516,149,58821,6259,48
Angola,2017,133774,36311,52746,16435,4909,2824,3429,8918,9394,9896,11868,12376,11103,5562,701,4373,4545,4644,4750,4824,5072,5758,6110,6368,6008,5853,5250,3787,1775,549,152,57655,6253,48
Angola,2018,135680,35858,51791,15933,4854,2849,3502,9071,9769,10311,12340,13096,11451,5852,743,4436,4635,4809,4960,5050,5261,5948,6392,6728,6368,6081,5370,3954,1898,586,157,56645,6351,48
Angola,2019,136790,35513,51067,15554,4799,2864,3563,9181,10053,10606,12572,13617,11604,6027,781,4485,4696,4929,5124,5218,5388,6031,6541,6950,6667,6189,5415,4038,1989,619,162,55866,6427,47
Angola,2020,143098,35153,50299,15146,4727,2867,3610,9198,10211,11169,13889,16139,13095,6932,908,4501,4697,4974,5237,5427,5742,6535,7354,8124,8015,7127,5968,4539,2393,728,180,55026,6477,50
Angola,2021,150515,34704,49421,14717,4657,2883,3694,9357,10871,12556,15621,18245,14708,7525,929,4578,4779,5164,5707,6087,6469,7334,8287,9144,9101,8047,6661,4948,2577,763,166,54078,6577,44
Anguilla,1950,35,14,18,4,0,0,0,0,0,0,0,0,0,0,0,0,0,0,0,0,0,0,0,0,0,0,0,0,0,0,0,18,0,0
Anguilla,1951,36,14,18,4,0,0,0,0,0,0,0,0,0,0,0,0,0,0,0,0,0,0,0,0,0,0,0,0,0,0,0,18,0,0
Anguilla,1952,37,14,18,4,0,0,0,0,0,0,0,0,0,0,0,0,0,0,0,0,0,0,0,0,0,0,0,0,0,0,0,18,0,0
Anguilla,1953,37,14,19,5,0,0,0,0,0,0,0,0,0,0,0,0,0,0,0,0,0,0,0,0,0,0,0,0,0,0,0,19,0,0
Anguilla,1954,37,14,19,5,0,0,0,0,0,0,0,0,0,0,0,0,0,0,0,0,0,0,0,0,0,0,0,0,0,0,0,19,0,0
Anguilla,1955,37,13,18,5,0,0,0,0,0,0,0,0,0,0,0,0,0,0,0,0,0,0,0,0,0,0,0,0,0,0,0,18,0,0
Anguilla,1956,36,12,17,5,0,0,0,0,0,0,0,0,0,0,0,0,0,0,0,0,0,0,0,0,0,0,0,0,0,0,0,17,0,0
Anguilla,1957,36,11,15,4,0,0,0,0,0,0,0,0,0,0,0,0,0,0,0,0,0,0,0,0,0,0,0,0,0,0,0,15,0,0
Anguilla,1958,36,11,15,4,0,0,0,0,0,0,0,3,3,0,0,0,0,0,0,0,0,0,0,0,3,0,3,0,0,0,0,15,0,0
Anguilla,1959,36,10,13,3,0,0,0,0,0,0,0,5,10,2,0,0,0,0,0,0,0,0,0,0,5,5,5,2,0,0,0,13,0,0
Anguilla,1960,38,10,14,4,0,0,0,0,0,0,0,4,10,4,0,0,0,0,0,0,0,0,0,0,4,5,5,4,0,0,0,14,0,0
Anguilla,1961,36,9,12,3,0,0,0,0,0,0,0,3,10,4,0,0,0,0,0,0,0,0,0,0,3,5,5,4,0,0,0,12,0,0
Anguilla,1962,35,9,12,3,0,0,0,0,0,0,0,2,10,5,0,0,0,0,0,0,0,0,0,0,2,5,5,5,0,0,0,12,0,0
Anguilla,1963,35,9,12,3,0,0,0,0,0,0,0,2,10,5,0,0,0,0,0,0,0,0,0,0,2,5,5,5,0,0,0,12,0,0
Anguilla,1964,34,8,10,2,0,0,0,0,0,0,0,1,10,5,0,0,0,0,0,0,0,0,0,0,1,5,5,5,0,0,0,10,0,0
Anguilla,1965,34,8,10,2,0,0,0,0,0,0,1,0,10,2,0,0,0,0,0,0,0,0,1,0,0,5,5,2,0,0,0,10,0,0
Anguilla,1966,33,8,10,2,0,0,0,0,0,0,3,0,9,1,0,0,0,0,0,0,0,0,3,0,0,4,5,1,0,0,0,10,0,0
Anguilla,1967,33,7,9,2,0,0,0,0,0,0,3,1,8,1,0,0,0,0,0,0,0,0,3,1,0,3,5,1,0,0,0,9,0,0
Anguilla,1968,33,7,8,1,0,0,0,0,0,0,3,4,8,1,0,0,0,0,0,0,0,0,3,4,0,3,5,1,0,0,0,8,0,0
Anguilla,1969,32,6,7,1,0,0,0,0,0,0,3,5,9,1,0,0,0,0,0,0,0,0,3,5,0,4,5,1,0,0,0,7,0,0
Anguilla,1970,32,6,7,1,0,0,0,0,0,0,3,7,8,2,0,0,0,0,0,0,0,0,3,5,2,3,5,2,0,0,0,7,0,0
Anguilla,1971,32,5,5,0,0,0,0,0,0,0,2,8,8,2,0,0,0,0,0,0,0,0,2,5,3,3,5,2,0,0,0,5,0,0
Anguilla,1972,33,5,5,0,0,0,0,0,0,0,3,9,8,1,0,0,0,0,0,0,0,0,3,5,4,3,5,1,0,0,0,5,0,0
Anguilla,1973,34,5,5,0,0,0,0,0,0,0,2,10,9,2,0,0,0,0,0,0,0,0,2,5,5,4,5,2,0,0,0,5,0,0
Anguilla,1974,34,4,4,0,0,0,0,0,0,0,2,10,10,2,0,0,0,0,0,0,0,0,2,5,5,5,5,2,0,0,0,4,0,0
Anguilla,1975,34,4,4,0,0,0,0,0,0,0,1,10,10,2,0,0,0,0,0,0,0,0,1,5,5,5,5,2,0,0,0,4,0,0
Anguilla,1976,34,4,4,0,0,0,0,0,0,0,1,10,10,3,0,0,0,0,0,0,0,0,1,5,5,5,5,3,0,0,0,4,0,0
Anguilla,1977,34,4,4,0,0,0,0,0,0,0,0,10,10,4,0,0,0,0,0,0,0,0,0,5,5,5,5,4,0,0,0,4,0,0
Anguilla,1978,33,3,3,0,0,0,0,0,0,0,0,9,10,4,0,0,0,0,0,0,0,0,0,4,5,5,5,4,0,0,0,3,0,0
Anguilla,1979,33,3,3,0,0,0,0,0,0,0,0,9,10,5,0,0,0,0,0,0,0,0,0,4,5,5,5,5,0,0,0,3,0,0
Anguilla,1980,33,3,3,0,0,0,0,0,0,0,0,8,8,5,0,0,0,0,0,0,0,0,0,3,5,5,3,5,0,0,0,3,0,0
Anguilla,1981,33,3,3,0,0,0,0,0,0,0,0,7,10,6,0,0,0,0,0,0,0,0,0,2,5,6,4,4,2,0,0,3,0,0
Anguilla,1982,33,2,2,0,0,0,0,0,0,0,0,7,11,5,0,0,0,0,0,0,0,0,0,2,5,6,5,2,3,0,0,2,0,0
Anguilla,1983,34,2,2,0,0,0,0,0,0,0,0,6,12,3,0,0,0,0,0,0,0,0,0,1,5,7,5,0,3,0,0,2,0,0
Anguilla,1984,34,2,2,0,0,0,0,0,0,0,0,5,13,4,0,0,0,0,0,0,0,0,0,0,5,7,6,1,3,0,0,2,0,0
Anguilla,1985,34,2,2,0,0,0,0,0,0,0,0,4,12,4,0,0,0,0,0,0,0,0,0,0,4,6,6,2,2,0,0,2,0,0
Anguilla,1986,34,2,2,0,0,0,0,0,0,0,0,3,12,3,1,0,0,0,0,0,0,0,0,0,3,5,7,3,0,1,0,2,0,0
Anguilla,1987,34,2,2,0,0,0,0,0,0,0,0,3,12,4,1,0,0,0,0,0,0,0,0,0,3,5,7,4,0,1,0,2,0,0
Anguilla,1988,34,2,2,0,0,0,0,0,0,0,0,5,12,4,0,0,0,0,0,0,0,0,0,0,5,5,7,4,0,0,0,2,0,0
Anguilla,1989,34,2,2,0,0,0,0,0,0,0,0,5,13,5,0,0,0,0,0,0,0,0,0,0,5,6,7,5,0,0,0,2,0,0
Anguilla,1990,34,2,2,0,0,0,0,0,0,0,0,6,11,7,0,0,0,0,0,0,0,0,0,1,5,5,6,6,1,0,0,2,0,0
Anguilla,1991,34,1,1,0,0,0,0,0,0,0,0,6,13,6,0,0,0,0,0,0,0,0,0,1,5,5,8,5,1,0,0,1,0,0
Anguilla,1992,34,1,1,0,0,0,0,0,0,0,0,5,14,7,0,0,0,0,0,0,0,0,0,0,5,5,9,5,2,0,0,1,0,0
Anguilla,1993,34,1,1,0,0,0,0,0,0,0,0,4,13,8,0,0,0,0,0,0,0,0,0,0,4,5,8,6,2,0,0,1,0,0
Anguilla,1994,34,1,1,0,0,0,0,0,0,0,0,4,12,9,0,0,0,0,0,0,0,0,0,0,4,5,7,6,3,0,0,1,0,0
Anguilla,1995,34,1,1,0,0,0,0,0,0,0,0,3,11,10,0,0,0,0,0,0,0,0,0,0,3,5,6,7,3,0,0,1,0,0
Anguilla,1996,34,1,1,0,0,0,0,0,0,0,0,3,10,11,0,0,0,0,0,0,0,0,0,1,2,5,5,7,4,0,0,1,0,0
Anguilla,1997,34,1,1,0,0,0,0,0,0,0,0,4,10,10,0,0,0,0,0,0,0,0,0,2,2,5,5,6,4,0,0,1,0,0
Anguilla,1998,33,1,1,0,0,0,0,0,0,0,0,6,10,10,0,0,0,0,0,0,0,0,0,3,3,5,5,5,5,0,0,1,0,0
Anguilla,1999,34,1,1,0,0,0,0,0,0,0,0,6,9,10,1,0,0,0,0,0,0,0,0,2,4,4,5,5,5,1,0,1,0,0
Anguilla,2000,34,1,1,0,0,0,0,0,0,0,0,7,9,10,2,0,0,0,0,0,0,0,0,2,5,4,5,5,5,2,0,1,0,0
Anguilla,2001,36,1,1,0,0,0,0,0,0,0,0,6,9,10,3,0,0,0,0,0,0,0,0,1,5,4,5,5,5,3,0,1,0,0
Anguilla,2002,35,1,1,0,0,0,0,0,0,0,0,5,9,10,4,0,0,0,0,0,0,0,0,0,5,4,5,5,5,4,0,1,0,0
Anguilla,2003,35,1,1,0,0,0,0,0,0,0,0,4,9,10,5,0,0,0,0,0,0,0,0,0,4,4,5,5,5,5,0,1,0,0
Anguilla,2004,36,1,1,0,0,0,0,0,0,0,0,4,9,10,3,0,0,0,0,0,0,0,0,0,4,4,5,5,5,3,0,1,0,0
Anguilla,2005,37,1,1,0,0,0,0,0,0,0,0,5,10,10,3,0,0,0,0,0,0,0,0,1,4,5,5,5,5,3,0,1,0,0
Anguilla,2006,37,1,1,0,0,0,0,0,0,0,0,7,10,10,3,0,0,0,0,0,0,0,0,2,5,5,5,5,5,3,0,1,0,0
Anguilla,2007,37,1,1,0,0,0,0,0,0,0,3,9,10,10,3,0,0,0,0,0,0,0,3,4,5,5,5,5,5,3,0,1,0,0
Anguilla,2008,38,1,1,0,0,0,0,0,0,0,6,10,10,10,3,0,0,0,0,0,0,1,5,5,5,5,5,5,5,3,0,1,0,0
Anguilla,2009,39,1,1,0,0,0,0,0,0,0,6,10,10,10,2,0,0,0,0,0,0,1,5,5,5,5,5,5,5,2,0,1,0,0
Anguilla,2010,39,1,1,0,0,0,0,0,0,0,6,10,10,9,0,0,0,0,0,0,0,1,5,5,5,5,5,5,4,0,0,1,0,0
Anguilla,2011,40,1,1,0,0,0,0,0,0,0,6,10,10,10,0,0,0,0,0,0,0,1,5,5,5,5,5,5,5,0,0,1,0,0
Anguilla,2012,41,1,1,0,0,0,0,0,0,0,7,10,10,10,0,0,0,0,0,0,0,2,5,5,5,5,5,5,5,0,0,1,0,0
Anguilla,2013,43,1,1,0,0,0,0,0,0,0,10,10,10,10,0,0,0,0,0,0,0,5,5,5,5,5,5,5,5,0,0,1,0,0
Anguilla,2014,46,1,1,0,0,0,0,0,0,0,10,10,11,10,0,0,0,0,0,0,0,5,5,5,5,5,6,5,5,0,0,1,0,0
Anguilla,2015,49,1,1,0,0,0,0,0,0,1,10,10,11,9,0,0,0,0,0,0,1,5,5,5,5,5,6,5,4,0,0,1,0,0
Anguilla,2016,53,1,1,0,0,0,0,0,0,2,10,10,11,9,0,0,0,0,0,0,2,5,5,5,5,5,6,6,3,0,0,1,0,0
Anguilla,2017,57,1,1,0,0,0,0,0,0,2,10,11,12,11,0,0,0,0,0,0,2,5,5,5,6,7,5,7,4,0,0,1,0,0
Anguilla,2018,58,1,1,0,0,0,0,0,0,3,10,13,14,9,0,0,0,0,0,0,3,5,5,5,8,8,6,6,3,0,0,1,0,0
Anguilla,2019,60,1,1,0,0,0,0,0,0,3,10,15,15,10,0,0,0,0,0,0,3,5,5,5,10,9,6,6,4,0,0,1,0,0
Anguilla,2020,62,1,1,0,0,0,0,0,0,3,10,15,17,11,0,0,0,0,0,0,3,5,5,5,10,10,7,6,5,0,0,1,0,0
Anguilla,2021,67,1,1,0,0,0,0,0,0,3,10,15,19,12,1,0,0,0,0,0,3,5,5,5,10,10,9,7,5,1,0,1,0,0
Antigua and Barbuda,1950,257,67,100,33,8,5,5,12,14,22,25,20,20,18,3,7,5,8,6,10,12,15,10,10,10,10,10,10,8,3,0,108,10,0
Antigua and Barbuda,1951,257,68,100,32,8,5,6,12,13,22,27,20,20,18,3,7,5,7,6,10,12,15,12,10,10,10,10,10,8,3,0,108,11,0
Antigua and Barbuda,1952,258,68,100,32,7,5,6,13,14,21,28,22,20,16,3,8,5,6,8,9,12,15,13,11,11,10,10,10,6,3,0,107,11,0
Antigua and Barbuda,1953,257,68,100,32,7,5,7,13,15,20,30,23,20,11,3,8,5,6,9,9,11,15,15,11,12,10,10,6,5,3,0,107,12,0
Antigua and Barbuda,1954,257,67,98,31,7,5,8,13,15,20,32,25,20,11,2,8,5,5,10,9,11,15,17,11,14,10,10,6,5,2,0,105,13,0
Antigua and Barbuda,1955,259,67,98,31,8,5,8,13,14,21,36,28,20,11,2,8,5,5,9,10,11,17,19,13,15,10,10,6,5,2,0,106,13,0
Antigua and Barbuda,1956,259,67,96,29,8,5,8,13,13,20,37,30,21,11,2,8,5,5,8,10,10,17,20,15,15,11,10,6,5,2,0,104,13,0
Antigua and Barbuda,1957,260,66,95,29,8,5,7,14,12,20,37,32,22,12,1,9,5,5,7,10,10,17,20,17,15,12,10,7,5,1,0,103,12,0
Antigua and Barbuda,1958,261,65,94,29,7,5,7,14,12,20,36,33,23,12,1,9,5,5,7,10,10,16,20,18,15,13,10,7,5,1,0,101,12,0
Antigua and Barbuda,1959,260,64,90,26,7,5,7,14,11,20,36,36,24,12,0,9,5,5,6,10,10,15,21,21,15,14,10,7,5,0,0,97,12,0
Antigua and Barbuda,1960,257,61,87,26,7,5,7,15,10,20,37,39,24,11,0,10,5,5,5,10,10,15,22,23,16,14,10,7,4,0,0,94,12,0
Antigua and Barbuda,1961,252,59,82,23,7,5,7,15,10,19,35,41,25,11,0,10,5,5,5,9,10,13,22,24,17,15,10,7,4,0,0,89,12,0
Antigua and Barbuda,1962,247,55,77,22,6,5,7,15,10,18,35,43,25,11,0,10,5,5,5,8,10,13,22,25,18,15,10,7,4,0,0,83,12,0
Antigua and Barbuda,1963,240,51,71,20,6,5,6,14,10,17,32,45,25,11,0,9,5,5,5,7,10,12,20,25,20,15,10,7,4,0,0,77,11,0
Antigua and Barbuda,1964,234,47,64,17,6,5,6,13,10,16,32,47,25,10,0,8,5,5,5,6,10,12,20,25,22,15,10,6,4,0,0,70,11,0
Antigua and Barbuda,1965,224,43,58,15,5,5,5,10,10,15,30,48,24,10,0,5,5,5,5,5,10,12,18,25,23,14,10,6,4,0,0,63,10,0
Antigua and Barbuda,1966,214,38,52,14,5,5,5,10,10,14,30,45,26,11,0,5,5,5,5,5,9,12,18,23,22,16,10,7,4,0,0,57,10,0
Antigua and Barbuda,1967,205,33,44,11,5,5,5,10,10,14,30,40,28,11,0,5,5,5,5,5,9,12,18,20,20,18,10,7,4,0,0,49,10,0
Antigua and Barbuda,1968,197,29,39,10,5,5,5,10,10,13,30,40,28,12,0,5,5,5,5,5,8,12,18,20,20,18,10,8,4,0,0,44,10,0
Antigua and Barbuda,1969,190,26,34,8,5,5,5,10,10,13,30,40,30,13,0,5,5,5,5,5,8,12,18,20,20,19,11,8,5,0,0,39,10,0
Antigua and Barbuda,1970,187,23,30,7,5,5,5,11,9,13,29,37,31,13,0,6,5,4,5,5,8,11,18,20,17,19,12,8,5,0,0,35,10,0
Antigua and Barbuda,1971,185,20,26,6,5,5,5,11,6,12,29,41,32,14,0,6,5,1,5,5,7,11,18,22,19,18,14,9,5,0,0,31,10,0
Antigua and Barbuda,1972,186,18,23,5,5,5,6,10,5,12,28,45,34,14,0,5,5,0,5,5,7,11,17,24,21,18,16,9,5,0,0,28,11,0
Antigua and Barbuda,1973,186,17,22,5,2,5,6,10,3,11,28,46,38,14,0,5,5,0,3,5,6,11,17,24,22,20,18,9,5,0,0,24,11,0
Antigua and Barbuda,1974,187,15,20,5,1,4,7,11,2,11,28,48,39,16,0,6,5,0,2,5,6,11,17,24,24,20,19,11,5,0,0,21,11,0
Antigua and Barbuda,1975,191,14,18,4,0,4,7,11,1,11,28,49,41,17,1,6,5,0,1,5,6,11,17,24,25,21,20,12,5,1,0,18,11,0
Antigua and Barbuda,1976,190,13,16,3,0,3,6,11,0,10,28,48,42,17,1,6,5,0,0,5,5,11,17,23,25,22,20,12,5,1,0,16,9,0
Antigua and Barbuda,1977,196,13,16,3,0,3,6,12,1,10,28,53,44,19,1,7,5,1,0,5,5,11,17,23,30,24,20,14,5,1,0,16,9,0
Antigua and Barbuda,1978,199,12,15,3,0,2,6,12,1,9,27,53,47,22,2,7,5,1,0,4,5,10,17,23,30,27,20,16,6,2,0,15,8,0
Antigua and Barbuda,1979,205,12,14,2,0,2,6,13,2,8,26,53,50,25,2,8,5,2,0,3,5,9,17,23,30,29,21,18,7,2,0,14,8,0
Antigua and Barbuda,1980,208,11,13,2,0,2,6,13,3,7,26,53,54,25,2,8,5,3,0,2,5,9,17,23,30,32,22,18,7,2,0,13,8,0
Antigua and Barbuda,1981,213,10,12,2,0,1,5,14,4,7,26,55,58,25,3,9,5,4,0,2,5,9,17,24,31,34,24,16,9,3,0,12,6,0
Antigua and Barbuda,1982,218,9,11,2,0,1,5,14,6,6,25,55,62,27,3,9,5,5,1,1,5,9,16,24,31,35,27,17,10,3,0,11,6,0
Antigua and Barbuda,1983,225,9,11,2,0,1,5,13,8,6,24,56,68,29,3,8,5,5,3,1,5,9,15,24,32,37,31,18,11,3,0,11,6,0
Antigua and Barbuda,1984,231,9,11,2,0,0,5,10,9,5,24,57,73,32,3,5,5,5,4,0,5,9,15,25,32,39,34,19,13,3,0,11,5,0
Antigua and Barbuda,1985,234,9,11,2,0,0,5,10,10,10,22,54,75,35,3,5,5,5,5,5,5,8,14,23,31,39,36,22,13,3,0,11,5,0
Antigua and Barbuda,1986,238,8,10,2,0,0,4,10,10,10,20,53,77,38,5,5,5,5,5,5,5,7,13,22,31,39,38,25,13,5,0,10,4,0
Antigua and Barbuda,1987,241,8,10,2,0,0,4,10,10,10,20,50,81,39,5,5,5,5,5,5,5,7,13,21,29,39,42,27,12,5,0,10,4,0
Antigua and Barbuda,1988,244,8,9,1,0,0,4,10,10,10,19,47,82,44,6,5,5,5,5,5,5,7,12,19,28,38,44,30,14,6,0,9,4,0
Antigua and Barbuda,1989,246,8,10,2,0,0,4,10,10,10,18,46,82,47,6,5,5,5,5,5,5,6,12,18,28,37,45,33,14,6,0,10,4,0
Antigua and Barbuda,1990,246,8,10,2,0,0,3,10,10,10,17,43,80,52,6,5,5,5,5,5,5,6,11,17,26,35,45,36,16,6,0,10,3,0
Antigua and Barbuda,1991,247,8,10,2,0,0,3,10,10,10,16,39,80,55,7,5,5,5,5,5,5,6,10,16,23,34,46,38,17,6,1,10,3,0
Antigua and Barbuda,1992,252,8,10,2,0,0,3,10,10,10,16,38,80,61,7,5,5,5,5,5,5,6,10,16,22,34,46,41,20,6,1,10,3,0
Antigua and Barbuda,1993,251,8,10,2,0,0,3,10,10,10,16,38,75,63,8,5,5,5,5,5,5,6,10,16,22,32,43,42,21,7,1,10,3,0
Antigua and Barbuda,1994,254,9,11,2,0,0,3,10,10,10,17,38,72,67,8,5,5,5,5,5,5,7,10,16,22,31,41,42,25,7,1,11,3,0
Antigua and Barbuda,1995,258,10,12,2,0,0,3,10,10,13,19,38,71,69,9,5,5,5,5,7,6,9,10,16,22,31,40,44,25,8,1,12,3,0
Antigua and Barbuda,1996,260,10,12,2,0,0,3,10,12,17,20,37,69,71,10,5,5,5,7,9,8,10,10,15,22,30,39,44,27,9,1,12,3,0
Antigua and Barbuda,1997,262,10,12,2,0,0,3,10,12,20,20,37,68,74,10,5,5,5,7,10,10,10,10,15,22,30,38,44,30,9,1,12,3,0
Antigua and Barbuda,1998,264,10,13,3,0,0,3,10,12,20,20,38,66,72,11,5,5,5,7,10,10,10,10,16,22,28,38,42,30,10,1,13,3,0
Antigua and Barbuda,1999,259,9,12,3,0,0,3,10,11,20,20,36,64,70,13,5,5,5,6,10,10,10,10,15,21,28,36,40,30,12,1,12,3,0
Antigua and Barbuda,2000,260,10,12,2,0,0,3,10,11,20,20,36,63,69,14,5,5,5,6,10,10,10,10,15,21,28,35,39,30,12,2,12,3,0
Antigua and Barbuda,2001,253,9,11,2,0,0,2,10,10,20,20,35,62,65,14,5,5,5,5,10,10,10,10,15,20,28,34,35,30,12,2,11,2,0
Antigua and Barbuda,2002,244,9,11,2,0,0,2,10,10,19,21,34,57,63,14,5,5,5,5,9,10,11,10,15,19,26,31,35,28,12,2,11,2,0
Antigua and Barbuda,2003,242,8,10,2,0,0,2,10,10,19,27,34,55,62,15,5,5,5,5,9,10,13,14,15,19,25,30,34,28,13,2,10,2,0
Antigua and Barbuda,2004,237,8,10,2,0,0,2,10,10,19,28,33,55,58,16,5,5,5,5,9,10,13,15,15,18,25,30,32,26,14,2,10,2,0
Antigua and Barbuda,2005,243,7,8,1,0,0,2,10,10,20,28,33,56,60,17,5,5,5,5,10,10,13,15,15,18,25,31,33,27,14,3,8,2,0
Antigua and Barbuda,2006,249,7,8,1,0,0,2,10,10,20,31,34,55,59,17,5,5,5,5,10,10,15,16,15,19,25,30,33,26,14,3,8,2,0
Antigua and Barbuda,2007,248,7,8,1,0,0,2,10,10,20,33,36,54,57,17,5,5,5,5,9,11,15,18,17,19,25,29,31,26,14,3,8,2,0
Antigua and Barbuda,2008,248,7,8,1,0,0,2,10,10,20,34,40,55,56,17,5,5,5,5,9,11,15,19,20,20,25,30,30,26,14,3,8,2,0
Antigua and Barbuda,2009,248,7,8,1,0,0,2,10,10,19,34,40,55,54,17,5,5,5,5,8,11,15,19,20,20,25,30,30,24,14,3,8,2,0
Antigua and Barbuda,2010,250,6,7,1,0,0,2,10,10,17,38,41,55,55,17,5,5,5,5,7,10,16,22,21,20,25,30,30,25,13,4,7,2,1
Antigua and Barbuda,2011,250,5,5,0,0,0,2,10,10,17,38,42,54,54,17,5,5,5,5,7,10,17,21,22,20,24,30,30,24,13,4,5,2,1
Antigua and Barbuda,2012,252,5,5,0,0,0,2,10,10,16,38,49,55,53,16,5,5,5,5,6,10,17,21,25,24,25,30,30,23,12,4,5,2,1
Antigua and Barbuda,2013,254,4,4,0,0,0,2,10,10,16,39,52,55,53,17,5,5,5,5,6,10,17,22,27,25,25,30,30,23,13,4,4,2,1
Antigua and Barbuda,2014,257,4,4,0,0,0,2,10,10,15,39,53,54,54,17,5,5,5,5,5,10,16,23,28,25,25,29,30,24,13,4,4,2,1
Antigua and Barbuda,2015,260,4,4,0,0,0,1,10,10,15,39,54,54,54,16,5,5,5,5,5,10,16,23,28,26,25,29,30,24,12,4,4,1,1
Antigua and Barbuda,2016,263,4,4,0,0,0,1,10,10,15,39,61,60,52,16,5,5,5,5,5,10,16,23,30,31,30,30,29,23,12,4,4,1,1
Antigua and Barbuda,2017,268,3,3,0,0,0,0,10,10,14,39,63,60,53,17,5,5,5,5,5,9,15,24,30,33,30,30,30,23,13,4,3,0,1
Antigua and Barbuda,2018,273,3,3,0,0,0,0,10,10,14,39,63,60,54,17,5,5,5,5,5,9,15,24,30,33,30,30,30,24,13,4,3,0,1
Antigua and Barbuda,2019,278,3,3,0,0,0,0,9,10,13,38,69,65,54,18,4,5,5,5,5,8,15,23,32,37,35,30,30,24,14,4,3,0,1
Antigua and Barbuda,2020,285,3,3,0,0,0,0,8,10,13,37,70,69,54,18,3,5,5,5,5,8,14,23,33,37,36,33,30,24,14,4,3,0,1
Antigua and Barbuda,2021,306,3,3,0,0,0,0,7,10,12,36,74,79,63,20,2,5,5,5,5,7,13,23,33,41,42,37,35,28,15,5,3,0,1
Argentina,1950,97689,16075,20518,4443,1054,713,1545,4103,4657,8369,13817,18025,16694,7327,840,2062,2041,2071,2586,3534,4835,6211,7606,8811,9214,9244,7450,5024,2303,709,131,21572,2258,17
Argentina,1951,96444,16073,20564,4491,1060,702,1500,4056,4592,8279,13781,18031,16370,6771,716,2026,2030,2061,2531,3481,4798,6204,7577,8791,9240,9172,7198,4668,2103,614,102,21624,2202,15
Argentina,1952,94545,15782,20280,4498,1056,688,1446,3962,4494,8103,13629,17907,16058,6293,618,1964,1998,2039,2455,3392,4711,6150,7479,8684,9223,9081,6977,4353,1940,527,91,21336,2134,13
Argentina,1953,97765,15535,20017,4482,1069,721,1489,4119,4704,8453,14403,18996,16914,6288,580,2025,2094,2158,2546,3526,4927,6516,7887,9157,9839,9638,7276,4373,1915,497,83,21086,2210,11
Argentina,1954,96080,15327,19765,4438,1095,709,1439,3993,4610,8233,14224,18823,16737,5927,516,1946,2047,2133,2477,3418,4815,6440,7784,9030,9793,9597,7140,4157,1770,446,70,20860,2148,8
Argentina,1955,101847,15206,19571,4365,1115,763,1565,4459,5107,8838,15360,20330,18103,6129,506,2162,2297,2390,2717,3670,5168,6953,8407,9729,10601,10430,7673,4344,1785,442,64,20686,2328,6
Argentina,1956,98714,15213,19474,4261,1122,739,1459,4009,4778,8372,14892,19818,17799,5796,450,1930,2079,2220,2558,3447,4925,6711,8181,9464,10354,10289,7510,4154,1642,397,53,20596,2198,4
Argentina,1957,103862,15376,19513,4137,1099,787,1545,4182,5086,8802,15897,21187,19257,6057,444,2008,2174,2356,2730,3609,5193,7122,8775,10106,11081,11162,8095,4388,1669,395,49,20612,2332,4
Argentina,1958,99430,15348,19387,4039,1114,752,1461,3878,4818,8219,15060,20109,18549,5685,397,1862,2016,2221,2597,3365,4854,6700,8360,9587,10522,10759,7790,4155,1530,355,42,20501,2213,3
Argentina,1959,103905,15360,19204,3844,1057,790,1535,3998,5064,8554,15904,21346,20007,6042,399,1926,2072,2320,2744,3505,5049,7027,8877,10173,11173,11576,8431,4446,1596,358,41,20261,2325,3
Argentina,1960,106571,15514,19181,3667,1081,815,1578,4031,5184,8699,16324,22070,20948,6268,389,1952,2079,2361,2823,3582,5117,7173,9151,10519,11551,12068,8880,4641,1627,350,39,20262,2393,3
Argentina,1961,106750,15758,19257,3499,996,818,1575,3954,5135,8593,16234,22163,21289,6360,374,1930,2024,2322,2813,3566,5027,7100,9134,10571,11592,12187,9102,4734,1626,337,37,20253,2393,2
Argentina,1962,111335,16186,19541,3355,1025,856,1653,4080,5318,8899,16861,23307,22627,6787,381,2010,2070,2387,2931,3731,5168,7344,9517,11138,12169,12848,9779,5073,1714,344,37,20566,2509,2
Argentina,1963,113012,16476,19727,3251,997,864,1684,4096,5328,8949,16945,23744,23258,7037,376,2037,2059,2372,2956,3795,5154,7353,9592,11370,12374,13095,10163,5282,1755,342,34,20724,2548,2
Argentina,1964,117122,16616,19805,3189,958,896,1761,4223,5466,9259,17468,24841,24519,7529,387,2118,2105,2412,3054,3959,5300,7548,9920,11901,12940,13709,10810,5670,1859,353,34,20763,2657,2
Argentina,1965,118261,16685,19830,3145,966,893,1787,4240,5435,9303,17428,25153,24997,7831,390,2142,2098,2382,3053,3996,5307,7500,9928,12030,13123,13906,11091,5910,1921,357,33,20796,2680,2
Argentina,1966,118834,16694,19806,3112,924,881,1803,4247,5363,9312,17284,25330,25342,8148,396,2157,2090,2337,3026,4003,5309,7408,9876,12068,13262,14041,11301,6153,1995,363,33,20730,2684,1
Argentina,1967,122139,16622,19695,3073,937,890,1865,4382,5431,9599,17603,26210,26372,8740,416,2233,2149,2360,3071,4116,5483,7517,10086,12414,13796,14567,11805,6597,2143,383,33,20632,2755,1
Argentina,1968,127541,16459,19478,3019,917,918,1962,4630,5614,10113,18300,27667,27954,9533,447,2367,2263,2441,3173,4315,5798,7797,10503,13013,14654,15412,12542,7185,2348,413,34,20395,2880,1
Argentina,1969,131862,16363,19323,2960,919,935,2035,4842,5742,10525,18821,28800,29236,10209,474,2480,2362,2506,3236,4467,6058,8029,10792,13462,15338,16112,13124,7669,2540,439,35,20242,2970,1
Argentina,1970,128537,16306,19202,2896,911,888,1951,4726,5483,10184,18066,27899,28559,10191,476,2425,2301,2406,3077,4300,5884,7739,10327,12971,14928,15734,12825,7611,2580,441,35,20113,2839,1
Argentina,1971,132018,16135,18959,2824,904,896,1984,4905,5580,10461,18487,28725,29753,10845,519,2519,2386,2468,3112,4390,6071,7975,10512,13292,15433,16394,13359,8033,2812,482,37,19863,2880,1
Argentina,1972,132790,15984,18740,2756,896,883,1957,4950,5545,10464,18490,28814,30262,11230,554,2540,2410,2474,3071,4359,6105,8055,10435,13281,15533,16693,13569,8244,2986,515,39,19636,2840,1
Argentina,1973,133567,15872,18568,2696,843,872,1935,4988,5527,10439,18522,28854,30803,11622,600,2550,2438,2490,3037,4311,6128,8154,10368,13252,15602,17007,13796,8449,3173,558,42,19411,2807,1
Argentina,1974,135876,15758,18396,2638,872,871,2002,5485,5828,10611,18739,28965,31414,12034,654,2794,2691,2681,3147,4370,6241,8326,10413,13261,15704,17332,14082,8672,3362,609,45,19268,2873,2
Argentina,1975,135486,15625,18199,2574,844,857,1927,5307,5693,10412,18666,28740,31759,12364,717,2677,2630,2627,3066,4246,6166,8321,10345,13103,15637,17469,14290,8843,3521,667,50,19043,2784,2
Argentina,1976,138295,15413,17947,2534,839,871,1959,5573,5911,10554,19087,29102,32715,12929,802,2786,2787,2754,3157,4289,6265,8521,10566,13220,15882,17912,14803,9188,3741,746,56,18786,2830,2
Argentina,1977,136572,15141,17645,2504,834,861,1872,5314,5744,10219,18883,28531,32680,13114,872,2626,2688,2675,3069,4131,6088,8405,10478,12908,15623,17772,14908,9268,3846,809,63,18479,2733,2
Argentina,1978,135899,14729,17157,2428,867,917,1832,5065,5659,9975,18845,28201,32950,13467,962,2477,2588,2628,3031,4027,5948,8349,10496,12716,15485,17772,15178,9469,3998,890,72,18024,2749,2
Argentina,1979,136594,14226,16523,2297,838,871,1778,4936,5632,9850,19055,28331,33665,14044,1069,2392,2544,2616,3016,3974,5876,8388,10667,12768,15563,18018,15647,9834,4210,985,84,17361,2649,3
Argentina,1980,138894,13678,15878,2200,810,882,1795,4948,5761,9900,19466,28808,34669,14782,1187,2387,2561,2682,3079,4011,5889,8523,10943,13016,15792,18433,16236,10319,4463,1087,100,16688,2677,3
Argentina,1981,139535,13115,15176,2061,768,839,1755,4805,5750,9811,19606,29034,35283,15406,1295,2310,2495,2675,3075,3992,5819,8525,11081,13182,15852,18653,16630,10727,4679,1178,117,15944,2594,4
Argentina,1982,142708,12584,14554,1970,774,850,1835,5105,6095,10025,20023,29646,36196,16184,1415,2462,2643,2856,3239,4130,5895,8649,11374,13576,16070,19051,17145,11251,4933,1277,138,15328,2685,5
Argentina,1983,141901,12133,14026,1893,773,846,1760,4740,5913,9824,19848,29644,36339,16674,1511,2277,2463,2742,3171,4069,5755,8492,11356,13691,15953,19049,17290,11569,5105,1354,157,14799,2606,6
Argentina,1984,146114,11746,13582,1836,771,876,1802,4824,6126,10093,20366,30700,37623,17690,1646,2329,2495,2824,3302,4216,5877,8641,11725,14273,16427,19649,17974,12239,5451,1466,180,14353,2678,7
Argentina,1985,141624,11408,13206,1798,754,844,1727,4596,5915,9713,19497,29746,36394,17535,1684,2233,2363,2700,3215,4086,5627,8212,11285,13873,15873,18935,17459,12078,5457,1489,195,13960,2571,9
Argentina,1986,139565,11099,12866,1767,724,825,1679,4456,5795,9524,18947,29363,35862,17743,1769,2180,2276,2616,3179,4028,5496,7934,11013,13695,15668,18573,17289,12142,5601,1555,214,13590,2504,11
Argentina,1987,137870,10820,12563,1743,722,812,1637,4329,5669,9374,18403,29076,35397,18009,1868,2129,2200,2529,3140,3981,5393,7679,10724,13520,15556,18232,17165,12224,5785,1632,236,13285,2449,13
Argentina,1988,135669,10555,12274,1719,659,791,1596,4177,5508,9201,17765,28677,34819,18219,1974,2060,2117,2437,3071,3919,5282,7406,10359,13266,15411,17834,16985,12254,5965,1715,259,12933,2387,16
Argentina,1989,135510,10294,11983,1689,646,779,1585,4101,5412,9178,17414,28687,34848,18728,2127,2022,2079,2371,3041,3919,5259,7272,10142,13191,15496,17780,17068,12481,6247,1841,286,12629,2364,19
Argentina,1990,134638,10134,11785,1651,625,758,1557,4011,5260,9097,16974,28441,34706,19115,2287,1978,2033,2293,2967,3893,5204,7115,9859,12997,15444,17672,17034,12628,6487,1969,318,12410,2315,23
Argentina,1991,134351,9894,11503,1609,595,739,1539,3938,5126,9061,16648,28281,34801,19617,2476,1939,1999,2226,2900,3882,5179,7018,9630,12832,15449,17720,17081,12855,6762,2124,352,12098,2278,28
Argentina,1992,136841,9634,11199,1565,589,728,1555,3954,5098,9227,16734,28693,35723,20561,2742,1947,2007,2212,2886,3952,5275,7108,9626,12912,15781,18242,17481,13379,7182,2340,402,11788,2283,33
Argentina,1993,140018,9394,10914,1520,571,720,1583,3997,5111,9437,16943,29198,36871,21599,3033,1977,2020,2214,2897,4027,5410,7256,9687,13020,16178,18906,17965,13975,7624,2576,457,11485,2303,42
Argentina,1994,132946,9152,10630,1478,549,652,1475,3725,4712,8878,15829,27315,35106,20928,3098,1854,1871,2051,2661,3766,5112,6831,8998,12071,15244,18043,17063,13459,7469,2615,483,11179,2127,48
Argentina,1995,139271,8794,10232,1438,554,659,1522,3866,4850,9275,16505,28415,37244,22576,3512,1930,1936,2124,2726,3894,5381,7167,9338,12457,15958,19134,18110,14431,8145,2946,566,10786,2181,60
Argentina,1996,141043,8398,9792,1394,561,647,1510,3875,4821,9342,16647,28467,38099,23401,3810,1942,1933,2127,2694,3875,5467,7264,9383,12404,16063,19530,18569,14867,8534,3173,637,10353,2157,71
Argentina,1997,149574,8031,9377,1346,534,673,1561,4095,5047,9878,17717,29943,40978,25386,4297,2060,2035,2238,2809,4047,5831,7759,9958,12997,16946,20923,20055,16019,9367,3554,743,9911,2234,85
Argentina,1998,147808,7757,9049,1292,577,651,1490,4020,4890,9664,17509,29150,40805,25448,4462,2023,1997,2175,2715,3923,5741,7686,9823,12638,16512,20721,20084,15944,9504,3664,798,9626,2141,95
Argentina,1999,148496,7556,8796,1240,550,644,1440,4009,4835,9581,17626,28883,41296,26012,4715,2011,1998,2152,2683,3849,5732,7751,9875,12534,16349,20841,20455,16191,9821,3844,871,9346,2084,107
Argentina,2000,150000,7284,8479,1195,572,642,1407,4006,4830,9519,17865,28830,41951,26774,5004,1997,2009,2148,2682,3803,5716,7871,9994,12549,16281,21037,20914,16577,10197,4052,952,9051,2049,121
Argentina,2001,151606,6981,8135,1154,525,642,1381,4001,4829,9457,18142,28862,42579,27605,5309,1978,2023,2146,2683,3761,5696,8000,10142,12627,16235,21202,21377,17032,10573,4276,1033,8660,2023,137
Argentina,2002,155166,6737,7848,1111,524,648,1383,4034,4900,9510,18662,29329,43669,28810,5694,1967,2067,2177,2723,3779,5731,8222,10440,12920,16409,21571,22098,17760,11050,4569,1125,8372,2031,155
Argentina,2003,157731,6481,7552,1071,534,648,1382,4028,4935,9512,19053,29676,44366,29826,6049,1935,2093,2202,2733,3771,5741,8360,10693,13177,16499,21735,22631,18402,11424,4842,1207,8086,2030,170
Argentina,2004,152574,6291,7321,1030,483,618,1316,3802,4722,9013,18431,28547,42707,29324,6111,1799,2003,2122,2600,3589,5424,8041,10390,12767,15780,20757,21950,18089,11235,4883,1228,7804,1934,179
Argentina,2005,154422,6151,7144,993,468,612,1313,3754,4735,8965,18624,28836,43045,30245,6486,1763,1991,2135,2600,3590,5375,8043,10581,12972,15864,20779,22266,18621,11624,5168,1318,7612,1925,198
Argentina,2006,153569,5972,6933,961,426,587,1288,3640,4661,8755,18454,28672,42556,30633,6752,1704,1936,2111,2550,3530,5225,7881,10573,12957,15715,20432,22124,18802,11831,5358,1394,7359,1875,216
Argentina,2007,164962,5778,6711,933,409,609,1370,3824,4992,9295,19800,31020,45552,33576,7555,1798,2026,2271,2721,3770,5525,8354,11446,14062,16958,21799,23753,20528,13048,5963,1592,7120,1979,250
Argentina,2008,158038,5579,6485,906,396,557,1289,3566,4754,8747,18822,29842,43231,32611,7481,1691,1875,2164,2590,3559,5188,7874,10948,13557,16285,20660,22571,19837,12774,5858,1623,6881,1846,261
Argentina,2009,156575,5450,6327,877,355,516,1259,3441,4681,8534,18431,29715,42515,32803,7712,1651,1790,2123,2558,3473,5061,7631,10800,13512,16203,20315,22200,19829,12974,5985,1727,6682,1775,285
Argentina,2010,162857,5330,6181,851,377,502,1284,3502,4830,8796,18925,31155,44040,34600,8344,1697,1805,2177,2653,3577,5219,7793,11132,14177,16978,21077,22963,20779,13821,6425,1919,6558,1786,325
Argentina,2011,162428,5191,6017,826,315,465,1242,3429,4766,8687,18592,31302,43771,34849,8630,1674,1755,2127,2639,3526,5161,7619,10973,14240,17062,21016,22755,20786,14063,6598,2032,6332,1707,357
Argentina,2012,165034,5047,5851,804,312,446,1214,3429,4783,8752,18592,32039,44426,35705,9091,1681,1748,2104,2679,3552,5200,7607,10985,14546,17493,21438,22988,21140,14565,6917,2174,6163,1660,399
Argentina,2013,167913,4899,5682,783,330,424,1180,3435,4796,8833,18647,32796,45245,36540,9560,1683,1752,2075,2721,3603,5230,7609,11038,14820,17976,21966,23279,21479,15061,7256,2304,6012,1604,444
Argentina,2014,166115,4747,5509,762,299,394,1094,3363,4657,8675,18151,32579,44861,36292,9764,1648,1715,1983,2674,3565,5110,7436,10715,14637,17942,21903,22958,21202,15090,7395,2369,5808,1488,480
Argentina,2015,171986,4590,5330,740,306,384,1063,3429,4733,8937,18564,33834,46720,37727,10420,1671,1758,1997,2736,3688,5249,7645,10919,15059,18775,22921,23799,21938,15789,7875,2545,5636,1447,537
Argentina,2016,181225,4356,5073,717,293,386,1050,3560,4908,9401,19381,35800,49691,39841,11239,1716,1844,2062,2846,3900,5501,8034,11347,15780,20020,24478,25213,23102,16739,8481,2758,5366,1436,599
Argentina,2017,175852,4097,4791,694,285,358,961,3370,4663,9103,18608,34708,48658,38607,11129,1596,1774,1967,2696,3794,5309,7754,10854,15139,19569,24035,24623,22347,16260,8375,2754,5076,1319,613
Argentina,2018,178069,3764,4428,664,291,351,914,3319,4626,9223,18626,35096,49874,39147,11528,1546,1773,1969,2657,3847,5376,7782,10844,15195,19901,24664,25210,22629,16518,8643,2885,4719,1265,651
Argentina,2019,178586,3564,4193,629,283,339,860,3221,4536,9251,18507,34999,50609,39322,11782,1457,1764,1958,2578,3844,5407,7731,10776,15011,19988,25025,25584,22717,16605,8793,2989,4476,1199,682
Argentina,2020,202693,3338,3932,594,261,380,1344,4613,5218,9611,19971,41731,56358,44517,13930,2240,2373,2360,2858,4069,5542,8016,11955,17922,23809,27660,28698,25554,18963,10315,3615,4193,1724,828
Argentina,2021,212609,3201,3763,562,315,433,1495,5089,5651,9805,19620,43120,60582,47694,14222,2579,2510,2559,3092,4097,5708,7722,11898,18029,25091,29816,30766,27226,20468,10597,3625,4078,1928,817
Armenia,1950,10420,2861,3535,674,67,85,134,278,215,495,769,1727,1905,1011,196,184,94,70,145,218,277,324,445,832,895,997,908,627,384,157,39,3602,219,1
Armenia,1951,10678,3000,3735,735,67,80,136,308,209,506,764,1724,1938,1014,192,192,116,73,136,220,286,336,428,806,918,1006,932,640,374,155,37,3802,216,4
Armenia,1952,10811,3081,3855,774,72,74,141,331,203,511,767,1697,1950,1014,187,188,143,80,123,219,292,348,419,750,947,1001,949,655,359,149,38,3927,215,5
Armenia,1953,10979,3173,3971,798,87,64,153,351,202,515,787,1668,1968,1025,184,179,172,92,110,219,296,364,423,689,979,1000,968,676,349,145,39,4058,217,7
Armenia,1954,11171,3278,4095,817,100,55,160,370,213,517,811,1626,1992,1046,179,173,197,110,103,215,302,380,431,634,992,1008,984,697,349,140,39,4195,215,8
Armenia,1955,11377,3390,4227,837,108,47,162,389,232,513,837,1583,2026,1073,173,175,214,131,101,209,304,394,443,599,984,1026,1000,718,355,135,38,4335,209,8
Armenia,1956,11665,3551,4408,857,120,44,157,403,265,507,871,1536,2074,1106,169,179,224,161,104,198,309,410,461,580,956,1060,1014,741,365,132,37,4528,201,8
Armenia,1957,11924,3703,4586,883,126,46,144,416,311,496,905,1470,2119,1140,163,192,224,197,114,184,312,422,483,574,896,1102,1017,761,379,128,35,4712,190,8
Armenia,1958,12106,3821,4733,912,131,50,123,419,362,475,930,1399,2150,1166,158,204,215,234,128,165,310,428,502,577,822,1135,1015,776,390,124,34,4864,173,8
Armenia,1959,12265,3926,4865,939,135,59,104,419,414,455,954,1342,2163,1187,158,211,208,264,150,152,303,433,521,586,756,1143,1020,786,401,125,33,5000,163,8
Armenia,1960,12457,3981,4943,962,138,68,91,419,467,448,985,1323,2187,1218,162,211,208,289,178,151,297,441,544,605,718,1140,1047,803,415,129,33,5081,159,8
Armenia,1961,12428,3939,4920,981,141,75,82,406,511,432,1005,1320,2152,1222,158,196,210,299,212,155,277,442,563,631,689,1088,1064,801,421,130,28,5061,157,6
Armenia,1962,12305,3805,4789,984,144,82,81,393,548,416,1021,1343,2104,1224,153,174,219,294,254,164,252,441,580,663,680,1010,1094,797,427,130,23,4933,163,5
Armenia,1963,12124,3610,4576,966,151,84,90,380,582,409,1032,1392,2046,1229,155,148,232,283,299,185,224,437,595,701,691,922,1124,794,435,133,22,4727,174,4
Armenia,1964,11990,3378,4307,929,152,89,105,365,618,421,1043,1468,1998,1255,157,124,241,278,340,215,206,431,612,746,722,856,1142,809,446,136,21,4459,194,3
Armenia,1965,11772,3160,4040,880,157,92,120,347,640,449,1033,1533,1922,1273,163,109,238,273,367,251,198,414,619,782,751,802,1120,822,451,141,22,4197,212,3
Armenia,1966,11574,2963,3786,823,161,95,135,325,658,499,1013,1600,1840,1295,167,100,225,278,380,296,203,388,625,814,786,771,1069,841,454,145,22,3947,230,2
Armenia,1967,11488,2823,3589,766,164,99,148,308,671,574,985,1680,1768,1329,170,104,204,292,379,356,218,354,631,845,835,770,998,873,456,148,22,3753,247,2
Armenia,1968,11680,2733,3450,717,162,105,160,302,698,684,980,1810,1748,1398,180,121,181,320,378,432,252,329,651,898,912,808,940,926,472,157,23,3612,265,2
Armenia,1969,11629,2654,3334,680,158,109,165,292,697,777,937,1875,1696,1402,182,139,153,329,368,484,293,299,638,916,959,834,862,926,476,159,23,3492,274,2
Armenia,1970,11630,2601,3249,648,152,114,171,292,688,867,905,1935,1681,1385,186,158,134,325,363,525,342,290,615,930,1005,870,811,902,483,161,25,3401,285,2
Armenia,1971,11657,2584,3208,624,147,116,177,299,675,945,873,1977,1692,1353,188,175,124,308,367,542,403,295,578,934,1043,911,781,858,495,162,26,3355,293,2
Armenia,1972,11719,2578,3182,604,134,120,184,309,660,1028,838,2015,1744,1310,190,186,123,277,383,540,488,313,525,936,1079,965,779,796,514,163,27,3316,304,2
Armenia,1973,11924,2584,3175,591,126,121,194,334,648,1115,831,2063,1845,1273,195,198,136,240,408,527,588,357,474,941,1122,1038,807,736,537,167,28,3301,315,2
Armenia,1974,12031,2610,3195,585,120,119,203,360,616,1172,845,2061,1927,1214,198,207,153,200,416,509,663,415,430,917,1144,1093,834,678,536,169,29,3315,322,2
Armenia,1975,12178,2649,3231,582,115,115,212,384,582,1218,897,2035,2019,1160,204,213,171,173,409,503,715,488,409,879,1156,1147,872,638,522,174,30,3346,327,2
Armenia,1976,12389,2692,3277,585,111,111,221,412,544,1255,1000,1998,2123,1120,210,222,190,157,387,508,747,584,416,828,1170,1200,923,623,497,180,30,3388,332,2
Armenia,1977,12751,2715,3289,574,105,107,235,462,522,1279,1172,1940,2293,1115,224,245,217,163,359,529,750,720,452,747,1193,1283,1010,643,472,194,30,3394,342,3
Armenia,1978,12837,2707,3272,565,105,102,240,493,498,1252,1338,1817,2397,1091,228,260,233,185,313,535,717,838,500,653,1164,1323,1074,660,431,198,30,3377,342,3
Armenia,1979,12937,2684,3232,548,105,97,237,527,485,1220,1501,1705,2501,1087,228,275,252,216,269,539,681,923,578,592,1113,1359,1142,688,399,197,31,3337,334,3
Armenia,1980,13026,2660,3186,526,110,93,228,550,474,1209,1672,1590,2585,1103,221,287,263,246,228,549,660,986,686,557,1033,1382,1203,725,378,189,32,3296,321,3
Armenia,1981,13114,2637,3149,512,104,87,215,561,472,1188,1835,1499,2651,1137,211,294,267,267,205,533,655,1016,819,560,939,1392,1259,767,370,177,34,3253,302,3
Armenia,1982,13188,2606,3106,500,102,85,201,570,487,1156,1975,1431,2688,1185,197,296,274,282,205,490,666,1009,966,594,837,1381,1307,815,370,162,35,3208,286,3
Armenia,1983,13377,2598,3083,485,100,83,190,578,521,1127,2108,1424,2715,1260,184,294,284,296,225,430,697,986,1122,665,759,1356,1359,876,384,148,36,3183,273,3
Armenia,1984,13310,2571,3045,474,99,80,175,568,556,1064,2149,1447,2648,1312,171,280,288,303,253,353,711,927,1222,761,686,1275,1373,916,396,136,35,3144,255,3
Armenia,1985,12998,2487,2942,455,95,77,157,539,573,976,2122,1512,2499,1341,159,253,286,299,274,285,691,865,1257,880,632,1147,1352,936,405,126,33,3037,234,3
Armenia,1986,13133,2359,2795,436,94,77,152,534,614,933,2182,1719,2438,1438,159,239,295,311,303,256,677,869,1313,1068,651,1055,1383,999,439,127,32,2889,229,3
Armenia,1987,13234,2235,2647,412,88,77,149,520,644,884,2211,1982,2344,1527,160,223,297,322,322,258,626,887,1324,1279,703,953,1391,1050,477,131,29,2735,226,3
Armenia,1988,23596,2710,4315,1605,963,764,734,1793,1815,1640,3584,3199,2783,1829,173,801,992,970,845,614,1026,1568,2016,2126,1073,1101,1682,1264,565,146,27,5278,1498,4
Armenia,1989,13401,2009,2372,363,84,74,148,483,704,796,2217,2583,2100,1670,168,201,282,346,358,329,467,961,1256,1655,928,798,1302,1124,546,144,24,2456,222,3
Armenia,1990,14000,2010,2359,349,84,74,151,504,771,804,2239,2939,2032,1786,242,212,292,378,393,391,413,1003,1236,1801,1138,789,1243,1177,609,183,59,2443,225,13
Armenia,1991,14764,1883,2216,333,83,77,159,517,847,856,2347,3426,2052,1926,246,222,295,413,434,459,397,1044,1303,1980,1446,853,1199,1257,669,198,48,2299,236,13
Armenia,1992,15291,1705,2024,319,85,81,164,532,917,933,2395,3847,2060,1997,248,232,300,444,473,516,417,1015,1380,2065,1782,947,1113,1286,711,208,40,2109,245,11
Armenia,1993,14888,1435,1716,281,76,76,150,470,874,936,2263,4006,2084,1982,248,209,261,414,460,511,425,864,1399,1963,2043,1070,1014,1255,727,213,35,1792,226,8
Armenia,1994,14599,1229,1476,247,78,71,143,431,843,981,2135,4071,2192,1924,250,193,238,386,457,515,466,705,1430,1842,2229,1254,938,1189,735,217,33,1554,214,6
Armenia,1995,14211,1077,1286,209,69,68,131,390,798,1011,1972,4038,2371,1816,249,175,215,348,450,508,503,557,1415,1722,2316,1481,890,1086,730,219,30,1355,199,4
Armenia,1996,13997,970,1151,181,63,65,126,372,768,1051,1824,3996,2643,1685,251,167,205,317,451,512,539,472,1352,1673,2323,1748,895,967,718,221,30,1214,191,3
Armenia,1997,13677,881,1036,155,57,61,120,348,722,1064,1649,3880,2951,1532,252,157,191,284,438,509,555,447,1202,1651,2229,2013,938,842,690,221,31,1093,181,3
Armenia,1998,13433,792,928,136,51,59,114,329,674,1078,1491,3765,3281,1408,255,149,180,256,418,511,567,480,1011,1669,2096,2244,1037,750,658,224,31,979,173,2
Armenia,1999,13990,716,836,120,49,59,115,328,665,1161,1430,3869,3822,1384,271,150,178,250,415,547,614,572,858,1801,2068,2549,1273,730,654,238,33,885,174,2
Armenia,2000,13886,638,745,107,40,57,113,311,617,1181,1324,3761,4164,1300,273,145,166,234,383,554,627,642,682,1801,1960,2651,1513,701,599,239,34,785,170,2
Armenia,2001,13985,582,676,94,35,53,111,299,576,1207,1283,3679,4520,1264,276,140,159,224,352,564,643,703,580,1741,1938,2702,1818,723,541,241,35,711,164,2
Armenia,2002,14262,548,630,82,34,51,110,297,546,1242,1331,3597,4867,1281,276,139,158,219,327,574,668,758,573,1604,1993,2696,2171,792,489,239,37,664,161,2
Armenia,2003,14413,530,605,75,29,47,108,290,513,1249,1436,3462,5060,1348,269,137,153,211,302,562,687,795,641,1385,2077,2593,2467,902,446,231,38,634,155,2
Armenia,2004,14552,515,584,69,24,43,106,284,484,1247,1576,3304,5144,1492,256,134,150,201,283,537,710,829,747,1135,2169,2462,2682,1073,419,218,38,608,149,2
Armenia,2005,14787,494,559,65,23,40,102,283,468,1244,1732,3156,5217,1718,240,135,148,195,273,507,737,866,866,924,2232,2381,2836,1303,415,202,38,582,142,3
Armenia,2006,14893,426,488,62,23,35,98,279,452,1224,1848,2986,5243,1995,219,133,146,189,263,468,756,891,957,801,2185,2362,2881,1565,430,180,39,511,133,3
Armenia,2007,14803,422,479,57,22,32,93,271,431,1170,1906,2765,5165,2273,196,129,142,180,251,423,747,900,1006,785,1980,2374,2791,1812,461,158,38,501,125,3
Armenia,2008,15247,414,466,52,21,29,90,274,430,1146,2037,2654,5278,2637,186,131,143,180,250,398,748,954,1083,905,1749,2533,2745,2095,542,149,37,487,119,3
Armenia,2009,15235,424,473,49,20,27,84,267,409,1079,2112,2481,5215,2891,174,127,140,175,234,369,710,983,1129,1052,1429,2627,2588,2245,646,140,34,493,111,3
Armenia,2010,15024,395,442,47,18,24,72,256,388,997,2153,2334,5091,3077,167,119,137,169,219,346,651,1000,1153,1188,1146,2638,2453,2305,772,136,31,460,96,3
Armenia,2011,15251,375,420,45,17,23,66,255,382,943,2241,2342,5088,3296,173,117,138,168,214,338,605,1038,1203,1328,1014,2611,2477,2358,938,147,26,437,89,3
Armenia,2012,14922,378,421,43,16,22,58,244,365,856,2228,2376,4819,3330,181,110,134,162,203,318,538,1018,1210,1384,992,2341,2478,2258,1072,158,23,437,80,3
Armenia,2013,15109,359,401,42,13,20,51,237,363,811,2287,2612,4676,3423,210,103,134,163,200,313,498,1013,1274,1481,1131,2050,2626,2201,1222,188,22,414,71,3
Armenia,2014,15068,354,394,40,12,19,47,225,361,763,2292,2873,4424,3401,252,95,130,163,198,298,465,965,1327,1554,1319,1685,2739,2092,1309,230,22,406,66,2
Armenia,2015,14718,314,353,39,11,17,43,209,353,712,2233,3072,4088,3323,298,84,125,161,192,276,436,883,1350,1590,1482,1352,2736,1992,1331,277,21,364,60,2
Armenia,2016,14777,291,328,37,11,16,40,196,353,690,2213,3304,3889,3375,359,75,121,161,192,268,422,814,1399,1656,1648,1201,2688,2023,1352,336,23,339,56,2
Armenia,2017,14579,259,293,34,11,14,37,181,349,665,2132,3444,3647,3390,413,65,116,160,189,260,405,734,1398,1697,1747,1204,2443,2076,1314,387,26,304,51,2
Armenia,2018,14613,238,269,31,10,13,35,170,352,652,2055,3640,3486,3462,462,60,110,161,191,255,397,673,1382,1781,1859,1371,2115,2190,1272,431,31,279,48,2
Armenia,2019,14201,218,246,28,10,12,34,152,342,614,1901,3727,3263,3417,487,53,99,155,187,246,368,612,1289,1818,1909,1565,1698,2228,1189,448,39,256,46,2
Armenia,2020,18892,199,224,25,10,11,30,133,377,821,2899,5848,4188,3829,523,46,87,159,218,322,499,945,1954,2879,2969,2436,1752,2565,1264,474,49,234,41,2
Armenia,2021,19696,182,206,24,10,11,30,133,408,869,2841,6256,4402,3967,561,48,85,170,238,350,519,970,1871,3097,3159,2760,1642,2621,1346,499,62,216,41,2
Aruba,1950,216,72,95,23,9,5,6,13,17,20,20,10,12,8,0,6,7,10,7,10,10,10,10,5,5,5,7,5,3,0,0,104,11,0
Aruba,1951,217,72,95,23,9,5,6,13,15,22,20,11,10,7,0,6,7,9,6,12,10,10,10,6,5,5,5,5,2,0,0,104,11,0
Aruba,1952,211,69,91,22,9,5,6,12,14,22,20,12,10,8,0,6,6,8,6,11,11,10,10,7,5,5,5,5,3,0,0,100,11,0
Aruba,1953,207,65,85,20,9,5,6,11,14,23,20,18,10,8,0,6,5,8,6,11,12,10,10,10,8,5,5,5,3,0,0,94,11,0
Aruba,1954,204,62,81,19,9,5,6,11,11,23,20,20,10,6,0,6,5,6,5,10,13,10,10,10,10,5,5,5,1,0,0,90,11,0
Aruba,1955,201,58,75,17,8,5,6,11,10,24,20,20,12,6,0,6,5,5,5,10,14,10,10,10,10,7,5,5,1,0,0,83,11,0
Aruba,1956,200,56,72,16,7,5,7,11,10,24,20,20,13,6,0,6,5,5,5,10,14,10,10,10,10,8,5,5,1,0,0,79,12,0
Aruba,1957,201,54,70,16,7,5,7,11,10,24,28,20,14,6,0,6,5,5,5,10,14,15,13,10,10,9,5,5,1,0,0,77,12,0
Aruba,1958,202,51,64,13,7,5,7,12,10,23,30,20,15,5,0,7,5,5,5,10,13,15,15,10,10,10,5,5,0,0,0,71,12,0
Aruba,1959,204,49,62,13,7,5,7,12,10,22,30,22,16,5,0,7,5,5,5,9,13,15,15,12,10,10,6,5,0,0,0,69,12,0
Aruba,1960,208,47,60,13,7,5,7,13,10,22,30,27,17,3,0,8,5,5,5,9,13,15,15,15,12,10,7,3,0,0,0,67,12,0
Aruba,1961,211,46,57,11,7,5,8,13,10,22,36,29,18,4,0,8,5,5,5,9,13,18,18,15,14,10,8,4,0,0,0,64,13,0
Aruba,1962,213,44,55,11,7,5,8,15,12,21,37,30,20,4,0,9,6,7,5,9,12,18,19,15,15,11,9,4,0,0,0,62,13,0
Aruba,1963,213,41,52,11,7,5,8,14,12,20,37,30,22,4,0,9,5,7,5,9,11,17,20,15,15,12,10,4,0,0,0,59,13,0
Aruba,1964,215,39,48,9,6,5,8,13,12,20,37,32,24,6,0,8,5,7,5,9,11,17,20,17,15,14,10,6,0,0,0,54,13,0
Aruba,1965,217,37,46,9,6,5,8,13,12,19,38,33,26,6,0,8,5,7,5,9,10,16,22,18,15,15,11,6,0,0,0,52,13,0
Aruba,1966,212,34,43,9,5,5,8,13,10,19,37,34,27,7,0,8,5,5,5,9,10,15,22,19,15,15,12,7,0,0,0,48,13,0
Aruba,1967,210,32,40,8,5,5,8,14,10,19,36,36,28,8,0,9,5,5,5,9,10,14,22,20,16,15,13,7,1,0,0,45,13,0
Aruba,1968,211,30,37,7,5,5,8,15,12,19,34,39,29,9,0,9,6,7,5,9,10,13,21,21,18,15,14,8,1,0,0,42,13,0
Aruba,1969,209,28,34,6,5,5,8,13,12,19,31,42,29,10,0,7,6,7,5,9,10,12,19,22,20,15,14,8,2,0,0,39,13,0
Aruba,1970,208,26,31,5,5,5,7,12,13,19,30,41,32,11,0,7,5,8,5,9,10,12,18,21,20,17,15,9,2,0,0,36,12,0
Aruba,1971,206,25,30,5,5,5,7,12,12,18,29,40,34,13,0,7,5,7,5,8,10,11,18,20,20,19,15,10,3,0,0,35,12,0
Aruba,1972,203,23,28,5,5,5,7,11,10,18,26,40,35,13,0,6,5,5,5,8,10,10,16,20,20,20,15,10,3,0,0,33,12,0
Aruba,1973,204,23,28,5,4,3,7,11,10,19,25,44,37,14,0,6,5,5,5,9,10,10,15,21,23,20,17,11,3,0,0,32,10,0
Aruba,1974,205,22,27,5,4,3,7,11,10,19,24,45,40,16,0,6,5,5,5,9,10,10,14,20,25,22,18,12,4,0,0,31,10,0
Aruba,1975,210,22,27,5,3,2,7,12,10,19,23,44,44,16,0,7,5,5,5,9,10,10,13,19,25,25,19,12,4,0,0,30,9,0
Aruba,1976,212,21,25,4,3,2,7,12,10,19,23,43,47,17,0,7,5,5,5,9,10,10,13,18,25,25,22,13,4,0,0,28,9,0
Aruba,1977,214,21,25,4,3,1,7,12,10,19,23,42,48,19,0,7,5,5,5,9,10,10,13,18,24,25,23,14,5,0,0,28,8,0
Aruba,1978,217,20,24,4,2,1,6,12,10,19,26,41,49,19,0,7,5,5,5,9,10,11,15,17,24,25,24,14,5,0,0,26,7,0
Aruba,1979,218,20,24,4,2,1,5,10,10,19,25,40,52,22,0,5,5,5,5,9,10,10,15,17,23,27,25,16,6,0,0,26,6,0
Aruba,1980,218,19,23,4,1,0,5,10,10,19,25,39,58,23,0,5,5,5,5,9,10,10,15,17,22,30,28,17,6,0,0,24,5,0
Aruba,1981,213,18,22,4,0,0,5,10,10,18,23,36,57,25,0,5,5,5,5,8,10,10,13,16,20,29,28,18,7,0,0,22,5,0
Aruba,1982,219,17,20,3,0,0,4,10,10,18,25,36,58,30,1,5,5,5,5,8,10,12,13,16,20,28,30,21,9,1,0,20,4,0
Aruba,1983,226,17,20,3,0,0,4,10,10,18,27,35,57,34,2,5,5,5,5,8,10,12,15,15,20,27,30,24,10,2,0,20,4,0
Aruba,1984,232,16,19,3,0,0,4,10,10,18,29,35,58,39,3,5,5,5,5,8,10,14,15,15,20,26,32,26,13,3,0,19,4,0
Aruba,1985,239,16,19,3,0,0,4,10,10,19,28,36,61,43,4,5,5,5,5,9,10,13,15,16,20,26,35,28,15,4,0,19,4,0
Aruba,1986,247,16,19,3,0,0,3,10,10,20,28,35,59,48,6,5,5,5,5,10,10,13,15,16,19,25,34,31,17,6,0,19,3,0
Aruba,1987,244,15,18,3,0,0,3,10,10,20,28,33,56,52,8,5,5,5,5,10,10,13,15,16,17,24,32,32,20,7,1,18,3,0
Aruba,1988,244,15,18,3,0,0,2,10,10,20,28,32,53,55,10,5,5,5,5,10,10,13,15,15,17,23,30,33,22,9,1,18,2,0
Aruba,1989,253,14,17,3,0,0,1,10,11,20,29,32,54,62,13,5,5,5,6,10,10,14,15,15,17,23,31,37,25,11,2,17,1,0
Aruba,1990,254,14,16,2,0,0,1,10,11,20,31,33,50,63,11,5,5,5,6,10,10,14,17,15,18,21,29,38,25,9,2,16,1,0
Aruba,1991,250,14,16,2,0,0,2,10,11,20,33,36,52,58,11,5,5,5,6,10,10,14,19,18,18,22,30,35,23,9,2,16,2,0
Aruba,1992,241,13,15,2,0,0,3,10,10,20,34,39,53,47,4,5,5,5,5,10,10,14,20,20,19,23,30,31,16,4,0,15,3,0
Aruba,1993,248,13,15,2,0,0,3,10,10,20,35,39,55,48,5,5,5,5,5,10,10,15,20,20,19,24,31,31,17,5,0,15,3,0
Aruba,1994,255,13,15,2,0,0,3,10,10,26,36,43,58,47,5,5,5,5,5,12,14,16,20,22,21,25,33,30,17,5,0,15,3,0
Aruba,1995,263,14,16,2,0,0,3,10,11,27,39,48,57,50,6,5,5,5,6,12,15,16,23,25,23,25,32,30,20,6,0,16,3,0
Aruba,1996,270,14,16,2,0,0,4,10,11,27,39,49,57,49,5,5,5,5,6,12,15,16,23,25,24,26,31,30,19,5,0,16,4,0
Aruba,1997,278,15,17,2,0,0,5,10,11,26,41,50,57,53,6,5,5,5,6,11,15,18,23,25,25,25,32,33,20,6,0,17,5,0
Aruba,1998,285,14,16,2,0,0,5,10,12,27,41,55,57,53,7,5,5,5,7,12,15,18,23,25,30,25,32,33,20,7,0,16,5,0
Aruba,1999,293,14,17,3,0,0,5,10,12,27,43,56,61,53,7,5,5,5,7,12,15,19,24,26,30,28,33,34,19,7,0,17,5,0
Aruba,2000,303,14,17,3,0,0,4,10,12,28,46,59,62,53,7,5,5,5,7,13,15,21,25,29,30,28,34,34,19,7,0,17,4,0
Aruba,2001,310,13,15,2,0,0,4,10,12,29,46,61,67,56,7,5,5,5,7,13,16,21,25,30,31,32,35,35,21,7,0,15,4,0
Aruba,2002,317,13,15,2,0,0,4,10,11,29,49,63,70,55,7,5,5,5,6,13,16,21,28,30,33,35,35,34,21,7,0,15,4,0
Aruba,2003,325,12,14,2,0,0,4,10,11,29,52,64,72,58,7,5,5,5,6,13,16,23,29,30,34,38,34,35,23,7,0,14,4,0
Aruba,2004,345,12,13,1,0,0,4,10,11,32,56,69,79,61,8,5,5,5,6,13,19,24,32,32,37,40,39,38,23,7,1,13,4,0
Aruba,2005,347,12,13,1,0,0,4,10,11,31,56,71,83,61,8,5,5,5,6,13,18,24,32,34,37,42,41,39,22,7,1,13,4,0
Aruba,2006,348,12,13,1,0,0,4,10,10,30,56,74,84,59,7,5,5,5,5,12,18,24,32,35,39,41,43,38,21,7,0,13,4,0
Aruba,2007,349,12,13,1,0,0,3,10,10,29,57,74,89,57,7,5,5,5,5,12,17,24,33,35,39,41,48,36,21,7,0,13,3,0
Aruba,2008,382,12,13,1,0,0,4,10,11,30,60,82,101,64,9,5,5,5,6,12,18,25,35,40,42,47,54,40,24,9,0,13,4,0
Aruba,2009,383,11,12,1,0,0,3,10,10,29,61,82,102,65,8,5,5,5,5,12,17,25,36,40,42,48,54,41,24,8,0,12,3,0
Aruba,2010,382,11,12,1,0,0,3,10,10,28,60,83,100,67,7,5,5,5,5,11,17,25,35,40,43,47,53,43,24,7,0,12,3,0
Aruba,2011,394,11,12,1,0,0,3,10,10,27,61,85,107,71,8,5,5,5,5,11,16,25,36,40,45,50,57,48,23,7,1,12,3,0
Aruba,2012,408,11,12,1,0,0,3,10,10,26,63,90,111,77,9,5,5,5,5,10,16,26,37,43,47,52,59,53,24,8,1,12,3,0
Aruba,2013,426,12,13,1,0,0,3,10,10,25,64,95,117,80,9,5,5,5,5,9,16,26,38,45,50,55,62,55,25,8,1,13,3,0
Aruba,2014,441,12,13,1,0,0,2,10,10,24,64,99,122,87,10,5,5,5,5,9,15,25,39,47,52,57,65,59,28,9,1,13,2,0
Aruba,2015,453,11,11,0,0,0,2,10,10,24,64,103,127,91,9,5,5,5,5,9,15,25,39,48,55,59,68,61,30,9,0,11,2,0
Aruba,2016,471,10,10,0,0,0,2,10,10,24,65,109,135,98,9,5,5,5,5,9,15,24,41,50,59,63,72,65,33,9,0,10,2,0
Aruba,2017,479,10,10,0,0,0,1,10,10,22,64,110,139,103,10,5,5,5,5,8,14,24,40,50,60,66,73,67,36,9,1,10,1,0
Aruba,2018,485,8,8,0,0,0,1,10,10,22,60,113,143,105,10,5,5,5,5,8,14,22,38,50,63,67,76,68,37,9,1,8,1,0
Aruba,2019,495,7,7,0,0,0,1,10,10,21,59,116,149,110,12,5,5,5,5,8,13,21,38,51,65,71,78,72,38,11,1,7,1,0
Aruba,2020,546,7,7,0,0,0,2,6,10,19,60,132,168,124,12,1,5,5,5,7,12,21,39,57,75,81,87,80,44,11,1,7,2,0
Aruba,2021,624,6,6,0,0,0,2,6,10,23,70,148,200,139,16,2,4,5,5,9,14,25,45,63,85,99,101,90,49,15,1,6,2,0
Asia (UN),1950,16791248,4688725,7069042,2380317,550432,344459,423924,1085353,991049,1158222,1421034,1742106,1375017,573453,56740,550581,534772,490699,500350,556751,601471,681612,739422,885891,856215,755214,619803,396410,177043,48601,8139,7619474,768383,417
Asia (UN),1951,16385449,4678493,7080383,2401890,538651,330261,398216,975203,915857,1109305,1384914,1700407,1342118,555120,54466,495648,479555,449590,466267,527432,581873,661431,723483,861744,838663,741082,601036,383651,171469,47127,7339,7619034,728477,548
Asia (UN),1952,15978665,4773076,7146068,2372992,511386,312681,359893,847624,825976,1048058,1346742,1663102,1318053,545079,53355,430323,417301,400441,425535,492058,556000,640502,706240,834695,828407,732911,585142,377210,167869,46290,7065,7657454,672574,647
Asia (UN),1953,15845612,4743301,7125240,2381939,547470,300187,348929,823473,802365,1025409,1331139,1642467,1304096,541127,53026,417783,405690,389324,413041,480086,545323,633604,697535,815772,826695,732072,572024,374583,166544,46140,6886,7672710,649116,681
Asia (UN),1954,15651643,4764163,7153972,2389809,520897,287701,330687,783387,767688,997747,1313522,1624825,1286192,531774,52611,396397,386990,373371,394317,465607,532140,627998,685524,799369,825456,729027,557165,368009,163765,45952,6659,7674869,618388,638
Asia (UN),1955,15673656,4744820,7115993,2371173,534392,284601,325861,778972,763721,999138,1328374,1651472,1303098,534146,53338,394140,384832,372982,390739,465500,533638,638170,690204,810989,840483,742314,560784,369380,164766,46674,6664,7650385,610462,548
Asia (UN),1956,15592314,4652732,7005546,2352814,545638,281082,320112,776523,760261,995712,1338179,1663311,1316781,535057,53611,392678,383845,371769,388492,464343,531369,642444,695735,821512,841799,750407,566374,369562,165495,46747,6864,7551184,601194,501
Asia (UN),1957,15673680,4706367,7025776,2319409,565102,281970,313977,772946,757931,994350,1351506,1679417,1341268,535320,53602,390554,382392,371531,386400,463655,530695,646405,705101,834594,844823,767040,574228,369030,166290,46646,6956,7590878,595947,514
Asia (UN),1958,15576681,4600975,6887013,2286038,587772,286305,308059,773678,760503,992493,1360566,1683705,1355172,528037,52866,389752,383926,373725,386778,461327,531166,648366,712200,841495,842210,779438,575734,363256,164781,46115,6751,7474785,594364,510
Asia (UN),1959,17890056,4938413,7912961,2974548,818680,397121,356322,884645,884306,1136324,1546971,1857982,1492769,547350,54114,442468,442177,433108,451198,526324,610000,734757,812214,932847,925135,864747,628022,377718,169632,47227,6887,8731641,753443,512
Asia (UN),1960,19712980,5197501,8602227,3404726,1057764,510686,399501,969950,990075,1262213,1708504,2006079,1591059,559212,55184,480975,488975,482192,507883,582746,679467,808634,899870,1007638,998441,926133,664926,387794,171418,48236,6948,9659991,910187,527
Asia (UN),1961,17127652,4557311,7194770,2637459,835792,426665,351552,867504,884323,1125459,1543525,1849102,1465848,529989,52624,427824,439680,432329,451994,518503,606956,725568,817957,925879,923223,849931,615917,366790,163199,46031,6593,8030562,778217,499
Asia (UN),1962,15077268,4409317,6380686,1971369,579538,321094,299354,752518,766248,976204,1369162,1700445,1370239,510546,50754,368608,383910,375495,390753,449003,527201,639602,729560,847341,853104,783415,586824,352388,158158,44383,6371,6960224,620448,479
Asia (UN),1963,15463913,4782546,6746944,1964398,571830,331024,305170,750259,773395,974508,1365554,1711480,1377171,506624,49485,365225,385034,378450,394945,450133,524375,637274,728280,852805,858675,778398,598773,350712,155912,43346,6139,7318774,636194,469
Asia (UN),1964,15429796,4710776,6739858,2029082,544851,334168,310955,735546,770189,964493,1358976,1720518,1391398,509260,49118,357586,377960,376462,393727,448985,515508,633520,725456,859617,860901,777977,613421,353679,155581,43060,6058,7284709,645123,465
Asia (UN),1965,16057484,4712957,6921591,2208634,568717,360850,345338,809820,832903,1011019,1408274,1783673,1441994,523214,49621,396025,413795,409676,423227,475034,535985,657621,750653,893964,889709,804502,637492,364490,158724,43576,6045,7490308,706188,469
Asia (UN),1966,15632497,4584526,6758063,2173537,536498,356618,335970,726993,782616,973954,1375360,1771937,1440468,524114,49456,355155,371838,381262,401354,456531,517423,641221,734139,885085,886852,807292,633176,366363,157751,43515,5941,7294561,692588,450
Asia (UN),1967,15431738,4472362,6620202,2147840,524755,344720,333035,692410,756128,958160,1367970,1787130,1459368,537425,49983,341618,350792,366938,389190,448370,509790,636665,731305,887906,899224,823184,636184,378692,158733,44026,5957,7144957,677755,451
Asia (UN),1968,15253151,4459387,6486952,2027565,524263,326017,333649,672678,735104,944144,1355137,1795984,1474508,553159,51098,337190,335488,355177,379927,441548,502596,627292,727845,887555,908429,837180,637328,392767,160392,45017,6081,7011215,659666,457
Asia (UN),1969,15208598,4443249,6424310,1981061,545116,312871,331761,655693,713895,937037,1348974,1819950,1497272,568832,52412,335184,320509,341840,372055,436231,500806,619595,729379,893696,926254,852972,644300,406056,162776,46125,6287,6969426,644632,473
Asia (UN),1970,15305096,4408367,6392432,1984065,593893,312208,341116,666612,707290,938552,1349588,1842816,1523662,581875,54555,348486,318126,336832,370458,435566,502986,617005,732583,900341,942475,867385,656277,414771,167104,47860,6695,6986325,653324,496
Asia (UN),1971,16184107,4378898,6420854,2041956,627945,314514,413408,917194,861305,1046418,1432654,1914512,1583421,595212,56159,483502,433692,419546,441759,493184,553234,658409,774245,936126,978386,900238,683183,422786,172426,48931,7228,7048799,727922,510
Asia (UN),1972,14867631,4181032,6044670,1863638,574799,280359,337723,672253,675499,922036,1325010,1828288,1555194,594478,56763,363397,308856,316705,358794,426457,495579,603066,721944,888286,940002,878739,676455,417023,177455,48852,7911,6619469,618082,558
Asia (UN),1973,14686023,4081293,5884731,1803438,560274,284713,334454,680338,659006,913079,1307906,1817214,1575821,608627,59200,370629,309709,307251,351755,420738,492341,596671,711235,881312,935902,884675,691146,421873,186754,50431,8769,6445005,619167,660
Asia (UN),1974,14569278,3955766,5700002,1744236,547858,297900,331768,694394,647373,913898,1305901,1828233,1610782,627737,62571,378025,316369,301042,346331,420292,493606,599510,706391,885254,942979,902334,708448,431146,196591,53004,9567,6247860,629668,859
Asia (UN),1975,14589291,3801167,5501081,1699914,548265,313669,343901,756688,663431,931066,1320055,1846597,1646892,649214,67222,411543,345145,311078,352353,428330,502736,609119,710936,893745,952852,921087,725805,445010,204204,56667,10555,6049346,657570,1208
Asia (UN),1976,14383649,3674270,5287146,1612876,547531,343834,336160,725609,636926,919099,1311550,1848404,1679161,674958,71898,389133,336476,297353,339573,421091,498008,605848,705702,894235,954169,932987,746174,463285,211673,60881,11017,5834677,679994,1371
Asia (UN),1977,14075526,3550524,5071011,1520487,516372,318923,304477,690240,602167,901807,1311151,1862268,1719609,701706,74424,364511,325729,282354,319813,409879,491928,605257,705894,899862,962406,948572,771037,484189,217517,63496,10928,5587383,623400,1370
Asia (UN),1978,14046786,3471131,4922767,1451636,496988,307305,305532,700637,599446,903687,1331461,1888515,1772824,737361,78920,365383,335254,285908,313538,408805,494882,614893,716568,908066,980449,971011,801813,510618,226743,67884,11036,5419755,612837,1341
Asia (UN),1979,14030277,3440289,4823932,1383643,477036,299160,307813,691074,596086,899011,1347256,1907680,1824947,771397,83581,354588,336486,289778,306308,402549,496462,620533,726723,910341,997339,993613,831334,534934,236463,72347,11234,5300968,606973,1304
Asia (UN),1980,14111678,3418970,4753843,1334873,460938,293585,312613,688039,602757,898485,1367433,1939114,1888362,815699,89528,346033,342006,299035,303722,398805,499680,627822,739611,919916,1019198,1022110,866252,563794,251905,77720,11808,5214781,606198,1280
Asia (UN),1981,14183497,3396175,4694570,1298395,443516,286896,322116,699896,616902,897060,1381353,1961411,1932544,852424,93464,347381,352515,312807,304095,395040,502020,633506,747847,927305,1034106,1042548,889996,587839,264585,80481,12983,5138086,609012,1345
Asia (UN),1982,14269132,3387158,4660952,1273794,430218,279942,325342,705009,630052,893644,1394582,1984504,1977480,889495,96494,347920,357089,324253,305799,389342,504302,638171,756411,935845,1048659,1063240,914240,611394,278101,82398,14096,5091170,605284,1416
Asia (UN),1983,14230208,3291231,4539826,1248595,412280,270209,317667,697265,637528,882495,1406071,2004293,2026853,933006,101214,346231,351034,330156,307372,380623,501872,640494,765577,946446,1057847,1086626,940227,637862,295144,85861,15353,4952106,587876,1499
Asia (UN),1984,14245086,3263722,4493697,1229975,401638,259581,311139,691784,645415,867795,1410912,2018028,2069239,969534,104784,350554,341230,332573,312842,372570,495225,641164,769748,957915,1060113,1106081,963158,660913,308621,88698,16086,4895335,570720,1538
Asia (UN),1985,14295185,3240605,4447098,1206493,394711,248359,307340,691109,657523,855888,1416927,2039813,2116906,1008203,109733,358839,332270,336518,321005,366574,489314,642190,774737,970613,1069200,1127883,989023,684813,323390,93101,16632,4841809,555699,1573
Asia (UN),1986,14335019,3229588,4401896,1172308,384805,235106,302236,688882,668324,845511,1425568,2063672,2156472,1045417,115446,365952,322930,338710,329614,362228,483283,644038,781530,982098,1081574,1146802,1009670,706589,338828,98254,17192,4786701,537342,1683
Asia (UN),1987,14397049,3208948,4356625,1147677,380573,225110,297762,681182,677292,839197,1438068,2095415,2198274,1083794,121929,364923,316259,338785,338507,362270,476927,646930,791138,998876,1096539,1165706,1032568,728917,354877,104213,17716,4737198,522872,1828
Asia (UN),1988,14487314,3137859,4266073,1128214,377534,217336,296177,689648,693508,843406,1455339,2139180,2245292,1130989,130807,365186,324462,341958,351550,369839,473567,651021,804318,1020603,1118577,1183557,1061735,756600,374389,112066,18741,4643607,513513,2023
Asia (UN),1989,14477245,3091398,4194867,1103469,369326,208849,284743,675056,685880,843763,1458535,2175220,2275169,1166698,136987,350066,324990,332148,353732,376923,466840,646507,812028,1033907,1141313,1191057,1084112,778254,388444,117517,19470,4564193,493592,2151
Asia (UN),1990,14559972,3052543,4129939,1077396,364497,205331,278178,684504,689858,855796,1465894,2215614,2314565,1208047,145465,348368,336136,327978,361880,390682,465114,644356,821538,1050209,1165405,1205995,1108570,803922,404125,124818,20647,4494436,483509,2283
Asia (UN),1991,14504394,2905335,3963526,1058191,369277,206098,269101,684160,686183,868110,1468514,2247072,2347733,1240216,152091,341504,342656,320956,365227,404087,464023,641034,827480,1063113,1183959,1221505,1126228,823821,416395,130532,21559,4332803,475199,2313
Asia (UN),1992,14349688,2777760,3774488,996728,345600,194406,255387,679823,685055,880810,1461170,2271312,2371182,1268810,159262,334787,345036,318467,366588,416205,464605,632323,828847,1071583,1199729,1233404,1137778,840275,428535,136521,22741,4120088,449793,2382
Asia (UN),1993,14347975,2684162,3633041,948879,339456,192923,247180,674212,696275,908473,1460756,2312491,2409167,1305435,166128,330112,344100,326185,370090,432908,475565,628485,832271,1086338,1226153,1257405,1151762,862294,443141,142387,23741,3972497,440103,2437
Asia (UN),1994,14348051,2601359,3501104,899745,335890,190645,241084,668159,708781,938782,1455904,2345805,2442671,1342622,174078,324488,343671,338203,370578,446490,492292,625375,830529,1099287,1246518,1283764,1158907,883270,459352,148724,25354,3836994,431729,2523
Asia (UN),1995,14427059,2526236,3387849,861613,334246,190561,238476,666531,724087,975906,1460399,2381243,2492122,1387941,184967,319752,346779,352637,371450,461193,514713,627647,832752,1113536,1267707,1315416,1176706,908195,479746,157278,27689,3722095,429037,2730
Asia (UN),1996,14459863,2432381,3248911,816530,327239,190049,236978,660600,737560,1011190,1464107,2419921,2545806,1422418,192205,312476,348124,366056,371504,474615,536575,630502,833605,1127841,1292080,1345840,1199966,927489,494929,163023,29182,3576150,427027,2879
Asia (UN),1997,14466825,2342425,3116104,773679,314316,190143,237155,653871,745525,1038390,1466965,2446229,2592054,1460334,202546,305346,348525,372398,373127,483782,554608,636719,830246,1135723,1310506,1370403,1221651,947830,512504,171357,31189,3430420,427298,3193
Asia (UN),1998,14481873,2255660,2989004,733344,298809,190604,237645,646034,754978,1062690,1474398,2467114,2647829,1495289,214007,298828,347206,372594,382384,490339,572351,649229,825169,1138261,1328853,1398909,1248920,963711,531578,180720,33287,3287813,428249,3469
Asia (UN),1999,14503609,2174521,2869748,695227,284527,190937,237099,634488,768113,1075645,1491313,2478558,2703605,1536362,229413,292294,342194,371665,396448,490775,584870,669693,821620,1133421,1345137,1420854,1282751,981166,555196,193271,36142,3154275,428036,3799
Asia (UN),2000,14620900,2107537,2759814,652277,266856,191750,237930,628622,786767,1089723,1524695,2507160,2784409,1594093,245061,291153,337469,374353,412414,488723,601000,700079,824616,1137278,1369882,1453900,1330509,1013582,580511,206035,39026,3026670,429680,4020
Asia (UN),2001,14694641,2025922,2641731,615809,254567,191185,238973,621891,803276,1097025,1553480,2522727,2854042,1650416,260851,291046,330845,376049,427227,482476,614549,729491,823989,1134709,1388018,1482941,1371101,1046306,604110,218354,42497,2896298,430158,4475
Asia (UN),2002,14760631,1939379,2519834,580455,242493,185824,237748,611341,808446,1102380,1584472,2533719,2933107,1719333,276976,290081,321260,375674,432772,475505,626875,757613,826859,1128832,1404887,1514191,1418916,1087942,631391,231251,45725,2762327,423572,4958
Asia (UN),2003,14889691,1849054,2391511,542457,235306,179825,239925,611248,810516,1120772,1629013,2544387,3026167,1797993,297521,295192,316056,377265,433251,480192,640580,788934,840079,1125281,1419106,1551472,1474695,1138739,659254,247919,49602,2626817,419750,5505
Asia (UN),2004,15102722,1783352,2308561,525209,236437,178984,245235,616704,815295,1146036,1681395,2554509,3116133,1879180,318253,302102,314602,379348,435947,495176,650860,815162,866233,1127595,1426914,1590926,1525207,1194694,684486,264560,53693,2544998,424219,6000
Asia (UN),2005,15199131,1697463,2184292,486829,222401,167008,241795,606032,803029,1156719,1729847,2560438,3201933,1976869,342171,298732,307300,371072,431957,506790,649929,834557,895290,1129495,1430943,1628762,1573171,1256601,720268,283654,58517,2406693,408803,6597
Asia (UN),2006,15286849,1622040,2074761,452721,212912,155874,239090,608556,796805,1170259,1778881,2564913,3267679,2051659,358505,301414,307142,365045,431760,522768,647491,850863,928018,1133281,1431632,1658070,1609609,1301852,749807,296546,61959,2287673,394964,6954
Asia (UN),2007,15519075,1559999,1983500,423501,206288,150505,235820,612656,794267,1188503,1843625,2601827,3363184,2152777,378595,303563,309093,359153,435114,537989,650514,869749,973876,1158253,1443574,1703823,1659361,1363658,789119,312282,66313,2189788,386325,7528
Asia (UN),2008,15797529,1505424,1915004,409580,210834,152963,235769,620179,793750,1215155,1913719,2648932,3439746,2246000,397246,307098,313081,353633,440117,548598,666557,886834,1026885,1197074,1451858,1735445,1704301,1419576,826424,325727,71519,2125838,388732,8232
Asia (UN),2009,15856544,1443062,1818561,375499,188392,142111,223380,611166,774996,1231389,1948527,2692104,3481467,2323934,411788,301722,309444,341553,433443,550245,681144,884523,1064004,1239138,1452966,1743249,1738218,1459852,864082,336268,75520,2006953,365491,8727
Asia (UN),2010,15972716,1380370,1733022,352652,176956,136189,214032,605932,758940,1250049,1978641,2749044,3518455,2406603,435382,298944,306988,333381,425559,553931,696118,875792,1102849,1290829,1458215,1748477,1769978,1499422,907181,354076,81306,1909978,350221,9470
Asia (UN),2011,16119546,1321354,1653858,332504,164735,131668,205618,599086,746065,1273633,2008138,2818639,3564642,2485376,457962,294608,304478,328585,417480,558659,714974,869213,1138925,1349119,1469520,1757605,1807037,1539120,946256,371818,86144,1818593,337286,10125
Asia (UN),2012,16271420,1276044,1592969,316925,155866,128146,200641,597372,738102,1287402,2036092,2892610,3594376,2558023,478950,291675,305697,328401,409701,560888,726514,867866,1168226,1404690,1487920,1755989,1838387,1573170,984853,389118,89832,1748835,328787,10868
Asia (UN),2013,16379083,1217378,1519313,301935,147199,124130,194619,585026,724318,1279442,2072027,2979529,3610524,2632259,499146,282549,302477,326769,397549,555089,724353,884741,1187286,1460557,1518972,1750843,1859681,1608114,1024145,406806,92340,1666512,318749,11551
Asia (UN),2014,16404596,1152289,1436259,283970,138263,118522,187194,563767,703007,1254687,2093949,3060288,3610711,2698854,526659,268891,294876,320441,382566,539271,715416,908466,1185483,1497836,1562452,1745324,1865387,1640470,1058384,430641,96018,1574522,305716,12434
Asia (UN),2015,16490641,1092300,1358872,266572,129979,113320,182295,548668,689797,1236082,2115473,3156824,3615380,2767600,562829,257797,290871,316725,373072,523490,712592,938816,1176657,1537027,1619797,1745939,1869441,1673749,1093851,460157,102672,1488851,295615,13520
Asia (UN),2016,16672816,1045563,1294053,248490,122780,108117,178983,539776,687069,1222629,2143467,3266693,3647826,2849656,597346,250751,289025,316784,370285,510131,712498,973346,1170121,1574139,1692554,1761701,1886125,1716315,1133341,488048,109298,1416833,287100,14422
Asia (UN),2017,17057478,991418,1221176,229758,114962,103324,175938,533940,691694,1222019,2185453,3421418,3748801,2979033,644228,246753,287187,319004,372690,503180,718839,1003404,1182049,1624984,1796434,1823844,1924957,1786994,1192039,526070,118158,1336138,279262,15493
Asia (UN),2018,17068922,938278,1154497,216219,110269,99076,170694,518955,689578,1192497,2183492,3480719,3769025,3010177,673642,239395,279560,316831,372747,488490,704007,988351,1195141,1623249,1857470,1861478,1907547,1794313,1215864,548977,124665,1264766,269770,16299
Asia (UN),2019,17344672,891014,1094756,203742,105597,95754,165518,505391,694755,1180350,2229971,3564882,3883824,3090399,716110,232878,272513,318147,376608,483791,696559,988028,1241943,1630967,1933915,1954330,1929494,1825738,1264661,580225,135885,1200353,261272,17364
Asia (UN),2020,18739912,844081,1035650,191569,105057,92256,151396,461083,689850,1226657,2472559,3962052,4312615,3415499,796147,212072,249011,308357,381493,499529,727128,1060228,1412331,1778357,2183695,2224796,2087819,1993566,1421933,642672,153475,1140707,243652,19091
Asia (UN),2021,21029070,808219,989624,181405,100252,92694,174887,522913,796552,1387895,2851942,4471866,4935007,3802532,881125,241702,281211,354286,442266,569541,818354,1212289,1639653,1985411,2486455,2590051,2344956,2212191,1590341,707004,174121,1089876,267581,21780
Australia,1950,43588,2670,3325,655,317,224,390,1213,1357,2742,5812,10174,10630,6605,792,663,550,571,786,1125,1617,2371,3441,4793,5381,5490,5140,4135,2470,675,117,3642,614,7
Australia,1951,45830,2723,3429,706,311,236,474,1365,1488,2859,6135,10799,11000,6744,979,724,641,618,870,1171,1688,2502,3633,5116,5683,5704,5296,4242,2502,837,142,3740,710,9
Australia,1952,45774,2796,3447,651,290,206,443,1324,1491,2946,6091,11012,11013,6589,914,657,667,633,858,1179,1767,2567,3524,5138,5874,5806,5207,4189,2400,774,140,3737,649,9
Australia,1953,44764,2654,3313,659,338,230,445,1204,1436,2857,5883,10583,11064,6505,899,599,605,618,818,1173,1684,2490,3393,4907,5676,5942,5122,4041,2464,769,130,3651,675,10
Australia,1954,45707,2579,3275,696,298,218,435,1189,1411,2890,5895,10611,11818,6662,995,566,623,655,756,1196,1694,2509,3386,4743,5868,6234,5584,4109,2553,854,141,3573,653,14
Australia,1955,46108,2616,3267,651,281,223,483,1124,1423,2902,5957,10936,11770,6698,1027,519,605,678,745,1158,1744,2520,3437,4689,6247,6311,5459,4178,2520,875,152,3548,706,16
Australia,1956,48031,2568,3152,584,276,225,410,1152,1477,3014,6105,11173,12625,7306,1095,570,582,695,782,1229,1785,2530,3575,4896,6277,6653,5972,4543,2763,922,173,3428,635,17
Australia,1957,47593,2698,3323,625,292,237,489,1162,1594,2988,6271,11074,12507,6579,1059,564,598,769,825,1173,1815,2608,3663,4712,6362,6635,5872,4066,2513,881,178,3615,726,16
Australia,1958,47001,2567,3122,555,291,224,459,1164,1503,3013,6258,10880,12399,6600,1068,622,542,665,838,1113,1900,2677,3581,4645,6235,6600,5799,4125,2475,881,187,3413,683,17
Australia,1959,50162,2757,3330,573,299,236,533,1044,1647,3125,6720,11368,13731,6993,1118,553,491,725,922,1186,1939,2740,3980,4728,6640,7191,6540,4420,2573,922,196,3629,769,17
Australia,1960,49530,2610,3129,519,290,252,508,1047,1506,3127,6698,11218,13503,7055,1184,539,508,662,844,1208,1919,2845,3853,4907,6311,7235,6268,4535,2520,984,200,3419,760,19
Australia,1961,50189,2695,3237,542,259,273,509,1067,1553,3276,6736,11124,13729,7267,1143,573,494,651,902,1304,1972,2899,3837,4977,6147,7312,6417,4672,2595,955,188,3496,782,19
Australia,1962,52267,2744,3243,499,289,232,510,1137,1566,3382,7156,11400,14413,7727,1190,623,514,640,926,1277,2105,3027,4129,5187,6213,7573,6840,4909,2818,992,198,3532,742,21
Australia,1963,53106,2606,3070,464,275,265,560,1122,1531,3414,7324,11891,14708,7747,1180,614,508,611,920,1311,2103,3130,4194,5476,6415,7493,7215,4983,2764,986,194,3345,825,21
Australia,1964,56197,2407,2925,518,293,286,597,1160,1604,3581,7884,12512,15583,8513,1242,688,472,661,943,1533,2048,3331,4553,5945,6567,7963,7620,5508,3005,1044,198,3218,883,21
Australia,1965,55995,2354,2864,510,245,281,713,1274,1591,3495,7985,12546,15434,8328,1222,708,566,592,999,1479,2016,3491,4494,5743,6803,7672,7762,5279,3049,1035,187,3109,994,21
Australia,1966,57890,2315,2832,517,270,259,741,1310,1593,3537,8053,13160,15883,8959,1277,748,562,582,1011,1496,2041,3353,4700,6044,7116,7785,8098,5835,3124,1055,222,3102,1000,22
Australia,1967,57541,2367,2834,467,284,232,696,1397,1438,3790,8183,13261,15473,8748,1183,826,571,569,869,1541,2249,3274,4909,6064,7197,7620,7853,5709,3039,975,208,3118,928,18
Australia,1968,60927,2451,2888,437,291,282,783,1513,1505,3796,8441,14008,16181,9861,1363,903,610,608,897,1523,2273,3427,5014,6571,7437,7925,8256,6361,3500,1134,229,3179,1065,20
Australia,1969,59657,2648,3091,443,286,286,734,1505,1530,4019,8280,14057,15490,9126,1233,887,618,638,892,1539,2480,3244,5036,6393,7664,7587,7903,5905,3221,1027,206,3377,1020,19
Australia,1970,62592,2770,3283,513,307,241,851,1691,1512,3900,8582,14680,16185,9967,1371,1034,657,609,903,1466,2434,3372,5210,6673,8007,8032,8153,6481,3486,1152,219,3590,1092,19
Australia,1971,60584,2785,3263,478,282,277,912,1718,1478,3714,8252,13935,15415,9872,1446,1041,677,623,855,1347,2367,3276,4976,6332,7603,7856,7559,6320,3552,1202,244,3545,1189,22
Australia,1972,61508,2622,3109,487,280,267,868,1622,1454,3859,8328,14516,15850,9842,1490,949,673,613,841,1407,2452,3367,4961,6781,7735,8278,7572,6323,3519,1244,246,3389,1135,23
Australia,1973,61639,2333,2845,512,274,252,907,1738,1456,3870,8268,14799,15896,9905,1404,1029,709,639,817,1388,2482,3484,4784,6794,8005,8400,7496,6291,3614,1172,232,3119,1159,24
Australia,1974,64100,2295,2790,495,249,258,988,1776,1565,3849,8659,15150,16602,10544,1640,1007,769,700,865,1325,2524,3754,4905,7066,8084,8836,7766,6501,4043,1370,270,3039,1246,29
Australia,1975,60603,1869,2307,438,239,254,970,1791,1578,3666,8414,14528,15709,9617,1500,993,798,697,881,1305,2361,3701,4713,6679,7849,8445,7264,5871,3746,1252,248,2546,1224,27
Australia,1976,62546,1754,2159,405,246,253,948,1719,1550,3554,8431,14960,16903,10113,1681,994,725,710,840,1274,2280,3616,4815,6707,8253,8687,8216,6093,4020,1403,278,2405,1201,31
Australia,1977,60042,1615,1973,358,247,250,950,1873,1587,3419,8025,14433,16260,9408,1587,1070,803,727,860,1205,2214,3428,4597,6425,8008,8543,7717,5722,3686,1315,272,2220,1200,30
Australia,1978,60338,1566,1886,320,199,238,954,1941,1574,3161,8136,14451,16746,9379,1644,1132,809,746,828,1198,1963,3344,4792,6284,8167,8565,8181,5700,3679,1376,268,2085,1192,28
Australia,1979,59474,1429,1729,300,201,230,859,1927,1591,3068,8094,13940,16761,9241,1794,1079,848,768,823,1109,1959,3336,4758,5882,8058,8708,8053,5573,3668,1496,298,1930,1089,33
Australia,1980,60211,1347,1643,296,204,205,850,1799,1556,3036,8005,14008,17273,9666,1930,994,805,738,818,1163,1873,3265,4740,5870,8138,8875,8398,6119,3547,1595,335,1847,1055,38
Australia,1981,60821,1409,1706,297,222,214,817,1861,1591,2786,7916,13947,17669,10007,2048,1025,836,755,836,1103,1683,3098,4818,5828,8119,9138,8531,6298,3709,1681,367,1928,1031,38
Australia,1982,62813,1387,1689,302,216,241,802,1974,1638,2804,7616,14302,18587,10692,2212,1076,898,797,841,1084,1720,2912,4704,6014,8288,9479,9108,6816,3876,1805,407,1905,1043,39
Australia,1983,60380,1309,1581,272,183,197,696,1893,1583,2565,7396,13826,18018,10381,2020,1034,859,763,820,1061,1504,2786,4610,6069,7757,9112,8906,6703,3678,1646,374,1764,893,39
Australia,1984,61612,1290,1576,286,147,229,679,1823,1665,2691,7150,13698,18795,10966,2150,1031,792,819,846,1133,1558,2594,4556,6297,7401,9649,9146,7072,3894,1732,418,1723,908,45
Australia,1985,63462,1378,1658,280,171,202,729,1996,1735,2656,6794,13962,19224,11989,2297,1098,898,849,886,1106,1550,2458,4336,6435,7527,9713,9511,7586,4403,1840,457,1829,931,51
Australia,1986,61894,1251,1503,252,141,207,739,1874,1759,2704,6458,13773,18941,11599,2138,992,882,808,951,1186,1518,2342,4116,6253,7520,9430,9511,7375,4224,1695,443,1644,946,53
Australia,1987,63974,1246,1507,261,134,174,721,1920,1786,2755,6441,13971,19658,12592,2258,1002,918,835,951,1166,1589,2350,4091,6140,7831,9769,9889,7835,4757,1783,475,1641,895,58
Australia,1988,64490,1171,1380,209,140,180,776,2033,1848,2835,6095,14120,19730,12935,2352,1022,1011,902,946,1322,1513,2337,3758,6173,7947,9422,10308,8242,4693,1844,508,1520,956,62
Australia,1989,67332,1204,1450,246,135,178,746,1989,2009,2773,6002,14527,20636,14239,2569,950,1039,947,1062,1196,1577,2326,3676,6123,8404,9656,10980,8830,5409,2003,566,1585,924,77
Australia,1990,63969,1165,1398,233,146,127,643,1921,1926,2914,5668,13929,19255,13578,2393,934,987,958,968,1338,1576,2223,3445,5808,8121,8889,10366,8401,5177,1922,471,1544,770,71
Australia,1991,63546,1016,1211,195,134,134,595,1697,2001,2915,5471,13510,19341,13956,2505,852,845,951,1050,1285,1630,2239,3232,5587,7923,8915,10426,8897,5059,2039,466,1345,729,74
Australia,1992,65614,1064,1286,222,116,135,537,1741,1940,2956,5481,13555,20101,14865,2824,869,872,957,983,1296,1660,2259,3222,5483,8072,9500,10601,9162,5703,2299,525,1402,672,79
Australia,1993,64546,898,1140,242,113,131,526,1649,2018,2942,5360,12802,19668,15297,2829,831,818,982,1036,1236,1706,2185,3175,5022,7780,9454,10214,9371,5926,2327,502,1253,657,71
Australia,1994,67555,868,1069,201,115,148,521,1681,2083,3060,5384,12888,20609,16561,3351,842,839,972,1111,1284,1776,2218,3166,4967,7921,10106,10503,10051,6510,2752,599,1184,669,87
Australia,1995,66163,813,1023,210,116,130,487,1775,2195,3007,5248,12224,19859,16774,3248,909,866,1044,1151,1282,1725,2192,3056,4671,7553,9893,9966,10069,6705,2663,585,1139,617,77
Australia,1996,67821,830,1030,200,110,143,544,1728,2147,3059,5354,11902,20396,17654,3667,871,857,1026,1121,1301,1758,2297,3057,4611,7291,9947,10449,10613,7041,2987,680,1140,687,84
Australia,1997,67284,755,962,207,98,131,568,1759,1975,3005,5398,11554,20318,17622,3802,835,924,932,1043,1320,1685,2380,3018,4520,7034,9737,10581,10464,7158,3089,713,1060,699,91
Australia,1998,67113,720,922,202,102,122,503,1881,2182,2953,5410,11013,20387,17559,3988,875,1006,1040,1142,1311,1642,2348,3062,4345,6668,9635,10752,10182,7377,3241,747,1024,625,91
Australia,1999,67227,804,973,169,99,110,529,1833,2051,2940,5479,10423,20714,17774,4203,832,1001,983,1068,1288,1652,2389,3090,4148,6275,9532,11182,9961,7813,3411,792,1072,639,97
Australia,2000,67010,703,859,156,103,122,509,1629,2028,3024,5498,10090,20361,18099,4576,708,921,925,1103,1360,1664,2429,3069,4129,5961,9113,11248,10044,8055,3708,868,962,631,109
Australia,2001,66799,739,883,144,100,108,471,1404,1880,2935,5617,9986,19926,18801,4580,663,741,864,1016,1254,1681,2372,3245,4270,5716,8809,11117,10362,8439,3694,886,983,579,109
Australia,2002,68723,677,843,166,95,114,428,1343,1812,3049,5558,9930,20065,19987,5374,605,738,856,956,1269,1780,2357,3201,4237,5693,8737,11328,11106,8881,4325,1049,938,542,128
Australia,2003,68016,690,838,148,90,83,423,1285,1721,3121,5619,9929,19345,19941,5488,617,668,795,926,1341,1780,2250,3369,4219,5710,8295,11050,11319,8622,4406,1082,928,506,130
Australia,2004,68339,669,821,152,89,101,358,1236,1716,2978,5719,9832,19039,20544,5766,585,651,840,876,1269,1709,2384,3335,4254,5578,7936,11103,11822,8722,4619,1147,910,459,143
Australia,2005,67562,729,865,136,88,85,341,1228,1674,3093,5734,9836,18007,20429,6027,595,633,801,873,1316,1777,2330,3404,4199,5637,7344,10663,11801,8628,4804,1223,953,426,155
Australia,2006,68816,738,854,116,73,95,367,1139,1630,2988,5729,9813,17736,21731,6486,591,548,748,882,1238,1750,2342,3387,4296,5517,7196,10540,12285,9446,5141,1345,927,462,172
Australia,2007,71276,677,817,140,65,83,365,1199,1721,3003,5962,10429,17894,22857,6707,568,631,729,992,1170,1833,2477,3485,4654,5775,7158,10736,12614,10243,5300,1407,882,448,174
Australia,2008,72580,717,851,134,73,82,356,1162,1663,3034,5793,10308,17734,24043,7288,540,622,721,942,1225,1809,2493,3300,4617,5691,7318,10416,12926,11117,5722,1566,924,438,195
Australia,2009,72524,720,845,125,77,78,357,1168,1706,3074,5862,10530,17329,23969,7327,526,642,728,978,1278,1796,2502,3360,4779,5751,7448,9881,12663,11306,5676,1651,922,435,201
Australia,2010,72896,730,852,122,86,85,355,1066,1617,2957,5840,10541,16849,24480,7952,491,575,680,937,1148,1809,2490,3350,4680,5861,7407,9442,12775,11705,6147,1805,938,440,216
Australia,2011,75128,639,747,108,74,71,309,1129,1587,2920,5986,10958,17314,25202,8603,516,613,708,879,1186,1734,2489,3497,4963,5995,7557,9757,12881,12321,6672,1931,821,380,230
Australia,2012,75494,549,667,118,66,78,328,1149,1494,2835,5874,10905,17148,25421,9277,515,634,668,826,1203,1632,2489,3385,4715,6190,7528,9620,12753,12668,7223,2054,733,406,250
Australia,2013,76134,593,714,121,77,81,280,1030,1474,2952,6037,11469,17278,25008,9466,463,567,639,835,1227,1725,2515,3522,4731,6738,7698,9580,12304,12704,7432,2034,791,361,266
Australia,2014,78470,528,624,96,72,64,259,1043,1639,3035,6185,11568,17755,25541,10378,491,552,721,918,1346,1689,2620,3565,4867,6701,7902,9853,12431,13110,8158,2220,696,323,303
Australia,2015,80319,526,639,113,67,78,315,1093,1633,3140,6331,11667,18071,26048,10918,484,609,754,879,1355,1785,2644,3687,4928,6739,8024,10047,12273,13775,8551,2367,706,393,320
Australia,2016,81582,523,635,112,66,81,276,1116,1613,3018,6190,11650,18667,26315,11607,517,599,730,883,1262,1756,2560,3630,4862,6788,8447,10220,12457,13858,9005,2602,701,357,350
Australia,2017,82712,567,671,104,65,86,286,1089,1659,3092,5997,11597,19226,26214,12362,495,594,746,913,1243,1849,2397,3600,4831,6766,8789,10437,12339,13875,9501,2861,736,372,370
Australia,2018,82282,574,665,91,52,80,299,1073,1684,2877,6078,11562,19265,25804,12464,500,573,722,962,1123,1754,2394,3684,4951,6611,9004,10261,12328,13476,9516,2948,717,379,377
Australia,2019,86170,523,623,100,71,74,337,1362,1764,3300,6305,12208,20278,26044,13404,642,720,781,983,1277,2023,2477,3828,5333,6875,9389,10889,12668,13376,10246,3158,694,411,400
Australia,2020,81587,500,596,96,66,21,95,372,446,1621,4362,10809,21082,27118,14498,176,196,178,268,484,1137,1576,2786,4507,6302,9534,11548,13211,13907,10849,3649,662,116,497
Australia,2021,83139,489,581,92,65,20,81,321,420,1407,3872,10461,21239,28626,15441,154,167,154,266,473,934,1462,2410,4307,6154,9346,11893,13969,14657,11333,4108,646,101,612
Austria,1950,43820,4087,4730,643,260,202,401,1092,1105,3036,5925,9363,11558,5697,437,567,525,367,738,1141,1895,2751,3174,4174,5189,6092,5466,3909,1788,388,49,4990,603,6
Austria,1951,45113,3625,4214,589,243,223,366,1023,1028,2968,6173,9610,12514,6226,523,546,477,385,643,1066,1902,2818,3355,4193,5417,6408,6106,4307,1919,470,53,4457,589,6
Austria,1952,42356,3110,3574,464,213,203,296,918,866,2623,5918,9190,11805,6186,553,486,432,379,487,919,1704,2707,3211,3982,5208,5942,5863,4173,2013,497,56,3787,499,3
Austria,1953,42257,2971,3366,395,199,190,273,841,791,2412,5948,9452,11874,6337,560,427,414,376,415,873,1539,2689,3259,4031,5421,5810,6064,4313,2024,502,58,3565,463,4
Austria,1954,43098,2927,3323,396,215,168,284,967,848,2350,6140,9406,12153,6617,620,500,467,453,395,885,1465,2658,3482,4152,5254,5983,6170,4519,2098,560,60,3538,452,5
Austria,1955,43620,2944,3351,407,204,189,312,1038,831,2264,6209,9492,12311,6763,650,508,530,477,354,804,1460,2606,3603,4175,5317,6122,6189,4530,2233,585,65,3555,501,4
Austria,1956,44432,2940,3294,354,177,136,370,1123,934,2218,6400,9632,12417,7075,657,586,537,493,441,779,1439,2556,3844,4331,5301,6108,6309,4850,2225,586,71,3471,506,3
Austria,1957,45776,3050,3440,390,219,178,471,1163,965,2195,6619,10145,12706,7013,656,559,604,501,464,689,1506,2615,4004,4684,5461,6411,6295,4774,2239,588,68,3659,649,3
Austria,1958,43988,2760,3134,374,172,151,480,1011,1026,1875,6278,9741,12321,7119,672,497,514,512,514,563,1312,2377,3901,4573,5168,6158,6163,4839,2280,602,70,3306,631,3
Austria,1959,45105,2821,3239,418,166,129,492,988,1091,1929,6405,10291,12330,7305,738,512,476,536,555,499,1430,2426,3979,4969,5322,6104,6226,4934,2371,659,79,3405,621,3
Austria,1960,46238,2721,3114,393,166,127,404,969,1062,1719,6410,10902,12836,7710,818,525,444,473,589,517,1202,2400,4010,5211,5691,6458,6378,5152,2558,725,93,3280,531,3
Austria,1961,43816,2538,2894,356,140,134,346,905,1061,1619,6025,10527,12032,7381,746,491,414,478,583,549,1070,2171,3854,5127,5400,6008,6024,4945,2436,664,82,3034,480,3
Austria,1962,46268,2488,2787,299,140,129,319,847,1027,1608,6043,11399,12974,8049,936,487,360,508,519,606,1002,2151,3892,5535,5864,6433,6541,5193,2856,830,106,2927,448,4
Austria,1963,46332,2377,2752,375,157,113,333,879,1047,1551,5675,11884,12993,7986,962,518,361,465,582,718,833,2066,3609,5611,6273,6428,6565,5129,2857,841,121,2909,446,5
Austria,1964,45041,2264,2609,345,168,128,314,924,1016,1505,5500,11877,12485,7662,846,535,389,437,579,698,807,2025,3475,5605,6272,6255,6230,5023,2639,742,104,2777,442,5
Austria,1965,47385,2020,2380,360,165,119,299,795,1127,1637,5380,12770,13473,8271,966,421,374,472,655,819,818,1811,3569,5822,6948,6759,6714,5326,2945,851,115,2545,418,8
Austria,1966,45666,2106,2407,301,192,123,330,922,1106,1675,5104,12331,12582,7911,976,446,476,463,643,830,845,1755,3349,5491,6840,6478,6104,5130,2781,862,114,2599,453,9
Austria,1967,47744,1968,2263,295,197,121,413,962,1094,1821,4848,12894,13677,8422,1026,448,514,438,656,825,996,1552,3296,5598,7296,7089,6588,5509,2913,897,129,2460,534,9
Austria,1968,48029,1831,2126,295,194,117,372,954,1075,2006,4633,12989,14082,8399,1075,473,481,447,628,891,1115,1393,3240,5451,7538,7287,6795,5498,2901,942,133,2320,489,7
Austria,1969,49048,1780,2074,294,205,130,356,937,1109,2151,4355,13461,14920,8255,1091,456,481,432,677,881,1270,1243,3112,5483,7978,8158,6762,5288,2967,958,133,2279,486,8
Austria,1970,49030,1647,1918,271,214,162,387,954,1109,2252,4263,13158,15098,8346,1161,506,448,442,667,986,1266,1290,2973,5412,7746,8124,6974,5302,3044,1019,142,2132,549,10
Austria,1971,47822,1637,1881,244,184,157,447,1000,1177,2258,4041,12281,14904,8293,1190,538,462,544,633,988,1270,1392,2649,4931,7350,8077,6827,5295,2998,1039,151,2065,604,10
Austria,1972,46967,1472,1703,231,172,173,433,1001,1160,2337,3969,11848,14963,8055,1146,541,460,547,613,1002,1335,1552,2417,4696,7152,8095,6868,5136,2919,988,158,1875,606,8
Austria,1973,45561,1337,1566,229,181,128,476,942,1104,2211,3678,11172,15039,7920,1142,483,459,554,550,946,1265,1651,2027,4420,6752,8216,6823,5026,2894,977,165,1747,604,9
Austria,1974,46358,1352,1567,215,149,126,475,908,1130,2309,3710,11000,15693,8073,1204,484,424,561,569,966,1343,1884,1826,4300,6700,8468,7225,5109,2964,1033,171,1716,601,10
Austria,1975,46873,1103,1292,189,152,154,484,887,1171,2330,3743,10610,16232,8535,1262,488,399,562,609,926,1404,1876,1867,4105,6505,8422,7810,5493,3042,1074,188,1444,638,14
Austria,1976,45794,887,1054,167,119,132,465,894,1101,2283,3876,9983,16325,8308,1240,459,435,511,590,901,1382,1913,1963,3655,6328,8397,7928,5285,3023,1048,192,1173,597,17
Austria,1977,44492,814,963,149,110,121,539,904,1147,2279,4136,9111,15853,8133,1177,497,407,460,687,815,1464,1898,2238,3166,5945,7945,7908,5327,2806,1006,171,1073,660,16
Austria,1978,45657,751,905,154,96,110,527,970,1200,2250,4435,8840,16282,8782,1247,541,429,476,724,785,1465,1976,2459,2832,6008,7855,8427,5797,2985,1070,177,1001,637,14
Austria,1979,44413,713,842,129,98,120,529,958,1117,2285,4702,8105,15915,8538,1192,554,404,423,694,807,1478,1969,2733,2572,5533,7815,8100,5735,2803,1020,172,940,649,14
Austria,1980,44132,775,895,120,105,119,504,952,1074,2208,4777,7787,15623,8940,1140,535,417,430,644,837,1371,2029,2748,2468,5319,7392,8231,5956,2984,972,168,1000,623,14
Austria,1981,44205,697,824,127,72,101,492,933,1024,2220,4821,7441,15668,9380,1218,537,396,407,617,975,1245,2111,2710,2662,4779,7351,8317,6270,3110,1034,184,896,593,15
Austria,1982,43544,726,842,116,69,89,499,1006,1096,2177,4816,7163,15211,9357,1208,563,443,509,587,1030,1147,2072,2744,2997,4166,7143,8068,6341,3016,1029,179,911,588,12
Austria,1983,43952,614,712,98,66,79,476,978,1057,2228,4830,7095,15323,9891,1203,562,416,438,619,1066,1162,2058,2772,3436,3659,7181,8142,6633,3258,1025,178,778,555,13
Austria,1984,41998,574,684,110,70,80,431,1033,1013,2199,4749,6671,14224,9650,1177,587,446,419,594,1005,1194,1967,2782,3506,3165,6585,7639,6457,3193,1005,172,754,511,15
Austria,1985,41906,581,694,113,46,83,387,959,942,2152,4549,6668,13805,10266,1330,548,411,389,553,964,1188,1798,2751,3528,3140,6092,7713,6706,3560,1126,204,740,470,20
Austria,1986,40342,524,619,95,58,59,336,892,1000,2082,4406,6746,12725,10090,1314,472,420,429,571,850,1232,1629,2777,3403,3343,5463,7262,6580,3510,1104,210,677,395,19
Austria,1987,39211,475,552,77,55,59,337,876,958,2065,4140,7095,11788,9888,1380,474,402,430,528,749,1316,1524,2616,3427,3668,4751,7037,6349,3539,1172,208,607,396,19
Austria,1988,38481,394,470,76,55,55,345,845,914,2090,3896,7333,10891,10189,1377,451,394,424,490,796,1294,1409,2487,3450,3883,4136,6755,6436,3753,1164,213,525,400,21
Austria,1989,38735,411,502,91,72,50,302,880,888,2026,3914,7738,10438,10347,1555,430,450,394,494,768,1258,1485,2429,3496,4242,3745,6693,6423,3924,1318,237,574,352,25
Austria,1990,38371,394,480,86,48,44,264,816,908,2054,3736,7932,10125,10419,1522,432,384,447,461,793,1261,1498,2238,3501,4431,3638,6487,6447,3972,1298,224,528,308,20
Austria,1991,38627,408,488,80,53,38,261,897,938,2003,3902,7859,9850,10653,1663,433,464,448,490,835,1168,1702,2200,3416,4443,3871,5979,6512,4141,1413,250,541,299,23
Austria,1992,38493,418,488,70,36,46,247,816,939,1919,3909,7860,9604,10804,1795,416,400,436,503,768,1151,1865,2044,3496,4364,4341,5263,6468,4336,1535,260,524,293,25
Austria,1993,38196,354,417,63,49,53,275,868,980,1798,3883,7764,9381,10779,1920,425,443,430,550,713,1085,1895,1988,3400,4364,4777,4604,6383,4396,1628,292,466,328,27
Austria,1994,37233,322,400,78,45,60,245,843,1029,1825,3782,7436,9245,10321,1976,411,432,469,560,753,1072,1792,1990,3234,4202,5177,4068,6037,4284,1685,291,445,305,27
Austria,1995,37644,267,339,72,38,44,239,754,1053,1858,3922,7414,9261,10599,2096,363,391,496,557,743,1115,1770,2152,3107,4307,5183,4078,6017,4582,1772,324,377,283,24
Austria,1996,37246,243,306,63,34,54,199,657,988,1879,3952,7263,9502,10181,2202,319,338,425,563,713,1166,1673,2279,2880,4383,5156,4346,5619,4562,1860,342,340,253,27
Austria,1997,37025,196,261,65,33,43,215,630,882,1818,3899,7113,10013,9697,2392,325,305,367,515,682,1136,1517,2382,2722,4391,5025,4988,5009,4688,2009,383,294,258,28
Austria,1998,36334,220,272,52,32,35,187,550,884,1713,4041,6658,10428,9048,2455,262,288,356,528,665,1048,1577,2464,2397,4261,5068,5360,4284,4764,2064,391,304,222,29
Austria,1999,35810,172,239,67,28,36,198,507,903,1640,3830,6598,10748,8664,2396,256,251,353,550,715,925,1465,2365,2662,3936,5082,5666,4018,4646,1992,404,267,234,29
Austria,2000,35205,212,251,39,36,42,209,548,823,1635,3810,6273,10648,8324,2574,251,297,342,481,726,909,1577,2233,2720,3553,4943,5705,3888,4436,2134,440,287,251,33
Austria,2001,34466,226,267,41,24,27,194,470,812,1689,3577,6083,10235,8384,2668,228,242,322,490,705,984,1492,2085,2735,3348,4784,5451,4261,4123,2200,468,291,221,36
Austria,2002,35177,191,230,39,31,30,179,471,762,1662,3529,6067,10527,8719,2936,228,243,302,460,719,943,1531,1998,2940,3127,4902,5625,4908,3811,2413,523,261,209,39
Austria,2003,35402,190,238,48,27,32,168,466,733,1632,3383,6349,10521,8882,2931,256,210,285,448,661,971,1433,1950,3213,3136,4798,5723,5479,3403,2434,497,265,200,44
Austria,2004,34586,189,219,30,29,32,189,482,700,1617,3375,6197,9964,8734,2992,261,221,252,448,630,987,1370,2005,3081,3116,4438,5526,5720,3014,2452,540,248,221,51
Austria,2005,34980,173,207,34,33,35,178,443,683,1554,3452,6293,9824,9195,3032,235,208,259,424,632,922,1352,2100,2899,3394,4215,5609,5939,3256,2441,591,240,213,55
Austria,2006,34730,162,204,42,24,32,181,405,633,1523,3338,6258,9509,9618,2946,222,183,231,402,602,921,1297,2041,2656,3602,3935,5574,5899,3719,2288,658,228,213,63
Austria,2007,34950,157,188,31,22,29,165,420,605,1560,3335,6394,9449,10009,2714,238,182,239,366,600,960,1345,1990,2566,3828,3795,5654,5889,4120,2022,692,210,194,63
Austria,2008,35166,176,211,35,14,27,146,403,534,1527,3218,6523,9009,10761,2723,216,187,196,338,568,959,1312,1906,2624,3899,3599,5410,5980,4781,1948,775,225,173,71
Austria,2009,36606,158,190,32,22,33,152,396,522,1646,3381,6805,9348,11463,2576,199,197,201,321,600,1046,1415,1966,2787,4018,3953,5395,6267,5196,1804,772,212,185,75
Austria,2010,36632,177,210,33,13,22,137,432,530,1546,3348,6670,9249,11615,2774,239,193,213,317,545,1001,1482,1866,2827,3843,4259,4990,6288,5327,2007,767,223,159,87
Austria,2011,36515,175,212,37,17,19,119,378,483,1455,3272,6331,9388,11730,3021,199,179,209,274,521,934,1426,1846,2845,3486,4479,4909,6406,5324,2346,675,229,138,92
Austria,2012,37396,130,157,27,18,30,109,382,458,1387,3265,6251,9830,11911,3490,165,217,187,271,488,899,1413,1852,2814,3437,5095,4735,6342,5569,2834,656,175,139,107
Austria,2013,37905,145,178,33,18,29,87,331,444,1355,3378,6184,9767,12300,3722,160,171,180,264,421,934,1443,1935,2656,3528,5019,4748,6492,5808,3132,590,196,116,117
Austria,2014,37386,132,159,27,18,24,102,300,424,1312,3313,6084,9749,12006,3777,144,156,199,225,458,854,1394,1919,2551,3533,5031,4718,6109,5897,3196,581,177,126,119
Austria,2015,39804,145,172,27,18,26,92,316,473,1226,3378,6263,10603,12893,4228,168,148,196,277,421,805,1418,1960,2595,3668,4998,5605,6336,6557,3532,696,190,118,115
Austria,2016,38899,154,185,31,16,14,91,309,451,1160,3269,6297,10436,12180,4393,150,159,213,238,379,781,1278,1991,2577,3720,4509,5927,5845,6335,3562,831,201,105,99
Austria,2017,39828,136,173,37,15,22,87,312,445,1091,3329,6065,10838,12596,4767,134,178,184,261,373,718,1300,2029,2551,3514,4554,6284,5885,6711,3792,975,188,109,89
Austria,2018,40793,131,155,24,18,21,85,320,447,1094,3388,6206,11251,12521,5204,153,167,199,248,383,711,1260,2128,2654,3552,4598,6653,5912,6609,4096,1108,173,106,89
Austria,2019,40780,147,182,35,20,24,88,300,493,1054,3149,6069,11025,12755,5528,135,165,225,268,364,690,1183,1966,2623,3446,4450,6575,6195,6560,4323,1205,202,112,95
Austria,2020,44901,142,176,34,20,23,75,243,454,961,3319,6523,11462,15433,6091,115,128,205,249,377,584,1192,2127,2924,3599,4998,6464,8226,7207,4773,1318,196,98,115
Austria,2021,45140,140,173,33,20,18,85,311,537,959,3386,7018,10534,15871,6095,153,158,225,312,372,587,1192,2194,3229,3789,5065,5469,9115,6756,4750,1345,193,103,135
Azerbaijan,1950,28234,7962,9849,1887,452,579,833,1447,902,1390,2340,3235,4580,2434,190,891,556,405,497,644,746,1019,1321,1529,1706,2193,2387,1685,749,175,15,10301,1412,0
Azerbaijan,1951,28753,8362,10506,2144,427,545,855,1549,899,1401,2321,3190,4398,2451,208,933,616,418,481,650,751,1004,1317,1526,1664,2060,2338,1681,770,190,18,10933,1400,0
Azerbaijan,1952,29043,8650,10972,2322,430,495,872,1639,907,1409,2295,3152,4201,2447,222,963,676,442,465,650,759,987,1308,1525,1627,1948,2253,1666,781,202,20,11402,1367,1
Azerbaijan,1953,29900,8985,11426,2441,548,454,908,1766,956,1451,2334,3205,4116,2495,242,1013,753,491,465,660,791,1003,1331,1564,1641,1912,2204,1690,805,218,24,11974,1362,1
Azerbaijan,1954,30164,9356,11890,2534,537,398,910,1833,1003,1452,2314,3180,3929,2469,250,1027,806,543,460,647,805,998,1316,1562,1618,1840,2089,1666,803,224,26,12427,1308,1
Azerbaijan,1955,30761,9758,12373,2615,626,345,903,1924,1078,1465,2324,3206,3793,2465,259,1060,864,611,467,636,829,1011,1313,1579,1627,1805,1988,1659,806,229,30,12999,1248,1
Azerbaijan,1956,31167,10183,12881,2698,709,307,849,1995,1159,1454,2310,3198,3626,2418,260,1090,905,678,481,616,838,1017,1293,1573,1625,1760,1866,1622,796,227,33,13590,1156,1
Azerbaijan,1957,31717,10606,13396,2790,755,301,781,2073,1266,1447,2327,3221,3524,2366,260,1127,946,751,515,603,844,1039,1288,1578,1643,1742,1782,1574,792,227,33,14151,1082,2
Azerbaijan,1958,32228,11013,13899,2886,801,317,706,2122,1384,1434,2347,3230,3440,2288,258,1148,974,822,562,592,842,1063,1284,1574,1656,1726,1714,1504,784,224,34,14700,1023,2
Azerbaijan,1959,32707,11368,14350,2982,786,360,627,2156,1516,1422,2387,3246,3391,2214,253,1156,1000,890,626,590,832,1095,1292,1573,1673,1723,1668,1435,779,219,34,15136,987,2
Azerbaijan,1960,32974,11657,14727,3070,834,408,537,2137,1636,1400,2398,3213,3324,2110,246,1121,1016,942,694,592,808,1109,1289,1547,1666,1709,1615,1345,765,214,32,15561,945,2
Azerbaijan,1961,33003,11841,14986,3145,851,453,471,2074,1739,1380,2398,3156,3259,1993,238,1038,1036,976,763,602,778,1111,1287,1510,1646,1697,1562,1251,742,208,30,15837,924,2
Azerbaijan,1962,33122,11851,15051,3200,874,489,450,2017,1861,1399,2425,3147,3260,1910,236,949,1068,1017,844,641,758,1116,1309,1500,1647,1713,1547,1194,716,206,30,15925,939,2
Azerbaijan,1963,32912,11733,14956,3223,895,505,463,1919,1948,1424,2422,3104,3231,1816,231,844,1075,1036,912,689,735,1099,1323,1479,1625,1711,1520,1139,677,202,29,15851,968,2
Azerbaijan,1964,32713,11446,14655,3209,913,519,522,1816,2041,1492,2437,3095,3243,1754,228,740,1076,1058,983,765,727,1081,1356,1480,1615,1724,1519,1109,645,202,26,15568,1041,1
Azerbaijan,1965,32170,11003,14159,3156,941,531,595,1665,2103,1568,2414,3059,3225,1681,226,628,1037,1070,1033,844,724,1045,1369,1474,1585,1715,1510,1075,606,201,25,15100,1126,1
Azerbaijan,1966,31861,10540,13603,3063,956,551,675,1544,2204,1695,2418,3080,3265,1645,222,564,980,1111,1093,944,751,1023,1395,1500,1580,1730,1535,1068,577,198,24,14559,1226,1
Azerbaijan,1967,31176,9931,12871,2940,970,562,725,1433,2259,1827,2380,3074,3264,1597,211,548,885,1132,1127,1036,791,989,1391,1515,1559,1718,1546,1051,546,189,22,13841,1287,0
Azerbaijan,1968,30670,9427,12220,2793,961,579,757,1370,2306,1985,2344,3094,3275,1576,200,580,790,1147,1159,1128,857,964,1380,1545,1549,1712,1563,1049,527,179,21,13181,1336,0
Azerbaijan,1969,30093,9019,11654,2635,957,590,768,1333,2296,2136,2278,3096,3243,1553,187,652,681,1132,1164,1200,936,939,1339,1562,1534,1684,1559,1043,510,167,20,12611,1358,0
Azerbaijan,1970,29583,8681,11176,2495,922,598,783,1306,2261,2289,2224,3097,3203,1543,178,733,573,1088,1173,1257,1032,933,1291,1573,1524,1650,1553,1045,498,157,21,12098,1381,0
Azerbaijan,1971,29311,8411,10786,2375,891,608,804,1321,2215,2454,2204,3122,3184,1556,166,815,506,1014,1201,1314,1140,956,1248,1587,1535,1630,1554,1062,494,147,19,11677,1412,0
Azerbaijan,1972,28815,8168,10446,2278,841,608,808,1341,2107,2569,2180,3088,3117,1552,155,859,482,901,1206,1336,1233,992,1188,1557,1531,1589,1528,1064,488,139,16,11287,1416,0
Azerbaijan,1973,28539,7980,10183,2203,793,604,822,1387,1996,2681,2208,3069,3080,1562,151,883,504,792,1204,1354,1327,1063,1145,1526,1543,1567,1513,1075,487,136,15,10976,1426,0
Azerbaijan,1974,28872,7923,10066,2143,766,611,856,1498,1912,2837,2330,3115,3118,1612,151,918,580,695,1217,1393,1444,1187,1143,1517,1598,1591,1527,1107,505,137,14,10832,1467,0
Azerbaijan,1975,28889,7904,10006,2102,724,599,870,1595,1759,2926,2450,3083,3099,1631,151,939,656,584,1175,1407,1519,1312,1138,1465,1618,1590,1509,1114,517,138,13,10730,1469,0
Azerbaijan,1976,29277,7889,9970,2081,705,587,898,1716,1626,3063,2655,3086,3139,1675,154,974,742,518,1108,1458,1605,1473,1182,1435,1651,1625,1514,1136,539,141,13,10675,1485,0
Azerbaijan,1977,30203,7912,9947,2035,684,547,910,1732,1516,3208,2843,3220,3480,1953,160,964,768,501,1015,1499,1709,1620,1223,1440,1780,1749,1731,1337,616,146,14,10631,1457,0
Azerbaijan,1978,31538,7953,9961,2008,647,515,925,1760,1459,3362,3152,3368,3905,2318,171,990,770,548,911,1558,1804,1844,1308,1428,1940,1924,1981,1576,742,153,18,10608,1440,0
Azerbaijan,1979,32848,8121,10111,1990,632,477,901,1771,1395,3412,3499,3420,4302,2751,180,1026,745,625,770,1578,1834,2092,1407,1372,2048,2127,2175,1847,904,160,20,10743,1378,0
Azerbaijan,1980,33013,8378,10408,2030,607,454,854,1825,1306,3336,3806,3235,4200,2813,168,1063,762,671,635,1522,1814,2234,1572,1314,1921,2170,2030,1825,988,157,11,11015,1308,0
Azerbaijan,1981,33302,8641,10716,2075,610,432,810,1871,1259,3255,4102,3090,4137,2842,177,1089,782,708,551,1421,1834,2320,1782,1311,1779,2207,1930,1816,1026,168,9,11326,1242,0
Azerbaijan,1982,33757,8898,11024,2126,598,419,774,1918,1261,3162,4415,3013,4158,2808,204,1102,816,729,532,1279,1883,2373,2042,1368,1645,2245,1913,1781,1027,197,7,11622,1193,0
Azerbaijan,1983,33547,9044,11179,2135,582,399,722,1913,1275,2942,4603,2921,4107,2657,248,1070,843,718,557,1070,1872,2329,2274,1434,1487,2197,1910,1674,983,241,7,11761,1121,0
Azerbaijan,1984,33992,9182,11323,2141,585,389,695,1943,1355,2773,4887,3000,4153,2585,297,1045,898,729,626,889,1884,2328,2559,1596,1404,2157,1996,1608,977,290,7,11908,1084,0
Azerbaijan,1985,34363,9267,11418,2151,587,383,671,1957,1450,2582,5119,3185,4141,2535,335,1007,950,758,692,734,1848,2342,2777,1821,1364,2062,2079,1537,998,326,9,12005,1054,0
Azerbaijan,1986,34926,9280,11453,2173,601,381,655,1976,1555,2406,5377,3517,4117,2530,355,977,999,802,753,643,1763,2425,2952,2122,1395,1951,2166,1508,1022,343,12,12054,1036,0
Azerbaijan,1987,35411,9405,11592,2187,627,379,638,1958,1632,2219,5546,3920,4029,2513,359,938,1020,846,786,625,1594,2507,3039,2454,1466,1813,2216,1509,1004,340,19,12219,1017,0
Azerbaijan,1988,35862,9429,11636,2207,639,378,627,1929,1712,2053,5662,4419,3923,2524,365,903,1026,907,805,679,1374,2580,3082,2828,1591,1688,2235,1557,967,335,30,12275,1005,0
Azerbaijan,1989,36361,9218,11448,2230,660,384,622,1911,1823,1938,5752,5017,3826,2587,393,888,1023,989,834,787,1151,2631,3121,3220,1797,1610,2216,1646,941,348,45,12108,1006,0
Azerbaijan,1990,37375,8899,11139,2240,685,410,638,1921,2000,1884,5969,5781,3810,2702,437,894,1027,1097,903,907,977,2690,3279,3646,2135,1622,2188,1768,934,379,58,11824,1048,0
Azerbaijan,1991,38719,8718,10938,2220,709,430,679,2085,2279,1921,6138,6517,3792,2790,441,977,1108,1259,1020,1042,879,2645,3493,3964,2553,1693,2099,1869,921,387,54,11647,1109,0
Azerbaijan,1992,41755,8555,10853,2298,785,488,818,2639,2858,2165,6439,7462,3907,2916,425,1250,1389,1587,1271,1232,933,2572,3867,4330,3132,1874,2033,1975,941,377,48,11638,1306,1
Azerbaijan,1993,41852,8187,10339,2152,773,488,820,2643,3035,2310,6212,8017,3910,2911,389,1263,1380,1641,1394,1280,1030,2220,3992,4399,3618,2034,1876,1962,949,344,45,11112,1308,1
Azerbaijan,1994,41044,7847,9954,2107,775,505,774,2268,2893,2436,5801,8434,4005,2847,349,1090,1178,1472,1421,1271,1165,1807,3994,4382,4052,2256,1749,1881,966,309,40,10729,1279,1
Azerbaijan,1995,39303,7480,9453,1973,739,489,682,1780,2558,2522,5244,8557,4201,2742,331,860,920,1206,1352,1254,1268,1454,3790,4306,4251,2535,1666,1755,987,284,47,10192,1171,1
Azerbaijan,1996,38262,6956,8802,1846,681,476,666,1678,2482,2666,4751,8651,4500,2591,319,815,863,1117,1365,1296,1370,1256,3495,4310,4341,2835,1665,1588,1003,269,50,9483,1142,1
Azerbaijan,1997,38031,6400,8089,1689,640,467,697,1785,2558,2864,4384,8828,4944,2453,311,873,912,1128,1430,1398,1466,1239,3145,4402,4426,3183,1761,1435,1018,264,47,8729,1164,1
Azerbaijan,1998,37007,5860,7366,1506,588,451,686,1713,2445,2952,4016,8789,5392,2294,308,847,866,1056,1389,1462,1490,1335,2681,4388,4401,3490,1902,1289,1005,264,44,7954,1137,2
Azerbaijan,1999,36181,5353,6667,1314,544,442,655,1522,2235,3021,3802,8792,5981,2196,319,763,759,946,1289,1507,1514,1525,2277,4375,4417,3841,2140,1222,974,278,41,7211,1097,2
Azerbaijan,2000,35364,4929,6085,1156,510,431,653,1487,2133,3098,3548,8533,6453,2091,335,759,728,904,1229,1551,1547,1666,1882,4191,4342,4128,2325,1195,896,294,41,6595,1084,3
Azerbaijan,2001,34943,4521,5539,1018,457,417,654,1480,2054,3195,3449,8322,6944,2061,366,766,714,878,1176,1595,1600,1807,1642,3935,4387,4382,2562,1244,817,317,49,5996,1071,6
Azerbaijan,2002,34038,4196,5094,898,423,392,639,1451,1937,3214,3401,7847,7232,2019,377,757,694,835,1102,1580,1634,1853,1548,3470,4377,4444,2788,1296,723,324,53,5517,1031,8
Azerbaijan,2003,34062,3995,4792,797,377,378,639,1469,1880,3313,3569,7480,7685,2083,389,772,697,817,1063,1582,1731,1904,1665,3022,4458,4542,3143,1415,668,332,57,5169,1017,9
Azerbaijan,2004,33751,3891,4610,719,347,357,625,1468,1798,3333,3763,6913,7965,2177,384,773,695,783,1015,1532,1801,1915,1848,2518,4395,4494,3471,1544,633,322,62,4957,982,10
Azerbaijan,2005,34592,3795,4456,661,313,346,634,1546,1806,3446,4137,6546,8496,2489,369,816,730,791,1015,1523,1923,2035,2102,2183,4363,4604,3892,1819,670,306,63,4769,980,8
Azerbaijan,2006,34604,3748,4369,621,293,326,612,1532,1744,3411,4370,6030,8767,2797,340,803,729,766,978,1447,1964,2101,2269,1947,4083,4646,4121,2065,732,278,62,4662,938,7
Azerbaijan,2007,35065,3714,4311,597,265,311,597,1563,1732,3409,4622,5670,9079,3184,318,811,752,769,963,1402,2007,2216,2406,1945,3725,4768,4311,2346,838,254,64,4576,908,6
Azerbaijan,2008,35316,3671,4250,579,246,290,601,1724,1794,3387,4788,5300,9093,3546,294,886,838,819,975,1375,2012,2325,2463,2078,3222,4758,4335,2587,959,231,63,4496,891,5
Azerbaijan,2009,35953,3582,4139,557,229,278,559,1606,1732,3338,5081,5246,9382,4056,296,813,793,799,933,1335,2003,2494,2587,2392,2854,4877,4505,2913,1143,234,62,4368,837,5
Azerbaijan,2010,36473,3437,3969,532,226,259,542,1620,1753,3304,5386,5170,9493,4436,314,811,809,827,926,1321,1983,2652,2734,2656,2514,4861,4632,3155,1281,255,59,4195,801,5
Azerbaijan,2011,36690,3317,3817,500,218,240,519,1606,1765,3227,5631,5187,9388,4745,341,794,812,847,918,1299,1928,2761,2870,2885,2302,4651,4737,3355,1390,287,54,4035,759,5
Azerbaijan,2012,37041,3163,3632,469,220,222,522,1742,1874,3196,5864,5329,9085,4973,373,852,890,920,954,1305,1891,2839,3025,3056,2273,4256,4829,3489,1484,326,47,3852,744,5
Azerbaijan,2013,36698,2969,3407,438,214,209,464,1543,1798,3051,6032,5617,8728,5203,427,738,805,878,920,1245,1806,2837,3195,3182,2435,3783,4945,3602,1601,382,45,3621,673,5
Azerbaijan,2014,36728,2743,3149,406,203,198,456,1660,1911,3012,6172,5953,8185,5346,479,785,875,943,968,1238,1774,2807,3365,3262,2691,3248,4937,3639,1707,432,47,3352,654,6
Azerbaijan,2015,36997,2472,2848,376,198,193,427,1631,1956,2981,6359,6455,7792,5617,533,762,869,957,999,1227,1754,2779,3580,3454,3001,2868,4924,3760,1857,482,51,3046,620,5
Azerbaijan,2016,37000,2166,2507,341,194,189,396,1588,1992,2948,6451,6929,7366,5857,579,731,857,965,1027,1219,1729,2710,3741,3645,3284,2644,4722,3872,1985,521,58,2701,585,5
Azerbaijan,2017,36240,1762,2066,304,184,185,364,1504,1985,2868,6360,7248,6871,5982,619,685,819,951,1034,1197,1671,2587,3773,3794,3454,2593,4278,3930,2052,553,66,2250,549,4
Azerbaijan,2018,35236,1585,1851,266,172,181,315,1271,1855,2730,6155,7497,6474,6060,666,568,703,867,988,1151,1579,2444,3711,3948,3549,2738,3736,3970,2090,591,75,2023,496,4
Azerbaijan,2019,34846,1533,1762,229,160,174,293,1179,1828,2670,5966,7752,6235,6098,727,518,661,845,983,1152,1518,2344,3622,4122,3630,3029,3206,3970,2128,640,87,1922,467,4
Azerbaijan,2020,61078,1345,1582,237,170,204,579,3117,3966,5244,12146,15793,9602,7772,895,1355,1762,1944,2022,2272,2972,4777,7369,8612,7181,5508,4094,5140,2632,791,104,1752,783,5
Azerbaijan,2021,54551,1211,1395,184,142,169,258,1077,2250,4381,11155,15891,9463,7426,938,434,643,952,1298,1821,2560,4366,6789,8643,7248,5787,3676,4764,2662,826,112,1537,427,5
Bahamas,1950,479,93,114,21,8,5,8,29,45,43,44,57,70,50,7,14,15,20,25,23,20,20,24,25,32,35,35,31,19,7,0,122,13,0
Bahamas,1951,468,93,114,21,8,5,7,29,44,44,43,54,68,48,7,14,15,19,25,24,20,20,23,25,29,33,35,30,18,7,0,122,12,0
Bahamas,1952,459,92,114,22,7,5,7,28,42,45,42,55,62,44,6,13,15,17,25,25,20,20,22,26,29,30,32,28,16,6,0,121,12,0
Bahamas,1953,458,92,114,22,7,5,7,28,41,47,41,56,60,44,6,13,15,17,24,25,22,20,21,26,30,30,30,28,16,6,0,121,12,0
Bahamas,1954,458,92,115,23,8,5,8,28,40,50,44,56,60,43,6,13,15,16,24,25,25,24,20,26,30,30,30,27,16,6,0,123,13,0
Bahamas,1955,461,92,115,23,8,5,8,29,39,50,48,56,60,43,6,14,15,16,23,25,25,25,23,26,30,30,30,27,16,6,0,123,13,0
Bahamas,1956,465,94,117,23,8,5,8,29,38,50,49,56,59,40,6,14,15,15,23,25,25,25,24,25,31,29,30,25,15,6,0,125,13,0
Bahamas,1957,472,95,118,23,9,5,9,30,38,55,50,59,57,37,6,15,15,16,22,29,26,25,25,26,33,27,30,23,14,6,0,127,14,0
Bahamas,1958,481,96,119,23,9,5,10,30,39,59,56,60,52,36,6,15,15,17,22,29,30,30,26,26,34,27,25,23,13,6,0,128,15,0
Bahamas,1959,489,98,121,23,9,5,10,32,41,59,58,60,54,35,6,15,17,20,21,29,30,30,28,26,34,29,25,22,13,6,0,130,15,0
Bahamas,1960,499,100,123,23,9,5,10,34,41,58,59,60,54,32,6,15,19,20,21,28,30,30,29,26,34,29,25,20,12,6,0,132,15,0
Bahamas,1961,510,102,125,23,10,5,11,39,43,63,67,60,55,30,6,19,20,20,23,28,35,35,32,26,34,31,24,19,11,6,0,135,16,0
Bahamas,1962,525,103,126,23,10,5,11,40,48,63,68,64,55,28,5,20,20,23,25,28,35,35,33,30,34,32,23,18,10,5,0,136,16,0
Bahamas,1963,538,103,127,24,11,5,11,40,50,64,76,65,55,27,5,20,20,25,25,28,36,40,36,30,35,33,22,17,10,5,0,138,16,0
Bahamas,1964,550,103,127,24,11,5,11,46,50,65,78,67,56,23,5,21,25,25,25,28,37,40,38,32,35,33,23,15,8,5,0,138,16,0
Bahamas,1965,564,103,126,23,10,5,12,47,55,66,84,70,60,28,5,22,25,25,30,30,36,43,41,35,35,34,26,18,10,5,0,136,17,0
Bahamas,1966,580,102,127,25,11,5,12,47,57,65,86,71,61,31,5,22,25,27,30,30,35,43,43,36,35,33,28,19,12,5,0,138,17,0
Bahamas,1967,597,102,126,24,11,6,12,46,58,65,88,79,63,36,5,21,25,28,30,30,35,44,44,40,39,33,30,22,14,5,0,137,18,0
Bahamas,1968,612,100,123,23,11,6,13,48,60,64,92,81,63,41,6,21,27,30,30,30,34,44,48,41,40,33,30,25,16,6,0,134,19,0
Bahamas,1969,632,97,120,23,11,7,13,49,63,65,93,88,64,48,9,21,28,30,33,30,35,44,49,44,44,34,30,27,21,9,0,131,20,0
Bahamas,1970,650,94,116,22,12,7,13,49,65,69,95,92,66,52,12,21,28,30,35,34,35,45,50,46,46,36,30,29,23,11,1,128,20,0
Bahamas,1971,663,92,114,22,12,8,15,48,69,70,96,99,69,52,13,21,27,34,35,35,35,46,50,50,49,39,30,29,23,11,2,126,23,0
Bahamas,1972,672,91,110,19,12,10,16,48,70,70,96,101,72,49,13,21,27,35,35,35,35,45,51,51,50,41,31,27,22,11,2,122,26,0
Bahamas,1973,686,88,107,19,12,10,18,52,74,75,100,108,77,49,13,25,27,34,40,40,35,45,55,55,53,44,33,28,21,11,2,119,28,0
Bahamas,1974,682,84,102,18,12,10,17,51,74,76,98,110,79,45,13,25,26,34,40,40,36,44,54,55,55,45,34,27,18,11,2,114,27,0
Bahamas,1975,690,80,98,18,11,10,17,51,74,79,97,115,84,45,12,25,26,34,40,40,39,43,54,57,58,48,36,27,18,10,2,109,27,0
Bahamas,1976,678,79,97,18,11,10,17,51,72,80,94,115,83,44,11,26,25,32,40,40,40,41,53,56,59,47,36,27,17,9,2,108,27,0
Bahamas,1977,706,80,96,16,10,10,19,53,72,80,95,121,90,44,12,28,25,32,40,40,40,42,53,57,64,50,40,27,17,9,3,106,29,0
Bahamas,1978,758,78,93,15,10,10,21,62,78,90,102,135,101,47,12,32,30,34,44,45,45,46,56,63,72,56,45,29,18,9,3,103,31,0
Bahamas,1979,790,78,93,15,9,10,23,64,78,91,106,141,110,51,11,33,31,34,44,45,46,50,56,66,75,61,49,32,19,8,3,102,33,0
Bahamas,1980,805,76,91,15,9,9,24,68,80,100,106,143,116,53,11,35,33,34,46,50,50,50,56,66,77,65,51,34,19,8,3,100,33,0
Bahamas,1981,822,76,91,15,8,8,24,70,78,100,109,145,121,55,11,35,35,34,44,50,50,53,56,67,78,68,53,36,19,8,3,99,32,0
Bahamas,1982,801,75,89,14,7,7,24,70,75,98,105,138,121,56,10,35,35,34,41,49,49,51,54,63,75,68,53,37,19,8,2,96,31,0
Bahamas,1983,775,75,89,14,7,7,21,70,70,90,100,131,121,58,9,35,35,33,37,45,45,50,50,57,74,68,53,39,19,7,2,96,28,0
Bahamas,1984,802,75,89,14,7,7,20,75,73,90,103,133,128,61,10,38,37,36,37,44,46,51,52,56,77,71,57,40,21,8,2,96,27,0
Bahamas,1985,837,74,88,14,7,7,20,79,78,96,108,138,141,66,10,39,40,38,40,46,50,53,55,58,80,76,65,44,22,8,2,95,27,0
Bahamas,1986,856,75,89,14,7,7,20,81,83,94,110,136,146,73,11,41,40,43,40,44,50,54,56,56,80,77,69,48,25,9,2,96,27,0
Bahamas,1987,891,73,87,14,8,7,20,87,89,94,114,138,156,78,11,42,45,46,43,44,50,55,59,58,80,82,74,51,27,9,2,95,27,0
Bahamas,1988,892,71,84,13,8,7,20,86,93,94,115,131,159,83,11,41,45,48,45,44,50,55,60,57,74,82,77,53,30,9,2,92,27,0
Bahamas,1989,880,71,83,12,7,7,20,84,95,93,110,123,158,86,12,38,46,48,47,44,49,53,57,56,67,82,76,56,30,10,2,90,27,0
Bahamas,1990,872,71,82,11,7,7,20,84,98,90,107,118,155,88,13,36,48,49,49,44,46,51,56,55,63,79,76,58,30,11,2,89,27,0
Bahamas,1991,968,70,81,11,10,7,20,92,113,100,119,133,173,103,14,39,53,56,57,50,50,56,63,62,71,86,87,68,35,12,2,91,27,0
Bahamas,1992,896,73,85,12,7,6,18,81,105,92,112,121,152,97,14,35,46,51,54,47,45,54,58,57,64,74,78,64,33,12,2,92,24,0
Bahamas,1993,927,69,80,11,6,7,18,82,113,98,119,128,154,104,15,35,47,55,58,51,47,57,62,62,66,71,83,68,36,13,2,86,25,0
Bahamas,1994,934,61,72,11,6,7,18,80,117,102,120,132,151,108,18,35,45,58,59,53,49,58,62,64,68,67,84,70,38,15,3,78,25,0
Bahamas,1995,973,59,69,10,5,7,18,80,123,111,125,140,157,118,19,35,45,60,63,59,52,59,66,67,73,70,87,75,43,16,3,74,25,0
Bahamas,1996,1002,54,64,10,6,7,18,78,126,118,128,148,157,122,20,34,44,61,65,63,55,59,69,71,77,71,86,76,46,17,3,70,25,0
Bahamas,1997,1013,53,62,9,6,7,18,78,130,124,131,153,153,128,20,34,44,62,68,67,57,61,70,74,79,71,82,80,48,17,3,68,25,1
Bahamas,1998,1004,50,59,9,7,7,18,75,127,127,130,156,147,129,23,33,42,58,69,67,60,60,70,75,81,71,76,80,49,18,5,66,25,1
Bahamas,1999,1002,46,55,9,8,7,18,72,125,130,132,157,145,129,25,31,41,55,70,68,62,60,72,75,82,73,72,79,50,20,5,63,25,1
Bahamas,2000,1013,45,54,9,5,6,18,72,123,135,135,161,147,129,26,32,40,53,70,70,65,63,72,75,86,76,71,78,51,21,5,59,24,1
Bahamas,2001,1044,45,53,8,7,7,18,70,124,144,137,166,153,132,27,31,39,52,72,73,71,65,72,76,90,79,74,79,53,22,5,60,25,1
Bahamas,2002,1062,44,52,8,5,7,18,70,123,148,140,173,158,131,30,31,39,51,72,74,74,68,72,80,93,82,76,76,55,25,5,57,25,1
Bahamas,2003,1077,43,51,8,5,7,18,72,120,156,146,177,163,130,32,33,39,51,69,79,77,73,73,82,95,86,77,73,57,25,7,56,25,1
Bahamas,2004,1098,45,54,9,7,8,17,70,120,158,150,179,170,129,32,32,38,51,69,80,78,77,73,83,96,89,81,71,58,25,7,61,25,1
Bahamas,2005,1113,47,56,9,5,7,17,69,117,162,157,181,174,129,34,32,37,51,66,83,79,81,76,83,98,91,83,71,58,26,8,61,24,1
Bahamas,2006,1137,42,51,9,5,7,18,69,117,165,168,184,184,133,37,32,37,51,66,82,83,87,81,84,100,97,87,75,58,29,8,56,25,1
Bahamas,2007,1176,43,52,9,5,7,18,69,116,171,178,190,195,137,39,31,38,51,65,84,87,93,85,85,105,101,94,79,58,30,9,57,25,1
Bahamas,2008,1221,45,53,8,5,6,19,70,118,178,188,196,205,139,40,31,39,51,67,85,93,98,90,87,109,107,98,82,57,31,9,58,25,1
Bahamas,2009,1279,45,53,8,5,6,19,72,123,185,202,206,219,146,42,32,40,52,71,85,100,102,100,92,114,113,106,88,58,32,10,58,25,2
Bahamas,2010,1293,41,49,8,5,6,19,71,120,184,211,207,222,150,43,32,39,51,69,83,101,105,106,94,113,113,109,91,59,33,10,54,25,2
Bahamas,2011,1330,38,45,7,5,6,20,73,120,188,223,217,231,157,43,34,39,51,69,84,104,109,114,100,117,115,116,95,62,33,10,50,26,2
Bahamas,2012,1353,37,44,7,5,6,18,74,119,185,233,223,236,164,43,34,40,51,68,81,104,113,120,105,118,118,118,100,64,32,11,49,24,2
Bahamas,2013,1375,33,39,6,5,6,17,72,117,186,246,231,245,169,42,34,38,50,67,82,104,120,126,111,120,123,122,102,67,31,11,44,23,2
Bahamas,2014,1390,35,41,6,5,5,16,71,114,180,250,237,247,174,42,34,37,50,64,82,98,124,126,117,120,124,123,105,69,31,11,46,21,2
Bahamas,2015,1452,34,41,7,5,6,17,77,115,183,261,257,255,188,44,36,41,49,66,84,99,129,132,127,130,128,127,113,75,33,11,46,23,2
Bahamas,2016,1475,31,36,5,5,5,16,73,114,178,270,272,262,194,46,33,40,49,65,80,98,132,138,136,136,131,131,118,76,35,11,41,21,2
Bahamas,2017,1525,29,34,5,5,5,16,74,115,177,281,290,271,205,50,33,41,49,66,80,97,135,146,147,143,134,137,124,81,38,12,39,21,2
Bahamas,2018,1554,28,33,5,5,5,15,73,114,177,288,304,277,210,52,31,42,49,65,80,97,133,155,152,152,135,142,127,83,40,12,38,20,2
Bahamas,2019,1700,36,58,22,21,16,20,79,119,186,301,329,292,221,54,34,45,52,67,82,104,133,168,162,167,143,149,133,88,42,12,79,36,3
Bahamas,2020,1836,27,31,4,5,5,12,62,111,189,334,397,347,273,67,25,37,48,63,82,107,143,191,192,205,177,170,158,115,52,15,36,17,3
Bahamas,2021,2023,26,30,4,5,5,12,69,121,206,363,449,391,301,71,28,41,53,68,89,117,155,208,213,236,201,190,175,126,55,16,35,17,3
Bahrain,1950,1593,602,967,365,73,32,37,105,81,69,64,70,69,25,1,53,52,42,39,35,34,34,30,35,35,37,32,17,8,1,0,1040,69,0
Bahrain,1951,1629,626,987,361,76,34,38,107,83,71,66,70,72,26,2,54,53,43,40,36,35,35,31,35,35,39,33,19,7,2,0,1063,72,0
Bahrain,1952,1654,635,997,362,78,36,39,106,85,72,70,70,73,27,1,54,52,45,40,37,35,35,35,35,35,40,33,20,7,1,0,1075,75,0
Bahrain,1953,1668,643,1006,363,77,36,40,105,87,73,70,73,73,29,2,54,51,47,40,38,35,35,35,35,38,40,33,22,7,2,0,1083,76,0
Bahrain,1954,1682,649,1011,362,73,37,42,105,89,74,70,75,75,31,2,54,51,48,41,39,35,35,35,35,40,40,35,23,8,2,0,1084,79,0
Bahrain,1955,1689,651,1011,360,72,37,43,108,90,75,70,76,75,32,2,57,51,49,41,40,35,35,35,36,40,40,35,23,9,2,0,1083,80,0
Bahrain,1956,1614,625,951,326,65,36,42,101,86,74,70,79,75,33,2,54,47,45,41,39,35,35,35,39,40,40,35,24,9,2,0,1016,78,0
Bahrain,1957,1545,599,898,299,59,35,42,98,82,70,70,80,75,34,2,53,45,43,39,35,35,35,35,40,40,40,35,24,10,2,0,957,77,0
Bahrain,1958,1487,580,856,276,57,30,40,95,79,70,70,80,74,36,2,51,44,40,39,35,35,35,35,40,40,40,34,25,11,2,0,913,70,0
Bahrain,1959,1433,554,809,255,53,29,40,93,79,70,70,80,75,37,2,50,43,40,39,35,35,35,35,40,40,40,35,26,11,2,0,862,69,0
Bahrain,1960,1376,528,762,234,51,26,38,92,71,70,70,79,74,37,2,50,42,36,35,35,35,35,35,39,40,40,34,26,11,2,0,813,64,0
Bahrain,1961,1307,501,715,214,47,25,35,86,70,70,70,79,74,36,3,46,40,35,35,35,35,35,35,39,40,40,34,25,11,3,0,762,60,0
Bahrain,1962,1241,472,664,192,45,22,32,83,70,70,70,78,74,36,3,45,38,35,35,35,35,35,35,38,40,40,34,24,12,3,0,709,54,0
Bahrain,1963,1174,443,613,170,44,20,30,79,63,66,70,77,73,36,3,42,37,33,30,33,33,35,35,37,40,40,33,23,13,3,0,657,50,0
Bahrain,1964,1117,418,568,150,42,20,28,75,62,64,70,77,71,34,3,39,36,32,30,30,34,35,35,36,41,39,32,22,12,3,0,610,48,0
Bahrain,1965,1052,390,523,133,40,20,26,69,60,63,70,76,69,34,3,35,34,30,30,30,33,35,35,35,41,38,31,21,13,3,0,563,46,0
Bahrain,1966,1005,364,482,118,34,19,24,63,60,62,70,78,77,34,3,33,30,30,30,30,32,35,35,36,42,43,34,22,12,3,0,516,43,0
Bahrain,1967,957,334,439,105,32,17,23,56,50,62,71,83,82,34,3,30,26,25,25,30,32,35,36,40,43,46,36,22,12,3,0,471,40,0
Bahrain,1968,914,304,396,92,29,16,22,50,50,59,73,86,91,37,3,25,25,25,25,27,32,35,38,40,46,50,41,25,12,3,0,425,38,0
Bahrain,1969,872,278,358,80,26,15,22,45,43,56,74,90,98,39,4,25,20,20,23,25,31,35,39,44,46,52,46,27,12,4,0,384,37,0
Bahrain,1970,854,254,325,71,23,15,22,43,41,56,79,97,108,44,4,23,20,20,21,25,31,38,41,47,50,55,53,32,12,4,0,348,37,0
Bahrain,1971,824,231,293,62,21,15,20,38,37,54,79,101,114,47,4,21,17,17,20,24,30,38,41,48,53,56,58,36,11,4,0,314,35,0
Bahrain,1972,815,215,270,55,20,15,22,41,36,53,81,103,117,52,4,23,18,16,20,23,30,38,43,48,55,58,59,40,12,4,0,290,37,0
Bahrain,1973,804,203,251,48,18,13,23,44,35,53,82,103,118,58,4,25,19,15,20,23,30,38,44,48,55,59,59,44,14,4,0,269,36,0
Bahrain,1974,798,193,237,44,17,12,24,48,36,52,82,105,119,61,4,28,20,16,20,23,29,38,44,49,56,60,59,45,16,4,0,254,36,0
Bahrain,1975,800,183,226,43,14,12,25,51,40,53,84,108,119,66,4,29,22,20,20,23,30,38,46,51,57,60,59,48,18,4,0,240,37,0
Bahrain,1976,795,175,214,39,13,11,25,53,40,54,85,107,119,69,4,30,23,20,20,24,30,38,47,50,57,60,59,48,21,4,0,227,36,0
Bahrain,1977,793,168,204,36,13,11,24,56,40,54,85,107,119,71,5,31,25,20,20,24,30,38,47,51,56,60,59,48,23,5,0,217,35,0
Bahrain,1978,808,161,196,35,13,11,24,63,43,58,88,111,122,74,5,35,28,22,21,26,32,40,48,55,56,62,60,49,25,5,0,209,35,0
Bahrain,1979,802,155,188,33,13,9,22,63,46,58,88,109,122,78,5,34,29,24,22,26,32,40,48,54,55,62,60,50,28,5,0,201,31,0
Bahrain,1980,814,150,180,30,13,8,21,66,51,61,94,114,122,81,7,34,32,26,25,27,34,43,51,57,57,62,60,51,30,7,0,193,29,0
Bahrain,1981,812,145,175,30,12,7,19,63,53,63,95,116,120,82,8,30,33,28,25,28,35,43,52,57,59,61,59,52,30,8,0,187,26,0
Bahrain,1982,829,142,169,27,12,8,20,66,57,67,99,120,121,82,9,31,35,30,27,30,37,45,54,60,60,61,60,52,30,9,0,181,28,0
Bahrain,1983,846,140,166,26,12,9,20,66,61,67,102,128,124,82,10,31,35,31,30,30,37,46,56,63,65,62,62,52,30,10,0,178,29,0
Bahrain,1984,843,139,165,26,11,8,20,59,60,66,102,128,129,82,12,29,30,30,30,30,36,46,56,63,65,65,64,52,30,11,1,176,28,0
Bahrain,1985,868,141,167,26,11,8,20,64,64,67,104,135,131,87,13,30,34,34,30,30,37,46,58,65,70,66,65,53,34,12,1,178,28,0
Bahrain,1986,885,141,167,26,10,8,20,64,68,67,106,137,136,90,13,30,34,35,33,30,37,47,59,67,70,70,66,55,35,12,1,177,28,0
Bahrain,1987,905,141,167,26,10,8,18,64,70,69,107,144,140,91,14,30,34,35,35,32,37,47,60,69,75,71,69,56,35,12,2,177,26,0
Bahrain,1988,924,141,168,27,10,8,18,64,70,73,108,146,143,93,14,29,35,35,35,35,38,47,61,71,75,74,69,58,35,12,2,178,26,0
Bahrain,1989,948,144,172,28,11,8,18,64,80,75,109,152,149,96,14,29,35,40,40,37,38,48,61,73,79,77,72,61,35,12,2,183,26,0
Bahrain,1990,968,143,172,29,12,8,16,64,84,81,110,154,153,98,15,28,36,40,44,40,41,49,61,74,80,80,73,63,35,13,2,184,24,0
Bahrain,1991,972,140,169,29,13,8,16,61,87,84,109,156,156,101,16,27,34,42,45,43,41,49,60,75,81,83,73,64,37,14,2,182,24,0
Bahrain,1992,1004,138,165,27,12,10,18,60,87,90,114,164,162,103,16,27,33,42,45,45,45,51,63,78,86,87,75,64,39,14,2,177,28,0
Bahrain,1993,999,132,157,25,12,10,19,56,83,90,112,164,170,105,17,25,31,38,45,45,45,50,62,77,87,90,80,64,41,15,2,169,29,0
Bahrain,1994,1038,122,147,25,12,10,21,58,89,100,119,175,180,109,18,27,31,40,49,50,50,54,65,80,95,95,85,66,43,15,3,159,31,0
Bahrain,1995,1061,113,136,23,11,10,23,61,90,110,125,180,190,112,19,30,31,39,51,55,55,57,68,81,99,100,90,68,44,16,3,147,33,0
Bahrain,1996,1068,103,123,20,11,9,23,61,90,117,126,182,195,114,19,30,31,39,51,58,59,57,69,81,101,101,94,70,44,16,3,134,32,0
Bahrain,1997,1114,96,115,19,10,8,24,68,95,129,132,188,207,117,19,34,34,41,54,64,65,61,71,83,105,106,101,72,45,16,3,125,32,0
Bahrain,1998,1166,90,108,18,10,8,25,71,101,144,144,192,219,124,20,35,36,43,58,70,74,68,76,85,107,113,106,78,46,17,3,118,33,0
Bahrain,1999,1160,87,105,18,8,8,23,70,96,145,144,188,222,129,23,35,35,41,55,70,75,69,75,85,103,116,106,82,47,20,3,113,31,0
Bahrain,2000,1165,83,98,15,8,7,22,69,95,146,147,185,229,135,23,34,35,41,54,69,77,73,74,85,100,121,108,87,48,20,3,106,29,0
Bahrain,2001,1146,79,94,15,8,7,20,66,88,142,145,179,232,142,24,31,35,38,50,66,76,73,72,84,95,122,110,92,50,20,4,102,27,0
Bahrain,2002,1177,79,94,15,7,7,19,66,91,151,152,178,237,148,24,31,35,41,50,69,82,79,73,85,93,123,114,96,52,20,4,101,26,0
Bahrain,2003,1179,80,94,14,7,7,18,61,88,151,155,175,238,157,24,27,34,39,49,68,83,82,73,84,91,120,118,100,57,20,4,101,25,0
Bahrain,2004,1224,81,95,14,7,7,20,66,92,157,168,179,242,165,26,30,36,42,50,70,87,90,78,85,94,114,128,103,62,21,5,102,27,0
Bahrain,2005,1273,83,97,14,6,7,21,73,95,163,185,181,243,173,27,35,38,43,52,70,93,99,86,85,96,110,133,105,68,22,5,103,28,0
Bahrain,2006,1334,81,95,14,6,7,21,84,101,169,205,187,244,182,31,41,43,46,55,70,99,110,95,86,101,109,135,110,72,26,5,101,28,1
Bahrain,2007,1360,79,93,14,6,6,20,86,103,170,225,189,242,189,32,41,45,47,56,71,99,118,107,87,102,108,134,114,75,27,5,99,26,1
Bahrain,2008,1363,77,91,14,6,6,17,86,100,163,238,189,237,196,33,38,48,46,54,68,95,121,117,89,100,109,128,117,79,28,5,97,23,1
Bahrain,2009,1377,75,89,14,6,6,16,81,100,161,251,193,232,202,37,33,48,46,54,68,93,124,127,96,97,110,122,122,80,31,6,95,22,1
Bahrain,2010,1404,73,87,14,6,6,14,76,104,162,266,200,233,209,41,29,47,50,54,70,92,128,138,106,94,114,119,124,85,35,6,93,20,1
Bahrain,2011,1437,72,86,14,6,6,14,78,105,163,273,209,235,215,43,28,50,50,55,71,92,129,144,115,94,116,119,126,89,36,7,92,20,1
Bahrain,2012,1443,69,83,14,5,5,14,72,100,158,275,221,240,223,48,27,45,48,52,68,90,128,147,125,96,120,120,129,94,40,8,88,19,1
Bahrain,2013,1488,70,83,13,5,5,14,71,106,161,279,239,244,229,50,26,45,53,53,70,91,126,153,136,103,121,123,129,100,42,8,88,19,1
Bahrain,2014,1636,72,86,14,5,5,13,71,107,165,303,292,293,243,55,26,45,53,54,70,95,131,172,162,130,140,153,137,106,45,10,91,18,1
Bahrain,2015,1774,73,87,14,6,5,14,69,104,163,319,346,339,264,58,25,44,51,53,67,96,132,187,187,159,158,181,152,112,47,11,93,19,1
Bahrain,2016,1808,71,85,14,6,5,14,70,111,167,317,360,336,277,62,26,44,55,56,70,97,132,185,192,168,155,181,161,116,51,11,91,19,1
Bahrain,2017,1830,69,83,14,6,5,14,71,117,171,313,367,331,289,64,26,45,57,60,72,99,133,180,192,175,154,177,170,119,53,11,89,19,1
Bahrain,2018,1829,67,81,14,6,5,13,67,117,172,309,369,322,294,70,25,42,56,61,72,100,133,176,191,178,152,170,174,120,57,13,87,18,1
Bahrain,2019,1838,63,77,14,6,5,13,61,119,173,310,379,317,305,75,23,38,55,64,73,100,135,175,194,185,156,161,176,129,61,14,83,18,1
Bahrain,2020,2035,58,71,13,6,5,12,46,114,184,330,433,379,367,87,17,29,49,65,78,106,144,186,219,214,193,186,204,163,71,16,77,17,2
Bahrain,2021,2203,52,63,11,5,5,10,37,124,200,361,488,423,393,89,13,24,50,74,84,116,157,204,245,243,225,198,214,179,73,16,68,15,2
Bangladesh,1950,558157,208502,328589,120087,21863,8991,8020,15615,15818,19781,27377,38365,55515,17680,542,8215,7400,8518,7300,8490,11291,12592,14785,17492,20873,27842,27673,13831,3849,513,29,350452,17011,0
Bangladesh,1951,553772,210609,325976,115367,22367,9063,8111,15780,16004,20033,27612,37284,52686,18415,437,8318,7462,8628,7376,8556,11477,12777,14835,17378,19906,26113,26573,14408,4007,423,14,348343,17174,1
Bangladesh,1952,547640,210970,324028,113058,20769,9095,8181,15942,16188,20217,27791,36458,49570,18975,423,8427,7515,8725,7463,8602,11615,12990,14801,17403,19055,24332,25238,14982,3993,406,17,344797,17276,0
Bangladesh,1953,551180,211720,324259,112539,25413,9214,8337,16295,16563,20539,28126,36034,46601,19352,447,8634,7661,8905,7658,8732,11807,13306,14820,17590,18444,22721,23880,15348,4004,431,16,349672,17551,0
Bangladesh,1954,539949,212236,323553,111317,20423,9003,8125,15858,16143,20119,27882,35276,43639,19442,489,8441,7417,8675,7468,8497,11622,13288,14594,17483,17793,21195,22444,15283,4159,476,13,343976,17128,0
Bangladesh,1955,537462,213233,324202,110969,19787,9000,8134,15911,16198,20140,28061,34975,41181,19332,538,8475,7436,8683,7515,8502,11638,13432,14629,17504,17471,20061,21120,14920,4412,529,9,343989,17134,0
Bangladesh,1956,538771,214237,325477,111240,19807,9146,8300,16316,16589,20501,28596,35124,39174,19165,577,8675,7641,8864,7725,8691,11810,13707,14889,17643,17481,19243,19931,14457,4708,567,10,345284,17446,0
Bangladesh,1957,532589,214567,324278,109711,19335,8877,8029,15798,16039,20025,28488,34879,37273,18970,595,8411,7387,8569,7470,8465,11560,13596,14892,17424,17455,18492,18781,13966,5004,581,14,343613,16906,0
Bangladesh,1958,536268,216195,326201,110006,19821,8986,8211,16256,16437,20456,29192,35411,35936,18735,623,8627,7629,8758,7679,8707,11749,13864,15328,17574,17837,18111,17825,13501,5234,605,18,346022,17197,0
Bangladesh,1959,537165,217834,327446,109612,19208,8917,8265,16421,16571,20664,29696,35913,34992,18382,688,8697,7724,8819,7752,8831,11833,14020,15676,17736,18177,17921,17071,13034,5348,666,22,346654,17182,0
Bangladesh,1960,548564,222864,334485,111621,20867,9155,8572,16839,16908,21140,30463,36722,34670,17981,767,8924,7915,8995,7913,9068,12072,14313,16150,18121,18601,18045,16625,12616,5365,743,24,355352,17727,0
Bangladesh,1961,545133,223670,333922,110252,20821,8826,8380,16408,16512,20820,30337,36773,34128,17365,838,8701,7707,8816,7696,8906,11914,14164,16173,18181,18592,18055,16073,12071,5294,815,23,354743,17206,0
Bangladesh,1962,538337,224949,334109,109160,19684,8006,7943,15906,16074,20318,29670,36150,33202,16391,883,8408,7498,8618,7456,8673,11645,13789,15881,17980,18170,17889,15313,11291,5100,863,20,353793,15949,0
Bangladesh,1963,547338,227747,340681,112934,21731,8728,8200,16036,16175,20415,29625,36189,32953,15674,926,8487,7549,8689,7486,8723,11692,13728,15897,18157,18032,18057,14896,10710,4964,907,19,362412,16928,0
Bangladesh,1964,540901,226940,337808,110868,19623,7821,7697,15827,16090,20348,29547,36488,33309,15370,980,8335,7492,8679,7411,8653,11695,13653,15894,18398,18090,18423,14886,10444,4926,956,24,357431,15518,0
Bangladesh,1965,568269,232026,349832,117806,24291,10166,8536,16830,17004,21429,30852,38216,34672,15409,1033,8918,7912,9150,7854,9133,12296,14257,16595,19340,18876,19275,15397,10470,4939,1001,32,374123,18702,0
Bangladesh,1966,549626,230474,342368,111894,19676,8094,7374,16021,16417,20762,30110,37896,34763,15086,1058,8422,7599,8864,7553,8776,11986,13908,16202,19135,18761,19241,15522,10260,4826,1020,38,362044,15468,0
Bangladesh,1967,560184,234798,347685,112887,20294,8264,7314,16243,16768,21179,30772,39168,36125,15254,1112,8525,7718,9043,7725,8923,12256,14244,16528,19699,19469,19815,16310,10412,4842,1067,45,367979,15578,0
Bangladesh,1968,571001,240006,354866,114860,20969,8383,7272,16303,17014,21412,31144,40038,37120,15336,1146,8519,7784,9155,7859,9004,12408,14464,16680,20019,20019,20126,16994,10526,4810,1095,51,375835,15655,0
Bangladesh,1969,586197,245970,363529,117559,21010,8658,7432,16598,17548,22015,32068,41560,38784,15811,1178,8610,7988,9423,8125,9254,12761,14942,17126,20656,20904,20836,17948,10932,4879,1126,52,384539,16090,0
Bangladesh,1970,738957,274547,434163,159616,53679,22756,13766,21234,21847,26693,37346,47130,42582,16623,1138,11237,9997,11500,10347,11567,15126,17514,19832,23480,23650,22973,19609,11651,4972,1102,36,487842,36522,0
Bangladesh,1971,1722254,342060,595101,253041,73609,37296,81348,254589,180224,135893,127005,122108,88755,25065,1261,131175,123414,97745,82479,69641,66252,63218,63787,63124,58984,50826,37929,18560,6505,1232,29,668710,118644,0
Bangladesh,1972,597278,255492,375422,119930,22501,8913,7701,15380,17215,21845,31978,41327,38480,15588,928,7733,7647,9176,8039,9222,12623,14981,16997,20354,20973,20772,17708,11127,4461,909,19,397923,16614,0
Bangladesh,1973,609862,261502,384642,123140,22445,9155,7876,15259,17237,22028,32410,41990,39656,16281,884,7694,7565,9152,8085,9331,12697,15143,17267,20583,21407,21481,18175,11731,4550,867,17,407087,17031,0
Bangladesh,1974,640179,270007,400725,130718,24116,10123,8656,16277,18312,23390,34148,44065,42081,17397,880,8314,7963,9661,8651,9991,13399,15932,18216,21529,22536,22858,19223,12596,4801,868,12,424841,18779,0
Bangladesh,1975,628292,266592,393959,127367,22788,9415,8138,15259,17364,22577,33542,43682,42593,18092,882,7982,7277,9172,8192,9579,12998,15563,17979,21278,22404,23069,19524,13058,5034,869,13,416747,17553,0
Bangladesh,1976,629049,269305,397322,128017,21799,9131,7818,14957,17053,22064,32917,43298,42946,18736,1012,7921,7036,9020,8033,9371,12693,15179,17738,21072,22226,23161,19785,13384,5352,988,24,419121,16949,0
Bangladesh,1977,636598,271189,399264,128075,23062,9105,7696,15052,17236,22174,33126,44180,44575,19965,1166,8011,7041,9134,8102,9425,12749,15179,17947,21518,22662,23889,20686,14070,5895,1124,42,422326,16801,0
Bangladesh,1978,646558,271053,398628,127575,23479,9390,7850,15529,17811,22951,34208,46222,47389,21748,1356,8262,7267,9426,8385,9751,13200,15612,18596,22547,23675,25213,22176,15115,6633,1291,65,422107,17240,0
Bangladesh,1979,654514,271023,397391,126368,22979,9597,7969,15959,18331,23693,35205,48209,50095,23527,1556,8428,7531,9665,8666,10069,13624,16028,19177,23547,24662,26475,23620,16173,7354,1469,87,420370,17566,0
Bangladesh,1980,661289,270414,395538,125124,23914,9801,8084,16450,18652,24259,35867,49700,52196,25066,1760,8540,7910,9735,8917,10331,13928,16322,19545,24273,25427,27433,24763,17096,7970,1652,108,419452,17885,0
Bangladesh,1981,665210,268705,392142,123437,24930,10017,8214,16657,18824,24702,36372,50896,53963,26518,1976,8537,8120,9732,9092,10527,14175,16581,19791,24803,26093,28215,25748,17981,8537,1854,122,417072,18231,0
Bangladesh,1982,670597,266728,388261,121533,25343,10383,8503,17002,19221,25488,37322,52538,56097,28198,2239,8657,8345,9855,9366,10859,14629,17094,20228,25500,27038,29196,26901,19051,9147,2097,142,413604,18886,1
Bangladesh,1983,668388,260363,379369,119006,24982,10715,8773,17144,19404,26103,38048,53731,57866,29742,2512,8743,8401,9933,9471,11094,15009,17539,20509,25926,27805,29975,27891,20041,9701,2350,162,404351,19488,1
Bangladesh,1984,667522,254028,369926,115898,24999,11092,9164,17503,19806,26931,39066,55104,59791,31348,2791,8993,8510,10181,9625,11427,15504,18101,20965,26422,28682,30862,28929,21053,10295,2605,186,394925,20256,2
Bangladesh,1985,673373,248418,362170,113752,27278,12183,9907,18186,20460,28032,40390,56701,61965,33017,3081,9465,8721,10703,9757,11892,16140,18787,21603,27046,29655,31913,30052,22082,10935,2865,216,389448,22090,2
Bangladesh,1986,660163,239142,346468,107326,25341,11660,9817,18184,20518,28488,41054,57406,63468,34403,3351,9562,8622,10856,9662,12048,16440,19134,21920,27247,30159,32629,30839,22899,11504,3103,248,371809,21477,2
Bangladesh,1987,656482,230993,333645,102652,25344,11952,10110,18580,20932,29391,42363,58761,65668,36088,3644,9862,8718,11137,9795,12414,16977,19776,22587,27803,30958,33757,31911,23906,12182,3355,289,358989,22062,3
Bangladesh,1988,658394,221073,318695,97622,24717,12516,10731,19676,21988,31079,44968,61699,69634,38673,4017,10528,9148,11693,10295,13079,18000,21015,23953,29157,32542,35825,33809,25516,13157,3679,338,343412,23247,4
Bangladesh,1989,649420,212247,304199,91952,23875,12557,10919,20073,22210,31627,46101,62539,71205,39869,4244,10804,9269,11740,10470,13215,18412,21564,24537,29576,32963,36656,34549,26230,13639,3869,375,328074,23476,4
Bangladesh,1990,623283,202793,289257,86464,22630,11989,10566,19532,21419,30420,44847,60195,69089,39050,4282,10555,8977,11158,10261,12528,17892,20999,23848,28533,31662,35535,33554,25619,13431,3885,397,311887,22555,5
Bangladesh,1991,687811,199989,297883,97894,37245,19741,14587,23358,24512,34045,49805,65371,74502,42043,4715,12815,10543,12564,11948,14029,20016,23380,26425,31198,34173,38340,36162,27548,14495,4258,457,335128,34328,7
Bangladesh,1992,601574,180223,255503,75280,20696,11910,11011,20656,22027,31421,47272,62363,72257,41628,4821,11141,9515,11283,10744,12638,18783,22133,25139,29843,32520,36958,35299,27149,14479,4336,485,276199,22921,8
Bangladesh,1993,596566,171354,241055,69701,18333,12008,11330,21596,22639,32260,49078,64574,74917,43593,5167,11630,9966,11603,11036,12952,19308,22921,26157,31075,33499,38157,36760,28336,15257,4632,535,259388,23338,10
Bangladesh,1994,589743,165099,229462,64363,19336,11687,11373,22027,22727,32348,49763,65367,75737,44519,5381,11829,10198,11716,11011,13050,19298,23180,26583,31597,33770,38411,37326,28849,15670,4806,575,248798,23060,12
Bangladesh,1995,574175,157528,217445,59917,17034,11199,11272,22126,22485,31972,49749,65209,75334,44813,5522,11839,10287,11695,10790,13179,18793,23120,26629,31604,33605,38065,37269,28944,15869,4913,609,234479,22471,14
Bangladesh,1996,569975,149807,205456,55649,16600,10891,11342,22793,22949,32401,50997,67069,77130,46485,5840,12164,10629,12075,10874,13567,18834,23646,27351,32537,34532,38851,38279,29924,16561,5179,661,222056,22233,17
Bangladesh,1997,546157,145412,196911,51499,14625,9903,10646,22006,22080,30815,48971,64862,74146,45339,5839,11696,10310,11732,10348,13037,17778,22660,26311,31451,33411,37250,36896,29079,16260,5162,677,211536,20549,19
Bangladesh,1998,491201,140191,188230,48039,11744,8095,8961,19084,19230,26489,42257,56684,64588,40377,5437,10066,9018,10303,8927,11229,15260,19461,22796,27442,29242,32352,32236,25734,14643,4783,654,199974,17056,20
Bangladesh,1999,439182,133804,178676,44872,10606,6461,7303,16138,16411,22332,35691,48716,55678,35948,5197,8454,7684,8850,7561,9408,12924,16310,19381,23527,25189,27787,27891,22685,13263,4533,664,189282,13764,24
Bangladesh,2000,472928,127904,169904,42000,9849,7094,8095,18638,19196,25935,40984,57173,65649,43634,6744,9701,8937,10400,8796,10739,15196,18459,22525,27544,29629,32688,32961,27269,16365,5841,903,179753,15189,36
Bangladesh,2001,478847,121997,161189,39192,9071,6971,8042,19336,20240,27028,42483,60281,69444,47056,7659,9960,9376,10965,9275,11045,15983,18918,23565,28969,31312,34588,34856,29195,17861,6596,1063,170260,15013,46
Bangladesh,2002,488024,116119,152664,36545,8752,6950,8061,20014,21349,28372,44617,63939,73894,50724,8631,10216,9798,11536,9813,11478,16894,19721,24896,30641,33298,36889,37005,31291,19433,7389,1242,161416,15011,57
Bangladesh,2003,501364,109971,144006,34035,11543,6927,8086,20630,22579,29782,47007,67958,78772,54426,9579,10452,10178,12161,10418,12009,17773,20800,26207,32467,35491,39455,39317,33438,20988,8169,1410,155549,15013,65
Bangladesh,2004,499407,103729,135451,31722,10391,6704,7883,20502,23042,30150,47890,69815,81145,56188,10175,10278,10224,12361,10681,12199,17951,21353,26537,33279,36536,40756,40389,34423,21765,8646,1529,145842,14587,72
Bangladesh,2005,509847,96518,125845,29327,10230,6687,7963,21012,24273,31533,50520,74251,86528,59857,11067,10395,10617,12963,11310,12857,18676,23000,27520,35358,38893,43528,43000,36611,23246,9375,1692,136075,14650,80
Bangladesh,2006,522378,89881,116835,26954,10531,6757,8014,21452,25547,33065,53316,79046,92358,63510,11854,10487,10965,13607,11940,13631,19434,24601,28715,37631,41415,46494,45864,38833,24677,10011,1843,127366,14771,89
Bangladesh,2007,548843,84318,109483,25165,11380,7339,8376,22372,27491,35680,57697,86310,101170,68689,12758,10838,11534,14564,12927,14849,20831,26821,30876,41064,45246,50954,50216,42058,26631,10751,2007,120863,15715,99
Bangladesh,2008,551172,78051,100512,22461,11262,7380,8086,22016,27959,36648,59470,89197,105278,70375,12883,10559,11457,14699,13260,15359,21289,27589,31881,42280,46917,53035,52243,43203,27172,10825,2058,111774,15466,104
Bangladesh,2009,539127,72057,92504,20447,9419,7503,7657,20894,27391,36481,59349,89171,106137,69964,12556,9991,10903,14304,13087,15358,21123,27261,32088,41969,47202,53469,52668,43092,26872,10544,2012,101923,15160,100
Bangladesh,2010,508464,66556,85120,18564,8527,7016,6918,19123,25722,34749,56769,84331,101726,66591,11772,9158,9965,13380,12342,14684,20065,25564,31205,39157,45174,51207,50519,41114,25477,9891,1881,93647,13934,94
Bangladesh,2011,513697,61751,78611,16860,7349,7056,6841,18941,26233,35996,58687,86813,105815,69146,12112,9064,9877,13553,12680,15189,20807,26021,32666,39908,46905,53178,52637,42788,26358,10173,1939,85960,13897,101
Bangladesh,2012,516522,58299,73663,15364,6578,6888,6787,18547,26414,36932,59939,88551,108770,71035,12314,8869,9678,13548,12866,15536,21396,26326,33613,40488,48063,54540,54230,44104,26931,10341,1973,80241,13675,106
Bangladesh,2013,551352,55795,69877,14082,6081,6953,7449,19556,28446,40665,65413,96696,119293,77687,13135,9335,10221,14517,13929,17037,23628,28648,36765,44436,52260,59702,59591,48453,29234,11120,2015,75958,14402,102
Bangladesh,2014,532746,53079,66063,12984,5705,6080,7329,18250,27140,39799,63435,94171,116515,75656,12506,8665,9585,13731,13409,16578,23221,27866,35569,43798,50373,58266,58249,47371,28285,10644,1862,71768,13409,93
Bangladesh,2015,521802,50385,62472,12087,4898,5400,7160,17379,26255,39480,62313,93155,115680,75201,12314,8182,9197,13136,13119,16340,23140,27568,34745,44340,48815,57854,57826,47154,28047,10490,1824,67370,12560,93
Bangladesh,2016,513348,48117,59341,11224,4509,4753,6953,16540,25324,39142,61430,92446,115242,75306,12272,7780,8760,12536,12788,16150,22992,27455,33975,44587,47859,57655,57587,47201,28105,10475,1797,63850,11706,90
Bangladesh,2017,499464,45385,55877,10492,3730,4104,6536,15645,24089,38278,60020,90647,113361,74852,12235,7407,8238,11810,12279,15724,22554,27074,32946,43970,46677,56676,56685,46823,28029,10435,1800,59607,10640,89
Bangladesh,2018,474294,43485,53224,9739,3372,3432,5722,14474,22104,36083,56940,86376,107895,72573,12014,7014,7460,10747,11357,14696,21387,25889,31051,41722,44654,53677,54218,45226,27347,10229,1785,56596,9154,88
Bangladesh,2019,498912,41673,50770,9097,3277,3242,5451,15106,22698,38099,60648,92360,115018,78868,13276,7538,7568,10999,11699,15426,22673,27725,32923,44098,48262,56766,58252,48939,29929,11279,1997,54047,8693,100
Bangladesh,2020,544195,39566,48078,8512,6002,2377,4353,14051,20105,37068,67302,105984,128429,94208,16125,7028,7023,9257,10848,13183,23885,25387,41915,46517,59467,63420,65009,57096,37112,13746,2379,54080,6730,115
Bangladesh,2021,528384,37724,45725,8001,5216,3899,11313,13445,16658,34985,77974,111981,117131,77994,11983,6349,7096,7278,9380,13236,21749,36332,41642,54409,57572,59299,57832,48161,29833,10284,1699,50941,15212,82
Barbados,1950,1331,518,653,135,12,7,18,46,50,112,105,117,133,71,6,25,21,21,29,47,65,58,47,67,50,73,60,46,25,6,0,665,25,0
Barbados,1951,1351,543,684,141,14,7,18,40,53,103,117,112,125,75,7,20,20,22,31,46,57,63,54,67,45,65,60,50,25,7,0,698,25,0
Barbados,1952,1337,544,688,144,13,7,18,38,53,98,121,113,111,72,7,20,18,22,31,44,54,62,59,61,52,56,55,49,23,7,0,701,25,0
Barbados,1953,1309,527,664,137,13,8,16,35,50,94,125,111,105,82,8,20,15,19,31,41,53,59,66,55,56,51,54,57,25,8,0,677,24,0
Barbados,1954,1249,494,619,125,14,9,14,35,47,91,128,111,94,77,7,20,15,17,30,39,52,57,71,50,61,47,47,54,23,7,0,633,23,0
Barbados,1955,1194,455,570,115,17,10,13,30,48,82,133,110,94,78,8,15,15,17,31,36,46,58,75,53,57,48,46,54,24,8,0,587,23,0
Barbados,1956,1106,407,501,94,14,10,13,30,44,81,128,112,91,76,8,15,15,16,28,35,46,51,77,58,54,49,42,50,26,8,0,515,23,0
Barbados,1957,1072,364,444,80,14,9,13,30,41,82,127,119,104,79,10,15,15,15,26,36,46,55,72,63,56,63,41,52,27,9,1,458,22,0
Barbados,1958,1029,328,397,69,13,8,13,30,39,81,127,125,113,74,7,15,15,15,24,35,46,55,72,73,52,73,40,47,27,7,0,410,21,0
Barbados,1959,998,299,359,60,12,8,13,30,36,81,126,133,121,73,9,15,15,15,21,35,46,55,71,82,51,80,41,43,30,8,1,371,21,0
Barbados,1960,982,276,330,54,13,7,12,26,34,79,125,140,128,74,10,11,15,15,19,34,45,55,70,88,52,83,45,43,31,9,1,343,19,0
Barbados,1961,957,256,305,49,12,7,11,25,33,78,125,146,133,69,10,10,15,15,18,33,45,55,70,90,56,83,50,40,29,9,1,317,18,0
Barbados,1962,940,234,278,44,12,6,10,24,32,76,125,160,136,64,10,10,14,15,17,31,45,55,70,92,68,77,59,37,27,9,1,290,16,0
Barbados,1963,929,213,253,40,12,6,11,23,32,72,124,174,141,67,12,10,13,15,17,28,44,54,70,93,81,70,71,39,28,11,1,265,17,0
Barbados,1964,916,194,231,37,12,8,10,20,28,66,127,192,147,65,12,10,10,12,16,25,41,58,69,90,102,70,77,39,26,11,1,243,18,0
Barbados,1965,909,176,209,33,12,6,11,20,28,66,128,198,154,65,11,10,10,11,17,23,43,56,72,90,108,73,81,41,24,10,1,221,17,0
Barbados,1966,907,161,190,29,12,6,13,20,26,65,125,205,164,72,10,10,10,10,16,24,41,54,71,93,112,81,83,48,24,9,1,202,19,0
Barbados,1967,914,147,174,27,12,6,13,21,27,64,125,212,168,75,10,11,10,10,17,24,40,55,70,95,117,93,75,54,21,9,1,186,19,0
Barbados,1968,917,134,158,24,10,6,14,22,30,59,125,214,181,82,10,12,10,14,16,23,36,55,70,96,118,109,72,62,20,9,1,168,20,0
Barbados,1969,929,124,146,22,10,6,15,23,29,59,129,213,194,93,10,13,10,12,17,23,36,57,72,99,114,124,70,70,23,9,1,156,21,0
Barbados,1970,955,114,133,19,10,7,16,26,30,59,138,218,214,96,9,16,10,12,18,26,33,62,76,104,114,138,76,72,24,8,1,143,23,0
Barbados,1971,965,106,124,18,9,7,15,27,28,61,142,217,230,97,8,16,11,11,17,28,33,66,76,105,112,144,86,70,27,7,1,133,22,0
Barbados,1972,973,99,114,15,8,7,15,27,27,59,137,219,248,101,8,17,10,10,17,28,31,63,74,106,113,146,102,69,32,7,1,122,22,0
Barbados,1973,987,93,107,14,7,8,15,28,27,58,139,216,268,102,8,17,11,10,17,28,30,59,80,103,113,147,121,64,38,7,1,114,23,0
Barbados,1974,991,88,101,13,6,7,16,27,25,53,144,217,283,106,9,17,10,10,15,24,29,59,85,104,113,145,138,64,42,8,1,107,23,0
Barbados,1975,993,83,94,11,6,7,14,25,24,56,136,215,293,110,9,15,10,10,14,24,32,56,80,103,112,145,148,68,42,8,1,100,21,0
Barbados,1976,997,77,88,11,6,7,13,26,22,54,133,218,301,114,12,15,11,10,12,22,32,54,79,103,115,145,156,73,41,11,1,94,20,0
Barbados,1977,1002,73,83,10,6,6,12,27,24,54,124,223,304,126,12,15,12,13,11,20,34,51,73,104,119,143,161,87,39,12,0,89,18,0
Barbados,1978,999,69,78,9,5,6,13,30,25,52,116,223,302,135,13,15,15,15,10,19,33,48,68,103,120,143,159,100,35,13,0,83,19,0
Barbados,1979,1005,66,75,9,5,5,12,29,28,52,109,224,303,149,16,15,14,15,13,19,33,48,61,102,122,141,162,113,36,15,1,80,17,0
Barbados,1980,1023,62,70,8,5,5,12,30,28,51,103,229,311,165,16,15,15,15,13,17,34,46,57,103,126,147,164,125,40,15,1,75,17,0
Barbados,1981,1040,59,66,7,5,5,10,30,29,47,95,231,322,180,15,15,15,15,14,16,31,45,50,99,132,152,170,135,45,14,1,71,15,0
Barbados,1982,1061,56,62,6,5,5,9,30,30,45,93,235,338,194,16,15,15,15,15,15,30,44,49,95,140,160,178,142,52,14,2,67,14,0
Barbados,1983,1088,53,59,6,5,5,8,29,30,41,92,235,354,212,14,14,15,15,15,15,26,44,48,87,148,166,188,153,59,12,2,64,13,0
Barbados,1984,1114,51,57,6,5,5,7,34,33,41,92,235,363,228,15,15,19,15,18,15,26,43,49,87,148,169,194,161,67,13,2,62,12,0
Barbados,1985,1142,48,54,6,5,5,7,33,35,41,90,235,379,241,17,15,18,16,19,15,26,41,49,84,151,179,200,170,71,15,2,59,12,0
Barbados,1986,1172,46,51,5,5,5,9,36,35,41,90,230,397,255,19,16,20,15,20,15,26,38,52,82,148,187,210,179,76,17,2,56,14,0
Barbados,1987,1190,43,48,5,5,5,7,35,36,42,87,225,403,273,21,16,19,16,20,16,26,36,51,79,146,186,217,190,83,19,2,53,12,0
Barbados,1988,1210,41,46,5,5,5,9,34,40,49,90,211,411,288,25,15,19,17,23,20,29,36,54,78,133,187,224,198,90,23,2,51,14,0
Barbados,1989,1216,39,43,4,5,5,9,37,46,50,89,199,403,306,28,17,20,21,25,21,29,36,53,76,123,180,223,209,97,26,2,48,14,0
Barbados,1990,1225,37,41,4,5,5,10,37,48,52,86,191,393,320,32,17,20,22,26,21,31,35,51,74,117,172,221,217,103,30,2,46,15,0
Barbados,1991,1236,35,39,4,3,5,12,36,53,60,86,184,394,332,36,16,20,25,28,26,34,36,50,73,111,171,223,222,110,32,4,42,17,0
Barbados,1992,1246,33,37,4,2,5,12,38,54,63,84,179,392,339,38,15,23,26,28,27,36,34,50,72,107,167,225,223,116,34,4,39,17,0
Barbados,1993,1249,32,36,4,2,3,11,37,60,64,89,176,384,345,41,15,22,30,30,27,37,37,52,75,101,158,226,224,121,37,4,38,14,0
Barbados,1994,1258,30,34,4,2,4,11,37,66,70,92,171,380,350,41,15,22,33,33,31,39,38,54,73,98,152,228,223,127,37,4,36,15,0
Barbados,1995,1256,29,33,4,3,4,10,37,67,70,94,169,371,351,44,15,22,34,33,31,39,37,57,72,97,146,225,220,131,39,5,36,14,0
Barbados,1996,1244,28,32,4,2,3,9,38,66,79,92,167,357,353,48,15,23,33,33,35,44,38,54,72,95,137,220,221,132,42,6,34,12,0
Barbados,1997,1248,28,32,4,4,4,10,37,68,81,96,163,340,362,53,15,22,33,35,37,44,41,55,71,92,131,209,225,137,46,7,36,14,0
Barbados,1998,1234,28,32,4,4,2,9,38,67,84,99,163,325,359,56,15,23,32,35,37,47,45,54,68,95,126,199,224,135,49,7,36,11,1
Barbados,1999,1207,28,32,4,3,2,9,36,64,84,98,158,305,356,57,15,21,29,35,37,47,45,53,67,91,118,187,223,133,50,7,35,11,1
Barbados,2000,1199,28,32,4,1,3,9,37,58,84,98,156,306,355,61,15,22,27,31,38,46,45,53,68,88,123,183,221,134,52,9,33,12,1
Barbados,2001,1189,28,32,4,1,3,8,37,54,85,101,152,302,349,66,15,22,25,29,36,49,47,54,65,87,123,179,214,135,55,11,33,11,1
Barbados,2002,1182,28,32,4,0,3,11,35,53,84,106,151,302,340,65,14,21,25,28,36,48,50,56,64,87,122,180,205,135,54,11,32,14,1
Barbados,2003,1209,29,33,4,0,3,11,34,51,81,115,151,305,361,68,15,19,24,27,32,49,55,60,65,86,123,182,210,151,57,11,33,14,1
Barbados,2004,1191,28,32,4,0,4,12,31,43,78,111,151,307,351,68,12,19,20,23,32,46,52,59,65,86,121,186,203,148,56,12,32,16,1
Barbados,2005,1192,28,31,3,0,4,10,29,43,72,117,157,306,350,69,11,18,19,24,27,45,55,62,70,87,114,192,204,146,57,12,31,14,1
Barbados,2006,1198,28,31,3,0,4,10,30,43,70,118,161,308,349,71,12,18,20,23,27,43,55,63,77,84,114,194,207,142,59,12,31,14,1
Barbados,2007,1194,27,30,3,0,4,10,27,41,70,120,159,307,347,74,11,16,17,24,26,44,56,64,77,82,111,196,208,139,61,13,30,14,1
Barbados,2008,1194,27,30,3,0,3,10,26,41,71,122,168,304,344,73,11,15,17,24,26,45,59,63,82,86,107,197,209,135,60,13,30,13,1
Barbados,2009,1191,26,29,3,0,4,9,26,39,69,127,173,293,344,75,11,15,17,22,24,45,60,67,86,87,107,186,209,135,62,13,29,13,1
Barbados,2010,1190,25,28,3,0,4,8,25,39,71,128,176,290,349,74,10,15,16,23,26,45,58,70,85,91,113,177,213,136,61,13,28,12,1
Barbados,2011,1190,24,27,3,0,4,6,24,38,69,129,179,279,357,75,10,14,16,22,26,43,58,71,84,95,109,170,216,141,61,14,27,10,1
Barbados,2012,1184,24,27,3,0,4,5,24,36,66,130,185,274,357,73,10,14,16,20,26,40,58,72,85,100,107,167,217,140,59,14,27,9,2
Barbados,2013,1188,23,25,2,0,4,5,22,36,64,133,189,266,363,73,9,13,16,20,24,40,59,74,85,104,105,161,219,144,59,14,25,9,1
Barbados,2014,1190,22,24,2,0,4,5,20,36,63,134,195,269,355,75,8,12,16,20,23,40,58,76,85,110,106,163,210,145,60,15,24,9,2
Barbados,2015,1190,22,24,2,0,4,5,19,36,63,133,202,272,351,76,8,11,16,20,23,40,57,76,87,115,107,165,203,148,61,15,24,9,2
Barbados,2016,1195,21,23,2,0,4,5,18,37,63,133,206,269,351,80,8,10,17,20,23,40,57,76,89,117,110,159,201,150,65,15,23,9,2
Barbados,2017,1210,20,22,2,0,4,5,17,37,62,134,212,272,358,82,7,10,17,20,22,40,57,77,91,121,116,156,201,157,67,15,22,9,2
Barbados,2018,1221,20,22,2,0,4,5,17,37,61,134,215,278,365,83,7,10,17,20,22,39,57,77,91,124,120,158,207,158,67,16,22,9,2
Barbados,2019,1222,19,21,2,0,4,5,17,36,60,133,218,282,360,85,7,10,17,19,20,40,56,77,89,129,123,159,209,151,69,16,21,9,2
Barbados,2020,1231,19,21,2,0,4,5,17,36,60,130,221,285,356,89,7,10,17,19,20,40,54,76,89,132,126,159,209,147,73,16,21,9,2
Barbados,2021,1239,18,19,1,0,4,5,17,35,59,127,227,292,360,89,7,10,16,19,19,40,53,74,89,138,127,165,211,149,73,16,19,9,2
Belarus,1950,55916,7204,11221,4017,538,364,673,1757,1762,4091,6312,11036,11592,5674,877,1010,747,610,1152,1757,2334,2709,3603,5171,5865,6099,5493,3696,1978,722,155,11759,1037,20
Belarus,1951,53722,7034,11008,3974,971,358,655,1835,1628,3855,5945,10290,10821,5425,907,1037,798,604,1024,1623,2232,2583,3362,4798,5492,5765,5056,3527,1898,744,163,11979,1013,23
Belarus,1952,49840,6708,10290,3582,633,339,628,1856,1505,3556,5545,9459,10012,5080,910,1022,834,616,889,1473,2083,2457,3088,4406,5053,5396,4616,3299,1781,732,178,10923,967,25
Belarus,1953,46592,6353,9554,3201,728,310,611,1849,1410,3264,5181,8691,9328,4737,903,978,871,637,773,1336,1928,2342,2839,4050,4641,5051,4277,3063,1674,704,199,10282,921,26
Belarus,1954,43767,5974,8816,2842,730,283,603,1834,1360,2999,4901,8072,8797,4454,893,931,903,671,689,1210,1789,2265,2636,3772,4300,4759,4038,2854,1600,672,221,9546,886,26
Belarus,1955,41029,5579,8098,2519,632,259,587,1800,1340,2731,4651,7507,8321,4204,872,878,922,702,638,1079,1652,2162,2489,3506,4001,4481,3840,2668,1536,637,235,8730,846,25
Belarus,1956,39265,5187,7420,2233,704,241,571,1790,1383,2520,4521,7124,8048,4057,861,851,939,751,632,972,1548,2106,2415,3312,3812,4297,3751,2554,1503,615,246,8124,812,25
Belarus,1957,37214,4801,6781,1980,535,239,541,1753,1442,2299,4377,6735,7739,3906,834,822,931,796,646,860,1439,2020,2357,3114,3621,4087,3652,2448,1458,588,246,7316,780,28
Belarus,1958,34156,4431,6188,1757,541,231,471,1623,1447,2006,4036,6086,7101,3624,767,767,856,803,644,733,1273,1838,2198,2802,3284,3710,3391,2275,1349,541,226,6729,702,33
Belarus,1959,34380,4073,5639,1566,500,256,452,1678,1620,1968,4176,6185,7295,3778,788,804,874,897,723,715,1253,1864,2312,2831,3354,3775,3520,2388,1390,566,222,6139,708,44
Belarus,1960,31255,3729,5129,1400,457,249,383,1514,1589,1709,3777,5579,6618,3480,723,731,783,872,717,641,1068,1660,2117,2568,3011,3402,3216,2215,1265,531,192,5586,632,48
Belarus,1961,30650,3407,4664,1257,422,263,357,1482,1686,1637,3730,5504,6583,3538,732,711,771,906,780,650,987,1606,2124,2561,2943,3369,3214,2267,1271,551,181,5086,620,51
Belarus,1962,32272,3071,4201,1130,404,294,384,1562,1921,1736,3983,5942,7099,3891,795,734,828,1002,919,753,983,1687,2296,2811,3131,3628,3471,2508,1383,609,186,4605,678,54
Belarus,1963,31818,2706,3720,1014,418,299,401,1516,2003,1734,3923,5952,7068,3947,787,679,837,1000,1003,818,916,1636,2287,2861,3091,3611,3457,2549,1398,608,179,4138,700,51
Belarus,1964,30598,2321,3224,903,381,290,417,1429,2012,1719,3735,5818,6862,3899,764,604,825,960,1052,873,846,1528,2207,2845,2973,3509,3353,2513,1386,589,175,3605,707,46
Belarus,1965,31459,2043,2832,789,374,299,470,1438,2158,1870,3778,6122,7154,4126,796,581,857,985,1173,996,874,1504,2274,3001,3121,3649,3505,2649,1477,612,184,3206,769,43
Belarus,1966,31633,1847,2533,686,362,302,516,1394,2234,2022,3684,6279,7232,4234,804,550,844,991,1243,1105,917,1422,2262,3081,3198,3665,3567,2704,1530,617,187,2895,818,39
Belarus,1967,32377,1718,2320,602,356,306,548,1397,2327,2255,3632,6548,7431,4394,822,572,825,1016,1311,1238,1017,1350,2282,3183,3365,3741,3690,2791,1603,631,191,2676,854,37
Belarus,1968,33129,1619,2160,541,332,316,575,1396,2398,2532,3573,6802,7623,4543,838,619,777,1057,1341,1388,1144,1290,2283,3267,3535,3817,3806,2872,1671,648,190,2492,891,35
Belarus,1969,34319,1542,2041,499,304,327,593,1436,2492,2873,3559,7144,7920,4733,865,702,734,1118,1374,1559,1314,1269,2290,3376,3768,3945,3975,2987,1746,675,190,2345,920,35
Belarus,1970,35561,1532,2001,469,304,333,609,1489,2551,3220,3542,7417,8252,4919,888,790,699,1160,1391,1727,1493,1301,2241,3461,3956,4130,4122,3111,1808,701,187,2305,942,34
Belarus,1971,34801,1525,1978,453,277,318,592,1469,2444,3357,3340,7225,8081,4828,865,833,636,1102,1342,1762,1595,1309,2031,3317,3908,4084,3997,3065,1763,690,175,2255,910,32
Belarus,1972,36604,1503,1951,448,259,327,620,1584,2504,3724,3447,7542,8584,5120,915,901,683,1099,1405,1898,1826,1489,1958,3416,4126,4399,4185,3263,1857,736,179,2210,947,32
Belarus,1973,36597,1473,1919,446,242,312,621,1639,2422,3856,3430,7420,8648,5142,915,914,725,1002,1420,1878,1978,1630,1800,3312,4108,4489,4159,3287,1855,741,174,2161,933,30
Belarus,1974,38363,1495,1941,446,238,307,649,1793,2459,4155,3650,7604,9160,5426,959,955,838,948,1511,1921,2234,1879,1771,3335,4269,4817,4343,3477,1949,777,182,2179,956,29
Belarus,1975,40912,1486,1933,447,255,305,686,1993,2540,4539,4057,7851,9895,5814,1012,1015,978,924,1616,1996,2543,2196,1861,3348,4503,5203,4692,3721,2093,820,192,2188,991,28
Belarus,1976,41618,1506,1952,446,239,288,686,2115,2476,4710,4390,7643,10183,5901,1014,1034,1081,873,1603,2004,2706,2440,1950,3146,4497,5348,4835,3757,2144,820,194,2191,974,26
Belarus,1977,43306,1523,1967,444,242,275,701,2234,2512,4957,4953,7557,10718,6124,1038,1074,1160,932,1580,2079,2878,2759,2194,2977,4580,5571,5147,3877,2247,840,198,2209,976,25
Belarus,1978,44502,1535,1977,442,243,263,697,2325,2513,5093,5557,7384,11103,6274,1046,1112,1213,1031,1482,2169,2924,3078,2479,2804,4580,5703,5400,3955,2319,848,198,2220,960,24
Belarus,1979,47119,1534,1973,439,244,265,697,2470,2635,5376,6422,7458,11847,6626,1084,1183,1287,1220,1415,2355,3021,3523,2899,2783,4675,5993,5854,4164,2462,884,200,2217,962,24
Belarus,1980,46863,1525,1958,433,249,252,647,2444,2619,5267,6886,7083,11760,6613,1059,1166,1278,1337,1282,2353,2914,3737,3149,2719,4364,5876,5884,4177,2436,868,191,2207,899,23
Belarus,1981,48327,1483,1900,417,228,252,617,2515,2731,5348,7593,7055,12115,6865,1086,1189,1326,1506,1225,2376,2972,4038,3555,2897,4158,5965,6150,4369,2496,897,189,2128,869,22
Belarus,1982,49192,1463,1864,401,238,249,577,2537,2859,5313,8124,7037,12216,7060,1094,1189,1348,1583,1276,2293,3020,4195,3929,3197,3840,5948,6268,4551,2509,911,183,2102,826,22
Belarus,1983,51002,1458,1849,391,230,252,554,2607,3106,5358,8720,7298,12483,7400,1125,1193,1414,1676,1430,2170,3188,4292,4428,3652,3646,6006,6477,4818,2582,944,181,2079,806,21
Belarus,1984,53652,1426,1808,382,236,257,553,2681,3451,5506,9427,7838,12849,7858,1168,1186,1495,1767,1684,2060,3446,4392,5035,4243,3595,6095,6754,5175,2683,986,182,2044,810,21
Belarus,1985,52888,1368,1742,374,237,247,523,2554,3578,5268,9489,8056,12221,7821,1133,1089,1465,1740,1838,1847,3421,4197,5292,4574,3482,5650,6571,5161,2660,961,172,1979,770,20
Belarus,1986,49290,1378,1743,365,212,221,468,2273,3479,4678,8950,7960,10850,7381,1054,937,1336,1618,1861,1579,3099,3836,5114,4628,3332,4839,6011,4868,2513,894,160,1955,689,18
Belarus,1987,50831,1282,1637,355,206,220,469,2243,3642,4683,9299,8902,10643,7769,1100,888,1355,1663,1979,1662,3021,3942,5357,5179,3723,4535,6108,5076,2693,929,171,1843,689,18
Belarus,1988,53307,1234,1577,343,208,225,481,2232,3871,4760,9712,10184,10618,8254,1167,863,1369,1757,2114,1878,2882,4201,5511,5891,4293,4361,6257,5340,2914,983,184,1785,706,19
Belarus,1989,55213,1143,1471,328,194,227,488,2188,4006,4852,9972,11471,10494,8618,1214,850,1338,1820,2186,2171,2681,4454,5518,6573,4898,4237,6257,5509,3109,1019,195,1665,715,19
Belarus,1990,57689,1051,1367,316,208,229,497,2168,4163,5052,10253,12901,10524,9024,1285,861,1307,1884,2279,2508,2544,4676,5577,7311,5590,4364,6160,5709,3315,1082,203,1575,726,19
Belarus,1991,60401,978,1282,304,208,232,506,2155,4344,5330,10542,14350,10681,9406,1349,880,1275,1947,2397,2869,2461,4779,5763,7963,6387,4728,5953,5893,3513,1139,210,1490,738,19
Belarus,1992,62083,947,1237,290,206,229,509,2099,4431,5626,10554,15417,10818,9540,1398,886,1213,1967,2464,3040,2586,4639,5915,8300,7117,5267,5551,5937,3603,1190,208,1443,738,19
Belarus,1993,67419,888,1165,277,209,237,546,2184,4780,6422,11141,17249,11827,10121,1512,949,1235,2070,2710,3373,3049,4588,6553,8849,8400,6294,5533,6253,3868,1296,216,1374,783,19
Belarus,1994,67855,837,1100,263,188,228,541,2135,4709,6829,10910,17685,12192,9807,1509,940,1195,1972,2737,3393,3436,4153,6757,8596,9089,6966,5226,6004,3803,1301,208,1288,769,18
Belarus,1995,71241,774,1021,247,208,229,556,2194,4796,7563,11105,18845,13382,9764,1557,968,1226,1944,2852,3567,3996,3969,7136,8720,10125,7963,5419,5870,3894,1352,205,1229,785,18
Belarus,1996,71301,725,952,227,178,219,541,2149,4632,7961,10648,19080,14257,9141,1526,946,1203,1813,2819,3596,4365,3684,6964,8596,10484,8657,5600,5359,3782,1328,198,1130,760,16
Belarus,1997,73526,665,871,206,159,218,538,2176,4591,8353,10697,19752,15868,8748,1537,959,1217,1734,2857,3718,4635,3918,6779,8838,10914,9637,6231,4971,3777,1334,203,1030,756,15
Belarus,1998,74802,651,835,184,136,210,520,2179,4453,8624,10592,19934,17487,8298,1522,963,1216,1650,2803,3824,4800,4332,6260,9123,10811,10568,6919,4621,3677,1319,203,971,730,14
Belarus,1999,77168,622,787,165,126,200,512,2197,4357,8884,10808,20279,19419,8065,1519,975,1222,1633,2724,3946,4938,5011,5797,9588,10691,11637,7782,4485,3580,1314,205,913,712,13
Belarus,2000,73564,584,734,150,109,175,460,2032,3931,8410,10297,18893,19683,7411,1412,903,1129,1513,2418,3714,4696,5270,5027,9126,9767,11676,8007,4248,3163,1217,195,843,635,12
Belarus,2001,76252,532,669,137,90,161,453,2036,3855,8674,10782,19093,21415,7577,1433,905,1131,1530,2325,3779,4895,5935,4847,9174,9919,12450,8965,4573,3004,1234,199,759,614,13
Belarus,2002,80411,480,606,126,87,148,458,2078,3841,9087,11741,19496,23338,8053,1465,915,1163,1576,2265,3906,5181,6442,5299,9099,10397,13180,10158,5199,2854,1261,204,693,606,14
Belarus,2003,78878,443,558,115,80,128,425,1977,3584,8833,12109,18399,23250,8137,1379,853,1124,1508,2076,3686,5147,6433,5676,8084,10315,12548,10702,5558,2579,1185,194,638,553,14
Belarus,2004,77211,414,520,106,70,110,388,1867,3376,8428,12523,17360,22897,8361,1299,793,1074,1427,1949,3390,5038,6286,6237,7109,10251,11753,11144,5937,2424,1110,189,590,498,14
Belarus,2005,79013,386,484,98,69,98,368,1832,3360,8331,13504,17119,23492,9081,1259,766,1066,1414,1946,3233,5098,6449,7055,6665,10454,11534,11958,6568,2513,1070,189,553,466,14
Belarus,2006,76584,364,453,89,54,82,318,1704,3167,7768,13732,15876,22828,9435,1151,708,996,1323,1844,2912,4856,6309,7423,6074,9802,10966,11862,6877,2558,970,181,507,400,14
Belarus,2007,72976,350,433,83,54,69,262,1553,2934,7073,13273,14807,21712,9748,1049,644,909,1225,1709,2556,4517,6031,7242,6065,8742,10405,11307,7080,2668,871,178,487,331,14
Belarus,2008,73910,330,407,77,47,63,230,1483,2897,6798,13617,14732,21809,10763,1048,611,872,1216,1681,2414,4384,6176,7441,6734,7998,10687,11122,7768,2995,861,187,454,293,15
Belarus,2009,74087,317,391,74,46,58,201,1397,2820,6444,13625,14811,21588,11629,1061,566,831,1188,1632,2326,4118,6188,7437,7602,7209,10898,10690,8312,3317,872,189,437,259,16
Belarus,2010,75554,287,358,71,44,55,180,1330,2790,6243,13853,15351,21606,12595,1133,529,801,1179,1611,2325,3918,6242,7611,8576,6775,11107,10499,8896,3699,940,193,402,235,16
Belarus,2011,74972,266,335,69,37,51,157,1229,2683,5893,13742,15621,20991,13018,1194,467,762,1133,1550,2269,3624,6099,7643,9234,6387,10699,10292,9016,4002,1003,191,372,208,17
Belarus,2012,68189,260,326,66,33,43,126,1031,2370,5072,12423,14779,18566,12199,1198,368,663,993,1377,2019,3053,5426,6997,8620,6159,9151,9415,8218,3981,1021,177,359,169,17
Belarus,2013,66426,250,315,65,37,38,110,917,2242,4702,11973,15155,17490,12105,1318,311,606,920,1322,1918,2784,5069,6904,8527,6628,8102,9388,7839,4266,1137,181,352,148,20
Belarus,2014,64681,236,301,65,30,35,98,808,2111,4424,11355,15611,16510,11915,1461,264,544,853,1258,1809,2615,4629,6726,8296,7315,7138,9372,7413,4502,1269,192,331,133,22
Belarus,2015,63237,222,285,63,27,31,88,712,1983,4221,10712,16070,15678,11784,1625,226,486,790,1193,1714,2507,4216,6496,8142,7928,6465,9213,7093,4691,1411,214,312,119,25
Belarus,2016,62944,203,264,61,26,28,83,624,1898,4097,10253,16763,15091,11952,1835,196,428,750,1148,1651,2446,3905,6348,8195,8568,6138,8953,7107,4845,1590,245,290,111,28
Belarus,2017,63194,169,226,57,25,28,77,548,1831,4025,9876,17159,15050,12240,2080,177,371,720,1111,1620,2405,3637,6239,8299,8860,6556,8494,7303,4937,1790,290,251,105,31
Belarus,2018,64015,143,195,52,28,26,74,487,1762,4005,9545,17704,15213,12580,2358,161,326,687,1075,1623,2382,3462,6083,8546,9158,7370,7843,7641,4939,2013,345,223,100,35
Belarus,2019,69064,127,174,47,23,27,73,468,1800,4233,9834,19233,16741,13649,2764,159,309,687,1113,1725,2508,3635,6199,9288,9945,9056,7685,8459,5190,2335,429,197,100,43
Belarus,2020,81790,114,156,42,25,24,71,465,1976,4816,11075,22814,20569,16396,3351,160,305,731,1245,1965,2851,4211,6864,10883,11931,12016,8553,10236,6160,2810,541,181,95,52
Belarus,2021,81494,103,141,38,29,24,64,437,1889,4845,10808,23531,21131,15319,3214,157,280,669,1220,1976,2869,4238,6570,11019,12512,12999,8132,9550,5769,2648,566,170,88,55
Belgium,1950,57344,4398,5010,612,187,200,399,1476,1633,4058,7526,12051,15694,8399,707,643,833,621,1012,1546,2512,3441,4085,5212,6839,7808,7886,5794,2605,626,81,5197,599,3
Belgium,1951,57996,4083,4692,609,225,171,299,1198,1479,3843,7783,12037,16536,8863,869,549,649,572,907,1438,2405,3541,4242,5345,6692,8246,8290,5996,2867,777,92,4917,470,4
Belgium,1952,55463,3712,4224,512,214,138,280,967,1242,3502,7653,11620,15895,8859,864,430,537,503,739,1295,2207,3344,4309,5143,6477,7829,8066,5936,2923,774,90,4438,418,4
Belgium,1953,56317,3426,3905,479,207,150,259,989,1183,3415,7802,11779,16276,9483,864,445,544,564,619,1245,2170,3338,4464,5234,6545,7839,8437,6341,3142,768,96,4112,409,5
Belgium,1954,55792,3497,3979,482,251,138,254,934,1150,3263,7703,11720,16011,9463,919,432,502,595,555,1176,2087,3306,4397,5213,6507,7715,8296,6364,3099,819,100,4230,392,6
Belgium,1955,57877,3506,4027,521,233,130,242,944,1143,3297,7862,11991,16683,10290,1028,417,527,574,569,1164,2133,3338,4524,5390,6601,8071,8612,6909,3381,912,116,4260,372,7
Belgium,1956,57906,3443,3838,395,201,153,240,968,1227,3098,7922,12337,16594,10312,1010,433,535,622,605,1136,1962,3214,4708,5508,6829,7991,8603,6899,3413,896,114,4039,393,6
Belgium,1957,57388,3150,3588,438,235,179,242,920,1204,2940,7907,12451,16534,10131,1052,432,488,592,612,1007,1933,3222,4685,5837,6614,8051,8483,6857,3274,936,116,3823,421,6
Belgium,1958,56390,2794,3170,376,201,149,266,912,1200,2691,7909,12254,16164,10359,1107,411,501,543,657,837,1854,3198,4711,5575,6679,7840,8324,6800,3559,979,128,3371,415,7
Belgium,1959,55460,2781,3195,414,219,182,261,881,1217,2526,7664,12282,15476,10396,1151,407,474,525,692,779,1747,3053,4611,5849,6433,7449,8027,6899,3497,1017,134,3414,443,8
Belgium,1960,61095,2783,3132,349,224,165,262,954,1283,2693,8444,13800,17393,11391,1343,471,483,552,731,830,1863,3268,5176,6543,7257,8395,8998,7349,4042,1186,157,3356,427,9
Belgium,1961,57508,2598,2951,353,198,167,263,908,1399,2513,7887,13372,15862,10746,1230,449,459,585,814,828,1685,3040,4847,6355,7017,7498,8364,6885,3861,1082,148,3149,430,9
Belgium,1962,60219,2398,2748,350,188,173,298,868,1327,2549,7919,14388,16642,11734,1379,434,434,566,761,960,1589,2980,4939,6800,7588,7907,8735,7409,4325,1212,167,2936,471,10
Belgium,1963,62542,2478,2847,369,197,189,334,847,1343,2453,8031,15103,17188,12403,1597,438,409,557,786,1042,1411,3086,4945,7115,7988,8275,8913,7979,4424,1405,192,3044,523,11
Belgium,1964,59112,2344,2647,303,193,160,373,912,1291,2537,7605,14744,16237,11028,1378,454,458,542,749,1171,1366,2845,4760,6785,7959,8093,8144,6932,4096,1206,172,2840,533,10
Belgium,1965,61699,2039,2384,345,204,153,353,868,1333,2561,7818,15498,17423,11550,1540,429,439,555,778,1197,1364,2916,4902,7111,8387,8570,8853,7370,4180,1338,202,2588,506,13
Belgium,1966,61592,2070,2409,339,235,179,361,842,1220,2527,7329,15787,17370,11724,1592,414,428,483,737,1089,1438,2645,4684,7196,8591,8790,8580,7405,4319,1378,214,2644,540,13
Belgium,1967,61649,1924,2216,292,192,166,351,877,1154,2639,7267,15817,17588,11689,1678,461,416,459,695,1140,1499,2548,4719,7021,8796,9052,8536,7355,4334,1447,231,2408,517,15
Belgium,1968,64834,1748,2071,323,204,157,379,883,1144,2879,7087,16563,18974,12619,1857,498,385,473,671,1124,1755,2327,4760,7181,9382,9781,9193,7833,4786,1598,259,2275,536,17
Belgium,1969,64406,1789,2114,325,201,189,401,911,1168,2957,6886,16627,19112,12046,1777,517,394,476,692,1109,1848,2257,4629,7138,9489,9998,9114,7496,4550,1525,252,2315,590,18
Belgium,1970,62960,1758,2047,289,220,191,404,905,1173,2937,6512,16356,18911,11503,1781,512,393,453,720,1106,1831,2087,4425,6939,9417,9937,8974,7081,4422,1532,249,2267,595,18
Belgium,1971,63421,1675,1974,299,195,187,454,972,1056,2955,6374,16251,19393,11716,1872,532,440,428,628,1120,1835,2178,4196,6912,9339,10255,9138,7295,4421,1609,263,2169,641,20
Belgium,1972,62477,1440,1723,283,174,166,430,998,1118,3011,6364,15640,19509,11523,1805,599,399,481,637,1143,1868,2514,3850,6549,9091,10311,9198,7150,4373,1554,251,1897,596,19
Belgium,1973,62614,1262,1506,244,182,163,478,1045,1073,2894,6108,15484,19801,11967,1891,572,473,444,629,1096,1798,2720,3388,6339,9145,10392,9409,7407,4560,1624,267,1688,641,21
Belgium,1974,61123,1227,1459,232,165,191,465,1010,1021,2748,5729,15064,19792,11506,1949,590,420,433,588,1002,1746,2705,3024,6289,8775,10442,9350,7140,4366,1673,276,1624,656,22
Belgium,1975,62686,1095,1326,231,163,161,435,1025,1013,2658,5985,14756,20901,12221,2018,575,450,433,580,995,1663,2834,3151,5974,8782,10818,10083,7651,4570,1712,306,1489,596,24
Belgium,1976,62471,1068,1277,209,157,156,466,974,1084,2649,6081,14699,20675,12130,2099,550,424,471,613,930,1719,2777,3304,5921,8778,10470,10205,7685,4445,1781,318,1434,622,25
Belgium,1977,59238,955,1128,173,142,141,454,1080,999,2561,6314,13569,19824,11189,1814,630,450,466,533,926,1635,2888,3426,5219,8350,10065,9759,7132,4057,1526,288,1270,595,23
Belgium,1978,60387,951,1124,173,145,136,470,1139,1063,2512,6784,12737,20534,11830,1889,616,523,525,538,875,1637,2796,3988,4737,8000,10399,10135,7494,4336,1581,308,1269,606,25
Belgium,1979,58877,844,988,144,118,126,454,1076,1140,2499,6701,11982,19958,11884,1927,566,510,526,614,891,1608,2635,4066,4298,7684,9806,10152,7712,4172,1600,327,1106,580,27
Belgium,1980,59576,859,1017,158,129,108,456,1129,1113,2441,6798,11948,20129,12265,2009,602,527,545,568,924,1517,2653,4145,4351,7597,9764,10365,7857,4408,1657,352,1146,564,31
Belgium,1981,58561,848,998,150,105,115,410,1092,1109,2307,6489,11542,19891,12490,1979,598,494,521,588,837,1470,2482,4007,4349,7193,9520,10371,7994,4496,1648,331,1103,525,31
Belgium,1982,57745,760,904,144,98,117,370,1060,1120,2161,6572,11326,19394,12581,2009,573,487,501,619,785,1376,2521,4051,4778,6548,9413,9981,8058,4523,1663,346,1002,487,35
Belgium,1983,58666,719,879,160,103,115,332,1017,1249,2214,6348,10939,19723,13491,2213,509,508,616,633,829,1385,2441,3907,5224,5715,9535,10188,8637,4854,1843,370,982,447,39
Belgium,1984,57184,700,845,145,87,94,309,1030,1257,2106,6008,10957,19318,13059,2077,543,487,579,678,756,1350,2294,3714,5603,5354,9305,10013,8376,4683,1714,363,932,403,40
Belgium,1985,57565,646,765,119,93,95,306,1024,1206,2078,5892,11392,19054,13417,2203,539,485,536,670,846,1232,2225,3667,5852,5540,8860,10194,8542,4875,1821,382,858,401,43
Belgium,1986,56871,709,802,93,97,90,310,1012,1225,2113,5505,11106,18331,13966,2267,510,502,512,713,866,1247,1988,3517,5474,5632,8412,9919,8762,5204,1878,389,899,400,43
Belgium,1987,53835,665,771,106,82,87,284,984,1254,2048,5423,11137,16715,12933,2078,510,474,562,692,865,1183,1952,3471,5193,5944,7382,9333,8096,4837,1722,356,853,371,41
Belgium,1988,53559,615,730,115,70,74,318,963,1185,2010,5129,11528,16131,13030,2338,522,441,530,655,916,1094,1833,3296,5109,6419,6785,9346,8040,4990,1931,407,800,392,49
Belgium,1989,54332,625,720,95,66,74,324,974,1193,1979,4942,11732,15800,13925,2551,513,461,546,647,896,1083,1772,3170,4817,6915,6234,9566,8466,5459,2097,454,786,398,55
Belgium,1990,52932,581,698,117,72,67,300,997,1165,2075,4694,11528,14971,13819,2495,489,508,542,623,948,1127,1725,2969,4670,6858,5982,8989,8450,5369,2066,429,770,367,51
Belgium,1991,52698,599,689,90,63,76,280,1030,1220,2089,4568,11341,14980,13692,2617,483,547,544,676,902,1187,1662,2906,4620,6721,6369,8611,8259,5433,2162,455,752,356,53
Belgium,1992,52900,579,678,99,83,80,250,916,1242,2265,4309,11269,15076,13923,2754,446,470,582,660,940,1325,1677,2632,4661,6608,7023,8053,8397,5526,2271,483,761,330,56
Belgium,1993,53951,574,676,102,51,64,267,957,1249,2372,4235,10991,15526,14518,2981,464,493,554,695,968,1404,1579,2656,4421,6570,7967,7559,8692,5826,2439,542,727,331,62
Belgium,1994,52267,501,603,102,48,70,260,914,1246,2371,4276,10446,14942,14163,2870,499,415,536,710,989,1382,1670,2606,4234,6212,8374,6568,8468,5695,2350,520,651,330,59
Belgium,1995,53077,430,533,103,46,75,226,875,1256,2423,4362,10505,15457,14337,2918,405,470,537,719,964,1459,1769,2593,4237,6268,8554,6903,8529,5808,2379,539,579,301,61
Belgium,1996,52656,360,431,71,59,70,229,843,1207,2430,4198,10020,15816,14080,3209,429,414,527,680,992,1438,1792,2406,3969,6051,8471,7345,8146,5934,2607,602,490,299,70
Belgium,1997,52021,354,425,71,59,45,208,821,1180,2335,4314,9641,16052,13668,3207,377,444,485,695,974,1361,1882,2432,3695,5946,8237,7815,7621,6047,2614,593,484,253,69
Belgium,1998,52227,324,399,75,50,54,235,781,1057,2323,4348,9743,17095,12974,3101,381,400,460,597,920,1403,1957,2391,3709,6034,8223,8872,6911,6063,2530,571,449,289,66
Belgium,1999,52529,324,403,79,56,52,229,768,1138,2346,4548,9495,17284,12752,3386,365,403,481,657,911,1435,2080,2468,3684,5811,7832,9452,6499,6253,2763,623,459,281,71
Belgium,2000,52523,310,395,85,36,55,235,814,1147,2342,4530,9067,17394,12966,3468,415,399,493,654,931,1411,2084,2446,3445,5622,7821,9573,6708,6258,2807,661,431,290,75
Belgium,2001,51697,298,377,79,55,58,221,773,1060,2489,4551,8618,16610,13246,3558,379,394,459,601,995,1494,2061,2490,3411,5207,7359,9251,7129,6117,2873,685,432,279,76
Belgium,2002,52583,291,365,74,53,46,200,709,1015,2367,4743,8444,16959,13835,3767,348,361,406,609,904,1463,2067,2676,3300,5144,7408,9551,8150,5685,3053,714,418,246,80
Belgium,2003,52745,274,335,61,33,56,185,695,968,2305,4864,7994,16731,14424,4072,335,360,371,597,888,1417,2041,2823,3177,4817,7383,9348,9212,5212,3317,755,368,241,84
Belgium,2004,50901,244,298,54,30,37,187,676,863,2236,4719,7692,16006,14242,3835,336,340,385,478,883,1353,1999,2720,3155,4537,6978,9028,9394,4848,3143,692,328,224,77
Belgium,2005,51315,250,320,70,40,51,165,592,846,2217,4818,7717,15631,14901,3935,279,313,354,492,876,1341,1912,2906,3219,4498,6859,8772,9700,5201,3193,742,360,216,82
Belgium,2006,50571,273,335,62,36,41,147,591,914,2158,4651,7643,14958,15224,3788,285,306,382,532,825,1333,1889,2762,3349,4294,6312,8646,9525,5699,3035,753,371,188,82
Belgium,2007,50590,299,363,64,30,48,176,589,854,2028,4706,7660,14579,15922,3549,302,287,369,485,780,1248,1968,2738,3478,4182,6045,8534,9405,6517,2763,786,393,224,85
Belgium,2008,52032,273,325,52,34,37,164,574,839,2097,4929,7939,14427,17050,3525,267,307,339,500,799,1298,2040,2889,3822,4117,5899,8528,9571,7479,2661,864,359,201,91
Belgium,2009,51845,248,318,70,22,42,134,534,812,1971,4852,7780,14232,17540,3518,258,276,314,498,746,1225,2055,2797,3746,4034,5834,8398,9414,8126,2599,919,340,176,94
Belgium,2010,52111,276,341,65,33,43,131,563,790,1897,4581,7963,13938,17897,3835,257,306,323,467,688,1209,1884,2697,3860,4103,5759,8179,9523,8374,2907,928,374,174,100
Belgium,2011,51428,227,300,73,37,37,138,552,746,1823,4595,8028,13253,17534,4282,245,307,315,431,709,1114,1847,2748,3837,4191,5512,7741,9366,8168,3419,863,337,175,107
Belgium,2012,53805,279,343,64,34,47,127,474,748,1800,4685,8430,13302,18668,5027,219,255,323,425,678,1122,1912,2773,3882,4548,5538,7764,9796,8872,4162,865,377,174,121
Belgium,2013,53928,243,306,63,31,30,108,487,682,1748,4475,8605,13185,18697,5451,222,265,283,399,669,1079,1777,2698,3776,4829,5458,7727,9696,9001,4637,814,337,138,125
Belgium,2014,51629,242,293,51,25,40,127,460,677,1629,4407,8377,12142,17788,5534,228,232,316,361,621,1008,1692,2715,3511,4866,5072,7070,9274,8514,4750,784,318,167,130
Belgium,2015,53722,223,265,42,31,28,93,435,689,1600,4366,8665,12573,18500,6329,220,215,292,397,598,1002,1659,2707,3719,4946,5191,7382,9534,8966,5303,1026,296,121,148
Belgium,2016,53394,244,276,32,41,29,100,437,709,1576,4138,8668,12553,18215,6522,197,240,311,398,627,949,1619,2519,3683,4985,5420,7133,9171,9044,5306,1216,317,129,131
Belgium,2017,53871,238,289,51,36,43,97,419,687,1524,3981,8492,12524,18492,7155,189,230,280,407,588,936,1495,2486,3598,4894,5686,6838,9018,9474,5680,1475,325,140,127
Belgium,2018,54089,250,292,42,31,35,85,397,684,1452,3914,8383,12715,18800,7177,187,210,281,403,525,927,1491,2423,3561,4822,6027,6688,9116,9684,5574,1603,323,120,121
Belgium,2019,53304,241,275,34,23,33,93,383,665,1459,3719,8098,12668,18274,7482,159,224,280,385,550,909,1467,2252,3466,4632,6166,6502,8707,9567,5720,1762,298,126,135
Belgium,2020,62412,195,222,27,31,26,80,384,701,1492,4081,9099,14823,21729,9549,172,212,297,404,548,944,1535,2546,3797,5302,7176,7647,10491,11238,7326,2223,253,106,191
Belgium,2021,56004,231,262,31,21,28,93,360,674,1411,3769,8621,14428,18091,8044,148,212,283,391,589,822,1387,2382,3662,4959,6867,7561,8496,9595,6167,1877,283,121,198
Belize,1950,656,239,321,82,13,6,12,30,34,41,54,64,51,21,3,15,15,15,19,20,21,25,29,30,34,28,23,13,8,3,0,334,18,0
Belize,1951,676,256,346,90,15,6,11,30,33,40,54,63,51,22,3,15,15,15,18,20,20,25,29,30,33,28,23,14,8,3,0,361,17,0
Belize,1952,678,254,351,97,14,6,11,30,31,40,54,63,51,20,2,15,15,15,16,20,20,25,29,30,33,28,23,14,6,2,0,365,17,0
Belize,1953,671,250,350,100,16,5,10,30,30,39,52,60,52,21,2,15,15,15,15,19,20,24,28,30,30,29,23,15,6,2,0,366,15,0
Belize,1954,664,245,345,100,16,5,10,30,30,38,51,60,54,22,2,15,15,15,15,18,20,23,28,30,30,30,24,16,6,2,0,361,15,0
Belize,1955,663,242,343,101,19,5,10,29,30,37,51,60,54,22,3,14,15,15,15,17,20,23,28,30,30,30,24,16,6,3,0,362,15,0
Belize,1956,659,237,332,95,18,5,10,29,30,37,53,63,61,23,2,14,15,15,15,17,20,25,28,30,33,34,27,17,6,2,0,350,15,0
Belize,1957,648,234,327,93,19,5,9,25,30,35,51,61,59,26,1,10,15,15,15,15,20,23,28,30,31,32,27,19,7,1,0,346,14,0
Belize,1958,635,230,321,91,19,5,9,20,27,34,49,60,58,26,1,10,10,12,15,15,19,22,27,30,30,30,28,19,7,1,0,340,14,0
Belize,1959,631,226,315,89,19,6,9,20,24,34,49,60,59,27,1,10,10,10,14,15,19,22,27,30,30,30,29,20,7,1,0,334,15,0
Belize,1960,615,222,307,85,18,6,9,20,20,30,47,60,59,29,1,10,10,10,10,13,17,21,26,30,30,30,29,21,8,1,0,325,15,0
Belize,1961,732,239,357,118,45,19,15,24,27,34,51,67,65,32,2,14,10,12,15,15,19,23,28,32,35,35,30,23,9,2,0,402,34,0
Belize,1962,617,217,301,84,19,10,10,20,20,29,47,60,60,33,2,10,10,10,10,13,16,21,26,30,30,30,30,24,9,2,0,320,20,0
Belize,1963,613,213,296,83,19,10,10,20,20,29,47,63,61,35,3,10,10,10,10,13,16,21,26,30,33,31,30,24,11,3,0,315,20,0
Belize,1964,610,210,291,81,19,10,10,20,20,27,47,65,62,36,3,10,10,10,10,12,15,21,26,30,35,32,30,25,11,3,0,310,20,0
Belize,1965,603,206,287,81,19,10,10,20,20,27,45,64,63,36,3,10,10,10,10,12,15,19,26,30,34,33,30,24,12,3,0,306,20,0
Belize,1966,609,202,282,80,20,10,10,20,20,27,47,66,65,39,4,10,10,10,10,12,15,20,27,31,35,35,30,25,14,4,0,302,20,0
Belize,1967,610,199,276,77,20,10,10,20,20,27,46,67,66,40,4,10,10,10,10,12,15,19,27,31,36,35,31,26,14,4,0,296,20,0
Belize,1968,598,195,269,74,20,10,12,20,20,26,44,65,67,40,5,10,10,10,10,11,15,18,26,30,35,36,31,25,15,5,0,289,22,0
Belize,1969,593,190,260,70,21,10,13,21,20,26,43,65,69,41,6,11,10,10,10,11,15,18,25,30,35,37,32,25,16,6,0,281,23,0
Belize,1970,583,184,250,66,19,10,13,22,20,25,42,64,69,41,6,12,10,10,10,10,15,17,25,30,34,37,32,25,16,6,0,269,23,0
Belize,1971,561,180,240,60,18,10,13,22,20,24,39,63,66,39,7,12,10,10,10,10,14,16,23,30,33,35,31,24,15,7,0,258,23,0
Belize,1972,564,178,235,57,18,10,14,23,20,25,39,65,70,41,8,13,10,10,10,10,15,17,22,30,35,38,32,25,16,7,1,253,24,0
Belize,1973,581,176,230,54,17,10,15,25,20,26,41,67,77,45,9,15,10,10,10,11,15,18,23,31,36,40,37,28,17,8,1,247,25,0
Belize,1974,572,174,226,52,16,10,15,25,20,25,39,65,76,45,9,15,10,10,10,10,15,17,22,30,35,40,36,28,17,8,1,242,25,0
Belize,1975,551,172,222,50,15,10,15,25,20,24,37,62,70,45,10,15,10,10,10,10,14,16,21,28,34,36,34,28,17,8,2,237,25,0
Belize,1976,565,171,220,49,14,10,15,26,20,24,39,63,77,48,10,15,11,10,10,10,14,17,22,28,35,38,39,29,19,8,2,234,25,0
Belize,1977,574,170,218,48,13,11,17,28,20,24,39,65,80,49,10,16,12,10,10,10,14,17,22,28,37,40,40,30,19,8,2,231,28,0
Belize,1978,571,170,218,48,13,10,17,30,20,23,39,63,80,50,11,17,13,10,10,10,13,17,22,27,36,40,40,31,19,8,3,231,27,0
Belize,1979,564,167,212,45,13,10,17,30,20,23,38,60,79,51,12,17,13,10,10,10,13,16,22,26,34,40,39,32,19,9,3,225,27,0
Belize,1980,558,164,209,45,13,10,17,31,20,22,37,59,78,52,13,17,14,10,10,10,12,16,21,26,33,39,39,32,20,10,3,222,27,1
Belize,1981,556,162,205,43,13,10,17,33,20,22,37,59,80,55,13,18,15,10,10,10,12,16,21,25,34,40,40,34,21,10,3,218,27,1
Belize,1982,565,160,201,41,13,10,16,35,21,22,38,59,80,57,13,20,15,11,10,10,12,16,22,26,33,40,40,35,22,10,3,214,26,1
Belize,1983,575,154,193,39,13,10,16,36,22,22,40,61,86,61,14,20,16,12,10,10,12,17,23,28,33,44,42,37,24,11,3,206,26,1
Belize,1984,578,147,184,37,13,10,16,38,24,23,40,61,88,63,15,20,18,14,10,10,13,17,23,28,33,44,44,38,25,11,4,197,26,1
Belize,1985,542,141,177,36,12,10,14,37,24,21,37,57,79,59,14,20,17,14,10,10,11,15,22,26,31,39,40,36,23,11,3,189,24,1
Belize,1986,559,135,168,33,12,10,14,39,26,23,39,63,86,65,16,20,19,15,11,10,13,16,23,29,34,41,45,39,26,12,4,180,24,1
Belize,1987,553,129,161,32,11,10,14,40,28,23,37,63,84,67,16,20,20,15,13,10,13,15,22,29,34,39,45,40,27,12,4,172,24,1
Belize,1988,541,125,155,30,11,10,13,40,29,22,37,61,83,66,17,20,20,15,14,10,12,15,22,28,33,38,45,39,27,13,4,166,23,1
Belize,1989,561,121,148,27,11,10,13,40,32,24,37,67,88,72,18,20,20,17,15,11,13,15,22,30,37,40,48,44,28,14,4,159,23,1
Belize,1990,559,116,141,25,11,10,14,40,33,25,38,66,86,75,18,20,20,18,15,13,12,16,22,30,36,40,46,46,29,14,4,152,24,1
Belize,1991,580,108,131,23,10,10,15,40,37,30,41,72,92,82,22,20,20,20,17,15,15,18,23,32,40,45,47,50,32,16,6,141,25,1
Belize,1992,590,102,124,22,11,10,15,40,40,31,41,72,93,85,23,20,20,20,20,16,15,18,23,32,40,46,47,52,33,17,6,135,25,1
Belize,1993,596,96,117,21,10,10,17,41,40,35,42,76,94,88,23,20,21,20,20,20,15,18,24,33,43,48,46,53,35,17,6,127,27,1
Belize,1994,601,90,109,19,10,10,18,46,41,37,43,77,93,88,24,22,24,21,20,20,17,18,25,33,44,47,46,52,36,18,6,119,28,1
Belize,1995,622,88,107,19,10,11,19,50,48,40,45,79,99,92,24,25,25,25,23,20,20,18,27,34,45,50,49,52,40,18,6,117,30,1
Belize,1996,646,85,103,18,10,11,21,50,50,48,49,81,107,90,24,25,25,25,25,25,23,21,28,34,47,54,53,50,40,18,6,113,32,1
Belize,1997,688,84,100,16,10,11,21,54,54,50,53,87,121,94,27,26,28,25,29,25,25,22,31,37,50,62,59,51,43,21,6,110,32,1
Belize,1998,743,84,101,17,12,13,22,60,60,60,60,95,136,97,26,30,30,30,30,30,30,26,34,41,54,69,67,55,42,20,6,113,35,1
Belize,1999,767,82,97,15,10,12,23,60,64,69,65,99,144,97,26,30,30,30,34,34,35,31,34,44,55,72,72,56,41,20,6,107,35,1
Belize,2000,806,81,97,16,12,14,24,65,68,70,70,106,152,100,25,30,35,33,35,35,35,34,36,48,58,75,77,61,39,20,5,109,38,1
Belize,2001,847,81,100,19,14,15,25,67,73,80,76,112,161,104,25,32,35,35,38,40,40,39,37,51,61,77,84,67,37,20,5,114,40,1
Belize,2002,858,78,93,15,10,12,24,68,74,85,84,114,165,107,24,33,35,35,39,40,45,44,40,51,63,78,87,71,36,19,5,103,36,1
Belize,2003,870,75,90,15,10,12,25,68,74,88,91,116,166,109,22,33,35,35,39,43,45,46,45,52,64,78,88,73,36,17,5,100,37,1
Belize,2004,875,74,89,15,10,11,23,68,74,92,97,117,168,110,20,33,35,35,39,43,49,50,47,52,65,78,90,74,36,16,4,99,34,1
Belize,2005,888,74,89,15,10,11,23,67,74,94,104,119,167,115,17,32,35,35,39,44,50,51,53,53,66,78,89,77,38,14,3,99,34,1
Belize,2006,885,71,86,15,6,11,22,66,74,93,110,118,164,119,16,31,35,35,39,43,50,54,56,52,66,76,88,79,40,13,3,92,33,1
Belize,2007,890,70,85,15,5,8,21,65,74,96,115,121,165,121,16,30,35,35,39,43,53,55,60,55,66,77,88,81,40,13,3,90,29,0
Belize,2008,897,69,84,15,6,8,20,64,73,95,120,122,164,123,15,30,34,35,38,42,53,57,63,57,65,77,87,82,41,12,3,90,28,0
Belize,2009,898,67,81,14,5,7,18,62,69,95,125,127,165,126,15,29,33,32,37,42,53,60,65,62,65,79,86,83,43,12,3,86,25,0
Belize,2010,909,65,78,13,5,6,17,60,68,96,129,134,165,131,18,28,32,31,37,42,54,61,68,67,67,79,86,85,46,15,3,83,23,0
Belize,2011,915,64,76,12,5,6,15,59,68,95,132,138,163,135,19,28,31,32,36,42,53,63,69,71,67,79,84,85,50,16,3,81,21,0
Belize,2012,903,63,75,12,5,5,14,56,65,92,133,141,158,134,19,26,30,30,35,41,51,63,70,74,67,76,82,84,50,16,3,80,19,0
Belize,2013,896,62,72,10,5,5,13,55,64,90,135,146,154,135,21,25,30,30,34,40,50,63,72,75,71,74,80,82,53,18,3,77,18,0
Belize,2014,978,59,69,10,5,5,13,59,72,98,149,166,171,150,25,25,34,35,37,44,54,69,80,85,81,81,90,89,61,21,4,74,18,1
Belize,2015,1038,57,67,10,5,5,11,58,76,104,161,184,180,159,29,24,34,36,40,46,58,73,88,93,91,86,94,93,66,24,5,72,16,1
Belize,2016,1057,54,64,10,5,5,11,58,76,104,166,194,184,160,32,24,34,36,40,45,59,74,92,97,97,90,94,92,68,27,5,69,16,1
Belize,2017,1082,52,60,8,5,5,10,54,77,105,172,206,188,162,35,21,33,37,40,45,60,75,97,102,104,92,96,93,69,29,6,65,15,1
Belize,2018,1111,49,57,8,5,5,10,51,79,108,175,217,196,165,37,19,32,38,41,47,61,76,99,107,110,99,97,95,70,31,6,62,15,1
Belize,2019,1127,43,51,8,5,5,9,50,81,108,179,227,204,168,42,19,31,39,42,47,61,76,103,111,116,106,98,97,71,34,8,56,14,1
Belize,2020,1284,40,48,8,6,9,31,125,134,129,197,226,178,165,42,54,71,70,64,58,71,81,116,118,108,92,86,94,71,34,8,54,40,1
Belize,2021,1563,39,47,8,7,9,34,137,158,164,243,281,228,205,50,60,77,80,78,74,90,101,142,145,136,120,108,116,89,41,9,54,43,1
Benin,1950,34174,9774,15467,5693,1456,594,592,1458,1451,1766,2133,2984,4475,1743,54,744,714,702,749,848,918,988,1145,1325,1659,2084,2391,1365,378,52,2,16923,1186,0
Benin,1951,34784,10533,16201,5668,1471,603,597,1457,1438,1762,2126,2927,4275,1875,52,745,712,696,742,843,919,988,1138,1313,1614,1985,2290,1440,435,50,2,17672,1200,0
Benin,1952,35073,10557,16525,5968,1483,621,608,1466,1439,1764,2134,2893,4081,2004,54,752,714,698,741,841,923,999,1135,1317,1576,1919,2162,1529,475,51,3,18008,1229,0
Benin,1953,35159,10609,16783,6174,1465,634,616,1470,1427,1753,2127,2853,3873,2094,61,757,713,695,732,833,920,1006,1121,1320,1533,1858,2015,1585,509,58,3,18248,1250,0
Benin,1954,35210,10675,17037,6362,1414,648,625,1478,1419,1740,2127,2823,3691,2135,73,764,714,692,727,824,916,1012,1115,1321,1502,1804,1887,1590,545,71,2,18451,1273,0
Benin,1955,35239,10737,17224,6487,1412,658,636,1485,1409,1728,2127,2797,3541,2133,89,771,714,689,720,817,911,1017,1110,1317,1480,1753,1788,1553,580,88,1,18636,1294,0
Benin,1956,35176,10815,17313,6498,1465,664,646,1490,1399,1706,2125,2770,3402,2094,101,777,713,686,713,805,901,1016,1109,1307,1463,1701,1701,1481,613,100,1,18778,1310,0
Benin,1957,35337,10917,17504,6587,1520,670,662,1508,1398,1698,2136,2769,3308,2051,113,790,718,687,711,800,898,1019,1117,1301,1468,1661,1647,1399,652,110,3,19024,1332,0
Benin,1958,35424,11024,17683,6659,1568,666,678,1523,1394,1681,2142,2762,3220,1988,120,799,724,686,708,793,888,1015,1127,1290,1472,1620,1600,1309,679,117,3,19251,1344,0
Benin,1959,35417,11129,17861,6732,1615,645,687,1532,1381,1653,2133,2743,3132,1904,131,807,725,680,701,779,874,1006,1127,1275,1468,1581,1551,1227,677,127,4,19476,1332,0
Benin,1960,35584,11237,18047,6810,1666,642,702,1558,1383,1644,2139,2744,3082,1834,143,823,735,682,701,776,868,1004,1135,1274,1470,1566,1516,1171,663,136,7,19713,1344,0
Benin,1961,35781,11414,18303,6889,1691,656,713,1581,1381,1628,2136,2743,3035,1761,153,839,742,684,697,769,859,998,1138,1277,1466,1555,1480,1126,635,146,7,19994,1369,0
Benin,1962,35930,11539,18516,6977,1719,673,718,1605,1380,1613,2124,2734,2995,1690,164,856,749,686,694,764,849,989,1135,1282,1452,1555,1440,1091,599,156,8,20235,1391,0
Benin,1963,36140,11616,18682,7066,1761,696,718,1638,1386,1607,2122,2744,2981,1631,171,877,761,692,694,763,844,983,1139,1299,1445,1567,1414,1066,565,163,8,20443,1414,0
Benin,1964,36133,11677,18783,7106,1786,725,700,1660,1383,1584,2095,2731,2946,1569,171,891,769,693,690,754,830,968,1127,1302,1429,1563,1383,1036,533,162,9,20569,1425,0
Benin,1965,36292,11720,18910,7190,1824,750,693,1691,1389,1576,2081,2739,2939,1529,169,907,784,700,689,752,824,960,1121,1310,1429,1567,1372,1017,512,159,10,20734,1443,0
Benin,1966,36377,11737,18978,7241,1864,760,700,1717,1396,1565,2064,2746,2929,1491,162,920,797,707,689,749,816,950,1114,1313,1433,1562,1367,995,496,151,11,20842,1460,0
Benin,1967,36443,11724,19002,7278,1909,775,715,1740,1407,1556,2044,2755,2927,1461,157,926,814,715,692,746,810,940,1104,1312,1443,1552,1375,976,485,143,14,20911,1490,0
Benin,1968,36530,11741,19045,7304,1950,788,736,1753,1416,1547,2023,2764,2921,1432,149,921,832,721,695,742,805,930,1093,1309,1455,1539,1382,956,476,136,13,20995,1524,0
Benin,1969,36556,11770,19066,7296,1985,801,771,1743,1430,1536,1996,2763,2914,1410,144,898,845,732,698,738,798,918,1078,1300,1463,1528,1386,943,467,130,14,21051,1572,0
Benin,1970,36781,11815,19154,7339,2032,822,806,1751,1453,1537,1985,2772,2926,1401,141,889,862,747,706,740,797,914,1071,1297,1475,1532,1394,941,460,127,14,21186,1628,0
Benin,1971,37016,11876,19250,7374,2072,845,824,1785,1481,1540,1971,2781,2934,1398,137,906,879,765,716,744,796,909,1062,1295,1486,1541,1393,944,454,124,13,21322,1669,0
Benin,1972,36965,11899,19241,7342,2084,856,830,1792,1488,1523,1936,2750,2929,1397,135,917,875,773,715,738,785,895,1041,1274,1476,1546,1383,950,447,123,12,21325,1686,0
Benin,1973,37160,11898,19280,7382,2118,879,849,1822,1517,1528,1929,2748,2950,1409,133,951,871,792,725,744,784,894,1035,1268,1480,1567,1383,964,445,121,12,21398,1728,0
Benin,1974,37226,11892,19254,7362,2141,899,865,1848,1542,1529,1912,2727,2960,1415,131,999,849,806,736,748,781,889,1023,1252,1475,1582,1378,973,442,121,10,21395,1764,0
Benin,1975,37330,11912,19295,7383,2153,913,881,1869,1563,1528,1892,2706,2973,1425,131,1033,836,817,746,752,776,881,1011,1239,1467,1590,1383,980,445,120,11,21448,1794,0
Benin,1976,37121,11926,19278,7352,2118,905,884,1864,1557,1503,1851,2654,2956,1418,129,1030,834,813,744,742,761,864,987,1210,1444,1578,1378,973,445,119,10,21396,1789,0
Benin,1977,37244,11943,19280,7337,2134,918,904,1899,1572,1512,1842,2635,2982,1431,130,1046,853,815,757,749,763,861,981,1200,1435,1584,1398,976,455,119,11,21414,1822,0
Benin,1978,37370,11951,19293,7342,2148,928,924,1944,1580,1521,1833,2613,3009,1448,129,1064,880,807,773,755,766,857,976,1189,1424,1589,1420,982,466,119,10,21441,1852,0
Benin,1979,37965,12083,19460,7377,2216,958,963,2043,1603,1564,1855,2629,3066,1477,134,1104,939,801,802,780,784,868,987,1196,1433,1609,1457,998,479,123,11,21676,1921,0
Benin,1980,38368,12290,19692,7402,2237,969,985,2105,1608,1583,1853,2614,3088,1498,134,1131,974,792,816,793,790,870,983,1190,1424,1611,1477,1011,487,124,10,21929,1954,0
Benin,1981,38858,12491,19955,7464,2267,984,1009,2157,1639,1612,1857,2607,3108,1523,139,1163,994,809,830,811,801,874,983,1188,1419,1613,1495,1029,494,127,12,22222,1993,0
Benin,1982,39250,12622,20144,7522,2296,998,1028,2208,1667,1641,1864,2597,3116,1549,146,1194,1014,830,837,829,812,881,983,1184,1413,1608,1508,1049,500,133,13,22440,2026,0
Benin,1983,39729,12699,20293,7594,2344,1022,1054,2278,1702,1681,1882,2601,3135,1582,154,1234,1044,864,838,854,827,893,989,1189,1412,1611,1524,1076,506,139,15,22637,2076,0
Benin,1984,40308,12803,20450,7647,2410,1051,1084,2358,1750,1736,1909,2616,3159,1621,159,1278,1080,921,829,884,852,910,999,1198,1418,1616,1543,1105,516,144,15,22860,2135,1
Benin,1985,40212,12923,20584,7661,2356,1025,1071,2352,1729,1725,1885,2569,3120,1631,162,1277,1075,932,797,878,847,902,983,1177,1392,1590,1530,1110,521,146,16,22940,2096,1
Benin,1986,40174,13015,20681,7666,2316,1001,1060,2351,1720,1716,1873,2540,3094,1653,169,1274,1077,927,793,870,846,900,973,1163,1377,1571,1523,1120,533,150,19,22997,2061,1
Benin,1987,40358,13106,20782,7676,2321,998,1066,2376,1738,1725,1879,2532,3083,1682,172,1282,1094,935,803,867,858,906,973,1161,1371,1560,1523,1134,548,153,19,23103,2064,1
Benin,1988,40097,13157,20823,7666,2254,966,1046,2347,1730,1688,1857,2484,3034,1692,174,1263,1084,926,804,836,852,899,958,1139,1345,1532,1502,1133,559,155,19,23077,2012,1
Benin,1989,40424,13157,20842,7685,2292,984,1069,2403,1800,1694,1891,2501,3041,1725,179,1288,1115,949,851,819,875,919,972,1149,1352,1533,1508,1149,576,159,20,23134,2053,1
Benin,1990,40484,13192,20843,7651,2278,980,1070,2417,1831,1683,1908,2495,3034,1752,187,1290,1127,958,873,801,882,931,977,1145,1350,1527,1507,1162,590,166,21,23121,2050,1
Benin,1991,40967,13274,20916,7642,2326,1013,1098,2482,1890,1728,1957,2521,3054,1784,193,1321,1161,993,897,824,904,960,997,1161,1360,1537,1517,1177,607,172,21,23242,2111,1
Benin,1992,41048,13261,20827,7566,2333,1024,1108,2508,1922,1743,1989,2527,3056,1808,202,1334,1174,1013,909,837,906,980,1009,1165,1362,1538,1518,1187,621,179,23,23160,2132,1
Benin,1993,40947,13288,20822,7534,2280,1012,1100,2492,1923,1734,1999,2517,3036,1819,208,1325,1167,1015,908,849,885,989,1010,1164,1353,1528,1508,1188,631,185,23,23102,2112,1
Benin,1994,42343,13848,21426,7578,2262,1012,1131,2647,2059,1812,2081,2573,3090,1913,324,1399,1248,1093,966,923,889,1034,1047,1196,1377,1552,1538,1228,685,244,80,23688,2143,17
Benin,1995,41660,13717,21311,7594,2198,990,1104,2534,1998,1763,2062,2538,3041,1871,238,1342,1192,1058,940,917,846,1023,1039,1182,1356,1528,1513,1207,664,208,30,23509,2094,8
Benin,1996,41309,13517,21145,7628,2159,978,1100,2486,1983,1751,2069,2538,3020,1861,216,1318,1168,1047,936,910,841,1023,1046,1186,1352,1516,1504,1199,662,199,17,23304,2078,4
Benin,1997,41530,13469,21009,7540,2195,997,1130,2518,2025,1792,2114,2581,3053,1888,223,1336,1182,1065,960,929,863,1037,1077,1210,1371,1533,1520,1214,674,205,18,23204,2127,2
Benin,1998,42317,13447,20949,7502,2298,1050,1192,2628,2131,1895,2191,2673,3130,1937,238,1394,1234,1116,1015,978,917,1060,1131,1257,1416,1571,1559,1242,695,217,21,23247,2242,1
Benin,1999,42777,13477,20935,7458,2347,1070,1231,2685,2185,1983,2213,2735,3170,1968,255,1426,1259,1138,1047,1007,976,1046,1167,1291,1444,1592,1578,1259,709,228,27,23282,2301,1
Benin,2000,43648,13468,20868,7400,2475,1127,1295,2815,2294,2109,2284,2845,3249,2018,267,1500,1315,1190,1104,1062,1047,1063,1221,1351,1494,1634,1615,1289,729,237,30,23343,2422,1
Benin,2001,44211,13491,20848,7357,2522,1156,1335,2903,2360,2179,2350,2929,3302,2049,276,1554,1349,1219,1141,1102,1077,1094,1256,1396,1533,1663,1639,1307,742,243,33,23370,2491,1
Benin,2002,44853,13568,20850,7282,2574,1190,1375,3000,2428,2262,2418,3025,3361,2084,286,1614,1386,1253,1175,1147,1115,1136,1282,1449,1576,1697,1664,1329,755,251,35,23424,2565,2
Benin,2003,45846,13739,20972,7233,2656,1239,1431,3135,2524,2369,2508,3146,3441,2127,296,1694,1441,1300,1224,1203,1166,1201,1307,1515,1631,1743,1698,1356,771,259,37,23628,2670,2
Benin,2004,46498,13840,21061,7221,2677,1269,1466,3224,2578,2444,2570,3242,3503,2159,303,1747,1477,1328,1250,1242,1202,1279,1291,1565,1677,1781,1722,1377,782,265,38,23738,2735,2
Benin,2005,47378,13886,21126,7240,2738,1318,1516,3350,2664,2548,2658,3365,3589,2196,312,1816,1534,1372,1292,1297,1251,1357,1301,1625,1740,1833,1756,1401,795,271,41,23864,2834,2
Benin,2006,48106,14030,21296,7266,2744,1332,1545,3443,2718,2623,2725,3459,3659,2229,328,1861,1582,1400,1318,1332,1291,1391,1334,1664,1795,1874,1785,1418,811,281,47,24040,2877,4
Benin,2007,48487,14035,21276,7241,2755,1345,1566,3504,2751,2681,2792,3532,3715,2243,320,1887,1617,1417,1334,1355,1326,1423,1369,1686,1846,1909,1806,1429,814,279,41,24031,2911,3
Benin,2008,49458,14020,21267,7247,2854,1395,1624,3652,2854,2795,2931,3641,3832,2290,328,1960,1692,1470,1384,1406,1389,1485,1446,1714,1927,1975,1857,1459,831,285,43,24121,3019,3
Benin,2009,50476,14087,21343,7256,2936,1427,1684,3790,2946,2906,3098,3713,3959,2341,332,2028,1762,1520,1426,1454,1452,1545,1553,1707,2006,2047,1912,1492,849,289,43,24279,3111,3
Benin,2010,50779,14163,21360,7197,2919,1410,1701,3824,2969,2936,3190,3739,4031,2360,341,2043,1781,1537,1432,1461,1475,1578,1612,1691,2048,2092,1939,1503,857,294,47,24279,3111,3
Benin,2011,51785,14262,21423,7161,3003,1443,1752,3950,3073,3035,3313,3857,4170,2413,347,2107,1843,1598,1475,1505,1530,1644,1669,1743,2114,2172,1998,1539,874,300,47,24426,3195,3
Benin,2012,52136,14369,21488,7119,2979,1429,1757,3974,3104,3058,3376,3915,4258,2440,354,2119,1855,1623,1481,1512,1546,1679,1697,1782,2133,2226,2032,1557,883,305,49,24467,3186,3
Benin,2013,53440,14502,21640,7138,3069,1477,1817,4121,3235,3171,3531,4056,4441,2515,362,2194,1927,1699,1536,1566,1605,1759,1772,1884,2172,2331,2110,1609,906,313,49,24709,3294,3
Benin,2014,54337,14662,21855,7193,3069,1489,1832,4201,3307,3228,3645,4163,4596,2577,370,2240,1961,1743,1564,1592,1636,1818,1827,2011,2152,2416,2180,1652,925,320,50,24924,3321,4
Benin,2015,55627,14765,21956,7191,3158,1545,1877,4365,3445,3342,3808,4310,4780,2654,381,2331,2034,1815,1630,1648,1694,1900,1908,2137,2173,2511,2269,1706,948,327,54,25114,3422,4
Benin,2016,56509,14876,22065,7189,3171,1566,1901,4458,3536,3407,3930,4429,4927,2720,389,2379,2079,1859,1677,1680,1727,1956,1974,2196,2233,2581,2346,1752,968,333,56,25236,3467,5
Benin,2017,57619,14942,22109,7167,3236,1610,1945,4581,3662,3504,4078,4600,5086,2801,399,2442,2139,1918,1744,1728,1776,2021,2057,2276,2324,2643,2443,1807,994,342,57,25345,3555,6
Benin,2018,58022,14897,22014,7117,3210,1602,1955,4611,3713,3539,4168,4751,5173,2870,407,2455,2156,1939,1774,1744,1795,2057,2111,2334,2417,2650,2523,1853,1017,349,58,25224,3557,6
Benin,2019,59126,14786,21860,7074,3310,1649,2016,4757,3859,3658,4328,5027,5266,2972,418,2517,2240,2007,1852,1805,1853,2123,2205,2431,2596,2638,2628,1924,1048,357,61,25170,3665,6
Benin,2020,61543,14609,21596,6987,3276,1621,1931,4540,3800,3873,4907,6097,5982,3451,465,2393,2147,1948,1852,1892,1981,2357,2550,2918,3179,3014,2968,2219,1232,399,66,24872,3552,7
Benin,2021,64341,14399,21225,6826,3376,1673,2067,4841,4107,4245,5389,6717,6544,3687,468,2530,2311,2095,2012,2062,2183,2576,2813,3205,3512,3290,3254,2399,1288,404,64,24601,3740,6
Bermuda,1950,306,47,59,12,6,5,7,20,24,35,40,44,44,22,1,10,10,10,14,15,20,20,20,20,24,20,24,17,5,1,0,65,12,0
Bermuda,1951,349,67,85,18,8,5,8,26,29,37,40,43,41,24,0,13,13,14,15,17,20,20,20,20,23,21,20,17,7,0,0,93,13,0
Bermuda,1952,299,47,61,14,6,5,7,20,22,33,40,41,41,22,0,10,10,10,12,15,18,20,20,20,21,21,20,15,7,0,0,67,12,0
Bermuda,1953,282,44,56,12,6,5,6,20,20,31,38,40,40,22,1,10,10,10,10,15,16,19,19,20,20,20,20,15,7,1,0,62,11,0
Bermuda,1954,266,41,52,11,5,5,6,20,20,27,35,40,37,21,1,10,10,10,10,12,15,18,17,20,20,20,17,14,7,1,0,57,11,0
Bermuda,1955,253,38,49,11,5,5,5,20,20,24,30,40,37,21,1,10,10,10,10,10,14,15,15,20,20,20,17,14,7,1,0,54,10,0
Bermuda,1956,176,24,29,5,2,0,4,10,10,15,22,30,31,19,2,5,5,5,5,5,10,10,12,15,15,16,15,12,7,2,0,31,4,0
Bermuda,1957,180,25,30,5,2,0,4,10,10,15,26,30,31,18,2,5,5,5,5,5,10,11,15,15,15,16,15,11,7,2,0,32,4,0
Bermuda,1958,176,22,27,5,2,0,4,10,10,14,26,31,31,17,2,5,5,5,5,5,9,11,15,15,16,15,16,10,7,2,0,29,4,0
Bermuda,1959,187,23,28,5,2,0,4,10,10,16,27,35,35,18,2,5,5,5,5,6,10,12,15,15,20,18,17,11,7,2,0,30,4,0
Bermuda,1960,185,21,25,4,1,0,4,10,10,15,27,34,34,19,2,5,5,5,5,5,10,12,15,15,19,18,16,12,7,2,0,26,4,0
Bermuda,1961,212,26,32,6,3,1,5,10,10,17,33,40,39,20,2,5,5,5,5,7,10,15,18,20,20,20,19,13,7,2,0,35,6,0
Bermuda,1962,235,30,38,8,5,2,5,10,13,22,34,40,41,21,2,5,5,5,8,10,12,15,19,20,20,21,20,14,7,2,0,43,7,0
Bermuda,1963,212,24,29,5,3,1,5,10,10,19,33,40,39,20,2,5,5,5,5,9,10,15,18,20,20,20,19,14,6,2,0,32,6,0
Bermuda,1964,194,19,23,4,2,0,5,10,10,15,30,40,36,19,2,5,5,5,5,5,10,13,17,20,20,20,16,13,6,2,0,25,5,0
Bermuda,1965,198,15,19,4,1,0,4,10,10,18,31,40,37,20,2,5,5,5,5,8,10,14,17,20,20,20,17,13,7,2,0,20,4,0
Bermuda,1966,265,22,28,6,5,2,6,16,20,25,40,52,45,23,2,10,6,10,10,10,15,18,22,27,25,25,20,16,7,2,0,33,8,0
Bermuda,1967,221,15,19,4,2,0,5,10,11,20,34,47,43,23,2,5,5,5,6,10,10,15,19,24,23,23,20,15,8,2,0,21,5,0
Bermuda,1968,220,13,17,4,1,0,4,10,12,20,35,49,42,24,2,5,5,5,7,10,10,15,20,24,25,22,20,15,9,2,0,18,4,0
Bermuda,1969,232,13,17,4,1,0,4,10,14,22,36,52,47,26,2,5,5,5,9,10,12,16,20,26,26,25,22,15,11,2,0,18,4,0
Bermuda,1970,237,13,17,4,1,0,5,10,13,22,35,54,48,28,2,5,5,5,8,10,12,15,20,26,28,25,23,16,12,2,0,18,5,0
Bermuda,1971,243,14,18,4,1,0,5,10,14,23,36,55,49,26,3,5,5,5,9,10,13,15,21,26,29,25,24,14,12,3,0,19,5,0
Bermuda,1972,227,12,15,3,0,0,4,10,10,21,34,53,46,26,4,5,5,5,5,10,11,15,19,24,29,25,21,16,10,4,0,15,4,0
Bermuda,1973,202,7,7,0,0,0,3,10,10,18,31,48,44,26,4,5,5,5,5,8,10,14,17,21,27,24,20,16,10,4,0,7,3,0
Bermuda,1974,199,8,10,2,0,0,4,10,10,15,28,46,46,26,4,5,5,5,5,5,10,12,16,20,26,26,20,16,10,4,0,10,4,0
Bermuda,1975,202,7,7,0,0,0,3,10,10,16,28,46,49,25,5,5,5,5,5,6,10,12,16,21,25,28,21,18,7,5,0,7,3,0
Bermuda,1976,215,7,7,0,0,0,3,10,10,17,30,48,52,27,5,5,5,5,5,7,10,14,16,23,25,29,23,18,9,5,0,7,3,0
Bermuda,1977,218,7,7,0,0,0,3,10,10,17,32,48,55,27,5,5,5,5,5,7,10,14,18,23,25,30,25,18,9,5,0,7,3,0
Bermuda,1978,212,6,6,0,0,0,3,10,10,16,32,48,55,26,5,5,5,5,5,6,10,14,18,23,25,28,27,17,9,5,0,6,3,0
Bermuda,1979,204,5,5,0,0,0,3,10,10,16,30,47,53,27,4,5,5,5,5,6,10,13,17,22,25,26,27,17,10,4,0,5,3,0
Bermuda,1980,212,7,7,0,0,0,3,10,10,15,29,46,55,30,3,5,5,5,5,5,10,13,16,21,25,26,29,19,11,3,0,7,3,0
Bermuda,1981,213,4,4,0,0,0,3,10,10,15,30,46,54,31,3,5,5,5,5,5,10,14,16,21,25,25,29,20,11,3,0,4,3,0
Bermuda,1982,221,6,6,0,0,0,3,10,10,15,32,48,58,34,3,5,5,5,5,5,10,14,18,20,28,28,30,22,12,3,0,6,3,0
Bermuda,1983,220,4,4,0,0,0,2,10,10,14,32,49,56,34,4,5,5,5,5,5,9,14,18,22,27,27,29,23,11,4,0,4,2,0
Bermuda,1984,204,3,3,0,0,0,2,10,10,15,30,43,50,33,4,5,5,5,5,5,10,13,17,20,23,25,25,22,11,4,0,3,2,0
Bermuda,1985,227,4,4,0,0,0,2,10,10,16,32,47,60,39,4,5,5,5,5,6,10,14,18,21,26,30,30,26,13,4,0,4,2,0
Bermuda,1986,244,6,6,0,0,0,2,10,10,20,35,51,60,43,5,5,5,5,5,10,10,15,20,25,26,30,30,28,15,5,0,6,2,0
Bermuda,1987,240,5,5,0,0,0,2,10,11,20,34,49,60,43,5,5,5,5,6,10,10,14,20,24,25,30,30,27,16,5,0,5,2,0
Bermuda,1988,231,4,4,0,0,0,2,10,10,20,32,48,56,42,6,5,5,5,5,10,10,13,19,23,25,28,28,26,16,6,0,4,2,0
Bermuda,1989,236,3,3,0,0,0,2,10,11,20,32,49,56,44,6,5,5,5,6,10,10,13,19,24,25,28,28,27,17,6,0,3,2,0
Bermuda,1990,243,4,4,0,0,0,2,10,10,19,31,49,60,47,7,5,5,5,5,9,10,12,19,24,25,30,30,28,19,7,0,4,2,0
Bermuda,1991,240,5,5,0,0,0,1,10,10,18,31,49,58,47,8,5,5,5,5,8,10,12,19,24,25,28,30,28,19,8,0,5,1,0
Bermuda,1992,240,5,5,0,0,0,1,10,10,17,29,51,58,49,8,5,5,5,5,7,10,11,18,24,27,28,30,29,20,8,0,5,1,0
Bermuda,1993,256,6,6,0,0,0,1,10,10,19,31,56,60,51,10,5,5,5,5,9,10,13,18,26,30,30,30,30,21,9,1,6,1,0
Bermuda,1994,251,6,6,0,0,0,0,10,10,18,30,54,60,49,10,5,5,5,5,8,10,13,17,24,30,30,30,28,21,9,1,6,0,0
Bermuda,1995,225,4,4,0,0,0,0,8,10,17,28,49,51,43,11,3,5,5,5,7,10,12,16,23,26,26,25,25,18,9,2,4,0,0
Bermuda,1996,189,1,1,0,0,0,0,8,10,19,23,38,42,34,8,3,5,5,5,9,10,10,13,18,20,22,20,20,14,7,1,1,0,0
Bermuda,1997,206,2,2,0,0,0,0,5,10,16,26,44,51,41,11,0,5,5,5,6,10,11,15,19,25,26,25,24,17,9,2,2,0,0
Bermuda,1998,174,1,1,0,0,0,0,6,12,20,20,32,38,33,8,1,5,5,7,10,10,10,10,15,17,20,18,19,14,7,1,1,0,0
Bermuda,1999,192,1,1,0,0,0,0,5,10,18,27,37,43,36,12,0,5,5,5,8,10,12,15,17,20,23,20,20,16,10,2,1,0,0
Bermuda,2000,209,2,2,0,0,0,0,2,10,14,27,41,53,43,12,0,2,5,5,5,9,12,15,17,24,27,26,24,19,11,1,2,0,0
Bermuda,2001,207,2,2,0,0,0,0,0,10,13,26,39,55,43,11,0,0,5,5,5,8,11,15,16,23,27,28,24,19,10,1,2,0,0
Bermuda,2002,164,1,1,0,0,0,0,2,10,15,20,29,40,32,12,0,2,5,5,5,10,10,10,13,16,20,20,18,14,10,2,1,0,0
Bermuda,2003,196,1,1,0,0,0,0,0,10,15,25,34,52,40,12,0,0,5,5,5,10,10,15,15,19,25,27,23,17,10,2,1,0,0
Bermuda,2004,204,1,1,0,0,0,0,0,10,16,26,36,53,43,13,0,0,5,5,6,10,11,15,15,21,25,28,25,18,10,3,1,0,0
Bermuda,2005,270,2,2,0,0,0,0,0,8,15,31,51,79,60,17,0,0,3,5,5,10,13,18,23,28,38,41,36,24,13,4,2,0,0
Bermuda,2006,281,4,4,0,0,0,0,0,7,16,33,53,82,64,17,0,0,2,5,6,10,14,19,25,28,40,42,39,25,13,4,4,0,0
Bermuda,2007,261,2,2,0,0,0,0,0,8,17,33,49,73,60,16,0,0,3,5,7,10,14,19,24,25,35,38,37,23,12,4,2,0,0
Bermuda,2008,262,2,2,0,0,0,0,0,7,16,32,50,74,63,14,0,0,2,5,6,10,14,18,24,26,34,40,38,25,11,3,2,0,1
Bermuda,2009,235,1,1,0,0,0,0,0,10,16,31,45,62,56,12,0,0,5,5,6,10,14,17,21,24,27,35,34,22,9,3,1,0,1
Bermuda,2010,263,1,1,0,0,0,0,0,9,16,34,48,71,65,12,0,0,4,5,6,10,15,19,23,25,31,40,38,27,10,2,1,0,1
Bermuda,2011,244,0,0,0,0,0,0,0,9,15,31,46,64,62,12,0,0,4,5,5,10,14,17,21,25,27,37,35,27,10,2,0,0,1
Bermuda,2012,259,1,1,0,0,0,0,0,9,15,32,47,67,67,15,0,0,4,5,5,10,14,18,22,25,30,37,38,29,12,3,1,0,1
Bermuda,2013,293,1,1,0,0,0,0,0,7,14,35,55,78,79,18,0,0,2,5,5,9,15,20,25,30,35,43,46,33,16,2,1,0,1
Bermuda,2014,297,1,1,0,0,0,0,0,5,13,33,56,78,84,18,0,0,0,5,5,8,14,19,25,31,35,43,48,36,16,2,1,0,0
Bermuda,2015,305,2,2,0,0,0,0,0,4,12,33,57,79,90,23,0,0,0,4,5,7,14,19,25,32,36,43,52,38,20,3,2,0,1
Bermuda,2016,320,2,2,0,0,0,0,0,4,12,32,59,83,96,24,0,0,0,4,5,7,13,19,27,32,40,43,56,40,20,4,2,0,0
Bermuda,2017,245,0,0,0,0,0,0,0,9,15,28,42,57,71,21,0,0,4,5,5,10,13,15,20,22,27,30,39,32,17,4,0,0,1
Bermuda,2018,302,1,1,0,0,0,0,0,5,13,30,55,77,89,27,0,0,0,5,5,8,12,18,25,30,37,40,48,41,22,5,1,0,1
Bermuda,2019,305,1,1,0,0,0,0,0,4,13,31,57,78,90,29,0,0,0,4,5,8,12,19,25,32,38,40,46,44,23,6,1,0,1
Bermuda,2020,310,1,1,0,0,0,0,0,3,12,30,59,79,91,30,0,0,0,3,5,7,11,19,26,33,37,42,46,45,24,6,1,0,1
Bermuda,2021,366,1,1,0,0,0,0,0,6,14,42,73,96,95,32,0,0,1,5,5,9,16,26,34,39,47,49,48,47,25,7,1,0,1
Bhutan,1950,3183,1235,1808,573,116,71,82,199,190,187,185,183,130,34,0,102,97,95,95,95,92,95,90,95,88,75,55,27,7,0,0,1924,153,0
Bhutan,1951,3166,1206,1762,556,119,71,85,204,193,193,187,183,131,35,0,104,100,98,95,98,95,95,92,95,88,76,55,26,9,0,0,1881,156,0
Bhutan,1952,3180,1221,1756,535,120,72,86,209,200,194,191,184,131,36,0,107,102,100,100,99,95,96,95,95,89,76,55,27,9,0,0,1876,158,0
Bhutan,1953,3208,1237,1763,526,122,73,88,216,204,195,194,184,131,38,1,110,106,104,100,100,95,99,95,95,89,76,55,29,9,1,0,1885,161,0
Bhutan,1954,3242,1253,1778,525,120,75,90,220,210,200,195,184,131,39,1,112,108,105,105,103,97,100,95,95,89,76,55,30,9,1,0,1898,165,0
Bhutan,1955,3279,1270,1798,528,116,75,90,225,214,204,195,188,131,39,1,114,111,109,105,104,100,100,95,99,89,76,55,30,9,1,0,1914,165,0
Bhutan,1956,3320,1287,1823,536,113,76,90,230,218,207,196,190,131,39,1,117,113,110,108,107,100,100,96,99,91,76,55,30,9,1,0,1936,166,0
Bhutan,1957,3361,1302,1846,544,111,78,91,233,224,210,204,191,133,40,1,117,116,114,110,109,101,104,100,100,91,77,56,30,10,1,0,1957,169,0
Bhutan,1958,3403,1317,1867,550,109,78,92,236,227,215,205,191,136,42,1,119,117,115,112,110,105,105,100,100,91,78,58,31,11,1,0,1976,170,0
Bhutan,1959,3444,1331,1888,557,110,78,94,242,235,218,205,194,137,42,1,121,121,120,115,113,105,105,100,100,94,78,59,31,11,1,0,1998,172,0
Bhutan,1960,3485,1346,1910,564,110,76,95,243,237,220,209,197,138,45,1,121,122,120,117,114,106,108,101,103,94,78,60,32,13,1,0,2020,171,0
Bhutan,1961,3523,1359,1928,569,111,75,95,246,245,228,213,199,140,48,1,123,123,125,120,118,110,109,104,104,95,80,60,35,13,1,0,2039,170,0
Bhutan,1962,3559,1370,1944,574,113,71,96,249,247,230,215,201,141,49,2,124,125,125,122,119,111,110,105,105,96,81,60,35,14,2,0,2057,167,0
Bhutan,1963,3603,1382,1962,580,113,70,97,250,254,235,219,202,143,51,6,124,126,129,125,123,112,113,106,105,97,83,60,35,16,6,0,2075,167,0
Bhutan,1964,3643,1392,1978,586,116,69,97,254,260,240,223,208,144,51,8,127,127,130,130,124,116,114,109,109,99,84,60,35,16,6,2,2094,166,0
Bhutan,1965,3679,1400,1990,590,117,68,94,257,261,245,225,210,146,51,11,127,130,131,130,128,117,115,110,110,100,85,61,35,16,7,4,2107,162,0
Bhutan,1966,3710,1404,1999,595,118,70,92,259,267,251,231,211,150,51,12,129,130,133,134,130,121,119,112,110,101,87,63,35,16,7,5,2117,162,1
Bhutan,1967,3739,1406,2004,598,119,70,88,260,269,255,235,218,152,52,13,130,130,134,135,133,122,120,115,114,104,88,64,35,17,8,5,2123,158,2
Bhutan,1968,3767,1407,2009,602,120,70,85,261,273,262,240,221,157,52,13,130,131,136,137,136,126,124,116,115,106,90,67,35,17,8,5,2129,155,2
Bhutan,1969,3765,1397,1996,599,120,70,83,259,277,265,243,225,160,53,13,128,131,137,140,138,127,125,118,118,107,92,68,36,17,8,5,2116,153,2
Bhutan,1970,3768,1388,1983,595,121,70,82,255,276,270,248,228,162,57,13,124,131,136,140,139,131,128,120,119,109,93,69,40,17,8,5,2104,152,2
Bhutan,1971,3773,1380,1973,593,121,70,82,252,276,270,251,231,166,57,13,120,132,136,140,139,131,129,122,120,111,94,72,40,17,8,5,2094,152,3
Bhutan,1972,3765,1366,1953,587,121,70,82,247,275,276,257,237,171,59,13,115,132,135,140,143,133,132,125,124,113,98,73,41,18,8,5,2074,152,3
Bhutan,1973,3763,1354,1937,583,122,70,82,242,276,279,261,241,173,61,13,112,130,135,141,143,136,134,127,125,116,99,74,42,19,8,5,2059,152,3
Bhutan,1974,3763,1342,1920,578,122,70,83,237,275,281,266,247,179,62,13,109,128,134,141,144,137,136,130,129,118,102,77,43,19,8,5,2042,153,3
Bhutan,1975,3762,1330,1903,573,124,70,83,231,275,285,271,251,183,67,14,107,124,134,141,145,140,139,132,130,121,104,79,46,21,9,5,2027,153,3
Bhutan,1976,3757,1318,1884,566,124,70,83,227,274,286,278,260,189,68,14,107,120,134,140,145,141,142,136,135,125,107,82,47,21,9,5,2008,153,3
Bhutan,1977,3760,1306,1865,559,124,71,83,223,273,290,285,267,194,70,14,107,116,133,140,145,145,145,140,139,128,110,84,49,21,9,5,1989,154,3
Bhutan,1978,3758,1294,1842,548,122,71,85,220,272,292,291,272,201,73,14,107,113,132,140,147,145,149,142,141,131,114,87,51,22,9,5,1964,156,3
Bhutan,1979,3759,1283,1821,538,122,71,85,217,270,297,296,280,208,78,15,107,110,130,140,149,148,150,146,145,135,118,90,53,25,10,5,1943,156,3
Bhutan,1980,3755,1268,1793,525,121,71,85,215,267,298,306,289,213,79,15,107,108,127,140,148,150,155,151,150,139,120,93,54,25,10,5,1914,156,3
Bhutan,1981,3742,1249,1761,512,119,71,85,213,262,299,312,298,221,82,15,107,106,123,139,148,151,157,155,155,143,125,96,57,25,10,5,1880,156,3
Bhutan,1982,3722,1227,1725,498,118,71,85,211,255,299,320,307,229,85,16,106,105,117,138,147,152,160,160,159,148,130,99,59,26,11,5,1843,156,2
Bhutan,1983,3701,1205,1688,483,118,71,85,209,248,299,328,317,237,90,14,104,105,112,136,147,152,163,165,164,153,134,103,62,28,10,4,1806,156,2
Bhutan,1984,3680,1181,1649,468,117,70,85,205,241,299,331,327,245,94,15,104,101,108,133,145,154,164,167,169,158,139,106,64,30,11,4,1766,155,1
Bhutan,1985,3668,1155,1610,455,117,71,85,205,234,299,340,338,255,98,13,104,101,105,129,145,154,168,172,175,163,145,110,67,31,11,2,1727,156,1
Bhutan,1986,3645,1130,1571,441,115,69,85,204,226,300,347,350,264,102,12,104,100,103,123,145,155,171,176,180,170,150,114,70,32,10,2,1686,154,1
Bhutan,1987,3616,1103,1528,425,113,68,85,201,219,297,353,360,274,105,12,104,97,102,117,143,154,172,181,185,175,155,119,72,33,10,2,1641,153,0
Bhutan,1988,3589,1070,1478,408,111,68,85,201,211,296,359,372,284,109,10,104,97,99,112,141,155,174,185,190,182,160,124,75,34,9,1,1589,153,0
Bhutan,1989,3565,1038,1431,393,109,67,85,200,205,293,367,386,297,115,10,104,96,97,108,138,155,177,190,198,188,167,130,80,35,9,1,1540,152,0
Bhutan,1990,3543,1003,1382,379,106,67,85,198,201,291,373,400,309,121,11,103,95,96,105,135,156,179,194,204,196,174,135,84,37,10,1,1488,152,0
Bhutan,1991,3507,966,1326,360,105,66,85,197,197,284,378,412,320,125,11,103,94,93,104,128,156,180,198,209,203,180,140,87,38,10,1,1431,151,0
Bhutan,1992,3402,910,1247,337,101,65,85,190,188,272,372,419,329,126,12,100,90,89,99,120,152,175,197,213,206,184,145,88,38,11,1,1348,150,0
Bhutan,1993,3001,777,1061,284,87,56,75,167,162,236,335,385,305,120,10,88,79,77,85,102,134,157,178,194,191,170,135,83,37,9,1,1148,131,0
Bhutan,1994,2910,727,993,266,84,56,72,162,157,224,333,387,310,121,10,85,77,75,82,96,128,155,178,194,193,175,135,85,36,9,1,1077,128,0
Bhutan,1995,2792,669,908,239,78,52,70,157,147,212,325,391,318,122,11,83,74,70,77,91,121,150,175,196,195,178,140,85,37,10,1,986,122,0
Bhutan,1996,2742,627,849,222,75,51,70,154,145,204,325,399,329,129,11,82,72,70,75,88,116,150,175,198,201,184,145,90,39,10,1,924,121,0
Bhutan,1997,2696,584,791,207,71,50,70,154,141,198,327,410,340,134,12,82,72,68,73,87,111,150,177,202,208,190,150,93,41,11,1,862,120,0
Bhutan,1998,2646,544,732,188,69,47,65,148,136,193,329,417,357,141,12,79,69,65,71,85,108,149,180,204,213,199,158,98,43,11,1,801,112,0
Bhutan,1999,2606,505,675,170,65,46,65,148,134,185,328,429,369,147,12,79,69,65,69,82,103,148,180,209,220,205,164,102,45,11,1,740,111,0
Bhutan,2000,2732,498,676,178,70,51,70,160,142,191,328,448,408,170,16,86,74,70,72,86,105,145,183,215,233,224,184,118,52,15,1,746,121,0
Bhutan,2001,2637,446,586,140,59,44,68,154,134,182,311,447,434,199,18,84,70,65,69,82,100,135,176,212,235,234,200,135,64,17,1,645,112,0
Bhutan,2002,2662,418,544,126,54,43,68,159,134,181,300,451,466,229,26,87,72,65,69,81,100,129,171,211,240,247,219,153,76,23,3,598,111,0
Bhutan,2003,2689,390,503,113,51,43,68,160,134,180,292,452,497,268,36,88,72,65,69,80,100,126,166,208,244,259,238,174,94,31,5,554,111,0
Bhutan,2004,2744,379,480,101,47,39,66,166,135,180,287,450,525,312,51,90,76,65,70,80,100,125,162,204,246,269,256,198,114,43,8,527,105,0
Bhutan,2005,2801,361,452,91,44,38,65,168,137,184,287,441,551,362,73,90,78,66,71,82,102,130,157,197,244,278,273,224,138,58,15,496,103,0
Bhutan,2006,2811,343,425,82,42,36,64,167,136,184,287,441,566,383,83,89,78,66,70,82,102,130,157,196,245,283,283,235,148,66,17,467,100,1
Bhutan,2007,2772,323,398,75,37,33,60,160,133,179,290,441,578,386,77,84,76,66,67,79,100,130,160,196,245,288,290,238,148,62,15,435,93,2
Bhutan,2008,2740,301,369,68,35,32,58,153,130,177,290,441,589,392,73,79,74,64,66,77,100,130,160,196,245,291,298,244,148,58,15,404,90,2
Bhutan,2009,2731,281,345,64,33,29,56,149,127,174,294,444,604,404,70,77,72,64,63,77,97,130,164,197,247,296,308,252,152,56,14,378,85,2
Bhutan,2010,2715,262,318,56,31,28,53,141,125,171,296,445,617,418,70,74,67,63,62,76,95,129,167,198,247,299,318,262,156,57,13,349,81,2
Bhutan,2011,2725,247,299,52,28,24,51,137,125,169,296,449,628,442,72,71,66,64,61,74,95,127,169,201,248,301,327,277,165,59,13,327,75,1
Bhutan,2012,2735,232,279,47,27,23,49,133,120,167,297,454,639,470,75,70,63,60,60,72,95,126,171,204,250,305,334,294,176,63,12,306,72,1
Bhutan,2013,2756,220,265,45,25,22,45,130,120,166,296,459,647,500,81,68,62,60,60,71,95,124,172,208,251,306,341,310,190,69,12,290,67,2
Bhutan,2014,2791,208,249,41,24,21,42,127,119,165,295,464,655,536,92,66,61,59,60,70,95,123,172,212,252,309,346,327,209,79,13,273,63,2
Bhutan,2015,2833,195,233,38,23,21,41,125,117,163,295,470,663,573,110,64,61,57,60,68,95,123,172,216,254,312,351,343,230,92,18,256,62,2
Bhutan,2016,2883,178,213,35,22,19,37,123,116,163,297,478,669,614,129,62,61,55,61,68,95,126,171,220,258,315,354,358,256,107,22,235,56,2
Bhutan,2017,2946,163,195,32,20,19,35,117,116,163,297,488,677,652,163,57,60,55,61,69,94,126,171,224,264,318,359,368,284,130,33,215,54,2
Bhutan,2018,2904,147,177,30,19,17,35,114,118,165,300,499,671,630,155,54,60,57,61,71,94,129,171,228,271,316,355,355,275,124,31,196,52,2
Bhutan,2019,2874,134,160,26,19,17,34,110,122,169,305,509,671,610,147,51,59,60,62,74,95,132,173,232,277,316,355,345,265,118,29,179,51,3
Bhutan,2020,2872,129,155,26,18,16,33,104,122,172,312,526,675,599,141,48,56,60,62,76,96,136,176,236,290,320,355,339,260,114,27,173,49,3
Bhutan,2021,2864,124,147,23,17,16,31,99,122,177,318,534,683,581,137,46,53,60,62,78,99,136,182,236,298,327,356,333,248,111,26,164,47,3
Bolivia,1950,42659,13196,21803,8607,1767,790,883,2109,1662,1666,1993,3075,3604,2661,622,1166,943,820,842,837,829,904,1089,1422,1653,1841,1763,1617,1044,456,166,23570,1673,26
Bolivia,1951,42672,13380,21950,8570,1810,804,887,2147,1674,1693,1977,3071,3580,2502,552,1180,967,829,845,852,841,904,1073,1411,1660,1846,1734,1528,974,420,132,23760,1691,25
Bolivia,1952,42953,13489,22020,8531,1830,815,922,2318,1757,1757,1984,3077,3583,2367,494,1261,1057,884,873,888,869,919,1065,1406,1671,1860,1723,1446,921,384,110,23850,1737,24
Bolivia,1953,42623,13627,22155,8528,1847,832,895,2192,1684,1738,1951,3044,3578,2241,448,1180,1012,850,834,875,863,914,1037,1379,1665,1863,1715,1373,868,353,95,24002,1727,21
Bolivia,1954,42823,13776,22343,8567,1847,851,908,2225,1710,1772,1959,3036,3599,2146,411,1188,1037,872,838,890,882,930,1029,1366,1670,1879,1720,1325,821,329,82,24190,1759,18
Bolivia,1955,42906,13927,22528,8601,1832,869,913,2230,1722,1786,1958,3005,3605,2064,382,1186,1044,885,837,893,893,939,1019,1345,1660,1884,1721,1289,775,307,75,24360,1782,13
Bolivia,1956,43099,14091,22735,8644,1827,887,925,2240,1749,1803,1973,2974,3618,2003,357,1188,1052,906,843,895,908,953,1020,1325,1649,1892,1726,1272,731,287,70,24562,1812,11
Bolivia,1957,43390,14260,22950,8690,1829,906,945,2257,1792,1825,2003,2944,3639,1957,335,1195,1062,933,859,897,928,973,1030,1307,1637,1902,1737,1264,693,271,64,24779,1851,9
Bolivia,1958,43781,14537,23282,8745,1836,915,965,2267,1834,1841,2033,2908,3656,1923,316,1203,1064,958,876,895,946,990,1043,1288,1620,1907,1749,1262,661,257,59,25118,1880,8
Bolivia,1959,44023,14709,23523,8814,1844,916,984,2263,1861,1844,2059,2866,3660,1899,297,1206,1057,972,889,889,955,1004,1055,1271,1595,1903,1757,1261,638,242,55,25367,1900,7
Bolivia,1960,44459,14812,23697,8885,1872,919,1018,2308,1924,1884,2117,2862,3675,1893,279,1232,1076,1001,923,908,976,1035,1082,1275,1587,1904,1771,1268,625,228,51,25569,1937,6
Bolivia,1961,44614,14915,23842,8927,1882,913,1036,2308,1942,1887,2144,2834,3666,1888,265,1239,1069,1003,939,911,976,1049,1095,1273,1561,1888,1778,1271,617,215,50,25724,1949,6
Bolivia,1962,44709,15004,23958,8954,1890,905,1051,2304,1945,1880,2170,2809,3648,1891,249,1245,1059,992,953,914,966,1061,1109,1277,1532,1866,1782,1277,614,204,45,25848,1956,5
Bolivia,1963,45062,15072,24029,8957,1922,913,1073,2358,1997,1919,2232,2822,3644,1901,240,1284,1074,1007,990,943,976,1093,1139,1303,1519,1853,1791,1287,614,197,43,25951,1986,5
Bolivia,1964,45167,15125,24062,8937,1939,918,1076,2379,2006,1933,2268,2823,3617,1908,230,1304,1075,1001,1005,961,972,1108,1160,1320,1503,1828,1789,1294,614,189,41,26001,1994,5
Bolivia,1965,45305,15175,24105,8930,1955,924,1075,2404,2012,1954,2298,2837,3590,1920,225,1325,1079,996,1016,978,976,1117,1181,1340,1497,1807,1783,1303,617,186,39,26060,1999,4
Bolivia,1966,45391,15204,24088,8884,1966,931,1071,2439,2014,1986,2325,2863,3550,1928,219,1351,1088,993,1021,1000,986,1122,1203,1364,1499,1780,1770,1307,621,184,35,26054,2002,4
Bolivia,1967,45559,15245,24095,8850,1974,939,1071,2496,2023,2030,2355,2903,3513,1938,218,1386,1110,998,1025,1027,1003,1124,1231,1391,1512,1756,1757,1313,625,183,35,26069,2010,4
Bolivia,1968,45759,15294,24099,8805,1993,953,1073,2517,2029,2089,2391,2965,3478,1948,216,1394,1123,999,1030,1060,1029,1129,1262,1425,1540,1736,1742,1318,630,183,33,26092,2026,4
Bolivia,1969,45713,15314,24060,8746,1983,959,1075,2513,2005,2114,2400,3004,3432,1949,216,1381,1132,991,1014,1071,1043,1123,1277,1446,1558,1716,1716,1316,633,184,32,26043,2034,3
Bolivia,1970,45781,15314,24009,8695,1984,967,1084,2521,2004,2151,2423,3061,3407,1948,214,1372,1149,993,1011,1085,1066,1130,1293,1476,1585,1710,1697,1310,638,184,30,25993,2051,3
Bolivia,1971,45806,15326,23948,8622,1977,973,1091,2522,2002,2178,2444,3118,3386,1942,217,1359,1163,997,1005,1088,1090,1142,1302,1505,1613,1713,1673,1300,642,187,30,25925,2064,3
Bolivia,1972,45857,15303,23864,8561,1973,981,1103,2522,2006,2211,2467,3187,3382,1938,217,1348,1174,1004,1002,1091,1120,1162,1305,1540,1647,1730,1652,1292,646,187,30,25837,2084,3
Bolivia,1973,45786,15281,23763,8482,1961,982,1109,2502,1996,2218,2479,3245,3381,1927,219,1333,1169,1005,991,1076,1142,1180,1299,1568,1677,1752,1629,1279,648,189,30,25724,2091,3
Bolivia,1974,45692,15260,23649,8389,1946,978,1114,2477,1989,2220,2498,3295,3389,1910,220,1326,1151,1008,981,1064,1156,1201,1297,1589,1706,1776,1613,1263,647,190,30,25595,2092,3
Bolivia,1975,45994,15189,23574,8385,1959,989,1139,2494,2026,2257,2567,3392,3456,1915,224,1343,1151,1033,993,1072,1185,1243,1324,1628,1764,1828,1628,1262,653,193,31,25533,2128,3
Bolivia,1976,45978,15145,23423,8278,1950,990,1148,2483,2040,2260,2618,3447,3499,1891,225,1348,1135,1043,997,1067,1193,1276,1342,1644,1803,1864,1635,1244,647,194,31,25373,2138,3
Bolivia,1977,45939,15093,23263,8170,1935,988,1156,2468,2051,2258,2678,3494,3552,1871,225,1349,1119,1050,1001,1061,1197,1311,1367,1648,1846,1900,1652,1227,644,194,31,25198,2144,3
Bolivia,1978,45829,15006,23054,8048,1917,983,1160,2456,2052,2246,2741,3535,3614,1844,226,1352,1104,1046,1006,1055,1191,1345,1396,1648,1887,1938,1676,1209,635,194,32,24971,2143,3
Bolivia,1979,45699,14872,22791,7919,1899,980,1162,2454,2049,2238,2805,3576,3686,1830,228,1356,1098,1033,1016,1052,1186,1373,1432,1654,1922,1982,1704,1202,628,196,32,24690,2142,3
Bolivia,1980,45571,14723,22504,7781,1879,975,1164,2456,2043,2235,2866,3624,3765,1825,228,1361,1095,1017,1026,1053,1182,1395,1471,1673,1951,2027,1738,1203,622,195,33,24383,2139,3
Bolivia,1981,45480,14548,22176,7628,1865,973,1170,2467,2048,2249,2937,3682,3857,1826,226,1370,1097,1007,1041,1062,1187,1417,1520,1704,1978,2080,1777,1210,616,193,33,24041,2143,3
Bolivia,1982,45434,14338,21795,7457,1854,975,1178,2494,2064,2280,3018,3752,3963,1837,224,1386,1108,1002,1062,1082,1198,1437,1581,1753,1999,2141,1822,1229,608,191,33,23649,2153,3
Bolivia,1983,45547,14150,21457,7307,1854,981,1196,2532,2089,2328,3109,3836,4078,1855,223,1406,1126,1008,1081,1112,1216,1459,1650,1813,2023,2206,1872,1251,604,190,33,23311,2177,3
Bolivia,1984,45177,13891,20967,7076,1819,971,1192,2520,2063,2338,3146,3897,4163,1878,221,1398,1122,996,1067,1122,1216,1456,1690,1863,2034,2248,1915,1277,601,188,33,22786,2163,3
Bolivia,1985,45127,13686,20550,6864,1801,968,1203,2545,2071,2387,3211,4005,4257,1906,218,1408,1137,1005,1066,1151,1236,1472,1739,1932,2073,2292,1965,1303,603,185,33,22351,2171,3
Bolivia,1986,44979,13474,20140,6666,1775,963,1205,2547,2058,2423,3253,4114,4340,1944,218,1407,1140,1005,1053,1171,1252,1481,1772,1998,2116,2322,2018,1333,611,185,33,21915,2168,3
Bolivia,1987,44878,13258,19723,6465,1747,957,1210,2557,2054,2465,3292,4252,4420,1983,212,1411,1146,1010,1044,1190,1275,1494,1798,2078,2174,2345,2075,1364,619,181,31,21470,2167,3
Bolivia,1988,44437,12989,19243,6254,1697,942,1200,2519,2015,2463,3286,4363,4470,2025,211,1390,1129,996,1019,1182,1281,1489,1797,2137,2226,2347,2123,1395,630,181,30,20940,2142,3
Bolivia,1989,44164,12683,18742,6059,1662,933,1198,2505,2009,2476,3306,4501,4540,2075,211,1383,1122,995,1014,1172,1304,1499,1807,2203,2298,2370,2170,1430,645,181,30,20404,2131,3
Bolivia,1990,43735,12352,18172,5820,1614,918,1191,2478,1994,2477,3324,4620,4605,2127,211,1371,1107,989,1005,1154,1323,1510,1814,2251,2369,2400,2205,1467,660,181,30,19786,2109,3
Bolivia,1991,43268,11976,17551,5575,1569,902,1182,2451,1979,2472,3349,4736,4677,2179,213,1357,1094,982,997,1132,1340,1524,1825,2288,2448,2448,2229,1504,675,183,30,19120,2084,3
Bolivia,1992,42815,11580,16946,5366,1535,890,1176,2423,1960,2463,3371,4841,4747,2237,217,1344,1079,972,988,1110,1353,1541,1830,2310,2531,2503,2244,1544,693,187,30,18481,2066,3
Bolivia,1993,42206,11108,16185,5077,1483,868,1165,2393,1942,2452,3412,4953,4833,2298,221,1328,1065,961,981,1094,1358,1568,1844,2327,2626,2574,2259,1587,711,191,30,17668,2033,3
Bolivia,1994,43040,10591,15370,4779,1441,847,1159,2394,1970,2480,3530,5228,5293,2809,510,1326,1068,969,1001,1107,1373,1625,1905,2414,2814,2810,2483,1838,971,399,111,16811,2006,12
Bolivia,1995,43660,10102,14594,4492,1397,828,1148,2380,1978,2486,3636,5462,5736,3245,748,1316,1064,969,1009,1116,1370,1674,1962,2490,2972,3034,2702,2060,1185,566,182,15991,1976,21
Bolivia,1996,44157,9659,13860,4201,1353,812,1138,2368,1987,2494,3743,5669,6164,3604,935,1307,1061,968,1019,1127,1367,1724,2019,2563,3106,3251,2913,2246,1358,696,239,15213,1950,29
Bolivia,1997,44099,9184,13109,3925,1289,784,1106,2298,1940,2443,3785,5789,6544,3898,1074,1268,1030,940,1000,1111,1332,1734,2051,2599,3190,3442,3102,2399,1499,791,283,14398,1890,37
Bolivia,1998,44383,8767,12424,3657,1243,773,1098,2287,1948,2464,3884,5948,6945,4153,1175,1260,1027,941,1007,1127,1337,1766,2118,2664,3284,3645,3300,2536,1617,861,314,13667,1871,44
Bolivia,1999,44730,8409,11808,3399,1189,753,1091,2290,1972,2513,3991,6126,7327,4375,1243,1259,1031,951,1021,1153,1360,1792,2199,2744,3382,3834,3493,2666,1709,907,336,12997,1844,49
Bolivia,2000,44892,8005,11191,3186,1138,739,1086,2287,1983,2558,4072,6276,7656,4567,1283,1255,1032,955,1028,1174,1384,1801,2271,2814,3462,3985,3671,2788,1779,935,348,12329,1825,53
Bolivia,2001,45029,7599,10591,2992,1091,724,1082,2277,1993,2606,4154,6432,7963,4747,1312,1248,1029,958,1035,1195,1411,1807,2347,2889,3543,4115,3848,2910,1837,956,356,11682,1806,56
Bolivia,2002,44413,7257,10073,2816,1047,711,1085,2284,2010,2660,4214,6502,8024,4612,1139,1251,1033,966,1044,1217,1443,1812,2402,2941,3561,4128,3896,2885,1727,835,304,11120,1796,52
Bolivia,2003,44202,6955,9605,2650,1014,704,1105,2323,2058,2750,4316,6632,8119,4532,999,1271,1052,988,1070,1253,1497,1848,2468,3025,3607,4152,3967,2884,1648,740,259,10619,1809,47
Bolivia,2004,43554,6671,9151,2480,968,679,1099,2309,2054,2780,4335,6682,8112,4457,883,1263,1046,985,1069,1258,1522,1866,2469,3071,3611,4126,3986,2873,1584,664,219,10119,1778,42
Bolivia,2005,43298,6415,8756,2341,932,662,1102,2319,2070,2835,4389,6795,8154,4447,799,1269,1050,990,1080,1274,1561,1909,2480,3145,3650,4136,4018,2893,1554,611,188,9688,1764,37
Bolivia,2006,43101,6235,8455,2220,897,642,1098,2323,2076,2871,4425,6908,8181,4462,734,1273,1050,991,1085,1280,1591,1944,2481,3216,3692,4143,4038,2924,1538,570,164,9352,1740,32
Bolivia,2007,43150,5984,8092,2108,867,628,1105,2358,2117,2951,4514,7074,8231,4501,686,1293,1065,1008,1109,1310,1641,2008,2506,3306,3768,4171,4060,2968,1533,542,144,8959,1733,28
Bolivia,2008,42997,5702,7710,2008,832,609,1095,2361,2119,2982,4583,7203,8267,4561,651,1296,1065,1007,1112,1318,1664,2055,2528,3359,3844,4195,4072,3022,1539,521,130,8542,1704,24
Bolivia,2009,42774,5419,7307,1888,792,587,1079,2358,2122,3009,4676,7302,8288,4607,626,1294,1064,1008,1114,1327,1682,2105,2571,3380,3922,4218,4070,3057,1550,508,118,8099,1666,21
Bolivia,2010,42913,5160,6939,1779,764,573,1074,2394,2166,3085,4831,7446,8360,4653,610,1313,1081,1027,1139,1358,1727,2181,2650,3412,4034,4272,4088,3088,1565,501,109,7703,1647,18
Bolivia,2011,42778,4922,6595,1673,734,554,1055,2397,2177,3123,4939,7528,8391,4676,598,1310,1087,1031,1146,1374,1749,2232,2707,3411,4117,4306,4085,3093,1583,496,102,7329,1609,16
Bolivia,2012,43266,4710,6294,1584,718,543,1053,2451,2236,3221,5134,7716,8542,4746,598,1332,1119,1058,1178,1418,1803,2319,2815,3465,4251,4411,4131,3126,1620,500,98,7012,1596,14
Bolivia,2013,43310,4556,6075,1519,697,529,1033,2441,2238,3244,5235,7790,8631,4784,600,1319,1122,1058,1180,1425,1819,2355,2880,3485,4305,4484,4147,3132,1652,505,95,6772,1562,12
Bolivia,2014,43667,4433,5897,1464,683,522,1026,2461,2274,3307,5378,7904,8774,4824,603,1320,1141,1075,1199,1452,1855,2406,2972,3560,4344,4588,4186,3145,1679,510,93,6580,1548,11
Bolivia,2015,44045,4340,5756,1416,669,511,1019,2467,2303,3363,5513,8012,8937,4866,613,1312,1155,1089,1214,1473,1890,2452,3061,3648,4364,4700,4237,3164,1702,520,93,6425,1530,11
Bolivia,2016,44132,4268,5644,1376,652,501,999,2431,2293,3362,5579,8057,9079,4898,623,1287,1144,1086,1207,1468,1894,2465,3114,3707,4350,4794,4285,3180,1718,530,93,6296,1500,10
Bolivia,2017,44839,4205,5552,1347,645,500,1001,2453,2353,3452,5750,8227,9305,4949,638,1289,1164,1116,1237,1505,1947,2530,3220,3832,4395,4926,4379,3213,1736,545,93,6197,1501,10
Bolivia,2018,45573,4137,5446,1309,638,500,1002,2487,2431,3561,5926,8436,9496,4986,651,1299,1188,1155,1276,1552,2009,2603,3323,3971,4465,5019,4477,3239,1747,557,94,6084,1502,9
Bolivia,2019,46251,4065,5345,1280,630,499,1000,2499,2486,3642,6075,8682,9671,5044,668,1301,1198,1182,1304,1586,2056,2668,3407,4109,4573,5075,4596,3282,1762,570,98,5975,1499,9
Bolivia,2020,63774,3968,5204,1236,615,492,994,2569,3014,5280,9983,14286,14074,6475,778,1302,1267,1371,1643,2193,3087,4299,5684,6893,7393,7566,6508,4292,2183,668,110,5819,1486,10
Bolivia,2021,68030,3866,5060,1194,593,482,1001,2670,3256,5830,10946,15739,14932,6735,780,1345,1325,1468,1788,2424,3406,4733,6213,7651,8088,7995,6937,4501,2234,669,111,5653,1483,10
Bonaire Sint Eustatius and Saba,1950,63,9,12,3,0,0,0,0,0,0,6,10,16,11,1,0,0,0,0,0,0,1,5,5,5,6,10,6,5,1,0,12,0,0
Bonaire Sint Eustatius and Saba,1951,58,8,11,3,0,0,0,0,0,0,3,10,12,11,0,0,0,0,0,0,0,0,3,5,5,5,7,6,5,0,0,11,0,0
Bonaire Sint Eustatius and Saba,1952,50,6,7,1,0,0,0,0,0,0,0,10,10,10,0,0,0,0,0,0,0,0,0,5,5,5,5,5,5,0,0,7,0,0
Bonaire Sint Eustatius and Saba,1953,50,6,7,1,0,0,0,0,0,0,0,10,10,10,0,0,0,0,0,0,0,0,0,5,5,5,5,5,5,0,0,7,0,0
Bonaire Sint Eustatius and Saba,1954,48,6,7,1,0,0,0,0,0,0,0,10,10,10,0,0,0,0,0,0,0,0,0,5,5,5,5,5,5,0,0,7,0,0
Bonaire Sint Eustatius and Saba,1955,49,6,7,1,0,0,0,0,0,0,3,10,10,10,0,0,0,0,0,0,0,0,3,5,5,5,5,5,5,0,0,7,0,0
Bonaire Sint Eustatius and Saba,1956,49,6,7,1,0,0,0,0,0,0,4,10,10,10,0,0,0,0,0,0,0,0,4,5,5,5,5,5,5,0,0,7,0,0
Bonaire Sint Eustatius and Saba,1957,46,5,5,0,0,0,0,0,0,0,3,10,10,10,0,0,0,0,0,0,0,0,3,5,5,5,5,5,5,0,0,5,0,0
Bonaire Sint Eustatius and Saba,1958,44,5,5,0,0,0,0,0,0,0,2,10,10,10,0,0,0,0,0,0,0,0,2,5,5,5,5,5,5,0,0,5,0,0
Bonaire Sint Eustatius and Saba,1959,44,5,5,0,0,0,0,0,0,0,3,10,10,10,0,0,0,0,0,0,0,0,3,5,5,5,5,5,5,0,0,5,0,0
Bonaire Sint Eustatius and Saba,1960,43,5,5,0,0,0,0,0,0,0,3,10,10,10,0,0,0,0,0,0,0,0,3,5,5,5,5,5,5,0,0,5,0,0
Bonaire Sint Eustatius and Saba,1961,44,5,5,0,0,0,0,0,0,0,3,10,10,10,0,0,0,0,0,0,0,0,3,5,5,5,5,5,5,0,0,5,0,0
Bonaire Sint Eustatius and Saba,1962,40,4,4,0,0,0,0,0,0,0,2,10,10,9,0,0,0,0,0,0,0,0,2,5,5,5,5,5,4,0,0,4,0,0
Bonaire Sint Eustatius and Saba,1963,38,4,4,0,0,0,0,0,0,0,2,10,10,9,0,0,0,0,0,0,0,0,2,5,5,5,5,5,4,0,0,4,0,0
Bonaire Sint Eustatius and Saba,1964,38,4,4,0,0,0,0,0,0,0,2,10,10,10,0,0,0,0,0,0,0,0,2,5,5,5,5,5,5,0,0,4,0,0
Bonaire Sint Eustatius and Saba,1965,44,5,5,0,0,0,0,0,0,0,3,10,10,10,0,0,0,0,0,0,0,0,3,5,5,5,5,5,5,0,0,5,0,0
Bonaire Sint Eustatius and Saba,1966,42,4,4,0,0,0,0,0,0,0,2,10,10,9,0,0,0,0,0,0,0,0,2,5,5,5,5,5,4,0,0,4,0,0
Bonaire Sint Eustatius and Saba,1967,42,4,4,0,0,0,0,0,0,0,2,10,10,9,0,0,0,0,0,0,0,0,2,5,5,5,5,5,4,0,0,4,0,0
Bonaire Sint Eustatius and Saba,1968,44,4,4,0,0,0,0,0,0,0,2,10,10,9,0,0,0,0,0,0,0,0,2,5,5,5,5,5,4,0,0,4,0,0
Bonaire Sint Eustatius and Saba,1969,42,3,3,0,0,0,0,0,0,0,1,10,10,9,0,0,0,0,0,0,0,0,1,5,5,5,5,5,4,0,0,3,0,0
Bonaire Sint Eustatius and Saba,1970,37,2,2,0,0,0,0,0,0,0,0,10,10,9,0,0,0,0,0,0,0,0,0,5,5,5,5,5,4,0,0,2,0,0
Bonaire Sint Eustatius and Saba,1971,38,2,2,0,0,0,0,0,0,0,0,10,11,9,0,0,0,0,0,0,0,0,0,5,5,5,6,5,4,0,0,2,0,0
Bonaire Sint Eustatius and Saba,1972,41,2,2,0,0,0,0,0,0,0,0,10,14,9,0,0,0,0,0,0,0,0,0,5,5,6,8,5,4,0,0,2,0,0
Bonaire Sint Eustatius and Saba,1973,42,2,2,0,0,0,0,0,0,0,0,10,16,7,0,0,0,0,0,0,0,0,0,5,5,6,10,5,2,0,0,2,0,0
Bonaire Sint Eustatius and Saba,1974,43,2,2,0,0,0,0,0,0,0,0,10,17,8,0,0,0,0,0,0,0,0,0,5,5,7,10,6,2,0,0,2,0,0
Bonaire Sint Eustatius and Saba,1975,44,2,2,0,0,0,0,0,0,0,0,10,16,9,0,0,0,0,0,0,0,0,0,5,5,6,10,7,2,0,0,2,0,0
Bonaire Sint Eustatius and Saba,1976,45,2,2,0,0,0,0,0,0,0,0,10,18,9,0,0,0,0,0,0,0,0,0,5,5,8,10,7,2,0,0,2,0,0
Bonaire Sint Eustatius and Saba,1977,47,2,2,0,0,0,0,0,0,0,0,10,18,11,0,0,0,0,0,0,0,0,0,5,5,8,10,8,3,0,0,2,0,0
Bonaire Sint Eustatius and Saba,1978,50,2,2,0,0,0,0,0,0,0,0,10,17,12,0,0,0,0,0,0,0,0,0,5,5,7,10,9,3,0,0,2,0,0
Bonaire Sint Eustatius and Saba,1979,55,3,3,0,0,0,0,0,0,0,1,10,18,14,0,0,0,0,0,0,0,0,1,5,5,8,10,10,4,0,0,3,0,0
Bonaire Sint Eustatius and Saba,1980,60,3,3,0,0,0,0,0,0,0,1,10,18,18,0,0,0,0,0,0,0,0,1,5,5,8,10,12,6,0,0,3,0,0
Bonaire Sint Eustatius and Saba,1981,64,3,3,0,0,0,0,0,0,0,0,10,17,23,2,0,0,0,0,0,0,0,0,5,5,7,10,15,8,2,0,3,0,0
Bonaire Sint Eustatius and Saba,1982,61,3,3,0,0,0,0,0,0,0,0,9,16,21,2,0,0,0,0,0,0,0,0,4,5,6,10,13,8,2,0,3,0,0
Bonaire Sint Eustatius and Saba,1983,59,3,3,0,0,0,0,0,0,0,0,8,15,19,1,0,0,0,0,0,0,0,0,3,5,5,10,10,9,1,0,3,0,0
Bonaire Sint Eustatius and Saba,1984,58,3,3,0,0,0,0,0,0,0,0,7,15,19,2,0,0,0,0,0,0,0,0,2,5,5,10,10,9,2,0,3,0,0
Bonaire Sint Eustatius and Saba,1985,58,3,3,0,0,0,0,0,0,0,0,8,14,19,2,0,0,0,0,0,0,0,0,3,5,5,9,10,9,2,0,3,0,0
Bonaire Sint Eustatius and Saba,1986,59,3,3,0,0,0,0,0,0,0,0,10,14,19,3,0,0,0,0,0,0,0,0,5,5,5,9,10,9,3,0,3,0,0
Bonaire Sint Eustatius and Saba,1987,58,3,3,0,0,0,0,0,0,0,0,10,14,19,3,0,0,0,0,0,0,0,0,5,5,6,8,10,9,3,0,3,0,0
Bonaire Sint Eustatius and Saba,1988,55,2,2,0,0,0,0,0,0,0,0,9,13,19,4,0,0,0,0,0,0,0,0,4,5,6,7,10,9,4,0,2,0,0
Bonaire Sint Eustatius and Saba,1989,57,3,3,0,0,0,0,0,0,0,1,10,16,18,4,0,0,0,0,0,0,0,1,5,5,7,9,10,8,4,0,3,0,0
Bonaire Sint Eustatius and Saba,1990,59,3,3,0,0,0,0,0,0,0,4,10,15,19,4,0,0,0,0,0,0,0,4,5,5,6,9,10,9,4,0,3,0,0
Bonaire Sint Eustatius and Saba,1991,61,3,3,0,0,0,0,0,0,0,4,10,16,20,4,0,0,0,0,0,0,0,4,5,5,6,10,10,10,4,0,3,0,0
Bonaire Sint Eustatius and Saba,1992,64,3,3,0,0,0,0,0,0,0,4,10,15,20,5,0,0,0,0,0,0,0,4,5,5,5,10,10,10,5,0,3,0,0
Bonaire Sint Eustatius and Saba,1993,58,3,3,0,0,0,0,0,0,0,3,10,14,16,5,0,0,0,0,0,0,0,3,5,5,5,9,6,10,5,0,3,0,0
Bonaire Sint Eustatius and Saba,1994,55,2,2,0,0,0,0,0,0,0,2,10,13,14,5,0,0,0,0,0,0,0,2,5,5,5,8,7,7,5,0,2,0,0
Bonaire Sint Eustatius and Saba,1995,50,2,2,0,0,0,0,0,0,0,1,10,11,12,5,0,0,0,0,0,0,0,1,5,5,5,6,7,5,5,0,2,0,0
Bonaire Sint Eustatius and Saba,1996,55,2,2,0,0,0,0,0,0,0,5,10,11,13,5,0,0,0,0,0,0,2,3,5,5,5,6,8,5,5,0,2,0,0
Bonaire Sint Eustatius and Saba,1997,52,2,2,0,0,0,0,0,0,0,6,10,10,14,5,0,0,0,0,0,0,1,5,5,5,5,5,9,5,5,0,2,0,0
Bonaire Sint Eustatius and Saba,1998,53,2,2,0,0,0,0,0,0,0,8,10,10,14,5,0,0,0,0,0,0,3,5,5,5,5,5,9,5,5,0,2,0,0
Bonaire Sint Eustatius and Saba,1999,51,2,2,0,0,0,0,0,0,0,8,10,10,12,5,0,0,0,0,0,0,3,5,5,5,5,5,7,5,5,0,2,0,0
Bonaire Sint Eustatius and Saba,2000,54,2,2,0,0,0,0,0,0,0,9,10,10,11,2,0,0,0,0,0,0,4,5,5,5,5,5,6,5,2,0,2,0,0
Bonaire Sint Eustatius and Saba,2001,55,2,2,0,0,0,0,0,0,0,9,10,10,10,2,0,0,0,0,0,0,4,5,5,5,5,5,5,5,2,0,2,0,0
Bonaire Sint Eustatius and Saba,2002,56,2,2,0,0,0,0,0,0,0,9,11,10,10,1,0,0,0,0,0,0,4,5,5,6,5,5,5,5,1,0,2,0,0
Bonaire Sint Eustatius and Saba,2003,57,2,2,0,0,0,0,0,0,0,10,11,12,10,2,0,0,0,0,0,0,5,5,5,6,6,6,5,5,2,0,2,0,0
Bonaire Sint Eustatius and Saba,2004,59,2,2,0,0,0,0,0,0,0,10,11,16,10,2,0,0,0,0,0,0,5,5,5,6,8,8,5,5,2,0,2,0,0
Bonaire Sint Eustatius and Saba,2005,62,2,2,0,0,0,0,0,0,2,10,10,20,11,3,0,0,0,0,0,2,5,5,5,5,10,10,6,5,3,0,2,0,0
Bonaire Sint Eustatius and Saba,2006,66,2,2,0,0,0,0,0,0,5,10,10,20,12,2,0,0,0,0,0,5,5,5,5,5,10,10,7,5,2,0,2,0,0
Bonaire Sint Eustatius and Saba,2007,68,2,2,0,0,0,0,0,0,5,10,13,20,13,2,0,0,0,0,0,5,5,5,5,8,10,10,8,5,2,0,2,0,0
Bonaire Sint Eustatius and Saba,2008,69,2,2,0,0,0,0,0,0,5,10,15,20,14,2,0,0,0,0,0,5,5,5,5,10,10,10,9,5,2,0,2,0,0
Bonaire Sint Eustatius and Saba,2009,75,2,2,0,0,0,0,0,0,5,10,20,20,15,1,0,0,0,0,0,5,5,5,10,10,10,10,10,5,1,0,2,0,0
Bonaire Sint Eustatius and Saba,2010,84,2,2,0,0,0,0,0,0,5,11,20,20,16,3,0,0,0,0,0,5,5,6,10,10,10,10,10,6,3,0,2,0,0
Bonaire Sint Eustatius and Saba,2011,84,2,2,0,0,0,0,0,0,4,10,20,20,17,5,0,0,0,0,0,4,5,5,10,10,10,10,10,7,5,0,2,0,0
Bonaire Sint Eustatius and Saba,2012,96,2,2,0,0,0,0,0,0,5,12,20,25,19,5,0,0,0,0,0,5,5,7,10,10,12,13,11,8,5,0,2,0,0
Bonaire Sint Eustatius and Saba,2013,99,2,2,0,0,0,0,0,0,5,13,24,29,20,5,0,0,0,0,0,5,5,8,10,14,15,14,12,8,5,0,2,0,0
Bonaire Sint Eustatius and Saba,2014,96,2,2,0,0,0,0,0,0,4,12,23,29,21,2,0,0,0,0,0,4,5,7,10,13,15,14,13,8,2,0,2,0,0
Bonaire Sint Eustatius and Saba,2015,92,2,2,0,0,0,0,0,0,3,11,22,27,21,2,0,0,0,0,0,3,5,6,10,12,15,12,13,8,2,0,2,0,0
Bonaire Sint Eustatius and Saba,2016,114,2,2,0,0,0,0,0,0,4,16,25,30,25,2,0,0,0,0,0,4,6,10,10,15,15,15,15,10,2,0,2,0,0
Bonaire Sint Eustatius and Saba,2017,107,2,2,0,0,0,0,0,0,3,14,24,30,26,3,0,0,0,0,0,3,5,9,10,14,15,15,15,11,3,0,2,0,0
Bonaire Sint Eustatius and Saba,2018,128,2,2,0,0,0,0,0,0,4,16,27,39,28,6,0,0,0,0,0,4,6,10,11,16,20,19,15,13,6,0,2,0,0
Bonaire Sint Eustatius and Saba,2019,130,2,2,0,0,0,0,0,0,4,15,28,40,29,6,0,0,0,0,0,4,5,10,12,16,20,20,16,13,6,0,2,0,0
Bonaire Sint Eustatius and Saba,2020,144,2,2,0,0,0,0,0,0,4,16,32,46,31,9,0,0,0,0,0,4,5,11,15,17,23,23,17,14,8,1,2,0,0
Bonaire Sint Eustatius and Saba,2021,165,2,2,0,0,0,0,0,0,4,18,35,49,35,11,0,0,0,0,0,4,6,12,15,20,24,25,20,15,9,2,2,0,0
Bosnia and Herzegovina,1950,24845,9388,12952,3564,655,422,634,1009,572,1335,1739,2002,2417,1038,70,658,351,227,345,579,756,891,848,989,1013,1270,1147,736,302,63,7,13607,1056,1
Bosnia and Herzegovina,1951,24671,9312,12855,3543,640,402,621,1062,544,1320,1800,1989,2293,1065,76,681,381,229,315,559,761,918,882,985,1004,1177,1116,747,318,69,7,13495,1023,1
Bosnia and Herzegovina,1952,23474,9031,12364,3333,561,358,577,1049,498,1233,1775,1890,2057,1032,79,658,391,228,270,502,731,889,886,917,973,1026,1031,718,314,71,8,12925,935,1
Bosnia and Herzegovina,1953,22509,8706,11835,3129,640,318,538,1032,472,1151,1756,1815,1860,1011,80,629,403,236,236,447,704,853,903,855,960,903,957,696,315,72,8,12475,856,1
Bosnia and Herzegovina,1954,21462,8308,11246,2938,583,285,500,1009,451,1068,1745,1769,1713,999,89,597,412,243,208,394,674,824,921,820,949,826,887,678,321,79,10,11829,785,1
Bosnia and Herzegovina,1955,20492,7789,10534,2745,547,264,470,993,456,998,1752,1760,1621,997,97,573,420,259,197,354,644,811,941,820,940,792,829,665,332,87,10,11081,734,0
Bosnia and Herzegovina,1956,19528,7250,9788,2538,533,249,436,973,465,922,1750,1758,1549,997,107,548,425,273,192,315,607,801,949,837,921,781,768,652,345,95,12,10321,685,1
Bosnia and Herzegovina,1957,18643,6710,9032,2322,524,243,401,950,490,846,1748,1773,1511,1004,118,525,425,292,198,281,565,798,950,878,895,800,711,645,359,104,14,9556,644,1
Bosnia and Herzegovina,1958,17861,6281,8387,2106,523,244,367,917,520,766,1733,1794,1479,1005,128,501,416,310,210,249,517,791,942,926,868,822,657,633,372,112,16,8910,611,1
Bosnia and Herzegovina,1959,17252,5907,7814,1907,491,251,338,892,555,703,1731,1846,1481,1006,143,481,411,328,227,229,474,786,945,978,868,847,634,621,385,124,19,8305,589,1
Bosnia and Herzegovina,1960,16681,5551,7285,1734,475,257,317,852,589,650,1712,1905,1483,994,156,455,397,345,244,218,432,765,947,1018,887,857,626,600,394,134,22,7760,574,1
Bosnia and Herzegovina,1961,16195,5196,6779,1583,457,263,303,817,623,610,1697,1984,1505,983,172,431,386,357,266,218,392,740,957,1053,931,864,641,579,404,148,24,7236,566,2
Bosnia and Herzegovina,1962,15885,4840,6288,1448,442,273,307,791,662,590,1701,2103,1551,980,190,407,384,370,292,230,360,714,987,1090,1013,869,682,560,420,161,29,6730,580,2
Bosnia and Herzegovina,1963,15443,4485,5806,1321,414,275,313,748,689,574,1670,2198,1584,965,206,376,372,372,317,248,326,668,1002,1105,1093,863,721,538,427,172,34,6220,588,3
Bosnia and Herzegovina,1964,15151,4141,5342,1201,392,277,331,716,719,580,1644,2313,1647,966,225,355,361,373,346,274,306,626,1018,1132,1181,886,761,533,433,186,39,5734,608,3
Bosnia and Herzegovina,1965,14857,3824,4911,1087,370,279,347,684,738,595,1594,2409,1714,971,238,336,348,369,369,299,296,581,1013,1156,1253,929,785,543,428,195,43,5281,626,4
Bosnia and Herzegovina,1966,14571,3510,4487,977,342,276,361,662,752,628,1527,2501,1796,985,253,331,331,364,388,329,299,536,991,1185,1316,993,803,565,420,204,49,4829,637,5
Bosnia and Herzegovina,1967,14568,3208,4082,874,326,279,382,658,778,693,1481,2644,1932,1036,272,341,317,367,411,372,321,503,978,1250,1394,1105,827,616,420,218,54,4408,661,6
Bosnia and Herzegovina,1968,14661,2932,3708,776,306,278,402,671,803,779,1431,2792,2096,1098,289,367,304,371,432,421,358,474,957,1323,1469,1241,855,676,422,229,60,4014,680,7
Bosnia and Herzegovina,1969,14822,2688,3372,684,287,277,418,693,820,879,1382,2934,2283,1162,302,401,292,372,448,472,407,458,924,1384,1550,1380,903,732,430,237,65,3659,695,8
Bosnia and Herzegovina,1970,14812,2449,3049,600,269,268,427,710,816,969,1322,3012,2444,1211,306,428,282,364,452,515,454,450,872,1402,1610,1482,962,767,444,237,69,3318,695,9
Bosnia and Herzegovina,1971,14839,2250,2776,526,247,259,431,731,805,1059,1276,3072,2610,1258,302,450,281,353,452,551,508,459,817,1396,1676,1571,1039,791,467,232,70,3023,690,11
Bosnia and Herzegovina,1972,14873,2066,2526,460,227,248,430,759,784,1148,1245,3113,2778,1304,300,470,289,334,450,579,569,487,758,1364,1749,1639,1139,802,502,227,73,2753,678,11
Bosnia and Herzegovina,1973,14678,1876,2282,406,201,232,415,773,744,1208,1213,3075,2895,1329,292,474,299,307,437,587,621,523,690,1287,1788,1663,1232,799,530,219,73,2483,647,12
Bosnia and Herzegovina,1974,14514,1705,2063,358,182,217,397,791,706,1258,1211,3008,3005,1371,292,474,317,284,422,588,670,571,640,1201,1807,1691,1314,814,557,219,73,2245,614,12
Bosnia and Herzegovina,1975,14497,1557,1874,317,164,203,379,810,679,1309,1253,2934,3139,1440,301,478,332,271,408,586,723,630,623,1119,1815,1741,1398,860,580,229,72,2038,582,13
Bosnia and Herzegovina,1976,14767,1426,1709,283,148,192,370,836,667,1375,1354,2892,3335,1551,321,484,352,269,398,592,783,712,642,1061,1831,1838,1497,943,608,248,73,1857,562,14
Bosnia and Herzegovina,1977,14921,1305,1559,254,135,180,357,847,653,1414,1480,2785,3491,1662,346,482,365,275,378,590,824,797,683,988,1797,1927,1564,1040,622,272,74,1694,537,15
Bosnia and Herzegovina,1978,15363,1205,1435,230,126,170,349,865,657,1467,1670,2707,3706,1821,379,481,384,296,361,598,869,907,763,937,1770,2054,1652,1171,650,303,76,1561,519,15
Bosnia and Herzegovina,1979,15604,1126,1334,208,116,156,334,863,661,1480,1854,2587,3843,1958,403,470,393,319,342,591,889,1004,850,892,1695,2124,1719,1278,680,324,79,1450,490,16
Bosnia and Herzegovina,1980,16054,1079,1267,188,105,146,320,868,674,1498,2070,2522,4005,2128,431,462,406,343,331,590,908,1108,962,892,1630,2189,1816,1391,737,345,86,1372,466,16
Bosnia and Herzegovina,1981,16414,1054,1227,173,99,134,304,862,690,1490,2281,2461,4108,2283,452,450,412,363,327,575,915,1197,1084,917,1544,2200,1908,1476,807,359,93,1326,438,17
Bosnia and Herzegovina,1982,16785,1019,1180,161,90,126,287,851,717,1474,2495,2440,4194,2442,473,439,412,382,335,552,922,1270,1225,986,1454,2177,2017,1547,895,370,103,1270,413,17
Bosnia and Herzegovina,1983,17124,961,1110,149,83,115,269,834,755,1452,2699,2460,4243,2592,492,424,410,399,356,526,926,1324,1375,1088,1372,2120,2123,1605,987,381,111,1193,384,17
Bosnia and Herzegovina,1984,17290,891,1029,138,75,107,249,803,785,1410,2864,2515,4211,2705,510,405,398,405,380,495,915,1346,1518,1208,1307,2025,2186,1647,1058,394,116,1104,356,18
Bosnia and Herzegovina,1985,17627,815,943,128,69,100,231,780,828,1388,3040,2669,4179,2845,540,389,391,419,409,476,912,1369,1671,1362,1307,1939,2240,1720,1125,419,121,1012,331,19
Bosnia and Herzegovina,1986,17724,747,865,118,64,92,210,744,848,1344,3147,2848,4042,2935,565,366,378,420,428,460,884,1362,1785,1512,1336,1817,2225,1779,1156,444,121,929,302,20
Bosnia and Herzegovina,1987,17152,695,805,110,54,82,184,673,826,1251,3083,2976,3709,2913,574,326,347,400,426,443,808,1292,1791,1614,1362,1620,2089,1781,1132,459,115,859,266,21
Bosnia and Herzegovina,1988,17663,658,761,103,53,76,171,649,845,1249,3187,3348,3606,3074,621,308,341,397,448,470,779,1305,1882,1829,1519,1547,2059,1901,1173,503,118,814,247,22
Bosnia and Herzegovina,1989,17946,627,725,98,60,70,160,610,843,1238,3210,3710,3461,3177,657,284,326,386,457,502,736,1290,1920,2021,1689,1489,1972,1974,1203,535,122,785,230,23
Bosnia and Herzegovina,1990,18091,610,706,96,51,64,147,565,835,1223,3176,4052,3336,3234,679,258,307,372,463,527,696,1260,1916,2188,1864,1478,1858,1999,1235,552,127,757,211,23
Bosnia and Herzegovina,1991,19256,561,647,86,52,63,141,553,870,1296,3306,4650,3457,3462,733,249,304,378,492,584,712,1292,2014,2469,2181,1617,1840,2107,1355,592,141,699,204,23
Bosnia and Herzegovina,1992,58228,1094,2199,1105,555,438,2201,10622,8923,6127,8043,8953,5045,4280,822,5167,5455,4762,4161,3367,2760,3467,4576,4883,4070,2634,2411,2619,1661,662,160,2754,2639,24
Bosnia and Herzegovina,1993,52663,838,1810,972,525,426,1954,8519,7902,5904,7507,9066,4773,3730,537,4145,4374,4123,3779,3231,2673,3112,4395,4815,4251,2717,2056,2247,1483,489,48,2335,2380,12
Bosnia and Herzegovina,1994,25192,309,362,53,40,81,603,2635,2718,2515,3728,5855,3424,2790,434,1296,1339,1377,1341,1301,1214,1419,2309,2919,2936,2032,1392,1590,1200,392,42,402,684,6
Bosnia and Herzegovina,1995,19170,309,454,145,92,96,243,790,1067,1587,2913,5557,3446,2520,403,391,399,475,592,743,844,1036,1877,2635,2922,2120,1326,1393,1127,370,33,546,339,4
Bosnia and Herzegovina,1996,16471,264,303,39,31,46,82,242,515,1190,2408,5228,3547,2354,508,114,128,197,318,510,680,836,1572,2372,2856,2197,1350,1256,1098,425,83,334,128,13
Bosnia and Herzegovina,1997,17020,285,322,37,28,43,82,255,515,1238,2345,5332,3935,2272,622,123,132,197,318,520,718,842,1503,2355,2977,2435,1500,1187,1085,489,133,350,125,28
Bosnia and Herzegovina,1998,17117,269,304,35,26,39,79,250,492,1236,2255,5304,4300,2137,660,121,129,187,305,505,731,858,1397,2291,3013,2642,1658,1111,1026,515,145,330,118,35
Bosnia and Herzegovina,1999,16488,232,266,34,21,34,71,228,440,1166,2099,5033,4498,1953,639,110,118,165,275,463,703,857,1242,2130,2903,2732,1766,1034,919,500,139,287,105,35
Bosnia and Herzegovina,2000,17994,211,244,33,21,32,74,237,442,1251,2228,5373,5282,2075,693,114,123,164,278,480,771,967,1261,2234,3139,3161,2121,1146,929,541,152,265,106,38
Bosnia and Herzegovina,2001,17889,199,229,30,20,31,68,221,406,1215,2176,5186,5585,2048,668,105,116,151,255,455,760,986,1190,2112,3074,3280,2305,1202,846,518,150,249,99,36
Bosnia and Herzegovina,2002,18072,196,225,29,20,28,63,210,379,1183,2190,5043,5938,2108,653,99,111,141,238,432,751,1015,1175,2000,3043,3396,2542,1321,787,499,154,245,91,34
Bosnia and Herzegovina,2003,17708,192,218,26,16,24,57,191,339,1103,2167,4726,6076,2152,606,90,101,127,212,397,706,1003,1164,1818,2908,3368,2708,1431,721,457,149,234,81,30
Bosnia and Herzegovina,2004,17417,188,213,25,17,21,50,174,304,1021,2169,4415,6188,2256,561,82,92,115,189,362,659,983,1186,1646,2769,3320,2868,1565,691,415,146,230,71,27
Bosnia and Herzegovina,2005,19651,177,201,24,13,22,50,179,311,1081,2497,4760,7192,2752,570,85,94,119,192,377,704,1112,1385,1736,3024,3744,3448,1958,794,423,147,214,72,25
Bosnia and Herzegovina,2006,18771,167,190,23,15,18,43,156,272,966,2412,4329,6984,2868,500,73,83,106,166,330,636,1054,1358,1577,2752,3545,3439,2062,806,367,133,205,61,20
Bosnia and Herzegovina,2007,19353,164,186,22,12,18,41,147,257,929,2493,4263,7258,3260,475,69,78,102,155,311,618,1063,1430,1595,2668,3614,3644,2344,916,346,129,198,59,18
Bosnia and Herzegovina,2008,18526,156,177,21,12,16,35,127,227,833,2377,3949,6909,3403,447,59,68,90,137,273,560,986,1391,1556,2393,3389,3520,2410,993,323,124,189,51,19
Bosnia and Herzegovina,2009,18589,146,166,20,7,15,31,115,211,779,2359,3888,6866,3674,455,53,62,83,128,252,527,949,1410,1636,2252,3319,3547,2552,1122,333,122,173,46,22
Bosnia and Herzegovina,2010,18396,132,151,19,11,13,28,106,192,714,2312,3799,6715,3857,474,47,59,76,116,227,487,899,1413,1700,2099,3209,3506,2636,1221,356,118,162,41,24
Bosnia and Herzegovina,2011,18380,117,133,16,10,12,26,98,178,663,2285,3780,6621,4032,516,44,54,70,108,208,455,861,1424,1776,2004,3130,3491,2719,1313,401,115,143,38,26
Bosnia and Herzegovina,2012,18729,115,132,17,10,11,26,92,167,626,2290,3902,6626,4238,583,42,50,65,102,193,433,845,1445,1871,2031,3091,3535,2833,1405,470,113,142,37,28
Bosnia and Herzegovina,2013,19715,106,122,16,8,11,27,89,164,613,2352,4251,6820,4546,685,40,49,64,100,188,425,857,1495,2036,2215,3128,3692,3028,1518,567,118,130,38,29
Bosnia and Herzegovina,2014,21101,102,118,16,10,10,27,86,163,599,2387,4700,7000,5148,823,38,48,64,99,183,416,858,1529,2195,2505,3081,3919,3403,1745,688,135,128,37,30
Bosnia and Herzegovina,2015,20372,98,112,14,8,10,24,77,145,527,2180,4689,6459,5241,871,36,41,58,87,163,364,771,1409,2126,2563,2725,3734,3391,1850,726,145,120,34,28
Bosnia and Herzegovina,2016,19787,96,110,14,5,9,20,68,131,462,1994,4662,6012,5369,915,31,37,53,78,146,316,693,1301,2063,2599,2479,3533,3383,1986,753,162,115,29,27
Bosnia and Herzegovina,2017,20231,95,110,15,7,8,16,66,123,432,1922,4800,5955,5771,996,30,36,49,74,139,293,651,1271,2076,2724,2515,3440,3533,2238,807,189,117,24,28
Bosnia and Herzegovina,2018,20466,92,105,13,5,8,14,60,117,399,1830,4849,5890,6076,1083,29,31,47,70,129,270,606,1224,2032,2817,2635,3255,3621,2455,866,217,110,22,30
Bosnia and Herzegovina,2019,20681,87,100,13,5,7,13,56,109,371,1726,4861,5878,6308,1210,28,28,43,66,122,249,563,1163,1975,2886,2832,3046,3677,2631,964,246,105,20,34
Bosnia and Herzegovina,2020,24154,82,94,12,5,6,9,35,97,406,1933,5719,6700,7564,1545,16,19,32,65,131,275,616,1317,2281,3438,3509,3191,4260,3304,1247,298,99,15,43
Bosnia and Herzegovina,2021,26519,77,89,12,5,6,13,48,122,466,2085,6299,7375,8220,1742,21,27,42,80,150,316,668,1417,2462,3837,4021,3354,4584,3636,1417,325,94,19,49
Botswana,1950,4324,1358,2095,737,191,109,120,296,248,247,255,341,307,103,8,142,154,131,117,117,130,116,139,165,176,179,128,71,32,8,0,2286,229,0
Botswana,1951,4411,1382,2158,776,190,108,121,299,258,248,256,343,314,105,8,144,155,138,120,116,132,120,136,165,178,181,133,74,31,8,0,2348,229,0
Botswana,1952,4433,1384,2172,788,184,106,120,297,267,246,258,346,323,108,9,144,153,144,123,116,130,126,132,166,180,183,140,77,31,8,1,2356,226,0
Botswana,1953,4454,1392,2184,792,178,102,119,293,278,243,260,348,331,109,10,145,148,150,128,116,127,133,127,165,183,183,148,78,31,9,1,2362,221,0
Botswana,1954,4469,1401,2189,788,178,99,117,290,286,240,261,346,336,113,9,147,143,154,132,116,124,139,122,163,183,184,152,82,31,9,0,2367,216,0
Botswana,1955,4472,1406,2187,781,180,95,114,289,291,240,264,345,340,119,9,147,142,155,136,119,121,141,123,161,184,184,156,86,33,9,0,2367,209,0
Botswana,1956,4472,1408,2183,775,183,92,111,285,293,239,268,339,346,124,10,146,139,153,140,121,118,142,126,155,184,188,158,91,33,9,1,2366,203,0
Botswana,1957,4475,1411,2183,772,187,89,107,283,295,240,270,334,347,130,10,144,139,149,146,123,117,139,131,149,185,188,159,96,34,9,1,2370,196,0
Botswana,1958,4448,1401,2160,759,188,87,103,277,294,244,273,326,351,138,10,139,138,143,151,127,117,134,139,143,183,192,159,102,36,9,1,2348,190,0
Botswana,1959,4432,1392,2144,752,189,86,99,274,290,247,274,319,352,143,10,136,138,137,153,129,118,131,143,138,181,192,160,105,38,9,1,2333,185,0
Botswana,1960,4403,1377,2118,741,190,88,96,272,289,255,273,315,355,147,10,133,139,134,155,135,120,127,146,138,177,194,161,108,39,9,1,2308,184,0
Botswana,1961,4374,1359,2085,726,190,90,93,265,284,261,271,314,357,151,10,128,137,132,152,139,122,124,147,141,173,193,164,109,42,9,1,2275,183,0
Botswana,1962,4344,1340,2052,712,190,93,91,259,281,269,266,313,360,156,12,124,135,132,149,145,124,123,143,148,165,193,167,111,45,11,1,2242,184,0
Botswana,1963,4325,1336,2031,695,189,96,90,254,277,278,262,313,362,159,12,120,134,134,143,150,128,124,138,155,158,193,169,112,47,11,1,2220,186,0
Botswana,1964,4317,1336,2016,680,189,97,91,246,273,288,261,317,363,164,12,115,131,135,138,155,133,125,136,162,155,191,172,113,51,11,1,2205,188,0
Botswana,1965,4305,1329,1995,666,187,98,93,241,274,296,259,320,360,166,12,113,128,136,138,158,138,126,133,167,153,188,172,115,51,11,1,2182,191,0
Botswana,1966,4237,1306,1958,652,183,97,90,224,265,296,257,324,356,168,14,104,120,133,132,154,142,128,129,166,158,183,173,116,52,13,1,2141,187,0
Botswana,1967,4158,1278,1915,637,179,97,91,207,255,294,256,327,350,173,16,96,111,125,130,148,146,129,127,162,165,176,174,120,53,15,1,2094,188,0
Botswana,1968,4075,1252,1867,615,175,94,92,189,247,289,254,330,342,175,16,88,101,119,128,139,150,131,123,155,175,169,173,120,55,15,1,2042,186,0
Botswana,1969,3986,1224,1814,590,170,93,92,173,238,285,256,332,337,180,17,82,91,113,125,132,153,134,122,150,182,165,172,124,56,15,2,1984,185,0
Botswana,1970,3898,1196,1765,569,166,91,90,161,226,278,259,330,336,181,17,80,81,104,122,125,153,137,122,143,187,165,171,124,57,15,2,1931,181,0
Botswana,1971,3814,1171,1717,546,161,90,89,151,210,270,263,323,334,184,19,78,73,95,115,121,149,141,122,138,185,168,166,126,58,17,2,1878,179,0
Botswana,1972,3785,1163,1687,524,158,90,93,154,204,265,275,315,335,186,19,85,69,90,114,121,144,150,125,135,180,177,158,127,59,17,2,1845,183,0
Botswana,1973,3823,1169,1675,506,155,89,100,168,206,267,297,315,340,190,19,96,72,90,116,126,141,162,135,140,175,187,153,128,62,17,2,1830,189,0
Botswana,1974,3896,1185,1677,492,149,89,104,185,211,279,323,320,345,190,21,107,78,92,119,135,144,174,149,149,171,195,150,127,63,18,3,1826,193,0
Botswana,1975,3973,1196,1676,480,147,89,107,202,219,291,348,334,350,191,22,115,87,95,124,143,148,183,165,160,174,199,151,127,64,19,3,1823,196,0
Botswana,1976,4046,1204,1673,469,141,89,110,220,225,304,371,352,353,188,23,122,98,97,128,150,154,191,180,172,180,198,155,123,65,20,3,1814,199,0
Botswana,1977,4117,1202,1662,460,137,87,113,242,233,321,390,369,353,185,24,131,111,101,132,156,165,194,196,185,184,191,162,119,66,21,3,1799,200,0
Botswana,1978,4195,1196,1646,450,133,87,114,263,245,339,412,396,357,181,24,138,125,108,137,164,175,196,216,201,195,186,171,114,67,21,3,1779,201,0
Botswana,1979,4274,1186,1624,438,130,84,115,280,257,359,433,426,363,180,24,144,136,116,141,171,188,202,231,219,207,185,178,113,67,21,3,1754,199,0
Botswana,1980,4351,1172,1597,425,127,82,115,298,272,374,451,458,370,180,24,152,146,127,145,177,197,208,243,238,220,187,183,115,65,21,3,1724,197,0
Botswana,1981,4418,1150,1560,410,127,81,115,309,290,391,470,494,373,183,26,154,155,140,150,183,208,216,254,258,236,192,181,119,64,22,4,1687,196,0
Botswana,1982,4463,1116,1510,394,124,79,116,321,305,400,482,528,377,190,26,158,163,152,153,185,215,226,256,278,250,200,177,127,63,22,4,1634,195,0
Botswana,1983,4473,1076,1451,375,122,78,116,325,314,404,493,561,386,198,26,157,168,162,152,184,220,236,257,294,267,212,174,136,62,22,4,1573,194,0
Botswana,1984,4520,1043,1402,359,120,77,116,335,336,415,507,592,395,200,26,160,175,175,161,189,226,248,259,309,283,224,171,139,61,22,4,1522,193,0
Botswana,1985,4580,1011,1357,346,119,78,120,350,356,422,516,615,412,206,28,165,185,186,170,191,231,256,260,317,298,237,175,143,63,23,5,1476,198,0
Botswana,1986,4699,986,1312,326,115,77,119,358,382,443,554,665,439,208,28,167,191,196,186,199,244,276,278,339,326,258,181,142,66,23,5,1427,196,0
Botswana,1987,4865,956,1262,306,113,79,121,380,426,473,597,711,468,210,27,175,205,215,211,213,260,296,301,354,357,277,191,140,70,22,5,1375,200,1
Botswana,1988,5207,943,1262,319,123,86,131,419,498,519,657,766,502,212,27,191,228,249,249,236,283,325,332,372,394,300,202,137,75,22,5,1385,217,1
Botswana,1989,5440,922,1217,295,114,86,134,450,570,569,713,808,537,215,26,201,249,280,290,263,306,352,361,386,422,323,214,137,78,21,5,1331,220,1
Botswana,1990,5861,933,1238,305,119,93,144,500,665,643,777,859,574,219,28,220,280,325,340,307,336,383,394,409,450,345,229,139,80,23,5,1357,237,1
Botswana,1991,6358,966,1293,327,128,100,159,562,776,730,837,905,615,225,28,241,321,378,398,362,368,412,425,434,471,370,245,146,79,23,5,1421,259,1
Botswana,1992,6909,1028,1385,357,140,113,180,645,901,816,880,931,656,234,31,274,371,438,463,420,396,434,446,454,477,394,262,154,80,26,5,1525,293,1
Botswana,1993,7230,1099,1474,375,153,124,200,659,888,821,912,1004,721,240,34,287,372,429,459,431,390,440,472,498,506,438,283,163,77,29,5,1627,324,1
Botswana,1994,8139,1173,1589,416,163,133,216,776,1165,1041,997,1026,745,252,35,322,454,554,611,565,476,491,506,526,500,449,296,174,78,30,5,1752,349,1
Botswana,1995,8756,1233,1695,462,177,147,240,856,1303,1155,1039,1061,783,268,35,356,500,619,684,629,526,513,526,551,510,468,315,186,82,30,5,1872,387,1
Botswana,1996,9128,1275,1772,497,191,160,262,897,1328,1200,1062,1113,824,283,35,383,514,632,696,648,552,520,542,577,536,487,337,199,84,30,5,1963,422,1
Botswana,1997,9660,1327,1876,549,212,177,290,977,1427,1295,1078,1142,847,303,37,424,553,681,746,698,597,530,548,591,551,489,358,212,91,31,6,2088,467,1
Botswana,1998,10280,1392,1950,558,218,185,311,1062,1558,1440,1127,1203,869,321,38,465,597,742,816,772,668,557,570,620,583,491,378,224,97,31,7,2168,496,1
Botswana,1999,10906,1455,2035,580,228,195,331,1150,1693,1581,1177,1248,885,341,37,506,644,803,890,845,736,591,586,640,608,490,395,238,103,30,7,2263,526,1
Botswana,2000,11517,1513,2126,613,241,204,351,1244,1827,1714,1233,1277,897,363,39,547,697,863,964,919,795,636,597,653,624,493,404,253,110,31,8,2367,555,1
Botswana,2001,11997,1534,2156,622,239,206,360,1322,1945,1842,1293,1299,905,384,42,577,745,912,1033,987,855,685,608,662,637,496,409,266,118,34,8,2395,566,1
Botswana,2002,12333,1517,2107,590,225,196,357,1372,2042,1969,1365,1323,917,411,45,590,782,948,1094,1050,919,742,623,673,650,510,407,284,127,37,8,2332,553,1
Botswana,2003,12406,1490,2067,577,217,193,355,1403,2059,1997,1403,1317,918,436,47,599,804,956,1103,1058,939,778,625,665,652,519,399,300,136,39,8,2284,548,1
Botswana,2004,12283,1457,2011,554,205,183,345,1400,2023,1977,1416,1294,920,456,50,592,808,944,1079,1040,937,791,625,651,643,526,394,312,144,42,8,2216,528,1
Botswana,2005,12084,1393,1888,495,184,167,322,1375,2014,1986,1440,1264,915,475,52,570,805,943,1071,1041,945,801,639,635,629,524,391,320,155,44,8,2072,489,1
Botswana,2006,11347,1353,1846,493,192,169,323,1276,1701,1719,1379,1254,937,491,58,549,727,813,888,885,834,748,631,623,631,539,398,326,165,50,8,2038,492,1
Botswana,2007,10656,1310,1748,438,166,146,291,1171,1546,1576,1330,1191,930,500,62,502,669,748,798,807,769,711,619,590,601,529,401,324,176,52,10,1914,437,1
Botswana,2008,10232,1312,1750,438,164,141,276,1097,1417,1447,1289,1147,934,507,69,473,624,695,722,737,710,678,611,567,580,524,410,320,187,58,11,1914,417,1
Botswana,2009,10125,1286,1712,426,155,128,252,1061,1452,1462,1294,1102,921,510,73,445,616,713,739,747,715,680,614,552,550,508,413,316,194,62,11,1867,380,1
Botswana,2010,9540,1222,1625,403,147,121,240,984,1316,1315,1214,1064,917,519,77,417,567,652,664,665,650,631,583,537,527,499,418,319,200,65,12,1772,361,1
Botswana,2011,9771,1249,1670,421,154,123,242,992,1365,1341,1250,1095,930,527,83,417,575,675,690,676,665,647,603,562,533,504,426,324,203,71,12,1824,365,1
Botswana,2012,9812,1241,1649,408,152,122,237,969,1377,1347,1272,1123,939,534,91,406,563,676,701,676,671,654,618,585,538,507,432,330,204,77,14,1801,359,1
Botswana,2013,9668,1228,1631,403,151,118,221,897,1314,1310,1275,1153,953,545,96,376,521,637,677,652,658,648,627,611,542,513,440,342,203,80,16,1782,339,2
Botswana,2014,9655,1246,1660,414,156,120,217,866,1287,1288,1274,1169,958,553,101,365,501,618,669,641,647,643,631,622,547,514,444,351,202,85,16,1816,337,2
Botswana,2015,9096,1242,1651,409,154,117,203,766,1110,1137,1185,1147,957,566,106,333,433,529,581,563,574,590,595,602,545,510,447,361,205,88,18,1805,320,2
Botswana,2016,8547,1243,1647,404,153,114,190,665,936,989,1088,1120,956,577,108,298,367,442,494,488,501,533,555,578,542,505,451,368,209,90,18,1800,304,2
Botswana,2017,8170,1219,1604,385,147,109,180,592,823,900,1035,1118,957,590,111,270,322,385,438,444,456,502,533,569,549,504,453,376,214,90,21,1751,289,2
Botswana,2018,8762,1207,1581,374,146,113,188,635,940,1049,1166,1243,983,605,113,283,352,433,507,523,526,571,595,634,609,523,460,383,222,90,23,1727,301,3
Botswana,2019,9261,1192,1556,364,145,114,194,662,1029,1178,1277,1355,1016,619,112,291,371,468,561,591,587,628,649,691,664,546,470,389,230,89,23,1701,308,3
Botswana,2020,9388,1157,1512,355,140,111,162,529,883,1171,1372,1549,1130,697,126,231,298,383,500,575,596,658,714,783,766,622,508,430,267,100,26,1652,273,3
Botswana,2021,12958,1114,1462,348,139,115,232,753,1333,1855,2095,2256,1618,940,157,330,423,568,765,908,947,1019,1076,1144,1112,904,714,581,359,126,31,1601,347,4
Brazil,1950,514978,213934,280347,66413,26477,10634,16486,37698,27912,26791,27297,26416,19752,12581,2559,20646,17052,14318,13594,13477,13314,13835,13462,13966,12450,10909,8843,7408,5173,2193,366,306824,27120,31
Brazil,1951,522505,216144,284059,67915,26564,10780,16361,38015,28209,27449,28178,27598,20482,12272,2501,20686,17329,14499,13710,13806,13643,14313,13865,14430,13168,11345,9137,7388,4884,2129,372,310623,27141,32
Brazil,1952,528008,218147,287073,68926,26239,10883,16205,38033,28402,27952,28945,28657,21161,12046,2377,20557,17476,14666,13736,14041,13911,14674,14271,14788,13869,11743,9418,7376,4670,2007,370,313312,27088,32
Brazil,1953,534537,219661,289075,69414,28020,10965,16113,37892,28606,28405,29709,29685,21882,11946,2209,20330,17562,14860,13746,14221,14184,14993,14716,15136,14549,12171,9711,7422,4524,1845,364,317095,27078,32
Brazil,1954,538676,221262,290855,69593,27479,11026,16112,37644,28836,28827,30507,30661,22717,11938,2040,20051,17593,15073,13763,14352,14475,15315,15192,15475,15186,12675,10042,7515,4423,1683,357,318334,27138,32
Brazil,1955,543428,222541,292014,69473,27988,11085,16199,37349,29087,29210,31312,31547,23688,12010,1907,19771,17578,15273,13814,14439,14771,15631,15681,15821,15726,13282,10406,7663,4347,1554,353,320002,27284,33
Brazil,1956,547522,223258,292390,69132,28482,11123,16327,37056,29352,29534,32076,32373,24786,12164,1821,19536,17520,15440,13912,14485,15049,15932,16144,16215,16158,13998,10788,7868,4296,1473,348,320872,27450,33
Brazil,1957,552486,224184,293055,68871,29005,11207,16497,36851,29692,29858,32842,33289,25997,12408,1750,19417,17434,15597,14095,14535,15323,16264,16578,16715,16574,14781,11216,8127,4281,1415,335,322060,27704,34
Brazil,1958,557371,224697,293152,68455,29504,11409,16680,36729,30068,30176,33641,34308,27269,12724,1678,19422,17307,15729,14339,14604,15572,16637,17004,17301,17007,15571,11698,8421,4303,1367,311,322656,28089,35
Brazil,1959,560885,224655,292526,67871,29246,11735,16829,36644,30387,30442,34442,35349,28552,13088,1610,19516,17128,15801,14586,14674,15768,17021,17421,17924,17425,16306,12246,8743,4345,1325,285,321772,28564,35
Brazil,1960,564825,224271,291482,67211,29473,12051,16988,36666,30692,30713,35276,36462,29876,13546,1561,19711,16955,15847,14845,14791,15922,17429,17847,18580,17882,16954,12922,9114,4432,1296,265,320955,29039,36
Brazil,1961,568147,223574,289989,66415,29592,12372,17095,36731,30886,30964,36048,37641,31194,14073,1527,19924,16807,15838,15048,14941,16023,17807,18241,19204,18437,17487,13707,9508,4565,1275,252,319581,29467,35
Brazil,1962,569599,222236,287825,65589,29581,12611,17123,36676,30805,31085,36624,38745,32397,14601,1496,20032,16644,15691,15114,15059,16026,18072,18552,19685,19060,17923,14474,9890,4711,1256,240,317406,29734,34
Brazil,1963,571812,220324,285050,64726,29588,12838,17343,36857,30785,31397,37349,40063,33768,15259,1482,20219,16638,15572,15213,15292,16105,18376,18973,20214,19849,18475,15293,10362,4897,1253,229,314638,30181,31
Brazil,1964,574166,217703,281696,63993,29628,12979,17775,37170,30750,31792,38127,41499,35190,16047,1481,20418,16752,15450,15300,15568,16224,18666,19461,20782,20717,19092,16098,10932,5115,1261,220,311324,30754,28
Brazil,1965,575564,213842,276938,63096,29544,13162,18280,37595,30717,32253,38924,42996,36620,17010,1501,20636,16959,15344,15373,15858,16395,18927,19997,21366,21630,19782,16838,11637,5373,1288,213,306482,31442,25
Brazil,1966,577038,209995,272144,62149,29614,13354,18855,37992,30671,32707,39626,44384,38025,18100,1538,20804,17188,15265,15406,16105,16602,19124,20502,21910,22474,20554,17471,12443,5657,1332,206,301758,32209,24
Brazil,1967,577788,205766,266675,60909,29520,13520,19422,38428,30627,33179,40266,45709,39561,19265,1592,21012,17416,15236,15391,16308,16871,19286,20980,22468,23241,21460,18101,13300,5965,1390,202,296195,32942,22
Brazil,1968,577113,201241,260457,59216,29288,13608,19805,38934,30524,33571,40766,46925,41146,20416,1644,21350,17584,15240,15284,16427,17144,19404,21362,23013,23912,22415,18731,14123,6293,1446,198,289745,33413,20
Brazil,1969,576908,197866,255287,57421,28912,13670,19949,39607,30421,33878,41140,48076,42714,21527,1707,21906,17701,15298,15123,16473,17405,19495,21645,23546,24530,23368,19346,14869,6658,1511,196,284199,33619,19
Brazil,1970,578560,195436,251008,55572,28468,13736,20199,40381,30467,34243,41614,49390,44492,22743,1794,22521,17860,15464,15003,16532,17711,19679,21935,24178,25212,24409,20083,15599,7144,1597,197,279476,33935,17
Brazil,1971,581117,192933,246797,53864,27980,13812,20517,41265,30658,34640,42206,50815,46463,24039,1908,23225,18040,15703,14955,16607,18033,19980,22226,24869,25946,25469,20994,16302,7737,1702,206,274777,34329,17
Brazil,1972,582474,190398,242636,52238,27281,13811,20744,42004,30797,34815,42692,52048,48326,25275,2024,23809,18195,15889,14908,16571,18244,20287,22405,25443,26605,26354,21972,16951,8324,1810,214,269917,34555,16
Brazil,1973,584902,188254,239099,50845,26621,13800,20974,42823,31032,34935,43284,53326,50286,26554,2154,24291,18532,16083,14949,16505,18430,20677,22607,25990,27336,27218,23068,17655,8899,1930,224,265720,34774,16
Brazil,1974,585702,184948,234585,49637,25943,13754,21137,43615,31298,34919,43822,54448,52125,27742,2301,24545,19070,16241,15057,16383,18536,21047,22775,26407,28041,27995,24130,18329,9413,2065,236,260528,34891,15
Brazil,1975,586919,182433,230513,48080,25121,13611,21225,44398,31546,34820,44402,55594,54104,29067,2500,24829,19569,16356,15190,16233,18587,21410,22992,26775,28819,28824,25280,19131,9936,2249,251,255634,34836,16
Brazil,1976,589583,180508,227099,46591,24475,13473,21321,45319,31893,34812,45101,56752,56065,30519,2740,25174,20145,16492,15401,16162,18650,21777,23324,27121,29631,29661,26404,20071,10448,2469,271,251574,34794,16
Brazil,1977,592992,178240,223358,45118,23847,13329,21442,46338,32385,34916,45983,58016,58143,32223,2989,25577,20761,16718,15667,16199,18717,22160,23823,27511,30505,30615,27528,21220,11003,2697,292,247205,34771,17
Brazil,1978,594760,175306,218829,43523,23299,13104,21464,47107,32931,34947,46758,59062,60059,33957,3224,25886,21221,17049,15882,16271,18676,22429,24329,27823,31239,31535,28524,22406,11551,2907,317,242128,34568,18
Brazil,1979,594414,171428,213226,41798,22619,12833,21384,47537,33577,34939,47383,59898,61882,35676,3443,26077,21460,17541,16036,16388,18551,22579,24804,28081,31817,32435,29447,23580,12096,3098,345,235845,34217,19
Brazil,1980,594675,166992,206953,39961,21978,12612,21313,48103,34323,35106,48111,60905,63958,37605,3684,26294,21809,18088,16235,16625,18481,22756,25355,28483,32422,33493,30465,24859,12746,3304,380,228931,33925,21
Brazil,1981,594132,162013,200107,38094,21348,12401,21158,48595,35055,35324,48722,61893,65984,39580,3937,26443,22152,18656,16399,16887,18437,22878,25844,28963,32930,34535,31449,26085,13495,3512,425,221455,33559,23
Brazil,1982,593768,156523,192809,36286,20796,12233,20947,49083,35859,35668,49295,63054,68124,41667,4205,26578,22505,19237,16622,17180,18488,22975,26320,29607,33447,35608,32516,27282,14385,3735,470,213605,33180,25
Brazil,1983,593774,150822,185419,34597,20386,12109,20684,49537,36726,36116,49774,64365,70337,43802,4482,26685,22852,19727,16999,17476,18640,23021,26753,30372,33993,36660,33677,28456,15346,3969,513,205805,32793,28
Brazil,1984,594479,144904,177945,33041,19975,12025,20425,50000,37736,36727,50242,65881,72680,46033,4777,26787,23213,20115,17621,17793,18934,23069,27173,31248,34633,37707,34973,29684,16349,4221,556,197920,32450,31
Brazil,1985,594927,138828,170244,31416,19576,11928,20161,50302,38773,37395,50640,67470,75028,48279,5099,26790,23512,20529,18244,18095,19300,23106,27534,32128,35342,38679,36349,30916,17363,4501,598,189820,32089,34
Brazil,1986,594630,132552,162340,29788,19109,11834,19897,50416,39836,38040,50983,69051,77196,50423,5463,26673,23743,20937,18899,18351,19689,23164,27819,32920,36131,39511,37685,32091,18332,4821,642,181449,31731,39
Brazil,1987,595091,126887,155066,28179,18627,11750,19677,50403,40893,38753,51354,70750,79330,52569,5875,26459,23944,21338,19555,18656,20097,23313,28041,33661,37089,40309,39021,33309,19260,5187,688,173693,31427,43
Brazil,1988,595231,120970,147612,26642,18093,11662,19510,50252,41824,39601,51736,72472,81393,54728,6301,26159,24093,21716,20108,19112,20489,23563,28173,34310,38162,41099,40294,34584,20144,5565,736,165705,31172,47
Brazil,1989,595131,115458,140496,25038,17394,11543,19342,49948,42501,40604,52131,74103,83359,56929,6721,25791,24157,22031,20470,19774,20830,23914,28217,34836,39267,41888,41471,35917,21012,5936,785,157890,30885,52
Brazil,1990,616534,109814,133276,23462,17063,11959,20108,52008,45285,43646,55179,79308,89360,61854,7431,26688,25320,23388,21897,21453,22193,25551,29628,36997,42311,44796,44564,39031,22823,6560,871,150339,32067,57
Brazil,1991,617784,104193,126036,21843,16320,11833,20040,51811,46167,44933,56031,81088,91625,64054,7782,26481,25330,23733,22434,22326,22607,26183,29848,37548,43540,45968,45657,40473,23581,6859,923,142356,31873,61
Brazil,1992,618456,98175,118409,20234,15426,11669,19976,51541,46992,46268,56998,82688,94038,66269,8118,26310,25231,24034,22958,23200,23068,26828,30170,38003,44685,47344,46694,41909,24360,7134,984,133835,31645,64
Brazil,1993,619426,93053,111589,18536,14924,11423,19861,51153,47664,47583,57976,83917,96459,68393,8418,26152,25001,24244,23420,23911,23672,27404,30572,38273,45644,48801,47658,43242,25151,7376,1042,126513,31284,68
Brazil,1994,618666,87857,104758,16901,13705,11096,19692,50621,48116,48865,58954,84789,98860,70443,8696,25951,24670,24332,23784,24366,24499,27884,31070,38394,46395,50266,48594,44468,25975,7602,1094,118463,30788,71
Brazil,1995,625682,83214,98648,15434,12921,10870,19761,50777,49077,50891,60836,86682,102680,73392,9071,26093,24684,24662,24415,25199,25692,28726,32110,39015,47667,52406,50274,46196,27196,7914,1157,111569,30631,75
Brazil,1996,623913,78065,92151,14086,12075,10421,19445,50150,49105,52194,61756,87181,104960,75098,9295,25829,24321,24499,24606,25636,26558,29061,32695,39082,48099,53634,51326,47093,28005,8096,1199,104226,29866,80
Brazil,1997,626662,73482,86420,12938,11319,10024,19191,49921,49340,53853,63170,88308,108118,77322,9595,25750,24171,24412,24928,26241,27612,29655,33515,39558,48750,55141,52977,48287,29035,8351,1244,97739,29215,85
Brazil,1998,630267,68929,80786,11857,10729,9627,18872,49785,49488,55410,64868,89572,111478,79642,9922,25684,24101,24264,25224,26853,28557,30518,34350,40253,49319,56587,54891,49549,30093,8635,1287,91515,28499,89
Brazil,1999,635946,63991,74858,10867,9853,9283,18555,49895,49786,56963,67211,91403,115356,82378,10308,25727,24168,24198,25588,27558,29405,31902,35309,41359,50044,58165,57191,51101,31277,8978,1330,84711,27838,94
Brazil,2000,659899,59279,69219,9940,9568,9182,18727,51528,51585,60390,71819,96345,122824,87641,10974,26533,24995,24902,26683,29106,31284,34412,37407,43988,52357,61491,61333,54325,33316,9578,1396,78787,27909,99
Brazil,2001,660849,54854,63898,9044,9054,8708,18060,51062,51280,61430,73712,97677,125249,89442,11173,26202,24860,24646,26634,29467,31963,35724,37988,44975,52702,62287,62962,55549,33893,9771,1402,72952,26768,99
Brazil,2002,670428,50253,58432,8179,8601,8361,17604,51244,51663,63326,76799,100665,129293,92806,11536,26151,25093,24796,26867,30217,33109,37583,39216,46644,54021,63869,65424,57866,34940,10111,1425,67033,25965,100
Brazil,2003,671992,45901,53291,7390,8288,7894,16861,50555,51268,64249,78939,102435,131242,95133,11739,25603,24952,24645,26623,30481,33768,38737,40202,47619,54816,64400,66842,59616,35517,10310,1429,61579,24755,99
Brazil,2004,676649,42856,49494,6638,7584,7465,16175,49883,51007,65249,81478,104756,133392,98052,12012,25011,24872,24591,26416,30766,34483,39684,41794,48681,56075,65059,68333,61737,36315,10566,1446,57078,23640,99
Brazil,2005,662224,39967,45932,5965,6983,6855,14958,47485,49130,63970,81498,103885,131255,98186,11982,23530,23955,23749,25381,29961,34009,39417,42081,48147,55738,63693,67562,61993,36193,10545,1437,52915,21813,97
Brazil,2006,668996,36938,42346,5408,6370,6513,14280,46554,48989,64692,84424,106569,133772,101964,12421,22779,23775,23740,25249,30067,34625,40498,43926,49182,57387,64699,69073,64377,37587,10929,1492,48716,20793,98
Brazil,2007,669590,34170,39112,4942,5809,6121,13444,44987,48364,64532,86427,108174,134967,104802,12745,21735,23252,23478,24886,29726,34806,41120,45307,49771,58403,65247,69720,65995,38807,11206,1539,44921,19565,99
Brazil,2008,669817,31804,36367,4563,5162,5728,12600,43247,47718,64092,88015,109898,136125,107646,13118,20653,22594,23170,24548,29237,34855,41638,46377,50649,59249,65977,70148,67432,40214,11519,1599,41529,18328,102
Brazil,2009,677558,30028,34237,4209,4608,5375,11894,41868,47567,64181,90052,113273,139018,111682,13698,19803,22065,23085,24482,28999,35182,42524,47528,52648,60625,67735,71283,69470,42212,12016,1682,38845,17269,106
Brazil,2010,690805,28534,32463,3929,4194,5028,11370,40647,47752,64670,92821,117630,143264,116426,14426,19040,21607,23144,24608,29000,35670,43666,49155,55187,62443,70261,73003,71901,44525,12645,1781,36657,16398,112
Brazil,2011,700376,27367,31107,3740,3785,4633,10812,39098,47599,64661,94966,121375,146867,120245,15112,18161,20937,22990,24609,28853,35808,44466,50500,57609,63766,72419,74448,73771,46474,13249,1863,34892,15445,117
Brazil,2012,712671,25971,29452,3481,3476,4216,10306,37612,47526,64795,97430,125841,151417,124517,15956,17332,20280,22825,24701,28862,35933,45378,52052,60339,65502,74878,76539,75910,48607,14002,1954,32928,14522,124
Brazil,2013,709776,24978,28315,3337,3179,3725,9585,35280,46248,63369,97481,127536,152605,125783,16540,16133,19147,22037,24211,28270,35099,45135,52346,61355,66181,75456,77149,76202,49581,14530,2010,31494,13310,129
Brazil,2014,708422,24617,27828,3211,2947,3272,8862,33051,44890,61946,97354,129471,154108,127274,17282,14995,18056,21168,23722,27721,34225,44793,52561,61838,67633,75932,78176,76643,50631,15193,2089,30775,12134,135
Brazil,2015,737466,24265,27372,3107,2777,3042,8478,32311,45388,63288,101326,137478,162662,134404,18795,14613,17698,21139,24249,28403,34885,46296,55030,65206,72272,79740,82922,80578,53826,16526,2269,30149,11520,147
Brazil,2016,763529,23044,26088,3044,2633,2828,7995,31442,45549,64491,104790,145598,170700,141109,20146,14195,17247,20931,24618,29024,35467,47502,57288,68481,77117,83215,87485,84446,56663,17706,2440,28721,10823,157
Brazil,2017,753573,22938,26002,3064,2500,2545,7154,29324,43478,62568,102609,146145,169813,140786,20488,13242,16082,19738,23740,28232,34336,46097,56512,68176,77969,82469,87344,84227,56559,17974,2514,28502,9699,161
Brazil,2018,759636,22760,25731,2971,2417,2336,6383,27510,41961,61922,102321,149513,173358,144544,21466,12407,15103,18809,23152,27948,33974,45498,56823,69319,80194,84255,89103,86491,58053,18774,2692,28148,8719,171
Brazil,2019,770531,21858,24744,2886,2277,2176,5677,25838,40612,61724,102544,153228,178998,149896,22631,11599,14239,18011,22601,27841,33883,45141,57403,70882,82346,87659,91339,89787,60109,19722,2909,27021,7853,183
Brazil,2020,872334,20768,23542,2774,1508,2381,13187,42015,48618,69951,116831,173706,188902,166969,24529,21695,20320,22333,26285,31553,38398,50563,66268,81755,91951,93884,95018,99981,66988,21370,3159,25050,15568,196
Brazil,2021,977027,20171,22854,2683,1435,2124,11384,41440,56144,88758,142062,196902,207667,180212,25826,20171,21269,24410,31734,39816,48942,61570,80492,93817,103085,104644,103023,109592,70620,22420,3406,24289,13508,214
British Virgin Islands,1950,82,15,25,10,2,0,0,0,0,0,0,9,14,20,0,0,0,0,0,0,0,0,0,4,5,8,6,18,2,0,0,27,0,0
British Virgin Islands,1951,81,15,23,8,2,0,0,0,0,0,0,9,14,17,0,0,0,0,0,0,0,0,0,4,5,8,6,14,3,0,0,25,0,0
British Virgin Islands,1952,74,15,22,7,2,0,0,0,0,0,0,8,13,17,0,0,0,0,0,0,0,0,0,3,5,6,7,11,6,0,0,24,0,0
British Virgin Islands,1953,68,15,21,6,1,0,0,0,0,0,0,7,12,16,0,0,0,0,0,0,0,0,0,2,5,5,7,8,8,0,0,22,0,0
British Virgin Islands,1954,64,15,20,5,1,0,0,0,0,0,0,6,12,14,0,0,0,0,0,0,0,0,0,1,5,5,7,6,8,0,0,21,0,0
British Virgin Islands,1955,61,16,21,5,0,0,0,0,0,0,0,5,12,14,1,0,0,0,0,0,0,0,0,0,5,5,7,5,9,1,0,21,0,0
British Virgin Islands,1956,59,16,21,5,0,0,0,0,0,0,0,5,10,11,1,0,0,0,0,0,0,0,0,0,5,5,5,5,6,1,0,21,0,0
British Virgin Islands,1957,56,16,21,5,0,0,0,0,0,0,0,4,10,10,2,0,0,0,0,0,0,0,0,0,4,5,5,5,5,2,0,21,0,0
British Virgin Islands,1958,53,15,20,5,0,0,0,0,0,0,0,4,10,10,2,0,0,0,0,0,0,0,0,0,4,5,5,5,5,2,0,20,0,0
British Virgin Islands,1959,51,15,20,5,0,0,0,0,0,0,0,3,10,9,3,0,0,0,0,0,0,0,0,0,3,5,5,5,4,3,0,20,0,0
British Virgin Islands,1960,51,15,20,5,0,0,0,0,0,0,0,3,10,8,3,0,0,0,0,0,0,0,0,0,3,5,5,5,3,3,0,20,0,0
British Virgin Islands,1961,49,14,19,5,0,0,0,0,0,0,0,3,10,4,0,0,0,0,0,0,0,0,0,0,3,5,5,2,2,0,0,19,0,0
British Virgin Islands,1962,45,12,17,5,0,0,0,0,0,0,0,3,10,3,0,0,0,0,0,0,0,0,0,0,3,5,5,3,0,0,0,17,0,0
British Virgin Islands,1963,40,9,12,3,0,0,0,0,0,0,0,3,10,4,0,0,0,0,0,0,0,0,0,0,3,5,5,4,0,0,0,12,0,0
British Virgin Islands,1964,37,7,8,1,0,0,0,0,0,0,0,3,10,4,0,0,0,0,0,0,0,0,0,0,3,5,5,4,0,0,0,8,0,0
British Virgin Islands,1965,35,6,7,1,0,0,0,0,0,0,0,8,10,5,0,0,0,0,0,0,0,0,0,3,5,5,5,5,0,0,0,7,0,0
British Virgin Islands,1966,35,6,7,1,0,0,0,0,0,0,0,8,10,5,0,0,0,0,0,0,0,0,0,3,5,5,5,5,0,0,0,7,0,0
British Virgin Islands,1967,37,6,7,1,0,0,0,0,0,0,0,10,10,4,0,0,0,0,0,0,0,0,0,5,5,5,5,4,0,0,0,7,0,0
British Virgin Islands,1968,40,7,9,2,0,0,0,0,0,0,0,10,10,4,0,0,0,0,0,0,0,0,0,5,5,5,5,4,0,0,0,9,0,0
British Virgin Islands,1969,42,8,10,2,0,0,0,0,0,0,0,9,10,4,0,0,0,0,0,0,0,0,0,4,5,5,5,4,0,0,0,10,0,0
British Virgin Islands,1970,41,8,11,3,0,0,0,0,0,0,0,8,10,4,0,0,0,0,0,0,0,0,0,3,5,5,5,4,0,0,0,11,0,0
British Virgin Islands,1971,39,6,9,3,0,0,0,0,0,0,0,7,10,5,0,0,0,0,0,0,0,0,0,2,5,5,5,5,0,0,0,9,0,0
British Virgin Islands,1972,39,5,8,3,0,0,0,0,0,0,0,7,10,6,0,0,0,0,0,0,0,0,0,2,5,5,5,5,1,0,0,8,0,0
British Virgin Islands,1973,39,6,7,1,0,0,0,0,0,0,1,7,10,6,0,0,0,0,0,0,0,0,1,2,5,5,5,5,1,0,0,7,0,0
British Virgin Islands,1974,41,6,6,0,0,0,0,0,0,0,2,7,10,7,0,0,0,0,0,0,0,0,2,2,5,5,5,5,2,0,0,6,0,0
British Virgin Islands,1975,43,7,8,1,0,0,0,0,0,0,3,8,10,7,0,0,0,0,0,0,0,0,3,3,5,5,5,5,2,0,0,8,0,0
British Virgin Islands,1976,44,7,8,1,0,0,0,0,0,0,3,10,10,7,0,0,0,0,0,0,0,0,3,5,5,5,5,5,2,0,0,8,0,0
British Virgin Islands,1977,45,6,6,0,0,0,0,0,0,0,4,10,10,4,0,0,0,0,0,0,0,0,4,5,5,5,5,4,0,0,0,6,0,0
British Virgin Islands,1978,48,7,8,1,0,0,0,0,0,0,4,10,10,6,0,0,0,0,0,0,0,0,4,5,5,5,5,5,1,0,0,8,0,0
British Virgin Islands,1979,52,7,8,1,0,0,0,0,0,0,4,10,10,7,0,0,0,0,0,0,0,0,4,5,5,5,5,5,2,0,0,8,0,0
British Virgin Islands,1980,55,7,8,1,0,0,0,0,0,0,4,10,10,9,0,0,0,0,0,0,0,0,4,5,5,5,5,5,4,0,0,8,0,0
British Virgin Islands,1981,52,6,7,1,0,0,0,0,0,0,3,10,13,9,0,0,0,0,0,0,0,0,3,5,5,5,8,5,4,0,0,7,0,0
British Virgin Islands,1982,48,5,5,0,0,0,0,0,0,0,2,10,10,10,0,0,0,0,0,0,0,0,2,5,5,5,5,5,5,0,0,5,0,0
British Virgin Islands,1983,45,4,4,0,0,0,0,0,0,0,1,10,10,10,0,0,0,0,0,0,0,0,1,5,5,5,5,5,5,0,0,4,0,0
British Virgin Islands,1984,42,3,3,0,0,0,0,0,0,0,0,10,10,10,0,0,0,0,0,0,0,0,0,5,5,5,5,5,5,0,0,3,0,0
British Virgin Islands,1985,38,2,2,0,0,0,0,0,0,0,0,9,10,9,0,0,0,0,0,0,0,0,0,4,5,5,5,5,4,0,0,2,0,0
British Virgin Islands,1986,37,1,1,0,0,0,0,0,0,0,0,9,10,9,0,0,0,0,0,0,0,0,0,4,5,5,5,5,4,0,0,1,0,0
British Virgin Islands,1987,39,1,1,0,0,0,0,0,0,0,0,8,10,10,0,0,0,0,0,0,0,0,0,3,5,5,5,5,5,0,0,1,0,0
British Virgin Islands,1988,41,2,2,0,0,0,0,0,0,0,1,8,10,10,0,0,0,0,0,0,0,0,1,3,5,5,5,5,5,0,0,2,0,0
British Virgin Islands,1989,41,2,2,0,0,0,0,0,0,0,0,9,10,10,0,0,0,0,0,0,0,0,0,4,5,5,5,5,5,0,0,2,0,0
British Virgin Islands,1990,44,2,2,0,0,0,0,0,0,0,0,10,10,10,1,0,0,0,0,0,0,0,0,5,5,5,5,5,5,1,0,2,0,0
British Virgin Islands,1991,49,3,3,0,0,0,0,0,0,0,0,9,11,10,1,0,0,0,0,0,0,0,0,4,5,5,6,5,5,1,0,3,0,0
British Virgin Islands,1992,50,4,4,0,0,0,0,0,0,0,0,8,12,10,2,0,0,0,0,0,0,0,0,3,5,6,6,5,5,2,0,4,0,0
British Virgin Islands,1993,47,3,3,0,0,0,0,0,0,0,0,7,11,10,3,0,0,0,0,0,0,0,0,2,5,6,5,5,5,3,0,3,0,0
British Virgin Islands,1994,50,3,3,0,0,0,0,0,0,0,1,8,13,10,3,0,0,0,0,0,0,0,1,3,5,8,5,5,5,3,0,3,0,0
British Virgin Islands,1995,48,3,3,0,0,0,0,0,0,0,1,8,14,10,4,0,0,0,0,0,0,0,1,3,5,8,6,5,5,4,0,3,0,0
British Virgin Islands,1996,50,3,3,0,0,0,0,0,0,0,1,10,14,10,3,0,0,0,0,0,0,0,1,5,5,7,7,5,5,3,0,3,0,0
British Virgin Islands,1997,52,3,3,0,0,0,0,0,0,0,6,10,14,10,1,0,0,0,0,0,0,2,4,5,5,6,8,5,5,1,0,3,0,0
British Virgin Islands,1998,53,3,3,0,0,0,0,0,0,0,9,10,15,10,1,0,0,0,0,0,0,4,5,5,5,6,9,5,5,1,0,3,0,0
British Virgin Islands,1999,57,3,3,0,0,0,0,0,0,1,10,10,15,10,0,0,0,0,0,0,1,5,5,5,5,5,10,5,5,0,0,3,0,0
British Virgin Islands,2000,60,4,4,0,0,0,0,0,0,2,10,10,15,12,0,0,0,0,0,0,2,5,5,5,5,6,9,7,5,0,0,4,0,0
British Virgin Islands,2001,61,3,3,0,0,0,0,0,0,3,10,10,14,12,1,0,0,0,0,0,3,5,5,5,5,6,8,7,5,1,0,3,0,0
British Virgin Islands,2002,61,3,3,0,0,0,0,0,0,3,10,10,14,13,1,0,0,0,0,0,3,5,5,5,5,7,7,8,5,1,0,3,0,0
British Virgin Islands,2003,63,3,3,0,0,0,0,0,0,3,10,10,14,14,2,0,0,0,0,0,3,5,5,5,5,6,8,9,5,2,0,3,0,0
British Virgin Islands,2004,64,3,3,0,0,0,0,0,0,4,10,10,13,15,2,0,0,0,0,0,4,5,5,5,5,5,8,10,5,2,0,3,0,0
British Virgin Islands,2005,67,3,3,0,0,0,0,0,0,5,10,10,13,16,1,0,0,0,0,0,5,5,5,5,5,5,8,10,6,1,0,3,0,0
British Virgin Islands,2006,66,2,2,0,0,0,0,0,0,5,10,10,13,16,1,0,0,0,0,0,5,5,5,5,5,5,8,9,7,1,0,2,0,0
British Virgin Islands,2007,73,3,3,0,0,0,0,0,0,6,10,11,14,17,2,0,0,0,0,1,5,5,5,6,5,6,8,9,8,2,0,3,0,0
British Virgin Islands,2008,74,3,3,0,0,0,0,0,0,5,10,14,15,18,3,0,0,0,0,0,5,5,5,8,6,8,7,9,9,3,0,3,0,0
British Virgin Islands,2009,81,3,3,0,0,0,0,0,0,6,10,18,14,19,4,0,0,0,0,1,5,5,5,8,10,8,6,9,10,4,0,3,0,0
British Virgin Islands,2010,84,3,3,0,0,0,0,0,0,5,10,18,16,19,6,0,0,0,0,0,5,5,5,8,10,10,6,9,10,6,0,3,0,0
British Virgin Islands,2011,85,3,3,0,0,0,0,0,0,5,10,19,18,18,6,0,0,0,0,0,5,5,5,9,10,10,8,9,9,5,1,3,0,0
British Virgin Islands,2012,87,3,3,0,0,0,0,0,0,5,12,20,20,17,4,0,0,0,0,0,5,5,7,10,10,10,10,8,9,4,0,3,0,0
British Virgin Islands,2013,89,3,3,0,0,0,0,0,0,6,12,21,20,16,5,0,0,0,0,1,5,5,7,10,11,10,10,8,8,5,0,3,0,0
British Virgin Islands,2014,92,3,3,0,0,0,0,0,0,6,11,23,21,15,5,0,0,0,0,1,5,5,6,10,13,11,10,8,7,5,0,3,0,0
British Virgin Islands,2015,95,3,3,0,0,0,0,0,0,6,15,22,23,15,5,0,0,0,0,1,5,5,10,10,12,13,10,7,8,5,0,3,0,0
British Virgin Islands,2016,98,2,2,0,0,0,0,0,0,6,15,22,25,13,5,0,0,0,0,1,5,5,10,10,12,14,11,7,6,5,0,2,0,0
British Virgin Islands,2017,104,2,2,0,0,0,0,0,0,6,16,24,27,13,5,0,0,0,0,1,5,6,10,10,14,15,12,8,5,5,0,2,0,0
British Virgin Islands,2018,104,2,2,0,0,0,0,0,0,6,16,26,28,14,3,0,0,0,0,1,5,6,10,11,15,15,13,9,5,3,0,2,0,0
British Virgin Islands,2019,109,2,2,0,0,0,0,0,0,7,16,26,33,15,3,0,0,0,0,2,5,6,10,11,15,18,15,10,5,3,0,2,0,0
British Virgin Islands,2020,114,2,2,0,0,0,0,0,0,6,16,30,34,17,3,0,0,0,0,1,5,6,10,15,15,17,17,11,6,3,0,2,0,0
British Virgin Islands,2021,137,2,2,0,0,0,0,0,0,8,20,34,41,19,4,0,0,0,0,3,5,8,12,15,19,21,20,12,7,4,0,2,0,0
Brunei,1950,446,143,208,65,16,10,10,20,20,21,30,40,40,31,1,10,10,10,10,10,11,15,15,20,20,21,19,23,8,1,0,224,20,0
Brunei,1951,466,157,222,65,15,7,10,20,20,23,31,41,44,29,2,10,10,10,10,10,13,15,16,20,21,25,19,20,9,2,0,237,17,0
Brunei,1952,477,159,228,69,14,7,10,21,20,24,32,42,45,28,0,11,10,10,10,10,14,15,17,20,22,25,20,17,11,0,0,242,17,0
Brunei,1953,488,160,234,74,14,8,10,23,20,25,34,43,46,26,1,13,10,10,10,10,15,15,19,20,23,25,21,15,11,1,0,248,18,0
Brunei,1954,500,164,242,78,15,8,10,25,20,27,36,43,47,26,2,15,10,10,10,12,15,16,20,20,23,25,22,15,11,2,0,257,18,0
Brunei,1955,514,168,249,81,16,8,10,26,20,29,37,43,47,24,2,15,11,10,10,14,15,17,20,20,23,25,22,15,9,2,0,265,18,0
Brunei,1956,529,173,258,85,17,8,11,27,22,30,37,49,48,24,3,15,12,10,12,15,15,17,20,25,24,25,23,14,10,3,0,275,19,0
Brunei,1957,540,176,261,85,19,8,11,28,24,30,39,50,48,25,3,15,13,10,14,15,15,18,21,25,25,25,23,15,10,3,0,280,19,0
Brunei,1958,544,176,259,83,20,8,11,29,26,30,42,50,45,24,3,15,14,11,15,15,15,19,23,25,25,24,21,16,8,3,0,279,19,0
Brunei,1959,541,171,248,77,21,10,11,30,30,31,43,54,45,23,3,15,15,15,15,15,16,20,23,29,25,25,20,16,7,3,0,269,21,0
Brunei,1960,529,163,231,68,21,10,11,30,30,33,43,57,44,24,4,15,15,15,15,15,18,20,23,30,27,24,20,17,7,4,0,252,21,0
Brunei,1961,514,153,212,59,20,10,11,30,30,35,45,59,44,24,4,15,15,15,15,15,20,20,25,30,29,23,21,17,7,4,0,232,21,0
Brunei,1962,545,143,194,51,17,10,14,43,40,40,51,65,47,24,2,23,20,20,20,20,20,25,26,33,32,25,22,17,7,2,0,211,24,0
Brunei,1963,489,132,177,45,17,10,10,27,28,35,47,65,49,23,2,15,12,13,15,15,20,22,25,32,33,26,23,15,8,2,0,194,20,0
Brunei,1964,480,123,164,41,14,10,11,27,28,35,49,66,51,25,2,15,12,13,15,15,20,23,26,32,34,28,23,16,9,2,0,178,21,0
Brunei,1965,478,117,155,38,14,10,13,27,28,36,50,67,53,26,2,15,12,13,15,16,20,23,27,32,35,29,24,17,9,2,0,169,23,0
Brunei,1966,472,112,147,35,13,10,14,26,26,35,50,67,54,28,2,15,11,11,15,15,20,22,28,32,35,31,23,18,10,2,0,160,24,0
Brunei,1967,473,109,142,33,13,10,14,27,26,35,50,67,55,30,2,15,12,11,15,15,20,22,28,32,35,31,24,19,11,2,0,155,24,0
Brunei,1968,479,107,140,33,13,10,14,27,25,35,51,70,57,33,2,15,12,10,15,15,20,22,29,35,35,32,25,20,13,2,0,153,24,0
Brunei,1969,483,106,136,30,13,9,15,28,25,35,52,73,58,35,3,16,12,10,15,15,20,24,28,35,38,33,25,20,15,3,0,149,24,0
Brunei,1970,487,104,132,28,12,8,15,30,25,35,53,74,57,38,5,17,13,10,15,15,20,25,28,35,39,33,24,20,18,5,0,144,23,0
Brunei,1971,490,101,127,26,12,7,15,32,25,37,54,78,60,39,7,18,14,10,15,16,21,25,29,38,40,35,25,20,19,7,0,139,22,0
Brunei,1972,487,97,121,24,11,7,14,33,26,37,52,78,61,36,9,19,14,11,15,16,21,25,27,38,40,37,24,20,16,9,0,132,21,0
Brunei,1973,482,91,112,21,10,7,14,33,26,36,55,79,64,33,9,19,14,11,15,16,20,26,29,38,41,38,26,18,15,9,0,122,21,0
Brunei,1974,478,85,104,19,9,7,15,34,27,36,57,80,71,31,9,19,15,12,15,16,20,27,30,36,44,42,29,18,13,8,1,113,22,0
Brunei,1975,474,79,97,18,8,7,15,34,28,36,57,81,76,31,9,19,15,13,15,16,20,27,30,36,45,43,33,19,12,8,1,105,22,0
Brunei,1976,473,73,88,15,7,6,15,35,30,37,57,80,79,31,7,20,15,15,15,16,21,27,30,36,44,45,34,20,11,6,1,95,21,0
Brunei,1977,474,67,81,14,7,6,16,36,30,38,60,81,82,33,6,20,16,15,15,16,22,26,34,36,45,45,37,21,12,5,1,88,22,0
Brunei,1978,478,62,74,12,7,6,16,37,30,38,60,81,86,36,6,20,17,15,15,16,22,26,34,36,45,47,39,23,13,5,1,81,22,0
Brunei,1979,483,58,70,12,6,5,15,38,30,38,61,81,89,40,6,20,18,15,15,16,22,27,34,37,44,48,41,26,14,5,1,76,20,0
Brunei,1980,490,55,65,10,6,5,15,41,30,41,63,82,93,43,6,21,20,15,15,19,22,29,34,39,43,50,43,28,15,6,0,71,20,0
Brunei,1981,498,52,62,10,6,5,15,44,32,42,64,83,93,48,6,24,20,17,15,20,22,29,35,40,43,49,44,31,17,6,0,68,20,0
Brunei,1982,507,49,59,10,6,5,14,45,36,43,63,86,94,51,6,24,21,20,16,20,23,29,34,43,43,48,46,32,19,6,0,65,19,0
Brunei,1983,515,47,56,9,5,5,14,47,40,44,65,85,96,53,7,24,23,20,20,20,24,30,35,43,42,48,48,34,19,7,0,61,19,0
Brunei,1984,524,45,54,9,5,5,14,48,41,46,66,88,97,57,7,23,25,21,20,21,25,30,36,44,44,48,49,37,20,7,0,59,19,0
Brunei,1985,536,45,54,9,5,5,14,48,44,47,66,90,98,59,8,23,25,24,20,22,25,30,36,43,47,49,49,38,21,7,1,59,19,0
Brunei,1986,546,44,53,9,5,5,14,47,49,47,69,90,98,63,8,22,25,25,24,22,25,31,38,42,48,48,50,41,22,7,1,58,19,0
Brunei,1987,557,44,53,9,5,5,14,47,50,52,68,91,97,68,9,22,25,25,25,25,27,30,38,43,48,47,50,42,26,8,1,58,19,0
Brunei,1988,569,44,53,9,5,5,14,47,50,53,68,92,97,73,10,22,25,25,25,25,28,30,38,43,49,47,50,45,28,9,1,58,19,0
Brunei,1989,582,44,53,9,6,5,14,47,56,54,68,91,97,75,13,22,25,26,30,26,28,31,37,42,49,47,50,45,30,12,1,59,19,0
Brunei,1990,594,44,53,9,6,5,14,47,59,57,71,94,98,80,15,22,25,29,30,29,28,34,37,45,49,48,50,46,34,14,1,59,19,0
Brunei,1991,604,45,54,9,6,5,14,46,59,60,71,92,98,82,18,21,25,29,30,30,30,35,36,44,48,50,48,45,37,16,2,60,19,0
Brunei,1992,613,44,53,9,6,5,13,45,60,65,71,92,99,81,24,20,25,29,31,35,30,35,36,44,48,52,47,44,37,20,4,59,18,0
Brunei,1993,617,43,52,9,6,5,13,43,60,67,76,94,101,80,23,20,23,28,32,35,32,36,40,46,48,54,47,45,35,19,4,58,18,0
Brunei,1994,621,41,50,9,6,5,13,42,59,70,77,96,103,77,24,20,22,27,32,35,35,37,40,46,50,55,48,45,32,19,5,56,18,0
Brunei,1995,625,39,48,9,5,5,14,41,58,73,77,99,107,74,23,20,21,26,32,36,37,37,40,47,52,56,51,43,31,18,5,53,19,0
Brunei,1996,628,36,44,8,5,5,14,40,56,77,82,102,109,73,23,20,20,25,31,37,40,37,45,47,55,55,54,43,30,18,5,49,19,0
Brunei,1997,634,34,42,8,5,6,14,40,55,77,85,102,113,72,21,20,20,24,31,37,40,40,45,47,55,57,56,42,30,16,5,47,20,1
Brunei,1998,641,33,40,7,5,6,14,40,53,81,88,107,117,73,20,20,20,23,30,38,43,41,47,50,57,58,59,43,30,15,5,45,20,1
Brunei,1999,650,31,38,7,5,6,16,40,52,82,90,107,120,76,19,20,20,22,30,38,44,43,47,50,57,60,60,46,30,14,5,43,22,1
Brunei,2000,661,30,37,7,5,6,16,40,51,84,94,112,122,79,19,20,20,22,29,38,46,47,47,55,57,62,60,49,30,14,5,42,22,1
Brunei,2001,673,29,36,7,5,6,16,40,50,85,97,112,128,82,18,20,20,22,28,38,47,50,47,55,57,65,63,52,30,14,4,41,22,1
Brunei,2002,690,28,34,6,5,6,16,40,49,86,102,118,130,86,18,20,20,21,28,38,48,52,50,58,60,66,64,54,32,14,4,39,22,1
Brunei,2003,706,28,34,6,5,5,16,42,48,87,106,119,133,89,18,22,20,21,27,39,48,55,51,59,60,68,65,57,32,14,4,39,21,1
Brunei,2004,726,27,33,6,5,5,16,43,48,88,113,126,138,95,18,23,20,21,27,39,49,58,55,61,65,69,69,59,36,14,4,38,21,1
Brunei,2005,746,27,33,6,5,5,16,44,49,90,117,125,142,99,18,24,20,22,27,39,51,59,58,60,65,70,72,61,38,15,3,38,21,1
Brunei,2006,769,27,33,6,5,5,15,46,50,90,125,132,146,106,19,25,21,22,28,39,51,62,63,62,70,72,74,63,43,16,3,38,20,1
Brunei,2007,793,27,33,6,5,5,15,48,51,92,128,134,149,110,19,25,23,23,28,39,53,63,65,63,71,72,77,66,44,16,3,38,20,1
Brunei,2008,818,28,34,6,5,5,15,50,54,92,136,139,155,113,23,25,25,25,29,39,53,66,70,65,74,75,80,68,45,20,3,39,20,1
Brunei,2009,844,29,35,6,5,5,15,50,55,94,143,143,158,122,24,25,25,25,30,39,55,68,75,68,75,76,82,72,50,21,3,40,20,1
Brunei,2010,869,30,36,6,5,5,15,50,56,97,146,147,162,125,29,25,25,25,31,41,56,70,76,72,75,80,82,75,50,25,4,41,20,1
Brunei,2011,893,31,37,6,5,5,14,49,58,99,153,150,164,131,31,24,25,26,32,42,57,73,80,76,74,82,82,78,53,25,6,42,19,1
Brunei,2012,929,32,38,6,5,5,14,48,59,102,164,162,172,133,31,23,25,27,32,44,58,77,87,85,77,87,85,79,54,25,6,43,19,1
Brunei,2013,966,33,39,6,5,5,14,47,60,105,173,176,177,136,31,22,25,28,32,44,61,80,93,93,83,91,86,82,54,25,6,44,19,1
Brunei,2014,1005,33,39,6,5,5,14,45,61,107,184,192,183,139,31,20,25,28,33,45,62,85,99,103,89,94,89,82,57,25,6,44,19,1
Brunei,2015,1046,34,41,7,5,5,14,44,60,108,191,208,192,142,32,20,24,27,33,45,63,85,106,110,98,97,95,83,59,25,7,46,19,1
Brunei,2016,1087,34,41,7,5,5,14,43,62,112,202,229,198,144,33,20,23,27,35,47,65,90,112,120,109,99,99,84,60,26,7,46,19,1
Brunei,2017,1130,34,41,7,5,5,14,42,62,113,209,249,210,148,33,20,22,27,35,47,66,90,119,129,120,103,107,87,61,26,7,46,19,1
Brunei,2018,1176,34,41,7,5,5,14,41,62,117,218,271,222,151,33,20,21,27,35,47,70,94,124,138,133,111,111,88,63,26,7,46,19,1
Brunei,2019,1218,33,40,7,5,5,14,40,62,117,224,290,233,155,34,20,20,27,35,47,70,96,128,147,143,120,113,92,63,27,7,45,19,1
Brunei,2020,1263,33,40,7,5,5,14,40,59,117,229,312,248,159,34,20,20,25,34,47,70,98,131,156,156,132,116,96,63,27,7,45,19,1
Brunei,2021,1332,32,39,7,5,5,14,40,59,118,234,336,275,174,36,20,20,25,34,48,70,100,134,165,171,150,125,107,67,29,7,44,19,1
Bulgaria,1950,39417,8536,10841,2305,507,405,868,2441,1585,2460,3324,5178,6598,4301,845,1325,1116,678,907,1114,1346,1605,1719,2556,2622,3050,3548,2722,1579,669,176,11348,1273,57
Bulgaria,1951,40861,8373,10995,2622,535,423,781,2407,1639,2623,3642,5524,6625,4670,934,1227,1180,806,833,1181,1442,1709,1933,2558,2966,2921,3704,2811,1859,722,212,11530,1204,62
Bulgaria,1952,44888,8645,11227,2582,492,365,746,2297,1632,2618,4034,6530,7873,5831,1176,1196,1101,803,829,1134,1484,1896,2138,2809,3721,3586,4287,3432,2399,919,257,11719,1111,68
Bulgaria,1953,36397,6997,8574,1577,438,329,576,1674,1335,2274,3693,5339,6094,4836,1163,853,821,698,637,969,1305,1783,1910,2245,3094,3018,3076,2802,2034,891,272,9012,905,74
Bulgaria,1954,36271,7330,8913,1583,394,292,458,1333,1248,2079,3743,5562,6109,4836,1226,652,681,645,603,847,1232,1655,2088,2289,3273,3056,3053,2732,2104,933,293,9307,750,78
Bulgaria,1955,35735,7149,8929,1780,335,269,402,1164,1174,1963,3799,5426,6285,4633,1266,556,608,631,543,765,1198,1660,2139,2316,3110,3350,2935,2592,2041,959,307,9264,671,83
Bulgaria,1956,37239,6067,7606,1539,343,231,384,1102,1185,1999,4025,6147,7336,5259,1523,548,554,617,568,762,1237,1794,2231,2838,3309,4079,3257,2991,2268,1159,364,7949,615,100
Bulgaria,1957,34246,5337,6787,1450,311,240,339,1093,1354,1879,4072,5794,6680,4266,1336,519,574,695,659,689,1190,1764,2308,2716,3078,3812,2868,2440,1826,1004,332,7098,579,97
Bulgaria,1958,31406,4139,5228,1089,305,212,302,996,1228,1680,3987,5574,6580,3998,1222,451,545,547,681,626,1054,1658,2329,2819,2755,3714,2866,2297,1701,906,316,5533,514,95
Bulgaria,1959,37833,4143,5219,1076,290,243,338,978,1413,1867,4781,7234,8556,5053,1718,446,532,654,759,691,1176,2041,2740,3581,3653,4773,3783,2846,2207,1257,461,5509,581,144
Bulgaria,1960,32856,3592,4343,751,282,269,364,942,1370,1650,4211,6442,7304,4149,1400,401,541,630,740,631,1019,1822,2389,3122,3320,3792,3512,2437,1712,1013,387,4625,633,128
Bulgaria,1961,32323,3012,3665,653,235,241,344,823,1365,1697,4239,6589,7461,4187,1354,358,465,599,766,669,1028,1753,2486,3222,3367,3699,3762,2461,1726,986,368,3900,585,124
Bulgaria,1962,35618,2755,3342,587,269,252,356,879,1283,1781,4477,7480,8708,5013,1617,400,479,551,732,798,983,1803,2674,3435,4045,4044,4664,3000,2013,1165,452,3611,608,159
Bulgaria,1963,33699,2682,3215,533,237,234,360,839,1306,1713,4355,7380,7997,4493,1421,373,466,549,757,814,899,1748,2607,3436,3944,3706,4291,2795,1698,1026,395,3452,594,145
Bulgaria,1964,33244,2450,2930,480,220,186,333,746,1172,1831,4251,7567,8004,4613,1260,378,368,495,677,923,908,1683,2568,3431,4136,3873,4131,2966,1647,908,352,3150,519,129
Bulgaria,1965,34550,2176,2595,419,234,193,375,766,1212,1773,4173,8102,8487,5128,1363,382,384,521,691,904,869,1648,2525,3618,4484,4219,4268,3384,1744,964,399,2829,568,145
Bulgaria,1966,35390,2232,2644,412,244,192,364,795,1222,1962,4187,8342,8640,5437,1233,391,404,507,715,926,1036,1562,2625,3764,4578,4501,4139,3657,1780,859,374,2888,556,127
Bulgaria,1967,39182,2464,2887,423,255,186,331,847,1258,2191,4487,9215,9668,6390,1332,422,425,553,705,1009,1182,1613,2874,4096,5119,5158,4510,4335,2055,932,400,3142,517,131
Bulgaria,1968,38176,2502,2858,356,209,184,290,868,1278,2286,4241,9042,9456,6024,1297,468,400,549,729,1039,1247,1514,2727,4061,4981,5215,4241,4015,2009,893,404,3067,474,143
Bulgaria,1969,42595,2579,2926,347,226,196,377,855,1207,2523,4487,10352,11153,6724,1414,444,411,507,700,1103,1420,1614,2873,4686,5666,6122,5031,4346,2378,988,426,3152,573,152
Bulgaria,1970,41003,2311,2669,358,204,201,335,874,1157,2398,4154,10129,10931,6632,1191,440,434,462,695,986,1412,1479,2675,4419,5710,5986,4945,4110,2522,833,358,2873,536,130
Bulgaria,1971,44551,1940,2308,368,189,176,343,959,1232,2681,4522,10908,12653,7123,1316,485,474,468,764,1040,1641,1763,2759,4737,6171,6771,5882,4327,2796,948,368,2497,519,142
Bulgaria,1972,45093,2007,2357,350,183,163,340,933,1196,2644,4590,10730,12964,7492,1353,454,479,483,713,1025,1619,1935,2655,4673,6057,6877,6087,4430,3062,989,364,2540,503,144
Bulgaria,1973,44185,2254,2579,325,208,158,319,896,1140,2589,4360,10578,12822,7067,1343,437,459,463,677,1030,1559,2049,2311,4423,6155,6728,6094,4249,2818,1017,326,2787,477,129
Bulgaria,1974,46127,2203,2508,305,199,160,306,938,1136,2583,4677,10749,13930,7482,1345,443,495,508,628,1005,1578,2299,2378,4436,6313,7311,6619,4559,2923,1033,312,2707,466,117
Bulgaria,1975,49095,1886,2221,335,216,179,316,949,1185,2839,5036,11180,15445,7989,1429,454,495,497,688,1090,1749,2543,2493,4511,6669,7926,7519,4999,2990,1130,299,2437,495,105
Bulgaria,1976,48451,1970,2315,345,191,168,277,895,1075,2726,5266,10713,15294,7846,1575,401,494,485,590,1039,1687,2600,2666,4076,6637,7759,7535,5082,2764,1247,328,2506,445,112
Bulgaria,1977,52001,1983,2333,350,219,175,296,934,1193,2888,5963,11275,16439,8542,1648,416,518,536,657,1086,1802,2842,3121,4226,7049,8444,7995,5676,2866,1323,325,2552,471,98
Bulgaria,1978,50869,1747,2069,322,194,160,300,901,1241,2761,6216,10711,16360,8354,1515,427,474,574,667,1079,1682,2695,3521,3914,6797,8462,7898,5595,2759,1210,305,2263,460,83
Bulgaria,1979,52750,1605,1947,342,200,185,323,844,1274,2915,6714,10624,17015,9001,1627,402,442,601,673,1078,1837,2816,3898,3839,6785,8714,8301,6085,2916,1293,334,2147,508,81
Bulgaria,1980,55058,1507,1841,334,185,167,294,882,1300,2840,6808,10907,18059,10079,1628,431,451,581,719,1003,1837,2817,3991,3980,6927,9096,8963,6730,3349,1292,336,2026,461,69
Bulgaria,1981,53897,1349,1698,349,192,166,298,855,1307,2744,6798,10433,18003,9872,1470,379,476,603,704,978,1766,2794,4004,4221,6212,9004,8999,6603,3269,1157,313,1890,464,57
Bulgaria,1982,56831,1319,1612,293,210,142,300,885,1425,2888,7115,11104,18765,10795,1530,429,456,637,788,1039,1849,2778,4337,4729,6375,9337,9428,7242,3553,1188,342,1822,442,59
Bulgaria,1983,58768,1163,1463,300,173,150,303,859,1459,2883,7120,11194,19737,11726,1643,384,475,583,876,1067,1816,2821,4299,5253,5941,9614,10123,7830,3896,1273,370,1636,453,63
Bulgaria,1984,58522,1116,1428,312,190,175,298,839,1402,2947,7345,11450,18937,11831,1624,379,460,572,830,1111,1836,2939,4406,5696,5754,8961,9976,7918,3913,1290,334,1618,473,57
Bulgaria,1985,61910,996,1253,257,175,175,296,867,1573,3023,7539,12113,20028,12999,1801,425,442,622,951,1163,1860,3069,4470,6209,5904,9225,10803,8709,4290,1429,372,1428,471,65
Bulgaria,1986,59867,991,1212,221,137,151,294,804,1507,2975,7430,12388,18833,12342,1736,370,434,596,911,1191,1784,3159,4271,6286,6102,8474,10359,8344,3998,1409,327,1349,445,57
Bulgaria,1987,62052,948,1213,265,171,176,348,814,1420,2885,7290,12878,18992,14043,1775,409,405,589,831,1210,1675,2975,4315,6256,6622,8246,10746,9059,4984,1482,293,1384,524,47
Bulgaria,1988,61904,939,1223,284,173,151,292,807,1501,2984,7337,13469,18278,13905,1743,364,443,612,889,1289,1695,3004,4333,6333,7136,7541,10737,9112,4793,1461,282,1396,443,44
Bulgaria,1989,61781,922,1168,246,143,173,288,830,1486,3348,7393,13663,17241,14168,1840,401,429,592,894,1417,1931,2881,4512,6040,7623,7146,10095,9191,4977,1565,275,1311,461,41
Bulgaria,1990,63130,906,1147,241,133,165,334,904,1498,3416,7236,13778,17652,14808,2020,439,465,612,886,1514,1902,2869,4367,6031,7747,7312,10340,9548,5260,1743,277,1280,499,38
Bulgaria,1991,63689,930,1172,242,147,165,301,821,1475,3279,6938,14079,17450,15653,2172,397,424,608,867,1441,1838,2616,4322,6111,7968,7566,9884,10040,5613,1859,313,1319,466,40
Bulgaria,1992,63642,813,1069,256,148,123,315,926,1531,3769,7327,13885,17137,15215,2151,445,481,573,958,1567,2202,2807,4520,5896,7989,8052,9085,9661,5554,1809,342,1217,438,40
Bulgaria,1993,65005,769,970,201,133,122,326,888,1695,3964,7571,13946,17374,15791,2185,440,448,668,1027,1621,2343,2893,4678,5952,7994,8733,8641,9919,5872,1842,343,1103,448,37
Bulgaria,1994,66162,705,918,213,142,128,344,948,1697,4183,7556,14460,17683,15452,2605,461,487,662,1035,1579,2604,3052,4504,6438,8022,9483,8200,9801,5651,2166,439,1060,472,45
Bulgaria,1995,67512,603,772,169,124,123,283,919,1566,4205,7515,14521,18263,16501,2679,456,463,609,957,1626,2579,3126,4389,6547,7974,9688,8575,10077,6424,2247,432,896,406,40
Bulgaria,1996,68115,667,845,178,115,129,275,807,1444,4052,7277,14319,19324,16696,2794,369,438,523,921,1547,2505,3179,4098,6373,7946,10129,9195,9906,6790,2357,437,960,404,40
Bulgaria,1997,70057,600,800,200,133,120,288,835,1458,4048,7573,14715,20212,16800,3034,422,413,552,906,1549,2499,3391,4182,6597,8118,10257,9955,9628,7172,2582,452,933,408,41
Bulgaria,1998,68498,570,706,136,108,127,244,823,1380,3926,7661,14177,20567,15907,2836,423,400,548,832,1417,2509,3563,4098,6282,7895,10035,10532,8751,7156,2426,410,814,371,37
Bulgaria,1999,63521,643,780,137,91,102,247,758,1247,3442,7123,13218,19491,14371,2621,374,384,491,756,1324,2118,3298,3825,5689,7529,9255,10236,8004,6367,2247,374,871,349,34
Bulgaria,2000,65088,551,651,100,85,87,228,716,1276,3501,7343,13341,20187,14765,2873,349,367,519,757,1307,2194,3374,3969,5410,7931,9520,10667,8269,6496,2480,393,736,315,35
Bulgaria,2001,63339,547,648,101,58,87,208,742,1195,3375,7490,12972,19427,14269,2831,358,384,489,706,1268,2107,3384,4106,5408,7564,9130,10297,8311,5958,2430,401,706,295,36
Bulgaria,2002,63108,517,621,104,56,78,173,675,1154,3304,7495,12438,19355,14666,3060,305,370,470,684,1252,2052,3367,4128,5102,7336,9031,10324,8825,5841,2617,443,677,251,38
Bulgaria,2003,63001,504,590,86,53,89,184,750,1082,3053,7696,12490,19312,14607,3055,339,411,437,645,1117,1936,3302,4394,5071,7419,8974,10338,9116,5491,2570,485,643,273,40
Bulgaria,2004,62150,501,610,109,53,72,165,690,1131,3132,7763,11992,18794,14721,2993,324,366,491,640,1189,1943,3251,4512,5170,6822,8903,9891,9376,5345,2507,486,663,237,39
Bulgaria,2005,63515,452,548,96,52,75,137,656,1107,3150,8115,12149,19265,15233,2990,296,360,444,663,1160,1990,3283,4832,5300,6849,9235,10030,9620,5613,2477,513,600,212,41
Bulgaria,2006,63116,395,481,86,61,63,183,699,1109,3041,8064,11852,19133,15544,2844,320,379,450,659,1088,1953,3241,4823,5427,6425,9118,10015,9765,5779,2324,520,542,246,42
Bulgaria,2007,62459,410,492,82,45,52,188,696,1050,2838,7820,11815,18692,15622,3098,322,374,460,590,994,1844,3179,4641,5518,6297,8916,9776,9559,6063,2500,598,537,240,53
Bulgaria,2008,60681,386,463,77,65,59,192,720,1117,2796,7447,11596,17847,15534,2793,320,400,470,647,974,1822,3015,4432,5633,5963,8314,9533,9429,6105,2272,521,528,251,49
Bulgaria,2009,59080,443,509,66,59,57,156,612,1074,2756,7295,11827,16892,14956,2831,291,321,447,627,982,1774,2964,4331,5799,6028,7621,9271,9024,5932,2268,563,568,213,57
Bulgaria,2010,59879,419,508,89,44,55,128,569,955,2737,6971,11837,17026,15736,3242,243,326,394,561,999,1738,2757,4214,5779,6058,7412,9614,9271,6465,2629,613,552,183,70
Bulgaria,2011,58834,357,434,77,31,41,116,533,977,2489,7016,11991,16690,15462,2988,241,292,425,552,888,1601,2751,4265,5821,6170,7223,9467,9118,6344,2475,513,465,157,65
Bulgaria,2012,58969,341,413,72,38,52,123,481,904,2314,6877,12196,16289,15862,3352,221,260,360,544,906,1408,2705,4172,5768,6428,7040,9249,9285,6577,2778,574,451,175,70
Bulgaria,2013,56922,297,372,75,42,41,96,478,911,2377,6564,12280,15418,15154,3119,232,246,377,534,890,1487,2521,4043,5548,6732,6686,8732,8736,6418,2562,557,414,137,64
Bulgaria,2014,58964,291,340,49,32,41,108,415,1032,2370,6770,12912,15287,15912,3661,187,228,374,658,871,1499,2682,4088,5736,7176,6775,8512,9314,6598,2953,708,372,149,84
Bulgaria,2015,59440,247,288,41,50,35,103,431,902,2364,6503,12980,15370,16392,3942,170,261,372,530,871,1493,2567,3936,5719,7261,7233,8137,9578,6814,3221,721,338,138,81
Bulgaria,2016,58390,262,296,34,30,37,95,405,926,2432,6449,13038,14990,15910,3714,167,238,336,590,911,1521,2449,4000,5761,7277,7219,7771,9174,6736,3075,639,326,132,67
Bulgaria,2017,59246,228,282,54,36,36,101,368,836,2491,6243,13011,15423,16466,3883,135,233,326,510,945,1546,2418,3825,5616,7395,7603,7820,9290,7176,3212,671,318,137,69
Bulgaria,2018,58169,200,246,46,35,50,99,339,885,2420,6242,12701,15853,15678,3550,119,220,362,523,896,1524,2296,3946,5571,7130,8041,7812,8914,6764,2910,640,281,149,69
Bulgaria,2019,57947,190,222,32,23,37,115,348,866,2482,6006,12814,15932,15290,3733,140,208,314,552,886,1596,2261,3745,5589,7225,8214,7718,8452,6838,3040,693,245,152,75
Bulgaria,2020,67998,178,206,28,20,28,107,299,899,2817,6840,14836,20080,17454,4329,146,153,297,602,991,1826,2600,4240,6395,8441,10475,9605,9455,7999,3524,805,226,135,81
Bulgaria,2021,77889,167,195,28,20,31,112,375,1008,3111,7677,17007,24231,19290,4749,180,195,359,649,1035,2076,3170,4507,7237,9770,12372,11859,10537,8753,3875,874,215,143,86
Burkina Faso,1950,64326,16215,37436,21221,2749,1182,1602,4128,3369,3326,3556,4005,2024,936,16,2190,1938,1718,1651,1668,1658,1728,1828,2005,2000,1656,368,787,149,16,0,40185,2784,0
Burkina Faso,1951,64279,16484,37127,20643,2777,1190,1605,4105,3373,3359,3606,4070,2284,783,2,2178,1927,1716,1657,1682,1677,1753,1853,2035,2035,1768,516,579,204,2,0,39904,2795,0
Burkina Faso,1952,64845,16713,37241,20528,2801,1211,1626,4114,3399,3412,3679,4155,2590,612,1,2184,1930,1725,1674,1709,1703,1789,1890,2078,2077,1851,739,354,258,1,0,40042,2837,0
Burkina Faso,1953,65357,16936,37644,20708,2719,1217,1630,4073,3380,3430,3720,4212,2866,461,3,2166,1907,1711,1669,1717,1713,1812,1908,2107,2105,1897,969,189,272,3,0,40363,2847,0
Burkina Faso,1954,65947,17097,37980,20883,2624,1236,1648,4064,3379,3466,3780,4289,3097,372,9,2168,1896,1707,1672,1734,1732,1842,1938,2147,2142,1945,1152,135,237,9,0,40604,2884,0
Burkina Faso,1955,66092,17257,38221,20964,2531,1233,1639,3992,3324,3448,3789,4311,3235,354,11,2138,1854,1675,1649,1723,1725,1845,1944,2157,2154,1970,1265,176,178,11,0,40752,2872,0
Burkina Faso,1956,66853,17421,38516,21095,2524,1260,1667,4014,3334,3493,3864,4406,3382,383,13,2160,1854,1676,1658,1741,1752,1878,1986,2204,2202,2023,1359,270,113,13,0,41040,2927,0
Burkina Faso,1957,67556,17571,38786,21215,2531,1276,1691,4035,3333,3528,3928,4492,3489,448,18,2182,1853,1671,1662,1753,1775,1904,2024,2242,2250,2066,1423,393,55,18,0,41317,2967,0
Burkina Faso,1958,68335,17737,39122,21385,2569,1270,1715,4061,3324,3561,3994,4581,3584,535,16,2208,1853,1663,1661,1762,1799,1930,2064,2283,2298,2111,1473,512,23,16,0,41691,2985,0
Burkina Faso,1959,68829,17906,39364,21458,2610,1239,1729,4059,3290,3566,4036,4648,3654,624,8,2218,1841,1643,1647,1758,1808,1943,2093,2312,2336,2144,1510,600,24,8,0,41974,2968,0
Burkina Faso,1960,69430,18061,39625,21564,2657,1211,1753,4081,3267,3578,4085,4727,3730,714,2,2240,1841,1630,1637,1757,1821,1963,2122,2349,2378,2182,1548,666,48,2,0,42282,2964,0
Burkina Faso,1961,69979,18261,39996,21735,2689,1178,1766,4084,3225,3568,4115,4781,3791,782,1,2248,1836,1608,1617,1746,1822,1974,2141,2375,2406,2213,1578,706,76,1,0,42685,2944,0
Burkina Faso,1962,70142,18463,40312,21849,2689,1139,1752,4040,3148,3513,4103,4796,3821,834,0,2228,1812,1571,1577,1713,1800,1966,2137,2383,2413,2229,1592,730,104,0,0,43001,2891,0
Burkina Faso,1963,70574,18665,40688,22023,2708,1130,1725,4035,3094,3478,4117,4840,3877,882,1,2229,1806,1546,1548,1690,1788,1972,2145,2407,2433,2261,1616,754,128,1,0,43396,2855,0
Burkina Faso,1964,71440,18919,41202,22283,2762,1154,1694,4083,3078,3475,4162,4927,3970,934,2,2259,1824,1543,1535,1684,1791,1992,2170,2451,2476,2314,1656,781,153,2,0,43964,2848,0
Burkina Faso,1965,71737,19164,41573,22409,2771,1160,1630,4070,3021,3419,4156,4954,4013,967,3,2257,1813,1521,1500,1649,1770,1985,2171,2462,2492,2336,1677,799,168,3,0,44344,2790,0
Burkina Faso,1966,72510,19421,42119,22698,2810,1179,1584,4107,3003,3396,4185,5024,4095,1001,4,2283,1824,1521,1482,1633,1763,1993,2192,2494,2530,2378,1717,823,178,4,0,44929,2763,0
Burkina Faso,1967,72935,19678,42584,22906,2822,1184,1529,4089,2960,3339,4175,5061,4150,1031,4,2272,1817,1508,1452,1600,1739,1980,2195,2503,2558,2403,1747,842,189,4,0,45406,2713,0
Burkina Faso,1968,73838,19975,43212,23237,2867,1205,1527,4086,2962,3316,4205,5140,4244,1068,7,2250,1836,1520,1442,1585,1731,1984,2221,2532,2608,2449,1795,868,200,7,0,46079,2732,0
Burkina Faso,1969,74385,20209,43713,23504,2886,1218,1544,4015,2948,3266,4201,5183,4303,1098,5,2172,1843,1522,1426,1556,1710,1973,2228,2545,2638,2477,1826,888,210,5,0,46599,2762,0
Burkina Faso,1970,74742,20355,44031,23676,2895,1224,1556,3938,2927,3210,4191,5232,4395,1138,9,2091,1847,1519,1408,1525,1685,1959,2232,2561,2671,2522,1873,917,221,9,0,46926,2780,0
Burkina Faso,1971,75263,20541,44398,23857,2911,1240,1576,3883,2930,3172,4194,5295,4478,1176,8,2022,1861,1526,1404,1505,1667,1953,2241,2586,2709,2565,1913,944,232,8,0,47309,2816,0
Burkina Faso,1972,74975,20606,44383,23777,2873,1229,1563,3759,2880,3079,4135,5302,4548,1212,10,1935,1824,1502,1378,1459,1620,1915,2220,2585,2717,2600,1948,972,240,10,0,47256,2792,0
Burkina Faso,1973,75066,20670,44288,23618,2889,1247,1584,3711,2892,3042,4129,5364,4651,1257,9,1926,1785,1511,1381,1443,1599,1904,2225,2613,2751,2658,1993,1007,250,9,0,47177,2831,0
Burkina Faso,1974,74310,20649,43881,23232,2826,1229,1564,3583,2848,2953,4054,5357,4709,1294,11,1906,1677,1490,1358,1403,1550,1861,2193,2603,2754,2686,2023,1033,261,11,0,46707,2793,0
Burkina Faso,1975,73314,20561,43286,22725,2736,1205,1540,3456,2807,2867,3970,5337,4767,1333,11,1884,1572,1473,1334,1367,1500,1812,2158,2585,2752,2710,2057,1061,272,11,0,46022,2745,0
Burkina Faso,1976,72375,20440,42592,22152,2671,1189,1524,3360,2781,2802,3898,5331,4834,1379,12,1870,1490,1463,1318,1344,1458,1771,2127,2572,2759,2736,2098,1092,287,12,0,45263,2713,0
Burkina Faso,1977,71860,20408,42060,21652,2640,1186,1524,3316,2771,2767,3851,5356,4935,1441,16,1877,1439,1457,1314,1335,1432,1741,2110,2570,2786,2779,2156,1133,308,16,0,44700,2710,0
Burkina Faso,1978,71408,20509,41831,21322,2578,1166,1502,3266,2705,2716,3775,5346,5009,1496,17,1858,1408,1405,1300,1319,1397,1699,2076,2549,2797,2802,2207,1169,327,17,0,44409,2668,0
Burkina Faso,1979,71351,20623,41774,21151,2554,1159,1496,3276,2648,2695,3721,5352,5098,1556,21,1858,1418,1346,1302,1316,1379,1669,2052,2538,2814,2835,2263,1209,347,21,0,44328,2655,0
Burkina Faso,1980,71393,20691,41820,21129,2535,1146,1485,3281,2588,2676,3661,5352,5199,1624,22,1856,1425,1285,1303,1313,1363,1635,2026,2523,2829,2877,2322,1256,368,22,0,44355,2631,0
Burkina Faso,1981,72229,20887,42189,21302,2586,1169,1511,3360,2603,2717,3658,5400,5319,1696,26,1893,1467,1263,1340,1339,1378,1633,2025,2535,2865,2932,2387,1306,390,26,0,44775,2680,0
Burkina Faso,1982,72059,20939,42113,21174,2567,1145,1490,3347,2535,2691,3583,5369,5419,1770,30,1882,1465,1212,1323,1329,1362,1598,1985,2507,2862,2974,2445,1359,411,30,0,44680,2635,0
Burkina Faso,1983,72472,21117,42321,21204,2595,1149,1491,3375,2519,2713,3546,5366,5518,1845,32,1891,1484,1217,1302,1341,1372,1583,1963,2495,2871,3019,2499,1412,433,32,0,44916,2640,0
Burkina Faso,1984,72761,21359,42541,21182,2600,1140,1479,3380,2484,2723,3500,5337,5610,1922,37,1886,1494,1234,1250,1349,1374,1568,1932,2470,2867,3057,2553,1466,456,37,0,45141,2619,0
Burkina Faso,1985,73761,21650,42844,21194,2691,1174,1514,3486,2521,2805,3521,5384,5763,2019,41,1939,1547,1288,1233,1395,1410,1587,1934,2483,2901,3126,2637,1532,487,41,0,45535,2688,0
Burkina Faso,1986,74997,21789,43028,21239,2833,1234,1574,3651,2598,2920,3577,5467,5953,2120,43,2024,1627,1362,1236,1458,1462,1624,1953,2512,2955,3216,2737,1604,516,43,0,45861,2808,0
Burkina Faso,1987,76365,21869,43200,21331,2985,1306,1649,3859,2706,3047,3658,5553,6138,2215,46,2135,1724,1448,1258,1523,1524,1678,1980,2543,3010,3301,2837,1671,544,46,0,46185,2955,0
Burkina Faso,1988,77363,21940,43322,21382,3127,1377,1705,3971,2795,3108,3719,5606,6288,2299,47,2192,1779,1507,1288,1536,1572,1722,1997,2558,3048,3364,2924,1730,569,47,0,46449,3082,0
Burkina Faso,1989,78628,22101,43636,21535,3265,1452,1771,4113,2927,3155,3799,5653,6431,2379,48,2268,1845,1573,1354,1524,1631,1774,2025,2573,3080,3424,3007,1785,594,48,0,46901,3223,0
Burkina Faso,1990,79672,22416,44159,21743,3348,1502,1813,4176,3014,3161,3848,5642,6511,2446,49,2300,1876,1614,1400,1488,1673,1809,2039,2560,3082,3450,3061,1833,613,49,0,47507,3315,0
Burkina Faso,1991,81202,22839,44914,22075,3470,1569,1882,4286,3129,3198,3926,5656,6605,2515,51,2359,1927,1669,1460,1468,1730,1856,2070,2564,3092,3486,3119,1884,631,51,0,48384,3451,0
Burkina Faso,1992,82705,23236,45672,22436,3597,1638,1960,4384,3229,3228,4008,5671,6684,2579,50,2416,1968,1717,1512,1454,1774,1902,2106,2572,3099,3516,3168,1933,646,50,0,49269,3598,0
Burkina Faso,1993,84949,23619,46407,22788,3832,1755,2111,4632,3416,3328,4169,5761,6825,2662,51,2556,2076,1810,1606,1515,1813,1985,2184,2619,3142,3583,3242,1997,665,51,0,50239,3866,0
Burkina Faso,1994,86661,24036,47167,23131,3967,1833,2222,4790,3539,3372,4298,5799,6895,2728,53,2653,2137,1867,1672,1585,1787,2054,2244,2649,3150,3610,3285,2044,684,53,0,51134,4055,0
Burkina Faso,1995,87812,24424,47705,23281,4038,1889,2310,4906,3626,3395,4402,5802,6909,2773,56,2731,2175,1906,1720,1648,1747,2113,2289,2666,3136,3605,3304,2074,699,56,0,51743,4199,0
Burkina Faso,1996,89225,24782,48166,23384,4155,1967,2426,5092,3744,3439,4536,5850,6957,2832,61,2852,2240,1961,1783,1719,1720,2185,2351,2709,3141,3621,3336,2111,721,61,0,52321,4393,0
Burkina Faso,1997,91342,25155,48874,23719,4348,2094,2582,5364,3929,3552,4712,5954,6990,2876,62,3021,2343,2052,1877,1820,1732,2272,2440,2784,3170,3632,3358,2137,739,62,0,53222,4676,0
Burkina Faso,1998,91266,25214,48729,23515,4318,2085,2609,5435,3923,3570,4702,5948,6970,2914,66,3089,2346,2044,1879,1843,1727,2236,2466,2804,3144,3606,3364,2159,755,65,1,53047,4694,0
Burkina Faso,1999,92661,25482,49016,23534,4418,2147,2711,5705,4059,3734,4752,6054,6995,2985,81,3259,2446,2114,1945,1922,1812,2204,2548,2879,3175,3609,3386,2194,791,80,1,53434,4858,0
Burkina Faso,2000,93582,25757,49268,23511,4450,2166,2770,5907,4144,3866,4770,6131,6978,3031,95,3380,2527,2157,1987,1981,1885,2149,2621,2937,3194,3590,3388,2215,816,94,1,53718,4936,0
Burkina Faso,2001,94848,25922,49415,23493,4547,2209,2862,6192,4286,4031,4833,6266,7005,3095,109,3543,2649,2231,2055,2059,1972,2119,2714,3018,3248,3600,3405,2249,846,108,1,53962,5071,0
Burkina Faso,2002,96000,26072,49507,23435,4630,2253,2945,6477,4443,4201,4893,6400,6991,3133,130,3690,2787,2317,2126,2139,2062,2105,2788,3096,3304,3596,3395,2264,869,124,6,54137,5198,1
Burkina Faso,2003,96202,26170,49240,23070,4614,2243,2960,6620,4519,4303,4902,6509,6974,3170,148,3748,2872,2361,2158,2181,2122,2129,2773,3156,3353,3589,3385,2279,891,138,10,53854,5203,2
Burkina Faso,2004,96100,26125,48710,22585,4582,2228,2956,6747,4594,4393,4906,6632,6972,3206,167,3790,2957,2409,2185,2216,2177,2205,2701,3225,3407,3597,3375,2293,913,150,17,53292,5184,4
Burkina Faso,2005,96405,26040,48004,21964,4642,2255,2993,6982,4750,4539,4952,6825,7029,3251,182,3895,3087,2505,2245,2280,2259,2305,2647,3330,3495,3644,3385,2316,935,160,22,52646,5248,5
Burkina Faso,2006,95953,26040,47564,21524,4536,2220,2929,6966,4800,4590,4937,6935,7023,3264,187,3855,3111,2545,2255,2294,2296,2368,2569,3395,3540,3658,3365,2315,949,166,21,52100,5149,5
Burkina Faso,2007,95640,25858,46840,20982,4518,2228,2912,7023,4908,4677,4968,7061,7059,3266,175,3863,3160,2617,2291,2329,2348,2444,2524,3456,3605,3702,3357,2312,954,162,13,51358,5140,3
Burkina Faso,2008,94083,25422,45638,20216,4409,2182,2836,6918,4914,4675,5007,7056,7096,3202,151,3790,3128,2636,2278,2320,2355,2483,2524,3405,3651,3742,3354,2301,901,149,2,50047,5018,1
Burkina Faso,2009,92976,25088,44768,19680,4328,2157,2774,6782,4939,4679,5112,6989,7125,3183,138,3697,3085,2659,2280,2312,2367,2523,2589,3286,3703,3780,3345,2276,907,135,3,49096,4931,0
Burkina Faso,2010,92957,24809,43994,19185,4380,2189,2793,6820,5084,4773,5296,7026,7265,3201,134,3699,3121,2741,2343,2356,2417,2602,2694,3208,3818,3873,3392,2280,921,133,1,48374,4982,0
Burkina Faso,2011,92467,24524,43152,18628,4377,2188,2779,6774,5167,4818,5440,7031,7397,3211,130,3660,3114,2783,2384,2374,2444,2660,2780,3118,3913,3955,3442,2281,930,128,2,47529,4967,0
Burkina Faso,2012,92286,24283,42488,18205,4382,2192,2775,6744,5273,4885,5587,7050,7551,3230,137,3631,3113,2828,2445,2405,2480,2720,2867,3062,3988,4042,3509,2293,937,135,2,46870,4967,0
Burkina Faso,2013,93146,23990,41751,17761,4541,2270,2864,6918,5513,5060,5821,7161,7812,3287,144,3716,3202,2937,2576,2495,2565,2822,2999,3140,4021,4187,3625,2334,953,143,1,46292,5134,0
Burkina Faso,2014,93005,23617,40974,17357,4544,2287,2874,6894,5616,5152,5976,7190,8027,3322,148,3703,3191,2967,2649,2546,2606,2882,3094,3263,3927,4307,3720,2364,958,147,1,45518,5161,0
Burkina Faso,2015,92807,23166,40055,16889,4536,2305,2887,6880,5723,5264,6131,7220,8264,3383,159,3702,3178,2997,2726,2614,2650,2943,3188,3393,3827,4443,3821,2413,970,158,1,44591,5192,0
Burkina Faso,2016,92525,22618,39029,16411,4517,2324,2901,6880,5822,5385,6276,7258,8504,3459,170,3713,3167,3027,2795,2688,2697,2999,3277,3518,3740,4578,3926,2471,988,169,1,43546,5225,0
Burkina Faso,2017,93336,21998,37847,15849,4653,2429,3011,7115,6075,5649,6534,7436,8829,3572,180,3851,3264,3141,2934,2842,2807,3114,3420,3697,3739,4747,4082,2561,1011,177,3,42500,5440,0
Burkina Faso,2018,92884,21622,36899,15277,4556,2429,3004,7084,6112,5777,6657,7593,8921,3667,185,3845,3239,3143,2969,2922,2855,3164,3493,3808,3785,4727,4194,2636,1031,183,2,41455,5433,0
Burkina Faso,2019,95285,21369,36224,14855,4680,2540,3230,7753,6573,6196,6981,8024,9079,3809,193,4217,3536,3380,3193,3162,3034,3319,3662,4013,4011,4692,4387,2746,1063,189,4,40904,5770,0
Burkina Faso,2020,98692,21019,35335,14316,4512,2502,3072,7332,6512,6768,8102,9764,10247,4337,211,4004,3328,3268,3244,3412,3356,3787,4315,4862,4902,5251,4996,3118,1219,208,3,39847,5574,0
Burkina Faso,2021,102139,20684,34502,13818,4336,2481,3237,7746,6930,7470,8885,10817,10911,4599,221,4203,3543,3455,3475,3720,3750,4173,4712,5328,5489,5470,5441,3329,1270,216,5,38838,5718,0
Burundi,1950,27069,9695,15120,5425,1516,654,668,1583,1368,1351,1348,1518,1444,467,31,824,759,693,675,678,673,687,661,731,787,791,653,334,133,28,3,16636,1322,0
Burundi,1951,28189,10393,16056,5663,1550,665,677,1592,1380,1373,1382,1533,1469,487,26,830,762,699,681,688,685,704,678,738,795,802,667,356,131,25,1,17606,1342,0
Burundi,1952,28679,10335,16387,6052,1577,675,686,1599,1387,1391,1418,1543,1487,509,21,835,764,703,684,698,693,717,701,740,803,812,675,382,127,21,0,17964,1361,0
Burundi,1953,28988,10308,16571,6263,1602,683,692,1600,1389,1405,1447,1549,1497,529,20,838,762,703,686,705,700,724,723,741,808,818,679,404,125,20,0,18173,1375,0
Burundi,1954,29270,10280,16734,6454,1612,692,698,1602,1388,1417,1479,1562,1514,551,21,842,760,703,685,711,706,734,745,747,815,828,686,422,129,21,0,18346,1390,0
Burundi,1955,29455,10255,16775,6520,1664,700,705,1605,1384,1424,1500,1579,1526,571,20,847,758,700,684,713,711,739,761,760,819,835,691,433,138,20,0,18439,1405,0
Burundi,1956,29711,10230,16726,6496,1784,717,717,1621,1394,1444,1536,1607,1549,595,20,858,763,705,689,721,723,753,783,781,826,847,702,445,150,20,0,18510,1434,0
Burundi,1957,29812,10206,16687,6481,1855,725,721,1621,1387,1447,1548,1628,1562,610,20,860,761,700,687,720,727,757,791,802,826,852,710,449,161,20,0,18542,1446,0
Burundi,1958,30075,10193,16657,6464,1936,744,736,1650,1397,1468,1579,1669,1587,630,19,878,772,704,693,727,741,772,807,836,833,864,723,457,173,19,0,18593,1480,0
Burundi,1959,30213,10189,16640,6451,1989,750,745,1656,1392,1472,1596,1702,1604,643,22,884,772,700,692,725,747,779,817,861,841,872,732,461,182,22,0,18629,1495,0
Burundi,1960,30430,10204,16648,6444,2028,777,760,1680,1395,1482,1618,1745,1621,656,24,898,782,701,694,727,755,789,829,887,858,879,742,469,187,24,0,18676,1537,0
Burundi,1961,30611,10223,16646,6423,2040,818,776,1698,1395,1487,1638,1786,1634,666,27,910,788,703,692,729,758,799,839,905,881,884,750,475,191,27,0,18686,1594,0
Burundi,1962,31158,10405,16879,6474,2041,853,794,1757,1426,1506,1667,1838,1657,692,45,940,817,722,704,739,767,814,853,926,912,892,765,490,202,40,5,18920,1647,1
Burundi,1963,31458,10498,17005,6507,2055,887,807,1779,1430,1511,1687,1886,1669,702,38,952,827,727,703,741,770,824,863,939,947,897,772,497,205,38,0,19060,1694,1
Burundi,1964,31862,10561,17122,6561,2081,931,822,1818,1449,1526,1720,1940,1696,715,42,973,845,739,710,749,777,840,880,958,982,912,784,507,208,41,1,19203,1753,0
Burundi,1965,35893,11343,18508,7165,2252,1040,1049,2519,1866,1816,1977,2179,1846,773,67,1349,1170,972,894,902,914,971,1006,1076,1103,1002,844,544,229,55,12,20760,2089,3
Burundi,1966,34295,11515,18572,7057,2192,989,913,1979,1556,1601,1814,2070,1793,762,52,1058,921,802,754,787,814,884,930,1011,1059,978,815,536,226,50,2,20764,1902,1
Burundi,1967,35617,11966,19322,7356,2261,1023,981,2076,1628,1647,1860,2127,1848,782,59,1108,968,843,785,811,836,903,957,1037,1090,1021,827,548,234,54,5,21583,2004,1
Burundi,1968,36444,12348,19937,7589,2297,1019,1012,2092,1640,1653,1882,2167,1898,792,55,1116,976,851,789,812,841,909,973,1056,1111,1064,834,556,236,52,3,22234,2031,1
Burundi,1969,38158,12793,20718,7925,2425,1102,1134,2249,1770,1731,1953,2235,1973,811,57,1194,1055,921,849,853,878,941,1012,1090,1145,1115,858,569,242,54,3,23143,2236,0
Burundi,1970,38540,13091,21212,8121,2432,1070,1119,2206,1730,1701,1947,2256,2013,808,48,1177,1029,901,829,835,866,935,1012,1099,1157,1142,871,568,240,47,1,23644,2189,0
Burundi,1971,39580,13435,21783,8348,2508,1090,1138,2308,1779,1729,1981,2309,2079,822,52,1248,1060,926,853,852,877,950,1031,1124,1185,1177,902,576,246,51,1,24291,2228,0
Burundi,1972,78075,14883,27250,12367,6931,5314,5300,9610,7100,4969,4082,3618,2862,980,59,5153,4457,3760,3340,2652,2317,2105,1977,1860,1758,1638,1224,696,284,57,2,34181,10614,0
Burundi,1973,48151,13561,23053,9492,3646,2135,2091,3896,2869,2391,2407,2598,2258,780,26,2159,1737,1498,1371,1223,1168,1185,1222,1289,1309,1274,984,561,219,24,2,26699,4226,0
Burundi,1974,39882,13471,22124,8653,2619,1112,1120,2322,1703,1662,1935,2335,2145,773,34,1327,995,881,822,822,840,925,1010,1137,1198,1194,951,548,225,34,0,24743,2232,0
Burundi,1975,41000,14001,22700,8699,2684,1140,1148,2446,1762,1699,1963,2385,2214,809,51,1397,1049,912,850,844,855,938,1025,1159,1226,1223,991,571,238,46,5,25384,2288,1
Burundi,1976,41848,14333,23169,8836,2745,1171,1168,2524,1792,1721,1979,2427,2270,831,44,1415,1109,928,864,857,864,944,1035,1176,1251,1249,1021,592,239,44,0,25914,2339,1
Burundi,1977,42410,14520,23426,8906,2784,1193,1188,2600,1817,1739,1987,2454,2316,860,48,1434,1166,941,876,870,869,948,1039,1184,1270,1271,1045,618,242,47,1,26210,2381,0
Burundi,1978,43182,14708,23660,8952,2827,1229,1224,2725,1878,1790,2018,2504,2375,898,54,1478,1247,974,904,899,891,960,1058,1201,1303,1301,1074,648,250,53,1,26487,2453,0
Burundi,1979,43348,14874,23754,8880,2777,1229,1225,2787,1889,1794,2003,2498,2394,929,65,1485,1302,978,911,904,890,954,1049,1192,1306,1308,1086,672,257,60,5,26531,2454,1
Burundi,1980,42983,14667,23450,8783,2762,1234,1227,2780,1886,1784,1982,2488,2407,937,46,1470,1310,981,905,900,884,943,1039,1184,1304,1313,1094,683,254,46,0,26212,2461,0
Burundi,1981,44262,15130,23848,8718,2736,1227,1263,2978,2079,1873,2023,2526,2483,1046,159,1565,1413,1108,971,952,921,969,1054,1198,1328,1349,1134,736,310,103,56,26584,2490,15
Burundi,1982,43455,14835,23364,8529,2696,1214,1245,2898,2076,1846,1993,2507,2487,1037,83,1523,1375,1123,953,937,909,956,1037,1188,1319,1352,1135,736,301,72,11,26060,2459,7
Burundi,1983,43208,14477,22824,8347,2728,1217,1260,2930,2146,1877,2010,2524,2536,1069,78,1539,1391,1177,969,951,926,969,1041,1196,1328,1376,1160,754,315,70,8,25552,2477,4
Burundi,1984,43207,14045,22175,8130,2894,1262,1305,2990,2245,1937,2054,2573,2610,1094,58,1571,1419,1253,992,980,957,993,1061,1220,1353,1417,1193,774,320,58,0,25069,2567,2
Burundi,1985,43926,13759,21782,8023,3139,1343,1380,3122,2396,2044,2141,2661,2715,1140,57,1643,1479,1338,1058,1034,1010,1039,1102,1264,1397,1471,1244,807,333,56,1,24921,2723,1
Burundi,1986,45056,13541,21469,7928,3494,1465,1475,3276,2565,2176,2265,2789,2851,1180,49,1732,1544,1403,1162,1099,1077,1103,1162,1326,1463,1542,1309,841,339,49,0,24963,2940,1
Burundi,1987,46911,13521,21469,7948,3943,1620,1603,3492,2786,2340,2424,2946,3007,1233,47,1855,1637,1493,1293,1181,1159,1183,1241,1401,1545,1624,1383,882,351,47,0,25412,3223,0
Burundi,1988,57575,14200,23268,9068,5238,2437,2495,5463,4238,3180,3034,3431,3384,1346,56,2906,2557,2251,1987,1637,1543,1508,1526,1650,1781,1834,1550,965,381,56,0,28506,4932,0
Burundi,1989,52013,13971,22192,8221,4943,2034,1889,4083,3347,2733,2795,3275,3313,1350,54,2195,1888,1719,1628,1375,1358,1373,1422,1561,1714,1787,1526,958,392,54,0,27135,3923,0
Burundi,1990,54298,14245,22673,8428,5373,2239,2015,4338,3559,2922,2949,3401,3415,1367,50,2347,1991,1803,1756,1479,1443,1453,1496,1625,1776,1845,1570,980,387,50,0,28046,4254,0
Burundi,1991,55958,14510,23088,8578,5615,2398,2121,4606,3698,3104,3049,3450,3431,1352,46,2503,2103,1875,1823,1604,1500,1505,1544,1654,1796,1860,1571,978,374,46,0,28703,4519,0
Burundi,1992,56865,14740,23502,8762,5773,2543,2163,4638,3688,3204,3094,3464,3418,1334,44,2530,2108,1863,1825,1686,1518,1526,1568,1667,1797,1860,1558,972,362,44,0,29275,4706,0
Burundi,1993,77256,15792,26756,10964,8367,4993,4233,8386,6471,4871,3986,3972,3716,1421,81,4504,3882,3315,3156,2703,2168,2024,1962,1957,2015,2039,1677,1033,388,66,15,35123,9226,4
Burundi,1994,51022,12743,21451,8708,5773,2673,2083,3651,2827,2819,2769,3125,2975,872,1,2057,1594,1385,1442,1536,1283,1346,1423,1513,1612,1656,1319,738,134,1,0,27224,4756,1
Burundi,1995,58219,14179,23160,8981,5939,2807,2469,5020,3695,3439,3167,3444,3299,1306,417,2755,2265,1880,1815,1885,1554,1556,1611,1683,1761,1813,1486,934,372,204,213,29099,5276,58
Burundi,1996,58297,14958,23750,8792,5851,2794,2551,5111,3645,3448,3134,3388,3199,1211,178,2811,2300,1868,1777,1847,1601,1539,1595,1663,1725,1763,1436,884,327,98,80,29601,5345,39
Burundi,1997,54164,14023,22524,8501,5504,2633,2459,4635,3212,3173,2886,3155,2947,1017,4,2574,2061,1650,1562,1655,1518,1411,1475,1551,1604,1626,1321,783,234,4,0,28028,5092,16
Burundi,1998,51809,13474,21655,8181,5192,2488,2430,4482,3001,3023,2734,3017,2802,968,11,2517,1965,1556,1445,1538,1485,1335,1399,1485,1532,1542,1260,742,226,11,0,26847,4918,7
Burundi,1999,50991,13580,21589,8009,4879,2403,2412,4415,2900,2966,2658,2972,2761,1005,27,2504,1911,1521,1379,1465,1501,1291,1367,1464,1508,1511,1250,750,255,22,5,26468,4815,5
Burundi,2000,52647,13762,21694,7932,4614,2356,2697,5333,3251,3135,2751,3014,2762,1017,22,3061,2272,1750,1501,1536,1599,1351,1400,1491,1523,1510,1252,753,264,22,0,26308,5053,2
Burundi,2001,51918,13771,21376,7605,4417,2260,2692,5487,3230,3018,2742,2955,2702,1013,25,3179,2308,1758,1472,1478,1540,1379,1363,1459,1496,1474,1228,745,268,25,0,25793,4952,1
Burundi,2002,50199,13951,21356,7405,4222,2171,2465,4972,2951,2771,2667,2876,2662,1043,39,2893,2079,1607,1344,1349,1422,1368,1299,1411,1465,1447,1215,755,288,38,1,25578,4636,1
Burundi,2003,49450,14082,21430,7348,3998,2107,2353,4806,2827,2635,2665,2859,2659,1066,44,2800,2006,1540,1287,1277,1358,1392,1273,1396,1463,1445,1214,769,297,44,0,25428,4460,0
Burundi,2004,48881,14215,21419,7204,3849,1991,2241,4685,2757,2532,2668,2853,2678,1121,81,2705,1980,1495,1262,1227,1305,1426,1242,1385,1468,1451,1227,796,325,66,15,25268,4232,4
Burundi,2005,48935,14387,21461,7074,3711,1873,2192,4788,2809,2491,2713,2877,2717,1179,114,2735,2053,1527,1282,1214,1277,1451,1262,1392,1485,1471,1246,827,352,88,26,25172,4065,8
Burundi,2006,48814,14264,21190,6926,3631,1832,2152,4844,2865,2474,2768,2919,2779,1232,121,2722,2122,1561,1304,1215,1259,1440,1328,1409,1510,1503,1276,857,375,98,23,24821,3984,9
Burundi,2007,48399,14069,20793,6724,3544,1749,2097,4862,2916,2447,2810,2941,2830,1274,127,2676,2186,1590,1326,1211,1236,1424,1386,1415,1526,1529,1301,880,394,104,23,24337,3846,8
Burundi,2008,48565,13844,20383,6539,3573,1693,2098,5020,3057,2480,2890,2990,2908,1326,141,2711,2309,1681,1376,1242,1238,1428,1462,1435,1555,1569,1339,909,417,115,26,23956,3791,8
Burundi,2009,48851,13699,20040,6341,3613,1672,2046,5101,3210,2531,2983,3037,3004,1405,189,2706,2395,1784,1426,1285,1246,1435,1548,1449,1588,1618,1386,950,455,140,49,23653,3718,14
Burundi,2010,49535,13767,19905,6138,3586,1631,1986,5241,3424,2620,3049,3131,3114,1521,299,2734,2507,1918,1506,1349,1271,1446,1603,1502,1629,1670,1444,1008,513,197,102,23491,3617,31
Burundi,2011,49249,13288,19244,5956,3646,1609,1946,5237,3571,2679,3049,3246,3187,1554,254,2703,2534,2012,1559,1391,1288,1444,1605,1590,1656,1706,1481,1031,523,183,71,22890,3555,27
Burundi,2012,48611,12697,18421,5724,3695,1606,1885,5145,3690,2728,3037,3350,3248,1576,209,2639,2506,2090,1600,1428,1300,1437,1600,1673,1677,1733,1515,1052,524,167,42,22116,3491,18
Burundi,2013,48230,12236,17664,5428,3725,1622,1822,5094,3839,2789,3041,3461,3323,1626,210,2600,2494,2172,1667,1466,1323,1441,1600,1761,1700,1765,1558,1086,540,171,39,21389,3444,15
Burundi,2014,47964,11790,16992,5202,3757,1648,1812,5005,3991,2862,3042,3575,3399,1669,202,2524,2481,2241,1750,1503,1359,1444,1598,1863,1712,1797,1602,1116,553,171,31,20749,3460,10
Burundi,2015,49285,11416,16426,5010,3953,1754,1933,5307,4401,3094,3158,3778,3542,1738,195,2645,2662,2455,1946,1632,1462,1509,1649,1974,1804,1869,1673,1164,574,171,24,20379,3687,6
Burundi,2016,46858,10634,15303,4669,3930,1772,1812,4731,4175,3008,3051,3786,3513,1673,105,2352,2379,2282,1893,1582,1426,1464,1587,1924,1862,1852,1661,1144,529,105,0,19233,3584,3
Burundi,2017,45663,10093,14442,4349,3866,1790,1788,4469,4121,3025,3012,3843,3525,1686,102,2218,2251,2199,1922,1590,1435,1456,1556,1899,1944,1854,1671,1158,528,101,1,18308,3578,1
Burundi,2018,46196,9723,13805,4082,4007,1911,1890,4478,4280,3207,3101,4017,3637,1759,105,2212,2266,2235,2045,1698,1509,1515,1586,1935,2082,1909,1728,1207,552,102,3,17812,3801,1
Burundi,2019,46457,9524,13391,3867,3919,1935,1958,4455,4350,3345,3162,4160,3718,1879,177,2242,2213,2232,2118,1790,1555,1566,1596,1944,2216,1933,1785,1272,607,150,27,17310,3893,7
Burundi,2020,49354,9295,12927,3632,3930,2010,1986,4311,4432,3794,3803,5184,4477,2270,222,2217,2094,2208,2224,2003,1791,1877,1926,2373,2811,2394,2083,1512,758,193,29,16857,3996,9
Burundi,2021,49691,9034,12472,3438,3800,2033,2082,4323,4457,3997,3954,5273,4740,2342,213,2242,2081,2192,2265,2122,1875,1971,1983,2415,2858,2569,2171,1576,766,195,18,16272,4115,6
Cambodia,1950,56600,19431,28144,8713,3954,1780,1719,4024,3410,3316,3260,3199,2792,933,72,2107,1917,1741,1669,1672,1644,1626,1634,1667,1532,1531,1261,654,279,64,8,32098,3499,1
Cambodia,1951,57280,19662,28624,8962,3968,1784,1734,4055,3442,3349,3298,3258,2762,934,66,2123,1932,1757,1685,1688,1661,1645,1653,1694,1564,1512,1250,673,261,59,7,32592,3518,1
Cambodia,1952,58042,19873,29011,9138,4009,1799,1758,4113,3494,3402,3358,3342,2749,947,61,2153,1960,1784,1710,1716,1686,1675,1683,1723,1619,1505,1244,702,245,55,6,33020,3557,1
Cambodia,1953,59181,20215,29563,9348,4096,1828,1793,4192,3566,3474,3440,3446,2753,968,59,2194,1998,1820,1746,1753,1721,1714,1726,1759,1687,1511,1242,731,237,53,6,33659,3621,0
Cambodia,1954,59672,20428,29774,9346,4182,1836,1805,4214,3588,3502,3480,3512,2745,979,54,2206,2008,1830,1758,1768,1734,1733,1747,1777,1735,1517,1228,743,236,49,5,33956,3641,0
Cambodia,1955,60465,20751,30195,9444,4301,1844,1817,4246,3618,3537,3525,3578,2761,990,52,2224,2022,1845,1773,1787,1750,1752,1773,1801,1777,1541,1220,746,244,47,5,34496,3661,0
Cambodia,1956,61478,20920,30377,9457,4480,1888,1856,4341,3705,3630,3622,3688,2828,1012,51,2275,2066,1889,1816,1833,1797,1799,1823,1852,1836,1602,1226,755,257,47,4,34857,3744,0
Cambodia,1957,62001,21032,30490,9458,4592,1902,1867,4383,3738,3669,3669,3747,2874,1021,47,2299,2084,1904,1834,1850,1819,1820,1849,1883,1864,1655,1219,753,268,43,4,35082,3769,0
Cambodia,1958,62510,20737,30275,9538,4741,1942,1896,4465,3806,3747,3750,3841,2962,1037,46,2342,2123,1938,1868,1888,1859,1858,1892,1933,1908,1731,1231,756,281,42,4,35016,3838,0
Cambodia,1959,62440,20215,29648,9433,4850,1996,1915,4517,3851,3803,3814,3916,3045,1043,48,2371,2146,1959,1892,1915,1888,1888,1926,1973,1943,1795,1250,755,288,44,4,34498,3911,0
Cambodia,1960,61795,19693,28933,9240,4863,2024,1907,4500,3837,3797,3823,3939,3089,1036,49,2362,2138,1951,1886,1910,1887,1890,1933,1984,1955,1825,1264,747,289,45,4,33796,3931,0
Cambodia,1961,62037,19336,28386,9050,4998,2103,1943,4583,3908,3875,3908,4038,3193,1045,53,2403,2180,1987,1921,1948,1927,1933,1975,2033,2005,1880,1313,752,293,49,4,33384,4046,0
Cambodia,1962,61702,18996,27789,8793,5042,2144,1950,4591,3916,3890,3935,4086,3263,1041,55,2402,2189,1991,1925,1954,1936,1948,1987,2055,2031,1905,1358,748,293,51,4,32831,4094,0
Cambodia,1963,61273,18630,27163,8533,5052,2179,1956,4592,3917,3898,3959,4130,3328,1042,56,2398,2194,1993,1924,1958,1940,1960,1999,2073,2057,1923,1405,750,292,52,4,32215,4135,0
Cambodia,1964,61450,18585,26901,8316,5071,2223,1993,4630,3952,3937,4013,4204,3418,1050,59,2415,2215,2012,1940,1976,1961,1988,2025,2107,2097,1959,1459,767,283,55,4,31972,4216,0
Cambodia,1965,61592,18616,26751,8135,5038,2249,2036,4647,3969,3959,4053,4261,3490,1077,61,2424,2223,2021,1948,1986,1973,2007,2046,2132,2129,1989,1501,788,289,57,4,31789,4285,0
Cambodia,1966,61515,18570,26568,7998,4956,2266,2075,4635,3962,3958,4072,4301,3549,1108,61,2419,2216,2019,1943,1983,1975,2015,2057,2148,2153,2016,1533,814,294,57,4,31524,4341,0
Cambodia,1967,62568,18476,26366,7890,4893,2304,2222,5021,4201,4100,4188,4405,3648,1157,64,2629,2392,2158,2043,2060,2040,2073,2115,2198,2207,2070,1578,856,301,60,4,31259,4526,0
Cambodia,1968,63081,18381,26187,7806,4898,2366,2306,5072,4255,4168,4272,4512,3759,1216,68,2664,2408,2185,2070,2091,2077,2113,2159,2248,2264,2134,1625,905,311,64,4,31085,4672,0
Cambodia,1969,63157,18244,25963,7719,4848,2377,2353,5108,4261,4183,4313,4573,3840,1265,69,2703,2405,2188,2073,2096,2087,2129,2184,2274,2299,2179,1661,944,321,64,5,30811,4730,0
Cambodia,1970,98824,18684,26345,7661,4817,2580,5914,18861,12355,8683,6991,6140,4629,1435,77,10213,8648,6867,5488,4623,4060,3584,3407,3159,2981,2664,1965,1077,358,71,6,31162,8494,0
Cambodia,1971,95585,18627,26211,7584,4843,2583,5804,17425,11371,8262,6802,6081,4664,1463,78,9613,7812,6263,5108,4371,3891,3475,3327,3106,2975,2683,1981,1094,369,72,6,31054,8387,0
Cambodia,1972,93405,18551,26002,7451,4787,2533,5795,16765,10735,7947,6642,5993,4650,1474,78,9430,7335,5876,4859,4190,3757,3386,3256,3058,2935,2672,1978,1095,379,72,6,30789,8328,0
Cambodia,1973,93860,18595,26511,7916,4958,2576,5917,16653,10396,7837,6640,6039,4734,1515,79,9535,7118,5657,4739,4118,3719,3377,3263,3083,2956,2716,2018,1118,397,73,6,31469,8493,0
Cambodia,1974,93373,17211,25487,8276,5162,2646,6072,16763,10140,7787,6690,6127,4852,1563,84,9703,7060,5491,4649,4079,3708,3392,3298,3128,2999,2780,2072,1147,416,77,7,30649,8718,0
Cambodia,1975,377219,32675,75674,42999,20199,11666,32591,83661,46860,35323,29426,23702,14729,3265,124,48866,34795,25121,21739,18574,16749,15141,14285,12651,11051,8953,5776,2516,749,116,8,95873,44257,0
Cambodia,1976,299332,16741,46626,29885,37827,35609,34386,48667,33793,25060,17388,11374,6847,1677,74,27753,20914,17085,16708,13615,11445,9524,7864,6282,5092,4120,2727,1267,410,69,5,84453,69995,0
Cambodia,1977,102591,10838,21434,10596,12489,10063,9822,14644,9450,7901,6546,5387,3735,1064,57,8520,6124,4771,4679,4146,3755,3423,3123,2829,2558,2216,1519,783,281,53,4,33923,19885,0
Cambodia,1978,84379,11392,17936,6544,5597,2974,6906,18150,8600,7084,6396,5687,3909,1074,59,10988,7162,4646,3954,3640,3444,3228,3168,2949,2738,2332,1577,792,282,55,4,23533,9880,0
Cambodia,1979,69787,13295,17593,4298,4317,2343,5304,14425,6485,5381,4966,4585,3352,975,57,8794,5631,3540,2945,2747,2634,2489,2477,2347,2238,1967,1385,713,262,53,4,21910,7647,0
Cambodia,1980,56378,17461,21861,4400,4096,2250,2970,6880,3430,3336,3643,3846,3065,944,59,4118,2762,1832,1598,1636,1700,1775,1868,1928,1918,1768,1297,687,257,55,4,25957,5220,0
Cambodia,1981,57687,18807,23685,4878,3741,2258,2953,6910,3281,3189,3581,3874,3175,982,60,4117,2793,1782,1499,1549,1640,1735,1846,1926,1948,1822,1353,716,266,56,4,27426,5211,0
Cambodia,1982,59510,19370,25003,5633,3341,2256,2998,7381,3453,3192,3605,3931,3260,1024,62,4301,3080,1930,1523,1552,1640,1744,1861,1958,1973,1861,1399,748,276,58,4,28344,5254,0
Cambodia,1983,60420,19829,26127,6298,2972,2180,2976,7613,3541,3112,3547,3925,3298,1061,66,4339,3274,2032,1509,1514,1598,1715,1832,1952,1973,1874,1424,779,282,61,5,29099,5156,0
Cambodia,1984,61434,20148,26913,6765,2926,2059,2957,7855,3697,3061,3508,3935,3343,1107,69,4383,3472,2159,1538,1496,1565,1694,1814,1953,1982,1890,1453,815,292,63,6,29839,5016,0
Cambodia,1985,61364,20031,26923,6892,3167,1876,2888,7846,3758,2940,3424,3920,3391,1155,73,4313,3533,2223,1535,1439,1501,1649,1775,1934,1986,1906,1485,851,304,67,6,30090,4764,0
Cambodia,1986,61535,19809,26726,6917,3534,1679,2850,7922,3927,2863,3369,3925,3450,1208,76,4302,3620,2352,1575,1405,1458,1617,1752,1924,2001,1926,1524,887,321,69,7,30260,4529,0
Cambodia,1987,56674,19641,26522,6881,3949,1458,2235,5466,3121,2388,3033,3753,3417,1252,79,2923,2543,1834,1287,1153,1235,1435,1598,1820,1933,1890,1527,912,340,72,7,30471,3693,0
Cambodia,1988,56135,19358,26119,6761,4286,1287,2118,5174,3182,2322,2983,3768,3490,1321,85,2746,2428,1868,1314,1127,1195,1405,1578,1817,1951,1919,1571,955,366,78,7,30405,3405,0
Cambodia,1989,56774,18756,25369,6613,4582,1269,2127,5534,3524,2384,3014,3851,3621,1405,92,2921,2613,2081,1443,1173,1211,1414,1600,1845,2006,1983,1638,1009,396,84,8,29951,3396,0
Cambodia,1990,56655,18487,24940,6453,4593,1346,1987,5541,3709,2410,2986,3874,3691,1476,99,2903,2638,2178,1531,1210,1200,1397,1589,1848,2026,2012,1679,1052,424,91,8,29533,3333,0
Cambodia,1991,57121,18851,25436,6585,4658,1513,1775,5249,3765,2429,2958,3901,3773,1550,107,2729,2520,2169,1596,1244,1185,1380,1578,1854,2047,2052,1721,1099,451,98,9,30094,3288,0
Cambodia,1992,58016,19015,25695,6680,4683,1704,1598,5284,3980,2524,2967,3955,3875,1632,118,2730,2554,2249,1731,1326,1198,1383,1584,1876,2079,2102,1773,1150,482,107,11,30378,3302,0
Cambodia,1993,60561,19450,26307,6857,4697,1914,1516,5758,4511,2827,3112,4091,3984,1711,129,2936,2822,2502,2009,1527,1300,1462,1650,1957,2134,2153,1831,1200,511,117,12,31004,3430,0
Cambodia,1994,62432,19710,26889,7179,4678,2080,1483,5879,4872,3082,3216,4216,4097,1798,142,2933,2946,2654,2218,1691,1391,1520,1696,2020,2196,2207,1890,1254,544,129,13,31567,3563,1
Cambodia,1995,62087,19182,26426,7244,4539,2125,1513,5629,4978,3211,3198,4252,4184,1875,153,2715,2914,2671,2307,1781,1430,1517,1681,2019,2233,2245,1939,1300,575,139,14,30965,3638,1
Cambodia,1996,62614,18421,25673,7252,4640,2240,1694,5507,5229,3477,3270,4378,4356,1982,167,2539,2968,2770,2459,1950,1527,1559,1711,2060,2318,2330,2026,1366,616,152,15,30313,3934,1
Cambodia,1997,61285,17556,24591,7035,4453,2207,1873,5054,5198,3624,3234,4380,4434,2055,179,2197,2857,2724,2474,2044,1580,1548,1686,2044,2336,2361,2073,1408,647,163,16,29044,4080,1
Cambodia,1998,60565,16488,23154,6666,4425,2247,2148,4759,5294,3887,3279,4438,4585,2155,195,1956,2803,2749,2545,2200,1687,1579,1700,2060,2378,2439,2146,1470,685,176,19,27579,4395,1
Cambodia,1999,59249,15671,21268,5597,4082,2202,2396,4617,5420,4222,3418,4477,4698,2240,208,1914,2703,2781,2639,2391,1831,1665,1753,2078,2399,2498,2200,1522,718,188,20,25350,4598,1
Cambodia,2000,57444,14591,19651,5060,3804,2108,2466,4435,5336,4382,3452,4476,4789,2318,224,1965,2470,2715,2621,2467,1915,1709,1743,2073,2403,2543,2246,1568,750,202,22,23455,4574,1
Cambodia,2001,54776,13289,17651,4362,3415,1977,2440,4279,5172,4475,3467,4434,4840,2388,237,2097,2182,2611,2561,2485,1990,1749,1718,2048,2386,2566,2274,1609,779,213,24,21066,4417,1
Cambodia,2002,52844,12096,15915,3819,3052,1873,2429,4222,5054,4609,3546,4450,4947,2491,257,2316,1906,2529,2525,2508,2101,1829,1717,2052,2398,2609,2338,1672,819,231,26,18967,4302,1
Cambodia,2003,50565,11017,14343,3326,2680,1728,2357,4143,4822,4645,3596,4407,4996,2572,274,2505,1638,2384,2438,2470,2175,1893,1703,2031,2376,2612,2384,1719,853,244,30,17023,4085,1
Cambodia,2004,48451,10132,13035,2903,2365,1573,2244,4104,4509,4626,3659,4357,5041,2650,292,2605,1499,2182,2327,2405,2221,1956,1703,2004,2353,2607,2434,1762,888,260,32,15400,3817,2
Cambodia,2005,47790,9433,12017,2584,2216,1499,2206,4270,4320,4746,3854,4403,5172,2774,313,2703,1567,2020,2300,2422,2324,2081,1773,2023,2380,2650,2522,1835,939,279,34,14233,3705,2
Cambodia,2006,47133,8847,11182,2335,2073,1395,2146,4426,4071,4812,4074,4442,5284,2895,334,2722,1704,1820,2251,2416,2396,2222,1852,2039,2403,2684,2600,1906,989,297,37,13255,3541,2
Cambodia,2007,46771,8415,10553,2138,1971,1285,2088,4622,3805,4856,4332,4489,5387,3022,359,2729,1893,1604,2201,2408,2448,2381,1951,2062,2427,2716,2671,1980,1042,317,42,12524,3373,2
Cambodia,2008,46200,7890,9826,1936,1850,1175,2013,4785,3525,4848,4602,4544,5479,3166,383,2699,2086,1409,2116,2379,2469,2539,2063,2091,2453,2746,2733,2068,1098,339,44,11676,3188,2
Cambodia,2009,45154,7357,9110,1753,1692,1063,1899,4780,3265,4754,4818,4582,5511,3286,393,2591,2189,1305,1960,2306,2448,2656,2162,2128,2454,2747,2764,2141,1145,343,50,10802,2962,3
Cambodia,2010,45696,6841,8441,1600,1675,1036,1869,4887,3270,4879,5219,4805,5701,3481,431,2574,2313,1399,1871,2344,2535,2861,2358,2272,2533,2835,2866,2264,1217,377,54,10116,2905,3
Cambodia,2011,45582,6406,7883,1477,1597,984,1777,4819,3236,4867,5525,4978,5809,3633,467,2494,2325,1532,1704,2317,2550,2986,2539,2398,2580,2881,2928,2359,1274,407,60,9480,2761,3
Cambodia,2012,45014,6031,7354,1323,1476,924,1636,4632,3160,4759,5758,5147,5888,3774,501,2362,2270,1674,1486,2241,2518,3047,2711,2529,2618,2912,2976,2438,1336,436,65,8830,2560,4
Cambodia,2013,46010,5740,6982,1242,1487,939,1580,4654,3275,4840,6168,5491,6083,3968,542,2344,2310,1914,1361,2249,2591,3190,2978,2759,2732,3010,3073,2545,1423,469,73,8469,2519,4
Cambodia,2014,45514,5446,6590,1144,1358,865,1452,4406,3271,4636,6346,5744,6159,4109,576,2205,2201,2008,1263,2102,2534,3209,3137,2924,2820,3043,3116,2612,1497,497,79,7948,2317,5
Cambodia,2015,46528,5160,6230,1070,1359,869,1413,4361,3482,4597,6716,6203,6372,4307,618,2168,2193,2130,1352,2013,2584,3331,3385,3192,3011,3146,3226,2717,1590,530,88,7589,2282,5
Cambodia,2016,47761,4910,5923,1013,1374,885,1401,4306,3736,4538,7072,6757,6601,4501,659,2115,2191,2213,1523,1900,2638,3454,3618,3513,3244,3264,3337,2822,1679,564,95,7297,2286,6
Cambodia,2017,47482,4655,5612,957,1255,825,1354,3998,3819,4220,7146,7203,6714,4629,698,1931,2067,2161,1658,1659,2561,3444,3702,3767,3436,3323,3391,2883,1746,595,103,6867,2179,6
Cambodia,2018,48988,4414,5317,903,1279,848,1386,3939,4133,4128,7458,7913,7005,4823,750,1872,2067,2218,1915,1534,2594,3564,3894,4155,3758,3484,3521,2991,1832,639,111,6596,2234,7
Cambodia,2019,50002,4190,5044,854,1258,845,1373,3821,4302,4014,7657,8578,7298,4996,801,1799,2022,2206,2096,1483,2531,3625,4032,4502,4076,3667,3631,3087,1909,682,119,6302,2218,8
Cambodia,2020,53334,4000,4808,808,1262,853,1380,3745,4427,4017,8215,10162,8084,5483,888,1758,1987,2200,2227,1583,2434,3753,4462,5308,4854,4192,3892,3353,2130,757,131,6070,2233,9
Cambodia,2021,60447,3819,4583,764,1267,867,1410,3714,4562,4549,9712,12742,9720,6315,992,1770,1944,2200,2362,1897,2652,4430,5282,6478,6264,5166,4554,3878,2437,849,143,5850,2277,9
Cameroon,1950,61795,18575,34750,16175,3747,1739,1580,3621,3153,2958,3070,3408,2843,855,66,1886,1735,1604,1549,1495,1463,1525,1545,1682,1726,1628,1215,589,266,59,7,38497,3319,1
Cameroon,1951,62630,19119,35078,15959,3773,1747,1604,3701,3228,3017,3118,3464,2927,899,72,1925,1776,1643,1585,1526,1491,1550,1568,1708,1756,1663,1264,635,264,66,6,38851,3351,1
Cameroon,1952,63022,19128,35089,15961,3748,1737,1613,3728,3267,3069,3180,3546,3017,945,80,1937,1791,1659,1608,1551,1518,1579,1601,1746,1800,1706,1311,688,257,71,9,38837,3350,1
Cameroon,1953,63269,19139,35093,15954,3688,1724,1614,3739,3288,3102,3227,3613,3096,995,85,1941,1798,1669,1619,1566,1536,1600,1627,1777,1836,1744,1352,740,255,76,9,38781,3338,1
Cameroon,1954,62300,18813,34273,15460,3465,1667,1580,3686,3274,3114,3256,3666,3170,1055,89,1908,1778,1658,1616,1569,1545,1613,1643,1801,1865,1779,1391,789,266,79,10,37738,3247,1
Cameroon,1955,61569,18565,33596,15031,3291,1623,1549,3650,3270,3132,3290,3720,3244,1114,90,1886,1764,1652,1618,1576,1556,1628,1662,1825,1895,1815,1429,828,286,79,11,36887,3172,1
Cameroon,1956,60939,18360,32971,14611,3180,1579,1515,3603,3258,3145,3324,3776,3319,1177,90,1857,1746,1644,1614,1580,1565,1644,1680,1850,1926,1852,1467,866,311,78,12,36151,3094,1
Cameroon,1957,64089,18210,32461,14251,3081,1551,1791,4955,4104,3644,3655,4012,3487,1256,91,2572,2383,2128,1976,1855,1789,1818,1837,1976,2036,1946,1541,914,342,77,14,35542,3342,1
Cameroon,1958,63800,18133,32141,14008,3019,1508,1756,4903,4084,3658,3692,4074,3563,1311,92,2541,2362,2113,1971,1859,1799,1834,1858,2003,2071,1986,1577,944,367,78,14,35160,3264,1
Cameroon,1959,63581,18112,31921,13809,2991,1450,1728,4854,4061,3657,3709,4115,3632,1365,97,2513,2341,2099,1962,1855,1802,1840,1869,2019,2096,2020,1612,975,390,82,15,34912,3178,1
Cameroon,1960,88203,18198,31910,13712,2989,1526,3761,14046,9793,6982,5791,5422,4341,1543,109,7374,6672,5384,4409,3705,3277,2956,2835,2747,2675,2447,1894,1105,438,93,16,34899,5287,1
Cameroon,1961,87626,18351,32032,13681,2988,1501,3729,13688,9593,6893,5753,5416,4359,1563,114,7183,6505,5265,4328,3653,3240,2934,2819,2740,2676,2455,1904,1114,449,99,15,35020,5230,1
Cameroon,1962,60284,18587,32333,13746,3013,1360,1392,3274,3097,3140,3444,4019,3662,1434,114,1672,1602,1542,1555,1560,1580,1690,1754,1952,2067,2026,1636,1009,425,101,13,35346,2752,1
Cameroon,1963,61025,18857,32720,13863,3050,1363,1391,3286,3112,3164,3485,4089,3755,1483,121,1678,1608,1548,1564,1568,1596,1707,1778,1982,2107,2073,1682,1039,444,109,12,35770,2754,1
Cameroon,1964,61692,19061,33013,13952,3084,1383,1375,3306,3129,3193,3532,4161,3851,1534,131,1691,1615,1556,1573,1582,1611,1727,1805,2014,2147,2120,1731,1073,461,117,14,36097,2758,1
Cameroon,1965,62054,19183,33201,14018,3119,1401,1352,3291,3084,3168,3546,4217,3947,1588,139,1692,1599,1534,1550,1564,1604,1729,1817,2036,2181,2167,1780,1109,479,124,15,36320,2753,1
Cameroon,1966,62369,19219,33132,13913,3113,1403,1334,3318,3135,3225,3601,4280,4035,1641,149,1706,1612,1557,1578,1593,1632,1756,1845,2067,2213,2209,1826,1144,497,130,19,36245,2737,1
Cameroon,1967,62265,19144,32824,13680,3091,1399,1312,3300,3125,3237,3640,4350,4132,1698,155,1699,1601,1551,1574,1596,1641,1772,1868,2099,2251,2257,1875,1182,516,136,19,35915,2711,1
Cameroon,1968,62018,19011,32406,13395,3059,1394,1298,3274,3122,3246,3669,4405,4222,1756,164,1679,1595,1549,1573,1599,1647,1785,1884,2125,2280,2299,1923,1222,534,143,21,35465,2692,1
Cameroon,1969,61610,18826,31876,13050,3009,1382,1301,3216,3101,3248,3700,4468,4317,1815,173,1632,1584,1537,1564,1597,1651,1797,1903,2153,2315,2344,1973,1261,554,151,22,34885,2683,2
Cameroon,1970,61315,18697,31448,12751,2970,1374,1305,3159,3074,3248,3728,4533,4412,1878,179,1584,1575,1520,1554,1593,1655,1807,1921,2181,2352,2390,2022,1303,575,156,23,34418,2679,2
Cameroon,1971,61497,18688,31256,12568,2960,1383,1319,3157,3096,3282,3784,4620,4511,1938,188,1569,1588,1529,1567,1607,1675,1833,1951,2220,2400,2439,2072,1343,595,162,26,34216,2702,2
Cameroon,1972,61617,18723,31185,12462,2948,1387,1326,3131,3080,3282,3807,4674,4598,1997,195,1548,1583,1519,1561,1604,1678,1841,1966,2242,2432,2478,2120,1381,616,168,27,34133,2713,2
Cameroon,1973,62286,18906,31410,12504,2976,1409,1352,3140,3104,3307,3856,4755,4706,2067,204,1557,1583,1531,1573,1615,1692,1862,1994,2276,2479,2531,2175,1425,642,176,28,34386,2761,2
Cameroon,1974,63260,19220,31886,12666,3030,1440,1385,3164,3126,3334,3899,4833,4813,2137,214,1595,1569,1545,1581,1626,1708,1880,2019,2309,2524,2583,2230,1470,667,184,30,34916,2825,2
Cameroon,1975,64731,19674,32605,12931,3111,1485,1431,3224,3196,3393,3973,4935,4938,2212,223,1652,1572,1584,1612,1656,1737,1914,2059,2355,2580,2647,2291,1520,692,193,30,35716,2916,3
Cameroon,1976,66306,20241,33466,13225,3198,1531,1479,3280,3253,3441,4036,5030,5061,2291,234,1697,1583,1618,1635,1679,1762,1943,2093,2397,2633,2710,2351,1571,720,201,33,36664,3010,3
Cameroon,1977,67777,20784,34278,13494,3276,1574,1525,3332,3300,3491,4101,5125,5179,2356,234,1742,1590,1643,1657,1704,1787,1974,2127,2440,2685,2771,2408,1614,742,205,29,37554,3099,2
Cameroon,1978,68858,21222,34945,13723,3333,1609,1559,3362,3291,3502,4132,5190,5276,2418,236,1771,1591,1634,1657,1709,1793,1987,2145,2470,2720,2819,2457,1655,763,210,26,38278,3168,2
Cameroon,1979,70078,21627,35475,13848,3365,1637,1602,3461,3323,3561,4204,5292,5404,2497,251,1823,1638,1632,1691,1738,1823,2020,2184,2517,2775,2885,2519,1705,792,221,30,38840,3239,1
Cameroon,1980,70705,21905,35777,13872,3368,1652,1626,3509,3298,3569,4234,5352,5497,2562,261,1849,1660,1600,1698,1739,1830,2031,2203,2543,2809,2930,2567,1744,818,230,31,39145,3278,1
Cameroon,1981,71670,22234,36037,13803,3348,1656,1656,3625,3355,3627,4300,5450,5626,2666,317,1909,1716,1617,1738,1768,1859,2062,2238,2588,2862,2991,2635,1804,862,260,57,39385,3312,8
Cameroon,1982,71976,22403,36047,13644,3301,1642,1658,3650,3338,3635,4340,5530,5740,2746,336,1921,1729,1600,1738,1768,1867,2077,2263,2624,2906,3046,2694,1853,893,273,63,39348,3300,11
Cameroon,1983,70782,21916,35330,13414,3251,1628,1646,3568,3227,3576,4301,5511,5747,2731,261,1884,1684,1543,1684,1733,1843,2054,2247,2610,2901,3046,2701,1853,878,241,20,38581,3274,5
Cameroon,1984,70727,21551,34590,13039,3195,1613,1696,3759,3297,3650,4380,5612,5863,2801,270,1990,1769,1607,1690,1772,1878,2090,2290,2657,2955,3102,2761,1898,903,248,22,37785,3309,3
Cameroon,1985,70172,21434,34124,12690,3158,1596,1662,3623,3196,3621,4387,5666,5960,2884,295,1912,1711,1575,1621,1757,1864,2090,2297,2677,2989,3145,2815,1947,937,265,30,37282,3258,2
Cameroon,1986,71539,21589,34164,12575,3247,1666,1743,3804,3322,3776,4547,5844,6125,2982,316,2003,1801,1654,1668,1838,1938,2169,2378,2765,3079,3232,2893,2010,972,281,35,37411,3409,1
Cameroon,1987,71740,21648,34017,12369,3186,1612,1732,3854,3354,3824,4609,5932,6224,3061,337,2023,1831,1684,1670,1864,1960,2200,2409,2807,3125,3281,2943,2058,1003,296,41,37203,3344,1
Cameroon,1988,73027,21841,34314,12473,3242,1643,1777,3991,3467,3921,4729,6075,6360,3153,358,2089,1902,1753,1714,1905,2016,2259,2470,2877,3198,3353,3007,2115,1038,311,47,37556,3420,1
Cameroon,1989,74722,22165,34861,12696,3318,1694,1835,4165,3633,4020,4863,6226,6497,3236,372,2174,1991,1836,1797,1933,2087,2325,2538,2953,3273,3427,3070,2168,1068,324,48,38179,3529,1
Cameroon,1990,77095,22743,35863,13120,3447,1770,1913,4392,3849,4144,5002,6367,6631,3326,387,2286,2106,1945,1904,1972,2172,2396,2606,3023,3344,3498,3133,2223,1103,337,50,39310,3683,1
Cameroon,1991,80071,23551,37239,13688,3625,1874,2010,4652,4068,4291,5160,6540,6780,3422,406,2416,2236,2063,2005,2027,2264,2474,2686,3109,3431,3577,3203,2281,1141,351,55,40864,3884,2
Cameroon,1992,83109,24378,38658,14280,3798,1980,2098,4885,4296,4449,5343,6736,6932,3508,422,2530,2355,2181,2115,2092,2357,2563,2780,3206,3530,3661,3271,2332,1176,363,59,42456,4078,2
Cameroon,1993,86473,25276,40182,14906,3993,2099,2218,5210,4597,4634,5524,6905,7071,3600,438,2689,2521,2339,2258,2192,2442,2657,2867,3293,3612,3733,3338,2387,1213,378,60,44175,4317,2
Cameroon,1994,90611,26110,41747,15637,4226,2239,2376,5641,5033,4942,5826,7181,7246,3694,456,2894,2747,2562,2471,2384,2558,2817,3009,3437,3744,3833,3413,2443,1251,392,64,45973,4615,3
Cameroon,1995,93943,26774,42922,16148,4401,2355,2512,5980,5397,5186,6094,7426,7405,3786,474,3052,2928,2748,2649,2549,2637,2961,3133,3565,3861,3925,3480,2497,1289,407,67,47323,4867,3
Cameroon,1996,97332,27337,44011,16674,4592,2480,2671,6378,5800,5449,6357,7655,7558,3880,495,3242,3136,2955,2845,2717,2732,3106,3251,3687,3968,4010,3548,2553,1327,424,71,48603,5151,3
Cameroon,1997,99716,27821,44833,17012,4710,2563,2779,6598,6063,5625,6536,7832,7688,3973,516,3343,3255,3085,2978,2837,2788,3202,3334,3781,4051,4081,3607,2607,1366,440,76,49543,5342,3
Cameroon,1998,102358,28406,45574,17168,4800,2645,2909,6919,6423,5890,6737,8033,7820,4065,535,3497,3422,3264,3159,2996,2894,3297,3440,3890,4143,4155,3665,2662,1403,456,79,50374,5554,3
Cameroon,1999,104619,29021,46205,17184,4827,2700,3008,7186,6753,6187,6883,8211,7939,4158,557,3626,3560,3426,3327,3150,3037,3337,3546,3985,4226,4220,3719,2715,1443,474,83,51032,5708,4
Cameroon,2000,105679,29321,46523,17202,4816,2725,3059,7304,6884,6326,6904,8287,8026,4248,577,3698,3606,3487,3397,3218,3108,3304,3600,4022,4265,4259,3767,2767,1481,490,87,51339,5784,4
Cameroon,2001,106850,29430,46577,17147,4778,2742,3127,7520,7124,6536,7001,8395,8117,4334,595,3816,3704,3604,3520,3335,3201,3324,3677,4077,4318,4304,3813,2816,1518,506,89,51355,5869,4
Cameroon,2002,107576,29635,46671,17036,4715,2735,3157,7642,7254,6670,7033,8460,8192,4422,615,3894,3748,3662,3592,3408,3262,3317,3716,4107,4353,4336,3856,2864,1558,523,92,51386,5892,4
Cameroon,2003,108181,29984,46808,16824,4631,2707,3169,7721,7326,6787,7056,8534,8277,4514,641,3943,3778,3688,3638,3467,3320,3333,3723,4141,4393,4375,3902,2914,1600,544,97,51439,5876,5
Cameroon,2004,109710,30279,47146,16867,4620,2712,3222,7919,7548,7030,7171,8687,8383,4600,665,4040,3879,3788,3760,3592,3438,3447,3724,4225,4462,4432,3951,2961,1639,562,103,51766,5934,5
Cameroon,2005,110868,30439,47292,16853,4601,2700,3262,8093,7716,7243,7267,8833,8486,4686,685,4120,3973,3860,3856,3700,3543,3555,3712,4312,4521,4486,4000,3008,1678,579,106,51893,5962,5
Cameroon,2006,111236,30512,47284,16772,4568,2666,3260,8134,7741,7338,7287,8914,8567,4767,706,4132,4002,3860,3881,3741,3597,3602,3685,4362,4552,4526,4041,3053,1714,597,109,51852,5926,5
Cameroon,2007,112224,30590,47242,16652,4553,2643,3278,8298,7910,7565,7418,9060,8682,4847,726,4192,4106,3936,3974,3853,3712,3707,3711,4442,4618,4590,4092,3099,1748,615,111,51795,5921,6
Cameroon,2008,112707,30588,47047,16459,4535,2610,3276,8388,7984,7708,7528,9135,8794,4938,757,4222,4166,3971,4013,3917,3791,3785,3743,4464,4671,4649,4145,3150,1788,636,121,51582,5886,6
Cameroon,2009,113174,30591,46884,16293,4528,2582,3241,8375,8029,7859,7736,9209,8914,5024,787,4202,4173,3991,4038,3980,3879,3885,3851,4451,4758,4715,4199,3197,1827,659,128,51412,5823,8
Cameroon,2010,113627,30307,46282,15975,4503,2568,3243,8494,8207,8087,7982,9292,9031,5115,815,4247,4247,4087,4120,4087,4000,4008,3974,4437,4855,4775,4256,3248,1867,679,136,50785,5811,9
Cameroon,2011,113095,29801,45340,15539,4434,2526,3194,8455,8234,8200,8143,9360,9145,5208,842,4215,4240,4111,4123,4130,4070,4092,4051,4427,4933,4831,4314,3300,1908,700,142,49774,5720,11
Cameroon,2012,112015,29101,43990,14889,4306,2471,3134,8402,8280,8298,8300,9397,9254,5297,870,4173,4229,4146,4134,4164,4134,4173,4127,4412,4985,4879,4375,3351,1946,721,149,48296,5605,12
Cameroon,2013,110792,28401,42661,14260,4185,2423,3053,8247,8243,8352,8467,9463,9388,5392,899,4080,4167,4129,4114,4169,4183,4252,4215,4450,5013,4945,4443,3406,1986,742,157,46846,5476,14
Cameroon,2014,111304,27811,41506,13695,4091,2401,3124,8684,8563,8593,8745,9587,9564,5501,930,4297,4387,4311,4252,4280,4313,4392,4353,4588,4999,5043,4521,3470,2031,765,165,45597,5525,16
Cameroon,2015,110950,27531,40620,13089,3973,2361,3076,8572,8582,8675,8955,9690,9761,5643,1012,4221,4351,4306,4276,4299,4376,4488,4467,4717,4973,5155,4606,3549,2094,811,201,44593,5437,26
Cameroon,2016,110033,27334,39944,12610,3866,2322,2982,8197,8441,8658,9100,9759,9922,5759,1053,4012,4185,4203,4238,4263,4395,4549,4551,4797,4962,5248,4674,3617,2142,840,213,43810,5304,33
Cameroon,2017,109650,26977,39216,12239,3764,2293,2957,8048,8430,8708,9285,9874,10087,5875,1076,3927,4121,4172,4258,4271,4437,4630,4655,4900,4974,5336,4751,3688,2187,861,215,42980,5250,36
Cameroon,2018,111090,26382,38302,11920,3686,2292,3060,8412,8878,9116,9746,10230,10276,5980,1075,4098,4314,4384,4494,4473,4643,4858,4888,5121,5109,5426,4850,3757,2223,870,205,41988,5352,33
Cameroon,2019,110417,25914,37595,11681,3614,2271,3019,8133,8779,9132,9891,10432,10326,6090,1097,3956,4177,4309,4470,4475,4657,4916,4975,5216,5216,5384,4942,3823,2267,888,209,41209,5290,32
Cameroon,2020,118970,25425,36770,11345,3551,2259,2974,7992,9259,10364,11920,12913,12271,7380,1286,3873,4119,4431,4828,5023,5341,5841,6079,6430,6483,6409,5862,4560,2820,1050,236,40321,5233,33
Cameroon,2021,123801,24936,35944,11008,3492,2247,3131,8312,9751,11256,13010,14214,13265,7837,1304,4030,4282,4660,5091,5422,5834,6422,6588,7047,7167,6906,6359,4902,2935,1069,235,39436,5378,31
Canada,1950,70344,8775,10210,1435,679,482,742,1874,2215,4194,8047,14470,16328,9639,1429,960,914,961,1254,1721,2473,3393,4654,6552,7918,8479,7849,5977,3662,1183,246,10889,1224,35
Canada,1951,71234,8300,9717,1417,706,460,720,1987,2331,4191,8274,14409,16880,9910,1608,1009,978,1062,1269,1745,2446,3521,4753,6445,7964,8630,8250,6234,3676,1346,262,10423,1180,36
Canada,1952,72963,9091,10601,1510,731,495,754,2051,2431,4327,8531,14665,16922,9917,1507,1032,1019,1091,1340,1816,2511,3689,4842,6464,8201,8704,8218,6289,3628,1248,259,11332,1249,34
Canada,1953,73883,8936,10325,1389,794,480,776,2009,2398,4392,8475,14551,17763,10245,1643,1056,953,1059,1339,1848,2544,3706,4769,6393,8158,9224,8539,6446,3799,1368,275,11119,1256,34
Canada,1954,72640,8553,9833,1280,695,447,661,1885,2220,4182,8313,14526,17856,10350,1639,949,936,1009,1211,1769,2413,3657,4656,6387,8139,9193,8663,6515,3835,1355,284,10528,1108,34
Canada,1955,75176,8495,9775,1280,668,471,724,1882,2222,4276,8437,14747,19091,11020,1820,942,940,1043,1179,1766,2510,3663,4774,6340,8407,9701,9390,7047,3973,1475,345,10443,1195,40
Canada,1956,76878,8643,9903,1260,694,451,729,1934,2379,4401,8657,14818,19417,11557,1898,953,981,1093,1286,1747,2654,3651,5006,6373,8445,9994,9423,7321,4236,1544,354,10597,1180,38
Canada,1957,80029,8679,9980,1301,697,464,783,2042,2458,4818,9120,15596,20035,11974,2022,1010,1032,1133,1325,1967,2851,3872,5248,6813,8783,10129,9906,7618,4356,1655,367,10677,1247,39
Canada,1958,79035,8260,9442,1182,679,489,745,1877,2400,4756,9319,15092,19995,12284,1916,892,985,1050,1350,1929,2827,3997,5322,6588,8504,10048,9947,7806,4478,1569,347,10121,1234,40
Canada,1959,81176,7886,8987,1101,751,537,813,1994,2411,4816,9379,15172,21247,12972,2050,1018,976,1096,1315,1931,2885,3979,5400,6675,8497,10688,10559,8245,4727,1684,366,9738,1350,46
Canada,1960,81590,7563,8741,1178,693,551,894,1845,2469,4931,9562,15243,21358,13083,2176,926,919,1026,1443,1861,3070,4040,5522,6903,8340,10571,10787,8265,4818,1801,375,9434,1445,47
Canada,1961,82531,7323,8474,1151,671,526,844,1864,2457,4911,9756,15538,21515,13569,2356,972,892,1037,1420,1918,2993,4250,5506,7014,8524,10566,10949,8635,4934,1949,407,9145,1370,51
Canada,1962,83594,7211,8344,1133,680,536,841,1962,2511,4890,10044,15595,21594,14261,2284,1036,926,1040,1471,1960,2930,4311,5733,7127,8468,10568,11026,8890,5371,1875,409,9024,1377,49
Canada,1963,85634,6871,8016,1145,723,538,919,2031,2466,4996,10311,15996,21938,15114,2532,1110,921,1026,1440,1978,3018,4397,5914,7352,8644,10484,11454,9384,5730,2080,452,8739,1457,55
Canada,1964,85399,6306,7369,1063,715,472,1008,2039,2466,5223,10443,16488,21611,14983,2519,1178,861,1069,1397,2177,3046,4533,5910,7784,8704,10383,11228,9405,5578,2072,447,8084,1480,61
Canada,1965,86669,5314,6300,986,747,510,1072,2137,2474,5137,10875,16680,22033,15843,2792,1208,929,1031,1443,2152,2985,4759,6116,7757,8923,10520,11513,9859,5984,2289,503,7047,1582,67
Canada,1966,87445,4863,5844,981,664,618,1207,2284,2499,5246,11195,17104,21636,16178,2905,1315,969,1047,1452,2138,3108,4849,6346,7892,9212,10530,11106,9965,6213,2378,527,6508,1825,67
Canada,1967,87912,4416,5386,970,722,606,1234,2437,2385,5529,11350,17499,21657,16028,3014,1481,956,987,1398,2309,3220,4832,6518,8139,9360,10376,11281,9803,6225,2463,551,6108,1840,69
Canada,1968,89169,4180,5005,825,683,548,1271,2435,2498,5527,11289,17978,21844,16856,3166,1451,984,1042,1456,2231,3296,4642,6647,8180,9798,10496,11348,10327,6529,2592,574,5688,1819,68
Canada,1969,90120,4104,4895,791,709,579,1320,2718,2502,5524,11576,18319,21759,16930,3214,1618,1100,1032,1470,2180,3344,4788,6788,8276,10043,10675,11084,10182,6748,2630,584,5604,1899,72
Canada,1970,90703,4064,4776,712,673,613,1397,2623,2419,5593,11630,18962,21794,16883,3269,1559,1064,1029,1390,2249,3344,4777,6853,8717,10245,10739,11055,10140,6743,2694,575,5449,2010,72
Canada,1971,91554,3681,4357,676,638,587,1482,2836,2489,5816,11704,18946,21722,17290,3611,1670,1166,1083,1406,2306,3510,4836,6868,8722,10224,10657,11065,10177,7113,2961,650,4995,2069,77
Canada,1972,94286,3410,4132,722,595,633,1794,3258,2576,5832,11889,19883,22374,17570,3673,1978,1280,1153,1423,2316,3516,4924,6965,9026,10857,11299,11075,10293,7277,3002,671,4727,2427,78
Canada,1973,95193,3075,3670,595,574,579,1902,3345,2630,5883,12232,20069,22604,17673,3943,2007,1338,1141,1489,2307,3576,5109,7123,9286,10783,11444,11160,10251,7422,3228,715,4244,2481,89
Canada,1974,96616,2986,3608,622,504,601,1975,3457,2660,5882,12259,20564,23322,17603,4087,2027,1430,1178,1482,2283,3599,5343,6916,9457,11107,12154,11168,10202,7401,3358,729,4112,2576,93
Canada,1975,96790,2953,3569,616,495,548,1928,3507,2753,5691,12267,20800,23386,17556,4195,2027,1480,1267,1486,2212,3479,5365,6902,9596,11204,12095,11291,10089,7467,3418,777,4064,2476,96
Canada,1976,97008,2708,3286,578,444,500,1711,3382,2611,5654,12425,20937,24192,17410,4360,1904,1478,1266,1345,2094,3560,5354,7071,9621,11316,12482,11710,10131,7279,3509,851,3730,2211,97
Canada,1977,96840,2600,3071,471,442,467,1767,3591,2832,5596,12454,21221,24373,16811,4120,2070,1521,1332,1500,2101,3495,5321,7133,9635,11586,12580,11793,9771,7040,3302,818,3513,2234,96
Canada,1978,97002,2516,3023,507,421,499,1667,3536,2903,5264,12705,21088,24527,16909,4352,2061,1475,1394,1509,2000,3264,5322,7383,9363,11725,12506,12021,9828,7081,3453,899,3444,2166,107
Canada,1979,96457,2380,2822,442,394,445,1756,3651,2835,5248,12384,20936,24772,16543,4552,2136,1515,1391,1444,2017,3231,5093,7291,9099,11837,12577,12195,9712,6831,3583,969,3216,2201,117
Canada,1980,97329,2298,2784,486,368,398,1608,3441,2910,4919,12124,20994,25787,17114,4754,1946,1495,1412,1498,1817,3102,4948,7176,8962,12032,12976,12811,10082,7032,3705,1049,3152,2006,131
Canada,1981,96902,2097,2522,425,302,392,1611,3381,2900,4913,11790,20980,25785,17489,4693,1908,1473,1413,1487,1905,3008,4744,7046,9013,11967,12869,12916,10410,7079,3639,1054,2824,2003,142
Canada,1982,98022,2063,2456,393,268,365,1340,3251,2719,4558,11780,21310,27008,17835,4956,1704,1547,1316,1403,1819,2739,4701,7079,9234,12076,13786,13222,10597,7238,3815,1141,2724,1705,171
Canada,1983,97630,1843,2220,377,291,314,1189,3266,2877,4447,11480,21017,27335,18155,4856,1807,1459,1414,1463,1879,2568,4544,6936,9221,11796,13780,13555,10994,7161,3715,1141,2511,1503,182
Canada,1984,97718,1800,2164,364,271,281,1125,3062,2807,4371,10991,21156,27739,18689,4867,1645,1417,1307,1500,1822,2549,4342,6649,9719,11437,13961,13778,11478,7211,3715,1152,2435,1406,192
Canada,1985,100392,1736,2098,362,240,290,1027,3132,3011,4472,10971,21147,28609,19677,5486,1665,1467,1467,1544,1913,2559,4276,6695,9478,11669,14518,14091,12013,7664,4161,1325,2338,1317,230
Canada,1986,100935,1721,2084,363,249,241,1026,2968,3104,4476,10866,21248,29094,20200,5155,1539,1429,1473,1631,1927,2549,4179,6687,9502,11746,14385,14709,12394,7806,3888,1267,2333,1267,223
Canada,1987,101055,1640,1994,354,210,304,1057,2978,3158,4554,10381,21401,29162,20439,5191,1473,1505,1518,1640,1974,2580,3860,6521,9382,12019,14324,14838,12439,8000,3898,1293,2204,1361,231
Canada,1988,103969,1624,1965,341,251,282,1005,3004,3166,4617,9960,22087,29985,21967,5431,1485,1519,1543,1623,2048,2569,3728,6232,9665,12422,14573,15412,13115,8852,4108,1323,2216,1287,246
Canada,1989,104021,1695,2023,328,209,244,1024,2831,3394,4744,9942,21935,29576,22418,5436,1311,1520,1610,1784,2100,2644,3725,6217,9416,12519,14099,15477,13521,8897,4134,1302,2232,1268,244
Canada,1990,103825,1637,1957,320,217,262,907,2687,3617,4987,9688,21499,29628,22709,5416,1228,1459,1720,1897,2226,2761,3766,5922,9219,12280,13943,15685,13730,8979,4098,1318,2174,1169,248
Canada,1991,105376,1432,1729,297,196,252,912,2750,3530,5150,9465,21578,30215,23604,5739,1252,1498,1680,1850,2239,2911,3713,5752,9064,12514,14121,16094,14079,9525,4412,1327,1925,1164,260
Canada,1992,105775,1374,1642,268,217,237,827,2594,3808,5256,9467,21044,30501,24138,5794,1139,1455,1767,2041,2380,2876,3739,5728,8973,12071,14552,15949,14333,9805,4498,1296,1859,1064,250
Canada,1993,109266,1366,1671,305,169,217,836,2446,4078,5665,9473,21164,31564,25697,6027,1078,1368,1853,2225,2493,3172,3876,5597,8698,12466,15362,16202,15300,10397,4708,1319,1840,1053,257
Canada,1994,109655,1370,1660,290,186,244,840,2303,3881,5686,9347,21148,31468,26186,6440,1066,1237,1741,2140,2579,3107,3902,5445,8838,12310,15495,15973,15738,10448,5066,1374,1846,1084,260
Canada,1995,111362,1285,1530,245,180,221,812,2309,4029,5871,9491,20713,32008,27237,6712,1083,1226,1807,2222,2566,3305,4108,5383,8404,12309,15632,16376,16221,11016,5278,1434,1710,1033,252
Canada,1996,111336,1136,1391,255,156,206,726,2141,3732,5761,9558,20374,32315,27710,7015,1033,1108,1634,2098,2565,3196,4148,5410,8145,12229,15911,16404,16388,11322,5517,1498,1547,932,252
Canada,1997,111842,1050,1297,247,174,244,818,1940,3308,5606,9737,19971,32725,28582,7186,977,963,1424,1884,2462,3144,4212,5525,7926,12045,15506,17219,16717,11865,5617,1569,1471,1062,252
Canada,1998,112913,990,1206,216,153,207,725,2007,3193,5543,9722,19580,33491,29308,7528,1010,997,1321,1872,2428,3115,4216,5506,7591,11989,15643,17848,16849,12459,5889,1639,1359,932,245
Canada,1999,113645,976,1191,215,171,213,722,1916,3044,5767,9973,19115,33684,29728,7874,969,947,1236,1808,2487,3280,4345,5628,7559,11556,15446,18238,16659,13069,6139,1735,1362,935,248
Canada,2000,111493,945,1113,168,149,189,707,1806,2851,5627,10232,18697,32950,29090,7826,950,856,1119,1732,2430,3197,4487,5745,7611,11086,15054,17896,16356,12734,6144,1682,1262,896,257
Canada,2001,111825,987,1176,189,132,161,721,1821,2752,5696,10482,18169,32428,29878,8143,939,882,1094,1658,2344,3352,4673,5809,7564,10605,14749,17679,16851,13027,6396,1747,1308,882,263
Canada,2002,113159,970,1140,170,139,193,667,1698,2609,5739,10745,18222,32365,30803,8581,882,816,1045,1564,2378,3361,4647,6098,7658,10564,14609,17756,17352,13451,6753,1828,1279,860,260
Canada,2003,114806,975,1150,175,127,181,693,1796,2574,5928,11032,17885,32563,31711,8893,967,829,988,1586,2404,3524,4767,6265,7831,10054,14715,17848,18050,13661,6979,1914,1277,874,275
Canada,2004,114435,932,1086,154,126,158,660,1804,2465,5814,11218,18011,31632,31876,9306,934,870,1006,1459,2367,3447,4740,6478,8060,9951,14060,17572,18481,13395,7306,2000,1212,818,280
Canada,2005,115930,1011,1181,170,121,186,666,1888,2448,5929,11466,17962,31167,32826,9805,969,919,1038,1410,2407,3522,4803,6663,8010,9952,13773,17394,18733,14093,7686,2119,1302,852,286
Canada,2006,115133,979,1142,163,110,156,669,1860,2302,5827,11511,17930,30131,32910,10274,973,887,955,1347,2265,3562,4901,6610,8196,9734,13014,17117,18578,14332,8027,2247,1252,825,312
Canada,2007,118596,1047,1201,154,102,163,666,1862,2298,5663,11963,18819,30637,34309,10587,958,904,923,1375,2194,3469,5112,6851,8565,10254,13122,17515,18993,15316,8226,2361,1303,829,330
Canada,2008,120457,1054,1207,153,117,156,603,1801,2193,5498,12178,19275,30061,35667,11327,928,873,908,1285,2059,3439,5285,6893,8932,10343,13009,17052,19438,16229,8710,2617,1324,759,369
Canada,2009,120293,986,1132,146,112,131,594,1767,2161,5477,12063,19574,29463,36171,11282,873,894,947,1214,1973,3504,5260,6803,8846,10728,12422,17041,19371,16800,8608,2674,1244,725,362
Canada,2010,120451,1047,1221,174,75,121,584,1767,2145,5196,12034,19648,28790,36568,11909,862,905,941,1204,1854,3342,5099,6935,9173,10475,12387,16403,19401,17167,9014,2895,1296,705,392
Canada,2011,122084,1029,1182,153,91,135,539,1801,2077,4972,11920,20268,28915,37138,12625,919,882,939,1138,1828,3144,4950,6970,9377,10891,12773,16142,19417,17721,9666,2959,1273,674,417
Canada,2012,124126,977,1110,133,81,103,531,1825,2052,4808,12241,20701,28842,37690,13679,893,932,919,1133,1778,3030,5063,7178,9383,11318,12933,15909,19786,17904,10537,3142,1191,634,461
Canada,2013,126675,1016,1179,163,90,107,458,1722,2154,4672,12344,21511,29300,38262,14388,839,883,997,1157,1678,2994,5039,7305,9623,11888,13474,15826,19678,18584,11205,3183,1269,565,483
Canada,2014,130718,994,1124,130,71,108,485,1805,2341,4570,12329,22282,30309,39249,15493,817,988,1080,1261,1688,2882,4921,7408,9824,12458,14051,16258,20106,19143,12067,3426,1195,593,550
Canada,2015,133408,911,1084,173,88,117,450,1946,2360,4459,12337,22824,30590,40208,16368,890,1056,1127,1233,1733,2726,4875,7462,10011,12813,14209,16381,20218,19990,12713,3655,1172,567,572
Canada,2016,135533,884,1047,163,78,136,449,2053,2612,4528,12382,23585,31267,39779,17007,915,1138,1261,1351,1776,2752,4844,7538,10261,13324,14670,16597,19674,20105,12956,4051,1125,585,611
Canada,2017,140858,922,1065,143,82,109,477,2222,3005,4532,12176,23468,33003,41422,18622,963,1259,1438,1567,1770,2762,4712,7464,10352,13116,15900,17103,20165,21257,13993,4629,1147,586,680
Canada,2018,144291,934,1063,129,91,116,468,2248,2923,4550,12159,24247,34204,42020,19491,979,1269,1371,1552,1860,2690,4658,7501,10756,13491,16201,18003,20318,21702,14533,4958,1154,584,710
Canada,2019,145351,906,1043,137,83,108,457,2130,2919,4439,11774,24136,35204,42257,20071,922,1208,1356,1563,1832,2607,4274,7500,10592,13544,17030,18174,20415,21842,14876,5195,1126,565,729
Canada,2020,156855,911,1045,134,81,106,411,1967,2826,4380,11683,25386,38924,46944,22254,837,1130,1288,1538,1829,2551,4147,7536,11026,14360,18679,20245,22651,24293,16468,5786,1126,517,845
Canada,2021,153457,909,1039,130,79,101,347,1761,2636,4000,10526,24325,38780,45996,22901,724,1037,1200,1436,1692,2308,3703,6823,10389,13936,18358,20422,22352,23644,16788,6113,1118,448,970
Cape Verde,1950,1689,625,921,296,67,30,38,88,91,108,98,90,98,58,1,45,43,42,49,53,55,51,47,45,45,48,50,43,15,1,0,988,68,0
Cape Verde,1951,1686,611,904,293,73,31,36,87,89,110,106,91,97,58,1,45,42,41,48,53,57,55,51,46,45,47,50,43,15,1,0,977,67,0
Cape Verde,1952,1687,605,892,287,72,31,36,86,89,114,116,97,96,55,1,44,42,41,48,54,60,60,56,51,46,46,50,42,13,1,0,964,67,0
Cape Verde,1953,1704,600,883,283,89,31,34,85,87,117,124,105,96,54,1,43,42,40,47,54,63,64,60,55,50,46,50,41,13,1,0,972,65,0
Cape Verde,1954,1695,594,872,278,77,32,31,83,87,118,130,112,94,52,1,42,41,40,47,54,64,65,65,60,52,47,47,40,12,1,0,949,63,0
Cape Verde,1955,1699,589,862,273,77,36,29,79,86,120,140,121,94,51,1,39,40,40,46,54,66,70,70,65,56,48,46,39,12,1,0,939,65,0
Cape Verde,1956,1724,602,871,269,70,36,31,79,86,121,150,128,95,51,1,39,40,40,46,54,67,75,75,69,59,50,45,39,12,1,0,941,67,0
Cape Verde,1957,1754,615,888,273,67,37,31,81,88,122,154,135,97,51,1,40,41,41,47,54,68,76,78,73,62,52,45,39,12,1,0,955,68,0
Cape Verde,1958,1793,630,912,282,63,36,32,84,90,122,159,142,100,51,1,41,43,43,47,54,68,79,80,77,65,54,46,39,12,1,0,975,68,0
Cape Verde,1959,1837,645,938,293,60,35,35,86,93,123,167,152,103,50,1,41,45,45,48,54,69,82,85,82,70,56,47,38,12,1,0,998,70,0
Cape Verde,1960,1914,658,963,305,60,34,35,86,96,129,180,166,111,51,1,41,45,46,50,57,72,86,94,89,77,61,50,39,12,1,0,1023,69,0
Cape Verde,1961,1868,636,942,306,63,30,34,82,93,122,177,167,111,46,1,38,44,45,48,54,68,84,93,90,77,62,49,35,11,1,0,1005,64,0
Cape Verde,1962,1850,642,942,300,64,30,34,76,89,116,171,168,111,46,1,36,40,43,46,51,65,80,91,90,78,62,49,35,11,1,0,1006,64,0
Cape Verde,1963,1840,646,940,294,70,30,34,74,86,109,164,173,113,45,1,35,39,41,45,48,61,76,88,92,81,64,49,34,11,1,0,1010,64,0
Cape Verde,1964,1838,649,939,290,68,30,35,72,85,106,160,179,115,46,1,36,36,40,45,47,59,73,87,94,85,66,49,35,11,1,0,1007,65,0
Cape Verde,1965,1838,651,938,287,70,31,36,73,83,103,157,184,121,46,1,38,35,39,44,47,56,71,86,95,89,70,51,35,11,1,0,1008,67,0
Cape Verde,1966,1831,651,935,284,68,31,35,73,79,101,151,185,128,46,1,39,34,37,42,46,55,68,83,94,91,75,53,35,11,1,0,1003,66,0
Cape Verde,1967,1859,649,928,279,69,32,36,77,80,102,152,196,138,51,1,43,34,37,43,46,56,68,84,98,98,81,57,39,12,1,0,997,68,0
Cape Verde,1968,1885,646,920,274,69,34,38,78,79,103,155,207,150,53,1,44,34,36,43,47,56,69,86,102,105,89,61,41,12,1,0,989,72,0
Cape Verde,1969,1902,644,910,266,65,36,38,82,77,103,154,214,161,57,2,46,36,35,42,47,56,69,85,104,110,96,65,44,13,2,0,975,74,0
Cape Verde,1970,1931,638,898,260,68,37,40,88,75,106,155,222,176,63,2,49,39,33,42,48,58,69,86,107,115,104,72,48,15,2,0,966,77,0
Cape Verde,1971,1975,634,884,250,69,40,43,95,78,110,158,233,196,68,2,52,43,35,43,50,60,71,87,110,123,114,82,52,16,2,0,953,83,0
Cape Verde,1972,1987,620,859,239,68,40,45,98,78,111,158,235,215,75,2,52,46,35,43,50,61,71,87,110,125,123,92,58,17,2,0,927,85,0
Cape Verde,1973,1948,600,826,226,67,40,45,96,75,107,154,232,228,78,2,50,46,35,40,48,59,69,85,108,124,128,100,60,18,2,0,893,85,0
Cape Verde,1974,1887,580,794,214,66,38,45,88,69,101,147,220,230,86,2,45,43,33,36,45,56,66,81,100,120,125,105,65,21,2,0,860,83,0
Cape Verde,1975,1793,559,761,202,60,35,43,83,64,91,134,206,227,89,2,44,39,32,32,40,51,60,74,95,111,120,107,68,21,2,0,821,78,0
Cape Verde,1976,1734,541,732,191,55,35,42,78,62,85,127,195,229,94,3,41,37,32,30,37,48,57,70,89,106,118,111,73,21,3,0,787,77,0
Cape Verde,1977,1664,518,695,177,50,35,38,72,55,78,120,185,229,103,3,39,33,29,26,34,44,54,66,84,101,114,115,80,23,3,0,745,73,0
Cape Verde,1978,1607,500,666,166,46,34,37,69,53,71,112,173,225,112,4,38,31,28,25,30,41,50,62,78,95,110,115,87,25,4,0,712,71,0
Cape Verde,1979,1571,487,646,159,46,32,38,66,50,67,107,166,226,123,4,38,28,25,25,28,39,48,59,75,91,108,118,94,29,4,0,692,70,0
Cape Verde,1980,1538,479,634,155,41,31,39,65,46,61,102,159,224,134,5,38,27,25,21,25,36,46,56,72,87,105,119,102,32,5,0,675,70,0
Cape Verde,1981,1567,478,631,153,41,31,39,68,46,60,102,161,230,153,6,39,29,24,22,24,36,46,56,72,89,106,124,114,39,6,0,672,70,0
Cape Verde,1982,1598,475,629,154,41,31,41,71,48,58,105,162,236,168,7,41,30,24,24,23,35,46,59,73,89,107,129,124,44,7,0,670,72,0
Cape Verde,1983,1639,470,622,152,41,31,42,75,50,58,111,169,245,188,8,43,32,25,25,23,35,49,62,77,92,110,135,136,52,8,0,663,73,0
Cape Verde,1984,1686,464,617,153,48,31,43,83,51,60,116,174,250,203,11,48,35,26,25,25,35,50,66,80,94,113,137,144,59,11,0,665,74,0
Cape Verde,1985,1652,449,591,142,45,28,41,84,51,57,115,174,247,207,11,48,36,26,25,25,32,49,66,81,93,111,136,144,63,11,0,636,69,0
Cape Verde,1986,1634,433,568,135,44,27,39,88,52,55,115,173,244,216,12,49,39,27,25,25,30,48,67,81,92,110,134,148,68,12,0,612,66,0
Cape Verde,1987,1601,413,538,125,44,27,37,88,52,54,114,175,240,219,14,49,39,28,24,25,29,47,67,83,92,109,131,148,71,14,0,582,64,0
Cape Verde,1988,1572,392,508,116,42,27,36,89,54,53,112,176,238,220,17,49,40,30,24,25,28,45,67,84,92,107,131,147,73,16,1,550,63,0
Cape Verde,1989,1556,372,481,109,42,28,34,90,56,52,113,181,238,225,19,48,42,32,24,25,27,45,68,86,95,107,131,148,77,18,1,523,62,0
Cape Verde,1990,1536,356,459,103,38,29,34,93,59,51,106,184,238,225,19,48,45,33,26,24,27,41,65,88,96,107,131,147,78,18,1,497,63,0
Cape Verde,1991,1535,348,448,100,38,30,34,94,63,51,105,189,239,228,18,47,47,36,27,24,27,40,65,89,100,108,131,148,80,18,0,486,64,0
Cape Verde,1992,1533,345,443,98,37,30,35,95,67,51,98,190,240,226,20,46,49,37,30,24,27,36,62,90,100,109,131,146,80,19,1,480,65,0
Cape Verde,1993,1560,346,445,99,37,31,37,96,76,52,96,195,243,229,24,46,50,42,34,25,27,35,61,90,105,112,131,148,81,23,1,482,68,0
Cape Verde,1994,1588,344,443,99,37,32,40,101,84,55,91,199,247,233,25,47,54,46,38,27,28,34,57,90,109,114,133,151,82,23,2,480,72,0
Cape Verde,1995,1717,348,471,123,48,40,49,116,103,63,94,213,259,234,25,56,60,57,46,33,30,37,57,95,118,122,137,152,82,23,2,519,89,0
Cape Verde,1996,1593,321,412,91,34,31,43,104,99,64,84,201,259,233,25,50,54,54,45,34,30,33,51,87,114,122,137,152,81,23,2,446,74,0
Cape Verde,1997,1570,301,385,84,34,31,45,103,108,66,81,198,262,232,25,50,53,58,50,36,30,33,48,84,114,125,137,151,81,23,2,419,76,0
Cape Verde,1998,1508,275,349,74,30,28,44,101,111,70,77,188,260,223,24,50,51,58,53,39,31,32,45,78,110,124,136,146,77,22,2,379,72,0
Cape Verde,1999,1479,249,313,64,28,27,44,106,117,77,74,183,263,220,24,55,51,59,58,44,33,32,42,73,110,127,136,144,76,22,2,341,71,0
Cape Verde,2000,1449,224,279,55,28,27,44,106,121,85,75,175,266,220,23,55,51,59,62,48,37,34,41,68,107,128,138,144,76,21,2,307,71,0
Cape Verde,2001,1369,202,250,48,26,23,39,101,115,88,72,158,260,216,23,53,48,54,61,49,39,33,39,60,98,124,136,141,75,21,2,276,62,0
Cape Verde,2002,1365,184,225,41,22,22,36,101,115,94,73,152,267,228,25,53,48,52,63,53,41,35,38,57,95,125,142,147,81,23,2,247,58,0
Cape Verde,2003,1371,170,207,37,21,21,34,99,113,103,75,145,277,242,28,51,48,50,63,57,46,36,39,54,91,128,149,154,88,26,2,228,55,0
Cape Verde,2004,1414,162,197,35,20,21,32,100,113,113,81,142,292,265,38,51,49,49,64,61,52,40,41,53,89,131,161,167,98,35,3,217,53,0
Cape Verde,2005,1401,156,189,33,16,19,30,93,106,117,82,132,288,279,49,46,47,46,60,63,54,42,40,50,82,125,163,174,105,43,6,205,49,0
Cape Verde,2006,1562,153,184,31,15,19,30,101,113,137,97,141,320,331,69,48,53,50,63,72,65,51,46,56,85,135,185,205,126,58,11,199,49,0
Cape Verde,2007,1636,151,182,31,15,18,29,99,111,145,105,137,329,370,95,46,53,50,61,74,71,57,48,56,81,136,193,228,142,74,21,197,47,0
Cape Verde,2008,1729,148,179,31,12,17,29,98,110,154,116,137,338,413,123,45,53,50,60,76,78,63,53,59,78,136,202,252,161,91,32,191,46,2
Cape Verde,2009,1851,145,176,31,12,17,29,96,112,161,130,142,347,467,160,43,53,53,59,77,84,72,58,64,78,136,211,281,186,111,49,188,46,4
Cape Verde,2010,1917,135,164,29,11,14,27,91,109,163,142,142,341,512,197,41,50,52,57,75,88,78,64,65,77,130,211,302,210,130,67,175,41,7
Cape Verde,2011,1776,133,160,27,11,12,25,86,104,158,145,136,309,474,150,39,47,50,54,70,88,80,65,63,73,114,195,280,194,101,49,171,37,8
Cape Verde,2012,1647,120,146,26,11,11,22,78,103,150,150,132,279,441,119,35,43,50,53,65,85,82,68,62,70,100,179,259,182,83,36,157,33,7
Cape Verde,2013,1653,111,134,23,10,10,22,79,108,153,167,139,272,448,110,36,43,53,55,65,88,90,77,67,72,95,177,260,188,81,29,144,32,7
Cape Verde,2014,1637,104,125,21,10,10,20,78,114,152,181,143,262,442,100,35,43,54,60,63,89,97,84,71,72,92,170,255,187,75,25,135,30,5
Cape Verde,2015,1726,97,116,19,10,10,20,82,122,162,209,163,267,466,98,37,45,57,65,68,94,110,99,83,80,96,171,268,198,78,20,126,30,5
Cape Verde,2016,1582,91,108,17,10,10,17,74,115,146,203,158,232,418,86,33,41,52,63,62,84,104,99,84,74,86,146,240,178,70,16,118,27,3
Cape Verde,2017,1484,85,100,15,10,9,14,67,108,138,202,160,208,387,81,30,37,48,60,60,78,101,101,86,74,82,126,221,166,68,13,110,23,3
Cape Verde,2018,1609,76,91,15,10,10,14,71,120,153,230,191,219,415,88,30,41,52,68,70,83,112,118,104,87,90,129,235,180,74,14,101,24,2
Cape Verde,2019,1596,71,85,14,7,10,13,68,119,153,237,205,212,400,83,28,40,51,68,71,82,113,124,114,91,92,120,224,176,71,12,92,23,2
Cape Verde,2020,1787,67,80,13,8,10,11,56,115,171,283,276,248,441,93,22,34,46,69,80,91,127,156,151,125,111,137,241,200,80,13,88,21,1
Cape Verde,2021,1904,64,76,12,9,10,12,59,125,186,309,327,269,434,89,22,37,51,74,88,98,135,174,177,150,123,146,237,197,77,12,85,22,1
Cayman Islands,1950,53,13,17,4,0,0,0,0,0,0,8,10,9,0,0,0,0,0,0,0,0,3,5,5,5,5,4,0,0,0,0,17,0,0
Cayman Islands,1951,49,13,17,4,0,0,0,0,0,0,6,10,5,0,0,0,0,0,0,0,0,1,5,5,5,5,0,0,0,0,0,17,0,0
Cayman Islands,1952,58,13,18,5,0,0,0,0,0,0,6,10,10,2,0,0,0,0,0,0,0,1,5,5,5,5,5,2,0,0,0,18,0,0
Cayman Islands,1953,61,13,18,5,0,0,0,0,0,0,6,10,10,6,0,0,0,0,0,0,0,1,5,5,5,5,5,5,1,0,0,18,0,0
Cayman Islands,1954,61,13,18,5,0,0,0,0,0,0,5,10,10,6,0,0,0,0,0,0,0,0,5,5,5,5,5,5,1,0,0,18,0,0
Cayman Islands,1955,65,13,18,5,1,0,0,0,0,0,4,10,10,8,0,0,0,0,0,0,0,0,4,5,5,5,5,5,3,0,0,19,0,0
Cayman Islands,1956,64,12,17,5,0,0,0,0,0,0,4,10,10,8,0,0,0,0,0,0,0,0,4,5,5,5,5,5,3,0,0,17,0,0
Cayman Islands,1957,62,12,16,4,0,0,0,0,0,0,3,10,10,7,0,0,0,0,0,0,0,0,3,5,5,5,5,5,2,0,0,16,0,0
Cayman Islands,1958,61,11,15,4,0,0,0,0,0,0,4,10,10,5,0,0,0,0,0,0,0,0,4,5,5,5,5,5,0,0,0,15,0,0
Cayman Islands,1959,59,11,15,4,0,0,0,0,0,0,4,10,10,7,0,0,0,0,0,0,0,0,4,5,5,5,5,5,2,0,0,15,0,0
Cayman Islands,1960,57,11,15,4,0,0,0,0,0,0,5,10,10,7,0,0,0,0,0,0,0,0,5,5,5,5,5,5,2,0,0,15,0,0
Cayman Islands,1961,56,11,14,3,0,0,0,0,0,0,4,10,10,7,0,0,0,0,0,0,0,0,4,5,5,5,5,5,2,0,0,14,0,0
Cayman Islands,1962,55,11,14,3,0,0,0,0,0,0,4,10,10,6,0,0,0,0,0,0,0,0,4,5,5,5,5,5,1,0,0,14,0,0
Cayman Islands,1963,53,10,13,3,0,0,0,0,0,0,5,10,10,6,0,0,0,0,0,0,0,0,5,5,5,5,5,5,1,0,0,13,0,0
Cayman Islands,1964,52,10,13,3,0,0,0,0,0,0,5,10,10,6,0,0,0,0,0,0,0,0,5,5,5,5,5,5,1,0,0,13,0,0
Cayman Islands,1965,50,9,12,3,0,0,0,0,0,0,4,10,10,7,0,0,0,0,0,0,0,0,4,5,5,5,5,5,2,0,0,12,0,0
Cayman Islands,1966,50,9,12,3,0,0,0,0,0,0,4,10,10,7,0,0,0,0,0,0,0,0,4,5,5,5,5,5,2,0,0,12,0,0
Cayman Islands,1967,50,9,12,3,0,0,0,0,0,0,5,10,10,7,0,0,0,0,0,0,0,0,5,5,5,5,5,5,2,0,0,12,0,0
Cayman Islands,1968,50,9,12,3,0,0,0,0,0,0,5,10,10,5,0,0,0,0,0,0,0,0,5,5,5,5,5,5,0,0,0,12,0,0
Cayman Islands,1969,51,8,11,3,0,0,0,0,0,0,6,10,10,5,0,0,0,0,0,0,0,1,5,5,5,5,5,5,0,0,0,11,0,0
Cayman Islands,1970,54,9,12,3,0,0,0,0,0,0,6,10,10,6,0,0,0,0,0,0,0,1,5,5,5,5,5,5,1,0,0,12,0,0
Cayman Islands,1971,54,8,11,3,0,0,0,0,0,0,7,10,10,6,0,0,0,0,0,0,0,2,5,5,5,5,5,5,1,0,0,11,0,0
Cayman Islands,1972,59,11,13,2,0,0,0,0,0,0,8,10,10,7,0,0,0,0,0,0,0,3,5,5,5,5,5,5,2,0,0,13,0,0
Cayman Islands,1973,59,9,11,2,0,0,0,0,0,0,9,10,10,8,0,0,0,0,0,0,0,4,5,5,5,5,5,5,3,0,0,11,0,0
Cayman Islands,1974,60,8,10,2,0,0,0,0,0,2,9,10,10,9,0,0,0,0,0,0,2,4,5,5,5,5,5,5,4,0,0,10,0,0
Cayman Islands,1975,63,8,10,2,0,0,0,0,0,2,10,10,12,8,0,0,0,0,0,0,2,5,5,5,5,7,5,5,3,0,0,10,0,0
Cayman Islands,1976,63,7,9,2,0,0,0,0,0,2,10,10,13,6,0,0,0,0,0,0,2,5,5,5,5,8,5,5,1,0,0,9,0,0
Cayman Islands,1977,63,7,9,2,0,0,0,0,0,1,10,10,13,6,0,0,0,0,0,0,1,5,5,5,5,8,5,5,1,0,0,9,0,0
Cayman Islands,1978,63,7,8,1,0,0,0,0,0,1,10,10,14,6,0,0,0,0,0,0,1,5,5,5,5,8,6,5,1,0,0,8,0,0
Cayman Islands,1979,64,6,7,1,0,0,0,0,0,0,10,10,15,7,0,0,0,0,0,0,0,5,5,5,5,7,8,5,2,0,0,7,0,0
Cayman Islands,1980,66,7,7,0,0,0,0,0,0,0,10,10,15,7,0,0,0,0,0,0,0,5,5,5,5,6,9,5,2,0,0,7,0,0
Cayman Islands,1981,67,7,7,0,0,0,0,0,0,0,10,10,15,8,0,0,0,0,0,0,0,5,5,5,5,5,10,5,3,0,0,7,0,0
Cayman Islands,1982,67,6,6,0,0,0,0,0,0,3,10,10,14,9,0,0,0,0,0,0,3,5,5,5,5,5,9,6,3,0,0,6,0,0
Cayman Islands,1983,69,7,7,0,0,0,0,0,0,3,10,13,15,11,0,0,0,0,0,0,3,5,5,5,8,7,8,7,4,0,0,7,0,0
Cayman Islands,1984,72,7,7,0,0,0,0,0,0,4,10,14,16,13,0,0,0,0,0,0,4,5,5,5,9,8,8,8,5,0,0,7,0,0
Cayman Islands,1985,73,6,6,0,0,0,0,0,0,4,10,14,19,13,0,0,0,0,0,0,4,5,5,5,9,10,9,8,5,0,0,6,0,0
Cayman Islands,1986,77,6,6,0,0,0,0,0,0,4,10,15,20,14,1,0,0,0,0,0,4,5,5,5,10,10,10,9,5,1,0,6,0,0
Cayman Islands,1987,81,6,6,0,0,0,0,0,0,7,10,15,20,15,2,0,0,0,0,2,5,5,5,5,10,10,10,10,5,2,0,6,0,0
Cayman Islands,1988,86,5,5,0,0,0,0,0,2,9,10,17,20,16,2,0,0,0,2,4,5,5,5,7,10,10,10,10,6,2,0,5,0,0
Cayman Islands,1989,91,5,5,0,0,0,0,0,3,10,10,18,20,17,4,0,0,0,3,5,5,5,5,8,10,10,10,10,7,4,0,5,0,0
Cayman Islands,1990,95,5,5,0,0,0,0,0,10,10,10,18,20,18,4,0,0,5,5,5,5,5,5,8,10,10,10,10,8,3,1,5,0,0
Cayman Islands,1991,98,5,5,0,0,0,0,2,10,10,11,17,21,16,2,0,2,5,5,5,5,5,6,7,10,11,10,7,9,2,0,5,0,0
Cayman Islands,1992,101,5,5,0,0,0,0,3,10,10,13,17,23,16,1,0,3,5,5,5,5,5,8,7,10,12,11,8,8,1,0,5,0,0
Cayman Islands,1993,105,5,5,0,0,0,0,5,10,10,14,20,24,13,2,0,5,5,5,5,5,5,9,10,10,12,12,8,5,2,0,5,0,0
Cayman Islands,1994,109,5,5,0,0,0,0,8,10,10,14,20,26,13,3,3,5,5,5,5,5,5,9,10,10,12,14,8,5,3,0,5,0,0
Cayman Islands,1995,113,4,4,0,0,0,0,8,10,10,15,20,27,14,3,3,5,5,5,5,5,5,10,10,10,12,15,9,5,3,0,4,0,0
Cayman Islands,1996,118,4,4,0,0,0,0,8,10,10,17,20,28,16,4,3,5,5,5,5,5,7,10,10,10,13,15,11,5,4,0,4,0,0
Cayman Islands,1997,123,4,4,0,0,0,0,7,10,12,20,20,29,18,4,2,5,5,5,5,7,10,10,10,10,14,15,12,6,4,0,4,0,0
Cayman Islands,1998,128,4,4,0,0,0,0,6,10,13,20,20,30,20,4,1,5,5,5,5,8,10,10,10,10,15,15,13,7,4,0,4,0,0
Cayman Islands,1999,134,4,4,0,0,0,0,6,10,14,20,22,29,22,1,1,5,5,5,5,9,10,10,10,12,14,15,14,8,1,0,4,0,0
Cayman Islands,2000,138,4,4,0,0,0,0,5,10,14,20,25,29,25,2,0,5,5,5,5,9,10,10,12,13,14,15,15,10,2,0,4,0,0
Cayman Islands,2001,139,4,4,0,0,0,0,4,10,14,20,27,29,26,2,0,4,5,5,5,9,10,10,12,15,14,15,15,11,2,0,4,0,0
Cayman Islands,2002,140,4,4,0,0,0,0,3,10,14,20,26,30,26,3,0,3,5,5,5,9,10,10,11,15,15,15,15,11,3,0,4,0,0
Cayman Islands,2003,140,4,4,0,0,0,0,3,10,13,20,26,30,25,3,0,3,5,5,5,8,10,10,11,15,15,15,15,10,3,0,4,0,0
Cayman Islands,2004,141,4,4,0,0,0,0,2,10,13,20,26,30,27,4,0,2,5,5,5,8,10,10,11,15,15,15,15,12,4,0,4,0,0
Cayman Islands,2005,142,4,4,0,0,0,0,2,10,14,20,27,30,27,4,0,2,5,5,5,9,10,10,12,15,15,15,15,12,4,0,4,0,0
Cayman Islands,2006,142,4,4,0,0,0,0,1,10,14,20,27,30,24,5,0,1,5,5,5,9,10,10,13,14,15,15,12,12,5,0,4,0,0
Cayman Islands,2007,147,5,5,0,0,0,0,1,10,15,21,30,31,25,5,0,1,5,5,5,10,10,11,15,15,16,15,13,12,5,0,5,0,0
Cayman Islands,2008,151,5,5,0,0,0,0,2,10,15,23,30,32,26,6,0,2,5,5,5,10,10,13,15,15,17,15,14,12,6,0,5,0,0
Cayman Islands,2009,156,5,5,0,0,0,0,3,10,16,23,30,33,25,7,0,3,5,5,6,10,10,13,15,15,16,17,15,10,7,0,5,0,0
Cayman Islands,2010,159,4,4,0,0,0,0,3,10,17,25,30,33,26,8,0,3,5,5,7,10,10,15,15,15,15,18,15,11,8,0,4,0,0
Cayman Islands,2011,171,5,5,0,0,0,0,3,10,18,28,31,34,27,8,0,3,5,5,8,10,13,15,15,16,15,19,17,10,8,0,5,0,0
Cayman Islands,2012,178,4,4,0,0,0,0,2,10,18,30,37,36,26,9,0,2,5,5,8,10,15,15,18,19,16,20,15,11,8,1,4,0,0
Cayman Islands,2013,184,4,4,0,0,0,0,2,10,19,30,39,40,28,6,0,2,5,5,8,11,15,15,19,20,20,20,16,12,5,1,4,0,0
Cayman Islands,2014,192,4,4,0,0,0,0,2,10,20,32,40,40,30,7,0,2,5,5,8,12,15,17,20,20,20,20,17,13,5,2,4,0,0
Cayman Islands,2015,199,3,3,0,0,0,0,2,10,20,35,45,42,31,8,0,2,5,5,8,12,15,20,20,25,22,20,18,13,6,2,3,0,0
Cayman Islands,2016,207,3,3,0,0,0,0,5,10,21,37,45,43,32,9,0,5,5,5,9,12,17,20,20,25,23,20,19,13,6,3,3,0,0
Cayman Islands,2017,215,3,3,0,0,0,0,6,10,22,38,46,47,31,6,1,5,5,5,9,13,18,20,21,25,25,22,19,12,6,0,3,0,0
Cayman Islands,2018,225,3,3,0,0,0,0,6,10,22,38,50,55,31,6,1,5,5,5,9,13,18,20,23,27,30,25,20,11,6,0,3,0,0
Cayman Islands,2019,234,3,3,0,0,0,0,5,10,22,43,52,56,35,7,0,5,5,5,9,13,19,24,25,27,30,26,22,13,7,0,3,0,0
Cayman Islands,2020,247,4,4,0,0,0,0,5,10,22,44,53,58,37,6,0,5,5,5,9,13,19,25,25,28,30,28,23,14,6,0,4,0,0
Cayman Islands,2021,259,3,3,0,0,0,0,5,10,23,47,58,66,39,7,0,5,5,5,9,14,21,26,28,30,34,32,25,14,6,1,3,0,0
Central African Republic,1950,21695,6160,9890,3730,909,478,520,1408,1446,1467,1528,1832,1675,521,19,698,710,709,737,736,731,780,748,861,971,947,728,400,121,19,0,10799,998,0
Central African Republic,1951,21956,6235,10124,3889,921,478,520,1412,1442,1465,1535,1814,1684,542,20,698,714,709,733,735,730,781,754,850,964,950,734,409,133,19,1,11045,998,0
Central African Republic,1952,21997,6248,10216,3968,920,473,516,1400,1427,1455,1537,1782,1691,557,21,690,710,703,724,729,726,773,764,836,946,952,739,416,141,20,1,11136,989,0
Central African Republic,1953,22004,6256,10271,4015,918,472,512,1389,1412,1443,1539,1754,1697,572,26,684,705,698,714,722,721,764,775,823,931,953,744,423,149,24,2,11189,984,0
Central African Republic,1954,21997,6265,10294,4029,927,470,509,1379,1400,1433,1536,1729,1701,584,29,679,700,694,706,714,719,754,782,816,913,952,749,428,156,27,2,11221,979,0
Central African Republic,1955,21992,6283,10303,4020,949,470,508,1370,1392,1423,1534,1717,1700,597,32,673,697,693,699,709,714,748,786,817,900,946,754,435,162,30,2,11252,978,0
Central African Republic,1956,21988,6300,10312,4012,969,472,503,1358,1384,1413,1531,1709,1694,608,35,667,691,689,695,702,711,745,786,822,887,936,758,441,167,33,2,11281,975,0
Central African Republic,1957,22000,6323,10331,4008,985,473,500,1351,1380,1402,1523,1708,1687,617,36,664,687,688,692,695,707,743,780,833,875,923,764,447,170,34,2,11316,973,0
Central African Republic,1958,22003,6341,10344,4003,999,474,498,1340,1374,1392,1516,1714,1680,628,42,658,682,685,689,687,705,742,774,849,865,911,769,453,175,39,3,11343,972,0
Central African Republic,1959,22011,6362,10358,3996,1005,477,497,1331,1371,1383,1507,1723,1670,639,44,654,677,682,689,683,700,740,767,862,861,899,771,460,179,40,4,11363,974,0
Central African Republic,1960,21954,6362,10319,3957,999,486,497,1319,1367,1377,1505,1732,1659,650,45,649,670,680,687,680,697,741,764,869,863,890,769,466,184,41,4,11318,983,0
Central African Republic,1961,21910,6372,10294,3922,992,491,496,1309,1362,1371,1502,1743,1647,659,48,644,665,676,686,678,693,739,763,871,872,880,767,471,188,44,4,11286,987,0
Central African Republic,1962,21877,6387,10276,3889,984,497,496,1297,1356,1365,1501,1755,1627,673,50,637,660,670,686,676,689,738,763,867,888,869,758,480,193,46,4,11260,993,0
Central African Republic,1963,21828,6394,10244,3850,973,503,494,1285,1349,1359,1500,1769,1613,683,55,632,653,665,684,675,684,736,764,863,906,861,752,486,197,48,7,11217,997,0
Central African Republic,1964,21815,6421,10239,3818,964,505,496,1276,1343,1355,1500,1782,1607,691,55,628,648,660,683,675,680,734,766,859,923,861,746,490,201,48,7,11203,1001,0
Central African Republic,1965,21792,6457,10241,3784,953,500,503,1264,1330,1352,1500,1788,1609,698,57,625,639,652,678,675,677,732,768,856,932,868,741,492,206,50,7,11194,1003,0
Central African Republic,1966,21781,6502,10258,3756,943,495,508,1253,1318,1347,1494,1789,1615,702,57,621,632,645,673,672,675,727,767,854,935,877,738,492,210,50,7,11201,1003,0
Central African Republic,1967,21774,6543,10283,3740,935,490,514,1245,1302,1342,1484,1785,1628,707,62,620,625,637,665,670,672,721,763,854,931,896,732,492,215,55,7,11218,1004,0
Central African Republic,1968,21768,6590,10314,3724,926,485,521,1231,1287,1334,1478,1779,1644,709,62,616,615,630,657,665,669,716,762,855,924,915,729,491,218,55,7,11240,1006,1
Central African Republic,1969,21735,6598,10311,3713,920,480,523,1222,1267,1328,1465,1775,1664,713,63,614,608,619,648,661,667,708,757,855,920,932,732,490,223,56,7,11231,1003,1
Central African Republic,1970,21663,6572,10270,3698,917,476,519,1223,1248,1319,1457,1770,1684,715,65,620,603,609,639,655,664,704,753,854,916,943,741,490,225,58,7,11187,995,1
Central African Republic,1971,21566,6553,10226,3673,916,472,517,1218,1222,1304,1445,1766,1700,713,65,624,594,597,625,645,659,698,747,851,915,947,753,488,225,59,6,11142,989,0
Central African Republic,1972,21431,6516,10164,3648,920,470,512,1212,1195,1287,1431,1758,1711,710,65,626,586,582,613,634,653,693,738,846,912,943,768,486,224,59,6,11084,982,0
Central African Republic,1973,21305,6466,10078,3612,924,470,506,1202,1166,1272,1422,1760,1727,710,64,629,573,567,599,623,649,689,733,844,916,939,788,486,224,59,5,11002,976,0
Central African Republic,1974,21194,6431,10005,3574,930,471,505,1197,1139,1253,1414,1759,1743,714,63,629,568,554,585,611,642,687,727,841,918,937,806,490,224,59,4,10935,976,0
Central African Republic,1975,21109,6401,9938,3537,936,474,503,1190,1117,1235,1409,1760,1760,721,61,622,568,545,572,601,634,685,724,839,921,940,820,497,224,58,3,10874,977,0
Central African Republic,1976,21113,6430,9932,3502,939,477,504,1190,1101,1223,1409,1763,1773,740,62,619,571,539,562,592,631,685,724,838,925,945,828,513,227,59,3,10871,981,0
Central African Republic,1977,21108,6479,9921,3442,928,476,501,1200,1093,1203,1385,1725,1778,811,90,617,583,539,554,583,620,675,710,816,909,937,841,550,261,80,10,10849,977,1
Central African Republic,1978,21150,6540,9954,3414,914,473,497,1213,1094,1185,1365,1686,1775,877,115,615,598,541,553,576,609,665,700,795,891,925,850,582,295,98,17,10868,970,2
Central African Republic,1979,21246,6620,10033,3413,904,472,496,1228,1105,1174,1346,1643,1765,938,137,616,612,551,554,572,602,655,691,773,870,910,855,612,326,115,22,10937,968,2
Central African Republic,1980,21377,6702,10135,3433,890,475,497,1237,1131,1166,1329,1605,1755,995,162,617,620,570,561,569,597,648,681,755,850,896,859,638,357,134,28,11025,972,3
Central African Republic,1981,21480,6790,10230,3440,877,471,497,1245,1161,1162,1314,1565,1737,1040,184,618,627,590,571,570,592,640,674,738,827,878,859,656,384,150,34,11107,968,4
Central African Republic,1982,21713,6875,10382,3507,882,474,503,1256,1201,1167,1302,1534,1720,1083,203,619,637,616,585,575,592,634,668,728,806,863,857,674,409,165,38,11264,977,6
Central African Republic,1983,21894,6953,10502,3549,887,475,508,1269,1243,1175,1293,1500,1698,1120,222,624,645,645,598,580,595,632,661,719,781,845,853,686,434,179,43,11389,983,6
Central African Republic,1984,22106,7044,10638,3594,898,474,515,1284,1290,1187,1284,1468,1673,1149,240,629,655,671,619,591,596,628,656,709,759,828,845,695,454,194,46,11536,989,7
Central African Republic,1985,22318,7143,10777,3634,914,471,522,1302,1343,1209,1279,1438,1627,1171,255,637,665,691,652,608,601,628,651,701,737,800,827,700,471,205,50,11691,993,8
Central African Republic,1986,22561,7245,10926,3681,932,473,529,1327,1400,1240,1276,1414,1584,1182,269,650,677,712,688,630,610,630,646,694,720,773,811,701,481,215,54,11858,1002,8
Central African Republic,1987,22856,7365,11099,3734,953,477,537,1354,1466,1276,1277,1394,1537,1190,281,662,692,735,731,654,622,634,643,688,706,745,792,698,492,224,57,12052,1014,9
Central African Republic,1988,23186,7467,11270,3803,977,484,545,1392,1546,1323,1288,1379,1486,1192,295,682,710,763,783,684,639,643,645,684,695,714,772,692,500,234,61,12247,1029,9
Central African Republic,1989,23683,7618,11514,3896,1009,502,557,1443,1631,1401,1318,1390,1446,1167,296,708,735,795,836,730,671,661,657,693,697,696,750,677,490,234,62,12523,1059,9
Central African Republic,1990,24440,7829,11858,4029,1056,531,581,1511,1725,1526,1392,1453,1421,1098,275,744,767,832,893,804,722,702,690,728,725,701,720,645,453,217,58,12914,1112,8
Central African Republic,1991,25289,8036,12180,4144,1102,565,607,1597,1835,1676,1484,1526,1410,1044,258,787,810,878,957,889,787,753,731,769,757,715,695,620,424,203,55,13282,1172,8
Central African Republic,1992,26209,8189,12430,4241,1148,601,642,1704,1971,1856,1592,1609,1410,994,241,838,866,937,1034,991,865,813,779,815,794,736,674,597,397,189,52,13578,1243,8
Central African Republic,1993,27187,8334,12648,4314,1189,635,680,1827,2120,2059,1719,1697,1420,958,227,893,934,1003,1117,1109,950,884,835,862,835,759,661,578,380,178,49,13837,1315,7
Central African Republic,1994,28268,8487,12862,4375,1227,671,727,1964,2288,2280,1862,1794,1442,924,214,952,1012,1079,1209,1227,1053,965,897,915,879,786,656,558,366,168,46,14089,1398,7
Central African Republic,1995,29462,8689,13130,4441,1262,707,781,2110,2466,2521,2018,1891,1471,895,202,1013,1097,1163,1303,1342,1179,1055,963,968,923,812,659,541,354,158,44,14392,1488,7
Central African Republic,1996,30522,8837,13340,4503,1290,734,838,2250,2629,2747,2169,1984,1499,851,186,1072,1178,1242,1387,1443,1304,1144,1025,1021,963,838,661,516,335,145,41,14630,1572,6
Central African Republic,1997,31686,8950,13530,4580,1320,767,901,2423,2810,2985,2330,2078,1538,826,175,1150,1273,1335,1475,1547,1438,1237,1093,1074,1004,864,674,501,325,137,38,14850,1668,6
Central African Republic,1998,32526,9070,13704,4634,1340,794,939,2500,2921,3162,2465,2155,1573,801,167,1183,1317,1394,1527,1611,1551,1314,1151,1120,1035,887,686,488,313,131,36,15044,1733,6
Central African Republic,1999,33436,9222,13901,4679,1359,817,984,2618,3042,3316,2608,2232,1609,788,158,1245,1373,1463,1579,1669,1647,1398,1210,1166,1066,910,699,483,305,126,32,15260,1801,5
Central African Republic,2000,34503,9420,14208,4788,1405,851,1035,2750,3157,3431,2773,2306,1645,783,157,1321,1429,1529,1628,1714,1717,1498,1275,1210,1096,932,713,485,298,125,32,15613,1886,5
Central African Republic,2001,35148,9526,14354,4828,1421,866,1068,2850,3225,3476,2902,2361,1676,781,151,1384,1466,1573,1652,1726,1750,1578,1324,1242,1119,949,727,490,291,120,31,15775,1934,5
Central African Republic,2002,35574,9571,14408,4837,1416,865,1114,3011,3282,3480,3008,2400,1693,753,139,1487,1524,1613,1669,1721,1759,1643,1365,1268,1132,961,732,487,266,111,28,15824,1979,5
Central African Republic,2003,35707,9735,14598,4863,1426,870,1100,2946,3227,3416,3073,2435,1714,763,133,1455,1491,1583,1644,1681,1735,1687,1386,1289,1146,970,744,498,265,107,26,16024,1970,4
Central African Republic,2004,35932,9845,14738,4893,1438,877,1115,2983,3200,3356,3137,2474,1729,762,119,1479,1504,1567,1633,1646,1710,1714,1423,1314,1160,976,753,503,259,99,20,16176,1992,2
Central African Republic,2005,36140,9976,14898,4922,1446,879,1126,3022,3163,3283,3181,2512,1747,767,111,1499,1523,1546,1617,1608,1675,1712,1469,1339,1173,983,764,508,259,94,17,16344,2005,2
Central African Republic,2006,36497,10114,15050,4936,1451,885,1149,3124,3160,3236,3229,2563,1769,779,103,1550,1574,1545,1615,1588,1648,1708,1521,1372,1191,995,774,518,261,89,14,16501,2034,1
Central African Republic,2007,36260,10183,15135,4952,1453,884,1130,3040,3041,3116,3225,2591,1777,776,86,1504,1536,1483,1558,1532,1584,1674,1551,1390,1201,998,779,519,257,77,9,16588,2014,1
Central African Republic,2008,36186,10246,15184,4938,1445,880,1126,3037,2977,3030,3227,2623,1792,787,80,1503,1534,1457,1520,1496,1534,1640,1587,1407,1216,1007,785,526,261,73,7,16629,2006,1
Central African Republic,2009,36099,10270,15149,4879,1427,873,1125,3051,2934,2963,3217,2674,1811,797,76,1512,1539,1449,1485,1471,1492,1609,1608,1437,1237,1020,791,533,264,71,5,16576,1998,1
Central African Republic,2010,36110,10327,15167,4840,1414,867,1129,3066,2903,2904,3188,2755,1836,808,74,1522,1544,1452,1451,1450,1454,1577,1611,1489,1266,1036,800,542,266,70,4,16581,1996,0
Central African Republic,2011,35628,10271,15018,4747,1384,851,1100,2966,2817,2817,3119,2819,1851,814,69,1470,1496,1424,1393,1408,1409,1528,1591,1531,1288,1046,805,547,267,66,3,16402,1951,0
Central African Republic,2012,34972,10091,14738,4647,1357,837,1085,2889,2719,2717,3038,2874,1859,800,57,1437,1452,1388,1331,1358,1359,1473,1565,1567,1307,1054,805,542,258,55,2,16095,1922,0
Central African Republic,2013,35090,9818,14370,4552,1339,832,1181,3205,2803,2702,3005,2949,1879,784,43,1625,1580,1458,1345,1351,1351,1447,1558,1619,1330,1070,809,537,247,42,1,15709,2013,0
Central African Republic,2014,36139,9668,14372,4704,1433,885,1329,3548,2917,2739,3046,3106,1950,781,35,1832,1716,1532,1385,1363,1376,1457,1589,1700,1406,1118,832,540,241,34,1,15805,2214,0
Central African Republic,2015,31570,8976,13162,4186,1286,795,1024,2458,2278,2309,2700,2950,1862,719,26,1248,1210,1161,1117,1122,1187,1278,1422,1584,1366,1073,789,505,214,24,2,14448,1819,0
Central African Republic,2016,31131,8739,12676,3937,1248,778,1042,2520,2278,2261,2647,3009,1912,733,26,1297,1223,1159,1119,1091,1170,1251,1396,1586,1423,1107,805,512,221,24,2,13924,1820,0
Central African Republic,2017,31671,8734,12493,3759,1225,774,1144,2873,2414,2277,2629,3078,1976,760,31,1509,1364,1240,1174,1100,1177,1247,1382,1589,1489,1145,831,527,233,29,2,13718,1918,0
Central African Republic,2018,31242,8765,12456,3691,1219,774,1100,2686,2307,2192,2558,3113,2023,779,36,1413,1273,1173,1134,1057,1135,1218,1340,1571,1542,1172,851,540,239,35,1,13675,1874,0
Central African Republic,2019,30714,8658,12211,3553,1175,759,1060,2567,2234,2137,2509,3133,2091,800,38,1348,1219,1129,1105,1035,1102,1200,1309,1554,1579,1214,877,553,247,38,0,13386,1819,0
Central African Republic,2020,32051,8662,12143,3481,1130,743,974,2418,2202,2267,2851,3756,2550,963,51,1261,1157,1092,1110,1097,1170,1345,1506,1837,1919,1512,1038,658,305,50,1,13273,1717,0
Central African Republic,2021,34235,8887,12472,3585,1147,777,1142,2944,2471,2451,3009,3934,2799,1024,62,1548,1396,1244,1227,1202,1249,1433,1576,1896,2038,1662,1137,703,321,60,2,13619,1919,0
Chad,1950,36528,12002,19026,7024,1908,823,818,2011,1856,1967,2133,2637,2492,819,38,1030,981,936,920,960,1007,1061,1072,1235,1402,1401,1091,608,211,36,2,20934,1641,0
Chad,1951,37740,12732,19878,7146,1959,843,837,2047,1897,2004,2188,2649,2547,852,36,1050,997,954,943,978,1026,1088,1100,1238,1411,1428,1119,631,221,35,1,21837,1680,0
Chad,1952,38254,12791,20257,7466,1976,850,848,2061,1913,2013,2218,2629,2576,875,39,1059,1002,960,953,987,1026,1097,1121,1226,1403,1441,1135,647,228,36,3,22233,1698,0
Chad,1953,38609,12863,20552,7689,1979,852,856,2064,1919,2015,2245,2598,2597,895,40,1061,1003,960,959,991,1024,1100,1145,1214,1384,1450,1147,662,233,37,3,22531,1708,0
Chad,1954,39208,12936,20829,7893,1994,873,877,2104,1955,2052,2298,2612,2646,925,43,1084,1020,975,980,1012,1040,1118,1180,1225,1387,1474,1172,684,241,40,3,22823,1750,0
Chad,1955,39613,13007,21029,8022,2026,889,892,2126,1971,2073,2332,2616,2666,949,44,1098,1028,981,990,1025,1048,1127,1205,1237,1379,1478,1188,699,250,41,3,23055,1781,0
Chad,1956,40073,13082,21170,8088,2119,907,907,2158,1995,2105,2367,2636,2689,974,46,1116,1042,992,1003,1043,1062,1139,1228,1261,1375,1482,1207,715,259,44,2,23289,1814,0
Chad,1957,40371,13152,21303,8151,2178,914,914,2177,2004,2121,2378,2650,2693,994,49,1130,1047,996,1008,1053,1068,1140,1238,1289,1361,1473,1220,727,267,46,3,23481,1828,0
Chad,1958,40729,13228,21438,8210,2243,923,923,2204,2015,2149,2394,2679,2699,1014,49,1148,1056,1002,1013,1067,1082,1145,1249,1322,1357,1463,1236,739,275,46,3,23681,1846,0
Chad,1959,41114,13312,21587,8275,2312,926,936,2235,2029,2175,2409,2716,2700,1033,51,1166,1069,1010,1019,1080,1095,1152,1257,1355,1361,1454,1246,751,282,47,4,23899,1862,0
Chad,1960,41558,13394,21733,8339,2377,942,954,2272,2050,2211,2438,2764,2709,1056,53,1186,1086,1021,1029,1097,1114,1166,1272,1386,1378,1453,1256,766,290,49,4,24110,1896,0
Chad,1961,41846,13483,21897,8414,2399,966,963,2290,2054,2222,2446,2803,2691,1058,56,1196,1094,1024,1030,1100,1122,1172,1274,1404,1399,1440,1251,775,283,52,4,24296,1929,0
Chad,1962,42160,13578,22046,8468,2426,991,974,2311,2063,2236,2458,2843,2675,1077,57,1206,1105,1029,1034,1103,1133,1180,1278,1416,1427,1428,1247,785,292,53,4,24472,1965,0
Chad,1963,42638,13668,22200,8532,2474,1028,990,2352,2088,2268,2490,2909,2677,1103,61,1223,1129,1043,1045,1115,1153,1200,1290,1436,1473,1430,1247,799,304,57,4,24674,2018,0
Chad,1964,43041,13766,22355,8589,2513,1066,995,2385,2107,2288,2511,2957,2676,1121,64,1239,1146,1055,1052,1122,1166,1215,1296,1446,1511,1434,1242,808,313,60,4,24868,2061,0
Chad,1965,44117,13915,22630,8715,2583,1115,1050,2561,2220,2378,2601,3053,2723,1136,66,1333,1228,1117,1103,1165,1213,1262,1339,1486,1567,1471,1252,817,319,62,4,25213,2165,0
Chad,1966,45382,13942,22622,8680,2611,1131,1164,3010,2492,2535,2706,3132,2766,1148,67,1574,1436,1275,1217,1249,1286,1321,1385,1521,1611,1510,1256,822,326,63,4,25233,2295,0
Chad,1967,45656,14022,22723,8701,2644,1149,1191,3023,2501,2537,2731,3151,2786,1148,68,1584,1439,1284,1217,1249,1288,1335,1396,1525,1626,1542,1244,819,329,65,3,25367,2340,0
Chad,1968,45681,14105,22775,8670,2651,1153,1212,3008,2491,2516,2729,3137,2798,1138,68,1578,1430,1281,1210,1240,1276,1335,1394,1515,1622,1568,1230,808,330,65,3,25426,2365,0
Chad,1969,46079,14222,22914,8692,2696,1174,1263,3013,2509,2525,2763,3164,2848,1140,67,1576,1437,1293,1216,1244,1281,1351,1412,1527,1637,1611,1237,806,334,64,3,25610,2437,0
Chad,1970,46601,14365,23118,8753,2748,1199,1309,3042,2527,2541,2800,3196,2906,1143,67,1591,1451,1303,1224,1251,1290,1366,1434,1541,1655,1648,1258,806,337,65,2,25866,2508,0
Chad,1971,48201,14654,23702,9048,2890,1276,1391,3204,2653,2653,2921,3313,2989,1143,67,1684,1520,1366,1287,1309,1344,1424,1497,1604,1709,1699,1290,806,337,66,1,26592,2667,0
Chad,1972,47795,14946,23817,8871,2840,1240,1351,3137,2548,2551,2846,3242,3011,1140,70,1668,1469,1310,1238,1256,1295,1381,1465,1568,1674,1694,1317,802,338,69,1,26657,2591,0
Chad,1973,47978,15456,24712,9256,2917,1263,1276,2782,2319,2426,2793,3232,3049,1137,70,1493,1289,1171,1148,1187,1239,1344,1449,1565,1667,1700,1349,800,337,69,1,27629,2539,0
Chad,1974,48908,15677,25264,9587,2995,1289,1304,2848,2347,2445,2824,3269,3106,1144,72,1557,1291,1184,1163,1197,1248,1354,1470,1587,1682,1719,1387,807,337,70,2,28259,2593,0
Chad,1975,49697,15887,25730,9843,3076,1315,1326,2905,2360,2454,2843,3305,3153,1156,70,1605,1300,1192,1168,1204,1250,1359,1484,1609,1696,1734,1419,821,335,69,1,28806,2641,0
Chad,1976,50863,16021,25999,9978,3084,1307,1418,3326,2557,2544,2886,3335,3170,1161,66,1833,1493,1310,1247,1256,1288,1381,1505,1628,1707,1736,1434,832,329,65,1,29083,2725,0
Chad,1977,51304,16163,26301,10138,3169,1325,1432,3349,2533,2531,2878,3357,3186,1176,61,1838,1511,1300,1233,1254,1277,1375,1503,1640,1717,1741,1445,852,324,60,1,29470,2757,0
Chad,1978,51499,16260,26467,10207,3250,1338,1437,3358,2490,2507,2851,3364,3183,1191,57,1835,1523,1278,1212,1244,1263,1361,1490,1644,1720,1734,1449,871,320,56,1,29717,2775,0
Chad,1979,51758,16368,26700,10332,3310,1348,1446,3381,2434,2478,2828,3378,3188,1210,52,1834,1547,1243,1191,1230,1248,1349,1479,1648,1730,1735,1453,890,320,52,0,30010,2794,0
Chad,1980,52418,16623,27031,10408,3383,1378,1472,3461,2442,2480,2828,3410,3223,1249,59,1866,1595,1249,1193,1231,1249,1348,1480,1660,1750,1751,1472,915,334,59,0,30414,2850,0
Chad,1981,50923,15962,26409,10447,3449,1414,1443,3163,2224,2339,2738,3370,3172,1170,25,1728,1435,1134,1090,1148,1191,1298,1440,1634,1736,1731,1441,884,286,24,1,29858,2857,0
Chad,1982,50942,15927,26317,10390,3455,1441,1471,3209,2226,2310,2708,3372,3187,1217,28,1762,1447,1150,1076,1130,1180,1284,1424,1626,1746,1737,1450,903,314,27,1,29772,2912,0
Chad,1983,54665,17571,28014,10443,3523,1502,1585,3702,2554,2481,2828,3500,3341,1402,203,2014,1688,1353,1201,1223,1258,1348,1480,1681,1819,1817,1524,989,413,118,85,31537,3087,23
Chad,1984,55881,18495,29109,10614,3522,1528,1600,3767,2596,2480,2814,3505,3364,1421,155,2047,1720,1407,1189,1221,1259,1343,1471,1675,1830,1831,1533,1000,421,106,49,32631,3128,21
Chad,1985,54217,18174,29210,11036,3544,1556,1478,3135,2232,2251,2670,3418,3315,1350,50,1710,1425,1207,1025,1092,1159,1267,1403,1621,1797,1810,1505,968,382,50,0,32754,3034,9
Chad,1986,54987,17984,29078,11094,3474,1561,1598,3586,2448,2325,2703,3431,3348,1374,58,1963,1623,1335,1113,1137,1188,1287,1416,1625,1806,1828,1520,980,394,58,0,32552,3159,4
Chad,1987,64548,18720,30040,11320,3492,1651,2491,6993,4211,3232,3314,3866,3658,1492,105,3840,3153,2387,1824,1638,1594,1612,1702,1856,2010,2008,1650,1053,439,89,16,33532,4142,7
Chad,1988,57406,19581,31183,11602,3630,1645,1611,3361,2415,2270,2702,3469,3494,1488,124,1822,1539,1289,1126,1110,1160,1290,1412,1636,1833,1903,1591,1037,451,103,21,34813,3256,8
Chad,1989,59496,20213,32077,11864,3735,1650,1731,3769,2666,2342,2759,3513,3575,1532,136,2043,1726,1424,1242,1146,1196,1322,1437,1656,1857,1942,1633,1064,468,114,22,35812,3381,8
Chad,1990,65464,20739,32916,12177,3828,1693,2277,5836,3767,2839,3088,3737,3751,1590,137,3176,2660,2066,1701,1421,1418,1497,1591,1777,1960,2039,1712,1104,486,119,18,36744,3970,7
Chad,1991,61980,21024,33732,12708,4053,1735,1809,3770,2737,2379,2799,3577,3699,1576,105,2042,1728,1449,1288,1173,1206,1338,1461,1684,1893,2001,1698,1100,476,103,2,37785,3544,3
Chad,1992,64596,21990,34938,12948,4166,1728,1897,4162,2982,2514,2869,3635,3810,1683,198,2254,1908,1591,1391,1263,1251,1370,1499,1711,1924,2045,1765,1158,525,151,47,39104,3625,13
Chad,1993,65931,22777,35985,13208,4335,1763,1878,4126,2997,2543,2872,3653,3863,1719,184,2238,1888,1596,1401,1295,1248,1367,1505,1718,1935,2062,1801,1185,534,150,34,40320,3641,12
Chad,1994,65850,22523,36064,13541,4472,1816,1870,4071,2954,2519,2836,3623,3848,1672,96,2223,1848,1569,1385,1311,1208,1343,1493,1703,1920,2049,1799,1173,499,96,0,40536,3686,5
Chad,1995,66813,22689,36436,13747,4646,1870,1886,4144,3023,2574,2850,3645,3899,1725,114,2266,1878,1604,1419,1359,1215,1350,1500,1715,1930,2068,1831,1206,519,113,1,41082,3756,3
Chad,1996,69808,23894,37905,14011,4796,1922,1941,4468,3268,2742,2936,3727,3998,1852,238,2426,2042,1738,1530,1446,1296,1398,1538,1757,1970,2111,1887,1271,581,176,62,42701,3863,17
Chad,1997,71296,24507,38763,14256,4926,1979,1948,4609,3383,2828,2958,3758,4032,1886,209,2485,2124,1796,1587,1487,1341,1413,1545,1775,1983,2125,1907,1297,589,167,42,43689,3927,15
Chad,1998,73356,24898,39349,14451,5280,2111,2018,4834,3575,2998,3033,3856,4132,1954,202,2578,2256,1895,1680,1570,1428,1452,1581,1828,2028,2176,1956,1345,609,168,34,44629,4129,12
Chad,1999,74818,25248,39897,14649,5461,2190,2085,4973,3711,3142,3063,3911,4183,1998,196,2626,2347,1963,1748,1631,1511,1462,1601,1857,2054,2202,1981,1374,624,168,28,45358,4275,8
Chad,2000,77001,25527,40441,14914,5664,2314,2207,5325,3995,3361,3161,4006,4260,2054,205,2789,2536,2119,1876,1740,1621,1514,1647,1904,2102,2242,2018,1409,645,175,30,46105,4521,8
Chad,2001,77527,25810,40823,15013,5778,2381,2215,5186,3989,3394,3190,4010,4278,2080,199,2690,2496,2108,1881,1759,1635,1542,1648,1901,2109,2247,2031,1426,654,174,25,46601,4596,5
Chad,2002,78976,25894,40947,15053,5979,2489,2348,5403,4217,3555,3296,4073,4336,2124,204,2783,2620,2238,1979,1849,1706,1615,1681,1925,2148,2277,2059,1450,674,179,25,46926,4837,4
Chad,2003,80293,26127,41268,15141,6204,2619,2430,5411,4340,3684,3398,4137,4403,2172,219,2786,2625,2305,2035,1918,1766,1691,1707,1949,2188,2312,2091,1476,696,188,31,47472,5049,5
Chad,2004,83890,26870,42161,15291,6583,2798,2615,5885,4756,3998,3629,4307,4563,2286,295,3047,2838,2536,2220,2089,1909,1854,1775,2028,2279,2397,2166,1539,747,228,67,48744,5413,15
Chad,2005,86775,27668,43059,15391,6851,2909,2754,6202,5064,4251,3822,4430,4681,2375,349,3224,2978,2701,2363,2223,2028,1983,1839,2089,2341,2461,2220,1587,788,258,91,49910,5663,25
Chad,2006,89927,28065,43630,15565,7118,3056,3004,6833,5553,4586,4053,4559,4782,2407,321,3588,3245,2970,2583,2404,2182,2102,1951,2160,2399,2520,2262,1611,796,251,70,50748,6060,23
Chad,2007,91103,28289,43950,15661,7356,3187,3075,6759,5614,4721,4198,4621,4854,2435,309,3597,3162,2970,2644,2466,2255,2168,2030,2195,2426,2564,2290,1632,803,248,61,51306,6262,20
Chad,2008,92464,28389,44188,15799,7642,3332,3179,6762,5697,4888,4382,4698,4941,2452,281,3624,3138,2972,2725,2543,2345,2252,2130,2237,2461,2619,2322,1649,803,237,44,51830,6511,13
Chad,2009,94208,28556,44384,15828,7865,3448,3307,7022,5900,5104,4611,4757,5016,2483,295,3760,3262,3047,2853,2652,2452,2349,2262,2259,2498,2663,2353,1669,814,245,50,52249,6755,13
Chad,2010,95557,28785,44535,15750,8117,3567,3393,7175,6016,5279,4800,4823,5064,2489,286,3856,3319,3078,2938,2740,2539,2435,2365,2294,2529,2690,2374,1674,815,241,45,52652,6960,10
Chad,2011,96790,28905,44673,15768,8330,3653,3488,7348,6093,5442,4949,4928,5098,2499,281,3968,3380,3085,3008,2824,2618,2520,2429,2369,2559,2705,2393,1682,817,239,42,53003,7141,9
Chad,2012,97666,28949,44592,15643,8473,3698,3567,7561,6124,5594,5087,5023,5128,2515,292,4089,3472,3073,3051,2908,2686,2598,2489,2444,2579,2714,2414,1691,824,245,47,53065,7265,10
Chad,2013,99500,28930,44508,15578,8824,3832,3697,7901,6284,5858,5320,5205,5223,2550,289,4285,3616,3151,3133,3053,2805,2721,2599,2572,2633,2756,2467,1716,834,244,45,53332,7529,9
Chad,2014,100948,28988,44496,15508,8976,3905,3800,8167,6432,6068,5519,5365,5293,2594,316,4438,3729,3247,3185,3167,2901,2827,2692,2717,2648,2789,2504,1743,851,259,57,53472,7705,12
Chad,2015,102433,28960,44357,15397,9137,4009,3940,8495,6603,6292,5737,5544,5369,2624,314,4606,3889,3352,3251,3283,3009,2938,2799,2850,2694,2830,2539,1765,859,259,55,53494,7949,12
Chad,2016,101227,28548,43717,15169,8981,3985,3904,8369,6426,6261,5791,5609,5331,2593,262,4534,3835,3282,3144,3251,3010,2961,2830,2874,2735,2815,2516,1752,841,235,27,52698,7889,5
Chad,2017,103524,28214,43186,14972,9376,4203,4095,8907,6724,6592,6106,5902,5469,2670,283,4814,4093,3488,3236,3401,3191,3117,2989,3015,2887,2896,2573,1806,864,247,36,52562,8298,5
Chad,2018,104151,28052,42736,14684,9442,4286,4154,9091,6809,6712,6290,6104,5517,2708,295,4889,4202,3558,3251,3424,3288,3204,3086,3104,3000,2925,2592,1833,875,254,41,52178,8440,6
Chad,2019,105916,28097,42489,14392,9589,4404,4291,9500,7064,6925,6546,6410,5592,2774,324,5105,4395,3696,3368,3499,3426,3329,3217,3230,3180,2954,2638,1874,900,269,55,52078,8695,10
Chad,2020,110132,28031,42124,14093,9615,4452,4295,9502,7204,7497,7589,7859,6443,3204,334,5128,4374,3739,3465,3708,3789,3799,3790,3939,3920,3458,2985,2148,1056,290,44,51739,8747,8
Chad,2021,114403,27872,41741,13869,9868,4633,4600,10156,7788,8022,8373,8567,7007,3307,332,5459,4697,4055,3733,3903,4119,4197,4176,4289,4278,3800,3207,2239,1068,289,43,51609,9233,7
Chile,1950,51424,15358,20652,5294,701,472,800,2107,2528,3407,4271,4766,5103,4061,2237,1112,995,1151,1377,1631,1776,2042,2229,2383,2383,2599,2504,2230,1831,1392,845,21353,1272,320
Chile,1951,49619,15687,21133,5446,699,478,783,2139,2507,3421,4310,4812,4850,3278,1064,1108,1031,1142,1365,1637,1784,2051,2259,2416,2396,2504,2346,1932,1346,741,323,21832,1261,147
Chile,1952,48568,15865,21402,5537,700,482,766,2152,2466,3422,4316,4848,4634,2753,561,1085,1067,1125,1341,1634,1788,2042,2274,2435,2413,2415,2219,1714,1039,443,118,22102,1248,65
Chile,1953,48165,16040,21647,5607,709,491,753,2170,2441,3439,4341,4909,4491,2416,332,1059,1111,1120,1321,1637,1802,2046,2295,2457,2452,2357,2134,1570,846,292,40,22356,1244,26
Chile,1954,47923,16212,21804,5592,736,515,763,2136,2375,3398,4274,4926,4526,2237,220,1021,1115,1135,1240,1596,1802,2141,2133,2465,2461,2401,2125,1501,736,210,10,22540,1278,9
Chile,1955,49815,16385,22050,5665,813,509,784,2233,2686,3773,4635,5263,4724,2175,167,1069,1164,1260,1426,1830,1943,2130,2505,2623,2640,2533,2191,1497,678,162,5,22863,1293,3
Chile,1956,48691,16580,22256,5676,701,530,697,2105,2612,3553,4460,5266,4436,1954,119,931,1174,1202,1410,1630,1923,2139,2321,2577,2689,2396,2040,1371,583,117,2,22957,1227,1
Chile,1957,49844,16641,22339,5698,725,507,781,2330,2592,3550,4677,5578,4682,1978,100,1091,1239,1212,1380,1655,1895,2123,2554,2728,2850,2561,2121,1408,570,99,1,23064,1288,0
Chile,1958,47952,16598,22299,5701,753,540,731,2110,2449,3483,4501,5051,4220,1734,77,977,1133,1162,1287,1642,1841,2085,2416,2513,2538,2330,1890,1246,488,77,0,23052,1271,0
Chile,1959,50979,16510,22141,5631,795,601,762,2122,2754,3826,5015,5681,5160,2042,82,968,1154,1356,1398,1778,2048,2366,2649,2823,2858,2875,2285,1477,565,81,1,22936,1363,0
Chile,1960,49185,16362,21914,5552,947,576,736,2186,2778,3639,4642,5387,4536,1780,65,1045,1141,1340,1438,1603,2036,2181,2461,2749,2638,2515,2021,1295,485,65,0,22861,1312,0
Chile,1961,49223,16136,21573,5437,733,477,739,2019,2727,3578,4736,5782,4891,1906,66,953,1066,1355,1372,1684,1894,2301,2435,2909,2873,2694,2197,1388,518,66,0,22306,1216,0
Chile,1962,49977,15827,21078,5251,758,520,765,2013,3065,4105,5091,5802,4840,1877,63,1018,995,1517,1548,1836,2269,2576,2515,2984,2818,2640,2200,1366,511,63,0,21836,1285,0
Chile,1963,53278,15425,20500,5075,717,495,783,2159,3427,4468,5919,6771,5774,2195,72,1048,1111,1544,1883,2004,2464,2862,3057,3507,3264,3133,2641,1600,595,72,0,21217,1278,0
Chile,1964,49594,14926,19777,4851,727,500,739,2060,2994,3902,5220,6044,5500,2063,65,1010,1050,1364,1630,1868,2034,2528,2692,3017,3027,2971,2529,1509,554,65,0,20504,1239,0
Chile,1965,48427,14359,18955,4596,702,480,707,1978,2690,3602,5191,6215,5683,2157,69,1019,959,1151,1539,1714,1888,2439,2752,3104,3111,3042,2641,1583,574,69,0,19657,1187,0
Chile,1966,49273,16018,18628,2610,707,472,749,2029,2937,3787,5182,6220,6165,2328,70,980,1049,1201,1736,1721,2066,2415,2767,2955,3265,3303,2862,1718,610,70,0,19335,1221,0
Chile,1967,47596,14304,16409,2105,657,497,708,1999,2931,3864,5383,6545,6135,2397,72,918,1081,1199,1732,1887,1977,2523,2860,3202,3343,3241,2894,1781,616,72,0,17066,1205,0
Chile,1968,46077,12755,14586,1831,594,477,666,2033,2748,4015,5473,6619,6287,2505,72,957,1076,1145,1603,1796,2219,2509,2964,3248,3371,3299,2988,1867,638,72,0,15180,1143,0
Chile,1969,46826,11901,13755,1854,563,435,725,2078,2739,4013,5380,7076,7108,2871,82,1010,1068,1185,1554,1904,2109,2423,2957,3361,3715,3712,3396,2145,726,82,0,14318,1160,0
Chile,1970,45512,11920,13847,1927,683,505,749,2008,2497,3721,5170,6761,6708,2787,78,970,1038,1103,1394,1764,1957,2300,2870,3286,3475,3468,3240,2081,706,78,0,14530,1254,0
Chile,1971,46192,10966,12567,1601,615,511,747,2177,2776,4196,5424,6989,7092,3016,86,1036,1141,1284,1492,2099,2097,2426,2998,3472,3517,3651,3441,2243,773,86,0,13182,1258,0
Chile,1972,49419,11236,12767,1531,672,530,868,2377,3012,4828,5872,7607,7501,3289,93,1122,1255,1401,1611,2455,2373,2773,3099,3770,3837,3835,3666,2437,852,93,0,13439,1398,0
Chile,1973,45653,10205,11476,1271,593,535,960,2813,2925,4144,5088,6882,7014,3128,90,1373,1440,1401,1524,2069,2075,2369,2719,3344,3538,3594,3420,2306,822,90,0,12069,1495,0
Chile,1974,42713,9673,11015,1342,513,484,753,1883,2309,3629,4937,6729,7115,3245,98,964,919,1056,1253,1728,1901,2334,2603,3251,3478,3663,3452,2376,869,98,0,11528,1237,0
Chile,1975,40757,8146,9317,1171,518,458,709,1842,2266,3608,4759,6909,6982,3284,104,883,959,1022,1244,1550,2058,2201,2558,3308,3601,3603,3379,2388,896,104,0,9835,1167,0
Chile,1976,42961,7690,8795,1105,511,432,726,1931,2308,3680,5259,7609,7851,3731,128,910,1021,1039,1269,1562,2118,2402,2857,3454,4155,4092,3759,2695,1036,127,1,9306,1158,0
Chile,1977,40225,6356,7274,918,460,481,682,1867,2245,3690,5230,7296,7336,3532,128,950,917,1034,1211,1500,2190,2425,2805,3483,3813,3843,3493,2534,998,128,0,7734,1163,0
Chile,1978,40080,5123,5965,842,441,416,738,1950,2424,3907,5640,7317,7495,3641,143,1009,941,1068,1356,1685,2222,2665,2975,3495,3822,3948,3547,2588,1053,142,1,6406,1154,0
Chile,1979,40803,4903,5715,812,421,416,700,2024,2276,3661,5661,7774,8060,3932,166,1067,957,1022,1254,1501,2160,2690,2971,3553,4221,4250,3810,2772,1160,165,1,6136,1116,0
Chile,1980,40211,4506,5156,650,391,367,750,2081,2342,3435,5610,7549,8325,4022,180,1073,1008,1048,1294,1502,1933,2629,2981,3425,4124,4393,3932,2816,1206,179,1,5547,1117,0
Chile,1981,38250,3895,4485,590,332,379,691,2016,2207,3278,5491,7271,8024,3890,183,1016,1000,1033,1174,1460,1818,2720,2771,3293,3978,4206,3818,2706,1184,182,1,4817,1070,0
Chile,1982,39027,3574,4175,601,314,381,644,1973,2143,3298,5761,7680,8380,4065,206,943,1030,960,1183,1452,1846,2744,3017,3507,4173,4372,4008,2812,1253,205,1,4489,1025,0
Chile,1983,41976,3217,3896,679,324,400,661,2134,2388,3674,6391,8205,9220,4448,236,1053,1081,1101,1287,1639,2035,2938,3453,3735,4470,4797,4423,3071,1377,233,3,4220,1061,0
Chile,1984,42244,3014,3646,632,280,327,593,2107,2397,3845,6384,8457,9417,4545,247,1035,1072,1042,1355,1760,2085,2891,3493,3908,4549,4880,4537,3144,1401,245,2,3926,920,0
Chile,1985,40123,2865,3397,532,261,279,587,2031,2199,3478,5908,8104,9179,4448,252,1028,1003,1036,1163,1561,1917,2520,3388,3771,4333,4753,4426,3085,1363,248,4,3658,866,0
Chile,1986,38902,3056,3617,561,282,284,637,1965,2042,3123,5547,7686,9029,4427,262,1007,958,979,1063,1390,1733,2279,3268,3551,4135,4669,4360,3073,1354,258,4,3899,921,0
Chile,1987,37187,2957,3508,551,266,259,573,1916,1993,2710,4958,7371,8897,4461,278,953,963,992,1001,1232,1478,2041,2917,3392,3979,4578,4319,3094,1367,273,5,3774,832,0
Chile,1988,39333,3131,3669,538,247,271,554,2032,2069,2991,5199,7828,9343,4810,317,1016,1016,1022,1047,1346,1645,2130,3069,3683,4145,4778,4565,3326,1484,309,8,3916,825,0
Chile,1989,41201,2862,3431,569,243,259,607,2120,2392,3508,5701,8424,9255,4920,341,1046,1074,1160,1232,1569,1939,2378,3323,4128,4296,4701,4554,3384,1536,331,10,3674,866,0
Chile,1990,42705,2717,3223,506,257,248,593,2127,2363,3676,5709,9157,9955,5046,350,983,1144,1154,1209,1618,2058,2515,3194,4378,4779,5015,4940,3477,1569,337,13,3480,841,0
Chile,1991,40786,2389,2889,500,254,230,608,1956,2278,3114,5135,8788,9770,5343,421,949,1007,1118,1160,1413,1701,2281,2854,4233,4555,4916,4854,3600,1743,401,20,3143,838,0
Chile,1992,39721,2224,2738,514,187,227,547,1976,2155,2832,4621,8616,9910,5455,458,951,1025,1085,1070,1267,1565,1989,2632,4141,4475,5005,4905,3636,1819,432,26,2925,774,0
Chile,1993,41327,2026,2428,402,217,226,573,2128,2230,2885,4823,8959,10254,6045,557,979,1149,1099,1131,1272,1613,2070,2753,4108,4851,5157,5097,3961,2084,521,36,2645,799,0
Chile,1994,41414,1807,2195,388,216,222,538,2015,2341,3088,5096,8912,10280,5959,551,908,1107,1130,1211,1268,1820,2271,2825,3923,4989,5361,4919,3904,2055,514,37,2411,760,0
Chile,1995,43362,1650,2045,395,202,200,538,1995,2388,3316,5375,9485,10690,6467,661,960,1035,1155,1233,1415,1901,2376,2999,4127,5358,5630,5060,4164,2303,615,46,2247,738,1
Chile,1996,43976,1669,1990,321,206,241,540,2010,2449,3280,5453,9509,11099,6524,672,1011,999,1179,1270,1404,1876,2449,3004,3986,5523,5706,5393,4209,2315,625,47,2196,781,1
Chile,1997,43138,1491,1760,269,249,211,455,1952,2495,3257,5301,8986,10848,6833,789,919,1033,1226,1269,1498,1759,2340,2961,3615,5371,5641,5207,4317,2516,729,60,2009,666,1
Chile,1998,43596,1557,1883,326,206,189,509,1839,2395,3085,5308,8785,11554,6998,842,821,1018,1163,1232,1431,1654,2243,3065,3667,5118,5970,5584,4408,2590,775,67,2089,698,2
Chile,1999,44313,1493,1723,230,180,201,476,1720,2339,3173,5188,8592,12128,7612,975,735,985,1105,1234,1461,1712,2192,2996,3575,5017,6072,6056,4723,2889,894,81,1903,677,3
Chile,2000,42846,1277,1536,259,171,178,489,1689,2235,3197,5085,8270,11943,7134,914,749,940,1035,1200,1452,1745,2245,2840,3574,4696,6137,5806,4471,2663,834,80,1707,667,3
Chile,2001,44910,1208,1483,275,159,185,524,1727,2385,3266,5424,8747,12510,7489,1008,794,933,1093,1292,1502,1764,2382,3042,3910,4837,6525,5985,4696,2793,913,95,1642,709,4
Chile,2002,44360,1145,1378,233,140,227,477,1653,2192,3289,5240,8459,12615,7645,1039,774,879,971,1221,1514,1775,2248,2992,3693,4766,6493,6122,4845,2800,935,104,1518,704,4
Chile,2003,46132,1051,1264,213,141,203,453,1612,2221,3290,5456,8735,13057,8424,1272,787,825,996,1225,1471,1819,2319,3137,3944,4791,6403,6654,5314,3110,1132,140,1405,656,6
Chile,2004,47194,1118,1323,205,143,183,518,1508,2190,3430,5425,8701,13495,8924,1348,754,754,1006,1184,1563,1867,2342,3083,3905,4796,6519,6976,5700,3224,1191,157,1466,701,7
Chile,2005,47523,1016,1201,185,129,161,542,1525,2160,3362,5249,8772,13474,9458,1480,762,763,992,1168,1507,1855,2169,3080,3899,4873,6175,7299,6061,3397,1291,189,1330,703,9
Chile,2006,46958,961,1159,198,128,171,508,1514,2079,3356,5286,8671,13064,9511,1501,738,776,952,1127,1561,1795,2270,3016,3878,4793,5891,7173,6119,3392,1295,206,1287,679,11
Chile,2007,50921,1090,1250,160,121,150,507,1587,2090,3604,5554,9467,13817,10926,1832,739,848,917,1173,1563,2041,2392,3162,4262,5205,6048,7769,6970,3956,1552,280,1371,657,17
Chile,2008,49961,1006,1173,167,124,148,536,1629,2132,3604,5698,9418,13099,10622,1756,825,804,963,1169,1540,2064,2570,3128,4248,5170,5931,7168,6769,3853,1471,285,1297,684,20
Chile,2009,50824,1069,1237,168,103,143,524,1702,1944,3646,5776,9331,12894,11425,2074,842,860,839,1105,1544,2102,2601,3175,4206,5125,5842,7052,7090,4335,1704,370,1340,667,29
Chile,2010,54334,987,1154,167,107,136,512,1627,1927,3700,5878,9606,13772,13189,2676,803,824,821,1106,1525,2175,2682,3196,4371,5235,6247,7525,7902,5287,2167,509,1261,648,45
Chile,2011,52943,967,1114,147,86,138,470,1567,1899,3389,5870,9542,12936,13047,2829,805,762,797,1102,1400,1989,2608,3262,4346,5196,5944,6992,7588,5459,2276,553,1200,608,54
Chile,2012,55910,921,1079,158,96,131,428,1398,1837,3409,6123,9541,13554,14650,3586,673,725,815,1022,1397,2012,2741,3382,4053,5488,6295,7259,8144,6506,2865,721,1175,559,77
Chile,2013,56527,898,1048,150,95,129,423,1417,1808,3504,6279,9979,13588,14488,3687,708,709,818,990,1422,2082,2829,3450,4432,5547,6471,7117,7878,6610,2955,732,1143,552,85
Chile,2014,57618,926,1079,153,92,116,417,1513,1793,3383,6318,10124,13728,14824,4125,716,797,852,941,1388,1995,2757,3561,4323,5801,6574,7154,7888,6936,3301,824,1171,533,103
Chile,2015,58036,904,1027,123,92,106,442,1473,1770,3286,6523,10196,13867,14718,4424,647,826,826,944,1370,1916,2873,3650,4465,5731,6625,7242,7782,6936,3532,892,1119,548,117
Chile,2016,57842,835,953,118,86,100,380,1437,1851,3222,6270,10088,13776,14694,4848,645,792,846,1005,1416,1806,2766,3504,4403,5685,6486,7290,7742,6952,3847,1001,1039,480,136
Chile,2017,57399,793,906,113,68,88,373,1407,1734,3063,6310,9896,14001,14537,4874,628,779,808,926,1289,1774,2651,3659,4436,5460,6601,7400,7766,6771,3877,997,974,461,140
Chile,2018,60968,817,931,114,82,110,385,1498,2039,3455,6577,11172,14172,14949,5419,666,832,942,1097,1450,2005,2827,3750,4920,6252,6800,7372,8042,6907,4235,1184,1013,495,178
Chile,2019,62342,818,928,110,81,109,376,1494,2068,3441,6601,11369,14600,15136,5913,658,836,961,1107,1450,1991,2826,3775,4982,6387,7075,7525,8136,7000,4514,1399,1009,485,227
Chile,2020,73645,648,768,120,78,85,333,1557,2177,3496,7553,13006,17677,18113,8417,685,872,1017,1160,1385,2111,3119,4434,5945,7061,8541,9136,9479,8634,6173,2244,846,418,386
Chile,2021,75524,539,657,118,75,98,310,1668,2411,4082,8811,13972,18609,17602,6925,723,945,1148,1263,1632,2450,3567,5244,6434,7538,9069,9540,9513,8089,5143,1782,732,408,303
China,1950,6756775,1502271,2253295,751024,259197,180227,151511,326028,343664,514236,736951,1000662,692024,275905,22987,161248,164780,164410,179254,234290,279946,340160,396791,503696,496966,385161,306863,192024,83881,20648,2339,2512492,331738,87
China,1951,6614592,1504466,2269218,764752,253036,170433,146416,313979,330915,496258,714494,964458,671004,261610,22696,156223,157756,157351,173564,223908,272350,327921,386573,484473,479985,380404,290600,181931,79679,20343,2353,2522254,316849,72
China,1952,6625759,1613132,2388623,775491,241685,162380,142865,307329,322506,482885,700079,940919,661528,252417,22485,153730,153599,152552,169954,217134,265751,322655,377424,472176,468743,385783,275745,175899,76518,20163,2322,2630308,305245,57
China,1953,6501380,1577782,2372619,794837,271197,152287,136136,298575,309279,464253,676627,910233,645954,242259,21903,149633,148942,146725,162554,209590,254663,316033,360594,456330,453903,388652,257302,169064,73195,19602,2301,2643816,288423,60
China,1954,6448594,1587693,2411734,824041,254017,146158,130355,294401,300715,454183,664388,896504,639753,234869,21447,148219,146182,144405,156310,206196,247987,316552,347836,447799,448705,393051,246702,163859,71010,19118,2329,2665751,276513,69
China,1955,6503160,1585068,2404585,819517,265951,145673,128406,298221,302032,458986,674984,914745,654626,233504,21379,150447,147774,146218,155814,209437,249549,326627,348357,457692,457053,403475,251151,163062,70442,19060,2319,2670536,274079,70
China,1956,6378786,1495897,2309518,813621,273074,143329,124528,297607,297694,453239,670984,908580,654400,225257,20509,149859,147748,144338,153356,208464,244775,325998,344986,457859,450721,399475,254925,157563,67694,18249,2260,2582592,267857,71
China,1957,6393429,1547203,2337905,790702,286786,143992,120227,295134,293183,448520,668851,902598,659459,217003,19701,148011,147123,142418,150765,207304,241216,323380,345471,455162,447436,396997,262462,151279,65724,17487,2214,2624691,264219,70
China,1958,6272635,1443750,2212533,768783,303186,147989,116229,293239,292088,445001,669199,896888,668304,209077,18845,145485,147754,142443,149645,204561,240440,319879,349320,449509,447379,397079,271225,144877,64200,16868,1977,2515719,264218,58
China,1959,8582004,1790851,3263495,1472644,532359,257824,168326,411902,418393,592093,848992,1058034,788847,222751,18928,202229,209673,203338,215055,271385,320708,403010,445982,529247,528787,467267,321580,156104,66647,16917,2011,3795854,426150,55
China,1960,10352999,2047216,3962282,1915066,768733,368491,212314,498073,522043,717200,1002483,1187972,866569,229036,17765,241613,256460,252051,269992,327192,390008,472975,529508,593068,594904,516372,350197,163598,65438,16010,1755,4731015,580805,41
China,1961,7730737,1410314,2568831,1158517,545536,280816,163219,392193,410361,577769,831791,1017236,728943,199105,14918,187479,204714,199784,210577,261045,316724,387826,443965,505252,511984,436112,292831,143713,55392,13483,1435,3114367,444035,21
China,1962,5617119,1254974,1756381,501407,290130,171667,109513,274514,285549,425120,651470,849915,613007,176843,13000,128588,145926,140556,144993,189004,236116,300065,351405,421269,428646,366592,246415,129137,47706,11798,1202,2046511,281180,15
China,1963,5941016,1625980,2124687,498707,279969,176451,110991,264773,283149,416645,641249,844807,610673,175507,12101,122984,141789,139604,143545,185790,230855,296382,344867,423270,421537,364817,245856,130803,44704,11052,1049,2404656,287442,6
China,1964,5871771,1559290,2134482,575192,254491,177480,113349,253121,278491,404638,628917,836122,606924,172586,11166,117756,135365,137943,140548,182669,221969,292083,336834,425841,410281,361427,245497,130187,42399,10242,924,2388973,290829,6
China,1965,5773486,1462726,2097387,634661,229836,178768,115984,243514,273996,395299,619655,831754,606585,170367,10337,113921,129593,136031,137965,179860,215439,289047,330608,428736,403018,361806,244779,128586,41781,9527,810,2327223,294752,3
China,1966,5635660,1387720,2042804,655084,205872,176954,119475,235778,270234,384109,603948,819920,599183,167735,9641,111101,124677,133888,136346,175085,209024,283706,320242,422965,396955,359408,239775,125868,41867,8890,751,2248676,296429,3
China,1967,5463164,1279097,1928732,649635,196477,172275,122541,229136,265489,374178,591130,811825,594354,167902,9120,109908,119228,130975,134514,170978,203200,278790,312340,415678,396147,356528,237826,125372,42530,8403,717,2125209,294816,2
China,1968,5452147,1346803,1955420,608617,209739,165031,124752,223305,258499,365906,577375,804003,589724,169655,8739,110267,113038,126137,132362,167744,198162,270520,306855,406165,397838,351689,238035,126428,43227,8033,706,2165159,289783,3
China,1969,5389052,1337206,1914050,576844,225399,153489,125763,221306,251804,360214,565201,803358,587305,172595,8565,112770,108536,120742,131062,164636,195578,261134,304067,399492,403866,347371,239934,128976,43619,7882,683,2139449,279252,4
China,1970,5266756,1288783,1838892,550109,235616,138275,125690,217979,242518,351643,551446,797480,585230,173380,8606,114089,103890,114466,128052,160334,191309,252010,299436,391345,406135,343171,242059,129906,43474,7966,640,2074508,263965,3
China,1971,5055173,1189259,1709347,520088,240406,122391,122070,213997,231398,339409,534169,778550,582628,172032,8772,114780,99217,107789,123609,155600,183809,242265,291904,378138,400412,340081,242547,128676,43356,8180,592,1949753,244461,3
China,1972,4889082,1084190,1573678,489488,238268,115648,119217,215527,223802,333394,525066,769500,590514,175374,9091,117576,97951,102837,120965,153532,179862,236545,288521,371890,397610,344892,245622,130687,44687,8539,552,1811946,234865,3
China,1973,4708319,995427,1442851,447424,225994,119646,113747,216969,213060,326296,509976,755683,595153,179590,9352,119101,97868,97032,116028,150377,175919,230210,279766,365602,390081,349264,245889,133232,46358,8823,529,1668845,233393,1
China,1974,4574941,889166,1292489,403323,214185,131279,107690,223232,206895,325599,504205,759324,612337,187986,9718,121799,101433,94371,112524,150709,174890,230195,274010,368003,391321,362371,249966,138801,49185,9178,540,1506674,238969,2
China,1975,4412511,763183,1121337,358154,206658,140604,98472,228107,200429,322741,498085,761661,628085,196236,10094,123661,104446,91927,108502,149713,173028,228930,269155,369591,392070,373264,254821,144902,51334,9499,595,1327995,239076,1
China,1976,4248419,674854,981010,306156,189346,146205,87810,226569,191503,317829,490074,760682,642490,204233,10670,120933,105636,88395,103108,146825,171004,224958,265116,370414,390268,379920,262570,151238,52995,9999,671,1170356,234015,2
China,1977,4124168,593789,856620,262831,183000,147362,83227,228232,187162,315186,483959,760022,655588,212319,11488,119100,109132,87998,99164,144928,170258,222343,261616,370656,389366,383444,272144,157017,55302,10730,758,1039620,230589,1
China,1978,4053213,551751,777586,225835,170257,142610,86569,228861,185237,312279,482663,761390,671399,221821,12542,116017,112844,89756,95481,141927,170352,222154,260509,368110,393280,386931,284468,163137,58684,11694,848,947843,229179,3
China,1979,4021885,546835,743450,196615,155251,137727,93656,224470,185309,307784,481564,759774,688697,230622,13571,109610,114860,92725,92584,137313,170471,220667,260897,361382,398392,391029,297668,168394,62228,12667,904,898701,231383,7
China,1980,4016412,542908,722037,179129,140469,134393,101285,218755,187062,303869,481680,762939,707832,241656,14428,101339,117416,96203,90859,133362,170507,219985,261695,358241,404698,397109,310723,175272,66384,13463,965,862506,235678,9
China,1981,4014629,542740,711874,169134,125243,129997,108669,210480,189120,299334,480591,767171,721792,255185,15162,92835,117645,99782,89338,129481,169853,220451,260140,357111,410060,400992,320800,184444,70741,14117,1045,837117,238666,11
China,1982,4044317,563449,728101,164652,113341,125141,111389,204676,193307,294602,480955,771310,734821,270443,16219,87991,116685,103865,89442,125530,169072,221376,259579,356479,414831,405993,328828,195202,75241,15059,1160,841442,236530,12
China,1983,4008356,505173,671194,166021,100715,119189,108571,205281,199657,288311,484389,774141,751640,287607,17645,91003,114278,108028,91629,121662,166649,222921,261468,358296,415845,415128,336512,207582,80025,16349,1296,771909,227760,11
China,1984,4026747,507930,673626,165696,91694,110690,105073,206965,205459,280577,485607,773470,769931,304506,19135,98769,108196,110471,94988,118550,162027,224266,261341,361472,411998,425196,344735,220182,84324,17705,1430,765320,215763,11
China,1985,4077541,530425,693803,163378,85930,101426,102783,207972,212215,274765,487221,777390,791115,322132,20772,107831,100141,113312,98903,116726,158039,225420,261801,365020,412370,436475,354640,232572,89560,19253,1519,779733,204209,11
China,1986,4146992,568970,733800,164830,82984,91543,99924,209153,217313,269725,489892,781081,809630,339414,22520,116995,92158,114132,103181,115359,154366,225954,263938,365858,415223,446929,362701,243172,96242,20922,1598,816784,191467,13
China,1987,4225115,606060,776402,170342,82444,82440,97011,209229,221830,266661,493052,786475,828660,356414,24487,120983,88246,113818,108012,116110,150551,226256,266796,368021,418454,456737,371923,252579,103835,22762,1725,858846,179451,13
China,1988,4246324,591727,771664,179937,82540,73582,92686,210005,223878,264849,491986,793154,843037,372408,26522,117899,92106,111504,112374,118930,145919,223088,268898,371151,422003,459835,383202,260718,111690,24659,1863,854204,166268,12
China,1989,4298835,603306,790844,187538,81217,66721,86640,215202,221558,266724,490024,802635,857623,391106,28530,114506,100696,106077,115481,123837,142887,218055,271969,373197,429438,460003,397620,271066,120040,26527,2003,872061,153361,8
China,1990,4374716,624576,815167,190591,80725,62550,79801,222167,217570,271089,488986,814826,879284,411742,30800,112306,109861,98501,119069,129589,141500,213956,275030,376693,438133,465713,413571,283365,128377,28704,2096,895892,142351,9
China,1991,4288899,524922,718147,193225,80880,59534,71747,226660,209555,273520,481967,815874,891929,425445,33635,108696,117964,90079,119476,134421,139099,207780,274187,378092,437782,468652,423277,290875,134570,31275,2360,799027,131281,3
China,1992,4209621,467092,651367,184275,80846,57769,63740,223795,202222,276434,470560,812349,897441,436684,36409,104118,119677,84822,117400,138520,137914,199725,270835,377177,435172,468407,429034,297238,139446,33861,2548,732213,121509,8
China,1993,4189805,435419,602240,166821,81950,57024,56762,215549,203057,284948,460739,820738,910520,456388,39889,99276,116273,88256,114801,143855,141093,193578,267161,380412,440326,475379,435141,310095,146293,37134,2755,684190,113786,8
China,1994,4180358,408405,557766,149361,82407,55958,51276,205370,205514,294288,450301,828519,924702,480531,43718,92638,112732,96282,109232,147634,146654,189352,260949,384755,443764,486134,438568,325704,154827,40595,3123,640173,107234,9
China,1995,4173995,384668,517359,132691,85095,55218,47777,196177,206291,303856,440311,831888,938876,503597,47539,85548,110629,104945,101346,151440,152416,186099,254212,386450,445438,494525,444351,340048,163549,43922,3617,602454,102995,12
China,1996,4206528,357227,475446,118219,84862,55882,45817,185603,208077,314757,437311,848783,965629,532305,52039,77576,108027,113999,94078,154196,160561,185958,251353,392715,456068,505963,459666,358318,173987,47835,4204,560308,101699,15
China,1997,4214053,332103,439314,107211,79770,56539,45025,174967,207114,322260,433381,858365,984917,556113,56264,70016,104951,117486,89628,153996,168264,187518,245863,394999,463366,513875,471042,372599,183514,51366,4898,519084,101564,26
China,1998,4244225,308812,406066,97254,72805,58031,44974,164288,208727,329158,435103,868030,1014340,581491,61189,63067,101221,115517,93210,152372,176786,194058,241045,394416,473614,527570,486770,385111,196380,55521,5668,478871,103005,24
China,1999,4246390,288579,376084,87505,65152,59198,44157,151280,213122,326830,438293,867133,1036481,602187,66424,56840,94440,112069,101053,145297,181533,201989,236304,386383,480750,534276,502205,392401,209786,60104,6320,441236,103355,43
China,2000,4312854,281754,359916,78162,57148,61105,44269,141133,222515,325468,449494,874679,1070392,633913,72787,53375,87758,110998,111517,136605,188863,213236,236258,383057,491622,547136,523256,408443,225470,65737,7050,417064,105374,36
China,2001,4324837,253434,323907,70473,50850,60697,44502,130711,230390,317888,458600,873890,1093141,661935,78255,51038,79673,108464,121926,126374,191514,223617,234983,376892,496998,558196,534945,423914,238021,70491,7764,374757,105199,71
China,2002,4373677,232104,295270,63166,45927,58076,45344,123248,234412,314328,475894,877470,1124607,694357,84680,50635,72613,106464,127948,121145,193183,236592,239302,372559,504911,573660,550947,442622,251735,76124,8556,341197,103420,65
China,2003,4427335,212923,268756,55833,42296,54487,46576,116349,229306,317645,498098,873998,1160380,726737,92599,50752,65597,102987,126319,125867,191778,249495,248603,367241,506757,589879,570501,463281,263456,83090,9509,311052,101063,109
China,2004,4488091,198908,248345,49437,38392,50275,48164,110493,221122,323321,521535,867802,1194235,762107,102193,50542,59951,97289,123833,138315,185006,259597,261938,364857,502945,607181,587054,487652,274455,91225,10968,286737,98439,111
China,2005,4553125,184796,228630,43834,36337,45268,49776,107004,212831,326919,546313,863630,1224593,800742,110945,50627,56377,90353,122478,153168,173751,269989,276324,364757,498873,621733,602860,511757,288985,99122,11823,264967,95044,134
China,2006,4582742,172476,211757,39281,34642,40458,49532,104698,201509,328425,563251,854162,1245565,830181,118405,50750,53948,81952,119557,167668,160757,273604,289647,362643,491519,629346,616219,526599,303582,105473,12932,246399,89990,151
China,2007,4700252,162007,197625,35618,32946,37777,48061,106348,194439,334108,589097,865949,1289557,876000,128146,52163,54185,75495,118944,177921,156187,279036,310061,373590,492359,647756,641801,551707,324293,113691,14455,230571,85838,196
China,2008,4817713,154819,189832,35013,33089,37270,47464,112029,188585,343776,610936,880045,1318640,919296,136491,55775,56254,70325,118260,178726,165050,280445,330491,391110,488935,654281,664359,575671,343625,120209,16282,222921,84734,259
China,2009,4852043,144711,174968,30257,28795,33492,42017,109722,171674,350840,608823,894272,1332591,959532,144997,55601,54121,62421,109253,172264,178576,268037,340786,409783,484489,648770,683821,594191,365341,126840,18157,203763,75509,318
China,2010,4936398,133488,161918,28430,27134,32207,37995,112170,160857,368566,607811,919940,1349032,1002253,156123,57729,54441,58923,101934,170892,197674,252492,355319,433550,486390,646084,702948,613983,388270,136115,20008,189052,70202,393
China,2011,5008675,122810,149046,26236,24470,30802,34036,112926,150053,386401,598662,948133,1363027,1041929,168701,57917,55009,56797,93256,168301,218100,235344,363318,458695,489438,643697,719330,635364,406565,146820,21881,173516,64838,485
China,2012,5107060,121461,145681,24220,22528,29297,31530,112247,142048,396344,594170,989325,1377601,1083967,181752,56009,56238,56644,85404,166327,230017,226230,367940,487357,501968,641486,736115,658395,425572,158158,23594,168209,60827,570
China,2013,5181593,108395,130975,22580,20919,27514,29474,110772,134020,388597,600474,1037490,1377705,1127611,195361,52927,57845,56824,77196,161379,227218,234909,365565,514555,522935,635365,742340,681431,446180,169967,25394,151894,56988,681
China,2014,5272243,101659,122659,21000,19489,25653,27900,109136,127221,376079,612329,1089919,1376887,1172501,211671,49158,59978,56672,70549,152974,223105,258683,353646,537008,552911,635183,741704,707123,465378,184263,27408,142148,53553,797
China,2015,5358701,88714,108079,19365,18337,23673,26682,106287,123082,363541,620113,1144918,1379905,1213700,229486,44240,62047,56844,66238,142531,221010,287164,332949,560021,584897,639091,740814,729508,484192,199121,30365,126416,50355,901
China,2016,5471570,84759,102630,17871,17134,21851,25742,102560,122011,350279,631825,1198735,1392933,1258851,246015,39921,62639,57873,64138,131365,218914,319104,312721,576314,622421,648123,744810,752919,505932,212154,33861,119764,47593,1003
China,2017,5764324,79262,95535,16273,16599,21007,25398,100907,127464,348979,660882,1291071,1462027,1343615,269697,38292,62615,61320,66144,124701,224278,348542,312340,605131,685940,690254,771773,799800,543815,231272,38425,112134,46405,1149
China,2018,5636959,63169,78194,15025,15235,18924,23073,91538,124985,319137,645505,1281096,1436016,1326300,275755,34527,57011,60905,64080,108830,210307,332320,313185,581097,699999,695382,740634,780950,545350,235554,40201,93429,41997,1199
China,2019,5713890,54223,67817,13594,14083,17765,21507,85357,126867,298230,668673,1291656,1476964,1350971,292612,32585,52772,63016,63851,99195,199035,325632,343041,562416,729240,734789,742175,782573,568398,247863,44749,81900,39272,1388
China,2020,5930739,42795,54754,11959,13469,16965,20156,79804,131141,282568,712376,1309439,1567593,1423389,317395,31601,48203,66130,65011,94420,188148,327400,384976,538125,771314,794590,773003,814617,608772,266721,50674,68223,37121,1693
China,2021,6060654,35003,45325,10322,12086,15924,18498,73683,132276,263585,749480,1295319,1656992,1461051,334408,30346,43337,66444,65832,90972,172613,323187,426293,503077,792242,857288,799704,827575,633476,279952,54456,57411,34422,2023
Colombia,1950,110390,37700,54330,16630,5419,1941,2898,8466,6778,6201,6617,7566,6573,3267,329,4373,4093,3292,3486,2853,3348,3611,3006,3992,3574,3149,3424,2261,1006,289,40,59749,4839,6
Colombia,1951,109743,38226,55242,17016,5157,1900,2872,8148,6587,5852,6328,7033,6766,3540,317,4248,3900,3121,3466,2831,3021,3386,2942,3703,3330,3282,3484,2417,1123,279,38,60399,4772,5
Colombia,1952,108198,38243,55157,16914,4880,1848,2817,7837,6286,5649,6181,6846,6680,3707,303,4116,3721,2962,3324,2802,2847,3237,2944,3578,3268,3350,3330,2515,1192,262,41,60037,4665,5
Colombia,1953,106864,38257,55009,16752,4658,1794,2748,7567,5961,5539,6132,6865,6494,3791,301,3994,3573,2829,3132,2765,2774,3146,2986,3558,3307,3387,3107,2558,1233,257,44,59667,4542,4
Colombia,1954,106023,38218,54793,16575,4554,1760,2691,7362,5707,5502,6154,6986,6367,3833,309,3894,3468,2740,2967,2734,2768,3094,3060,3605,3381,3426,2941,2557,1276,266,43,59347,4451,3
Colombia,1955,105670,38173,54517,16344,4549,1735,2647,7243,5568,5510,6210,7101,6381,3876,325,3827,3416,2698,2870,2719,2791,3073,3137,3672,3429,3488,2893,2539,1337,284,41,59066,4382,3
Colombia,1956,105833,38090,54199,16109,4602,1743,2629,7212,5550,5561,6300,7195,6550,3950,344,3794,3418,2709,2841,2725,2836,3080,3220,3749,3446,3597,2953,2523,1427,304,40,58801,4372,3
Colombia,1957,101680,37592,52841,15249,4448,1636,2304,6181,4980,5197,6086,7017,6647,3982,358,3216,2965,2403,2577,2499,2698,2925,3161,3691,3326,3635,3012,2462,1520,320,38,57289,3940,3
Colombia,1958,102372,37517,52559,15042,4545,1659,2308,6204,5072,5267,6204,7106,6982,4079,380,3199,3005,2456,2616,2505,2762,2949,3255,3769,3337,3794,3188,2462,1617,342,38,57104,3967,3
Colombia,1959,100186,37133,51603,14470,4465,1600,2120,5587,4779,5063,6119,7090,7203,4144,409,2849,2738,2294,2485,2373,2690,2880,3239,3779,3311,3875,3328,2472,1672,369,40,56068,3720,3
Colombia,1960,99589,36857,50981,14124,4418,1583,2059,5356,4699,4998,6148,7234,7437,4225,448,2718,2638,2252,2447,2323,2675,2884,3264,3847,3387,3966,3471,2532,1693,403,45,55399,3642,3
Colombia,1961,99305,36642,50522,13880,4358,1566,2025,5176,4629,4946,6193,7462,7632,4306,487,2625,2551,2217,2412,2284,2662,2909,3284,3940,3522,4031,3601,2618,1688,440,47,54880,3591,3
Colombia,1962,98996,36391,50071,13680,4287,1549,2000,4991,4540,4874,6232,7733,7801,4383,530,2539,2452,2173,2367,2247,2627,2950,3282,4050,3683,4073,3728,2716,1667,480,50,54358,3549,3
Colombia,1963,98372,35968,49374,13406,4196,1531,1967,4807,4433,4789,6258,8017,7966,4466,568,2458,2349,2118,2315,2209,2580,2990,3268,4163,3854,4105,3861,2821,1645,511,57,53570,3498,3
Colombia,1964,98180,35513,48658,13145,4136,1528,1981,4766,4397,4760,6318,8305,8172,4566,589,2452,2314,2105,2292,2202,2558,3039,3279,4271,4034,4160,4012,2928,1638,529,60,52794,3509,3
Colombia,1965,97849,34856,47722,12866,4115,1540,1996,4713,4347,4750,6390,8553,8435,4682,604,2433,2280,2081,2266,2199,2551,3080,3310,4351,4202,4253,4182,3032,1650,537,67,51837,3536,3
Colombia,1966,97503,34023,46549,12526,4127,1570,2025,4708,4324,4778,6490,8759,8744,4813,611,2435,2273,2069,2255,2214,2564,3119,3371,4402,4357,4378,4366,3143,1670,537,74,50676,3595,4
Colombia,1967,97258,33077,45203,12126,4156,1621,2079,4794,4348,4851,6627,8952,9058,4952,615,2481,2313,2080,2268,2251,2600,3155,3472,4431,4521,4517,4541,3260,1692,534,81,49359,3700,4
Colombia,1968,96846,31998,43662,11664,4167,1663,2143,4918,4397,4941,6774,9130,9345,5083,620,2542,2376,2105,2292,2292,2649,3182,3592,4448,4682,4659,4686,3370,1713,535,85,47829,3806,4
Colombia,1969,96301,30838,41998,11160,4153,1702,2209,5086,4469,5037,6928,9313,9588,5187,629,2631,2455,2145,2324,2335,2702,3216,3712,4487,4826,4802,4786,3454,1733,540,89,46151,3911,5
Colombia,1970,95727,29733,40398,10665,4104,1730,2272,5275,4554,5123,7083,9516,9772,5254,639,2734,2541,2195,2359,2373,2750,3261,3822,4565,4951,4942,4830,3501,1753,551,88,44502,4002,5
Colombia,1971,94493,28535,38584,10049,3965,1726,2310,5405,4604,5164,7198,9714,9875,5287,654,2805,2600,2231,2373,2387,2777,3297,3901,4674,5040,5068,4807,3510,1777,564,90,42549,4036,6
Colombia,1972,93225,27414,36872,9458,3770,1696,2346,5552,4662,5195,7283,9914,9956,5308,665,2888,2664,2275,2387,2396,2799,3336,3947,4816,5098,5218,4738,3495,1813,574,91,40642,4042,7
Colombia,1973,92401,26424,35316,8892,3544,1666,2425,5847,4796,5261,7369,10124,10039,5327,675,3058,2789,2368,2428,2426,2835,3391,3978,4979,5145,5382,4657,3470,1857,583,92,38860,4091,7
Colombia,1974,91215,25512,33862,8350,3286,1626,2460,5992,4852,5279,7413,10295,10115,5345,685,3134,2858,2413,2439,2432,2847,3426,3987,5096,5199,5526,4589,3447,1898,590,95,37148,4086,7
Colombia,1975,90166,24667,32461,7794,2974,1555,2507,6263,4958,5307,7439,10432,10197,5370,695,3265,2998,2488,2470,2445,2862,3453,3986,5157,5275,5642,4555,3436,1934,597,98,35435,4062,8
Colombia,1976,89598,23885,31187,7302,2691,1505,2588,6648,5121,5368,7478,10566,10315,5415,708,3458,3190,2593,2528,2478,2890,3486,3992,5177,5389,5736,4579,3443,1972,607,101,33878,4093,8
Colombia,1977,89107,23098,29943,6845,2429,1449,2660,7038,5277,5417,7515,10689,10478,5474,728,3650,3388,2693,2584,2504,2913,3513,4002,5148,5541,5804,4674,3461,2013,623,105,32372,4109,8
Colombia,1978,89040,22280,28686,6406,2200,1398,2747,7556,5495,5502,7590,10831,10708,5569,751,3904,3652,2825,2670,2552,2950,3552,4038,5110,5721,5872,4836,3508,2061,641,110,30886,4145,9
Colombia,1979,89481,21541,27599,6058,2060,1379,2827,8031,5729,5600,7693,11006,11049,5719,776,4132,3899,2967,2762,2610,2990,3595,4098,5107,5899,5992,5057,3599,2120,664,112,29659,4206,9
Colombia,1980,89571,20646,26291,5645,1906,1306,2840,8420,5942,5675,7788,11176,11486,5928,803,4311,4109,3105,2837,2662,3013,3624,4164,5136,6040,6163,5323,3738,2190,687,116,28197,4146,10
Colombia,1981,90507,19819,25134,5315,1837,1277,2876,8885,6232,5798,7950,11409,12053,6217,830,4521,4364,3285,2947,2743,3055,3677,4273,5231,6178,6412,5641,3944,2273,711,119,26971,4153,10
Colombia,1982,91300,18989,23962,4973,1788,1241,2871,9215,6480,5897,8111,11626,12672,6569,857,4651,4564,3442,3038,2816,3081,3723,4388,5356,6270,6712,5960,4212,2357,734,123,25750,4112,11
Colombia,1983,92893,18108,22780,4672,1774,1229,2940,9796,6898,6081,8326,11879,13317,6981,880,4914,4882,3706,3192,2940,3141,3795,4531,5529,6350,7040,6277,4537,2444,755,125,24554,4169,11
Colombia,1984,94781,17333,21690,4357,1733,1198,3039,10514,7427,6304,8525,12127,13895,7418,903,5249,5265,4032,3395,3083,3221,3863,4662,5698,6429,7311,6584,4877,2541,775,128,23423,4237,11
Colombia,1985,107039,17312,22773,5461,2754,2064,3994,12812,9108,7339,9433,13013,14832,7983,923,6439,6373,4985,4123,3645,3694,4298,5135,6195,6818,7762,7070,5307,2676,794,129,25527,6058,11
Colombia,1986,100507,16080,19981,3901,1686,1198,3510,12665,9037,6969,8889,12635,14702,8294,929,6316,6349,4997,4040,3478,3491,4017,4872,6013,6622,7596,7106,5521,2773,801,128,21667,4708,10
Colombia,1987,104836,15628,19421,3793,1684,1234,3918,14203,10190,7434,9092,12947,15011,8750,940,7109,7094,5691,4499,3745,3689,4115,4977,6180,6767,7641,7370,5813,2937,812,128,21105,5152,10
Colombia,1988,108914,15198,18769,3571,1593,1214,4345,15847,11444,7876,9230,13202,15228,9199,956,7975,7872,6440,5004,3999,3877,4190,5040,6301,6901,7625,7603,6071,3128,827,129,20362,5559,10
Colombia,1989,112303,14845,18268,3423,1533,1226,4720,16976,12449,8233,9334,13436,15446,9680,989,8585,8391,7023,5426,4213,4020,4259,5075,6394,7042,7646,7800,6341,3339,857,132,19801,5946,11
Colombia,1990,115805,14516,17818,3302,1474,1242,5097,18014,13395,8617,9487,13682,15726,10203,1039,9170,8844,7544,5851,4457,4160,4363,5124,6479,7203,7746,7980,6632,3571,901,138,19292,6339,11
Colombia,1991,118250,14221,17446,3225,1430,1264,5355,18427,13984,8886,9624,13917,16042,10760,1107,9447,8980,7805,6179,4639,4247,4467,5157,6543,7374,7905,8137,6944,3816,963,144,18876,6619,11
Colombia,1992,119840,13821,16927,3106,1366,1271,5541,18510,14346,9108,9744,14134,16356,11336,1189,9559,8951,7905,6441,4800,4308,4571,5173,6589,7545,8111,8245,7278,4058,1039,150,18293,6812,12
Colombia,1993,120324,13414,16402,2988,1312,1276,5632,18120,14369,9247,9826,14303,16636,11901,1287,9429,8691,7800,6569,4919,4328,4657,5169,6610,7693,8327,8309,7602,4299,1128,159,17714,6908,13
Colombia,1994,121085,12981,15873,2892,1280,1289,5750,17858,14420,9480,9954,14455,16909,12421,1384,9355,8503,7727,6693,5078,4402,4755,5199,6633,7822,8533,8376,7868,4553,1217,167,17153,7039,13
Colombia,1995,121571,12497,15249,2752,1237,1280,5861,17660,14423,9776,10074,14531,17110,12875,1482,9301,8359,7662,6761,5252,4524,4831,5243,6634,7897,8677,8433,8061,4814,1305,177,16486,7141,13
Colombia,1996,122816,12019,14653,2634,1219,1283,6031,17805,14573,10243,10249,14602,17287,13283,1575,9404,8401,7715,6858,5522,4721,4922,5327,6649,7953,8791,8496,8197,5086,1389,186,15872,7314,14
Colombia,1997,123663,11523,14011,2488,1194,1272,6147,17899,14610,10717,10403,14625,17452,13657,1659,9474,8425,7728,6882,5788,4929,4988,5415,6643,7982,8874,8578,8285,5372,1462,197,15205,7419,14
Colombia,1998,125096,11084,13469,2385,1194,1268,6240,18132,14709,11280,10623,14694,17691,14041,1738,9607,8525,7780,6929,6084,5196,5076,5547,6661,8033,8976,8715,8383,5658,1530,208,14663,7508,14
Colombia,1999,126632,10713,13070,2357,1244,1300,6239,18192,14702,11778,10912,14846,18039,14476,1819,9646,8546,7761,6941,6330,5448,5209,5703,6725,8121,9118,8921,8561,5915,1600,219,14314,7539,14
Colombia,2000,126579,10293,12490,2197,1182,1228,6016,17854,14405,11976,11131,14985,18436,14962,1899,9475,8379,7571,6834,6398,5578,5324,5807,6783,8202,9266,9170,8832,6130,1671,228,13672,7244,14
Colombia,2001,128057,9960,12169,2209,1221,1226,5804,17621,14272,12230,11540,15340,19080,15558,1986,9348,8273,7449,6823,6466,5764,5547,5993,6947,8393,9530,9550,9229,6329,1749,237,13390,7030,15
Colombia,2002,127224,9511,11520,2009,1147,1153,5403,16899,13763,12115,11764,15559,19661,16154,2074,8949,7950,7139,6624,6316,5799,5684,6080,7052,8507,9746,9915,9667,6487,1830,244,12667,6556,15
Colombia,2003,126239,9101,10976,1875,1096,1095,4987,16026,13146,11887,11988,15813,20261,16784,2164,8448,7578,6780,6366,6097,5790,5835,6153,7181,8632,9970,10291,10143,6641,1913,251,12072,6082,16
Colombia,2004,126325,8710,10499,1789,1060,1057,4688,15522,12758,11781,12303,16132,20815,17439,2250,8115,7407,6570,6188,5950,5831,6021,6282,7342,8790,10177,10638,10605,6834,1990,260,11559,5745,16
Colombia,2005,125810,8321,10028,1707,1018,1024,4410,14942,12277,11588,12555,16390,21167,18059,2334,7723,7219,6337,5940,5766,5822,6146,6409,7468,8922,10294,10873,10988,7071,2060,274,11046,5434,17
Colombia,2006,125544,7934,9550,1616,968,997,4224,14598,11919,11449,12804,16612,21339,18649,2416,7445,7153,6197,5722,5626,5823,6270,6534,7577,9035,10330,11009,11305,7344,2126,290,10518,5221,18
Colombia,2007,126165,7577,9112,1535,919,975,4114,14411,11656,11343,13064,16814,21447,19544,2737,7255,7156,6125,5531,5516,5827,6388,6676,7675,9139,10318,11129,11684,7860,2378,359,10031,5089,29
Colombia,2008,125649,7227,8667,1440,867,948,3959,13786,11111,11004,13211,16934,21532,20491,3094,6866,6920,5901,5210,5288,5716,6413,6798,7720,9214,10288,11244,12078,8413,2654,440,9534,4907,40
Colombia,2009,125243,6908,8264,1356,820,923,3828,13044,10523,10600,13327,17093,21763,21521,3482,6465,6579,5643,4880,5035,5565,6401,6926,7799,9294,10341,11422,12536,8985,2951,531,9084,4751,52
Colombia,2010,126580,6653,7967,1314,795,915,3844,12714,10239,10398,13605,17447,22320,22523,3751,6336,6378,5536,4703,4904,5494,6445,7160,8004,9443,10570,11750,13072,9451,3156,595,8762,4759,59
Colombia,2011,128167,6403,7652,1249,766,893,3866,12273,9903,10134,13906,17862,23138,23665,4042,6197,6076,5377,4526,4752,5382,6455,7451,8243,9619,10936,12202,13725,9940,3379,663,8418,4759,67
Colombia,2012,130084,6142,7304,1162,733,867,3874,11782,9563,9840,14226,18357,24089,24946,4423,6052,5730,5195,4368,4593,5247,6448,7778,8529,9828,11401,12688,14442,10504,3676,747,8037,4741,80
Colombia,2013,132443,5897,7000,1103,711,845,3854,11330,9287,9585,14583,18998,25064,26220,4871,5911,5419,5028,4259,4455,5130,6459,8124,8904,10094,11925,13139,15117,11103,4027,844,7711,4699,96
Colombia,2014,134812,5676,6729,1053,696,816,3773,10934,9085,9367,14938,19780,25908,27315,5356,5761,5173,4888,4197,4333,5034,6498,8440,9318,10462,12429,13479,15619,11696,4404,952,7425,4589,112
Colombia,2015,136964,5464,6468,1004,679,781,3615,10640,9003,9221,15269,20749,26445,28105,5860,5607,5033,4807,4196,4234,4987,6577,8692,9775,10974,12835,13610,15847,12258,4795,1065,7147,4396,127
Colombia,2016,138680,5261,6220,959,659,743,3405,10470,9050,9167,15551,21909,26700,28464,6203,5466,5004,4791,4259,4176,4991,6688,8863,10321,11588,13144,13556,15787,12677,5057,1146,6879,4148,135
Colombia,2017,140463,5074,6009,935,654,728,3224,10360,9147,9177,15783,23189,27042,28665,6342,5341,5019,4797,4350,4163,5014,6794,8989,10921,12268,13472,13570,15683,12982,5155,1187,6663,3952,137
Colombia,2018,144941,4916,5806,890,632,724,3218,10825,9604,9423,16052,24571,27909,29362,6642,5525,5300,5006,4598,4315,5108,6905,9147,11562,13009,13957,13952,15914,13448,5323,1319,6438,3942,173
Colombia,2019,151165,4804,5675,871,629,772,3385,11377,10073,9736,16257,25787,29736,30657,6861,5805,5572,5216,4857,4568,5168,6926,9331,12146,13641,14796,14940,16692,13965,5440,1421,6304,4157,218
Colombia,2020,191260,4644,5476,832,507,814,3031,11242,10930,12274,22202,37192,43709,36515,7115,5487,5755,5463,5467,5639,6635,9246,12956,17737,19455,21581,22128,21888,14627,5628,1487,5983,3845,254
Colombia,2021,226497,4492,5322,830,573,855,3302,13569,14470,17853,29664,46393,49909,37267,7061,6444,7125,6945,7525,8325,9528,12584,17080,22557,23836,25279,24630,22636,14631,5614,1447,5895,4157,260
Comoros,1950,2145,707,1103,396,97,47,56,149,140,129,115,131,129,49,0,77,72,70,70,68,61,58,57,63,68,70,59,43,6,0,0,1200,103,0
Comoros,1951,2424,774,1235,461,140,69,68,163,150,141,126,141,136,55,0,85,78,75,75,74,67,64,62,68,73,74,62,45,10,0,0,1375,137,0
Comoros,1952,2265,760,1181,421,97,48,58,156,140,136,120,134,133,58,0,82,74,70,70,70,66,60,60,65,69,73,60,43,15,0,0,1278,106,0
Comoros,1953,2312,783,1216,433,97,47,60,156,140,137,124,137,136,60,0,82,74,70,70,70,67,63,61,67,70,74,62,42,18,0,0,1313,107,0
Comoros,1954,2351,800,1245,445,96,47,60,156,141,143,126,138,136,61,1,82,74,70,71,73,70,65,61,68,70,74,62,41,20,1,0,1341,107,0
Comoros,1955,2382,813,1267,454,98,47,60,154,141,144,132,140,137,60,2,80,74,70,71,74,70,67,65,69,71,74,63,40,20,2,0,1365,107,0
Comoros,1956,2413,823,1284,461,101,47,60,155,142,146,134,140,138,60,3,81,74,70,72,75,71,69,65,69,71,75,63,40,20,3,0,1385,107,0
Comoros,1957,2426,829,1294,465,103,47,58,151,141,148,137,141,138,60,4,79,72,70,71,75,73,72,65,70,71,75,63,40,20,4,0,1397,105,0
Comoros,1958,2447,835,1302,467,105,47,59,152,141,150,141,147,139,62,6,80,72,70,71,75,75,73,68,72,75,75,64,43,19,6,0,1407,106,0
Comoros,1959,2458,840,1307,467,109,46,59,152,140,150,145,149,139,62,6,80,72,70,70,75,75,75,70,74,75,75,64,44,18,6,0,1416,105,0
Comoros,1960,2475,843,1311,468,113,47,56,152,140,149,148,150,143,65,7,80,72,70,70,74,75,77,71,75,75,77,66,45,20,7,0,1424,103,0
Comoros,1961,2491,846,1311,465,114,48,55,151,140,149,155,158,146,65,6,78,73,70,70,74,75,80,75,78,80,79,67,45,20,6,0,1425,103,0
Comoros,1962,2496,847,1307,460,115,46,55,150,140,148,157,160,148,65,6,77,73,70,70,73,75,80,77,80,80,80,68,45,20,6,0,1422,101,0
Comoros,1963,2518,848,1310,462,119,49,52,151,140,150,160,168,154,65,6,77,74,70,70,74,76,80,80,83,85,84,70,45,20,6,0,1429,101,0
Comoros,1964,2528,848,1306,458,119,51,51,149,140,150,167,170,155,65,6,76,73,70,70,74,76,82,85,85,85,85,70,45,20,6,0,1425,102,0
Comoros,1965,2527,847,1299,452,119,51,51,145,140,149,167,177,158,65,6,72,73,70,70,73,76,82,85,90,87,88,70,45,20,6,0,1418,102,0
Comoros,1966,2545,846,1293,447,119,53,52,144,140,151,171,180,164,66,6,72,72,70,70,74,77,84,87,90,90,89,75,46,20,6,0,1412,105,0
Comoros,1967,2557,846,1289,443,120,55,51,142,140,152,173,190,168,67,6,71,71,70,70,75,77,84,89,95,95,93,75,47,20,6,0,1409,106,0
Comoros,1968,2569,848,1285,437,120,58,55,137,144,152,176,194,173,68,6,67,70,73,71,75,77,85,91,99,95,94,79,48,20,6,0,1405,113,0
Comoros,1969,2590,851,1282,431,120,58,58,137,148,153,179,203,178,70,6,67,70,73,75,75,78,87,92,103,100,98,80,49,21,6,0,1402,116,0
Comoros,1970,2611,855,1283,428,120,58,62,131,148,154,182,211,184,71,6,66,65,73,75,75,79,88,94,106,105,102,82,50,21,6,0,1403,120,0
Comoros,1971,2632,861,1284,423,119,58,64,132,146,157,184,217,192,73,6,67,65,71,75,76,81,88,96,108,109,106,86,52,21,6,0,1403,122,0
Comoros,1972,2655,867,1286,419,118,59,66,128,144,159,186,227,201,74,6,68,60,69,75,78,81,88,98,112,115,111,90,53,21,6,0,1404,125,0
Comoros,1973,2683,875,1292,417,116,59,68,129,141,159,189,235,211,76,7,69,60,66,75,78,81,90,99,115,120,117,94,54,22,7,0,1408,127,0
Comoros,1974,2709,882,1295,413,116,59,69,128,138,161,190,243,224,80,7,73,55,64,74,79,82,90,100,118,125,124,100,56,24,7,0,1411,128,0
Comoros,1975,2881,904,1344,440,129,65,75,143,150,175,206,265,242,82,7,82,61,69,81,85,90,97,109,128,137,135,107,57,25,7,0,1473,140,0
Comoros,1976,2789,897,1305,408,116,58,70,133,135,166,198,262,253,86,7,77,56,61,74,80,86,93,105,124,138,140,113,61,25,7,0,1421,128,0
Comoros,1977,2831,904,1309,405,116,57,70,133,132,170,202,273,270,88,7,77,56,59,73,83,87,95,107,129,144,149,121,63,25,7,0,1425,127,0
Comoros,1978,2872,910,1311,401,116,56,70,139,129,172,209,284,289,92,7,79,60,57,72,84,88,98,111,134,150,160,129,66,26,7,0,1427,126,0
Comoros,1979,2910,918,1313,395,116,56,67,140,125,175,212,293,308,97,7,79,61,55,70,84,91,100,112,137,156,169,139,71,26,7,0,1429,123,0
Comoros,1980,2946,921,1311,390,115,56,66,141,122,176,219,302,326,101,7,79,62,54,68,84,92,103,116,140,162,178,148,74,27,7,0,1426,122,0
Comoros,1981,2973,923,1310,387,115,56,67,142,120,176,221,308,339,110,7,79,63,54,66,83,93,104,117,143,165,182,157,81,29,7,0,1425,123,0
Comoros,1982,2968,920,1299,379,111,56,68,142,114,174,221,308,346,115,8,79,63,52,62,80,94,104,117,143,165,183,163,86,29,8,0,1410,124,0
Comoros,1983,2986,915,1291,376,115,59,69,142,112,172,224,314,357,125,8,78,64,53,59,78,94,106,118,144,170,187,170,92,33,8,0,1406,128,0
Comoros,1984,2972,904,1268,364,110,56,68,142,110,168,227,315,367,133,8,78,64,54,56,75,93,106,121,145,170,192,175,99,34,8,0,1378,124,0
Comoros,1985,2964,895,1252,357,109,56,69,139,108,165,227,315,371,143,8,76,63,55,53,72,93,106,121,145,170,193,178,106,37,8,0,1361,125,0
Comoros,1986,2956,886,1232,346,107,57,69,138,107,159,229,317,378,151,9,76,62,55,52,69,90,108,121,145,172,196,182,112,39,9,0,1339,126,0
Comoros,1987,2957,878,1218,340,109,57,70,137,108,155,231,320,382,157,10,76,61,55,53,65,90,109,122,147,173,197,185,116,41,9,1,1327,127,0
Comoros,1988,2933,867,1195,328,105,57,70,136,108,147,230,320,385,165,10,76,60,55,53,62,85,108,122,148,172,198,187,120,45,9,1,1300,127,0
Comoros,1989,2958,858,1179,321,103,57,75,146,115,146,236,325,388,173,12,82,64,60,55,61,85,110,126,150,175,199,189,125,48,11,1,1282,132,0
Comoros,1990,2914,847,1159,312,103,57,74,136,110,137,236,325,387,181,12,77,59,55,55,57,80,109,127,150,175,198,189,128,53,11,1,1262,131,0
Comoros,1991,2914,834,1137,303,102,57,75,139,110,137,237,331,394,185,12,79,60,55,55,57,80,108,129,155,176,202,192,130,55,11,1,1239,132,0
Comoros,1992,2909,818,1113,295,100,57,75,140,110,131,238,335,402,190,14,79,61,55,55,56,75,107,131,155,180,206,196,133,57,13,1,1213,132,0
Comoros,1993,2899,800,1085,285,99,57,75,141,112,133,240,345,407,195,15,80,61,55,57,60,73,105,135,160,185,209,198,135,60,14,1,1184,132,0
Comoros,1994,2881,780,1057,277,99,57,75,140,112,130,238,349,411,196,16,80,60,55,57,60,70,103,135,164,185,209,202,135,61,15,1,1156,132,0
Comoros,1995,2897,768,1037,269,98,57,75,144,114,134,239,359,420,202,18,82,62,55,59,64,70,101,138,169,190,214,206,139,63,16,2,1135,132,0
Comoros,1996,2903,763,1027,264,97,57,77,145,114,133,236,366,427,206,18,83,62,55,59,65,68,99,137,171,195,219,208,140,66,16,2,1124,134,0
Comoros,1997,2983,760,1020,260,98,59,84,168,125,142,239,380,436,208,18,97,71,61,64,70,72,99,140,179,201,224,212,142,66,16,2,1118,143,0
Comoros,1998,3019,765,1033,268,103,62,86,162,123,147,237,390,442,213,20,92,70,60,63,72,75,97,140,183,207,229,213,146,67,18,2,1136,148,0
Comoros,1999,3014,760,1020,260,101,61,86,158,123,151,230,397,448,219,21,90,68,60,63,72,79,94,136,186,211,231,217,149,70,19,2,1121,147,0
Comoros,2000,3053,768,1039,271,103,63,87,159,125,155,226,400,452,222,23,90,69,60,65,72,83,92,134,181,219,235,217,151,71,21,2,1142,150,0
Comoros,2001,3047,772,1040,268,102,61,84,154,125,153,223,394,462,225,23,89,65,60,65,71,82,94,129,181,213,248,214,153,72,21,2,1142,145,0
Comoros,2002,3107,780,1060,280,105,65,86,154,129,158,223,388,482,228,24,90,64,61,68,75,83,102,121,186,202,270,212,155,73,21,3,1165,151,0
Comoros,2003,3121,776,1053,277,108,66,87,152,131,161,223,381,504,233,24,90,62,61,70,79,82,108,115,193,188,290,214,158,75,21,3,1161,153,0
Comoros,2004,3148,768,1036,268,109,67,90,160,131,168,226,389,512,236,24,94,66,60,71,83,85,111,115,192,197,286,226,160,76,21,3,1145,157,0
Comoros,2005,3212,771,1030,259,107,68,92,166,136,178,238,404,530,237,24,97,69,62,74,88,90,114,124,188,216,280,250,160,77,21,3,1137,160,0
Comoros,2006,3239,768,1019,251,103,67,94,167,137,185,244,416,544,235,25,97,70,62,75,90,95,111,133,179,237,267,277,157,78,22,3,1122,161,0
Comoros,2007,3295,762,1007,245,103,68,96,174,143,196,257,430,563,237,26,99,75,66,77,93,103,113,144,173,257,261,302,156,81,23,3,1110,164,0
Comoros,2008,3302,754,991,237,96,64,95,175,142,202,261,433,576,238,26,99,76,65,77,94,108,112,149,168,265,260,316,157,81,23,3,1087,159,0
Comoros,2009,3361,751,983,232,93,63,97,177,146,212,274,441,591,251,26,100,77,67,79,98,114,118,156,173,268,275,316,169,82,23,3,1076,160,0
Comoros,2010,3383,748,975,227,91,63,97,180,148,217,278,439,599,268,27,102,78,70,78,99,118,123,155,181,258,293,306,187,81,23,4,1066,160,0
Comoros,2011,3426,742,965,223,89,63,97,184,152,223,288,443,611,287,28,105,79,72,80,100,123,131,157,194,249,317,294,207,80,24,4,1054,160,0
Comoros,2012,3427,731,950,219,85,59,94,183,152,225,291,438,619,303,28,104,79,74,78,100,125,138,153,203,235,334,285,224,79,24,4,1035,153,0
Comoros,2013,3462,717,929,212,83,58,94,189,154,228,303,446,628,316,28,108,81,75,79,100,128,148,155,214,232,343,285,235,81,24,4,1012,152,0
Comoros,2014,3463,706,913,207,82,56,94,188,156,229,311,448,632,319,28,107,81,75,81,100,129,152,159,216,232,337,295,232,87,24,4,995,150,0
Comoros,2015,3499,693,894,201,82,55,94,194,161,234,328,461,640,326,28,109,85,78,83,102,132,159,169,218,243,326,314,226,100,24,4,976,149,0
Comoros,2016,3479,680,874,194,79,54,94,193,161,232,338,468,638,325,29,108,85,77,84,100,132,163,175,214,254,308,330,216,109,25,4,953,148,0
Comoros,2017,3513,667,854,187,79,53,93,197,168,235,358,481,638,330,30,109,88,80,88,101,134,169,189,213,268,294,344,212,118,26,4,933,146,0
Comoros,2018,3530,653,836,183,77,50,89,195,169,235,370,498,642,336,30,107,88,80,89,101,134,172,198,217,281,292,350,213,123,26,4,913,139,0
Comoros,2019,3576,635,810,175,76,50,87,197,175,243,387,517,652,345,33,107,90,82,93,106,137,177,210,226,291,301,351,223,122,29,4,886,137,0
Comoros,2020,3716,618,787,169,74,48,79,178,166,248,423,580,706,385,41,97,81,76,90,108,140,189,234,259,321,342,364,254,131,36,5,861,127,0
Comoros,2021,3978,604,768,164,74,48,82,193,187,278,474,642,767,420,45,103,90,87,100,123,155,210,264,296,346,388,379,288,132,40,5,842,130,0
Congo,1950,10498,3006,5325,2319,533,265,271,703,700,681,661,666,526,156,10,349,354,349,351,342,339,348,313,333,333,302,224,110,46,10,0,5858,536,0
Congo,1951,10538,3003,5308,2305,527,262,268,696,701,683,681,682,545,168,13,345,351,349,352,344,339,357,324,340,342,311,234,121,47,12,1,5835,530,0
Congo,1952,10524,2988,5267,2279,517,258,267,696,703,687,691,683,558,179,13,345,351,349,354,346,341,357,334,339,344,317,241,131,48,12,1,5784,525,0
Congo,1953,10453,2964,5206,2242,512,253,262,682,693,681,699,690,571,194,16,338,344,344,349,343,338,354,345,341,349,323,248,143,51,14,2,5718,515,0
Congo,1954,10438,2930,5116,2186,508,250,261,683,702,692,717,704,585,203,17,338,345,348,354,348,344,358,359,348,356,330,255,150,53,15,2,5624,511,0
Congo,1955,10374,2897,5029,2132,502,245,257,675,700,693,727,716,598,214,17,333,342,346,354,348,345,360,367,356,360,337,261,157,57,15,2,5531,502,0
Congo,1956,10275,2862,4929,2067,493,239,253,666,692,692,727,726,609,230,18,328,338,342,350,348,344,358,369,364,362,341,268,166,64,16,2,5422,492,0
Congo,1957,10192,2822,4826,2004,485,235,249,661,691,694,729,742,622,239,18,325,336,341,350,348,346,359,370,377,365,347,275,171,68,16,2,5311,484,0
Congo,1958,10111,2785,4728,1943,475,232,245,653,689,695,730,758,637,249,19,321,332,339,350,348,347,360,370,391,367,354,283,176,73,17,2,5203,477,0
Congo,1959,10021,2747,4625,1878,463,229,241,645,682,694,733,776,649,259,20,316,329,335,347,347,347,362,371,403,373,360,289,181,78,17,3,5088,470,0
Congo,1960,9929,2708,4529,1821,452,227,238,635,674,693,733,793,663,270,22,310,325,330,344,346,347,362,371,411,382,366,297,187,83,19,3,4981,465,0
Congo,1961,9897,2680,4457,1777,446,224,236,628,674,696,740,813,675,279,26,308,320,330,344,347,349,365,375,418,395,372,303,193,86,23,3,4903,460,0
Congo,1962,9833,2655,4387,1732,438,224,234,619,666,693,740,829,688,288,26,303,316,325,341,345,348,365,375,419,410,377,311,199,89,23,3,4825,458,0
Congo,1963,9843,2652,4347,1695,433,223,233,616,666,698,747,850,702,296,28,301,315,325,341,347,351,368,379,423,427,383,319,204,92,25,3,4780,456,0
Congo,1964,9871,2652,4314,1662,427,223,237,616,669,704,757,869,717,306,31,301,315,326,343,349,355,373,384,425,444,391,326,210,96,27,4,4741,460,0
Congo,1965,9943,2661,4296,1635,423,223,240,621,678,716,769,889,736,314,33,302,319,330,348,354,362,379,390,431,458,403,333,215,99,29,4,4719,463,0
Congo,1966,9985,2670,4286,1616,419,222,242,620,679,721,778,902,760,324,34,302,318,331,348,357,364,383,395,435,467,420,340,222,102,30,4,4705,464,0
Congo,1967,10091,2686,4299,1613,425,229,250,627,684,726,786,912,785,334,36,306,321,333,351,359,367,387,399,440,472,439,346,228,106,31,5,4724,479,0
Congo,1968,10155,2697,4286,1589,415,223,252,632,692,738,798,923,810,342,37,310,322,336,356,364,374,393,405,447,476,458,352,234,108,32,5,4701,475,0
Congo,1969,10238,2714,4292,1578,412,224,254,640,700,747,810,934,838,352,39,315,325,340,360,369,378,399,411,453,481,477,361,239,113,33,6,4704,478,0
Congo,1970,10320,2736,4305,1569,412,225,256,644,701,750,817,944,865,360,39,319,325,340,361,369,381,402,415,458,486,491,374,246,114,33,6,4717,481,1
Congo,1971,10447,2769,4336,1567,415,225,260,656,708,760,831,956,889,368,42,326,330,343,365,374,386,409,422,464,492,501,388,250,118,36,6,4751,485,1
Congo,1972,10594,2801,4364,1563,415,227,262,667,716,776,849,976,921,376,44,334,333,346,370,381,395,417,432,474,502,512,409,255,121,37,7,4779,489,1
Congo,1973,10744,2822,4386,1564,418,229,267,681,728,790,867,995,947,386,44,341,340,351,377,389,401,426,441,484,511,519,428,261,125,37,7,4804,496,1
Congo,1974,10857,2839,4406,1567,420,232,271,693,737,800,878,1011,971,397,46,345,348,356,381,394,406,431,447,491,520,525,446,269,128,39,7,4826,503,1
Congo,1975,10976,2859,4426,1567,425,234,275,705,742,809,889,1023,988,411,49,351,354,358,384,398,411,436,453,498,525,530,458,279,132,41,8,4851,509,1
Congo,1976,11097,2864,4415,1551,428,239,281,716,757,828,913,1043,1005,427,50,355,361,365,392,406,422,445,468,509,534,535,470,291,136,42,8,4843,520,1
Congo,1977,11173,2852,4388,1536,428,239,286,726,763,841,931,1065,1013,441,51,359,367,366,397,413,428,451,480,519,546,537,476,303,138,43,8,4816,525,1
Congo,1978,11292,2838,4360,1522,428,244,291,741,776,867,958,1097,1022,458,52,367,374,373,403,425,442,464,494,537,560,543,479,317,141,44,8,4788,535,1
Congo,1979,11321,2815,4312,1497,424,246,294,746,778,878,970,1123,1026,471,54,373,373,376,402,431,447,473,497,555,568,549,477,328,143,46,8,4736,540,1
Congo,1980,11402,2792,4273,1481,426,248,302,763,787,894,987,1156,1031,480,57,383,380,382,405,440,454,486,501,578,578,559,472,335,145,48,9,4699,550,1
Congo,1981,11426,2776,4217,1441,423,248,307,773,789,904,1000,1187,1039,481,57,390,383,386,403,444,460,498,502,598,589,575,464,338,143,48,9,4640,555,1
Congo,1982,11559,2763,4176,1413,421,251,314,801,805,932,1028,1233,1056,483,56,404,397,396,409,455,477,515,513,620,613,597,459,340,143,46,10,4597,565,1
Congo,1983,11579,2742,4120,1378,419,250,318,819,807,939,1044,1261,1071,479,56,412,407,396,411,451,488,520,524,623,638,613,458,334,145,45,11,4539,568,1
Congo,1984,11569,2717,4057,1340,413,249,324,835,808,939,1059,1285,1086,462,49,418,417,396,412,443,496,521,538,612,673,621,465,315,147,38,11,4470,573,1
Congo,1985,11832,2747,4080,1333,410,252,330,877,853,967,1102,1314,1132,469,47,435,442,418,435,453,514,536,566,607,707,635,497,309,160,36,11,4490,582,1
Congo,1986,12127,2763,4107,1344,409,257,337,921,907,1003,1147,1338,1177,476,46,450,471,447,460,469,534,556,591,609,729,649,528,309,167,37,9,4516,594,1
Congo,1987,12397,2790,4147,1357,409,263,343,960,956,1024,1175,1353,1225,488,49,465,495,476,480,482,542,573,602,618,735,670,555,316,172,40,9,4556,606,1
Congo,1988,12791,2832,4210,1378,413,268,355,1014,1029,1067,1220,1374,1278,506,56,487,527,518,511,511,556,602,618,643,731,705,573,332,174,47,9,4623,623,1
Congo,1989,13207,2896,4315,1419,425,278,368,1063,1097,1101,1255,1390,1323,526,62,508,555,558,539,537,564,625,630,673,717,740,583,355,171,54,8,4740,646,1
Congo,1990,13679,2978,4448,1470,446,288,384,1119,1171,1138,1291,1412,1371,545,66,532,587,599,572,563,575,647,644,703,709,775,596,376,169,58,8,4894,672,1
Congo,1991,14272,3092,4627,1535,469,301,407,1183,1263,1190,1335,1448,1408,567,68,558,625,646,617,597,593,669,666,734,714,798,610,400,167,60,8,5096,708,1
Congo,1992,14692,3234,4856,1622,499,313,425,1216,1294,1191,1334,1460,1435,597,72,577,639,661,633,602,589,660,674,741,719,803,632,423,174,63,9,5355,738,1
Congo,1993,15385,3392,5121,1729,533,329,458,1315,1382,1230,1361,1497,1459,622,75,627,688,704,678,623,607,664,697,752,745,795,664,437,185,63,12,5654,787,1
Congo,1994,16100,3574,5420,1846,568,349,490,1417,1471,1274,1375,1529,1478,646,82,680,737,747,724,648,626,662,713,758,771,779,699,446,200,66,16,5988,839,2
Congo,1995,16591,3765,5741,1976,603,369,489,1391,1508,1312,1384,1565,1488,664,80,663,728,756,752,668,644,660,724,766,799,763,725,453,211,64,16,6344,858,2
Congo,1996,17258,3977,6090,2113,640,391,508,1445,1573,1358,1389,1590,1499,690,82,693,752,787,786,697,661,659,730,773,817,759,740,464,226,65,17,6730,899,3
Congo,1997,26960,4378,6919,2541,794,520,1371,4964,3574,2298,1926,1989,1737,777,86,2593,2371,1962,1612,1248,1050,940,986,990,999,893,844,525,252,69,17,7713,1891,3
Congo,1998,21106,4424,6955,2531,772,482,794,2518,2206,1699,1544,1739,1572,750,75,1279,1239,1146,1060,907,792,753,791,861,878,820,752,509,241,65,10,7727,1276,1
Congo,1999,19307,4439,6903,2464,733,454,616,1818,1818,1534,1418,1648,1512,762,87,901,917,916,902,818,716,699,719,817,831,807,705,520,242,72,15,7636,1070,2
Congo,2000,18737,4445,6895,2450,725,445,558,1561,1674,1496,1378,1630,1504,778,93,761,800,827,847,797,699,687,691,808,822,822,682,533,245,78,15,7620,1003,2
Congo,2001,19091,4576,7002,2426,718,439,559,1572,1691,1536,1392,1652,1550,833,139,761,811,833,858,816,720,701,691,815,837,854,696,562,271,103,36,7720,998,9
Congo,2002,19018,4554,6897,2343,695,427,560,1585,1686,1564,1399,1656,1568,840,133,765,820,830,856,826,738,707,692,807,849,864,704,562,278,102,31,7592,987,9
Congo,2003,18562,4415,6657,2242,666,413,540,1493,1627,1566,1400,1654,1585,837,121,715,778,795,832,816,750,707,693,793,861,865,720,550,287,99,22,7323,953,8
Congo,2004,18241,4301,6399,2098,621,387,521,1450,1595,1579,1415,1658,1623,847,135,693,757,776,819,812,767,712,703,782,876,873,750,542,305,106,29,7020,908,8
Congo,2005,17857,4178,6135,1957,579,365,500,1401,1546,1573,1430,1655,1664,858,145,673,728,753,793,800,773,720,710,770,885,883,781,538,320,110,35,6714,865,9
Congo,2006,17848,4080,5913,1833,544,346,486,1398,1586,1645,1494,1678,1710,877,163,667,731,771,815,832,813,757,737,779,899,902,808,546,331,120,43,6457,832,12
Congo,2007,17912,4001,5735,1734,519,333,477,1408,1629,1706,1556,1695,1759,901,176,670,738,793,836,859,847,796,760,791,904,930,829,563,338,128,48,6254,810,14
Congo,2008,17888,3969,5613,1644,491,316,458,1379,1634,1740,1613,1712,1805,922,187,656,723,793,841,871,869,834,779,808,904,960,845,585,337,138,49,6104,774,16
Congo,2009,17923,3927,5523,1596,479,309,466,1422,1657,1756,1641,1706,1832,934,178,680,742,808,849,876,880,856,785,817,889,978,854,607,327,137,41,6002,775,15
Congo,2010,18472,4014,5597,1583,476,305,451,1390,1679,1842,1775,1808,1922,986,221,654,736,810,869,911,931,926,849,878,930,1032,890,646,340,160,61,6073,756,20
Congo,2011,18727,3978,5503,1525,461,296,446,1390,1728,1924,1894,1880,1975,1002,208,649,741,826,902,944,980,987,907,925,955,1061,914,663,339,154,54,5964,742,20
Congo,2012,18749,3930,5428,1498,455,292,438,1360,1702,1933,1962,1927,2016,1018,198,633,727,806,896,942,991,1015,947,952,975,1074,942,676,342,149,49,5883,730,18
Congo,2013,18934,3828,5291,1463,460,295,444,1368,1736,2003,2077,2001,2051,1023,174,634,734,815,921,973,1030,1066,1011,991,1010,1080,971,678,345,136,38,5751,739,13
Congo,2014,18934,3703,5077,1374,447,288,434,1331,1742,2062,2190,2086,2083,1030,154,613,718,810,932,996,1066,1114,1076,1035,1051,1087,996,681,349,125,29,5524,722,9
Congo,2015,18747,3594,4891,1297,443,286,427,1272,1685,2045,2247,2153,2114,1046,141,591,681,780,905,982,1063,1130,1117,1069,1084,1095,1019,690,356,117,24,5334,713,5
Congo,2016,19035,3477,4691,1214,439,287,434,1289,1730,2144,2390,2276,2156,1063,136,599,690,799,931,1030,1114,1195,1195,1140,1136,1117,1039,702,361,114,22,5130,721,4
Congo,2017,19203,3388,4524,1136,431,287,435,1264,1732,2207,2497,2395,2195,1092,138,590,674,797,935,1058,1149,1243,1254,1212,1183,1144,1051,726,366,116,22,4955,722,2
Congo,2018,19139,3311,4381,1070,421,286,434,1221,1670,2190,2549,2488,2235,1121,140,576,645,767,903,1044,1146,1259,1290,1271,1217,1179,1056,750,371,120,20,4802,720,2
Congo,2019,21508,3409,4812,1403,605,397,548,1452,1944,2500,2856,2761,2332,1156,145,690,762,899,1045,1200,1300,1411,1445,1435,1326,1258,1074,778,378,125,20,5417,945,2
Congo,2020,20904,3165,4173,1008,410,300,456,1241,1719,2419,3021,3119,2573,1311,165,592,649,777,942,1131,1288,1460,1561,1613,1506,1411,1162,871,440,143,22,4583,756,1
Congo,2021,21595,3106,4105,999,404,307,462,1222,1684,2521,3193,3386,2755,1384,170,590,632,746,938,1158,1363,1538,1655,1740,1646,1522,1233,924,460,147,23,4509,769,1
Cook Islands,1950,184,45,63,18,8,5,6,20,20,20,16,18,14,1,0,10,10,10,10,10,10,10,6,10,8,9,5,1,0,0,0,71,11,0
Cook Islands,1951,176,45,64,19,7,5,5,20,18,17,15,17,10,2,0,10,10,8,10,10,7,9,6,9,8,5,5,2,0,0,0,71,10,0
Cook Islands,1952,168,44,62,18,7,5,5,19,12,16,12,16,10,3,0,9,10,6,6,10,6,6,6,8,8,5,5,3,0,0,0,69,10,0
Cook Islands,1953,160,42,58,16,7,5,5,10,10,10,10,13,10,3,0,5,5,5,5,5,5,5,5,6,7,5,5,3,0,0,0,65,10,0
Cook Islands,1954,153,40,55,15,6,5,5,10,10,10,10,12,10,4,0,5,5,5,5,5,5,5,5,5,7,5,5,4,0,0,0,61,10,0
Cook Islands,1955,144,38,52,14,6,5,5,10,10,10,10,10,10,5,0,5,5,5,5,5,5,5,5,5,5,5,5,5,0,0,0,58,10,0
Cook Islands,1956,138,36,48,12,6,5,5,10,10,10,10,10,10,4,0,5,5,5,5,5,5,5,5,5,5,5,5,4,0,0,0,54,10,0
Cook Islands,1957,132,36,47,11,5,4,5,10,10,10,10,10,12,4,0,5,5,5,5,5,5,5,5,5,5,6,6,4,0,0,0,52,9,0
Cook Islands,1958,127,35,46,11,5,2,5,10,10,10,10,10,10,4,0,5,5,5,5,5,5,5,5,5,5,5,5,4,0,0,0,51,7,0
Cook Islands,1959,121,34,45,11,5,1,5,10,10,10,10,10,10,4,0,5,5,5,5,5,5,5,5,5,5,5,5,4,0,0,0,50,6,0
Cook Islands,1960,115,33,43,10,5,0,4,10,10,10,10,10,10,4,0,5,5,5,5,5,5,5,5,5,5,5,5,4,0,0,0,48,4,0
Cook Islands,1961,110,31,41,10,4,0,4,10,10,10,10,10,10,4,0,5,5,5,5,5,5,5,5,5,5,5,5,4,0,0,0,45,4,0
Cook Islands,1962,105,30,38,8,3,0,4,10,10,10,10,10,10,4,0,5,5,5,5,5,5,5,5,5,5,5,5,4,0,0,0,41,4,0
Cook Islands,1963,99,28,36,8,3,0,3,8,7,10,10,10,10,4,0,5,3,2,5,5,5,5,5,5,5,5,5,4,0,0,0,39,3,0
Cook Islands,1964,94,26,34,8,3,0,2,6,2,10,10,10,10,5,0,5,1,0,2,5,5,5,5,5,5,5,5,5,0,0,0,37,2,0
Cook Islands,1965,90,24,30,6,3,0,1,0,0,10,10,10,10,5,0,0,0,0,0,5,5,5,5,5,5,5,5,5,0,0,0,33,1,0
Cook Islands,1966,85,22,28,6,2,0,0,0,0,8,10,12,10,6,0,0,0,0,0,3,5,5,5,5,7,5,5,5,1,0,0,30,0,0
Cook Islands,1967,82,20,26,6,2,0,1,0,0,7,10,13,10,6,0,0,0,0,0,2,5,5,5,5,8,5,5,5,1,0,0,28,1,0
Cook Islands,1968,80,18,23,5,2,0,1,0,0,7,10,12,11,7,0,0,0,0,0,2,5,5,5,5,7,6,5,5,2,0,0,25,1,0
Cook Islands,1969,78,17,21,4,2,0,0,0,0,6,10,10,10,5,0,0,0,0,0,1,5,5,5,5,5,5,5,4,1,0,0,23,0,0
Cook Islands,1970,75,16,20,4,1,0,0,0,0,6,10,10,10,2,0,0,0,0,0,1,5,5,5,5,5,5,5,2,0,0,0,21,0,0
Cook Islands,1971,73,15,19,4,1,0,0,0,0,5,10,10,10,2,0,0,0,0,0,0,5,5,5,5,5,5,5,2,0,0,0,20,0,0
Cook Islands,1972,72,14,18,4,0,0,0,0,0,6,10,10,10,3,0,0,0,0,0,1,5,5,5,5,5,5,5,3,0,0,0,18,0,0
Cook Islands,1973,71,12,16,4,0,0,0,0,0,6,10,10,11,3,0,0,0,0,0,1,5,5,5,5,5,6,5,3,0,0,0,16,0,0
Cook Islands,1974,70,10,14,4,0,0,0,0,0,6,10,10,11,4,0,0,0,0,0,1,5,5,5,5,5,6,5,4,0,0,0,14,0,0
Cook Islands,1975,71,9,12,3,0,0,0,0,0,6,10,10,12,5,0,0,0,0,0,1,5,5,5,5,5,7,5,5,0,0,0,12,0,0
Cook Islands,1976,72,8,10,2,0,0,0,0,0,7,10,12,13,5,0,0,0,0,0,2,5,5,5,5,7,8,5,5,0,0,0,10,0,0
Cook Islands,1977,72,7,8,1,0,0,0,0,0,8,10,14,14,6,0,0,0,0,0,3,5,5,5,5,9,9,5,5,1,0,0,8,0,0
Cook Islands,1978,73,7,7,0,0,0,2,0,0,10,10,14,15,7,0,0,0,0,0,5,5,5,5,5,9,9,6,5,2,0,0,7,2,0
Cook Islands,1979,74,7,7,0,0,0,3,1,0,9,10,15,16,7,0,1,0,0,0,4,5,5,5,6,9,9,7,5,2,0,0,7,3,0
Cook Islands,1980,74,6,6,0,0,0,3,1,0,9,10,14,17,7,0,1,0,0,0,4,5,5,5,5,9,10,7,5,2,0,0,6,3,0
Cook Islands,1981,74,6,6,0,0,0,3,2,0,8,10,15,17,7,0,2,0,0,0,3,5,5,5,6,9,10,7,5,2,0,0,6,3,0
Cook Islands,1982,74,6,6,0,0,0,3,2,0,8,10,15,16,7,0,2,0,0,0,3,5,5,5,6,9,10,6,5,2,0,0,6,3,0
Cook Islands,1983,74,6,6,0,0,0,2,3,0,7,10,15,17,7,0,3,0,0,0,2,5,5,5,6,9,10,7,5,2,0,0,6,2,0
Cook Islands,1984,74,6,6,0,0,0,2,3,0,7,10,15,16,7,0,3,0,0,0,2,5,5,5,6,9,10,6,5,2,0,0,6,2,0
Cook Islands,1985,73,5,5,0,0,0,2,3,0,6,10,14,17,8,0,3,0,0,0,1,5,5,5,5,9,10,7,5,3,0,0,5,2,0
Cook Islands,1986,71,5,5,0,0,0,2,3,0,6,10,13,17,8,0,3,0,0,0,1,5,5,5,5,8,10,7,5,3,0,0,5,2,0
Cook Islands,1987,73,5,5,0,0,0,2,3,0,6,10,13,17,8,0,3,0,0,0,1,5,5,5,5,8,9,8,5,3,0,0,5,2,0
Cook Islands,1988,72,5,5,0,0,0,1,3,0,5,10,13,18,8,0,3,0,0,0,0,5,5,5,5,8,10,8,5,3,0,0,5,1,0
Cook Islands,1989,75,6,6,0,0,0,1,4,0,7,10,12,19,8,0,4,0,0,0,2,5,5,5,5,7,10,9,5,3,0,0,6,1,0
Cook Islands,1990,81,6,7,1,0,0,2,6,0,9,11,18,17,8,0,5,1,0,0,4,5,5,6,8,10,10,7,5,3,0,0,7,2,0
Cook Islands,1991,79,6,6,0,0,0,1,3,0,9,11,20,18,9,0,3,0,0,0,4,5,5,6,10,10,10,8,5,4,0,0,6,1,0
Cook Islands,1992,80,6,6,0,0,0,1,3,0,8,12,20,19,9,0,3,0,0,0,3,5,5,7,10,10,10,9,5,4,0,0,6,1,0
Cook Islands,1993,80,6,6,0,0,0,0,3,0,8,11,20,20,8,0,3,0,0,0,3,5,5,6,10,10,10,10,5,3,0,0,6,0,0
Cook Islands,1994,78,6,6,0,0,0,0,0,0,7,11,20,18,9,0,0,0,0,0,2,5,5,6,10,10,10,8,5,4,0,0,6,0,0
Cook Islands,1995,77,5,5,0,0,0,0,0,0,6,12,20,17,10,0,0,0,0,0,1,5,5,7,10,10,9,8,6,4,0,0,5,0,0
Cook Islands,1996,75,5,5,0,0,0,0,0,0,6,12,20,14,9,0,0,0,0,0,1,5,5,7,10,10,9,5,5,4,0,0,5,0,0
Cook Islands,1997,80,6,10,4,1,0,0,0,0,6,11,20,15,9,0,0,0,0,0,1,5,5,6,10,10,10,5,5,4,0,0,11,0,0
Cook Islands,1998,71,4,4,0,0,0,0,0,0,4,10,20,15,8,0,0,0,0,0,0,4,5,5,10,10,9,6,5,3,0,0,4,0,0
Cook Islands,1999,69,4,4,0,0,0,0,0,0,4,10,19,13,9,0,0,0,0,0,0,4,5,5,9,10,8,5,5,4,0,0,4,0,0
Cook Islands,2000,67,3,3,0,0,0,0,0,0,3,10,18,14,9,0,0,0,0,0,0,3,5,5,8,10,9,5,5,4,0,0,3,0,0
Cook Islands,2001,66,3,3,0,0,0,0,0,0,4,10,17,14,9,0,0,0,0,0,0,4,5,5,7,10,9,5,5,4,0,0,3,0,0
Cook Islands,2002,64,2,2,0,0,0,0,0,0,4,10,17,15,9,0,0,0,0,0,0,4,5,5,7,10,10,5,5,4,0,0,2,0,0
Cook Islands,2003,65,2,2,0,0,0,0,0,0,9,10,16,16,9,0,0,0,0,0,4,5,5,5,6,10,10,6,5,4,0,0,2,0,0
Cook Islands,2004,67,2,2,0,0,0,0,0,0,10,10,15,17,8,0,0,0,0,0,5,5,5,5,5,10,10,7,5,3,0,0,2,0,0
Cook Islands,2005,68,2,2,0,0,0,0,0,0,10,10,15,17,8,0,0,0,0,0,5,5,5,5,5,10,10,7,5,3,0,0,2,0,0
Cook Islands,2006,68,2,2,0,0,0,0,0,0,9,10,14,17,8,0,0,0,0,0,4,5,5,5,5,9,10,7,5,3,0,0,2,0,0
Cook Islands,2007,68,2,2,0,0,0,0,0,0,9,10,13,17,9,0,0,0,0,0,4,5,5,5,5,8,10,7,5,4,0,0,2,0,0
Cook Islands,2008,70,2,2,0,0,0,0,0,0,8,10,15,18,9,0,0,0,0,0,3,5,5,5,5,10,10,8,5,4,0,0,2,0,0
Cook Islands,2009,71,2,2,0,0,0,0,0,0,8,10,19,19,10,0,0,0,0,0,3,5,5,5,9,10,10,9,5,5,0,0,2,0,0
Cook Islands,2010,73,2,2,0,0,0,0,0,0,7,10,19,20,10,0,0,0,0,0,2,5,5,5,9,10,10,10,5,5,0,0,2,0,0
Cook Islands,2011,75,2,2,0,0,0,0,0,0,7,10,19,20,11,1,0,0,0,0,2,5,5,5,9,10,10,10,6,5,1,0,2,0,0
Cook Islands,2012,78,2,2,0,0,0,0,0,0,7,10,19,20,12,1,0,0,0,0,2,5,5,5,9,10,10,10,7,5,1,0,2,0,0
Cook Islands,2013,79,1,1,0,0,0,0,0,0,7,10,19,20,12,1,0,0,0,0,2,5,5,5,9,10,10,10,7,5,1,0,1,0,0
Cook Islands,2014,81,1,1,0,0,0,0,0,0,7,10,19,20,12,1,0,0,0,0,2,5,5,5,9,10,10,10,7,5,1,0,1,0,0
Cook Islands,2015,81,1,1,0,0,0,0,0,0,6,10,20,20,12,1,0,0,0,0,1,5,5,5,10,10,10,10,7,5,1,0,1,0,0
Cook Islands,2016,82,1,1,0,0,0,0,0,0,6,10,19,20,13,0,0,0,0,0,1,5,5,5,9,10,10,10,8,5,0,0,1,0,0
Cook Islands,2017,83,1,1,0,0,0,0,0,0,6,10,19,20,14,1,0,0,0,0,1,5,5,5,9,10,10,10,9,5,1,0,1,0,0
Cook Islands,2018,84,1,1,0,0,0,0,0,0,6,13,20,20,14,1,0,0,0,0,1,5,5,8,10,10,10,10,9,5,1,0,1,0,0
Cook Islands,2019,84,1,1,0,0,0,0,0,0,5,14,20,20,15,1,0,0,0,0,0,5,5,9,10,10,10,10,10,5,1,0,1,0,0
Cook Islands,2020,85,1,1,0,0,0,0,0,0,5,15,20,20,16,1,0,0,0,0,0,5,5,10,10,10,10,10,10,6,1,0,1,0,0
Cook Islands,2021,86,1,1,0,0,0,0,0,0,5,15,20,20,16,2,0,0,0,0,0,5,5,10,10,10,10,10,10,6,2,0,1,0,0
Costa Rica,1950,7054,2597,3614,1017,160,87,151,407,373,411,487,603,530,194,36,212,195,181,192,200,211,236,251,298,305,294,236,145,49,24,12,3774,238,3
Costa Rica,1951,7068,2648,3687,1039,159,84,145,392,358,401,481,598,531,206,27,203,189,173,185,195,206,234,247,295,303,292,239,152,54,18,9,3846,229,2
Costa Rica,1952,7042,2699,3736,1037,152,82,138,373,342,394,471,587,527,215,21,192,181,167,175,193,201,230,241,286,301,288,239,158,57,15,6,3888,220,2
Costa Rica,1953,7064,2742,3775,1033,165,78,135,362,329,386,472,586,527,230,18,185,177,162,167,189,197,229,243,281,305,288,239,167,63,13,5,3940,213,2
Costa Rica,1954,7005,2779,3813,1034,164,74,129,340,311,371,458,569,523,238,18,172,168,155,156,180,191,221,237,268,301,285,238,171,67,14,4,3977,203,1
Costa Rica,1955,7195,2810,3845,1035,171,78,132,347,318,384,482,598,557,262,19,175,172,160,158,186,198,230,252,279,319,304,253,186,76,15,4,4016,210,1
Costa Rica,1956,7170,2837,3870,1033,173,75,127,332,308,374,475,587,558,271,19,168,164,155,153,178,196,224,251,273,314,304,254,189,82,16,3,4043,202,1
Costa Rica,1957,7366,2873,3902,1029,175,80,131,340,317,387,499,618,599,296,21,171,169,160,157,181,206,234,265,290,328,326,273,204,92,18,3,4077,211,1
Costa Rica,1958,7444,2907,3932,1025,198,83,130,334,315,381,503,624,616,308,24,169,165,159,156,176,205,235,268,295,329,336,280,210,98,22,2,4130,213,1
Costa Rica,1959,7524,2927,3948,1021,190,87,130,330,316,382,512,638,640,323,26,169,161,159,157,174,208,238,274,305,333,347,293,218,105,24,2,4138,217,1
Costa Rica,1960,7478,2931,3946,1015,198,89,126,317,306,366,502,631,639,327,26,163,154,154,152,166,200,234,268,305,326,345,294,220,107,24,2,4144,215,0
Costa Rica,1961,7532,2918,3924,1006,196,95,128,315,306,366,511,651,663,343,31,163,152,154,152,166,200,239,272,316,335,356,307,230,113,27,4,4120,223,0
Costa Rica,1962,7651,2888,3884,996,203,103,134,324,312,371,534,684,699,369,35,168,156,155,157,170,201,251,283,332,352,372,327,248,121,31,4,4087,237,0
Costa Rica,1963,7641,2842,3821,979,205,106,140,324,309,367,538,700,712,381,37,168,156,152,157,170,197,252,286,338,362,374,338,258,123,33,4,4026,246,0
Costa Rica,1964,7709,2778,3735,957,207,113,150,330,314,374,558,736,748,408,39,172,158,152,162,174,200,260,298,352,384,389,359,276,132,35,4,3942,263,0
Costa Rica,1965,7709,2701,3633,932,212,118,159,334,313,375,566,760,771,428,42,174,160,151,162,176,199,262,304,361,399,400,371,290,138,37,5,3845,277,0
Costa Rica,1966,7490,2614,3515,901,199,117,161,323,299,358,546,745,756,427,41,169,154,145,154,169,189,249,297,351,394,392,364,289,138,36,5,3714,278,0
Costa Rica,1967,7420,2519,3387,868,201,119,167,325,293,357,546,758,774,446,44,172,153,142,151,169,188,245,301,355,403,403,371,299,147,38,6,3588,286,0
Costa Rica,1968,7344,2391,3226,835,201,124,179,334,294,362,546,774,793,467,46,181,153,143,151,171,191,241,305,361,413,415,378,312,155,39,7,3427,303,0
Costa Rica,1969,7354,2302,3085,783,186,125,189,350,298,370,560,810,840,499,50,194,156,147,151,174,196,245,315,376,434,443,397,330,169,43,7,3271,314,1
Costa Rica,1970,7309,2214,2950,736,189,127,195,361,296,370,559,826,866,519,52,204,157,147,149,174,196,243,316,384,442,458,408,341,178,45,7,3139,322,1
Costa Rica,1971,7105,2107,2785,678,178,124,196,366,285,360,543,820,871,524,54,210,156,142,143,169,191,236,307,381,439,461,410,344,180,47,7,2963,320,1
Costa Rica,1972,7074,1994,2614,620,173,125,204,386,289,365,547,848,914,551,57,225,161,145,144,169,196,240,307,394,454,483,431,359,192,50,7,2787,329,1
Costa Rica,1973,6721,1877,2438,561,153,120,196,380,272,343,511,813,891,539,61,222,158,136,136,157,186,225,286,378,435,469,422,349,190,54,7,2591,316,1
Costa Rica,1974,6781,1765,2261,496,143,122,205,413,283,353,529,858,957,586,69,239,174,142,141,161,192,235,294,396,462,500,457,378,208,61,8,2404,327,1
Costa Rica,1975,6536,1645,2080,435,134,114,200,416,275,341,513,841,958,590,72,239,177,138,137,155,186,230,283,386,455,497,461,381,209,63,9,2214,314,1
Costa Rica,1976,6356,1527,1907,380,116,111,197,427,271,331,502,836,970,608,80,242,185,137,134,150,181,225,277,377,459,500,470,392,216,68,12,2023,308,1
Costa Rica,1977,6217,1411,1741,330,112,107,196,434,270,322,498,831,987,631,85,244,190,138,132,146,176,225,273,370,461,506,481,406,225,71,14,1853,303,1
Costa Rica,1978,6003,1302,1588,286,95,100,188,432,269,312,485,808,987,647,90,239,193,140,129,142,170,219,266,352,456,502,485,415,232,74,16,1683,288,2
Costa Rica,1979,6142,1210,1463,253,92,102,195,460,286,321,507,845,1059,710,100,252,208,153,133,148,173,229,278,365,480,536,523,452,258,81,19,1555,297,3
Costa Rica,1980,6213,1121,1347,226,87,100,195,480,304,326,521,865,1116,763,108,260,220,166,138,151,175,233,288,370,495,562,554,483,280,87,21,1434,295,4
Costa Rica,1981,5796,1054,1259,205,77,87,175,446,287,296,477,793,1050,736,107,239,207,160,127,138,158,212,265,339,454,527,523,463,273,86,21,1336,262,4
Costa Rica,1982,5784,1003,1194,191,75,84,170,449,295,293,471,785,1074,774,114,238,211,166,129,137,156,208,263,338,447,536,538,484,290,93,21,1269,254,4
Costa Rica,1983,5732,966,1146,180,70,79,162,441,304,287,462,769,1083,804,123,231,210,172,132,134,153,201,261,333,436,538,545,500,304,101,22,1216,241,5
Costa Rica,1984,6036,934,1105,171,65,79,165,463,334,303,486,814,1174,899,142,241,222,186,148,142,161,210,276,356,458,579,595,557,342,117,25,1170,244,5
Costa Rica,1985,6329,869,1023,154,65,81,171,489,369,324,513,863,1268,996,164,250,239,204,165,152,172,220,293,380,483,620,648,615,381,135,29,1088,252,6
Costa Rica,1986,6326,849,1000,151,64,77,160,480,379,322,504,859,1276,1028,172,243,237,207,172,151,171,216,288,379,480,617,659,632,396,143,29,1064,237,6
Costa Rica,1987,6446,809,953,144,64,75,156,482,399,330,508,878,1313,1090,187,242,240,216,183,157,173,217,291,388,490,625,688,667,423,154,33,1017,231,6
Costa Rica,1988,6531,778,921,143,64,74,151,479,414,340,509,892,1334,1146,200,238,241,221,193,165,175,220,289,394,498,625,709,696,450,165,35,985,225,6
Costa Rica,1989,6790,727,858,131,58,74,152,490,445,364,529,940,1410,1247,222,240,250,235,210,182,182,230,299,413,527,653,757,751,496,180,42,916,226,7
Costa Rica,1990,6766,689,812,123,60,70,145,471,448,372,522,937,1406,1281,232,228,243,234,214,190,182,229,293,410,527,648,758,767,514,186,46,872,215,7
Costa Rica,1991,6918,657,776,119,59,70,142,471,468,394,530,958,1439,1352,249,226,245,241,227,205,189,233,297,417,541,662,777,803,549,200,49,835,212,8
Costa Rica,1992,7235,628,740,112,61,71,143,477,494,428,553,1004,1512,1466,276,226,251,251,243,225,203,244,309,433,571,698,814,865,601,221,55,801,214,9
Costa Rica,1993,7489,611,720,109,57,72,142,478,515,461,573,1039,1566,1555,301,226,252,260,255,244,217,254,319,443,596,728,838,915,640,241,60,777,214,10
Costa Rica,1994,7841,597,703,106,56,72,143,485,540,505,602,1085,1648,1662,329,229,256,270,270,266,239,266,336,457,628,772,876,973,689,266,63,759,215,11
Costa Rica,1995,8317,586,689,103,57,75,147,500,574,562,643,1150,1760,1788,362,234,266,283,291,293,269,285,358,482,668,829,931,1043,745,294,68,746,222,12
Costa Rica,1996,8315,575,682,107,58,74,143,480,571,583,643,1139,1760,1794,373,225,255,280,291,300,283,287,356,476,663,831,929,1041,753,303,70,740,217,13
Costa Rica,1997,8623,560,659,99,52,73,144,480,589,630,677,1178,1849,1880,400,225,255,285,304,320,310,307,370,494,684,873,976,1082,798,325,75,711,217,14
Costa Rica,1998,8909,538,634,96,52,72,145,481,602,674,714,1213,1930,1954,421,225,256,288,314,338,336,330,384,512,701,911,1019,1116,838,341,80,686,217,15
Costa Rica,1999,9193,522,613,91,47,68,146,481,612,715,758,1249,2012,2025,444,225,256,290,322,354,361,359,399,530,719,947,1065,1150,875,358,86,660,214,16
Costa Rica,2000,9063,498,584,86,47,66,142,456,592,721,768,1223,1997,2005,443,213,243,278,314,353,368,373,395,524,699,936,1061,1136,869,355,88,631,208,16
Costa Rica,2001,9353,470,551,81,44,63,141,456,598,760,821,1265,2080,2093,465,214,242,277,321,368,392,406,415,545,720,969,1111,1187,906,371,94,595,204,16
Costa Rica,2002,9341,439,518,79,43,59,135,439,580,769,852,1263,2083,2110,472,207,232,266,314,367,402,428,424,545,718,961,1122,1200,910,377,95,561,194,16
Costa Rica,2003,9571,419,492,73,39,58,131,436,578,795,911,1297,2141,2189,491,206,230,263,315,377,418,458,453,559,738,977,1164,1251,938,393,98,531,189,16
Costa Rica,2004,9670,406,477,71,38,54,126,421,564,800,958,1309,2163,2237,502,201,220,255,309,375,425,479,479,564,745,978,1185,1282,955,403,99,515,180,15
Costa Rica,2005,9920,399,468,69,38,51,122,418,557,820,1022,1349,2213,2327,522,201,217,252,305,378,442,506,516,583,766,994,1219,1334,993,422,100,506,173,15
Costa Rica,2006,10440,395,461,66,36,49,122,422,562,858,1121,1427,2326,2488,555,203,219,253,309,392,466,549,572,620,807,1041,1285,1426,1062,450,105,497,171,15
Costa Rica,2007,10816,397,464,67,34,49,116,422,557,881,1199,1492,2398,2609,576,201,221,250,307,398,483,580,619,656,836,1075,1323,1495,1114,468,108,498,165,15
Costa Rica,2008,11324,397,461,64,32,46,114,422,562,908,1294,1587,2505,2770,606,198,224,251,311,406,502,616,678,710,877,1128,1377,1584,1186,493,113,493,160,15
Costa Rica,2009,11491,387,452,65,31,46,108,411,547,904,1343,1645,2530,2841,618,191,220,245,302,399,505,632,711,756,889,1146,1384,1618,1223,503,115,483,154,15
Costa Rica,2010,11780,374,438,64,27,41,103,404,535,905,1404,1731,2588,2945,643,186,218,239,296,396,509,653,751,813,918,1177,1411,1671,1274,524,119,465,144,15
Costa Rica,2011,11463,359,420,61,25,36,92,372,497,853,1382,1727,2508,2891,639,169,203,223,274,368,485,635,747,826,901,1143,1365,1628,1263,521,118,445,128,15
Costa Rica,2012,11977,346,405,59,22,36,91,366,500,865,1456,1861,2621,3051,689,164,202,225,275,369,496,661,795,903,958,1194,1427,1701,1350,562,127,427,127,16
Costa Rica,2013,12341,329,384,55,22,32,86,354,492,859,1506,1986,2701,3168,733,157,197,223,269,364,495,676,830,967,1019,1228,1473,1750,1418,598,135,406,118,16
Costa Rica,2014,13694,317,371,54,22,32,88,370,526,924,1674,2294,3010,3535,832,163,207,240,286,390,534,744,930,1109,1185,1368,1642,1939,1596,680,152,393,120,18
Costa Rica,2015,13804,305,356,51,21,28,82,349,509,897,1682,2400,3044,3563,849,153,196,234,275,376,521,737,945,1150,1250,1387,1657,1947,1616,695,154,377,110,18
Costa Rica,2016,13902,293,343,50,21,27,76,329,492,863,1682,2500,3079,3594,875,144,185,226,266,361,502,728,954,1185,1315,1410,1669,1958,1636,715,160,364,103,19
Costa Rica,2017,14356,283,332,49,22,26,70,314,488,852,1718,2659,3205,3722,927,136,178,223,265,356,496,736,982,1246,1413,1483,1722,2026,1696,755,172,354,96,20
Costa Rica,2018,15019,270,316,46,20,24,66,305,486,854,1771,2853,3398,3911,993,132,173,219,267,356,498,749,1022,1321,1532,1598,1800,2130,1781,808,185,336,90,21
Costa Rica,2019,15573,252,297,45,20,24,61,294,482,848,1798,3015,3597,4068,1047,127,167,214,268,353,495,751,1047,1379,1636,1728,1869,2215,1853,850,197,317,85,22
Costa Rica,2020,16167,232,275,43,17,46,130,527,689,906,1669,2676,3674,4417,1116,236,291,332,357,407,499,697,972,1219,1457,1730,1944,2392,2025,906,210,292,176,23
Costa Rica,2021,20717,220,260,40,17,48,151,629,852,1127,2097,3514,4892,5755,1350,278,351,400,452,506,621,861,1236,1619,1895,2291,2601,3075,2680,1108,242,277,199,26
Cote d'Ivoire,1950,48067,19165,31460,12295,2858,1313,1194,2608,2012,1730,1645,1623,1240,342,39,1387,1221,1053,959,892,838,838,807,822,801,717,523,224,118,34,5,34318,2507,1
Cote d'Ivoire,1951,48890,19639,31862,12223,2869,1317,1212,2675,2079,1782,1700,1687,1290,359,51,1419,1256,1091,988,918,864,863,837,854,833,744,546,248,111,40,11,34731,2529,3
Cote d'Ivoire,1952,49307,19859,31975,12116,2827,1301,1217,2719,2141,1836,1755,1752,1339,379,63,1437,1282,1126,1015,943,893,890,865,887,865,774,565,275,104,45,18,34802,2518,5
Cote d'Ivoire,1953,49697,20061,32142,12081,2749,1285,1215,2754,2198,1883,1805,1808,1386,401,67,1450,1304,1158,1040,968,915,915,890,915,893,802,584,301,100,48,19,34891,2500,6
Cote d'Ivoire,1954,50168,20230,32326,12096,2667,1271,1215,2796,2270,1942,1866,1876,1437,426,66,1466,1330,1195,1075,997,945,946,920,950,926,834,603,323,103,47,19,34993,2486,7
Cote d'Ivoire,1955,50601,20353,32468,12115,2607,1261,1210,2828,2331,1999,1927,1949,1493,455,69,1475,1353,1219,1112,1025,974,977,950,986,963,866,627,342,113,47,22,35075,2471,7
Cote d'Ivoire,1956,50824,20470,32559,12089,2556,1239,1191,2821,2366,2030,1964,1997,1543,482,70,1466,1355,1231,1135,1040,990,994,970,1008,989,894,649,358,124,46,24,35115,2430,8
Cote d'Ivoire,1957,51247,20589,32660,12071,2534,1221,1181,2846,2430,2086,2024,2067,1605,508,71,1471,1375,1258,1172,1069,1017,1024,1000,1043,1024,929,676,372,136,46,25,35194,2402,9
Cote d'Ivoire,1958,51661,20727,32778,12051,2536,1197,1169,2860,2484,2134,2077,2133,1670,538,74,1472,1388,1280,1204,1094,1040,1050,1027,1072,1061,963,707,388,150,47,27,35314,2366,10
Cote d'Ivoire,1959,52228,20903,32971,12068,2557,1171,1164,2883,2543,2198,2138,2205,1739,567,79,1475,1408,1306,1237,1128,1070,1081,1057,1106,1099,1001,738,406,161,50,29,35528,2335,11
Cote d'Ivoire,1960,53067,21253,33335,12082,2585,1150,1165,2918,2620,2280,2214,2286,1815,600,89,1484,1434,1343,1277,1174,1106,1118,1096,1144,1142,1042,773,425,175,57,32,35920,2315,13
Cote d'Ivoire,1961,53884,21583,33704,12121,2605,1135,1163,2942,2684,2357,2281,2366,1893,635,103,1487,1455,1373,1311,1217,1140,1151,1130,1183,1183,1084,809,449,186,65,38,36309,2298,15
Cote d'Ivoire,1962,54807,21899,34076,12177,2626,1131,1164,2985,2771,2450,2363,2454,1978,678,117,1499,1486,1414,1357,1269,1181,1191,1172,1226,1228,1130,848,477,201,74,43,36702,2295,17
Cote d'Ivoire,1963,55980,22241,34502,12261,2655,1143,1165,3049,2893,2580,2476,2568,2075,722,133,1519,1530,1472,1421,1339,1241,1248,1228,1284,1284,1185,890,506,216,84,49,37157,2308,19
Cote d'Ivoire,1964,56937,22584,34920,12336,2673,1160,1151,3084,2978,2674,2554,2652,2161,763,142,1528,1556,1512,1466,1388,1286,1288,1266,1326,1326,1230,931,534,229,90,52,37593,2311,21
Cote d'Ivoire,1965,57928,22866,35287,12421,2701,1180,1141,3123,3071,2784,2651,2753,2258,808,153,1541,1582,1553,1518,1439,1345,1337,1314,1377,1376,1283,975,564,244,97,56,37988,2321,23
Cote d'Ivoire,1966,58784,23142,35610,12468,2729,1195,1130,3138,3136,2880,2738,2848,2350,851,158,1545,1593,1581,1555,1483,1397,1380,1358,1424,1424,1333,1017,593,258,102,56,38339,2325,24
Cote d'Ivoire,1967,59810,23430,35951,12521,2763,1213,1132,3161,3235,3007,2852,2964,2448,894,165,1549,1612,1624,1611,1543,1464,1439,1413,1483,1481,1384,1064,622,272,106,59,38714,2345,24
Cote d'Ivoire,1968,60598,23683,36202,12519,2787,1228,1140,3150,3295,3107,2944,3062,2544,941,171,1535,1615,1647,1648,1588,1519,1485,1459,1531,1531,1433,1111,655,286,111,60,38989,2368,25
Cote d'Ivoire,1969,61504,23923,36441,12518,2817,1245,1167,3157,3379,3227,3060,3175,2647,990,178,1526,1631,1681,1698,1645,1582,1548,1512,1587,1588,1489,1158,687,303,116,62,39258,2412,25
Cote d'Ivoire,1970,62307,24144,36632,12488,2839,1258,1190,3152,3438,3325,3176,3286,2751,1044,190,1511,1641,1702,1736,1692,1633,1611,1565,1642,1644,1542,1209,722,322,123,67,39471,2448,27
Cote d'Ivoire,1971,63293,24401,36886,12485,2862,1275,1216,3178,3518,3444,3304,3404,2863,1107,209,1515,1663,1732,1786,1750,1694,1682,1622,1700,1704,1602,1261,763,344,134,75,39748,2491,30
Cote d'Ivoire,1972,64220,24645,37049,12404,2866,1287,1240,3210,3593,3568,3440,3534,2988,1179,237,1528,1682,1760,1833,1810,1758,1756,1684,1764,1770,1666,1322,808,371,151,86,39915,2527,34
Cote d'Ivoire,1973,65088,24908,37189,12281,2857,1294,1258,3238,3655,3678,3579,3670,3115,1255,263,1550,1688,1782,1873,1861,1817,1830,1749,1831,1839,1733,1382,856,399,167,96,40046,2552,38
Cote d'Ivoire,1974,65834,25130,37238,12108,2831,1299,1272,3261,3709,3791,3725,3808,3247,1329,284,1579,1682,1802,1907,1912,1879,1902,1823,1899,1909,1804,1443,904,425,179,105,40069,2571,42
Cote d'Ivoire,1975,66670,25266,37276,12010,2813,1303,1283,3285,3772,3922,3894,3970,3395,1409,303,1605,1680,1826,1946,1971,1951,1981,1913,1980,1990,1884,1511,955,454,192,111,40089,2586,45
Cote d'Ivoire,1976,67433,25374,37251,11877,2790,1308,1299,3318,3834,4051,4062,4129,3538,1485,319,1632,1686,1851,1983,2028,2023,2060,2002,2060,2069,1961,1577,1003,482,204,115,40041,2607,48
Cote d'Ivoire,1977,67930,25840,37403,11563,2689,1296,1359,3511,3733,3952,4030,4115,3621,1785,392,1763,1748,1823,1910,1972,1980,2030,2000,2055,2060,1962,1659,1160,625,281,111,40092,2655,43
Cote d'Ivoire,1978,68784,26132,37619,11487,2636,1287,1404,3702,3734,3967,4092,4179,3711,1984,435,1862,1840,1835,1899,1970,1997,2051,2041,2090,2089,1991,1720,1270,714,327,108,40255,2691,37
Cote d'Ivoire,1979,69410,26490,38029,11539,2615,1270,1415,3768,3680,3936,4126,4248,3763,2078,449,1886,1882,1814,1866,1943,1993,2058,2068,2127,2121,2018,1745,1324,754,344,105,40644,2685,31
Cote d'Ivoire,1980,70337,26871,38573,11702,2639,1266,1419,3803,3687,3965,4212,4372,3832,2108,438,1885,1918,1818,1869,1945,2020,2097,2115,2192,2180,2066,1766,1345,763,339,99,41212,2685,25
Cote d'Ivoire,1981,71563,27146,39059,11913,2709,1284,1436,3868,3790,4067,4357,4537,3922,2099,412,1898,1970,1869,1921,1987,2080,2170,2187,2279,2258,2130,1792,1344,755,320,92,41768,2720,20
Cote d'Ivoire,1982,73009,27371,39469,12098,2823,1316,1456,3913,3939,4229,4568,4763,4057,2078,380,1900,2013,1942,1997,2058,2171,2277,2291,2400,2363,2221,1836,1338,740,296,84,42292,2772,17
Cote d'Ivoire,1983,74249,27591,39860,12269,2959,1356,1467,3900,4044,4343,4748,4971,4191,2044,347,1884,2016,1999,2045,2107,2236,2368,2380,2509,2462,2310,1881,1323,721,271,76,42819,2823,14
Cote d'Ivoire,1984,75875,27773,40206,12433,3118,1420,1496,3929,4223,4539,5000,5236,4369,2013,313,1895,2034,2095,2128,2202,2337,2495,2505,2644,2592,2423,1946,1314,699,247,66,43324,2916,12
Cote d'Ivoire,1985,77146,27879,40446,12567,3277,1488,1524,3910,4348,4691,5213,5474,4516,1970,278,1892,2018,2157,2191,2278,2413,2600,2613,2759,2715,2519,1997,1298,672,223,55,43723,3012,10
Cote d'Ivoire,1986,78838,28041,40743,12702,3445,1577,1575,3929,4524,4910,5486,5760,4698,1936,247,1911,2018,2233,2291,2393,2517,2733,2753,2899,2861,2635,2063,1295,641,200,47,44188,3152,8
Cote d'Ivoire,1987,80622,28200,41033,12833,3599,1688,1641,3953,4698,5142,5774,6062,4895,1911,215,1937,2016,2293,2405,2512,2630,2869,2905,3046,3016,2755,2140,1300,611,178,37,44632,3329,7
Cote d'Ivoire,1988,83082,28664,41544,12880,3700,1809,1778,4210,4894,5335,6009,6321,5106,2094,275,2093,2117,2370,2524,2613,2722,2975,3034,3176,3145,2852,2254,1408,686,228,47,45244,3587,7
Cote d'Ivoire,1989,86711,30150,42922,12772,3680,1916,2017,4926,5042,5298,6007,6380,5303,2690,515,2500,2426,2465,2577,2598,2700,2951,3056,3212,3168,2880,2423,1720,970,418,97,46602,3933,13
Cote d'Ivoire,1990,91372,31369,44703,13334,3788,2040,2164,5323,5363,5604,6343,6779,5581,3003,661,2692,2631,2606,2757,2742,2862,3100,3243,3414,3365,3049,2532,1877,1126,527,134,48491,4204,20
Cote d'Ivoire,1991,95922,32417,46340,13923,3871,2160,2337,5814,5734,5934,6637,7130,5844,3294,795,2926,2888,2786,2948,2906,3028,3235,3402,3591,3539,3206,2638,2016,1278,628,167,50211,4497,27
Cote d'Ivoire,1992,100084,33402,47876,14474,3929,2254,2498,6257,6042,6222,6900,7483,6117,3551,918,3136,3121,2947,3095,3054,3168,3355,3545,3769,3714,3371,2746,2136,1415,718,200,51805,4752,34
Cote d'Ivoire,1993,104240,34284,49298,15014,4018,2342,2660,6706,6375,6534,7183,7862,6404,3786,1031,3349,3357,3138,3237,3231,3303,3491,3692,3962,3900,3545,2859,2242,1544,799,232,53316,5002,40
Cote d'Ivoire,1994,108475,35111,50579,15468,4157,2427,2851,7257,6794,6871,7455,8220,6693,3997,1133,3615,3642,3392,3402,3434,3437,3634,3821,4144,4076,3709,2984,2337,1660,872,261,54736,5278,45
Cote d'Ivoire,1995,112738,36231,52061,15830,4306,2490,3023,7754,7197,7177,7717,8566,6987,4186,1227,3855,3899,3646,3551,3615,3562,3778,3939,4317,4249,3867,3120,2426,1760,940,287,56367,5513,50
Cote d'Ivoire,1996,116742,37215,53365,16150,4434,2526,3162,8217,7637,7498,7996,8913,7278,4353,1307,4071,4146,3916,3721,3790,3708,3935,4061,4487,4426,4025,3253,2509,1844,998,309,57799,5688,55
Cote d'Ivoire,1997,119878,38252,54622,16370,4541,2536,3264,8605,7935,7640,8119,9137,7545,4502,1377,4268,4337,4114,3821,3856,3784,4007,4112,4579,4558,4161,3384,2590,1912,1048,329,59163,5800,59
Cote d'Ivoire,1998,124512,39297,55942,16645,4612,2549,3344,9224,8751,8224,8489,9458,7801,4623,1430,4523,4701,4549,4202,4145,4079,4214,4275,4734,4724,4294,3507,2663,1960,1086,344,60554,5893,62
Cote d'Ivoire,1999,127434,39989,56815,16826,4695,2610,3446,9623,9155,8466,8731,9808,8066,4571,1385,4723,4900,4761,4394,4228,4238,4316,4415,4884,4924,4454,3612,2672,1899,1049,336,61510,6056,62
Cote d'Ivoire,2000,130233,40322,57351,17029,4754,2672,3501,10057,9843,8934,9077,10097,8242,4398,1245,4904,5153,5090,4753,4445,4489,4486,4591,5017,5080,4571,3671,2635,1763,947,298,62105,6173,53
Cote d'Ivoire,2001,131865,40248,57337,17089,4806,2741,3500,10243,10390,9307,9380,10327,8406,4268,1112,4957,5286,5326,5064,4629,4678,4636,4744,5121,5206,4675,3731,2619,1649,852,260,62143,6241,44
Cote d'Ivoire,2002,132833,39897,56870,16973,4832,2803,3499,10423,10869,9617,9640,10496,8571,4189,992,5007,5416,5523,5346,4801,4816,4777,4863,5198,5298,4775,3796,2625,1564,766,226,61702,6302,33
Cote d'Ivoire,2003,135047,39580,56288,16708,4843,2845,3564,10915,11559,10042,9981,10738,8832,4365,1032,5197,5718,5847,5712,5066,4976,4982,4999,5324,5414,4912,3920,2740,1625,787,245,61131,6409,36
Cote d'Ivoire,2004,134330,38966,55258,16292,4806,2823,3497,10694,11630,10100,10043,10791,9017,4553,1076,5039,5655,5843,5787,5154,4946,5049,4994,5356,5435,4998,4019,2853,1700,816,260,60064,6320,40
Cote d'Ivoire,2005,133784,38271,54073,15802,4748,2786,3483,10613,11753,10220,10117,10862,9202,4758,1126,4954,5659,5876,5877,5282,4938,5114,5003,5407,5455,5081,4121,2968,1790,852,274,58821,6269,45
Cote d'Ivoire,2006,132927,37597,52933,15336,4681,2750,3481,10444,11755,10289,10121,10898,9366,4972,1184,4838,5606,5853,5902,5378,4911,5119,5002,5441,5457,5144,4222,3084,1888,895,289,57614,6231,50
Cote d'Ivoire,2007,131693,36831,51662,14831,4585,2708,3488,10211,11694,10334,10087,10912,9521,5191,1245,4708,5503,5808,5886,5444,4890,5079,5008,5457,5455,5197,4324,3201,1990,942,303,56247,6196,55
Cote d'Ivoire,2008,130549,36043,50336,14293,4471,2674,3490,10011,11663,10432,10088,10931,9670,5408,1312,4609,5402,5780,5883,5513,4919,5037,5051,5458,5473,5241,4429,3315,2093,993,319,54807,6164,59
Cote d'Ivoire,2009,129067,35154,48823,13669,4322,2635,3451,9799,11585,10542,10095,10948,9804,5618,1383,4528,5271,5727,5858,5560,4982,4986,5109,5442,5506,5275,4529,3424,2194,1047,336,53145,6086,63
Cote d'Ivoire,2010,127921,34523,47692,13169,4194,2601,3406,9616,11465,10627,10080,10977,9920,5819,1454,4485,5131,5656,5809,5574,5053,4934,5146,5427,5550,5300,4620,3529,2290,1103,351,51886,6007,67
Cote d'Ivoire,2011,127837,34053,46872,12819,4106,2590,3417,9641,11494,10832,10131,11082,10056,6019,1527,4562,5079,5661,5833,5645,5187,4943,5188,5458,5624,5343,4713,3636,2383,1159,368,50978,6007,71
Cote d'Ivoire,2012,125276,33311,45785,12474,4016,2567,3341,9183,11120,10835,10051,11070,10023,5874,1361,4423,4760,5417,5703,5596,5239,4913,5138,5446,5624,5322,4701,3593,2281,1061,300,49801,5908,54
Cote d'Ivoire,2013,123732,32519,44614,12095,3936,2552,3335,8955,10949,11008,10122,11156,10047,5783,1237,4377,4578,5268,5681,5639,5369,4991,5131,5516,5640,5341,4706,3577,2206,984,253,48550,5887,38
Cote d'Ivoire,2014,121495,31745,43404,11659,3843,2515,3322,8635,10557,10977,10114,11168,10070,5725,1136,4261,4374,5016,5541,5576,5401,5047,5067,5560,5608,5365,4705,3577,2148,921,215,47247,5837,27
Cote d'Ivoire,2015,121374,31316,42588,11272,3774,2494,3370,8613,10498,11236,10371,11342,10191,5748,1121,4259,4354,4922,5576,5670,5566,5255,5116,5683,5659,5453,4738,3611,2137,901,220,46362,5864,21
Cote d'Ivoire,2016,121415,31142,42151,11009,3729,2481,3418,8609,10322,11389,10606,11472,10322,5788,1105,4264,4345,4783,5539,5708,5681,5443,5163,5754,5718,5544,4778,3649,2139,885,220,45880,5899,21
Cote d'Ivoire,2017,122962,31074,41861,10787,3685,2481,3490,8811,10416,11877,11121,11765,10494,5842,1094,4348,4463,4774,5642,5928,5949,5773,5348,5896,5869,5662,4832,3689,2153,875,219,45546,5971,22
Cote d'Ivoire,2018,122512,30426,40944,10518,3598,2448,3499,8825,10171,12015,11452,11921,10621,5909,1085,4369,4456,4637,5534,5961,6054,5971,5481,5931,5990,5727,4894,3733,2176,868,217,44542,5947,23
Cote d'Ivoire,2019,123179,29793,40005,10212,3507,2422,3525,8984,10205,12409,12023,12227,10785,5980,1082,4471,4513,4655,5550,6125,6284,6269,5754,6036,6191,5801,4984,3774,2206,868,214,43512,5947,24
Cote d'Ivoire,2020,127970,29435,39344,9909,3421,2374,3303,8520,9849,13068,13553,14161,12213,6929,1211,4261,4259,4454,5395,6335,6733,6947,6606,6900,7261,6625,5588,4299,2630,980,231,42765,5677,27
Cote d'Ivoire,2021,134045,29281,39020,9739,3374,2382,3507,9099,10366,14108,15062,15322,13265,7302,1212,4568,4531,4754,5612,6768,7340,7712,7350,7445,7877,7186,6079,4583,2719,985,227,42394,5889,28
Croatia,1950,29717,4639,5686,1047,293,242,535,1200,858,2198,3395,4885,6476,3418,517,698,502,330,528,912,1286,1678,1717,2130,2755,3201,3275,2224,1194,425,92,5979,777,13
Croatia,1951,28601,4305,5387,1082,283,231,511,1212,817,2129,3417,4677,6144,3299,486,703,509,349,468,879,1250,1682,1735,2034,2643,3055,3089,2184,1115,403,83,5670,742,12
Croatia,1952,26981,3978,5016,1038,283,212,472,1181,765,2010,3361,4373,5711,3134,453,684,497,370,395,819,1191,1631,1730,1899,2474,2868,2843,2109,1025,375,78,5299,684,11
Croatia,1953,25582,3851,4824,973,281,193,435,1141,725,1876,3284,4085,5316,2983,423,652,489,388,337,749,1127,1563,1721,1783,2302,2694,2622,2024,959,351,72,5105,628,10
Croatia,1954,24790,3620,4562,942,292,182,409,1124,718,1792,3285,3963,5116,2926,413,629,495,408,310,692,1100,1528,1757,1754,2209,2607,2509,1981,945,343,70,4854,591,9
Croatia,1955,24389,3440,4355,915,306,175,394,1116,737,1717,3323,3928,5012,2910,408,608,508,419,318,632,1085,1510,1813,1782,2146,2557,2455,1949,961,337,71,4661,569,8
Croatia,1956,23992,3232,4118,886,314,169,379,1105,771,1628,3350,3926,4930,2894,398,582,523,426,345,562,1066,1490,1860,1841,2085,2511,2419,1909,985,328,70,4432,548,8
Croatia,1957,23187,2938,3776,838,307,166,358,1069,803,1503,3314,3884,4781,2828,386,547,522,425,378,482,1021,1450,1864,1888,1996,2423,2358,1833,995,317,69,4083,524,8
Croatia,1958,22328,2657,3429,772,302,165,334,1023,834,1375,3248,3857,4623,2756,379,514,509,428,406,414,961,1409,1839,1934,1923,2327,2296,1762,994,311,68,3731,499,8
Croatia,1959,21964,2518,3235,717,294,171,316,986,868,1282,3222,3926,4537,2730,388,489,497,439,429,381,901,1394,1828,2008,1918,2267,2270,1731,999,320,68,3529,487,8
Croatia,1960,21580,2334,3004,670,284,178,299,946,889,1207,3183,4023,4452,2707,399,468,478,451,438,385,822,1376,1807,2079,1944,2207,2245,1713,994,331,68,3288,477,8
Croatia,1961,21116,2166,2786,620,270,184,284,897,903,1139,3112,4114,4332,2675,410,445,452,461,442,417,722,1343,1769,2126,1988,2130,2202,1695,980,342,68,3056,468,8
Croatia,1962,21270,2063,2654,591,263,188,286,874,933,1113,3125,4330,4336,2723,433,434,440,477,456,475,638,1340,1785,2217,2113,2117,2219,1733,990,365,68,2917,474,8
Croatia,1963,21117,1916,2473,557,248,191,290,836,951,1084,3087,4476,4292,2734,448,413,423,481,470,523,561,1300,1787,2254,2222,2097,2195,1746,988,378,70,2721,481,8
Croatia,1964,21126,1803,2329,526,234,190,304,804,971,1085,3041,4631,4303,2759,463,396,408,479,492,562,523,1240,1801,2283,2348,2123,2180,1766,993,388,75,2563,494,9
Croatia,1965,21003,1730,2219,489,221,185,318,769,976,1111,2935,4723,4307,2762,471,376,393,464,512,577,534,1139,1796,2274,2449,2169,2138,1764,998,391,80,2440,503,9
Croatia,1966,21051,1660,2123,463,207,180,338,745,982,1181,2815,4835,4375,2783,479,364,381,449,533,592,589,1021,1794,2278,2557,2266,2109,1772,1011,395,84,2330,518,9
Croatia,1967,21727,1567,2024,457,203,182,357,756,1014,1312,2756,5097,4619,2894,500,378,378,446,568,625,687,922,1834,2362,2735,2468,2151,1832,1062,409,91,2227,539,9
Croatia,1968,22183,1462,1904,442,196,175,369,767,1029,1440,2660,5299,4857,2962,514,398,369,441,588,661,779,832,1828,2438,2861,2665,2192,1863,1099,418,96,2100,544,10
Croatia,1969,22597,1373,1794,421,189,171,377,787,1029,1557,2569,5459,5131,3005,523,427,360,433,596,704,853,791,1778,2507,2952,2866,2265,1879,1126,424,99,1983,548,10
Croatia,1970,23092,1290,1689,399,182,165,378,812,1023,1653,2516,5615,5465,3044,533,462,350,427,596,755,898,833,1683,2580,3035,3080,2385,1893,1151,433,100,1871,543,11
Croatia,1971,23140,1242,1609,367,173,155,369,824,989,1709,2424,5626,5709,3012,531,486,338,412,577,787,922,920,1504,2581,3045,3216,2493,1863,1149,433,98,1782,524,11
Croatia,1972,23380,1243,1586,343,164,149,362,841,956,1763,2362,5655,5993,3001,537,497,344,398,558,815,948,1045,1317,2572,3083,3346,2647,1849,1152,439,98,1750,511,12
Croatia,1973,23273,1171,1497,326,154,139,343,851,912,1791,2302,5583,6181,2978,536,500,351,377,535,817,974,1149,1153,2489,3094,3399,2782,1841,1137,440,96,1651,482,12
Croatia,1974,23399,1126,1438,312,144,133,327,871,871,1832,2308,5513,6401,3014,538,500,371,358,513,813,1019,1231,1077,2378,3135,3451,2950,1884,1130,443,95,1582,460,12
Croatia,1975,23328,1051,1351,300,133,124,308,880,827,1850,2362,5329,6551,3063,540,488,392,337,490,789,1061,1254,1108,2186,3143,3457,3094,1948,1115,445,95,1484,432,12
Croatia,1976,23721,1029,1319,290,125,120,294,899,803,1887,2546,5157,6806,3201,549,483,416,325,478,770,1117,1299,1247,1970,3187,3525,3281,2079,1122,453,96,1444,414,12
Croatia,1977,24326,990,1275,285,121,114,286,912,802,1934,2803,4984,7120,3399,567,480,432,334,468,758,1176,1356,1447,1749,3235,3642,3478,2255,1144,466,101,1396,400,12
Croatia,1978,25142,999,1278,279,119,111,279,925,814,1972,3095,4835,7470,3653,581,472,453,355,459,750,1222,1445,1650,1576,3259,3804,3666,2467,1186,477,104,1397,390,12
Croatia,1979,25866,935,1211,276,117,109,270,930,834,1991,3367,4720,7786,3931,588,464,466,386,448,741,1250,1556,1811,1514,3206,3963,3823,2682,1249,482,106,1328,379,12
Croatia,1980,27356,939,1214,275,120,109,269,953,890,2052,3690,4810,8295,4339,606,466,487,441,449,759,1293,1732,1958,1670,3140,4227,4068,2974,1365,497,109,1334,378,12
Croatia,1981,28162,914,1183,269,118,103,265,954,924,2046,3927,4811,8573,4640,603,459,495,481,443,758,1288,1866,2061,1934,2877,4358,4215,3178,1462,495,108,1301,368,12
Croatia,1982,29228,851,1116,265,118,102,262,961,981,2063,4208,4901,8927,4974,605,455,506,513,468,764,1299,2009,2199,2302,2599,4503,4424,3386,1588,498,107,1234,364,11
Croatia,1983,31533,897,1163,266,123,105,272,997,1097,2163,4686,5229,9588,5468,628,469,528,573,524,797,1366,2209,2477,2765,2464,4759,4829,3691,1777,521,107,1286,377,11
Croatia,1984,28990,767,998,231,109,92,241,880,1052,1925,4446,4852,8700,5113,572,410,470,534,518,706,1219,2041,2405,2725,2127,4202,4498,3414,1699,479,93,1107,333,9
Croatia,1985,27919,698,907,209,100,87,218,807,1057,1788,4378,4839,8132,5033,564,374,433,512,545,645,1143,1929,2449,2688,2151,3758,4374,3320,1713,479,85,1007,305,9
Croatia,1986,27256,632,824,192,92,81,197,753,1062,1689,4328,5050,7555,5039,575,349,404,495,567,605,1084,1825,2503,2683,2367,3268,4287,3292,1747,494,81,916,278,8
Croatia,1987,27583,589,770,181,87,79,188,725,1079,1680,4406,5518,7190,5230,619,337,388,494,585,619,1061,1789,2617,2781,2737,2872,4318,3400,1830,536,83,857,267,8
Croatia,1988,27453,507,675,168,81,75,177,685,1074,1651,4372,5907,6746,5341,658,317,368,473,601,633,1018,1729,2643,2881,3026,2515,4231,3468,1873,573,85,756,252,8
Croatia,1989,27444,453,604,151,76,72,169,648,1059,1645,4305,6254,6441,5462,703,301,347,454,605,673,972,1666,2639,3025,3229,2366,4075,3543,1919,613,90,680,241,8
Croatia,1990,27524,444,580,136,71,70,162,609,1033,1651,4206,6506,6304,5572,752,282,327,434,599,736,915,1620,2586,3198,3308,2506,3798,3601,1971,654,98,651,232,8
Croatia,1991,32520,424,598,174,91,89,283,1182,1617,2166,4805,7650,6952,6212,866,550,632,719,898,1059,1107,1883,2922,3824,3826,3180,3772,3993,2219,751,115,689,372,9
Croatia,1992,27529,378,498,120,65,64,160,585,1019,1705,3976,6919,6147,5603,783,266,319,414,605,811,894,1533,2443,3457,3462,3226,2921,3562,2041,686,97,563,224,4
Croatia,1993,26454,324,431,107,56,57,146,522,925,1674,3692,6828,5922,5416,781,238,284,372,553,797,877,1414,2278,3367,3461,3435,2487,3386,2030,681,100,487,203,4
Croatia,1994,26005,348,440,92,48,51,127,446,829,1675,3456,6856,5929,5305,836,203,243,325,504,768,907,1313,2143,3293,3563,3593,2336,3235,2070,713,123,488,178,7
Croatia,1995,27639,361,463,102,51,53,161,610,967,1934,3504,7265,6390,5308,924,288,322,396,571,851,1083,1310,2194,3358,3907,3805,2585,3125,2183,777,147,514,214,11
Croatia,1996,26615,319,409,90,41,44,116,398,753,1841,3258,7182,6707,4927,933,189,209,293,460,766,1075,1198,2060,3178,4004,3827,2880,2754,2173,794,139,450,160,8
Croatia,1997,27102,334,421,87,38,42,111,382,721,1852,3225,7303,7297,4686,1013,182,200,279,442,758,1094,1214,2011,3128,4175,3983,3314,2456,2230,857,156,459,153,10
Croatia,1998,27409,240,328,88,35,40,105,367,689,1862,3195,7343,7890,4457,1083,176,191,267,422,732,1130,1242,1953,3071,4272,4181,3709,2203,2254,913,170,363,145,12
Croatia,1999,27253,198,276,78,35,36,98,349,646,1817,3147,7175,8263,4276,1123,168,181,252,394,695,1122,1296,1851,2933,4242,4341,3922,2087,2189,942,181,311,134,15
Croatia,2000,26083,179,243,64,34,32,87,321,579,1683,2985,6689,8154,4150,1111,155,166,225,354,629,1054,1332,1653,2717,3972,4354,3800,2172,1978,923,188,277,119,17
Croatia,2001,26042,199,255,56,31,28,81,306,543,1629,2956,6450,8363,4230,1145,146,160,207,336,594,1035,1402,1554,2617,3833,4515,3848,2449,1781,939,206,286,109,19
Croatia,2002,26552,184,237,53,31,27,76,292,519,1599,3019,6368,8769,4404,1187,139,153,197,322,571,1028,1452,1567,2569,3799,4747,4022,2809,1595,961,226,268,103,22
Croatia,2003,27346,170,222,52,29,26,72,284,500,1575,3156,6346,9257,4627,1229,133,151,187,313,558,1017,1538,1618,2543,3803,4959,4298,3167,1460,987,242,251,98,24
Croatia,2004,25990,140,186,46,23,24,61,254,448,1421,3078,5781,9014,4517,1157,117,137,168,280,497,924,1474,1604,2305,3476,4729,4285,3163,1354,921,236,209,85,24
Croatia,2005,26717,134,177,43,22,22,58,245,431,1380,3284,5678,9438,4810,1146,112,133,165,266,479,901,1497,1787,2210,3468,4781,4657,3298,1512,904,242,199,80,26
Croatia,2006,25942,118,155,37,19,21,51,220,389,1268,3283,5286,9257,4927,1036,99,121,152,237,440,828,1436,1847,2022,3264,4520,4737,3298,1629,799,237,174,72,28
Croatia,2007,26923,113,147,34,18,21,49,215,376,1245,3415,5342,9650,5423,986,97,118,149,227,430,815,1460,1955,2073,3269,4582,5068,3542,1881,739,247,165,70,31
Croatia,2008,26879,130,162,32,16,19,45,197,353,1174,3407,5215,9597,5734,923,88,109,142,211,404,770,1399,2008,2075,3140,4463,5134,3700,2034,671,252,178,64,34
Croatia,2009,26672,122,154,32,15,18,43,179,332,1095,3347,5119,9414,5998,923,78,101,135,197,378,717,1332,2015,2145,2974,4282,5132,3877,2121,667,256,169,61,36
Croatia,2010,26344,103,133,30,13,15,40,165,310,1011,3225,5039,9153,6223,980,72,93,126,184,347,664,1250,1975,2294,2745,4130,5023,4072,2151,728,252,146,55,38
Croatia,2011,25940,101,129,28,12,13,38,146,290,929,3087,4955,8825,6442,1030,62,84,117,173,311,618,1165,1922,2405,2550,3961,4864,4224,2218,795,235,141,51,41
Croatia,2012,26627,84,112,28,11,11,36,139,281,892,3071,5115,8880,6903,1127,59,80,113,168,295,597,1132,1939,2521,2594,3947,4933,4500,2403,901,226,123,47,45
Croatia,2013,25906,84,108,24,11,11,34,125,257,812,2855,5060,8455,6973,1156,54,71,101,156,266,546,1042,1813,2530,2530,3719,4736,4482,2491,947,209,119,45,47
Croatia,2014,25914,99,123,24,10,9,29,117,242,763,2712,5198,8193,7240,1228,52,65,95,147,249,514,974,1738,2563,2635,3564,4629,4568,2672,1008,220,133,38,49
Croatia,2015,27511,82,107,25,10,9,29,114,242,760,2731,5752,8409,7922,1373,53,61,92,150,252,508,974,1757,2716,3036,3557,4852,4879,3043,1118,255,117,38,52
Croatia,2016,26470,77,99,22,10,7,24,102,218,680,2495,5728,7844,7800,1411,49,53,82,136,232,448,888,1607,2599,3129,3249,4595,4693,3107,1147,264,109,31,46
Croatia,2017,27067,84,106,22,9,7,23,97,209,650,2425,5905,7905,8133,1554,47,50,79,130,225,425,860,1565,2625,3280,3304,4601,4814,3319,1263,291,115,30,43
Croatia,2018,27209,94,117,23,8,7,20,93,195,616,2315,5971,7860,8285,1684,45,48,72,123,218,398,818,1497,2553,3418,3348,4512,4843,3442,1371,313,125,27,41
Croatia,2019,26539,76,98,22,8,6,19,87,176,567,2129,5805,7670,8153,1775,40,47,64,112,201,366,754,1375,2405,3400,3420,4250,4683,3470,1446,329,106,25,44
Croatia,2020,29218,75,99,24,8,6,20,87,180,599,2214,6300,8520,9033,2097,39,48,65,115,213,386,778,1436,2540,3760,4095,4425,5137,3896,1709,388,107,26,52
Croatia,2021,32096,72,98,26,9,8,19,91,183,639,2313,6854,9502,9905,2417,38,53,65,118,226,413,797,1516,2691,4163,4851,4651,5589,4316,1962,455,107,27,60
Cuba,1950,34945,8410,12496,4086,903,496,679,1299,1242,1969,2670,4620,5027,3022,520,709,590,563,679,844,1125,1242,1428,2170,2450,2605,2422,1904,1118,418,102,13399,1175,3
Cuba,1951,35352,8369,12488,4119,904,499,690,1312,1238,2002,2782,4751,5190,3001,487,718,594,560,678,847,1155,1319,1463,2182,2569,2708,2482,1904,1097,400,87,13392,1189,8
Cuba,1952,35338,8236,12267,4031,887,493,697,1313,1226,2003,2909,4815,5303,2956,457,718,595,555,671,845,1158,1394,1515,2133,2682,2777,2526,1887,1069,374,83,13154,1190,10
Cuba,1953,35276,8156,12077,3921,865,481,703,1313,1212,1988,3043,4838,5397,2915,429,717,596,551,661,839,1149,1462,1581,2055,2783,2833,2564,1874,1041,351,78,12942,1184,11
Cuba,1954,35153,8083,11898,3815,847,467,699,1291,1182,1955,3163,4832,5510,2889,413,704,587,539,643,826,1129,1511,1652,1993,2839,2902,2608,1869,1020,339,74,12745,1166,9
Cuba,1955,35108,7996,11703,3707,831,455,693,1274,1154,1922,3270,4842,5663,2898,398,696,578,528,626,809,1113,1544,1726,1979,2863,2990,2673,1887,1011,330,68,12534,1148,7
Cuba,1956,35422,7904,11504,3600,813,445,707,1358,1188,1934,3401,4871,5871,2934,387,744,614,551,637,817,1117,1577,1824,2015,2856,3113,2758,1925,1009,322,65,12317,1152,6
Cuba,1957,35493,7809,11304,3495,791,433,697,1346,1162,1902,3497,4878,6108,2987,380,742,604,542,620,798,1104,1574,1923,2084,2794,3265,2843,1973,1014,318,62,12095,1130,6
Cuba,1958,35611,7728,11116,3388,771,423,685,1336,1141,1877,3585,4899,6351,3048,376,742,594,534,607,781,1096,1562,2023,2187,2712,3417,2934,2028,1020,316,60,11887,1108,6
Cuba,1959,35636,7765,11052,3287,755,414,656,1241,1073,1820,3634,4951,6548,3115,369,695,546,499,574,748,1072,1536,2098,2300,2651,3512,3036,2085,1030,311,58,11807,1070,6
Cuba,1960,35855,7850,11040,3190,738,404,642,1220,1055,1791,3686,5056,6675,3180,363,682,538,492,563,732,1059,1527,2159,2417,2639,3541,3134,2139,1041,307,56,11778,1046,5
Cuba,1961,36401,7930,11052,3122,723,397,654,1309,1113,1812,3750,5237,6748,3241,358,727,582,526,587,743,1069,1537,2213,2553,2684,3506,3242,2190,1051,303,55,11775,1051,5
Cuba,1962,36403,8003,11067,3064,710,388,623,1210,1055,1759,3733,5444,6756,3299,355,667,543,493,562,716,1043,1523,2210,2683,2761,3392,3364,2233,1066,301,54,11777,1011,5
Cuba,1963,37393,8146,11344,3198,846,451,646,1233,1081,1767,3767,5743,6777,3380,353,675,558,505,576,721,1046,1544,2223,2843,2900,3279,3498,2290,1090,300,53,12190,1097,5
Cuba,1964,36674,7816,10767,2951,685,371,602,1187,1049,1716,3713,5975,6763,3479,359,644,543,489,560,699,1017,1522,2191,2940,3035,3189,3574,2360,1119,306,53,11452,973,5
Cuba,1965,36617,7486,10343,2857,678,361,593,1163,1034,1693,3698,6243,6819,3620,366,629,534,481,553,692,1001,1511,2187,3037,3206,3202,3617,2457,1163,314,52,11021,954,4
Cuba,1966,36532,7133,9850,2717,671,353,584,1133,1010,1667,3680,6505,6905,3790,377,614,519,469,541,683,984,1495,2185,3105,3400,3289,3616,2576,1214,325,52,10521,937,4
Cuba,1967,36410,6785,9338,2553,662,344,574,1098,985,1643,3659,6745,6987,3978,389,597,501,457,528,676,967,1474,2185,3130,3615,3438,3549,2716,1262,336,53,10000,918,4
Cuba,1968,36227,6447,8827,2380,652,336,566,1063,964,1621,3636,6942,7071,4147,401,580,483,448,516,670,951,1451,2185,3123,3819,3623,3448,2841,1306,348,53,9479,902,4
Cuba,1969,35922,6101,8306,2205,635,326,556,1035,948,1598,3602,7074,7177,4251,407,566,469,442,506,662,936,1427,2175,3102,3972,3808,3369,2901,1350,354,53,8941,882,4
Cuba,1970,35445,5733,7768,2035,607,318,544,1015,948,1585,3563,7122,7291,4265,414,556,459,443,505,658,927,1408,2155,3069,4053,3958,3333,2882,1383,360,54,8375,862,4
Cuba,1971,34796,5340,7198,1858,567,307,535,1002,960,1577,3515,7082,7414,4213,419,547,455,451,509,654,923,1392,2123,3027,4055,4080,3334,2798,1415,365,54,7765,842,4
Cuba,1972,34439,4923,6599,1676,527,299,526,1002,980,1577,3483,7043,7661,4298,443,544,458,462,518,651,926,1386,2097,3008,4035,4231,3430,2765,1533,387,56,7126,825,4
Cuba,1973,33931,4374,5852,1478,487,297,517,1012,1009,1591,3445,6942,7892,4389,491,544,468,477,532,655,936,1382,2063,2981,3961,4373,3519,2729,1660,433,58,6339,814,4
Cuba,1974,33462,3779,5046,1267,450,302,510,1034,1054,1621,3416,6812,8093,4540,576,549,485,500,554,666,955,1387,2029,2939,3873,4493,3600,2755,1785,511,65,5496,812,4
Cuba,1975,33166,3172,4240,1068,421,314,509,1077,1108,1666,3397,6684,8268,4767,711,562,515,524,584,687,979,1396,2001,2887,3797,4571,3697,2852,1915,629,82,4661,823,5
Cuba,1976,33154,2627,3516,889,399,329,516,1130,1168,1731,3391,6567,8458,5044,899,580,550,548,620,720,1011,1414,1977,2829,3738,4596,3862,2986,2058,785,114,3915,845,5
Cuba,1977,33435,2167,2902,735,386,347,534,1189,1237,1807,3398,6465,8687,5328,1148,602,587,574,663,761,1046,1439,1959,2767,3698,4564,4123,3119,2209,972,176,3288,881,6
Cuba,1978,33930,1755,2364,609,374,361,559,1248,1306,1885,3409,6383,8966,5601,1467,623,625,602,704,808,1077,1465,1944,2712,3671,4507,4459,3225,2376,1181,286,2738,920,10
Cuba,1979,34791,1567,2078,511,365,369,589,1293,1370,1953,3422,6329,9272,5874,1854,641,652,628,742,853,1100,1489,1933,2677,3652,4467,4805,3312,2562,1392,462,2443,958,23
Cuba,1980,35645,1356,1775,419,344,371,621,1318,1425,2006,3432,6295,9552,6180,2280,655,663,656,769,891,1115,1502,1930,2663,3632,4464,5088,3453,2727,1606,674,2119,992,47
Cuba,1981,36704,1286,1655,369,327,364,650,1327,1466,2034,3445,6282,9768,6536,2754,668,659,679,787,919,1115,1508,1937,2668,3614,4498,5270,3732,2804,1824,930,1982,1014,95
Cuba,1982,36660,1395,1724,329,306,354,672,1348,1500,2075,3486,6269,9768,6675,2367,695,653,702,798,945,1130,1520,1966,2683,3586,4519,5249,4155,2520,1600,767,2030,1026,115
Cuba,1983,36735,1432,1750,318,284,342,685,1378,1526,2120,3538,6280,9756,6904,2054,730,648,719,807,967,1153,1531,2007,2704,3576,4557,5199,4605,2299,1425,629,2034,1027,119
Cuba,1984,36900,1390,1702,312,259,330,695,1425,1558,2174,3603,6317,9760,7151,1818,772,653,737,821,983,1191,1546,2057,2727,3590,4590,5170,4948,2203,1287,531,1961,1025,116
Cuba,1985,37216,1351,1657,306,235,317,702,1497,1594,2245,3674,6380,9785,7397,1633,821,676,752,842,1003,1242,1570,2104,2759,3621,4610,5175,5123,2274,1172,461,1892,1019,105
Cuba,1986,37687,1318,1616,298,213,302,708,1597,1637,2335,3760,6463,9824,7649,1486,879,718,768,869,1030,1305,1610,2150,2801,3662,4614,5210,5154,2495,1073,413,1829,1010,93
Cuba,1987,38347,1311,1603,292,201,285,714,1716,1682,2439,3859,6559,9889,7926,1385,934,782,782,900,1062,1377,1665,2194,2855,3704,4614,5275,5111,2815,995,390,1804,999,90
Cuba,1988,39118,1312,1596,284,195,266,717,1840,1727,2542,3964,6655,9979,8245,1318,982,858,799,928,1099,1443,1734,2230,2917,3738,4626,5353,5072,3173,962,356,1791,983,70
Cuba,1989,40021,1263,1542,279,192,244,710,1952,1773,2636,4067,6742,10108,8621,1360,1015,937,822,951,1137,1499,1807,2260,2977,3765,4669,5439,5102,3519,1006,354,1734,954,68
Cuba,1990,41062,1202,1473,271,192,224,692,2035,1816,2712,4163,6823,10268,9074,1525,1029,1006,853,963,1173,1539,1878,2285,3026,3797,4737,5531,5230,3844,1164,361,1665,916,66
Cuba,1991,42129,1072,1334,262,192,204,658,2077,1856,2758,4246,6902,10442,9592,1804,1024,1053,892,964,1199,1559,1936,2310,3064,3838,4823,5619,5441,4151,1437,367,1526,862,65
Cuba,1992,43166,965,1213,248,193,188,609,2075,1898,2783,4323,6976,10592,10096,2154,1002,1073,941,957,1215,1568,1978,2345,3090,3886,4898,5694,5686,4410,1787,367,1406,797,62
Cuba,1993,44039,876,1102,226,192,177,552,2035,1944,2798,4405,7043,10701,10518,2516,964,1071,995,949,1223,1575,2008,2397,3103,3940,4946,5755,5905,4613,2142,374,1294,729,60
Cuba,1994,44573,807,1013,206,193,170,493,1955,1983,2799,4488,7094,10756,10769,2800,906,1049,1040,943,1220,1579,2028,2460,3106,3988,4961,5795,6034,4735,2407,393,1206,663,55
Cuba,1995,44987,766,953,187,190,167,437,1841,2015,2792,4594,7167,10826,10923,3032,830,1011,1074,941,1206,1586,2050,2544,3121,4046,4985,5841,6094,4829,2573,459,1143,604,51
Cuba,1996,44942,706,878,172,185,168,386,1709,2037,2779,4697,7228,10828,10839,3155,743,966,1085,952,1182,1597,2071,2626,3144,4084,4994,5834,6017,4822,2619,536,1063,554,46
Cuba,1997,44744,712,870,158,175,168,347,1575,2047,2757,4797,7291,10795,10637,3240,656,919,1073,974,1154,1603,2095,2702,3190,4101,5010,5785,5876,4761,2607,633,1045,515,44
Cuba,1998,44485,677,827,150,163,166,320,1440,2038,2720,4876,7363,10752,10445,3317,572,868,1034,1004,1121,1599,2117,2759,3261,4102,5040,5712,5744,4701,2605,712,990,486,54
Cuba,1999,44409,642,785,143,150,162,304,1306,2009,2679,4936,7436,10740,10360,3447,499,807,975,1034,1093,1586,2134,2802,3350,4086,5079,5661,5682,4678,2657,790,935,466,92
Cuba,2000,44633,590,726,136,139,158,295,1179,1955,2630,4969,7517,10788,10470,3693,441,738,907,1048,1077,1553,2145,2824,3452,4065,5126,5662,5738,4732,2793,900,865,453,108
Cuba,2001,45263,549,680,131,128,152,290,1054,1884,2583,4979,7621,10928,10768,4073,396,658,841,1043,1074,1509,2144,2835,3538,4083,5177,5751,5889,4879,3009,1064,808,442,124
Cuba,2002,46232,529,655,126,119,144,284,943,1803,2545,4966,7751,11150,11158,4559,365,578,786,1017,1088,1457,2130,2836,3597,4154,5235,5915,6066,5092,3278,1281,774,428,153
Cuba,2003,47224,493,613,120,114,135,278,849,1707,2532,4942,7914,11406,11564,4978,347,502,736,971,1124,1408,2105,2837,3655,4259,5295,6111,6241,5323,3516,1462,727,413,193
Cuba,2004,48008,448,560,112,107,125,272,780,1612,2553,4930,8106,11616,11934,5174,338,442,692,920,1171,1382,2078,2852,3713,4393,5334,6282,6395,5539,3643,1531,667,397,239
Cuba,2005,48657,411,518,107,101,115,268,727,1530,2594,4932,8313,11781,12262,5261,333,394,649,881,1212,1382,2054,2878,3755,4558,5363,6418,6524,5738,3730,1531,619,383,257
Cuba,2006,49168,374,475,101,94,108,265,689,1462,2655,4937,8507,11931,12491,5293,330,359,608,854,1246,1409,2036,2901,3798,4709,5442,6489,6644,5847,3778,1515,569,373,262
Cuba,2007,49623,366,461,95,88,101,261,661,1412,2731,4935,8703,12099,12617,5304,323,338,568,844,1261,1470,2025,2910,3851,4852,5561,6538,6763,5854,3801,1503,549,362,254
Cuba,2008,50082,382,472,90,80,98,253,647,1364,2813,4936,8917,12278,12664,5318,316,331,527,837,1250,1563,2018,2918,3904,5013,5672,6606,6850,5814,3807,1511,552,351,246
Cuba,2009,50557,392,478,86,75,97,240,645,1316,2890,4967,9105,12450,12713,5338,313,332,491,825,1225,1665,2027,2940,3960,5145,5825,6625,6916,5797,3807,1531,553,337,245
Cuba,2010,51109,381,465,84,71,95,223,657,1261,2957,5040,9223,12647,12800,5422,315,342,460,801,1199,1758,2076,2964,4013,5210,6034,6613,6977,5823,3811,1611,536,318,250
Cuba,2011,51800,381,464,83,68,94,206,675,1200,3019,5155,9314,12900,12893,5544,319,356,432,768,1177,1842,2156,2999,4054,5260,6211,6689,6990,5903,3828,1716,532,300,270
Cuba,2012,52728,357,439,82,65,92,194,689,1135,3056,5319,9408,13221,13068,5714,322,367,411,724,1164,1892,2281,3038,4075,5333,6413,6808,7040,6028,3855,1859,504,286,328
Cuba,2013,53287,346,427,81,65,90,185,697,1084,3065,5525,9522,13579,13188,5504,320,377,408,676,1160,1905,2465,3060,4125,5397,6678,6901,7137,6051,3763,1741,492,275,356
Cuba,2014,54338,331,411,80,67,88,182,699,1051,3047,5783,9729,14066,13370,5464,309,390,417,634,1156,1891,2666,3117,4223,5506,6912,7154,7215,6155,3799,1665,478,270,382
Cuba,2015,56015,325,403,78,70,88,183,694,1035,3015,6096,10034,14678,13685,5619,294,400,436,599,1145,1870,2849,3247,4351,5683,7103,7575,7326,6359,3944,1675,473,271,418
Cuba,2016,58101,303,379,76,74,86,189,680,1025,2974,6458,10421,15332,14146,5895,274,406,459,566,1128,1846,3024,3434,4509,5912,7329,8003,7591,6555,4156,1739,453,275,447
Cuba,2017,60001,290,363,73,78,84,193,666,1007,2929,6833,10782,15974,14556,6084,263,403,466,541,1088,1841,3144,3689,4666,6116,7559,8415,7849,6707,4315,1769,441,277,452
Cuba,2018,61062,287,357,70,76,78,194,651,976,2881,7184,11053,16428,14708,6048,267,384,446,530,1021,1860,3177,4007,4782,6271,7691,8737,7943,6765,4319,1729,433,272,429
Cuba,2019,60710,268,335,67,69,70,185,632,923,2846,7452,11227,16443,14389,5757,290,342,398,525,940,1906,3156,4296,4905,6322,7711,8732,7907,6482,4127,1630,404,255,387
Cuba,2020,63696,249,314,65,53,55,179,619,975,2757,7676,11438,17003,15650,6541,267,352,451,524,923,1834,3123,4553,5108,6330,7980,9023,8685,6965,4653,1888,367,234,435
Cuba,2021,90995,231,293,62,65,93,158,655,1336,3825,10937,16235,25108,22856,8905,292,363,549,787,1265,2560,4233,6704,7094,9141,11774,13334,12885,9971,6369,2536,358,251,531
Curacao,1950,538,144,188,44,10,5,10,30,30,40,44,57,84,35,10,15,15,15,15,20,20,20,24,25,32,43,41,21,14,7,3,198,15,1
Curacao,1951,552,145,189,44,12,6,10,30,30,43,45,57,83,37,7,15,15,15,15,21,22,20,25,25,32,42,41,23,14,6,1,201,16,1
Curacao,1952,544,143,185,42,12,5,10,30,30,44,49,56,84,37,7,15,15,15,15,19,25,23,26,26,30,41,43,25,12,6,1,197,15,0
Curacao,1953,541,139,178,39,12,5,10,28,30,43,51,59,82,40,6,15,13,15,15,18,25,25,26,30,29,39,43,29,11,6,0,190,15,0
Curacao,1954,538,135,172,37,13,5,10,27,30,43,51,60,81,41,6,14,13,15,15,18,25,25,26,30,30,37,44,30,11,6,0,185,15,0
Curacao,1955,536,130,166,36,13,5,10,27,29,43,51,60,79,46,4,14,13,14,15,18,25,25,26,30,30,36,43,33,13,4,0,179,15,0
Curacao,1956,531,125,159,34,13,5,10,25,28,43,57,60,78,46,5,14,11,13,15,18,25,30,27,30,30,35,43,33,13,5,0,172,15,0
Curacao,1957,532,121,153,32,13,7,10,25,28,44,60,62,75,50,5,14,11,13,15,19,25,30,30,31,31,33,42,35,15,5,0,166,17,0
Curacao,1958,529,116,148,32,13,10,10,24,28,43,60,65,72,52,4,14,10,13,15,19,24,30,30,31,34,33,39,35,17,4,0,161,20,0
Curacao,1959,530,112,142,30,13,10,10,24,28,43,66,67,70,54,4,14,10,13,15,19,24,34,32,32,35,32,38,36,18,4,0,155,20,0
Curacao,1960,528,107,137,30,13,10,10,23,27,42,68,70,71,55,4,13,10,12,15,19,23,33,35,35,35,34,37,36,19,4,0,150,20,0
Curacao,1961,525,100,129,29,13,10,10,23,28,42,68,70,70,53,4,13,10,13,15,19,23,33,35,35,35,35,35,34,19,4,0,142,20,0
Curacao,1962,519,96,123,27,13,10,10,20,26,40,70,72,70,55,5,10,10,11,15,18,22,31,39,35,37,35,35,34,21,5,0,136,20,0
Curacao,1963,521,92,118,26,14,10,11,24,26,40,71,80,72,54,6,14,10,11,15,18,22,31,40,40,40,37,35,33,21,6,0,132,21,0
Curacao,1964,522,88,111,23,14,10,12,24,26,40,73,81,74,53,6,14,10,11,15,17,23,30,43,41,40,39,35,32,21,6,0,125,22,0
Curacao,1965,519,84,107,23,14,10,12,24,25,39,71,84,75,52,7,14,10,10,15,17,22,29,42,44,40,40,35,31,21,7,0,121,22,0
Curacao,1966,520,81,103,22,13,10,12,24,25,38,70,90,80,50,7,14,10,10,15,16,22,28,42,45,45,44,36,29,21,7,0,116,22,0
Curacao,1967,513,77,99,22,12,10,12,24,23,37,67,94,82,49,7,14,10,10,13,16,21,27,40,49,45,45,37,29,20,7,0,111,22,0
Curacao,1968,515,73,92,19,12,10,12,24,23,36,66,97,84,47,7,14,10,10,13,15,21,27,39,50,47,45,39,28,19,7,0,104,22,0
Curacao,1969,517,68,87,19,12,10,12,25,24,36,63,104,87,48,7,15,10,10,14,15,21,26,37,53,51,46,41,29,19,7,0,99,22,0
Curacao,1970,508,63,80,17,11,10,12,25,23,35,61,104,93,47,7,15,10,10,13,15,20,26,35,51,53,50,43,29,18,7,0,91,22,0
Curacao,1971,508,59,75,16,11,10,13,25,23,35,60,106,95,48,7,15,10,10,13,15,20,26,34,51,55,50,45,30,18,7,0,86,23,0
Curacao,1972,510,54,68,14,11,10,13,25,23,35,58,106,100,49,7,15,10,10,13,15,20,26,32,49,57,53,47,32,17,7,0,79,23,0
Curacao,1973,496,51,64,13,10,10,13,24,22,34,55,105,104,49,7,14,10,10,12,15,19,24,31,46,59,56,48,33,16,7,0,74,23,0
Curacao,1974,502,47,60,13,10,10,13,25,22,34,57,104,108,52,7,15,10,10,12,15,19,26,31,45,59,58,50,35,17,7,0,70,23,0
Curacao,1975,507,44,55,11,10,10,13,25,21,35,58,104,115,54,7,15,10,10,11,15,20,26,32,42,62,63,52,37,17,7,0,65,23,0
Curacao,1976,498,42,52,10,8,7,13,24,20,34,57,102,118,56,7,14,10,10,10,15,19,25,32,41,61,64,54,38,18,7,0,60,20,0
Curacao,1977,503,40,49,9,7,7,13,24,20,34,58,98,124,58,7,14,10,10,10,15,19,25,33,39,59,68,56,39,19,7,0,56,20,0
Curacao,1978,510,38,46,8,7,6,13,25,20,35,59,99,130,63,7,15,10,10,10,15,20,26,33,40,59,70,60,42,21,7,0,53,19,0
Curacao,1979,505,36,44,8,6,6,12,24,20,33,58,95,133,64,7,14,10,10,10,14,19,25,33,40,55,71,62,43,21,7,0,50,18,0
Curacao,1980,510,35,43,8,5,5,12,25,20,32,59,93,139,68,7,15,10,10,10,13,19,26,33,40,53,73,66,45,23,7,0,48,17,0
Curacao,1981,516,34,42,8,5,5,12,25,20,32,60,93,141,70,7,15,10,10,10,13,19,26,34,42,51,72,69,45,25,7,0,47,17,0
Curacao,1982,521,33,40,7,5,5,11,25,20,32,60,92,146,75,7,15,10,10,10,13,19,26,34,43,49,73,73,50,25,7,0,45,16,0
Curacao,1983,527,33,40,7,5,5,10,26,20,33,62,93,146,77,8,15,11,10,10,14,19,27,35,43,50,70,76,52,25,8,0,45,15,0
Curacao,1984,536,32,38,6,5,5,10,26,20,35,62,96,146,83,8,15,11,10,10,15,20,27,35,45,51,68,78,57,26,8,0,43,15,0
Curacao,1985,527,32,37,5,5,5,8,21,20,32,62,95,144,88,9,11,10,10,10,14,18,27,35,44,51,65,79,58,30,9,0,42,13,0
Curacao,1986,534,32,37,5,5,5,8,20,20,32,62,97,141,93,9,10,10,10,10,14,18,27,35,44,53,62,79,63,30,9,0,42,13,0
Curacao,1987,540,31,36,5,5,5,8,20,20,32,64,99,141,96,10,10,10,10,10,14,18,27,37,45,54,62,79,65,31,9,1,41,13,0
Curacao,1988,545,30,34,4,5,5,7,20,20,32,64,103,138,102,10,10,10,10,10,14,18,27,37,47,56,61,77,69,33,9,1,39,12,0
Curacao,1989,554,30,37,7,5,5,7,20,20,34,65,105,139,107,11,10,10,10,10,15,19,27,38,47,58,65,74,71,36,10,1,42,12,0
Curacao,1990,554,28,32,4,5,5,6,20,20,35,66,107,137,112,12,10,10,10,10,15,20,27,39,48,59,65,72,73,39,11,1,37,11,0
Curacao,1991,558,27,31,4,5,5,6,20,20,35,66,108,135,114,12,10,10,10,10,15,20,27,39,49,59,66,69,73,41,11,1,36,11,0
Curacao,1992,562,26,30,4,5,5,5,20,20,36,67,109,138,115,13,10,10,10,10,15,21,27,40,50,59,69,69,72,43,12,1,35,10,0
Curacao,1993,566,24,28,4,5,5,5,17,20,36,67,113,142,113,14,7,10,10,10,15,21,27,40,52,61,72,70,69,44,13,1,33,10,0
Curacao,1994,570,23,27,4,5,5,5,14,20,37,67,116,145,115,16,5,9,10,10,15,22,27,40,53,63,73,72,69,46,15,1,32,10,0
Curacao,1995,575,23,27,4,5,5,5,12,21,37,68,119,147,112,16,5,7,10,11,15,22,28,40,54,65,74,73,65,47,15,1,32,10,0
Curacao,1996,578,22,26,4,5,5,5,10,21,37,67,122,151,111,17,5,5,10,11,15,22,28,39,56,66,75,76,63,48,15,2,31,10,0
Curacao,1997,583,21,25,4,5,5,5,10,20,36,68,124,156,109,18,5,5,9,11,15,21,29,39,56,68,77,79,63,46,16,2,30,10,0
Curacao,1998,587,21,25,4,5,5,5,10,19,36,69,126,158,110,19,5,5,8,11,15,21,30,39,56,70,79,79,65,45,17,2,30,10,0
Curacao,1999,590,20,24,4,5,5,5,10,19,36,68,126,163,109,20,5,5,8,11,15,21,29,39,55,71,80,83,65,44,18,2,29,10,0
Curacao,2000,594,20,24,4,5,5,5,10,17,36,69,129,167,110,20,5,5,7,10,15,21,29,40,55,74,83,84,68,42,18,2,29,10,0
Curacao,2001,602,19,23,4,5,5,5,10,16,38,70,131,170,110,22,5,5,6,10,16,22,29,41,56,75,85,85,69,41,20,2,28,10,0
Curacao,2002,609,19,23,4,5,5,5,10,15,38,72,132,176,115,19,5,5,5,10,16,22,30,42,55,77,88,88,74,41,17,2,28,10,0
Curacao,2003,619,19,23,4,5,5,5,10,15,38,74,132,179,117,19,5,5,5,10,16,22,30,44,55,77,90,89,75,42,17,2,28,10,0
Curacao,2004,635,18,22,4,5,5,5,10,14,39,77,138,188,119,18,5,5,5,9,16,23,32,45,58,80,95,93,76,43,16,2,27,10,0
Curacao,2005,648,18,22,4,5,5,5,10,14,39,80,140,191,122,19,5,5,5,9,15,24,33,47,60,80,97,94,78,44,16,3,27,10,0
Curacao,2006,672,18,22,4,5,5,5,10,13,40,83,146,199,126,19,5,5,5,8,15,25,34,49,64,82,101,98,80,46,16,3,27,10,0
Curacao,2007,690,17,21,4,5,5,5,10,13,41,88,153,204,130,19,5,5,5,8,15,26,36,52,68,85,104,100,81,49,16,3,26,10,0
Curacao,2008,712,17,21,4,5,5,5,10,13,41,91,161,214,133,18,5,5,5,8,15,26,37,54,72,89,109,105,84,49,16,2,26,10,0
Curacao,2009,731,16,20,4,5,3,5,10,13,40,94,169,219,138,19,5,5,5,8,14,26,39,55,77,92,111,108,87,51,17,2,25,8,0
Curacao,2010,740,15,19,4,4,2,5,10,12,38,94,175,223,139,19,5,5,5,7,13,25,39,55,79,96,113,110,88,51,17,2,23,7,0
Curacao,2011,756,14,18,4,4,2,5,10,12,36,95,182,230,143,20,5,5,5,7,12,24,39,56,80,102,116,114,91,52,18,2,22,7,0
Curacao,2012,763,14,18,4,4,1,5,10,11,35,94,186,236,147,22,5,5,5,6,12,23,38,56,82,104,119,117,93,54,20,2,22,6,0
Curacao,2013,778,13,17,4,3,1,5,10,11,34,95,190,242,151,22,5,5,5,6,12,22,38,57,82,108,122,120,96,55,20,2,20,6,0
Curacao,2014,810,12,16,4,4,1,5,10,11,34,99,196,253,157,22,5,5,5,6,12,22,40,59,83,113,128,125,100,57,20,2,20,6,0
Curacao,2015,830,11,15,4,4,2,5,10,11,34,100,201,262,164,23,5,5,5,6,12,22,40,60,85,116,132,130,104,60,21,2,19,7,0
Curacao,2016,863,10,14,4,4,3,5,10,11,34,104,207,274,170,24,5,5,5,6,12,22,40,64,86,121,138,136,109,61,21,3,18,8,0
Curacao,2017,867,9,13,4,2,2,5,10,10,32,104,205,280,179,24,5,5,5,5,11,21,40,64,85,120,140,140,114,65,21,3,15,7,0
Curacao,2018,889,9,12,3,2,2,5,10,10,32,105,208,293,185,25,5,5,5,5,11,21,40,65,87,121,148,145,119,66,22,3,14,7,0
Curacao,2019,949,11,15,4,3,2,6,20,20,36,110,221,304,192,26,10,10,10,10,12,24,40,70,95,126,154,150,123,69,23,3,18,8,0
Curacao,2020,964,10,12,2,3,2,5,20,17,33,109,222,318,200,27,10,10,7,10,12,21,40,69,95,127,161,157,128,72,24,3,15,7,0
Curacao,2021,1046,10,12,2,1,2,5,20,20,36,114,242,347,220,30,10,10,10,10,12,24,40,74,105,137,175,172,140,80,26,4,13,7,0
Cyprus,1950,4034,920,1167,247,82,46,87,171,154,231,423,654,718,273,30,95,76,71,83,100,131,192,231,308,346,395,323,177,96,26,4,1249,133,1
Cyprus,1951,3937,832,1083,251,79,44,83,169,153,229,422,645,718,279,33,95,74,70,83,100,129,192,230,303,342,389,329,186,93,28,5,1162,127,1
Cyprus,1952,3793,750,981,231,77,41,80,163,147,227,419,629,710,283,33,90,73,68,79,100,127,189,230,291,338,375,335,193,90,30,3,1058,121,1
Cyprus,1953,3699,717,933,216,73,39,79,158,143,223,415,614,699,287,35,88,70,66,77,97,126,184,231,278,336,357,342,196,91,31,4,1006,118,0
Cyprus,1954,3628,693,888,195,78,38,75,150,139,220,411,604,691,296,38,83,67,65,74,95,125,176,235,267,337,340,351,201,95,35,3,966,113,0
Cyprus,1955,3610,658,836,178,78,35,78,168,148,224,414,597,681,307,41,92,76,70,78,96,128,174,240,259,338,326,355,207,100,36,5,914,113,0
Cyprus,1956,3558,628,793,165,72,34,75,163,146,223,411,591,677,324,48,90,73,70,76,95,128,172,239,257,334,323,354,221,103,42,6,865,109,0
Cyprus,1957,3534,607,760,153,70,35,72,161,144,220,408,587,673,347,59,90,71,70,74,92,128,172,236,263,324,331,342,245,102,50,9,830,107,0
Cyprus,1958,3510,585,729,144,66,37,68,154,139,216,403,581,667,374,73,87,67,65,74,90,126,173,230,272,309,346,321,275,99,61,12,795,105,0
Cyprus,1959,3490,563,697,134,62,37,65,154,136,211,398,579,660,402,88,88,66,65,71,88,123,174,224,284,295,362,298,305,97,70,18,759,102,1
Cyprus,1960,3377,541,667,126,57,39,57,125,114,194,382,564,646,426,102,72,53,53,61,80,114,171,211,285,279,369,277,323,103,73,29,724,96,2
Cyprus,1961,3383,527,647,120,54,41,55,120,112,188,381,571,649,452,110,69,51,52,60,77,111,172,209,291,280,370,279,324,128,69,41,701,96,3
Cyprus,1962,3290,474,582,108,49,39,58,115,108,182,382,580,660,450,82,64,51,49,59,75,107,170,212,288,292,354,306,288,162,45,37,631,97,4
Cyprus,1963,3922,482,636,154,75,53,101,243,193,253,459,663,722,457,64,127,116,93,100,111,142,205,254,320,343,362,360,265,192,33,31,711,154,4
Cyprus,1964,3887,450,590,140,73,51,106,241,191,249,459,681,735,452,57,125,116,92,99,110,139,200,259,318,363,347,388,248,204,33,24,663,157,4
Cyprus,1965,3161,399,474,75,44,33,63,105,99,169,377,617,684,438,55,56,49,45,54,70,99,156,221,275,342,309,375,240,198,39,16,518,96,3
Cyprus,1966,3155,375,441,66,41,33,63,103,96,164,374,632,692,453,63,58,45,45,51,67,97,152,222,277,355,317,375,264,189,52,11,482,96,3
Cyprus,1967,3200,352,412,60,38,31,63,107,96,162,373,650,708,486,74,62,45,45,51,66,96,150,223,283,367,339,369,304,182,67,7,450,94,3
Cyprus,1968,3214,330,384,54,35,31,62,104,94,159,365,656,718,520,83,63,41,45,49,65,94,147,218,285,371,363,355,340,180,77,6,419,93,2
Cyprus,1969,3307,307,356,49,32,31,60,108,92,159,366,677,753,574,96,65,43,43,49,65,94,147,219,294,383,399,354,375,199,87,9,388,91,2
Cyprus,1970,3348,283,326,43,31,30,60,108,91,154,357,681,783,625,102,65,43,42,49,62,92,144,213,296,385,429,354,390,235,90,12,357,90,1
Cyprus,1971,3402,270,308,38,27,28,57,111,87,150,348,677,820,672,112,65,46,39,48,61,89,141,207,294,383,455,365,389,283,94,18,335,85,1
Cyprus,1972,3491,252,285,33,25,28,57,111,85,147,342,679,871,719,138,64,47,37,48,59,88,140,202,294,385,484,387,382,337,112,26,310,85,1
Cyprus,1973,3517,197,226,29,23,28,57,111,82,142,333,669,917,750,178,63,48,36,46,58,84,137,196,289,380,501,416,373,377,146,32,249,85,2
Cyprus,1974,8282,181,208,27,21,47,444,1774,971,722,780,1049,1257,808,200,940,834,539,432,373,349,366,414,484,565,682,575,418,390,171,29,229,491,3
Cyprus,1975,3373,154,177,23,20,24,55,110,81,140,328,655,961,639,182,62,48,39,42,58,82,135,193,279,376,489,472,333,306,158,24,197,79,2
Cyprus,1976,3256,154,174,20,17,23,52,107,78,134,317,630,951,592,175,60,47,39,39,56,78,130,187,266,364,465,486,324,268,153,22,191,75,2
Cyprus,1977,3272,130,148,18,16,23,52,111,84,137,318,639,967,603,176,63,48,43,41,57,80,129,189,267,372,459,508,347,256,151,25,164,75,2
Cyprus,1978,3216,121,137,16,15,19,50,109,85,132,310,628,946,610,173,62,47,44,41,55,77,126,184,261,367,447,499,366,244,143,30,152,69,2
Cyprus,1979,3245,120,135,15,13,18,49,110,90,135,309,626,948,644,170,63,47,45,45,55,80,125,184,258,368,454,494,393,251,138,32,148,67,2
Cyprus,1980,3323,128,143,15,13,17,46,113,90,137,310,630,961,685,174,64,49,45,45,56,81,126,184,260,370,468,493,415,270,139,35,156,63,2
Cyprus,1981,3385,120,135,15,13,16,44,115,97,139,311,632,977,719,184,65,50,47,50,57,82,126,185,260,372,484,493,424,295,146,38,148,60,2
Cyprus,1982,3500,132,146,14,13,16,41,119,103,142,319,637,1013,744,207,66,53,50,53,59,83,130,189,263,374,502,511,423,321,165,42,159,57,1
Cyprus,1983,3415,125,139,14,12,16,37,113,100,140,309,611,1001,719,212,62,51,48,52,59,81,125,184,253,358,490,511,408,311,168,44,151,53,2
Cyprus,1984,3498,115,129,14,12,16,37,113,105,147,319,624,1043,741,209,59,54,51,54,64,83,130,189,261,363,500,543,436,305,166,43,141,53,2
Cyprus,1985,3470,100,112,12,12,15,37,109,106,148,317,621,1043,750,199,56,53,50,56,64,84,130,187,264,357,491,552,453,297,158,41,124,52,3
Cyprus,1986,3476,91,101,10,11,14,36,106,106,150,317,622,1046,774,192,53,53,50,56,65,85,130,187,267,355,485,561,475,299,151,41,112,50,3
Cyprus,1987,3477,85,95,10,10,14,35,100,108,151,316,618,1037,803,185,50,50,50,58,66,85,130,186,266,352,477,560,496,307,147,38,105,49,3
Cyprus,1988,3565,86,96,10,10,12,36,100,108,155,320,633,1049,853,188,50,50,50,58,68,87,132,188,271,362,480,569,523,330,149,39,106,48,3
Cyprus,1989,3533,84,94,10,10,12,33,97,107,155,314,623,1023,872,187,49,48,50,57,68,87,130,184,265,358,468,555,525,347,150,37,104,45,5
Cyprus,1990,3552,85,95,10,10,12,32,94,106,159,314,619,1011,901,197,48,46,50,56,69,90,130,184,261,358,461,550,529,372,160,37,105,44,5
Cyprus,1991,3590,83,93,10,10,11,31,92,103,160,314,616,1008,930,221,47,45,49,54,70,90,130,184,256,360,459,549,531,399,178,43,103,42,4
Cyprus,1992,3641,85,94,9,10,11,27,91,102,159,313,614,1010,950,258,46,45,48,54,69,90,129,184,253,361,460,550,529,421,204,54,104,38,3
Cyprus,1993,3642,75,84,9,9,11,25,87,100,159,311,605,1004,952,291,44,43,47,53,69,90,129,182,251,354,459,545,526,426,227,64,93,36,3
Cyprus,1994,3601,69,77,8,8,11,25,81,100,162,313,600,998,936,281,41,40,47,53,70,92,131,182,250,350,458,540,527,409,219,62,85,36,4
Cyprus,1995,3601,62,70,8,7,11,25,79,100,165,319,601,1002,938,275,39,40,45,55,70,95,136,183,255,346,463,539,537,401,216,59,77,36,5
Cyprus,1996,3565,57,65,8,6,11,26,77,99,165,319,597,993,936,271,37,40,44,55,68,97,138,181,254,343,461,532,540,396,212,59,71,37,6
Cyprus,1997,3576,51,58,7,5,10,25,71,97,165,327,597,995,948,265,35,36,42,55,67,98,142,185,255,342,461,534,546,402,209,56,63,35,6
Cyprus,1998,3605,46,52,6,5,8,25,70,97,169,335,602,1000,969,265,35,35,42,55,69,100,145,190,256,346,461,539,552,417,209,56,57,33,8
Cyprus,1999,3638,42,48,6,5,8,25,71,93,170,346,604,1005,986,270,36,35,40,53,70,100,150,196,257,347,460,545,552,434,214,56,53,33,7
Cyprus,2000,3652,38,43,5,5,7,25,71,90,167,350,604,1003,996,282,36,35,38,52,70,97,151,199,256,348,456,547,549,447,220,62,48,32,6
Cyprus,2001,3668,35,39,4,5,6,22,69,87,167,356,601,999,1006,303,35,34,37,50,70,97,151,205,256,345,453,546,547,459,236,67,44,28,5
Cyprus,2002,3673,32,36,4,5,6,20,67,82,166,359,601,993,1010,325,35,32,35,47,70,96,152,207,259,342,450,543,548,462,249,76,41,26,6
Cyprus,2003,3678,30,34,4,5,6,20,66,79,164,362,610,998,1003,325,34,32,33,46,68,96,153,209,266,344,453,545,550,453,250,75,39,26,6
Cyprus,2004,3715,29,33,4,5,6,18,64,78,165,367,626,1006,1013,325,33,31,33,45,67,98,153,214,275,351,458,548,562,451,251,74,38,24,8
Cyprus,2005,3778,27,31,4,5,6,17,61,77,166,375,647,1026,1031,328,31,30,33,44,66,100,154,221,286,361,468,558,578,453,255,73,36,23,8
Cyprus,2006,3792,26,30,4,5,6,17,59,74,163,378,658,1028,1039,328,29,30,32,42,62,101,153,225,290,368,469,559,585,454,254,74,35,23,8
Cyprus,2007,3775,24,28,4,5,5,17,58,73,158,374,660,1024,1042,322,28,30,32,41,60,98,151,223,291,369,469,555,585,457,250,72,33,22,9
Cyprus,2008,3860,24,28,4,5,5,15,57,72,158,383,682,1049,1075,328,27,30,31,41,60,98,155,228,300,382,482,567,598,477,254,74,33,20,11
Cyprus,2009,3902,23,27,4,3,5,15,55,70,152,382,691,1064,1093,337,25,30,31,39,57,95,155,227,305,386,492,572,601,492,259,78,30,20,10
Cyprus,2010,3969,22,26,4,2,5,14,53,70,147,380,705,1088,1123,349,24,29,31,39,55,92,156,224,313,392,504,584,608,515,266,83,28,19,9
Cyprus,2011,3999,20,24,4,0,5,12,51,67,142,373,708,1100,1139,369,24,27,30,37,55,87,154,219,316,392,510,590,609,530,278,91,24,17,8
Cyprus,2012,3979,20,24,4,0,3,11,48,66,136,367,709,1100,1126,375,22,26,30,36,51,85,150,217,316,393,507,593,604,522,283,92,24,14,10
Cyprus,2013,3975,19,23,4,0,2,10,43,65,132,364,713,1104,1124,379,19,24,30,35,50,82,147,217,315,398,506,598,605,519,289,90,23,12,12
Cyprus,2014,3942,18,22,4,0,2,9,39,64,125,355,709,1099,1117,387,17,22,29,35,47,78,141,214,309,400,500,599,605,512,295,92,22,11,13
Cyprus,2015,3983,18,22,4,0,1,8,36,63,123,352,714,1116,1133,399,15,21,28,35,46,77,136,216,303,411,506,610,617,516,304,95,22,9,15
Cyprus,2016,4166,19,23,4,0,1,7,34,64,124,361,747,1169,1193,423,15,19,28,36,47,77,137,224,312,435,529,640,652,541,320,103,23,8,16
Cyprus,2017,4176,18,22,4,0,0,7,32,61,121,353,746,1177,1207,429,14,18,26,35,47,74,133,220,309,437,535,642,663,544,323,106,22,7,17
Cyprus,2018,4141,18,22,4,0,0,6,27,58,117,339,737,1174,1213,431,11,16,24,34,45,72,127,212,306,431,537,637,667,546,322,109,22,6,16
Cyprus,2019,4364,18,22,4,0,0,6,27,60,120,346,771,1243,1293,460,11,16,24,36,47,73,129,217,323,448,573,670,711,582,342,118,22,6,18
Cyprus,2020,4599,17,21,4,0,0,4,28,58,117,365,793,1290,1411,491,11,17,22,36,47,70,128,237,351,442,588,702,767,644,364,127,21,4,19
Cyprus,2021,4815,17,21,4,0,0,4,33,58,118,343,805,1413,1484,515,10,23,21,37,45,73,136,207,345,460,670,743,776,708,385,130,21,4,19
Czechia,1950,53891,6925,7917,992,321,273,543,1752,1700,4077,7057,10671,12614,6397,570,798,954,584,1116,1722,2355,3240,3817,4903,5768,6551,6063,4425,1972,512,58,8238,816,2
Czechia,1951,53579,5940,6913,973,333,235,453,1573,1597,3998,7445,10888,12766,6787,589,760,813,645,952,1599,2399,3400,4045,4986,5902,6487,6279,4652,2135,532,57,7246,688,3
Czechia,1952,50690,4618,5358,740,322,200,386,1378,1426,3741,7405,10543,12589,6683,650,622,756,620,806,1455,2286,3426,3979,4762,5781,6404,6185,4549,2134,581,69,5680,586,3
Czechia,1953,51496,3295,4037,742,305,243,380,1284,1341,3576,7693,11107,13384,7478,664,644,640,674,667,1409,2167,3513,4180,4997,6110,6798,6586,5161,2317,597,67,4342,623,3
Czechia,1954,51945,2897,3507,610,250,198,388,1161,1257,3505,8047,11777,13740,7505,608,581,580,735,522,1363,2142,3496,4551,5237,6540,7000,6740,5186,2319,543,65,3757,586,2
Czechia,1955,48945,2673,3189,516,306,223,321,1101,1203,3463,7995,11116,12626,6827,572,514,587,722,481,1258,2205,3443,4552,5193,5923,6505,6121,4589,2238,508,64,3495,544,2
Czechia,1956,49357,2348,2807,459,283,216,345,1065,1253,3063,7996,11369,13128,7134,696,528,537,674,579,1064,1999,3385,4611,5344,6025,6740,6388,4791,2343,619,77,3090,561,3
Czechia,1957,51646,2208,2667,459,341,276,436,1064,1336,2962,8380,12032,13865,7591,690,488,576,678,658,929,2033,3355,5025,5675,6357,7182,6683,5081,2510,610,80,3008,712,3
Czechia,1958,49049,1905,2307,402,251,227,404,974,1307,2672,7948,11678,13193,7376,708,472,502,585,722,804,1868,3140,4808,5480,6198,6739,6454,4943,2433,627,81,2558,631,4
Czechia,1959,51135,1548,1927,379,240,215,463,1011,1413,2605,8438,12674,13663,7694,789,486,525,606,807,724,1881,3265,5173,6045,6629,7023,6640,5090,2604,697,92,2167,678,4
Czechia,1960,49490,1494,1844,350,199,212,433,1057,1447,2536,8154,12573,12920,7365,743,523,534,613,834,713,1823,3169,4985,6158,6415,6649,6271,4907,2458,658,85,2043,645,4
Czechia,1961,50005,1508,1840,332,264,202,480,950,1438,2380,7897,13118,13262,7413,753,488,462,616,822,778,1602,3093,4804,6374,6744,6851,6411,4876,2537,676,77,2104,682,6
Czechia,1962,54900,1615,1931,316,280,197,473,1002,1391,2360,8551,14488,15033,8311,874,527,475,584,807,891,1469,3336,5215,7086,7402,7591,7442,5413,2898,788,86,2211,670,6
Czechia,1963,53086,1747,2046,299,201,231,498,1030,1419,2360,8320,14660,13906,7648,760,576,454,621,798,1095,1265,3240,5080,7172,7488,7254,6652,5046,2602,683,77,2247,729,5
Czechia,1964,53886,1687,1974,287,206,182,475,1070,1365,2295,8161,15349,14333,7679,792,605,465,564,801,1205,1090,3004,5157,7380,7969,7534,6799,5166,2513,706,86,2180,657,6
Czechia,1965,55345,1980,2291,311,186,197,510,1048,1353,2416,8215,15793,14528,7914,884,607,441,562,791,1297,1119,3060,5155,7398,8395,7767,6761,5280,2634,787,97,2477,707,6
Czechia,1966,56037,1802,2121,319,191,206,535,1090,1369,2517,7857,16298,15079,7838,930,635,455,560,809,1280,1237,2788,5069,7549,8749,8072,7007,5222,2616,823,107,2312,741,7
Czechia,1967,57820,1676,2000,324,151,197,477,1199,1345,2829,7776,17102,15572,8209,959,671,528,558,787,1339,1490,2566,5210,7833,9269,8422,7150,5377,2832,850,109,2151,674,7
Czechia,1968,60924,1724,1980,256,212,188,573,1423,1411,3202,7723,17971,16546,8723,966,835,588,591,820,1339,1863,2227,5496,8094,9877,9048,7498,5791,2932,851,115,2192,761,7
Czechia,1969,64531,1807,2091,284,177,216,635,1450,1459,3643,7706,19556,18176,8414,1002,823,627,593,866,1368,2275,2143,5563,8612,10944,10157,8019,5582,2832,880,122,2268,851,6
Czechia,1970,65108,1757,2011,254,166,176,535,1405,1484,3691,7569,19479,18898,8677,1008,774,631,628,856,1349,2342,2176,5393,8556,10923,10490,8408,5735,2942,876,132,2177,711,6
Czechia,1971,64945,1893,2165,272,168,180,523,1337,1408,3784,7118,19388,19258,8590,1016,707,630,596,812,1381,2403,2326,4792,8571,10817,10896,8362,5642,2948,885,131,2333,703,7
Czechia,1972,62456,1930,2160,230,167,152,467,1345,1322,3391,6868,18559,18625,8391,1001,698,647,554,768,1290,2101,2710,4158,8134,10425,10536,8089,5530,2861,871,130,2327,619,7
Czechia,1973,65366,2241,2478,237,176,145,483,1309,1248,3376,6917,18912,20456,8769,1085,656,653,567,681,1312,2064,3171,3746,8127,10785,11472,8984,5766,3003,938,147,2654,628,11
Czechia,1974,65886,2187,2406,219,178,147,405,1194,1214,3418,6773,19003,21216,8866,1052,611,583,533,681,1263,2155,3564,3209,8065,10938,11820,9396,5843,3023,910,142,2584,552,15
Czechia,1975,64658,2150,2380,230,177,152,357,1221,1338,3242,6642,18255,20855,8974,1049,579,642,585,753,1228,2014,3542,3100,7557,10698,11578,9277,6011,2963,902,147,2557,509,15
Czechia,1976,65163,2095,2334,239,156,153,337,1239,1322,3198,7097,17446,21724,9069,1068,615,624,616,706,1145,2053,3570,3527,6731,10715,11819,9905,6137,2932,912,156,2490,490,16
Czechia,1977,65208,2032,2262,230,151,141,320,1067,1400,3271,7675,16878,22010,8991,1028,497,570,711,689,1147,2124,3516,4159,6040,10838,11873,10137,6101,2890,877,151,2413,461,17
Czechia,1978,65309,1806,2042,236,152,138,316,1066,1503,3194,8442,15822,22515,9113,987,497,569,724,779,1100,2094,3499,4943,5316,10506,11912,10603,6323,2790,849,138,2194,454,16
Czechia,1979,65506,1559,1792,233,194,128,270,1048,1604,3078,8766,15203,22860,9558,986,484,564,701,903,1097,1981,3386,5380,4825,10378,12064,10796,6637,2921,856,130,1986,398,14
Czechia,1980,68750,1449,1680,231,214,114,302,1089,1592,3264,9481,15025,24378,10522,1078,513,576,722,870,1154,2110,3651,5830,4714,10311,12988,11390,7392,3130,936,142,1894,416,16
Czechia,1981,66429,1284,1495,211,211,117,333,974,1717,3041,9197,14376,23760,10250,946,410,564,783,934,1166,1875,3428,5769,5224,9152,12488,11272,7097,3153,820,126,1706,450,14
Czechia,1982,66381,1283,1481,198,167,123,299,897,1702,2991,8892,14133,24021,10595,1063,383,514,752,950,1193,1798,3421,5471,6036,8097,12451,11570,7565,3030,930,133,1648,422,13
Czechia,1983,67919,1198,1362,164,189,148,291,941,1781,3247,9009,14463,24385,11067,1023,394,547,730,1051,1321,1926,3464,5545,7134,7329,12607,11778,7823,3244,894,129,1551,439,13
Czechia,1984,66717,1129,1288,159,172,108,285,805,1810,3278,8814,13953,24002,11153,1033,352,453,715,1095,1353,1925,3407,5407,7856,6097,12292,11710,7920,3233,902,131,1460,393,13
Czechia,1985,66527,959,1103,144,141,158,293,854,1763,3416,8501,14095,23789,11445,958,396,458,697,1066,1510,1906,3241,5260,8183,5912,11818,11971,8019,3426,837,121,1244,451,9
Czechia,1986,66726,943,1113,170,159,128,296,848,1698,3464,8460,14920,22724,11828,1076,401,447,624,1074,1531,1933,3141,5319,8062,6858,10556,12168,8290,3538,950,126,1272,424,10
Czechia,1987,64384,906,1049,143,138,147,301,788,1643,3619,8062,15332,20730,11551,1015,390,398,611,1032,1612,2007,2994,5068,7715,7617,8886,11844,8005,3546,890,125,1187,448,9
Czechia,1988,63636,812,940,128,125,148,288,746,1705,3779,7818,16193,19121,11690,1070,396,350,619,1086,1627,2152,2842,4976,7410,8783,7758,11363,8003,3687,938,132,1065,436,11
Czechia,1989,64321,755,894,139,115,136,294,803,1563,3940,7703,17035,18104,12552,1165,417,386,579,984,1677,2263,2810,4893,7323,9712,6735,11369,8590,3962,1019,146,1009,430,11
Czechia,1990,66444,844,963,119,111,113,315,879,1727,4508,8099,17672,17978,12895,1169,444,435,585,1142,1899,2609,3168,4931,7565,10107,6701,11277,8819,4076,1028,141,1074,428,11
Czechia,1991,63309,754,888,134,92,133,381,864,1564,4313,7476,16479,16980,12856,1267,408,456,552,1012,1751,2562,2963,4513,6978,9501,7171,9809,8778,4078,1124,143,980,514,13
Czechia,1992,61717,687,796,109,91,120,396,894,1550,4425,7303,16001,16347,12517,1265,455,439,553,997,1813,2612,3056,4247,6811,9190,7957,8390,8349,4168,1122,143,887,516,11
Czechia,1993,59136,596,712,116,92,101,396,889,1408,4056,6991,14557,15873,12689,1359,469,420,524,884,1545,2511,2972,4019,6287,8270,9113,6760,8478,4211,1204,155,804,497,11
Czechia,1994,58529,459,593,134,92,107,378,952,1353,4121,7034,14091,15704,12648,1440,495,457,514,839,1538,2583,3214,3820,6048,8043,9734,5970,8234,4414,1263,177,685,485,13
Czechia,1995,58823,428,525,97,88,84,385,892,1344,4050,7019,13837,16084,13053,1453,473,419,523,821,1516,2534,3289,3730,5786,8051,10096,5988,8269,4784,1275,178,613,469,12
Czechia,1996,56674,284,372,88,81,78,341,827,1239,3897,7268,13275,16003,11769,1507,416,411,494,745,1404,2493,3464,3804,5559,7716,9558,6445,7122,4647,1323,184,453,419,13
Czechia,1997,56642,293,381,88,66,86,311,937,1154,3951,7498,12917,16703,10973,1652,536,401,470,684,1474,2477,3606,3892,5255,7662,9245,7458,6283,4690,1446,206,447,397,14
Czechia,1998,55096,269,330,61,68,74,276,863,1056,3622,7537,11975,17399,10143,1737,447,416,437,619,1325,2297,3561,3976,4756,7219,8830,8569,5288,4855,1522,215,398,350,14
Czechia,1999,54803,219,278,59,60,78,263,908,1080,3416,7698,11600,17691,9804,1910,479,429,471,609,1173,2243,3454,4244,4846,6754,8566,9125,4775,5029,1670,240,338,341,15
Czechia,2000,54836,221,274,53,62,73,244,885,1051,3357,7816,11426,17604,9925,2098,453,432,438,613,1144,2213,3588,4228,4763,6663,8387,9217,4921,5004,1840,258,336,317,16
Czechia,2001,53720,213,265,52,44,61,225,893,1010,3124,7872,10799,17220,9943,2249,462,431,413,597,1062,2062,3463,4409,4629,6170,8158,9062,5411,4532,1963,286,309,286,16
Czechia,2002,54315,218,278,60,51,54,217,857,1037,3008,7977,10918,17007,10562,2330,404,453,438,599,985,2023,3438,4539,4925,5993,8116,8891,6433,4129,2024,306,329,271,20
Czechia,2003,55831,209,258,49,42,64,205,851,1116,2845,8344,11062,17275,11132,2613,394,457,486,630,907,1938,3431,4913,5152,5910,8092,9183,7560,3572,2253,360,300,269,23
Czechia,2004,54137,215,256,41,36,51,211,816,1064,2712,8093,11007,16245,11118,2505,364,452,445,619,898,1814,3281,4812,5349,5658,7633,8612,7962,3156,2143,362,292,262,24
Czechia,2005,53976,217,251,34,32,56,188,762,1070,2578,7952,11032,15979,11562,2479,345,417,509,561,878,1700,3078,4874,5476,5556,7278,8701,8248,3314,2088,391,283,244,29
Czechia,2006,52644,219,261,42,44,49,188,671,974,2421,7606,11213,14969,11906,2304,323,348,434,540,875,1546,2996,4610,5673,5540,6665,8304,7980,3926,1911,393,305,237,31
Czechia,2007,52671,224,273,49,26,46,178,763,1078,2179,7528,11632,14696,12181,2053,351,412,481,597,839,1340,2810,4718,5986,5646,6581,8115,7818,4363,1630,423,299,224,32
Czechia,2008,53005,200,239,39,26,46,186,674,1046,2264,7262,12166,14248,12895,1917,300,374,488,558,895,1369,2685,4577,6217,5949,6226,8022,7883,5012,1438,479,265,232,37
Czechia,2009,53934,183,224,41,26,48,148,598,1087,2197,6933,12778,14101,13870,1881,281,317,487,600,853,1344,2552,4381,6262,6516,6178,7923,8003,5867,1379,502,250,196,40
Czechia,2010,54055,168,219,51,22,35,143,625,1035,2144,6693,13062,13903,14083,2045,296,329,426,609,844,1300,2426,4267,6458,6604,6199,7704,8167,5916,1564,481,241,178,45
Czechia,2011,54037,168,218,50,23,25,144,576,1041,2084,6403,13258,13817,14105,2299,286,290,425,616,787,1297,2272,4131,6327,6931,6386,7431,8094,6011,1878,421,241,169,42
Czechia,2012,54468,161,208,47,18,39,131,508,1071,2067,5916,13495,13886,14521,2559,227,281,427,644,809,1258,2018,3898,6133,7362,6722,7164,8247,6274,2182,377,226,170,48
Czechia,2013,55033,157,196,39,29,26,138,542,976,2091,5441,13642,14387,14564,2942,256,286,388,588,792,1299,1831,3610,5942,7700,7159,7228,8155,6409,2601,341,225,164,56
Czechia,2014,53667,154,186,32,29,27,126,478,888,2021,5097,13240,14191,14091,3230,215,263,341,547,815,1206,1824,3273,5605,7635,7290,6901,7864,6227,2885,345,215,153,61
Czechia,2015,55833,167,198,31,26,27,86,496,909,1997,4885,13396,15292,14869,3598,217,279,334,575,824,1173,1845,3040,5659,7737,8173,7119,8039,6830,3155,443,224,113,58
Czechia,2016,54776,181,218,37,24,26,88,455,823,1955,4731,12962,15528,14166,3756,210,245,310,513,810,1145,1777,2954,5264,7698,8168,7360,7539,6627,3219,537,242,114,49
Czechia,2017,56223,181,218,37,33,25,87,471,827,1945,4675,12864,16340,14467,4217,200,271,356,471,836,1109,1889,2786,5310,7554,8714,7626,7608,6859,3540,677,251,112,50
Czechia,2018,56904,155,194,39,24,24,108,443,867,2037,4647,12564,17304,14406,4228,191,252,338,529,888,1149,1958,2689,4999,7565,9168,8136,7496,6910,3464,764,218,132,59
Czechia,2019,56693,160,192,32,28,36,101,427,773,2051,4500,12085,17708,14329,4400,185,242,317,456,827,1224,1856,2644,4795,7290,9180,8528,7409,6920,3552,848,220,137,61
Czechia,2020,63816,152,183,31,26,24,79,354,759,2130,4699,12318,21240,17007,4932,142,212,313,446,831,1299,1841,2858,4640,7678,10699,10541,9085,7922,3946,986,209,103,67
Czechia,2021,70074,142,173,31,26,36,85,306,804,2414,5588,13613,24755,17260,4943,129,177,316,488,831,1583,2151,3437,5049,8564,12418,12337,9702,7558,3934,1009,199,121,75
Democratic Republic of Congo,1950,160847,54769,90134,35365,9593,3961,3831,8607,6985,6606,6801,7289,9051,7404,579,4572,4035,3603,3382,3358,3248,3323,3478,3520,3769,4346,4705,5277,2127,521,58,99727,7792,4
Democratic Republic of Congo,1951,161997,55541,90687,35146,9870,4067,3936,8850,7174,6790,6958,7399,8644,7071,549,4699,4151,3699,3475,3453,3337,3393,3565,3616,3783,4248,4396,4797,2274,501,48,100557,8003,4
Democratic Republic of Congo,1952,161867,55888,90555,34667,10014,4130,4006,9011,7297,6910,7037,7483,8283,6632,506,4782,4229,3761,3536,3511,3399,3432,3605,3704,3779,4131,4152,4225,2407,455,51,100569,8136,3
Democratic Republic of Congo,1953,162736,56415,91187,34772,10103,4201,4083,9190,7433,7047,7132,7624,8050,6189,495,4874,4316,3829,3604,3575,3472,3487,3645,3816,3808,4056,3994,3724,2465,441,54,101290,8284,3
Democratic Republic of Congo,1954,163859,56856,91842,34986,10145,4303,4175,9386,7589,7207,7253,7804,7896,5742,522,4976,4410,3908,3681,3652,3555,3555,3698,3933,3871,4021,3875,3346,2396,471,51,101987,8478,3
Democratic Republic of Congo,1955,165101,57296,92638,35342,10141,4402,4262,9573,7738,7356,7376,7978,7775,5302,565,5076,4497,3985,3753,3725,3631,3627,3749,4030,3948,4007,3768,3074,2228,515,50,102779,8664,2
Democratic Republic of Congo,1956,167063,57868,93585,35717,10247,4534,4376,9826,7940,7555,7549,8197,7725,4919,609,5209,4617,4091,3849,3824,3731,3722,3827,4132,4065,4032,3693,2895,2024,558,51,103832,8910,3
Democratic Republic of Congo,1957,168627,58628,94549,35921,10313,4627,4457,10010,8086,7695,7679,8366,7656,4548,642,5309,4701,4170,3916,3895,3800,3799,3880,4187,4179,4045,3611,2757,1791,594,48,104862,9084,4
Democratic Republic of Congo,1958,170900,59531,95937,36406,10441,4697,4549,10215,8246,7850,7837,8562,7648,4263,652,5421,4794,4259,3987,3973,3877,3890,3947,4245,4317,4087,3561,2668,1595,603,49,106378,9246,4
Democratic Republic of Congo,1959,174266,60406,97564,37158,10750,4785,4696,10509,8480,8081,8074,8839,7764,4078,640,5581,4928,4381,4099,4091,3990,4016,4058,4347,4492,4195,3569,2619,1459,586,54,108314,9481,4
Democratic Republic of Congo,1960,176514,61441,99073,37632,10834,4748,4803,10780,8655,8210,8201,8954,7786,3869,597,5730,5050,4478,4177,4157,4053,4087,4114,4381,4573,4250,3536,2529,1340,536,61,109907,9551,5
Democratic Republic of Congo,1961,187287,63196,102481,39285,11443,4983,5477,12793,9927,9099,8930,9560,8190,3833,567,6810,5983,5176,4751,4629,4470,4464,4466,4682,4878,4526,3664,2539,1294,495,72,113924,10460,6
Democratic Republic of Congo,1962,190990,64547,104519,39972,11745,5045,5608,13038,10147,9315,9165,9743,8377,3751,525,6932,6106,5283,4864,4735,4580,4578,4587,4772,4971,4679,3698,2503,1248,445,80,116264,10653,7
Democratic Republic of Congo,1963,194851,65889,106553,40664,12038,5120,5721,13363,10415,9545,9407,9915,8585,3692,486,7097,6266,5421,4994,4849,4696,4692,4715,4869,5046,4841,3744,2477,1215,404,82,118591,10841,9
Democratic Republic of Congo,1964,206090,67576,109529,41953,12503,5344,6410,16008,12020,10546,10148,10435,8986,3692,456,8517,7491,6325,5695,5393,5153,5074,5074,5157,5278,5105,3881,2495,1197,375,81,122032,11754,10
Democratic Republic of Congo,1965,206748,68475,110642,42167,12715,5415,6206,15551,11831,10506,10179,10475,9120,3658,434,8272,7279,6208,5623,5363,5143,5082,5097,5188,5287,5182,3938,2487,1171,355,79,123357,11621,12
Democratic Republic of Congo,1966,199013,68910,110681,41771,12547,5275,5342,12681,10210,9591,9609,10089,8978,3575,420,6725,5956,5280,4930,4857,4734,4773,4836,4990,5099,5071,3907,2442,1133,342,78,123228,10617,14
Democratic Republic of Congo,1967,203903,69971,112650,42679,12843,5390,5448,13350,10686,9938,9918,10378,9255,3613,417,7081,6269,5544,5142,5045,4893,4930,4988,5152,5226,5191,4064,2483,1130,340,77,125493,10838,16
Democratic Republic of Congo,1968,206418,70912,114276,43364,13061,5461,5403,13277,10747,10048,10062,10558,9442,3642,415,7018,6259,5568,5179,5104,4944,5001,5061,5258,5300,5249,4193,2516,1126,337,78,127337,10864,18
Democratic Republic of Congo,1969,210731,71687,115625,43938,13512,5631,5544,13656,11143,10402,10402,10903,9745,3733,416,7166,6490,5775,5368,5291,5111,5172,5230,5443,5460,5377,4368,2594,1139,338,78,129137,11175,19
Democratic Republic of Congo,1970,214197,72389,116871,44482,13861,5753,5661,13872,11441,10670,10663,11189,9972,3821,410,7206,6666,5930,5511,5430,5240,5302,5361,5592,5597,5478,4494,2671,1150,334,76,130732,11414,19
Democratic Republic of Congo,1971,216740,73188,118021,44833,14094,5824,5729,13950,11633,10843,10835,11392,10117,3895,393,7173,6777,6027,5606,5519,5324,5386,5449,5692,5700,5544,4573,2740,1155,325,68,132115,11553,17
Democratic Republic of Congo,1972,219895,73798,119208,45410,14439,5949,5832,14059,11861,11077,11065,11683,10318,4013,380,7167,6892,6138,5723,5635,5442,5498,5567,5829,5854,5653,4665,2844,1169,319,61,133647,11781,14
Democratic Republic of Congo,1973,224345,74384,120568,46184,14960,6157,6005,14320,12232,11444,11416,12084,10607,4171,366,7274,7046,6322,5910,5819,5625,5668,5748,6019,6065,5820,4787,2974,1197,313,53,135528,12162,11
Democratic Republic of Congo,1974,227376,75094,121892,46798,15235,6271,6099,14389,12437,11646,11620,12342,10789,4289,357,7340,7049,6424,6013,5919,5727,5769,5851,6133,6209,5932,4857,3067,1222,309,48,137127,12370,9
Democratic Republic of Congo,1975,231920,75960,123364,47404,15730,6498,6278,14631,12802,12004,11973,12736,11096,4442,358,7526,7105,6612,6190,6099,5905,5945,6028,6322,6414,6115,4981,3176,1266,314,44,139094,12776,7
Democratic Republic of Congo,1976,235340,76830,124692,47862,16043,6661,6406,14737,13044,12251,12223,13026,11335,4559,360,7648,7089,6737,6307,6225,6026,6074,6149,6457,6569,6262,5073,3249,1310,317,43,140735,13067,6
Democratic Republic of Congo,1977,239944,77549,125943,48394,16466,6890,6637,15128,13456,12640,12593,13429,11685,4707,365,7922,7206,6951,6505,6425,6215,6265,6328,6655,6774,6475,5210,3338,1369,322,43,142409,13527,5
Democratic Republic of Congo,1978,247482,78637,128177,49540,16874,7145,7094,16289,14290,13300,13152,13940,12073,4815,326,8596,7693,7385,6905,6778,6522,6562,6590,6915,7025,6716,5357,3405,1410,306,20,145051,14239,2
Democratic Republic of Congo,1979,249918,80219,129595,49376,17150,7314,7041,15832,14063,13377,13315,14193,12419,5074,520,8355,7477,7193,6870,6805,6572,6643,6672,7029,7164,6902,5517,3535,1539,405,115,146745,14355,26
Democratic Republic of Congo,1980,254803,82171,131866,49695,17299,7433,7202,16255,14296,13695,13628,14516,12763,5241,579,8578,7677,7250,7046,6969,6726,6804,6824,7184,7332,7091,5672,3631,1610,444,135,149165,14635,38
Democratic Republic of Congo,1981,259712,83479,133999,50520,17572,7620,7409,16642,14528,14056,14002,14894,13119,5337,502,8786,7856,7298,7230,7150,6906,6992,7010,7369,7525,7288,5831,3704,1633,419,83,151571,15029,28
Democratic Republic of Congo,1982,264895,84555,135615,51060,17993,7873,7665,17111,14823,14501,14465,15352,13553,5463,464,9041,8070,7381,7442,7367,7134,7219,7246,7597,7755,7520,6033,3802,1661,410,54,153608,15538,15
Democratic Republic of Congo,1983,268924,85909,137571,51662,18145,7989,7830,17386,14922,14766,14769,15666,13879,5557,434,9196,8190,7404,7518,7493,7273,7367,7402,7747,7919,7684,6195,3878,1679,403,31,155716,15819,7
Democratic Republic of Congo,1984,274652,87552,139774,52222,18589,8201,8085,17857,15181,15204,15231,16122,14311,5689,412,9460,8397,7559,7622,7709,7495,7594,7637,7974,8148,7911,6400,3985,1704,393,19,158363,16286,3
Democratic Republic of Congo,1985,281475,89928,143062,53134,18977,8335,8318,18395,15451,15615,15653,16563,14735,5893,475,9759,8636,7761,7690,7921,7694,7805,7848,8195,8368,8130,6605,4124,1769,433,42,162039,16653,6
Democratic Republic of Congo,1986,288336,92188,146282,54094,19485,8505,8554,18899,15693,16043,16116,17049,15179,6065,458,10047,8852,7948,7745,8137,7906,8035,8081,8444,8605,8365,6814,4256,1809,432,26,165767,17059,2
Democratic Republic of Congo,1987,292168,94258,149210,54952,19391,8416,8597,19041,15623,16118,16308,17312,15444,6220,492,10145,8896,7975,7648,8167,7951,8129,8179,8579,8733,8498,6946,4366,1854,454,38,168601,17013,2
Democratic Republic of Congo,1988,299640,95938,151943,56005,20047,8630,8863,19721,16025,16597,16876,17920,15992,6489,531,10521,9200,8228,7797,8385,8212,8416,8460,8892,9028,8794,7198,4555,1934,481,50,171990,17493,3
Democratic Republic of Congo,1989,304106,97596,154647,57051,20083,8606,8921,20004,16149,16670,17158,18281,16338,6690,557,10685,9319,8311,7838,8358,8312,8554,8604,9072,9209,8973,7365,4692,1998,500,57,174730,17527,4
Democratic Republic of Congo,1990,310325,99024,157004,57980,20540,8782,9099,20578,16545,16951,17645,18824,16837,6943,578,10989,9589,8521,8024,8418,8533,8793,8852,9339,9485,9238,7599,4866,2077,519,59,177544,17881,4
Democratic Republic of Congo,1991,316647,101268,160056,58788,20819,8884,9206,21102,16902,17148,18050,19303,17288,7217,659,11251,9851,8715,8187,8433,8715,8990,9060,9568,9735,9472,7816,5038,2179,566,93,180875,18090,13
Democratic Republic of Congo,1992,325043,103352,163241,59889,21520,9164,9419,21812,17442,17545,18662,20020,17934,7549,709,11605,10207,9001,8441,8557,8988,9284,9378,9915,10105,9816,8118,5255,2294,603,106,184761,18583,19
Democratic Republic of Congo,1993,333494,105165,166279,61114,22196,9473,9713,22747,18098,17993,19319,20736,18518,7780,634,12077,10670,9353,8745,8746,9247,9600,9719,10263,10473,10135,8383,5421,2359,580,54,188475,19186,8
Democratic Republic of Congo,1994,340841,108012,170445,62433,22399,9609,9780,22989,18420,18156,19756,21306,19042,8121,794,12148,10841,9528,8892,8856,9300,9811,9945,10532,10774,10413,8629,5622,2499,667,127,192844,19389,23
Democratic Republic of Congo,1995,359560,115036,178769,63733,22913,9853,10199,24870,19898,19048,20745,22337,20157,9041,1590,13036,11834,10357,9541,9406,9642,10318,10427,11031,11306,10980,9177,6115,2926,1064,526,201682,20052,138
Democratic Republic of Congo,1996,389047,120110,188775,68665,23936,10479,11858,30506,23461,21249,22845,24138,21361,9235,1109,15960,14546,12357,11104,10645,10604,11407,11438,11973,12165,11696,9665,6326,2909,873,236,212711,22337,94
Democratic Republic of Congo,1997,375479,117080,185026,67946,23987,10502,11027,26748,21406,19939,22148,23837,21262,8971,577,13951,12797,11193,10213,9995,9944,11016,11132,11788,12049,11656,9606,6245,2726,573,4,209013,21529,43
Democratic Republic of Congo,1998,400459,114721,182426,67705,23778,10671,13715,37578,27884,23208,24273,25259,22082,9072,490,19689,17889,15016,12868,11904,11304,12138,12135,12572,12687,12157,9925,6375,2697,477,13,206204,24386,21
Democratic Republic of Congo,1999,405837,114822,181998,67176,24641,11117,14191,37977,28438,23698,24801,26075,22877,9453,561,19931,18046,15297,13141,12169,11529,12311,12490,12971,13104,12594,10283,6621,2832,551,10,206639,25308,10
Democratic Republic of Congo,2000,375735,115547,181901,66354,25194,11126,11262,24802,20792,19821,22542,25255,22793,9615,624,13009,11793,10779,10013,9947,9874,10959,11583,12442,12813,12496,10297,6702,2913,614,10,207095,22388,5
Democratic Republic of Congo,2001,379153,115812,181342,65530,25656,11241,11560,25151,21086,20115,22844,25949,23534,9980,692,13293,11858,10912,10174,10089,10026,10988,11856,12761,13188,12882,10652,6938,3042,670,22,206998,22801,2
Democratic Republic of Congo,2002,386111,116083,180898,64815,25875,11376,12220,26952,22220,20874,23401,26796,24350,10373,773,14378,12574,11525,10695,10495,10379,11167,12234,13162,13634,13310,11040,7188,3185,739,34,206773,23596,1
Democratic Republic of Congo,2003,386044,115944,179714,63770,25961,11473,12267,26434,21895,20869,23467,27352,25054,10735,823,14227,12207,11282,10613,10470,10399,11138,12329,13395,13957,13664,11390,7425,3310,784,39,205675,23740,1
Democratic Republic of Congo,2004,383520,115187,177977,62790,25728,11466,12165,25633,21283,20658,23336,27760,25629,11044,845,13897,11736,10884,10399,10340,10318,11096,12240,13558,14202,13948,11681,7633,3411,805,40,203705,23631,0
Democratic Republic of Congo,2005,385702,114852,177037,62185,25542,11593,12355,26104,21399,20901,23518,28441,26411,11480,918,14216,11888,10903,10496,10465,10436,11263,12255,13873,14568,14347,12064,7920,3560,867,51,202579,23948,1
Democratic Republic of Congo,2006,387833,115247,176391,61144,25295,11737,12487,26561,21441,21105,23630,29061,27163,11938,1020,14502,12059,10890,10551,10573,10532,11404,12226,14159,14902,14730,12433,8215,3723,943,77,201686,24224,3
Democratic Republic of Congo,2007,391318,115523,175717,60194,25339,11913,12688,27242,21613,21451,23889,29804,28071,12468,1121,14889,12353,10950,10663,10750,10701,11615,12274,14498,15306,15197,12874,8563,3905,1017,104,201056,24601,6
Democratic Republic of Congo,2008,396772,115790,175458,59668,25650,12119,13010,28297,21998,21969,24340,30614,29100,13024,1191,15459,12838,11142,10856,11015,10954,11900,12440,14836,15778,15734,13366,8935,4089,1079,112,201108,25129,5
Democratic Republic of Congo,2009,402308,116079,175216,59137,25576,12123,13412,29938,22655,22515,24818,31216,30030,13554,1252,16334,13604,11541,11114,11303,11212,12161,12657,15008,16208,16209,13821,9285,4269,1134,118,200792,25535,3
Democratic Republic of Congo,2010,403780,116126,174596,58470,25897,12234,13447,29471,22319,22574,25125,31700,30991,14119,1300,16023,13448,11389,10930,11290,11284,12297,12828,15062,16638,16693,14298,9655,4464,1186,114,200493,25681,3
Democratic Republic of Congo,2011,405378,116945,174909,57964,25600,12007,13550,29531,22219,22572,25307,31952,31749,14627,1354,15992,13539,11422,10797,11251,11321,12377,12930,14995,16957,17054,14695,9977,4650,1238,116,200509,25557,2
Democratic Republic of Congo,2012,414114,117666,175160,57494,26421,12338,14130,30884,23049,23328,26153,32813,33046,15348,1437,16651,14233,11964,11085,11598,11730,12793,13360,15249,17564,17709,15337,10449,4899,1311,126,201581,26468,2
Democratic Republic of Congo,2013,418223,116968,174108,57140,26762,12487,14441,31654,23522,23691,26690,33337,34095,15960,1475,16999,14655,12330,11192,11732,11959,13054,13636,15410,17927,18221,15874,10848,5112,1357,118,200870,26928,1
Democratic Republic of Congo,2014,421909,116864,173743,56879,26923,12546,14582,32002,23838,23868,27139,33788,35169,16670,1630,17138,14864,12588,11250,11761,12107,13275,13864,15652,18136,18745,16424,11293,5377,1467,163,200666,27128,7
Democratic Republic of Congo,2015,431010,116787,173081,56294,28062,13054,15058,33465,24932,24642,28120,34697,36660,17498,1736,17947,15518,13229,11703,12097,12545,13767,14353,16202,18495,19520,17140,11833,5665,1560,176,201143,28112,7
Democratic Republic of Congo,2016,433891,116856,172443,55587,28057,13045,15012,33970,25358,24708,28526,35033,37670,18193,1867,18288,15682,13495,11863,12079,12629,13975,14551,16480,18553,20022,17648,12270,5923,1660,207,200500,28057,11
Democratic Republic of Congo,2017,437847,117184,171831,54647,28050,13056,15103,34768,26038,24874,29026,35431,38700,18940,2004,18757,16011,13890,12148,12127,12747,14229,14797,16784,18647,20517,18183,12741,6199,1768,236,199881,28159,18
Democratic Republic of Congo,2018,442023,116988,170762,53774,28435,13273,15338,35432,26780,25122,29584,35946,39627,19648,2063,19125,16307,14278,12502,12233,12889,14509,15075,17115,18831,20919,18708,13199,6449,1840,223,199197,28611,13
Democratic Republic of Congo,2019,450013,117005,171194,54189,28971,13633,15760,36305,27717,25608,30416,36973,40765,20531,2133,19577,16728,14745,12972,12491,13117,14912,15504,17628,19345,21347,19418,13771,6760,1924,209,200165,29393,7
Democratic Republic of Congo,2020,471739,116269,169154,52885,28518,13489,15311,35158,27790,27344,35328,45146,47669,24395,2433,18886,16272,14501,13289,13203,14141,16870,18458,21521,23625,25098,22571,16198,8197,2214,219,197672,28800,5
Democratic Republic of Congo,2021,503135,116104,168575,52471,29515,14175,16587,38151,30698,30753,40170,51486,53467,26946,2607,20187,17964,15932,14766,14731,16022,19268,20902,24316,27170,28063,25404,18002,8944,2366,241,198090,30762,4
Denmark,1950,19872,1433,1702,269,105,89,128,406,536,1148,2143,3839,5611,3624,532,167,239,226,310,444,704,889,1254,1695,2144,2810,2801,2330,1294,463,69,1807,217,3
Denmark,1951,19234,1265,1500,235,113,82,119,398,592,1147,2123,3770,5481,3434,470,177,221,246,346,461,686,912,1211,1654,2116,2685,2796,2241,1193,407,63,1613,201,5
Denmark,1952,20160,1289,1568,279,151,81,129,399,526,1074,2266,3955,5832,3641,534,197,202,240,286,414,660,963,1303,1702,2253,2849,2983,2372,1269,463,71,1719,210,6
Denmark,1953,20074,1240,1452,212,143,72,126,395,496,1090,2257,3851,5761,3876,546,200,195,240,256,463,627,928,1329,1676,2175,2795,2966,2458,1418,471,75,1595,198,6
Denmark,1954,20590,1200,1408,208,97,59,135,378,493,1096,2305,4091,6022,3948,549,204,174,212,281,420,676,978,1327,1812,2279,2878,3144,2550,1398,470,79,1505,194,5
Denmark,1955,20377,1086,1278,192,86,72,137,348,478,1042,2375,4159,5924,3908,564,169,179,223,255,383,659,990,1385,1771,2388,2791,3133,2539,1369,484,80,1364,209,6
Denmark,1956,20833,1133,1296,163,92,78,140,318,430,1067,2466,4197,6026,4157,564,170,148,201,229,399,668,995,1471,1830,2367,2888,3138,2670,1487,484,80,1388,218,6
Denmark,1957,21937,1036,1219,183,89,98,125,328,472,1032,2576,4485,6413,4476,617,167,161,187,285,405,627,1052,1524,1967,2518,3083,3330,2888,1588,528,89,1308,223,6
Denmark,1958,21995,973,1111,138,97,94,132,326,461,1032,2509,4441,6431,4685,669,153,173,181,280,391,641,1060,1449,1995,2446,3181,3250,3008,1677,575,94,1208,226,7
Denmark,1959,22035,962,1115,153,93,77,164,325,457,1078,2526,4418,6480,4628,663,165,160,192,265,423,655,1022,1504,1982,2436,3079,3401,2962,1666,567,96,1208,241,8
Denmark,1960,23058,943,1113,170,98,75,156,324,461,1026,2576,4743,6819,4954,706,154,170,204,257,357,669,1052,1524,2081,2662,3196,3623,3179,1775,609,97,1211,231,8
Denmark,1961,23117,976,1125,149,110,76,154,335,403,1014,2696,4831,6700,5016,652,190,145,166,237,401,613,1096,1600,2111,2720,3129,3571,3128,1888,560,92,1235,230,7
Denmark,1962,24373,907,1035,128,106,91,148,331,439,1076,2841,5156,7123,5264,758,186,145,174,265,414,662,1148,1693,2275,2881,3390,3733,3309,1955,653,105,1141,239,8
Denmark,1963,24561,967,1115,148,107,66,171,328,417,1073,2859,5248,7081,5318,771,162,166,155,262,437,636,1109,1750,2275,2973,3375,3706,3303,2015,669,102,1222,237,8
Denmark,1964,25362,913,1058,145,93,84,199,331,432,1054,2909,5603,7380,5401,808,172,159,178,254,375,679,1123,1786,2497,3106,3507,3873,3317,2084,698,110,1151,283,8
Denmark,1965,25864,974,1122,148,98,74,171,343,429,1075,3006,5711,7489,5544,791,200,143,182,247,433,642,1135,1871,2522,3189,3608,3881,3409,2135,683,108,1220,245,8
Denmark,1966,26689,898,1034,136,100,84,179,353,447,1069,2930,5831,7916,5860,874,197,156,195,252,374,695,1119,1811,2571,3260,3904,4012,3633,2227,757,117,1134,263,9
Denmark,1967,25958,759,888,129,95,83,166,377,397,1042,3040,5979,7649,5381,852,218,159,168,229,391,651,1148,1892,2634,3345,3849,3800,3319,2062,737,115,983,249,9
Denmark,1968,25664,685,847,162,120,83,187,392,435,1085,2814,5868,7513,5432,878,239,153,175,260,446,639,1012,1802,2542,3326,3764,3749,3364,2068,754,124,967,270,10
Denmark,1969,26083,629,762,133,110,73,179,387,425,1114,2851,6013,7797,5450,911,231,156,177,248,401,713,1046,1805,2601,3412,4020,3777,3366,2084,779,132,872,252,10
Denmark,1970,26183,631,770,139,100,72,175,421,438,1162,2897,5945,7857,5379,954,217,204,182,256,401,761,1104,1793,2598,3347,4045,3812,3274,2105,810,144,870,247,11
Denmark,1971,26867,614,740,126,121,83,211,408,455,1120,2961,6204,7840,5696,1017,218,190,194,261,421,699,1158,1803,2754,3450,3961,3879,3422,2274,859,158,861,294,13
Denmark,1972,27486,552,651,99,107,92,187,407,489,1133,2958,6506,8360,5599,990,202,205,201,288,435,698,1218,1740,2824,3682,4178,4182,3426,2173,834,156,758,279,13
Denmark,1973,27743,465,566,101,110,70,196,436,507,1120,2970,6436,8379,5819,1117,232,204,209,298,405,715,1197,1773,2761,3675,4186,4193,3491,2328,936,181,676,266,15
Denmark,1974,28348,462,557,95,85,63,195,443,488,1178,2974,6384,8747,6052,1164,226,217,225,263,435,743,1189,1785,2758,3626,4375,4372,3657,2395,974,190,642,258,16
Denmark,1975,27781,436,537,101,95,83,168,478,496,1050,2937,6303,8517,5917,1183,234,244,216,280,413,637,1227,1710,2665,3638,4237,4280,3560,2357,978,205,632,251,19
Denmark,1976,29294,389,494,105,69,64,195,442,519,1106,3105,6563,8969,6505,1245,201,241,215,304,428,678,1273,1832,2773,3790,4392,4577,3864,2641,1029,216,563,259,20
Denmark,1977,27556,327,403,76,64,68,176,435,545,1070,2915,6196,8626,5801,1234,230,205,257,288,424,646,1138,1777,2560,3636,4417,4209,3473,2328,1016,218,467,244,22
Denmark,1978,28739,310,383,73,56,77,177,439,540,1088,2903,6493,9026,6280,1253,234,205,250,290,433,655,1073,1830,2613,3880,4532,4494,3873,2407,1035,218,439,254,22
Denmark,1979,29798,312,393,81,65,69,190,476,619,1065,3077,6332,9358,6681,1444,244,232,276,343,421,644,1119,1958,2586,3746,4642,4716,4091,2590,1177,267,458,259,28
Denmark,1980,30215,268,341,73,51,50,179,502,680,1103,2990,6545,9700,6631,1417,236,266,294,386,451,652,1093,1897,2735,3810,4818,4882,3982,2649,1163,254,392,229,27
Denmark,1981,30430,233,300,67,67,52,172,491,680,1133,2905,6552,9790,6832,1430,231,260,297,383,443,690,1063,1842,2796,3756,4817,4973,4154,2678,1177,253,367,224,27
Denmark,1982,29527,254,308,54,49,51,156,479,669,1140,2870,6175,9581,6677,1344,227,252,311,358,441,699,1080,1790,2636,3539,4735,4846,4021,2656,1099,245,357,207,26
Denmark,1983,30388,228,288,60,45,40,167,426,757,1209,2797,6526,9721,6912,1470,215,211,329,428,476,733,1046,1751,2814,3712,4747,4974,4082,2830,1197,273,333,207,30
Denmark,1984,30150,244,293,49,32,44,167,439,724,1148,2767,6305,9791,6913,1490,212,227,295,429,498,650,1076,1691,2779,3526,4722,5069,4150,2763,1217,273,325,211,32
Denmark,1985,30604,248,295,47,58,66,166,485,663,1206,2757,6384,9811,7083,1590,221,264,277,386,502,704,1066,1691,2733,3651,4686,5125,4252,2831,1307,283,353,232,33
Denmark,1986,30307,250,290,40,29,59,139,437,764,1267,2695,6225,9869,6963,1534,236,201,319,445,548,719,1026,1669,2621,3604,4643,5226,4182,2781,1247,287,319,198,34
Denmark,1987,30253,288,344,56,31,36,144,468,694,1304,2754,6223,9515,7121,1581,242,226,316,378,617,687,1074,1680,2639,3584,4477,5038,4338,2783,1275,306,375,180,38
Denmark,1988,30348,250,296,46,36,37,132,480,670,1291,2636,6165,9536,7377,1653,224,256,275,395,598,693,1072,1564,2490,3675,4293,5243,4528,2849,1323,330,332,169,40
Denmark,1989,30570,290,350,60,26,34,116,419,712,1433,2684,6056,9613,7314,1766,197,222,303,409,653,780,1078,1606,2448,3608,4284,5329,4421,2893,1393,373,376,150,46
Denmark,1990,31195,280,339,59,39,43,103,409,644,1473,2644,5949,9896,7867,1744,187,222,280,364,651,822,1050,1594,2352,3597,4522,5374,4768,3099,1381,363,378,146,45
Denmark,1991,30157,268,326,58,37,36,107,426,676,1422,2562,5570,9479,7706,1765,190,236,293,383,568,854,1037,1525,2221,3349,4463,5016,4680,3026,1401,364,363,143,46
Denmark,1992,30586,265,309,44,30,36,114,397,651,1446,2534,5636,9517,7971,1894,174,223,283,368,580,866,1026,1508,2280,3356,4481,5036,4726,3245,1498,396,339,150,51
Denmark,1993,31267,209,245,36,29,32,116,366,716,1455,2553,5599,9774,8410,1918,154,212,290,426,545,910,1060,1493,2199,3400,4582,5192,5029,3381,1524,394,274,148,53
Denmark,1994,30573,223,272,49,29,20,96,395,693,1487,2631,5477,9306,8308,1816,177,218,292,401,606,881,1156,1475,2238,3239,4462,4844,4978,3330,1462,354,301,116,48
Denmark,1995,31328,197,250,53,27,28,116,420,665,1398,2650,5477,9691,8558,1996,165,255,291,374,552,846,1125,1525,2264,3213,4622,5069,5001,3557,1604,392,277,144,54
Denmark,1996,30425,216,262,46,26,31,94,338,647,1414,2791,5254,9352,8245,1919,167,171,292,355,596,818,1268,1523,2129,3125,4295,5057,4812,3433,1544,375,288,125,51
Denmark,1997,29570,187,236,49,30,32,98,324,616,1346,2687,5032,8986,8205,1929,148,176,280,336,565,781,1213,1474,2069,2963,4135,4851,4713,3492,1547,382,266,130,50
Denmark,1998,29007,159,215,56,27,19,93,289,578,1286,2724,5040,8717,8085,1886,110,179,248,330,527,759,1262,1462,2136,2904,3849,4868,4568,3517,1512,374,242,112,47
Denmark,1999,28817,167,202,35,26,31,87,346,519,1211,2819,4731,8623,8159,2011,150,196,232,287,460,751,1235,1584,1961,2770,3797,4826,4559,3600,1608,403,228,118,50
Denmark,2000,28308,209,239,30,23,27,93,304,501,1226,2828,4618,8424,7924,2048,151,153,203,298,480,746,1125,1703,1930,2688,3630,4794,4443,3481,1647,401,262,120,50
Denmark,2001,28452,161,195,34,30,33,80,266,532,1172,2923,4586,8234,8211,2136,111,155,195,337,431,741,1152,1771,1916,2670,3599,4635,4685,3526,1732,404,225,113,51
Denmark,2002,28388,158,191,33,22,21,91,269,548,1156,2954,4630,7983,8205,2260,125,144,214,334,468,688,1181,1773,1995,2635,3505,4478,4669,3536,1835,425,213,112,55
Denmark,2003,28240,165,207,42,19,29,76,244,487,1210,2904,4684,7824,8172,2326,109,135,183,304,461,749,1099,1805,2099,2585,3392,4432,4616,3556,1884,442,226,105,56
Denmark,2004,27531,152,179,27,20,37,73,239,518,1154,2806,4685,7470,8022,2273,115,124,201,317,455,699,1102,1704,2193,2492,3265,4205,4595,3427,1832,441,199,110,55
Denmark,2005,26815,166,194,28,21,18,84,238,392,1069,2663,4689,7164,7984,2241,95,143,164,228,404,665,1046,1617,2131,2558,3131,4033,4501,3483,1789,452,215,102,54
Denmark,2006,27283,142,166,24,20,26,75,224,434,1116,2757,4919,7291,7839,2358,118,106,169,265,448,668,1120,1637,2412,2507,3248,4043,4357,3482,1860,498,186,101,58
Denmark,2007,27113,149,178,29,16,22,82,221,404,1122,2731,4972,7050,7924,2331,105,116,163,241,461,661,1139,1592,2413,2559,3157,3893,4334,3590,1822,509,194,104,59
Denmark,2008,26958,146,178,32,16,25,78,239,378,1046,2430,5136,6943,7864,2552,137,102,163,215,399,647,1012,1418,2432,2704,3151,3792,4289,3575,1981,571,194,103,68
Denmark,2009,27061,100,116,16,10,17,68,211,385,973,2503,5125,6973,8089,2529,93,118,149,236,391,582,994,1509,2445,2680,3131,3842,4374,3715,1974,555,126,85,67
Denmark,2010,26744,116,138,22,12,13,59,195,329,975,2514,5044,6988,7995,2420,94,101,117,212,368,607,1023,1491,2253,2791,3261,3727,4244,3751,1888,532,150,72,65
Denmark,2011,26030,103,126,23,11,17,55,170,353,919,2276,4957,6860,7623,2590,90,80,134,219,329,590,887,1389,2056,2901,3098,3762,3992,3631,2026,564,137,72,73
Denmark,2012,25872,101,118,17,19,11,50,161,274,878,2242,4958,6858,7682,2548,86,75,92,182,302,576,868,1374,1939,3019,3131,3727,4080,3602,2002,546,137,61,73
Denmark,2013,26126,92,121,29,8,16,55,135,271,849,2214,4943,6808,7966,2666,62,73,97,174,292,557,879,1335,1950,2993,3202,3606,4199,3767,2104,562,129,71,75
Denmark,2014,25772,134,151,17,10,14,41,160,284,799,2111,4854,6921,7599,2747,71,89,115,169,284,515,834,1277,1936,2918,3315,3606,3889,3710,2136,611,161,55,83
Denmark,2015,26349,116,126,10,13,14,38,173,227,768,2072,4700,7285,7888,2961,88,85,82,145,264,504,861,1211,1905,2795,3565,3720,4043,3845,2300,661,139,52,88
Denmark,2016,26483,113,134,21,14,13,28,179,252,734,2064,4613,7409,7902,3051,85,94,99,153,264,470,778,1286,1864,2749,3658,3751,4120,3782,2344,707,148,41,92
Denmark,2017,26929,129,152,23,9,14,46,176,232,679,1977,4374,7787,8181,3214,90,86,99,133,226,453,787,1190,1809,2565,3908,3879,4307,3874,2483,731,161,60,91
Denmark,2018,27970,126,143,17,12,13,57,152,246,646,2008,4410,8146,8726,3320,60,92,111,135,241,405,791,1217,1797,2613,3929,4217,4587,4139,2561,759,155,70,93
Denmark,2019,27504,105,120,15,9,16,51,168,235,609,1897,4497,8122,8392,3294,79,89,99,136,200,409,735,1162,1819,2678,3827,4295,4466,3926,2535,759,129,67,94
Denmark,2020,27973,108,127,19,15,18,35,194,245,598,1825,4219,8363,8893,3349,82,112,88,157,219,379,691,1134,1659,2560,3774,4589,4615,4278,2579,770,142,53,95
Denmark,2021,30015,106,121,15,9,10,37,153,215,550,1796,4175,9140,10056,3647,76,77,90,125,178,372,606,1190,1724,2451,3632,5508,5306,4750,2814,833,130,47,104
Djibouti,1950,756,272,461,189,50,21,20,46,35,30,30,30,24,6,0,25,21,20,15,15,15,15,15,15,15,14,10,5,1,0,0,511,41,0
Djibouti,1951,759,269,454,185,51,21,21,46,39,30,30,30,25,4,0,25,21,20,19,15,15,15,15,15,15,15,10,4,0,0,0,505,42,0
Djibouti,1952,771,275,456,181,52,21,21,47,40,36,30,30,26,5,0,25,22,20,20,20,16,15,15,15,15,15,11,5,0,0,0,508,42,0
Djibouti,1953,783,281,458,177,55,22,21,48,40,40,34,37,26,6,0,25,23,20,20,20,20,18,16,20,17,15,11,5,1,0,0,513,43,0
Djibouti,1954,800,287,464,177,55,22,22,49,40,40,40,39,27,7,0,25,24,20,20,20,20,20,20,20,19,15,12,6,1,0,0,519,44,0
Djibouti,1955,820,293,472,179,57,24,23,53,40,40,40,40,28,8,0,28,25,20,20,20,20,20,20,20,20,16,12,6,2,0,0,529,47,0
Djibouti,1956,839,298,480,182,57,24,23,54,42,40,40,40,30,9,0,29,25,22,20,20,20,20,20,20,20,17,13,7,2,0,0,537,47,0
Djibouti,1957,859,304,491,187,55,25,25,56,43,40,40,40,31,10,0,30,26,23,20,20,20,20,20,20,20,18,13,7,3,0,0,546,50,0
Djibouti,1958,879,309,498,189,56,27,26,57,45,40,40,40,32,11,0,30,27,25,20,20,20,20,20,20,20,19,13,8,3,0,0,554,53,0
Djibouti,1959,898,315,507,192,56,27,26,57,47,40,40,40,34,11,0,30,27,25,22,20,20,20,20,20,20,20,14,8,3,0,0,563,53,0
Djibouti,1960,913,320,515,195,56,27,27,58,50,44,40,48,34,11,0,30,28,25,25,24,20,20,20,23,25,20,14,8,3,0,0,571,54,0
Djibouti,1961,941,326,525,199,59,26,27,62,50,50,50,50,39,12,0,33,29,25,25,25,25,25,25,25,25,23,16,9,3,0,0,584,53,0
Djibouti,1962,969,334,538,204,62,26,28,65,50,50,50,50,41,12,0,35,30,25,25,25,25,25,25,25,25,24,17,9,3,0,0,600,54,0
Djibouti,1963,1005,344,554,210,63,27,31,66,53,50,50,50,43,13,0,35,31,28,25,25,25,25,25,25,25,25,18,9,4,0,0,617,58,0
Djibouti,1964,1046,357,576,219,67,28,32,68,55,50,50,50,45,14,0,36,32,30,25,25,25,25,25,25,25,25,20,10,4,0,0,643,60,0
Djibouti,1965,1089,370,596,226,70,29,33,74,60,55,56,60,49,14,0,40,34,30,30,30,25,26,30,30,30,28,21,10,4,0,0,666,62,0
Djibouti,1966,1137,383,617,234,72,30,33,76,61,60,60,60,53,16,0,40,36,31,30,30,30,30,30,30,30,30,23,12,4,0,0,689,63,0
Djibouti,1967,1183,395,637,242,77,33,35,80,64,60,60,60,54,18,0,43,37,34,30,30,30,30,30,30,30,30,24,14,4,0,0,714,68,0
Djibouti,1968,1219,405,652,247,79,33,33,83,66,60,60,70,57,19,0,45,38,35,31,30,30,30,30,35,35,32,25,14,5,0,0,731,66,0
Djibouti,1969,1257,414,665,251,83,34,34,88,70,65,70,70,61,22,0,47,41,35,35,35,30,35,35,35,35,34,27,16,6,0,0,748,68,0
Djibouti,1970,1311,430,688,258,87,37,36,91,73,70,70,70,63,23,0,49,42,38,35,35,35,35,35,35,35,35,28,17,6,0,0,775,73,0
Djibouti,1971,1399,448,721,273,93,40,39,99,81,75,80,80,69,25,0,52,47,41,40,40,35,40,40,40,40,38,31,19,6,0,0,814,79,0
Djibouti,1972,1435,462,733,271,97,41,40,100,82,80,80,83,73,28,0,52,48,42,40,40,40,40,40,41,42,40,33,21,7,0,0,830,81,0
Djibouti,1973,1503,481,762,281,102,43,42,103,85,80,81,90,79,30,0,52,51,45,40,40,40,40,41,45,45,44,35,22,8,0,0,864,85,0
Djibouti,1974,1583,501,793,292,108,46,45,108,92,90,90,98,85,33,1,54,54,47,45,45,45,45,45,48,50,47,38,24,9,1,0,901,91,0
Djibouti,1975,1682,530,840,310,114,49,49,114,96,90,96,101,91,35,1,56,58,51,45,45,45,47,49,50,51,50,41,25,10,1,0,954,98,0
Djibouti,1976,1824,566,898,332,126,54,54,124,106,100,102,114,102,39,1,63,61,56,50,50,50,50,52,55,59,56,46,28,11,1,0,1024,108,0
Djibouti,1977,1966,603,952,349,136,59,59,134,116,110,113,127,112,45,2,69,65,61,55,55,55,55,58,62,65,62,50,32,13,2,0,1088,118,0
Djibouti,1978,2121,643,1013,370,148,64,64,144,127,120,126,138,123,51,2,75,69,67,60,60,60,62,64,68,70,68,55,35,16,2,0,1161,128,0
Djibouti,1979,2271,681,1070,389,160,70,70,154,137,130,138,149,136,57,2,81,73,72,65,65,65,68,70,74,75,74,62,40,17,2,0,1230,140,0
Djibouti,1980,2394,707,1110,403,167,74,74,163,147,140,148,162,148,61,4,87,76,77,70,70,70,73,75,79,83,81,67,42,19,4,0,1277,148,0
Djibouti,1981,2498,727,1139,412,175,78,80,172,154,147,153,172,157,65,4,93,79,79,75,75,72,75,78,84,88,87,70,45,20,4,0,1314,158,0
Djibouti,1982,2534,730,1140,410,176,80,81,176,154,150,159,178,164,68,5,94,82,78,76,75,75,79,80,88,90,89,75,48,20,5,0,1316,161,0
Djibouti,1983,2569,730,1136,406,178,82,85,182,156,151,162,185,172,72,5,98,84,77,79,75,76,80,82,90,95,93,79,51,21,5,0,1314,167,0
Djibouti,1984,2596,728,1132,404,179,82,85,185,158,158,168,190,177,77,5,99,86,77,81,80,78,83,85,93,97,97,80,53,24,5,0,1311,167,0
Djibouti,1985,2651,733,1137,404,182,86,90,192,161,160,173,196,184,80,6,104,88,78,83,80,80,85,88,96,100,99,85,55,25,6,0,1319,176,0
Djibouti,1986,2746,747,1152,405,188,88,95,202,167,170,182,207,197,85,6,109,93,82,85,85,85,90,92,101,106,107,90,59,26,6,0,1340,183,0
Djibouti,1987,2862,772,1185,413,195,93,100,213,172,180,192,222,208,92,7,115,98,85,87,90,90,95,97,108,114,113,95,64,28,7,0,1380,193,0
Djibouti,1988,3002,799,1224,425,204,98,106,228,181,191,206,236,224,100,8,123,105,91,90,96,95,101,105,114,122,120,104,69,31,8,0,1428,204,0
Djibouti,1989,3169,826,1265,439,215,103,113,244,191,205,219,252,241,108,8,132,112,98,93,104,101,108,111,122,130,130,111,74,34,8,0,1480,216,0
Djibouti,1990,3447,881,1350,469,231,112,125,274,210,225,241,278,266,122,10,149,125,109,101,114,111,119,122,135,143,143,123,83,39,10,0,1581,237,0
Djibouti,1991,3963,953,1457,504,255,126,156,377,272,272,281,318,301,137,11,204,173,145,127,137,135,139,142,155,163,162,139,94,43,11,0,1712,282,0
Djibouti,1992,4439,985,1507,522,264,133,192,516,349,319,320,350,328,148,11,280,236,189,160,162,157,159,161,171,179,177,151,102,46,11,0,1771,325,0
Djibouti,1993,3699,893,1372,479,248,122,140,311,236,242,269,311,299,138,12,168,143,124,112,117,125,133,136,151,160,161,138,94,44,12,0,1620,262,0
Djibouti,1994,3880,924,1421,497,261,129,146,330,249,255,283,327,316,145,12,178,152,131,118,121,134,139,144,158,169,170,146,99,46,11,1,1682,275,0
Djibouti,1995,3711,869,1331,462,250,122,140,314,238,242,278,322,315,147,14,169,145,125,113,113,129,137,141,155,167,169,146,100,47,13,1,1581,262,0
Djibouti,1996,3779,853,1307,454,259,128,145,327,249,246,288,335,326,154,16,176,151,131,118,115,131,142,146,162,173,174,152,104,50,15,1,1566,273,0
Djibouti,1997,3897,844,1298,454,269,135,151,349,267,260,302,350,341,160,16,187,162,140,127,124,136,149,153,169,181,183,158,108,52,15,1,1567,286,0
Djibouti,1998,3974,852,1299,447,267,134,154,367,281,266,312,361,349,166,16,195,172,148,133,129,137,155,157,174,187,187,162,111,55,15,1,1566,288,0
Djibouti,1999,4108,866,1305,439,270,137,161,396,304,277,330,377,363,172,17,209,187,160,144,138,139,164,166,182,195,195,168,116,56,15,2,1575,298,0
Djibouti,2000,4178,877,1315,438,271,138,161,401,313,283,339,389,375,177,18,210,191,165,148,143,140,168,171,188,201,202,173,120,57,16,2,1586,299,0
Djibouti,2001,4259,881,1313,432,271,140,162,412,328,292,347,401,388,185,18,215,197,174,154,148,144,171,176,194,207,210,178,124,61,16,2,1584,302,0
Djibouti,2002,4323,883,1313,430,265,140,163,421,341,301,354,414,400,191,19,216,205,180,161,154,147,173,181,200,214,216,184,129,62,17,2,1578,303,0
Djibouti,2003,4395,874,1301,427,267,141,166,431,357,314,365,426,412,197,20,221,210,189,168,160,154,175,190,205,221,222,190,133,64,18,2,1568,307,0
Djibouti,2004,4404,853,1279,426,263,141,165,422,360,319,365,435,428,205,21,216,206,189,171,163,156,171,194,210,225,231,197,138,67,19,2,1542,306,0
Djibouti,2005,4421,812,1223,411,268,142,167,423,369,329,371,451,446,211,23,216,207,193,176,168,161,172,199,218,233,239,207,142,69,21,2,1491,309,0
Djibouti,2006,4368,777,1174,397,262,137,165,411,367,331,370,456,455,217,23,209,202,191,176,169,162,172,198,220,236,242,213,145,72,21,2,1436,302,0
Djibouti,2007,4455,751,1134,383,270,142,171,424,384,349,381,475,472,228,23,216,208,199,185,178,171,179,202,230,245,250,222,152,76,21,2,1404,313,0
Djibouti,2008,4449,724,1088,364,264,137,170,427,390,358,383,485,484,233,25,218,209,201,189,183,175,184,199,235,250,256,228,157,76,23,2,1352,307,0
Djibouti,2009,4459,702,1048,346,264,136,170,423,394,367,389,501,499,243,25,217,206,202,192,187,180,189,200,244,257,263,236,163,80,23,2,1312,306,0
Djibouti,2010,4473,685,1017,332,259,135,170,421,395,374,394,512,514,251,26,217,204,200,195,191,183,194,200,248,264,271,243,169,82,23,3,1276,305,0
Djibouti,2011,4531,666,982,316,256,137,172,428,404,389,406,528,532,265,29,222,206,204,200,198,191,203,203,253,275,280,252,179,86,26,3,1238,309,0
Djibouti,2012,4597,649,953,304,253,141,173,435,410,404,421,542,552,278,29,226,209,205,205,206,198,210,211,256,286,292,260,187,91,26,3,1206,314,0
Djibouti,2013,4568,633,923,290,240,139,169,428,402,409,428,545,564,286,31,222,206,200,202,208,201,214,214,253,292,298,266,193,93,27,4,1163,308,0
Djibouti,2014,4678,617,896,279,241,142,174,443,415,428,450,566,588,304,33,230,213,205,210,217,211,224,226,259,307,310,278,203,101,29,4,1137,316,0
Djibouti,2015,4693,603,869,266,230,139,173,445,415,436,461,571,604,311,35,230,215,205,210,220,216,230,231,257,314,318,286,208,103,31,4,1099,312,0
Djibouti,2016,4750,589,844,255,228,141,175,446,417,448,480,585,631,326,36,230,216,205,212,224,224,239,241,264,321,332,299,216,110,32,4,1072,316,0
Djibouti,2017,4767,577,822,245,218,135,175,441,413,453,493,592,650,340,37,226,215,205,208,225,228,247,246,271,321,342,308,224,116,33,4,1040,310,0
Djibouti,2018,4830,566,801,235,215,132,179,444,416,463,511,602,675,352,40,227,217,206,210,229,234,255,256,279,323,357,318,232,120,36,4,1016,311,0
Djibouti,2019,4929,554,780,226,214,132,182,453,422,480,533,620,704,368,42,231,222,210,212,235,245,267,266,293,327,372,332,243,125,38,4,994,314,0
Djibouti,2020,5315,541,758,217,204,125,175,430,417,517,626,749,831,438,49,220,210,205,212,248,269,307,319,359,390,445,386,286,152,44,5,962,300,0
Djibouti,2021,5559,529,738,209,203,124,180,450,437,548,678,802,889,458,50,231,219,215,222,259,289,333,345,385,417,473,416,302,156,44,6,941,304,0
Dominica,1950,617,133,223,90,26,11,10,27,27,23,27,49,105,77,9,12,15,15,12,10,13,12,15,20,29,56,49,51,26,9,0,249,21,0
Dominica,1951,562,122,195,73,24,10,10,20,24,20,25,44,101,74,10,10,10,13,11,10,10,10,15,19,25,52,49,48,26,9,1,219,20,0
Dominica,1952,610,148,231,83,28,12,12,23,30,22,28,44,97,72,9,13,10,15,15,10,12,13,15,20,24,46,51,45,27,8,1,259,24,0
Dominica,1953,515,131,189,58,22,10,10,20,20,20,22,40,88,68,9,10,10,10,10,10,10,10,12,18,22,37,51,40,28,8,1,211,20,0
Dominica,1954,486,123,180,57,19,10,10,15,19,20,21,38,83,64,9,10,5,9,10,10,10,10,11,17,21,32,51,36,28,8,1,199,20,0
Dominica,1955,517,145,212,67,19,10,10,16,18,20,21,38,79,66,9,10,6,8,10,10,10,10,11,17,21,28,51,38,28,8,1,231,20,0
Dominica,1956,495,140,209,69,18,10,10,16,16,20,21,36,70,62,9,10,6,6,10,10,10,10,11,16,20,26,44,36,26,8,1,227,20,0
Dominica,1957,454,138,201,63,13,10,10,14,11,20,20,34,58,58,9,9,5,5,6,10,10,10,10,15,19,24,34,35,23,9,0,214,20,0
Dominica,1958,447,139,217,78,14,10,10,13,10,14,20,31,49,52,9,8,5,5,5,5,9,10,10,14,17,21,28,32,20,9,0,231,20,0
Dominica,1959,419,144,214,70,12,5,5,10,10,12,20,30,45,46,8,5,5,5,5,5,7,10,10,14,16,22,23,27,19,7,1,226,10,0
Dominica,1960,391,136,195,59,12,5,5,10,10,13,20,31,43,37,8,5,5,5,5,5,8,10,10,15,16,22,21,20,17,7,1,207,10,0
Dominica,1961,361,116,171,55,12,5,5,10,10,12,20,31,44,35,6,5,5,5,5,5,7,10,10,15,16,22,22,20,15,6,0,183,10,0
Dominica,1962,326,98,144,46,9,5,5,10,10,11,20,35,45,32,7,5,5,5,5,5,6,10,10,15,20,22,23,18,14,7,0,153,10,0
Dominica,1963,381,119,181,62,13,5,5,10,10,12,24,36,46,32,6,5,5,5,5,5,7,10,14,16,20,22,24,19,13,6,0,194,10,0
Dominica,1964,288,73,105,32,9,5,5,10,10,10,23,35,46,31,6,5,5,5,5,5,5,10,13,15,20,21,25,19,12,6,0,114,10,0
Dominica,1965,288,68,97,29,9,5,5,10,10,11,24,36,48,32,5,5,5,5,5,5,6,10,14,16,20,23,25,20,12,5,0,106,10,0
Dominica,1966,338,94,127,33,10,5,5,10,10,13,25,41,50,36,5,5,5,5,5,5,8,10,15,19,22,25,25,23,13,5,0,137,10,0
Dominica,1967,301,68,92,24,9,5,5,10,10,12,26,42,50,38,5,5,5,5,5,5,7,10,16,20,22,25,25,24,14,5,0,101,10,0
Dominica,1968,300,65,87,22,7,5,5,10,10,12,26,43,50,40,5,5,5,5,5,5,7,10,16,20,23,25,25,24,16,5,0,94,10,0
Dominica,1969,324,70,102,32,10,5,5,10,10,12,25,43,50,44,5,5,5,5,5,5,7,10,15,20,23,25,25,25,19,5,0,112,10,0
Dominica,1970,306,61,82,21,7,5,5,10,10,12,26,47,50,45,6,5,5,5,5,5,7,11,15,22,25,25,25,25,20,6,0,89,10,0
Dominica,1971,307,51,70,19,7,5,5,10,10,13,28,48,55,46,8,5,5,5,5,5,8,12,16,23,25,29,26,25,21,8,0,77,10,0
Dominica,1972,283,42,56,14,6,5,5,10,10,12,27,47,56,43,7,5,5,5,5,5,7,11,16,22,25,29,27,25,18,7,0,62,10,0
Dominica,1973,265,37,49,12,6,5,5,10,9,10,25,47,54,40,9,5,5,4,5,5,5,10,15,21,26,29,25,23,17,8,1,55,10,0
Dominica,1974,255,32,42,10,5,5,5,10,8,10,25,48,56,39,8,5,5,3,5,5,5,10,15,21,27,30,26,23,16,7,1,47,10,0
Dominica,1975,262,31,39,8,5,5,5,10,10,11,27,50,57,39,8,5,5,5,5,5,6,10,17,22,28,30,27,23,16,7,1,44,10,0
Dominica,1976,272,24,32,8,5,5,7,11,10,13,28,55,62,40,8,6,5,5,5,5,8,11,17,24,31,33,29,24,16,7,1,37,12,0
Dominica,1977,266,22,28,6,5,5,7,11,10,12,27,55,63,41,7,6,5,5,5,5,7,10,17,24,31,34,29,25,16,6,1,33,12,0
Dominica,1978,251,18,22,4,5,3,5,10,10,11,25,52,63,41,7,5,5,5,5,5,6,10,15,23,29,34,29,25,16,6,1,27,8,0
Dominica,1979,244,15,21,6,5,5,5,10,10,10,23,50,59,43,6,5,5,5,5,5,5,10,13,22,28,30,29,25,18,6,0,26,10,0
Dominica,1980,246,14,18,4,2,2,5,10,10,10,24,51,65,46,8,5,5,5,5,5,5,10,14,22,29,34,31,26,20,8,0,20,7,0
Dominica,1981,223,9,11,2,0,0,5,10,10,10,21,47,60,42,9,5,5,5,5,5,5,9,12,20,27,30,30,23,19,9,0,11,5,0
Dominica,1982,227,11,13,2,0,0,5,10,10,10,20,45,63,45,10,5,5,5,5,5,5,8,12,18,27,31,32,25,20,10,0,13,5,0
Dominica,1983,226,16,19,3,0,0,5,9,0,9,16,42,66,46,12,5,4,0,0,4,5,6,10,17,25,32,34,27,19,11,1,19,5,0
Dominica,1984,248,15,19,4,0,1,5,10,10,10,19,45,75,49,12,5,5,5,5,5,5,7,12,18,27,36,39,29,20,11,1,19,6,0
Dominica,1985,272,15,19,4,0,1,5,10,10,10,23,49,82,54,12,5,5,5,5,5,5,9,14,20,29,38,44,34,20,10,2,19,6,0
Dominica,1986,309,17,21,4,1,1,5,12,10,11,26,55,92,60,12,7,5,5,5,5,6,10,16,23,32,43,49,38,22,10,2,22,6,0
Dominica,1987,325,19,23,4,1,1,5,12,10,11,26,56,94,68,13,7,5,5,5,5,6,10,16,23,33,43,51,44,24,11,2,24,6,0
Dominica,1988,323,14,18,4,1,1,5,10,10,11,25,56,92,74,13,5,5,5,5,5,6,10,15,23,33,42,50,48,26,11,2,19,6,0
Dominica,1989,363,20,24,4,2,1,6,16,10,15,28,60,96,84,14,10,6,5,5,5,10,11,17,25,35,43,53,54,30,12,2,26,7,0
Dominica,1990,358,14,18,4,0,0,6,14,10,17,28,60,92,92,16,8,6,5,5,7,10,11,17,25,35,41,51,57,35,14,2,18,6,0
Dominica,1991,368,17,21,4,1,0,5,12,10,16,26,59,90,102,21,7,5,5,5,6,10,10,16,25,34,40,50,61,41,17,4,22,5,0
Dominica,1992,377,19,23,4,1,0,5,12,10,16,27,59,91,103,22,7,5,5,5,6,10,10,17,25,34,42,49,59,44,18,4,24,5,0
Dominica,1993,353,15,18,3,0,0,5,10,10,15,27,57,87,95,22,5,5,5,5,5,10,10,17,23,34,41,46,52,43,17,5,18,5,0
Dominica,1994,339,13,16,3,0,0,4,10,10,15,25,54,83,90,21,5,5,5,5,5,10,10,15,22,32,41,42,48,42,16,5,16,4,0
Dominica,1995,337,10,13,3,0,0,4,10,10,18,28,57,84,87,20,5,5,5,5,8,10,12,16,24,33,41,43,45,42,16,4,13,4,0
Dominica,1996,349,11,15,4,0,0,5,10,10,20,28,59,87,89,21,5,5,5,5,10,10,12,16,25,34,42,45,48,41,17,4,15,5,1
Dominica,1997,326,9,11,2,0,0,4,10,10,18,26,56,81,82,20,5,5,5,5,8,10,11,15,23,33,39,42,45,37,16,4,11,4,1
Dominica,1998,328,8,8,0,0,0,4,10,12,20,28,57,83,79,20,5,5,5,7,10,10,13,15,24,33,41,42,43,36,17,3,8,4,1
Dominica,1999,356,15,19,4,1,0,5,10,11,20,29,60,95,85,22,5,5,5,6,10,10,13,16,24,36,45,50,46,39,19,3,20,5,1
Dominica,2000,319,11,13,2,0,0,4,10,10,15,25,52,86,83,21,5,5,5,5,5,10,10,15,20,32,41,45,44,39,18,3,13,4,1
Dominica,2001,351,15,19,4,0,0,5,10,10,18,27,58,95,88,24,5,5,5,5,8,10,11,16,22,36,45,50,46,42,20,4,19,5,1
Dominica,2002,346,8,8,0,0,0,4,10,11,20,32,57,96,83,24,5,5,5,6,10,10,15,17,22,35,47,49,44,39,20,4,8,4,0
Dominica,2003,355,11,13,2,0,0,4,10,10,20,32,58,98,85,24,5,5,5,5,10,10,15,17,23,35,48,50,47,38,20,4,13,4,0
Dominica,2004,332,7,7,0,0,0,3,10,10,20,32,55,93,77,23,5,5,5,5,10,10,15,17,23,32,45,48,43,34,20,3,7,3,0
Dominica,2005,363,11,13,2,0,0,4,10,10,21,33,57,103,84,25,5,5,5,5,10,11,15,18,24,33,49,54,48,36,20,5,13,4,0
Dominica,2006,358,10,12,2,0,0,4,10,10,19,33,57,103,84,26,5,5,5,5,9,10,15,18,25,32,48,55,48,36,21,5,12,4,0
Dominica,2007,376,9,10,1,0,0,4,10,10,23,36,62,105,88,25,5,5,5,5,10,13,16,20,27,35,48,57,50,38,21,4,10,4,1
Dominica,2008,359,6,6,0,0,0,4,10,10,22,36,59,100,87,26,5,5,5,5,10,12,16,20,26,33,45,55,50,37,20,6,6,4,0
Dominica,2009,390,8,9,1,0,0,4,10,10,21,37,63,107,98,30,5,5,5,5,9,12,17,20,27,36,47,60,56,42,23,7,9,4,1
Dominica,2010,428,11,13,2,0,0,4,10,10,24,42,69,115,105,35,5,5,5,5,10,14,19,23,30,39,51,64,61,44,26,9,13,4,1
Dominica,2011,477,16,20,4,0,0,5,10,11,25,47,75,123,116,41,5,5,5,6,10,15,21,26,32,43,54,69,67,49,29,12,20,5,1
Dominica,2012,440,13,16,3,0,0,4,10,10,22,43,71,114,108,37,5,5,5,5,9,13,19,24,31,40,50,64,63,45,27,10,16,4,1
Dominica,2013,452,18,22,4,0,0,5,10,10,25,49,74,117,108,31,5,5,5,5,10,15,22,27,32,42,52,65,63,45,22,9,22,5,1
Dominica,2014,450,18,22,4,0,0,5,10,10,23,47,76,116,108,31,5,5,5,5,9,14,20,27,33,43,53,63,63,45,22,9,22,5,1
Dominica,2015,404,17,22,5,5,3,5,10,10,23,50,71,101,89,16,5,5,5,5,9,14,21,29,33,38,47,54,54,35,12,4,27,8,1
Dominica,2016,406,15,19,4,0,0,5,10,10,22,50,75,101,90,18,5,5,5,5,8,14,21,29,35,40,48,53,55,35,15,3,19,5,1
Dominica,2017,424,18,24,6,5,5,5,10,10,23,54,79,101,88,16,5,5,5,5,8,15,23,31,37,42,48,53,53,35,12,4,29,10,1
Dominica,2018,346,8,8,0,0,0,3,10,10,19,48,69,86,74,14,5,5,5,5,6,13,20,28,33,36,41,45,44,30,11,3,8,3,1
Dominica,2019,346,8,8,0,0,0,3,10,10,19,48,74,88,70,14,5,5,5,5,6,13,20,28,35,39,43,45,40,30,11,3,8,3,1
Dominica,2020,340,8,8,0,0,0,3,10,10,18,48,76,87,69,10,5,5,5,5,6,12,20,28,36,40,42,45,40,29,10,0,8,3,0
Dominica,2021,372,8,8,0,0,0,3,10,10,18,51,84,97,75,13,5,5,5,5,6,12,21,30,39,45,47,50,42,33,12,1,8,3,0
Dominican Republic,1950,27740,11104,16851,5747,1287,561,688,1409,1106,1129,1241,1441,1326,613,90,759,650,551,555,553,576,602,639,702,739,728,598,406,207,72,18,18138,1249,0
Dominican Republic,1951,28314,11428,17283,5855,1310,557,700,1424,1107,1135,1263,1478,1359,613,85,771,653,552,555,554,581,610,653,719,759,747,612,410,203,69,16,18593,1257,1
Dominican Republic,1952,28647,11631,17501,5870,1325,548,706,1434,1106,1142,1285,1511,1396,613,80,779,655,552,554,556,586,620,665,733,778,766,630,413,200,65,15,18826,1254,2
Dominican Republic,1953,28979,11830,17718,5888,1346,537,711,1441,1107,1147,1303,1541,1433,617,77,785,656,552,555,557,590,627,676,747,794,785,648,417,200,64,13,19064,1248,2
Dominican Republic,1954,29297,12005,17919,5914,1362,528,713,1449,1103,1150,1322,1574,1472,622,75,791,658,549,554,557,593,635,687,762,812,805,667,424,198,62,13,19281,1241,2
Dominican Republic,1955,29595,12149,18093,5944,1376,523,711,1456,1104,1154,1344,1611,1513,634,74,795,661,550,554,559,595,643,701,779,832,827,686,434,200,62,12,19469,1234,1
Dominican Republic,1956,29859,12250,18213,5963,1390,524,707,1464,1104,1161,1368,1653,1557,647,70,800,664,550,554,560,601,652,716,799,854,851,706,446,201,59,11,19603,1231,1
Dominican Republic,1957,30079,12307,18271,5964,1408,531,700,1474,1102,1168,1392,1696,1601,663,70,805,669,550,552,561,607,661,731,819,877,874,727,459,204,59,11,19679,1231,1
Dominican Republic,1958,30249,12325,18269,5944,1425,542,694,1484,1102,1172,1418,1741,1649,680,70,810,674,552,550,561,611,672,746,839,902,899,750,474,206,59,11,19694,1236,1
Dominican Republic,1959,30366,12305,18211,5906,1444,553,690,1487,1106,1180,1442,1788,1696,700,70,809,678,554,552,565,615,681,761,862,926,924,772,490,210,59,11,19655,1243,1
Dominican Republic,1960,30424,12246,18093,5847,1461,564,689,1487,1113,1188,1466,1830,1742,721,71,806,681,558,555,567,621,690,776,881,949,949,793,504,217,60,11,19554,1253,1
Dominican Republic,1961,30425,12153,17922,5769,1476,573,693,1481,1119,1195,1489,1869,1788,743,71,796,685,562,557,570,625,700,789,899,970,973,815,520,223,60,11,19398,1266,1
Dominican Republic,1962,30377,12035,17712,5677,1484,583,703,1475,1128,1203,1509,1910,1836,766,74,786,689,568,560,573,630,706,803,917,993,998,838,535,231,63,11,19196,1286,1
Dominican Republic,1963,30460,11919,17540,5621,1531,608,726,1468,1140,1213,1534,1953,1884,790,74,776,692,575,565,578,635,716,818,937,1016,1024,860,551,239,63,11,19071,1334,1
Dominican Republic,1964,30146,11722,17167,5445,1487,597,734,1448,1142,1214,1551,1989,1929,812,76,762,686,576,566,578,636,722,829,952,1037,1047,882,566,246,65,11,18654,1331,1
Dominican Republic,1965,33736,11532,16840,5308,1479,633,1134,2961,2009,1656,1836,2201,2059,850,76,1565,1396,1090,919,826,830,871,965,1065,1136,1122,937,594,256,65,11,18319,1767,1
Dominican Republic,1966,29788,11373,16541,5168,1477,622,768,1414,1136,1219,1588,2081,2016,849,76,755,659,571,565,577,642,735,853,993,1088,1093,923,593,256,65,11,18018,1390,1
Dominican Republic,1967,29485,11116,16118,5002,1453,626,783,1406,1132,1219,1608,2133,2063,870,78,764,642,568,564,575,644,741,867,1017,1116,1119,944,608,262,67,11,17571,1409,1
Dominican Republic,1968,29109,10778,15609,4831,1428,631,796,1403,1127,1222,1626,2184,2117,891,79,777,626,564,563,576,646,747,879,1039,1145,1148,969,623,268,68,11,17037,1427,1
Dominican Republic,1969,28725,10467,15098,4631,1396,631,808,1405,1123,1227,1645,2227,2167,917,81,792,613,558,565,578,649,754,891,1058,1169,1174,993,639,278,70,11,16494,1439,1
Dominican Republic,1970,28358,10194,14613,4419,1354,626,821,1411,1120,1233,1662,2260,2223,947,87,804,607,551,569,582,651,761,901,1071,1189,1203,1020,658,289,76,11,15967,1447,1
Dominican Republic,1971,28166,9917,14132,4215,1310,615,826,1425,1122,1239,1665,2286,2345,1081,119,815,610,547,575,587,652,760,905,1077,1209,1252,1093,735,346,101,18,15442,1441,2
Dominican Republic,1972,28145,9630,13640,4010,1263,601,827,1431,1121,1258,1682,2349,2497,1294,178,819,612,538,583,601,657,765,917,1101,1248,1316,1181,843,451,148,30,14903,1428,4
Dominican Republic,1973,28112,9350,13163,3813,1213,586,829,1443,1120,1276,1700,2416,2637,1488,236,823,620,530,590,613,663,772,928,1126,1290,1376,1261,945,543,196,40,14376,1415,7
Dominican Republic,1974,27993,9009,12636,3627,1168,576,830,1456,1108,1297,1724,2489,2766,1651,283,828,628,520,588,623,674,781,943,1156,1333,1434,1332,1036,615,236,47,13804,1406,8
Dominican Republic,1975,27841,8666,12106,3440,1129,568,836,1472,1092,1317,1751,2576,2885,1776,319,839,633,511,581,630,687,792,959,1192,1384,1490,1395,1108,668,266,53,13235,1404,9
Dominican Republic,1976,27732,8385,11640,3255,1098,562,843,1486,1072,1340,1789,2673,2994,1876,344,852,634,505,567,635,705,809,980,1231,1442,1542,1452,1170,706,286,58,12738,1405,9
Dominican Republic,1977,27648,8120,11208,3088,1072,557,849,1498,1054,1364,1827,2773,3107,1967,366,862,636,503,551,639,725,826,1001,1273,1500,1596,1511,1224,743,304,62,12280,1406,10
Dominican Republic,1978,27589,7868,10803,2935,1045,548,851,1505,1041,1384,1865,2865,3218,2059,389,870,635,506,535,640,744,844,1021,1310,1555,1649,1569,1276,783,322,67,11848,1399,11
Dominican Republic,1979,28185,7748,10708,2960,1157,606,882,1538,1053,1421,1919,2950,3346,2167,422,889,649,520,533,652,769,871,1048,1344,1606,1712,1634,1332,835,346,76,11865,1488,12
Dominican Republic,1980,27556,7449,10122,2673,970,513,831,1518,1049,1419,1932,2964,3456,2292,472,870,648,523,526,646,773,880,1052,1340,1624,1763,1693,1393,899,382,90,11092,1344,14
Dominican Republic,1981,27119,7250,9814,2564,920,489,811,1529,1075,1428,1950,2920,3462,2237,468,868,661,538,537,648,780,896,1054,1315,1605,1782,1680,1363,874,377,91,10734,1300,13
Dominican Republic,1982,26677,7072,9528,2456,860,461,787,1544,1119,1439,1962,2852,3464,2195,459,865,679,560,559,650,789,910,1052,1283,1569,1792,1672,1339,856,370,89,10388,1248,10
Dominican Republic,1983,26302,6967,9327,2360,793,429,759,1573,1179,1446,1974,2775,3450,2148,436,865,708,588,591,651,795,924,1050,1252,1523,1789,1661,1314,834,356,80,10120,1188,7
Dominican Republic,1984,25890,6825,9100,2275,720,399,730,1624,1257,1465,1992,2696,3413,2093,396,875,749,627,630,660,805,941,1051,1227,1469,1768,1645,1287,806,330,66,9820,1129,5
Dominican Republic,1985,25450,6638,8837,2199,641,371,707,1705,1351,1496,2013,2627,3338,2011,342,898,807,678,673,676,820,959,1054,1218,1409,1724,1614,1248,763,296,46,9478,1078,3
Dominican Republic,1986,25078,6487,8600,2113,564,344,688,1812,1459,1540,2042,2575,3241,1923,290,933,879,738,721,700,840,978,1064,1226,1349,1663,1578,1207,716,257,33,9164,1032,1
Dominican Republic,1987,24800,6355,8385,2030,493,321,670,1939,1576,1589,2077,2539,3131,1833,247,976,963,806,770,731,858,1000,1077,1242,1297,1598,1533,1165,668,225,22,8878,991,1
Dominican Republic,1988,24650,6265,8214,1949,436,301,657,2058,1693,1643,2113,2530,3032,1755,216,1014,1044,876,817,768,875,1024,1089,1268,1262,1540,1492,1125,630,200,16,8650,958,0
Dominican Republic,1989,24585,6189,8067,1878,394,285,647,2156,1809,1697,2141,2547,2955,1694,192,1042,1114,944,865,803,894,1041,1100,1297,1250,1498,1457,1095,599,180,12,8461,932,0
Dominican Republic,1990,24498,6047,7862,1815,368,271,637,2204,1912,1749,2160,2594,2912,1651,177,1047,1157,1004,908,837,912,1051,1109,1327,1267,1477,1435,1072,579,167,10,8230,908,0
Dominican Republic,1991,24404,5869,7618,1749,359,263,628,2202,2000,1794,2167,2670,2905,1624,169,1032,1170,1051,949,864,930,1052,1115,1357,1313,1483,1422,1057,567,159,10,7977,891,0
Dominican Republic,1992,24338,5673,7349,1676,357,258,622,2172,2074,1841,2176,2773,2928,1620,169,1008,1164,1090,984,891,950,1052,1124,1390,1383,1504,1424,1055,565,158,11,7706,880,0
Dominican Republic,1993,24366,5481,7080,1599,361,254,617,2139,2142,1892,2193,2893,2978,1640,175,988,1151,1123,1019,915,977,1052,1141,1426,1467,1539,1439,1064,576,162,13,7441,871,0
Dominican Republic,1994,24488,5269,6783,1514,363,250,617,2129,2209,1956,2224,3025,3049,1689,192,984,1145,1154,1055,947,1009,1061,1163,1470,1555,1581,1468,1090,599,176,16,7146,867,0
Dominican Republic,1995,25227,5033,6470,1437,364,247,627,2166,2299,2052,2312,3217,3235,1902,327,1004,1162,1195,1104,993,1059,1100,1212,1545,1672,1674,1561,1198,704,258,69,6834,874,9
Dominican Republic,1996,26114,4804,6165,1361,357,245,643,2250,2404,2165,2426,3402,3433,2142,464,1049,1201,1241,1163,1051,1114,1154,1272,1626,1776,1768,1665,1322,820,343,121,6522,888,21
Dominican Republic,1997,27069,4551,5828,1277,341,242,660,2363,2518,2282,2560,3580,3639,2404,613,1109,1254,1293,1225,1112,1170,1222,1338,1714,1866,1865,1774,1456,948,439,174,6169,902,38
Dominican Republic,1998,28217,4330,5565,1235,355,256,687,2495,2638,2406,2711,3749,3847,2675,774,1174,1321,1345,1293,1178,1228,1304,1407,1800,1949,1964,1883,1592,1083,541,233,5920,943,59
Dominican Republic,1999,29097,4178,5303,1125,304,239,694,2595,2737,2522,2846,3880,4041,2925,928,1221,1374,1384,1353,1241,1281,1376,1470,1862,2018,2060,1981,1716,1209,640,288,5607,933,81
Dominican Republic,2000,29910,4071,5131,1060,281,241,702,2648,2824,2633,2965,3985,4220,3126,1053,1242,1406,1416,1408,1301,1332,1434,1531,1902,2083,2155,2065,1813,1313,722,331,5412,943,101
Dominican Republic,2001,30421,3922,4932,1010,258,243,702,2634,2889,2726,3057,4066,4381,3272,1144,1228,1406,1434,1455,1355,1371,1474,1583,1918,2148,2251,2130,1884,1388,782,362,5190,945,115
Dominican Republic,2002,30758,3780,4744,964,236,246,695,2574,2925,2803,3134,4134,4543,3388,1209,1190,1384,1437,1488,1400,1403,1500,1634,1915,2219,2352,2191,1939,1449,825,384,4980,941,126
Dominican Republic,2003,30372,3488,4350,862,211,249,684,2486,2922,2843,3179,4162,4643,3368,1151,1141,1345,1427,1495,1425,1418,1505,1674,1890,2272,2428,2215,1929,1439,803,348,4561,933,123
Dominican Republic,2004,30782,3497,4415,918,226,264,687,2422,2912,2896,3262,4248,4814,3391,1124,1109,1313,1416,1496,1452,1444,1533,1729,1900,2348,2536,2278,1944,1447,796,328,4641,951,119
Dominican Republic,2005,30569,3353,4178,825,192,243,661,2301,2810,2870,3303,4319,4999,3445,1128,1053,1248,1361,1449,1433,1437,1545,1758,1914,2405,2641,2358,1975,1470,807,321,4370,904,116
Dominican Republic,2006,30965,3272,4080,808,187,235,655,2228,2709,2864,3401,4474,5283,3570,1165,1027,1201,1308,1401,1416,1448,1590,1811,1980,2494,2789,2494,2049,1521,839,326,4267,890,115
Dominican Republic,2007,31655,3266,4074,808,199,233,657,2180,2603,2862,3515,4657,5613,3730,1219,1019,1161,1252,1351,1395,1467,1648,1867,2079,2578,2954,2659,2145,1585,880,339,4273,890,114
Dominican Republic,2008,32347,3309,4092,783,188,216,655,2149,2500,2855,3633,4838,5939,3899,1275,1020,1129,1198,1302,1368,1487,1710,1923,2194,2644,3105,2834,2252,1647,922,353,4280,871,114
Dominican Republic,2009,33120,3373,4158,785,192,207,662,2147,2423,2868,3767,5003,6208,4055,1321,1037,1110,1156,1267,1350,1518,1780,1987,2310,2693,3213,2995,2358,1697,957,364,4350,869,112
Dominican Republic,2010,33716,3396,4188,792,193,201,673,2171,2375,2901,3909,5110,6370,4174,1341,1069,1102,1133,1242,1344,1557,1850,2059,2393,2717,3256,3114,2447,1727,972,369,4381,874,109
Dominican Republic,2011,34305,3406,4228,822,206,205,699,2242,2381,2982,4068,5176,6424,4250,1340,1125,1117,1134,1247,1362,1620,1928,2140,2455,2721,3237,3187,2514,1736,972,368,4434,904,105
Dominican Republic,2012,34490,3383,4193,810,193,196,709,2291,2361,3037,4190,5189,6393,4309,1329,1169,1122,1124,1237,1369,1668,1984,2206,2474,2715,3163,3230,2570,1739,963,366,4386,905,101
Dominican Republic,2013,34794,3373,4184,811,185,189,713,2348,2356,3115,4314,5234,6346,4382,1323,1212,1136,1121,1235,1394,1721,2043,2271,2493,2741,3087,3259,2630,1752,957,366,4369,902,99
Dominican Republic,2014,35159,3365,4174,809,174,176,701,2391,2335,3186,4433,5337,6323,4500,1332,1241,1150,1111,1224,1421,1765,2098,2335,2533,2804,3044,3279,2710,1790,961,371,4348,877,100
Dominican Republic,2015,35671,3359,4168,809,156,155,670,2401,2281,3238,4545,5534,6381,4674,1365,1244,1157,1083,1198,1440,1798,2150,2395,2617,2917,3068,3313,2813,1861,984,381,4324,825,103
Dominican Republic,2016,36328,3342,4150,808,134,131,626,2374,2209,3257,4651,5829,6521,4918,1420,1219,1155,1045,1164,1446,1811,2196,2455,2738,3091,3160,3361,2949,1969,1024,396,4284,757,108
Dominican Republic,2017,37000,3330,4132,802,113,106,584,2325,2145,3228,4757,6149,6687,5174,1487,1180,1145,1017,1128,1431,1797,2233,2524,2878,3271,3294,3393,3088,2086,1073,414,4245,690,114
Dominican Republic,2018,37588,3309,4103,794,101,89,564,2276,2140,3154,4878,6415,6825,5384,1538,1142,1134,1027,1113,1396,1758,2258,2620,3013,3402,3438,3387,3192,2192,1113,425,4204,653,118
Dominican Republic,2019,37889,3240,4024,784,103,78,579,2247,2229,3027,5034,6555,6866,5465,1568,1119,1128,1096,1133,1336,1691,2269,2765,3112,3443,3530,3336,3211,2254,1139,429,4127,657,121
Dominican Republic,2020,42512,3138,3899,761,54,101,463,1931,2115,3426,5908,7902,8181,6505,1884,918,1013,935,1180,1431,1995,2651,3257,3790,4112,4260,3921,3784,2721,1377,507,3953,564,141
Dominican Republic,2021,43327,3049,3781,732,66,124,535,2181,2285,3651,6066,7979,8205,6422,1889,1035,1146,1128,1157,1597,2054,2594,3472,3850,4129,4311,3894,3689,2733,1387,502,3847,659,139
East Timor,1950,7903,3027,4481,1454,286,175,190,492,490,480,380,489,344,93,1,252,240,251,239,246,234,211,169,252,237,204,140,64,29,1,0,4767,365,0
East Timor,1951,7595,2781,4165,1384,290,178,194,493,493,483,386,473,344,92,3,251,242,251,242,246,237,217,169,236,237,202,142,66,26,3,0,4455,372,0
East Timor,1952,7491,2789,4056,1267,295,179,199,493,494,483,400,456,342,88,3,249,244,248,246,244,239,226,174,216,240,201,141,66,22,3,0,4351,378,0
East Timor,1953,7458,2805,4014,1209,295,181,205,492,495,485,418,436,341,88,5,245,247,245,250,245,240,233,185,196,240,199,142,67,21,5,0,4309,386,0
East Timor,1954,7446,2817,3995,1178,296,183,213,492,497,486,433,420,341,88,6,243,249,243,254,246,240,238,195,182,238,198,143,68,20,6,0,4291,396,0
East Timor,1955,7452,2830,4001,1171,286,184,219,496,500,488,445,402,338,89,5,246,250,244,256,247,241,242,203,173,229,196,142,68,21,5,0,4287,403,0
East Timor,1956,7476,2847,4028,1181,269,189,222,500,500,491,458,388,340,90,4,250,250,245,255,250,241,246,212,173,215,198,142,69,21,4,0,4297,411,0
East Timor,1957,7518,2869,4064,1195,258,191,223,504,503,493,468,377,341,91,4,258,246,248,255,254,239,249,219,179,198,200,141,70,21,4,0,4322,414,0
East Timor,1958,7568,2892,4099,1207,250,192,227,512,503,499,476,367,343,92,3,268,244,251,252,260,239,249,227,189,178,202,141,71,21,3,0,4349,419,0
East Timor,1959,7615,2915,4137,1222,245,193,229,518,503,503,483,366,341,92,3,276,242,253,250,263,240,250,233,201,165,200,141,71,21,3,0,4382,422,0
East Timor,1960,7605,2915,4137,1222,241,190,229,523,499,503,486,369,333,94,3,280,243,251,248,263,240,249,237,210,159,193,140,72,22,3,0,4378,419,0
East Timor,1961,7635,2928,4160,1232,242,179,232,531,498,506,489,378,321,93,4,284,247,250,248,263,243,249,240,217,161,181,140,71,22,4,0,4402,411,0
East Timor,1962,7659,2935,4176,1241,245,171,236,539,498,508,489,392,310,94,4,285,254,247,251,261,247,248,241,226,166,167,143,71,23,4,0,4421,407,0
East Timor,1963,7702,2946,4198,1252,249,165,236,550,498,511,491,408,297,94,4,288,262,244,254,259,252,248,243,233,175,151,146,71,23,4,0,4447,401,0
East Timor,1964,7729,2948,4207,1259,251,157,238,560,500,514,495,426,284,97,4,291,269,243,257,257,257,250,245,241,185,141,143,73,24,4,0,4458,395,0
East Timor,1965,7637,2901,4144,1243,250,152,229,562,491,507,489,436,274,97,4,290,272,239,252,252,255,247,242,242,194,135,139,73,24,4,0,4394,381,0
East Timor,1966,7578,2862,4093,1231,250,152,219,561,491,505,490,448,266,97,4,290,271,242,249,250,255,249,241,246,202,135,131,73,24,4,0,4343,371,0
East Timor,1967,7492,2810,4025,1215,250,151,206,560,486,499,493,457,260,101,5,290,270,244,242,249,250,252,241,248,209,141,119,76,25,5,0,4275,357,0
East Timor,1968,7476,2785,3998,1213,251,152,197,563,490,500,498,464,259,102,5,291,272,252,238,254,246,258,240,248,216,150,109,76,26,5,0,4249,349,0
East Timor,1969,7458,2757,3965,1208,253,154,187,562,494,500,501,472,263,102,5,290,272,258,236,256,244,260,241,249,223,160,103,76,26,5,0,4218,341,0
East Timor,1970,7442,2726,3929,1203,255,155,181,559,501,498,508,481,270,102,5,285,274,264,237,255,243,264,244,252,229,169,101,75,27,5,0,4184,336,0
East Timor,1971,7387,2677,3866,1189,255,156,183,547,506,497,510,484,281,98,5,271,276,266,240,253,244,263,247,252,232,178,103,70,28,5,0,4121,339,0
East Timor,1972,7314,2615,3787,1172,254,156,183,534,511,493,513,489,294,92,5,256,278,265,246,248,245,261,252,252,237,186,108,64,28,5,0,4041,339,0
East Timor,1973,7212,2539,3686,1147,253,156,185,518,517,489,513,492,309,89,5,242,276,265,252,242,247,257,256,253,239,193,116,60,29,5,0,3939,341,0
East Timor,1974,7842,2649,3969,1320,318,193,203,542,560,528,559,532,346,91,5,247,295,283,277,259,269,276,283,273,259,214,132,61,30,5,0,4287,396,0
East Timor,1975,14573,3120,4970,1850,512,320,652,2472,1918,1250,1034,831,502,107,7,1169,1303,1066,852,650,600,524,510,440,391,313,189,74,33,7,0,5482,972,0
East Timor,1976,14260,3018,4740,1722,487,309,674,2446,1913,1251,1025,807,494,103,6,1217,1229,1059,854,663,588,521,504,436,371,304,190,74,29,6,0,5227,983,0
East Timor,1977,15181,3188,5112,1924,582,361,726,2511,1965,1331,1087,859,526,113,6,1298,1213,1080,885,715,616,554,533,473,386,317,209,83,30,6,0,5694,1087,0
East Timor,1978,16737,3526,5767,2241,743,456,794,2639,2034,1453,1189,955,573,127,7,1397,1242,1106,928,786,667,607,582,534,421,338,235,96,31,7,0,6510,1250,0
East Timor,1979,16554,3461,5531,2070,722,460,813,2707,2000,1472,1182,964,557,137,7,1447,1260,1081,919,798,674,606,576,543,421,320,237,105,32,7,0,6253,1273,0
East Timor,1980,13956,2783,4117,1334,439,318,761,2667,1833,1342,1029,843,462,138,9,1423,1244,996,837,729,613,529,500,475,368,260,202,104,34,9,0,4556,1079,0
East Timor,1981,13805,2815,4082,1267,394,314,770,2675,1766,1324,1009,853,449,152,10,1419,1256,965,801,710,614,520,489,472,381,253,196,112,40,10,0,4476,1084,0
East Timor,1982,13462,2777,4054,1277,335,295,781,2639,1708,1268,963,824,434,148,10,1410,1229,942,766,678,590,500,463,446,378,254,180,109,39,9,1,4389,1076,0
East Timor,1983,13280,2737,4064,1327,308,286,789,2622,1664,1226,934,800,433,144,9,1413,1209,926,738,652,574,487,447,425,375,260,173,105,39,8,1,4372,1075,0
East Timor,1984,12604,2560,3776,1216,258,244,774,2595,1606,1156,879,750,421,138,8,1410,1185,903,703,614,542,459,420,392,358,257,164,99,39,8,0,4034,1018,0
East Timor,1985,12762,2625,3936,1311,280,243,775,2609,1592,1134,868,738,439,140,8,1425,1184,900,692,600,534,454,414,382,356,270,169,99,41,8,0,4216,1018,0
East Timor,1986,12757,2625,3961,1336,293,229,762,2638,1593,1113,856,718,451,139,9,1442,1196,905,688,586,527,449,407,372,346,275,176,98,41,9,0,4254,991,0
East Timor,1987,12441,2541,3813,1272,287,202,731,2638,1586,1076,828,683,450,138,11,1436,1202,905,681,567,509,435,393,356,327,270,180,97,41,11,0,4100,933,0
East Timor,1988,12580,2593,3939,1346,318,203,703,2636,1601,1066,826,673,458,147,12,1422,1214,916,685,560,506,437,389,352,321,269,189,102,45,12,0,4257,906,0
East Timor,1989,7694,2579,3937,1358,334,178,218,556,474,471,499,494,380,142,13,289,267,245,229,229,242,253,246,251,243,216,164,97,45,12,1,4271,396,0
East Timor,1990,7718,2578,3959,1381,355,185,204,527,477,469,501,490,379,154,18,268,259,246,231,228,241,255,246,250,240,211,168,104,50,16,2,4314,389,0
East Timor,1991,7845,2541,3923,1382,378,195,205,549,510,490,523,504,382,168,21,275,274,263,247,240,250,266,257,258,246,212,170,113,55,18,3,4301,400,0
East Timor,1992,7537,2445,3708,1263,358,186,194,517,495,474,521,513,386,163,19,259,258,253,242,233,241,264,257,261,252,217,169,110,53,16,3,4066,380,0
East Timor,1993,7342,2354,3542,1188,345,183,186,502,483,468,527,528,396,161,19,253,249,245,238,234,234,266,261,268,260,225,171,109,52,16,3,3887,369,0
East Timor,1994,7154,2281,3415,1134,332,181,175,469,464,457,527,540,412,162,17,236,233,234,230,232,225,264,263,271,269,236,176,110,52,15,2,3747,356,0
East Timor,1995,7353,2290,3468,1178,351,193,179,474,470,471,548,572,444,167,17,238,236,236,234,240,231,271,277,284,288,256,188,114,53,15,2,3819,372,0
East Timor,1996,7240,2205,3339,1134,339,192,178,463,461,473,552,587,472,174,17,231,232,229,232,239,234,264,288,287,300,272,200,119,55,15,2,3678,370,0
East Timor,1997,7170,2128,3218,1090,330,190,179,463,457,475,556,599,503,181,17,228,235,225,232,235,240,257,299,288,311,288,215,125,56,15,2,3548,369,0
East Timor,1998,7416,2153,3299,1146,358,205,188,462,460,492,572,625,550,193,18,223,239,224,236,237,255,255,317,298,327,312,238,134,59,16,2,3657,393,0
East Timor,1999,8992,2216,3493,1277,416,241,303,847,727,668,691,725,641,220,19,411,436,370,357,325,343,307,384,351,374,363,278,154,66,17,2,3909,544,0
East Timor,2000,4952,1476,1977,501,149,96,120,272,286,343,429,520,525,209,20,131,141,137,149,156,187,185,244,252,268,289,236,145,64,18,2,2126,216,0
East Timor,2001,4886,1426,1896,470,143,94,118,258,275,334,420,529,562,234,23,128,130,134,141,153,181,189,231,266,263,305,257,161,73,21,2,2039,212,0
East Timor,2002,4843,1378,1820,442,137,91,116,243,265,321,414,540,601,269,25,126,117,132,133,150,171,197,217,283,257,319,282,183,86,23,2,1957,207,0
East Timor,2003,4806,1321,1742,421,130,88,113,233,253,309,409,552,635,310,34,125,108,128,125,148,161,208,201,298,254,327,308,209,101,30,4,1872,201,0
East Timor,2004,4769,1261,1658,397,125,87,111,226,243,296,404,560,659,359,43,126,100,123,120,144,152,211,193,300,260,326,333,238,121,38,5,1783,198,0
East Timor,2005,4727,1190,1562,372,121,83,109,219,235,288,414,581,665,403,51,124,95,116,119,138,150,208,206,298,283,314,351,263,140,43,8,1683,192,0
East Timor,2006,4680,1125,1467,342,116,78,108,216,222,279,427,618,655,436,57,122,94,104,118,132,147,195,232,299,319,303,352,278,158,49,8,1583,186,0
East Timor,2007,4667,1062,1379,317,113,76,107,217,213,275,435,660,652,473,70,122,95,96,117,126,149,184,251,308,352,304,348,292,181,59,11,1492,183,0
East Timor,2008,4675,1003,1294,291,109,73,106,216,201,274,433,709,660,509,86,121,95,89,112,126,148,175,258,325,384,320,340,304,205,74,12,1403,179,1
East Timor,2009,4702,950,1214,264,107,71,103,217,194,272,423,765,684,536,116,122,95,86,108,125,147,170,253,349,416,352,332,310,226,101,15,1321,174,1
East Timor,2010,4763,904,1140,236,104,71,101,216,187,271,411,823,724,553,156,121,95,85,102,126,145,171,240,371,452,390,334,308,245,135,21,1244,172,2
East Timor,2011,4818,878,1096,218,101,71,99,217,183,272,404,857,777,555,183,121,96,85,98,125,147,173,231,374,483,426,351,306,249,153,30,1197,170,3
East Timor,2012,4829,847,1055,208,96,70,99,216,178,275,408,858,834,565,175,119,97,83,95,125,150,178,230,365,493,459,375,316,249,143,32,1151,169,3
East Timor,2013,4866,820,1016,196,94,68,100,219,174,276,414,855,893,588,167,119,100,83,91,123,153,182,232,357,498,492,401,329,259,135,32,1110,168,2
East Timor,2014,4914,787,972,185,88,68,101,217,173,276,419,847,952,620,173,117,100,84,89,121,155,184,235,351,496,521,431,345,275,141,32,1060,169,2
East Timor,2015,4972,755,926,171,83,68,102,215,171,276,426,841,1009,661,193,117,98,84,87,119,157,188,238,347,494,546,463,363,298,160,33,1009,170,3
East Timor,2016,4897,724,888,164,81,66,102,214,170,272,431,822,1043,629,175,117,97,86,84,114,158,192,239,334,488,565,478,357,272,145,30,969,168,3
East Timor,2017,4838,696,852,156,77,64,100,214,172,269,439,801,1077,609,162,117,97,87,85,110,159,197,242,323,478,579,498,358,251,133,29,929,164,2
East Timor,2018,4799,671,821,150,73,61,100,215,174,265,447,784,1110,602,148,119,96,88,86,106,159,201,246,318,466,588,522,367,235,120,28,894,161,1
East Timor,2019,4777,652,794,142,71,59,100,215,176,260,457,768,1141,597,134,119,96,90,86,103,157,207,250,315,453,591,550,377,220,108,26,865,159,1
East Timor,2020,4849,637,773,136,69,56,86,184,161,253,486,803,1215,633,126,102,82,79,82,98,155,216,270,334,469,624,591,406,227,102,24,842,142,1
East Timor,2021,5196,625,760,135,71,56,94,204,179,273,541,867,1334,694,119,112,92,87,92,108,165,241,300,367,500,670,664,456,238,97,22,831,150,1
Ecuador,1950,35507,12427,18176,5749,831,428,617,1399,1403,1661,2337,3335,3260,1084,963,712,687,654,749,776,885,1048,1289,1563,1772,1775,1485,480,604,557,406,19007,1045,16
Ecuador,1951,35930,12649,18616,5967,853,435,627,1423,1407,1681,2350,3370,3370,1052,710,726,697,657,750,789,892,1054,1296,1577,1793,1807,1563,589,463,432,278,19469,1062,38
Ecuador,1952,36218,12813,18887,6074,873,444,634,1442,1409,1698,2346,3380,3444,1076,539,735,707,663,746,804,894,1056,1290,1578,1802,1838,1606,743,333,348,191,19760,1078,45
Ecuador,1953,36537,12983,19133,6150,903,450,641,1460,1410,1714,2339,3379,3505,1147,418,743,717,669,741,820,894,1058,1281,1574,1805,1869,1636,900,247,284,134,20036,1091,41
Ecuador,1954,36776,13114,19288,6174,936,456,644,1471,1403,1721,2328,3372,3554,1246,323,747,724,671,732,827,894,1057,1271,1566,1806,1893,1661,1021,225,225,98,20224,1100,33
Ecuador,1955,37061,13233,19426,6193,969,461,650,1479,1402,1730,2325,3373,3605,1362,250,751,728,675,727,831,899,1058,1267,1563,1810,1913,1692,1104,258,175,75,20395,1111,24
Ecuador,1956,37035,13159,19232,6073,981,465,659,1486,1404,1739,2337,3385,3656,1484,191,755,731,680,724,828,911,1063,1274,1565,1820,1931,1725,1161,323,132,59,20213,1124,17
Ecuador,1957,37044,13096,19056,5960,992,470,669,1493,1403,1747,2349,3399,3706,1606,142,760,733,683,720,819,928,1066,1283,1569,1830,1946,1760,1198,408,94,48,20048,1139,12
Ecuador,1958,37046,13018,18872,5854,999,476,678,1499,1408,1753,2363,3410,3754,1716,111,764,735,686,722,807,946,1070,1293,1571,1839,1960,1794,1226,490,72,39,19871,1154,9
Ecuador,1959,37016,12938,18671,5733,1000,485,688,1501,1413,1755,2377,3414,3796,1804,102,766,735,689,724,797,958,1076,1301,1571,1843,1972,1824,1250,554,72,30,19671,1173,7
Ecuador,1960,37060,12923,18569,5646,1005,495,695,1507,1415,1752,2387,3408,3833,1876,110,771,736,689,726,790,962,1084,1303,1566,1842,1983,1850,1279,597,87,23,19574,1190,5
Ecuador,1961,37171,12976,18552,5576,1012,505,700,1512,1419,1743,2398,3399,3867,1933,126,775,737,689,730,786,957,1095,1303,1561,1838,1995,1872,1308,625,109,17,19564,1205,4
Ecuador,1962,37297,13022,18548,5526,1020,517,706,1520,1425,1732,2411,3387,3898,1980,151,784,736,690,735,787,945,1111,1300,1557,1830,2007,1891,1336,644,138,13,19568,1223,3
Ecuador,1963,37410,13027,18512,5485,1030,525,717,1534,1432,1724,2431,3384,3924,2023,171,794,740,691,741,791,933,1132,1299,1560,1824,2017,1907,1364,659,162,9,19542,1242,3
Ecuador,1964,37578,13046,18488,5442,1039,531,736,1550,1443,1726,2461,3400,3947,2062,189,806,744,695,748,799,927,1152,1309,1573,1827,2026,1921,1390,672,179,10,19527,1267,2
Ecuador,1965,37824,13073,18479,5406,1050,537,761,1579,1456,1741,2508,3439,3971,2100,205,824,755,702,754,810,931,1170,1338,1598,1841,2035,1936,1412,688,192,13,19529,1298,1
Ecuador,1966,38147,13081,18471,5390,1067,547,791,1611,1476,1770,2568,3498,3991,2140,217,843,768,713,763,824,946,1188,1380,1632,1866,2041,1950,1433,707,200,17,19538,1338,1
Ecuador,1967,38493,13120,18484,5364,1081,553,821,1647,1494,1803,2631,3563,4012,2175,228,863,784,723,771,839,964,1197,1434,1666,1897,2046,1966,1449,726,207,21,19565,1374,1
Ecuador,1968,38846,13175,18518,5343,1098,561,846,1687,1510,1838,2685,3624,4033,2209,236,887,800,732,778,853,985,1199,1486,1698,1926,2052,1981,1466,743,210,26,19616,1407,1
Ecuador,1969,39373,13254,18626,5372,1135,577,870,1753,1549,1885,2741,3688,4062,2244,242,927,826,752,797,876,1009,1208,1533,1732,1956,2066,1996,1485,759,216,26,19761,1447,1
Ecuador,1970,39316,13198,18494,5296,1134,573,865,1776,1546,1887,2734,3700,4085,2271,250,944,832,749,797,876,1011,1199,1535,1739,1961,2076,2009,1500,771,222,28,19628,1438,1
Ecuador,1971,39244,13096,18319,5223,1147,577,866,1809,1559,1894,2711,3694,4116,2297,258,966,843,752,807,883,1011,1194,1517,1736,1958,2094,2022,1515,782,228,30,19466,1443,1
Ecuador,1972,39018,12950,18052,5102,1155,580,862,1838,1572,1894,2660,3670,4147,2322,264,985,853,755,817,889,1005,1186,1474,1729,1941,2117,2030,1530,792,233,31,19207,1442,1
Ecuador,1973,38674,12730,17677,4947,1171,587,860,1871,1592,1896,2594,3630,4179,2344,270,999,872,763,829,895,1001,1179,1415,1711,1919,2140,2039,1542,802,239,31,18848,1447,2
Ecuador,1974,38208,12440,17198,4758,1190,594,861,1907,1616,1902,2522,3577,4204,2359,273,1009,898,775,841,902,1000,1168,1354,1679,1898,2160,2044,1550,809,242,31,18388,1455,2
Ecuador,1975,37696,12100,16637,4537,1217,608,871,1952,1654,1919,2451,3509,4227,2367,279,1022,930,797,857,911,1008,1153,1298,1632,1877,2177,2050,1550,817,246,33,17854,1479,2
Ecuador,1976,37281,11760,16088,4328,1256,629,890,2011,1703,1949,2390,3446,4254,2380,283,1042,969,825,878,926,1023,1141,1249,1580,1866,2195,2059,1554,826,250,33,17344,1519,2
Ecuador,1977,36876,11421,15536,4115,1289,642,909,2069,1756,1977,2335,3391,4287,2394,289,1063,1006,857,899,938,1039,1127,1208,1521,1870,2213,2074,1558,836,254,35,16825,1551,2
Ecuador,1978,36631,11111,15035,3924,1316,654,932,2130,1817,2009,2305,3362,4348,2423,296,1090,1040,897,920,949,1060,1122,1183,1472,1890,2245,2103,1570,853,259,37,16351,1586,2
Ecuador,1979,36498,10824,14564,3740,1321,661,953,2183,1887,2038,2296,3366,4450,2468,306,1116,1067,942,945,961,1077,1124,1172,1444,1922,2303,2147,1595,873,268,38,15885,1614,2
Ecuador,1980,36440,10523,14082,3559,1297,656,967,2230,1954,2059,2314,3415,4608,2537,320,1142,1088,983,971,969,1090,1136,1178,1443,1972,2392,2216,1638,899,279,41,15379,1623,3
Ecuador,1981,36404,10202,13575,3373,1239,640,972,2272,2013,2074,2357,3495,4805,2619,338,1166,1106,1018,995,976,1098,1156,1201,1468,2027,2508,2297,1692,927,291,47,14814,1612,3
Ecuador,1982,36383,9868,13065,3197,1171,621,970,2313,2067,2088,2426,3596,5013,2695,351,1189,1124,1047,1020,984,1104,1187,1239,1515,2081,2641,2372,1744,951,302,49,14236,1591,3
Ecuador,1983,36409,9555,12599,3044,1107,610,973,2359,2126,2114,2517,3700,5188,2755,358,1214,1145,1071,1055,1002,1112,1225,1292,1578,2122,2756,2432,1786,969,308,50,13706,1583,4
Ecuador,1984,35986,9178,12005,2827,1024,583,961,2373,2153,2131,2594,3769,5260,2764,362,1219,1154,1070,1083,1015,1116,1252,1342,1633,2136,2805,2455,1793,971,311,51,13029,1544,4
Ecuador,1985,35570,8838,11497,2659,972,576,958,2399,2191,2178,2684,3819,5207,2730,358,1229,1170,1076,1115,1047,1131,1282,1402,1688,2131,2773,2434,1767,963,309,49,12469,1534,4
Ecuador,1986,35053,8524,11030,2506,934,577,958,2423,2225,2243,2766,3834,5044,2659,351,1232,1191,1081,1144,1089,1154,1305,1461,1732,2102,2665,2379,1716,943,305,46,11964,1535,4
Ecuador,1987,34544,8225,10598,2373,910,583,960,2449,2266,2324,2844,3836,4837,2583,346,1234,1215,1093,1173,1139,1185,1327,1517,1770,2066,2519,2318,1658,925,303,43,11508,1543,3
Ecuador,1988,34130,7947,10199,2252,888,590,966,2479,2304,2414,2916,3845,4645,2533,347,1235,1244,1110,1194,1195,1219,1347,1569,1807,2038,2375,2270,1618,915,305,42,11087,1556,2
Ecuador,1989,33884,7689,9831,2142,866,595,971,2517,2348,2513,2982,3866,4516,2526,353,1241,1276,1136,1212,1254,1259,1368,1614,1842,2024,2273,2243,1611,915,311,42,10697,1566,1
Ecuador,1990,33789,7415,9441,2026,833,593,977,2563,2402,2607,3038,3912,4487,2576,361,1253,1310,1172,1230,1304,1303,1392,1646,1878,2034,2234,2253,1646,930,322,39,10274,1570,1
Ecuador,1991,34271,7182,9159,1977,826,602,1003,2666,2515,2719,3114,4019,4577,2696,376,1297,1369,1242,1273,1360,1359,1434,1680,1930,2089,2266,2311,1730,966,336,40,9985,1605,1
Ecuador,1992,34261,6865,8685,1820,761,574,999,2699,2571,2758,3138,4103,4713,2865,394,1310,1389,1283,1288,1369,1389,1457,1681,1960,2143,2330,2383,1852,1013,355,39,9446,1573,1
Ecuador,1993,34687,6566,8284,1718,736,574,1023,2782,2671,2821,3188,4218,4906,3070,416,1353,1429,1345,1326,1384,1437,1497,1691,2000,2218,2432,2474,1997,1073,376,40,9020,1597,0
Ecuador,1994,34781,6247,7813,1566,678,537,1024,2824,2728,2844,3213,4302,5088,3284,438,1378,1446,1384,1344,1372,1472,1524,1689,2018,2284,2527,2561,2138,1146,397,41,8491,1561,0
Ecuador,1995,35102,5924,7375,1451,655,524,1054,2908,2801,2892,3265,4389,5270,3497,468,1430,1478,1425,1376,1379,1513,1565,1700,2040,2349,2616,2654,2265,1232,424,44,8030,1578,0
Ecuador,1996,35355,5602,6941,1339,641,514,1088,2983,2854,2938,3322,4451,5416,3697,504,1482,1501,1448,1406,1393,1545,1604,1718,2054,2397,2682,2734,2367,1330,453,51,7582,1602,1
Ecuador,1997,35615,5297,6545,1248,633,510,1124,3061,2896,2991,3389,4498,5540,3880,546,1537,1524,1460,1436,1419,1572,1646,1743,2062,2436,2734,2806,2442,1438,487,59,7178,1634,1
Ecuador,1998,35771,4996,6145,1149,624,503,1155,3126,2917,3030,3467,4525,5640,4045,594,1586,1540,1459,1458,1445,1585,1690,1777,2066,2459,2772,2868,2497,1548,525,69,6769,1658,1
Ecuador,1999,35793,4704,5753,1049,611,491,1164,3164,2913,3044,3546,4537,5724,4195,648,1619,1545,1446,1467,1463,1581,1735,1811,2068,2469,2802,2922,2548,1647,570,78,6364,1655,1
Ecuador,2000,35868,4443,5424,981,599,488,1160,3187,2904,3063,3631,4553,5801,4339,715,1639,1548,1432,1472,1481,1582,1777,1854,2080,2473,2832,2969,2606,1733,624,91,6023,1648,1
Ecuador,2001,35893,4218,5134,916,581,479,1128,3185,2880,3078,3707,4570,5879,4476,795,1638,1547,1416,1464,1490,1588,1809,1898,2094,2476,2864,3015,2669,1807,686,109,5715,1607,2
Ecuador,2002,35995,4021,4882,861,563,473,1090,3183,2855,3098,3783,4598,5963,4611,888,1633,1550,1406,1449,1497,1601,1836,1947,2120,2478,2899,3064,2742,1869,759,129,5445,1563,2
Ecuador,2003,36173,3843,4650,807,542,464,1054,3197,2845,3118,3853,4635,6058,4762,990,1630,1567,1409,1436,1502,1616,1851,2002,2154,2481,2934,3124,2830,1932,837,153,5192,1518,5
Ecuador,2004,36542,3691,4454,763,524,458,1032,3237,2856,3146,3927,4697,6169,4934,1102,1639,1598,1425,1431,1509,1637,1857,2070,2201,2496,2975,3194,2927,2007,919,183,4978,1490,7
Ecuador,2005,37159,3556,4282,726,509,453,1033,3334,2904,3184,4004,4787,6298,5140,1221,1673,1661,1466,1438,1520,1664,1870,2134,2261,2526,3017,3281,3037,2103,1002,219,4791,1486,11
Ecuador,2006,38019,3440,4132,692,497,449,1057,3479,2987,3228,4090,4904,6449,5380,1347,1731,1748,1531,1456,1534,1694,1899,2191,2331,2573,3063,3386,3161,2219,1087,260,4629,1506,17
Ecuador,2007,38971,3326,3983,657,483,444,1093,3641,3085,3266,4167,5039,6610,5652,1476,1796,1845,1606,1479,1542,1724,1930,2237,2409,2630,3111,3499,3299,2353,1171,305,4466,1537,24
Ecuador,2008,39953,3217,3849,632,473,439,1133,3795,3181,3298,4228,5207,6771,5945,1603,1859,1936,1679,1502,1550,1748,1961,2267,2502,2705,3162,3609,3446,2499,1252,351,4322,1572,32
Ecuador,2009,40690,3098,3693,595,455,432,1154,3869,3229,3297,4250,5380,6924,6237,1725,1884,1985,1723,1506,1542,1755,1978,2272,2596,2784,3218,3706,3592,2645,1334,391,4148,1586,41
Ecuador,2010,41159,2983,3551,568,437,422,1153,3838,3215,3264,4249,5549,7063,6528,1838,1864,1974,1724,1491,1522,1742,1976,2273,2680,2869,3281,3782,3740,2788,1413,425,3988,1575,50
Ecuador,2011,41298,2872,3410,538,417,410,1116,3692,3133,3192,4235,5699,7182,6812,1943,1794,1898,1677,1456,1487,1705,1956,2279,2741,2958,3347,3835,3886,2926,1492,451,3827,1526,57
Ecuador,2012,41270,2713,3229,516,399,398,1065,3490,3020,3104,4221,5844,7305,7097,2035,1701,1789,1605,1415,1447,1657,1930,2291,2790,3054,3424,3881,4035,3062,1565,470,3628,1463,65
Ecuador,2013,41229,2528,3016,488,384,384,1011,3275,2907,3014,4219,5993,7445,7387,2125,1603,1672,1528,1379,1406,1608,1910,2309,2823,3170,3508,3937,4191,3196,1639,486,3400,1395,71
Ecuador,2014,41421,2372,2832,460,373,373,963,3096,2823,2938,4251,6156,7628,7696,2214,1527,1569,1465,1358,1371,1567,1912,2339,2845,3311,3604,4024,4362,3334,1712,502,3205,1336,76
Ecuador,2015,42018,2245,2680,435,368,366,937,2987,2801,2897,4328,6355,7876,8035,2313,1484,1503,1432,1369,1350,1547,1943,2385,2891,3464,3716,4160,4556,3479,1788,525,3048,1303,81
Ecuador,2016,43331,2152,2588,436,392,383,946,2992,2880,2932,4483,6617,8208,8395,2429,1496,1496,1454,1426,1366,1566,2017,2466,2984,3633,3862,4346,4765,3630,1874,555,2980,1329,87
Ecuador,2017,44307,2071,2456,385,362,354,933,3008,2947,2967,4589,6828,8522,8671,2575,1502,1506,1481,1466,1385,1582,2062,2527,3064,3764,4009,4513,4913,3758,1975,600,2818,1287,96
Ecuador,2018,45678,2002,2370,368,340,343,938,3134,3087,3122,4715,7032,8876,8830,2775,1541,1593,1560,1527,1468,1654,2103,2612,3163,3869,4226,4650,4970,3860,2105,670,2710,1281,111
Ecuador,2019,47201,1942,2297,355,304,323,941,3375,3278,3416,4812,7190,9224,8824,3087,1601,1774,1696,1582,1634,1782,2101,2711,3263,3927,4524,4700,4895,3929,2297,790,2601,1264,137
Ecuador,2020,78442,1866,2203,337,264,318,821,3340,3979,5395,9763,15958,18509,14007,3744,1580,1760,1915,2064,2490,2905,3981,5782,7447,8511,9507,9002,8316,5691,2900,844,2467,1139,138
Ecuador,2021,70066,1790,2112,322,249,307,840,3334,3919,5168,8940,13735,15495,12404,3429,1512,1822,1893,2026,2325,2843,3792,5148,6293,7442,8017,7478,7246,5158,2647,782,2361,1147,134
Egypt,1950,358275,163670,264859,101189,6143,4475,5055,9649,8943,10985,15693,17872,11578,2718,299,4960,4689,4286,4657,5030,5955,7701,7992,9454,8418,7013,4565,1797,921,263,36,271002,9530,3
Egypt,1951,354539,159859,256609,96750,6898,4483,5087,9931,9277,11509,16345,18680,12525,2928,270,5087,4844,4455,4822,5270,6239,8088,8257,9769,8911,7500,5025,2072,856,254,16,263507,9570,1
Egypt,1952,338269,156403,245694,89291,4852,4160,4714,9402,8869,11125,15767,17988,12475,2964,258,4802,4600,4261,4608,5074,6051,7828,7939,9268,8720,7391,5084,2232,732,241,17,250546,8874,1
Egypt,1953,331807,153174,237966,84792,8388,3926,4391,8948,8546,10849,15397,17474,12555,3106,257,4554,4394,4103,4443,4914,5935,7634,7763,8860,8614,7364,5191,2428,678,239,18,246354,8317,1
Egypt,1954,322084,149036,230680,81644,7145,3795,4130,8605,8338,10681,15214,17136,12765,3342,256,4357,4248,3996,4342,4799,5882,7522,7692,8583,8553,7419,5346,2635,707,237,19,237825,7925,1
Egypt,1955,315602,144866,223882,79016,6359,3829,3993,8461,8346,10779,15450,17243,13299,3705,251,4250,4211,3989,4357,4805,5974,7619,7831,8578,8665,7668,5631,2895,810,231,20,230241,7822,0
Egypt,1956,315977,142887,220745,77858,6541,3952,4029,9101,8858,11156,15885,17469,13896,4105,238,4551,4550,4269,4589,4971,6185,7830,8055,8688,8781,7961,5935,3157,948,217,21,227286,7981,0
Egypt,1957,312685,140478,216900,76422,6834,4174,3810,8230,8450,11076,16173,17704,14553,4551,230,4056,4174,4009,4441,4879,6197,7971,8202,8846,8858,8289,6264,3435,1116,205,25,223734,7984,1
Egypt,1958,311181,138118,212905,74787,7526,4440,3752,8087,8477,11184,16520,17937,15139,4981,237,3945,4142,4005,4472,4917,6267,8167,8353,9047,8890,8575,6564,3693,1288,209,28,220431,8192,1
Egypt,1959,306863,135445,208095,72650,6693,4737,3728,7852,8429,11211,16770,18117,15601,5371,258,3799,4053,3967,4462,4926,6285,8311,8459,9222,8895,8771,6830,3926,1445,232,26,214788,8465,1
Egypt,1960,304960,132985,203569,70584,6866,4938,3824,7734,8502,11391,17239,18558,16196,5831,312,3724,4010,3986,4516,5012,6379,8553,8686,9514,9044,9024,7172,4210,1621,284,28,210435,8762,1
Egypt,1961,302893,130774,199197,68423,6842,5055,3986,7608,8560,11561,17695,19013,16721,6276,376,3659,3949,3998,4562,5093,6468,8771,8924,9787,9226,9217,7504,4485,1791,350,26,206039,9041,1
Egypt,1962,300207,128485,194719,66234,6863,5102,4201,7450,8562,11660,18042,19385,17097,6681,446,3585,3865,3988,4574,5143,6517,8909,9133,9982,9403,9309,7788,4734,1947,418,28,201582,9303,1
Egypt,1963,297790,126522,190769,64247,6782,5089,4464,7302,8537,11741,18349,19757,17410,7069,518,3536,3766,3963,4574,5177,6564,9004,9345,10148,9609,9366,8044,4973,2096,486,32,197551,9553,1
Egypt,1964,295530,124570,187178,62608,6514,5005,4775,7196,8486,11824,18633,20150,17709,7462,595,3535,3661,3918,4568,5204,6620,9078,9555,10322,9828,9448,8261,5214,2248,555,40,193692,9780,1
Egypt,1965,293614,122200,183426,61226,6448,5042,4934,7182,8435,11943,18958,20629,18072,7870,673,3607,3575,3862,4573,5244,6699,9174,9784,10549,10080,9602,8470,5462,2408,622,51,189874,9976,1
Egypt,1966,296371,121080,181146,60066,6338,5257,5172,7469,8621,12439,19863,21779,19007,8511,767,3863,3606,3910,4711,5442,6997,9557,10306,11136,10643,10094,8913,5869,2642,703,64,187484,10429,1
Egypt,1967,303201,120332,179478,59146,6548,5434,5688,8941,9555,13372,21023,23114,20034,9155,855,4812,4129,4372,5183,5882,7490,10094,10929,11852,11262,10687,9347,6277,2878,778,77,186026,11122,1
Egypt,1968,304093,119948,178613,58665,6517,5531,5552,8286,8925,13383,21610,24139,20894,9709,930,4594,3692,3956,4969,5807,7576,10341,11269,12412,11727,11206,9688,6619,3090,843,87,185130,11083,1
Egypt,1969,312243,119898,178233,58335,6890,5653,5928,9908,9691,14279,22789,25575,22015,10282,1000,5676,4232,4319,5372,6221,8058,10921,11868,13197,12378,11868,10147,6974,3308,906,94,185123,11581,1
Egypt,1970,315333,119769,177790,58021,6840,5696,6059,10216,9582,14557,23457,26596,22825,10658,1050,5886,4330,4231,5351,6309,8248,11249,12208,13739,12857,12335,10490,7200,3458,954,96,184630,11755,1
Egypt,1971,316092,119961,177617,57656,6805,5702,5995,9674,8966,14476,23872,27431,23520,10945,1089,5520,4154,3892,5074,6203,8273,11446,12426,14154,13277,12713,10807,7376,3569,995,94,184422,11697,1
Egypt,1972,317156,120043,177118,57075,6696,5654,6015,9947,8754,14525,24184,28052,24007,11093,1109,5577,4370,3794,4960,6201,8324,11602,12582,14430,13622,12953,11054,7467,3626,1020,89,183814,11669,1
Egypt,1973,323630,118955,175144,56189,6495,5680,6616,12705,9855,15497,25175,29143,24824,11360,1133,6940,5765,4419,5436,6702,8795,12103,13072,14931,14212,13365,11459,7655,3705,1049,84,181639,12296,1
Egypt,1974,315571,117850,172565,54715,6318,5573,5951,10543,8414,14550,24829,29241,25009,11434,1141,5547,4996,3720,4694,6145,8405,11884,12945,14883,14358,13442,11567,7723,3711,1061,80,178883,11524,1
Egypt,1975,313433,116778,169689,52911,5953,5510,5884,10728,8307,14424,25046,29682,25429,11628,1154,5586,5142,3765,4542,6032,8392,11957,13089,15033,14649,13680,11749,7881,3747,1073,81,175642,11394,1
Egypt,1976,310750,114834,165762,50928,5855,5433,5821,10867,8297,14284,25296,30159,25922,11885,1165,5655,5212,3891,4406,5904,8380,12038,13258,15213,14946,13981,11941,8077,3808,1081,84,171617,11254,1
Egypt,1977,306931,112461,161340,48879,5589,5320,5744,10874,8336,14078,25437,30525,26367,12144,1174,5647,5227,4077,4259,5736,8342,12057,13380,15356,15169,14279,12088,8263,3881,1086,88,166929,11064,1
Egypt,1978,302079,110206,156954,46748,5459,5129,5627,10743,8428,13733,25339,30584,26593,12314,1175,5561,5182,4303,4125,5511,8222,11963,13376,15366,15218,14462,12131,8367,3947,1084,91,162413,10756,1
Egypt,1979,298374,108047,152751,44704,5282,4962,5553,10611,8693,13436,25399,30864,27047,12579,1195,5494,5117,4601,4092,5315,8121,11947,13452,15501,15363,14746,12301,8504,4075,1099,96,158033,10515,2
Egypt,1980,292870,104679,147394,42715,5177,4768,5444,10530,8843,13029,25297,30995,27387,12784,1222,5400,5130,4722,4121,5103,7926,11851,13446,15569,15426,14936,12451,8575,4209,1124,98,152571,10212,2
Egypt,1981,289070,100382,140871,40489,4994,4696,5423,10696,9200,12880,25701,31768,28301,13240,1295,5417,5279,4870,4330,5015,7865,11990,13711,15957,15811,15413,12888,8808,4432,1191,104,145865,10119,2
Egypt,1982,285033,96506,134362,37856,4947,4632,5367,10785,9598,12671,26020,32471,29152,13645,1378,5422,5363,4977,4621,4923,7748,12101,13919,16309,16162,15828,13324,9014,4631,1270,108,139309,9999,2
Egypt,1983,279370,93037,128130,35093,4744,4533,5213,10716,9927,12334,25989,32790,29648,13878,1465,5369,5347,4991,4936,4821,7513,12045,13944,16458,16332,16036,13612,9127,4751,1350,115,132874,9746,2
Egypt,1984,272273,88467,120850,32383,4671,4431,5031,10596,10224,12033,25806,32983,30018,14068,1562,5301,5295,4932,5292,4792,7241,11889,13917,16528,16455,16176,13842,9247,4821,1438,124,125521,9462,2
Egypt,1985,266712,83666,113415,29749,4501,4398,4908,10591,10586,11993,25834,33586,30757,14448,1696,5286,5305,5040,5546,4918,7075,11795,14039,16796,16790,16528,14229,9520,4928,1551,145,117916,9306,2
Egypt,1986,261794,78966,106218,27252,4304,4381,4821,10583,10919,12112,25866,34288,31585,14883,1831,5261,5322,5192,5727,5168,6944,11676,14190,17104,17184,16937,14648,9843,5040,1663,168,110522,9202,3
Egypt,1987,254510,74994,100102,25108,4095,4258,4646,10304,10902,12066,25277,34202,31714,15021,1922,5088,5216,5170,5732,5403,6663,11254,14023,17005,17197,16978,14736,9971,5050,1726,196,104197,8904,3
Egypt,1988,249664,71365,94705,23340,3947,4183,4543,10113,10904,12295,24903,34464,32207,15365,2024,4944,5169,5158,5746,5775,6520,10920,13983,17073,17391,17217,14990,10221,5144,1792,232,98652,8726,4
Egypt,1989,242315,67490,89365,21875,3751,4037,4380,9746,10637,12483,24028,34128,32193,15486,2075,4710,5036,5042,5595,6104,6379,10391,13637,16846,17282,17180,15013,10300,5186,1809,266,93116,8417,5
Egypt,1990,240428,63610,84116,20506,3476,4032,4393,9719,10886,13065,23954,35018,33384,16191,2185,4643,5076,5105,5781,6460,6605,10260,13694,17215,17803,17779,15605,10748,5443,1878,307,87592,8425,5
Egypt,1991,234774,60144,79230,19086,3336,3893,4285,9417,10863,13320,23172,34911,33668,16454,2218,4467,4950,5023,5840,6532,6788,9866,13306,17093,17818,17891,15777,10896,5558,1888,330,82566,8178,8
Egypt,1992,235140,57993,75695,17702,3153,3883,4314,9405,11098,14078,23067,35876,35012,17239,2313,4455,4950,5087,6011,6757,7321,9793,13274,17510,18366,18568,16444,11390,5849,1960,353,78848,8197,7
Egypt,1993,232633,55134,71551,16417,3111,3757,4264,9236,11118,14694,22650,36261,35838,17773,2369,4390,4846,5076,6042,6822,7872,9662,12988,17637,18624,18969,16869,11728,6045,2010,359,74662,8021,10
Egypt,1994,234496,52015,67311,15296,2889,3749,4362,9395,11469,15780,23005,37568,37664,18797,2497,4501,4894,5232,6237,7010,8770,9980,13025,18163,19405,19898,17766,12406,6391,2127,370,70200,8111,8
Egypt,1995,233456,48952,62939,13987,2820,3630,4353,9346,11583,16533,23189,38087,38861,19513,2587,4517,4829,5273,6310,7231,9302,10345,12844,18244,19843,20496,18365,12896,6617,2214,373,65759,7983,13
Egypt,1996,232146,46155,58982,12827,2646,3516,4287,9174,11557,17124,23563,38417,39987,20205,2682,4464,4710,5229,6328,7461,9663,10910,12653,18185,20232,21052,18935,13373,6832,2299,383,61628,7803,12
Egypt,1997,231302,43851,55610,11759,2571,3398,4211,9091,11537,17536,24144,38569,40971,20858,2788,4442,4649,5182,6355,7614,9922,11691,12453,17992,20577,21516,19455,13809,7049,2383,405,58181,7609,17
Egypt,1998,230978,42045,52834,10789,2390,3275,4112,9021,11484,17786,25047,38619,41969,21537,2885,4419,4602,5103,6381,7708,10078,12670,12377,17723,20896,21976,19993,14247,7290,2458,427,55224,7387,21
Egypt,1999,232541,40069,50083,10014,2272,3189,4042,9068,11530,18026,26583,38879,43402,22448,2996,4444,4624,5060,6470,7844,10182,13937,12646,17572,21307,22666,20736,14821,7627,2544,452,52355,7231,24
Egypt,2000,237244,38257,47612,9355,2191,3148,4012,9279,11758,18835,28457,39577,45515,23693,3137,4540,4739,5097,6661,8106,10729,15062,13395,17691,21886,23703,21812,15606,8087,2657,480,49803,7160,27
Egypt,2001,239044,36768,45505,8737,2072,3055,3902,9274,11747,19405,29937,39498,46869,24533,3214,4511,4763,5052,6695,8217,11188,15701,14236,17531,21967,24350,22519,16126,8407,2721,493,47577,6957,29
Egypt,2002,241582,35193,43407,8214,1988,2962,3821,9301,11786,19938,31729,39484,48393,25442,3303,4494,4807,5055,6731,8361,11577,16274,15455,17466,22018,25112,23281,16702,8740,2802,501,45395,6783,30
Egypt,2003,252574,33958,41698,7740,1954,2974,3881,9684,12282,21213,35031,41092,51817,27335,3570,4632,5052,5284,6998,8854,12359,17406,17625,18272,22820,26855,24962,17942,9393,3018,552,43652,6855,41
Egypt,2004,255828,32729,40073,7344,1854,2858,3798,9691,12315,21656,37150,41396,53199,28129,3655,4578,5113,5338,6977,9022,12634,17721,19429,18734,22662,27470,25729,18491,9638,3104,551,41927,6656,47
Egypt,2005,262068,31988,38977,6989,1785,2778,3750,9774,12495,22349,39600,42583,54965,29209,3753,4549,5225,5470,7025,9286,13063,18678,20922,19837,22746,28174,26791,19251,9958,3210,543,40762,6528,50
Egypt,2006,266150,31280,37960,6680,1780,2665,3654,9675,12551,22732,41465,43846,56021,29959,3790,4447,5228,5538,7013,9400,13332,19563,21902,21220,22626,28414,27607,19806,10153,3267,523,39740,6319,47
Egypt,2007,271679,30950,37363,6413,1657,2565,3566,9615,12689,23187,43234,45872,57246,30821,3820,4380,5235,5625,7064,9518,13669,20375,22859,23203,22669,28633,28613,20432,10389,3315,505,39020,6131,41
Egypt,2008,275615,30428,36640,6212,1593,2454,3452,9471,12777,23432,44417,48204,57873,31463,3806,4283,5188,5683,7094,9514,13918,20908,23509,25417,22787,28475,29398,20910,10553,3319,487,38233,5906,33
Egypt,2009,279689,29998,36016,6018,1486,2348,3309,9283,12872,23624,45252,51278,58229,32176,3789,4176,5107,5729,7143,9465,14159,21354,23898,27932,23346,28189,30040,21442,10734,3312,477,37502,5657,25
Egypt,2010,285003,30286,36129,5843,1441,2252,3185,9085,13001,23833,46736,54175,58393,32984,3767,4078,5007,5774,7227,9419,14414,21837,24899,29693,24482,27922,30471,22042,10942,3301,466,37570,5437,18
Egypt,2011,289554,30051,35831,5780,1378,2169,3096,9063,13191,24004,48221,56995,58136,33714,3736,4075,4988,5840,7351,9417,14587,22232,25989,30884,26111,27573,30563,22604,11110,3281,455,37209,5265,15
Egypt,2012,293260,30142,35780,5638,1263,2048,2910,8662,13109,23972,49312,60021,57703,34574,3873,3862,4800,5751,7358,9363,14609,22545,26767,31773,28248,27261,30442,23245,11329,3345,528,37043,4958,33
Egypt,2013,304796,30227,35892,5665,1284,2010,2943,9063,13706,24695,51591,64845,58733,36134,3880,4045,5018,5989,7717,9697,14998,23495,28096,33313,31532,27917,30816,24387,11747,3391,489,37176,4953,28
Egypt,2014,305028,29759,35274,5515,1196,1855,2748,8596,13450,24298,51796,67351,58072,36433,3921,3795,4801,5798,7652,9604,14694,23537,28259,33375,33976,28142,29930,24577,11856,3401,520,36470,4603,41
Egypt,2015,308772,29038,34524,5486,1159,1761,2697,8691,13582,24304,52528,70177,58584,36844,3884,3831,4860,5807,7775,9728,14576,23817,28711,34524,35653,29292,29292,24747,12097,3400,484,35683,4458,38
Egypt,2016,309403,26599,31948,5349,1148,1656,2506,8037,13172,24117,53036,72714,59970,37217,3848,3491,4546,5526,7646,9714,14403,23930,29106,35885,36829,31196,28774,24786,12431,3409,439,33096,4162,27
Egypt,2017,305754,25422,30542,5120,1069,1533,2319,7471,12632,23529,52296,73069,60788,36725,3765,3216,4255,5240,7392,9523,14006,23430,28866,36123,36946,33013,27775,24148,12577,3365,400,31611,3852,16
Egypt,2018,310916,24410,29194,4784,1068,1473,2191,7160,12448,23707,52997,75315,64242,37249,3862,3058,4102,5117,7331,9627,14080,23493,29504,37247,38068,36192,28050,24098,13151,3466,396,30262,3664,12
Egypt,2019,315728,23072,27592,4520,1049,1427,2069,6799,12185,23906,53556,77146,68529,37466,3996,2898,3901,4971,7214,9712,14194,23444,30112,38218,38928,39605,28924,23832,13634,3595,401,28641,3496,8
Egypt,2020,339187,22162,26422,4260,956,1233,1539,5158,11048,24700,58525,88496,76693,40123,4287,2137,3021,4274,6774,9884,14816,24805,33720,43312,45184,44852,31841,24845,15278,3873,414,27378,2772,8
Egypt,2021,372068,21367,25391,4024,934,1239,1911,6000,12252,27440,64586,99553,86191,41999,4564,2543,3457,4831,7421,10898,16542,27242,37344,48061,51492,49564,36627,26055,15944,4128,436,26325,3150,9
El Salvador,1950,25941,8350,12256,3906,818,461,922,2085,1635,1504,1583,1926,1933,752,62,1125,960,835,800,752,752,779,804,913,1013,1023,910,541,211,52,10,13074,1383,0
El Salvador,1951,26677,8634,12794,4160,906,511,915,2010,1614,1525,1630,1974,1977,762,55,1079,931,823,791,759,766,798,832,940,1034,1046,931,554,208,48,7,13700,1426,0
El Salvador,1952,26129,8732,12932,4200,866,473,824,1783,1487,1450,1597,1942,1949,774,50,950,833,753,734,715,735,775,822,925,1017,1030,919,566,208,46,4,13798,1297,0
El Salvador,1953,26044,8882,13179,4297,877,485,768,1609,1400,1407,1599,1940,1939,795,52,853,756,703,697,686,721,772,827,926,1014,1023,916,583,212,46,6,14056,1253,0
El Salvador,1954,26005,9028,13401,4373,893,493,721,1472,1323,1366,1596,1936,1924,819,53,777,695,660,663,661,705,765,831,926,1010,1014,910,597,222,49,4,14294,1214,0
El Salvador,1955,26085,9178,13612,4434,924,497,693,1402,1277,1342,1594,1935,1916,837,55,739,663,633,644,647,695,762,832,928,1007,1010,906,603,234,51,4,14536,1190,0
El Salvador,1956,26258,9326,13812,4486,955,494,679,1390,1251,1327,1593,1933,1914,850,58,735,655,616,635,640,687,759,834,930,1003,1010,904,606,244,54,4,14767,1173,0
El Salvador,1957,26476,9484,14022,4538,978,484,673,1411,1241,1321,1589,1931,1907,857,58,749,662,606,635,640,681,755,834,932,999,1008,899,604,253,55,3,15000,1157,0
El Salvador,1958,26655,9625,14216,4591,990,473,670,1442,1232,1312,1578,1921,1897,864,59,767,675,598,634,638,674,747,831,929,992,1003,894,603,261,55,4,15206,1143,0
El Salvador,1959,26693,9715,14352,4637,982,464,665,1456,1213,1294,1557,1904,1879,866,60,774,682,587,626,632,662,736,821,922,982,994,885,601,265,57,3,15334,1129,0
El Salvador,1960,26654,9853,14520,4667,952,458,653,1435,1183,1264,1533,1876,1850,867,63,759,676,575,608,616,648,723,810,907,969,977,873,600,267,58,5,15472,1111,0
El Salvador,1961,26581,10022,14717,4695,910,458,636,1391,1146,1230,1502,1844,1815,869,65,728,663,560,586,598,632,706,796,890,954,956,859,601,268,61,4,15627,1094,0
El Salvador,1962,26524,10171,14894,4723,876,460,617,1341,1113,1200,1477,1820,1786,871,67,693,648,549,564,581,619,692,785,876,944,937,849,601,270,63,4,15770,1077,0
El Salvador,1963,26763,10383,15155,4772,857,460,596,1299,1107,1184,1472,1834,1807,920,74,660,639,554,553,573,611,687,785,880,954,938,869,634,286,68,6,16012,1056,0
El Salvador,1964,27081,10444,15280,4836,875,458,584,1291,1131,1195,1483,1878,1847,977,80,650,641,569,562,579,616,691,792,899,979,952,895,671,306,74,6,16155,1042,0
El Salvador,1965,27677,10460,15324,4864,954,462,590,1346,1203,1241,1524,1967,1919,1056,89,678,668,602,601,605,636,711,813,937,1030,986,933,712,344,81,8,16278,1052,0
El Salvador,1966,28385,10415,15264,4849,1077,454,598,1443,1303,1315,1579,2091,2012,1147,103,731,712,644,659,648,667,736,843,995,1096,1039,973,755,392,93,10,16341,1052,0
El Salvador,1967,29267,10350,15163,4813,1247,453,610,1569,1428,1414,1647,2234,2126,1255,127,803,766,696,732,704,710,770,877,1064,1170,1110,1016,799,456,114,13,16410,1063,0
El Salvador,1968,30051,10222,14970,4748,1425,452,616,1686,1541,1512,1705,2369,2243,1368,164,869,817,737,804,761,751,801,904,1131,1238,1189,1054,840,528,147,17,16395,1068,0
El Salvador,1969,30555,10077,14734,4657,1556,449,606,1748,1607,1589,1740,2470,2354,1481,225,901,847,756,851,806,783,820,920,1183,1287,1266,1088,882,599,201,24,16290,1055,1
El Salvador,1970,30549,9934,14477,4543,1582,441,570,1708,1587,1614,1729,2502,2441,1578,313,875,833,737,850,817,797,816,913,1204,1298,1325,1116,914,664,276,37,16059,1011,2
El Salvador,1971,29756,9852,14284,4432,1479,429,530,1610,1512,1582,1683,2440,2442,1466,291,814,796,703,809,789,793,799,884,1181,1259,1324,1118,870,596,257,34,15763,959,2
El Salvador,1972,29220,9863,14194,4331,1310,418,526,1615,1495,1572,1652,2359,2428,1380,269,812,803,706,789,772,800,789,863,1142,1217,1305,1123,834,546,234,35,15504,944,2
El Salvador,1973,28306,9858,14129,4271,1126,403,486,1452,1390,1517,1600,2255,2391,1303,246,719,733,660,730,729,788,768,832,1090,1165,1274,1117,799,504,211,35,15255,889,2
El Salvador,1974,28079,9861,14085,4224,966,399,512,1508,1430,1557,1610,2196,2354,1244,220,743,765,690,740,739,818,783,827,1058,1138,1246,1108,774,470,186,34,15051,911,2
El Salvador,1975,28475,9840,14023,4183,842,404,596,1744,1605,1687,1682,2185,2315,1197,198,863,881,792,813,800,887,834,848,1050,1135,1220,1095,755,442,164,34,14865,1000,2
El Salvador,1976,29632,9811,13949,4138,757,420,757,2237,1941,1920,1818,2217,2272,1165,181,1126,1111,978,963,921,999,924,894,1066,1151,1198,1074,746,419,150,31,14706,1177,2
El Salvador,1977,31482,9774,13855,4081,701,439,1009,3015,2422,2223,2001,2269,2235,1140,167,1560,1455,1244,1178,1088,1135,1043,958,1094,1175,1182,1053,741,399,138,29,14556,1448,2
El Salvador,1978,33824,9709,13728,4019,667,459,1356,4057,2999,2546,2196,2321,2213,1121,153,2172,1885,1563,1436,1274,1272,1169,1027,1125,1196,1175,1038,739,382,127,26,14395,1815,2
El Salvador,1979,36792,9652,13647,3995,667,490,1821,5377,3637,2878,2401,2395,2228,1111,139,2988,2389,1917,1720,1467,1411,1296,1105,1172,1223,1188,1040,741,370,116,23,14314,2311,2
El Salvador,1980,45471,10122,14942,4820,1030,719,2786,7920,4875,3630,2988,2793,2505,1157,126,4522,3398,2609,2266,1878,1752,1604,1384,1394,1399,1357,1148,784,373,108,18,15972,3505,2
El Salvador,1981,48582,9268,12950,3682,610,536,3576,10968,6216,4129,3162,2743,2449,1124,113,6344,4624,3447,2769,2182,1947,1700,1462,1397,1346,1327,1122,763,361,97,16,13560,4112,2
El Salvador,1982,41007,9097,12890,3793,707,534,2871,7788,4426,3146,2659,2464,2330,1082,104,4621,3167,2409,2017,1634,1512,1397,1262,1253,1211,1253,1077,731,351,89,15,13597,3405,1
El Salvador,1983,40340,8492,11797,3305,575,466,2965,8304,4556,3119,2632,2416,2327,1083,98,4924,3380,2521,2035,1632,1487,1361,1271,1240,1176,1245,1082,731,352,85,13,12372,3431,1
El Salvador,1984,35435,8067,11161,3094,559,427,2456,6604,3617,2589,2335,2252,2263,1077,95,3950,2654,1984,1633,1347,1242,1177,1158,1151,1101,1202,1061,726,351,83,12,11720,2883,1
El Salvador,1985,31777,7587,10438,2851,543,400,2046,5442,3000,2241,2132,2148,2204,1085,96,3255,2187,1627,1373,1163,1078,1050,1082,1091,1057,1159,1045,731,354,84,12,10981,2446,1
El Salvador,1986,30852,7140,9803,2663,585,439,1896,5280,2946,2210,2120,2171,2189,1115,99,3107,2173,1597,1349,1152,1058,1035,1085,1097,1074,1144,1045,751,364,87,12,10388,2335,1
El Salvador,1987,28473,6725,9036,2311,505,381,1609,4695,2699,2062,2003,2124,2114,1138,104,2710,1985,1455,1244,1077,985,970,1033,1061,1063,1098,1016,765,373,92,12,9541,1990,1
El Salvador,1988,25896,6315,8382,2067,486,368,1301,3826,2353,1894,1878,2086,2053,1163,106,2152,1674,1250,1103,983,911,903,975,1032,1054,1062,991,779,384,94,12,8868,1669,1
El Salvador,1989,30820,5820,7658,1838,463,400,1780,6189,3651,2557,2257,2353,2175,1228,110,3377,2812,2024,1627,1359,1198,1110,1147,1174,1179,1134,1041,825,403,98,12,8121,2180,1
El Salvador,1990,25708,5305,6923,1618,441,375,1280,4157,2740,2137,1975,2232,2105,1233,108,2196,1961,1486,1254,1117,1020,964,1011,1098,1134,1095,1010,824,409,96,12,7364,1655,1
El Salvador,1991,23908,4823,6239,1416,419,369,1140,3504,2541,2073,1908,2235,2126,1243,108,1794,1710,1366,1175,1079,994,934,974,1092,1143,1110,1016,828,415,96,12,6658,1509,1
El Salvador,1992,23095,4380,5612,1232,397,366,1111,3247,2541,2102,1903,2270,2183,1254,109,1632,1615,1364,1177,1093,1009,939,964,1101,1169,1146,1037,831,423,97,12,6009,1477,1
El Salvador,1993,22762,3981,5052,1071,375,361,1136,3185,2631,2166,1926,2310,2251,1256,108,1593,1592,1414,1217,1128,1038,961,965,1111,1199,1187,1064,828,428,96,12,5427,1497,1
El Salvador,1994,22537,3644,4572,928,349,347,1143,3116,2706,2231,1964,2363,2355,1278,113,1563,1553,1453,1253,1155,1076,991,973,1124,1239,1240,1115,841,437,101,12,4921,1490,1
El Salvador,1995,22422,3522,4405,883,342,322,1127,3033,2720,2251,1983,2389,2444,1289,116,1540,1493,1456,1264,1154,1097,1008,975,1123,1266,1284,1160,848,441,104,12,4747,1449,1
El Salvador,1996,21962,3293,4092,799,324,295,1086,2949,2673,2240,1983,2385,2513,1296,123,1524,1425,1427,1246,1133,1107,1009,974,1110,1275,1309,1204,854,442,110,13,4416,1381,1
El Salvador,1997,21427,3063,3784,721,302,267,1030,2878,2589,2205,1978,2361,2572,1318,138,1512,1366,1376,1213,1103,1102,1002,976,1089,1272,1326,1246,872,446,124,14,4086,1297,1
El Salvador,1998,21203,2927,3627,700,329,265,983,2838,2507,2168,1985,2339,2632,1367,160,1510,1328,1326,1181,1078,1090,997,988,1077,1262,1350,1282,907,460,141,19,3956,1248,1
El Salvador,1999,20718,2698,3292,594,267,225,917,2821,2439,2121,1994,2309,2688,1453,193,1510,1311,1284,1155,1053,1068,994,1000,1066,1243,1373,1315,966,487,169,24,3559,1142,2
El Salvador,2000,20673,2483,3024,541,252,215,873,2860,2410,2092,2029,2304,2767,1602,241,1524,1336,1264,1146,1045,1047,1003,1026,1070,1234,1408,1359,1058,544,206,35,3276,1088,2
El Salvador,2001,21406,2281,2838,557,295,256,877,3004,2479,2124,2126,2359,2899,1833,312,1578,1426,1301,1178,1071,1053,1045,1081,1109,1250,1463,1436,1193,640,260,52,3133,1133,3
El Salvador,2002,21367,2027,2474,447,227,211,825,3048,2480,2092,2154,2360,2979,2103,410,1563,1485,1308,1172,1066,1026,1053,1101,1122,1238,1481,1498,1338,765,330,80,2701,1036,4
El Salvador,2003,22121,1846,2272,426,225,221,828,3154,2556,2120,2236,2425,3108,2430,536,1571,1583,1357,1199,1089,1031,1085,1151,1167,1258,1510,1598,1497,933,416,120,2497,1049,9
El Salvador,2004,22608,1660,2021,361,199,217,826,3180,2582,2117,2288,2478,3223,2766,688,1537,1643,1381,1201,1093,1024,1100,1188,1202,1276,1514,1709,1638,1128,518,170,2220,1043,20
El Salvador,2005,23183,1529,1864,335,196,224,844,3147,2597,2118,2335,2553,3331,3081,861,1482,1665,1401,1196,1093,1025,1112,1223,1247,1306,1509,1822,1751,1330,631,230,2060,1068,33
El Salvador,2006,23461,1406,1696,290,172,222,863,3019,2564,2096,2348,2616,3412,3348,1050,1399,1620,1398,1166,1075,1021,1111,1237,1281,1335,1490,1922,1833,1515,754,296,1868,1085,50
El Salvador,2007,23704,1306,1570,264,157,224,885,2839,2512,2066,2346,2688,3487,3594,1263,1315,1524,1382,1130,1049,1017,1103,1243,1322,1366,1479,2008,1914,1680,895,368,1727,1109,76
El Salvador,2008,23498,1232,1478,246,143,226,917,2686,2486,2061,2329,2733,3497,3583,1266,1262,1424,1380,1106,1040,1021,1098,1231,1353,1380,1474,2023,1924,1659,920,346,1621,1143,87
El Salvador,2009,23514,1173,1421,248,152,237,952,2541,2466,2068,2314,2780,3547,3631,1310,1226,1315,1376,1090,1036,1032,1093,1221,1385,1395,1501,2046,1986,1645,972,338,1573,1189,94
El Salvador,2010,23594,1103,1317,214,121,220,965,2408,2455,2074,2296,2818,3648,3777,1403,1197,1211,1364,1091,1035,1039,1088,1208,1403,1415,1554,2094,2103,1674,1053,350,1438,1185,97
El Salvador,2011,24047,1055,1257,202,113,214,982,2309,2465,2097,2296,2864,3812,4018,1525,1183,1126,1351,1114,1047,1050,1089,1207,1415,1449,1636,2176,2265,1753,1154,371,1370,1196,96
El Salvador,2012,24560,995,1182,187,108,209,997,2257,2487,2138,2314,2918,3999,4254,1607,1189,1068,1332,1155,1070,1068,1099,1215,1426,1492,1730,2269,2413,1841,1218,389,1290,1206,88
El Salvador,2013,25032,944,1120,176,106,204,1021,2270,2524,2211,2361,2988,4169,4383,1595,1224,1046,1308,1216,1111,1100,1121,1240,1441,1547,1815,2354,2486,1897,1206,389,1226,1225,76
El Salvador,2014,25309,901,1068,167,104,202,1061,2354,2568,2322,2453,3073,4271,4300,1467,1296,1058,1282,1286,1173,1149,1164,1289,1468,1605,1881,2390,2436,1864,1101,366,1172,1263,63
El Salvador,2015,25337,851,1011,160,106,204,1128,2528,2616,2489,2591,3171,4250,3945,1246,1417,1111,1258,1358,1265,1224,1229,1362,1514,1657,1913,2337,2242,1703,926,320,1117,1332,50
El Salvador,2016,25256,785,935,150,105,208,1187,2745,2633,2691,2770,3280,4145,3486,1031,1559,1186,1226,1407,1375,1316,1316,1454,1578,1702,1919,2226,1996,1490,761,270,1040,1395,41
El Salvador,2017,25224,732,874,142,104,200,1135,2826,2564,2840,2942,3387,4111,3255,942,1594,1232,1172,1392,1451,1389,1405,1537,1639,1748,1941,2170,1872,1383,693,249,978,1335,39
El Salvador,2018,25187,687,819,132,102,170,899,2572,2355,2826,3038,3487,4298,3516,1058,1394,1178,1073,1282,1429,1397,1468,1570,1680,1807,2021,2277,2014,1502,778,280,921,1069,47
El Salvador,2019,25924,658,780,122,100,122,536,1945,1986,2559,2998,3564,4920,4757,1581,961,984,917,1069,1259,1300,1478,1520,1675,1889,2208,2712,2667,2090,1168,413,880,658,75
El Salvador,2020,29292,628,746,118,87,114,580,1976,2136,2790,3487,4365,5733,5516,1687,935,1041,991,1145,1350,1440,1707,1780,2027,2338,2733,3000,3031,2485,1287,400,833,694,74
El Salvador,2021,29992,607,724,117,83,115,588,2123,2279,2861,3627,4503,5887,5513,1621,983,1140,1094,1185,1375,1486,1772,1855,2077,2426,2817,3070,3112,2401,1247,374,807,703,72
Equatorial Guinea,1950,3066,960,1459,499,115,59,64,157,160,164,213,293,284,94,3,79,78,80,80,80,84,101,112,134,159,159,125,71,23,3,0,1574,123,0
Equatorial Guinea,1951,3131,970,1504,534,116,59,64,160,160,168,214,293,292,97,4,80,80,80,80,82,86,101,113,134,159,162,130,73,24,4,0,1620,123,0
Equatorial Guinea,1952,3161,972,1525,553,118,58,64,161,160,168,215,289,293,101,4,82,79,80,80,82,86,101,114,134,155,163,130,75,26,4,0,1643,122,0
Equatorial Guinea,1953,3187,974,1539,565,119,58,63,163,165,171,214,289,296,106,4,83,80,80,85,84,87,100,114,134,155,163,133,78,28,4,0,1658,121,0
Equatorial Guinea,1954,3204,976,1545,569,123,58,63,163,165,172,214,288,301,110,5,83,80,80,85,85,87,99,115,136,152,166,135,81,29,5,0,1668,121,0
Equatorial Guinea,1955,3216,977,1545,568,129,59,63,162,164,172,214,288,301,112,6,82,80,80,84,85,87,99,115,136,152,165,136,81,31,6,0,1674,122,0
Equatorial Guinea,1956,3232,979,1545,566,134,60,62,163,164,173,214,288,305,115,7,82,81,80,84,85,88,99,115,136,152,166,139,83,32,7,0,1679,122,0
Equatorial Guinea,1957,3246,980,1546,566,138,60,62,164,164,177,214,289,304,118,7,82,82,80,84,86,91,99,115,137,152,164,140,85,33,7,0,1684,122,0
Equatorial Guinea,1958,3260,983,1549,566,141,60,62,164,165,180,212,292,306,120,8,82,82,80,85,89,91,99,113,139,153,163,143,86,34,8,0,1690,122,0
Equatorial Guinea,1959,3275,986,1551,565,143,64,63,165,165,182,214,293,304,124,8,82,83,80,85,90,92,102,112,139,154,160,144,88,36,8,0,1694,127,0
Equatorial Guinea,1960,3288,990,1553,563,143,67,64,166,166,182,215,293,305,126,8,82,84,81,85,90,92,103,112,139,154,161,144,90,36,8,0,1696,131,0
Equatorial Guinea,1961,3307,996,1559,563,143,69,64,167,169,184,215,295,305,128,9,82,85,84,85,90,94,103,112,138,157,162,143,91,37,9,0,1702,133,0
Equatorial Guinea,1962,3326,1005,1569,564,143,71,64,167,169,185,216,295,306,131,9,82,85,84,85,90,95,103,113,138,157,162,144,94,37,9,0,1712,135,0
Equatorial Guinea,1963,3351,1016,1580,564,143,73,65,167,170,187,218,295,305,134,10,82,85,85,85,91,96,104,114,137,158,162,143,94,40,9,1,1723,138,0
Equatorial Guinea,1964,3390,1031,1598,567,143,75,68,168,175,191,224,297,306,136,10,83,85,85,90,93,98,108,116,136,161,165,141,95,41,9,1,1741,143,0
Equatorial Guinea,1965,3423,1047,1617,570,143,75,71,169,178,192,224,296,307,138,12,84,85,88,90,93,99,108,116,136,160,166,141,97,41,11,1,1760,146,0
Equatorial Guinea,1966,3474,1067,1644,577,146,76,74,171,178,197,229,295,310,137,12,86,85,88,90,95,102,111,118,136,159,167,143,96,41,11,1,1790,150,0
Equatorial Guinea,1967,3521,1088,1673,585,146,77,78,174,185,197,232,297,314,138,12,88,86,90,95,95,102,113,119,137,160,170,144,95,43,11,1,1819,155,0
Equatorial Guinea,1968,3581,1111,1702,591,146,77,81,179,187,203,237,299,317,141,12,89,90,92,95,99,104,115,122,140,159,171,146,96,45,11,1,1848,158,0
Equatorial Guinea,1969,6018,1187,1989,802,385,313,320,601,571,462,408,404,392,158,13,303,298,286,285,242,220,211,197,199,205,214,178,110,48,12,1,2374,633,0
Equatorial Guinea,1970,5969,1185,1987,802,383,310,316,603,560,454,405,398,386,155,13,309,294,280,280,237,217,208,197,197,201,210,176,107,48,12,1,2370,626,0
Equatorial Guinea,1971,4705,1139,1832,693,264,193,196,394,364,321,314,336,337,143,12,206,188,180,184,165,156,159,155,164,172,182,155,98,45,11,1,2096,389,0
Equatorial Guinea,1972,3583,1088,1677,589,160,89,94,207,196,204,235,282,296,129,12,110,97,96,100,101,103,114,121,135,147,158,138,89,40,11,1,1837,183,0
Equatorial Guinea,1973,3475,1056,1629,573,156,87,91,204,190,201,226,272,282,124,13,110,94,92,98,100,101,109,117,130,142,149,133,85,39,12,1,1785,178,0
Equatorial Guinea,1974,3801,1032,1624,592,198,129,131,282,248,239,249,282,283,123,12,151,131,122,126,121,118,122,127,137,145,149,134,85,38,11,1,1822,260,0
Equatorial Guinea,1975,4332,1013,1642,629,263,190,189,402,336,298,285,301,289,123,13,211,191,167,169,154,144,141,144,148,153,152,137,86,37,12,1,1905,379,0
Equatorial Guinea,1976,5476,1010,1733,723,395,316,308,636,513,419,362,346,310,126,12,328,308,258,255,221,198,184,178,175,171,165,145,89,37,10,2,2128,624,0
Equatorial Guinea,1977,3450,929,1461,532,189,124,122,271,224,216,224,254,245,108,10,138,133,111,113,110,106,110,114,124,130,130,115,75,33,9,1,1650,246,0
Equatorial Guinea,1978,3386,909,1426,517,185,123,121,271,221,211,220,251,239,107,10,136,135,111,110,106,105,108,112,123,128,129,110,75,32,9,1,1611,244,0
Equatorial Guinea,1979,3451,933,1456,523,144,75,109,322,230,219,238,278,257,112,10,165,157,120,110,109,110,116,122,136,142,140,117,78,34,9,1,1600,184,0
Equatorial Guinea,1980,2697,881,1319,438,113,58,59,146,132,143,174,223,219,102,10,74,72,67,65,68,75,83,91,107,116,119,100,70,32,9,1,1432,117,0
Equatorial Guinea,1981,2752,903,1346,443,113,58,61,147,135,145,178,230,226,104,10,74,73,70,65,68,77,86,92,110,120,122,104,71,33,9,1,1459,119,0
Equatorial Guinea,1982,2860,938,1393,455,117,62,64,153,142,150,185,238,237,108,10,78,75,73,69,71,79,88,97,113,125,128,109,74,34,9,1,1510,126,0
Equatorial Guinea,1983,3002,987,1462,475,121,63,67,159,149,156,194,252,250,116,10,79,80,79,70,74,82,93,101,119,133,134,116,78,38,9,1,1583,130,0
Equatorial Guinea,1984,3178,1055,1541,486,124,66,71,176,168,167,204,260,260,123,19,89,87,87,81,80,87,98,106,122,138,140,120,82,41,14,5,1665,137,1
Equatorial Guinea,1985,3344,1128,1626,498,124,66,75,190,183,176,213,267,270,130,25,95,95,95,88,85,91,103,110,126,141,145,125,86,44,17,8,1750,141,3
Equatorial Guinea,1986,3493,1190,1712,522,127,67,75,201,195,184,218,275,278,134,27,101,100,100,95,90,94,105,113,130,145,149,129,88,46,19,8,1839,142,3
Equatorial Guinea,1987,3622,1241,1791,550,130,67,76,207,206,189,225,278,285,137,26,102,105,104,102,92,97,108,117,132,146,152,133,90,47,18,8,1921,143,3
Equatorial Guinea,1988,3742,1280,1859,579,133,68,78,214,218,196,230,284,292,142,26,105,109,109,109,97,99,110,120,135,149,156,136,94,48,18,8,1992,146,3
Equatorial Guinea,1989,3853,1312,1915,603,139,69,80,219,227,204,235,291,298,143,26,108,111,112,115,102,102,113,122,139,152,159,139,95,48,18,8,2054,149,3
Equatorial Guinea,1990,3939,1342,1964,622,145,72,80,223,230,214,239,294,304,146,27,108,115,115,115,109,105,114,125,140,154,163,141,97,49,19,8,2109,152,3
Equatorial Guinea,1991,4044,1372,2009,637,153,74,81,224,239,223,246,302,311,151,28,109,115,119,120,114,109,118,128,145,157,165,146,100,51,20,8,2162,155,3
Equatorial Guinea,1992,4151,1400,2052,652,163,75,85,232,248,234,253,311,317,152,27,112,120,123,125,122,112,121,132,149,162,168,149,101,51,19,8,2215,160,3
Equatorial Guinea,1993,4243,1431,2094,663,169,79,85,233,255,246,256,314,322,155,29,113,120,125,130,129,117,123,133,151,163,170,152,104,51,21,8,2263,164,3
Equatorial Guinea,1994,4352,1462,2139,677,178,81,87,237,264,258,265,323,329,159,29,114,123,129,135,135,123,128,137,155,168,173,156,106,53,21,8,2317,168,3
Equatorial Guinea,1995,4466,1488,2174,686,184,85,90,245,273,272,273,332,337,165,29,118,127,133,140,140,132,133,140,160,172,177,160,110,55,21,8,2358,175,3
Equatorial Guinea,1996,4587,1512,2209,697,188,89,94,254,286,290,284,344,346,172,29,122,132,139,147,147,143,139,145,166,178,182,164,114,58,21,8,2397,183,3
Equatorial Guinea,1997,4678,1532,2233,701,189,94,96,257,294,302,292,352,353,179,31,124,133,143,151,152,150,144,148,170,182,187,166,119,60,23,8,2422,190,3
Equatorial Guinea,1998,4768,1549,2251,702,190,98,98,265,303,316,302,360,362,183,36,128,137,147,156,158,158,149,153,172,188,192,170,122,61,25,11,2441,196,3
Equatorial Guinea,1999,4875,1562,2262,700,191,102,101,273,318,334,319,373,373,188,38,132,141,154,164,167,167,160,159,179,194,197,176,125,63,26,12,2453,203,4
Equatorial Guinea,2000,4959,1572,2268,696,191,104,106,279,323,346,337,383,381,196,38,134,145,155,168,172,174,171,166,183,200,202,179,129,67,26,12,2459,210,5
Equatorial Guinea,2001,5052,1600,2291,691,192,109,116,291,332,354,349,394,394,197,35,142,149,159,173,176,178,178,171,189,205,210,184,130,67,25,10,2483,225,4
Equatorial Guinea,2002,5150,1617,2302,685,192,113,125,304,338,365,365,407,407,202,30,149,155,162,176,182,183,188,177,195,212,217,190,134,68,23,7,2494,238,3
Equatorial Guinea,2003,5236,1636,2313,677,189,113,137,317,344,374,377,417,421,205,29,157,160,165,179,188,186,197,180,200,217,223,198,136,69,22,7,2502,250,3
Equatorial Guinea,2004,5350,1661,2330,669,187,114,147,335,355,384,394,428,436,211,27,169,166,173,182,195,189,206,188,205,223,228,208,139,72,21,6,2517,261,2
Equatorial Guinea,2005,5492,1691,2357,666,185,114,155,356,366,401,411,444,453,221,29,182,174,178,188,205,196,212,199,211,233,236,217,147,74,23,6,2542,269,1
Equatorial Guinea,2006,5618,1723,2388,665,179,111,158,375,376,414,428,456,470,233,28,194,181,185,191,211,203,217,211,216,240,243,227,157,76,23,5,2567,269,1
Equatorial Guinea,2007,5783,1759,2434,675,176,109,160,400,394,432,447,471,485,250,30,209,191,194,200,217,215,221,226,222,249,253,232,171,79,25,5,2610,269,1
Equatorial Guinea,2008,5945,1788,2477,689,172,107,156,423,408,449,461,482,504,272,32,222,201,200,208,220,229,222,239,227,255,266,238,188,84,27,5,2649,263,1
Equatorial Guinea,2009,6138,1810,2514,704,172,106,155,451,432,472,483,501,524,297,36,234,217,211,221,226,246,229,254,238,263,279,245,204,93,31,5,2686,261,1
Equatorial Guinea,2010,6316,1823,2541,718,173,104,151,473,456,492,498,519,545,322,38,242,231,222,234,231,261,236,262,252,267,293,252,218,104,33,5,2714,255,1
Equatorial Guinea,2011,6465,1825,2547,722,178,101,146,488,477,512,516,539,569,351,43,241,247,232,245,240,272,250,266,269,270,305,264,227,124,36,7,2725,247,1
Equatorial Guinea,2012,6547,1773,2479,706,186,99,144,497,496,532,544,566,587,359,58,237,260,242,254,254,278,274,270,290,276,311,276,223,136,44,14,2665,243,3
Equatorial Guinea,2013,6676,1765,2440,675,194,99,143,506,521,552,579,601,607,364,70,233,273,256,265,268,284,302,277,316,285,317,290,218,146,50,20,2634,242,5
Equatorial Guinea,2014,6828,1747,2395,648,199,97,142,515,555,584,618,640,627,372,78,229,286,275,280,290,294,330,288,338,302,323,304,220,152,55,23,2594,239,7
Equatorial Guinea,2015,6928,1725,2348,623,201,99,142,512,577,605,655,673,643,376,88,222,290,289,288,302,303,350,305,352,321,328,315,225,151,62,26,2549,241,9
Equatorial Guinea,2016,7011,1701,2307,606,201,102,139,503,597,626,687,706,655,383,95,217,286,300,297,313,313,361,326,359,347,332,323,232,151,67,28,2508,241,10
Equatorial Guinea,2017,7171,1670,2260,590,198,108,138,504,637,667,739,747,672,392,101,217,287,321,316,332,335,376,363,369,378,341,331,244,148,72,29,2458,246,11
Equatorial Guinea,2018,7220,1633,2201,568,190,112,135,488,651,687,770,778,687,402,107,212,276,326,325,337,350,379,391,372,406,350,337,255,147,76,31,2391,247,12
Equatorial Guinea,2019,7295,1604,2155,551,187,117,135,474,668,711,802,812,707,412,107,207,267,332,336,346,365,384,418,384,428,366,341,264,148,76,31,2342,252,12
Equatorial Guinea,2020,8080,1575,2110,535,181,120,136,454,719,844,992,1026,864,499,122,200,254,341,378,402,442,464,528,487,539,465,399,318,181,86,36,2291,256,12
Equatorial Guinea,2021,8249,1535,2052,517,178,122,143,445,741,896,1046,1099,915,501,102,197,248,342,399,425,471,492,554,534,565,506,409,325,176,75,27,2230,265,10
Eritrea,1950,13504,4604,7759,3155,906,374,348,775,608,566,586,705,656,199,19,413,362,315,293,288,278,285,301,342,363,363,293,138,61,15,4,8665,722,1
Eritrea,1951,13210,4400,7442,3042,917,379,353,785,618,574,586,701,650,198,15,418,367,320,298,292,282,285,301,339,362,360,290,143,55,13,2,8359,732,0
Eritrea,1952,13156,4448,7304,2856,932,385,362,805,632,584,589,700,648,201,13,428,377,328,304,298,286,287,302,337,363,360,288,152,49,12,1,8236,747,0
Eritrea,1953,13158,4491,7240,2749,936,392,369,822,649,596,596,696,645,206,12,438,384,337,312,304,292,289,307,333,363,360,285,160,46,11,1,8176,761,0
Eritrea,1954,13158,4517,7207,2690,927,399,374,837,660,606,600,692,640,209,11,445,392,343,317,309,297,292,308,330,362,360,280,163,46,11,0,8134,773,0
Eritrea,1955,13189,4534,7204,2670,901,405,380,851,672,616,605,690,639,211,9,453,398,350,322,314,302,296,309,329,361,360,279,164,47,9,0,8105,785,0
Eritrea,1956,13246,4538,7224,2686,866,414,387,870,690,631,612,688,640,214,9,463,407,359,331,322,309,300,312,329,359,360,280,164,50,9,0,8090,801,0
Eritrea,1957,13274,4544,7244,2700,836,417,391,883,700,638,615,685,637,217,8,469,414,364,336,326,312,302,313,331,354,360,277,163,54,8,0,8080,808,0
Eritrea,1958,13369,4540,7251,2711,830,423,401,904,720,654,627,689,644,219,8,480,424,374,346,334,320,311,316,336,353,363,281,162,57,8,0,8081,824,0
Eritrea,1959,13415,4540,7262,2722,823,420,406,920,731,665,632,687,641,220,7,488,432,379,352,340,325,315,317,337,350,360,281,162,58,7,0,8085,826,0
Eritrea,1960,13498,4532,7261,2729,833,413,415,937,749,680,645,693,644,220,8,496,441,388,361,348,332,322,323,342,351,362,282,162,58,8,0,8094,828,0
Eritrea,1961,13571,4528,7268,2740,849,399,420,954,763,693,654,695,642,221,8,505,449,396,367,356,337,328,326,344,351,359,283,162,59,8,0,8117,819,0
Eritrea,1962,13720,4547,7296,2749,876,391,431,974,784,713,671,703,648,224,10,515,459,407,377,366,347,336,335,348,355,360,288,165,59,10,0,8172,822,0
Eritrea,1963,13863,4564,7331,2767,900,385,437,996,803,732,685,712,646,224,11,526,470,416,387,376,356,344,341,352,360,357,289,165,59,11,0,8231,822,0
Eritrea,1964,13972,4587,7366,2779,916,377,437,1018,822,744,696,717,645,224,11,537,481,426,396,383,361,350,346,354,363,354,291,165,59,11,0,8282,814,0
Eritrea,1965,14136,4620,7424,2804,940,380,433,1038,839,762,713,725,646,229,11,548,490,435,404,392,370,358,355,357,368,355,291,170,59,11,0,8364,813,0
Eritrea,1966,14311,4651,7485,2834,965,390,421,1057,857,782,728,736,650,231,11,558,499,445,412,402,380,366,362,365,371,358,292,170,61,11,0,8450,811,0
Eritrea,1967,14577,4677,7559,2882,1003,406,412,1088,884,809,753,753,660,239,11,574,514,458,426,416,393,378,375,375,378,366,294,176,63,11,0,8562,818,0
Eritrea,1968,14752,4689,7587,2898,1033,419,406,1107,906,832,773,768,667,241,11,583,524,469,437,427,405,388,385,385,383,373,294,178,63,11,0,8620,825,0
Eritrea,1969,14835,4683,7593,2910,1052,427,397,1112,922,843,785,780,667,244,11,582,530,476,446,432,411,395,390,393,387,376,291,180,64,11,0,8645,824,0
Eritrea,1970,14991,4686,7598,2912,1081,444,401,1118,942,870,807,798,676,247,11,576,542,486,456,445,425,407,400,404,394,381,295,180,67,11,0,8679,845,0
Eritrea,1971,15093,4675,7577,2902,1104,455,411,1112,959,887,826,814,685,250,12,559,553,494,465,454,433,416,410,412,402,386,299,182,68,12,0,8681,866,0
Eritrea,1972,15211,4654,7548,2894,1127,469,425,1110,980,911,849,834,695,252,12,544,566,505,475,466,445,429,420,424,410,391,304,183,69,12,0,8675,894,0
Eritrea,1973,15315,4637,7525,2888,1148,482,436,1105,998,931,869,852,704,254,12,535,570,513,485,476,455,439,430,432,420,396,308,183,71,12,0,8673,918,0
Eritrea,1974,15893,4639,7521,2882,1167,497,487,1272,1131,1010,923,891,724,259,12,612,660,589,542,520,490,468,455,453,438,407,317,186,73,12,0,8688,984,0
Eritrea,1975,16502,4648,7522,2874,1194,515,541,1440,1267,1092,980,929,744,266,12,703,737,667,600,566,526,498,482,473,456,419,325,191,75,12,0,8716,1056,0
Eritrea,1976,16672,4663,7538,2875,1217,528,555,1429,1288,1116,1004,954,757,271,12,718,711,679,609,578,538,511,493,486,468,428,329,194,77,12,0,8755,1083,0
Eritrea,1977,16798,4677,7557,2880,1232,537,569,1418,1298,1132,1025,973,770,270,14,732,686,684,614,585,547,521,504,496,477,436,334,196,74,13,1,8789,1106,0
Eritrea,1978,16866,4696,7586,2890,1234,541,577,1405,1296,1138,1035,985,777,276,15,741,664,680,616,588,550,525,510,501,484,442,335,200,76,14,1,8820,1118,0
Eritrea,1979,17008,4730,7625,2895,1248,548,589,1404,1297,1153,1054,1004,791,278,17,754,650,675,622,594,559,534,520,511,493,451,340,201,77,16,1,8873,1137,0
Eritrea,1980,16845,4785,7697,2912,1276,558,565,1270,1192,1117,1051,1015,804,285,17,688,582,604,588,572,545,530,521,516,499,459,345,205,80,16,1,8973,1123,0
Eritrea,1981,17031,4854,7783,2929,1287,563,573,1294,1172,1129,1068,1035,820,291,17,702,592,580,592,577,552,538,530,526,509,469,351,209,82,16,1,9070,1136,0
Eritrea,1982,17719,4927,7872,2945,1310,576,628,1491,1267,1205,1123,1081,851,298,19,812,679,620,647,618,587,567,556,551,530,486,365,215,83,18,1,9182,1204,0
Eritrea,1983,17820,4998,7951,2953,1307,575,630,1502,1238,1204,1133,1094,862,302,19,817,685,597,641,616,588,572,561,557,537,492,370,216,86,18,1,9258,1205,0
Eritrea,1984,17987,5043,8022,2979,1313,577,637,1527,1218,1214,1150,1117,886,308,19,831,696,583,635,620,594,580,570,569,548,505,381,221,87,18,1,9335,1214,0
Eritrea,1985,18223,5060,8052,2992,1338,591,651,1562,1211,1238,1177,1149,914,318,19,850,712,586,625,633,605,594,583,584,565,520,394,228,90,18,1,9390,1242,0
Eritrea,1986,17800,5058,8047,2989,1329,585,611,1403,1088,1175,1149,1147,921,322,21,761,642,535,553,599,576,577,572,582,565,522,399,231,91,20,1,9376,1196,0
Eritrea,1987,18206,5044,8015,2971,1322,587,652,1580,1155,1231,1188,1177,944,332,21,858,722,590,565,630,601,597,591,597,580,535,409,238,94,20,1,9337,1239,0
Eritrea,1988,18106,5017,7940,2923,1311,583,651,1581,1131,1216,1187,1191,958,336,19,856,725,590,541,619,597,596,591,601,590,542,416,242,94,19,0,9251,1234,0
Eritrea,1989,18707,5036,8004,2968,1314,591,706,1760,1209,1272,1247,1243,994,348,19,954,806,646,563,645,627,627,620,628,615,563,431,252,96,19,0,9318,1297,0
Eritrea,1990,17354,4834,7594,2760,1198,540,627,1529,1063,1129,1154,1186,970,347,19,827,702,571,492,561,568,577,577,594,592,547,423,252,95,19,0,8792,1167,0
Eritrea,1991,17078,4676,7327,2651,1171,533,626,1528,1059,1098,1162,1206,997,357,18,827,701,571,488,530,568,579,583,603,603,561,436,259,98,18,0,8498,1159,0
Eritrea,1992,13548,3869,6026,2157,961,437,455,984,737,803,932,1012,860,321,19,530,454,389,348,370,433,460,472,502,510,481,379,230,91,18,1,6987,892,0
Eritrea,1993,13203,3682,5721,2039,940,434,452,968,722,777,933,1029,885,327,13,524,444,380,342,351,426,459,474,509,520,495,390,236,91,13,0,6661,886,0
Eritrea,1994,13332,3648,5566,1918,933,436,466,1018,762,783,961,1067,932,365,44,549,469,403,359,352,431,473,488,527,540,518,414,256,109,29,15,6499,902,3
Eritrea,1995,12951,3469,5272,1803,912,432,460,995,748,751,960,1080,952,369,21,538,457,395,353,341,410,472,488,531,549,528,424,262,107,21,0,6184,892,1
Eritrea,1996,13901,3656,5397,1741,911,436,491,1161,872,813,1026,1154,1043,460,119,619,542,464,408,388,425,507,519,567,587,572,471,308,152,69,50,6308,927,14
Eritrea,1997,13570,3461,5120,1659,915,442,490,1150,869,795,1034,1176,1065,450,54,613,537,461,408,387,408,510,524,576,600,584,481,310,140,42,12,6035,932,8
Eritrea,1998,22041,3214,4820,1606,921,500,1343,4734,2832,1749,1716,1596,1292,493,35,2554,2180,1626,1206,935,814,875,841,811,785,721,571,348,145,34,1,5741,1843,4
Eritrea,1999,29299,3364,5475,2111,1161,659,2003,6950,4112,2448,2316,2046,1555,545,29,3755,3195,2357,1755,1338,1110,1181,1135,1055,991,878,677,391,154,28,1,6636,2662,2
Eritrea,2000,14192,2965,4559,1594,1011,505,611,1427,1050,887,1138,1317,1181,477,29,765,662,557,493,457,430,544,594,645,672,650,531,335,142,29,0,5570,1116,1
Eritrea,2001,12641,2732,4080,1348,961,472,511,1074,846,771,1014,1252,1160,474,25,577,497,441,405,392,379,468,546,607,645,634,526,335,139,25,0,5041,983,0
Eritrea,2002,12908,2746,4013,1267,968,470,525,1128,882,803,1021,1292,1217,523,58,606,522,460,422,409,394,460,561,624,668,661,556,361,162,43,15,4981,995,5
Eritrea,2003,12888,2701,3898,1197,952,465,532,1155,897,814,1008,1315,1251,543,50,624,531,469,428,415,399,446,562,633,682,679,572,375,168,42,8,4850,997,4
Eritrea,2004,13349,2765,3929,1164,940,464,546,1228,952,860,1023,1365,1321,606,106,663,565,499,453,439,421,452,571,656,709,713,608,409,197,71,35,4869,1010,10
Eritrea,2005,13281,2716,3856,1140,902,455,542,1235,957,867,1006,1386,1355,625,87,667,568,500,457,442,425,450,556,664,722,729,626,425,200,65,22,4758,997,9
Eritrea,2006,12817,2642,3735,1093,826,431,510,1165,909,838,962,1370,1361,635,72,629,536,475,434,425,413,442,520,656,714,729,632,431,204,60,12,4561,941,5
Eritrea,2007,12557,2525,3589,1064,791,429,499,1129,882,826,937,1386,1394,646,48,610,519,459,423,417,409,443,494,661,725,744,650,442,204,47,1,4380,928,3
Eritrea,2008,12465,2457,3490,1033,752,417,497,1139,879,828,922,1391,1427,669,50,615,524,458,421,417,411,445,477,659,732,757,670,457,212,49,1,4242,914,1
Eritrea,2009,12497,2428,3400,972,742,413,493,1130,879,838,923,1413,1479,716,69,607,523,457,422,421,417,454,469,662,751,781,698,485,231,61,8,4142,906,3
Eritrea,2010,12407,2351,3283,932,725,399,493,1134,875,838,928,1410,1514,742,63,608,526,455,420,419,419,461,467,647,763,797,717,502,240,61,2,4008,892,1
Eritrea,2011,12380,2292,3185,893,722,392,496,1117,869,843,944,1409,1561,775,66,597,520,451,418,420,423,468,476,627,782,817,744,523,252,63,3,3907,888,1
Eritrea,2012,12200,2216,3068,852,696,373,497,1088,848,833,950,1392,1591,804,63,581,507,442,406,413,420,471,479,601,791,829,762,542,262,62,1,3764,870,0
Eritrea,2013,12189,2141,2957,816,678,366,509,1101,856,840,967,1386,1634,831,62,589,512,447,409,415,425,480,487,587,799,848,786,562,269,61,1,3635,875,0
Eritrea,2014,12129,2082,2856,774,671,368,507,1069,839,837,984,1379,1682,872,65,575,494,438,401,413,424,487,497,576,803,871,811,588,284,64,1,3527,875,0
Eritrea,2015,11823,1985,2707,722,639,361,496,1025,800,812,980,1348,1709,886,57,557,468,418,382,397,415,483,497,568,780,883,826,600,286,56,1,3346,857,0
Eritrea,2016,11807,1920,2598,678,627,365,496,1035,797,814,1000,1339,1755,924,60,571,464,417,380,397,417,491,509,583,756,906,849,625,299,58,2,3225,861,0
Eritrea,2017,11692,1852,2489,637,609,364,483,1022,773,802,1009,1321,1796,960,64,572,450,403,370,389,413,494,515,592,729,925,871,647,313,62,2,3098,847,0
Eritrea,2018,11607,1796,2400,604,580,353,477,1020,758,792,1017,1313,1826,999,68,578,442,393,365,382,410,495,522,602,711,933,893,670,329,66,2,2980,830,0
Eritrea,2019,11686,1767,2343,576,562,348,483,1037,761,793,1035,1319,1867,1053,82,590,447,393,368,381,412,502,533,618,701,942,925,700,353,80,2,2905,831,0
Eritrea,2020,12181,1727,2272,545,543,342,490,1052,757,792,1116,1511,2024,1189,93,597,455,390,367,379,413,524,592,716,795,1017,1007,779,410,90,3,2815,832,0
Eritrea,2021,12863,1698,2213,515,511,328,492,1057,756,860,1276,1720,2223,1320,109,591,466,388,368,398,462,598,678,808,912,1089,1134,865,455,107,2,2724,820,0
Estonia,1950,5940,370,452,82,41,39,83,213,224,462,712,1182,1563,858,109,120,93,83,141,191,271,319,393,525,657,792,771,559,299,94,15,493,122,0
Estonia,1951,5944,373,462,89,42,39,84,229,223,465,720,1163,1534,867,117,126,103,86,137,191,274,327,393,517,646,770,764,564,303,100,17,504,123,1
Estonia,1952,5865,378,467,89,41,37,84,241,218,457,726,1129,1487,859,118,129,112,90,128,189,268,336,390,503,626,741,746,559,300,99,19,508,121,2
Estonia,1953,5839,357,449,92,40,35,86,252,217,459,741,1116,1457,862,122,129,123,98,119,193,266,346,395,498,618,720,737,563,299,101,21,489,121,3
Estonia,1954,5755,350,441,91,43,34,86,259,216,450,747,1091,1410,854,123,127,132,104,112,191,259,348,399,488,603,691,719,557,297,101,22,484,120,4
Estonia,1955,5755,350,438,88,46,33,88,267,223,446,763,1081,1385,858,127,127,140,113,110,188,258,355,408,484,597,677,708,558,300,105,22,484,121,4
Estonia,1956,5669,324,411,87,46,31,85,272,232,436,768,1061,1347,850,127,129,143,122,110,180,256,354,414,478,583,660,687,550,300,104,23,457,116,4
Estonia,1957,5684,308,392,84,48,30,85,276,248,427,785,1064,1334,857,127,130,146,133,115,170,257,353,432,484,580,656,678,551,306,104,23,440,115,4
Estonia,1958,5672,301,382,81,50,32,80,278,269,418,794,1062,1310,859,127,133,145,146,123,158,260,350,444,489,573,649,661,550,309,104,23,432,112,5
Estonia,1959,5986,294,368,74,45,31,73,272,283,416,890,1275,1435,797,94,128,144,151,132,149,267,375,515,588,687,744,691,521,276,79,15,413,104,3
Estonia,1960,5885,294,365,71,43,33,69,263,295,393,870,1252,1414,793,95,126,137,158,137,140,253,367,503,594,658,735,679,511,282,81,14,408,102,2
Estonia,1961,5976,283,356,73,43,35,67,265,316,390,878,1274,1444,809,99,126,139,170,146,145,245,366,512,615,659,746,698,517,292,84,15,399,102,2
Estonia,1962,6054,271,343,72,42,36,64,268,335,385,879,1307,1468,826,98,128,140,175,160,156,229,362,517,641,666,757,711,529,297,84,14,385,100,2
Estonia,1963,6124,258,330,72,42,38,68,266,355,386,879,1347,1476,835,96,123,143,176,179,171,215,367,512,662,685,760,716,537,298,84,12,372,106,1
Estonia,1964,5786,241,306,65,38,35,69,250,347,362,812,1297,1378,788,102,109,141,165,182,168,194,341,471,627,670,704,674,509,279,89,13,344,104,1
Estonia,1965,6096,231,297,66,40,36,81,259,374,383,840,1377,1444,848,117,110,149,168,206,187,196,349,491,659,718,729,715,547,301,104,13,337,117,1
Estonia,1966,6222,226,290,64,40,36,88,261,390,406,833,1422,1466,861,126,107,154,169,221,202,204,338,495,674,748,733,733,564,297,111,15,330,124,1
Estonia,1967,6293,215,277,62,42,34,92,262,401,445,805,1455,1478,874,129,107,155,172,229,223,222,316,489,677,778,736,742,568,306,115,14,319,126,1
Estonia,1968,6602,227,287,60,42,35,97,275,419,503,811,1518,1552,929,136,119,156,182,237,255,248,305,506,689,829,782,770,604,325,121,15,329,132,2
Estonia,1969,7019,240,302,62,43,37,101,292,447,566,844,1598,1654,991,145,137,155,201,246,291,275,310,534,712,886,854,800,633,358,125,20,345,138,1
Estonia,1970,7050,257,318,61,40,36,97,296,447,606,819,1593,1652,1007,140,149,147,206,241,313,293,297,522,707,886,866,786,637,370,117,23,358,133,1
Estonia,1971,7009,248,307,59,38,37,92,293,438,634,792,1571,1644,1006,149,156,137,205,233,327,307,302,490,692,879,876,768,638,368,123,26,345,129,2
Estonia,1972,7207,250,312,62,37,36,93,301,451,681,795,1591,1710,1040,157,162,139,212,239,340,341,330,465,697,894,930,780,660,380,128,29,349,129,2
Estonia,1973,7157,233,296,63,35,36,93,305,437,701,778,1558,1733,1018,162,161,144,197,240,332,369,351,427,689,869,948,785,639,379,136,26,331,129,2
Estonia,1974,7199,233,294,61,33,35,93,314,431,720,778,1538,1777,1010,166,157,157,182,249,324,396,368,410,686,852,959,818,631,379,139,27,327,128,3
Estonia,1975,7756,250,315,65,34,35,100,348,457,794,841,1634,1935,1081,174,168,180,184,273,340,454,420,421,724,910,1039,896,671,410,147,27,349,135,4
Estonia,1976,8120,274,341,67,39,35,101,374,472,847,912,1656,2037,1116,188,175,199,184,288,350,497,463,449,717,939,1086,951,685,431,157,31,380,136,4
Estonia,1977,7976,255,321,66,38,31,97,370,459,838,965,1560,2024,1082,190,170,200,177,282,341,497,491,474,649,911,1057,967,667,415,157,33,359,128,4
Estonia,1978,8390,275,342,67,40,33,100,389,471,874,1088,1578,2115,1153,200,176,213,193,278,362,512,560,528,629,949,1080,1035,713,440,167,33,382,133,4
Estonia,1979,8532,275,344,69,41,31,97,394,474,889,1168,1567,2140,1173,203,177,217,211,263,381,508,608,560,609,958,1075,1065,747,426,165,38,385,128,6
Estonia,1980,8673,286,357,71,40,33,92,396,481,899,1266,1541,2178,1185,200,176,220,231,250,396,503,661,605,588,953,1089,1089,765,420,162,38,397,125,6
Estonia,1981,8759,284,356,72,39,31,88,391,489,904,1345,1521,2190,1195,202,170,221,247,242,402,502,702,643,609,912,1087,1103,778,417,165,37,395,119,6
Estonia,1982,8469,261,330,69,37,32,82,369,472,867,1358,1440,2101,1182,192,161,208,244,228,387,480,687,671,630,810,1036,1065,780,402,160,32,367,114,5
Estonia,1983,8629,285,353,68,38,33,79,363,495,865,1428,1434,2108,1231,198,158,205,253,242,372,493,686,742,678,756,1048,1060,811,420,163,35,391,112,4
Estonia,1984,8911,257,329,72,41,35,79,365,528,887,1508,1477,2151,1306,205,157,208,259,269,358,529,689,819,730,747,1074,1077,859,447,166,39,370,114,4
Estonia,1985,9089,262,333,71,41,33,79,359,557,890,1570,1512,2158,1352,202,153,206,264,293,341,549,683,887,789,723,1071,1087,894,458,163,39,374,112,5
Estonia,1986,8361,222,285,63,37,31,73,319,526,804,1475,1442,1922,1260,183,133,186,240,286,297,507,619,856,763,679,933,989,830,430,149,34,322,104,4
Estonia,1987,8431,235,295,60,37,30,74,308,530,800,1485,1556,1842,1284,185,126,182,237,293,290,510,616,869,828,728,859,983,835,449,150,35,332,104,4
Estonia,1988,8506,200,259,59,37,30,76,301,539,793,1498,1696,1789,1301,186,121,180,236,303,307,486,634,864,915,781,798,991,830,471,154,32,296,106,3
Estonia,1989,8706,214,270,56,38,31,77,296,542,797,1527,1827,1783,1324,193,119,177,236,306,337,460,671,856,995,832,780,1003,830,494,159,34,308,108,3
Estonia,1990,9416,185,245,60,39,32,79,310,581,862,1644,2103,1862,1451,205,128,182,251,330,395,467,739,905,1144,959,799,1063,902,549,170,35,284,111,3
Estonia,1991,9599,164,220,56,39,33,78,304,584,875,1671,2244,1863,1470,214,130,174,248,336,423,452,760,911,1216,1028,830,1033,909,561,180,34,259,111,3
Estonia,1992,10074,162,214,52,38,34,80,303,598,916,1742,2453,1919,1540,230,133,170,253,345,453,463,795,947,1288,1165,934,985,945,595,195,35,252,114,5
Estonia,1993,10735,132,182,50,38,36,84,297,610,1001,1835,2714,2028,1649,254,132,165,255,355,485,516,801,1034,1358,1356,1062,966,1018,631,214,40,220,120,4
Estonia,1994,11412,127,172,45,39,38,88,302,622,1096,1935,2950,2173,1723,271,141,161,257,365,508,588,794,1141,1417,1533,1184,989,1059,664,234,37,211,126,4
Estonia,1995,10805,111,149,38,35,35,84,276,557,1060,1793,2842,2074,1622,274,128,148,226,331,471,589,701,1092,1307,1535,1185,889,989,633,238,36,184,119,3
Estonia,1996,9636,98,127,29,29,29,72,239,468,956,1552,2565,1924,1413,256,111,128,186,282,411,545,587,965,1142,1423,1112,812,842,571,220,36,156,101,3
Estonia,1997,9375,67,92,25,26,27,70,230,433,919,1483,2499,2021,1308,263,105,125,168,265,387,532,549,934,1098,1401,1166,855,744,564,224,39,118,97,4
Estonia,1998,9853,75,97,22,24,27,74,239,433,955,1514,2607,2275,1314,284,109,130,164,269,394,561,596,918,1159,1448,1323,952,717,597,242,42,121,101,5
Estonia,1999,9380,71,91,20,18,26,68,227,394,891,1412,2467,2282,1226,274,104,123,149,245,366,525,601,811,1132,1335,1337,945,660,566,231,43,109,94,5
Estonia,2000,9267,78,96,18,16,23,63,227,379,875,1381,2391,2360,1173,276,105,122,147,232,359,516,634,747,1125,1266,1382,978,619,554,227,49,112,86,4
Estonia,2001,9532,68,86,18,15,20,63,228,373,881,1408,2428,2541,1191,292,105,123,148,225,358,523,681,727,1152,1276,1483,1058,651,540,241,51,101,83,4
Estonia,2002,9349,53,71,18,14,19,60,218,352,840,1362,2359,2580,1175,295,101,117,147,205,341,499,674,688,1122,1237,1466,1114,689,486,242,53,85,79,5
Estonia,2003,9206,56,72,16,11,17,55,212,330,802,1366,2261,2602,1171,302,98,114,141,189,324,478,666,700,1037,1224,1416,1186,727,444,250,52,83,72,6
Estonia,2004,9062,53,67,14,10,14,51,204,315,769,1376,2190,2591,1178,292,94,110,139,176,307,462,646,730,950,1240,1352,1239,753,425,242,50,77,65,7
Estonia,2005,8828,47,60,13,9,13,47,191,296,717,1377,2085,2561,1175,290,86,105,130,166,279,438,621,756,864,1221,1279,1282,783,392,238,52,69,60,7
Estonia,2006,8869,44,57,13,9,11,44,188,292,690,1404,2045,2607,1240,278,83,105,128,164,263,427,614,790,821,1224,1262,1345,837,403,223,55,66,55,6
Estonia,2007,8962,42,53,11,8,10,41,184,289,666,1411,2039,2642,1359,255,81,103,124,165,247,419,604,807,803,1236,1267,1375,916,443,200,55,61,51,6
Estonia,2008,8412,49,60,11,7,8,35,162,267,594,1311,1865,2476,1389,230,69,93,114,153,217,377,551,760,779,1086,1203,1273,937,452,176,54,67,43,6
Estonia,2009,8006,37,47,10,5,7,28,151,251,539,1225,1751,2360,1419,216,65,86,108,143,194,345,515,710,787,964,1182,1178,949,470,163,53,52,35,7
Estonia,2010,7758,40,49,9,5,6,24,136,237,496,1162,1683,2276,1465,206,57,79,103,134,183,313,484,678,809,874,1162,1114,976,489,153,53,54,30,8
Estonia,2011,7497,24,33,9,5,5,20,126,222,456,1101,1621,2195,1496,207,53,73,96,126,172,284,454,647,815,806,1127,1068,991,505,158,49,38,25,8
Estonia,2012,7626,25,33,8,5,5,17,120,220,444,1090,1631,2238,1595,219,48,72,96,124,174,270,449,641,836,795,1148,1090,1027,568,178,41,38,22,8
Estonia,2013,7241,18,24,6,5,5,15,104,203,403,1005,1583,2088,1571,229,41,63,88,115,165,238,411,594,799,784,1030,1058,978,593,191,38,29,20,7
Estonia,2014,7469,22,28,6,5,5,13,99,203,398,1009,1673,2125,1648,259,36,63,87,116,166,232,408,601,812,861,994,1131,991,657,218,41,33,18,7
Estonia,2015,7226,20,25,5,5,5,12,86,192,373,939,1661,2026,1626,272,30,56,81,111,156,217,371,568,777,884,904,1122,948,678,234,38,30,17,6
Estonia,2016,7333,25,30,5,5,5,11,81,189,370,903,1727,2012,1694,303,27,54,79,110,154,216,350,553,784,943,872,1140,960,734,263,40,35,16,5
Estonia,2017,7325,24,29,5,5,5,11,72,186,364,866,1716,1999,1732,339,23,49,78,108,148,216,327,539,763,953,855,1144,970,762,292,47,34,16,5
Estonia,2018,7415,16,22,6,5,5,10,67,180,367,843,1736,2004,1785,386,22,45,72,108,149,218,313,530,758,978,901,1103,1012,773,326,60,27,15,5
Estonia,2019,7253,16,20,4,5,5,10,58,173,358,795,1678,1955,1782,408,19,39,70,103,145,213,291,504,731,947,938,1017,1036,746,344,64,25,15,6
Estonia,2020,7595,16,21,5,3,5,9,55,200,367,792,1734,2003,1931,474,20,35,78,122,155,212,301,491,774,960,1031,972,1131,800,398,76,24,14,6
Estonia,2021,8920,14,19,5,4,5,8,50,188,394,795,1926,2494,2411,619,19,31,65,123,179,215,289,506,837,1089,1421,1073,1400,1011,515,104,23,13,8
Eswatini,1950,2997,1063,1635,572,134,69,76,191,190,177,173,178,130,39,3,96,95,95,95,91,86,88,85,89,89,78,52,28,11,3,0,1769,145,0
Eswatini,1951,3054,1074,1674,600,138,70,76,191,190,181,175,182,134,41,3,96,95,95,95,92,89,90,85,90,92,80,54,30,11,3,0,1812,146,0
Eswatini,1952,3104,1080,1700,620,141,71,76,191,190,184,180,188,143,41,2,96,95,95,95,94,90,90,90,93,95,85,58,30,11,2,0,1841,147,0
Eswatini,1953,3137,1084,1714,630,143,71,76,191,190,186,180,189,148,41,2,96,95,95,95,95,91,90,90,94,95,88,60,30,11,2,0,1857,147,0
Eswatini,1954,3167,1089,1722,633,148,73,77,192,191,190,182,192,156,43,2,97,95,95,96,95,95,92,90,95,97,93,63,31,12,2,0,1870,150,0
Eswatini,1955,3203,1096,1730,634,153,74,78,192,193,191,190,198,160,44,3,97,95,95,98,96,95,95,95,98,100,94,66,32,12,3,0,1883,152,0
Eswatini,1956,3233,1103,1737,634,160,74,79,194,194,191,191,200,166,48,3,98,96,95,99,96,95,96,95,100,100,97,69,36,12,3,0,1897,153,0
Eswatini,1957,3271,1111,1744,633,164,77,80,195,194,195,195,207,173,48,3,99,96,95,99,98,97,99,96,103,104,100,73,36,12,3,0,1908,157,0
Eswatini,1958,3295,1121,1755,634,167,79,81,195,191,195,197,209,176,51,3,99,96,94,97,98,97,100,97,104,105,100,76,39,12,3,0,1922,160,0
Eswatini,1959,3318,1130,1764,634,168,80,81,194,189,193,199,210,181,55,3,99,95,94,95,97,96,100,99,105,105,102,79,41,14,3,0,1932,161,0
Eswatini,1960,3352,1140,1775,635,169,83,82,194,189,198,201,217,186,59,3,99,95,94,95,100,98,101,100,108,109,104,82,43,16,3,0,1944,165,0
Eswatini,1961,3372,1149,1785,636,169,87,84,194,185,196,203,218,189,60,3,99,95,90,95,98,98,103,100,108,110,105,84,44,16,3,0,1954,171,0
Eswatini,1962,3391,1160,1795,635,169,88,85,193,182,193,206,218,192,65,3,99,94,90,92,95,98,103,103,108,110,108,84,49,16,3,0,1964,173,0
Eswatini,1963,3425,1176,1811,635,169,91,88,194,182,195,208,226,197,68,3,100,94,90,92,95,100,103,105,111,115,109,88,50,18,3,0,1980,179,0
Eswatini,1964,3432,1182,1817,635,167,92,89,193,177,190,207,226,200,73,3,100,93,87,90,93,97,102,105,111,115,111,89,53,20,3,0,1984,181,0
Eswatini,1965,3443,1190,1825,635,167,92,93,191,172,187,206,227,202,74,5,100,91,85,87,90,97,101,105,112,115,112,90,54,20,5,0,1992,185,0
Eswatini,1966,3452,1204,1837,633,166,91,95,193,170,181,204,228,207,77,5,103,90,85,85,88,93,100,104,112,116,115,92,56,21,5,0,2003,186,0
Eswatini,1967,3460,1211,1842,631,165,90,97,193,163,177,204,229,209,81,5,103,90,81,82,85,92,100,104,113,116,115,94,59,22,5,0,2007,187,0
Eswatini,1968,3473,1226,1856,630,164,88,99,193,163,174,200,230,213,84,5,104,89,83,80,85,89,98,102,113,117,118,95,59,25,5,0,2020,187,0
Eswatini,1969,3500,1244,1872,628,164,88,96,195,170,174,200,234,216,87,5,104,91,85,85,85,89,98,102,114,120,118,98,61,26,5,0,2036,184,0
Eswatini,1970,3526,1259,1885,626,164,85,95,199,171,172,200,235,219,90,7,106,93,86,85,85,87,98,102,115,120,120,99,63,27,7,0,2049,180,0
Eswatini,1971,3544,1271,1894,623,161,84,91,203,173,172,200,240,225,91,7,109,94,88,85,85,87,98,102,115,125,122,103,64,27,7,0,2055,175,0
Eswatini,1972,3544,1273,1891,618,160,84,90,201,176,171,200,241,227,95,8,107,94,90,86,85,86,97,103,116,125,123,104,67,28,8,0,2051,174,0
Eswatini,1973,3520,1269,1877,608,157,81,86,199,175,170,196,240,232,99,8,106,93,88,87,85,85,94,102,115,125,125,107,68,31,8,0,2034,167,0
Eswatini,1974,3519,1277,1872,595,155,80,84,196,179,170,195,243,234,101,9,102,94,90,89,85,85,93,102,115,128,126,108,70,31,9,0,2027,164,0
Eswatini,1975,3502,1278,1864,586,152,79,82,191,178,170,193,242,238,104,10,98,93,89,89,85,85,92,101,114,128,129,109,72,32,9,1,2016,161,0
Eswatini,1976,3477,1273,1846,573,151,78,80,188,176,168,190,243,241,106,10,94,94,86,90,85,83,89,101,114,129,130,111,73,33,9,1,1997,158,0
Eswatini,1977,3446,1263,1825,562,147,78,79,182,172,169,187,240,245,110,10,90,92,85,87,86,83,88,99,114,126,133,112,76,34,9,1,1972,157,0
Eswatini,1978,3402,1249,1795,546,145,75,79,178,170,168,181,236,248,114,11,89,89,85,85,86,82,86,95,111,125,134,114,78,36,10,1,1940,154,0
Eswatini,1979,3373,1235,1768,533,142,74,79,172,169,172,178,235,252,116,12,85,87,84,85,87,85,85,93,110,125,135,117,78,38,11,1,1910,153,0
Eswatini,1980,3355,1220,1735,515,140,74,80,171,175,176,179,236,256,122,12,85,86,86,89,90,86,86,93,111,125,137,119,83,39,11,1,1875,154,0
Eswatini,1981,3341,1200,1699,499,137,73,81,169,179,181,183,238,263,123,14,87,82,89,90,91,90,90,93,111,127,140,123,83,40,12,2,1836,154,0
Eswatini,1982,3290,1168,1643,475,134,73,79,165,184,188,181,238,267,128,14,84,81,90,94,95,93,90,91,110,128,141,126,86,42,12,2,1777,152,0
Eswatini,1983,3521,1223,1761,538,156,84,85,173,193,203,192,242,282,134,14,90,83,94,99,102,101,96,96,110,132,148,134,90,44,12,2,1917,169,0
Eswatini,1984,3231,1109,1543,434,130,72,81,164,186,201,190,235,277,135,15,86,78,89,97,100,101,98,92,106,129,143,134,90,45,13,2,1673,153,0
Eswatini,1985,3156,1071,1476,405,119,69,80,165,184,206,194,234,276,140,16,88,77,86,98,101,105,100,94,106,128,142,134,94,46,14,2,1595,149,0
Eswatini,1986,3113,1031,1418,387,117,69,83,168,179,210,203,232,278,142,17,91,77,82,97,103,107,105,98,106,126,143,135,95,47,15,2,1535,152,0
Eswatini,1987,3078,996,1362,366,113,66,83,170,175,213,213,235,280,150,18,92,78,79,96,103,110,111,102,109,126,143,137,100,50,16,2,1475,149,0
Eswatini,1988,3054,963,1312,349,111,66,84,174,176,216,224,238,281,152,18,94,80,79,97,104,112,116,108,112,126,143,138,101,51,16,2,1423,150,0
Eswatini,1989,3118,961,1299,338,110,67,88,192,184,231,244,246,281,157,19,103,89,84,100,111,120,126,118,118,128,143,138,105,52,16,3,1409,155,0
Eswatini,1990,3161,933,1261,328,111,67,91,203,193,246,264,255,285,162,20,108,95,88,105,118,128,136,128,125,130,145,140,107,55,17,3,1372,158,0
Eswatini,1991,3341,942,1273,331,112,72,99,232,217,283,301,277,288,164,21,121,111,102,115,137,146,155,146,138,139,148,140,108,56,18,3,1385,171,0
Eswatini,1992,3658,980,1329,349,121,80,110,278,263,335,349,306,294,169,23,142,136,126,137,163,172,180,169,158,148,151,143,109,60,20,3,1450,190,0
Eswatini,1993,4102,1034,1409,375,131,89,127,340,334,412,415,345,300,173,23,168,172,163,171,201,211,214,201,183,162,155,145,112,61,20,3,1540,216,0
Eswatini,1994,4625,1089,1505,416,147,103,145,412,422,502,489,390,309,176,24,197,215,209,213,246,256,254,235,211,179,161,148,113,63,21,3,1652,248,0
Eswatini,1995,4943,1079,1535,456,164,117,161,448,471,559,543,424,317,178,25,214,234,234,237,269,290,283,260,230,194,168,149,113,65,21,4,1699,278,0
Eswatini,1996,5522,1129,1631,502,185,135,189,537,576,645,619,470,325,181,26,252,285,291,285,308,337,324,295,259,211,176,149,115,66,22,4,1816,324,0
Eswatini,1997,6069,1183,1706,523,201,149,214,628,689,731,690,518,331,184,29,291,337,350,339,347,384,363,327,291,227,182,149,117,67,24,5,1907,363,0
Eswatini,1998,6646,1241,1791,550,218,165,238,708,823,825,755,565,341,187,31,324,384,415,408,395,430,399,356,320,245,191,150,117,70,26,5,2009,403,1
Eswatini,1999,7179,1312,1888,576,232,177,260,786,938,898,819,615,345,188,31,360,426,471,467,435,463,434,385,352,263,196,149,118,70,26,5,2120,437,1
Eswatini,2000,7681,1376,1986,610,244,191,284,860,1046,953,883,664,351,187,32,394,466,522,524,470,483,471,412,380,284,201,150,116,71,27,5,2230,475,1
Eswatini,2001,8301,1417,2059,642,251,204,308,959,1194,1047,965,728,359,188,33,438,521,592,602,528,519,516,449,416,312,209,150,116,72,28,5,2310,512,1
Eswatini,2002,8990,1427,2074,647,245,207,325,1083,1422,1204,1059,783,366,189,35,484,599,697,725,625,579,571,488,448,335,215,151,115,74,29,6,2319,532,1
Eswatini,2003,9412,1449,2107,658,246,217,345,1160,1512,1263,1113,842,379,190,35,519,641,737,775,668,595,598,515,477,365,224,155,115,75,29,6,2353,562,1
Eswatini,2004,9825,1470,2133,663,243,220,355,1238,1627,1351,1154,884,390,190,36,551,687,787,840,727,624,614,540,499,385,234,156,115,75,29,7,2376,575,1
Eswatini,2005,10068,1475,2136,661,239,216,361,1290,1698,1408,1173,915,401,189,38,570,720,818,880,768,640,613,560,514,401,243,158,114,75,30,8,2375,577,1
Eswatini,2006,9891,1357,1942,585,214,193,339,1276,1722,1456,1176,936,409,189,41,555,721,822,900,800,656,605,571,524,412,252,157,114,75,33,8,2156,532,1
Eswatini,2007,9770,1311,1861,550,200,181,329,1263,1714,1472,1159,945,419,190,41,544,719,818,896,811,661,590,569,527,418,261,158,114,76,33,8,2061,510,1
Eswatini,2008,9659,1303,1845,542,196,171,323,1250,1684,1463,1125,940,429,192,41,535,715,808,876,804,659,568,557,522,418,268,161,116,76,33,8,2041,494,1
Eswatini,2009,9384,1235,1737,502,183,155,306,1208,1637,1441,1098,945,438,193,42,511,697,791,846,787,654,554,544,525,420,274,164,117,76,34,8,1920,461,1
Eswatini,2010,8933,1097,1530,433,160,136,278,1143,1576,1414,1066,948,447,193,43,476,667,765,811,766,648,541,525,528,420,279,168,117,76,34,9,1690,414,1
Eswatini,2011,8543,957,1311,354,133,117,242,1069,1556,1421,1052,952,453,195,43,434,635,756,800,764,657,541,511,531,421,280,173,118,77,34,9,1444,359,1
Eswatini,2012,8103,872,1178,306,118,104,216,991,1474,1357,1016,943,459,201,43,399,592,717,757,722,635,526,490,522,421,281,178,121,80,34,9,1296,320,1
Eswatini,2013,7716,829,1111,282,109,97,196,926,1393,1281,972,921,466,201,43,373,553,680,713,675,606,508,464,507,414,281,185,121,80,34,9,1220,293,1
Eswatini,2014,7388,819,1102,283,109,94,179,864,1309,1192,921,890,472,205,44,350,514,640,669,623,569,485,436,481,409,280,192,125,80,35,9,1211,273,1
Eswatini,2015,6913,746,994,248,98,84,163,780,1205,1106,882,868,477,211,45,315,465,586,619,573,533,464,418,459,409,282,195,130,81,36,9,1092,247,1
Eswatini,2016,6576,715,950,235,92,79,152,709,1120,1030,847,841,487,218,46,284,425,541,579,531,499,446,401,435,406,286,201,136,82,37,9,1042,231,1
Eswatini,2017,6377,727,976,249,97,82,148,662,1053,966,811,810,495,227,47,264,398,506,547,498,468,426,385,411,399,288,207,143,84,37,10,1073,230,2
Eswatini,2018,6073,653,869,216,87,74,138,603,985,923,801,804,506,237,48,236,367,468,517,476,447,418,383,404,400,294,212,150,87,38,10,956,212,2
Eswatini,2019,5882,598,789,191,80,69,132,567,948,897,793,791,519,247,50,220,347,446,502,466,431,412,381,395,396,302,217,157,90,39,11,869,201,2
Eswatini,2020,6412,576,760,184,78,68,122,511,943,987,936,964,662,321,58,196,315,427,516,506,481,476,460,478,486,388,274,200,121,47,11,838,190,2
Eswatini,2021,7684,597,792,195,81,73,154,602,1128,1224,1157,1173,839,394,63,240,362,503,625,628,596,590,567,584,589,492,347,250,144,51,12,873,227,2
Ethiopia,1950,262876,97512,158744,61232,15726,6473,6304,14501,12245,12149,10338,11983,10933,3324,155,7626,6875,6219,6026,6121,6028,5000,5338,5812,6171,6266,4667,2481,843,143,12,174470,12777,1
Ethiopia,1951,264681,98097,159054,60957,16022,6543,6384,14694,12378,12372,10556,12016,11073,3445,145,7727,6967,6294,6084,6179,6193,5221,5335,5833,6183,6289,4784,2571,874,137,8,175076,12927,1
Ethiopia,1952,266100,97868,158233,60365,16404,6674,6513,14996,12606,12626,10913,12146,11267,3574,148,7888,7108,6419,6187,6292,6334,5579,5334,5906,6240,6331,4936,2673,901,139,9,174637,13187,0
Ethiopia,1953,266505,97375,157365,59990,16488,6756,6590,15176,12733,12731,11250,12205,11372,3684,154,7987,7189,6495,6238,6359,6372,5948,5302,5945,6260,6324,5048,2759,925,143,11,173853,13346,0
Ethiopia,1954,268098,96804,156557,59753,16644,6953,6744,15523,13006,12979,11749,12373,11567,3835,162,8173,7350,6643,6363,6496,6483,6338,5411,6028,6345,6388,5179,2869,966,151,11,173201,13697,0
Ethiopia,1955,268638,96263,155802,59539,16581,7083,6833,15710,13154,13104,12160,12432,11644,3967,169,8274,7436,6725,6429,6564,6540,6597,5563,6053,6379,6408,5236,2956,1011,161,8,172383,13916,0
Ethiopia,1956,269992,95823,155112,59289,16629,7280,6969,16007,13393,13319,12673,12546,11768,4119,177,8431,7576,6850,6543,6672,6647,6827,5846,6094,6452,6471,5297,3059,1060,169,8,171741,14249,0
Ethiopia,1957,338046,115079,193092,78013,22687,10725,8681,19015,16388,16670,16447,15453,14048,4649,192,9988,9027,8314,8074,8286,8384,8690,7757,7496,7957,7793,6255,3518,1131,183,9,215779,19406,0
Ethiopia,1958,334372,113535,189405,75870,22466,10744,8747,19131,16456,16689,16854,15258,13770,4657,195,10050,9081,8349,8107,8288,8401,8674,8180,7365,7893,7671,6099,3502,1155,185,10,211871,19491,0
Ethiopia,1959,267619,93668,149427,55759,16603,7536,7304,16655,13885,13710,13968,12531,11553,4256,195,8777,7878,7104,6781,6852,6858,7020,6948,6042,6489,6406,5147,3149,1107,185,10,166030,14840,0
Ethiopia,1960,270623,94549,150706,56157,16618,7520,7470,16989,14115,13884,14347,12761,11656,4345,207,8958,8031,7226,6889,6941,6943,7100,7247,6227,6534,6461,5195,3190,1155,197,10,167324,14990,0
Ethiopia,1961,271843,94759,151297,56538,16538,7458,7557,17009,14153,13933,14554,13002,11713,4407,222,8971,8038,7242,6911,6966,6967,7135,7419,6481,6521,6489,5224,3209,1198,212,10,167835,15015,0
Ethiopia,1962,275212,95138,152623,57485,16583,7456,7738,17322,14401,14146,14840,13457,11907,4502,239,9137,8185,7372,7029,7081,7065,7257,7583,6926,6531,6596,5311,3253,1249,228,11,169206,15194,0
Ethiopia,1963,277482,95775,153988,58213,16561,7378,7786,17457,14491,14205,14922,13864,12008,4564,257,9213,8244,7425,7066,7121,7084,7310,7612,7369,6495,6652,5356,3276,1288,242,15,170549,15164,0
Ethiopia,1964,282872,96861,155650,58789,17146,7525,7953,18024,14913,14586,15284,14555,12272,4689,278,9527,8497,7647,7266,7322,7264,7505,7779,7892,6663,6791,5481,3353,1336,261,17,172796,15478,0
Ethiopia,1965,288577,98601,158465,59864,17742,7627,8005,18400,15181,14849,15555,15205,12463,4787,295,9749,8651,7785,7396,7460,7389,7643,7912,8289,6916,6884,5579,3419,1368,275,20,176207,15632,0
Ethiopia,1966,322393,108577,177629,69052,20791,8922,8690,20024,16650,16427,17236,17169,13468,5067,318,10629,9395,8511,8139,8236,8191,8473,8763,9310,7859,7440,6028,3632,1435,296,22,198420,17612,0
Ethiopia,1967,301814,102319,164357,62038,19220,7856,8148,19540,16001,15603,16264,16712,12795,4988,328,10408,9132,8210,7791,7846,7757,7987,8277,8866,7846,7001,5794,3563,1425,305,23,183577,16004,1
Ethiopia,1968,309808,105646,169669,64023,19790,7930,8163,19873,16273,15850,16512,17409,12919,5074,347,10572,9301,8350,7923,7970,7880,8097,8415,8986,8423,7022,5897,3624,1450,320,27,189459,16093,1
Ethiopia,1969,319921,109304,175540,66236,20557,8190,8310,20368,16729,16282,16932,18205,13241,5205,365,10774,9594,8585,8144,8185,8097,8296,8636,9183,9022,7215,6026,3715,1490,333,32,196097,16500,1
Ethiopia,1970,328913,112441,180775,68334,21148,8453,8450,20827,17150,16654,17289,18859,13630,5308,372,10919,9908,8807,8343,8372,8282,8471,8818,9367,9492,7510,6120,3787,1521,340,32,201923,16903,2
Ethiopia,1971,338673,115698,186262,70564,21932,8831,8584,21182,17578,17085,17710,19493,14194,5441,379,10980,10202,9025,8553,8587,8498,8681,9029,9592,9901,7974,6220,3878,1563,347,32,208194,17415,2
Ethiopia,1972,365621,124051,201923,77872,24246,9971,9069,22233,18700,18266,18932,20842,15363,5682,392,11393,10840,9583,9117,9170,9096,9293,9639,10242,10600,8896,6467,4059,1623,359,33,226169,19040,2
Ethiopia,1973,374530,126812,206577,79765,25046,10371,9232,22590,19163,18694,19332,21257,16079,5792,400,11509,11081,9826,9337,9391,9303,9505,9827,10467,10790,9578,6501,4138,1654,366,34,231623,19603,1
Ethiopia,1974,415954,139791,230891,91100,28723,12133,10116,24098,20875,20487,21211,23140,17799,6062,412,12269,11829,10689,10186,10275,10212,10448,10763,11440,11700,10802,6997,4343,1719,378,34,259614,22249,1
Ethiopia,1975,428585,142997,235827,92830,29824,12630,10719,25310,22009,21336,21947,23777,18661,6127,420,12928,12382,11323,10686,10719,10617,10832,11115,11779,11998,11375,7286,4386,1741,384,36,265651,23349,1
Ethiopia,1976,401648,133879,216013,82134,26893,11189,10706,26130,22251,20675,20832,22461,18195,5913,391,13443,12687,11621,10630,10465,10210,10305,10527,11121,11340,10988,7207,4211,1702,367,24,242906,21895,1
Ethiopia,1977,413131,138139,222656,84517,27692,11589,11186,26328,22810,21168,21319,22967,19056,5961,398,13599,12729,11935,10875,10712,10456,10546,10773,11359,11608,11297,7759,4225,1736,375,23,250348,22775,0
Ethiopia,1978,418588,139438,225265,85827,28117,11881,11558,26403,23092,21462,21591,23198,19656,5955,409,13694,12709,12063,11029,10860,10602,10679,10912,11458,11740,11382,8274,4204,1751,380,29,253382,23439,0
Ethiopia,1979,411399,139105,224401,85296,27463,11633,11188,24415,21682,20647,21057,22802,19751,5948,416,12728,11687,11187,10495,10414,10233,10393,10664,11232,11570,11207,8544,4207,1741,383,33,251864,22821,0
Ethiopia,1980,408024,138922,223961,85039,27160,11576,11009,23647,21005,20231,20723,22494,19789,6010,417,12436,11211,10720,10285,10196,10035,10218,10505,11069,11425,11078,8711,4292,1718,383,34,251121,22585,1
Ethiopia,1981,403679,138040,222412,84372,26715,11409,10902,23314,20491,19851,20366,22099,19607,6094,413,12412,10902,10337,10154,10005,9846,10039,10327,10878,11221,10893,8714,4416,1678,379,34,249127,22311,1
Ethiopia,1982,420944,143059,230341,87282,28005,11939,11579,24865,21448,20819,21322,23066,20525,6597,436,13427,11438,10715,10733,10499,10320,10517,10805,11372,11694,11383,9142,4871,1726,399,37,258346,23518,1
Ethiopia,1983,573673,190343,322738,132395,41749,18715,14934,30196,26731,27033,27995,29710,25499,7872,495,16405,13791,13129,13602,13522,13511,13829,14166,14764,14946,14294,11205,5965,1907,443,52,364487,33649,4
Ethiopia,1984,576193,190957,321414,130457,42327,18858,15386,31341,27099,27534,28355,29896,25396,8090,490,17074,14267,13338,13761,13810,13724,14029,14326,14905,14991,14294,11102,6170,1920,440,50,363741,34244,5
Ethiopia,1985,568141,190712,316655,125943,41701,18446,15276,31253,26519,27261,27951,29429,24882,8210,543,16986,14267,13104,13415,13718,13543,13840,14111,14696,14733,14025,10857,6226,1984,463,80,358356,33722,14
Ethiopia,1986,574282,192836,319480,126644,42153,18633,15528,32043,26569,27647,28225,29711,25108,8592,584,17333,14710,13195,13374,13966,13681,13978,14247,14847,14864,14133,10975,6421,2171,505,79,361633,34161,12
Ethiopia,1987,442908,151088,238678,87590,29889,12658,12683,27930,21827,22364,22578,24267,21272,8137,623,15061,12869,11002,10825,11420,10944,11170,11408,12048,12219,11830,9442,5896,2241,536,87,268567,25341,10
Ethiopia,1988,467989,154980,247463,92483,31711,13698,13753,30963,23659,24153,24200,25935,22744,8954,744,16596,14367,11996,11663,12343,11810,11974,12226,12885,13050,12595,10149,6352,2602,634,110,279174,27451,9
Ethiopia,1989,487532,157574,253643,96069,32901,14362,14555,33784,25303,25412,25389,27228,24152,9869,928,18068,15716,12948,12355,12942,12470,12560,12829,13510,13718,13281,10871,6867,3002,784,144,286544,28917,10
Ethiopia,1990,514360,161572,261952,100380,34523,15208,15992,38480,28124,27372,27064,28794,25390,10444,1002,20575,17905,14588,13536,13876,13496,13420,13644,14300,14494,13949,11441,7224,3220,848,154,296475,31200,10
Ethiopia,1991,496611,160976,258414,97438,34239,14781,14414,33397,25386,25330,25674,27948,25189,10736,1094,17796,15601,13203,12183,12645,12685,12692,12982,13795,14153,13760,11429,7371,3365,927,167,292653,29195,12
Ethiopia,1992,500823,162846,259905,97059,35482,14840,14085,32190,25105,24964,25623,28432,26453,12167,1555,17053,15137,13172,11933,12336,12628,12635,12988,13962,14470,14288,12165,8192,3975,1300,255,295387,28925,16
Ethiopia,1993,503610,161948,258150,96202,36589,14989,14407,32675,25663,25215,26032,28980,26976,12388,1531,17253,15422,13576,12087,12402,12813,12856,13176,14210,14770,14587,12389,8382,4006,1286,245,294739,29396,17
Ethiopia,1994,505912,160521,255147,94626,37782,15290,14821,33093,26258,25535,26596,29630,27593,12645,1508,17409,15684,13902,12356,12565,12970,13166,13430,14510,15120,14943,12650,8589,4056,1277,231,292929,30111,18
Ethiopia,1995,507366,158578,251472,92894,38551,15601,15269,33710,26943,25813,27194,30243,28188,12884,1481,17691,16019,14229,12714,12740,13073,13509,13685,14790,15453,15288,12900,8770,4114,1264,217,290023,30870,19
Ethiopia,1996,502931,156959,247274,90315,38319,15711,15470,33801,27097,25622,27519,30486,28298,12428,896,17771,16030,14240,12857,12663,12959,13731,13788,14895,15591,15412,12886,8611,3817,877,19,285593,31181,7
Ethiopia,1997,503760,154778,242850,88072,38765,16243,15843,34479,27770,25803,28193,31144,28964,12721,983,18204,16275,14502,13268,12780,13023,14116,14077,15197,15947,15786,13178,8790,3931,942,41,281615,32086,4
Ethiopia,1998,506798,151403,237368,85965,39137,16855,16327,35939,28901,26308,28941,31963,29926,13547,1572,19105,16834,15043,13858,13079,13229,14486,14455,15575,16388,16273,13653,9201,4346,1326,246,276505,33182,16
Ethiopia,1999,531673,149474,234272,84798,39863,17704,18780,44936,34266,29252,31152,33736,31396,14333,1951,24150,20786,18079,16187,14745,14507,15581,15571,16485,17251,17071,14325,9649,4684,1568,383,274135,36484,29
Ethiopia,2000,508935,145743,226926,81183,40302,18083,17048,37440,30094,27373,30180,33498,31646,14467,1845,20210,17230,15596,14498,13745,13628,14899,15281,16300,17198,17169,14477,9753,4714,1501,344,267228,35131,32
Ethiopia,2001,509147,142341,220731,78390,40684,18531,17412,37968,30494,27850,30637,34238,32664,15413,2477,20568,17400,15776,14718,14109,13741,14954,15683,16644,17594,17656,15008,10243,5170,1917,560,261415,35943,53
Ethiopia,2002,513533,138894,214142,75248,41387,19068,18405,40199,31847,28957,31509,35291,33817,16117,2728,21788,18411,16484,15363,14855,14102,15221,16288,17162,18129,18246,15571,10672,5445,2085,643,255529,37473,68
Ethiopia,2003,504469,133953,205801,71848,40746,18925,18533,39211,31153,28831,31462,35715,34492,16626,2896,21177,18034,16028,15125,14873,13958,15093,16369,17354,18361,18561,15931,10982,5644,2203,693,246547,37458,81
Ethiopia,2004,501288,129006,197536,68530,40643,19096,19181,39990,31511,29406,31867,36560,35403,17106,2899,21500,18490,16159,15352,15183,14223,15284,16583,17792,18768,19019,16384,11317,5789,2219,680,238179,38277,87
Ethiopia,2005,501153,124633,189552,64919,40916,19463,19898,41184,32151,30237,32410,37694,36558,17867,3122,22078,19106,16447,15704,15567,14670,15578,16832,18393,19301,19593,16965,11791,6076,2381,741,230468,39361,97
Ethiopia,2006,487798,120100,181615,61515,38722,18644,19555,40274,31242,29761,31785,37859,36857,18211,3169,21620,18654,15974,15268,15216,14545,15310,16475,18503,19356,19689,17168,12005,6206,2423,746,220337,38199,102
Ethiopia,2007,475213,115178,173303,58125,36583,17837,19241,40064,30670,29453,31164,37997,37135,18513,3153,21659,18405,15751,14919,14940,14513,15046,16118,18592,19405,19774,17361,12204,6309,2425,728,209886,37078,102
Ethiopia,2008,462636,110274,165090,54816,34826,17210,18859,39585,30019,29146,30767,38149,37449,18607,2831,21631,17954,15510,14509,14671,14475,14887,15880,18623,19526,19900,17549,12331,6276,2238,593,199916,36069,92
Ethiopia,2009,451147,105036,156826,51790,32894,16487,18621,39659,29690,28855,30589,38243,37789,18801,2614,21881,17778,15487,14203,14465,14390,14857,15732,18539,19704,20035,17754,12498,6303,2124,490,189720,35108,78
Ethiopia,2010,439918,100551,149380,48829,31151,15815,18251,39170,29134,28397,30449,38304,38177,19111,2507,21710,17460,15310,13824,14191,14206,14876,15573,18369,19935,20192,17985,12716,6395,2079,428,180531,34066,69
Ethiopia,2011,429496,96982,142657,45675,29533,15176,17812,38562,28553,27897,30348,38329,38593,19498,2474,21359,17203,15062,13491,13896,14001,14951,15397,18141,20188,20361,18232,12969,6529,2076,398,172190,32988,62
Ethiopia,2012,423373,93045,135744,42699,28355,14765,17704,38897,28577,27819,30659,38729,39421,20127,2514,21412,17485,15088,13489,13810,14009,15269,15390,18091,20638,20750,18671,13371,6756,2125,389,164099,32469,60
Ethiopia,2013,419875,88929,129442,40513,27403,14461,17700,39362,28742,27890,31228,39400,40629,20963,2596,21460,17902,15127,13615,13780,14110,15667,15561,18258,21142,21346,19283,13905,7058,2208,388,156845,32161,58
Ethiopia,2014,417399,85934,123809,37875,26585,14248,17723,39906,29027,28006,31829,39971,41825,21751,2664,21580,18326,15210,13817,13770,14236,15982,15847,18497,21474,21969,19856,14403,7348,2284,380,150394,31971,53
Ethiopia,2015,416674,84101,119441,35340,25692,14014,17770,40559,29501,28192,32489,40489,43113,22582,2783,21802,18757,15429,14072,13812,14380,16260,16229,18759,21730,22665,20448,14918,7664,2388,395,145133,31784,53
Ethiopia,2016,417134,82755,115818,33063,24791,13756,17826,41252,30114,28448,33233,40962,44506,23470,2905,22060,19192,15789,14325,13927,14521,16535,16698,19020,21942,23424,21082,15463,8007,2500,405,140609,31582,52
Ethiopia,2017,413935,80688,111775,31087,23575,13296,17575,40990,30288,28381,33757,41142,45739,24338,3029,21862,19128,15988,14300,13921,14460,16661,17096,19129,22013,24077,21662,15989,8349,2617,412,135350,30871,50
Ethiopia,2018,418813,79283,108953,29670,23254,13329,17811,41851,31340,29065,34916,42113,47468,25478,3188,22294,19557,16714,14626,14343,14722,17122,17794,19621,22492,24924,22544,16699,8779,2760,428,132207,31140,48
Ethiopia,2019,421190,78712,107072,28360,22596,13107,17761,41932,31851,29393,35644,43049,48859,26538,3347,22291,19641,17128,14723,14607,14786,17411,18233,20113,22936,25470,23389,17350,9188,2905,442,129668,30868,46
Ethiopia,2020,445114,77735,105159,27424,22605,13104,17395,41600,32520,31321,40130,50720,55885,30824,3800,22101,19499,17393,15127,15513,15808,19224,20906,23758,26962,29311,26574,19907,10917,3319,481,127764,30499,45
Ethiopia,2021,472660,76847,103444,26597,21886,12792,18348,44893,35593,34376,44367,56737,62242,33917,4025,23716,21177,19027,16566,16958,17418,21205,23162,26666,30071,32300,29942,22059,11858,3525,500,125330,31140,43
Europe (UN),1950,3294245,483383,584185,100802,28330,28023,45209,135555,134734,252943,387266,589028,698659,361317,48306,73440,62115,52013,82721,110604,142339,174796,212470,269067,319961,359124,339535,237226,124091,39913,8393,612515,73232,689
Europe (UN),1951,3355026,453309,564861,111552,27372,26896,43593,135840,130811,256027,400800,605256,734221,381487,47075,71954,63886,52878,77933,111102,144925,182584,218216,275079,330177,371503,362718,251185,130302,40029,7046,592233,70489,787
Europe (UN),1952,3178168,418956,522610,103654,25329,23520,41082,126464,117923,240483,388770,576932,701736,368637,43931,64699,61765,50549,67374,102910,137573,177598,211172,261845,315087,352797,348939,244150,124487,37764,6167,547939,64602,751
Europe (UN),1953,3154455,394440,492908,98468,25258,21351,40820,121310,110105,234569,391540,577615,711464,382883,43936,58627,62683,51306,58799,99331,135238,178661,212879,260750,316865,356070,355394,256183,126700,37881,6055,518166,62171,695
Europe (UN),1954,3072822,376419,465658,89239,24818,17439,38377,113775,104455,226024,391463,568017,696978,381637,43554,52393,61382,52127,52328,94328,131696,178424,213039,256161,311856,349190,347788,256492,125145,37582,5972,490476,55816,624
Europe (UN),1955,3029651,359833,443661,83828,26425,15900,37395,110293,101924,216626,391927,560137,693932,387155,43696,49680,60613,53005,48919,87855,128771,176262,215665,254210,305927,346677,347255,259226,127929,37638,6058,470086,53295,579
Europe (UN),1956,2989071,320518,394498,73980,25797,14301,34349,102470,99658,203398,393179,561485,705646,407484,46214,46263,56207,52129,47529,79860,123538,173093,220086,255231,306254,350699,354947,273293,134191,39777,6437,420295,48650,592
Europe (UN),1957,3032172,322979,397240,74261,27544,14984,34268,105125,107765,199249,408232,580783,706688,404277,45431,48554,56571,56464,51301,74533,124716,177156,231076,266088,314695,355918,350770,270725,133552,39104,6327,424784,49252,586
Europe (UN),1958,2864563,295326,361391,66065,25595,13745,29728,96222,106716,178007,387650,546980,672332,400698,44894,46122,50100,55935,50781,63726,114281,166388,221262,254064,292916,336154,336178,266662,134036,38529,6365,386986,43473,604
Europe (UN),1959,2949655,290142,355192,65050,24980,15792,29546,98222,115515,175364,401073,571782,694223,416186,50837,47803,50419,60065,55450,60060,115304,170051,231022,269435,302347,348433,345790,273403,142783,42312,8525,380172,45338,942
Europe (UN),1960,2939064,266950,325029,58079,23389,16048,26215,93842,116552,167683,399757,584422,698691,432337,54051,46588,47254,59921,56631,57270,110413,168596,231161,277986,306436,347743,350948,282278,150059,45384,8667,348418,42263,1048
Europe (UN),1961,2922392,255400,312932,57532,23196,17019,25307,94126,121764,163852,399801,594415,688125,426672,54048,47233,46893,61722,60042,59433,104419,167385,232416,285031,309384,341469,346656,275176,151496,45406,8642,336128,42326,1134
Europe (UN),1962,3056482,245740,301043,55303,23152,17611,25456,94181,127958,164667,415440,634906,727582,462677,60526,46281,47900,62339,65619,65067,99600,171332,244108,304124,330782,359885,367697,295907,166770,51105,9421,324195,43067,1282
Europe (UN),1963,3062935,231310,283863,52553,22653,17594,26902,91770,129249,161558,415631,653509,731707,465082,62127,42987,48783,59657,69592,70022,91536,170103,245528,314326,339183,361145,370562,296871,168211,52817,9310,306516,44496,1288
Europe (UN),1964,2974042,214814,262708,47894,21556,17357,28552,89259,126841,157617,404509,654045,707928,442296,60129,39227,50032,55466,71375,73914,83703,164596,239913,315565,338480,352225,355703,283559,158737,51006,9123,284264,45909,1245
Europe (UN),1965,3077783,200767,246771,46004,21632,17262,31048,87418,131885,163324,410542,690130,740043,469372,66996,35871,51547,55206,76679,79857,83467,164640,245902,327225,362905,369954,370089,299247,170125,56683,10313,268403,48310,1358
Europe (UN),1966,3087186,192074,235178,43104,21310,17267,34016,86690,132854,170813,401686,705001,742847,469184,68991,34608,52082,54585,78269,83548,87265,156063,245623,330566,374435,374985,367862,299855,169329,58170,10821,256488,51283,1348
Europe (UN),1967,3155015,190542,231416,40874,21329,17546,35445,87361,135670,186653,395404,730128,761716,478545,72384,35883,51478,56576,79094,90995,95658,146860,248544,338094,392034,389530,372186,305205,173340,60853,11531,252745,52991,1418
Europe (UN),1968,3267680,185165,224672,39507,21064,17618,36998,86735,137238,203191,388708,762702,800401,509795,77102,38862,47873,59128,78110,98653,104538,137626,251082,348612,414090,412018,388383,324196,185599,64644,12458,245736,54616,1455
Europe (UN),1969,3394742,181868,220898,39030,20906,17912,39064,89029,142618,225312,391779,813534,844181,509768,78198,43729,45300,64774,77844,108165,117147,133362,258417,366980,446554,443938,400243,323669,186099,65377,12821,241804,56976,1542
Europe (UN),1970,3355297,175662,213061,37399,20256,17752,38838,90191,141592,233085,375283,797196,839961,507594,78870,48651,41540,66542,75050,111852,121233,128082,247201,358125,439071,443211,396750,320727,186867,65789,13081,233317,56590,1618
Europe (UN),1971,3396074,171030,207596,36566,19472,17603,38983,92575,140661,244655,369325,799786,864899,517210,81624,52921,39654,66215,74446,115456,129199,135008,234317,357268,442518,458891,406008,325594,191616,68016,13608,227068,56586,1684
Europe (UN),1972,3399518,162934,197844,34910,18636,17085,38728,95149,140372,250355,362281,798311,879973,515492,83576,54680,40469,64363,76009,114185,136170,145932,216349,352864,445447,469047,410926,323196,192296,69434,14142,216480,55813,1715
Europe (UN),1973,3446634,158891,193453,34562,17846,16610,38609,98956,137207,256011,357007,800644,911111,529927,87474,55472,43484,58911,78296,111092,144919,157280,199727,351187,449457,486431,424680,330654,199273,72707,14767,211299,55219,1779
Europe (UN),1974,3454214,156455,189958,33503,16725,15893,37723,101793,135439,259045,354749,797250,929466,525838,88521,54642,47151,53129,82310,106721,152324,169541,185208,347170,450080,498655,430811,327789,198049,73593,14928,206683,53616,1813
Europe (UN),1975,3560190,153335,187022,33687,16640,15766,38292,110275,136294,269684,366162,807203,975139,543871,91929,56403,53872,49573,86721,106673,163011,181632,184530,345785,461418,516400,458739,340634,203237,76277,15652,203662,54058,1912
Europe (UN),1976,3595913,149184,182194,33010,16085,14954,38387,114958,135387,273457,385996,790910,998888,548457,94203,56189,58769,47625,87762,105933,167524,191358,194638,328209,462701,524974,473914,344002,204455,77813,16390,198279,53341,2036
Europe (UN),1977,3590866,144868,177838,32970,16121,14554,38368,118239,134447,276868,411404,758932,1006898,542272,92933,56640,61599,49267,85180,108731,168137,201898,209506,301079,457853,525096,481802,342981,199291,76586,16347,193959,52922,1992
Europe (UN),1978,3664829,140408,173350,32942,15888,14229,38126,121229,133555,279756,444087,740071,1044531,561712,96268,57110,64119,54031,79524,113912,165844,215189,228898,280072,459999,537884,506647,359029,202683,79283,16985,189238,52355,2027
Europe (UN),1979,3704937,136592,169043,32451,15689,14006,37906,124552,134359,281760,475995,718270,1061947,571917,97393,58120,66432,61103,73256,121180,160580,228499,247496,261877,456393,540343,521604,367412,204505,79960,17433,184732,51912,2099
Europe (UN),1980,3775371,132339,164559,32220,15950,13576,36985,125332,136547,283796,501363,708757,1088210,598624,99455,58234,67098,68973,67574,126175,157621,240130,261233,258923,449834,550499,537711,388016,210608,81501,17954,180509,50561,2216
Europe (UN),1981,3754292,125349,156217,30868,15124,13300,35475,122479,136535,277638,509706,686690,1087528,612253,99093,56934,65545,73716,62819,124029,153609,240772,268934,267593,419097,546428,541100,398508,213745,81171,17922,171341,48775,2254
Europe (UN),1982,3728390,120433,149698,29265,14725,12686,33397,119666,139269,271201,514892,667064,1082506,622842,98199,55359,64307,75433,63836,118129,153072,236267,278625,284494,382570,539361,543145,408142,214700,80353,17846,164423,46083,2245
Europe (UN),1983,3814865,115608,144474,28866,14592,12696,32345,120721,149600,271514,530132,667727,1106776,658000,103908,55193,65528,79640,69960,110718,160796,232893,297239,312498,355229,546135,560641,431192,226808,84929,18979,159066,45041,2379
Europe (UN),1984,3826226,112328,140716,28388,14331,12474,30812,119878,161525,273109,539313,663511,1098233,666691,103217,54017,65861,82175,79350,102317,170792,226089,313224,334755,328756,538268,559965,437934,228757,84263,18954,155047,43286,2415
Europe (UN),1985,3845245,104385,131099,26714,13563,12272,29397,114109,166967,263807,535940,669352,1098414,700010,107846,50665,63444,79807,87160,92405,171402,216684,319256,346674,322678,525835,572579,455563,244447,88101,19745,144662,41669,2469
Europe (UN),1986,3686848,96053,119486,23433,12219,11207,27487,103734,160496,242234,507227,669510,1030746,694298,105797,45542,58192,73094,87402,82896,159338,201503,305724,343800,325710,477894,552852,448705,245593,86643,19154,131705,38694,2405
Europe (UN),1987,3679681,94527,117402,22875,11770,10967,27350,102633,164880,238951,507739,703088,982849,702544,107037,44468,58165,73569,91311,84520,154431,203436,304303,355514,347574,435608,547241,451321,251223,87724,19313,129172,38317,2470
Europe (UN),1988,3708819,88286,110904,22618,11753,10866,27110,102172,171172,236529,505920,748456,945206,724701,111436,43953,58219,75146,96026,91226,145303,209309,296611,373536,374920,398355,546851,461427,263274,91462,19974,122657,37976,2594
Europe (UN),1989,3758988,80953,102847,21894,11429,10895,27655,103126,176510,239009,509720,792498,916798,748354,117415,44080,59046,77008,99502,103074,135935,220914,288806,389940,402558,370566,546232,470931,277423,96633,20782,114276,38550,2731
Europe (UN),1990,3846694,74236,95366,21130,11267,10946,28236,104486,183198,247905,516721,831257,914025,775553,124853,44860,59626,79547,103651,118964,128941,230940,285781,409057,422200,372503,541522,485940,289613,103230,21623,106633,39182,2881
Europe (UN),1991,3919078,67975,87604,19629,11213,10962,28529,105589,188966,259094,522758,863990,909785,795548,132122,45666,59923,82279,106687,132823,126271,235983,286775,423135,440855,393349,516436,495803,299745,109608,22514,98817,39491,2917
Europe (UN),1992,4034036,63235,82616,19381,11666,11308,30522,114747,204107,281496,538727,902009,908875,807243,137780,50776,63971,89568,114539,147031,134465,239282,299445,433844,468165,428182,480693,500686,306557,114552,23228,94282,41830,2938
Europe (UN),1993,4294588,59704,78718,19014,12468,12091,31935,116967,220668,320012,571547,972216,944954,859865,150090,52030,64937,95348,125320,166473,153539,240506,331041,450528,521688,482236,462718,528912,330953,125050,25040,91186,44026,3056
Europe (UN),1994,4361948,56245,73158,16913,11878,12028,31571,113679,224245,351493,581279,993580,948543,863437,154085,50992,62687,95455,128790,175313,176180,225362,355917,441115,552465,516077,432466,528834,334603,128531,25554,85036,43599,2971
Europe (UN),1995,4393589,51218,66294,15076,11122,11660,32126,116453,221820,372024,567023,993577,968885,867731,161990,53050,63403,93273,128547,174398,197626,204692,362331,425087,568490,537163,431722,521355,346376,134962,27028,77416,43786,2883
Europe (UN),1996,4269730,47275,60505,13230,9530,10739,29056,105952,200950,365237,533530,960405,988295,836334,166283,48312,57640,82133,118817,162252,202985,187543,345987,404276,556129,544916,443379,486234,350100,138113,28170,70035,39795,2914
Europe (UN),1997,4154842,43256,55275,12019,8429,9928,27030,97284,181164,355339,506310,929750,1018198,791827,171285,44593,52691,71853,109311,153183,202156,184862,321448,395006,534744,551985,466213,440821,351006,141930,29355,63704,36958,3022
Europe (UN),1998,4124531,40349,51280,10931,7255,9401,25900,94911,170346,353563,486762,910392,1070484,762937,178204,43732,51179,66728,103618,149029,204534,194270,292492,399841,510551,570150,500334,405158,357779,147460,30744,58535,35301,3094
Europe (UN),1999,4252061,38059,48878,10819,6902,9496,27514,102986,174994,370305,497487,929292,1139499,754044,187380,47569,55417,68557,106437,155011,215294,221240,276247,427289,502003,600949,538550,387960,366084,154705,32675,55780,37010,3284
Europe (UN),2000,4281434,36513,46545,10032,6170,8862,26643,102572,170628,372729,504075,927588,1173519,745406,193241,46906,55666,67581,103047,155393,217336,249429,254646,439448,488140,619378,554141,387280,358126,159331,33910,52715,35505,3456
Europe (UN),2001,4273434,34967,44385,9418,5588,8276,25483,98741,163293,368333,509638,911089,1188854,745807,200231,44718,54023,65969,97324,153146,215187,268477,241161,435143,475946,621297,567557,406288,339519,164402,35829,49973,33759,3715
Europe (UN),2002,4354751,33582,42455,8873,5354,7629,25013,99577,160461,370040,531524,911896,1220978,764743,211074,44710,54867,66547,93914,153568,216472,283410,248114,425390,486506,624236,596742,443692,321051,172696,38378,47809,32642,4006
Europe (UN),2003,4412588,31940,40184,8244,4973,6947,23639,97306,155939,365821,562110,899233,1237566,790000,224484,43255,54051,65918,90021,149644,216177,293815,268295,395522,503711,608163,629403,485787,304213,183067,41417,45157,30586,4385
Europe (UN),2004,4308978,30986,38637,7651,4500,5931,22014,93645,149308,351354,579896,864792,1200088,776420,217939,41110,52535,64176,85132,141647,209707,290780,289116,353615,511177,569062,631026,497941,278479,176701,41238,43137,27945,4454
Europe (UN),2005,4360822,29421,36823,7402,4323,5402,20864,91150,146986,341925,612825,845605,1207459,817159,225446,39489,51661,64245,82741,134581,207344,288548,324277,324716,520889,554233,653226,524357,292802,180787,44659,41146,26266,4854
Europe (UN),2006,4206754,28215,34902,6687,3960,4762,18566,83264,137865,315527,606075,792525,1158336,830864,215034,35745,47519,60370,77495,120952,194575,271998,334077,298465,494060,523468,634868,524349,306515,169189,45845,38862,23328,5074
Europe (UN),2007,4174045,27707,34087,6380,3515,4278,16823,79209,132491,297090,598119,768227,1145310,880115,209320,33801,45408,58227,74264,112003,185087,261485,336634,300724,467503,521556,623754,542643,337472,160537,48783,37602,21101,5460
Europe (UN),2008,4163723,27087,33261,6174,3322,3912,15156,76013,130003,283864,597313,746305,1132439,930289,205890,32028,43985,57359,72644,105776,178088,256673,340640,317284,429021,529674,602765,563787,366502,153784,52106,36583,19068,5954
Europe (UN),2009,4098823,26076,31995,5919,3048,3658,13235,70361,124402,263898,577657,726408,1108229,966002,203591,29348,41013,54418,69984,98724,165174,245275,332382,338569,387839,534967,573262,575558,390444,149837,53754,35043,16893,6338
Europe (UN),2010,4097544,24767,30513,5746,2862,3361,11501,66537,121818,251206,566112,727690,1098191,995665,215264,27596,38941,53150,68668,95172,156034,239737,326375,369970,357720,539809,558382,591446,404219,161143,54121,33375,14862,6824
Europe (UN),2011,4010425,23753,29194,5441,2744,3081,10261,61059,115370,232217,540640,717041,1062915,1000747,227982,25012,36047,49961,65409,89772,142445,228763,311877,382190,334851,520568,542347,587621,413126,176310,51672,31938,13342,7173
Europe (UN),2012,4043290,24196,29544,5348,2590,2942,9241,56286,111179,221519,524919,733215,1053288,1037850,252853,22118,34168,47694,63485,87379,134140,220717,304202,390481,342734,502816,550472,596997,440853,202162,50691,32134,12183,7864
Europe (UN),2013,4016819,22957,28329,5372,2547,2625,8398,51691,107315,211183,509084,754481,1027102,1039412,266354,19466,32225,45573,61742,84462,126721,210928,298156,393470,361011,467983,559119,582939,456473,217995,48359,30876,11023,8297
Europe (UN),2014,3998765,21813,27060,5247,2506,2535,8001,48953,105649,204690,494591,778269,1004523,1034022,279219,18002,30951,44701,60948,83360,121330,202637,291954,391216,387053,434738,569785,564921,469101,229786,49433,29566,10536,8746
Europe (UN),2015,4085553,20439,25520,5081,2396,2411,7622,45145,101688,199662,479904,812235,1002687,1082517,314525,16180,28965,42368,59320,81691,117971,192394,287510,387776,424459,414765,587922,576795,505722,256533,57992,27916,10033,9240
Europe (UN),2016,4020972,19414,24116,4702,2340,2287,6992,40806,97212,193582,460143,821563,968316,1069327,325392,14418,26388,40194,57018,79945,113637,180135,280008,376862,444701,394580,573736,563524,505803,260410,64982,26456,9279,8894
Europe (UN),2017,4033873,17556,21979,4423,2291,2245,6743,37241,93216,187708,439692,816775,962103,1100212,354765,13329,23912,38372,54844,77332,110376,169994,269698,368175,448600,404229,557874,579052,521160,279924,74841,24270,8988,8903
Europe (UN),2018,4069248,15993,20172,4179,2295,2270,6631,35035,92256,188457,433535,834263,967462,1110239,367873,12914,22121,37546,54710,78308,110149,166044,267491,371619,462644,431680,535782,597248,512991,287660,80213,22467,8901,8759
Europe (UN),2019,4026738,14959,18709,3750,2208,2205,6222,32379,88562,184324,415867,824516,961573,1106837,374425,12341,20038,35680,52882,76015,108309,159389,256478,365222,459294,458536,503037,607729,499108,290989,83436,20917,8427,8911
Europe (UN),2020,4616139,14083,17166,3083,2102,2487,8154,39553,114137,211927,454101,909978,1110743,1297038,437825,15196,24357,46365,67772,90691,121236,177495,276606,400645,509333,560123,550620,713372,583666,341290,96535,19268,10641,10926
Europe (UN),2021,4891739,13707,16644,2937,2236,2766,8327,38906,125028,239342,488545,1000119,1188359,1320846,447768,15328,23578,48554,76474,102676,136666,193735,294810,449610,550509,627564,560795,730775,590071,347719,100049,18880,11093,12851
Falkland Islands,1950,22,3,6,3,0,0,0,0,0,0,0,0,2,1,1,0,0,0,0,0,0,0,0,0,0,2,0,1,0,1,0,6,0,0
Falkland Islands,1951,21,3,5,2,0,0,0,0,0,0,0,0,2,0,0,0,0,0,0,0,0,0,0,0,0,2,0,0,0,0,0,5,0,0
Falkland Islands,1952,22,3,4,1,0,0,0,0,0,0,0,0,0,0,0,0,0,0,0,0,0,0,0,0,0,0,0,0,0,0,0,4,0,0
Falkland Islands,1953,23,3,4,1,0,0,0,0,0,0,0,0,0,0,0,0,0,0,0,0,0,0,0,0,0,0,0,0,0,0,0,4,0,0
Falkland Islands,1954,23,3,4,1,0,0,0,0,0,0,0,0,0,0,0,0,0,0,0,0,0,0,0,0,0,0,0,0,0,0,0,4,0,0
Falkland Islands,1955,23,3,4,1,0,0,0,0,0,0,0,0,0,0,0,0,0,0,0,0,0,0,0,0,0,0,0,0,0,0,0,4,0,0
Falkland Islands,1956,23,3,4,1,0,0,0,0,0,0,0,0,0,0,0,0,0,0,0,0,0,0,0,0,0,0,0,0,0,0,0,4,0,0
Falkland Islands,1957,22,3,4,1,0,0,0,0,0,0,0,0,0,0,0,0,0,0,0,0,0,0,0,0,0,0,0,0,0,0,0,4,0,0
Falkland Islands,1958,22,3,4,1,0,0,0,0,0,0,0,0,0,0,0,0,0,0,0,0,0,0,0,0,0,0,0,0,0,0,0,4,0,0
Falkland Islands,1959,22,3,4,1,0,0,0,0,0,0,0,0,0,0,0,0,0,0,0,0,0,0,0,0,0,0,0,0,0,0,0,4,0,0
Falkland Islands,1960,22,3,4,1,0,0,0,0,0,0,0,0,0,0,0,0,0,0,0,0,0,0,0,0,0,0,0,0,0,0,0,4,0,0
Falkland Islands,1961,22,3,4,1,0,0,0,0,0,0,0,0,0,0,0,0,0,0,0,0,0,0,0,0,0,0,0,0,0,0,0,4,0,0
Falkland Islands,1962,22,3,4,1,0,0,0,0,0,0,0,0,0,0,0,0,0,0,0,0,0,0,0,0,0,0,0,0,0,0,0,4,0,0
Falkland Islands,1963,22,3,4,1,0,0,0,0,0,0,0,0,0,0,0,0,0,0,0,0,0,0,0,0,0,0,0,0,0,0,0,4,0,0
Falkland Islands,1964,22,3,3,0,0,0,0,0,0,0,0,0,0,0,0,0,0,0,0,0,0,0,0,0,0,0,0,0,0,0,0,3,0,0
Falkland Islands,1965,22,3,3,0,0,0,0,0,0,0,0,0,0,0,0,0,0,0,0,0,0,0,0,0,0,0,0,0,0,0,0,3,0,0
Falkland Islands,1966,22,3,3,0,0,0,0,0,0,0,0,0,0,0,0,0,0,0,0,0,0,0,0,0,0,0,0,0,0,0,0,3,0,0
Falkland Islands,1967,21,2,2,0,0,0,0,0,0,0,0,0,0,0,0,0,0,0,0,0,0,0,0,0,0,0,0,0,0,0,0,2,0,0
Falkland Islands,1968,22,3,3,0,0,0,0,0,0,0,0,0,0,0,0,0,0,0,0,0,0,0,0,0,0,0,0,0,0,0,0,3,0,0
Falkland Islands,1969,22,3,3,0,0,0,0,0,0,0,0,0,0,0,0,0,0,0,0,0,0,0,0,0,0,0,0,0,0,0,0,3,0,0
Falkland Islands,1970,22,2,2,0,0,0,0,0,0,0,0,0,0,0,0,0,0,0,0,0,0,0,0,0,0,0,0,0,0,0,0,2,0,0
Falkland Islands,1971,21,2,2,0,0,0,0,0,0,0,0,1,0,0,0,0,0,0,0,0,0,0,0,0,1,0,0,0,0,0,0,2,0,0
Falkland Islands,1972,22,2,2,0,0,0,0,0,0,0,0,4,1,0,0,0,0,0,0,0,0,0,0,0,4,1,0,0,0,0,0,2,0,0
Falkland Islands,1973,22,2,2,0,0,0,0,0,0,0,0,5,2,0,0,0,0,0,0,0,0,0,0,0,5,2,0,0,0,0,0,2,0,0
Falkland Islands,1974,21,2,2,0,0,0,0,0,0,0,0,5,3,0,0,0,0,0,0,0,0,0,0,0,5,3,0,0,0,0,0,2,0,0
Falkland Islands,1975,21,2,2,0,0,0,0,0,0,0,0,4,4,0,0,0,0,0,0,0,0,0,0,0,4,4,0,0,0,0,0,2,0,0
Falkland Islands,1976,22,2,2,0,0,0,0,0,0,0,0,4,5,0,0,0,0,0,0,0,0,0,0,0,4,5,0,0,0,0,0,2,0,0
Falkland Islands,1977,22,2,2,0,0,0,0,0,0,0,0,4,6,0,0,0,0,0,0,0,0,0,0,0,4,5,1,0,0,0,0,2,0,0
Falkland Islands,1978,22,2,2,0,0,0,0,0,0,0,0,4,7,0,0,0,0,0,0,0,0,0,0,0,4,5,2,0,0,0,0,2,0,0
Falkland Islands,1979,22,2,2,0,0,0,0,0,0,0,0,3,8,0,0,0,0,0,0,0,0,0,0,0,3,5,3,0,0,0,0,2,0,0
Falkland Islands,1980,23,2,2,0,0,0,0,0,0,0,0,3,9,0,0,0,0,0,0,0,0,0,0,0,3,5,4,0,0,0,0,2,0,0
Falkland Islands,1981,23,2,2,0,0,0,0,0,0,0,0,2,9,0,0,0,0,0,0,0,0,0,0,0,2,5,4,0,0,0,0,2,0,0
Falkland Islands,1982,24,2,2,0,0,0,0,0,0,0,0,1,10,0,0,0,0,0,0,0,0,0,0,0,1,5,5,0,0,0,0,2,0,0
Falkland Islands,1983,24,2,2,0,0,0,0,0,0,0,0,1,10,0,0,0,0,0,0,0,0,0,0,0,1,5,5,0,0,0,0,2,0,0
Falkland Islands,1984,24,2,2,0,0,0,0,0,0,0,0,0,10,0,0,0,0,0,0,0,0,0,0,0,0,5,5,0,0,0,0,2,0,0
Falkland Islands,1985,25,2,2,0,0,0,0,0,0,0,0,0,10,1,0,0,0,0,0,0,0,0,0,0,0,5,5,1,0,0,0,2,0,0
Falkland Islands,1986,24,2,2,0,0,0,0,0,0,0,0,0,9,1,0,0,0,0,0,0,0,0,0,0,0,4,5,1,0,0,0,2,0,0
Falkland Islands,1987,24,2,2,0,0,0,0,0,0,0,0,5,9,1,0,0,0,0,0,0,0,0,0,3,2,4,5,1,0,0,0,2,0,0
Falkland Islands,1988,24,2,2,0,0,0,0,0,0,0,0,6,8,1,0,0,0,0,0,0,0,0,0,3,3,3,5,1,0,0,0,2,0,0
Falkland Islands,1989,24,2,2,0,0,0,0,0,0,0,0,7,7,1,0,0,0,0,0,0,0,0,0,3,4,2,5,1,0,0,0,2,0,0
Falkland Islands,1990,24,2,2,0,0,0,0,0,0,0,0,7,4,0,0,0,0,0,0,0,0,0,0,2,5,0,4,0,0,0,0,2,0,0
Falkland Islands,1991,23,2,2,0,0,0,0,0,0,0,0,6,3,0,0,0,0,0,0,0,0,0,0,1,5,1,2,0,0,0,0,2,0,0
Falkland Islands,1992,22,2,2,0,0,0,0,0,0,0,0,5,2,0,0,0,0,0,0,0,0,0,0,0,5,2,0,0,0,0,0,2,0,0
Falkland Islands,1993,22,2,2,0,0,0,0,0,0,0,0,4,3,0,0,0,0,0,0,0,0,0,0,0,4,3,0,0,0,0,0,2,0,0
Falkland Islands,1994,21,1,1,0,0,0,0,0,0,0,0,3,4,0,0,0,0,0,0,0,0,0,0,0,3,4,0,0,0,0,0,1,0,0
Falkland Islands,1995,20,1,1,0,0,0,0,0,0,0,0,2,3,0,0,0,0,0,0,0,0,0,0,0,2,3,0,0,0,0,0,1,0,0
Falkland Islands,1996,19,1,1,0,0,0,0,0,0,0,0,1,3,0,0,0,0,0,0,0,0,0,0,0,1,3,0,0,0,0,0,1,0,0
Falkland Islands,1997,18,1,1,0,0,0,0,0,0,0,0,0,4,0,0,0,0,0,0,0,0,0,0,0,0,4,0,0,0,0,0,1,0,0
Falkland Islands,1998,17,1,1,0,0,0,0,0,0,0,0,0,4,0,0,0,0,0,0,0,0,0,0,0,0,4,0,0,0,0,0,1,0,0
Falkland Islands,1999,16,1,1,0,0,0,0,0,0,0,0,0,4,0,0,0,0,0,0,0,0,0,0,0,0,3,1,0,0,0,0,1,0,0
Falkland Islands,2000,15,1,1,0,0,0,0,0,0,0,0,0,4,0,0,0,0,0,0,0,0,0,0,0,0,2,2,0,0,0,0,1,0,0
Falkland Islands,2001,15,0,0,0,0,0,0,0,0,0,0,0,2,0,0,0,0,0,0,0,0,0,0,0,0,0,2,0,0,0,0,0,0,0
Falkland Islands,2002,15,0,0,0,0,0,0,0,0,0,0,0,3,0,0,0,0,0,0,0,0,0,0,0,0,0,3,0,0,0,0,0,0,0
Falkland Islands,2003,14,0,0,0,0,0,0,0,0,0,0,0,3,0,0,0,0,0,0,0,0,0,0,0,0,0,3,0,0,0,0,0,0,0
Falkland Islands,2004,14,0,0,0,0,0,0,0,0,0,0,0,2,0,0,0,0,0,0,0,0,0,0,0,0,0,2,0,0,0,0,0,0,0
Falkland Islands,2005,14,0,0,0,0,0,0,0,0,0,0,0,1,0,0,0,0,0,0,0,0,0,0,0,0,0,1,0,0,0,0,0,0,0
Falkland Islands,2006,13,0,0,0,0,0,0,0,0,0,0,0,0,0,0,0,0,0,0,0,0,0,0,0,0,0,0,0,0,0,0,0,0,0
Falkland Islands,2007,13,0,0,0,0,0,0,0,0,0,0,1,0,0,0,0,0,0,0,0,0,0,0,0,1,0,0,0,0,0,0,0,0,0
Falkland Islands,2008,13,0,0,0,0,0,0,0,0,0,0,0,1,0,0,0,0,0,0,0,0,0,0,0,0,1,0,0,0,0,0,0,0,0
Falkland Islands,2009,13,0,0,0,0,0,0,0,0,0,0,0,1,0,0,0,0,0,0,0,0,0,0,0,0,1,0,0,0,0,0,0,0,0
Falkland Islands,2010,12,0,0,0,0,0,0,0,0,0,0,0,2,0,0,0,0,0,0,0,0,0,0,0,0,2,0,0,0,0,0,0,0,0
Falkland Islands,2011,12,0,0,0,0,0,0,0,0,0,0,0,2,0,0,0,0,0,0,0,0,0,0,0,0,2,0,0,0,0,0,0,0,0
Falkland Islands,2012,12,0,0,0,0,0,0,0,0,0,0,0,3,0,0,0,0,0,0,0,0,0,0,0,0,2,1,0,0,0,0,0,0,0
Falkland Islands,2013,13,0,0,0,0,0,0,0,0,0,0,0,4,0,0,0,0,0,0,0,0,0,0,0,0,2,2,0,0,0,0,0,0,0
Falkland Islands,2014,13,0,0,0,0,0,0,0,0,0,0,0,4,0,0,0,0,0,0,0,0,0,0,0,0,1,3,0,0,0,0,0,0,0
Falkland Islands,2015,13,0,0,0,0,0,0,0,0,0,0,0,6,0,0,0,0,0,0,0,0,0,0,0,0,1,5,0,0,0,0,0,0,0
Falkland Islands,2016,13,0,0,0,0,0,0,0,0,0,0,0,5,1,0,0,0,0,0,0,0,0,0,0,0,0,5,1,0,0,0,0,0,0
Falkland Islands,2017,14,0,0,0,0,0,0,0,0,0,0,0,4,2,0,0,0,0,0,0,0,0,0,0,0,0,4,2,0,0,0,0,0,0
Falkland Islands,2018,14,0,0,0,0,0,0,0,0,0,0,0,3,3,0,0,0,0,0,0,0,0,0,0,0,0,3,3,0,0,0,0,0,0
Falkland Islands,2019,15,0,0,0,0,0,0,0,0,0,0,0,2,4,0,0,0,0,0,0,0,0,0,0,0,0,2,4,0,0,0,0,0,0
Falkland Islands,2020,16,0,0,0,0,0,0,0,0,0,0,0,1,5,0,0,0,0,0,0,0,0,0,0,0,0,1,5,0,0,0,0,0,0
Falkland Islands,2021,16,0,0,0,0,0,0,0,0,0,0,0,0,6,0,0,0,0,0,0,0,0,0,0,0,0,0,5,1,0,0,0,0,0
Faroe Islands,1950,228,30,41,11,5,1,5,10,10,13,20,36,50,30,4,5,5,5,5,5,8,10,10,15,21,25,25,17,13,4,0,46,6,0
Faroe Islands,1951,234,35,46,11,5,1,5,10,10,16,20,35,53,29,5,5,5,5,5,6,10,10,10,15,20,27,26,18,11,5,0,51,6,0
Faroe Islands,1952,213,19,27,8,4,0,4,10,10,16,21,35,54,29,4,5,5,5,5,6,10,10,11,15,20,26,28,19,10,4,0,31,4,0
Faroe Islands,1953,211,22,28,6,3,0,4,10,10,15,22,34,52,30,4,5,5,5,5,5,10,10,12,15,19,25,27,21,9,4,0,31,4,0
Faroe Islands,1954,232,30,41,11,5,4,5,10,10,15,22,34,55,33,4,5,5,5,5,5,10,10,12,15,19,25,30,23,10,4,0,46,9,0
Faroe Islands,1955,199,22,29,7,3,0,3,10,10,10,20,31,48,32,4,5,5,5,5,5,5,10,10,14,17,23,25,23,9,4,0,32,3,0
Faroe Islands,1956,149,10,12,2,0,0,0,0,2,10,15,25,40,32,4,0,0,0,2,5,5,5,10,10,15,20,20,22,10,4,0,12,0,0
Faroe Islands,1957,137,9,11,2,0,0,0,0,0,8,13,23,38,31,3,0,0,0,0,3,5,5,8,10,13,18,20,20,11,3,0,11,0,0
Faroe Islands,1958,139,10,12,2,0,0,0,0,0,9,13,24,38,32,3,0,0,0,0,4,5,5,8,10,14,18,20,20,12,3,0,12,0,0
Faroe Islands,1959,146,13,16,3,0,0,0,0,0,8,13,25,38,34,3,0,0,0,0,3,5,5,8,10,15,18,20,20,14,3,0,16,0,0
Faroe Islands,1960,147,13,16,3,0,0,0,0,0,8,13,25,37,34,3,0,0,0,0,3,5,5,8,10,15,17,20,20,14,3,0,16,0,0
Faroe Islands,1961,144,11,13,2,0,0,0,0,0,7,13,25,37,33,4,0,0,0,0,2,5,5,8,10,15,17,20,20,13,4,0,13,0,0
Faroe Islands,1962,143,9,11,2,0,0,0,0,0,7,14,25,38,33,5,0,0,0,0,2,5,5,9,10,15,18,20,20,13,5,0,11,0,0
Faroe Islands,1963,146,9,11,2,0,0,0,0,0,7,14,26,39,34,5,0,0,0,0,2,5,5,9,11,15,19,20,20,14,5,0,11,0,0
Faroe Islands,1964,153,11,13,2,0,0,0,0,0,7,15,26,42,34,5,0,0,0,0,2,5,5,10,11,15,20,22,20,14,5,0,13,0,0
Faroe Islands,1965,157,12,15,3,0,0,0,0,0,7,15,27,45,33,6,0,0,0,0,2,5,5,10,11,16,20,25,20,13,6,0,15,0,0
Faroe Islands,1966,153,10,12,2,0,0,0,0,0,6,15,26,45,34,6,0,0,0,0,1,5,5,10,11,15,20,25,21,13,6,0,12,0,0
Faroe Islands,1967,152,9,11,2,0,0,0,0,0,6,15,27,45,35,6,0,0,0,0,1,5,5,10,12,15,20,25,22,13,6,0,11,0,0
Faroe Islands,1968,153,9,11,2,0,0,0,0,0,6,15,27,44,35,6,0,0,0,0,1,5,5,10,12,15,20,24,22,13,6,0,11,0,0
Faroe Islands,1969,151,8,9,1,0,0,0,0,0,6,15,28,43,35,6,0,0,0,0,1,5,5,10,13,15,20,23,22,13,6,0,9,0,0
Faroe Islands,1970,151,8,9,1,0,0,0,0,0,5,15,29,42,36,6,0,0,0,0,0,5,5,10,13,16,20,22,22,14,6,0,9,0,0
Faroe Islands,1971,150,7,7,0,0,0,0,0,0,5,15,30,41,36,6,0,0,0,0,0,5,5,10,14,16,20,21,22,14,6,0,7,0,0
Faroe Islands,1972,153,6,6,0,0,0,0,0,0,5,16,31,42,36,6,0,0,0,0,0,5,6,10,14,17,20,22,22,14,6,0,6,0,0
Faroe Islands,1973,155,5,5,0,0,0,0,0,0,6,16,32,42,37,6,0,0,0,0,1,5,6,10,14,18,20,22,21,16,6,0,5,0,0
Faroe Islands,1974,164,6,6,0,0,0,0,0,0,7,16,35,47,39,6,0,0,0,0,2,5,6,10,15,20,22,25,23,16,6,0,6,0,0
Faroe Islands,1975,163,5,5,0,0,0,0,0,0,7,16,35,46,37,6,0,0,0,0,2,5,6,10,15,20,21,25,21,16,6,0,5,0,0
Faroe Islands,1976,157,4,4,0,0,0,0,0,0,6,16,35,44,35,6,0,0,0,0,1,5,6,10,15,20,20,24,20,15,6,0,4,0,0
Faroe Islands,1977,162,5,5,0,0,0,0,0,0,6,15,35,45,37,7,0,0,0,0,1,5,5,10,15,20,20,25,21,16,7,0,5,0,0
Faroe Islands,1978,164,5,5,0,0,0,0,0,0,6,15,35,44,37,7,0,0,0,0,1,5,5,10,15,20,20,24,21,16,7,0,5,0,0
Faroe Islands,1979,168,5,5,0,0,0,0,0,0,5,15,36,50,39,8,0,0,0,0,0,5,5,10,15,21,25,25,22,17,7,1,5,0,0
Faroe Islands,1980,159,3,3,0,0,0,0,0,0,6,14,34,46,37,8,0,0,0,0,1,5,5,9,15,19,23,23,22,15,7,1,3,0,0
Faroe Islands,1981,170,4,4,0,0,0,0,0,0,6,15,38,50,40,8,0,0,0,0,1,5,5,10,16,22,25,25,23,17,7,1,4,0,0
Faroe Islands,1982,188,5,5,0,0,0,0,0,0,7,15,39,56,43,11,0,0,0,0,2,5,5,10,17,22,29,27,25,18,9,2,5,0,0
Faroe Islands,1983,197,5,5,0,0,0,0,0,1,10,16,41,60,45,11,0,0,0,1,5,5,6,10,17,24,30,30,26,19,8,3,5,0,0
Faroe Islands,1984,200,4,4,0,0,0,0,0,1,10,17,41,62,45,11,0,0,0,1,5,5,7,10,17,24,30,32,26,19,8,3,4,0,0
Faroe Islands,1985,196,3,3,0,0,0,0,0,4,10,17,41,63,43,12,0,0,0,4,5,5,6,11,17,24,31,32,26,17,9,3,3,0,0
Faroe Islands,1986,200,2,2,0,0,0,0,0,4,10,16,41,65,46,12,0,0,0,4,5,5,6,10,16,25,31,34,27,19,10,2,2,0,0
Faroe Islands,1987,220,4,4,0,0,0,0,1,4,10,18,44,69,51,12,1,0,0,4,5,5,7,11,17,27,33,36,29,22,10,2,4,0,1
Faroe Islands,1988,246,10,12,2,0,0,0,3,3,10,19,47,77,59,11,3,0,0,3,5,5,7,12,18,29,36,41,34,25,9,2,12,0,0
Faroe Islands,1989,215,4,4,0,0,0,0,0,2,10,17,41,68,52,12,0,0,0,2,5,5,6,11,17,24,32,36,31,21,10,2,4,0,0
Faroe Islands,1990,228,5,5,0,0,0,0,0,3,10,18,43,73,53,15,0,0,0,3,5,5,7,11,17,26,34,39,32,21,12,3,5,0,0
Faroe Islands,1991,274,6,13,7,0,0,2,6,4,10,19,48,86,64,17,5,1,0,4,5,5,7,12,19,29,41,45,39,25,14,3,13,2,0
Faroe Islands,1992,238,4,4,0,0,0,0,0,7,12,22,44,74,56,15,0,0,2,5,5,7,10,12,19,25,35,39,35,21,12,3,4,0,0
Faroe Islands,1993,276,5,11,6,0,0,0,1,3,10,22,46,89,72,16,1,0,0,3,5,5,10,12,18,28,43,46,44,28,13,3,11,0,0
Faroe Islands,1994,229,4,4,0,0,0,0,0,1,10,21,40,73,58,16,0,0,0,1,5,5,10,11,17,23,34,39,35,23,14,2,4,0,0
Faroe Islands,1995,212,3,3,0,0,0,0,0,0,8,17,35,68,57,16,0,0,0,0,3,5,7,10,14,21,30,38,33,24,12,4,3,0,0
Faroe Islands,1996,213,2,2,0,0,0,0,0,0,7,17,35,68,57,16,0,0,0,0,2,5,7,10,14,21,29,39,33,24,12,4,2,0,0
Faroe Islands,1997,239,3,4,1,0,0,0,0,0,7,17,40,77,69,18,0,0,0,0,2,5,7,10,16,24,32,45,39,30,14,4,4,0,0
Faroe Islands,1998,223,3,3,0,0,0,0,0,0,8,17,37,70,64,18,0,0,0,0,3,5,7,10,14,23,29,41,36,28,14,4,3,0,0
Faroe Islands,1999,226,2,2,0,0,0,0,0,0,9,18,36,69,66,17,0,0,0,0,4,5,8,10,14,22,28,41,38,28,13,4,2,0,0
Faroe Islands,2000,225,2,2,0,0,0,0,0,0,8,20,37,67,67,20,0,0,0,0,3,5,8,12,15,22,29,38,40,27,14,6,2,0,1
Faroe Islands,2001,239,2,2,0,0,0,0,0,0,8,20,37,71,73,20,0,0,0,0,3,5,8,12,15,22,31,40,43,30,15,5,2,0,1
Faroe Islands,2002,220,2,2,0,0,0,0,0,0,8,20,35,64,67,18,0,0,0,0,3,5,8,12,15,20,29,35,39,28,14,4,2,0,1
Faroe Islands,2003,228,2,2,0,0,0,0,0,0,7,19,34,65,75,20,0,0,0,0,2,5,7,12,15,19,29,36,44,31,15,5,2,0,1
Faroe Islands,2004,205,1,1,0,0,0,0,0,0,10,18,33,57,62,18,0,0,0,0,5,5,7,11,15,18,26,31,35,27,14,4,1,0,1
Faroe Islands,2005,281,4,6,2,0,0,0,0,0,8,20,43,81,92,23,0,0,0,0,3,5,7,13,19,24,35,46,50,42,19,4,6,0,1
Faroe Islands,2006,252,3,3,0,0,0,0,0,0,8,20,40,72,83,21,0,0,0,0,3,5,7,13,18,22,32,40,45,38,17,4,3,0,1
Faroe Islands,2007,233,2,2,0,0,0,0,0,0,7,18,38,65,75,20,0,0,0,0,2,5,6,12,17,21,28,37,39,36,16,4,2,0,1
Faroe Islands,2008,233,3,3,0,0,0,0,0,0,7,16,37,65,76,22,0,0,0,0,2,5,5,11,17,20,28,37,40,36,19,3,3,0,1
Faroe Islands,2009,218,1,1,0,0,0,0,0,0,8,16,36,60,68,24,0,0,0,0,3,5,5,11,16,20,26,34,35,33,21,3,1,0,1
Faroe Islands,2010,271,2,2,0,0,0,0,0,0,7,17,46,77,85,31,0,0,0,0,2,5,6,11,18,28,33,44,45,40,27,4,2,0,1
Faroe Islands,2011,254,2,2,0,0,0,0,0,0,7,17,44,71,79,28,0,0,0,0,2,5,6,11,18,26,31,40,44,35,23,5,2,0,1
Faroe Islands,2012,235,2,2,0,0,0,0,0,0,6,16,41,64,72,26,0,0,0,0,1,5,6,10,17,24,28,36,40,32,21,5,2,0,1
Faroe Islands,2013,251,3,3,0,0,0,0,0,0,5,16,45,69,81,28,0,0,0,0,0,5,6,10,18,27,31,38,45,36,21,7,3,0,0
Faroe Islands,2014,248,2,2,0,0,0,0,0,0,5,15,42,69,81,28,0,0,0,0,0,5,5,10,17,25,33,36,44,37,20,8,2,0,0
Faroe Islands,2015,253,2,2,0,0,0,0,0,0,4,14,39,71,84,28,0,0,0,0,0,4,5,9,15,24,34,37,45,39,21,7,2,0,1
Faroe Islands,2016,239,1,1,0,0,0,0,0,0,4,14,37,68,80,28,0,0,0,0,0,4,5,9,14,23,32,36,42,38,21,7,1,0,1
Faroe Islands,2017,258,3,3,0,0,0,0,0,0,3,14,40,75,88,27,0,0,0,0,0,3,5,9,15,25,35,40,45,43,20,7,3,0,1
Faroe Islands,2018,279,2,2,0,0,0,0,0,0,4,16,41,84,95,32,0,0,0,0,0,4,6,10,16,25,38,46,48,47,25,7,2,0,1
Faroe Islands,2019,321,3,3,0,0,0,0,0,0,4,15,45,101,109,36,0,0,0,0,0,4,5,10,17,28,44,57,54,55,28,8,3,0,1
Faroe Islands,2020,294,3,3,0,0,0,0,0,0,4,16,40,91,98,37,0,0,0,0,0,4,6,10,16,24,39,52,49,49,29,8,3,0,1
Faroe Islands,2021,310,3,3,0,0,0,0,0,0,4,16,42,95,100,43,0,0,0,0,0,4,6,10,17,25,41,54,53,47,35,8,3,0,1
Fiji,1950,4782,623,858,235,68,38,50,110,115,174,383,866,1529,577,14,59,51,52,63,72,102,150,233,391,475,668,861,456,121,14,0,926,88,0
Fiji,1951,4365,617,845,228,67,38,50,110,115,173,355,782,1265,544,23,59,51,52,63,73,100,142,213,357,425,549,716,416,128,22,1,912,88,0
Fiji,1952,4020,635,858,223,67,40,50,109,113,173,327,707,1043,506,28,59,50,50,63,74,99,134,193,324,383,457,586,379,127,27,1,925,90,0
Fiji,1953,3766,637,849,212,67,39,50,112,116,177,313,654,885,476,30,60,52,50,66,76,101,131,182,299,355,399,486,352,124,28,2,916,89,0
Fiji,1954,3486,638,844,206,67,38,50,111,114,176,294,591,741,431,30,60,51,49,65,76,100,125,169,269,322,348,393,315,116,28,2,911,88,0
Fiji,1955,3162,635,837,202,63,36,47,104,108,168,266,516,612,375,28,55,49,47,61,73,95,116,150,233,283,300,312,268,107,26,2,900,83,0
Fiji,1956,2943,628,826,198,60,35,45,102,104,166,249,463,528,332,29,55,47,46,58,71,95,111,138,209,254,265,263,232,100,27,2,886,80,0
Fiji,1957,2745,620,813,193,60,35,44,98,98,159,234,414,464,297,28,53,45,42,56,69,90,107,127,185,229,238,226,201,96,26,2,873,79,0
Fiji,1958,2600,609,797,188,57,33,41,94,94,157,222,376,419,278,29,50,44,41,53,67,90,104,118,169,207,218,201,181,97,26,3,854,74,0
Fiji,1959,2547,594,775,181,57,35,43,95,95,157,221,359,404,272,33,50,45,42,53,67,90,105,116,162,197,210,194,171,101,30,3,832,78,0
Fiji,1960,2504,574,750,176,56,35,43,95,96,162,226,342,392,269,35,50,45,42,54,67,95,109,117,157,185,204,188,164,105,32,3,806,78,0
Fiji,1961,2476,551,720,169,57,35,44,100,99,169,232,334,384,266,39,53,47,45,54,70,99,113,119,156,178,199,185,160,106,36,3,777,79,0
Fiji,1962,2427,544,703,159,57,37,44,100,99,169,236,322,367,257,39,53,47,45,54,70,99,115,121,151,171,190,177,153,104,36,3,760,81,0
Fiji,1963,2380,529,681,152,57,36,46,100,101,171,239,310,355,247,40,53,47,46,55,70,101,117,122,147,163,184,171,147,100,36,4,738,82,0
Fiji,1964,2333,509,655,146,56,37,47,102,102,171,243,302,341,236,40,55,47,46,56,70,101,120,123,144,158,176,165,140,96,36,4,711,84,0
Fiji,1965,2275,491,630,139,55,38,46,102,102,169,244,295,327,224,37,55,47,46,56,68,101,120,124,142,153,168,159,134,90,33,4,685,84,0
Fiji,1966,2289,475,611,136,54,40,48,103,105,174,257,298,327,230,40,55,48,47,58,71,103,126,131,146,152,166,161,137,93,36,4,665,88,0
Fiji,1967,2322,458,589,131,54,40,50,104,106,174,263,298,331,265,50,55,49,47,59,71,103,129,134,149,149,163,168,154,111,45,5,643,90,0
Fiji,1968,2311,449,575,126,55,41,52,108,110,177,275,305,326,241,44,58,50,49,61,72,105,134,141,154,151,163,163,143,98,40,4,630,93,0
Fiji,1969,2378,445,567,122,55,46,55,117,118,188,294,328,336,234,39,63,54,52,66,77,111,142,152,168,160,169,167,141,93,35,4,622,101,0
Fiji,1970,2365,439,558,119,55,46,57,119,118,193,301,333,330,219,36,65,54,52,66,81,112,144,157,173,160,168,162,134,85,32,4,613,103,0
Fiji,1971,2378,435,554,119,56,47,60,122,122,196,310,342,329,210,32,67,55,54,68,82,114,148,162,178,164,168,161,130,80,28,4,610,107,0
Fiji,1972,2416,427,545,118,56,48,63,128,128,204,320,359,330,208,30,70,58,57,71,86,118,150,170,188,171,169,161,130,78,26,4,601,111,0
Fiji,1973,2567,424,547,123,62,53,70,141,140,221,346,392,350,216,28,77,64,62,78,93,128,162,184,205,187,180,170,137,79,25,3,609,123,0
Fiji,1974,2479,419,532,113,53,49,68,135,134,217,333,387,338,202,25,73,62,59,75,91,126,155,178,203,184,174,164,129,73,23,2,585,117,0
Fiji,1975,2515,429,539,110,52,49,70,142,136,221,339,398,340,205,25,77,65,60,76,93,128,158,181,208,190,176,164,132,73,23,2,591,119,0
Fiji,1976,2566,438,545,107,52,49,70,149,140,228,343,413,347,208,25,82,67,62,78,95,133,160,183,216,197,182,165,134,74,23,2,597,119,0
Fiji,1977,2575,441,546,105,47,47,70,153,141,231,344,421,346,202,23,84,69,62,79,97,134,161,183,219,202,183,163,130,72,21,2,593,117,0
Fiji,1978,2601,441,544,103,45,46,71,156,145,239,350,434,351,196,22,86,70,66,79,100,139,165,185,225,209,190,161,128,68,20,2,589,117,0
Fiji,1979,2588,441,549,108,48,46,70,158,144,238,348,433,350,183,18,87,71,65,79,99,139,165,183,222,211,192,158,121,62,16,2,597,116,0
Fiji,1980,2674,431,533,102,44,46,73,168,153,255,370,459,377,187,18,93,75,69,84,106,149,177,193,233,226,209,168,123,64,16,2,577,119,0
Fiji,1981,2726,419,515,96,44,43,71,174,158,266,383,476,393,186,17,94,80,72,86,111,155,184,199,239,237,219,174,123,63,16,1,559,114,0
Fiji,1982,2782,407,500,93,42,43,72,182,167,274,398,492,411,186,17,97,85,76,91,112,162,192,206,247,245,229,182,123,63,16,1,542,115,0
Fiji,1983,2772,395,485,90,43,42,69,180,167,276,403,490,419,179,17,95,85,76,91,113,163,196,207,244,246,234,185,120,59,16,1,528,111,0
Fiji,1984,2741,383,469,86,42,39,65,180,167,275,403,485,421,176,17,94,86,76,91,113,162,196,207,242,243,235,186,118,58,16,1,511,104,0
Fiji,1985,2703,372,458,86,44,38,62,176,167,270,401,474,422,172,17,91,85,75,92,111,159,194,207,236,238,235,187,116,56,16,1,502,100,0
Fiji,1986,2768,356,438,82,42,37,61,177,176,280,419,491,446,183,17,91,86,81,95,114,166,202,217,245,246,247,199,125,58,16,1,480,98,0
Fiji,1987,2833,342,417,75,41,37,58,176,180,289,432,504,479,201,19,89,87,82,98,118,171,209,223,251,253,262,217,137,64,18,1,458,95,0
Fiji,1988,2826,329,400,71,41,37,57,171,185,293,439,504,479,200,20,84,87,86,99,121,172,212,227,253,251,260,219,137,63,18,2,441,94,0
Fiji,1989,2822,317,386,69,38,38,55,171,188,296,443,505,480,200,22,84,87,87,101,122,174,213,230,257,248,258,222,137,63,20,2,424,93,0
Fiji,1990,2804,303,367,64,36,38,53,163,191,300,445,506,476,203,23,79,84,88,103,126,174,214,231,260,246,254,222,139,64,21,2,403,91,0
Fiji,1991,2804,289,349,60,36,38,53,162,195,303,453,512,474,206,23,78,84,88,107,127,176,217,236,266,246,252,222,142,64,21,2,385,91,0
Fiji,1992,2767,274,331,57,35,37,52,153,195,305,450,507,464,209,23,73,80,86,109,128,177,217,233,265,242,245,219,142,67,21,2,366,89,0
Fiji,1993,2756,260,316,56,35,38,53,147,200,310,450,510,459,212,23,70,77,86,114,130,180,217,233,267,243,241,218,145,67,21,2,351,91,0
Fiji,1994,2738,246,297,51,32,37,53,143,201,317,452,515,452,215,27,68,75,86,115,133,184,218,234,269,246,238,214,146,69,23,4,329,90,0
Fiji,1995,2722,236,285,49,30,35,53,137,199,323,454,516,443,218,28,66,71,85,114,136,187,219,235,270,246,234,209,148,70,24,4,315,88,0
Fiji,1996,2718,228,273,45,29,34,54,134,198,333,456,523,440,220,28,65,69,82,116,141,192,220,236,273,250,234,206,147,73,24,4,302,88,0
Fiji,1997,2739,221,266,45,30,34,54,130,196,341,467,531,438,219,29,65,65,81,115,146,195,226,241,276,255,234,204,146,73,25,4,296,88,0
Fiji,1998,2790,214,258,44,27,33,51,130,194,350,481,550,450,234,30,66,64,78,116,150,200,233,248,285,265,241,209,154,80,26,4,285,84,0
Fiji,1999,2857,212,256,44,27,33,50,131,191,360,498,570,464,244,32,68,63,76,115,155,205,244,254,295,275,251,213,159,85,28,4,283,83,0
Fiji,2000,3037,210,251,41,26,32,51,139,198,386,538,614,499,266,35,73,66,78,120,165,221,264,274,315,299,272,227,171,95,31,4,277,83,0
Fiji,2001,3105,210,250,40,25,30,50,137,195,397,554,635,514,273,37,72,65,76,119,165,232,272,282,326,309,282,232,174,99,32,5,275,80,0
Fiji,2002,3332,212,252,40,25,31,53,146,204,430,603,692,559,295,41,76,70,80,124,176,254,295,308,355,337,309,250,187,108,36,5,277,84,0
Fiji,2003,3286,217,261,44,26,29,50,141,192,422,598,686,554,289,41,72,69,75,117,170,252,291,307,352,334,307,247,183,106,36,5,287,79,0
Fiji,2004,3303,220,264,44,25,29,46,140,182,421,608,694,563,289,42,71,69,72,110,167,254,293,315,356,338,313,250,183,106,37,5,289,75,0
Fiji,2005,3340,222,265,43,22,26,45,136,179,421,625,706,579,294,45,67,69,70,109,164,257,301,324,361,345,321,258,184,110,39,6,287,71,0
Fiji,2006,3363,230,275,45,21,24,41,134,171,412,635,715,591,295,48,65,69,68,103,159,253,309,326,365,350,328,263,185,110,41,7,296,65,0
Fiji,2007,3463,233,278,45,21,24,40,134,173,415,661,744,619,304,49,64,70,71,102,157,258,324,337,381,363,342,277,192,112,42,7,299,64,1
Fiji,2008,3548,234,281,47,21,22,40,130,170,413,684,773,645,318,52,62,68,71,99,154,259,336,348,397,376,356,289,201,117,45,7,302,62,1
Fiji,2009,3562,232,280,48,21,22,40,124,168,405,695,791,655,308,51,59,65,72,96,149,256,342,353,409,382,361,294,197,111,43,8,301,62,1
Fiji,2010,3553,226,273,47,20,20,36,121,165,394,706,800,662,302,51,56,65,72,93,143,251,343,363,416,384,363,299,196,106,42,9,293,56,1
Fiji,2011,3571,221,267,46,19,19,35,117,165,387,722,815,677,301,50,55,62,73,92,139,248,345,377,423,392,371,306,198,103,41,9,286,54,1
Fiji,2012,3591,221,268,47,20,18,33,112,163,378,732,828,687,302,47,52,60,71,92,134,244,343,389,429,399,375,312,201,101,38,9,288,51,1
Fiji,2013,3721,220,265,45,21,17,32,112,169,377,768,875,723,314,46,52,60,72,97,133,244,355,413,453,422,395,328,211,103,37,9,286,49,1
Fiji,2014,3806,222,267,45,21,17,31,108,170,374,788,914,748,322,45,51,57,71,99,133,241,358,430,468,446,408,340,219,103,36,9,288,48,1
Fiji,2015,4068,224,270,46,22,20,31,111,183,388,844,1002,809,345,45,51,60,75,108,138,250,379,465,517,485,441,368,238,107,36,9,292,51,1
Fiji,2016,3930,227,278,51,27,20,29,102,173,361,803,983,781,332,41,47,55,70,103,130,231,357,446,517,466,427,354,230,102,33,8,305,49,1
Fiji,2017,3824,225,273,48,21,18,25,94,162,340,772,977,772,331,40,43,51,65,97,125,215,339,433,517,460,423,349,229,102,32,8,294,43,1
Fiji,2018,3875,227,276,49,23,20,24,90,160,335,767,1010,795,340,38,41,49,63,97,126,209,332,435,536,474,437,358,236,104,31,7,299,44,1
Fiji,2019,3913,229,279,50,21,20,24,86,155,335,756,1038,816,349,38,39,47,60,95,132,203,323,433,551,487,453,363,241,108,31,7,300,44,1
Fiji,2020,3962,230,281,51,21,20,25,82,152,331,746,1070,838,360,38,36,46,58,94,132,199,314,432,562,508,466,372,248,112,31,7,302,45,1
Fiji,2021,4347,230,281,51,23,20,24,77,152,348,791,1213,957,418,43,34,43,57,95,141,207,325,466,621,592,529,428,286,132,36,7,304,44,1
Finland,1950,22499,2381,2906,525,214,163,362,1296,1278,2049,3336,4488,4408,1726,265,692,604,537,741,879,1170,1562,1774,2157,2331,2249,2159,1112,614,237,28,3120,525,1
Finland,1951,20738,1806,2264,458,217,135,214,933,1000,2062,3279,4399,4243,1813,170,471,462,446,554,903,1159,1495,1784,2079,2320,2302,1941,1231,582,156,14,2481,349,1
Finland,1952,19871,1666,2108,442,172,118,211,794,950,1866,3056,4317,4184,1905,186,347,447,407,543,803,1063,1362,1694,2014,2303,2183,2001,1354,551,168,18,2280,329,1
Finland,1953,20367,1768,2182,414,218,132,207,682,878,1858,3195,4370,4478,1979,183,306,376,402,476,754,1104,1400,1795,1978,2392,2330,2148,1435,544,163,20,2400,339,1
Finland,1954,19411,1595,1956,361,209,130,192,636,802,1772,3072,4278,4231,1943,188,286,350,346,456,719,1053,1399,1673,1998,2280,2224,2007,1432,511,165,23,2165,322,1
Finland,1955,20439,1541,1914,373,192,119,199,663,855,1837,3361,4548,4444,2103,206,306,357,403,452,735,1102,1483,1878,2141,2407,2292,2152,1450,653,182,24,2106,318,1
Finland,1956,19907,1277,1576,299,198,122,181,679,887,1857,3336,4409,4413,2063,184,252,427,431,456,743,1114,1520,1816,2073,2336,2447,1966,1465,598,161,23,1774,303,1
Finland,1957,20868,1349,1754,405,200,133,218,654,863,1860,3522,4613,4644,2206,196,291,363,409,454,676,1184,1524,1998,2199,2414,2469,2175,1525,681,168,28,1954,351,1
Finland,1958,19833,1089,1382,293,163,106,168,515,904,1693,3471,4565,4557,2138,172,230,285,412,492,615,1078,1538,1933,2262,2303,2485,2072,1486,652,147,25,1545,274,1
Finland,1959,20106,1177,1433,256,172,134,187,588,919,1610,3505,4687,4516,2172,180,269,319,415,504,590,1020,1553,1952,2282,2405,2426,2090,1441,731,153,27,1605,321,2
Finland,1960,20631,1000,1220,220,140,137,223,537,918,1671,3687,4876,4776,2231,212,242,295,408,510,601,1070,1667,2020,2391,2485,2607,2169,1470,761,182,30,1360,360,2
Finland,1961,20700,959,1157,198,145,120,246,542,840,1696,3803,5023,4664,2238,221,260,282,383,457,650,1046,1676,2127,2493,2530,2498,2166,1522,716,194,27,1302,366,3
Finland,1962,22254,956,1155,199,134,128,229,574,924,1689,4006,5374,5275,2499,260,266,308,377,547,624,1065,1681,2325,2626,2748,2719,2556,1660,839,232,28,1289,357,3
Finland,1963,21899,838,1032,194,138,128,226,527,959,1673,4092,5483,5016,2372,252,250,277,408,551,670,1003,1797,2295,2670,2813,2676,2340,1570,802,228,24,1170,354,2
Finland,1964,22206,812,997,185,142,112,261,568,821,1707,4075,5616,5169,2503,238,268,300,318,503,735,972,1696,2379,2795,2821,2689,2480,1674,829,213,25,1139,373,1
Finland,1965,23252,799,974,175,155,115,232,590,932,1739,4214,5848,5449,2730,273,289,301,339,593,773,966,1729,2485,2850,2998,2953,2496,1818,912,241,32,1129,347,1
Finland,1966,22823,660,801,141,134,121,261,524,837,1772,4064,5907,5522,2592,283,269,255,320,517,761,1011,1563,2501,2844,3063,2920,2602,1741,851,247,36,935,382,1
Finland,1967,23290,652,781,129,143,111,240,560,808,1845,4027,6174,5648,2657,298,277,283,292,516,791,1054,1554,2473,3002,3172,3054,2594,1770,887,260,38,924,351,2
Finland,1968,23813,585,756,171,124,87,234,591,875,1848,4018,6380,5753,2842,299,304,287,331,544,762,1086,1558,2460,3055,3325,3073,2680,1927,915,259,40,880,321,3
Finland,1969,24434,554,694,140,144,81,238,605,887,2001,4069,6747,5859,2792,314,297,308,369,518,873,1128,1538,2531,3212,3535,3189,2670,1865,927,274,40,838,319,4
Finland,1970,23798,496,629,133,126,97,272,632,872,1904,3704,6539,5996,2740,280,354,278,342,530,777,1127,1392,2312,3176,3363,3357,2639,1875,865,246,34,755,369,4
Finland,1971,24614,458,553,95,123,104,253,640,845,2176,3748,6877,6193,2814,284,339,301,344,501,884,1292,1476,2272,3298,3579,3442,2751,1893,921,245,39,676,357,4
Finland,1972,23520,417,525,108,115,91,297,705,840,1970,3500,6535,5893,2760,291,373,332,343,497,844,1126,1426,2074,3076,3459,3304,2589,1855,905,246,45,640,388,3
Finland,1973,23661,352,448,96,114,90,257,766,774,1894,3445,6684,6217,2669,301,397,369,333,441,738,1156,1456,1989,3119,3565,3434,2783,1763,906,253,48,562,347,3
Finland,1974,24277,401,484,83,86,90,257,734,796,1977,3533,6611,6460,2926,321,345,389,341,455,744,1233,1536,1997,2960,3651,3592,2868,1961,965,280,41,570,347,3
Finland,1975,23901,377,470,93,85,80,267,809,794,1807,3297,6634,6449,2867,339,390,419,335,459,696,1111,1534,1763,2923,3711,3499,2950,1906,961,299,40,555,347,4
Finland,1976,24423,394,456,62,68,65,229,784,798,1782,3444,6623,6835,3002,333,350,434,345,453,622,1160,1574,1870,2829,3794,3594,3241,2010,992,298,35,524,294,3
Finland,1977,24124,338,415,77,70,63,185,643,870,1762,3538,6361,6813,3071,331,263,380,417,453,620,1142,1586,1952,2675,3686,3684,3129,2118,953,293,38,485,248,3
Finland,1978,23760,272,345,73,67,66,190,609,818,1608,3462,6041,7057,3137,356,265,344,391,427,601,1007,1556,1906,2505,3536,3830,3227,2162,975,313,43,412,256,4
Finland,1979,23439,259,325,66,55,64,188,625,830,1533,3453,5758,7117,3097,390,267,358,420,410,581,952,1508,1945,2315,3443,3857,3260,2104,993,339,51,380,252,4
Finland,1980,23703,270,330,60,48,47,171,601,868,1347,3368,5702,7269,3521,425,273,328,440,428,559,788,1458,1910,2302,3400,3919,3350,2381,1140,371,54,378,218,3
Finland,1981,23339,242,299,57,55,63,172,528,906,1371,3413,5432,7192,3465,438,221,307,466,440,536,835,1439,1974,2286,3146,3777,3415,2367,1098,380,58,354,235,4
Finland,1982,22842,214,268,54,41,53,145,508,852,1372,3292,5186,7211,3451,457,211,297,406,446,571,801,1422,1870,2259,2927,3825,3386,2324,1127,393,64,309,198,3
Finland,1983,23629,220,280,60,44,29,177,497,879,1289,3182,5211,7602,3916,516,217,280,395,484,541,748,1254,1928,2287,2924,3906,3696,2650,1266,436,80,324,206,4
Finland,1984,23357,235,282,47,45,34,153,515,912,1316,3176,5171,7375,3863,507,239,276,398,514,550,766,1191,1985,2409,2762,3743,3632,2566,1297,430,77,327,187,4
Finland,1985,24855,211,254,43,46,49,157,486,917,1433,3176,5364,7855,4488,620,224,262,369,548,603,830,1243,1933,2605,2759,3850,4005,2869,1619,525,95,300,206,6
Finland,1986,23977,210,246,36,36,41,146,518,959,1519,3104,5193,7377,4250,583,245,273,385,574,673,846,1221,1883,2491,2702,3555,3822,2795,1455,499,84,282,187,6
Finland,1987,24247,211,262,51,37,41,152,506,1028,1491,2947,5365,7286,4550,573,222,284,415,613,697,794,1124,1823,2491,2874,3381,3905,2944,1606,482,91,299,193,7
Finland,1988,24663,214,247,33,40,33,148,538,1040,1705,2957,5250,7301,4741,650,248,290,407,633,844,861,1146,1811,2421,2829,3356,3945,3077,1664,551,99,287,181,9
Finland,1989,24466,213,253,40,38,47,175,543,969,1694,2898,5412,6904,4804,712,251,292,418,551,865,829,1153,1745,2590,2822,3174,3730,3078,1726,601,111,291,222,12
Finland,1990,24988,187,233,46,39,43,160,560,996,1809,2783,5457,6897,5219,780,283,277,399,597,900,909,1159,1624,2472,2985,3119,3778,3310,1909,662,118,272,203,12
Finland,1991,24542,213,249,36,34,33,148,539,1027,1826,2591,5475,6674,5136,797,253,286,408,619,874,952,1084,1507,2443,3032,3080,3594,3221,1915,676,121,283,181,13
Finland,1992,24819,198,224,26,28,30,130,483,933,1841,2543,5354,6916,5463,864,221,262,361,572,852,989,1128,1415,2375,2979,3247,3669,3517,1946,730,134,252,160,13
Finland,1993,24709,159,201,42,36,30,119,454,801,1800,2573,5200,6808,5735,939,171,283,330,471,786,1014,1101,1472,2198,3002,3284,3524,3589,2146,791,148,237,149,13
Finland,1994,23493,168,201,33,21,34,143,435,760,1865,2378,4905,6472,5338,931,194,241,277,483,784,1081,999,1379,2101,2804,3272,3200,3350,1988,777,154,222,177,11
Finland,1995,24205,135,165,30,29,37,141,374,768,1847,2576,4991,6704,5591,970,158,216,312,456,719,1128,1141,1435,2000,2991,3450,3254,3350,2241,800,170,194,178,14
Finland,1996,24240,137,160,23,28,44,103,419,756,1836,2590,4826,6806,5552,1103,182,237,300,456,717,1119,1109,1481,1877,2949,3439,3367,3256,2296,917,186,188,147,17
Finland,1997,23927,127,161,34,42,30,102,390,693,1725,2758,4576,6762,5622,1052,185,205,259,434,686,1039,1292,1466,1790,2786,3446,3316,3145,2477,870,182,203,132,15
Finland,1998,24472,131,160,29,19,28,113,328,684,1714,2846,4675,7039,5673,1178,151,177,274,410,664,1050,1435,1411,1882,2793,3522,3517,3210,2463,978,200,179,141,15
Finland,1999,24409,113,141,28,35,26,116,375,654,1630,2821,4627,7103,5577,1289,180,195,274,380,627,1003,1410,1411,1993,2634,3555,3548,3089,2488,1072,217,176,142,18
Finland,2000,24028,122,147,25,18,22,124,381,639,1546,2966,4242,7036,5557,1324,198,183,260,379,613,933,1515,1451,1800,2442,3386,3650,3078,2479,1098,226,165,146,23
Finland,2001,23719,117,136,19,31,22,115,392,577,1472,2860,4060,7107,5557,1364,189,203,251,326,566,906,1372,1488,1791,2269,3380,3727,3155,2402,1138,226,167,137,25
Finland,2002,23948,91,115,24,21,25,109,360,579,1366,2919,4125,7246,5617,1442,189,171,225,354,523,843,1360,1559,1812,2313,3409,3837,3273,2344,1192,250,136,134,26
Finland,2003,23861,93,127,34,16,38,102,355,500,1387,3164,4042,7016,5619,1474,176,179,183,317,509,878,1376,1788,1825,2217,3192,3824,3268,2351,1216,258,143,140,25
Finland,2004,23782,120,149,29,20,19,100,356,527,1390,3280,4176,6746,5532,1458,190,166,184,343,522,868,1371,1909,1834,2342,3042,3704,3302,2230,1195,263,169,119,25
Finland,2005,24033,95,136,41,35,28,81,303,528,1384,3437,4269,6587,5655,1560,150,153,197,331,538,846,1376,2061,1989,2280,2799,3788,3479,2176,1260,300,171,109,27
Finland,2006,24275,96,109,13,15,29,124,358,476,1254,3260,4292,6659,6112,1557,193,165,193,283,461,793,1253,2007,1996,2296,2874,3785,3692,2420,1247,310,124,153,29
Finland,2007,24750,92,118,26,13,21,109,373,519,1230,3225,4560,6592,6389,1569,176,197,211,308,471,759,1290,1935,2177,2383,2801,3791,3865,2524,1234,335,131,130,31
Finland,2008,24471,93,119,26,21,19,101,338,492,1203,3092,4639,6403,6324,1688,169,169,208,284,495,708,1189,1903,2393,2246,2773,3630,3682,2642,1344,344,140,120,34
Finland,2009,25123,80,93,13,12,17,106,343,494,1199,2790,4855,6535,6967,1676,159,184,237,257,429,770,1105,1685,2473,2382,2913,3622,4008,2959,1306,370,105,123,38
Finland,2010,25520,80,100,20,14,15,83,394,438,1050,2781,4999,6440,7352,1812,189,205,207,231,396,654,1063,1718,2534,2465,2851,3589,4254,3098,1419,393,114,98,45
Finland,2011,25272,78,103,25,15,14,89,335,423,976,2676,4896,6346,7413,1937,146,189,197,226,349,627,1041,1635,2419,2477,2865,3481,4146,3267,1534,403,118,103,49
Finland,2012,25596,72,91,19,12,17,78,316,418,982,2385,5083,6297,7801,2071,146,170,186,232,352,630,906,1479,2349,2734,2889,3408,4268,3533,1661,410,103,95,50
Finland,2013,25581,54,70,16,13,13,57,309,451,888,2324,5213,6314,7698,2187,138,171,213,238,309,579,838,1486,2262,2951,2833,3481,4089,3609,1756,431,83,70,51
Finland,2014,25842,69,91,22,12,13,66,304,404,829,2184,5141,6462,7924,2364,125,179,181,223,289,540,851,1333,2166,2975,2845,3617,4130,3794,1906,458,103,79,52
Finland,2015,25844,45,60,15,8,15,51,272,377,766,2109,5110,6534,8028,2463,133,139,170,207,262,504,786,1323,2069,3041,2957,3577,4004,4024,1987,476,68,66,55
Finland,2016,26921,58,69,11,15,16,53,270,408,758,2092,5132,6847,8427,2772,116,154,173,235,285,473,866,1226,2038,3094,3174,3673,4204,4223,2229,543,84,69,66
Finland,2017,26839,55,73,18,11,12,78,288,390,702,1913,4937,7037,8435,2894,129,159,188,202,301,401,780,1133,1993,2944,3342,3695,4218,4217,2338,556,84,90,69
Finland,2018,27150,48,65,17,8,13,81,258,379,694,1936,4735,7290,8561,3059,120,138,174,205,273,421,749,1187,1931,2804,3631,3659,4341,4220,2463,596,73,94,70
Finland,2019,27071,54,70,16,9,13,71,303,414,662,1811,4407,7530,8435,3271,138,165,175,239,294,368,668,1143,1699,2708,3867,3663,4291,4144,2610,661,79,84,75
Finland,2020,27832,49,64,15,9,13,83,307,379,757,1854,4435,7739,8731,3385,139,168,162,217,329,428,702,1152,1841,2594,3949,3790,4548,4183,2675,710,73,96,77
Finland,2021,29050,51,66,15,8,17,72,227,343,627,1708,4184,8415,9408,3889,108,119,159,184,264,363,605,1103,1666,2518,4103,4312,4701,4707,3071,818,74,89,83
France,1950,271815,25776,29706,3930,1060,1000,2002,6811,7910,20994,33165,51679,74053,39703,3706,3027,3784,2694,5216,8366,12628,16063,17102,22709,28970,37211,36842,26841,12862,3279,427,30766,3002,31
France,1951,286483,24117,28430,4313,997,898,1833,6546,7978,21700,35698,54208,80350,43760,4046,2913,3633,3082,4896,8552,13148,17358,18340,23591,30617,38664,41686,29157,14603,3621,425,29427,2731,35
France,1952,267076,21358,25489,4131,1049,774,1698,5927,7109,19721,35354,51251,74282,40425,3963,2756,3171,3110,3999,7549,12172,17102,18252,22344,28907,35389,38893,26835,13590,3540,423,26538,2472,35
France,1953,282202,19546,23020,3474,1047,729,1632,5781,6980,20177,38381,54155,80388,45391,4485,2649,3132,3525,3455,7665,12512,18305,20076,23235,30920,37649,42739,30431,14960,4023,462,24067,2361,35
France,1954,265877,19118,22282,3164,1004,662,1574,5479,6876,19355,37854,51126,72956,42429,4246,2442,3037,3719,3157,7295,12060,17870,19984,22435,28691,34405,38551,28509,13920,3787,459,23286,2236,31
France,1955,269310,17871,20920,3049,987,700,1558,5710,6967,18434,39285,51299,73957,44972,4491,2609,3101,3868,3099,6816,11618,17844,21441,22548,28751,34984,38973,30337,14635,3965,526,21907,2258,31
France,1956,279479,16866,19561,2695,1075,635,1514,5223,7507,18461,41830,53738,76308,48673,4917,2255,2968,3873,3634,6669,11792,18450,23380,23910,29828,36124,40184,33096,15577,4303,614,20636,2149,34
France,1957,273784,15716,18565,2849,1110,807,1640,5698,7887,16920,41667,54200,73583,46863,4812,2346,3352,3860,4027,5632,11288,17780,23887,24664,29536,35834,37749,31822,15041,4220,592,19675,2447,32
France,1958,253888,14530,16921,2391,933,745,1448,5236,7696,14336,38140,49994,67670,45943,4791,2149,3087,3553,4143,4548,9788,15790,22350,23476,26518,32645,35025,30922,15021,4177,614,17854,2193,34
France,1959,258622,13902,16278,2376,1029,887,1535,5035,8179,14051,39065,52215,68541,46949,4819,2064,2971,3617,4562,4113,9938,15978,23087,25394,26821,33477,35064,31272,15677,4219,600,17307,2422,36
France,1960,265520,12846,14936,2090,921,837,1377,4588,8174,13578,40098,55596,70567,49357,5444,1877,2711,3553,4621,4016,9562,16365,23733,27835,27761,34122,36445,31953,17404,4794,650,15857,2214,42
France,1961,257019,12263,14249,1986,970,867,1632,4933,8333,13545,38460,55489,66662,46712,5118,2018,2915,3610,4723,4831,8714,15385,23075,28297,27192,31980,34682,29667,17045,4470,648,15219,2499,45
France,1962,274763,12237,14258,2021,1002,889,1702,4597,8663,13759,39838,60823,71242,51738,6196,1919,2678,3655,5008,5618,8141,15897,23941,30494,30329,33829,37413,32197,19541,5407,789,15260,2591,54
France,1963,283148,12508,14462,1954,946,881,1789,4653,8516,13730,40679,65399,73520,52022,6499,2084,2569,3580,4936,6304,7426,15946,24733,32717,32682,34880,38640,32348,19674,5689,810,15408,2670,56
France,1964,265985,11503,13227,1724,916,943,1980,4864,8221,13051,37829,63635,67923,47272,6069,2236,2628,3369,4852,6805,6246,15008,22821,31417,32218,32659,35264,29750,17522,5307,762,14143,2923,53
France,1965,278510,10504,12198,1694,954,892,2170,4730,8563,13982,38558,68559,70885,50048,6916,2258,2472,3474,5089,7388,6594,14903,23655,32696,35863,33961,36924,31035,19013,6018,898,13152,3062,61
France,1966,271530,10616,12234,1618,922,810,2314,5002,8399,14691,35931,68955,68156,47171,6882,2499,2503,3401,4998,7211,7480,13332,22599,31791,37164,33165,34991,29759,17412,5980,902,13156,3124,64
France,1967,279579,9805,11383,1578,948,908,2383,5165,8023,16267,34886,71237,71227,49402,7680,2797,2368,3223,4800,7293,8974,12047,22839,32001,39236,35491,35736,31151,18251,6665,1015,12331,3291,74
France,1968,284954,9614,11164,1550,942,990,2497,5346,8095,17433,33161,72243,74135,50791,8075,2989,2357,3114,4981,7483,9950,10820,22341,31967,40276,38016,36119,31852,18939,6970,1105,12106,3487,80
France,1969,296839,9488,11071,1583,982,1008,2677,5763,8343,18736,32861,76464,79657,50971,8222,3300,2463,3191,5152,7654,11082,9948,22913,33336,43128,41995,37662,32180,18791,7047,1175,12053,3685,87
France,1970,278744,8981,10491,1510,1011,917,2680,5889,7876,18042,29405,69705,75605,49292,7747,3430,2459,3019,4857,7364,10678,9413,19992,30474,39231,40503,35102,30923,18369,6602,1145,11502,3597,87
France,1971,285161,8817,10250,1433,1029,951,2869,6378,7573,18733,29917,69629,78936,50485,8309,3758,2620,2871,4702,7744,10989,11139,18778,29992,39637,43111,35825,31155,19330,7011,1298,11279,3820,98
France,1972,284915,8161,9613,1452,956,926,2932,6895,7646,18775,29611,68737,81591,48939,8196,3942,2953,2970,4676,7716,11059,12771,16840,29324,39413,44357,37234,30293,18646,6867,1329,10569,3858,103
France,1973,287418,7461,8924,1463,976,900,3029,6751,7083,18838,28887,67040,84706,51350,8814,3796,2955,2807,4276,7672,11166,14075,14812,28689,38351,45457,39249,31376,19974,7340,1474,9900,3929,121
France,1974,285882,6766,8265,1499,914,929,2873,6564,6907,18721,28707,66230,86651,50092,8898,3563,3001,2620,4287,7534,11187,15455,13252,28452,37778,45815,40836,30625,19467,7408,1490,9179,3802,130
France,1975,290659,5810,7100,1290,913,888,2741,6628,6709,19040,29859,65481,90244,51642,9275,3481,3147,2615,4094,7475,11565,16473,13386,27238,38243,46488,43756,31504,20138,7745,1530,8013,3629,139
France,1976,290157,5376,6507,1131,810,832,2842,7150,6781,18759,32087,61860,91320,51701,9357,3779,3371,2819,3962,7114,11645,16481,15606,24836,37024,46148,45172,31677,20024,7817,1540,7317,3674,147
France,1977,280955,5169,6273,1104,860,825,2811,6907,6738,18165,33046,56532,89108,50506,9033,3622,3285,3014,3724,6753,11412,15842,17204,21444,35088,44198,44910,31399,19107,7533,1500,7133,3636,150
France,1978,286295,4595,5708,1113,844,785,2742,6673,6692,17872,34734,54501,91596,54376,9611,3535,3138,3128,3564,6438,11434,15656,19078,19517,34984,44162,47434,34343,20033,7975,1636,6552,3527,165
France,1979,283915,4527,5499,972,777,787,2832,7053,6990,17138,36726,50987,90348,54860,9747,3712,3341,3427,3563,6191,10947,15977,20749,16956,34031,43184,47164,35196,19664,8068,1679,6276,3619,169
France,1980,285592,4896,5867,971,822,743,2841,7195,7174,16570,36958,49078,90409,57771,9986,3863,3332,3588,3586,5915,10655,15967,20991,16960,32118,43025,47384,37779,19992,8222,1764,6689,3584,178
France,1981,287879,4685,5657,972,709,762,2572,6869,7495,15708,36640,48781,90449,61674,10375,3705,3164,3794,3701,5549,10159,15922,20718,19353,29428,42502,47947,40381,21293,8533,1842,6366,3334,188
France,1982,282869,4398,5279,881,642,741,2576,6968,7880,15171,36297,47591,87336,61961,10233,3697,3271,3723,4157,5397,9774,15604,20693,21759,25832,40693,46643,40324,21637,8413,1820,5921,3317,191
France,1983,289145,3899,4837,938,660,714,2373,7100,8300,14607,36143,47380,88997,66855,10974,3724,3376,3786,4514,5349,9258,15454,20689,24205,23175,41201,47796,43362,23493,9007,1967,5497,3087,211
France,1984,282807,3657,4522,865,586,690,2198,7041,8460,14129,35696,46357,85920,66473,10525,3681,3360,3754,4706,5237,8892,14898,20798,26181,20176,39593,46327,42385,24088,8626,1899,5108,2888,206
France,1985,287444,3746,4513,767,533,670,2106,6645,8613,13944,35346,47428,84986,71071,11359,3390,3255,3648,4965,5310,8634,14503,20843,26875,20553,38090,46896,44758,26313,9256,2103,5046,2776,232
France,1986,284307,3619,4379,760,550,619,2067,6558,8887,13791,34287,49593,80703,71179,11473,3378,3180,3736,5151,5686,8105,13999,20288,26382,23211,34620,46083,44042,27137,9410,2063,4929,2686,227
France,1987,275678,3554,4262,708,521,570,1888,6360,8731,13657,32486,51319,73826,69933,11892,3162,3198,3648,5083,5979,7678,12992,19494,25454,25865,30207,43619,42664,27269,9813,2079,4783,2458,232
France,1988,272568,3537,4255,718,477,495,1996,6396,8862,13729,31577,52649,69045,70532,12320,3249,3147,3738,5124,6350,7379,12321,19256,24825,27824,26049,42996,42167,28365,10231,2089,4732,2491,233
France,1989,274117,3357,4038,681,471,500,1971,6675,8920,14242,30657,55239,65775,72241,13138,3296,3379,3872,5048,6863,7379,12032,18625,24860,30379,23059,42716,42417,29824,10951,2187,4509,2471,247
France,1990,272580,3264,3948,684,407,442,1938,6720,9179,14729,28864,54625,63387,73674,14394,3256,3464,3954,5225,7309,7420,11227,17637,24345,30280,23194,40193,42940,30734,12040,2354,4355,2380,270
France,1991,272372,3209,3851,642,426,489,1822,6881,9424,15635,27400,54346,63139,73579,15110,3272,3609,4156,5268,7766,7869,10624,16776,24276,30070,26261,36878,42589,30990,12680,2430,4277,2311,272
France,1992,271233,2954,3555,601,372,455,1704,6625,9522,16269,26361,53473,62896,73538,16178,3120,3505,4228,5294,7721,8548,10269,16092,23780,29693,30130,32766,42435,31103,13517,2661,3927,2159,284
France,1993,275326,2677,3254,577,374,449,1605,6530,9610,16832,25706,53106,62751,76996,17802,3115,3415,4244,5366,7645,9187,10015,15691,23619,29487,33452,29299,44098,32898,14792,3010,3628,2054,307
France,1994,270487,2436,2920,484,357,490,1486,6353,9448,17343,25090,51662,61254,75551,18224,3008,3345,4174,5274,7428,9915,10146,14944,22612,29050,35365,25889,42738,32813,15082,3142,3277,1976,312
France,1995,274652,2010,2484,474,347,421,1406,5950,9282,17711,24463,51940,64078,76390,19841,2760,3190,4126,5156,7368,10343,10107,14356,22258,29682,36959,27119,42012,34378,16311,3530,2831,1827,336
France,1996,276396,2007,2465,458,321,443,1427,5319,8459,17467,24656,51273,68188,74914,21095,2469,2850,3654,4805,7081,10386,10646,14010,21550,29723,37005,31183,39507,35407,17204,3891,2786,1870,365
France,1997,272648,1954,2389,435,319,394,1424,4934,7499,16880,24621,49238,71957,70621,21962,2331,2603,3125,4374,6612,10268,11264,13357,20444,28794,36511,35446,34906,35715,17763,4199,2708,1818,404
France,1998,274110,1940,2339,399,284,335,1362,4702,7120,16656,25105,47991,75984,69245,22561,2207,2495,2938,4182,6455,10201,12121,12984,19748,28243,36272,39712,31898,37347,18180,4381,2623,1697,427
France,1999,274705,1884,2284,400,262,344,1437,4564,6668,16383,25855,46625,79165,66682,23960,2151,2413,2752,3916,6441,9942,12934,12921,18743,27882,35958,43207,28644,38038,19191,4769,2546,1781,475
France,2000,271901,2039,2433,394,264,365,1339,4290,6532,16062,26581,44739,78549,65645,24589,1980,2310,2663,3869,6299,9763,13563,13018,17922,26817,35074,43475,29687,35958,19612,4977,2697,1704,512
France,2001,271839,1970,2401,431,252,354,1422,4234,6590,15978,27596,42686,76898,67656,25216,2006,2228,2638,3952,6126,9852,13953,13643,17240,25446,34432,42466,34541,33115,20036,5180,2653,1776,556
France,2002,272635,1770,2170,400,253,300,1217,4139,6353,15431,29116,41125,76069,69323,26521,2002,2137,2590,3763,5914,9517,14087,15029,16585,24540,34132,41937,39360,29963,21040,5481,2423,1517,614
France,2003,278209,1768,2169,401,219,336,1114,3720,6264,15064,30298,40354,76442,73078,28468,1893,1827,2575,3689,5662,9402,14001,16297,16630,23724,33739,42703,45165,27913,22531,5937,2388,1450,679
France,2004,262446,1720,2101,381,184,265,1060,3433,5728,14173,29393,37637,71566,69533,26703,1764,1669,2352,3376,5427,8746,13130,16263,15872,21765,31515,40051,45531,24002,21020,5683,2285,1325,673
France,2005,269963,1602,1928,326,210,243,1061,3394,5552,13952,30705,37740,71712,74751,27944,1730,1664,2344,3208,5168,8784,13039,17666,16139,21601,31520,40192,48292,26459,21633,6311,2138,1304,767
France,2006,265142,1708,2042,334,187,275,985,3141,5352,13402,30832,37383,68437,76648,25657,1515,1626,2178,3174,5051,8351,12927,17905,16872,20511,29402,39035,46039,30609,19211,6446,2229,1260,804
France,2007,267662,1667,2004,337,177,225,925,3273,5055,12859,30406,38299,67008,81896,24655,1565,1708,1973,3082,4822,8037,12525,17881,18317,19982,28114,38894,45998,35898,17679,6976,2181,1150,879
France,2008,271266,1614,1946,332,175,222,867,3276,4869,12486,29714,39159,66328,87166,24105,1558,1718,1860,3009,4743,7743,12185,17529,19735,19424,27569,38759,46560,40606,16570,7535,2121,1089,958
France,2009,273591,1669,1986,317,187,236,902,3151,5035,12274,29777,40250,64607,90316,23847,1493,1658,1869,3166,4791,7483,12014,17763,20758,19492,26593,38014,45806,44510,15926,7921,2173,1138,1025
France,2010,275019,1589,1863,274,190,209,858,3016,4955,11865,29023,42003,62796,91451,25692,1417,1599,1901,3054,4525,7340,11823,17200,22115,19888,25716,37080,45879,45572,17957,7735,2053,1067,1095
France,2011,272161,1458,1732,274,183,214,775,3025,4661,11524,28222,42671,60304,89176,28506,1423,1602,1801,2860,4434,7090,11505,16717,22317,20354,24824,35480,44754,44422,21577,6929,1915,989,1165
France,2012,280944,1519,1826,307,156,198,722,2745,4223,11229,27627,45359,59476,92782,33306,1295,1450,1741,2482,4306,6923,11057,16570,22771,22588,24378,35098,46153,46629,26742,6564,1982,920,1300
France,2013,281086,1550,1840,290,193,194,624,2593,4154,10951,26493,46684,58132,91970,35871,1218,1375,1737,2417,4209,6742,10564,15929,22321,24363,24259,33873,45621,46349,29715,6156,2033,818,1382
France,2014,275153,1493,1762,269,179,185,596,2478,4059,10265,25249,46836,55834,90016,36298,1099,1379,1749,2310,3847,6418,10032,15217,21673,25163,23632,32202,44250,45766,30374,5924,1941,781,1395
France,2015,290159,1531,1821,290,184,217,687,2444,4083,10524,25473,48823,57807,94920,41713,1088,1356,1747,2336,4052,6472,9939,15534,21675,27148,24810,32997,45989,48931,34061,7652,2005,904,1464
France,2016,289263,1492,1752,260,172,188,645,2324,3921,9941,24767,49537,57841,93237,43641,1028,1296,1621,2300,3783,6158,9659,15108,21563,27974,26005,31836,44308,48929,33977,9664,1924,833,1297
France,2017,293788,1491,1735,244,163,188,591,2347,3863,9640,24086,49339,59405,94492,46744,1083,1264,1595,2268,3592,6048,9554,14532,21187,28152,28037,31368,44046,50446,35217,11527,1898,779,1192
France,2018,296329,1520,1778,258,143,208,632,2295,4015,9504,23686,48671,61631,93921,48677,1086,1209,1579,2436,3441,6063,9425,14261,20828,27843,30324,31307,42999,50922,35985,12692,1921,840,1166
France,2019,299116,1470,1718,248,140,205,619,2226,3920,9298,23486,47736,63317,94366,50825,1069,1157,1541,2379,3307,5991,9261,14225,20605,27131,32033,31284,42684,51682,37089,13736,1858,824,1255
France,2020,327523,1405,1643,238,136,214,663,2405,4219,9388,22677,46902,74360,106098,57193,1207,1198,1661,2558,3413,5975,9423,13254,19747,27155,37945,36415,45534,60564,41982,15211,1779,877,1622
France,2021,321726,1364,1591,227,130,208,612,2444,4144,9040,22421,46109,78504,98240,56273,1263,1181,1642,2502,3466,5574,9305,13116,19463,26646,38951,39553,42218,56022,41134,15139,1721,820,2010
French Guiana,1950,277,53,75,22,6,4,5,18,20,21,30,36,41,22,2,8,10,10,10,10,11,15,15,16,20,21,20,15,7,2,0,81,9,0
French Guiana,1951,274,50,74,24,7,3,5,18,20,22,30,36,40,22,2,8,10,10,10,10,12,15,15,16,20,20,20,15,7,2,0,81,8,0
French Guiana,1952,270,49,71,22,7,3,5,17,20,21,30,35,40,21,2,7,10,10,10,10,11,15,15,15,20,20,20,14,7,2,0,78,8,0
French Guiana,1953,266,49,68,19,7,3,5,11,20,21,30,35,40,21,2,5,6,10,10,10,11,15,15,15,20,20,20,14,7,2,0,75,8,0
French Guiana,1954,263,48,67,19,8,4,5,10,20,21,30,36,40,21,2,5,5,10,10,10,11,15,15,16,20,20,20,14,7,2,0,75,9,0
French Guiana,1955,260,48,67,19,7,5,5,10,19,21,30,37,39,20,2,5,5,9,10,10,11,15,15,17,20,20,19,13,7,2,0,74,10,0
French Guiana,1956,261,47,66,19,8,5,5,10,19,21,30,39,39,20,2,5,5,9,10,10,11,15,15,19,20,20,19,13,7,2,0,74,10,0
French Guiana,1957,264,47,66,19,7,5,5,10,19,22,30,40,39,20,2,5,5,9,10,10,12,15,15,20,20,20,19,13,7,2,0,73,10,0
French Guiana,1958,261,48,67,19,7,5,5,10,18,22,31,40,38,20,2,5,5,8,10,10,12,15,16,20,20,20,18,13,7,2,0,74,10,0
French Guiana,1959,264,48,67,19,7,5,5,10,17,22,31,40,38,20,2,5,5,7,10,10,12,15,16,20,20,20,18,13,7,2,0,74,10,0
French Guiana,1960,258,49,67,18,7,5,5,10,15,21,31,40,36,19,1,5,5,5,10,10,11,15,16,20,20,20,16,13,6,1,0,74,10,0
French Guiana,1961,262,49,66,17,7,5,5,10,15,22,32,40,39,18,1,5,5,5,10,10,12,15,17,20,20,22,17,12,6,1,0,73,10,0
French Guiana,1962,260,48,63,15,6,5,5,10,14,22,32,41,40,18,1,5,5,5,9,10,12,15,17,20,21,23,17,12,6,1,0,69,10,0
French Guiana,1963,261,47,62,15,6,5,5,10,15,22,32,40,41,18,1,5,5,5,10,10,12,15,17,20,20,24,17,12,6,1,0,68,10,0
French Guiana,1964,261,46,60,14,6,5,5,10,15,22,32,40,42,18,1,5,5,5,10,10,12,15,17,20,20,24,18,12,6,1,0,66,10,0
French Guiana,1965,256,45,59,14,6,5,6,12,14,21,31,40,41,17,1,7,5,5,9,10,11,15,16,20,20,23,18,11,6,1,0,65,11,0
French Guiana,1966,251,43,57,14,6,5,6,13,13,21,30,40,40,18,1,8,5,5,8,10,11,15,15,20,20,22,18,12,6,1,0,63,11,0
French Guiana,1967,238,42,55,13,5,5,6,13,10,19,28,39,39,18,1,8,5,5,5,9,10,13,15,19,20,20,19,12,6,1,0,60,11,0
French Guiana,1968,245,41,52,11,5,5,6,15,11,20,29,40,39,18,1,10,5,5,6,10,10,14,15,20,20,20,19,12,6,1,0,57,11,0
French Guiana,1969,250,42,53,11,5,5,6,15,12,20,30,42,42,18,1,10,5,5,7,10,10,15,15,20,22,22,20,12,6,1,0,58,11,0
French Guiana,1970,246,43,54,11,5,5,5,14,10,20,29,42,43,19,1,9,5,5,5,10,10,14,15,20,22,23,20,13,6,1,0,59,10,0
French Guiana,1971,246,43,54,11,5,5,5,13,10,20,29,42,43,20,1,8,5,5,5,10,10,14,15,20,22,23,20,14,6,1,0,59,10,0
French Guiana,1972,248,44,55,11,5,5,5,12,10,19,29,41,44,20,1,7,5,5,5,9,10,14,15,20,21,24,20,14,6,1,0,60,10,0
French Guiana,1973,249,44,55,11,5,5,5,10,10,19,29,41,45,22,1,5,5,5,5,9,10,14,15,20,21,25,20,15,7,1,0,60,10,0
French Guiana,1974,242,44,57,13,5,5,5,10,10,17,27,39,46,21,1,5,5,5,5,7,10,12,15,19,20,25,21,14,7,1,0,62,10,0
French Guiana,1975,247,45,58,13,6,5,5,10,10,17,27,39,47,21,1,5,5,5,5,7,10,12,15,19,20,25,22,14,7,1,0,64,10,0
French Guiana,1976,253,45,57,12,6,5,5,10,10,18,28,41,47,22,1,5,5,5,5,8,10,13,15,20,21,25,22,15,7,1,0,63,10,0
French Guiana,1977,279,46,58,12,6,5,6,15,16,22,33,47,48,24,1,8,7,9,7,10,12,15,18,22,25,25,23,16,8,1,0,64,11,0
French Guiana,1978,295,47,58,11,6,5,7,20,20,23,35,49,49,25,2,10,10,10,10,10,13,15,20,24,25,25,24,17,8,2,0,64,12,0
French Guiana,1979,297,47,58,11,5,5,7,20,20,23,36,49,49,24,2,10,10,10,10,10,13,16,20,24,25,25,24,16,8,2,0,63,12,0
French Guiana,1980,299,46,57,11,5,5,7,20,20,23,36,51,50,25,2,10,10,10,10,10,13,16,20,24,27,26,24,17,8,2,0,62,12,0
French Guiana,1981,302,45,56,11,5,5,7,20,20,23,36,54,51,25,2,10,10,10,10,10,13,16,20,25,29,27,24,17,8,2,0,61,12,0
French Guiana,1982,304,45,56,11,5,5,7,20,20,23,36,55,53,26,2,10,10,10,10,10,13,16,20,25,30,28,25,18,8,2,0,61,12,0
French Guiana,1983,306,45,55,10,5,5,7,20,20,23,36,55,53,26,2,10,10,10,10,10,13,16,20,25,30,29,24,18,8,2,0,60,12,0
French Guiana,1984,306,45,55,10,5,5,7,20,20,23,36,55,54,26,3,10,10,10,10,10,13,16,20,25,30,30,24,18,8,3,0,60,12,0
French Guiana,1985,316,46,56,10,5,5,7,20,20,24,38,56,55,27,3,10,10,10,10,10,14,17,21,26,30,30,25,18,9,3,0,61,12,0
French Guiana,1986,321,46,56,10,5,5,7,20,20,30,38,57,58,27,3,10,10,10,10,15,15,17,21,26,31,32,26,18,9,3,0,61,12,0
French Guiana,1987,331,47,57,10,5,5,7,20,22,30,40,57,61,28,3,10,10,10,12,15,15,18,22,26,31,34,27,18,10,3,0,62,12,0
French Guiana,1988,342,48,57,9,5,5,7,20,22,30,42,59,63,28,3,10,10,10,12,15,15,19,23,27,32,35,28,18,10,3,0,62,12,0
French Guiana,1989,344,49,58,9,5,5,7,20,21,30,42,59,64,28,3,10,10,10,11,15,15,19,23,27,32,35,29,18,10,3,0,63,12,0
French Guiana,1990,356,51,60,9,5,5,7,20,22,34,44,61,65,30,3,10,10,10,12,15,19,20,24,28,33,35,30,20,10,3,0,65,12,0
French Guiana,1991,357,51,60,9,5,5,7,20,22,35,44,62,67,30,3,10,10,10,12,15,20,20,24,29,33,35,32,20,10,3,0,65,12,0
French Guiana,1992,364,51,61,10,5,5,7,20,22,35,45,63,68,31,3,10,10,10,12,15,20,20,25,30,33,35,33,21,10,3,0,66,12,0
French Guiana,1993,371,50,60,10,5,5,7,20,23,36,46,64,71,33,3,10,10,10,13,16,20,21,25,30,34,37,34,22,11,3,0,65,12,0
French Guiana,1994,379,49,58,9,5,5,7,20,23,37,51,65,74,35,4,10,10,10,13,16,21,25,26,30,35,39,35,24,11,4,0,63,12,0
French Guiana,1995,378,48,57,9,5,5,7,20,22,36,51,65,75,37,4,10,10,10,12,15,21,25,26,30,35,39,36,25,12,4,0,62,12,0
French Guiana,1996,385,47,56,9,5,5,7,20,23,37,51,66,77,39,4,10,10,10,13,15,22,25,26,31,35,40,37,26,13,4,0,61,12,0
French Guiana,1997,394,46,55,9,5,5,7,20,23,38,58,68,78,42,4,10,10,10,13,16,22,28,30,32,36,40,38,28,14,4,0,60,12,0
French Guiana,1998,404,46,55,9,5,5,7,20,23,39,59,70,79,43,4,10,10,10,13,17,22,29,30,33,37,40,39,29,14,4,0,60,12,0
French Guiana,1999,402,46,54,8,5,5,7,18,22,37,59,69,79,45,4,9,9,10,12,16,21,29,30,32,37,40,39,30,15,4,0,59,12,0
French Guiana,2000,414,46,55,9,5,5,7,19,23,38,63,73,80,47,5,10,9,10,13,16,22,30,33,35,38,40,40,31,16,5,0,60,12,0
French Guiana,2001,425,45,53,8,5,5,7,20,23,40,66,74,85,48,5,10,10,10,13,17,23,31,35,35,39,44,41,31,17,5,0,58,12,0
French Guiana,2002,441,44,52,8,5,5,8,20,24,42,69,79,87,51,5,10,10,10,14,18,24,32,37,37,42,45,42,33,18,5,0,57,13,0
French Guiana,2003,459,43,50,7,5,5,8,20,24,45,74,81,89,52,6,10,10,10,14,19,26,34,40,40,41,46,43,34,18,6,0,55,13,0
French Guiana,2004,471,41,48,7,5,5,8,20,25,46,79,85,91,54,7,10,10,10,15,19,27,35,44,41,44,47,44,34,20,7,0,53,13,0
French Guiana,2005,479,41,48,7,5,5,8,20,25,48,80,88,91,56,7,10,10,10,15,21,27,36,44,43,45,47,44,36,20,7,0,53,13,0
French Guiana,2006,478,40,46,6,5,5,8,20,24,46,80,88,94,58,7,10,10,10,14,19,27,36,44,43,45,49,45,36,22,7,0,51,13,0
French Guiana,2007,468,39,45,6,5,5,8,20,23,43,77,87,93,58,8,10,10,10,13,18,25,34,43,44,43,48,45,36,22,7,1,50,13,0
French Guiana,2008,478,38,44,6,5,5,8,20,23,43,77,91,94,61,10,10,10,10,13,18,25,34,43,45,46,46,48,38,23,9,1,49,13,0
French Guiana,2009,484,37,43,6,5,5,8,20,23,43,78,96,96,62,10,10,10,10,13,18,25,35,43,49,47,46,50,39,23,9,1,48,13,0
French Guiana,2010,495,35,41,6,5,5,8,20,23,44,80,101,100,65,10,10,10,10,13,18,26,36,44,51,50,50,50,41,24,9,1,46,13,0
French Guiana,2011,488,34,40,6,5,5,8,15,22,40,77,103,102,66,10,8,7,10,12,16,24,34,43,51,52,50,52,41,25,9,1,45,13,0
French Guiana,2012,509,34,40,6,5,5,8,17,22,42,81,110,103,71,11,9,8,10,12,17,25,35,46,54,56,51,52,44,27,9,2,45,13,0
French Guiana,2013,523,34,40,6,5,5,8,17,22,42,82,116,107,75,13,10,7,10,12,17,25,35,47,56,60,55,52,47,28,11,2,45,13,0
French Guiana,2014,531,34,39,5,5,5,8,14,21,41,81,122,109,77,13,9,5,10,11,17,24,34,47,59,63,56,53,48,29,11,2,44,13,0
French Guiana,2015,553,35,40,5,5,4,8,13,20,42,83,127,119,79,14,8,5,9,11,17,25,35,48,61,66,62,57,49,30,12,2,45,12,0
French Guiana,2016,583,35,41,6,5,5,8,17,22,44,87,137,125,83,14,10,7,10,12,18,26,37,50,66,71,66,59,52,31,12,2,46,13,0
French Guiana,2017,605,36,42,6,5,5,8,16,22,43,88,143,134,87,14,10,6,10,12,17,26,37,51,68,75,72,62,53,34,12,2,47,13,0
French Guiana,2018,631,36,42,6,4,5,8,17,22,45,92,149,145,90,15,10,7,10,12,17,28,39,53,69,80,79,66,54,36,13,2,46,13,0
French Guiana,2019,657,36,42,6,4,4,8,20,21,46,95,156,153,92,18,10,10,10,11,17,29,40,55,72,84,84,69,55,37,15,3,46,12,0
French Guiana,2020,683,35,41,6,4,4,8,20,21,47,97,163,165,98,19,10,10,10,11,18,29,41,56,74,89,90,75,59,39,16,3,45,12,0
French Guiana,2021,871,35,41,6,4,4,10,22,24,60,131,217,217,121,21,12,10,10,14,23,37,56,75,97,120,119,98,73,48,18,3,45,14,0
French Polynesia,1950,504,151,210,59,16,10,13,29,28,34,38,38,50,30,3,15,14,13,15,16,18,18,20,17,21,25,25,20,10,3,0,226,23,0
French Polynesia,1951,505,153,211,58,16,10,14,30,27,35,39,41,50,29,3,15,15,12,15,15,20,19,20,20,21,25,25,19,10,3,0,227,24,0
French Polynesia,1952,494,151,206,55,14,10,13,30,26,34,41,40,50,28,3,15,15,11,15,15,19,20,21,20,20,25,25,18,10,3,0,220,23,0
French Polynesia,1953,485,149,201,52,14,10,13,30,25,33,41,41,48,28,3,15,15,11,14,15,18,20,21,21,20,24,24,18,10,3,0,215,23,0
French Polynesia,1954,478,147,198,51,13,10,12,30,23,32,41,43,48,28,3,15,15,10,13,15,17,20,21,23,20,24,24,18,10,3,0,211,22,0
French Polynesia,1955,472,145,196,51,13,10,12,26,22,31,40,44,46,28,3,15,11,10,12,15,16,20,20,24,20,23,23,18,10,3,0,209,22,0
French Polynesia,1956,468,144,193,49,13,10,12,26,21,31,40,45,45,28,3,15,11,10,11,15,16,20,20,25,20,22,23,18,10,3,0,206,22,0
French Polynesia,1957,466,143,191,48,13,10,12,26,20,31,40,45,43,28,3,15,11,10,10,15,16,20,20,24,21,21,22,18,10,3,0,204,22,0
French Polynesia,1958,463,142,190,48,13,9,11,27,20,30,40,46,42,28,3,15,12,10,10,14,16,20,20,24,22,20,22,18,10,3,0,203,20,0
French Polynesia,1959,460,140,187,47,13,8,11,27,20,31,40,47,40,27,3,15,12,10,10,13,18,20,20,24,23,20,20,17,10,3,0,200,19,0
French Polynesia,1960,459,139,186,47,13,8,10,27,20,31,42,48,40,27,3,15,12,10,10,13,18,20,22,24,24,20,20,17,10,3,0,199,18,0
French Polynesia,1961,460,139,186,47,13,8,10,27,20,30,45,50,40,27,3,15,12,10,10,12,18,20,25,25,25,20,20,17,10,3,0,199,18,0
French Polynesia,1962,462,139,185,46,13,10,10,26,21,30,45,50,41,27,3,15,11,10,11,12,18,20,25,25,25,21,20,17,10,3,0,198,20,0
French Polynesia,1963,467,140,185,45,13,10,10,25,23,32,45,50,42,27,3,15,10,10,13,15,17,20,25,25,25,22,20,17,10,3,0,198,20,0
French Polynesia,1964,474,142,187,45,14,10,10,26,23,32,47,53,44,27,3,15,11,10,13,15,17,22,25,26,27,24,20,17,10,3,0,201,20,0
French Polynesia,1965,480,144,190,46,14,10,10,26,27,31,48,56,46,27,3,15,11,13,14,15,16,23,25,30,26,26,20,17,10,3,0,204,20,0
French Polynesia,1966,486,145,191,46,14,10,10,27,30,31,48,57,44,25,3,15,12,15,15,15,16,23,25,30,27,27,17,15,10,3,0,205,20,0
French Polynesia,1967,490,146,192,46,14,10,10,30,30,30,48,58,43,25,3,15,15,15,15,15,15,23,25,30,28,25,18,15,10,3,0,206,20,0
French Polynesia,1968,494,147,192,45,14,10,11,30,30,30,48,59,44,23,3,15,15,15,15,15,15,22,26,30,29,25,19,14,9,3,0,206,21,0
French Polynesia,1969,498,147,192,45,14,10,11,30,30,30,51,60,45,21,3,15,15,15,15,15,15,22,29,30,30,25,20,12,9,3,0,206,21,0
French Polynesia,1970,501,146,191,45,15,10,12,30,30,36,50,60,48,21,3,15,15,15,15,16,20,21,29,30,30,26,22,12,9,3,0,206,22,0
French Polynesia,1971,502,144,188,44,15,10,12,30,30,36,49,63,49,19,3,15,15,15,15,16,20,21,28,30,33,26,23,11,8,3,0,203,22,0
French Polynesia,1972,502,142,186,44,15,10,13,30,30,37,48,63,49,17,3,15,15,15,15,17,20,20,28,30,33,26,23,12,5,3,0,201,23,0
French Polynesia,1973,507,140,182,42,15,10,14,30,31,40,48,70,48,18,3,15,15,15,16,20,20,20,28,35,35,27,21,13,5,3,0,197,24,0
French Polynesia,1974,510,136,177,41,14,10,14,30,31,40,49,70,50,21,3,15,15,15,16,20,20,22,27,35,35,29,21,15,6,3,0,191,24,0
French Polynesia,1975,512,133,173,40,14,10,14,30,31,41,52,70,53,22,3,15,15,15,16,20,21,25,27,35,35,31,22,16,6,3,0,187,24,0
French Polynesia,1976,510,128,163,35,14,10,14,31,31,41,51,72,55,23,3,16,15,15,16,20,21,25,26,37,35,33,22,17,6,3,0,177,24,0
French Polynesia,1977,507,123,156,33,14,10,14,33,31,41,51,72,57,25,2,18,15,15,16,20,21,25,26,36,36,34,23,18,7,2,0,170,24,0
French Polynesia,1978,499,114,144,30,13,10,14,34,31,42,50,74,58,26,1,19,15,15,16,20,22,25,25,36,38,34,24,18,8,1,0,157,24,0
French Polynesia,1979,490,109,135,26,12,10,14,32,30,43,52,73,60,27,1,17,15,15,15,20,23,25,27,34,39,35,25,18,9,1,0,147,24,0
French Polynesia,1980,476,104,127,23,12,10,13,30,30,42,56,72,61,26,1,15,15,15,15,19,23,26,30,32,40,35,26,17,9,1,0,139,23,0
French Polynesia,1981,464,99,118,19,11,7,13,29,28,41,55,71,63,27,2,15,14,13,15,18,23,25,30,31,40,36,27,17,10,2,0,129,20,0
French Polynesia,1982,449,92,110,18,9,6,12,27,26,40,55,69,64,27,2,15,12,11,15,17,23,25,30,30,39,36,28,17,10,2,0,119,18,0
French Polynesia,1983,432,84,100,16,8,6,12,26,23,38,55,67,65,27,2,15,11,10,13,16,22,25,30,30,37,37,28,17,10,2,0,108,18,0
French Polynesia,1984,420,79,92,13,7,5,11,24,21,36,55,66,69,28,3,14,10,10,11,15,21,25,30,30,36,39,30,18,10,3,0,99,16,0
French Polynesia,1985,406,75,86,11,6,5,9,20,20,34,55,66,70,27,3,10,10,10,10,15,19,25,30,32,34,39,31,18,9,3,0,92,14,0
French Polynesia,1986,388,67,77,10,6,5,8,20,20,32,54,65,72,27,3,10,10,10,10,14,18,25,29,34,31,39,33,18,9,3,0,83,13,0
French Polynesia,1987,384,63,73,10,6,5,8,20,20,31,54,65,72,27,4,10,10,10,10,13,18,24,30,35,30,38,34,18,9,4,0,79,13,0
French Polynesia,1988,379,63,72,9,5,5,7,20,20,30,54,66,72,29,4,10,10,10,10,12,18,24,30,35,31,36,36,20,9,4,0,77,12,0
French Polynesia,1989,378,58,67,9,5,5,7,20,20,30,55,68,72,29,4,10,10,10,10,12,18,25,30,35,33,34,38,21,8,4,0,72,12,0
French Polynesia,1990,384,57,66,9,5,5,7,20,20,30,58,72,71,32,4,10,10,10,10,12,18,25,33,36,36,32,39,24,8,4,0,71,12,0
French Polynesia,1991,389,54,62,8,5,5,7,20,20,30,59,76,70,32,4,10,10,10,10,12,18,25,34,37,39,32,38,25,7,4,0,67,12,0
French Polynesia,1992,390,51,59,8,5,5,6,20,20,30,60,78,70,36,4,10,10,10,10,12,18,26,34,38,40,32,38,27,9,4,0,64,11,0
French Polynesia,1993,388,48,55,7,5,5,6,20,20,29,61,83,70,38,4,10,10,10,10,11,18,26,35,40,43,34,36,29,9,4,0,60,11,0
French Polynesia,1994,381,43,49,6,5,5,5,20,20,29,60,83,70,39,3,10,10,10,10,11,18,25,35,40,43,37,33,29,10,3,0,54,10,0
French Polynesia,1995,372,38,43,5,5,5,5,10,20,27,59,83,71,42,3,5,5,10,10,10,17,25,34,40,43,40,31,30,12,3,0,48,10,0
French Polynesia,1996,365,34,38,4,5,5,5,10,16,26,57,83,73,41,3,5,5,6,10,10,16,23,34,40,43,42,31,29,12,3,0,43,10,0
French Polynesia,1997,354,30,34,4,5,5,5,10,13,25,55,82,74,43,3,5,5,5,8,10,15,23,32,40,42,44,30,29,14,3,0,39,10,0
French Polynesia,1998,348,27,31,4,5,5,5,10,13,24,54,82,75,40,2,5,5,5,8,10,14,22,32,39,43,44,31,25,15,2,0,36,10,0
French Polynesia,1999,340,26,30,4,4,1,5,10,11,23,51,83,79,41,4,5,5,5,6,10,13,21,30,38,45,45,34,25,16,4,0,34,6,0
French Polynesia,2000,346,26,30,4,3,1,5,10,11,24,51,84,83,38,4,5,5,5,6,10,14,20,31,39,45,45,38,21,17,4,0,33,6,0
French Polynesia,2001,357,25,29,4,2,1,5,10,11,24,51,89,86,40,5,5,5,5,6,10,14,20,31,40,49,46,40,22,18,5,0,31,6,0
French Polynesia,2002,374,24,28,4,2,1,5,10,12,25,55,94,96,42,7,5,5,5,7,10,15,22,33,42,52,50,46,23,19,7,0,30,6,0
French Polynesia,2003,393,23,27,4,2,1,5,10,12,26,56,98,103,46,8,5,5,5,7,10,16,22,34,44,54,54,49,27,19,8,0,29,6,0
French Polynesia,2004,416,23,27,4,1,1,5,10,12,26,57,102,113,49,9,5,5,5,7,10,16,22,35,45,57,59,54,32,17,9,0,28,6,0
French Polynesia,2005,440,23,27,4,1,1,5,10,12,28,58,107,121,54,10,5,5,5,7,11,17,23,35,47,60,64,57,38,16,9,1,28,6,0
French Polynesia,2006,463,23,27,4,2,1,5,10,12,28,59,111,130,63,11,5,5,5,7,11,17,24,35,49,62,69,61,45,18,10,1,29,6,0
French Polynesia,2007,483,22,26,4,2,1,5,10,12,29,61,114,140,73,12,5,5,5,7,11,18,25,36,50,64,75,65,52,21,10,2,28,6,0
French Polynesia,2008,491,22,26,4,1,0,5,10,11,29,60,112,143,79,13,5,5,5,6,11,18,25,35,48,64,74,69,54,25,10,3,27,5,0
French Polynesia,2009,496,21,25,4,0,0,5,10,11,29,60,111,146,82,15,5,5,5,6,11,18,25,35,47,64,75,71,55,27,10,5,25,5,0
French Polynesia,2010,499,20,24,4,0,0,5,10,10,28,60,110,150,88,15,5,5,5,5,11,17,25,35,47,63,76,74,57,31,10,5,24,5,1
French Polynesia,2011,502,19,22,3,0,0,4,10,10,26,60,107,152,93,17,5,5,5,5,9,17,25,35,44,63,76,76,59,34,12,5,22,4,2
French Polynesia,2012,508,18,21,3,0,0,4,10,10,26,60,107,154,98,17,5,5,5,5,9,17,25,35,44,63,76,78,60,38,12,5,21,4,2
French Polynesia,2013,517,16,19,3,0,0,4,10,10,25,60,104,157,105,20,5,5,5,5,8,17,25,35,44,60,77,80,65,40,15,5,19,4,3
French Polynesia,2014,530,16,19,3,0,0,3,10,10,23,61,104,162,110,23,5,5,5,5,8,15,25,36,44,60,78,84,69,41,18,5,19,3,3
French Polynesia,2015,547,15,17,2,0,0,3,10,10,23,62,105,167,119,26,5,5,5,5,8,15,25,37,45,60,81,86,74,45,20,6,17,3,2
French Polynesia,2016,564,15,17,2,0,0,3,10,10,23,63,108,173,126,31,5,5,5,5,8,15,25,38,47,61,83,90,79,47,24,7,17,3,2
French Polynesia,2017,581,14,15,1,0,0,3,10,10,22,65,110,178,136,33,5,5,5,5,7,15,26,39,48,62,86,92,84,52,25,8,15,3,2
French Polynesia,2018,600,14,15,1,0,0,3,10,10,21,64,113,182,145,36,5,5,5,5,7,14,25,39,50,63,87,95,89,56,27,9,15,3,1
French Polynesia,2019,617,13,13,0,0,0,3,10,10,20,64,116,187,154,38,5,5,5,5,7,13,24,40,51,65,87,100,94,60,29,9,13,3,1
French Polynesia,2020,752,12,12,0,0,0,2,10,10,19,65,179,216,191,47,5,5,5,5,6,13,24,41,71,108,110,106,106,85,36,11,12,2,1
French Polynesia,2021,1009,12,12,0,0,0,2,10,10,25,111,238,300,246,50,5,5,5,5,6,19,40,71,105,133,146,154,146,100,38,12,12,2,2
Gabon,1950,5757,1175,2182,1007,233,119,121,327,352,399,490,645,640,233,12,162,165,170,182,193,206,233,257,304,341,351,289,171,62,12,0,2415,240,0
Gabon,1951,5695,1159,2143,984,228,115,118,317,342,389,482,644,649,247,14,157,160,165,177,188,201,229,253,303,341,353,296,178,69,13,1,2371,233,0
Gabon,1952,5678,1138,2103,965,223,110,116,314,342,393,489,648,659,260,15,154,160,165,177,189,204,232,257,304,344,357,302,187,73,14,1,2326,226,0
Gabon,1953,5608,1120,2062,942,219,107,113,306,335,386,480,642,666,272,18,151,155,161,174,185,201,227,253,300,342,359,307,194,78,16,2,2281,220,0
Gabon,1954,5594,1105,2026,921,213,105,111,303,334,386,484,650,679,283,20,148,155,160,174,185,201,229,255,304,346,365,314,199,84,18,2,2239,216,0
Gabon,1955,5541,1091,1988,897,210,102,109,295,329,381,480,649,684,292,23,145,150,158,171,183,198,227,253,304,345,366,318,205,87,21,2,2198,211,0
Gabon,1956,5487,1079,1952,873,205,100,106,287,320,375,476,648,692,305,25,142,145,154,166,179,196,224,252,304,344,369,323,213,92,23,2,2157,206,0
Gabon,1957,5463,1069,1923,854,203,98,102,284,318,375,477,651,697,313,27,139,145,152,166,179,196,224,253,304,347,370,327,217,96,25,2,2126,200,0
Gabon,1958,5430,1063,1895,832,198,97,101,276,312,370,476,651,704,323,29,136,140,149,163,177,193,224,252,304,347,373,331,222,101,26,3,2093,198,0
Gabon,1959,5414,1061,1880,819,196,96,97,273,308,367,475,652,710,331,32,133,140,147,161,174,193,224,251,304,348,375,335,227,104,28,4,2076,193,0
Gabon,1960,5399,1060,1864,804,192,95,97,267,304,365,474,654,715,340,33,130,137,145,159,174,191,223,251,304,350,376,339,232,108,29,4,2056,192,0
Gabon,1961,5372,1058,1850,792,187,93,95,261,298,360,467,652,723,348,36,126,135,142,156,170,190,219,248,302,350,380,343,236,112,32,4,2037,188,0
Gabon,1962,5355,1056,1837,781,186,92,94,254,293,357,467,652,729,355,37,123,131,139,154,169,188,219,248,302,350,381,348,241,114,32,5,2023,186,0
Gabon,1963,5332,1052,1822,770,182,91,94,249,288,351,466,652,732,363,39,119,130,137,151,166,185,218,248,302,350,382,350,245,118,34,5,2004,185,0
Gabon,1964,5340,1049,1808,759,180,89,95,253,291,352,466,654,739,371,41,123,130,139,152,167,185,218,248,302,352,386,353,250,121,36,5,1988,184,0
Gabon,1965,5291,1048,1795,747,180,89,92,239,280,346,458,650,742,378,43,116,123,133,147,164,182,214,244,300,350,385,357,254,124,37,6,1975,181,1
Gabon,1966,5279,1049,1786,737,177,89,92,237,275,340,456,651,746,385,46,115,122,130,145,160,180,213,243,300,351,387,359,258,127,39,7,1963,181,1
Gabon,1967,5280,1049,1776,727,176,89,91,232,274,340,458,652,754,392,46,114,118,129,145,160,180,213,245,301,351,391,363,261,131,39,7,1952,180,1
Gabon,1968,5274,1050,1770,720,176,87,91,229,269,337,455,655,757,397,49,113,116,127,142,159,178,212,243,301,354,391,366,264,133,42,7,1946,178,1
Gabon,1969,5281,1050,1759,709,175,87,91,228,267,337,458,658,765,406,51,113,115,125,142,159,178,213,245,302,356,395,370,269,137,43,8,1934,178,1
Gabon,1970,5275,1057,1759,702,173,86,91,230,263,331,451,656,768,415,53,115,115,123,140,155,176,209,242,301,355,395,373,274,141,45,8,1932,177,1
Gabon,1971,5282,1066,1761,695,172,87,90,230,258,329,450,654,772,421,54,115,115,121,137,154,175,208,242,299,355,396,376,278,143,46,8,1933,177,1
Gabon,1972,5297,1075,1768,693,171,87,90,229,257,329,450,655,779,427,56,114,115,120,137,154,175,208,242,300,355,399,380,281,146,48,8,1939,177,1
Gabon,1973,5328,1081,1768,687,171,87,92,232,256,330,452,662,787,432,59,116,116,119,137,154,176,208,244,302,360,403,384,284,148,49,10,1939,179,1
Gabon,1974,5331,1083,1765,682,170,87,92,232,255,328,450,663,790,439,60,117,115,119,136,153,175,208,242,303,360,404,386,288,151,49,11,1935,179,1
Gabon,1975,5350,1088,1765,677,169,87,91,232,252,327,453,667,798,446,62,116,116,118,134,152,175,208,245,305,362,408,390,293,153,51,11,1934,178,1
Gabon,1976,5357,1097,1767,670,169,86,93,232,250,324,453,666,802,454,63,116,116,117,133,151,173,208,245,303,363,409,393,296,158,52,11,1936,179,1
Gabon,1977,5359,1106,1771,665,169,86,94,232,249,322,450,665,802,456,65,116,116,118,131,150,172,208,242,303,362,409,393,298,158,54,11,1940,180,1
Gabon,1978,5374,1115,1774,659,168,86,95,229,245,320,450,666,808,466,65,114,115,118,127,149,171,208,242,303,363,411,397,303,163,54,11,1942,181,1
Gabon,1979,5396,1122,1777,655,168,87,95,233,247,320,451,666,810,470,68,117,116,118,129,148,172,208,243,303,363,412,398,306,164,57,11,1945,182,1
Gabon,1980,5417,1130,1781,651,168,87,95,232,248,319,452,671,819,478,68,117,115,120,128,147,172,208,244,305,366,416,403,310,168,57,11,1949,182,1
Gabon,1981,5470,1142,1790,648,168,89,97,239,254,322,455,676,828,484,69,119,120,122,132,149,173,209,246,308,368,420,408,313,171,58,11,1958,186,1
Gabon,1982,5490,1147,1794,647,168,89,100,241,255,320,455,676,831,489,72,121,120,123,132,147,173,209,246,308,368,421,410,316,173,60,12,1962,189,1
Gabon,1983,5489,1152,1793,641,168,89,99,236,254,317,454,675,834,496,74,119,117,123,131,146,171,208,246,307,368,422,412,320,176,62,12,1961,188,1
Gabon,1984,5515,1155,1791,636,168,89,101,245,256,318,454,676,837,502,76,124,121,123,133,146,172,208,246,308,368,422,415,323,179,63,13,1959,190,2
Gabon,1985,5535,1158,1794,636,168,89,101,245,256,315,454,680,843,508,77,124,121,123,133,144,171,208,246,308,372,425,418,327,181,64,13,1962,190,2
Gabon,1986,5543,1163,1796,633,172,91,102,245,255,312,450,679,848,516,81,124,121,122,133,144,168,205,245,308,371,426,422,331,185,67,14,1968,193,2
Gabon,1987,5597,1172,1802,630,173,93,105,251,259,316,457,682,851,520,82,128,123,124,135,148,168,209,248,310,372,427,424,333,187,67,15,1975,198,2
Gabon,1988,5646,1181,1812,631,175,94,107,255,265,318,458,690,859,528,83,129,126,127,138,149,169,209,249,313,377,431,428,338,190,68,15,1987,201,2
Gabon,1989,5678,1185,1817,632,178,95,109,258,266,319,459,691,861,534,86,131,127,127,139,151,168,209,250,314,377,432,429,341,193,70,16,1995,204,2
Gabon,1990,5735,1187,1821,634,178,99,113,265,272,327,464,697,869,541,89,134,131,131,141,155,172,211,253,316,381,436,433,345,196,73,16,1999,212,2
Gabon,1991,5797,1193,1827,634,182,100,116,275,279,334,468,702,876,548,90,139,136,134,145,158,176,213,255,319,383,440,436,348,200,74,16,2009,216,2
Gabon,1992,5813,1200,1836,636,183,104,117,274,277,333,465,699,880,553,90,139,135,134,143,157,176,211,254,317,382,441,439,351,202,74,16,2019,221,2
Gabon,1993,5883,1207,1844,637,187,105,121,282,285,341,467,708,883,561,93,144,138,139,146,161,180,211,256,321,387,442,441,355,206,77,16,2031,226,2
Gabon,1994,5953,1207,1849,642,191,109,126,293,294,349,474,714,890,566,95,150,143,143,151,165,184,214,260,324,390,446,444,357,209,78,17,2040,235,2
Gabon,1995,6037,1203,1848,645,193,112,130,306,306,362,482,725,899,574,98,156,150,149,157,171,191,220,262,330,395,451,448,362,212,80,18,2041,242,2
Gabon,1996,6147,1206,1851,645,197,115,137,321,322,377,497,739,910,579,100,164,157,157,165,179,198,229,268,337,402,457,453,365,214,82,18,2048,252,2
Gabon,1997,6236,1215,1853,638,198,118,141,335,335,389,509,748,917,589,101,171,164,163,172,184,205,236,273,341,407,461,456,370,219,82,19,2051,259,2
Gabon,1998,6274,1227,1863,636,198,119,144,340,337,391,506,748,921,595,105,174,166,164,173,185,206,236,270,341,407,462,459,372,223,86,19,2061,263,3
Gabon,1999,6388,1234,1867,633,198,121,150,357,355,411,523,761,930,603,108,182,175,173,182,194,217,246,277,348,413,467,463,377,226,88,20,2065,271,3
Gabon,2000,6510,1245,1873,628,197,123,154,374,374,429,541,776,940,611,116,190,184,182,192,204,225,256,285,355,421,472,468,381,230,93,23,2070,277,3
Gabon,2001,6564,1251,1877,626,195,123,157,381,379,435,550,779,949,619,118,194,187,184,195,208,227,261,289,356,423,477,472,385,234,94,24,2072,280,4
Gabon,2002,6701,1256,1880,624,194,125,161,399,402,457,574,798,959,627,123,202,197,196,206,219,238,271,303,365,433,482,477,390,237,97,26,2074,286,5
Gabon,2003,6788,1255,1867,612,190,124,163,411,418,474,594,811,972,635,127,207,204,204,214,228,246,282,312,371,440,490,482,394,241,99,28,2057,287,5
Gabon,2004,6862,1256,1859,603,186,123,166,428,432,487,607,818,978,645,129,216,212,211,221,234,253,288,319,374,444,493,485,399,246,101,28,2045,289,6
Gabon,2005,7005,1260,1857,597,186,123,170,446,457,515,634,836,990,655,135,223,223,223,234,249,266,301,333,385,451,500,490,404,251,105,30,2043,293,6
Gabon,2006,7094,1266,1863,597,185,120,170,459,475,530,645,840,995,664,142,228,231,233,242,256,274,307,338,390,450,501,494,409,255,109,33,2048,290,7
Gabon,2007,7236,1269,1859,590,182,120,175,491,508,555,661,847,1003,675,146,241,250,250,258,269,286,315,346,397,450,504,499,415,260,112,34,2041,295,8
Gabon,2008,7360,1272,1848,576,179,115,171,487,525,581,694,880,1025,687,152,237,250,257,268,280,301,330,364,417,463,517,508,422,265,115,37,2027,286,9
Gabon,2009,7558,1282,1835,553,173,114,171,510,562,621,736,920,1044,701,159,246,264,274,288,300,321,350,386,439,481,528,516,428,273,120,39,2008,285,11
Gabon,2010,7635,1291,1829,538,170,111,170,511,562,628,753,945,1061,716,168,246,265,274,288,303,325,359,394,452,493,537,524,436,280,125,43,1999,281,12
Gabon,2011,7869,1299,1807,508,160,108,169,533,616,684,805,990,1079,729,176,251,282,299,317,331,353,386,419,477,513,546,533,444,285,130,46,1967,277,13
Gabon,2012,7951,1286,1775,489,155,105,166,535,628,702,829,1018,1095,744,183,251,284,305,323,339,363,399,430,490,528,553,542,452,292,135,48,1930,271,15
Gabon,2013,8152,1271,1742,471,152,104,166,548,666,750,877,1065,1116,761,191,253,295,322,344,363,387,424,453,515,550,565,551,460,301,139,52,1894,270,16
Gabon,2014,8340,1251,1700,449,148,100,164,559,703,795,926,1114,1138,775,199,256,303,338,365,385,410,448,478,541,573,578,560,468,307,144,55,1848,264,17
Gabon,2015,8399,1220,1639,419,142,99,161,553,712,819,957,1149,1160,789,204,251,302,340,372,396,423,463,494,558,591,593,567,476,313,147,57,1781,260,18
Gabon,2016,8397,1171,1551,380,135,94,156,536,712,835,990,1182,1180,799,205,242,294,337,375,402,433,477,513,573,609,606,574,482,317,150,55,1686,250,18
Gabon,2017,8544,1138,1497,359,133,94,156,536,742,882,1044,1229,1205,808,203,239,297,349,393,424,458,504,540,598,631,626,579,487,321,150,53,1630,250,18
Gabon,2018,8653,1106,1462,356,135,95,157,532,763,921,1080,1257,1218,816,198,235,297,355,408,443,478,522,558,612,645,636,582,492,324,149,49,1597,252,16
Gabon,2019,8610,1082,1437,355,135,95,156,512,743,915,1082,1264,1229,824,198,228,284,344,399,439,476,521,561,614,650,643,586,498,326,149,49,1572,251,15
Gabon,2020,9022,1054,1407,353,136,97,155,493,735,933,1163,1414,1349,910,215,220,273,336,399,443,490,552,611,683,731,717,632,540,370,165,50,1543,252,14
Gabon,2021,9706,1025,1374,349,137,100,159,497,767,1055,1312,1584,1501,987,219,223,274,344,423,494,561,629,683,764,820,800,701,590,397,170,49,1511,259,13
Gambia,1950,5041,1364,3306,1942,277,107,107,257,196,200,202,207,149,31,0,133,124,99,97,100,100,100,102,105,102,89,60,27,4,0,0,3583,214,0
Gambia,1951,5092,1410,3287,1877,285,110,111,266,206,203,209,215,158,39,0,137,129,106,100,103,100,104,105,110,105,94,64,31,8,0,0,3572,221,0
Gambia,1952,5186,1444,3319,1875,291,114,112,275,215,210,214,220,168,44,1,142,133,113,102,105,105,105,109,110,110,99,69,33,11,1,0,3610,226,0
Gambia,1953,5294,1477,3370,1893,292,118,114,284,225,220,221,229,175,48,1,147,137,120,105,110,110,110,111,115,114,104,71,36,12,1,0,3662,232,0
Gambia,1954,5407,1510,3438,1928,284,121,117,292,238,221,226,235,183,54,2,151,141,129,109,111,110,111,115,119,116,107,76,40,14,2,0,3722,238,0
Gambia,1955,5529,1543,3516,1973,275,124,117,298,245,230,232,240,189,58,2,152,146,132,113,115,115,115,117,120,120,110,79,42,16,2,0,3791,241,0
Gambia,1956,5672,1576,3592,2016,275,131,122,307,260,235,240,250,197,61,2,157,150,139,121,119,116,119,121,125,125,114,83,44,17,2,0,3867,253,0
Gambia,1957,5743,1592,3614,2022,275,133,125,310,270,240,244,256,206,65,4,158,152,144,126,120,120,120,124,129,127,119,87,47,18,4,0,3889,258,0
Gambia,1958,5810,1606,3633,2027,279,135,127,315,280,245,251,260,213,69,4,159,156,145,135,123,122,125,126,130,130,123,90,49,20,4,0,3912,262,0
Gambia,1959,5879,1621,3661,2040,283,131,131,318,288,251,253,268,217,71,4,161,157,149,139,126,125,125,128,134,134,124,93,51,20,4,0,3944,262,0
Gambia,1960,5949,1635,3679,2044,292,128,136,324,297,259,261,270,225,75,4,164,160,151,146,130,129,130,131,135,135,129,96,54,21,4,0,3971,264,0
Gambia,1961,6027,1649,3702,2053,301,125,140,330,305,266,265,280,232,78,5,167,163,155,150,136,130,130,135,140,140,132,100,56,22,5,0,4003,265,0
Gambia,1962,6108,1664,3727,2063,309,124,142,334,313,277,272,288,237,82,5,171,163,158,155,144,133,135,137,143,145,134,103,58,24,5,0,4036,266,0
Gambia,1963,6177,1676,3747,2071,316,125,143,339,316,285,279,290,244,86,5,175,164,160,156,150,135,139,140,145,145,139,105,61,25,5,0,4063,268,0
Gambia,1964,6256,1686,3763,2077,325,128,142,348,324,299,283,299,251,88,6,181,167,164,160,159,140,140,143,149,150,143,108,63,25,6,0,4088,270,0
Gambia,1965,6313,1693,3770,2077,332,129,139,354,327,306,290,308,257,91,6,185,169,165,162,163,143,144,146,153,155,145,112,65,26,6,0,4102,268,0
Gambia,1966,6355,1696,3769,2073,339,134,135,360,330,316,295,310,263,93,7,189,171,165,165,168,148,147,148,155,155,149,114,66,27,7,0,4108,269,0
Gambia,1967,6410,1704,3770,2066,348,138,132,368,334,327,300,319,272,99,7,194,174,167,167,172,155,148,152,159,160,154,118,70,29,7,0,4118,270,0
Gambia,1968,6480,1714,3774,2060,356,141,133,372,339,340,308,328,279,102,8,194,178,169,170,175,165,152,156,163,165,157,122,71,31,8,0,4130,274,0
Gambia,1969,6549,1728,3784,2056,363,145,136,375,344,352,315,336,286,106,10,192,183,170,174,179,173,156,159,166,170,161,125,75,31,10,0,4147,281,0
Gambia,1970,6603,1740,3795,2055,367,147,139,372,345,357,321,339,293,109,12,185,187,171,174,180,177,159,162,169,170,164,129,77,32,11,1,4162,286,0
Gambia,1971,6692,1754,3807,2053,375,153,143,378,353,369,333,349,302,114,12,185,193,176,177,185,184,166,167,174,175,169,133,80,34,11,1,4182,296,0
Gambia,1972,6764,1773,3815,2042,384,157,148,379,358,379,344,358,309,116,14,182,197,179,179,189,190,175,169,178,180,174,135,82,34,12,2,4199,305,0
Gambia,1973,6844,1793,3840,2047,388,160,152,378,363,381,357,368,318,122,15,181,197,183,180,190,191,185,172,183,185,178,140,85,37,13,2,4228,312,0
Gambia,1974,6940,1807,3856,2049,398,164,157,382,371,390,372,378,329,127,16,186,196,189,182,194,196,194,178,188,190,184,145,89,38,13,3,4254,321,0
Gambia,1975,7071,1820,3874,2054,408,169,161,381,372,392,385,391,360,157,21,191,190,190,182,196,196,201,184,193,198,197,163,106,51,17,4,4282,330,0
Gambia,1976,7184,1834,3892,2058,414,172,166,377,373,391,393,405,388,184,27,194,183,192,181,194,197,204,189,198,207,209,179,123,61,22,5,4306,338,0
Gambia,1977,7311,1847,3905,2058,424,174,170,377,374,392,404,415,422,217,33,198,179,192,182,193,199,208,196,201,214,223,199,143,74,27,6,4329,344,0
Gambia,1978,7564,1875,3951,2076,447,185,180,393,385,401,425,438,460,252,41,209,184,197,188,196,205,214,211,210,228,239,221,163,89,34,7,4398,365,0
Gambia,1979,7596,1878,3935,2057,449,183,179,391,369,389,425,444,492,289,49,209,182,185,184,189,200,211,214,211,233,252,240,184,105,41,8,4384,362,0
Gambia,1980,7730,1898,3946,2048,459,187,183,400,362,385,432,459,529,327,58,216,184,178,184,187,198,211,221,219,240,267,262,208,119,47,11,4405,370,0
Gambia,1981,8410,1919,3967,2048,474,195,235,598,471,452,484,504,585,376,67,324,274,235,236,225,227,237,247,242,262,292,293,237,139,56,11,4441,430,1
Gambia,1982,7990,1940,3977,2037,476,196,191,417,351,377,437,493,596,403,76,226,191,166,185,185,192,211,226,237,256,294,302,252,151,61,15,4453,387,1
Gambia,1983,8128,1958,3991,2033,482,200,196,429,347,375,442,509,631,444,86,233,196,166,181,185,190,213,229,248,261,309,322,275,169,70,16,4473,396,1
Gambia,1984,8299,1976,4001,2025,493,207,201,443,342,373,444,535,674,490,95,240,203,166,176,185,188,213,231,262,273,326,348,302,188,78,17,4494,408,1
Gambia,1985,8359,1995,4005,2010,495,211,207,460,342,376,445,545,677,496,97,249,211,173,169,188,188,213,232,268,277,328,349,306,190,79,18,4500,418,1
Gambia,1986,8467,2017,4010,1993,507,217,214,482,348,383,450,560,684,506,99,260,222,181,167,192,191,215,235,273,287,330,354,311,195,81,18,4517,431,1
Gambia,1987,8550,2036,4025,1989,510,220,219,501,352,386,451,575,691,516,104,269,232,188,164,194,192,214,237,279,296,332,359,316,200,85,19,4535,439,1
Gambia,1988,8604,2056,4036,1980,506,218,224,514,356,382,448,586,695,527,109,275,239,194,162,190,192,211,237,280,306,332,363,321,206,87,22,4542,442,1
Gambia,1989,8741,2075,4053,1978,515,222,231,536,371,385,456,604,712,543,115,285,251,203,168,188,197,215,241,285,319,341,371,330,213,92,23,4568,453,2
Gambia,1990,8842,2097,4063,1966,520,226,237,550,387,383,457,614,724,560,120,292,258,212,175,183,200,215,242,285,329,348,376,339,221,97,23,4583,463,2
Gambia,1991,8950,2121,4083,1962,522,227,241,566,399,382,460,629,741,575,125,299,267,219,180,178,204,217,243,290,339,358,383,347,228,101,24,4605,468,2
Gambia,1992,9021,2139,4088,1949,524,226,243,577,413,378,458,632,760,590,128,304,273,227,186,173,205,218,240,290,342,371,389,355,235,104,24,4612,469,2
Gambia,1993,9052,2147,4073,1926,525,227,246,586,425,374,457,638,772,596,132,309,277,234,191,172,202,219,238,293,345,383,389,358,238,106,26,4598,473,2
Gambia,1994,8894,2145,4035,1890,504,219,239,571,424,362,451,625,758,575,121,300,271,233,191,171,191,218,233,287,338,380,378,346,229,98,23,4539,458,2
Gambia,1995,8822,2128,3974,1846,502,219,241,572,434,357,451,622,762,569,121,300,272,237,197,173,184,219,232,285,337,384,378,343,226,98,23,4476,460,2
Gambia,1996,8786,2106,3900,1794,502,222,243,575,443,355,454,624,775,577,121,302,273,241,202,178,177,222,232,284,340,390,385,347,230,98,23,4402,465,2
Gambia,1997,8940,2100,3853,1753,530,237,258,604,471,369,470,635,798,592,123,318,286,254,217,190,179,231,239,289,346,399,399,355,237,100,23,4383,495,2
Gambia,1998,8954,2086,3772,1686,540,243,264,615,485,375,472,638,820,605,125,324,291,259,226,197,178,229,243,288,350,405,415,361,244,102,23,4312,507,2
Gambia,1999,9046,2075,3725,1650,555,253,275,633,502,391,474,644,840,618,131,334,299,266,236,208,183,226,248,290,354,410,430,369,249,107,24,4280,528,2
Gambia,2000,9098,2038,3633,1595,569,263,288,658,520,410,475,651,857,635,134,348,310,275,245,218,192,221,254,294,357,415,442,379,256,110,24,4202,551,2
Gambia,2001,9223,2020,3571,1551,591,278,302,683,541,435,480,661,879,658,140,362,321,285,256,232,203,218,262,300,361,424,455,394,264,114,26,4162,580,2
Gambia,2002,9323,1993,3496,1503,612,291,316,710,561,455,484,671,900,679,144,378,332,294,267,244,211,215,269,305,366,433,467,409,270,118,26,4108,607,2
Gambia,2003,9219,1970,3428,1458,597,285,315,707,554,461,472,665,897,694,146,378,329,290,264,247,214,210,262,305,360,430,467,420,274,119,27,4025,600,2
Gambia,2004,9135,1964,3383,1419,591,283,317,708,558,474,469,664,878,672,131,379,329,291,267,253,221,214,255,308,356,424,454,411,261,109,22,3974,600,2
Gambia,2005,9188,1957,3350,1393,604,291,327,733,575,500,475,676,874,659,123,393,340,301,274,264,236,224,251,316,360,425,449,405,254,104,19,3954,618,1
Gambia,2006,9044,1952,3304,1352,588,285,322,718,567,505,468,673,855,640,115,384,334,295,272,264,241,230,238,317,356,416,439,394,246,97,18,3892,607,1
Gambia,2007,8968,1938,3263,1325,577,281,322,720,568,514,468,677,842,623,111,386,334,295,273,267,247,237,231,319,358,410,432,382,241,93,18,3840,603,1
Gambia,2008,8808,1917,3205,1288,558,272,317,705,558,513,468,668,825,608,107,378,327,290,268,264,249,242,226,312,356,401,424,371,237,90,17,3763,589,1
Gambia,2009,8916,1900,3160,1260,576,281,330,732,578,537,497,677,834,605,105,393,339,300,278,274,263,259,238,310,367,407,427,368,237,89,16,3736,611,1
Gambia,2010,8862,1879,3117,1238,564,277,329,730,577,544,512,675,831,600,105,392,338,300,277,275,269,268,244,300,375,406,425,366,234,89,16,3681,606,1
Gambia,2011,8744,1856,3060,1204,548,268,324,721,568,543,527,666,825,591,103,387,334,295,273,273,270,276,251,288,378,405,420,361,230,87,16,3608,592,1
Gambia,2012,8773,1830,3003,1173,553,272,329,734,577,557,554,670,835,590,104,395,339,300,277,279,278,290,264,285,385,413,422,361,229,88,16,3556,601,1
Gambia,2013,8818,1794,2934,1140,562,277,337,752,592,571,582,674,846,590,104,404,348,308,284,285,286,304,278,287,387,422,424,363,227,88,16,3496,614,1
Gambia,2014,9015,1751,2855,1104,596,296,354,794,623,602,627,692,874,599,104,426,368,324,299,300,302,326,301,304,388,441,433,369,230,88,16,3451,650,1
Gambia,2015,9025,1702,2767,1065,600,301,361,807,634,617,655,698,891,597,103,434,373,330,304,307,310,338,317,318,380,453,438,370,227,87,16,3367,662,1
Gambia,2016,9019,1652,2678,1026,598,304,367,816,642,626,682,702,905,599,98,438,378,334,308,311,315,350,332,332,370,462,443,371,228,84,14,3276,671,1
Gambia,2017,9213,1607,2593,986,627,322,386,856,674,657,725,732,938,609,95,459,397,351,323,326,331,369,356,358,374,480,458,378,231,84,11,3220,708,1
Gambia,2018,9331,1561,2504,943,642,336,399,888,695,679,763,758,956,614,95,476,412,362,333,337,342,385,378,379,379,485,471,382,232,84,11,3146,735,1
Gambia,2019,9269,1526,2431,905,622,331,398,885,695,679,779,785,953,616,95,474,411,362,333,336,343,390,389,396,389,474,479,383,233,84,11,3053,729,0
Gambia,2020,10093,1496,2368,872,635,342,403,889,724,775,962,1032,1129,731,107,477,412,370,354,377,398,468,494,522,510,561,568,452,279,95,12,3003,745,0
Gambia,2021,10481,1472,2315,843,602,333,416,917,761,837,1059,1161,1209,760,108,491,426,387,374,400,437,516,543,583,578,590,619,475,285,95,13,2917,749,0
Georgia,1950,32036,4882,6117,1235,161,231,313,998,1169,2146,2903,5158,7299,5063,482,531,467,422,747,960,1186,1223,1680,2261,2897,3470,3829,3332,1731,455,27,6278,544,0
Georgia,1951,31736,4965,6250,1285,159,216,319,1069,1126,2163,2899,5036,7004,4985,508,532,537,427,699,963,1200,1248,1651,2224,2812,3376,3628,3274,1711,472,36,6409,535,0
Georgia,1952,30828,4928,6229,1301,158,191,328,1107,1074,2132,2852,4829,6653,4754,519,505,602,441,633,948,1184,1262,1590,2147,2682,3242,3411,3094,1660,475,44,6387,519,0
Georgia,1953,30335,4925,6220,1295,168,167,339,1150,1056,2119,2862,4700,6454,4565,530,480,670,476,580,938,1181,1301,1561,2101,2599,3164,3290,2928,1637,481,49,6388,506,1
Georgia,1954,29916,4911,6194,1283,180,145,345,1184,1073,2097,2885,4589,6272,4408,541,463,721,526,547,916,1181,1334,1551,2065,2524,3078,3194,2789,1619,486,55,6374,490,1
Georgia,1955,29371,4963,6231,1268,185,128,336,1191,1116,2035,2887,4453,6037,4226,544,453,738,587,529,867,1168,1345,1542,2012,2441,2958,3079,2635,1591,485,59,6416,464,2
Georgia,1956,29119,5042,6298,1256,194,121,313,1197,1204,1984,2928,4371,5868,4088,550,461,736,669,535,814,1170,1358,1570,1973,2398,2869,2999,2522,1566,486,64,6492,434,2
Georgia,1957,28727,5107,6360,1253,200,120,280,1179,1309,1904,2956,4258,5687,3919,552,475,704,754,555,743,1161,1352,1604,1920,2338,2768,2919,2418,1501,485,67,6560,400,3
Georgia,1958,28327,5151,6405,1254,200,124,243,1155,1424,1822,2979,4152,5509,3759,551,489,666,830,594,678,1144,1339,1640,1875,2277,2670,2839,2340,1419,481,70,6605,367,4
Georgia,1959,28271,5166,6419,1253,203,133,211,1148,1555,1767,3041,4135,5407,3688,558,500,648,896,659,644,1123,1347,1694,1879,2256,2617,2790,2310,1378,484,74,6622,344,4
Georgia,1960,27928,5183,6431,1248,202,143,187,1124,1652,1694,3046,4080,5236,3573,555,486,638,917,735,626,1068,1335,1711,1876,2204,2542,2694,2248,1325,480,75,6633,330,5
Georgia,1961,28066,5116,6356,1240,204,154,180,1126,1778,1664,3123,4148,5213,3556,562,465,661,929,849,645,1019,1363,1760,1945,2203,2546,2667,2245,1311,483,79,6560,334,5
Georgia,1962,27633,4970,6192,1222,207,160,180,1100,1851,1607,3112,4139,5069,3467,541,416,684,894,957,671,936,1355,1757,1992,2147,2489,2580,2194,1273,462,79,6399,340,5
Georgia,1963,27454,4803,5993,1190,207,166,190,1081,1931,1596,3124,4204,4996,3433,525,369,712,862,1069,727,869,1356,1768,2070,2134,2463,2533,2172,1261,445,80,6200,356,6
Georgia,1964,27012,4525,5671,1146,211,168,202,1045,1975,1623,3087,4243,4896,3370,513,322,723,834,1141,799,824,1322,1765,2120,2123,2425,2471,2123,1247,434,79,5882,370,6
Georgia,1965,26328,4198,5285,1087,206,169,215,985,1985,1683,3000,4252,4767,3271,501,285,700,820,1165,885,798,1255,1745,2137,2115,2367,2400,2050,1221,423,78,5491,384,6
Georgia,1966,26529,3946,4959,1013,210,174,235,954,2050,1859,3012,4439,4826,3293,512,277,677,859,1191,1028,831,1213,1799,2220,2219,2392,2434,2054,1239,432,80,5169,409,6
Georgia,1967,26597,3837,4792,955,212,182,243,871,2016,2007,2912,4537,4939,3376,505,268,603,868,1148,1148,859,1120,1792,2219,2318,2419,2520,2115,1261,427,78,5004,425,7
Georgia,1968,26395,3672,4579,907,206,187,250,790,1946,2136,2772,4571,4996,3461,493,267,523,859,1087,1234,902,1028,1744,2188,2383,2412,2584,2169,1292,421,72,4785,437,7
Georgia,1969,26680,3562,4422,860,209,196,261,739,1900,2300,2680,4656,5155,3657,498,284,455,847,1053,1315,985,976,1704,2199,2457,2462,2693,2297,1360,426,72,4631,457,7
Georgia,1970,27066,3464,4272,808,200,202,276,707,1856,2459,2597,4718,5336,3930,505,309,398,823,1033,1363,1096,951,1646,2218,2500,2547,2789,2487,1443,430,75,4472,478,7
Georgia,1971,26688,3395,4155,760,189,204,286,696,1808,2617,2495,4680,5210,3832,509,338,358,792,1016,1377,1240,943,1552,2203,2477,2566,2644,2396,1436,433,76,4344,490,7
Georgia,1972,26465,3334,4057,723,178,199,286,693,1742,2717,2430,4657,5191,3788,518,352,341,729,1013,1340,1377,973,1457,2188,2469,2632,2559,2362,1426,442,76,4235,485,7
Georgia,1973,26022,3249,3947,698,168,193,283,706,1648,2756,2373,4584,5123,3708,531,358,348,641,1007,1270,1486,1027,1346,2135,2449,2653,2470,2293,1415,456,75,4115,476,7
Georgia,1974,26212,3173,3851,678,158,191,287,751,1584,2843,2424,4617,5206,3725,567,369,382,561,1023,1234,1609,1138,1286,2119,2498,2718,2488,2282,1443,489,78,4009,478,7
Georgia,1975,26207,3151,3813,662,148,183,286,793,1499,2869,2513,4565,5257,3691,586,377,416,486,1013,1199,1670,1267,1246,2053,2512,2735,2522,2234,1457,505,81,3961,469,7
Georgia,1976,26219,3061,3690,629,139,176,286,831,1416,2875,2681,4508,5353,3663,589,382,449,438,978,1189,1686,1431,1250,1971,2537,2753,2600,2192,1471,507,82,3829,462,8
Georgia,1977,26038,2965,3563,598,135,167,281,857,1325,2835,2885,4384,5422,3581,593,386,471,421,904,1189,1646,1595,1290,1856,2528,2754,2668,2130,1451,508,85,3698,448,8
Georgia,1978,25969,2906,3478,572,126,156,276,876,1246,2786,3132,4251,5503,3523,608,390,486,439,807,1198,1588,1752,1380,1745,2506,2777,2726,2090,1433,517,91,3604,432,8
Georgia,1979,26095,2834,3375,541,123,148,272,897,1182,2751,3412,4153,5612,3535,631,395,502,477,705,1215,1536,1892,1520,1670,2483,2826,2786,2111,1424,533,98,3498,420,8
Georgia,1980,25904,2789,3311,522,117,136,259,894,1119,2662,3615,3995,5614,3536,634,388,506,515,604,1188,1474,1942,1673,1607,2388,2824,2790,2143,1393,535,99,3428,395,8
Georgia,1981,26075,2738,3245,507,114,131,251,912,1104,2632,3863,3921,5663,3583,646,393,519,558,546,1157,1475,1971,1892,1620,2301,2853,2810,2207,1376,545,101,3359,382,9
Georgia,1982,25961,2685,3175,490,113,126,238,913,1111,2552,4031,3835,5634,3584,641,390,523,585,526,1072,1480,1924,2107,1669,2166,2834,2800,2252,1332,540,101,3288,364,9
Georgia,1983,26720,2651,3127,476,107,124,234,949,1193,2541,4315,3946,5805,3708,660,400,549,628,565,991,1550,1919,2396,1843,2103,2900,2905,2363,1345,551,109,3234,358,10
Georgia,1984,26909,2639,3097,458,106,123,219,954,1267,2437,4442,4017,5817,3758,660,397,557,646,621,865,1572,1852,2590,2019,1998,2877,2940,2418,1340,548,112,3203,342,11
Georgia,1985,27057,2598,3042,444,102,118,209,948,1348,2320,4512,4189,5781,3825,652,386,562,663,685,748,1572,1803,2709,2254,1935,2815,2966,2458,1367,540,112,3144,327,11
Georgia,1986,27514,2539,2974,435,103,118,203,948,1436,2229,4585,4540,5765,3952,645,374,574,684,752,677,1552,1811,2774,2572,1968,2739,3026,2509,1443,531,114,3077,321,11
Georgia,1987,27966,2455,2896,441,100,118,203,948,1512,2139,4617,5016,5707,4069,627,360,588,705,807,666,1473,1856,2761,2941,2075,2622,3085,2547,1522,515,112,2996,321,11
Georgia,1988,28270,2389,2819,430,95,113,199,927,1563,2037,4581,5542,5610,4156,616,339,588,719,844,710,1327,1906,2675,3304,2238,2476,3134,2575,1581,506,110,2914,312,11
Georgia,1989,29404,2363,2793,430,100,116,204,943,1659,2017,4676,6260,5656,4338,633,339,604,758,901,824,1193,2025,2651,3708,2552,2403,3253,2675,1663,521,112,2893,320,12
Georgia,1990,29654,2349,2763,414,95,111,192,896,1692,1935,4634,6732,5514,4440,645,318,578,772,920,914,1021,2042,2592,3868,2864,2327,3187,2741,1699,536,109,2858,303,12
Georgia,1991,29813,2248,2666,418,100,113,198,899,1744,1902,4616,7150,5328,4422,664,332,567,797,947,993,909,2020,2596,3910,3240,2328,3000,2728,1694,561,103,2766,311,11
Georgia,1992,30306,2057,2456,399,93,106,245,1142,1973,2008,4595,7503,5155,4348,673,468,674,929,1044,1100,908,1928,2667,3832,3671,2397,2758,2698,1650,576,97,2549,351,10
Georgia,1993,29988,1874,2252,378,88,102,277,1300,2107,2124,4388,7593,4922,4168,662,567,733,1005,1102,1153,971,1698,2690,3584,4009,2470,2452,2601,1567,571,91,2340,379,10
Georgia,1994,27561,1708,2054,346,84,92,160,697,1598,1956,3939,7466,4807,4034,668,271,426,705,893,999,957,1335,2604,3270,4196,2623,2184,2512,1522,577,91,2138,252,9
Georgia,1995,27077,1572,1887,315,82,89,153,664,1548,2037,3705,7427,4939,3866,669,259,405,662,886,993,1044,1099,2606,3115,4312,2913,2026,2378,1488,577,92,1969,242,9
Georgia,1996,26750,1445,1726,281,77,87,144,633,1491,2104,3474,7380,5305,3657,661,247,386,610,881,990,1114,935,2539,3078,4302,3310,1995,2196,1461,568,93,1803,231,8
Georgia,1997,26048,1320,1571,251,75,84,136,603,1409,2108,3173,7147,5729,3368,635,233,370,551,858,971,1137,865,2308,3060,4087,3716,2013,1956,1412,541,94,1646,220,8
Georgia,1998,25360,1195,1417,222,69,82,128,571,1327,2089,2874,6864,6214,3105,609,221,350,499,828,952,1137,899,1975,3072,3792,4114,2100,1737,1368,515,94,1486,210,7
Georgia,1999,24942,1071,1265,194,63,79,122,540,1251,2080,2629,6662,6748,2892,598,208,332,460,791,945,1135,1001,1628,3122,3540,4435,2313,1564,1328,503,95,1328,201,7
Georgia,2000,24460,965,1133,168,57,77,117,507,1164,2058,2405,6469,7178,2702,586,194,313,431,733,935,1123,1107,1298,3118,3351,4556,2622,1451,1251,492,94,1190,194,7
Georgia,2001,24741,861,1005,144,52,78,118,494,1108,2103,2310,6487,7750,2640,584,188,306,424,684,956,1147,1221,1089,3100,3387,4647,3103,1470,1170,491,93,1057,196,8
Georgia,2002,24259,776,900,124,48,74,116,468,1021,2077,2259,6210,7983,2536,558,178,290,407,614,941,1136,1261,998,2807,3403,4423,3560,1500,1036,469,89,948,190,7
Georgia,2003,24036,704,811,107,43,70,114,453,961,2065,2368,5896,8180,2530,536,173,280,396,565,926,1139,1291,1077,2404,3492,4146,4034,1608,922,451,85,854,184,7
Georgia,2004,24151,656,748,92,39,68,115,447,922,2056,2575,5611,8354,2695,510,172,275,387,535,903,1153,1312,1263,1983,3628,3928,4426,1852,843,431,79,787,183,7
Georgia,2005,24222,604,685,81,34,63,113,425,886,2018,2779,5312,8424,2992,478,166,259,372,514,852,1166,1325,1454,1605,3707,3802,4622,2181,811,402,76,719,176,7
Georgia,2006,24555,549,619,70,33,59,113,419,874,1988,2970,5057,8542,3438,436,167,252,365,509,795,1193,1351,1619,1372,3685,3858,4684,2599,839,363,73,652,172,6
Georgia,2007,24326,508,570,62,28,54,108,405,845,1903,3035,4676,8417,3892,382,164,241,350,495,719,1184,1344,1691,1306,3370,3926,4491,3004,888,315,67,598,162,6
Georgia,2008,25360,480,535,55,27,52,140,559,947,1956,3223,4498,8558,4503,359,249,310,404,543,717,1239,1417,1806,1491,3007,4185,4373,3502,1001,293,66,562,192,6
Georgia,2009,25195,458,509,51,23,48,104,403,825,1829,3254,4256,8583,5013,342,168,235,338,487,649,1180,1421,1833,1745,2511,4387,4196,3852,1161,277,65,532,152,5
Georgia,2010,25257,426,473,47,22,44,97,400,798,1746,3306,4063,8596,5369,336,167,233,325,473,628,1118,1447,1859,2008,2055,4502,4094,4005,1364,274,62,495,141,5
Georgia,2011,25356,388,432,44,20,39,88,397,780,1663,3346,4023,8613,5614,337,163,234,317,463,623,1040,1463,1883,2217,1806,4425,4188,4005,1609,283,54,452,127,5
Georgia,2012,26403,356,397,41,18,37,83,404,795,1652,3503,4328,8812,6009,362,163,241,322,473,643,1009,1522,1981,2436,1892,4262,4550,4071,1938,314,48,415,120,5
Georgia,2013,26503,338,377,39,17,33,76,390,777,1596,3508,4635,8538,6161,392,152,238,315,462,634,962,1501,2007,2517,2118,3767,4771,3993,2168,346,46,394,109,5
Georgia,2014,26080,327,363,36,16,30,69,366,745,1518,3417,4886,8039,6196,431,139,227,306,439,607,911,1429,1988,2513,2373,3203,4836,3917,2279,390,41,379,99,4
Georgia,2015,25786,324,362,38,15,27,65,354,725,1466,3387,5139,7550,6187,506,131,223,300,425,594,872,1380,2007,2537,2602,2745,4805,3827,2360,464,42,377,92,4
Georgia,2016,25421,307,343,36,14,25,60,339,710,1420,3326,5339,7083,6168,594,122,217,297,413,577,843,1310,2016,2555,2784,2457,4626,3800,2368,551,43,357,85,4
Georgia,2017,25185,288,324,36,12,22,55,326,699,1392,3271,5507,6700,6180,689,114,212,294,405,566,826,1241,2030,2586,2921,2403,4297,3848,2332,643,46,336,77,3
Georgia,2018,25974,273,307,34,12,22,52,328,720,1427,3342,5874,6642,6439,800,113,215,305,415,580,847,1230,2112,2736,3138,2659,3983,4083,2356,746,54,319,74,3
Georgia,2019,25944,249,282,33,11,21,49,318,723,1418,3298,6042,6442,6477,861,109,209,306,417,574,844,1192,2106,2810,3232,2966,3476,4177,2300,796,65,293,70,3
Georgia,2020,28036,233,263,30,11,19,44,302,750,1487,3454,6692,6976,7099,936,103,199,312,438,596,891,1244,2210,3099,3593,3606,3370,4619,2480,858,78,274,63,3
Georgia,2021,29635,232,261,29,10,17,49,317,809,1651,3761,7410,7363,7097,888,112,205,334,475,659,992,1384,2377,3466,3944,4092,3271,4636,2461,802,86,271,66,3
Germany,1950,397028,38245,43328,5083,2365,2161,3349,8990,8435,23464,48603,88338,112361,47616,7841,5132,3858,2834,5601,8991,14473,20284,28319,38471,49867,58915,53446,30423,17193,6367,1474,45693,5510,179
Germany,1951,398525,35430,40432,5002,2023,2105,3341,8951,8148,23254,49769,87963,116310,49606,6507,5121,3830,3039,5109,8751,14503,21208,28561,38265,49698,59058,57252,32641,16965,5683,824,42455,5446,118
Germany,1952,401249,33000,37822,4822,1849,2008,3419,8901,7854,22931,51168,87499,119374,52493,5822,5031,3870,3357,4497,8537,14394,22125,29043,37999,49500,59119,60255,35369,17124,5228,594,39671,5427,105
Germany,1953,404556,30965,35562,4597,1772,1879,3575,8886,7550,22592,52671,87066,120943,56535,5453,4868,4018,3663,3887,8327,14265,22880,29791,37658,49408,59024,61919,39055,17480,4930,523,37334,5454,70
Germany,1954,408223,29297,33668,4371,1714,1734,3706,8993,7295,22141,54211,86710,121844,60874,5288,4781,4212,3838,3457,8064,14077,23402,30809,37471,49239,58859,62985,42546,18328,4773,515,35382,5440,44
Germany,1955,411791,27698,31855,4157,1714,1543,3756,9188,7252,21425,55819,86339,122310,65271,5286,4840,4348,3843,3409,7671,13754,23723,32096,37484,48855,58914,63396,45679,19592,4759,527,33569,5299,27
Germany,1956,419132,26605,30576,3971,1727,1343,3776,9364,7496,20501,57144,86379,124379,70960,5463,4960,4404,3801,3695,7094,13407,23739,33405,37783,48596,59023,65356,49727,21233,4934,529,32303,5119,22
Germany,1957,434958,26251,30085,3834,1901,1327,4169,9992,8237,19557,60678,92516,127463,73395,5613,5558,4434,4023,4214,6224,13333,24131,36547,41048,51468,62016,65447,51285,22110,5085,528,31986,5496,24
Germany,1958,419965,25829,29512,3683,1666,1121,3808,9315,8618,17286,58073,88572,121213,75146,5613,5148,4167,4068,4550,5190,12096,22638,35435,40421,48151,58324,62889,51599,23547,5080,533,31178,4929,24
Germany,1959,428715,25655,29435,3780,1750,1110,3750,9911,9247,16540,58839,92271,121945,77746,6148,5723,4188,4352,4895,4587,11953,22276,36563,42959,49312,59346,62599,52613,25133,5589,559,31185,4860,27
Germany,1960,449733,25475,29024,3549,1672,1101,3389,9927,9277,16317,59995,100038,127967,83720,7272,5530,4397,4376,4901,4734,11583,22286,37709,47577,52461,62067,65900,55263,28457,6610,662,30696,4490,32
Germany,1961,434881,24646,28303,3657,1709,1199,3185,10158,9434,15739,57986,99921,120496,79910,6813,5807,4351,4621,4813,5011,10728,21060,36926,48270,51651,58435,62061,51842,28068,6185,628,30012,4384,29
Germany,1962,449720,22840,26230,3390,1684,1227,2771,10074,9469,15261,57825,105706,125835,85518,8081,5693,4381,4627,4842,5659,9602,20734,37091,51370,54336,61017,64818,54426,31092,7336,745,27914,3998,34
Germany,1963,456261,21802,25356,3554,1678,1198,2781,9765,9602,14766,56987,111449,127678,86162,8802,5267,4498,4560,5042,6498,8268,20232,36755,54177,57272,62044,65634,54465,31697,8019,783,27034,3979,36
Germany,1964,443689,20090,23319,3229,1695,1332,2726,10186,9969,14291,54826,112776,123573,80102,8855,5273,4913,4506,5463,6997,7294,19301,35525,54335,58441,60471,63102,50817,29285,8045,810,25014,4058,37
Germany,1965,459852,18116,21384,3268,1760,1267,2708,9219,10238,14266,53807,119448,129269,85825,10616,4326,4893,4616,5622,7071,7195,18758,35049,55577,63871,63534,65735,54276,31549,9630,986,23144,3975,46
Germany,1966,459436,17672,20837,3165,1790,1377,3050,9218,10696,15086,50796,122013,129282,84541,10698,4056,5162,4703,5993,6971,8115,17102,33694,55481,66532,64478,64804,53739,30802,9667,1031,22627,4427,51
Germany,1967,459483,16330,19382,3052,1950,1365,3218,8968,10958,16269,47842,123551,130031,84487,11405,3827,5141,4953,6005,7181,9088,15225,32617,53691,69860,65764,64267,53592,30895,10261,1144,21332,4583,55
Germany,1968,487008,15280,18148,2868,1977,1381,3293,8424,11065,17973,45960,131550,142263,92324,12588,3691,4733,4970,6095,7515,10458,13691,32269,55919,75631,73022,69241,58353,33971,11184,1404,20125,4674,64
Germany,1969,492575,14608,17574,2966,1961,1372,3615,8457,11618,19684,44160,136200,146899,88489,12478,3741,4716,5447,6171,8339,11345,12382,31778,56245,79955,77779,69120,56485,32004,10990,1488,19535,4987,68
Germany,1970,482918,13402,16067,2665,1977,1443,3752,8603,12179,20261,41642,131352,147083,86331,12150,4081,4522,5892,6287,8940,11321,11812,29830,52910,78442,79450,67633,54905,31426,10601,1549,18044,5195,74
Germany,1971,475522,12657,15167,2510,1962,1428,3862,8721,12313,20448,39654,124688,148002,86764,12426,4546,4175,5880,6433,9330,11118,12816,26838,49715,74973,80578,67424,55230,31534,10803,1623,17129,5290,80
Germany,1972,475336,10584,12743,2159,1990,1461,3959,8392,12840,20811,38788,122268,154086,85501,12405,4681,3711,5939,6901,9399,11412,14765,24023,47943,74325,84545,69541,54271,31230,10682,1723,14733,5420,93
Germany,1973,472925,9895,11826,1931,1763,1391,3731,7813,12632,21215,36452,118756,158228,86328,12681,4348,3465,5602,7030,9303,11912,15849,20603,46349,72407,86765,71463,54526,31802,10882,1799,13589,5122,109
Germany,1974,465577,9212,10855,1643,1568,1287,3628,7280,12395,21383,35096,114390,160413,84568,12585,4103,3177,5137,7258,8869,12514,17251,17845,43676,70714,87378,73035,53280,31288,10775,1810,12423,4915,122
Germany,1975,480889,8427,9973,1546,1472,1355,4125,7741,12419,23452,35611,113214,170572,87640,13171,4391,3350,4898,7521,9747,13705,17720,17891,42684,70530,91223,79349,55339,32301,11274,1897,11445,5480,136
Germany,1976,468240,7690,9026,1336,1357,1293,4083,8025,12252,23777,36144,104638,168882,85508,13105,4426,3599,4454,7798,9670,14107,17066,19078,38074,66564,88896,79986,54145,31363,11172,1933,10383,5376,146
Germany,1977,451721,6892,8146,1254,1198,1289,4161,8388,11499,23686,37779,95046,165390,82558,12430,4622,3766,4063,7436,9727,13959,16868,20911,32865,62181,85328,80062,52858,29700,10557,1873,9344,5450,150
Germany,1978,461549,6649,7826,1177,1150,1197,4133,8449,11387,24839,41142,90021,171392,86583,13269,4587,3862,3937,7450,10409,14430,17720,23422,29033,60988,85666,85726,56222,30361,11284,1985,8976,5330,166
Germany,1979,453077,6379,7529,1150,980,1087,4023,8384,10434,24587,44042,82864,168507,87506,12968,4615,3769,3679,6755,10710,13877,18734,25308,24994,57870,82226,86281,57471,30035,11021,1947,8509,5110,165
Germany,1980,454929,6199,7312,1113,875,1049,3899,8155,9703,24918,45208,79949,169586,91040,13062,4443,3712,3698,6005,10938,13980,20058,25150,24461,55488,81115,88471,60574,30466,11064,1998,8187,4948,173
Germany,1981,451935,5797,6841,1044,747,939,3840,8010,9268,25084,44897,76567,166782,95308,13469,4307,3703,3782,5486,10952,14132,20337,24560,26768,49799,78131,88651,63976,31332,11368,2101,7588,4779,187
Germany,1982,445063,5380,6465,1085,711,800,3667,8050,8939,24859,45019,73327,162421,97464,13148,4345,3705,3970,4969,10726,14133,20554,24465,29445,43882,75341,87080,66142,31322,11072,2076,7176,4467,188
Germany,1983,441898,4854,5827,973,631,755,3489,8004,8574,24401,45719,70083,158746,101802,13658,4340,3664,3954,4620,9842,14559,20426,25293,32605,37478,72523,86223,69225,32577,11461,2197,6458,4244,201
Germany,1984,430117,4495,5430,935,549,614,2995,7487,8193,23788,45754,66741,152544,102447,13373,4079,3408,3793,4400,8957,14831,19313,26441,34599,32142,68974,83570,69047,33400,11193,2180,5979,3609,204
Germany,1985,433626,4252,5156,904,542,553,2661,7233,8206,23396,47456,65985,149706,108411,14098,3842,3391,3814,4392,8203,15193,19668,27788,34014,31971,66210,83496,72238,36173,11774,2324,5698,3214,223
Germany,1986,427946,4350,5223,873,570,540,2478,7152,8472,22343,48306,67612,140511,110337,14176,3749,3403,3773,4699,7327,15016,19751,28555,33221,34391,60361,80150,72507,37830,11848,2328,5793,3018,227
Germany,1987,417476,4285,5099,814,513,473,2296,7125,8743,21293,49124,70752,128159,109432,14237,3609,3516,3822,4921,6658,14635,20207,28917,32900,37852,51727,76432,70570,38862,11932,2305,5612,2769,230
Germany,1988,415084,4080,4927,847,603,444,2025,7282,9186,20762,49142,76043,118547,110921,14953,3665,3617,4060,5126,6404,14358,21000,28142,34195,41848,44064,74483,70446,40475,12560,2393,5530,2469,243
Germany,1989,414728,3871,4635,764,535,442,1856,7103,9386,20020,49332,80847,110546,113587,16174,3423,3680,4140,5246,6490,13530,21651,27681,36131,44716,38259,72287,70534,43053,13626,2548,5170,2298,263
Germany,1990,422611,3687,4535,848,539,510,1877,7688,10408,19728,51281,83611,108943,115914,17299,3614,4074,4635,5773,6908,12820,22719,28562,38713,44898,38831,70112,70968,44946,14644,2655,5074,2387,277
Germany,1991,419370,3133,3962,829,479,448,1825,8004,11072,19515,51577,83877,105560,114721,18045,3601,4403,4944,6128,7778,11737,22960,28617,40181,43696,41915,63645,69226,45495,15349,2696,4441,2273,279
Germany,1992,408578,2822,3538,716,440,434,1632,7436,11101,18809,51605,82911,101165,110406,18812,3291,4145,4989,6112,8077,10732,22295,29310,39930,42981,46143,55022,66376,44030,16041,2771,3978,2066,285
Germany,1993,414051,2648,3321,673,439,464,1592,6781,11044,18747,52167,85109,99954,113591,20535,3007,3774,4872,6172,8149,10598,21688,30479,39562,45547,51906,48048,67407,46184,17505,3030,3760,2056,302
Germany,1994,408036,2407,3038,631,426,431,1669,6387,11250,18868,51768,85930,95477,111470,21018,2710,3677,4984,6266,8520,10348,20420,31348,38187,47743,54140,41337,65391,46079,17881,3137,3464,2100,300
Germany,1995,409764,2306,2902,596,382,412,1666,6000,10993,19077,50141,88584,96690,110034,22571,2528,3472,4715,6278,8545,10532,18508,31633,38255,50329,54252,42438,63681,46353,19136,3435,3284,2078,313
Germany,1996,407745,2281,2753,472,359,402,1616,5661,10617,19320,48164,89746,99663,105854,23274,2370,3291,4663,5954,8264,11056,16763,31401,38628,51118,53226,46437,58771,47083,19619,3655,3112,2018,318
Germany,1997,398060,2212,2720,508,369,363,1715,5093,10066,19435,45342,88783,103037,97082,23723,2162,2931,4260,5806,8082,11353,15305,30037,38511,50272,52071,50966,50768,46314,19830,3893,3089,2078,332
Germany,1998,393654,2060,2521,461,298,402,1530,4544,9268,19273,42764,87525,109193,91148,24833,2061,2483,3801,5467,8020,11253,14273,28491,39267,48258,53440,55753,43976,47172,20670,4163,2819,1932,352
Germany,1999,391045,1956,2420,464,321,406,1594,4530,8976,19161,40373,86597,114433,86150,25704,2157,2373,3488,5488,7879,11282,13955,26418,39863,46734,55895,58538,39460,46690,21278,4426,2741,2000,377
Germany,2000,389204,1887,2325,438,284,350,1462,4289,8690,19400,38653,86616,115022,85466,26258,2128,2161,3398,5292,8016,11384,14304,24349,40149,46467,57730,57292,39959,45507,21682,4576,2609,1812,392
Germany,2001,383790,1763,2219,456,252,385,1365,3849,8177,19003,36704,85421,114324,85081,26584,2005,1844,3040,5137,7721,11282,14848,21856,39722,45699,57926,56398,43666,41415,21782,4802,2471,1750,430
Germany,2002,389050,1626,1985,359,232,338,1393,3680,7648,19209,36057,86097,115602,88003,28326,1953,1727,2742,4906,7763,11446,15725,20332,38870,47227,58438,57164,50180,37823,23154,5172,2217,1731,480
Germany,2003,396225,1658,2035,377,273,353,1277,3666,7292,19249,35799,87124,118437,90095,30100,1867,1799,2571,4721,7722,11527,16001,19798,37364,49760,57677,60760,56200,33895,24539,5561,2308,1630,526
Germany,2004,383191,1596,1923,327,220,276,1174,3334,6624,18683,34500,84151,116172,86556,29033,1699,1635,2266,4358,7639,11044,15768,18732,34623,49528,54201,61971,57264,29292,23419,5614,2143,1450,547
Germany,2005,387955,1491,1826,335,232,274,1060,3212,5954,18302,35389,81429,119394,90918,29381,1584,1628,2054,3900,7234,11068,15859,19530,31457,49972,54262,65132,58629,32289,23500,5881,2058,1334,581
Germany,2006,385688,1399,1696,297,212,245,1044,2988,5458,17881,36011,77199,119857,94690,27781,1477,1511,1818,3640,7013,10868,15628,20383,27945,49254,54656,65201,58617,36073,21616,6165,1908,1289,628
Germany,2007,390856,1505,1800,295,222,221,994,3113,5046,17518,36381,74872,121875,101957,26179,1515,1598,1780,3266,6552,10966,15470,20911,26361,48511,56024,65851,60063,41894,19640,6539,2022,1215,672
Germany,2008,397495,1349,1630,281,187,226,951,2994,4831,17020,36872,72344,123779,110896,25033,1423,1571,1805,3026,6245,10775,15546,21326,25959,46385,58515,65264,63905,46991,18009,7024,1817,1177,730
Germany,2009,405112,1319,1632,313,174,222,861,2988,4634,16681,37673,69880,125362,119612,24602,1372,1616,1808,2826,5920,10761,15744,21929,25396,44484,61097,64265,68758,50854,17350,7252,1806,1083,791
Germany,2010,409264,1302,1561,259,175,224,787,2997,4561,16061,37803,67295,127763,122778,26431,1354,1643,1834,2727,5651,10410,15892,21911,26390,40905,62419,65344,71269,51509,19555,6876,1736,1011,825
Germany,2011,408104,1355,1617,262,160,233,751,2976,4203,15139,37530,64090,127627,124248,28664,1485,1491,1836,2367,5182,9957,15761,21769,27581,36509,61335,66292,71718,52530,22387,6277,1777,984,862
Germany,2012,416861,1238,1481,243,171,215,735,2717,3965,14513,37243,63103,129811,129922,32058,1290,1427,1735,2230,4829,9684,15597,21646,28874,34229,61161,68650,74354,55568,26379,5679,1652,950,930
Germany,2013,429972,1287,1538,251,181,160,678,2538,4072,13860,38117,64061,133661,135287,34811,1129,1409,1793,2279,4394,9466,15917,22200,29751,34310,60257,73404,74783,60504,29421,5390,1719,838,1008
Germany,2014,422847,1295,1512,217,152,190,656,2522,4090,12898,37347,62563,130483,133371,36000,1129,1393,1794,2296,4041,8857,15569,21778,29859,32704,56070,74413,71301,62070,30205,5795,1664,846,1066
Germany,2015,449657,1306,1563,257,145,164,648,2605,4318,12605,38685,66696,133783,147144,40252,1129,1476,1905,2413,3946,8659,15733,22952,30943,35753,53892,79891,77613,69531,33460,6792,1708,812,1040
Germany,2016,447891,1516,1778,262,186,178,657,2417,4294,11893,38382,68863,128067,148621,41629,1068,1349,1808,2486,3763,8130,15330,23052,30681,38182,48008,80059,78458,70163,33889,7740,1964,835,927
Germany,2017,457704,1404,1637,233,140,157,599,2255,4329,10894,37621,70458,125779,156430,46554,991,1264,1834,2495,3444,7450,14761,22860,30726,39732,45594,80185,83737,72693,37323,9231,1777,756,853
Germany,2018,454966,1390,1649,259,172,181,629,2319,4193,10578,38447,73275,124236,154787,43753,1043,1276,1715,2478,3578,7000,14671,23776,31951,41324,45679,78557,90113,64674,34878,8875,1821,810,744
Germany,2019,448463,1374,1645,271,174,167,603,2200,4233,10084,36726,73126,118776,155787,44150,984,1216,1744,2489,3559,6525,13658,23068,31632,41494,44739,74037,92834,62953,35354,8796,1819,770,795
Germany,2020,490963,1330,1597,267,174,156,544,2031,4476,9702,37830,78166,116577,184816,53805,916,1115,1783,2693,3820,5882,13291,24539,34240,43926,49454,67123,106698,78118,43126,10679,1771,700,1083
Germany,2021,527863,1308,1567,259,175,169,571,2133,4761,10276,40237,85874,118052,202649,59983,970,1163,1893,2868,4189,6087,13579,26658,38137,47737,57749,60303,114447,88202,47600,12383,1742,740,1416
Ghana,1950,64127,19530,31165,11635,3176,1467,1737,4063,3091,2564,2762,4236,5894,3523,441,2174,1889,1651,1440,1326,1238,1334,1428,1848,2388,2926,2968,2301,1222,387,54,34341,3204,4
Ghana,1951,64337,19599,31464,11865,3228,1448,1721,4154,3198,2636,2774,4116,5739,3426,429,2219,1935,1701,1497,1374,1262,1347,1427,1795,2321,2847,2892,2244,1182,373,56,34692,3169,5
Ghana,1952,65266,20144,32177,12033,3320,1449,1708,4273,3331,2737,2815,4040,5632,3363,416,2272,2001,1762,1569,1429,1308,1368,1447,1763,2277,2792,2840,2208,1155,361,55,35497,3157,6
Ghana,1953,65955,20683,32918,12235,3417,1439,1670,4339,3417,2819,2834,3929,5478,3282,403,2288,2051,1799,1618,1477,1342,1374,1460,1717,2212,2715,2763,2158,1124,349,54,36335,3109,7
Ghana,1954,66534,21121,33568,12447,3554,1428,1623,4377,3486,2897,2849,3825,5322,3205,393,2287,2090,1826,1660,1522,1375,1376,1473,1679,2146,2635,2687,2108,1097,339,54,37122,3051,7
Ghana,1955,67416,21490,34215,12725,3704,1448,1598,4430,3584,3012,2896,3768,5212,3154,384,2289,2141,1869,1715,1583,1429,1396,1500,1670,2098,2579,2633,2074,1080,331,53,37919,3046,7
Ghana,1956,68342,21865,34869,13004,3835,1482,1582,4464,3689,3139,2953,3733,5106,3108,378,2274,2190,1920,1769,1652,1487,1432,1521,1679,2054,2525,2581,2041,1067,326,52,38704,3064,7
Ghana,1957,69343,22189,35483,13294,3997,1522,1582,4485,3806,3269,3022,3717,5012,3069,373,2250,2235,1979,1827,1725,1544,1480,1542,1701,2016,2475,2537,2011,1058,321,52,39480,3104,7
Ghana,1958,70370,22488,36090,13602,4161,1581,1585,4483,3922,3400,3096,3716,4924,3031,370,2217,2266,2042,1880,1793,1607,1532,1564,1731,1985,2431,2493,1982,1049,319,51,40251,3166,8
Ghana,1959,71018,22793,36635,13842,4276,1645,1579,4419,3988,3499,3140,3703,4796,2968,364,2156,2263,2080,1908,1841,1658,1574,1566,1756,1947,2364,2432,1937,1031,313,51,40911,3224,7
Ghana,1960,72190,23057,37143,14086,4473,1734,1614,4420,4114,3652,3249,3749,4728,2940,364,2139,2281,2147,1967,1915,1737,1648,1601,1799,1950,2329,2399,1915,1025,313,51,41616,3348,7
Ghana,1961,73025,23390,37722,14332,4594,1784,1636,4354,4182,3760,3339,3773,4624,2892,361,2107,2247,2179,2003,1961,1799,1705,1634,1818,1955,2276,2348,1881,1011,311,50,42316,3420,7
Ghana,1962,74995,23740,38359,14619,4762,1837,1669,4355,4229,3808,3405,3886,4946,3281,452,2120,2235,2206,2023,1976,1832,1734,1671,1854,2032,2380,2566,2115,1166,387,65,43121,3506,7
Ghana,1963,76612,24098,39000,14902,4876,1871,1700,4319,4245,3816,3450,3968,5197,3629,532,2119,2200,2209,2036,1972,1844,1752,1698,1873,2095,2454,2743,2327,1302,451,81,43876,3571,8
Ghana,1964,78562,24347,39525,15178,5101,1939,1777,4352,4327,3881,3545,4083,5447,3972,604,2155,2197,2245,2082,1996,1885,1798,1747,1904,2179,2536,2911,2537,1435,508,96,44626,3716,8
Ghana,1965,79991,24636,40098,15462,5227,1984,1827,4343,4337,3888,3608,4154,5614,4243,657,2175,2168,2237,2100,1992,1896,1825,1783,1922,2232,2593,3021,2699,1544,552,105,45325,3811,9
Ghana,1966,81668,24970,40688,15718,5404,2070,1889,4391,4378,3945,3701,4240,5764,4485,703,2220,2171,2237,2141,2018,1927,1873,1828,1961,2279,2660,3104,2841,1644,589,114,46092,3959,10
Ghana,1967,83640,25473,41447,15974,5623,2181,1970,4465,4426,4029,3808,4340,5902,4692,740,2273,2192,2238,2188,2063,1966,1932,1876,2017,2323,2735,3167,2957,1735,619,121,47070,4151,11
Ghana,1968,85329,26076,42297,16221,5748,2268,2035,4532,4432,4095,3893,4410,5989,4849,768,2331,2201,2217,2215,2105,1990,1975,1918,2061,2349,2792,3197,3039,1810,644,124,48045,4303,11
Ghana,1969,87235,26761,43264,16503,5880,2364,2097,4649,4446,4169,3988,4490,6089,4991,796,2428,2221,2201,2245,2154,2015,2019,1969,2115,2375,2861,3228,3108,1883,670,126,49144,4461,12
Ghana,1970,88661,27365,44182,16817,5924,2444,2162,4740,4429,4224,4069,4552,6098,5024,807,2500,2240,2177,2252,2192,2032,2054,2015,2165,2387,2886,3212,3109,1915,679,128,50106,4606,12
Ghana,1971,90225,27860,44962,17102,6055,2571,2285,4879,4487,4380,4218,4649,6019,4924,789,2589,2290,2197,2290,2280,2100,2125,2093,2228,2421,2873,3146,3029,1895,666,123,51017,4856,12
Ghana,1972,89943,27882,44875,16993,6077,2674,2409,4951,4479,4517,4342,4670,5706,4532,703,2661,2290,2189,2290,2348,2169,2191,2151,2254,2416,2762,2944,2776,1756,600,103,50952,5083,10
Ghana,1973,90119,28233,45089,16856,6062,2743,2517,5050,4460,4643,4458,4723,5490,4226,650,2732,2318,2183,2277,2401,2242,2243,2215,2292,2431,2686,2804,2573,1653,561,89,51151,5260,8
Ghana,1974,90482,28365,45176,16811,6065,2792,2630,5194,4447,4769,4583,4823,5370,3999,624,2807,2387,2184,2263,2450,2319,2299,2284,2352,2471,2646,2724,2420,1579,540,84,51241,5422,7
Ghana,1975,90496,28306,44930,16624,6051,2814,2734,5335,4429,4857,4693,4933,5290,3813,607,2896,2439,2188,2241,2473,2384,2348,2345,2411,2522,2626,2664,2302,1511,528,79,50981,5548,7
Ghana,1976,90402,28059,44495,16436,6022,2823,2835,5494,4414,4924,4804,5052,5259,3675,599,3015,2479,2190,2224,2476,2448,2401,2403,2479,2573,2640,2619,2225,1450,521,78,50517,5658,6
Ghana,1977,90643,27842,44039,16197,6008,2844,2957,5686,4418,5002,4947,5194,5312,3616,608,3154,2532,2195,2223,2482,2520,2482,2465,2564,2630,2696,2616,2199,1417,527,81,50047,5801,6
Ghana,1978,92192,28572,44874,16302,6026,2797,2990,5892,4426,4998,5088,5359,5445,3653,637,3280,2612,2224,2202,2443,2555,2552,2536,2652,2707,2783,2662,2235,1418,548,89,50900,5787,7
Ghana,1979,94288,29013,45685,16672,6151,2790,3035,6145,4515,5030,5255,5575,5650,3770,676,3432,2713,2307,2208,2425,2605,2641,2614,2759,2816,2903,2747,2321,1449,577,99,51836,5825,8
Ghana,1980,96393,29702,46867,17165,6197,2747,3022,6351,4570,4993,5379,5775,5872,3901,714,3538,2813,2369,2201,2380,2613,2706,2673,2855,2920,3029,2843,2411,1490,604,110,53064,5769,9
Ghana,1981,97644,30396,48083,17687,6432,2801,3068,6708,4728,5049,5584,5906,5511,3252,514,3707,3001,2476,2252,2398,2651,2812,2772,2949,2957,2930,2581,2050,1202,443,71,54515,5869,6
Ghana,1982,98200,30918,49109,18191,6492,2789,3047,6878,4809,5006,5709,6020,5234,2734,370,3764,3114,2548,2261,2379,2627,2872,2837,3025,2995,2844,2390,1756,978,326,44,55601,5836,4
Ghana,1983,100228,31678,50147,18469,6725,2830,3029,7125,4966,4987,5880,6245,5331,2624,336,3851,3274,2654,2312,2376,2611,2938,2942,3139,3106,2913,2418,1695,929,298,38,56872,5859,3
Ghana,1984,101758,32397,51211,18814,6854,2814,2946,7246,5090,4883,5991,6439,5442,2533,307,3851,3395,2729,2361,2338,2545,2961,3030,3229,3210,2992,2450,1647,886,273,34,58065,5760,2
Ghana,1985,101704,31561,50125,18564,7096,2934,2980,7299,5229,4878,6111,6654,5639,2508,246,3835,3464,2804,2425,2352,2526,3003,3108,3321,3333,3104,2535,1652,856,236,10,57221,5914,1
Ghana,1986,100141,30977,48907,17930,7006,2933,2943,7109,5224,4750,6069,6746,5756,2480,218,3699,3410,2817,2407,2302,2448,2951,3118,3346,3400,3178,2578,1660,820,209,9,55913,5876,1
Ghana,1987,98193,30255,47498,17243,6818,2917,2909,6869,5199,4606,5987,6834,5869,2483,198,3551,3318,2810,2389,2241,2365,2873,3114,3367,3467,3253,2616,1689,794,194,4,54316,5826,0
Ghana,1988,96645,29205,45743,16538,6754,2959,2942,6742,5244,4560,5954,6992,6042,2520,194,3476,3266,2838,2406,2239,2321,2817,3137,3431,3561,3356,2686,1735,785,189,5,52497,5901,0
Ghana,1989,94840,28206,44037,15831,6566,2954,2965,6586,5244,4518,5882,7101,6219,2573,192,3403,3183,2842,2402,2251,2267,2740,3142,3472,3629,3450,2769,1786,787,188,4,50603,5919,0
Ghana,1990,93894,27475,42679,15204,6422,2983,3028,6530,5311,4538,5842,7248,6446,2666,198,3401,3129,2871,2440,2287,2251,2690,3152,3534,3714,3570,2876,1859,807,194,4,49101,6011,0
Ghana,1991,93492,26936,41693,14757,6307,3017,3110,6515,5406,4571,5801,7400,6693,2772,199,3428,3087,2895,2511,2322,2249,2659,3142,3603,3797,3694,2999,1932,840,194,5,48000,6127,0
Ghana,1992,93937,26365,40772,14407,6340,3100,3251,6619,5557,4686,5823,7639,7034,2911,206,3531,3088,2943,2614,2404,2282,2669,3154,3710,3929,3872,3162,2023,888,201,5,47112,6351,0
Ghana,1993,93452,25984,40159,14175,6122,3061,3306,6588,5542,4705,5717,7757,7260,3023,211,3567,3021,2898,2644,2426,2279,2626,3091,3747,4010,3983,3277,2096,927,206,5,46281,6367,0
Ghana,1994,96600,25631,39831,14200,6376,3251,3627,7224,5965,5076,5902,8178,7715,3225,223,3964,3260,3086,2879,2613,2463,2729,3173,3940,4238,4220,3495,2236,989,216,7,46207,6878,0
Ghana,1995,96321,25334,39188,13854,6335,3251,3666,7155,5873,5154,5838,8293,7971,3376,225,3965,3190,2991,2882,2653,2501,2720,3118,3967,4326,4335,3636,2340,1036,219,6,45523,6917,0
Ghana,1996,97288,25034,38618,13584,6369,3297,3809,7401,5945,5361,5885,8484,8307,3572,241,4136,3265,2993,2952,2776,2585,2761,3124,4013,4471,4489,3818,2478,1094,235,6,44987,7106,0
Ghana,1997,98251,24969,38217,13248,6352,3318,3921,7681,5992,5568,5930,8622,8637,3754,258,4321,3360,2993,2999,2890,2678,2800,3130,4024,4598,4640,3997,2608,1146,252,6,44569,7239,0
Ghana,1998,98657,25015,37890,12875,6188,3252,3960,7914,5967,5705,5952,8676,8926,3937,287,4464,3450,2972,2995,2964,2741,2840,3112,3988,4688,4776,4150,2730,1207,279,8,44078,7212,0
Ghana,1999,99340,24990,37558,12568,6061,3211,4006,8195,5979,5850,6049,8743,9227,4144,314,4619,3576,2988,2991,3045,2805,2936,3113,3954,4789,4923,4304,2865,1279,303,11,43619,7217,0
Ghana,2000,100944,25019,37216,12197,6077,3258,4095,8627,6111,6106,6237,8870,9595,4399,347,4852,3775,3081,3030,3169,2937,3066,3171,3965,4905,5108,4487,3031,1368,332,15,43293,7353,0
Ghana,2001,104003,24742,36654,11912,6328,3434,4307,9328,6447,6558,6577,9134,10120,4727,392,5224,4104,3289,3158,3372,3186,3265,3312,4068,5066,5383,4737,3245,1482,370,22,42982,7741,0
Ghana,2002,105173,24407,36044,11637,6276,3435,4355,9739,6611,6790,6781,9197,10482,5008,452,5407,4332,3425,3186,3451,3339,3406,3375,4097,5100,5558,4924,3423,1585,412,40,42320,7790,3
Ghana,2003,105918,24076,35496,11420,6189,3389,4332,10041,6760,6945,6978,9201,10814,5261,508,5514,4527,3561,3199,3484,3461,3526,3452,4108,5093,5706,5108,3582,1679,452,56,41685,7721,6
Ghana,2004,108136,23745,35028,11283,6346,3447,4408,10541,7108,7227,7335,9318,11255,5553,557,5723,4818,3799,3309,3578,3649,3694,3641,4187,5131,5915,5340,3764,1789,490,67,41374,7855,8
Ghana,2005,108624,23877,34952,11075,6248,3339,4346,10629,7251,7250,7526,9266,11440,5768,604,5696,4933,3919,3332,3540,3710,3794,3732,4195,5071,5971,5469,3885,1883,529,75,41200,7685,10
Ghana,2006,109625,23537,34435,10898,6299,3294,4341,10837,7518,7343,7827,9344,11690,6033,651,5737,5100,4096,3422,3544,3799,3972,3855,4262,5082,6035,5655,4038,1995,568,83,40734,7635,11
Ghana,2007,112124,23130,33794,10664,6577,3372,4438,11284,8029,7607,8308,9581,12051,6367,704,5910,5374,4402,3627,3645,3962,4230,4078,4400,5181,6146,5905,4243,2124,612,92,40371,7810,12
Ghana,2008,112648,22787,33077,10290,6582,3333,4402,11356,8357,7655,8605,9696,12196,6627,748,5879,5477,4594,3763,3657,3998,4388,4217,4501,5195,6133,6063,4404,2223,649,99,39659,7735,14
Ghana,2009,114230,22443,32345,9902,6703,3385,4430,11570,8824,7826,8985,9988,12426,6928,800,5936,5634,4844,3980,3751,4075,4594,4391,4716,5272,6160,6266,4594,2334,692,108,39048,7815,15
Ghana,2010,115012,22124,31674,9550,6676,3390,4388,11589,9170,7911,9306,10256,12572,7214,850,5922,5667,5020,4150,3826,4085,4742,4564,4901,5355,6164,6408,4771,2443,736,114,38350,7778,16
Ghana,2011,116396,21749,30906,9157,6733,3462,4389,11706,9602,8089,9729,10599,12758,7527,884,5958,5748,5233,4369,3960,4129,4909,4820,5113,5486,6228,6530,4972,2555,776,108,37639,7851,13
Ghana,2012,118458,21400,30110,8710,6893,3604,4443,11934,10137,8387,10193,11023,12956,7848,918,6052,5882,5474,4663,4169,4218,5085,5108,5382,5641,6331,6625,5175,2673,814,104,37003,8047,9
Ghana,2013,117836,20941,29211,8270,6689,3558,4351,11688,10296,8451,10357,11284,12921,8075,949,5924,5764,5501,4795,4267,4184,5098,5259,5537,5747,6323,6598,5305,2770,843,106,35900,7909,7
Ghana,2014,117908,20253,28213,7960,6597,3557,4333,11558,10512,8648,10561,11672,12944,8320,985,5850,5708,5552,4960,4431,4217,5125,5436,5702,5970,6363,6581,5448,2872,877,108,34810,7890,5
Ghana,2015,119615,19831,27464,7633,6676,3642,4423,11642,10866,9035,10871,12235,13135,8592,1035,5875,5767,5660,5206,4680,4355,5205,5666,5983,6252,6506,6629,5598,2994,920,115,34140,8065,4
Ghana,2016,118486,18971,26271,7300,6462,3551,4394,11333,10839,9175,10881,12611,13164,8722,1078,5704,5629,5574,5265,4788,4387,5147,5734,6203,6408,6557,6607,5630,3092,956,122,32733,7945,3
Ghana,2017,119492,17872,24796,6924,6558,3610,4521,11396,11118,9644,11119,13248,13421,8928,1133,5728,5668,5655,5463,5065,4579,5218,5901,6536,6712,6720,6701,5705,3223,1005,128,31354,8131,3
Ghana,2018,121925,17623,24127,6504,6733,3705,4678,11537,11405,10234,11407,13953,13807,9140,1195,5805,5732,5730,5675,5389,4845,5337,6070,6896,7057,6982,6825,5780,3360,1058,137,30860,8383,4
Ghana,2019,121638,17281,23368,6087,6557,3621,4667,11323,11271,10503,11416,14351,14090,9222,1243,5727,5596,5610,5661,5519,4984,5354,6062,7103,7248,7231,6859,5767,3455,1101,142,29925,8288,4
Ghana,2020,130463,16876,22585,5709,6738,3740,4826,11578,11552,11368,12914,17205,16203,10357,1400,5910,5668,5722,5830,5882,5486,5982,6932,8465,8740,8558,7645,6372,3985,1241,159,29323,8566,5
Ghana,2021,135669,16420,21885,5465,6772,3796,4919,11734,11720,12514,13807,18850,17446,10765,1456,6061,5673,5760,5960,6387,6127,6519,7288,9139,9711,9303,8143,6670,4095,1288,168,28657,8715,6
Gibraltar,1950,78,10,13,3,0,0,0,2,10,10,10,10,10,5,0,0,2,5,5,5,5,5,5,5,5,5,5,5,0,0,0,13,0,0
Gibraltar,1951,85,13,18,5,1,0,0,9,10,10,10,10,10,3,0,4,5,5,5,5,5,5,5,5,5,5,5,3,0,0,0,19,0,0
Gibraltar,1952,83,12,17,5,1,0,0,8,10,10,10,10,10,4,0,3,5,5,5,5,5,5,5,5,5,5,5,4,0,0,0,18,0,0
Gibraltar,1953,81,11,16,5,0,0,0,7,10,10,10,10,10,4,0,2,5,5,5,5,5,5,5,5,5,5,5,4,0,0,0,16,0,0
Gibraltar,1954,77,10,14,4,0,0,0,1,10,10,10,10,10,5,0,0,1,5,5,5,5,5,5,5,5,5,5,5,0,0,0,14,0,0
Gibraltar,1955,79,10,14,4,0,0,0,0,10,10,10,12,10,6,0,0,0,5,5,5,5,5,5,7,5,5,5,5,1,0,0,14,0,0
Gibraltar,1956,82,10,14,4,1,0,0,0,10,10,10,15,12,6,0,0,0,5,5,5,5,5,5,7,8,7,5,5,1,0,0,15,0,0
Gibraltar,1957,83,10,14,4,0,0,0,0,8,10,10,17,12,7,0,0,0,3,5,5,5,5,5,7,10,7,5,5,2,0,0,14,0,0
Gibraltar,1958,78,9,12,3,0,0,0,0,3,10,10,16,12,7,0,0,0,0,3,5,5,5,5,6,10,7,5,5,2,0,0,12,0,0
Gibraltar,1959,78,8,11,3,0,0,0,0,2,10,10,17,14,8,0,0,0,0,2,5,5,5,5,7,10,9,5,5,3,0,0,11,0,0
Gibraltar,1960,81,9,12,3,0,0,0,0,2,10,10,17,16,8,0,0,0,0,2,5,5,5,5,7,10,10,6,4,4,0,0,12,0,0
Gibraltar,1961,81,9,12,3,0,0,0,0,1,10,10,17,17,7,0,0,0,0,1,5,5,5,5,7,10,10,7,3,4,0,0,12,0,0
Gibraltar,1962,83,9,12,3,0,0,0,0,1,10,10,19,18,8,0,0,0,0,1,5,5,5,5,9,10,10,8,4,4,0,0,12,0,0
Gibraltar,1963,85,10,13,3,0,0,0,0,1,10,10,19,19,7,0,0,0,0,1,5,5,5,5,9,10,10,9,5,2,0,0,13,0,0
Gibraltar,1964,90,10,13,3,0,0,0,1,2,10,10,19,20,7,0,0,1,1,1,5,5,5,5,9,10,10,10,5,2,0,0,13,0,0
Gibraltar,1965,94,11,14,3,0,0,1,4,8,10,10,20,20,8,0,1,3,3,5,5,5,5,5,10,10,10,10,6,2,0,0,14,1,0
Gibraltar,1966,96,10,14,4,0,0,1,4,10,10,11,20,19,10,0,2,2,5,5,5,5,5,6,10,10,10,9,7,3,0,0,14,1,0
Gibraltar,1967,96,9,13,4,0,0,1,5,10,10,11,20,20,10,0,3,2,5,5,5,5,5,6,10,10,10,10,7,3,0,0,13,1,0
Gibraltar,1968,96,9,12,3,0,0,0,5,10,10,10,20,20,10,0,4,1,5,5,5,5,5,5,10,10,10,10,6,4,0,0,12,0,0
Gibraltar,1969,105,10,14,4,0,0,1,7,10,10,10,20,20,12,0,5,2,5,5,5,5,5,5,10,10,10,10,7,5,0,0,14,1,0
Gibraltar,1970,101,9,13,4,0,0,0,7,10,10,10,20,20,12,0,5,2,5,5,5,5,5,5,10,10,10,10,7,5,0,0,13,0,0
Gibraltar,1971,100,9,12,3,0,0,0,6,10,10,10,20,20,12,0,4,2,5,5,5,5,5,5,10,10,10,10,7,5,0,0,12,0,0
Gibraltar,1972,102,9,12,3,0,0,0,6,9,10,12,20,20,13,1,3,3,4,5,5,5,5,7,10,10,10,10,8,5,1,0,12,0,0
Gibraltar,1973,103,8,10,2,0,0,0,6,8,10,11,20,21,14,0,2,4,3,5,5,5,5,6,10,10,11,10,9,5,0,0,10,0,0
Gibraltar,1974,105,8,10,2,0,0,0,7,7,10,11,22,22,15,1,2,5,2,5,5,5,5,6,10,12,12,10,10,5,1,0,10,0,0
Gibraltar,1975,105,8,10,2,0,0,0,5,7,10,10,22,23,15,2,0,5,2,5,5,5,5,5,10,12,12,11,10,5,2,0,10,0,0
Gibraltar,1976,110,8,11,3,0,0,0,6,7,10,10,22,26,16,2,1,5,2,5,5,5,5,5,10,12,14,12,10,6,2,0,11,0,0
Gibraltar,1977,108,8,10,2,0,0,0,4,7,10,10,21,27,16,0,0,4,3,4,5,5,5,5,10,11,14,13,9,7,0,0,10,0,0
Gibraltar,1978,109,8,10,2,0,0,0,3,7,10,10,20,28,14,1,0,3,4,3,5,5,5,5,9,11,15,13,9,5,1,0,10,0,0
Gibraltar,1979,109,8,10,2,0,0,0,2,7,10,11,20,29,15,1,0,2,5,2,5,5,5,6,10,10,15,14,10,5,1,0,10,0,0
Gibraltar,1980,107,8,9,1,0,0,0,1,7,10,11,20,28,15,2,0,1,5,2,5,5,5,6,10,10,14,14,10,5,2,0,9,0,0
Gibraltar,1981,104,8,9,1,0,0,0,0,7,10,10,20,26,15,2,0,0,5,2,5,5,5,5,10,10,14,12,11,4,2,0,9,0,0
Gibraltar,1982,104,8,8,0,0,0,0,0,8,9,10,20,26,13,1,0,0,5,3,4,5,5,5,10,10,13,13,10,3,1,0,8,0,0
Gibraltar,1983,104,7,7,0,0,0,0,0,7,8,10,21,26,15,0,0,0,3,4,3,5,5,5,10,11,12,14,11,4,0,0,7,0,0
Gibraltar,1984,102,6,6,0,0,0,0,0,6,7,10,21,27,16,0,0,0,1,5,2,5,5,5,10,11,12,15,10,6,0,0,6,0,0
Gibraltar,1985,105,6,6,0,0,0,0,0,5,8,10,20,30,17,0,0,0,0,5,3,5,5,5,9,11,15,15,11,6,0,0,6,0,0
Gibraltar,1986,103,5,5,0,0,0,0,0,3,7,10,18,30,18,1,0,0,0,3,2,5,5,5,8,10,15,15,11,7,1,0,5,0,0
Gibraltar,1987,110,6,6,0,0,0,0,0,4,9,10,18,30,21,2,0,0,0,4,4,5,5,5,8,10,15,15,13,8,2,0,6,0,0
Gibraltar,1988,104,5,5,0,0,0,0,0,2,8,10,17,29,20,2,0,0,0,2,4,4,5,5,7,10,14,15,13,7,2,0,5,0,0
Gibraltar,1989,110,5,5,0,0,0,0,0,2,10,10,22,30,22,3,0,0,0,2,5,5,5,5,10,12,15,15,14,8,3,0,5,0,0
Gibraltar,1990,102,5,5,0,0,0,0,0,0,9,10,19,29,20,4,0,0,0,0,5,4,5,5,9,10,14,15,13,7,4,0,5,0,0
Gibraltar,1991,106,5,5,0,0,0,0,0,0,10,10,19,30,21,5,0,0,0,0,5,5,5,5,9,10,15,15,13,8,5,0,5,0,0
Gibraltar,1992,110,5,5,0,0,0,0,0,0,10,10,20,30,22,6,0,0,0,0,5,5,5,5,10,10,15,15,14,8,5,1,5,0,0
Gibraltar,1993,99,4,4,0,0,0,0,0,0,8,10,18,28,23,3,0,0,0,0,3,5,5,5,8,10,13,15,14,9,2,1,4,0,0
Gibraltar,1994,98,4,4,0,0,0,0,0,0,7,10,18,27,22,2,0,0,0,0,2,5,5,5,8,10,12,15,13,9,1,1,4,0,0
Gibraltar,1995,112,5,5,0,0,0,0,0,0,7,10,19,30,27,2,0,0,0,0,2,5,5,5,9,10,14,16,16,11,2,0,5,0,0
Gibraltar,1996,109,4,4,0,0,0,0,0,0,6,10,20,28,26,3,0,0,0,0,1,5,5,5,9,11,13,15,16,10,3,0,4,0,0
Gibraltar,1997,99,3,3,0,0,0,0,0,0,4,10,17,26,24,4,0,0,0,0,0,4,5,5,7,10,11,15,15,9,4,0,3,0,0
Gibraltar,1998,95,3,3,0,0,0,0,0,0,3,10,16,25,25,5,0,0,0,0,0,3,5,5,6,10,10,15,15,10,5,0,3,0,0
Gibraltar,1999,93,3,3,0,0,0,0,0,0,2,10,16,26,25,6,0,0,0,0,0,2,5,5,6,10,11,15,14,11,6,0,3,0,0
Gibraltar,2000,90,2,2,0,0,0,0,0,0,1,10,15,25,26,5,0,0,0,0,0,1,5,5,5,10,11,14,14,12,5,0,2,0,0
Gibraltar,2001,91,2,2,0,0,0,0,0,0,1,10,16,25,26,7,0,0,0,0,0,1,5,5,6,10,12,13,13,13,6,1,2,0,0
Gibraltar,2002,104,2,2,0,0,0,0,0,0,2,10,17,27,28,8,0,0,0,0,0,2,5,5,7,10,12,15,14,14,7,1,2,0,0
Gibraltar,2003,107,2,2,0,0,0,0,0,0,2,10,16,29,30,8,0,0,0,0,0,2,5,5,6,10,13,16,16,14,7,1,2,0,0
Gibraltar,2004,100,2,2,0,0,0,0,0,0,1,10,15,26,26,7,0,0,0,0,0,1,5,5,5,10,10,16,15,11,7,0,2,0,0
Gibraltar,2005,111,2,2,0,0,0,0,0,0,2,10,16,32,28,9,0,0,0,0,0,2,5,5,6,10,14,18,15,13,8,1,2,0,0
Gibraltar,2006,121,2,2,0,0,0,0,0,0,3,10,19,33,32,11,0,0,0,0,0,3,5,5,7,12,15,18,18,14,9,2,2,0,0
Gibraltar,2007,141,3,3,0,0,0,0,0,0,6,11,21,39,39,11,0,0,0,0,1,5,5,6,9,12,17,22,21,18,9,2,3,0,0
Gibraltar,2008,129,3,3,0,0,0,0,0,0,3,10,20,36,36,12,0,0,0,0,0,3,5,5,10,10,15,21,21,15,9,3,3,0,0
Gibraltar,2009,114,2,2,0,0,0,0,0,0,1,10,17,30,33,11,0,0,0,0,0,1,5,5,9,8,14,16,18,15,8,3,2,0,0
Gibraltar,2010,125,2,2,0,0,0,0,0,0,3,10,18,33,37,12,0,0,0,0,0,3,5,5,9,9,14,19,22,15,9,3,2,0,0
Gibraltar,2011,123,2,2,0,0,0,0,0,0,2,10,21,32,35,11,0,0,0,0,0,2,5,5,9,12,14,18,22,13,8,3,2,0,0
Gibraltar,2012,101,2,2,0,0,0,0,0,0,0,10,16,26,30,12,0,0,0,0,0,0,5,5,7,9,11,15,17,13,8,4,2,0,1
Gibraltar,2013,139,3,3,0,0,0,0,0,0,3,10,23,34,41,13,0,0,0,0,0,3,5,5,9,14,14,20,23,18,9,4,3,0,1
Gibraltar,2014,140,3,3,0,0,0,0,0,0,3,10,23,33,43,15,0,0,0,0,0,3,5,5,9,14,12,21,23,20,11,4,3,0,1
Gibraltar,2015,155,3,3,0,0,0,0,0,0,3,10,28,39,47,16,0,0,0,0,0,3,5,5,11,17,15,24,25,22,12,4,3,0,1
Gibraltar,2016,130,2,2,0,0,0,0,0,0,1,10,21,32,40,12,0,0,0,0,0,1,5,5,8,13,13,19,20,20,9,3,2,0,1
Gibraltar,2017,132,2,2,0,0,0,0,0,0,1,10,20,35,42,13,0,0,0,0,0,1,5,5,8,12,16,19,22,20,10,3,2,0,1
Gibraltar,2018,132,2,2,0,0,0,0,0,0,0,10,19,33,44,17,0,0,0,0,0,0,5,5,7,12,17,16,23,21,13,4,2,0,1
Gibraltar,2019,133,2,2,0,0,0,0,0,0,0,10,19,33,45,20,0,0,0,0,0,0,5,5,7,12,18,15,23,22,15,5,2,0,1
Gibraltar,2020,140,2,2,0,0,0,0,0,0,0,9,19,36,47,21,0,0,0,0,0,0,4,5,7,12,19,17,24,23,16,5,2,0,1
Gibraltar,2021,196,2,2,0,0,0,0,0,0,1,12,30,57,60,23,0,0,0,0,0,1,5,7,12,18,29,28,31,29,18,5,2,0,1
Greece,1950,36320,3860,4656,796,291,274,572,1398,1327,2384,3891,6624,8162,5754,972,766,632,590,737,1004,1380,1735,2156,2893,3731,4020,4142,3601,2153,802,170,4947,846,20
Greece,1951,37764,3960,4799,839,312,269,575,1451,1315,2457,4081,6773,8589,6074,1048,787,664,588,727,1027,1430,1837,2244,2940,3833,4267,4322,3782,2292,864,184,5111,844,21
Greece,1952,37055,4113,4981,868,333,245,539,1397,1223,2360,4003,6464,8444,5986,1058,745,652,555,668,978,1382,1805,2198,2795,3669,4213,4231,3711,2275,872,186,5314,784,22
Greece,1953,40681,4236,5127,891,311,268,590,1548,1316,2592,4502,7054,9455,6688,1207,812,736,612,704,1064,1528,2028,2474,3047,4007,4700,4755,4135,2553,995,212,5438,858,24
Greece,1954,39608,4278,5128,850,349,235,540,1464,1225,2454,4420,6738,9273,6551,1205,756,708,587,638,991,1463,1979,2441,2914,3824,4559,4714,4043,2508,991,214,5477,775,24
Greece,1955,39138,4222,5025,803,326,222,508,1413,1179,2373,4428,6573,9270,6563,1232,720,693,581,598,938,1435,1953,2475,2864,3709,4491,4779,4045,2518,1011,221,5351,730,26
Greece,1956,43064,4025,4775,750,331,248,538,1546,1308,2599,5030,7316,10492,7438,1411,779,767,663,645,1003,1596,2190,2840,3238,4078,5014,5478,4590,2848,1158,253,5106,786,29
Greece,1957,42440,3763,4454,691,282,247,500,1489,1294,2511,5050,7249,10470,7449,1415,748,741,672,622,943,1568,2178,2872,3279,3970,4950,5520,4617,2832,1162,253,4736,747,29
Greece,1958,40261,3596,4250,654,273,239,434,1357,1226,2300,4813,6869,9923,7182,1366,683,674,645,581,843,1457,2056,2757,3182,3687,4656,5267,4470,2712,1124,242,4523,673,28
Greece,1959,39017,3556,4192,636,295,226,385,1250,1182,2129,4647,6648,9541,7126,1366,629,621,622,560,763,1366,1967,2680,3151,3497,4448,5093,4457,2669,1118,248,4487,611,29
Greece,1960,41581,3500,4132,632,263,245,383,1271,1269,2189,4983,7230,10186,7881,1516,637,634,664,605,776,1413,2103,2880,3499,3731,4715,5471,4942,2939,1233,283,4395,628,33
Greece,1961,38210,3381,4011,630,268,217,332,1082,1151,1904,4515,6687,9184,7391,1435,535,547,591,560,676,1228,1898,2617,3268,3419,4212,4972,4627,2764,1158,277,4279,549,32
Greece,1962,39587,3276,3882,606,250,215,340,1043,1184,1890,4671,7095,9474,7943,1567,503,540,590,594,683,1207,1951,2720,3466,3629,4293,5181,4935,3008,1255,312,4132,555,36
Greece,1963,39699,3114,3685,571,258,209,339,965,1167,1819,4651,7292,9431,8198,1645,451,514,561,606,676,1143,1924,2727,3543,3749,4225,5206,5027,3171,1311,334,3943,548,38
Greece,1964,41441,2999,3533,534,225,217,346,935,1199,1850,4829,7852,9812,8797,1800,428,507,558,641,716,1134,1975,2854,3780,4072,4367,5445,5310,3487,1431,369,3758,563,43
Greece,1965,40093,2871,3374,503,224,206,327,838,1127,1741,4596,7753,9397,8644,1820,382,456,508,619,698,1043,1844,2752,3670,4083,4186,5211,5139,3505,1446,374,3598,533,46
Greece,1966,40711,2817,3304,487,227,204,317,792,1100,1742,4574,8019,9502,8927,1951,369,423,483,617,724,1018,1795,2779,3739,4280,4282,5220,5239,3688,1552,399,3531,521,51
Greece,1967,42829,2780,3255,475,219,210,319,784,1114,1836,4715,8608,10026,9514,2167,378,406,482,632,783,1053,1802,2913,3962,4646,4610,5416,5539,3975,1728,439,3474,529,57
Greece,1968,43721,2622,3073,451,213,209,320,761,1091,1898,4704,8957,10327,9786,2320,379,382,468,623,824,1074,1756,2948,4071,4886,4867,5460,5675,4111,1856,464,3286,529,62
Greece,1969,43316,2389,2799,410,194,199,321,718,1030,1913,4541,9022,10379,9727,2405,361,357,435,595,833,1080,1664,2877,4048,4974,5010,5369,5621,4106,1925,480,2993,520,65
Greece,1970,42411,2188,2556,368,193,184,313,681,957,1897,4297,8911,10375,9522,2455,344,337,400,557,821,1076,1563,2734,3970,4941,5118,5257,5474,4048,1958,497,2749,497,69
Greece,1971,42579,2023,2361,338,192,180,315,667,912,1927,4168,8990,10685,9550,2556,330,337,375,537,818,1109,1526,2642,3977,5013,5335,5350,5450,4100,2028,528,2553,495,76
Greece,1972,44744,1931,2251,320,192,184,330,700,912,2048,4238,9478,11577,10000,2752,338,362,369,543,845,1203,1585,2653,4158,5320,5801,5776,5660,4340,2169,583,2443,514,84
Greece,1973,45057,1880,2186,306,193,182,327,708,878,2068,4135,9503,12014,9984,2795,339,369,351,527,827,1241,1595,2540,4128,5375,6010,6004,5619,4365,2188,607,2379,509,86
Greece,1974,44218,1902,2200,298,192,175,306,703,825,2018,3948,9197,12108,9707,2753,343,360,334,491,785,1233,1581,2367,3946,5251,6022,6086,5448,4259,2145,608,2392,481,86
Greece,1975,45983,1872,2159,287,173,185,303,737,837,2085,4046,9441,12968,10085,2874,361,376,349,488,792,1293,1676,2370,3972,5469,6361,6607,5681,4404,2237,637,2332,488,91
Greece,1976,46650,1814,2088,274,184,188,299,747,837,2085,4092,9396,13481,10249,2907,368,379,365,472,777,1308,1748,2344,3866,5530,6526,6955,5839,4410,2265,642,2272,487,93
Greece,1977,47753,1711,1969,258,166,193,301,770,856,2097,4230,9409,14121,10585,2961,380,390,394,462,775,1322,1848,2382,3774,5635,6748,7373,6135,4450,2315,646,2135,494,94
Greece,1978,46402,1619,1858,239,162,188,292,743,828,1979,4158,8873,13943,10422,2863,361,382,399,429,729,1250,1840,2318,3481,5392,6575,7368,6150,4272,2244,619,2020,480,92
Greece,1979,46684,1530,1751,221,141,184,300,748,832,1928,4246,8645,14223,10711,2881,350,398,408,424,705,1223,1877,2369,3339,5306,6616,7607,6423,4288,2259,622,1892,484,93
Greece,1980,48440,1422,1624,202,139,187,320,769,873,1936,4479,8678,14922,11437,2979,350,419,434,439,702,1234,1969,2510,3343,5335,6886,8036,6959,4478,2335,644,1763,507,95
Greece,1981,47873,1287,1474,187,138,178,326,758,877,1841,4493,8290,14842,11639,2922,340,418,432,445,661,1180,1939,2554,3229,5061,6797,8045,7139,4500,2284,638,1612,504,93
Greece,1982,48057,1175,1345,170,121,168,333,762,895,1778,4558,8057,14944,12077,2926,342,420,430,465,629,1149,1919,2639,3218,4839,6785,8159,7425,4652,2281,645,1466,501,92
Greece,1983,48336,1079,1235,156,125,159,340,768,919,1717,4598,7879,14991,12561,2954,353,415,434,485,602,1115,1880,2718,3246,4633,6738,8253,7706,4855,2297,657,1360,499,92
Greece,1984,48683,987,1131,144,117,151,342,774,939,1664,4625,7787,14986,13069,3007,369,405,445,494,588,1076,1845,2780,3325,4462,6650,8336,7980,5089,2338,669,1248,493,93
Greece,1985,48304,895,1026,131,116,142,336,769,938,1591,4552,7639,14694,13368,3036,382,387,442,496,575,1016,1776,2776,3363,4276,6393,8301,8083,5285,2368,668,1142,478,95
Greece,1986,48431,810,927,117,103,137,327,779,933,1552,4490,7669,14488,13788,3137,396,383,441,492,586,966,1718,2772,3465,4204,6161,8327,8250,5538,2457,680,1030,464,98
Greece,1987,50923,728,833,105,107,139,329,833,973,1598,4621,8162,14926,14878,3417,430,403,464,509,638,960,1749,2872,3756,4406,6192,8734,8805,6073,2690,727,940,468,107
Greece,1988,49853,664,754,90,95,130,304,833,941,1538,4392,8112,14264,14896,3484,433,400,447,494,648,890,1650,2742,3771,4341,5798,8466,8719,6177,2756,728,849,434,108
Greece,1989,51098,608,688,80,95,128,294,870,961,1554,4357,8477,14245,15577,3738,450,420,446,515,671,883,1618,2739,3933,4544,5715,8530,9013,6564,2965,773,783,422,114
Greece,1990,51875,567,640,73,81,126,282,898,962,1578,4266,8762,14077,16097,3982,458,440,440,522,694,884,1567,2699,4035,4727,5648,8429,9231,6866,3168,814,721,408,119
Greece,1991,53029,540,608,68,74,122,281,917,987,1628,4190,9123,14034,16686,4257,459,458,451,536,709,919,1523,2667,4127,4996,5706,8328,9477,7209,3396,861,682,403,124
Greece,1992,55076,520,584,64,75,122,279,951,1030,1726,4185,9618,14261,17504,4614,463,488,468,562,732,994,1500,2685,4243,5375,5951,8310,9848,7656,3693,921,659,401,128
Greece,1993,54370,499,560,61,64,114,267,926,1028,1755,3962,9588,13857,17362,4759,436,490,470,558,727,1028,1407,2555,4106,5482,5961,7896,9657,7705,3807,952,624,381,129
Greece,1994,55078,484,544,60,65,108,264,922,1045,1820,3867,9752,13954,17571,5035,423,499,486,559,755,1065,1386,2481,4069,5683,6205,7749,9642,7929,4028,1007,609,372,133
Greece,1995,56395,465,523,58,51,103,263,928,1076,1909,3836,9980,14350,17879,5358,418,510,511,565,786,1123,1408,2428,4067,5913,6560,7790,9641,8238,4288,1070,574,366,138
Greece,1996,57344,444,499,55,51,94,258,921,1104,1958,3826,10064,14846,17944,5641,418,503,526,578,812,1146,1476,2350,4015,6049,6950,7896,9502,8442,4515,1126,550,352,142
Greece,1997,56202,421,473,52,49,84,245,873,1091,1925,3703,9706,14913,17269,5731,397,476,521,570,809,1116,1528,2175,3817,5889,7094,7819,8969,8300,4568,1163,522,329,143
Greece,1998,57871,393,443,50,42,77,243,862,1133,1996,3780,9774,15803,17453,6108,397,465,540,593,844,1152,1664,2116,3804,5970,7581,8222,8937,8516,4848,1260,485,320,153
Greece,1999,58565,369,419,50,44,73,233,848,1160,2050,3813,9654,16484,17290,6336,395,453,548,612,852,1198,1733,2080,3708,5946,7884,8600,8798,8492,5001,1335,463,306,161
Greece,2000,60127,347,390,43,38,65,221,840,1188,2096,3955,9642,17428,17448,6647,394,446,551,637,859,1237,1836,2119,3653,5989,8253,9175,8924,8524,5219,1428,428,286,169
Greece,2001,58796,322,364,42,34,58,196,797,1143,2060,3939,9105,17513,16813,6599,371,426,519,624,840,1220,1799,2140,3409,5696,8124,9389,8733,8080,5141,1458,398,254,174
Greece,2002,59297,298,337,39,36,54,180,774,1126,2081,4082,8827,18054,16817,6747,360,414,497,629,839,1242,1791,2291,3244,5583,8146,9908,8940,7877,5208,1539,373,234,186
Greece,2003,60088,276,312,36,33,48,165,755,1108,2104,4262,8598,18587,17036,6877,350,405,474,634,845,1259,1803,2459,3105,5493,8131,10456,9287,7749,5258,1619,345,213,201
Greece,2004,60321,258,292,34,34,44,149,722,1076,2086,4361,8343,18844,17274,6880,328,394,450,626,844,1242,1836,2525,3016,5327,8037,10807,9671,7603,5209,1671,326,193,215
Greece,2005,60512,244,276,32,28,41,134,687,1042,2050,4430,8137,18943,17687,6829,304,383,429,613,841,1209,1832,2598,2996,5141,7897,11046,10115,7572,5127,1702,304,175,228
Greece,2006,60893,232,264,32,27,39,124,642,1006,2029,4433,8052,18916,18363,6757,275,367,420,586,831,1198,1830,2603,3112,4940,7730,11186,10701,7662,5029,1728,291,163,241
Greece,2007,62932,222,253,31,28,39,114,618,987,2062,4533,8221,19278,19693,6843,258,360,414,573,847,1215,1880,2653,3415,4806,7791,11487,11622,8071,5051,1792,281,153,261
Greece,2008,61779,218,248,30,22,34,99,562,919,1996,4419,7967,18542,20081,6616,229,333,392,527,818,1178,1830,2589,3525,4442,7452,11090,11920,8161,4858,1758,270,133,272
Greece,2009,62343,215,245,30,22,33,90,518,878,1979,4451,7930,18280,21017,6611,208,310,380,498,808,1171,1799,2652,3606,4324,7292,10988,12424,8593,4845,1766,267,123,286
Greece,2010,61703,210,240,30,20,30,82,463,829,1920,4315,7851,17605,21504,6553,184,279,363,466,777,1143,1716,2599,3631,4220,6973,10632,12569,8935,4813,1740,260,112,293
Greece,2011,63624,201,232,31,20,27,80,426,817,1913,4383,8205,17559,22846,6807,171,255,354,463,762,1151,1739,2644,3708,4497,6891,10668,13078,9768,5038,1769,252,107,308
Greece,2012,65948,193,224,31,16,27,77,397,804,1923,4489,8739,17554,24209,7167,161,236,347,457,746,1177,1774,2715,3781,4958,6743,10811,13495,10714,5360,1807,240,104,322
Greece,2013,63271,187,218,31,15,23,69,338,736,1785,4266,8580,16238,23597,7089,136,202,315,421,672,1113,1687,2579,3601,4979,6095,10143,12763,10834,5350,1739,233,92,317
Greece,2014,64291,188,218,30,19,21,64,308,702,1757,4249,8809,16002,24278,7530,124,184,291,411,644,1113,1691,2558,3707,5102,5958,10044,12782,11496,5742,1788,237,85,330
Greece,2015,67416,190,219,29,18,21,62,292,693,1784,4367,9288,16407,25620,8301,122,170,276,417,638,1146,1762,2605,3855,5433,6155,10252,13183,12437,6402,1899,237,83,348
Greece,2016,64873,189,218,29,12,18,55,259,614,1653,4145,8832,15600,24627,8499,110,149,235,379,595,1058,1667,2478,3660,5172,6091,9509,12438,12189,6628,1871,230,73,339
Greece,2017,68166,181,209,28,15,18,53,246,598,1658,4304,9155,16245,25740,9564,106,140,219,379,597,1061,1734,2570,3811,5344,6759,9486,12870,12870,7503,2061,224,71,358
Greece,2018,66003,172,199,27,15,17,49,216,535,1525,4130,8788,15552,24682,9938,96,120,188,347,555,970,1661,2469,3661,5127,6843,8709,12275,12407,7806,2132,214,66,358
Greece,2019,67762,164,190,26,14,17,45,200,500,1491,4200,9006,15774,25070,10880,90,110,173,327,548,943,1689,2511,3689,5317,7099,8675,12390,12680,8527,2353,204,62,376
Greece,2020,70464,160,186,26,25,25,76,346,604,1608,4318,8827,15288,26431,12329,162,184,227,377,639,969,1745,2573,3768,5059,6518,8770,12634,13797,9624,2705,211,101,405
Greece,2021,76641,153,178,25,23,25,74,341,601,1829,4914,9911,16918,27812,13582,158,183,237,364,709,1120,1965,2949,4304,5607,7146,9772,12965,14847,10504,3078,201,99,434
Greenland,1950,196,63,84,21,9,5,7,20,20,20,19,10,10,1,0,10,10,10,10,10,10,10,9,5,5,5,5,1,0,0,0,93,12,0
Greenland,1951,201,61,82,21,9,5,5,6,13,14,20,15,20,9,0,5,1,7,6,6,8,10,10,6,9,10,10,5,4,0,0,91,10,0
Greenland,1952,202,63,85,22,8,5,7,14,16,18,20,14,16,3,0,9,5,6,10,9,9,10,10,7,7,8,8,3,0,0,0,93,12,0
Greenland,1953,206,65,86,21,7,5,7,16,16,20,20,14,13,4,0,10,6,6,10,10,10,10,10,8,6,8,5,4,0,0,0,93,12,0
Greenland,1954,198,61,80,19,7,5,6,18,15,20,20,14,11,3,0,10,8,5,10,10,10,10,10,9,5,6,5,3,0,0,0,87,11,0
Greenland,1955,193,59,78,19,7,5,6,20,15,20,20,16,9,4,0,10,10,5,10,10,10,10,10,10,6,5,4,4,0,0,0,85,11,0
Greenland,1956,181,57,74,17,6,5,5,20,15,20,20,16,7,0,0,10,10,7,8,10,10,10,10,10,6,5,2,0,0,0,0,80,10,0
Greenland,1957,171,60,75,15,6,5,5,10,10,10,18,16,8,0,0,5,5,5,5,5,5,8,10,10,6,5,3,0,0,0,0,81,10,0
Greenland,1958,166,61,76,15,6,5,5,10,10,10,16,17,9,0,0,5,5,5,5,5,5,6,10,10,7,5,4,0,0,0,0,82,10,0
Greenland,1959,161,60,75,15,6,5,5,10,10,10,15,18,9,0,0,5,5,5,5,5,5,5,10,10,8,5,4,0,0,0,0,81,10,0
Greenland,1960,160,61,76,15,6,3,5,10,10,10,13,18,10,0,0,5,5,5,5,5,5,5,8,10,8,5,5,0,0,0,0,82,8,0
Greenland,1961,172,63,79,16,6,5,5,10,10,10,15,19,10,1,0,5,5,5,5,5,5,5,10,10,9,5,5,1,0,0,0,85,10,0
Greenland,1962,183,63,80,17,6,5,5,10,10,13,20,20,11,2,0,5,5,5,5,5,8,10,10,10,10,6,5,2,0,0,0,86,10,0
Greenland,1963,194,63,81,18,7,5,5,15,17,15,20,20,12,2,0,8,7,10,7,5,10,10,10,10,10,7,5,2,0,0,0,88,10,0
Greenland,1964,194,63,81,18,7,5,5,13,14,14,20,20,13,3,0,7,6,7,7,5,9,10,10,10,10,8,5,3,0,0,0,88,10,0
Greenland,1965,191,63,81,18,7,5,5,10,10,12,20,20,14,4,0,5,5,5,5,5,7,10,10,10,10,9,5,4,0,0,0,88,10,0
Greenland,1966,177,55,70,15,6,5,5,10,10,10,20,20,14,4,0,5,5,5,5,5,5,10,10,10,10,10,4,4,0,0,0,76,10,0
Greenland,1967,182,54,70,16,6,5,5,10,10,11,20,20,16,4,0,5,5,5,5,5,6,10,10,10,10,10,6,4,0,0,0,76,10,0
Greenland,1968,170,46,60,14,6,5,5,10,10,10,20,20,16,4,0,5,5,5,5,5,5,10,10,10,10,10,6,4,0,0,0,66,10,0
Greenland,1969,165,39,51,12,6,5,5,10,10,11,20,20,17,3,0,5,5,5,5,5,6,10,10,10,10,10,7,3,0,0,0,57,10,0
Greenland,1970,165,31,41,10,5,5,5,15,14,17,20,20,18,3,0,5,10,7,7,10,7,10,10,10,10,10,8,2,1,0,0,46,10,0
Greenland,1971,167,26,35,9,5,5,5,15,20,20,20,23,21,3,0,5,10,10,10,10,10,10,10,12,11,12,9,3,0,0,0,40,10,0
Greenland,1972,165,22,30,8,5,5,5,14,20,20,20,27,21,4,0,5,9,10,10,10,10,10,10,14,13,12,9,4,0,0,0,35,10,0
Greenland,1973,171,21,28,7,5,5,5,14,20,20,22,30,24,5,0,5,9,10,10,10,10,10,12,15,15,14,10,5,0,0,0,33,10,0
Greenland,1974,181,21,28,7,5,5,5,14,20,20,24,30,25,6,0,5,9,10,10,10,10,10,14,15,15,15,10,6,0,0,0,33,10,0
Greenland,1975,191,21,27,6,5,5,5,15,20,20,25,30,27,7,0,5,10,10,10,10,10,10,15,15,15,15,12,6,1,0,0,32,10,0
Greenland,1976,200,20,25,5,5,5,6,20,20,25,30,30,28,8,0,10,10,10,10,10,15,15,15,15,15,15,13,7,1,0,0,30,11,0
Greenland,1977,211,19,23,4,5,5,7,20,25,29,30,33,29,9,0,10,10,13,12,14,15,15,15,18,15,15,14,7,2,0,0,28,12,0
Greenland,1978,216,17,21,4,5,5,8,20,28,30,30,35,30,10,0,10,10,13,15,15,15,15,15,18,17,15,15,8,2,0,0,26,13,0
Greenland,1979,222,17,21,4,5,5,8,20,27,30,30,39,31,11,0,10,10,12,15,15,15,15,15,19,20,16,15,8,3,0,0,26,13,0
Greenland,1980,224,17,21,4,1,4,8,20,25,30,35,38,30,11,0,10,10,10,15,15,15,20,15,19,19,17,13,8,3,0,0,22,12,0
Greenland,1981,229,17,21,4,1,3,8,20,25,30,38,38,32,12,0,10,10,10,15,15,15,20,18,18,20,18,14,9,3,0,0,22,11,0
Greenland,1982,235,18,22,4,1,2,8,20,25,31,40,39,33,13,0,10,10,10,15,15,16,20,20,19,20,19,14,9,4,0,0,23,10,0
Greenland,1983,241,18,22,4,2,2,8,20,25,31,40,40,34,13,0,10,10,10,15,15,16,20,20,20,20,19,15,9,4,0,0,24,10,0
Greenland,1984,245,17,21,4,1,1,8,20,25,36,40,40,34,12,0,10,10,10,15,18,18,20,20,20,20,19,15,10,2,0,0,22,9,0
Greenland,1985,248,17,21,4,1,1,7,20,25,39,43,40,34,12,0,10,10,10,15,19,20,20,23,20,20,19,15,10,2,0,0,22,8,0
Greenland,1986,258,16,20,4,2,0,7,29,30,39,46,42,35,13,0,14,15,15,15,19,20,21,25,22,20,20,15,10,3,0,0,22,7,0
Greenland,1987,268,18,22,4,2,0,7,29,30,39,47,44,36,14,0,14,15,15,15,19,20,22,25,24,20,20,16,10,4,0,0,24,7,0
Greenland,1988,264,17,21,4,2,0,6,28,30,38,46,45,36,15,0,13,15,15,15,18,20,21,25,25,20,20,16,10,5,0,0,23,6,0
Greenland,1989,267,17,21,4,2,0,5,27,30,40,46,46,36,16,0,12,15,15,15,17,23,21,25,25,21,20,16,11,5,0,0,23,5,0
Greenland,1990,290,21,25,4,3,0,5,28,30,43,51,50,37,17,1,13,15,15,15,19,24,25,26,28,22,20,17,11,6,1,0,28,5,0
Greenland,1991,276,20,24,4,3,0,5,24,30,40,50,52,37,17,1,9,15,15,15,17,23,25,25,29,23,20,17,11,6,1,0,27,5,0
Greenland,1992,242,10,11,1,0,0,3,17,26,36,47,48,32,14,0,7,10,11,15,15,21,24,23,25,23,17,15,9,5,0,0,11,3,0
Greenland,1993,261,15,19,4,1,0,4,17,28,36,50,55,35,15,1,7,10,13,15,15,21,25,25,29,26,20,15,10,5,1,0,20,4,0
Greenland,1994,253,12,15,3,0,0,4,16,27,36,50,55,34,15,1,6,10,12,15,15,21,25,25,28,27,19,15,10,5,1,0,15,4,0
Greenland,1995,252,11,15,4,0,0,4,15,27,34,50,55,35,14,1,5,10,12,15,15,19,25,25,27,28,20,15,9,5,1,0,15,4,0
Greenland,1996,258,11,15,4,0,0,4,14,27,34,54,56,37,14,1,5,9,12,15,15,19,27,27,27,29,22,15,9,5,1,0,15,4,0
Greenland,1997,267,12,16,4,1,0,4,13,28,35,57,58,40,15,2,5,8,13,15,15,20,27,30,28,30,24,16,10,5,2,0,17,4,0
Greenland,1998,279,13,17,4,2,0,5,12,28,37,57,60,43,15,1,5,7,13,15,17,20,27,30,30,30,26,17,10,5,1,0,19,5,0
Greenland,1999,272,10,14,4,0,0,4,11,27,37,59,60,44,13,1,5,6,12,15,17,20,27,32,30,30,27,17,8,5,1,0,14,4,0
Greenland,2000,262,7,7,0,0,0,4,10,26,37,59,60,42,13,0,5,5,11,15,17,20,26,33,30,30,25,17,8,5,0,0,7,4,0
Greenland,2001,260,6,6,0,0,0,4,10,24,37,56,61,45,14,0,5,5,9,15,17,20,24,32,31,30,27,18,9,5,0,0,6,4,0
Greenland,2002,263,8,9,1,0,0,4,10,21,36,56,63,47,15,1,5,5,8,13,16,20,24,32,33,30,28,19,10,5,1,0,9,4,0
Greenland,2003,248,6,6,0,0,0,3,10,18,35,51,60,47,15,1,5,5,6,12,15,20,22,29,33,27,28,19,10,5,1,0,6,3,0
Greenland,2004,260,6,6,0,0,0,4,10,18,36,53,64,50,15,1,5,5,6,12,16,20,23,30,35,29,29,21,10,5,1,0,6,4,0
Greenland,2005,256,6,6,0,0,0,3,10,16,35,53,64,50,15,0,5,5,5,11,15,20,24,29,35,29,29,21,10,5,0,0,6,3,0
Greenland,2006,260,6,6,0,0,0,4,10,14,35,54,66,53,16,0,5,5,5,9,15,20,25,29,35,31,29,24,11,5,0,0,6,4,0
Greenland,2007,265,6,6,0,0,0,4,10,13,35,53,70,55,19,1,5,5,5,8,15,20,25,28,36,34,29,26,14,5,1,0,6,4,0
Greenland,2008,261,5,5,0,0,0,3,10,12,34,53,70,50,19,1,5,5,5,7,14,20,25,28,34,36,26,24,14,5,1,0,5,3,0
Greenland,2009,272,5,5,0,0,0,3,10,12,36,57,74,51,20,1,5,5,5,7,15,21,27,30,36,38,27,24,14,6,1,0,5,3,0
Greenland,2010,286,5,5,0,0,0,3,10,11,37,59,76,56,23,0,5,5,5,6,15,22,28,31,36,40,31,25,16,7,0,0,5,3,0
Greenland,2011,284,5,5,0,0,0,3,10,10,34,59,75,58,24,1,5,5,5,5,13,21,28,31,35,40,33,25,17,7,1,0,5,3,0
Greenland,2012,279,5,5,0,0,0,3,10,10,31,58,74,60,26,1,5,5,5,5,11,20,27,31,35,39,35,25,19,7,1,0,5,3,0
Greenland,2013,275,5,5,0,0,0,2,10,10,27,58,72,62,27,2,5,5,5,5,9,18,26,32,35,37,36,26,20,7,2,0,5,2,0
Greenland,2014,284,5,5,0,0,0,2,10,10,25,60,72,66,30,2,5,5,5,5,7,18,27,33,35,37,39,27,21,9,2,0,5,2,0
Greenland,2015,287,5,5,0,0,0,2,10,10,23,60,75,67,30,2,5,5,5,5,7,16,27,33,37,38,40,27,20,10,2,0,5,2,0
Greenland,2016,295,6,6,0,0,0,2,10,10,21,61,80,71,31,3,5,5,5,5,6,15,27,34,40,40,40,31,20,11,3,0,6,2,0
Greenland,2017,286,3,3,0,0,0,1,10,10,20,60,79,71,29,3,5,5,5,5,6,14,26,34,40,39,39,32,18,11,3,0,3,1,0
Greenland,2018,300,4,4,0,0,0,1,10,10,18,61,80,75,32,3,5,5,5,5,5,13,26,35,40,40,40,35,19,13,3,0,4,1,0
Greenland,2019,308,5,5,0,0,0,1,10,10,17,63,85,77,34,3,5,5,5,5,5,12,26,37,44,41,40,37,21,13,3,0,5,1,0
Greenland,2020,311,4,4,0,0,0,1,10,10,16,61,88,79,32,5,5,5,5,5,5,11,24,37,46,42,40,39,21,11,5,0,4,1,0
Greenland,2021,318,4,4,0,0,0,1,10,10,15,60,95,79,36,5,5,5,5,5,5,10,23,37,48,47,40,39,25,11,5,0,4,1,0
Grenada,1950,600,158,249,91,14,10,10,20,21,36,55,64,61,52,5,10,10,10,11,15,21,29,26,34,30,35,26,31,21,5,0,263,20,0
Grenada,1951,559,143,229,86,14,10,10,20,20,33,53,63,56,44,6,10,10,10,10,15,18,28,25,33,30,32,24,25,19,6,0,243,20,0
Grenada,1952,546,155,232,77,9,8,10,20,20,32,53,59,55,36,7,10,10,10,10,15,17,27,26,29,30,30,25,20,16,7,0,241,18,0
Grenada,1953,552,163,238,75,13,8,10,20,20,32,51,59,57,35,7,10,10,10,10,15,17,25,26,29,30,30,27,20,15,7,0,251,18,0
Grenada,1954,545,169,244,75,11,6,10,20,20,32,49,59,57,30,6,10,10,10,10,15,17,24,25,29,30,30,27,17,13,6,0,255,16,0
Grenada,1955,532,173,247,74,10,5,9,20,20,30,48,56,55,30,6,10,10,10,10,14,16,23,25,28,28,30,25,18,12,6,0,257,14,0
Grenada,1956,521,175,249,74,10,5,7,20,20,28,44,51,53,28,5,10,10,10,10,13,15,20,24,25,26,28,25,18,10,5,0,259,12,0
Grenada,1957,521,176,249,73,10,5,6,20,20,29,43,51,54,29,5,10,10,10,10,13,16,20,23,25,26,29,25,19,10,5,0,259,11,0
Grenada,1958,532,173,245,72,10,5,7,20,20,30,48,56,56,31,5,10,10,10,10,14,16,23,25,29,27,30,26,21,10,5,0,255,12,0
Grenada,1959,521,167,236,69,10,5,6,20,20,29,48,54,56,31,5,10,10,10,10,13,16,23,25,28,26,30,26,22,9,5,0,246,11,0
Grenada,1960,505,157,222,65,10,5,5,20,20,29,48,54,57,32,5,10,10,10,10,13,16,23,25,28,26,30,27,23,9,5,0,232,10,0
Grenada,1961,483,145,203,58,10,5,5,20,20,28,48,53,56,32,5,10,10,10,10,12,16,23,25,27,26,30,26,23,9,5,0,213,10,0
Grenada,1962,454,130,183,53,9,5,5,19,20,26,47,52,56,34,5,9,10,10,10,11,15,22,25,27,25,30,26,23,11,5,0,192,10,0
Grenada,1963,424,115,161,46,9,5,5,13,13,23,45,51,54,32,4,8,5,5,8,10,13,20,25,26,25,29,25,21,11,4,0,170,10,0
Grenada,1964,407,102,142,40,9,5,5,12,14,23,44,53,55,34,4,7,5,5,9,10,13,19,25,28,25,29,26,22,12,4,0,151,10,0
Grenada,1965,410,92,128,36,10,5,5,13,14,24,47,55,58,37,4,8,5,5,9,10,14,20,27,30,25,30,28,23,14,4,0,138,10,0
Grenada,1966,403,83,115,32,8,10,7,14,14,23,46,59,60,37,5,9,5,5,9,10,13,19,27,32,27,30,30,23,14,5,0,123,17,0
Grenada,1967,406,76,106,30,8,10,10,15,13,23,47,65,61,41,6,10,5,5,8,10,13,20,27,35,30,31,30,26,15,6,0,114,20,0
Grenada,1968,386,71,97,26,7,9,10,14,12,22,43,65,60,40,6,9,5,5,7,10,12,19,24,35,30,30,30,25,15,6,0,104,19,0
Grenada,1969,379,66,90,24,6,9,10,14,12,22,43,66,60,40,6,9,5,5,7,10,12,19,24,36,30,30,30,26,14,6,0,96,19,0
Grenada,1970,372,62,84,22,6,9,10,14,11,21,40,67,60,40,7,9,5,5,6,10,11,18,22,36,31,30,30,26,14,7,0,90,19,0
Grenada,1971,370,61,80,19,6,8,10,15,10,21,40,69,59,41,8,10,5,5,5,10,11,18,22,36,33,30,29,27,14,7,1,86,18,0
Grenada,1972,369,60,79,19,5,8,10,15,10,21,39,68,60,41,8,10,5,5,5,10,11,17,22,33,35,33,27,27,14,7,1,84,18,0
Grenada,1973,366,59,78,19,5,7,10,16,10,20,38,67,61,42,8,10,6,5,5,9,11,17,21,32,35,34,27,26,16,7,1,83,17,0
Grenada,1974,363,57,75,18,5,6,10,16,10,20,37,67,65,41,8,10,6,5,5,9,11,16,21,31,36,37,28,25,16,7,1,80,16,0
Grenada,1975,359,55,72,17,5,5,10,17,10,20,36,67,67,41,9,10,7,5,5,9,11,15,21,30,37,38,29,25,16,7,2,77,15,0
Grenada,1976,364,52,67,15,5,5,10,18,10,21,35,67,71,41,9,10,8,5,5,9,12,15,20,30,37,40,31,25,16,7,2,72,15,0
Grenada,1977,382,49,63,14,5,5,10,19,10,21,40,72,79,47,9,10,9,5,5,9,12,18,22,33,39,45,34,28,19,7,2,68,15,0
Grenada,1978,382,47,60,13,5,5,10,22,10,20,39,71,86,46,10,12,10,5,5,9,11,18,21,33,38,48,38,28,18,8,2,65,15,0
Grenada,1979,381,45,57,12,5,5,9,22,11,20,39,69,87,49,10,12,10,6,5,9,11,18,21,32,37,48,39,30,19,8,2,62,14,0
Grenada,1980,380,43,54,11,5,5,8,21,12,19,39,68,90,50,10,11,10,7,5,8,11,18,21,31,37,49,41,31,19,8,2,59,13,0
Grenada,1981,378,37,48,11,5,5,8,22,13,19,39,68,93,51,11,12,10,8,5,8,11,18,21,31,37,49,44,32,19,9,2,53,13,0
Grenada,1982,379,37,48,11,5,5,7,23,14,19,38,67,93,53,10,13,10,9,5,9,10,17,21,30,37,49,44,34,19,8,2,53,12,0
Grenada,1983,560,38,46,8,5,6,26,103,47,32,50,73,102,57,10,57,46,29,18,15,17,23,27,33,40,53,49,37,20,8,2,51,32,0
Grenada,1984,379,36,44,8,5,5,7,26,16,19,37,64,93,56,10,13,13,10,6,9,10,16,21,29,35,47,46,36,20,8,2,49,12,0
Grenada,1985,381,37,45,8,3,5,6,26,17,20,36,63,93,57,10,12,14,10,7,10,10,15,21,29,34,46,47,37,20,8,2,48,11,0
Grenada,1986,386,37,45,8,2,5,6,27,20,20,36,63,93,61,11,12,15,10,10,10,10,14,22,29,34,46,47,39,22,9,2,47,11,0
Grenada,1987,382,36,44,8,2,5,5,26,21,20,34,62,92,63,11,11,15,11,10,10,10,14,20,29,33,46,46,41,22,9,2,46,10,0
Grenada,1988,376,31,39,8,1,5,5,23,22,20,34,61,89,63,11,10,13,12,10,10,10,14,20,29,32,44,45,41,22,9,2,40,10,0
Grenada,1989,372,30,38,8,0,4,5,20,22,20,33,61,89,65,11,9,11,12,10,10,10,14,19,29,32,44,45,42,23,9,2,38,9,0
Grenada,1990,367,28,35,7,0,4,5,18,21,20,32,60,88,66,11,8,10,11,10,10,10,13,19,29,31,43,45,42,24,9,2,35,9,0
Grenada,1991,362,26,33,7,0,4,5,17,21,20,30,61,87,67,12,7,10,11,10,10,10,13,17,29,32,42,45,42,25,10,2,33,9,0
Grenada,1992,360,24,31,7,0,3,5,17,20,20,30,62,86,69,12,7,10,10,10,10,10,13,17,29,33,41,45,43,26,10,2,31,8,0
Grenada,1993,360,21,26,5,0,2,5,16,21,23,31,65,86,69,12,6,10,10,11,13,10,14,17,30,35,41,45,43,26,10,2,26,7,0
Grenada,1994,364,20,25,5,0,2,5,16,23,25,32,65,87,69,14,6,10,10,13,15,10,14,18,30,35,42,45,43,26,11,3,25,7,1
Grenada,1995,367,18,22,4,0,2,5,14,23,27,32,67,87,70,14,5,9,10,13,15,12,14,18,31,36,42,45,43,27,11,3,22,7,1
Grenada,1996,370,18,22,4,0,2,5,13,23,28,34,69,89,71,14,5,8,10,13,15,13,15,19,31,38,44,45,44,27,11,3,22,7,1
Grenada,1997,374,17,21,4,0,2,5,12,23,30,34,70,91,72,14,5,7,10,13,15,15,15,19,31,39,45,46,45,27,11,3,21,7,1
Grenada,1998,377,15,19,4,0,2,5,11,23,31,33,70,92,73,14,5,6,10,13,16,15,15,18,31,39,47,45,46,27,11,3,19,7,1
Grenada,1999,382,14,18,4,0,2,5,10,22,32,32,71,94,75,15,5,5,10,12,17,15,15,17,31,40,50,44,47,28,12,3,18,7,1
Grenada,2000,392,14,18,4,0,2,5,10,21,34,35,74,100,75,15,5,5,9,12,18,16,18,17,32,42,54,46,47,28,12,3,18,7,1
Grenada,2001,393,13,16,3,0,1,5,10,20,38,35,73,104,78,15,5,5,8,12,18,20,19,16,31,42,57,47,48,30,12,3,16,6,1
Grenada,2002,399,13,15,2,0,1,5,10,18,38,37,71,107,78,17,5,5,7,11,18,20,20,17,29,42,58,49,48,30,14,3,15,6,1
Grenada,2003,419,12,14,2,0,1,5,10,18,38,44,72,118,80,17,5,5,7,11,18,20,24,20,30,42,62,56,47,33,14,3,14,6,1
Grenada,2004,456,14,19,5,5,5,5,10,20,43,47,73,125,85,17,5,5,9,11,19,24,25,22,30,43,64,61,50,35,14,3,24,10,1
Grenada,2005,435,13,15,2,0,0,5,10,17,41,49,69,124,84,17,5,5,7,10,18,23,25,24,28,41,62,62,49,35,14,3,15,5,1
Grenada,2006,441,13,15,2,0,0,4,10,16,41,55,69,125,85,18,5,5,6,10,18,23,30,25,28,41,61,64,51,34,15,3,15,4,1
Grenada,2007,430,13,15,2,0,0,4,10,14,38,57,65,122,83,18,5,5,5,9,16,22,30,27,28,37,58,64,50,33,15,3,15,4,1
Grenada,2008,420,13,15,2,0,0,3,10,13,35,58,64,114,84,18,5,5,5,8,13,22,29,29,30,34,54,60,53,31,15,3,15,3,1
Grenada,2009,422,14,16,2,0,0,2,10,13,34,59,63,114,87,18,5,5,5,8,13,21,29,30,30,33,54,60,55,32,15,3,16,2,1
Grenada,2010,431,14,16,2,0,0,2,10,12,33,62,66,114,91,21,5,5,5,7,13,20,31,31,33,33,53,61,59,32,17,4,16,2,1
Grenada,2011,437,14,16,2,0,0,1,10,12,31,66,67,111,97,20,5,5,5,7,12,19,31,35,35,32,50,61,62,35,16,4,16,1,1
Grenada,2012,459,14,17,3,0,0,1,10,12,31,69,73,112,102,23,5,5,5,7,12,19,33,36,39,34,50,62,65,37,18,5,17,1,1
Grenada,2013,464,15,18,3,0,0,0,10,12,30,71,78,110,108,22,5,5,5,7,12,18,32,39,43,35,49,61,66,42,17,5,18,0,1
Grenada,2014,486,15,18,3,0,0,0,10,12,29,75,87,111,115,23,5,5,5,7,12,17,33,42,47,40,49,62,69,46,18,5,18,0,1
Grenada,2015,494,15,19,4,0,0,0,10,11,29,75,92,108,117,25,5,5,5,6,12,17,33,42,50,42,47,61,69,48,20,5,19,0,1
Grenada,2016,514,15,19,4,0,0,0,10,12,29,77,102,111,124,27,5,5,5,7,12,17,33,44,54,48,49,62,71,53,20,7,19,0,1
Grenada,2017,521,16,20,4,0,0,0,10,12,28,75,108,109,125,30,5,5,5,7,12,16,31,44,58,50,50,59,71,54,23,7,20,0,1
Grenada,2018,528,15,19,4,0,0,0,10,12,27,73,116,110,126,32,5,5,5,7,11,16,28,45,61,55,53,57,71,55,25,7,19,0,1
Grenada,2019,535,15,19,4,0,0,0,10,13,27,72,121,113,124,33,5,5,5,8,11,16,27,45,64,57,57,56,69,55,26,7,19,0,1
Grenada,2020,541,15,19,4,0,0,0,9,13,27,70,127,115,124,34,4,5,5,8,11,16,26,44,66,61,61,54,69,55,27,7,19,0,1
Grenada,2021,553,14,17,3,0,0,0,9,14,26,67,132,123,123,37,4,5,5,9,10,16,26,41,67,65,66,57,68,55,29,8,17,0,1
Guadeloupe,1950,2135,421,686,265,35,20,35,126,151,181,224,250,265,142,20,57,69,71,80,85,96,105,119,120,130,144,121,93,49,17,3,721,55,0
Guadeloupe,1951,2038,399,655,256,36,19,35,119,144,178,216,239,249,129,19,54,65,67,77,83,95,101,115,119,120,134,115,86,43,16,3,691,54,0
Guadeloupe,1952,1982,394,632,238,35,18,35,118,142,181,213,237,232,121,19,53,65,66,76,85,96,100,113,121,116,127,105,79,42,16,3,667,53,0
Guadeloupe,1953,1895,385,610,225,40,17,33,111,137,175,207,229,212,107,15,51,60,65,72,82,93,100,107,117,112,117,95,70,37,13,2,650,50,0
Guadeloupe,1954,1777,376,588,212,37,16,30,105,127,166,192,216,192,95,14,48,57,60,67,77,89,92,100,110,106,107,85,60,35,12,2,625,46,0
Guadeloupe,1955,1650,368,568,200,35,15,28,94,115,153,174,195,172,84,13,44,50,54,61,70,83,85,89,100,95,97,75,54,30,11,2,603,43,0
Guadeloupe,1956,1612,360,551,191,33,15,26,90,111,152,173,195,171,83,13,41,49,52,59,69,83,85,88,100,95,96,75,53,30,11,2,584,41,0
Guadeloupe,1957,1580,347,530,183,31,15,25,87,110,150,173,194,169,80,13,40,47,51,59,67,83,85,88,99,95,94,75,52,28,11,2,561,40,0
Guadeloupe,1958,1543,341,516,175,31,15,23,83,107,146,172,192,168,77,13,38,45,49,58,64,82,85,87,97,95,93,75,50,27,11,2,547,38,0
Guadeloupe,1959,1503,333,499,166,29,15,22,76,102,143,172,186,167,78,12,36,40,47,55,62,81,85,87,93,93,92,75,52,26,10,2,528,37,0
Guadeloupe,1960,1481,331,488,157,29,15,21,72,97,140,172,184,167,82,12,32,40,44,53,61,79,85,87,92,92,92,75,53,29,10,2,517,36,0
Guadeloupe,1961,1484,320,469,149,27,16,23,70,95,141,180,190,175,85,12,30,40,42,53,61,80,89,91,95,95,96,79,55,30,10,2,496,39,0
Guadeloupe,1962,1506,315,455,140,27,17,24,70,96,143,189,197,182,89,15,30,40,42,54,63,80,93,96,98,99,99,83,58,31,12,3,482,41,0
Guadeloupe,1963,1520,299,432,133,28,18,26,70,97,145,199,205,189,96,15,31,39,42,55,65,80,98,101,103,102,103,86,61,35,12,3,460,44,0
Guadeloupe,1964,1559,281,408,127,28,21,29,71,99,152,210,219,199,100,17,32,39,43,56,68,84,103,107,112,107,109,90,65,35,14,3,436,50,0
Guadeloupe,1965,1518,266,383,117,28,20,30,71,95,149,208,219,198,99,18,33,38,42,53,66,83,101,107,113,106,108,90,64,35,15,3,411,50,0
Guadeloupe,1966,1506,256,366,110,27,20,32,70,92,147,209,221,199,100,18,34,36,41,51,65,82,99,110,114,107,108,91,65,35,15,3,393,52,0
Guadeloupe,1967,1432,240,339,99,24,20,30,66,85,142,198,218,192,99,18,34,32,39,46,61,81,92,106,113,105,104,88,64,35,15,3,363,50,0
Guadeloupe,1968,1407,227,319,92,24,19,30,65,82,137,199,219,192,100,18,35,30,37,45,58,79,91,108,113,106,104,88,65,35,15,3,343,49,0
Guadeloupe,1969,1373,213,297,84,23,18,29,66,78,135,194,222,190,103,18,35,31,35,43,56,79,87,107,115,107,103,87,67,36,15,3,320,47,0
Guadeloupe,1970,1375,200,277,77,20,18,29,68,77,133,197,231,197,110,20,36,32,34,43,56,77,90,107,119,112,106,91,70,40,16,4,297,47,1
Guadeloupe,1971,1363,186,256,70,18,18,29,66,73,127,194,239,201,114,21,35,31,31,42,52,75,90,104,123,116,109,92,73,41,17,4,274,47,1
Guadeloupe,1972,1345,172,235,63,18,18,29,67,71,126,191,244,206,116,23,35,32,29,42,51,75,89,102,124,120,113,93,74,42,18,5,253,47,1
Guadeloupe,1973,1336,160,219,59,18,17,29,66,69,123,190,250,211,121,25,35,31,28,41,50,73,91,99,128,122,118,93,75,46,20,5,237,46,1
Guadeloupe,1974,1375,149,201,52,16,17,30,67,70,127,198,267,226,129,26,35,32,29,41,52,75,94,104,135,132,126,100,80,49,21,5,217,47,1
Guadeloupe,1975,1319,137,184,47,16,17,29,66,66,119,189,257,225,128,26,34,32,29,37,49,70,89,100,128,129,125,100,79,49,21,5,200,46,1
Guadeloupe,1976,1290,125,167,42,14,16,28,65,64,111,186,255,228,129,28,33,32,29,35,46,65,86,100,124,131,128,100,79,50,23,5,181,44,1
Guadeloupe,1977,1299,112,149,37,13,16,28,66,63,111,188,258,239,132,31,34,32,30,33,46,65,86,102,123,135,133,106,80,52,25,6,162,44,1
Guadeloupe,1978,1292,100,134,34,11,14,28,67,62,108,185,259,248,137,32,35,32,30,32,46,62,84,101,120,139,137,111,84,53,25,7,145,42,1
Guadeloupe,1979,1286,92,122,30,10,13,27,67,64,107,183,257,256,140,38,35,32,32,32,45,62,83,100,118,139,140,116,85,55,30,8,132,40,1
Guadeloupe,1980,1277,88,115,27,10,12,25,67,67,103,179,256,261,144,38,35,32,33,34,43,60,79,100,119,137,143,118,88,56,30,8,125,37,1
Guadeloupe,1981,1292,84,108,24,10,12,25,68,70,102,177,259,273,149,39,35,33,35,35,41,61,77,100,122,137,149,124,92,57,30,9,118,37,1
Guadeloupe,1982,1278,81,103,22,10,12,23,69,69,97,170,254,274,153,40,35,34,34,35,38,59,74,96,121,133,149,125,96,57,30,10,113,35,1
Guadeloupe,1983,1272,79,98,19,8,11,22,71,69,97,167,250,281,156,40,36,35,33,36,38,59,72,95,121,129,152,129,98,58,30,10,106,33,2
Guadeloupe,1984,1277,77,96,19,7,11,22,71,71,95,165,249,283,161,41,35,36,33,38,38,57,72,93,120,129,153,130,102,59,30,11,103,33,2
Guadeloupe,1985,1282,76,94,18,6,11,21,71,75,95,164,252,285,167,41,34,37,35,40,40,55,72,92,120,132,153,132,106,61,30,11,100,32,2
Guadeloupe,1986,1306,74,92,18,5,10,20,73,76,97,164,256,292,178,41,34,39,35,41,42,55,73,91,121,135,155,137,112,66,30,11,97,30,3
Guadeloupe,1987,1325,71,87,16,5,9,20,72,82,99,165,261,298,185,42,32,40,39,43,45,54,74,91,122,139,156,142,115,70,31,11,92,29,3
Guadeloupe,1988,1340,69,85,16,5,8,19,72,83,100,165,264,300,192,43,32,40,40,43,47,53,75,90,121,143,155,145,119,73,32,11,90,27,3
Guadeloupe,1989,1361,67,83,16,5,8,18,70,84,105,165,265,307,200,46,31,39,41,43,49,56,74,91,120,145,158,149,123,77,34,12,88,26,3
Guadeloupe,1990,1376,65,79,14,5,7,17,69,87,108,165,263,315,207,50,31,38,42,45,51,57,73,92,119,144,163,152,126,81,38,12,84,24,3
Guadeloupe,1991,1386,63,75,12,5,7,17,67,87,112,162,262,320,216,51,30,37,42,45,53,59,70,92,118,144,167,153,131,85,39,12,80,24,3
Guadeloupe,1992,1395,60,71,11,5,6,16,65,90,115,162,257,322,226,54,29,36,43,47,52,63,69,93,115,142,170,152,136,90,42,12,76,22,3
Guadeloupe,1993,1401,57,68,11,5,6,15,64,90,116,160,256,325,231,59,29,35,42,48,52,64,68,92,115,141,171,154,138,93,46,13,73,21,3
Guadeloupe,1994,1411,55,66,11,5,6,14,61,89,120,160,254,331,237,63,26,35,41,48,53,67,68,92,114,140,174,157,142,95,48,15,71,20,3
Guadeloupe,1995,1416,52,62,10,5,5,13,60,87,118,161,254,335,244,67,26,34,39,48,52,66,72,89,116,138,173,162,144,100,51,16,67,18,4
Guadeloupe,1996,1423,50,59,9,5,5,12,59,87,119,158,251,339,249,72,25,34,38,49,52,67,73,85,116,135,172,167,146,103,55,17,64,17,4
Guadeloupe,1997,1431,48,56,8,5,5,12,56,85,123,160,251,342,255,79,23,33,37,48,54,69,76,84,117,134,171,171,148,107,59,20,61,17,4
Guadeloupe,1998,1439,46,53,7,5,5,11,52,84,125,161,251,345,261,81,21,31,36,48,55,70,78,83,117,134,171,174,150,111,60,21,58,16,5
Guadeloupe,1999,1450,45,52,7,5,5,11,48,82,125,165,252,344,271,85,19,29,36,46,55,70,81,84,116,136,169,175,156,115,63,22,57,16,5
Guadeloupe,2000,1463,43,50,7,5,5,9,44,79,123,172,256,345,278,92,17,27,34,45,54,69,84,88,117,139,170,175,160,118,66,26,55,14,6
Guadeloupe,2001,1474,40,47,7,5,5,9,38,76,125,176,253,348,289,97,15,23,33,43,55,70,85,91,113,140,170,178,169,120,70,27,52,14,7
Guadeloupe,2002,1483,37,43,6,5,5,9,35,71,126,179,252,350,299,101,14,21,30,41,55,71,85,94,110,142,170,180,174,125,72,29,48,14,7
Guadeloupe,2003,1492,34,39,5,3,5,9,31,67,127,181,253,354,309,108,13,18,27,40,55,72,85,96,111,142,174,180,180,129,76,32,42,14,8
Guadeloupe,2004,1500,31,36,5,3,5,9,30,63,124,184,250,358,317,112,13,17,25,38,53,71,84,100,111,139,176,182,183,134,79,33,39,14,9
Guadeloupe,2005,1562,29,33,4,3,5,9,28,60,131,192,260,374,339,121,13,15,23,37,55,76,87,105,118,142,183,191,192,147,86,35,36,14,10
Guadeloupe,2006,1554,26,29,3,2,5,9,25,53,124,190,258,377,344,125,11,14,20,33,51,73,86,104,120,138,186,191,192,152,88,37,31,14,11
Guadeloupe,2007,1539,25,28,3,2,5,8,21,50,122,191,255,373,348,127,10,11,19,31,48,74,85,106,120,135,184,189,192,156,90,37,30,13,11
Guadeloupe,2008,1503,23,25,2,1,5,8,20,46,115,186,250,362,343,128,10,10,17,29,45,70,84,102,120,130,176,186,188,155,91,37,26,13,12
Guadeloupe,2009,1541,21,23,2,0,5,7,20,42,111,192,258,367,355,138,10,10,16,26,42,69,87,105,126,132,175,192,194,161,97,41,23,12,12
Guadeloupe,2010,1507,20,22,2,0,4,7,20,37,107,188,258,357,350,141,10,10,13,24,40,67,86,102,126,132,169,188,190,160,100,41,22,11,13
Guadeloupe,2011,1507,19,21,2,0,3,6,20,35,101,190,264,356,351,146,10,10,12,23,37,64,87,103,129,135,166,190,191,160,104,42,21,9,14
Guadeloupe,2012,1495,18,20,2,0,2,5,20,33,96,190,265,350,350,153,10,10,12,21,35,61,87,103,129,136,163,187,190,160,107,46,20,7,15
Guadeloupe,2013,1570,17,18,1,0,2,6,20,30,94,199,279,363,371,168,10,10,11,19,33,61,90,109,135,144,169,194,201,170,117,51,18,8,16
Guadeloupe,2014,1579,16,17,1,0,1,5,20,27,90,196,284,365,380,174,10,10,10,17,32,58,86,110,135,149,173,192,206,174,120,54,17,6,18
Guadeloupe,2015,1592,15,16,1,0,1,5,20,25,82,195,290,367,390,182,10,10,10,15,29,53,85,110,135,155,176,191,211,179,124,58,16,6,19
Guadeloupe,2016,1535,14,15,1,0,0,5,19,23,73,184,281,354,380,181,9,10,10,13,26,47,79,105,130,151,172,182,206,174,121,60,15,5,20
Guadeloupe,2017,1597,13,14,1,0,0,5,19,22,69,187,293,370,400,196,9,10,10,12,23,46,78,109,134,159,181,189,215,185,130,66,14,5,22
Guadeloupe,2018,1632,12,13,1,0,0,4,19,21,67,184,301,382,409,205,9,10,10,11,22,45,74,110,139,162,188,194,217,192,136,69,13,4,24
Guadeloupe,2019,1639,11,12,1,0,0,4,18,20,59,178,303,392,414,210,8,10,10,10,19,40,71,107,141,162,195,197,217,197,138,72,12,4,26
Guadeloupe,2020,1778,11,11,0,0,0,3,18,20,55,174,332,434,467,233,8,10,10,10,17,38,67,107,153,179,218,216,238,229,156,77,11,3,29
Guadeloupe,2021,2121,11,11,0,0,0,3,17,20,60,198,392,544,573,272,7,10,10,10,18,42,74,124,178,214,272,272,289,284,184,88,11,3,33
Guam,1950,334,41,47,6,2,2,20,66,40,50,48,33,24,1,0,44,22,18,22,25,25,25,23,16,17,17,7,1,0,0,0,49,22,0
Guam,1951,329,42,48,6,2,1,16,64,39,50,48,32,23,2,0,39,25,17,22,25,25,25,23,17,15,16,7,2,0,0,0,50,17,0
Guam,1952,325,44,51,7,3,1,12,61,38,50,50,33,21,2,0,32,29,16,22,25,25,26,24,18,15,14,7,2,0,0,0,54,13,0
Guam,1953,321,44,51,7,3,1,10,56,38,51,53,35,21,2,0,27,29,16,22,26,25,29,24,20,15,14,7,2,0,0,0,54,11,0
Guam,1954,319,45,52,7,4,1,9,51,38,52,54,36,21,2,0,22,29,17,21,27,25,29,25,20,16,14,7,2,0,0,0,56,10,0
Guam,1955,317,47,54,7,5,1,7,45,38,53,53,37,18,2,0,17,28,18,20,28,25,28,25,20,17,11,7,2,0,0,0,59,8,0
Guam,1956,313,47,54,7,5,3,7,41,39,53,55,39,18,2,0,15,26,20,19,28,25,28,27,20,19,11,7,2,0,0,0,59,10,0
Guam,1957,314,49,56,7,5,5,7,33,39,52,55,40,19,2,0,12,21,21,18,27,25,28,27,20,20,12,7,2,0,0,0,61,12,0
Guam,1958,310,47,54,7,5,5,7,29,41,50,55,41,20,2,0,10,19,23,18,25,25,27,28,21,20,14,6,2,0,0,0,59,12,0
Guam,1959,309,47,54,7,5,5,7,25,43,49,55,41,21,2,0,10,15,23,20,24,25,27,28,21,20,15,6,2,0,0,0,59,12,0
Guam,1960,308,47,54,7,5,5,9,22,43,49,55,42,22,2,0,10,12,23,20,24,25,27,28,22,20,16,6,2,0,0,0,59,14,0
Guam,1961,308,47,54,7,5,5,10,21,41,48,55,43,25,2,0,10,11,20,21,23,25,29,26,22,21,18,7,2,0,0,0,59,15,0
Guam,1962,311,48,57,9,5,6,10,20,40,47,55,44,27,3,0,10,10,17,23,22,25,29,26,23,21,18,9,3,0,0,0,62,16,0
Guam,1963,306,45,53,8,5,6,13,20,38,44,55,45,29,3,0,10,10,14,24,21,23,29,26,24,21,19,10,3,0,0,0,58,19,0
Guam,1964,304,44,52,8,5,6,14,18,35,44,55,43,31,2,0,8,10,12,23,22,22,29,26,23,20,19,12,2,0,0,0,57,20,0
Guam,1965,315,45,53,8,5,5,17,20,33,44,56,47,34,4,0,10,10,11,22,23,21,29,27,25,22,21,13,4,0,0,0,58,22,0
Guam,1966,329,48,56,8,5,5,19,23,32,47,56,49,35,6,0,13,10,11,21,26,21,28,28,25,24,21,14,6,0,0,0,61,24,0
Guam,1967,321,46,54,8,5,5,19,25,29,47,55,41,35,8,0,16,9,10,19,27,20,27,28,20,21,20,15,8,0,0,0,59,24,0
Guam,1968,316,45,53,8,5,5,16,27,26,45,53,40,35,10,0,18,9,10,16,25,20,25,28,20,20,20,15,9,1,0,0,58,21,0
Guam,1969,309,47,55,8,5,5,15,28,24,44,48,40,32,12,0,20,8,10,14,24,20,23,25,20,20,17,15,10,2,0,0,60,20,0
Guam,1970,310,48,56,8,5,5,14,32,23,44,47,41,31,16,0,21,11,10,13,23,21,22,25,21,20,16,15,13,3,0,0,61,19,0
Guam,1971,307,48,55,7,5,5,13,32,23,43,46,42,31,14,0,20,12,10,13,22,21,21,25,22,20,16,15,10,4,0,0,60,18,0
Guam,1972,318,50,58,8,5,6,14,34,23,46,50,44,31,16,0,20,14,10,13,21,25,25,25,24,20,17,14,10,6,0,0,63,20,0
Guam,1973,320,49,57,8,5,6,14,32,23,44,50,46,30,16,0,18,14,10,13,19,25,25,25,25,21,18,12,10,6,0,0,62,20,0
Guam,1974,327,49,58,9,5,6,17,31,22,43,50,48,32,14,0,17,14,10,12,19,24,25,25,25,23,19,13,10,4,0,0,63,23,0
Guam,1975,325,49,57,8,5,6,17,31,22,41,53,50,32,13,0,16,15,10,12,18,23,27,26,25,25,19,13,9,4,0,0,62,23,0
Guam,1976,330,48,57,9,6,6,17,32,21,39,56,52,35,13,0,17,15,10,11,17,22,29,27,25,27,21,14,8,5,0,0,63,23,0
Guam,1977,323,45,52,7,5,5,18,32,22,34,56,53,36,13,0,17,15,11,11,15,19,29,27,24,29,22,14,8,5,0,0,57,23,0
Guam,1978,317,41,48,7,5,5,17,32,22,32,56,52,37,14,0,17,15,11,11,15,17,29,27,23,29,22,15,9,5,0,0,53,22,0
Guam,1979,306,38,44,6,5,5,15,32,20,31,53,50,40,14,0,17,15,10,10,15,16,27,26,22,28,24,16,10,4,0,0,49,20,0
Guam,1980,311,39,45,6,5,5,14,33,22,30,52,51,43,14,0,18,15,11,11,15,15,25,27,23,28,26,17,10,4,0,0,50,19,0
Guam,1981,319,38,44,6,5,5,14,34,23,30,53,52,46,16,0,19,15,12,11,15,15,25,28,24,28,28,18,11,5,0,0,49,19,0
Guam,1982,326,38,44,6,5,5,14,34,25,30,55,53,48,16,0,19,15,14,11,15,15,24,31,25,28,31,17,12,4,0,0,49,19,0
Guam,1983,335,39,45,6,5,5,15,35,28,30,55,54,51,18,0,20,15,15,13,15,15,22,33,26,28,32,19,12,6,0,0,50,20,0
Guam,1984,342,37,43,6,5,5,16,32,30,30,55,56,50,18,0,17,15,15,15,15,15,22,33,28,28,31,19,12,6,0,0,48,21,0
Guam,1985,351,38,44,6,5,5,16,32,30,30,54,60,54,19,1,17,15,15,15,15,15,22,32,31,29,32,22,13,6,1,0,49,21,0
Guam,1986,360,38,44,6,5,5,17,33,30,30,52,62,57,20,1,18,15,15,15,15,15,22,30,32,30,32,25,14,6,1,0,49,22,0
Guam,1987,369,37,43,6,5,5,17,33,34,33,52,66,59,21,1,18,15,15,19,17,16,22,30,34,32,32,27,14,7,1,0,48,22,0
Guam,1988,376,35,41,6,5,5,17,34,34,35,51,71,60,23,2,19,15,15,19,18,17,22,29,37,34,32,28,15,8,2,0,46,22,0
Guam,1989,383,34,40,6,5,5,16,36,35,36,51,72,59,24,2,21,15,15,20,19,17,23,28,36,36,31,28,15,9,2,0,45,21,0
Guam,1990,381,32,37,5,4,4,13,36,35,38,49,73,57,27,3,21,15,15,20,22,16,22,27,35,38,31,26,17,10,3,0,41,17,0
Guam,1991,400,31,36,5,5,4,13,36,36,45,51,77,60,30,4,21,15,15,21,25,20,24,27,34,43,33,27,20,10,4,0,41,17,0
Guam,1992,405,30,35,5,5,5,11,35,36,47,53,79,63,32,5,20,15,15,21,27,20,24,29,33,46,35,28,22,10,5,0,40,16,0
Guam,1993,407,29,34,5,5,5,11,33,36,49,53,78,65,33,5,18,15,15,21,28,21,23,30,32,46,38,27,23,10,5,0,39,16,0
Guam,1994,418,28,33,5,5,5,12,32,38,52,55,81,69,32,5,16,16,16,22,29,23,25,30,32,49,42,27,21,11,5,0,38,17,0
Guam,1995,424,28,32,4,5,5,11,30,38,55,56,77,74,34,5,15,15,16,22,29,26,26,30,31,46,46,28,22,12,5,0,37,16,0
Guam,1996,438,27,31,4,5,5,11,30,38,57,56,77,83,36,5,15,15,16,22,30,27,26,30,31,46,52,31,22,14,5,0,36,16,0
Guam,1997,443,25,29,4,4,5,11,30,38,60,60,75,88,36,6,15,15,16,22,30,30,30,30,32,43,55,33,23,13,5,1,33,16,0
Guam,1998,447,25,29,4,4,4,11,30,38,60,60,74,91,36,7,15,15,16,22,30,30,30,30,32,42,56,35,23,13,6,1,33,15,0
Guam,1999,444,23,27,4,3,4,11,30,37,61,60,74,94,35,7,15,15,15,22,30,31,30,30,33,41,56,38,22,13,6,1,30,15,0
Guam,2000,444,22,26,4,3,3,11,30,37,61,65,74,93,35,7,15,15,15,22,30,31,35,30,34,40,53,40,23,12,6,1,29,14,0
Guam,2001,433,21,25,4,3,3,11,24,35,60,66,71,93,36,7,12,12,15,20,29,31,35,31,32,39,49,44,23,13,6,1,28,14,0
Guam,2002,435,19,23,4,3,3,11,21,34,60,70,71,91,38,7,11,10,15,19,29,31,38,32,32,39,47,44,25,13,6,1,26,14,0
Guam,2003,417,17,21,4,1,2,9,20,32,59,70,67,87,39,7,10,10,13,19,29,30,38,32,29,38,43,44,26,13,6,1,22,11,0
Guam,2004,410,16,20,4,1,2,8,20,28,58,72,65,84,41,8,10,10,11,17,28,30,38,34,28,37,40,44,27,14,6,2,21,10,0
Guam,2005,417,15,19,4,1,2,8,20,28,58,75,67,83,45,9,10,10,11,17,28,30,38,37,29,38,40,43,30,15,7,2,20,10,0
Guam,2006,435,17,21,4,1,2,9,20,28,59,82,69,85,51,11,10,10,11,17,28,31,41,41,31,38,43,42,34,17,8,3,22,11,1
Guam,2007,448,18,22,4,1,2,8,20,27,59,84,72,84,52,11,10,10,10,17,28,31,41,43,33,39,44,40,34,18,8,3,23,10,1
Guam,2008,458,18,22,4,0,2,8,20,27,60,90,75,84,56,13,10,10,10,17,28,32,43,47,37,38,44,40,37,19,10,3,22,10,1
Guam,2009,473,17,20,3,0,2,8,20,27,61,95,81,86,57,15,10,10,10,17,28,33,45,50,42,39,46,40,37,20,12,3,20,10,1
Guam,2010,501,21,25,4,0,2,8,20,26,63,100,89,90,59,17,10,10,10,16,28,35,48,52,47,42,49,41,38,21,12,5,25,10,1
Guam,2011,531,21,25,4,0,2,8,20,26,64,105,99,94,65,17,10,10,10,16,28,36,50,55,52,47,50,44,40,25,11,6,25,10,1
Guam,2012,552,22,26,4,0,2,8,20,25,64,110,109,100,69,18,10,10,10,15,28,36,52,58,56,53,52,48,40,29,11,7,26,10,1
Guam,2013,564,20,24,4,0,1,8,20,24,64,113,117,103,70,20,10,10,10,14,28,36,53,60,59,58,52,51,40,30,13,7,24,9,1
Guam,2014,585,20,24,4,0,1,8,20,24,62,115,126,109,74,21,10,10,10,14,27,35,54,61,62,64,56,53,41,33,14,7,24,9,2
Guam,2015,608,20,24,4,1,1,8,20,22,62,119,136,114,77,23,10,10,10,12,26,36,54,65,65,71,59,55,43,34,16,7,25,9,2
Guam,2016,616,20,24,4,1,1,7,20,22,58,119,141,120,79,23,10,10,10,12,24,34,54,65,66,75,65,55,45,34,17,6,25,8,3
Guam,2017,623,19,23,4,1,1,7,20,22,56,119,144,125,82,26,10,10,10,12,23,33,54,65,66,78,70,55,48,34,20,6,24,8,3
Guam,2018,629,18,22,4,1,1,7,16,21,53,116,148,131,83,29,9,7,10,11,21,32,51,65,67,81,75,56,49,34,22,7,23,8,3
Guam,2019,636,17,21,4,0,1,7,13,20,49,115,150,140,85,30,8,5,9,11,19,30,50,65,68,82,82,58,51,34,23,7,21,8,3
Guam,2020,775,17,21,4,0,1,6,11,19,46,115,214,174,119,44,6,5,8,11,18,28,50,65,88,126,113,61,60,59,34,10,21,7,3
Guam,2021,741,17,21,4,0,1,6,10,17,44,122,182,182,109,36,5,5,7,10,17,27,51,71,82,100,108,74,63,46,26,10,21,7,3
Guatemala,1950,39578,13984,21178,7194,3257,1222,1181,2078,1855,1960,2177,2294,1263,925,190,1073,1005,916,939,903,1057,1078,1099,1410,884,662,601,527,398,162,28,24435,2403,2
Guatemala,1951,39306,14334,21705,7371,3019,1118,1122,2034,1827,1860,2099,2261,1236,846,174,1049,985,904,923,858,1002,1057,1042,1351,910,658,578,493,353,148,26,24724,2240,2
Guatemala,1952,39729,14614,22079,7465,3002,1092,1104,2072,1876,1878,2110,2277,1266,811,163,1060,1012,933,943,877,1001,1057,1053,1326,951,693,573,480,331,138,25,25081,2196,2
Guatemala,1953,40558,14848,22394,7546,3111,1104,1104,2153,1970,1957,2162,2324,1330,799,149,1085,1068,988,982,929,1028,1067,1095,1326,998,750,580,476,323,123,26,25505,2208,2
Guatemala,1954,41433,15030,22639,7609,3227,1126,1112,2254,2079,2060,2226,2375,1402,790,138,1117,1137,1052,1027,994,1066,1080,1146,1332,1043,810,592,473,317,112,26,25866,2238,2
Guatemala,1955,41847,15157,22829,7672,3232,1128,1093,2279,2139,2116,2255,2407,1457,778,131,1115,1164,1086,1053,1031,1085,1080,1175,1338,1069,854,603,464,314,105,26,26061,2221,2
Guatemala,1956,41887,15261,22979,7718,3122,1107,1062,2270,2173,2132,2241,2419,1491,761,127,1102,1168,1102,1071,1045,1087,1068,1173,1343,1076,875,616,453,308,100,27,26101,2169,2
Guatemala,1957,41669,15344,23080,7736,2964,1073,1027,2218,2179,2114,2205,2429,1512,748,123,1072,1146,1099,1080,1038,1076,1053,1152,1354,1075,883,629,447,301,97,26,26044,2100,3
Guatemala,1958,41100,15261,22910,7649,2782,1039,997,2145,2169,2078,2156,2437,1532,736,114,1036,1109,1084,1085,1018,1060,1038,1118,1365,1072,886,646,443,293,92,22,25692,2036,2
Guatemala,1959,40600,15175,22727,7552,2648,1010,977,2063,2148,2043,2116,2456,1570,738,107,999,1064,1063,1085,999,1044,1025,1091,1380,1076,895,675,451,287,88,19,25375,1987,2
Guatemala,1960,40372,15124,22575,7451,2595,995,976,1996,2131,2026,2091,2490,1639,748,99,970,1026,1049,1082,988,1038,1020,1071,1397,1093,917,722,468,280,82,17,25170,1971,2
Guatemala,1961,40423,15103,22455,7352,2622,994,996,1956,2122,2032,2084,2542,1743,777,94,957,999,1043,1079,989,1043,1022,1062,1414,1128,955,788,499,278,79,15,25077,1990,2
Guatemala,1962,40698,15071,22334,7263,2710,1005,1027,1941,2127,2069,2099,2611,1867,819,89,958,983,1045,1082,1008,1061,1031,1068,1430,1181,1003,864,539,280,76,13,25044,2032,2
Guatemala,1963,41205,15084,22256,7172,2834,1025,1066,1956,2149,2134,2141,2696,2001,865,83,975,981,1055,1094,1045,1089,1053,1088,1450,1246,1060,941,582,283,71,12,25090,2091,1
Guatemala,1964,41890,15109,22196,7087,2978,1048,1103,2003,2198,2219,2215,2789,2130,923,82,1010,993,1074,1124,1094,1125,1089,1126,1473,1316,1118,1012,631,292,71,11,25174,2151,1
Guatemala,1965,43002,15139,22152,7013,3124,1076,1158,2211,2354,2359,2338,2906,2245,995,83,1126,1085,1149,1205,1175,1184,1151,1187,1511,1395,1175,1070,689,306,72,11,25276,2234,1
Guatemala,1966,44397,15254,22253,6999,3278,1112,1206,2439,2536,2520,2501,3034,2342,1082,85,1250,1189,1232,1304,1265,1255,1235,1266,1557,1477,1232,1110,754,328,74,11,25531,2318,1
Guatemala,1967,45221,15280,22210,6930,3379,1131,1210,2590,2651,2639,2634,3115,2409,1160,89,1332,1258,1276,1375,1327,1312,1304,1330,1586,1529,1281,1128,810,350,78,11,25589,2341,1
Guatemala,1968,45944,15229,22036,6807,3417,1134,1225,2847,2797,2769,2762,3170,2460,1231,93,1469,1378,1342,1455,1394,1375,1372,1390,1609,1561,1324,1136,856,375,82,11,25453,2359,1
Guatemala,1969,46814,15218,21978,6760,3448,1152,1266,3148,2939,2895,2875,3209,2512,1297,96,1634,1514,1412,1527,1456,1439,1431,1444,1629,1580,1371,1141,896,401,85,11,25426,2418,1
Guatemala,1970,46312,15130,21770,6640,3360,1132,1230,3100,2841,2865,2869,3167,2541,1345,101,1608,1492,1356,1485,1431,1434,1424,1445,1611,1556,1402,1139,914,431,90,11,25130,2362,1
Guatemala,1971,45524,15066,21604,6538,3237,1116,1194,2978,2677,2775,2807,3085,2563,1379,104,1543,1435,1276,1401,1377,1398,1388,1419,1573,1512,1423,1140,917,462,93,11,24841,2310,1
Guatemala,1972,44528,14974,21398,6424,3075,1094,1159,2840,2501,2658,2720,2991,2581,1401,109,1469,1371,1197,1304,1310,1348,1341,1379,1528,1463,1432,1149,910,491,98,11,24473,2253,1
Guatemala,1973,43035,14878,21177,6299,2893,1064,1079,2507,2247,2475,2600,2886,2584,1403,115,1282,1225,1075,1172,1207,1268,1280,1320,1473,1413,1426,1158,895,508,103,12,24070,2143,1
Guatemala,1974,42396,14814,20989,6175,2711,1035,1076,2487,2197,2407,2546,2837,2595,1399,121,1266,1221,1068,1129,1168,1239,1257,1289,1445,1392,1424,1171,879,520,109,12,23700,2111,1
Guatemala,1975,42357,14739,20806,6067,2530,999,1103,2611,2278,2421,2542,2826,2603,1434,196,1322,1289,1128,1150,1175,1246,1261,1281,1438,1388,1414,1189,880,554,157,39,23336,2102,5
Guatemala,1976,52955,15573,23365,7792,3669,1947,1888,3967,3286,3281,3318,3433,2951,1558,276,2051,1916,1677,1609,1603,1678,1677,1641,1765,1668,1599,1352,956,602,209,67,27034,3835,11
Guatemala,1977,43095,14462,20253,5791,2226,917,1203,3176,2753,2587,2642,2916,2584,1489,334,1586,1590,1416,1337,1270,1317,1318,1324,1483,1433,1382,1202,896,593,243,91,22479,2120,16
Guatemala,1978,44373,14325,19977,5652,2109,876,1310,3772,3197,2754,2772,3024,2617,1544,396,1883,1889,1676,1521,1367,1387,1383,1389,1539,1485,1392,1225,929,615,283,113,22086,2186,22
Guatemala,1979,45314,14201,19754,5553,2033,836,1363,4162,3522,2851,2885,3133,2684,1619,445,2069,2093,1861,1661,1429,1422,1435,1450,1593,1540,1423,1261,977,642,313,132,21787,2199,27
Guatemala,1980,47311,14104,19556,5452,1980,802,1512,4974,4005,3053,3085,3289,2822,1722,479,2498,2476,2132,1873,1546,1507,1532,1553,1669,1620,1496,1326,1048,674,335,144,21536,2314,31
Guatemala,1981,49255,13868,19089,5221,1887,750,1693,5965,4513,3268,3285,3437,2993,1845,504,3038,2927,2415,2098,1674,1594,1631,1654,1742,1695,1587,1406,1129,716,351,153,20976,2443,33
Guatemala,1982,66850,15027,22184,7157,2649,1158,3004,10417,6951,4796,4689,4511,3780,2141,536,5447,4970,3789,3162,2484,2312,2340,2349,2319,2192,2036,1744,1338,803,372,164,24833,4162,35
Guatemala,1983,44391,13353,18237,4884,1789,640,1164,3926,3366,2632,2967,3385,3253,2253,735,1966,1960,1694,1672,1345,1287,1443,1524,1686,1699,1702,1551,1329,924,498,237,20026,1804,46
Guatemala,1984,43651,12997,17723,4726,1744,616,1066,3541,3146,2534,2932,3451,3469,2511,866,1771,1770,1551,1595,1298,1236,1415,1517,1708,1743,1800,1669,1457,1054,585,281,19467,1682,55
Guatemala,1985,43263,12626,17174,4548,1691,612,1031,3374,3081,2530,2941,3532,3653,2672,913,1687,1687,1508,1573,1299,1231,1415,1526,1742,1790,1886,1767,1541,1131,619,294,18865,1643,60
Guatemala,1986,43144,12378,16729,4351,1629,619,1024,3275,3094,2584,2970,3614,3802,2788,950,1629,1646,1515,1579,1330,1254,1425,1545,1773,1841,1959,1843,1598,1190,648,302,18358,1643,64
Guatemala,1987,42764,12226,16407,4181,1563,634,982,3012,3041,2627,2966,3684,3914,2879,985,1477,1535,1483,1558,1348,1279,1421,1545,1794,1890,2015,1899,1643,1236,675,310,17970,1616,67
Guatemala,1988,42626,12090,16098,4008,1485,647,963,2837,3059,2726,2974,3767,4009,2967,1026,1368,1469,1491,1568,1395,1331,1429,1545,1818,1949,2065,1944,1685,1282,705,321,17583,1610,70
Guatemala,1989,43136,11905,15773,3868,1404,659,1005,2910,3234,2918,3024,3887,4107,3076,1067,1391,1519,1586,1648,1491,1427,1460,1564,1860,2027,2119,1988,1744,1332,736,331,17177,1664,72
Guatemala,1990,44149,11670,15468,3798,1346,674,1084,3125,3506,3165,3120,4042,4220,3213,1111,1494,1631,1729,1777,1613,1552,1515,1605,1924,2118,2181,2039,1821,1392,769,342,16814,1758,74
Guatemala,1991,44855,11349,14954,3605,1236,651,1156,3395,3795,3406,3191,4158,4324,3364,1152,1632,1763,1878,1917,1730,1676,1561,1630,1973,2185,2232,2092,1910,1454,801,351,16190,1807,75
Guatemala,1992,45674,11131,14607,3476,1165,631,1213,3601,4043,3631,3266,4261,4452,3532,1195,1737,1864,1998,2045,1838,1793,1614,1652,2017,2244,2295,2157,2010,1522,833,362,15772,1844,77
Guatemala,1993,45697,10896,14241,3345,1103,605,1194,3528,4101,3752,3287,4288,4577,3702,1235,1695,1833,2010,2091,1883,1869,1643,1644,2020,2268,2352,2225,2112,1590,862,373,15344,1799,80
Guatemala,1994,46159,10664,13857,3193,1036,577,1227,3704,4254,3901,3338,4294,4730,3880,1281,1796,1908,2083,2171,1951,1950,1692,1646,2012,2282,2412,2318,2217,1663,894,387,14893,1804,82
Guatemala,1995,45828,10421,13486,3065,989,567,1258,3814,4303,3974,3374,4249,4825,3827,1084,1866,1948,2103,2200,1987,1987,1738,1636,1981,2268,2439,2386,2234,1593,776,308,14475,1825,72
Guatemala,1996,45025,10145,13082,2937,948,559,1254,3777,4219,3947,3379,4142,4921,3796,935,1856,1921,2053,2166,1976,1971,1768,1611,1920,2222,2448,2473,2253,1543,686,249,14030,1813,60
Guatemala,1997,44297,9873,12689,2816,910,560,1263,3774,4119,3893,3401,4021,5032,3767,822,1865,1909,2000,2119,1953,1940,1802,1599,1852,2169,2450,2582,2273,1494,618,204,13599,1823,48
Guatemala,1998,43803,9658,12409,2751,925,586,1285,3779,4013,3832,3440,3904,5147,3716,727,1878,1901,1945,2068,1926,1906,1837,1603,1792,2112,2449,2698,2278,1438,562,165,13334,1871,38
Guatemala,1999,42901,9319,11909,2590,856,567,1295,3781,3904,3768,3476,3799,5231,3632,651,1885,1896,1892,2012,1897,1871,1859,1617,1744,2055,2438,2793,2263,1369,515,136,12765,1862,30
Guatemala,2000,42439,9077,11556,2479,832,567,1332,3849,3841,3756,3538,3761,5280,3512,586,1932,1917,1866,1975,1891,1865,1876,1662,1732,2029,2435,2845,2221,1291,473,113,12388,1899,23
Guatemala,2001,42190,8860,11228,2368,809,563,1386,3969,3818,3787,3622,3785,5288,3378,538,2009,1960,1868,1950,1908,1879,1887,1735,1758,2027,2439,2849,2167,1211,439,99,12037,1949,18
Guatemala,2002,42090,8543,10814,2271,787,556,1460,4144,3839,3849,3726,3851,5264,3280,507,2114,2030,1899,1940,1941,1908,1900,1826,1816,2035,2439,2825,2130,1150,418,89,11601,2016,16
Guatemala,2003,42094,8177,10343,2166,758,546,1537,4344,3884,3916,3834,3944,5236,3247,496,2229,2115,1947,1937,1979,1937,1910,1924,1891,2053,2432,2804,2128,1119,410,86,11101,2083,14
Guatemala,2004,42281,7855,9915,2060,728,535,1614,4541,3946,3970,3938,4043,5223,3303,512,2334,2207,2010,1936,2009,1961,1924,2014,1973,2070,2420,2803,2172,1131,422,90,10643,2149,14
Guatemala,2005,43247,7601,9725,2124,853,610,1721,4758,4036,4015,4040,4159,5277,3480,558,2438,2320,2089,1947,2028,1987,1961,2079,2063,2096,2423,2854,2280,1200,457,101,10578,2331,15
Guatemala,2006,42893,7213,9059,1846,665,533,1721,4833,4066,3973,4059,4218,5342,3770,635,2446,2387,2135,1931,1997,1976,1976,2083,2117,2101,2409,2933,2440,1330,517,118,9724,2254,17
Guatemala,2007,43372,6988,8730,1742,632,536,1738,4905,4115,3932,4080,4299,5460,4174,745,2454,2451,2186,1929,1963,1969,2002,2078,2176,2123,2410,3050,2654,1520,603,142,9362,2274,20
Guatemala,2008,43865,6719,8378,1659,602,542,1734,4931,4159,3884,4093,4398,5600,4641,873,2442,2489,2228,1931,1924,1960,2026,2067,2235,2163,2425,3175,2894,1747,703,170,8980,2276,24
Guatemala,2009,44241,6472,8035,1563,565,538,1708,4879,4181,3834,4107,4509,5750,5107,1005,2404,2475,2242,1939,1887,1947,2043,2064,2288,2221,2458,3292,3121,1986,806,199,8600,2246,28
Guatemala,2010,44668,6278,7777,1499,554,541,1683,4779,4192,3805,4157,4648,5911,5471,1120,2365,2414,2236,1956,1867,1938,2064,2093,2337,2311,2518,3393,3294,2177,896,224,8331,2224,32
Guatemala,2011,44886,6091,7508,1417,515,521,1652,4634,4193,3797,4235,4818,6071,5697,1208,2320,2314,2213,1980,1867,1930,2086,2149,2385,2433,2607,3464,3394,2303,965,243,8023,2173,35
Guatemala,2012,45056,5907,7248,1341,493,504,1626,4474,4181,3808,4330,5017,6224,5819,1291,2272,2202,2173,2008,1882,1926,2110,2220,2440,2577,2721,3503,3438,2381,1029,262,7741,2130,38
Guatemala,2013,45236,5684,6963,1279,481,486,1608,4348,4166,3837,4440,5235,6374,5887,1371,2242,2106,2130,2036,1910,1927,2140,2300,2497,2738,2848,3526,3448,2439,1093,278,7444,2094,42
Guatemala,2014,45574,5521,6742,1221,474,471,1603,4280,4147,3875,4548,5457,6512,5952,1466,2235,2045,2087,2060,1946,1929,2173,2375,2567,2890,2969,3543,3455,2497,1166,300,7216,2074,46
Guatemala,2015,46237,5385,6573,1188,493,474,1631,4325,4140,3933,4657,5668,6641,6071,1580,2279,2046,2058,2082,1987,1946,2212,2445,2660,3008,3074,3567,3497,2574,1251,329,7066,2105,52
Guatemala,2016,46654,5227,6349,1122,483,449,1640,4385,4093,3968,4723,5824,6748,6221,1711,2322,2063,2016,2077,2010,1958,2232,2491,2751,3073,3154,3594,3553,2668,1344,367,6832,2089,60
Guatemala,2017,47073,5008,6088,1080,480,437,1639,4457,4066,4030,4783,5968,6882,6334,1837,2358,2099,1995,2071,2039,1991,2253,2530,2845,3123,3247,3635,3593,2741,1430,407,6568,2076,68
Guatemala,2018,47281,4759,5815,1056,473,440,1588,4434,4051,4123,4842,6112,7073,6337,1921,2325,2109,1988,2063,2076,2047,2266,2576,2934,3178,3389,3684,3582,2755,1480,441,6288,2028,74
Guatemala,2019,46550,4463,5447,984,399,400,1421,4158,3978,4201,4851,6229,7311,6152,1921,2140,2018,1956,2022,2094,2107,2248,2603,2986,3243,3594,3717,3474,2678,1463,458,5846,1821,79
Guatemala,2020,53998,4187,5115,928,280,401,1123,3740,3950,5026,6493,9185,9584,6978,2038,1886,1854,1859,2091,2453,2573,2932,3561,4404,4781,4988,4596,4054,2924,1555,483,5395,1524,84
Guatemala,2021,65207,3985,4860,875,342,389,1167,4467,5040,6441,7667,10471,11588,9552,3075,2146,2321,2396,2644,3143,3298,3550,4117,5037,5434,5752,5836,5434,4118,2310,765,5202,1556,140
Guernsey,1950,264,13,16,3,0,0,0,6,10,14,26,50,71,57,11,1,5,5,5,5,9,10,16,22,28,35,36,34,23,9,2,16,0,0
Guernsey,1951,264,13,16,3,0,0,0,6,10,15,25,50,70,57,10,1,5,5,5,5,10,10,15,22,28,35,35,34,23,9,1,16,0,0
Guernsey,1952,288,8,10,2,0,0,0,0,0,10,29,56,79,82,10,0,0,0,0,4,6,11,18,26,30,34,45,51,31,9,1,10,0,0
Guernsey,1953,286,7,10,3,0,0,0,0,0,11,27,60,80,84,11,0,0,0,0,5,6,10,17,27,33,36,44,50,34,9,2,10,0,0
Guernsey,1954,291,8,11,3,0,0,0,0,1,12,28,60,78,86,10,0,0,0,1,5,7,11,17,27,33,36,42,49,37,8,2,11,0,0
Guernsey,1955,275,6,6,0,0,0,0,0,0,10,26,56,75,80,11,0,0,0,0,5,5,10,16,24,32,35,40,45,35,9,2,6,0,0
Guernsey,1956,287,8,9,1,0,0,0,0,1,11,28,57,81,79,13,0,0,0,1,5,6,11,17,24,33,40,41,45,34,11,2,9,0,0
Guernsey,1957,291,8,10,2,0,0,0,0,7,11,28,58,82,76,13,0,0,2,5,5,6,11,17,24,34,40,42,44,32,12,1,10,0,0
Guernsey,1958,283,8,9,1,0,0,0,0,5,11,28,56,79,73,15,0,0,0,5,5,6,11,17,23,33,39,40,42,31,14,1,9,0,0
Guernsey,1959,283,9,10,1,0,0,0,0,5,12,28,55,79,70,14,0,0,0,5,5,7,11,17,22,33,39,40,41,29,13,1,10,0,0
Guernsey,1960,276,8,9,1,0,0,0,0,4,12,28,53,80,68,12,0,0,0,4,5,7,11,17,22,31,38,42,40,28,11,1,9,0,0
Guernsey,1961,296,11,14,3,0,0,0,0,6,13,32,57,84,71,11,0,0,1,5,5,8,13,19,25,32,39,45,42,29,9,2,14,0,0
Guernsey,1962,295,11,14,3,0,0,0,0,6,13,33,57,83,71,11,0,0,1,5,5,8,13,20,25,32,39,44,42,29,9,2,14,0,0
Guernsey,1963,292,11,14,3,0,0,0,0,5,12,33,59,83,69,9,0,0,0,5,5,7,13,20,27,32,39,44,41,28,8,1,14,0,0
Guernsey,1964,283,9,10,1,0,0,0,0,3,11,31,58,79,69,10,0,0,0,3,5,6,12,19,27,31,38,41,41,28,9,1,10,0,0
Guernsey,1965,286,9,10,1,0,0,0,0,3,11,32,58,78,68,11,0,0,0,3,5,6,12,20,27,31,38,40,41,27,10,1,10,0,0
Guernsey,1966,291,10,12,2,0,0,0,0,4,11,32,62,79,67,11,0,0,0,4,5,6,12,20,28,34,38,41,40,27,10,1,12,0,0
Guernsey,1967,277,8,8,0,0,0,0,0,1,10,29,61,77,67,11,0,0,0,1,5,5,11,18,27,34,37,40,40,27,10,1,8,0,0
Guernsey,1968,307,11,14,3,0,0,1,3,8,13,33,69,83,69,12,3,0,3,5,5,8,12,21,31,38,40,43,40,29,11,1,14,1,0
Guernsey,1969,309,11,14,3,0,0,1,4,8,13,33,70,82,69,12,4,0,3,5,5,8,12,21,31,39,40,42,40,29,11,1,14,1,0
Guernsey,1970,302,10,12,2,0,0,0,4,6,12,31,70,80,70,13,4,0,1,5,5,7,11,20,31,39,40,40,39,31,11,2,12,0,0
Guernsey,1971,307,10,12,2,0,0,0,5,7,12,31,74,85,68,13,5,0,2,5,5,7,11,20,31,43,45,40,37,31,11,2,12,0,0
Guernsey,1972,293,9,9,0,0,0,0,3,3,11,29,70,85,64,13,3,0,0,3,5,6,10,19,29,41,44,41,36,28,11,2,9,0,0
Guernsey,1973,294,9,9,0,0,0,0,4,4,11,27,69,87,62,14,3,1,0,4,5,6,10,17,29,40,45,42,36,26,12,2,9,0,0
Guernsey,1974,294,9,9,0,0,0,0,5,4,11,26,68,88,61,14,2,3,0,4,5,6,10,16,29,39,45,43,36,25,12,2,9,0,0
Guernsey,1975,294,9,9,0,0,0,0,6,4,11,24,68,91,62,13,2,4,0,4,5,6,10,14,29,39,47,44,38,24,11,2,9,0,0
Guernsey,1976,284,8,8,0,0,0,0,5,3,11,22,65,89,61,11,0,5,0,3,5,6,10,12,27,38,45,44,37,24,9,2,8,0,0
Guernsey,1977,284,8,8,0,0,0,0,4,3,11,25,62,92,62,11,0,4,1,2,5,6,10,15,24,38,47,45,37,25,9,2,8,0,0
Guernsey,1978,277,7,7,0,0,0,0,0,1,10,25,59,92,63,11,0,0,0,1,5,5,10,15,22,37,46,46,38,25,9,2,7,0,0
Guernsey,1979,288,7,7,0,0,0,0,0,2,10,25,61,96,66,10,0,0,1,1,5,5,10,15,23,38,48,48,40,26,9,1,7,0,0
Guernsey,1980,283,6,6,0,0,0,0,0,0,10,24,57,95,66,11,0,0,0,0,5,5,9,15,21,36,47,48,40,26,10,1,6,0,0
Guernsey,1981,289,6,6,0,0,0,0,0,0,10,24,57,98,69,13,0,0,0,0,5,5,9,15,22,35,48,50,41,28,12,1,6,0,0
Guernsey,1982,294,6,6,0,0,0,0,0,0,10,24,58,102,70,13,0,0,0,0,5,5,9,15,24,34,48,54,43,27,12,1,6,0,0
Guernsey,1983,298,6,6,0,0,0,0,0,5,10,25,57,103,73,14,0,0,0,5,5,5,10,15,23,34,48,55,45,28,12,2,6,0,0
Guernsey,1984,282,5,5,0,0,0,0,0,0,8,22,53,97,72,13,0,0,0,0,3,5,8,14,22,31,45,52,45,27,11,2,5,0,0
Guernsey,1985,294,6,6,0,0,0,0,0,4,10,23,55,100,75,13,0,0,0,4,5,5,9,14,23,32,46,54,48,27,11,2,6,0,0
Guernsey,1986,293,5,5,0,0,0,0,0,3,10,23,54,98,80,15,0,0,0,3,5,5,9,14,22,32,44,54,50,30,11,4,5,0,0
Guernsey,1987,272,5,5,0,0,0,0,0,1,10,21,49,90,78,15,0,0,0,1,5,5,8,13,20,29,41,49,48,30,11,4,5,0,0
Guernsey,1988,276,5,5,0,0,0,0,0,1,10,20,50,91,80,13,0,0,0,1,5,5,8,12,20,30,40,51,50,30,11,2,5,0,0
Guernsey,1989,270,5,5,0,0,0,0,0,0,10,20,48,88,79,13,0,0,0,0,5,5,8,12,19,29,39,49,49,30,11,2,5,0,0
Guernsey,1990,276,5,5,0,0,0,0,0,0,10,20,47,88,85,14,0,0,0,0,5,5,8,12,18,29,39,49,50,35,12,2,5,0,0
Guernsey,1991,306,6,6,0,0,0,0,0,1,10,23,53,95,91,14,0,0,0,1,5,5,9,14,22,31,42,53,54,37,12,2,6,0,0
Guernsey,1992,261,4,4,0,0,0,0,0,0,9,19,43,83,84,14,0,0,0,0,4,5,7,12,17,26,37,46,49,35,12,2,4,0,0
Guernsey,1993,289,5,5,0,0,0,0,0,0,9,21,49,90,92,17,0,0,0,0,4,5,8,13,20,29,41,49,53,39,15,2,5,0,0
Guernsey,1994,269,4,4,0,0,0,0,0,0,8,18,43,82,85,18,0,0,0,0,3,5,6,12,17,26,38,44,49,36,16,2,4,0,0
Guernsey,1995,272,4,4,0,0,0,0,0,0,8,19,43,84,86,20,0,0,0,0,3,5,6,13,18,25,39,45,50,36,18,2,4,0,0
Guernsey,1996,268,4,4,0,0,0,0,0,0,8,18,42,81,83,22,0,0,0,0,3,5,6,12,17,25,36,45,48,35,18,4,4,0,0
Guernsey,1997,276,4,4,0,0,0,0,0,0,8,22,44,82,87,22,0,0,0,0,3,5,10,12,18,26,36,46,48,39,18,4,4,0,0
Guernsey,1998,256,3,3,0,0,0,0,0,0,7,20,40,78,81,21,0,0,0,0,2,5,9,11,16,24,34,44,42,39,17,4,3,0,0
Guernsey,1999,251,3,3,0,0,0,0,0,0,7,19,40,75,81,22,0,0,0,0,2,5,8,11,16,24,32,43,42,39,17,5,3,0,0
Guernsey,2000,254,3,3,0,0,0,0,0,0,6,18,41,75,84,23,0,0,0,0,1,5,8,10,17,24,32,43,42,42,18,5,3,0,0
Guernsey,2001,255,3,3,0,0,0,0,0,0,6,17,39,75,84,25,0,0,0,0,1,5,7,10,16,23,33,42,44,40,20,5,3,0,0
Guernsey,2002,258,3,3,0,0,0,0,0,0,6,17,39,74,85,25,0,0,0,0,1,5,7,10,16,23,33,41,47,38,20,5,3,0,1
Guernsey,2003,261,3,3,0,0,0,0,0,0,6,21,40,75,84,28,0,0,0,0,1,5,7,14,16,24,33,42,49,35,23,5,3,0,1
Guernsey,2004,249,3,3,0,0,0,0,0,0,6,19,38,70,80,29,0,0,0,0,1,5,6,13,15,23,31,39,47,33,24,5,3,0,1
Guernsey,2005,245,2,2,0,0,0,0,0,0,5,17,38,70,80,28,0,0,0,0,0,5,5,12,15,23,30,40,45,35,23,5,2,0,1
Guernsey,2006,234,2,2,0,0,0,0,0,0,5,16,36,65,79,28,0,0,0,0,0,5,5,11,15,21,28,37,44,35,22,6,2,0,1
Guernsey,2007,241,2,2,0,0,0,0,0,0,5,16,35,68,82,26,0,0,0,0,0,5,5,11,15,20,30,38,44,38,20,6,2,0,1
Guernsey,2008,224,2,2,0,0,0,0,0,0,4,14,33,62,80,26,0,0,0,0,0,4,5,9,15,18,27,35,42,38,19,7,2,0,1
Guernsey,2009,246,2,2,0,0,0,0,0,0,5,14,35,67,85,28,0,0,0,0,0,5,5,9,16,19,29,38,44,41,20,8,2,0,1
Guernsey,2010,240,2,2,0,0,0,0,0,0,5,14,34,65,85,29,0,0,0,0,0,5,5,9,16,18,29,36,44,41,21,8,2,0,1
Guernsey,2011,234,2,2,0,0,0,0,0,0,4,14,33,64,83,30,0,0,0,0,0,4,5,9,14,19,28,36,42,41,22,8,2,0,1
Guernsey,2012,248,2,2,0,0,0,0,0,0,4,14,35,66,87,33,0,0,0,0,0,4,5,9,15,20,29,37,45,42,25,8,2,0,1
Guernsey,2013,256,2,2,0,0,0,0,0,0,4,15,37,68,91,34,0,0,0,0,0,4,5,10,14,23,28,40,47,44,26,8,2,0,1
Guernsey,2014,249,2,2,0,0,0,0,0,0,3,14,35,66,88,35,0,0,0,0,0,3,5,9,13,22,27,39,46,42,26,9,2,0,2
Guernsey,2015,266,2,2,0,0,0,0,0,0,5,15,39,70,93,36,0,0,0,0,0,5,5,10,14,25,28,42,47,46,27,9,2,0,2
Guernsey,2016,264,2,2,0,0,0,0,0,0,4,14,37,69,92,39,0,0,0,0,0,4,5,9,14,23,29,40,47,45,30,9,2,0,2
Guernsey,2017,291,2,2,0,0,0,0,0,0,4,16,39,80,103,41,0,0,0,0,0,4,6,10,15,24,35,45,54,49,32,9,2,0,2
Guernsey,2018,284,2,2,0,0,0,0,0,0,4,15,39,77,101,40,0,0,0,0,0,4,5,10,15,24,36,41,53,48,31,9,2,0,2
Guernsey,2019,271,2,2,0,0,0,0,0,0,3,15,35,74,98,40,0,0,0,0,0,3,5,10,14,21,36,38,52,46,28,12,2,0,2
Guernsey,2020,265,2,2,0,0,0,0,0,0,4,15,33,70,93,40,0,0,0,0,0,4,5,10,14,19,34,36,50,43,27,13,2,0,2
Guernsey,2021,261,2,2,0,0,0,0,0,0,3,15,33,69,91,39,0,0,0,0,0,3,5,10,13,20,33,36,48,43,26,13,2,0,2
Guinea,1950,45474,13514,23360,9846,2050,867,900,2266,2085,2137,2431,3640,4449,1261,28,1161,1105,1048,1037,1054,1083,1149,1282,1561,2079,2552,1897,1031,230,28,0,25410,1767,0
Guinea,1951,46831,14495,24500,10005,2083,878,909,2285,2114,2168,2446,3540,4508,1374,26,1169,1116,1061,1053,1072,1096,1161,1285,1531,2009,2526,1982,1086,288,25,1,26583,1787,0
Guinea,1952,47997,14746,25309,10563,2125,900,925,2324,2160,2221,2482,3471,4579,1477,29,1188,1136,1082,1078,1103,1118,1185,1297,1522,1949,2482,2097,1134,343,26,3,27434,1825,0
Guinea,1953,48826,14996,25978,10982,2131,913,937,2344,2185,2257,2501,3396,4592,1557,36,1197,1147,1094,1091,1125,1132,1200,1301,1515,1881,2402,2190,1170,387,34,2,28109,1850,0
Guinea,1954,49572,15238,26570,11332,2108,933,951,2371,2216,2299,2531,3340,4564,1644,47,1211,1160,1108,1108,1150,1149,1218,1313,1512,1828,2322,2242,1222,422,44,3,28678,1884,0
Guinea,1955,49804,15473,26995,11522,2092,933,947,2353,2205,2301,2523,3250,4435,1708,61,1201,1152,1102,1103,1152,1149,1217,1306,1490,1760,2215,2220,1262,446,59,2,29087,1880,0
Guinea,1956,50466,15703,27386,11683,2180,954,963,2379,2236,2348,2559,3230,4352,1801,74,1216,1163,1116,1120,1175,1173,1236,1323,1499,1731,2148,2204,1328,473,72,2,29566,1917,0
Guinea,1957,51040,15932,27765,11833,2252,965,977,2405,2263,2392,2593,3219,4230,1891,87,1231,1174,1129,1134,1193,1199,1252,1341,1506,1713,2074,2156,1400,491,85,2,30017,1942,0
Guinea,1958,51584,16136,28099,11963,2322,976,994,2434,2289,2437,2633,3227,4101,1971,98,1250,1184,1140,1149,1211,1226,1270,1363,1518,1709,2008,2093,1463,508,95,3,30421,1970,0
Guinea,1959,52097,16336,28477,12141,2388,966,1011,2455,2308,2475,2670,3231,3975,2031,108,1262,1193,1150,1158,1226,1249,1288,1382,1526,1705,1950,2025,1498,533,104,4,30865,1977,0
Guinea,1960,52661,16543,28802,12259,2458,976,1035,2493,2340,2520,2719,3255,3877,2068,118,1284,1209,1164,1176,1244,1276,1313,1406,1545,1710,1911,1966,1505,563,111,7,31260,2011,0
Guinea,1961,52983,16726,29081,12355,2482,993,1050,2509,2349,2540,2749,3267,3766,2073,123,1294,1215,1168,1181,1250,1290,1331,1418,1557,1710,1870,1896,1483,590,116,7,31563,2043,0
Guinea,1962,53487,16908,29380,12472,2527,1022,1067,2546,2373,2582,2799,3300,3688,2074,129,1315,1231,1178,1195,1270,1312,1362,1437,1579,1721,1854,1834,1451,623,120,9,31907,2089,0
Guinea,1963,53923,17087,29669,12582,2566,1048,1075,2581,2391,2610,2842,3330,3618,2059,135,1337,1244,1186,1205,1282,1328,1388,1454,1602,1728,1845,1773,1409,650,125,10,32235,2123,0
Guinea,1964,54342,17267,29950,12683,2600,1086,1071,2614,2408,2635,2888,3361,3563,2026,142,1357,1257,1195,1213,1292,1343,1415,1473,1623,1738,1841,1722,1362,664,131,11,32550,2157,0
Guinea,1965,54709,17428,30211,12783,2630,1114,1070,2644,2417,2650,2926,3392,3521,1983,151,1378,1266,1199,1218,1298,1352,1436,1490,1641,1751,1839,1682,1319,664,139,12,32841,2184,0
Guinea,1966,54967,17580,30424,12844,2652,1122,1081,2666,2420,2662,2959,3416,3484,1926,158,1393,1273,1203,1217,1303,1359,1450,1509,1654,1762,1837,1647,1272,654,146,12,33076,2203,0
Guinea,1967,55365,17735,30643,12908,2690,1137,1103,2698,2435,2681,3004,3455,3477,1870,168,1408,1290,1213,1222,1312,1369,1468,1536,1671,1784,1844,1633,1232,638,155,13,33333,2240,0
Guinea,1968,55565,17928,30882,12954,2696,1139,1118,2696,2428,2674,3023,3469,3455,1806,175,1402,1294,1212,1216,1307,1367,1471,1552,1676,1793,1838,1617,1187,619,162,13,33578,2257,0
Guinea,1969,56202,18125,31205,13080,2744,1160,1167,2718,2453,2705,3081,3530,3483,1767,182,1398,1320,1227,1226,1320,1385,1493,1588,1705,1825,1860,1623,1162,605,167,15,33949,2327,1
Guinea,1970,56637,18338,31517,13179,2769,1171,1199,2726,2458,2711,3111,3570,3494,1728,179,1393,1333,1231,1227,1323,1388,1503,1608,1724,1846,1871,1623,1140,588,165,14,34286,2370,0
Guinea,1971,57010,18531,31776,13245,2795,1181,1208,2746,2461,2711,3136,3612,3515,1691,172,1405,1341,1234,1227,1321,1390,1512,1624,1748,1864,1888,1627,1122,569,161,11,34571,2389,0
Guinea,1972,57283,18691,32016,13325,2811,1189,1216,2753,2454,2699,3145,3644,3532,1659,164,1417,1336,1231,1223,1312,1387,1513,1632,1769,1875,1903,1629,1110,549,154,10,34827,2405,0
Guinea,1973,57579,18837,32182,13345,2843,1205,1229,2763,2455,2694,3164,3688,3560,1636,154,1439,1324,1233,1222,1306,1388,1520,1644,1799,1889,1924,1636,1106,530,145,9,35025,2434,0
Guinea,1974,57983,18936,32368,13432,2886,1224,1245,2782,2457,2696,3189,3751,3608,1628,145,1484,1298,1235,1222,1305,1391,1528,1661,1834,1917,1955,1653,1110,518,137,8,35254,2469,0
Guinea,1975,57997,19010,32447,13437,2897,1228,1249,2766,2431,2663,3176,3775,3624,1608,135,1501,1265,1227,1204,1288,1375,1521,1655,1845,1930,1966,1658,1105,503,130,5,35344,2477,0
Guinea,1976,57897,19068,32441,13373,2905,1230,1252,2742,2394,2622,3155,3792,3636,1597,124,1489,1253,1209,1185,1267,1355,1508,1647,1850,1942,1973,1663,1104,493,120,4,35346,2482,0
Guinea,1977,58154,19151,32528,13377,2947,1249,1271,2755,2374,2608,3168,3849,3687,1602,115,1497,1258,1197,1177,1260,1348,1511,1657,1870,1979,1997,1690,1113,489,112,3,35475,2520,0
Guinea,1978,58125,19254,32548,13294,2962,1254,1275,2751,2325,2571,3150,3876,3710,1601,109,1493,1258,1165,1160,1243,1328,1500,1650,1873,2003,2005,1705,1115,486,106,3,35510,2529,0
Guinea,1979,58195,19429,32692,13263,2962,1255,1282,2762,2255,2525,3121,3892,3738,1609,103,1490,1272,1114,1141,1221,1304,1482,1639,1871,2021,2017,1721,1122,487,101,2,35654,2537,0
Guinea,1980,58252,19523,32770,13247,2952,1256,1288,2775,2203,2480,3100,3919,3780,1627,101,1493,1282,1078,1125,1197,1283,1468,1632,1875,2044,2039,1741,1136,491,99,2,35722,2544,0
Guinea,1981,58386,19602,32849,13247,2949,1260,1300,2780,2182,2449,3084,3947,3834,1654,100,1504,1276,1070,1112,1180,1269,1456,1628,1880,2067,2070,1764,1154,500,99,1,35798,2560,0
Guinea,1982,58117,19757,32951,13194,2862,1229,1283,2746,2121,2372,3014,3913,3847,1672,105,1491,1255,1048,1073,1142,1230,1418,1596,1857,2056,2078,1769,1167,505,103,2,35813,2512,0
Guinea,1983,58441,19921,33142,13221,2853,1237,1297,2776,2110,2350,3000,3936,3919,1714,111,1512,1264,1060,1050,1131,1219,1408,1592,1862,2074,2122,1797,1196,518,109,2,35995,2534,0
Guinea,1984,58353,20065,33254,13189,2788,1206,1280,2760,2066,2293,2947,3925,3965,1751,119,1505,1255,1069,997,1104,1189,1379,1568,1850,2075,2147,1818,1219,532,117,2,36042,2486,0
Guinea,1985,58573,20241,33477,13236,2743,1186,1276,2769,2047,2256,2914,3936,4038,1805,128,1511,1258,1083,964,1089,1167,1360,1554,1848,2088,2182,1856,1252,553,124,4,36220,2462,0
Guinea,1986,58940,20476,33756,13280,2714,1173,1280,2797,2043,2227,2889,3948,4110,1858,139,1523,1274,1084,959,1077,1150,1348,1541,1848,2100,2213,1897,1284,574,134,5,36470,2453,0
Guinea,1987,59364,20740,34049,13309,2696,1162,1284,2832,2056,2202,2865,3959,4189,1915,153,1537,1295,1093,963,1062,1140,1336,1529,1847,2112,2242,1947,1316,599,145,8,36745,2446,0
Guinea,1988,60197,20978,34334,13356,2749,1185,1312,2921,2123,2209,2884,4013,4305,1989,165,1579,1342,1128,995,1061,1148,1347,1537,1868,2145,2290,2015,1361,628,155,10,37083,2497,0
Guinea,1989,60898,21145,34530,13385,2797,1204,1338,3002,2210,2203,2896,4058,4415,2061,183,1616,1386,1165,1045,1043,1160,1353,1543,1883,2175,2335,2080,1405,656,168,15,37327,2542,0
Guinea,1990,61671,21249,34589,13340,2888,1245,1376,3111,2311,2228,2931,4121,4537,2141,190,1669,1442,1214,1097,1046,1182,1370,1561,1908,2213,2388,2149,1457,684,175,15,37477,2621,0
Guinea,1991,63367,21745,35247,13502,3000,1292,1426,3250,2424,2301,3002,4235,4717,2259,207,1738,1512,1279,1145,1084,1217,1404,1598,1955,2280,2473,2244,1536,723,189,18,38247,2718,0
Guinea,1992,64055,22004,35519,13515,3012,1298,1441,3303,2482,2313,3015,4277,4822,2351,224,1761,1542,1315,1167,1099,1214,1411,1604,1967,2310,2517,2305,1598,753,202,22,38531,2739,0
Guinea,1993,64114,21927,35289,13362,3028,1305,1451,3342,2532,2325,3012,4286,4890,2424,231,1778,1564,1345,1187,1123,1202,1410,1602,1965,2321,2544,2346,1648,776,211,20,38317,2756,0
Guinea,1994,65219,21860,35179,13319,3180,1375,1521,3507,2691,2424,3106,4401,5046,2542,249,1862,1645,1431,1260,1211,1213,1458,1648,2014,2387,2620,2426,1727,815,224,25,38359,2896,1
Guinea,1995,64520,21496,34516,13020,3149,1361,1515,3491,2710,2410,3076,4369,5074,2601,251,1849,1642,1439,1271,1231,1179,1449,1627,1995,2374,2625,2449,1763,838,230,21,37665,2876,1
Guinea,1996,64173,21305,33956,12651,3143,1359,1521,3503,2745,2418,3068,4363,5136,2685,268,1854,1649,1456,1289,1240,1178,1448,1620,1988,2375,2647,2489,1813,872,242,26,37099,2880,1
Guinea,1997,63591,21059,33357,12298,3110,1347,1518,3488,2765,2426,3038,4342,5169,2753,276,1844,1644,1461,1304,1246,1180,1431,1607,1977,2365,2654,2515,1850,903,249,27,36467,2865,1
Guinea,1998,61536,20364,32277,11913,2995,1304,1471,3292,2641,2345,2918,4233,5108,2732,220,1746,1546,1387,1254,1199,1146,1364,1554,1923,2310,2614,2494,1840,892,213,7,35272,2775,1
Guinea,1999,61351,19828,31281,11453,3040,1337,1540,3473,2769,2463,2924,4273,5192,2823,235,1847,1626,1452,1317,1250,1213,1349,1575,1942,2331,2647,2545,1892,931,227,8,34321,2877,0
Guinea,2000,61508,19327,30273,10946,3246,1445,1617,3562,2867,2602,2988,4376,5349,2936,244,1903,1659,1492,1375,1314,1288,1362,1626,1990,2386,2721,2628,1962,974,236,8,33519,3062,0
Guinea,2001,61518,18735,29204,10469,3372,1526,1720,3771,3002,2721,3059,4446,5448,3006,240,2030,1741,1559,1443,1381,1340,1396,1663,2022,2424,2766,2682,2009,997,231,9,32576,3246,0
Guinea,2002,59665,18065,28030,9965,3441,1576,1689,3445,2789,2649,2996,4402,5437,3000,208,1875,1570,1428,1361,1340,1309,1372,1624,1997,2405,2751,2686,2014,986,202,6,31471,3265,0
Guinea,2003,59490,17623,27126,9503,3515,1640,1763,3552,2839,2731,3040,4446,5510,3091,235,1949,1603,1449,1390,1385,1346,1417,1623,2017,2429,2778,2732,2064,1027,229,6,30641,3403,0
Guinea,2004,59557,17366,26515,9149,3565,1696,1837,3666,2881,2811,3088,4494,5575,3172,259,2025,1641,1469,1412,1424,1387,1492,1596,2043,2451,2803,2772,2109,1063,253,6,30080,3533,0
Guinea,2005,59406,17195,26012,8817,3584,1730,1891,3738,2879,2860,3107,4508,5601,3223,275,2079,1659,1465,1414,1446,1414,1541,1566,2056,2452,2811,2790,2137,1086,265,10,29596,3621,0
Guinea,2006,59189,17047,25632,8585,3573,1752,1939,3794,2848,2884,3122,4504,5606,3258,274,2124,1670,1447,1401,1451,1433,1554,1568,2055,2449,2810,2796,2158,1100,267,7,29205,3691,0
Guinea,2007,59444,16998,25428,8430,3579,1784,2002,3915,2858,2936,3174,4516,5638,3316,292,2201,1714,1453,1405,1469,1467,1582,1592,2055,2461,2824,2814,2188,1128,282,10,29007,3786,0
Guinea,2008,59609,16991,25263,8272,3558,1792,2046,4028,2861,2969,3231,4500,5666,3380,313,2270,1758,1459,1402,1475,1494,1607,1624,2033,2467,2836,2830,2222,1158,301,12,28821,3838,0
Guinea,2009,59934,17065,25277,8212,3526,1786,2089,4163,2874,2997,3329,4454,5679,3430,331,2348,1815,1476,1398,1478,1519,1637,1692,1978,2476,2841,2838,2245,1185,318,13,28803,3875,0
Guinea,2010,60521,17055,25211,8156,3573,1817,2148,4326,2926,3049,3447,4461,5723,3493,352,2438,1888,1514,1412,1495,1554,1684,1763,1956,2505,2859,2864,2278,1215,334,18,28784,3965,0
Guinea,2011,60736,16976,25082,8106,3569,1812,2176,4451,2952,3064,3506,4477,5739,3538,369,2503,1948,1544,1408,1493,1571,1722,1784,1962,2515,2863,2876,2299,1239,350,19,28651,3988,0
Guinea,2012,61430,16910,24973,8063,3640,1836,2234,4657,3040,3122,3607,4533,5802,3597,387,2610,2047,1608,1432,1515,1607,1777,1830,2004,2529,2892,2910,2328,1269,364,23,28613,4070,0
Guinea,2013,61225,16889,24843,7954,3568,1783,2224,4750,3061,3083,3633,4504,5771,3607,398,2651,2099,1638,1423,1491,1592,1793,1840,2027,2477,2873,2898,2324,1283,373,25,28411,4007,1
Guinea,2014,62576,16969,25000,8031,3708,1846,2295,4978,3214,3171,3784,4614,5875,3678,416,2761,2217,1735,1479,1530,1641,1868,1916,2160,2454,2930,2945,2363,1315,389,27,28708,4141,1
Guinea,2015,62721,17107,25055,7948,3666,1813,2283,5054,3270,3145,3826,4616,5864,3694,435,2784,2270,1779,1491,1515,1630,1884,1942,2222,2394,2930,2934,2366,1328,402,33,28721,4096,1
Guinea,2016,61600,17034,24851,7817,3426,1688,2173,4924,3206,3009,3774,4561,5817,3718,458,2697,2227,1756,1450,1446,1563,1848,1926,2198,2363,2900,2917,2372,1346,421,37,28277,3861,1
Guinea,2017,62269,16869,24638,7769,3471,1716,2200,5105,3373,3060,3881,4676,5881,3788,480,2775,2330,1855,1518,1474,1586,1890,1991,2257,2419,2922,2959,2413,1375,439,41,28109,3916,1
Guinea,2018,62252,16666,24343,7677,3421,1706,2182,5156,3474,3057,3930,4774,5872,3834,501,2779,2377,1915,1559,1478,1579,1901,2029,2297,2477,2894,2978,2438,1396,454,47,27764,3888,1
Guinea,2019,62806,16499,24038,7539,3449,1736,2206,5294,3650,3119,4026,4983,5874,3907,524,2829,2465,2014,1636,1520,1599,1934,2092,2369,2614,2846,3028,2479,1428,471,53,27487,3942,1
Guinea,2020,65245,16337,23701,7364,3370,1702,2077,5037,3655,3322,4590,6089,6616,4486,599,2680,2357,1985,1670,1607,1715,2147,2443,2873,3216,3229,3387,2810,1676,534,65,27071,3779,1
Guinea,2021,67943,16122,23298,7176,3402,1738,2184,5355,4043,3654,5035,6725,7166,4723,619,2810,2545,2188,1855,1765,1889,2360,2675,3163,3562,3507,3659,2980,1743,550,69,26700,3922,1
Guinea-Bissau,1950,8038,2492,4617,2125,452,190,183,483,469,383,346,405,382,121,10,238,245,236,233,211,172,182,164,188,217,214,168,82,39,10,0,5069,373,0
Guinea-Bissau,1951,8116,2512,4647,2135,459,192,181,479,473,396,354,404,392,128,12,236,243,237,236,217,179,185,169,187,217,218,174,88,40,11,1,5106,373,0
Guinea-Bissau,1952,8158,2508,4633,2125,459,190,177,479,480,410,360,404,406,146,16,235,244,241,239,224,186,183,177,187,217,224,182,103,43,15,1,5092,367,0
Guinea-Bissau,1953,8195,2504,4617,2113,458,188,172,477,487,428,365,404,420,162,18,233,244,244,243,231,197,181,184,188,216,230,190,114,48,17,1,5075,360,0
Guinea-Bissau,1954,8231,2500,4605,2105,453,189,167,474,492,443,371,404,431,179,23,231,243,247,245,236,207,181,190,189,215,235,196,125,54,21,2,5058,356,0
Guinea-Bissau,1955,8263,2498,4593,2095,447,189,164,468,496,455,375,408,442,193,25,227,241,248,248,240,215,183,192,193,215,238,204,133,60,23,2,5040,353,0
Guinea-Bissau,1956,8286,2497,4583,2086,445,189,160,462,500,466,378,412,451,208,29,222,240,249,251,244,222,187,191,197,215,240,211,140,68,26,3,5028,349,0
Guinea-Bissau,1957,8313,2497,4576,2079,443,188,157,456,504,475,386,419,455,224,31,216,240,250,254,247,228,195,191,204,215,239,216,148,76,27,4,5019,345,0
Guinea-Bissau,1958,8352,2499,4571,2072,439,189,156,450,507,486,395,429,463,236,33,211,239,250,257,251,235,207,188,214,215,239,224,154,82,29,4,5010,345,0
Guinea-Bissau,1959,8372,2501,4566,2065,436,185,155,440,509,493,405,437,466,246,36,204,236,250,259,253,240,218,187,220,217,238,228,159,87,32,4,5002,340,0
Guinea-Bissau,1960,8404,2504,4565,2061,434,182,155,434,513,502,415,445,467,256,39,200,234,250,263,257,245,226,189,224,221,237,230,164,92,33,6,4999,337,0
Guinea-Bissau,1961,8415,2506,4561,2055,432,179,154,421,509,507,427,451,469,265,43,193,228,247,262,259,248,233,194,224,227,237,232,169,96,36,7,4993,333,0
Guinea-Bissau,1962,8434,2492,4563,2071,440,183,157,406,505,517,449,457,463,255,36,189,217,244,261,262,255,244,205,221,236,236,227,166,89,32,4,5003,340,0
Guinea-Bissau,1963,9675,2468,4537,2069,448,194,246,784,842,743,587,522,487,255,33,375,409,428,414,388,355,320,267,251,271,252,235,169,86,30,3,4985,440,0
Guinea-Bissau,1964,9545,2427,4476,2049,455,197,248,740,807,736,608,524,478,245,31,363,377,406,401,382,354,327,281,247,277,250,228,164,81,28,3,4931,445,0
Guinea-Bissau,1965,9083,2274,4268,1994,456,202,240,642,728,711,615,517,463,226,18,327,315,358,370,366,345,327,288,244,273,247,216,155,71,18,0,4724,442,0
Guinea-Bissau,1966,8670,2114,4027,1913,456,206,241,572,660,691,621,515,456,211,13,305,267,314,346,351,340,327,294,248,267,247,209,147,64,13,0,4483,447,0
Guinea-Bissau,1967,8395,2017,3830,1813,456,210,250,541,603,675,632,519,458,202,11,302,239,279,324,338,337,329,303,258,261,255,203,140,62,11,0,4286,460,0
Guinea-Bissau,1968,8342,2016,3743,1727,454,214,263,562,573,669,644,532,468,202,14,325,237,260,313,332,337,332,312,275,257,264,204,139,63,14,0,4197,477,0
Guinea-Bissau,1969,8354,2049,3720,1671,452,217,274,592,541,659,656,546,475,204,17,348,244,242,299,323,336,335,321,292,254,271,204,138,66,16,1,4172,491,0
Guinea-Bissau,1970,8222,2012,3651,1639,443,220,280,583,488,640,663,562,479,195,14,349,234,212,276,310,330,334,329,305,257,274,205,134,61,14,0,4094,500,0
Guinea-Bissau,1971,8253,2027,3656,1629,428,224,290,620,458,626,668,585,483,196,17,373,247,200,258,300,326,334,334,319,266,272,211,134,62,16,1,4084,514,0
Guinea-Bissau,1972,8084,1988,3595,1607,410,224,293,616,402,593,666,606,481,186,11,376,240,176,226,281,312,331,335,329,277,265,216,128,58,11,0,4005,517,0
Guinea-Bissau,1973,8106,1994,3590,1596,395,226,302,652,375,576,671,634,486,187,13,396,256,170,205,269,307,332,339,339,295,260,226,129,58,13,0,3985,528,0
Guinea-Bissau,1974,7177,2025,3607,1582,386,217,203,347,219,400,551,593,459,180,15,207,140,98,121,179,221,267,284,308,285,240,219,124,56,15,0,3993,420,0
Guinea-Bissau,1975,7820,2257,4008,1751,406,215,203,378,241,383,534,640,558,231,22,218,160,117,124,172,211,254,280,318,322,292,266,158,73,21,1,4414,418,0
Guinea-Bissau,1976,8526,2500,4454,1954,437,212,201,402,269,370,512,670,665,301,34,225,177,135,134,168,202,240,272,320,350,346,319,204,97,31,3,4891,413,0
Guinea-Bissau,1977,9296,2731,4896,2165,477,217,201,419,310,366,488,691,784,393,50,227,192,159,151,170,196,228,260,321,370,403,381,261,132,44,6,5373,418,0
Guinea-Bissau,1978,10015,2936,5274,2338,523,227,200,429,346,368,461,690,906,509,80,227,202,177,169,176,192,216,245,313,377,452,454,332,177,66,14,5797,427,0
Guinea-Bissau,1979,10626,3088,5516,2428,571,244,202,430,377,380,434,677,1022,650,121,224,206,191,186,188,192,205,229,299,378,488,534,413,237,95,26,6087,446,0
Guinea-Bissau,1980,10553,3120,5478,2358,561,244,203,440,384,377,425,659,998,661,119,228,212,195,189,187,190,202,223,291,368,472,526,420,241,96,23,6039,447,1
Guinea-Bissau,1981,10667,3145,5504,2359,561,246,203,439,390,378,429,668,1016,697,128,227,212,199,191,187,191,204,225,293,375,476,540,444,253,104,24,6065,449,2
Guinea-Bissau,1982,10739,3158,5527,2369,563,250,203,432,389,374,433,673,1027,729,136,223,209,199,190,186,188,205,228,292,381,479,548,463,266,109,27,6090,453,3
Guinea-Bissau,1983,10818,3164,5551,2387,564,253,203,430,388,374,435,677,1039,761,142,223,207,198,190,186,188,207,228,292,385,483,556,482,279,115,27,6115,456,4
Guinea-Bissau,1984,10916,3162,5554,2392,563,258,207,429,392,374,442,685,1059,795,151,222,207,200,192,186,188,209,233,295,390,493,566,501,294,121,30,6117,465,4
Guinea-Bissau,1985,10955,3154,5543,2389,568,259,210,424,390,372,443,689,1072,823,157,221,203,198,192,184,188,209,234,297,392,500,572,515,308,125,32,6111,469,4
Guinea-Bissau,1986,10963,3119,5483,2364,569,260,215,423,395,374,447,696,1084,845,164,221,202,199,196,186,188,209,238,301,395,506,578,525,320,130,34,6052,475,4
Guinea-Bissau,1987,10932,3084,5412,2328,567,260,220,420,393,372,450,698,1099,866,170,222,198,197,196,186,186,209,241,304,394,515,584,534,332,135,35,5979,480,4
Guinea-Bissau,1988,10849,3049,5330,2281,563,259,222,414,386,367,448,699,1102,882,175,219,195,192,194,184,183,207,241,305,394,517,585,540,342,139,36,5893,481,5
Guinea-Bissau,1989,10827,3019,5252,2233,561,257,226,419,385,374,453,706,1114,896,182,224,195,190,195,189,185,209,244,309,397,521,593,546,350,144,38,5813,483,5
Guinea-Bissau,1990,10774,2959,5154,2195,557,259,229,424,384,375,453,714,1123,909,186,229,195,188,196,189,186,209,244,314,400,524,599,551,358,148,38,5711,488,5
Guinea-Bissau,1991,10739,2921,5075,2154,551,261,232,430,384,381,455,724,1134,919,190,235,195,188,196,194,187,209,246,319,405,528,606,556,363,151,39,5626,493,5
Guinea-Bissau,1992,10631,2938,5041,2103,548,265,240,448,386,387,452,713,1091,876,181,249,199,189,197,196,191,209,243,315,398,507,584,530,346,144,37,5589,505,5
Guinea-Bissau,1993,10645,2978,5057,2079,544,272,249,473,395,402,456,712,1065,846,172,264,209,193,202,204,198,212,244,316,396,497,568,512,334,138,34,5601,521,5
Guinea-Bissau,1994,10853,3034,5139,2105,556,288,269,516,416,431,475,727,1048,818,164,288,228,204,212,219,212,223,252,324,403,492,556,497,321,132,32,5695,557,5
Guinea-Bissau,1995,10700,3026,5083,2057,532,282,270,531,417,437,473,714,1014,788,158,296,235,206,211,221,216,224,249,319,395,478,536,479,309,126,32,5615,552,4
Guinea-Bissau,1996,10714,3018,5060,2042,523,283,282,568,435,459,488,716,990,757,149,313,255,216,219,229,230,235,253,320,396,473,517,463,294,120,29,5583,565,4
Guinea-Bissau,1997,11151,3049,5144,2095,553,309,318,657,499,520,534,752,985,731,142,357,300,250,249,259,261,260,274,339,413,480,505,449,282,115,27,5697,627,4
Guinea-Bissau,1998,11731,2974,4935,1961,500,288,415,1076,683,625,593,770,988,713,138,591,485,361,322,316,309,295,298,350,420,485,503,440,273,111,27,5435,703,4
Guinea-Bissau,1999,11560,2965,4933,1968,512,295,401,1008,666,618,599,762,956,675,130,545,463,353,313,309,309,300,299,347,415,475,481,418,257,104,26,5445,696,4
Guinea-Bissau,2000,10579,2912,4792,1880,485,272,312,709,536,540,557,713,904,635,121,372,337,279,257,264,276,279,278,323,390,450,454,391,244,97,24,5277,584,3
Guinea-Bissau,2001,10502,2878,4715,1837,477,264,313,735,561,547,571,706,883,605,116,383,352,296,265,267,280,288,283,322,384,442,441,373,232,93,23,5192,577,3
Guinea-Bissau,2002,10395,2863,4653,1790,470,257,309,747,578,546,580,696,865,579,111,387,360,308,270,265,281,293,287,320,376,435,430,357,222,88,23,5123,566,3
Guinea-Bissau,2003,10292,2835,4574,1739,459,251,305,761,599,549,592,693,846,555,105,392,369,323,276,268,281,299,293,321,372,427,419,343,212,84,21,5033,556,3
Guinea-Bissau,2004,10109,2788,4476,1688,448,243,296,760,607,539,592,681,825,531,102,391,369,328,279,263,276,298,294,318,363,416,409,328,203,81,21,4924,539,3
Guinea-Bissau,2005,10164,2762,4439,1677,456,250,300,788,647,554,615,686,815,514,98,402,386,348,299,272,282,308,307,325,361,412,403,320,194,79,19,4895,550,3
Guinea-Bissau,2006,9844,2690,4267,1577,425,234,286,781,652,539,605,674,790,495,95,396,385,350,302,266,273,301,304,321,353,397,393,310,185,76,19,4692,520,3
Guinea-Bissau,2007,9626,2646,4164,1518,412,229,272,750,653,531,602,669,771,480,90,375,375,346,307,265,266,296,306,322,347,388,383,301,179,72,18,4576,501,3
Guinea-Bissau,2008,9587,2581,4063,1482,411,229,273,762,684,544,614,681,763,472,87,375,387,360,324,274,270,299,315,331,350,384,379,298,174,71,16,4474,502,3
Guinea-Bissau,2009,9339,2474,3864,1390,387,218,260,743,695,554,619,690,758,466,83,361,382,361,334,282,272,299,320,339,351,382,376,296,170,67,16,4251,478,2
Guinea-Bissau,2010,9214,2394,3716,1322,375,216,259,740,718,569,624,704,750,458,83,355,385,371,347,295,274,299,325,347,357,379,371,291,167,67,16,4091,475,2
Guinea-Bissau,2011,9029,2345,3601,1256,364,210,254,712,716,576,616,708,739,451,79,339,373,367,349,303,273,294,322,351,357,374,365,287,164,63,16,3965,464,2
Guinea-Bissau,2012,8905,2302,3503,1201,355,206,250,696,719,586,616,719,733,447,77,331,365,367,352,311,275,293,323,356,363,373,360,285,162,62,15,3858,456,2
Guinea-Bissau,2013,8841,2254,3409,1155,346,202,250,684,730,610,617,737,729,444,77,324,360,371,359,326,284,294,323,366,371,374,355,284,160,62,15,3755,452,2
Guinea-Bissau,2014,8811,2186,3298,1112,337,201,251,684,756,642,629,756,737,443,76,324,360,382,374,344,298,301,328,374,382,381,356,283,160,61,15,3635,452,2
Guinea-Bissau,2015,8735,2116,3188,1072,327,198,249,673,763,669,633,774,741,441,75,321,352,382,381,357,312,305,328,381,393,387,354,281,160,60,15,3515,447,2
Guinea-Bissau,2016,8647,2043,3073,1030,320,196,249,664,766,694,638,786,747,439,74,321,343,378,388,368,326,309,329,383,403,393,354,279,160,59,15,3393,445,2
Guinea-Bissau,2017,8547,1963,2948,985,311,195,248,655,765,717,643,798,756,437,74,320,335,374,391,377,340,315,328,386,412,400,356,277,160,59,15,3259,443,2
Guinea-Bissau,2018,8561,1908,2847,939,306,194,250,659,781,754,667,817,773,438,76,323,336,376,405,391,363,329,338,392,425,412,361,278,160,61,15,3153,444,2
Guinea-Bissau,2019,8503,1862,2755,893,299,191,250,653,777,777,680,824,787,437,75,322,331,369,408,400,377,341,339,392,432,422,365,277,160,61,14,3054,441,2
Guinea-Bissau,2020,9166,1823,2676,853,291,188,240,634,803,914,840,1035,943,517,84,311,323,366,437,461,453,420,420,491,544,517,426,323,194,69,15,2967,428,2
Guinea-Bissau,2021,9436,1785,2608,823,283,187,256,668,838,989,916,1088,1000,519,82,327,341,379,459,493,496,467,449,514,574,549,451,330,189,67,15,2891,443,2
Guyana,1950,3926,1034,1488,454,53,28,54,175,236,362,469,508,354,141,57,86,89,109,127,160,202,226,243,254,254,219,135,86,55,34,23,1541,82,1
Guyana,1951,3809,1001,1440,439,51,28,52,174,230,353,468,492,349,128,43,86,88,105,125,155,198,229,239,246,246,213,136,81,47,27,16,1491,80,3
Guyana,1952,3736,1021,1440,419,48,27,50,174,220,339,465,476,342,118,33,85,89,99,121,152,187,233,232,240,236,205,137,76,42,22,11,1488,77,3
Guyana,1953,3654,1023,1430,407,46,27,47,173,207,323,462,461,332,111,27,82,91,91,116,148,175,235,227,235,226,197,135,74,37,19,8,1476,74,3
Guyana,1954,3591,1021,1419,398,52,27,46,170,199,310,457,447,326,109,23,79,91,88,111,144,166,233,224,230,217,190,136,74,35,16,7,1471,73,3
Guyana,1955,3538,1011,1398,387,51,29,45,167,192,304,457,442,320,110,19,77,90,86,106,143,161,230,227,228,214,186,134,76,34,14,5,1449,74,2
Guyana,1956,3437,996,1372,376,48,27,45,162,185,292,444,425,308,112,17,73,89,85,100,136,156,218,226,220,205,178,130,77,35,12,5,1420,72,2
Guyana,1957,3375,978,1343,365,48,29,44,157,180,284,437,425,303,116,16,70,87,85,95,131,153,207,230,220,205,176,127,80,36,12,4,1391,73,1
Guyana,1958,3421,957,1307,350,51,31,46,158,186,290,451,444,313,124,16,70,88,90,96,130,160,209,242,231,213,181,132,85,39,12,4,1358,77,1
Guyana,1959,3399,935,1272,337,52,32,47,156,186,288,449,453,318,130,17,70,86,90,96,126,162,206,243,238,215,183,135,86,44,14,3,1324,79,1
Guyana,1960,3392,910,1231,321,52,34,50,154,188,286,450,470,319,136,20,69,85,90,98,122,164,206,244,248,222,184,135,88,48,17,3,1283,84,1
Guyana,1961,3404,889,1200,311,52,36,51,154,191,284,453,486,329,142,24,70,84,90,101,122,162,209,244,257,229,189,140,92,50,20,4,1252,87,1
Guyana,1962,3382,871,1171,300,50,37,54,154,192,279,451,495,330,145,24,71,83,91,101,122,157,213,238,262,233,190,140,95,50,20,4,1221,91,1
Guyana,1963,3377,854,1146,292,50,39,56,155,191,271,453,510,334,144,25,73,82,90,101,121,150,218,235,268,242,194,140,95,49,20,5,1196,95,1
Guyana,1964,3383,842,1127,285,50,41,59,158,191,269,455,520,341,145,25,76,82,90,101,122,147,221,234,271,249,199,142,96,49,20,5,1177,100,1
Guyana,1965,3393,831,1111,280,49,42,62,159,191,266,457,531,351,151,25,78,81,89,102,123,143,220,237,272,259,206,145,99,52,20,5,1160,104,1
Guyana,1966,3410,822,1099,277,49,42,65,161,189,264,458,541,360,152,25,81,80,87,102,123,141,218,240,272,269,213,147,100,52,20,5,1148,107,1
Guyana,1967,3429,813,1085,272,48,42,69,166,186,264,459,548,371,159,25,84,82,85,101,123,141,213,246,270,278,220,151,103,56,20,5,1133,111,1
Guyana,1968,3448,803,1073,270,48,44,71,171,184,265,457,553,384,162,29,88,83,84,100,124,141,205,252,267,286,229,155,104,58,24,5,1121,115,1
Guyana,1969,3469,796,1064,268,48,45,73,175,182,266,456,561,400,168,30,90,85,82,100,124,142,201,255,268,293,239,161,107,61,25,5,1112,118,1
Guyana,1970,3499,791,1057,266,50,45,76,182,181,269,452,568,418,172,31,95,87,82,99,125,144,196,256,271,297,251,167,110,62,26,5,1107,121,1
Guyana,1971,3522,782,1047,265,50,46,76,187,177,269,446,573,435,180,32,98,89,81,96,125,144,194,252,276,297,262,173,114,66,26,6,1097,122,1
Guyana,1972,3540,776,1036,260,50,46,78,196,179,270,440,578,452,180,34,104,92,83,96,126,144,194,246,282,296,271,181,115,65,27,7,1086,124,1
Guyana,1973,3563,772,1028,256,51,46,78,206,180,271,434,581,470,183,34,110,96,85,95,125,146,195,239,288,293,281,189,119,64,27,7,1079,124,1
Guyana,1974,3580,763,1017,254,50,46,80,212,180,270,430,585,486,185,36,112,100,86,94,124,146,197,233,293,292,288,198,121,64,28,8,1067,126,1
Guyana,1975,3599,753,1004,251,48,46,81,223,181,270,428,587,501,190,36,116,107,88,93,124,146,198,230,293,294,291,210,125,65,28,8,1052,127,1
Guyana,1976,3617,744,991,247,48,46,82,233,183,270,427,591,510,196,36,120,113,91,92,122,148,199,228,292,299,290,220,131,65,28,8,1039,128,1
Guyana,1977,3642,737,980,243,48,47,84,244,188,268,431,592,518,203,36,123,121,95,93,120,148,201,230,284,308,289,229,137,66,28,8,1028,131,1
Guyana,1978,3664,731,970,239,48,47,85,254,194,268,434,592,525,210,35,126,128,100,94,120,148,202,232,277,315,288,237,143,67,27,8,1018,132,1
Guyana,1979,3687,725,961,236,47,47,86,262,203,268,437,589,530,220,35,128,134,105,98,120,148,203,234,270,319,287,243,150,70,27,8,1008,133,1
Guyana,1980,3704,715,947,232,47,46,86,266,212,265,440,589,536,231,35,129,137,111,101,119,146,204,236,267,322,290,246,158,73,27,8,994,132,1
Guyana,1981,3720,716,945,229,45,46,87,271,221,262,441,584,542,239,35,130,141,118,103,118,144,204,237,266,318,296,246,164,75,28,7,990,133,1
Guyana,1982,3735,712,933,221,44,45,87,278,233,259,439,577,550,251,35,134,144,126,107,118,141,202,237,268,309,304,246,173,78,28,7,977,132,1
Guyana,1983,3734,702,916,214,43,44,86,279,243,258,439,571,555,263,36,134,145,131,112,119,139,202,237,269,302,310,245,181,82,29,7,959,130,1
Guyana,1984,3727,688,894,206,42,42,86,284,256,260,435,566,559,271,37,135,149,137,119,122,138,198,237,272,294,314,245,185,86,29,8,936,128,1
Guyana,1985,3730,670,868,198,41,42,83,287,269,262,432,565,563,278,38,137,150,141,128,125,137,196,236,274,291,314,249,187,91,30,8,909,125,1
Guyana,1986,3708,650,840,190,38,41,82,288,277,267,427,563,560,283,40,136,152,144,133,130,137,192,235,272,291,307,253,189,94,32,8,878,123,1
Guyana,1987,3681,632,814,182,37,40,81,287,286,274,419,560,556,286,42,134,153,146,140,137,137,187,232,270,290,301,255,188,98,34,8,851,121,1
Guyana,1988,3649,614,789,175,37,40,78,284,292,282,411,557,546,289,45,131,153,147,145,143,139,183,228,267,290,290,256,187,102,37,8,826,118,1
Guyana,1989,3611,594,764,170,34,37,76,280,296,292,404,551,537,291,47,129,151,148,148,149,143,180,224,262,289,283,254,187,104,38,9,798,113,1
Guyana,1990,3561,572,735,163,33,37,75,275,297,305,397,542,527,291,52,126,149,148,149,158,147,179,218,256,286,279,248,186,105,41,11,768,112,1
Guyana,1991,3498,549,707,158,31,36,73,269,296,314,387,529,512,288,52,123,146,147,149,163,151,178,209,250,279,274,238,183,105,41,11,738,109,1
Guyana,1992,3514,540,695,155,30,35,72,271,303,330,391,531,512,288,54,123,148,150,153,171,159,183,208,252,279,276,236,183,105,42,12,725,107,1
Guyana,1993,3442,526,679,153,30,33,70,264,304,334,384,520,499,273,53,119,145,150,154,172,162,183,201,246,274,272,227,174,99,41,12,709,103,1
Guyana,1994,3413,512,661,149,30,31,69,261,307,346,385,516,494,265,50,118,143,150,157,176,170,185,200,244,272,273,221,169,96,39,11,691,100,2
Guyana,1995,3483,497,642,145,30,32,70,266,320,367,404,529,509,265,50,119,147,155,165,183,184,198,206,248,281,283,226,170,95,39,11,672,102,2
Guyana,1996,3499,481,621,140,30,31,67,267,326,385,417,532,516,258,47,119,148,156,170,191,194,207,210,249,283,288,228,167,91,37,10,651,98,2
Guyana,1997,3497,464,598,134,30,31,65,267,328,397,430,528,519,251,45,119,148,157,171,194,203,216,214,245,283,288,231,162,89,35,10,628,96,2
Guyana,1998,3385,447,575,128,31,31,61,255,319,395,430,508,503,236,42,114,141,152,167,193,202,218,212,236,272,277,226,153,83,33,9,606,92,2
Guyana,1999,3310,429,551,122,29,29,57,246,314,394,434,494,494,226,40,109,137,148,166,192,202,223,211,230,264,270,224,147,79,31,9,580,86,2
Guyana,2000,3274,410,527,117,29,29,57,237,309,396,447,487,492,222,39,104,133,146,163,194,202,233,214,227,260,266,226,146,76,30,9,556,86,2
Guyana,2001,3234,392,504,112,27,29,54,230,306,398,461,481,485,219,37,99,131,144,162,194,204,241,220,226,255,261,224,147,72,28,9,531,83,2
Guyana,2002,3243,374,480,106,27,29,54,227,304,407,483,485,487,221,36,98,129,141,163,198,209,252,231,230,255,261,226,150,71,27,9,507,83,2
Guyana,2003,3289,357,458,101,27,30,54,224,310,421,511,495,492,232,36,95,129,144,166,203,218,264,247,237,258,264,228,159,73,27,9,485,84,2
Guyana,2004,3292,344,439,95,25,30,53,217,305,425,526,500,491,243,40,92,125,141,164,203,222,268,258,243,257,262,229,168,75,31,9,464,83,2
Guyana,2005,3287,335,429,94,25,31,53,209,299,422,540,502,485,251,40,89,120,138,161,199,223,269,271,247,255,258,227,173,78,31,9,454,84,2
Guyana,2006,3224,319,404,85,23,27,52,198,285,413,544,500,474,257,41,83,115,131,154,194,219,269,275,249,251,252,222,175,82,32,9,427,79,2
Guyana,2007,3159,308,389,81,20,26,50,185,274,400,545,502,459,263,42,80,105,126,148,187,213,267,278,255,247,244,215,175,88,32,10,409,76,2
Guyana,2008,3200,298,377,79,19,26,53,185,272,404,557,520,464,271,47,80,105,124,148,188,216,271,286,268,252,247,217,177,94,35,12,396,79,3
Guyana,2009,3193,289,362,73,17,24,52,175,262,398,568,539,466,279,50,78,97,119,143,184,214,275,293,283,256,249,217,178,101,38,12,379,76,3
Guyana,2010,3216,280,350,70,16,22,51,172,257,394,577,564,469,286,54,78,94,115,142,182,212,281,296,299,265,252,217,178,108,41,13,366,73,3
Guyana,2011,3229,272,340,68,16,22,49,169,248,391,586,584,473,292,58,78,91,110,138,179,212,284,302,311,273,254,219,178,114,45,13,356,71,3
Guyana,2012,3241,264,329,65,14,20,47,167,239,386,592,608,479,294,66,78,89,105,134,176,210,284,308,322,286,257,222,178,116,51,15,343,67,3
Guyana,2013,3273,259,321,62,14,19,44,167,233,383,602,634,484,296,69,79,88,101,132,174,209,286,316,332,302,260,224,179,117,53,16,335,63,3
Guyana,2014,3211,252,313,61,13,17,42,163,222,370,596,638,481,286,63,78,85,96,126,168,202,281,315,330,308,259,222,173,113,52,11,326,59,2
Guyana,2015,3206,247,306,59,13,17,41,161,212,364,600,656,488,285,64,76,85,91,121,164,200,279,321,333,323,264,224,174,111,53,11,319,58,2
Guyana,2016,3244,239,295,56,13,15,39,161,204,362,611,683,504,289,67,75,86,88,116,162,200,281,330,344,339,276,228,179,110,55,12,308,54,2
Guyana,2017,3259,232,287,55,12,15,37,160,197,359,613,703,518,291,67,73,87,86,111,160,199,281,332,354,349,288,230,183,108,55,12,299,52,1
Guyana,2018,3280,225,277,52,13,15,36,158,189,353,617,722,536,295,68,70,88,83,106,156,197,281,336,364,358,303,233,187,108,55,13,290,51,1
Guyana,2019,3453,230,280,50,12,15,37,176,206,366,631,753,568,315,89,76,100,95,111,163,203,287,344,381,372,325,243,198,117,63,26,292,52,4
Guyana,2020,3646,217,266,49,11,15,32,160,192,354,674,851,646,357,87,68,92,89,103,152,202,301,373,433,418,379,267,221,136,65,22,277,47,4
Guyana,2021,4516,210,257,47,11,14,37,188,233,450,851,1073,833,468,96,79,109,106,127,196,254,387,464,555,518,505,328,301,167,71,25,268,51,4
Haiti,1950,46443,20369,29070,8701,1127,682,817,1923,2012,2267,2227,2328,2505,1275,201,977,946,970,1042,1114,1153,1164,1063,1165,1163,1287,1218,841,434,160,41,30197,1499,8
Haiti,1951,46293,20269,28935,8666,1125,687,831,1927,2002,2283,2294,2337,2446,1245,170,985,942,964,1038,1117,1166,1199,1095,1173,1164,1253,1193,828,417,143,27,30060,1518,6
Haiti,1952,45271,19745,28173,8428,1098,675,831,1894,1951,2252,2337,2324,2367,1213,149,977,917,939,1012,1100,1152,1214,1123,1159,1165,1205,1162,814,399,127,22,29271,1506,4
Haiti,1953,44664,19292,27580,8288,1076,674,841,1901,1930,2250,2413,2350,2316,1197,133,989,912,929,1001,1098,1152,1241,1172,1162,1188,1172,1144,809,388,117,16,28656,1515,2
Haiti,1954,44249,18898,27108,8210,1093,689,861,1911,1912,2246,2479,2377,2271,1178,122,1003,908,921,991,1094,1152,1261,1218,1171,1206,1150,1121,799,379,109,13,28201,1550,1
Haiti,1955,43571,18532,26585,8053,1035,655,851,1905,1874,2222,2523,2405,2234,1161,118,1004,901,903,971,1080,1142,1271,1252,1191,1214,1139,1095,788,373,107,11,27620,1506,1
Haiti,1956,43131,18261,26207,7946,1022,643,847,1908,1845,2201,2559,2439,2205,1142,111,1011,897,891,954,1065,1136,1273,1286,1220,1219,1139,1066,773,369,103,8,27229,1490,0
Haiti,1957,43227,18146,26130,7984,1034,644,855,1945,1842,2210,2617,2505,2201,1135,107,1032,913,889,953,1064,1146,1287,1330,1277,1228,1160,1041,766,369,100,7,27164,1499,0
Haiti,1958,43319,18082,26061,7979,1048,640,857,1982,1838,2211,2667,2575,2206,1127,104,1054,928,888,950,1059,1152,1298,1369,1339,1236,1187,1019,759,368,97,7,27109,1497,0
Haiti,1959,43494,18060,26038,7978,1068,636,863,2020,1841,2215,2712,2660,2221,1113,102,1073,947,892,949,1056,1159,1307,1405,1403,1257,1214,1007,748,365,95,7,27106,1499,0
Haiti,1960,43595,17943,25910,7967,1086,635,871,2061,1849,2222,2757,2758,2244,1101,101,1092,969,900,949,1054,1168,1320,1437,1464,1294,1235,1009,737,364,94,7,26996,1506,0
Haiti,1961,43592,17868,25818,7950,1090,630,867,2069,1836,2203,2777,2853,2265,1081,98,1092,977,898,938,1043,1160,1321,1456,1514,1339,1250,1015,722,359,92,6,26908,1497,0
Haiti,1962,43683,17805,25745,7940,1100,632,865,2088,1836,2190,2804,2967,2297,1062,97,1095,993,906,930,1034,1156,1331,1473,1566,1401,1259,1038,706,356,92,5,26845,1497,0
Haiti,1963,46057,18120,26639,8519,1575,858,971,2204,1917,2264,2922,3173,2378,1058,96,1155,1049,955,962,1070,1194,1388,1534,1662,1511,1297,1081,701,357,92,4,28214,1829,0
Haiti,1964,43747,17637,25508,7871,1116,651,849,2104,1841,2157,2831,3189,2373,1030,94,1090,1014,924,917,1018,1139,1341,1490,1651,1538,1289,1084,683,347,90,4,26624,1500,0
Haiti,1965,43765,17497,25307,7810,1118,659,849,2122,1863,2151,2850,3295,2431,1027,93,1095,1027,942,921,1015,1136,1346,1504,1689,1606,1328,1103,686,341,89,4,26425,1508,0
Haiti,1966,43911,17348,25157,7809,1162,687,855,2131,1885,2144,2869,3393,2506,1032,91,1099,1032,957,928,1011,1133,1352,1517,1722,1671,1383,1123,697,335,87,4,26319,1542,0
Haiti,1967,43666,17159,24844,7685,1118,672,847,2117,1896,2119,2869,3466,2581,1042,91,1090,1027,966,930,998,1121,1343,1526,1738,1728,1449,1132,713,329,87,4,25962,1519,0
Haiti,1968,43637,16978,24589,7611,1121,679,859,2110,1925,2111,2879,3538,2672,1059,90,1083,1027,981,944,993,1118,1338,1541,1754,1784,1528,1144,735,324,86,4,25710,1538,0
Haiti,1969,43584,16808,24341,7533,1120,682,872,2092,1946,2101,2883,3605,2774,1078,89,1069,1023,991,955,990,1111,1332,1551,1769,1836,1605,1169,755,323,85,4,25461,1554,0
Haiti,1970,43497,16623,24050,7427,1119,684,885,2084,1965,2094,2883,3661,2886,1094,86,1062,1022,997,968,990,1104,1326,1557,1783,1878,1677,1209,770,324,83,3,25169,1569,0
Haiti,1971,43559,16417,23759,7342,1125,693,903,2099,1999,2112,2898,3734,3024,1120,85,1069,1030,1010,989,1004,1108,1329,1569,1810,1924,1755,1269,787,333,82,3,24884,1596,0
Haiti,1972,43752,16216,23462,7246,1148,712,932,2141,2056,2151,2928,3814,3179,1147,83,1094,1047,1030,1026,1033,1118,1342,1586,1846,1968,1836,1343,801,346,80,3,24610,1644,0
Haiti,1973,43913,15938,23062,7124,1171,732,963,2201,2123,2205,2961,3894,3342,1177,82,1137,1064,1054,1069,1071,1134,1358,1603,1886,2008,1914,1428,817,360,79,3,24233,1695,0
Haiti,1974,44283,15869,22864,6995,1198,754,994,2263,2189,2268,2995,3966,3497,1211,83,1185,1078,1081,1108,1112,1156,1376,1619,1921,2045,1985,1512,841,370,80,3,24062,1748,0
Haiti,1975,44771,15880,22771,6891,1223,776,1025,2329,2256,2338,3031,4038,3643,1260,84,1230,1099,1109,1147,1156,1182,1394,1637,1953,2085,2050,1593,880,380,81,3,23994,1801,0
Haiti,1976,45160,15895,22735,6840,1233,786,1042,2372,2286,2393,3045,4092,3771,1313,86,1262,1110,1120,1166,1189,1204,1401,1644,1973,2119,2102,1669,925,388,83,3,23968,1828,0
Haiti,1977,45708,15932,22729,6797,1257,805,1070,2445,2334,2473,3076,4155,3894,1376,90,1304,1141,1143,1191,1234,1239,1416,1660,1994,2161,2150,1744,981,395,87,3,23986,1875,0
Haiti,1978,46263,15906,22649,6743,1289,829,1102,2541,2384,2574,3118,4225,4014,1446,94,1352,1189,1163,1221,1287,1287,1436,1682,2017,2208,2194,1820,1042,404,91,3,23938,1931,0
Haiti,1979,46600,15893,22581,6688,1303,838,1119,2603,2397,2642,3139,4262,4103,1515,98,1379,1224,1162,1235,1320,1322,1450,1689,2024,2238,2224,1879,1099,416,95,3,23884,1957,0
Haiti,1980,46831,15881,22519,6638,1328,846,1128,2635,2395,2684,3149,4279,4181,1584,99,1392,1243,1157,1238,1336,1348,1459,1690,2024,2255,2253,1928,1151,433,96,3,23847,1974,0
Haiti,1981,47095,15849,22386,6537,1337,849,1141,2689,2421,2748,3186,4311,4262,1661,101,1414,1275,1169,1252,1360,1388,1487,1699,2034,2277,2288,1974,1206,455,98,3,23723,1990,0
Haiti,1982,47456,15816,22294,6478,1371,861,1159,2747,2457,2810,3230,4338,4339,1741,102,1440,1307,1190,1267,1378,1432,1522,1708,2045,2293,2325,2014,1257,484,99,3,23665,2020,0
Haiti,1983,47581,15670,22074,6404,1398,870,1167,2788,2484,2857,3271,4349,4400,1816,105,1458,1330,1219,1265,1388,1469,1558,1713,2051,2298,2359,2041,1304,512,101,4,23472,2037,0
Haiti,1984,47785,15527,21849,6322,1433,882,1182,2838,2518,2913,3332,4371,4467,1891,109,1480,1358,1255,1263,1405,1508,1603,1729,2061,2310,2394,2073,1350,541,105,4,23282,2064,0
Haiti,1985,48123,15448,21656,6208,1475,902,1205,2904,2575,2978,3415,4405,4534,1960,114,1512,1392,1298,1277,1429,1549,1656,1759,2079,2326,2425,2109,1390,570,111,3,23131,2107,0
Haiti,1986,48490,15371,21495,6124,1520,928,1224,2961,2635,3036,3508,4437,4603,2022,119,1539,1422,1338,1297,1453,1583,1710,1798,2095,2342,2455,2148,1425,597,116,3,23015,2152,0
Haiti,1987,48428,15217,21259,6042,1525,933,1221,2958,2643,3033,3576,4437,4637,2073,129,1536,1422,1346,1297,1447,1586,1748,1828,2093,2344,2461,2176,1450,623,126,3,22784,2154,0
Haiti,1988,48421,15043,20989,5946,1546,951,1227,2971,2681,3030,3657,4442,4673,2116,136,1542,1429,1361,1320,1436,1594,1790,1867,2094,2348,2465,2208,1470,646,134,2,22535,2178,0
Haiti,1989,48906,14853,20683,5830,1596,996,1267,3077,2811,3096,3803,4511,4743,2171,147,1594,1483,1420,1391,1461,1635,1862,1941,2134,2377,2493,2250,1499,672,143,4,22279,2263,0
Haiti,1990,48946,14657,20367,5710,1620,1019,1282,3096,2859,3113,3894,4547,4776,2214,155,1601,1495,1438,1421,1463,1650,1900,1994,2161,2386,2501,2275,1524,690,151,4,21987,2301,0
Haiti,1991,49129,14214,19800,5586,1649,1050,1333,3243,2984,3187,4015,4620,4821,2261,163,1677,1566,1500,1484,1498,1689,1948,2067,2212,2408,2519,2302,1552,709,159,4,21449,2383,0
Haiti,1992,48573,13768,19220,5452,1657,1061,1328,3147,2953,3170,4065,4660,4839,2301,173,1626,1521,1472,1481,1492,1678,1951,2114,2251,2409,2526,2313,1578,723,168,5,20877,2389,0
Haiti,1993,48017,13359,18617,5258,1643,1061,1336,3121,2941,3157,4102,4694,4830,2329,181,1614,1507,1461,1480,1504,1653,1946,2156,2290,2404,2519,2311,1596,733,174,7,20260,2397,0
Haiti,1994,47809,13024,18202,5178,1722,1100,1359,3089,2921,3146,4133,4751,4836,2359,188,1602,1487,1446,1475,1520,1626,1941,2192,2339,2412,2522,2314,1616,743,181,7,19924,2459,0
Haiti,1995,46759,12573,17407,4834,1589,1040,1334,3031,2874,3116,4142,4803,4836,2389,195,1576,1455,1418,1456,1519,1597,1930,2212,2378,2425,2521,2315,1632,757,187,8,18996,2374,0
Haiti,1996,46295,12195,16851,4656,1563,1034,1338,3001,2844,3110,4163,4902,4859,2427,202,1569,1432,1399,1445,1524,1586,1929,2234,2437,2465,2531,2328,1652,775,193,9,18414,2372,0
Haiti,1997,46121,11824,16282,4458,1548,1043,1361,3040,2869,3162,4208,5038,4894,2461,207,1598,1442,1410,1459,1555,1607,1945,2263,2514,2524,2549,2345,1670,791,197,10,17830,2404,0
Haiti,1998,45620,11487,15787,4300,1511,1031,1354,3005,2818,3166,4181,5150,4911,2487,212,1593,1412,1381,1437,1547,1619,1917,2264,2569,2581,2556,2355,1680,807,202,10,17298,2385,0
Haiti,1999,44778,11171,15272,4101,1418,989,1320,2933,2726,3137,4112,5230,4917,2506,217,1566,1367,1331,1395,1518,1619,1865,2247,2601,2629,2561,2356,1686,820,206,11,16690,2309,0
Haiti,2000,44813,10960,14886,3926,1400,996,1338,2976,2740,3199,4148,5377,4989,2541,223,1597,1379,1335,1405,1539,1660,1872,2276,2663,2714,2610,2379,1706,835,212,11,16286,2334,0
Haiti,2001,45227,10593,14392,3799,1421,1030,1390,3106,2832,3328,4251,5568,5101,2580,229,1669,1437,1379,1453,1594,1734,1917,2334,2743,2825,2685,2416,1730,850,217,12,15813,2420,0
Haiti,2002,45203,10247,13921,3674,1407,1029,1406,3164,2851,3384,4302,5702,5193,2606,235,1701,1463,1386,1465,1613,1771,1945,2357,2782,2920,2758,2435,1746,860,223,12,15328,2435,0
Haiti,2003,44713,10011,13562,3551,1350,991,1380,3124,2776,3351,4284,5765,5259,2624,243,1677,1447,1348,1428,1587,1764,1961,2323,2780,2985,2819,2440,1757,867,230,13,14912,2371,0
Haiti,2004,47408,10286,14290,4004,1686,1166,1526,3388,2940,3538,4472,6011,5471,2672,249,1819,1569,1434,1506,1671,1867,2086,2386,2877,3134,2960,2511,1790,882,235,14,15976,2692,0
Haiti,2005,44657,9599,12885,3286,1304,955,1385,3183,2768,3400,4375,5965,5506,2675,254,1699,1484,1349,1419,1595,1805,2058,2317,2833,3132,2994,2512,1788,887,239,15,14189,2340,0
Haiti,2006,44887,9430,12591,3161,1290,945,1392,3237,2803,3448,4457,6076,5679,2709,260,1724,1513,1372,1431,1612,1836,2114,2343,2876,3200,3099,2580,1811,898,244,16,13881,2337,0
Haiti,2007,44952,9276,12352,3076,1268,930,1381,3249,2807,3458,4521,6135,5849,2736,263,1725,1524,1382,1425,1611,1847,2151,2370,2895,3240,3200,2649,1826,910,247,16,13620,2311,0
Haiti,2008,45360,9129,12182,3053,1297,943,1384,3291,2840,3495,4640,6189,6052,2776,268,1744,1547,1408,1432,1622,1873,2198,2442,2904,3285,3313,2739,1853,923,252,16,13479,2327,0
Haiti,2009,45318,8972,11886,2914,1212,900,1351,3298,2859,3505,4750,6221,6247,2821,272,1743,1555,1427,1432,1621,1884,2233,2517,2897,3324,3413,2834,1884,937,256,16,13098,2251,0
Haiti,2010,85738,11374,19383,8009,5267,4413,4320,8501,6976,7201,8402,9267,8385,3327,296,4514,3987,3625,3351,3461,3740,4095,4307,4457,4810,4650,3735,2272,1055,277,19,24650,8733,0
Haiti,2011,47069,8783,11738,2955,1300,966,1417,3574,3149,3734,5089,6423,6533,2873,274,1871,1703,1587,1562,1728,2006,2374,2715,2983,3440,3554,2979,1936,937,256,18,13038,2383,0
Haiti,2012,46348,8513,11253,2740,1212,908,1347,3450,3076,3656,5104,6440,6680,2946,280,1801,1649,1547,1529,1683,1973,2364,2740,2996,3444,3593,3087,1996,950,261,19,12465,2255,0
Haiti,2013,46660,8279,10906,2627,1188,896,1340,3470,3147,3706,5227,6571,6881,3045,284,1799,1671,1577,1570,1704,2002,2410,2817,3101,3470,3664,3217,2077,968,266,18,12094,2236,0
Haiti,2014,46821,8107,10612,2505,1164,880,1323,3453,3193,3728,5315,6680,7045,3143,290,1777,1676,1592,1601,1714,2014,2440,2875,3207,3473,3719,3326,2154,989,271,19,11776,2203,0
Haiti,2015,47191,7964,10361,2397,1153,871,1317,3452,3250,3775,5421,6821,7216,3256,292,1762,1690,1614,1636,1740,2035,2479,2942,3313,3508,3789,3427,2240,1016,274,18,11514,2188,0
Haiti,2016,48031,7851,10212,2361,1203,895,1338,3494,3355,3873,5560,7014,7397,3386,297,1772,1722,1660,1695,1794,2079,2539,3021,3437,3577,3876,3521,2336,1050,279,18,11415,2233,0
Haiti,2017,47931,7619,9813,2194,1129,854,1302,3435,3366,3901,5619,7165,7515,3523,300,1737,1698,1657,1709,1815,2086,2556,3063,3522,3643,3925,3590,2434,1089,282,18,10942,2156,0
Haiti,2018,48517,7419,9535,2116,1128,854,1308,3467,3458,4003,5745,7414,7624,3673,308,1752,1715,1697,1761,1879,2124,2607,3138,3632,3782,3961,3663,2539,1134,288,20,10663,2162,0
Haiti,2019,49289,7267,9322,2055,1127,856,1321,3528,3572,4128,5872,7688,7735,3820,315,1783,1745,1750,1822,1953,2175,2660,3212,3743,3945,3991,3744,2638,1182,296,19,10449,2177,0
Haiti,2020,51317,7074,9033,1959,1082,825,1278,3419,3528,4201,6279,8668,8382,4270,347,1734,1685,1722,1806,1971,2230,2792,3487,4185,4483,4360,4022,2912,1358,327,20,10115,2103,0
Haiti,2021,54563,6923,8925,2002,1196,934,1384,3677,3824,4661,6827,9331,8960,4493,352,1870,1807,1862,1962,2196,2465,3083,3744,4489,4842,4680,4280,3080,1413,333,19,10121,2318,0
High-income countries,1950,4535116,581592,784083,202491,60838,36503,84460,288262,251337,347075,523256,765782,870461,461598,59831,142764,145498,118984,132353,158487,188588,236545,286711,353665,412117,452361,418100,304643,156955,49959,9872,844921,120963,1629
High-income countries,1951,4406366,545421,731311,185890,54355,34297,72388,228340,211052,325093,522843,777213,907083,481164,59878,113399,114941,99357,111695,144600,180493,235493,287350,355308,421905,463795,443288,317124,164040,51113,8765,785666,106685,1349
High-income countries,1952,4065054,509866,668602,158736,49606,30653,55219,155122,154496,285083,500966,753295,882533,470949,57363,78744,76378,70880,83616,121145,163938,224481,276485,342557,410738,447923,434610,311189,159760,49277,8086,718208,85872,1164
High-income countries,1953,4038700,481646,624333,142687,49162,29085,50241,136054,138283,273324,504271,764333,911849,497002,59685,69590,66464,65505,72778,113811,159513,223571,280700,344783,419550,460504,451345,329266,167736,51346,8339,673495,79326,1077
High-income countries,1954,3911022,457291,584149,126858,46960,26762,45275,121836,126667,261051,498194,751883,896360,491400,59461,61203,60633,61448,65219,106480,154571,219766,278428,336662,415221,453997,442363,326485,164915,50963,8498,631109,72037,1021
High-income countries,1955,3926301,442898,560102,117204,44938,25835,45383,119718,124860,257721,503942,759154,913814,508440,61375,59773,59945,60680,64180,103121,154600,219852,284090,340568,418586,462094,451720,336455,171985,52351,9024,605040,71218,1019
High-income countries,1956,4015047,425723,534798,109075,42550,24848,44740,118371,126417,256822,520474,785007,950917,543496,65580,59003,59368,60670,65747,101026,155796,222994,297480,353554,431453,479584,471333,360490,183006,55861,9719,577348,69588,1026
High-income countries,1957,4090182,424243,531520,107277,42556,25895,46041,118820,130882,254792,538357,818701,967585,547144,66846,59250,59570,61949,68933,97549,157243,227715,310642,370767,447934,494073,473512,362229,184915,56820,10026,574076,71936,1041
High-income countries,1958,3945924,402642,501630,98988,40003,24979,43578,112721,128859,238827,520640,785912,935971,544815,66946,56397,56324,59537,69322,89770,149057,219974,300666,360933,424979,475600,460371,359938,184877,56795,10151,541633,68557,1043
High-income countries,1959,4014388,394422,491930,97508,39890,26393,44491,112421,133574,236668,532427,806247,959892,560299,69079,56790,55631,61057,72517,86827,149841,223016,309411,374967,431280,489244,470648,368047,192252,58697,10382,531820,70884,1077
High-income countries,1960,4067802,372456,462969,90513,37651,25602,43205,109617,132467,235034,538448,832799,988525,585783,74542,55459,54158,59853,72614,86792,148242,225583,312865,390301,442498,502131,486394,382062,203721,63508,11034,500620,68807,1159
High-income countries,1961,4032198,360858,448520,87662,36945,25868,42853,108871,132970,230741,533479,838630,974903,582502,74702,55749,53122,60401,72569,88615,142126,222692,310787,394933,443697,493448,481455,376052,206450,63490,11212,485465,68721,1213
High-income countries,1962,4178458,349329,432358,83029,36004,25746,42733,107299,136033,232486,548720,883434,1025316,624755,82264,54792,52507,60816,75217,92887,139599,228166,320554,415480,467954,516462,508854,400009,224746,70035,12229,468362,68479,1310
High-income countries,1963,4216699,335286,415350,80064,35677,25179,43995,107321,137160,234266,553575,909017,1036878,631803,85141,54614,52707,60695,76465,99231,135035,228057,325518,426936,482081,520861,516017,403584,228219,72622,12519,451027,69174,1337
High-income countries,1964,4131586,319239,393285,74046,34497,24893,45715,106849,135622,231790,544687,907379,1013768,608890,82885,54538,52311,59320,76302,103463,128327,222683,322004,426215,481164,509792,503976,391254,217636,70559,12326,427782,70608,1326
High-income countries,1965,4227904,298537,369338,70801,33673,24437,46491,103678,136458,233802,548911,942621,1052449,643252,91373,52396,51282,58266,78192,104675,129127,222558,326353,436761,505860,527507,524942,411315,231937,77700,13673,403011,70928,1420
High-income countries,1966,4219755,281013,346524,65511,33187,24468,49461,105123,136528,237885,542592,953345,1052845,642055,94270,53381,51742,57553,78975,104978,132907,215363,327229,437331,516014,530727,522118,411297,230758,79926,14344,379711,73929,1471
High-income countries,1967,4242912,275672,336591,60919,31881,24289,49222,106060,135668,245471,533894,966291,1065322,648805,97843,54453,51607,57066,78602,107164,138307,205972,327922,437087,529204,541534,523788,415084,233721,82744,15099,368472,73511,1574
High-income countries,1968,4383925,264928,322796,57868,31516,24321,50590,109289,136551,258126,532464,1005077,1118487,688196,104829,57141,52148,57137,79414,109318,148808,199857,332607,451235,553842,573234,545253,438543,249653,88405,16424,354312,74911,1683
High-income countries,1969,4459963,255271,310874,55603,31005,24289,53006,113652,138620,271273,529220,1043188,1151284,687312,104509,60188,53464,58424,80196,113133,158140,194551,334669,465245,577943,600951,550333,439332,247980,87858,16651,341879,77295,1731
High-income countries,1970,4416455,248146,300961,52815,29890,24288,53792,114773,136653,271104,517027,1027134,1145513,687923,105585,62102,52671,58737,77916,114069,157035,192786,324241,457044,570090,599368,546145,437766,250157,88560,17025,330851,78080,1812
High-income countries,1971,4424680,232336,282430,50094,28931,23844,54882,117524,135043,273738,508625,1020843,1164157,702627,110076,64634,52890,58063,76980,115810,157928,197581,311044,454266,566577,610784,553373,445095,257532,91938,18138,311361,78726,1960
High-income countries,1972,4433375,215178,262916,47738,27603,23535,55112,120925,134700,276660,504305,1020866,1186690,704781,113166,66701,54224,58385,76315,115791,160869,207349,296956,452887,567979,624838,561852,445832,258949,94077,19089,290519,78647,2116
High-income countries,1973,4479520,204784,250684,45900,26720,23229,55684,122516,133772,276271,499737,1020886,1220116,728143,119499,66763,55753,58065,75707,114752,161519,217685,282052,448891,571995,639486,580630,457433,270710,99356,20143,277404,78913,2263
High-income countries,1974,4441260,195870,238586,42716,24595,22096,54216,120130,130798,273306,492651,1010293,1227930,722955,121379,64763,55367,56851,73947,111571,161735,226250,266401,439234,571059,644370,583560,450701,272254,101004,20375,263181,76312,2325
High-income countries,1975,4464313,182805,223178,40373,23796,21459,53225,122294,129146,274492,493567,1006350,1255758,734376,124251,65544,56750,55529,73617,109558,164934,227767,265800,431946,574404,652568,603190,458922,275454,103293,20958,246974,74684,2421
High-income countries,1976,4482008,172086,209615,37529,22734,20347,52137,121791,127503,273669,503393,992853,1278763,746543,130039,64351,57440,54785,72718,107337,166332,228709,274684,417928,574925,658486,620277,465414,281129,107705,22334,232349,72484,2621
High-income countries,1977,4432451,162929,198316,35387,22412,20050,52707,124957,128180,272081,513382,959203,1273937,736408,128174,65652,59305,56007,72173,106085,165996,229487,283895,393477,565726,650685,623252,462291,274117,105851,22323,220728,72757,2642
High-income countries,1978,4487856,153412,187508,34096,21397,19539,52674,125179,130294,270494,532909,940995,1307700,761879,134511,66018,59161,57971,72323,105488,165006,230902,302007,374915,566080,661522,646178,481698,280181,110862,23649,208905,72213,2776
High-income countries,1979,4461530,147580,179293,31713,19916,18506,52084,126795,130203,263873,544290,908481,1309932,768070,137218,66228,60567,59319,70884,102868,161005,231405,312885,354108,554373,658894,651038,489244,278826,112786,24432,199209,70590,2869
High-income countries,1980,4564695,142429,173141,30712,19552,17956,51394,129294,133151,263600,557470,912531,1349344,808418,145661,67157,62137,62036,71115,104547,159053,238408,319062,358361,554170,674286,675058,515648,292770,119207,26454,192693,69350,3182
High-income countries,1981,4514506,133799,162554,28755,17539,17312,48292,124304,131364,254469,551268,890826,1342430,824402,146467,63753,60551,62630,68734,101306,153163,235962,315306,364169,526657,668995,673435,527003,297399,119525,26942,180093,65604,3279
High-income countries,1982,4489102,127545,154529,26984,16427,16385,46067,121043,132232,248252,547904,877740,1340365,837581,147157,61584,59459,62969,69263,99015,149237,233161,314743,378200,499540,665176,675189,537439,300142,119757,27400,170956,62452,3420
High-income countries,1983,4582320,118831,144765,25934,15792,15991,44402,120867,136010,249568,554772,882960,1371728,884888,156826,60908,59959,64177,71833,100120,149448,233697,321075,405866,477094,674399,697329,565761,319127,127184,29642,160557,60393,3750
High-income countries,1984,4541948,113587,137618,24031,14419,14944,41660,118193,138334,246269,548185,871511,1356686,891874,158301,59514,58679,63995,74339,99245,147024,227516,320669,421452,450059,661129,695557,569183,322691,127591,30710,152037,56604,3953
High-income countries,1985,4629814,109255,132320,23065,13977,14626,40836,117474,143051,245689,550357,881153,1377069,939754,169201,58519,58955,65382,77669,98406,147283,223307,327050,425588,455565,659414,717655,595335,344419,136025,33176,146297,55462,4306
High-income countries,1986,4605903,104319,126204,21885,13320,13920,41471,117581,148974,242888,542358,889507,1344507,949476,171302,58085,59496,67632,81342,98036,144852,217122,325236,422303,467204,631454,713053,597961,351515,137791,33511,139524,55391,4395
High-income countries,1987,4582420,101471,122281,20810,12960,13265,40892,116509,152153,241485,535518,905560,1304385,958262,174547,56680,59829,68613,83540,99211,142274,213136,322382,422122,483438,594738,709647,598400,359862,140297,34250,135241,54157,4602
High-income countries,1988,4630873,98421,118473,20052,12677,12737,40491,117760,155733,245117,526787,935828,1278292,996521,185487,57206,60554,70532,85201,103181,141936,209130,317657,424649,511179,563786,714506,616928,379593,149424,36063,131150,53228,4969
High-income countries,1989,4640759,95488,114826,19338,11998,12424,39969,118802,160826,250160,519240,956287,1243884,1016261,190873,56476,62326,73017,87809,107736,142424,207504,311736,425030,531257,535068,708816,625872,390389,153964,36909,126824,52393,5209
High-income countries,1990,4675785,90759,109530,18771,11377,11827,39312,119034,164990,254294,509640,964950,1240197,1044261,200870,56474,62560,74001,90989,112986,141308,206065,303575,431700,533250,537816,702381,640435,403826,162180,38690,120907,51139,5502
High-income countries,1991,4710194,84344,102096,17752,10791,11781,38254,119152,168987,262485,504177,970750,1236404,1069517,210141,56606,62546,75538,93449,119201,143284,205639,298538,435829,534921,555574,680830,654170,415347,169862,40279,112887,50035,5656
High-income countries,1992,4708717,79160,95772,16612,9997,11286,35951,113957,169763,268877,496874,970183,1228466,1081313,220439,53990,59967,75691,94072,122547,146330,203422,293452,432423,537760,579795,648671,658152,423161,178352,42087,105769,47237,5838
High-income countries,1993,4799838,73592,89636,16044,9678,11144,35159,110526,171479,274325,496012,976315,1249365,1132856,237183,52132,58394,75721,95758,123523,150802,204502,291510,429664,546651,621552,627813,682909,449947,191740,45443,99314,46303,6158
High-income countries,1994,4768698,69203,84243,15040,9298,10895,34599,107750,173308,281615,489757,961264,1234197,1132357,243140,50623,57127,76382,96926,125822,155793,203664,286093,417373,543891,640326,593871,676864,455493,196421,46719,93541,45494,6274
High-income countries,1995,4843912,64060,78253,14193,9158,10562,33741,105623,172746,290881,488546,965177,1260687,1162772,259146,49518,56105,75228,97518,127668,163213,201759,286787,409553,555624,651693,608994,684298,478474,209046,50100,87411,44303,6619
High-income countries,1996,4813543,61095,74383,13288,8502,9838,32080,98910,160424,288023,481315,953831,1278145,1153938,267343,46489,52421,68968,91456,123223,164800,199466,281849,399899,553932,650885,627260,664543,489395,215176,52167,82885,41918,6809
High-income countries,1997,4779370,57680,70120,12440,8151,9258,31341,94210,146814,282559,476209,934039,1301937,1138634,278955,44477,49733,62190,84624,118853,163706,201022,275187,387531,546508,649040,652897,636701,501933,223677,55278,78271,40599,7143
High-income countries,1998,4802127,55839,67624,11785,7752,8961,30057,91279,140843,281268,478551,920772,1347495,1127798,292285,43724,47555,58963,81880,118289,162979,205384,273167,382252,538520,654317,693178,611704,516094,234086,58199,75376,39018,7441
High-income countries,1999,4847590,53378,64634,11256,7349,8612,29146,88887,137184,281222,484964,903569,1387574,1136405,310171,42506,46381,57041,80143,117304,163918,211478,273486,376462,527107,659772,727802,602254,534151,248461,61710,71983,37758,7872
High-income countries,2000,4786419,52029,62564,10535,6824,8199,27772,86840,132504,279075,482028,872879,1375457,1125993,318147,41996,44844,54947,77557,115281,163794,216479,265549,368959,503920,656136,719321,601455,524538,254398,63749,69388,35971,8137
High-income countries,2001,4776142,49413,59810,10397,6379,7772,26947,84856,131094,277223,485966,850491,1369794,1136818,330462,41372,43484,54343,76751,113030,164193,221927,264039,361880,488611,651799,717995,622473,514345,263669,66793,66189,34719,8529
High-income countries,2002,4828980,47706,57627,9921,6227,7663,26037,83445,127130,276449,496296,840554,1380149,1168819,349396,40827,42618,53295,73835,112682,163767,226515,269781,358818,481736,649880,730269,661401,507418,278222,71174,63854,33700,9187
High-income countries,2003,4906481,46694,56211,9517,5922,7522,25082,81380,124687,277419,508949,841000,1389099,1208909,370392,39875,41505,52008,72679,111470,165949,228304,280645,360847,480153,644840,744259,712061,496848,294093,76299,62133,32604,9908
High-income countries,2004,4826171,45513,54478,8965,5571,6878,24355,79419,120075,270949,509839,821638,1354583,1199560,368701,38545,40874,49810,70265,107791,163158,227215,282624,354383,467255,619315,735268,725877,473683,290914,77787,60049,31233,10125
High-income countries,2005,4913435,44715,53562,8847,5437,6647,24036,79179,117134,268384,524609,815221,1363615,1254474,390119,38379,40800,48994,68140,106007,162377,229034,295575,350875,464346,609847,753768,750015,504459,305217,84902,58999,30683,11017
High-income countries,2006,4872229,44173,52384,8211,5218,6333,23759,78425,114886,261645,530124,801079,1331006,1269319,386579,37930,40495,47705,67181,102589,159056,228397,301727,346442,454637,586253,744753,745532,523787,298488,88091,57602,30092,11472
High-income countries,2007,4923549,43912,52039,8127,4841,6044,23017,77568,112196,254933,530282,806643,1325163,1328586,389978,37321,40247,46408,65788,99542,155391,225515,304767,354801,451842,580858,744305,765045,563541,296201,93777,56880,29061,12256
High-income countries,2008,4977981,42747,50660,7913,4622,5632,22018,75757,108916,248260,527204,814621,1316982,1390218,399552,36198,39559,45675,63241,96024,152236,225026,302178,365234,449387,576199,740783,781071,609147,298335,101217,55282,27650,13539
High-income countries,2009,4980534,41111,48672,7561,4463,5479,20527,73095,106549,241560,525369,820238,1291841,1426693,401763,34556,38539,44520,62029,93884,147676,223012,302357,372678,447560,567418,724423,787900,638793,297061,104702,53135,26006,14281
High-income countries,2010,5036855,38707,46086,7379,4137,5210,19323,70814,102547,232889,521765,828017,1284708,1473331,432488,33480,37334,43640,58907,89417,143472,218460,303305,384529,443488,569447,715261,812510,660821,322618,109870,50223,24533,15540
High-income countries,2011,5081847,37251,44549,7298,4316,5243,18674,70063,100834,226442,518463,836620,1275647,1503236,461103,33437,36626,43461,57373,87870,138572,216049,302414,394259,442361,567113,708534,824234,679002,349408,111695,48865,23917,16657
High-income countries,2012,5171963,36262,43346,7084,4000,4915,17492,67574,98025,220839,514086,856399,1276015,1552840,498264,31743,35831,42514,55511,86001,134838,212647,301439,400391,456008,566769,709246,838778,714062,383998,114266,47346,22407,18168
High-income countries,2013,5215494,35370,42226,6856,4013,4624,16348,65433,96651,216133,512211,870870,1275365,1568495,523950,30510,34923,42120,54531,83408,132725,209578,302633,400338,470532,569070,706295,837686,730809,410286,113664,46239,20972,19174
High-income countries,2014,5237198,34564,41028,6464,3964,4687,16042,65259,97206,210989,507079,882481,1271643,1567661,548787,30200,35059,42706,54500,81829,129160,206077,301002,400338,482143,569743,701900,825412,742249,430906,117881,44992,20729,20370
High-income countries,2015,5423295,34041,40665,6624,3905,4603,16421,67120,99640,210223,510222,918509,1299734,1635427,595129,30647,36473,43657,55983,81451,128772,205634,304588,411382,507127,577394,722340,844100,791327,463815,131314,44570,21024,21697
High-income countries,2016,5447560,33350,39679,6329,3849,4490,16432,69484,103310,209791,505703,935982,1293301,1629452,613972,31265,38219,45331,57979,81506,128285,201811,303892,412618,523364,574482,718819,831541,797911,472512,141460,43528,20922,22115
High-income countries,2017,5565849,32368,38605,6237,3725,4761,16544,69336,105504,208234,499121,941930,1321493,1676923,656340,30472,38864,46234,59270,80279,127955,198192,300929,412808,529122,595106,726387,849812,827111,501527,154813,42330,21305,23332
High-income countries,2018,5623475,31160,37320,6160,3629,4627,16064,67624,105430,206905,497702,954141,1352981,1681386,672197,29564,38060,45561,59869,80760,126145,196453,301249,419633,534508,617787,735194,854604,826782,508415,163782,40949,20691,23468
High-income countries,2019,5624527,30114,35973,5859,3600,4605,15973,66895,105840,204294,488951,950359,1366379,1675967,681567,29380,37515,45929,59911,80264,124030,192471,296480,417341,533018,632593,733786,855024,820943,512042,169525,39573,20578,24123
High-income countries,2020,6276794,28794,34333,5539,3417,4648,16813,71993,119369,224766,528644,1042231,1540466,1893724,768614,31551,40442,51831,67538,90156,134610,209974,318670,454131,588100,729173,811293,961828,931896,580449,188165,37750,21461,27776
High-income countries,2021,6424282,28009,33378,5369,3351,4284,16751,74677,119448,222111,557675,1088689,1597736,1887376,787744,32820,41857,52930,66518,88822,133289,219101,338574,479165,609524,778475,819261,967417,919959,590863,196881,36729,21035,31062
Honduras,1950,20408,7479,11223,3744,795,387,452,1051,847,902,1007,1151,1266,1090,229,558,493,403,444,447,455,506,501,610,541,601,665,644,446,182,47,12018,839,9
Honduras,1951,20806,7692,11576,3884,823,391,464,1084,865,925,1032,1191,1225,1011,212,576,508,417,448,459,466,518,514,622,569,591,634,600,411,173,39,12399,855,8
Honduras,1952,20905,7782,11736,3954,838,389,466,1087,861,930,1045,1225,1184,938,199,581,506,428,433,464,466,517,528,619,606,580,604,560,378,161,38,12574,855,7
Honduras,1953,21046,7860,11855,3995,865,390,468,1098,871,945,1065,1261,1158,879,186,594,504,446,425,473,472,518,547,614,647,577,581,528,351,151,35,12720,858,6
Honduras,1954,21093,7924,11924,4000,883,389,468,1100,870,948,1079,1288,1141,822,172,600,500,457,413,473,475,517,562,609,679,582,559,498,324,140,32,12807,857,5
Honduras,1955,21174,7968,11957,3989,909,394,471,1111,880,959,1095,1316,1149,772,160,608,503,466,414,475,484,521,574,615,701,601,548,471,301,129,31,12866,865,4
Honduras,1956,21132,7992,11952,3960,922,396,466,1101,877,946,1099,1333,1165,728,149,602,499,464,413,463,483,520,579,622,711,629,536,448,280,120,29,12874,862,3
Honduras,1957,20971,7916,11765,3849,925,399,463,1103,883,942,1105,1352,1198,692,136,602,501,459,424,450,492,523,582,642,710,671,527,428,264,109,27,12690,862,3
Honduras,1958,20742,7837,11576,3739,918,402,456,1090,879,926,1106,1361,1238,659,129,591,499,446,433,432,494,526,580,662,699,715,523,411,248,103,26,12494,858,3
Honduras,1959,20576,7761,11419,3658,912,409,452,1073,876,911,1108,1379,1285,633,117,579,494,438,438,418,493,529,579,681,698,752,533,398,235,94,23,12331,861,3
Honduras,1960,20389,7690,11237,3547,901,415,453,1062,873,903,1113,1395,1323,609,110,571,491,432,441,413,490,532,581,694,701,774,549,387,222,87,23,12138,868,3
Honduras,1961,20416,7647,11143,3496,924,435,464,1056,877,905,1130,1423,1364,593,102,567,489,432,445,419,486,542,588,706,717,786,578,381,212,82,20,12067,899,2
Honduras,1962,20073,7562,10933,3371,878,425,459,1021,850,882,1125,1432,1392,577,96,547,474,421,429,419,463,540,585,701,731,778,614,374,203,78,18,11811,884,2
Honduras,1963,20017,7506,10792,3286,873,430,473,1013,850,887,1146,1463,1426,569,89,543,470,425,425,435,452,553,593,704,759,770,656,374,195,73,16,11665,903,2
Honduras,1964,20088,7454,10689,3235,876,438,490,1018,854,900,1174,1508,1475,577,85,547,471,430,424,451,449,564,610,715,793,776,699,385,192,69,16,11565,928,2
Honduras,1965,19950,7410,10559,3149,861,436,500,999,839,895,1175,1524,1497,587,81,542,457,423,416,453,442,560,615,717,807,781,716,398,189,66,15,11420,936,2
Honduras,1966,19836,7336,10398,3062,848,436,513,992,830,898,1178,1539,1521,604,76,544,448,418,412,452,446,553,625,722,817,795,726,419,185,62,14,11246,949,2
Honduras,1967,19778,7255,10235,2980,839,435,527,999,833,915,1185,1560,1545,632,74,556,443,417,416,453,462,544,641,734,826,822,723,449,183,61,13,11074,962,2
Honduras,1968,19592,7196,10086,2890,818,431,530,984,811,909,1170,1559,1560,659,68,557,427,401,410,438,471,523,647,736,823,848,712,476,183,57,11,10904,961,1
Honduras,1969,19585,7147,9954,2807,810,430,541,1003,814,926,1177,1584,1591,687,68,575,428,400,414,437,489,517,660,753,831,877,714,500,187,57,11,10764,971,1
Honduras,1970,19564,7098,9823,2725,799,431,549,1021,810,938,1187,1609,1622,710,67,591,430,395,415,437,501,521,666,768,841,898,724,515,195,56,11,10622,980,1
Honduras,1971,19554,7062,9707,2645,788,429,556,1043,805,947,1197,1638,1654,728,66,609,434,391,414,438,509,532,665,786,852,913,741,521,207,55,11,10495,985,1
Honduras,1972,19508,7030,9600,2570,773,425,558,1057,790,946,1198,1666,1683,742,65,618,439,382,408,439,507,547,651,803,863,918,765,520,222,54,11,10373,983,1
Honduras,1973,20754,7098,9841,2743,932,554,658,1209,875,1032,1289,1771,1763,764,64,704,505,425,450,487,545,614,675,861,910,949,814,524,240,53,11,10773,1212,1
Honduras,1974,22906,7486,10961,3475,1588,804,741,1207,846,1021,1301,1807,1792,773,66,709,498,409,437,484,537,633,668,878,929,955,837,522,251,56,10,12549,1545,1
Honduras,1975,19024,6805,9136,2331,714,403,550,1066,736,911,1205,1718,1745,771,68,617,449,358,378,429,482,589,616,824,894,920,825,517,254,58,10,9850,953,1
Honduras,1976,19214,6751,9012,2261,700,395,545,1073,730,913,1231,1757,1844,904,112,614,459,359,371,429,484,598,633,828,929,958,886,592,312,95,17,9712,940,2
Honduras,1977,19332,6643,8832,2189,686,387,538,1072,731,916,1263,1790,1935,1030,150,608,464,364,367,426,490,600,663,823,967,997,938,668,362,127,23,9518,925,3
Honduras,1978,19405,6532,8645,2113,672,379,532,1066,733,919,1295,1813,2015,1147,190,600,466,371,362,423,496,599,696,811,1002,1034,981,741,406,160,30,9317,911,3
Honduras,1979,19512,6419,8455,2036,660,372,527,1065,743,924,1329,1848,2100,1258,222,596,469,381,362,420,504,600,729,813,1035,1077,1023,807,451,184,38,9115,899,4
Honduras,1980,19580,6289,8245,1956,646,366,522,1061,756,928,1360,1884,2187,1362,255,591,470,391,365,418,510,605,755,827,1057,1120,1067,866,496,209,46,8891,888,5
Honduras,1981,19614,6144,8022,1878,633,361,515,1049,770,931,1387,1921,2276,1463,284,582,467,400,370,416,515,614,773,853,1068,1165,1111,919,544,230,54,8655,876,5
Honduras,1982,19796,5993,7808,1815,639,366,519,1058,799,946,1425,1977,2380,1561,311,585,473,415,384,421,525,634,791,903,1074,1220,1160,969,592,250,61,8447,885,6
Honduras,1983,19755,5826,7545,1719,610,356,512,1042,814,944,1440,2022,2472,1653,337,574,468,420,394,419,525,646,794,954,1068,1266,1206,1013,640,270,67,8155,868,7
Honduras,1984,19786,5653,7294,1641,597,353,510,1034,831,951,1464,2077,2565,1743,362,569,465,425,406,423,528,663,801,1002,1075,1309,1256,1057,686,289,73,7891,863,8
Honduras,1985,19766,5488,7042,1554,580,348,507,1021,845,955,1484,2130,2636,1821,388,562,459,426,419,427,528,673,811,1036,1094,1333,1303,1097,724,309,79,7622,855,9
Honduras,1986,19792,5342,6823,1481,563,344,504,1006,851,961,1505,2191,2708,1910,415,554,452,422,429,434,527,681,824,1061,1130,1350,1358,1144,766,331,84,7386,848,10
Honduras,1987,19964,5194,6603,1409,551,344,512,1013,878,991,1551,2283,2783,1999,445,558,455,429,449,454,537,698,853,1087,1196,1361,1422,1195,804,354,91,7154,856,11
Honduras,1988,20110,5056,6406,1350,539,343,515,1007,890,1013,1589,2370,2854,2095,473,555,452,431,459,471,542,707,882,1102,1268,1367,1487,1251,844,378,95,6945,858,12
Honduras,1989,19789,4933,6216,1283,521,341,522,1000,886,1031,1605,2408,2803,2007,442,555,445,426,460,486,545,708,897,1100,1308,1341,1462,1210,797,351,91,6737,863,11
Honduras,1990,19603,4823,6047,1224,506,340,532,1007,891,1061,1629,2450,2778,1936,411,562,445,424,467,504,557,714,915,1110,1340,1339,1439,1179,757,325,86,6553,872,10
Honduras,1991,19312,4719,5890,1171,487,335,536,998,871,1078,1628,2462,2753,1877,386,561,437,412,459,515,563,709,919,1113,1349,1351,1402,1155,722,306,80,6377,871,10
Honduras,1992,19310,4622,5747,1125,475,335,553,1025,889,1129,1664,2514,2768,1840,361,580,445,418,471,539,590,723,941,1147,1367,1399,1369,1143,697,289,72,6222,888,10
Honduras,1993,19365,4608,5763,1155,481,342,566,1040,883,1156,1668,2531,2779,1808,341,593,447,416,467,547,609,724,944,1168,1363,1448,1331,1133,675,273,68,6244,908,9
Honduras,1994,19240,4465,5544,1079,459,331,572,1060,885,1198,1697,2569,2814,1781,322,607,453,415,470,561,637,739,958,1198,1371,1497,1317,1122,659,259,63,6003,903,9
Honduras,1995,18888,4324,5339,1015,436,317,564,1048,856,1200,1687,2565,2820,1741,305,602,446,403,453,552,648,740,947,1201,1364,1515,1305,1098,643,246,59,5775,881,8
Honduras,1996,18896,4214,5182,968,423,311,571,1075,861,1239,1726,2615,2877,1717,294,619,456,406,455,560,679,765,961,1226,1389,1545,1332,1080,637,238,56,5605,882,8
Honduras,1997,18734,4107,5034,927,408,301,564,1072,842,1241,1738,2636,2919,1684,286,618,454,398,444,551,690,780,958,1229,1407,1545,1374,1052,632,232,54,5442,865,7
Honduras,1998,25255,4956,7584,2628,1898,1023,931,1374,1034,1471,1974,2875,3103,1700,280,804,570,495,539,658,813,911,1063,1342,1533,1622,1481,1056,644,230,50,9482,1954,7
Honduras,1999,18728,3918,4780,862,388,289,560,1105,839,1267,1825,2719,3025,1650,272,633,472,402,437,549,718,845,980,1248,1471,1550,1475,1021,629,222,50,5168,849,6
Honduras,2000,18809,3783,4607,824,379,284,561,1133,855,1292,1903,2779,3089,1656,268,645,488,412,443,555,737,891,1012,1271,1508,1572,1517,1032,624,221,47,4986,845,6
Honduras,2001,18900,3638,4428,790,372,281,559,1160,875,1313,1990,2828,3146,1672,265,656,504,426,449,561,752,938,1052,1290,1538,1600,1546,1058,614,219,46,4800,840,6
Honduras,2002,18636,3477,4232,755,354,270,540,1134,856,1276,2019,2820,3166,1698,266,638,496,419,437,541,735,949,1070,1279,1541,1619,1547,1095,603,221,45,4586,810,5
Honduras,2003,18839,3313,4032,719,347,270,544,1172,893,1307,2128,2889,3240,1745,265,653,519,440,453,553,754,995,1133,1312,1577,1677,1563,1149,596,222,43,4379,814,5
Honduras,2004,19116,3159,3842,683,342,268,548,1207,934,1346,2252,2977,3327,1803,268,665,542,464,470,569,777,1042,1210,1359,1618,1739,1588,1203,600,224,44,4184,816,5
Honduras,2005,18887,3014,3662,648,331,261,530,1165,916,1307,2272,2980,3351,1838,266,639,526,457,459,551,756,1032,1240,1369,1611,1755,1596,1228,610,222,44,3993,791,5
Honduras,2006,19155,2869,3473,604,318,257,534,1191,967,1345,2385,3082,3438,1894,268,647,544,483,484,570,775,1065,1320,1434,1648,1802,1636,1261,633,223,45,3791,791,5
Honduras,2007,19422,2733,3305,572,310,254,538,1210,1009,1374,2482,3188,3532,1947,265,653,557,503,506,585,789,1092,1390,1507,1681,1844,1688,1281,666,220,45,3615,792,5
Honduras,2008,19874,2611,3161,550,307,255,547,1246,1068,1427,2590,3335,3652,2009,266,668,578,531,537,613,814,1128,1462,1605,1730,1894,1758,1303,706,220,46,3468,802,5
Honduras,2009,19784,2478,2987,509,287,247,536,1210,1069,1411,2599,3413,3700,2049,268,647,563,528,541,608,803,1117,1482,1663,1750,1905,1795,1314,735,223,45,3274,783,5
Honduras,2010,20285,2381,2887,506,289,251,548,1247,1131,1470,2683,3588,3798,2108,276,665,582,557,574,641,829,1147,1536,1770,1818,1947,1851,1346,762,231,45,3176,799,5
Honduras,2011,20538,2260,2719,459,269,242,545,1246,1163,1508,2735,3761,3883,2170,289,664,582,567,596,662,846,1164,1571,1869,1892,1984,1899,1387,783,243,46,2988,787,5
Honduras,2012,20840,2161,2594,433,258,237,544,1248,1192,1548,2774,3935,3962,2237,305,665,583,576,616,686,862,1176,1598,1954,1981,2018,1944,1437,800,258,47,2852,781,5
Honduras,2013,21272,2079,2493,414,248,235,547,1260,1229,1608,2830,4130,4056,2311,324,673,587,588,641,720,888,1199,1631,2037,2093,2065,1991,1495,816,276,48,2741,782,5
Honduras,2014,21264,2003,2397,394,235,225,531,1217,1200,1600,2793,4233,4111,2374,338,653,564,569,631,719,881,1178,1615,2060,2173,2095,2016,1540,834,289,49,2632,756,5
Honduras,2015,21784,1935,2310,375,226,220,534,1235,1236,1677,2862,4434,4240,2455,350,662,573,579,657,757,920,1211,1651,2129,2305,2177,2063,1595,860,301,49,2536,754,5
Honduras,2016,22343,1881,2242,361,219,215,537,1260,1274,1762,2930,4628,4384,2532,361,674,586,592,682,799,963,1246,1684,2185,2443,2276,2108,1643,889,310,51,2461,752,4
Honduras,2017,22952,1830,2180,350,214,210,540,1278,1303,1849,3002,4813,4559,2627,375,682,596,600,703,838,1011,1284,1718,2241,2572,2398,2161,1698,929,320,55,2394,750,4
Honduras,2018,23559,1775,2111,336,205,205,538,1296,1332,1944,3078,4978,4760,2720,387,689,607,610,722,878,1066,1326,1752,2292,2686,2539,2221,1747,973,328,59,2316,743,3
Honduras,2019,24256,1730,2063,333,204,202,539,1327,1372,2045,3173,5132,4984,2807,398,702,625,625,747,920,1125,1381,1792,2342,2790,2692,2292,1793,1014,337,61,2267,741,3
Honduras,2020,28239,1684,2009,325,204,200,535,1341,1420,2371,3833,6352,6106,3397,468,709,632,635,785,1046,1325,1657,2176,2883,3469,3377,2729,2135,1262,398,70,2213,735,4
Honduras,2021,32161,1644,1974,330,199,200,585,1546,1704,2854,4478,7251,7120,3749,495,805,741,761,943,1245,1609,1976,2502,3266,3985,3963,3157,2377,1372,423,72,2173,785,4
Hong Kong,1950,11171,3529,4400,871,146,106,232,841,1049,1165,1098,923,748,387,74,399,442,492,557,598,567,585,513,447,476,402,346,246,141,57,17,4546,338,3
Hong Kong,1951,11089,3177,4250,1073,164,98,218,826,1055,1228,1176,948,733,342,53,387,439,490,565,627,601,620,556,475,473,404,329,224,118,43,10,4414,316,2
Hong Kong,1952,11086,3086,4207,1121,197,91,200,797,1045,1278,1237,968,720,308,38,368,429,482,563,649,629,645,592,505,463,410,310,208,100,32,6,4404,291,1
Hong Kong,1953,10895,2999,4136,1137,209,81,178,750,1001,1291,1263,976,701,277,30,341,409,460,541,651,640,652,611,529,447,408,293,191,86,26,4,4345,259,1
Hong Kong,1954,10740,2922,4031,1109,269,75,158,700,958,1295,1285,997,689,256,24,313,387,439,519,646,649,660,625,552,445,405,284,179,77,21,3,4300,233,0
Hong Kong,1955,10884,2833,3904,1071,303,76,149,680,964,1359,1375,1083,717,254,23,298,382,439,525,668,691,701,674,603,480,422,295,180,74,21,2,4207,225,0
Hong Kong,1956,10998,2767,3807,1040,308,80,138,653,959,1402,1456,1171,745,259,21,279,374,433,526,674,728,735,721,646,525,435,310,185,74,19,2,4115,218,0
Hong Kong,1957,11284,2735,3741,1006,307,90,130,639,969,1467,1567,1284,798,274,19,265,374,435,534,687,780,785,782,703,581,460,338,197,77,17,2,4048,220,0
Hong Kong,1958,11483,2670,3633,963,302,103,121,615,968,1513,1666,1392,854,294,21,248,367,432,536,689,824,831,835,754,638,489,365,212,82,20,1,3935,224,0
Hong Kong,1959,11462,2594,3504,910,290,120,113,574,941,1509,1716,1456,900,316,22,227,347,417,524,672,837,853,863,782,674,520,380,228,88,21,1,3794,233,0
Hong Kong,1960,11231,2477,3311,834,273,129,104,520,891,1467,1726,1496,949,339,26,204,316,393,498,648,819,864,862,805,691,554,395,242,97,23,3,3584,233,0
Hong Kong,1961,11243,2364,3097,733,254,137,106,479,871,1463,1795,1591,1041,378,32,187,292,386,485,648,815,909,886,865,726,614,427,264,114,28,4,3351,243,0
Hong Kong,1962,11267,2208,2870,662,259,149,118,443,855,1464,1887,1691,1102,398,34,173,270,381,474,651,813,967,920,933,758,651,451,276,122,30,4,3129,267,0
Hong Kong,1963,11191,2005,2566,561,229,141,130,406,836,1463,1996,1800,1169,418,33,159,247,369,467,650,813,1025,971,995,805,685,484,291,127,29,4,2795,271,0
Hong Kong,1964,10947,1829,2335,506,224,141,143,368,785,1420,2026,1846,1194,429,35,146,222,341,444,628,792,1028,998,1009,837,687,507,301,128,31,4,2559,284,0
Hong Kong,1965,10580,1663,2112,449,202,133,149,334,721,1354,2020,1868,1209,445,36,138,196,304,417,589,765,997,1023,990,878,680,529,314,131,32,4,2314,282,0
Hong Kong,1966,10699,1436,1857,421,203,138,164,331,703,1364,2118,1995,1293,490,39,145,186,287,416,582,782,1010,1108,1028,967,717,576,349,141,35,4,2060,302,0
Hong Kong,1967,10646,1229,1597,368,182,136,165,323,663,1340,2174,2104,1368,545,46,152,171,262,401,563,777,1005,1169,1070,1034,760,608,386,159,42,4,1779,301,0
Hong Kong,1968,10767,1080,1410,330,173,136,170,329,632,1325,2232,2223,1469,617,53,165,164,243,389,553,772,1012,1220,1139,1084,831,638,431,186,49,4,1583,306,0
Hong Kong,1969,11200,997,1285,288,166,138,177,344,608,1341,2332,2402,1623,718,69,181,163,230,378,560,781,1048,1284,1261,1141,950,673,494,224,63,6,1451,315,0
Hong Kong,1970,11511,887,1131,244,153,138,180,361,579,1330,2387,2557,1781,821,91,196,165,219,360,558,772,1075,1312,1384,1173,1076,705,550,271,80,11,1284,318,0
Hong Kong,1971,11668,833,1044,211,149,139,183,374,537,1287,2374,2661,1901,906,118,207,167,204,333,543,744,1071,1303,1469,1192,1165,736,586,320,100,18,1193,322,0
Hong Kong,1972,11782,808,1000,192,134,137,186,395,512,1257,2370,2771,1984,909,123,220,175,198,314,529,728,1063,1307,1527,1244,1200,784,582,327,105,18,1134,323,0
Hong Kong,1973,11818,764,923,159,109,124,182,406,480,1222,2363,2909,2076,902,126,226,180,190,290,508,714,1049,1314,1578,1331,1216,860,573,329,107,19,1032,306,1
Hong Kong,1974,11704,731,879,148,97,118,177,417,446,1165,2298,2978,2119,883,127,228,189,179,267,474,691,1007,1291,1578,1400,1197,922,556,327,109,18,976,295,1
Hong Kong,1975,12046,678,819,141,87,113,178,445,440,1154,2326,3164,2260,920,138,236,209,180,260,458,696,1002,1324,1634,1530,1239,1021,580,340,118,20,906,291,2
Hong Kong,1976,12481,646,784,138,84,111,180,472,441,1142,2359,3352,2424,979,152,243,229,185,256,441,701,996,1363,1678,1674,1310,1114,628,351,130,22,868,291,2
Hong Kong,1977,13665,624,752,128,81,109,190,529,475,1195,2537,3744,2762,1121,169,267,262,208,267,452,743,1058,1479,1819,1925,1497,1265,736,385,146,23,833,299,2
Hong Kong,1978,14026,595,716,121,78,100,186,545,482,1165,2547,3879,2936,1204,185,270,275,222,260,433,732,1060,1487,1837,2042,1611,1325,809,395,158,27,794,286,3
Hong Kong,1979,14176,513,628,115,75,91,177,549,491,1119,2524,3956,3089,1275,198,268,281,240,251,412,707,1055,1469,1836,2120,1712,1377,866,409,170,28,703,268,3
Hong Kong,1980,13796,489,595,106,71,79,160,522,485,1021,2370,3838,3123,1318,209,254,268,252,233,381,640,999,1371,1767,2071,1750,1373,896,422,174,35,666,239,2
Hong Kong,1981,13947,499,599,100,66,73,148,510,498,962,2295,3824,3308,1431,231,243,267,269,229,366,596,978,1317,1772,2052,1884,1424,971,460,185,46,665,221,1
Hong Kong,1982,14304,471,568,97,63,71,138,511,523,933,2289,3865,3544,1556,241,240,271,282,241,354,579,973,1316,1808,2057,2044,1500,1061,495,192,49,631,209,2
Hong Kong,1983,14574,434,527,93,60,66,128,502,546,895,2296,3899,3737,1657,256,231,271,288,258,339,556,966,1330,1828,2071,2168,1569,1139,518,206,50,587,194,4
Hong Kong,1984,14780,386,469,83,57,64,116,493,567,860,2291,3930,3902,1747,279,222,271,290,277,325,535,954,1337,1832,2098,2260,1642,1206,541,226,53,526,180,6
Hong Kong,1985,14590,358,436,78,53,61,105,462,573,812,2195,3847,3957,1787,297,201,261,281,292,307,505,896,1299,1767,2080,2266,1691,1223,564,242,55,489,166,5
Hong Kong,1986,15000,322,393,71,51,61,101,450,601,803,2186,3921,4190,1914,326,191,259,286,315,313,490,878,1308,1793,2128,2349,1841,1285,629,255,71,444,162,4
Hong Kong,1987,15567,300,364,64,48,57,98,437,625,806,2177,3995,4490,2125,341,181,256,293,332,333,473,859,1318,1823,2172,2410,2080,1383,742,258,83,412,155,4
Hong Kong,1988,16421,301,360,59,46,55,96,428,660,834,2200,4144,4815,2416,363,174,254,306,354,366,468,837,1363,1876,2268,2473,2342,1544,872,273,90,406,151,6
Hong Kong,1989,16963,273,329,56,45,52,93,408,673,859,2172,4201,5016,2703,403,163,245,310,363,397,462,802,1370,1895,2306,2490,2526,1718,985,309,94,374,145,8
Hong Kong,1990,17633,252,305,53,42,49,90,390,680,899,2135,4292,5208,3059,474,155,235,312,368,438,461,791,1344,1932,2360,2524,2684,1939,1120,376,98,347,139,11
Hong Kong,1991,18114,238,290,52,39,48,87,368,683,939,2052,4335,5257,3430,579,145,223,310,373,470,469,763,1289,1938,2397,2526,2731,2172,1258,475,104,329,135,12
Hong Kong,1992,18619,230,280,50,35,44,82,348,679,983,1976,4358,5285,3809,719,138,210,301,378,488,495,730,1246,1939,2419,2578,2707,2407,1402,600,119,315,126,17
Hong Kong,1993,19229,213,261,48,33,44,76,330,681,1036,1908,4419,5332,4190,893,133,197,293,388,504,532,706,1202,1963,2456,2675,2657,2610,1580,741,152,294,120,28
Hong Kong,1994,19534,199,246,47,32,40,70,306,664,1070,1827,4391,5288,4466,1101,124,182,279,385,504,566,683,1144,1929,2462,2723,2565,2704,1762,884,217,278,110,28
Hong Kong,1995,19885,178,223,45,31,37,65,287,647,1112,1779,4315,5309,4681,1366,119,168,265,382,501,611,672,1107,1845,2470,2808,2501,2721,1960,1051,315,254,102,31
Hong Kong,1996,20266,154,199,45,30,36,62,268,624,1149,1745,4231,5393,4798,1691,112,156,250,374,505,644,683,1062,1754,2477,2886,2507,2642,2156,1239,452,229,98,44
Hong Kong,1997,20417,143,192,49,31,32,61,255,606,1181,1732,4198,5632,4705,1731,107,148,238,368,516,665,718,1014,1710,2488,2922,2710,2535,2170,1254,477,223,93,60
Hong Kong,1998,20303,118,164,46,28,29,58,239,571,1195,1719,4134,5850,4574,1669,99,140,217,354,521,674,755,964,1647,2487,2946,2904,2474,2100,1216,453,192,87,75
Hong Kong,1999,20596,106,150,44,27,28,55,231,547,1222,1765,4119,6140,4600,1624,95,136,203,344,532,690,813,952,1606,2513,3035,3105,2557,2043,1193,431,177,83,82
Hong Kong,2000,20554,101,141,40,26,27,52,221,513,1216,1803,3989,6290,4660,1537,89,132,187,326,529,687,871,932,1546,2443,3074,3216,2707,1953,1134,403,167,79,76
Hong Kong,2001,20637,86,122,36,24,26,48,214,484,1219,1866,3854,6424,4862,1431,86,128,177,307,523,696,923,943,1480,2374,3130,3294,2940,1922,1054,377,146,74,64
Hong Kong,2002,21235,80,114,34,24,24,46,205,463,1241,1967,3777,6633,5219,1459,84,121,170,293,520,721,969,998,1439,2338,3202,3431,3174,2045,1062,397,138,70,64
Hong Kong,2003,21954,75,117,42,27,28,47,209,457,1277,2094,3696,6844,5566,1516,87,122,172,285,521,756,1015,1079,1415,2281,3283,3561,3377,2189,1100,416,144,75,73
Hong Kong,2004,22604,67,101,34,21,23,41,186,419,1260,2206,3630,7068,5962,1604,77,109,162,257,497,763,1042,1164,1395,2235,3360,3708,3574,2388,1162,442,122,64,79
Hong Kong,2005,22592,65,97,32,19,20,40,172,389,1212,2274,3493,6991,6142,1663,71,101,153,236,463,749,1034,1240,1342,2151,3241,3750,3612,2530,1207,456,116,60,80
Hong Kong,2006,23026,63,91,28,18,19,38,163,368,1181,2387,3453,7019,6422,1782,67,96,147,221,439,742,1056,1331,1350,2103,3155,3864,3708,2714,1303,479,109,57,85
Hong Kong,2007,23492,64,92,28,17,18,35,156,348,1135,2467,3445,7054,6708,1915,63,93,138,210,412,723,1083,1384,1422,2023,3088,3966,3824,2884,1427,488,109,53,98
Hong Kong,2008,24205,65,95,30,15,17,35,149,336,1095,2547,3509,7176,7053,2063,60,89,131,205,386,709,1112,1435,1544,1965,3059,4117,3993,3060,1560,503,110,52,118
Hong Kong,2009,24602,63,93,30,14,15,32,141,320,1035,2574,3566,7164,7295,2224,57,84,123,197,356,679,1112,1462,1652,1914,2988,4176,4135,3160,1680,544,107,47,126
Hong Kong,2010,24756,65,95,30,12,14,30,133,299,962,2556,3627,6996,7504,2399,53,80,114,185,325,637,1095,1461,1759,1868,2904,4092,4280,3224,1779,620,107,44,128
Hong Kong,2011,25266,64,93,29,12,12,27,127,286,904,2570,3765,6884,7846,2606,52,75,108,178,304,600,1076,1494,1870,1895,2855,4029,4479,3367,1875,731,105,39,136
Hong Kong,2012,25556,68,97,29,10,11,26,118,272,849,2560,3899,6680,8111,2766,49,69,104,168,287,562,1041,1519,1932,1967,2736,3944,4608,3503,1967,799,107,37,156
Hong Kong,2013,25982,69,99,30,9,10,23,110,259,802,2557,4092,6491,8413,2928,45,65,100,159,277,525,1013,1544,1999,2093,2633,3858,4757,3656,2085,843,108,33,184
Hong Kong,2014,26234,62,93,31,10,8,21,106,244,749,2518,4270,6300,8637,3076,45,61,95,149,268,481,974,1544,2042,2228,2548,3752,4826,3811,2173,903,103,29,205
Hong Kong,2015,26684,61,90,29,9,7,20,99,231,706,2483,4499,6217,8834,3264,40,59,91,140,259,447,934,1549,2066,2433,2503,3714,4807,4027,2278,986,99,27,225
Hong Kong,2016,27305,58,86,28,9,6,17,95,222,677,2441,4749,6232,9028,3486,38,57,86,136,251,426,893,1548,2109,2640,2547,3685,4760,4268,2411,1075,95,23,257
Hong Kong,2017,27561,54,81,27,10,6,15,89,209,642,2346,4868,6214,9161,3631,35,54,79,130,237,405,834,1512,2156,2712,2672,3542,4710,4451,2565,1066,91,21,284
Hong Kong,2018,27777,49,77,28,10,5,14,83,199,613,2234,4937,6237,9266,3791,33,50,74,125,223,390,771,1463,2197,2740,2846,3391,4641,4625,2722,1069,87,19,308
Hong Kong,2019,28282,45,74,29,9,5,12,78,193,589,2136,5031,6381,9411,4032,29,49,72,121,209,380,717,1419,2239,2792,3061,3320,4612,4799,2920,1112,83,17,330
Hong Kong,2020,30255,37,66,29,9,5,11,72,182,567,2021,5089,6991,10340,4547,26,46,68,114,200,367,665,1356,2258,2831,3505,3486,5017,5323,3323,1224,75,16,355
Hong Kong,2021,29876,30,56,26,11,5,10,65,172,544,1906,5119,7121,9754,4753,23,42,65,107,192,352,626,1280,2241,2878,3658,3463,4742,5012,3450,1303,67,15,361
Hungary,1950,55227,9361,10694,1333,539,448,752,2459,2158,4350,6653,9785,11032,5794,550,1232,1227,796,1362,1919,2431,3164,3489,4448,5337,5613,5419,3894,1900,478,72,11233,1200,6
Hungary,1951,57367,8959,10338,1379,441,384,746,2279,2024,4129,6813,10402,12154,6944,703,1140,1139,827,1197,1745,2384,3301,3512,4524,5878,6257,5897,4682,2262,620,83,10779,1130,6
Hungary,1952,55846,7531,8450,919,371,359,622,1989,1826,3909,7151,10446,12864,7160,691,1026,963,864,962,1602,2307,3378,3773,4518,5928,6512,6352,4844,2316,614,77,8821,981,5
Hungary,1953,57353,8472,9606,1134,379,310,526,1605,1511,3522,7046,10588,13799,7767,693,802,803,779,732,1478,2044,3229,3817,4599,5989,6907,6892,5279,2488,625,68,9985,836,4
Hungary,1954,54084,7731,8631,900,310,275,482,1414,1371,3465,6987,10286,13267,6986,603,684,730,782,589,1444,2021,3046,3941,4490,5796,6779,6488,4699,2287,544,59,8941,757,4
Hungary,1955,49554,7082,7925,843,299,277,454,1373,1312,3110,6441,9473,11949,6375,561,627,746,754,558,1184,1926,2719,3722,4227,5246,6089,5860,4263,2112,501,60,8224,731,3
Hungary,1956,53940,6359,7260,901,306,308,877,2184,1724,3495,7161,10096,12915,6950,656,1144,1040,941,783,1393,2102,2972,4189,4735,5361,6622,6293,4608,2342,588,68,7566,1185,3
Hungary,1957,52851,5914,6790,876,315,243,462,1396,1629,3073,7157,10839,13354,6919,668,665,731,814,815,1107,1966,2913,4244,5073,5766,6900,6454,4641,2278,592,76,7105,705,4
Hungary,1958,49420,5153,5891,738,289,226,389,1184,1528,2676,6855,10057,12801,6898,622,540,644,702,826,867,1809,2755,4100,4781,5276,6492,6309,4696,2202,549,73,6180,615,4
Hungary,1959,53303,4372,5015,643,280,255,458,1119,1671,2732,7468,11650,14160,7701,782,554,565,767,904,774,1958,2874,4594,5629,6021,7088,7072,5244,2457,692,90,5295,713,6
Hungary,1960,51679,3932,4498,566,265,240,453,1090,1606,2459,7065,11218,14017,7921,840,503,587,695,911,705,1754,2773,4292,5381,5837,6857,7160,5328,2593,742,98,4763,693,8
Hungary,1961,49261,3490,3954,464,286,254,436,1073,1616,2381,6635,11211,13125,7451,827,531,542,714,902,809,1572,2726,3909,5460,5751,6318,6807,5049,2402,728,99,4240,690,8
Hungary,1962,55215,3451,3994,543,250,242,419,1083,1634,2474,7192,12789,14998,9131,997,525,558,703,931,1019,1455,2895,4297,6138,6651,7145,7853,6077,3054,881,116,4244,661,8
Hungary,1963,51332,3211,3627,416,223,246,453,1101,1685,2356,6949,12382,13666,7911,724,566,535,727,958,1100,1256,2779,4170,5919,6463,6632,7034,5256,2655,640,84,3850,699,6
Hungary,1964,51904,3004,3347,343,198,193,425,1139,1587,2270,6817,13064,13780,8286,791,591,548,669,918,1167,1103,2722,4095,6047,7017,6860,6920,5496,2790,701,90,3545,618,5
Hungary,1965,55482,2958,3342,384,207,214,357,998,1647,2362,7044,13564,15440,9387,913,517,481,701,946,1259,1103,2728,4316,6102,7462,7748,7692,6304,3083,807,106,3549,571,5
Hungary,1966,52240,3023,3344,321,172,209,386,997,1536,2416,6646,13301,14040,8331,855,513,484,617,919,1219,1197,2483,4163,5832,7469,7233,6807,5605,2726,751,104,3516,595,6
Hungary,1967,56557,3206,3538,332,169,224,439,1092,1577,2866,6655,14388,15549,9110,940,569,523,666,911,1337,1529,2222,4433,6246,8142,8241,7308,6172,2938,830,110,3707,663,5
Hungary,1968,59696,3124,3407,283,150,245,456,1166,1683,3247,6593,15123,16612,9987,1022,589,577,689,994,1479,1768,2056,4537,6477,8646,8864,7748,6574,3413,897,125,3557,701,6
Hungary,1969,60802,3044,3315,271,156,210,459,1172,1570,3569,6465,15644,17612,9569,1050,562,610,671,899,1507,2062,1875,4590,6647,8997,9492,8120,6180,3389,943,107,3471,669,7
Hungary,1970,62498,3090,3423,333,153,189,539,1223,1661,3689,6520,16226,18041,9735,1085,586,637,655,1006,1520,2169,1967,4553,6992,9234,9811,8230,6248,3487,969,116,3576,728,7
Hungary,1971,64242,3025,3319,294,177,181,548,1311,1684,3978,6680,16288,19502,9493,1071,720,591,730,954,1631,2347,2292,4388,7087,9201,10722,8780,6174,3319,950,121,3496,729,6
Hungary,1972,61814,2945,3183,238,155,148,468,1276,1690,3882,6351,15425,18652,9436,1144,658,618,715,975,1554,2328,2606,3745,6823,8602,10100,8552,6047,3389,1003,141,3338,616,6
Hungary,1973,64072,3092,3384,292,133,155,474,1201,1636,3865,6329,15808,19932,9958,1190,606,595,717,919,1540,2325,3001,3328,6893,8915,10661,9271,6467,3491,1044,146,3517,629,6
Hungary,1974,65711,3871,4127,256,147,146,444,1274,1703,4082,6447,16092,20312,9719,1209,682,592,776,927,1626,2456,3441,3006,7036,9056,10864,9448,6353,3366,1063,146,4274,590,6
Hungary,1975,68165,3557,3817,260,152,147,428,1261,1781,4226,6720,16669,21336,10370,1251,683,578,823,958,1622,2604,3649,3071,7212,9457,11005,10331,6909,3461,1100,151,3969,575,6
Hungary,1976,68334,3069,3332,263,123,117,382,1234,1827,4081,7280,16334,21813,10474,1327,620,614,761,1066,1508,2573,3705,3575,6555,9779,11137,10676,7006,3468,1156,171,3455,499,7
Hungary,1977,68863,2597,2833,236,153,145,377,1322,1813,4258,8069,15758,22301,10624,1197,657,665,754,1059,1572,2686,3879,4190,5807,9951,11166,11135,7217,3407,1039,158,2986,522,9
Hungary,1978,73003,2305,2561,256,159,151,356,1277,2140,4561,9425,15965,23571,11402,1425,610,667,895,1245,1690,2871,4193,5232,5533,10432,11701,11870,7864,3538,1231,194,2720,507,10
Hungary,1979,72043,2138,2371,233,155,160,371,1342,2139,4524,10274,15077,23041,11314,1258,587,755,873,1266,1733,2791,4350,5924,4748,10329,11694,11347,7886,3428,1086,172,2526,531,9
Hungary,1980,76684,1886,2136,250,170,153,334,1447,2272,4951,11157,15746,24462,12454,1391,632,815,875,1397,1952,2999,4676,6481,5364,10382,12451,12011,8479,3975,1194,197,2306,487,12
Hungary,1981,76528,1660,1880,220,158,148,349,1430,2459,5074,11522,15674,24198,12337,1285,578,852,1071,1388,2050,3024,4932,6590,5909,9765,12591,11607,8554,3783,1105,180,2038,497,12
Hungary,1982,76241,1501,1722,221,151,144,344,1255,2434,5090,11400,15376,24134,12879,1298,503,752,1031,1403,2065,3025,4857,6543,6949,8427,12713,11421,8853,4026,1109,189,1873,488,13
Hungary,1983,78695,1361,1551,190,149,151,328,1365,2782,5674,11889,15619,24657,13101,1415,545,820,1155,1627,2356,3318,5000,6889,8106,7513,12869,11788,8920,4181,1214,201,1700,479,15
Hungary,1984,78240,1435,1586,151,127,131,335,1330,2827,5649,11999,15482,24403,12994,1358,512,818,1224,1603,2406,3243,4975,7024,8964,6518,12524,11879,8819,4175,1165,193,1713,466,15
Hungary,1985,78138,1500,1665,165,131,121,355,1280,2967,5713,11713,15311,24057,13300,1505,496,784,1285,1682,2418,3295,4777,6936,8791,6520,12143,11914,8688,4612,1305,200,1796,476,16
Hungary,1986,77069,1379,1523,144,134,123,353,1119,2988,5674,11578,16428,22751,12860,1520,407,712,1296,1692,2386,3288,4638,6940,8970,7458,10847,11904,8490,4370,1323,197,1657,476,17
Hungary,1987,74934,1254,1423,169,109,139,374,1088,2977,5496,11102,17081,20980,12695,1454,429,659,1286,1691,2226,3270,4578,6524,8766,8315,9348,11632,8296,4399,1263,191,1532,513,18
Hungary,1988,73306,1077,1222,145,107,157,332,1018,2901,5488,10769,17982,19167,12640,1502,426,592,1230,1671,2281,3207,4435,6334,8654,9328,7670,11497,8335,4305,1310,192,1329,489,17
Hungary,1989,76523,1068,1224,156,112,149,383,1114,3255,6124,11352,19359,18597,13186,1647,495,619,1284,1971,2480,3644,4691,6661,8932,10427,6951,11646,8601,4585,1446,201,1336,532,17
Hungary,1990,76862,1065,1206,141,103,141,412,1178,3307,6327,11432,19073,18412,13534,1714,545,633,1216,2091,2573,3754,4665,6767,8825,10248,7104,11308,8935,4599,1505,209,1309,553,18
Hungary,1991,76638,1112,1260,148,114,114,361,1160,3205,6709,11359,18982,18161,13489,1706,510,650,1082,2123,2922,3787,4910,6449,8702,10280,7987,10174,8924,4565,1488,218,1374,475,18
Hungary,1992,79531,950,1077,127,83,105,407,1142,3483,7453,12096,19651,18197,14005,1812,547,595,1132,2351,3313,4140,5395,6701,8787,10864,9412,8785,9360,4645,1577,235,1160,512,17
Hungary,1993,80412,815,954,139,85,99,316,1066,3520,7843,12258,19563,18584,14170,1930,475,591,1028,2492,3550,4293,5733,6525,9035,10528,10705,7879,9371,4799,1669,261,1039,415,19
Hungary,1994,78545,750,878,128,63,102,348,1003,3274,8044,12185,18677,17983,14037,1931,472,531,971,2303,3636,4408,5631,6554,8503,10174,11311,6672,9250,4787,1654,277,941,450,20
Hungary,1995,77197,691,809,118,83,104,316,956,2909,7960,11965,18077,17973,14126,1897,422,534,926,1983,3545,4415,5558,6407,8048,10029,11027,6946,9032,5094,1610,287,892,420,21
Hungary,1996,74724,602,699,97,72,83,274,870,2330,7508,11263,17220,19098,13275,2008,392,478,710,1620,3215,4293,5044,6219,7607,9613,11222,7876,8018,5257,1709,299,771,357,23
Hungary,1997,73180,558,675,117,72,59,237,884,2128,7473,11013,16909,19361,12296,2046,397,487,728,1400,3280,4193,5027,5986,7412,9497,10662,8699,6952,5344,1738,308,747,296,24
Hungary,1998,74203,536,656,120,67,89,232,921,2186,7709,11415,16791,20340,11642,2131,449,472,731,1455,3341,4368,5397,6018,7455,9336,10633,9707,6044,5598,1804,327,723,321,27
Hungary,1999,74528,454,557,103,63,98,198,903,2006,7668,11605,16352,21403,11396,2255,429,474,689,1317,3096,4572,5278,6327,7251,9101,10630,10773,5599,5797,1926,329,620,296,27
Hungary,2000,70402,498,592,94,56,77,194,873,1811,6935,10982,15569,19933,11007,2338,400,473,704,1107,2582,4353,4991,5991,6958,8611,9836,10097,5703,5304,2018,320,648,271,33
Hungary,2001,68323,433,509,76,51,77,182,777,1561,6579,10826,14599,19739,11120,2263,363,414,614,947,2337,4242,5149,5677,6551,8048,9631,10108,6338,4782,1932,331,560,259,33
Hungary,2002,68808,367,446,79,59,83,178,817,1614,6333,10928,14553,19634,11619,2510,371,446,583,1031,2150,4183,5191,5737,6749,7804,9740,9894,7216,4403,2157,353,505,261,33
Hungary,2003,69985,388,455,67,47,70,162,764,1491,6028,11256,14966,19786,12113,2802,314,450,594,897,1899,4129,5176,6080,7032,7934,9805,9981,8348,3765,2415,387,502,232,38
Hungary,2004,68368,362,428,66,46,68,181,790,1514,5561,11348,14693,18967,11910,2817,303,487,572,942,1772,3789,5462,5886,7105,7588,9223,9744,8594,3316,2375,442,474,249,43
Hungary,2005,69709,356,429,73,47,43,168,737,1473,5405,11987,14700,18981,12869,2828,280,457,531,942,1679,3726,5768,6219,7140,7560,9107,9874,8940,3929,2362,466,476,211,41
Hungary,2006,67781,327,393,66,33,76,188,670,1457,4791,12239,14634,17840,12858,2556,254,416,577,880,1555,3236,5777,6462,6984,7650,8495,9345,8624,4234,2066,490,426,264,45
Hungary,2007,68167,310,370,60,32,64,176,607,1452,4613,12181,14571,18148,13527,2378,251,356,590,862,1601,3012,5612,6569,6995,7576,8457,9691,8610,4917,1845,533,402,240,47
Hungary,2008,66223,318,368,50,34,52,189,555,1296,4038,11826,14646,17276,13654,2238,230,325,530,766,1373,2665,5405,6421,7063,7583,8206,9070,8278,5376,1674,564,402,241,49
Hungary,2009,66263,262,306,44,35,48,139,564,1264,3779,11728,14985,17068,14164,2131,259,305,508,756,1332,2447,5030,6698,7108,7877,7919,9149,8244,5920,1558,573,341,187,52
Hungary,2010,65089,254,294,40,30,43,134,467,1194,3574,11160,14776,16840,14077,2442,192,275,455,739,1307,2267,4409,6751,7132,7644,8037,8803,8304,5773,1862,580,324,177,57
Hungary,2011,63315,244,277,33,28,37,132,469,1038,3152,10562,14611,16494,13993,2459,216,253,408,630,1150,2002,3948,6614,7289,7322,7840,8654,8193,5800,1982,477,305,169,61
Hungary,2012,63425,222,259,37,19,55,115,457,1003,3077,10103,15025,16302,14079,2852,216,241,383,620,1124,1953,3581,6522,7468,7557,8037,8265,8284,5795,2407,445,278,170,72
Hungary,2013,61823,271,309,38,22,35,110,390,945,2798,9273,14777,15995,14042,3047,169,221,292,653,969,1829,3228,6045,7331,7446,7822,8173,8254,5788,2664,383,331,145,75
Hungary,2014,61985,239,287,48,28,42,99,407,911,2725,8901,15222,16115,14023,3148,205,202,310,601,1010,1715,3103,5798,7634,7588,8296,7819,8250,5773,2733,415,315,141,78
Hungary,2015,63479,212,261,49,37,30,113,433,930,2715,8344,15909,16720,14477,3427,186,247,316,614,950,1765,2912,5432,7962,7947,8385,8335,8357,6120,2881,546,298,143,79
Hungary,2016,62643,207,252,45,22,40,110,383,809,2687,7869,16563,16466,13958,3419,167,216,272,537,936,1751,2822,5047,8046,8517,8345,8121,7949,6009,2818,601,274,150,66
Hungary,2017,63979,187,222,35,27,43,95,396,836,2638,7439,17092,17267,14325,3543,162,234,324,512,892,1746,2764,4675,8254,8838,8589,8678,8014,6311,2882,661,249,138,60
Hungary,2018,63924,158,201,43,15,25,91,383,811,2673,7351,17190,17460,14150,3523,161,222,318,493,1037,1636,2812,4539,8187,9003,8791,8669,7854,6296,2833,690,216,116,54
Hungary,2019,62694,192,233,41,35,38,80,385,738,2573,7025,16700,17459,13842,3532,158,227,268,470,967,1606,2733,4292,7494,9206,8555,8904,7488,6354,2856,676,268,118,54
Hungary,2020,68518,192,213,21,27,24,91,411,792,2690,7312,17849,19677,15513,3851,162,249,301,491,961,1729,2945,4367,7543,10306,9686,9991,8599,6914,3141,710,240,115,70
Hungary,2021,76526,179,219,40,32,19,89,375,811,3261,8349,19549,23215,16184,4331,143,232,297,514,1088,2173,3600,4749,7445,12104,11969,11246,9528,6656,3518,813,251,108,91
Iceland,1950,582,41,51,10,6,5,14,33,30,38,66,91,133,103,16,17,16,15,15,17,21,28,38,42,49,64,69,60,43,15,1,57,19,0
Iceland,1951,582,41,51,10,5,5,12,32,30,39,65,92,129,101,19,17,15,15,15,17,22,27,38,41,51,59,70,59,42,17,2,56,17,0
Iceland,1952,570,40,50,10,5,5,12,30,30,38,63,92,127,100,21,15,15,15,15,16,22,25,38,41,51,56,71,57,43,19,2,55,17,0
Iceland,1953,569,37,47,10,5,5,10,30,30,39,63,93,126,101,20,15,15,15,15,17,22,26,37,41,52,56,70,58,43,18,2,52,15,0
Iceland,1954,551,38,48,10,5,5,11,30,29,38,60,91,119,98,23,15,15,15,14,16,22,26,34,41,50,53,66,58,40,20,3,53,16,0
Iceland,1955,586,43,53,10,5,5,10,30,30,39,64,96,126,104,27,15,15,15,15,17,22,27,37,44,52,58,68,63,41,23,4,58,15,0
Iceland,1956,576,40,50,10,5,5,9,28,30,39,65,97,124,103,24,13,15,15,15,17,22,28,37,45,52,59,65,63,40,20,4,55,14,0
Iceland,1957,579,39,49,10,5,5,9,27,30,40,65,99,124,105,25,12,15,15,15,17,23,28,37,45,54,62,62,65,40,19,6,54,14,1
Iceland,1958,613,42,52,10,5,5,9,27,30,40,68,107,132,109,28,12,15,15,15,17,23,30,38,49,58,67,65,67,42,22,6,57,14,1
Iceland,1959,670,42,54,12,6,5,12,28,31,45,75,117,146,122,28,13,15,15,16,20,25,33,42,52,65,74,72,73,49,22,6,60,17,1
Iceland,1960,589,39,49,10,6,5,9,21,29,40,68,103,129,107,26,10,11,14,15,17,23,29,39,44,59,64,65,64,43,19,7,55,14,1
Iceland,1961,678,44,54,10,7,5,11,22,30,47,79,119,151,123,28,10,12,15,15,21,26,34,45,51,68,74,77,72,51,21,7,61,16,1
Iceland,1962,650,42,52,10,6,5,11,21,29,43,74,115,149,119,28,10,11,14,15,19,24,31,43,49,66,73,76,68,51,20,8,58,16,1
Iceland,1963,728,39,51,12,7,5,13,25,29,49,83,128,172,134,31,13,12,14,15,21,28,34,49,56,72,85,87,77,57,22,9,58,18,1
Iceland,1964,729,42,53,11,7,5,12,25,29,48,84,129,173,136,28,13,12,14,15,21,27,35,49,56,73,86,87,77,59,22,6,60,17,1
Iceland,1965,693,37,47,10,6,5,13,23,27,45,79,125,168,126,27,13,10,12,15,20,25,34,45,56,69,83,85,72,54,21,6,53,18,1
Iceland,1966,779,40,51,11,7,5,13,25,28,50,91,140,194,143,32,14,11,13,15,22,28,39,52,63,77,97,97,83,60,28,4,58,18,1
Iceland,1967,768,33,43,10,7,5,13,25,28,49,90,138,196,142,32,14,11,13,15,20,29,38,52,62,76,96,100,82,60,28,4,50,18,0
Iceland,1968,736,31,40,9,6,5,13,24,25,48,88,133,190,137,32,14,10,11,14,20,28,37,51,60,73,91,99,81,56,26,6,46,18,0
Iceland,1969,789,30,39,9,6,6,14,26,25,49,92,143,202,148,38,15,11,11,14,20,29,38,54,65,78,96,106,88,60,30,8,45,20,0
Iceland,1970,816,33,42,9,7,5,15,28,25,49,94,150,210,154,36,15,13,11,14,20,29,39,55,67,83,97,113,94,60,27,9,49,20,1
Iceland,1971,851,31,40,9,6,6,16,30,23,50,97,159,219,170,35,15,15,10,13,21,29,40,57,70,89,101,118,105,65,28,7,46,22,1
Iceland,1972,795,30,38,8,5,5,14,25,21,47,91,147,202,160,35,13,12,10,11,19,28,37,54,64,83,93,109,100,60,28,7,43,19,0
Iceland,1973,831,31,40,9,5,5,15,28,22,47,96,157,211,172,33,14,14,10,12,19,28,40,56,69,88,97,114,107,65,27,6,45,20,0
Iceland,1974,857,34,42,8,5,6,16,29,21,47,98,160,219,183,35,15,14,10,11,18,29,40,58,71,89,103,116,112,71,26,9,47,22,0
Iceland,1975,808,32,39,7,5,5,14,27,20,44,90,147,207,177,33,15,12,10,10,18,26,37,53,64,83,98,109,105,72,25,8,44,19,0
Iceland,1976,766,23,30,7,5,5,13,24,20,39,85,140,195,176,36,13,11,10,10,15,24,34,51,61,79,93,102,104,72,26,10,35,18,0
Iceland,1977,803,24,31,7,5,5,13,25,20,39,85,147,203,190,36,14,11,10,10,14,25,34,51,64,83,99,104,111,79,28,8,36,18,1
Iceland,1978,784,29,34,5,5,5,12,24,20,34,81,141,198,187,40,14,10,10,10,12,22,33,48,61,80,96,102,108,79,32,8,39,17,1
Iceland,1979,824,25,31,6,5,4,13,26,20,34,84,148,210,199,47,15,11,10,10,13,21,34,50,64,84,101,109,114,85,38,9,36,17,1
Iceland,1980,875,27,34,7,5,5,12,27,20,34,89,155,226,213,50,15,12,10,10,12,22,34,55,67,88,107,119,118,95,42,8,39,17,1
Iceland,1981,920,25,32,7,5,5,12,29,20,34,90,167,240,224,57,15,14,10,10,13,21,35,55,73,94,113,127,122,102,48,9,37,17,1
Iceland,1982,857,22,27,5,5,5,11,26,20,30,83,154,226,208,57,14,12,10,10,11,19,33,50,66,88,106,120,112,96,46,11,32,16,1
Iceland,1983,954,23,29,6,5,5,12,31,25,35,91,171,253,239,60,16,15,13,12,14,21,35,56,73,98,118,135,130,109,51,9,34,17,1
Iceland,1984,854,17,22,5,5,5,11,27,20,29,78,154,227,215,61,15,12,10,10,11,18,29,49,67,87,108,119,120,95,50,11,27,16,2
Iceland,1985,887,19,24,5,5,5,8,28,20,32,80,156,233,224,69,15,13,10,10,15,17,30,50,67,89,109,124,127,97,56,13,29,13,2
Iceland,1986,855,13,18,5,5,4,9,24,20,30,74,152,227,221,69,13,11,10,10,14,16,27,47,64,88,106,121,126,95,55,14,23,13,2
Iceland,1987,931,20,24,4,5,3,8,27,22,30,77,165,247,243,76,13,14,12,10,14,16,28,49,69,96,115,132,137,106,59,17,29,11,2
Iceland,1988,972,20,25,5,5,5,10,27,26,34,78,169,259,257,82,13,14,14,12,16,18,27,51,70,99,122,137,144,113,61,21,30,15,2
Iceland,1989,892,16,21,5,5,3,8,24,20,29,67,156,239,237,76,10,14,10,10,14,15,23,44,65,91,113,126,130,107,57,19,26,11,2
Iceland,1990,913,19,24,5,5,2,9,22,22,33,66,159,247,245,80,10,12,11,11,15,18,24,42,65,94,117,130,132,113,61,19,29,11,2
Iceland,1991,1005,19,24,5,4,4,9,23,27,35,69,171,275,274,89,10,13,14,13,16,19,25,44,70,101,130,145,146,128,68,21,28,13,3
Iceland,1992,878,15,20,5,2,2,8,20,20,32,59,147,241,238,80,10,10,10,10,14,18,21,38,60,87,114,127,128,110,59,21,22,10,3
Iceland,1993,873,15,19,4,2,2,8,20,20,31,56,143,243,238,85,10,10,10,10,14,17,21,35,57,86,114,129,131,107,64,21,21,10,4
Iceland,1994,901,12,17,5,3,1,9,20,22,33,56,146,251,249,89,10,10,11,11,15,18,22,34,57,89,117,134,138,111,67,22,20,10,4
Iceland,1995,981,12,16,4,4,1,8,20,24,35,61,156,276,271,102,10,10,12,12,16,19,26,35,61,95,129,147,151,120,78,24,20,9,5
Iceland,1996,994,11,15,4,4,1,9,20,25,37,63,153,283,283,101,10,10,11,14,16,21,27,36,57,96,128,155,156,127,77,24,19,10,5
Iceland,1997,984,15,19,4,4,1,8,20,22,37,63,146,283,279,99,10,10,10,12,16,21,28,35,53,93,128,155,154,125,73,26,23,9,4
Iceland,1998,943,8,12,4,2,1,8,20,21,35,62,137,271,275,99,10,10,10,11,16,19,27,35,49,88,122,149,151,124,74,25,14,9,3
Iceland,1999,971,8,12,4,3,1,8,20,21,38,63,133,282,284,104,10,10,9,12,16,22,27,36,48,85,126,156,156,128,76,28,15,9,3
Iceland,2000,907,11,14,3,0,0,8,19,22,37,61,121,263,271,93,9,10,10,12,16,21,26,35,43,78,116,147,150,121,68,25,14,8,4
Iceland,2001,924,8,10,2,0,1,7,20,20,37,64,116,267,288,91,10,10,9,11,16,21,26,38,43,73,117,150,159,129,67,24,10,8,4
Iceland,2002,935,7,9,2,1,1,5,19,19,36,65,114,268,300,92,10,9,9,10,16,20,27,38,43,71,117,151,166,134,68,24,10,6,4
Iceland,2003,907,7,9,2,0,1,5,16,18,35,63,107,255,293,95,8,8,8,10,14,21,26,37,41,66,110,145,162,131,72,23,9,6,4
Iceland,2004,970,8,10,2,0,1,5,18,20,38,68,115,268,322,100,9,9,10,10,17,21,29,39,48,67,114,154,179,143,78,22,10,6,5
Iceland,2005,945,8,9,1,0,1,6,13,20,36,67,113,258,319,96,6,7,10,10,14,22,29,38,49,64,108,150,174,145,75,21,9,7,6
Iceland,2006,961,6,7,1,0,0,6,15,19,37,72,115,257,329,100,5,10,9,10,15,22,30,42,51,64,102,155,176,153,81,19,7,6,5
Iceland,2007,1004,7,8,1,0,1,5,17,20,40,76,119,261,348,106,7,10,10,10,15,25,33,43,55,64,103,158,184,164,85,21,8,6,4
Iceland,2008,987,7,8,1,0,0,6,16,20,36,76,120,248,345,106,6,10,10,10,14,22,33,43,54,66,96,152,180,165,83,23,8,6,4
Iceland,2009,1040,7,8,1,0,0,6,17,20,37,79,126,250,368,121,8,9,10,10,13,24,33,46,56,70,96,154,195,173,93,28,8,6,4
Iceland,2010,1072,5,6,1,0,0,5,17,20,36,82,136,253,389,126,8,9,10,10,13,23,34,48,58,78,96,157,204,185,101,25,6,5,4
Iceland,2011,1002,4,4,0,0,0,4,11,18,32,76,131,226,369,118,5,6,9,9,12,20,31,45,57,74,89,137,194,175,95,23,4,4,3
Iceland,2012,955,4,4,0,0,0,5,10,17,29,73,127,211,355,119,5,5,9,8,11,18,30,43,54,73,84,127,181,174,93,26,4,5,2
Iceland,2013,1089,4,4,0,0,0,4,11,19,32,82,145,237,402,145,6,5,9,10,12,20,32,50,61,84,97,140,203,199,114,31,4,4,3
Iceland,2014,1058,3,3,0,0,0,3,11,19,29,80,143,230,386,147,5,6,9,10,11,18,32,48,61,82,99,131,192,194,113,34,3,3,3
Iceland,2015,1068,4,4,0,0,0,3,10,17,29,80,144,234,390,147,5,5,7,10,11,18,32,48,62,82,106,128,190,200,113,34,4,3,4
Iceland,2016,1200,2,3,1,0,0,4,14,18,33,88,167,267,432,168,5,9,8,10,14,19,33,55,71,96,123,144,204,228,132,36,3,4,5
Iceland,2017,1113,5,5,0,0,0,3,12,17,31,82,156,248,391,158,5,7,7,10,13,18,29,53,66,90,117,131,183,208,122,36,5,3,6
Iceland,2018,1138,5,6,1,0,0,3,13,17,32,80,162,256,389,171,5,8,7,10,14,18,29,51,71,91,121,135,179,210,131,40,6,3,6
Iceland,2019,1230,5,6,1,0,0,4,15,20,36,87,178,282,409,189,6,9,9,11,15,21,30,57,76,102,130,152,190,219,148,41,6,4,6
Iceland,2020,1261,5,5,0,0,0,3,11,15,34,85,181,301,418,201,5,6,6,9,14,20,30,55,76,105,134,167,194,224,157,44,5,3,6
Iceland,2021,1299,4,4,0,0,0,3,10,16,33,79,185,323,422,219,5,5,8,8,13,20,27,52,77,108,144,179,200,222,168,51,4,3,4
India,1950,3935660,1410766,2103679,692913,95599,58647,86567,215395,219140,244399,268465,276365,249847,104904,12617,106956,108439,106023,113117,120862,123537,137796,130669,152578,123787,137052,112795,71962,32942,10045,2572,2199278,145214,41
India,1951,4054483,1437611,2173762,736151,101395,59438,87062,216885,222347,250927,280406,291171,252851,106472,11639,107429,109456,107492,114855,123578,127349,142965,137441,158018,133153,136318,116533,73239,33233,9595,2044,2275157,146500,131
India,1952,4122618,1453029,2206551,753522,103500,59683,88272,219978,226127,256010,289320,302072,251955,107895,11058,108688,111290,109214,116913,125122,130888,144564,144756,157417,144655,131472,120483,74321,33574,9274,1784,2310051,147955,196
India,1953,4207628,1470424,2240732,770308,106400,60932,91323,227606,233970,263609,299138,312729,250680,109509,10789,112158,115448,112964,121006,127742,135867,145729,153409,155412,157317,126877,123803,75522,33987,9201,1588,2347132,152255,212
India,1954,4201096,1477873,2244069,766196,105250,58474,89794,224644,230923,261002,299961,315846,249012,111225,10706,110566,114078,111253,119670,125355,135647,143055,156906,151569,164277,124392,124620,76791,34434,9304,1402,2349319,148268,187
India,1955,4235259,1484499,2252571,768072,110023,58234,89656,224773,231895,262944,305452,323597,251839,113400,10727,110482,114291,111577,120318,125606,137338,144038,161414,153392,170205,127481,124358,78374,35026,9430,1297,2362594,147890,141
India,1956,4273641,1488414,2258081,769667,115459,58374,88932,223742,232430,265490,312471,333556,258015,116221,10754,109871,113871,111673,120757,126380,139110,146959,165512,159532,174024,135686,122329,80617,35604,9506,1248,2373540,147306,114
India,1957,4317911,1490468,2260679,770211,122114,59212,88165,222637,233297,268757,320399,344743,267283,119733,10785,109331,113306,111980,121317,127902,140855,151748,168651,169687,175056,148754,118529,83624,36109,9573,1212,2382793,147377,105
India,1958,4349047,1491290,2260338,769048,127545,59619,86710,219782,232233,270071,326260,354494,278132,122886,10881,108011,111771,111358,120875,128733,141338,156298,169962,180524,173970,162907,115225,86199,36687,9671,1210,2387883,146329,96
India,1959,4357379,1488645,2251477,762832,129731,60093,85060,215769,229521,269344,329449,362326,288654,124789,11082,106096,109673,109881,119640,128536,140808,159092,170357,188708,173618,173603,115051,87282,37507,9849,1233,2381208,145153,85
India,1960,4392735,1495170,2254146,758976,131198,62374,85741,216914,231285,271506,333498,370460,298523,125610,11395,106648,110266,110678,120607,129841,141665,161557,171941,194400,176060,179945,118578,87089,38521,10125,1270,2385344,148115,79
India,1961,4453448,1506077,2266453,760376,132682,66068,88769,223174,237509,276524,338368,378956,307710,125414,11747,109613,113561,113740,123769,132659,143865,163733,174635,197629,181327,181972,125738,85464,39950,10436,1311,2399135,154837,78
India,1962,4501950,1515980,2276587,760607,132008,69478,91807,229032,242848,280294,341564,386078,315810,124315,12054,112227,116805,116290,126558,134696,145598,164103,177461,197308,188770,179516,136294,82576,41739,10711,1343,2408595,161285,78
India,1963,4550912,1527444,2288855,761411,131116,72891,94716,233791,247121,283632,344891,393661,324089,123708,12361,114282,119509,118225,128896,136289,147343,163974,180917,195991,197670,176091,147998,80445,43263,10990,1371,2419971,167607,79
India,1964,4607795,1540075,2304136,764061,131698,75482,98127,236412,249928,287126,349845,403445,333797,125005,12715,115490,120922,119375,130553,137764,149362,164846,184999,196807,206638,176006,157791,81057,43948,11319,1396,2435834,173609,80
India,1965,4948113,1623406,2467023,843617,159767,89904,106897,244824,261431,305174,374784,434878,359026,131149,13173,119855,124969,124389,137042,145775,159399,175746,199038,210129,224749,188187,170839,86654,44495,11743,1430,2626790,196801,81
India,1966,4980750,1623132,2464031,840899,164617,89869,107479,236708,255686,305955,383237,450777,372710,136101,13501,116282,120426,121094,134592,145179,160776,178953,204284,217432,233345,197889,174821,92765,43336,12062,1439,2628648,197348,80
India,1967,5021523,1628064,2466496,838432,172182,89544,106940,225525,247519,306091,393249,469225,388016,142783,13873,111338,114187,116651,130868,144064,162027,183392,209857,228171,241054,212414,175602,101252,41531,12433,1440,2638678,196484,80
India,1968,4768994,1557236,2316878,759642,155050,75064,99106,203183,225608,289579,384917,468904,389792,146872,13965,100869,102314,105800,119808,134977,154602,179247,205670,230720,238184,220446,169346,107330,39542,12522,1443,2471928,174170,80
India,1969,4800594,1560256,2318828,758572,163418,74118,96853,193719,215810,287512,393360,485922,404237,152785,13946,97359,96360,100637,115173,132699,154813,183066,210294,241570,244352,233819,170418,113187,39598,12460,1486,2482246,170971,83
India,1970,4826227,1564452,2321373,756921,170729,73793,95144,189070,207749,285117,399344,498791,414944,156360,13722,96696,92374,96437,111312,130454,154663,185514,213830,249371,249420,241799,173145,115442,40918,12176,1546,2492102,168937,87
India,1971,4845984,1573174,2327592,754418,176666,74702,95539,188904,202008,282368,401565,505233,420369,157579,13363,98338,90566,93492,108516,128375,153993,186071,215494,253016,252217,243463,176906,114362,43217,11721,1642,2504258,170241,94
India,1972,4865983,1583325,2339268,755943,180783,76199,96998,191685,197892,279648,401638,507880,423127,157703,13053,101554,90131,91313,106579,126469,153179,185389,216249,253462,254418,240500,182627,111167,46536,11271,1782,2520051,173197,104
India,1973,4862985,1584601,2335319,750718,182468,77377,98921,196211,194679,276476,399790,507247,423413,157860,13111,105595,90616,89670,105009,124517,151959,183642,216148,251611,255636,234964,188449,107835,50025,11169,1942,2517787,176298,119
India,1974,4829236,1574135,2310000,735865,180515,77184,99896,199923,190845,272216,396665,504904,423352,159761,13830,107902,92021,87931,102914,122167,150049,181312,215353,249341,255563,230423,192929,106927,52834,11730,2100,2490515,177080,141
India,1975,4823181,1556432,2283384,726952,180910,78316,101012,204189,188924,270903,398075,507978,428727,165268,15318,109216,94973,87249,101675,121217,149686,181208,216867,250453,257525,230767,197960,109944,55324,13034,2284,2464294,179328,172
India,1976,4833770,1542577,2255354,712777,181484,78946,100877,206279,187053,271144,403432,516716,440023,174643,17601,109040,97239,86646,100407,120921,150223,182934,220498,254812,261904,235981,204042,116871,57772,15105,2496,2436838,179823,217
India,1977,4849341,1515274,2212275,697001,183710,79845,99974,206665,185334,272968,412405,530767,456886,187581,20657,107697,98968,86135,99199,121362,151606,186428,225977,262383,268384,246094,210792,127478,60103,17926,2731,2395985,179819,275
India,1978,4858903,1483986,2158749,674763,183307,79128,97817,205515,183785,275276,422934,547762,477420,202742,24129,105357,100158,85740,98045,121975,153301,190723,232211,271662,276100,259214,218206,140008,62734,21079,3050,2342056,176945,341
India,1979,4883036,1465480,2116236,650756,183860,78307,95337,202364,183442,277242,433382,566349,500221,218497,27395,102488,99876,86356,97086,122254,154988,194953,238429,281285,285064,272976,227245,152032,66465,23884,3511,2300096,173644,403
India,1980,4918805,1457015,2088289,631274,184469,77095,92737,198416,184526,278485,442248,584795,523721,233471,30094,99814,98602,88013,96513,122058,156427,198490,243758,290101,294694,285951,237770,162134,71337,25984,4110,2272758,169832,458
India,1981,4943269,1446496,2062484,615988,184821,75359,90071,194795,185701,278048,447348,600331,545445,246389,31982,97583,97212,89644,96057,120969,157079,200412,246936,296774,303557,296874,248571,169499,76890,27199,4783,2247305,165430,498
India,1982,4950450,1428751,2032645,603894,184889,73301,87659,191655,187043,276191,448925,612798,564840,256896,33086,95864,95791,91390,95653,119074,157117,200733,248192,301195,311603,305208,259632,173947,82949,27602,5484,2217534,160960,524
India,1983,4951016,1413230,2005793,592563,184284,71159,85606,188978,188697,273491,448312,622917,581832,265557,33835,94595,94383,93262,95435,116836,156655,200015,248297,304005,318912,311605,270227,176804,88753,27731,6104,2190077,156765,553
India,1984,4949589,1401438,1981389,579951,183054,69252,83994,186908,190902,270598,446957,631459,596477,273290,34706,93787,93121,94360,96542,114837,155761,198966,247991,306104,325355,317436,279041,180003,93287,28204,6502,2164443,153246,602
India,1985,4941918,1383255,1951513,568258,181754,67789,82821,184886,193425,267899,446075,639282,609187,280763,35860,92964,91922,94616,98809,113306,154593,198017,248058,308151,331131,323336,285851,184365,96398,29183,6677,2133267,150610,666
India,1986,4941241,1370122,1924437,554315,179519,66930,82337,183658,196738,265956,447201,647396,620568,288459,37299,92393,91265,95256,101482,112468,153488,197784,249417,310721,336675,329436,291132,190011,98448,30601,6698,2103956,149267,740
India,1987,4929356,1341187,1881185,539998,176094,66661,82390,183090,200848,264857,450742,656290,630951,296477,38959,92019,91071,96219,104629,112299,152558,198588,252154,314168,342122,336029,294922,196943,99534,32355,6604,2057279,149051,817
India,1988,4922515,1313453,1839567,526114,172264,66630,82796,183357,205620,264954,455783,665631,640410,304125,40493,91944,91413,97458,108162,112885,152069,200082,255701,318192,347439,342769,297641,203975,100150,33993,6500,2011831,149426,877
India,1989,4908795,1283545,1792695,509150,167881,66524,83199,183638,209245,267498,461082,674949,649130,310531,41525,91711,91927,98602,110643,115232,152266,201638,259444,322257,352692,348950,300180,209495,101036,35029,6496,1960576,149723,900
India,1990,4896674,1251319,1744110,492791,163733,66413,83898,186015,213250,273338,466262,684351,657285,315171,41958,92469,93546,100521,112729,119696,153642,203318,262944,326393,357958,354445,302840,212869,102302,35376,6582,1907843,150311,889
India,1991,4887872,1228194,1703408,475214,159737,65801,84123,188348,217401,280749,470135,693284,664476,317659,41889,93123,95225,102498,114903,124911,155838,204720,265415,330366,362918,359161,305315,213987,103672,35176,6713,1863145,149924,858
India,1992,4872221,1204285,1662282,457997,155962,64564,83707,190395,221367,289362,472246,701397,670546,318123,41458,93473,96922,104356,117011,130894,158468,205554,266692,333889,367508,362934,307612,212989,105134,34590,6868,1818244,148271,818
India,1993,4855842,1175397,1617958,442561,152606,63647,83282,193280,226211,299811,474200,709279,676096,317630,41053,94089,99191,106645,119566,137969,161842,206609,267591,337213,372066,366201,309895,211138,106492,34043,7010,1770564,146929,790
India,1994,4836002,1148877,1574148,425271,148090,62073,82381,196389,231156,310832,475713,715891,680531,316981,41022,94752,101637,108994,122162,143907,166925,207898,267815,339862,376029,368937,311594,209648,107333,33924,7098,1722238,144454,788
India,1995,4825481,1122623,1531246,408623,143600,61216,82238,200967,237601,323278,478831,722330,684697,317153,41510,96092,104875,111922,125679,149286,173992,210235,268596,342228,380102,371590,313107,209326,107827,34340,7170,1674846,143454,812
India,1996,4818238,1091530,1484501,392971,139071,61037,82673,206437,245215,336357,483679,728607,688597,318658,42543,97806,108631,115110,130105,155303,181054,213296,270383,344114,384493,373961,314636,210366,108292,35258,7285,1623572,143710,859
India,1997,4814047,1058164,1433652,375488,134080,61624,83619,212284,253968,349836,490260,734984,692646,321988,44176,99706,112578,118577,135391,161735,188101,216883,273377,345700,389284,376180,316466,213036,108952,36699,7477,1567732,145243,929
India,1998,4819954,1026564,1385403,358839,129726,62925,85122,218119,263507,363191,498167,741101,697758,327559,46356,101657,116462,122307,141200,167927,195264,221097,277070,346917,394184,378521,319237,217236,110323,38558,7798,1515129,148047,1016
India,1999,4836945,997410,1342257,344847,126483,64437,86890,223819,273216,373689,509033,746373,704851,335762,49019,103699,120120,126166,147050,173067,200622,228123,280910,347423,398950,381157,323694,222755,113007,40684,8335,1468740,151327,1113
India,2000,4845164,967318,1292956,325638,121473,64922,88089,228292,281744,380922,521316,750233,714782,346997,52210,105502,122790,129808,151936,176323,204599,237550,283766,347256,402977,384521,330261,229693,117304,43125,9085,1414429,153011,1223
India,2001,4869101,940105,1250004,309899,118837,65891,89736,232284,289487,388087,532504,753606,729280,361963,56073,107606,124678,133768,155719,177671,210416,247810,284694,347197,406409,389709,339571,238518,123445,46030,10043,1368841,155627,1352
India,2002,4861382,900885,1193948,293063,114780,64378,89463,231280,292401,391970,538889,754253,747407,380514,60598,107670,123610,135977,156424,175085,216885,257543,281346,346145,408108,396302,351105,249058,131456,49396,11202,1308728,153841,1500
India,2003,4863915,860045,1137706,277661,112067,62918,89426,230467,294865,396645,544833,755624,769820,402287,65591,108321,122146,138353,156512,171545,225100,267908,276925,346030,409594,405090,364730,261459,140828,53149,12442,1249773,152344,1663
India,2004,4885405,826005,1091127,265122,110886,61611,89308,229621,296968,402176,551904,758606,794758,425868,70730,109082,120539,140586,156382,168306,233870,275646,276258,347607,410999,415747,379011,275302,150566,57127,13603,1202013,150919,1837
India,2005,4884690,780794,1028001,247207,106829,59001,87986,228006,297799,407300,560249,763029,819502,449423,75557,109141,118865,141768,156031,165764,241536,280294,279955,350579,412450,427061,392441,289672,159751,60990,14567,1134830,146987,2003
India,2006,4899888,739392,970440,231048,103569,56821,86628,227720,299444,413692,573401,771118,843774,471528,79614,109509,118211,142484,156960,165839,247853,285342,288059,355541,415577,439256,404518,303808,167720,64340,15274,1074009,143449,2141
India,2007,4926303,701243,914835,213592,99188,54818,85309,229546,302464,421547,593785,783096,866301,490569,82597,110566,118980,142761,159703,169838,251709,290789,302996,362072,421024,451860,414441,316715,173854,66876,15721,1014023,140127,2244
India,2008,4960979,667688,865410,197722,94010,52956,83834,232174,305767,429990,620158,798156,885698,505933,84583,111595,120579,142193,163574,176965,253025,296126,324032,369991,428165,463543,422155,327500,178433,68588,15995,959420,136790,2310
India,2009,4993309,636576,819583,183007,88063,51166,82081,234064,308591,438058,646146,818972,900810,517562,85867,111915,122149,140847,167744,185604,252454,300938,345208,382897,436075,472652,428158,335445,182117,69630,16237,907646,133247,2348
India,2010,5007017,601775,770850,169075,81351,49328,80014,233754,310008,444225,669077,843141,910654,525444,86795,110988,122766,139003,171005,193955,250270,305033,364044,399934,443207,478068,432586,340193,185251,70283,16512,852201,129342,2375
India,2011,4998030,568234,725080,156846,74425,47516,77384,229848,308563,446910,689534,863950,914945,529738,87716,108191,121657,136480,172083,199927,246983,308120,381414,416550,447400,479143,435802,341742,187996,70868,16848,799505,124900,2417
India,2012,4953196,534327,679343,145016,67419,45634,74039,221510,302835,444384,703727,878426,913705,530761,88922,103285,118225,133053,169782,201039,243345,309388,394339,432067,446359,475557,438148,340301,190460,71648,17274,746762,119673,2487
India,2013,4888297,502823,637137,134314,61054,43827,70500,210295,294178,437872,711625,888352,909588,530424,90841,97172,113123,129398,164780,197821,240051,309207,402418,446260,442092,469680,439908,337469,192955,73003,17838,698191,114327,2603
India,2014,4805481,463362,586372,123010,54956,41818,66720,197563,284168,429142,714461,897005,905503,531073,93917,90493,107070,125576,158592,192342,236800,307883,406578,454418,442587,464576,440927,335228,195845,75310,18607,641328,108538,2785
India,2015,4755438,436797,549161,112364,49891,40038,63502,186454,276168,421806,716001,909615,905924,535322,98513,84792,101662,122490,153678,187261,234545,306424,409577,458711,450904,463455,442469,335470,199852,78844,19669,599052,103540,3044
India,2016,4746318,413646,516216,102570,45670,38352,61103,178229,271898,417963,718750,930494,913735,545570,104947,80507,97722,120688,151210,184390,233573,305353,413397,464790,465704,468164,445571,339853,205717,83817,21130,561886,99455,3390
India,2017,4791870,385333,479946,94613,42445,37002,59784,174535,273472,419824,725801,965445,931910,564312,113562,78259,96276,120995,152477,185725,234099,305952,419849,474178,491267,480401,451509,350073,214239,90467,23095,522391,96786,3829
India,2018,4892594,363007,449756,86749,39747,35873,59143,174653,279953,426446,736783,1011906,960154,589804,124018,77761,96892,122897,157056,190605,235841,308205,428578,485865,526041,499639,460515,364758,225046,98436,25582,489503,95016,4359
India,2019,5002481,338564,418940,80376,37544,34859,58598,175775,287394,434783,748323,1051731,998763,615774,135048,77795,97980,124916,162478,196187,238596,311184,437139,496146,555585,527444,471319,379502,236272,106605,28443,456484,93457,4951
India,2020,5602755,316785,391303,74518,35396,33302,51614,152719,279295,464528,841208,1244830,1180117,754494,167902,66674,86045,116329,162966,206773,257755,345655,495553,579823,665007,641360,538757,452017,302477,132838,35064,426699,84916,6049
India,2021,7212220,301883,370791,68908,33309,33024,65445,208456,372144,613000,1104598,1617900,1573354,1002978,209904,91811,116645,156725,215419,266474,346526,460488,644110,752836,865064,856265,717089,603642,399336,166639,43265,404100,98469,7315
Indonesia,1950,776531,287571,452026,164455,38989,20452,23397,55611,45889,45587,38164,30898,19576,5558,377,30492,25119,22399,23490,23365,22222,20361,17803,16632,14266,11784,7792,4094,1464,335,42,491015,43849,3
Indonesia,1951,789978,293014,456994,163980,38588,20465,23706,56602,46012,46870,40291,32953,21043,5985,458,30902,25700,22523,23489,23958,22912,21446,18845,17699,15254,12636,8407,4400,1585,382,76,495582,44171,11
Indonesia,1952,790287,295961,455211,159250,37023,19789,23505,56440,45266,47192,41894,34706,22353,6371,520,30645,25795,22315,22951,24043,23149,22220,19674,18585,16121,13383,8970,4680,1691,420,100,492234,43294,20
Indonesia,1953,794926,299027,455846,156819,35705,19191,23431,56606,44894,47618,43712,36687,23828,6813,569,30559,26047,22353,22541,24133,23485,23082,20630,19581,17106,14225,9603,5004,1809,454,115,491551,42622,27
Indonesia,1954,801040,301800,457354,155554,34764,18642,23303,56547,44668,48015,45621,38829,25408,7278,586,30370,26177,22464,22204,24148,23867,23953,21668,20660,18169,15134,10274,5355,1923,475,111,492118,41945,29
Indonesia,1955,804353,303382,457563,154181,33902,18008,22983,56086,44287,48004,47218,40901,26997,7765,607,30029,26057,22485,21802,23870,24134,24578,22640,21693,19208,16048,10949,5724,2041,497,110,491465,40991,28
Indonesia,1956,808305,305579,458790,153211,33337,17409,22516,55333,43914,47784,48611,42995,28655,8298,635,29594,25739,22462,21452,23415,24369,25012,23599,22733,20262,17007,11648,6124,2174,523,112,492127,39925,27
Indonesia,1957,815382,307562,459511,151949,33227,16934,22184,55263,44305,48030,50399,45443,30510,8883,668,29538,25725,22781,21524,23200,24830,25624,24775,23975,21468,18095,12415,6564,2319,554,114,492738,39118,27
Indonesia,1958,833567,309154,459659,150505,33275,16513,22830,60035,47559,49622,52961,48306,32557,9514,703,32057,27978,24745,22814,23791,25831,26665,26296,25466,22840,19303,13254,7035,2479,586,117,492934,39343,27
Indonesia,1959,833663,310656,460104,149448,33536,16129,21797,56990,46387,48640,54065,50623,34472,10156,742,30405,26585,24013,22374,23055,25585,26915,27150,26619,24004,20414,14058,7506,2650,620,122,493640,37926,27
Indonesia,1960,841768,312565,460959,148394,33918,15913,21374,56667,46910,48644,55735,53369,36610,10853,783,30137,26530,24199,22711,22969,25675,27562,28173,28016,25353,21654,14956,8012,2841,656,127,494877,37287,28
Indonesia,1961,845217,313631,460997,147366,34060,15693,20773,55449,46640,47962,56714,55824,38684,11563,830,29362,26087,23914,22726,22662,25300,27931,28783,29233,26591,22830,15854,8520,3043,697,133,495057,36466,28
Indonesia,1962,844210,313851,459837,145986,34354,15660,19843,52213,45335,47036,57481,58381,40855,12302,880,27478,24735,22944,22391,22291,24745,28200,29281,30487,27894,24055,16800,9048,3254,741,139,494191,35503,28
Indonesia,1963,851267,313583,458326,144743,34803,15907,19585,51713,45792,47284,58897,61495,43363,13134,935,27014,24699,22986,22806,22604,24680,28765,30132,32027,29468,25474,17889,9643,3491,791,144,493129,35492,29
Indonesia,1964,854746,312599,455370,142771,34930,16071,19257,50755,45844,47356,59876,64402,45865,13990,999,26332,24423,22837,23007,22851,24505,29033,30843,33394,31008,26881,18984,10255,3735,847,152,490300,35328,31
Indonesia,1965,1202055,337949,521196,183247,50793,24418,39610,126836,99143,82499,90845,89639,59222,16673,1141,64716,62120,51738,47405,41924,40575,44636,46209,47173,42466,35175,24047,12328,4345,968,173,571989,64028,34
Indonesia,1966,932838,309300,455744,146444,43851,24224,25498,62372,58332,55563,66334,72291,51802,15750,1052,31621,30751,29084,29248,27834,27729,31794,34540,37118,35173,30342,21460,11557,4193,923,129,499595,49722,22
Indonesia,1967,851585,301993,436706,134713,35039,16853,19003,46855,44893,48019,61709,71959,53112,16379,1048,24133,22722,22072,22821,23606,24413,28767,32942,36337,35622,31028,22084,12010,4369,944,104,471745,35856,11
Indonesia,1968,851584,296823,428553,131730,34922,17111,19385,46106,44842,48799,62389,74840,56164,17389,1081,23790,22316,22004,22838,24021,24778,28715,33674,37395,37445,32767,23397,12757,4632,988,93,463475,36496,7
Indonesia,1969,846333,291820,419242,127422,34396,17177,19552,44404,43952,49083,62471,77248,59117,18467,1211,23032,21372,21469,22483,24093,24990,28477,33994,38233,39015,34432,24685,13526,4941,1080,131,453638,36729,10
Indonesia,1970,844095,286790,410256,123466,33973,17315,19951,43414,43430,49696,62797,79862,62382,19651,1347,22696,20718,21095,22335,24263,25433,28501,34296,39298,40564,36278,26104,14367,5284,1178,169,444229,37266,18
Indonesia,1971,842888,281010,400535,119525,33616,17486,20471,42924,43134,50534,63336,82565,65883,20904,1468,22655,20269,20796,22338,24483,26051,28789,34547,40553,42012,38263,27620,15258,5646,1272,196,434151,37957,25
Indonesia,1972,836226,275648,391258,115610,32887,17449,20677,41782,41773,50291,62987,84260,69098,22153,1584,22366,19416,19953,21820,24104,26187,28761,34226,41278,42982,40036,29062,16136,6017,1366,218,424145,38126,32
Indonesia,1973,833691,270820,382070,111250,32256,17437,21007,41435,40969,50679,63418,86392,72766,23530,1692,22550,18885,19370,21599,24031,26648,29206,34212,42163,44229,42050,30716,17113,6417,1459,233,414326,38444,36
Indonesia,1974,829228,264439,371528,107089,31388,17311,21283,41284,40109,50956,63957,88261,76359,24948,1804,22827,18457,18782,21327,23925,27031,29736,34221,42810,45451,43955,32404,18117,6831,1556,248,402916,38594,39
Indonesia,1975,828631,259384,362560,103176,30731,17259,21654,41565,39454,51471,65044,90353,80088,26493,1919,23299,18266,18327,21127,23977,27494,30522,34522,43417,46936,45828,34260,19214,7279,1659,260,393291,38913,40
Indonesia,1976,829094,254588,354176,99588,29966,17163,22151,42633,39036,51871,66226,92110,83579,28105,2038,24156,18477,18093,20943,24046,27825,31303,34923,43698,48412,47407,36172,20356,7749,1768,270,384142,39314,41
Indonesia,1977,827719,249637,345470,95833,29129,16966,22374,43069,38188,52086,67670,93728,87054,29783,2163,24563,18506,17651,20537,24034,28052,32133,35537,43882,49846,48911,38143,21546,8237,1880,283,374599,39340,41
Indonesia,1978,826260,245778,338280,92502,28323,16745,22478,43346,37054,51868,68956,94863,90454,31554,2296,24789,18557,17118,19936,23820,28048,32777,36179,43896,50967,50350,40104,22797,8757,2001,295,366603,39223,40
Indonesia,1979,820399,241723,331166,89443,27475,16472,22191,42397,35165,50873,69791,95411,93599,33380,2439,24272,18125,16238,18927,23184,27689,33069,36722,43760,51651,51672,41927,24079,9301,2131,308,358641,38663,40
Indonesia,1980,816005,236991,323440,86449,26508,16105,22034,42348,33911,50103,70794,95984,96796,35349,2598,24225,18123,15752,18159,22646,27457,33343,37451,43856,52128,53162,43634,25459,9890,2272,326,349948,38139,40
Indonesia,1981,813773,231638,315098,83460,25713,15807,22040,42912,33271,49699,72135,96840,100029,37427,2763,24493,18419,15607,17664,22252,27447,33696,38439,44342,52498,54847,45182,26919,10508,2419,344,340811,37847,41
Indonesia,1982,806349,226711,307076,80365,24728,15345,21632,42191,31960,48355,72612,97136,102765,39565,2941,24046,18145,15159,16801,21364,26991,33529,39083,44728,52408,56219,46546,28399,11166,2577,364,331804,36977,41
Indonesia,1983,806778,220183,297426,77243,24107,15101,21659,42774,31985,48413,74638,99147,106351,41993,3140,24285,18489,15408,16577,21133,27280,34125,40513,46118,53029,58001,48350,30086,11907,2754,386,321533,36760,42
Indonesia,1984,797806,212630,286593,73963,23168,14633,21265,42299,31260,47099,75063,100028,108782,44229,3346,23951,18348,15301,15959,20288,26811,33933,41130,46971,53057,58936,49846,31576,12653,2935,411,309761,35898,44
Indonesia,1985,785335,201636,272163,70527,22287,14183,20804,41512,30601,45746,75456,101405,111146,46423,3565,23429,18083,15174,15427,19465,26281,33784,41672,48040,53365,59642,51504,32970,13453,3129,436,294450,34987,46
Indonesia,1986,782322,190754,257436,66682,21748,13968,20792,42139,31231,45789,77443,104798,114388,48748,3799,23652,18487,15656,15575,19352,26437,34498,42945,50079,54719,60719,53669,34406,14342,3338,461,279184,34760,47
Indonesia,1987,781000,183415,245728,62313,21123,13705,20677,42541,31873,45620,79134,108365,117143,51000,4041,23753,18788,16075,15798,19202,26418,35122,44012,52096,56269,61488,55655,35756,15244,3556,485,266851,34382,47
Indonesia,1988,792925,177426,235758,58332,20838,13678,21082,44390,33973,47013,82818,114322,121021,53671,4313,24603,19787,17159,16814,19802,27211,36729,46089,55235,59087,63031,57990,37437,16234,3800,513,256596,34760,47
Indonesia,1989,789391,170362,225013,54651,19975,13329,20773,44127,34434,46358,83740,117937,123070,55992,4597,24354,19773,17351,17083,19546,26812,36952,46788,56952,60985,63686,59384,38856,17136,4053,544,244988,34102,48
Indonesia,1990,783848,162145,213140,50995,18924,12928,20468,44100,35094,45826,84389,121292,124649,58115,4880,24228,19872,17633,17461,19427,26399,36995,47394,58369,62923,64382,60267,40212,17903,4305,575,232064,33396,48
Indonesia,1991,781780,156686,204439,47753,17827,12544,20099,43537,35474,45332,84973,124957,126812,60523,5210,23819,19718,17731,17743,19350,25982,36895,48078,59734,65223,65671,61141,41833,18690,4600,610,222266,32643,49
Indonesia,1992,774015,149396,194269,44873,16751,12172,19530,42052,35129,44438,84664,127821,128780,62800,5560,22938,19114,17432,17697,19146,25292,36300,48364,60544,67277,67083,61697,43323,19477,4912,648,211020,31702,49
Indonesia,1993,780253,142927,185042,42115,15903,11858,19453,42344,36294,45405,86507,133166,132796,65491,5944,22994,19350,17894,18400,19878,25527,36691,49816,62583,70583,69844,62952,45051,20440,5252,692,200945,31311,50
Indonesia,1994,780399,137586,176983,39397,15023,11468,19148,41784,36632,45697,86818,136785,136091,67620,6300,22621,19163,17939,18693,20315,25382,36392,50426,63768,73017,72255,63836,46274,21346,5564,736,192006,30616,51
Indonesia,1995,785387,132633,169607,36974,14258,11080,18996,41670,37397,46725,87665,141078,140473,69734,6649,22480,19190,18180,19217,21071,25654,36407,51258,65394,75684,75266,65207,47392,22342,5861,788,183865,30076,53
Indonesia,1996,799439,128229,162878,34649,13778,10793,19193,42725,39390,49276,89954,146748,146061,71629,6961,22943,19782,19013,20377,22530,26746,37228,52726,67907,78841,78944,67117,48311,23318,6119,842,176656,29986,56
Indonesia,1997,807452,123847,156758,32911,13232,10383,19072,42622,40116,50800,90591,150938,151901,73633,7346,22850,19772,19224,20892,23372,27428,37362,53229,69684,81254,82499,69402,49246,24387,6439,907,169990,29455,60
Indonesia,1998,811301,117658,148763,31105,12623,9931,18851,42345,40640,52419,90818,154380,157505,75237,7724,22660,19685,19334,21306,24135,28284,37425,53393,71135,83245,85746,71759,49973,25264,6758,966,161386,28782,64
Indonesia,1999,831026,111222,140537,29315,12305,9686,19184,44140,43197,56504,93815,160814,165335,77306,8135,23529,20611,20437,22760,26022,30482,38902,54913,74074,86740,90131,75204,51188,26118,7108,1027,152842,28870,67
Indonesia,2000,830874,106479,134079,27600,11739,9219,18608,43063,42747,57543,93200,162607,170546,78911,8541,22971,20092,20084,22663,26338,31205,38842,54358,74481,88126,92617,77929,52165,26746,7464,1077,145818,27827,70
Indonesia,2001,845899,102256,128194,25938,11439,8996,18466,43750,44129,60817,95359,167088,177542,81084,8956,23278,20472,20603,23526,27715,33102,40174,55185,76104,90984,95973,81569,53752,27332,7832,1124,139633,27462,72
Indonesia,2002,837775,97898,122162,24264,10822,8527,17494,41922,42625,60646,93997,166388,181104,82692,9321,22330,19592,19761,22864,27398,33248,40015,53982,74983,91405,97074,84030,55010,27682,8153,1168,132984,26021,73
Indonesia,2003,858355,94007,116884,22877,10630,8387,17409,43123,44480,64537,97731,171140,188571,85669,9720,22876,20247,20528,23952,29024,35513,42429,55302,76536,94604,100465,88106,57367,28302,8496,1224,127514,25796,74
Indonesia,2004,937682,95367,126260,30893,18422,13586,21255,51580,52664,73029,105276,178092,197901,89408,10132,27133,24447,24668,27996,33115,39914,46938,58338,79261,98831,105109,92792,60270,29138,8840,1292,144682,34841,74
Indonesia,2005,882713,88274,108773,20499,9912,7974,16601,42759,45280,68992,103335,175572,200635,92363,10442,22455,20304,20694,24586,30568,38424,46399,56936,77254,98318,105680,94955,62524,29839,9083,1359,118685,24575,75
Indonesia,2006,904867,86416,106229,19813,9858,8044,16659,43366,46732,72520,108219,178697,207291,96418,10753,22542,20824,21309,25423,31928,40592,49307,58912,78376,100321,108936,98355,65549,30869,9321,1432,116087,24703,76
Indonesia,2007,905935,84836,103547,18711,9146,7575,15978,41617,45472,72566,110069,177640,211010,100184,11045,21445,20172,20669,24803,31628,40938,50431,59638,77650,99990,110550,100460,68201,31983,9540,1505,112693,23553,80
Indonesia,2008,927051,81887,99816,17929,8864,7479,15938,42013,46799,75929,116218,180407,217332,104798,11371,21406,20607,21231,25568,32888,43041,53451,62767,79009,101398,113748,103584,71403,33395,9795,1576,108680,23417,85
Indonesia,2009,945880,78803,96108,17305,8663,7403,15899,42291,48042,78997,122445,182578,222538,109124,11698,21337,20954,21778,26264,34028,44969,56325,66120,80379,102199,116241,106297,74262,34862,10062,1636,104771,23302,91
Indonesia,2010,949555,76037,92689,16652,8307,7135,15458,40791,47078,78902,125720,182153,225718,113365,12139,20514,20277,21322,25756,33706,45196,57529,68191,80664,101489,117230,108488,76812,36553,10436,1703,100996,22593,100
Indonesia,2011,966754,74710,90579,15869,8066,6936,15335,40447,47596,80800,131555,184685,230127,117865,12650,20340,20107,21532,26064,34295,46505,59954,71601,82616,102069,118747,111380,79455,38410,10882,1768,98645,22271,111
Indonesia,2012,986192,72337,87586,15249,7940,6778,15319,40323,48404,82987,137888,188552,234557,122472,13259,20329,19994,21877,26527,35011,47976,62565,75323,85546,103006,120085,114472,82075,40397,11417,1842,95526,22097,124
Indonesia,2013,1008007,68397,83096,14699,7852,6642,15393,40364,49439,85523,144813,194109,239267,127387,13981,20387,19977,22310,27129,35911,49612,65402,79411,89660,104449,121480,117787,84874,42513,12055,1926,90948,22035,139
Indonesia,2014,1006057,65012,79056,14044,7546,6354,14895,38500,47773,83955,146512,195812,239676,131110,14713,19552,18948,21467,26306,34991,48964,65605,80907,91850,103962,120475,119201,86797,44313,12702,2011,86602,21249,152
Indonesia,2015,1020071,61667,74960,13293,7348,6199,14731,38174,47998,85206,151598,201526,241548,135130,15492,19449,18725,21430,26568,35365,49841,67450,84148,96039,105487,120586,120962,89095,46035,13389,2103,82308,20930,163
Indonesia,2016,1041290,58705,71297,12592,7221,6114,14651,38357,48596,87184,157788,209423,244362,139725,16402,19564,18793,21499,27097,36111,51073,69771,88017,101116,108307,121517,122845,91877,47848,14184,2218,78518,20765,174
Indonesia,2017,1058873,55658,67516,11858,7057,6021,14437,38303,48688,88421,162951,217564,246289,144092,17352,19564,18739,21301,27387,36561,51860,71586,91365,105847,111717,122244,124045,94530,49562,15007,2345,74573,20458,184
Indonesia,2018,1063213,53295,64757,11462,6968,6005,13995,37102,46989,86781,164028,223447,246379,148186,18380,19047,18055,20340,26649,35735,51046,71396,92632,108734,114713,122080,124299,96864,51322,15884,2496,71725,20000,195
Indonesia,2019,1079578,51154,61775,10621,6561,5804,13720,36800,46743,87718,168202,232820,247979,151940,19313,18895,17905,20035,26708,36083,51635,72775,95427,113174,119646,123252,124727,98997,52943,16665,2648,68336,19524,206
Indonesia,2020,1304473,49139,59205,10066,6349,5731,13406,35923,49175,102338,209318,305257,303473,190465,23597,18376,17547,20272,28903,41568,60770,88650,120668,148005,157252,154221,149252,122098,68367,20451,3146,65554,19137,235
Indonesia,2021,1468811,47227,56804,9577,6151,5861,15153,40778,55701,117759,240948,356003,340850,207842,24714,20661,20117,23057,32644,47503,70256,102314,138634,171654,184349,174855,165995,134348,73494,21418,3296,62955,21014,243
Iran,1950,233398,88653,131881,43228,3936,2588,3680,9623,8442,10383,12524,20151,21058,8347,779,4768,4855,4100,4342,4937,5446,5685,6839,9570,10581,11237,9821,5767,2580,684,95,135817,6268,2
Iran,1951,240135,89936,137263,47327,4071,2588,3730,9811,8701,10567,12605,20111,21275,8637,773,4830,4981,4310,4391,4985,5582,5853,6752,9438,10673,11276,9999,6023,2614,687,86,141334,6318,6
Iran,1952,242518,90412,139142,48730,4176,2538,3722,9819,8904,10595,12693,19915,21322,8903,780,4851,4968,4529,4375,4976,5619,6032,6661,9148,10767,11217,10105,6284,2619,686,94,143318,6260,7
Iran,1953,244526,91095,140564,49469,4353,2525,3728,9824,9162,10603,12871,19657,21302,9147,786,4904,4920,4785,4377,4971,5632,6247,6624,8802,10855,11133,10169,6516,2631,691,95,144917,6253,7
Iran,1954,245052,91675,141300,49625,4589,2455,3642,9663,9281,10471,12977,19253,21238,9377,795,4864,4799,4915,4366,4902,5569,6378,6599,8448,10805,11059,10179,6686,2691,703,92,145889,6097,6
Iran,1955,245503,91762,140924,49162,4943,2451,3604,9671,9553,10484,13210,18937,21277,9632,809,4883,4788,5067,4486,4910,5574,6529,6681,8233,10704,11068,10209,6830,2802,720,89,145867,6055,4
Iran,1956,247031,92279,141398,49119,5268,2504,3572,9700,9814,10510,13502,18644,21405,9890,822,4900,4800,5148,4666,4921,5589,6652,6850,8104,10540,11163,10242,6954,2936,730,92,146666,6076,4
Iran,1957,249140,93012,142116,49104,5671,2682,3593,9826,10135,10568,13848,18277,21495,10101,822,4953,4873,5189,4946,4943,5625,6744,7104,8028,10249,11288,10207,7036,3065,731,91,147787,6275,5
Iran,1958,247548,93347,141783,48436,5610,2590,3400,9575,10102,10367,13912,17686,21416,10263,833,4795,4780,4999,5103,4845,5522,6651,7261,7896,9790,11321,10095,7081,3182,740,93,147393,5990,5
Iran,1959,248026,93681,141934,48253,5727,2712,3348,9489,10201,10377,14115,17388,21440,10421,862,4722,4767,4910,5291,4879,5498,6637,7478,7922,9466,11343,10097,7136,3285,767,95,147661,6060,5
Iran,1960,246846,92586,140664,48078,5775,2879,3329,9344,10209,10418,14233,17211,21347,10525,903,4623,4721,4826,5383,4955,5463,6604,7629,7999,9212,11227,10120,7167,3358,805,98,146439,6208,4
Iran,1961,244928,91013,138504,47491,5813,3027,3343,9212,10205,10556,14318,17196,21200,10601,946,4527,4685,4787,5418,5114,5442,6581,7737,8158,9038,11014,10186,7181,3420,847,99,144317,6370,5
Iran,1962,250534,90677,138201,47524,6648,3725,3757,9796,10892,11404,14993,17875,21459,10779,993,4782,5014,5142,5750,5688,5716,6881,8112,8699,9176,10938,10521,7272,3507,894,99,144849,7482,5
Iran,1963,244068,89456,135037,45581,6108,3427,3577,9232,10390,11302,14589,17776,20889,10713,1026,4474,4758,4944,5446,5778,5524,6673,7916,8813,8963,10393,10496,7187,3526,925,101,141145,7004,5
Iran,1964,243058,88777,133476,44699,6156,3506,3733,9117,10299,11579,14587,18117,20626,10792,1062,4420,4697,4943,5356,5999,5580,6662,7925,9097,9020,10082,10544,7225,3567,956,106,139632,7239,5
Iran,1965,242879,88460,132278,43818,6239,3561,3984,9116,10320,11928,14644,18500,20337,10875,1093,4449,4667,4972,5348,6187,5741,6689,7955,9338,9162,9865,10472,7282,3593,980,113,138517,7545,5
Iran,1966,243213,88129,131080,42951,6293,3631,4251,9183,10394,12321,14771,18999,20128,11035,1123,4542,4641,5011,5383,6316,6005,6748,8023,9561,9438,9771,10357,7406,3629,1005,118,137373,7882,5
Iran,1967,242504,87731,129821,42090,6246,3648,4451,9121,10325,12559,14765,19427,19792,11192,1152,4594,4527,4960,5365,6266,6293,6730,8035,9658,9769,9694,10098,7548,3644,1026,126,136067,8099,5
Iran,1968,247074,87125,129067,41942,6902,4206,5054,9673,10859,13373,15276,20303,19755,11422,1177,4978,4695,5195,5664,6466,6907,6980,8296,9945,10358,9839,9916,7745,3677,1045,132,135969,9260,5
Iran,1969,240285,85377,125368,39991,6238,3766,4823,9318,10302,13103,14996,20354,19368,11449,1195,4923,4395,4878,5424,6140,6963,6874,8122,9796,10558,9813,9555,7748,3701,1060,135,131606,8589,6
Iran,1970,238350,83356,121987,38631,6259,3837,4910,9656,10278,13329,15270,20741,19406,11465,1208,5251,4405,4832,5446,6131,7198,7086,8184,9867,10874,10010,9396,7714,3751,1069,139,128246,8747,6
Iran,1971,234353,80913,117911,36998,6137,3788,4891,9816,10006,13256,15472,20914,19533,11405,1219,5456,4360,4663,5343,6031,7225,7300,8172,9858,11056,10260,9273,7591,3814,1077,142,124048,8679,6
Iran,1972,232119,77883,113371,35488,6371,3997,5085,10287,9993,13386,15988,21194,19916,11303,1222,5810,4477,4620,5373,6103,7283,7744,8244,9951,11243,10676,9240,7412,3891,1078,144,119742,9082,6
Iran,1973,226922,75330,108505,33175,6083,3772,4992,10416,9677,13172,16330,21227,20336,11174,1232,5938,4478,4437,5240,6049,7123,8106,8224,9941,11286,11094,9242,7206,3968,1086,146,114588,8764,7
Iran,1974,224391,73923,105144,31221,6012,3719,5033,10743,9509,13067,16777,21289,20820,11024,1247,6081,4662,4357,5152,6040,7027,8441,8336,9957,11332,11480,9340,7034,3990,1099,148,111156,8752,7
Iran,1975,221635,72737,102222,29485,5907,3652,5006,10848,9244,12873,17144,21305,21279,10882,1265,6018,4830,4252,4992,5954,6919,8623,8521,9956,11349,11769,9510,6920,3962,1117,148,108129,8658,7
Iran,1976,220571,72441,100358,27917,5792,3602,4995,11053,9085,12770,17579,21405,21838,10795,1292,6027,5026,4228,4857,5892,6878,8728,8851,9997,11408,12027,9811,6883,3912,1142,150,106150,8597,7
Iran,1977,219890,71481,98058,26577,5780,3649,5037,11331,9018,12797,18121,21568,22461,10733,1326,6092,5239,4265,4753,5871,6926,8760,9361,10059,11509,12234,10227,6894,3839,1174,152,103838,8686,7
Iran,1978,232673,71546,99038,27492,7088,4733,6025,13503,10152,13942,19751,22577,23646,10845,1364,7192,6311,4949,5203,6393,7549,9272,10479,10572,12005,12710,10936,7052,3793,1211,153,106126,10758,7
Iran,1979,217110,69325,93077,23752,5386,3492,5016,12130,9113,12666,18864,21823,23443,10727,1368,6435,5695,4547,4566,5710,6956,8539,10325,10230,11593,12401,11042,7040,3687,1212,156,98463,8508,7
Iran,1980,229161,67349,89798,22449,5156,3444,6346,18440,12335,14284,20208,22698,24138,10939,1368,9852,8588,6623,5712,6557,7727,9055,11153,10813,11885,12656,11482,7266,3673,1208,160,94954,9790,8
Iran,1981,272048,64671,86106,21435,5328,3804,10513,36659,22014,19591,24133,25306,25724,11484,1373,19645,17014,12660,9354,9363,10228,10993,13140,12437,12869,13461,12263,7741,3743,1208,165,91434,14317,8
Iran,1982,277509,64170,84215,20045,4977,3517,10693,39434,24151,19957,24504,26353,26472,11876,1351,20945,18489,14096,10055,9532,10425,11207,13297,13261,13092,13759,12713,8142,3734,1181,170,89192,14210,8
Iran,1983,273431,62381,81420,19039,4985,3439,10358,38171,24121,19380,24258,27053,26585,12322,1330,20134,18037,14147,9974,9172,10208,11166,13092,13937,13116,13801,12784,8556,3766,1156,174,86405,13797,8
Iran,1984,239289,60131,78330,18199,5008,3207,7395,24619,17178,15427,21749,26456,26000,12605,1311,12867,11752,9723,7455,7040,8387,9895,11854,13695,12761,13439,12561,8798,3807,1136,175,83338,10602,8
Iran,1985,237820,57439,74757,17318,5095,3188,7358,24430,17562,15351,21881,27433,26342,13099,1315,12686,11744,9747,7815,7027,8324,9972,11909,14210,13223,13612,12730,9156,3943,1141,174,79852,10546,8
Iran,1986,235700,54346,70829,16483,5131,3172,7295,24157,17863,15266,22010,28386,26677,13577,1324,12507,11650,9742,8121,7047,8219,10013,11997,14538,13848,13783,12894,9430,4147,1153,171,75960,10467,8
Iran,1987,235513,50888,66481,15593,5387,3314,7365,24213,18480,15504,22488,29650,27190,14097,1335,12525,11688,9914,8566,7263,8241,10193,12295,14823,14827,14036,13154,9671,4426,1167,168,71868,10679,9
Iran,1988,232452,47352,61732,14380,5392,3335,7265,23837,18682,15478,22664,30601,27564,14537,1356,12356,11481,9885,8797,7364,8114,10190,12474,14818,15783,14226,13338,9838,4699,1189,167,67124,10600,9
Iran,1989,197109,44140,57436,13296,5311,3202,4411,10782,10634,11865,20277,29780,27281,14735,1385,5606,5176,5140,5494,5437,6428,8828,11449,13908,15872,14108,13173,9840,4895,1220,165,62747,7613,9
Iran,1990,216683,42650,57843,15193,7823,5067,5712,13114,12867,13885,22202,32225,29062,15417,1458,6843,6271,6285,6582,6620,7265,9694,12508,14888,17337,15238,13824,10236,5181,1289,169,65666,10779,9
Iran,1991,200022,39574,50906,11332,5308,3383,4585,11382,11335,13124,21177,31905,29752,15624,1529,5946,5436,5465,5870,6289,6835,9101,12076,14551,17354,15793,13959,10330,5294,1357,172,56214,7968,9
Iran,1992,201006,36281,46766,10485,5336,3551,4748,11648,11713,13870,21593,32777,31268,16094,1636,6073,5575,5618,6095,6741,7129,9214,12379,14999,17778,16982,14286,10639,5455,1462,174,52102,8299,9
Iran,1993,197281,32695,42487,9792,5050,3533,4702,11167,11375,14038,21396,32915,32454,16420,1737,5816,5351,5403,5972,6853,7185,9044,12352,15177,17738,18021,14433,10848,5572,1558,179,47537,8235,8
Iran,1994,192221,27498,36266,8768,4933,3651,4789,10649,11080,14318,21271,33121,33544,16761,1833,5551,5098,5180,5900,6929,7389,8947,12324,15380,17741,18904,14640,11039,5722,1648,185,41199,8440,9
Iran,1995,188931,23977,31810,7833,4609,3593,4852,10321,10768,14558,21178,33371,34884,17062,1913,5397,4924,4987,5781,6865,7693,8922,12256,15521,17850,19648,15236,11191,5871,1719,194,36419,8445,9
Iran,1996,192475,21261,28146,6885,4114,3536,5222,11312,12325,16058,20751,33324,38758,17063,1852,5748,5564,5785,6540,7526,8532,9117,11634,14754,18570,21916,16842,11245,5818,1659,193,32260,8758,8
Iran,1997,192185,19295,25367,6072,4036,3678,5587,11608,12252,16334,20497,33259,39546,17927,2085,6008,5600,5759,6493,7514,8820,9148,11349,14629,18630,21875,17671,11726,6201,1850,235,29403,9265,10
Iran,1998,192127,18047,23185,5138,3652,3508,5777,11766,11988,16424,20208,33427,41945,18136,2097,6219,5547,5652,6336,7415,9009,9176,11032,14434,18993,22187,19758,11832,6304,1854,243,26837,9285,10
Iran,1999,192304,17252,21757,4505,3360,3438,6028,12167,11861,16493,20244,33430,42570,18747,2199,6570,5597,5630,6231,7379,9114,9415,10829,14243,19187,21979,20591,12320,6427,1934,265,25117,9466,11
Iran,2000,193668,16507,20522,4015,3026,3330,6216,12570,11694,16351,20419,33141,44237,19867,2285,6921,5649,5590,6104,7296,9055,9739,10680,13972,19169,22673,21564,13234,6633,2009,276,23548,9546,12
Iran,2001,197324,15877,19637,3760,2766,3287,6508,13318,11811,16527,21066,33500,45978,20477,2434,7426,5892,5680,6131,7340,9187,10241,10825,13935,19565,23712,22266,13823,6654,2131,303,22403,9795,14
Iran,2002,196454,15054,18434,3380,2414,3112,6478,13580,11482,16082,21033,33119,46819,21446,2440,7625,5955,5542,5940,7090,8992,10357,10676,13403,19716,24291,22528,14784,6662,2135,305,20848,9590,15
Iran,2003,208829,14587,18695,4108,3090,4162,7597,15695,12620,17300,22725,34034,47839,22580,2470,8862,6833,6121,6499,7624,9676,11346,11379,13728,20306,25006,22833,15847,6733,2155,315,21785,11759,16
Iran,2004,196667,13599,16496,2897,1980,2841,6466,14591,11224,15748,21894,32611,47078,23135,2589,8217,6374,5439,5785,6792,8956,10778,11116,13013,19598,24811,22267,16272,6863,2242,347,18476,9307,20
Iran,2005,198077,13133,15817,2684,1610,2488,6187,15495,12265,16362,21259,32015,48009,24060,2491,8321,7174,6229,6036,7142,9220,10579,10680,12189,19826,25424,22585,16845,7215,2155,336,17427,8675,19
Iran,2006,201248,12774,15260,2486,1489,1993,5921,16009,12454,16708,22879,32222,48689,24928,2674,8522,7487,6286,6168,7189,9519,11266,11613,12738,19484,25799,22890,17126,7802,2298,376,16749,7914,23
Iran,2007,201154,12504,14847,2343,1371,1740,5461,15916,12413,15973,23487,32109,49498,25575,2743,8280,7636,6332,6081,6759,9214,11093,12394,12889,19220,26168,23330,17294,8281,2345,398,16218,7201,25
Iran,2008,207162,12192,14445,2253,1563,1716,5971,16778,13190,16263,25225,32781,50158,26115,2930,8667,8111,6660,6530,6882,9381,11601,13624,13620,19161,26392,23766,17344,8771,2489,441,16008,7687,30
Iran,2009,214262,11868,13985,2117,1685,2341,5762,17531,14359,17484,24984,32533,51689,28507,3363,8755,8776,7269,7090,7632,9852,11601,13383,13613,18920,26785,24904,18421,10086,2863,500,15670,8103,35
Iran,2010,221393,11552,13661,2109,1543,1591,5531,18374,15173,17220,27884,35131,52167,29491,3590,8887,9487,8005,7168,7460,9760,12636,15248,15384,19747,26894,25273,18891,10600,3072,518,15204,7122,37
Iran,2011,219865,11416,13484,2068,1444,1384,4956,16591,14842,16484,28006,35888,52849,30126,3775,8010,8581,7952,6890,7363,9121,12740,15266,16050,19838,26823,26026,19302,10824,3242,533,14928,6340,38
Iran,2012,219784,11497,13498,2001,1531,1313,4384,15412,14299,15640,27136,37121,53887,31294,4227,7484,7928,7564,6735,7086,8554,12137,14999,16468,20653,27134,26753,19941,11353,3648,579,15029,5697,42
Iran,2013,223241,11518,13480,1962,1422,1328,3822,14619,14375,16088,28064,39198,54287,32039,4476,6920,7699,7672,6703,7472,8616,12598,15466,17764,21434,27138,27149,20441,11598,3885,591,14902,5150,43
Iran,2014,222777,11479,13410,1931,1554,1358,3350,13375,14022,15103,27493,39664,54846,33705,4848,6379,6996,7350,6672,7131,7972,12053,15440,17707,21957,27335,27511,21604,12101,4213,635,14964,4708,45
Iran,2015,226061,11117,13040,1923,1411,1303,3382,12628,13855,15473,27722,41877,55664,34519,5141,5831,6797,7238,6617,7129,8344,11887,15835,18667,23210,27793,27871,22167,12352,4435,706,14451,4685,50
Iran,2016,227329,10741,12657,1916,1427,1350,3468,11605,13961,15235,26853,42695,56267,36368,5393,5237,6368,7021,6940,6898,8337,11180,15673,18419,24276,28297,27970,23264,13104,4638,755,14084,4818,51
Iran,2017,231699,10311,12205,1894,1501,1388,3454,11160,13542,15750,26698,45115,57551,37469,5805,4892,6268,6755,6787,7005,8745,10659,16039,19057,26058,29259,28292,23938,13531,4914,891,13706,4842,61
Iran,2018,235299,9425,11258,1833,1497,1343,3482,10671,13689,15860,26117,46578,58960,39364,6409,4624,6047,6674,7015,6920,8940,10338,15779,19148,27430,30344,28616,24939,14425,5351,1058,12755,4825,73
Iran,2019,245845,8137,9895,1758,1681,1481,3587,10890,14737,17301,27848,49823,61042,40761,6728,4771,6119,7128,7609,7654,9647,11161,16687,20903,28920,31656,29386,25383,15378,5592,1136,11576,5068,77
Iran,2020,282905,7418,9077,1659,1950,1710,3941,11852,17530,22095,36335,63247,65218,42921,6949,5117,6735,8093,9437,9868,12227,14967,21368,28532,34715,34161,31057,26796,16125,5762,1187,11027,5651,83
Iran,2021,324854,6933,8435,1502,1719,1561,3789,10083,16137,22278,37694,69971,85579,58274,9226,4610,5473,7179,8958,9954,12324,15295,22399,29850,40121,45809,39770,35367,22907,7744,1482,10154,5350,105
Iraq,1950,78128,30054,47884,17830,1909,1079,1334,3344,4037,4894,4908,3679,3470,1462,127,1655,1689,1915,2122,2413,2481,2516,2392,1829,1850,1860,1610,1024,438,113,14,49793,2413,0
Iraq,1951,76251,29658,46354,16696,1872,1064,1311,3238,3877,4800,4986,3745,3413,1460,125,1619,1619,1830,2047,2341,2459,2525,2461,1932,1813,1826,1587,1019,441,112,13,48226,2375,1
Iraq,1952,75496,30071,45718,15647,1832,1060,1298,3178,3752,4729,5066,3876,3389,1469,123,1604,1574,1756,1996,2282,2447,2554,2512,2099,1777,1810,1579,1024,445,110,13,47550,2358,1
Iraq,1953,73975,29491,44560,15069,1775,1031,1267,3087,3589,4593,5084,4018,3360,1474,127,1572,1515,1664,1925,2190,2403,2561,2523,2273,1745,1790,1570,1025,449,111,16,46335,2298,1
Iraq,1954,71834,28072,42649,14577,1734,1007,1246,3019,3443,4471,5114,4204,3333,1484,127,1547,1472,1585,1858,2113,2358,2569,2545,2437,1767,1773,1560,1029,455,113,14,44383,2253,1
Iraq,1955,67729,24769,38628,13859,1695,994,1232,2969,3315,4370,5160,4421,3320,1496,134,1530,1439,1521,1794,2050,2320,2578,2582,2573,1848,1764,1556,1034,462,118,16,40323,2226,1
Iraq,1956,64665,22859,35515,12656,1683,987,1225,2927,3197,4282,5223,4672,3309,1509,137,1512,1415,1468,1729,2000,2282,2590,2633,2685,1987,1756,1553,1038,471,122,15,37198,2212,1
Iraq,1957,59290,19005,30334,11329,1684,960,1204,2850,3038,4144,5237,4907,3275,1519,138,1474,1376,1401,1637,1930,2214,2571,2666,2743,2164,1728,1547,1043,476,124,14,32018,2164,1
Iraq,1958,55915,16948,26818,9870,1714,945,1200,2819,2928,4051,5290,5183,3280,1543,141,1457,1362,1362,1566,1886,2165,2567,2723,2800,2383,1726,1554,1057,486,127,14,28532,2145,1
Iraq,1959,56871,17540,25959,8419,1709,935,1341,3412,3210,4211,5492,5529,3361,1570,146,1774,1638,1541,1669,1977,2234,2644,2848,2908,2621,1788,1573,1072,498,131,15,27668,2276,1
Iraq,1960,54480,17551,25256,7705,1686,917,1185,2729,2714,3835,5328,5665,3432,1577,151,1415,1314,1282,1432,1771,2064,2524,2804,2917,2748,1868,1564,1073,504,135,16,26942,2102,1
Iraq,1961,55594,18198,25579,7381,1590,890,1244,3024,2812,3825,5381,5893,3600,1598,156,1578,1446,1360,1452,1762,2063,2519,2862,3000,2893,2028,1572,1084,514,138,18,27169,2134,1
Iraq,1962,58303,20651,27926,7275,1506,910,1243,3024,2777,3760,5415,6117,3834,1632,163,1586,1438,1355,1422,1713,2047,2505,2910,3101,3016,2255,1579,1105,527,145,18,29432,2153,1
Iraq,1963,60369,21390,29045,7655,1415,950,1291,3194,2855,3777,5506,6370,4130,1671,168,1686,1508,1411,1444,1705,2072,2522,2984,3233,3137,2528,1602,1129,542,149,19,30460,2241,1
Iraq,1964,60811,21162,29360,8198,1389,990,1269,3025,2723,3652,5501,6583,4448,1701,172,1603,1422,1341,1382,1624,2028,2492,3009,3334,3249,2778,1670,1148,553,153,19,30749,2259,1
Iraq,1965,60309,20724,28845,8121,1289,955,1245,3055,2691,3523,5409,6681,4722,1712,175,1626,1429,1338,1353,1559,1964,2430,2979,3369,3312,2951,1771,1154,558,156,19,30134,2200,1
Iraq,1966,60481,20425,28452,8027,1301,963,1255,3078,2690,3467,5411,6881,5065,1734,181,1642,1436,1340,1350,1533,1934,2421,2990,3449,3432,3126,1939,1167,567,161,20,29753,2218,1
Iraq,1967,59249,20174,27984,7810,1350,906,1178,2683,2428,3219,5244,6954,5368,1746,185,1424,1259,1192,1236,1414,1805,2334,2910,3450,3504,3227,2141,1168,578,164,21,29334,2084,1
Iraq,1968,60054,20082,27713,7631,1494,869,1256,2820,2500,3213,5281,7182,5757,1781,190,1494,1326,1230,1270,1425,1788,2353,2928,3530,3652,3358,2399,1188,593,169,21,29207,2125,1
Iraq,1969,60627,19940,27259,7319,1550,813,1332,3048,2618,3217,5286,7352,6107,1850,196,1614,1434,1297,1321,1444,1773,2355,2931,3577,3775,3475,2632,1245,605,174,22,28809,2145,1
Iraq,1970,59791,19745,26874,7129,1601,772,1264,2693,2402,3043,5154,7421,6403,1956,200,1421,1272,1173,1229,1364,1679,2279,2875,3568,3853,3583,2820,1342,614,177,23,28475,2036,1
Iraq,1971,59366,19431,26296,6865,1620,749,1231,2580,2328,2963,5075,7508,6703,2108,204,1364,1216,1134,1194,1332,1631,2225,2850,3569,3939,3713,2990,1483,625,181,23,27916,1980,1
Iraq,1972,59572,19119,25804,6685,1658,791,1215,2631,2346,2953,5044,7613,7005,2299,209,1409,1222,1147,1199,1340,1613,2188,2856,3578,4035,3868,3137,1666,633,186,23,27462,2006,1
Iraq,1973,59417,18797,25265,6468,1631,833,1136,2663,2325,2925,4979,7668,7267,2510,217,1447,1216,1142,1183,1334,1591,2131,2848,3564,4104,4013,3254,1863,647,192,25,26896,1969,1
Iraq,1974,65835,18547,24902,6355,1656,923,1612,5113,3651,3648,5456,8116,7755,2773,224,2828,2285,1923,1728,1745,1903,2353,3103,3771,4345,4291,3464,2082,691,199,25,26558,2535,1
Iraq,1975,65715,18175,24333,6158,1669,980,1535,5094,3626,3629,5391,8173,8046,3008,227,2840,2254,1910,1716,1738,1891,2311,3080,3772,4401,4436,3610,2250,758,202,25,26002,2515,2
Iraq,1976,58624,17662,23429,5767,1581,948,979,2610,2242,2844,4761,7756,8058,3181,230,1447,1163,1104,1138,1300,1544,1997,2764,3533,4223,4399,3659,2347,834,204,26,25010,1927,2
Iraq,1977,58417,17255,22796,5541,1561,958,1006,2573,2220,2833,4690,7783,8340,3415,236,1393,1180,1088,1132,1290,1543,1971,2719,3541,4242,4518,3822,2472,943,209,27,24357,1964,2
Iraq,1978,59141,16932,22257,5325,1619,1006,1133,2627,2317,2936,4729,7912,8690,3664,246,1363,1264,1131,1186,1335,1601,2007,2722,3607,4305,4666,4024,2599,1065,216,30,23876,2139,2
Iraq,1979,59411,16675,21828,5153,1615,1017,1222,2600,2336,2965,4713,7966,8981,3905,265,1298,1302,1136,1200,1342,1623,2015,2698,3627,4339,4777,4204,2727,1178,234,31,23443,2239,2
Iraq,1980,75850,16424,21397,4973,1586,1122,2939,8825,5974,4921,5896,8872,9767,4252,293,4327,4498,3244,2730,2435,2486,2648,3248,4103,4769,5182,4585,2951,1301,262,31,22983,4061,2
Iraq,1981,89627,16287,21107,4820,1645,1267,4568,13672,8932,6550,6895,9634,10452,4575,327,6682,6990,4956,3976,3344,3206,3193,3702,4488,5146,5525,4927,3169,1406,296,31,22752,5835,2
Iraq,1982,89450,16143,20829,4686,1588,1250,4704,13635,8964,6518,6829,9504,10510,4745,365,6932,6703,5034,3930,3337,3181,3187,3642,4386,5118,5503,5007,3281,1464,334,31,22417,5954,2
Iraq,1983,90624,16041,20619,4578,1644,1311,4830,13911,9197,6638,6922,9522,10670,4951,406,7586,6325,5227,3970,3410,3228,3257,3665,4351,5171,5540,5130,3424,1527,373,33,22263,6141,2
Iraq,1984,92348,16129,20630,4501,1693,1364,4994,14358,9487,6801,7050,9545,10823,5155,442,8283,6075,5440,4047,3504,3297,3338,3712,4331,5214,5585,5238,3562,1593,407,35,22323,6358,2
Iraq,1985,92629,16059,20502,4443,1645,1342,5053,14651,9492,6803,7051,9430,10861,5325,475,8790,5861,5473,4019,3507,3296,3348,3703,4261,5169,5576,5285,3665,1660,435,40,22147,6395,2
Iraq,1986,92732,15802,20137,4335,1675,1370,5123,14984,9446,6836,7080,9302,10832,5446,498,9206,5778,5418,4028,3520,3316,3365,3715,4206,5096,5548,5284,3732,1714,454,44,21812,6493,2
Iraq,1987,93493,15817,20109,4292,1657,1361,5209,15565,9352,6860,7133,9219,10884,5616,523,9491,6074,5229,4123,3513,3347,3380,3753,4186,5033,5575,5309,3827,1789,474,49,21766,6570,2
Iraq,1988,115924,17648,24604,6956,2833,2060,7091,21144,11802,8727,8664,10440,11961,6038,558,12528,8616,6307,5495,4488,4239,4149,4515,4835,5605,6198,5763,4115,1923,503,55,27437,9151,2
Iraq,1989,107158,19706,29519,9813,4062,2564,5384,13644,7816,7068,8104,10272,11996,6141,580,7888,5756,3828,3988,3482,3586,3797,4307,4757,5515,6220,5776,4163,1978,520,60,33581,7948,2
Iraq,1990,108645,20028,29844,9816,4128,2600,5473,14285,7846,7190,8249,10264,11948,6215,602,8109,6176,3754,4092,3526,3664,3866,4383,4799,5465,6184,5764,4189,2026,539,63,33972,8073,3
Iraq,1991,85295,17723,24328,6605,2822,1846,3668,9571,5329,5398,6726,8734,10496,5781,592,5352,4219,2502,2827,2583,2815,3101,3625,4074,4660,5361,5135,3847,1934,529,63,27150,5514,3
Iraq,1992,65174,16135,20217,4082,1844,1280,1928,4257,2856,3769,5500,7702,9616,5598,604,2364,1893,1305,1551,1725,2044,2474,3026,3572,4130,4823,4793,3680,1918,540,64,22061,3208,3
Iraq,1993,66721,16343,20463,4120,1923,1337,1973,4376,2957,3946,5699,7922,9752,5735,636,2421,1955,1454,1503,1834,2112,2578,3121,3706,4216,4845,4907,3750,1985,569,67,22386,3310,4
Iraq,1994,70927,16958,21291,4333,2096,1459,2143,4872,3268,4318,6129,8426,10193,6044,687,2678,2194,1714,1554,2037,2281,2789,3340,3970,4456,5034,5159,3939,2105,613,74,23387,3602,4
Iraq,1995,73453,17025,21440,4415,2228,1547,2276,5318,3571,4592,6436,8746,10371,6202,720,2899,2419,1966,1605,2195,2397,2942,3494,4143,4603,5111,5260,4034,2168,642,78,23668,3823,4
Iraq,1996,74544,17037,21406,4369,2288,1581,2297,5418,3728,4712,6627,8972,10449,6315,747,2928,2490,2110,1618,2246,2466,3030,3597,4257,4715,5154,5295,4104,2211,665,82,23694,3878,4
Iraq,1997,78987,17314,21821,4507,2586,1770,2559,6166,4349,5147,7105,9473,10719,6507,781,3298,2868,2458,1891,2405,2742,3253,3852,4500,4973,5321,5398,4239,2268,694,87,24407,4329,5
Iraq,1998,81901,17282,21561,4279,2858,1962,2720,6502,4914,5463,7557,9944,10940,6669,807,3439,3063,2691,2223,2446,3017,3461,4096,4722,5222,5480,5460,4356,2313,717,90,24419,4682,5
Iraq,1999,82683,17403,21695,4292,2853,1944,2718,6516,5134,5435,7695,10143,10982,6735,828,3429,3087,2741,2393,2321,3114,3505,4190,4804,5339,5545,5437,4396,2339,733,95,24548,4662,5
Iraq,2000,82771,17434,21700,4266,2783,1894,2664,6373,5240,5365,7763,10311,11039,6785,846,3343,3030,2734,2506,2213,3152,3507,4256,4875,5436,5611,5428,4415,2370,748,98,24483,4558,5
Iraq,2001,83465,17404,21649,4245,2756,1897,2658,6342,5430,5382,7919,10542,11182,6838,865,3319,3023,2777,2653,2194,3188,3570,4349,4986,5556,5726,5456,4429,2409,763,102,24405,4555,6
Iraq,2002,85609,17283,21508,4225,2854,1997,2761,6592,5810,5606,8280,10925,11473,6919,882,3443,3149,2949,2861,2386,3220,3786,4494,5189,5736,5924,5549,4455,2464,776,106,24362,4758,6
Iraq,2003,101767,17336,21529,4193,2988,2203,4177,12580,9510,7244,9555,11858,12117,7092,905,6599,5981,5122,4388,3497,3747,4513,5042,5704,6154,6324,5793,4546,2546,795,110,24517,6380,6
Iraq,2004,110837,17466,21600,4134,3104,2362,4923,15594,11562,8216,10374,12484,12541,7152,919,8199,7395,6283,5279,4295,3921,4996,5378,6052,6432,6596,5945,4571,2581,806,113,24704,7285,7
Iraq,2005,115662,17390,21491,4101,3295,2541,5244,16546,12468,8877,10964,13069,12986,7240,937,8717,7829,6725,5743,4870,4007,5342,5622,6357,6712,6861,6125,4627,2613,822,115,24786,7785,7
Iraq,2006,131904,17390,21438,4048,3417,2730,6698,22423,16302,10839,12163,13987,13599,7348,951,11854,10569,8887,7415,6235,4604,5981,6182,6846,7141,7215,6384,4712,2636,835,116,24855,9428,7
Iraq,2007,129559,16660,20499,3839,3543,2835,6618,21413,15967,11167,12070,13938,13471,7099,926,11327,10086,8586,7381,6380,4787,5779,6291,6798,7140,7143,6328,4574,2525,814,112,24042,9453,7
Iraq,2008,112626,16174,19848,3674,3725,2899,5048,13956,11647,9882,11047,13541,13234,6886,909,7360,6596,5977,5670,5339,4543,4981,6066,6539,7002,6988,6246,4460,2426,799,110,23573,7947,7
Iraq,2009,101128,16541,20250,3709,3573,2716,3837,8840,8397,8752,10268,13371,13296,6902,917,4652,4188,4082,4315,4478,4274,4357,5911,6386,6985,6992,6304,4484,2418,805,112,23823,6553,7
Iraq,2010,100596,16933,20655,3722,3371,2562,3689,8404,7963,8863,10159,13497,13526,6971,925,4444,3960,3833,4130,4402,4461,4161,5998,6401,7096,7107,6419,4548,2423,811,114,24026,6251,7
Iraq,2011,98337,17351,21010,3659,3019,2297,3392,7723,7256,8676,9871,13476,13645,7039,924,4119,3604,3465,3791,4178,4498,3972,5899,6367,7109,7165,6480,4610,2429,808,116,24029,5689,7
Iraq,2012,98594,17332,21009,3677,2862,2177,3281,7524,6993,8763,9943,13838,14025,7238,934,4046,3478,3326,3667,4153,4610,4156,5787,6609,7229,7379,6646,4765,2473,815,119,23871,5458,7
Iraq,2013,101885,17442,21368,3926,2808,2118,3357,7963,7142,9079,10284,14535,14684,7582,958,4315,3648,3414,3728,4276,4803,4645,5639,7029,7506,7751,6933,5013,2569,834,124,24176,5475,8
Iraq,2014,100353,17130,20823,3693,2584,1957,3093,7266,6581,8885,10298,14916,15116,7847,978,3959,3307,3125,3456,4109,4776,4949,5349,7274,7642,7987,7129,5201,2646,850,128,23407,5050,8
Iraq,2015,96172,16406,20123,3717,2229,1655,2754,6539,5842,8260,9978,14704,15144,7952,982,3566,2973,2792,3050,3729,4531,5004,4974,7195,7509,7986,7158,5269,2683,854,128,22352,4409,8
Iraq,2016,113118,15529,19023,3494,1852,1466,4443,14798,10349,10493,10974,15095,15478,8141,998,8029,6769,5471,4878,5005,5488,5788,5186,7402,7693,8155,7323,5388,2753,868,130,20875,5909,8
Iraq,2017,101697,14788,18124,3336,1691,1279,3391,10652,7740,8900,10532,14623,15451,8296,1014,5748,4904,4014,3726,4070,4830,5449,5083,6920,7703,8067,7384,5464,2832,883,131,19815,4670,9
Iraq,2018,89621,14455,17692,3237,1730,1221,2127,5073,4493,7175,10378,14341,15759,8580,1043,2730,2343,2143,2350,3035,4140,5096,5282,6421,7920,8160,7599,5626,2954,911,132,19422,3348,9
Iraq,2019,92811,14229,17374,3145,1735,1223,2255,5712,4851,7455,11189,14591,16369,8960,1082,3054,2658,2351,2500,3147,4308,5340,5849,6235,8356,8435,7934,5863,3097,947,135,19109,3478,9
Iraq,2020,116310,13895,16845,2950,1716,1243,2365,5931,5646,9792,16160,20823,22312,12125,1340,3146,2785,2631,3015,4021,5771,7457,8703,8672,12151,11671,10641,7840,4285,1184,156,18561,3608,10
Iraq,2021,108431,13582,16426,2844,1627,1201,2110,5340,5012,8870,15274,19288,20847,11206,1220,2823,2517,2356,2656,3593,5277,6910,8364,7883,11405,10869,9978,7381,3825,1077,143,18053,3311,9
Ireland,1950,20061,1676,1995,319,129,89,138,517,603,996,1977,3632,6306,3309,362,259,258,270,333,429,567,880,1097,1514,2118,3095,3211,2359,950,301,61,2124,227,8
Ireland,1951,22621,1719,2063,344,134,78,163,454,632,1044,2132,4049,7277,4110,476,206,248,267,365,446,598,990,1142,1728,2321,3499,3778,2913,1197,393,83,2197,241,8
Ireland,1952,19064,1550,1837,287,129,86,138,320,557,941,1859,3421,5994,3400,378,152,168,247,310,417,524,872,987,1420,2001,2856,3138,2339,1061,316,62,1966,224,5
Ireland,1953,18540,1451,1694,243,104,59,108,294,446,840,1859,3306,5937,3485,398,139,155,204,242,348,492,838,1021,1430,1876,2828,3109,2382,1103,335,63,1798,167,5
Ireland,1954,19322,1420,1652,232,87,67,93,248,439,926,1909,3455,6139,3875,426,118,130,210,229,411,515,881,1028,1505,1950,2954,3185,2661,1214,359,67,1739,160,5
Ireland,1955,19894,1299,1516,217,96,71,98,252,397,806,1942,3664,6249,4333,465,114,138,180,217,327,479,817,1125,1569,2095,3031,3218,2886,1447,391,74,1612,169,6
Ireland,1956,18361,1248,1454,206,92,63,71,238,383,799,1882,3338,5643,3960,436,122,116,148,235,320,479,764,1118,1390,1948,2581,3062,2612,1348,364,72,1546,134,6
Ireland,1957,18392,1181,1366,185,80,74,74,206,336,855,1906,3446,5582,3994,465,92,114,141,195,324,531,714,1192,1436,2010,2533,3049,2604,1390,394,71,1446,148,6
Ireland,1958,18530,1227,1397,170,71,56,90,187,301,757,1891,3430,5626,4196,523,91,96,119,182,315,442,714,1177,1423,2007,2544,3082,2665,1531,441,82,1468,146,5
Ireland,1959,18629,1118,1298,180,71,60,95,217,310,781,1850,3491,5736,4206,512,109,108,121,189,285,496,713,1137,1429,2062,2626,3110,2666,1540,432,80,1369,155,5
Ireland,1960,17503,1024,1197,173,78,61,89,165,282,722,1769,3379,5133,4083,539,69,96,112,170,275,447,743,1026,1518,1861,2415,2718,2540,1543,458,81,1275,150,5
Ireland,1961,18727,985,1149,164,77,59,79,167,300,756,1803,3646,5602,4474,612,83,84,119,181,287,469,794,1009,1625,2021,2735,2867,2809,1665,532,80,1226,138,6
Ireland,1962,18289,1010,1150,140,80,59,93,176,307,729,1818,3623,5303,4358,593,91,85,115,192,258,471,793,1025,1628,1995,2574,2729,2712,1646,509,84,1230,152,6
Ireland,1963,18136,954,1075,121,72,55,91,173,256,703,1841,3649,5463,4157,599,84,89,90,166,277,426,781,1060,1715,1934,2691,2772,2670,1487,519,80,1147,146,7
Ireland,1964,17620,930,1057,127,67,50,99,175,275,754,1902,3637,5112,3888,596,74,101,120,155,304,450,829,1073,1736,1901,2470,2642,2444,1444,519,77,1124,149,7
Ireland,1965,17949,888,1001,113,79,45,95,174,266,700,1902,3751,5280,4018,639,105,69,105,161,301,399,780,1122,1629,2122,2621,2659,2425,1593,549,90,1080,140,5
Ireland,1966,19114,854,978,124,62,58,98,180,251,687,1968,3990,5813,4307,722,94,86,85,166,252,435,825,1143,1615,2375,2759,3054,2548,1759,614,108,1040,156,6
Ireland,1967,16952,828,947,119,71,64,92,207,209,633,1903,3676,4976,3557,616,115,92,85,124,220,413,748,1155,1469,2207,2470,2506,2140,1417,521,95,1018,156,4
Ireland,1968,17964,683,799,116,91,44,107,243,239,739,1861,3944,5338,3879,678,146,97,102,137,274,465,698,1163,1685,2259,2613,2725,2273,1606,571,107,890,151,5
Ireland,1969,18250,705,820,115,62,54,102,195,243,696,1992,4052,5487,3885,659,112,83,92,151,242,454,746,1246,1695,2357,2738,2749,2317,1568,550,109,882,156,5
Ireland,1970,18376,699,807,108,66,64,107,222,233,734,2005,4078,5584,3809,661,125,97,97,136,262,472,758,1247,1759,2319,2850,2734,2292,1517,551,110,873,171,6
Ireland,1971,17283,705,819,114,82,60,106,221,204,684,1867,3814,5223,3574,621,128,93,98,106,240,444,738,1129,1710,2104,2596,2627,2215,1359,521,100,901,166,6
Ireland,1972,18610,696,805,109,98,65,131,275,217,689,1947,4024,5744,3888,724,153,122,87,130,276,413,801,1146,1858,2166,2947,2797,2417,1471,604,120,903,196,6
Ireland,1973,18560,702,834,132,53,42,134,276,264,686,1958,3996,5730,3912,672,157,119,108,156,257,429,791,1167,1793,2203,2949,2781,2454,1458,562,110,887,176,6
Ireland,1974,18810,724,844,120,78,54,116,266,278,671,1933,4165,5753,3968,681,146,120,109,169,266,405,797,1136,1814,2351,3045,2708,2471,1497,574,107,922,170,6
Ireland,1975,18019,654,787,133,62,74,119,293,249,632,1852,4102,5525,3716,608,165,128,102,147,224,408,755,1097,1776,2326,2776,2749,2292,1424,515,93,849,193,7
Ireland,1976,18382,592,695,103,72,55,135,271,242,594,1860,4081,5788,3926,664,144,127,115,127,226,368,733,1127,1700,2381,2787,3001,2417,1509,559,105,767,190,7
Ireland,1977,18183,592,693,101,90,60,121,291,270,577,1803,4177,5606,3807,681,166,125,115,155,208,369,671,1132,1703,2474,2722,2884,2277,1530,561,120,783,181,8
Ireland,1978,18347,573,682,109,68,69,133,313,287,620,1948,4089,5779,3723,630,156,157,147,140,240,380,716,1232,1624,2465,2820,2959,2321,1402,522,108,750,202,6
Ireland,1979,18571,543,645,102,61,65,144,333,307,616,1876,4273,5891,3732,625,175,158,143,164,251,365,707,1169,1713,2560,2906,2985,2298,1434,515,110,706,209,6
Ireland,1980,18112,458,564,106,76,66,130,274,281,592,1878,4107,5723,3749,667,144,130,118,163,236,356,706,1172,1653,2454,2947,2776,2354,1395,558,109,640,196,7
Ireland,1981,17918,410,512,102,63,69,163,314,284,586,1719,3963,5873,3749,621,188,126,134,150,241,345,652,1067,1582,2381,3028,2845,2349,1400,521,100,575,232,7
Ireland,1982,17630,405,500,95,61,41,141,322,328,565,1594,3903,5786,3730,656,179,143,147,181,217,348,621,973,1582,2321,3052,2734,2424,1306,552,104,561,182,8
Ireland,1983,17910,362,459,97,57,44,157,322,290,587,1644,3908,6019,3755,664,188,134,120,170,224,363,604,1040,1691,2217,3191,2828,2443,1312,559,105,516,201,8
Ireland,1984,17376,360,420,60,53,59,138,263,311,573,1535,3777,5854,3751,637,141,122,134,177,213,360,577,958,1620,2157,3036,2818,2476,1275,530,107,473,197,8
Ireland,1985,18068,301,368,67,55,57,117,297,308,553,1522,3919,6314,3911,641,161,136,148,160,214,339,534,988,1638,2281,3213,3101,2445,1466,529,112,423,174,6
Ireland,1986,18157,300,364,64,55,58,139,265,293,538,1469,3922,6393,3998,656,148,117,127,166,220,318,551,918,1575,2347,3114,3279,2459,1539,544,112,419,197,6
Ireland,1987,16855,266,316,50,39,45,127,248,296,539,1445,3583,5939,3675,595,150,98,143,153,228,311,546,899,1431,2152,2775,3164,2263,1412,489,106,355,172,8
Ireland,1988,16847,262,338,76,44,42,145,277,239,540,1358,3663,5876,3737,582,132,145,120,119,215,325,493,865,1407,2256,2803,3073,2294,1443,479,103,382,187,8
Ireland,1989,16923,243,312,69,49,43,115,283,306,569,1325,3530,5936,3800,643,173,110,135,171,255,314,525,800,1327,2203,2718,3218,2435,1365,531,112,361,158,9
Ireland,1990,16694,247,303,56,35,35,109,277,264,583,1263,3399,5751,4008,656,145,132,119,145,262,321,464,799,1356,2043,2643,3108,2564,1444,553,103,338,144,11
Ireland,1991,16442,228,271,43,34,47,131,294,317,576,1242,3266,5670,3928,656,158,136,144,173,219,357,447,795,1309,1957,2666,3004,2525,1403,547,109,305,178,10
Ireland,1992,16362,190,227,37,34,35,128,321,301,578,1206,3059,5634,4164,664,159,162,128,173,205,373,467,739,1159,1900,2709,2925,2750,1414,556,108,261,163,11
Ireland,1993,16878,165,202,37,36,49,122,297,287,586,1289,3173,5731,4364,729,149,148,134,153,227,359,488,801,1241,1932,2796,2935,2848,1516,617,112,238,171,13
Ireland,1994,16216,158,202,44,32,37,101,307,311,579,1200,3042,5471,4226,695,183,124,155,156,227,352,476,724,1237,1805,2644,2827,2739,1487,579,116,234,138,12
Ireland,1995,16903,170,202,32,31,39,125,310,340,579,1283,3000,5751,4479,745,179,131,159,181,235,344,518,765,1188,1812,2743,3008,2850,1629,601,144,233,164,13
Ireland,1996,16512,171,201,30,25,47,122,384,328,601,1250,2962,5272,4515,784,209,175,158,170,239,362,531,719,1157,1805,2432,2840,2766,1749,634,150,226,169,15
Ireland,1997,16287,164,194,30,17,38,138,382,330,580,1303,2811,5370,4372,732,226,156,141,189,224,356,546,757,1110,1701,2464,2906,2634,1738,592,140,211,176,15
Ireland,1998,16370,196,229,33,14,33,148,386,325,637,1338,2817,5252,4438,736,221,165,157,168,274,363,553,785,1108,1709,2313,2939,2650,1788,607,129,243,181,14
Ireland,1999,16778,170,211,41,32,37,141,378,338,665,1342,2762,5421,4602,828,192,186,161,177,246,419,576,766,1095,1667,2357,3064,2666,1936,680,148,243,178,17
Ireland,2000,15995,201,230,29,20,21,146,373,363,636,1393,2609,5028,4384,781,203,170,177,186,283,353,621,772,1065,1544,2250,2778,2582,1802,651,130,250,167,16
Ireland,2001,15520,182,227,45,20,23,129,369,369,616,1334,2638,4601,4280,897,183,186,170,199,257,359,557,777,1066,1572,2042,2559,2484,1796,760,137,247,152,17
Ireland,2002,15233,174,204,30,17,29,117,372,355,647,1442,2435,4462,4276,855,185,187,187,168,271,376,603,839,982,1453,1974,2488,2527,1749,723,132,221,146,16
Ireland,2003,14713,192,218,26,19,28,87,339,336,570,1358,2404,4250,4184,900,179,160,149,187,235,335,532,826,1007,1397,1843,2407,2516,1668,750,150,237,115,18
Ireland,2004,14603,152,180,28,25,16,105,321,363,597,1361,2332,4188,4163,936,165,156,165,198,253,344,536,825,995,1337,1899,2289,2531,1632,777,159,205,121,17
Ireland,2005,14257,109,135,26,16,18,117,354,353,565,1290,2314,3998,4130,955,191,163,184,169,247,318,544,746,1000,1314,1797,2201,2412,1718,785,170,151,135,15
Ireland,2006,14420,156,176,20,23,19,90,346,345,624,1265,2223,4099,4141,1056,182,164,171,174,245,379,531,734,996,1227,1825,2274,2354,1787,856,200,199,109,16
Ireland,2007,14200,127,158,31,8,32,107,338,356,627,1276,2320,3840,4150,974,157,181,168,188,253,374,487,789,1075,1245,1686,2154,2317,1833,770,204,166,139,16
Ireland,2008,14296,165,195,30,19,27,93,309,398,608,1236,2451,3803,4123,1014,144,165,181,217,263,345,489,747,1122,1329,1712,2091,2316,1807,812,202,214,120,20
Ireland,2009,14561,146,179,33,10,17,89,330,443,652,1268,2409,3761,4362,1019,141,189,194,249,274,378,534,734,1110,1299,1666,2095,2396,1966,816,203,189,106,21
Ireland,2010,14199,157,186,29,18,15,71,305,389,633,1203,2390,3604,4221,1141,150,155,170,219,267,366,497,706,1052,1338,1582,2022,2349,1872,919,222,204,86,24
Ireland,2011,14337,151,169,18,16,12,72,287,391,635,1218,2419,3709,4194,1189,134,153,185,206,276,359,503,715,1077,1342,1604,2105,2262,1932,957,232,185,84,25
Ireland,2012,14764,116,140,24,16,19,57,253,385,620,1212,2499,3695,4515,1335,121,132,176,209,255,365,537,675,1070,1429,1592,2103,2423,2092,1080,255,156,76,27
Ireland,2013,14765,142,168,26,16,18,39,216,346,616,1227,2472,3707,4522,1395,100,116,171,175,257,359,508,719,988,1484,1656,2051,2405,2117,1138,257,184,57,29
Ireland,2014,14697,131,154,23,15,19,43,244,323,571,1201,2424,3790,4514,1373,120,124,155,168,248,323,492,709,973,1451,1681,2109,2374,2140,1118,255,169,62,28
Ireland,2015,15056,127,146,19,14,12,52,184,297,556,1179,2371,3962,4697,1553,77,107,126,171,233,323,508,671,949,1422,1771,2191,2472,2225,1247,306,160,64,32
Ireland,2016,15447,109,127,18,7,18,55,174,294,581,1130,2382,4088,4936,1629,82,92,118,176,242,339,455,675,1013,1369,1875,2213,2644,2292,1296,333,134,73,34
Ireland,2017,15269,88,107,19,11,14,48,170,303,565,1160,2266,4115,4882,1597,79,91,116,187,248,317,483,677,934,1332,1890,2225,2576,2306,1255,342,118,62,36
Ireland,2018,15594,86,105,19,11,14,48,169,298,568,1155,2232,4233,5026,1699,80,89,111,187,249,319,481,674,929,1303,1955,2278,2623,2403,1327,372,116,62,39
Ireland,2019,16061,83,100,17,11,14,47,168,291,575,1156,2227,4315,5154,1955,80,88,108,183,252,323,483,673,928,1299,1964,2351,2667,2487,1452,503,111,61,48
Ireland,2020,16704,79,95,16,8,12,39,87,225,488,1073,2326,4505,5514,2242,36,51,80,145,223,265,433,640,984,1342,1980,2525,2895,2619,1574,668,103,51,86
Ireland,2021,18112,76,92,16,7,14,42,150,259,571,1160,2362,4997,5975,2369,72,78,95,164,252,319,483,677,959,1403,2101,2896,2990,2985,1713,656,99,56,113
Isle of Man,1950,445,35,54,19,7,5,5,17,21,33,47,73,108,64,10,7,10,10,11,15,18,22,25,32,41,55,53,43,21,8,2,61,10,0
Isle of Man,1951,424,31,49,18,7,5,5,15,20,31,46,71,106,64,8,5,10,10,10,14,17,21,25,30,41,53,53,43,21,7,1,56,10,0
Isle of Man,1952,402,27,41,14,7,5,5,11,16,28,44,69,104,65,8,5,6,7,9,12,16,20,24,30,39,51,53,41,24,7,1,48,10,0
Isle of Man,1953,389,24,36,12,6,5,5,10,13,26,43,66,102,66,8,5,5,5,8,11,15,20,23,29,37,49,53,41,25,7,1,42,10,0
Isle of Man,1954,398,23,37,14,6,5,5,10,14,26,43,68,103,69,9,5,5,7,7,11,15,20,23,30,38,49,54,44,25,7,2,43,10,0
Isle of Man,1955,387,20,32,12,6,5,5,10,11,24,42,68,103,70,9,5,5,5,6,10,14,20,22,30,38,48,55,44,26,8,1,38,10,0
Isle of Man,1956,399,22,34,12,6,5,5,10,14,24,45,70,104,73,9,5,5,6,8,10,14,20,25,32,38,49,55,46,27,8,1,40,10,0
Isle of Man,1957,401,22,33,11,6,5,5,10,12,24,45,73,104,75,10,5,5,5,7,10,14,20,25,33,40,49,55,47,28,9,1,39,10,0
Isle of Man,1958,403,23,34,11,6,5,5,10,14,22,45,72,104,77,11,5,5,5,9,9,13,20,25,32,40,49,55,49,28,10,1,40,10,0
Isle of Man,1959,397,22,33,11,5,5,5,10,12,21,45,72,103,75,11,5,5,5,7,9,12,20,25,32,40,49,54,47,28,10,1,38,10,0
Isle of Man,1960,418,25,36,11,6,5,5,10,12,23,47,75,110,78,11,5,5,5,7,10,13,21,26,33,42,52,58,50,28,10,1,42,10,0
Isle of Man,1961,429,25,37,12,6,5,5,10,12,23,46,82,113,79,11,5,5,5,7,10,13,20,26,36,46,55,58,51,28,9,2,43,10,0
Isle of Man,1962,421,23,34,11,5,5,5,10,11,23,46,78,111,79,12,5,5,5,6,10,13,19,27,34,44,53,58,51,28,10,2,39,10,0
Isle of Man,1963,440,25,39,14,6,5,5,10,12,22,48,85,112,85,12,5,5,5,7,10,12,20,28,38,47,54,58,54,31,10,2,45,10,0
Isle of Man,1964,428,23,35,12,6,5,5,10,11,21,46,84,111,83,12,5,5,5,6,10,11,19,27,38,46,54,57,52,31,11,1,41,10,0
Isle of Man,1965,432,23,35,12,6,5,5,10,10,21,45,86,110,83,13,5,5,5,5,10,11,18,27,39,47,55,55,51,32,12,1,41,10,0
Isle of Man,1966,432,22,34,12,6,5,5,10,10,20,45,89,110,83,15,5,5,5,5,10,10,18,27,39,50,55,55,50,33,13,2,40,10,0
Isle of Man,1967,429,21,32,11,6,5,5,10,10,19,44,90,114,83,15,5,5,5,5,9,10,18,26,40,50,58,56,49,34,13,2,38,10,0
Isle of Man,1968,445,22,34,12,6,5,5,10,10,19,43,95,117,83,15,5,5,5,5,9,10,17,26,42,53,59,58,49,34,13,2,40,10,0
Isle of Man,1969,463,24,38,14,6,5,5,12,10,21,45,99,123,85,15,7,5,5,5,9,12,17,28,42,57,63,60,51,34,13,2,44,10,0
Isle of Man,1970,470,28,40,12,6,5,5,12,10,21,43,102,125,85,14,7,5,5,5,9,12,16,27,43,59,64,61,51,34,12,2,46,10,0
Isle of Man,1971,478,28,40,12,6,5,5,13,10,21,41,103,130,83,14,8,5,5,5,10,11,16,25,43,60,67,63,50,33,12,2,46,10,0
Isle of Man,1972,499,30,44,14,7,5,5,15,10,21,43,107,139,87,15,8,7,5,5,10,11,17,26,44,63,72,67,52,35,13,2,51,10,0
Isle of Man,1973,484,26,38,12,6,5,5,14,10,20,43,104,140,85,15,7,7,5,5,9,11,18,25,42,62,72,68,50,35,13,2,44,10,0
Isle of Man,1974,503,25,39,14,6,5,5,16,11,21,41,108,147,88,15,7,9,5,6,10,11,18,23,44,64,77,70,53,35,13,2,45,10,0
Isle of Man,1975,492,21,33,12,6,5,5,15,10,21,40,103,147,90,15,6,9,5,5,10,11,17,23,40,63,76,71,55,35,13,2,39,10,0
Isle of Man,1976,496,20,30,10,6,5,5,15,11,20,39,104,151,92,17,5,10,5,6,10,10,17,22,40,64,78,73,55,37,15,2,36,10,0
Isle of Man,1977,503,21,31,10,6,5,5,14,14,20,39,105,156,92,17,5,9,7,7,10,10,17,22,40,65,79,77,55,37,15,2,37,10,0
Isle of Man,1978,505,20,29,9,6,5,5,12,16,20,40,101,162,96,18,5,7,9,7,10,10,17,23,37,64,81,81,60,36,15,3,35,10,0
Isle of Man,1979,506,20,29,9,5,5,5,11,17,20,40,95,165,95,19,5,6,10,7,10,10,17,23,35,60,81,84,60,35,16,3,34,10,0
Isle of Man,1980,507,20,29,9,5,5,5,10,18,20,38,94,168,96,19,5,5,10,8,10,10,16,22,34,60,81,87,61,35,16,3,34,10,0
Isle of Man,1981,501,19,27,8,5,5,5,10,16,20,37,91,166,102,18,5,5,8,8,10,10,15,22,33,58,81,85,67,35,15,3,32,10,0
Isle of Man,1982,508,19,27,8,5,5,5,10,18,20,37,89,169,106,18,5,5,8,10,10,10,15,22,34,55,81,88,69,37,15,3,32,10,0
Isle of Man,1983,502,18,25,7,5,5,5,10,16,20,35,84,169,111,19,5,5,6,10,10,10,14,21,34,50,79,90,71,40,16,3,30,10,0
Isle of Man,1984,505,17,24,7,5,5,5,10,15,20,34,83,167,116,20,5,5,5,10,10,10,14,20,35,48,77,90,76,40,17,3,29,10,0
Isle of Man,1985,517,18,25,7,5,5,5,10,15,21,36,84,171,121,22,5,5,5,10,10,11,15,21,36,48,77,94,79,42,18,4,30,10,0
Isle of Man,1986,507,16,22,6,4,2,5,10,14,20,34,81,167,120,25,5,5,5,9,10,10,15,19,33,48,73,94,77,43,20,5,26,7,0
Isle of Man,1987,506,17,23,6,4,1,5,10,13,20,34,80,164,125,25,5,5,5,8,10,10,15,19,31,49,72,92,78,47,19,6,27,6,0
Isle of Man,1988,503,16,21,5,4,1,5,10,12,20,32,79,155,134,24,5,5,5,7,10,10,14,18,31,48,66,89,84,50,19,5,25,6,0
Isle of Man,1989,516,17,23,6,4,1,5,10,12,20,33,81,153,141,25,5,5,5,7,10,10,15,18,31,50,63,90,87,54,19,6,27,6,0
Isle of Man,1990,508,16,21,5,3,0,5,10,11,20,36,76,149,143,25,5,5,5,6,10,10,16,20,29,47,60,89,88,55,20,5,24,5,1
Isle of Man,1991,513,17,22,5,3,0,5,10,11,20,36,76,149,144,28,5,5,5,6,10,10,16,20,29,47,61,88,89,55,24,4,25,5,1
Isle of Man,1992,496,15,19,4,2,0,4,10,10,20,35,71,142,145,29,5,5,5,5,10,10,15,20,28,43,59,83,88,57,25,4,21,4,1
Isle of Man,1993,500,15,19,4,2,0,4,10,10,21,36,72,141,152,29,5,5,5,5,10,11,16,20,28,44,63,78,89,63,26,3,21,4,1
Isle of Man,1994,486,14,18,4,1,0,4,10,10,22,35,67,133,153,32,5,5,5,5,9,13,15,20,26,41,62,71,86,67,27,5,19,4,1
Isle of Man,1995,484,13,17,4,1,0,4,10,10,20,35,66,130,155,34,5,5,5,5,8,12,15,20,27,39,60,70,86,69,27,7,18,4,1
Isle of Man,1996,480,12,16,4,1,0,4,10,10,20,34,66,130,152,35,5,5,5,5,8,12,15,19,27,39,60,70,85,67,30,5,17,4,1
Isle of Man,1997,491,13,17,4,1,0,4,10,10,20,38,67,132,151,40,5,5,5,5,8,12,19,19,28,39,58,74,83,68,33,7,18,4,1
Isle of Man,1998,448,11,13,2,0,0,3,10,10,15,32,62,121,138,41,5,5,5,5,5,10,15,17,26,36,50,71,73,65,33,8,13,3,1
Isle of Man,1999,481,12,16,4,0,0,3,10,10,20,39,67,129,142,42,5,5,5,5,9,11,19,20,29,38,53,76,74,68,34,8,16,3,1
Isle of Man,2000,461,10,13,3,0,0,3,10,10,17,38,65,122,137,43,5,5,5,5,7,10,18,20,28,37,49,73,70,67,33,10,13,3,1
Isle of Man,2001,431,9,11,2,0,0,2,10,10,14,36,62,112,131,43,5,5,5,5,5,9,16,20,26,36,46,66,68,63,32,11,11,2,1
Isle of Man,2002,451,10,13,3,0,0,2,10,10,16,37,64,115,138,44,5,5,5,5,6,10,17,20,26,38,49,66,74,64,33,11,13,2,1
Isle of Man,2003,414,8,9,1,0,0,2,10,10,13,33,58,104,129,43,5,5,5,5,5,8,13,20,24,34,44,60,72,57,34,9,9,2,1
Isle of Man,2004,420,8,9,1,0,0,1,10,10,14,34,61,103,128,48,5,5,5,5,5,9,14,20,25,36,45,58,73,55,37,11,9,1,2
Isle of Man,2005,411,8,8,0,0,0,1,10,10,13,32,59,99,126,49,5,5,5,5,5,8,13,19,25,34,43,56,71,55,38,11,8,1,2
Isle of Man,2006,386,7,7,0,0,0,0,7,10,12,29,54,94,119,47,3,4,5,5,5,7,12,17,23,31,41,53,64,55,35,12,7,0,2
Isle of Man,2007,378,7,7,0,0,0,0,2,10,12,27,56,92,118,46,0,2,5,5,5,7,11,16,25,31,40,52,60,58,32,14,7,0,2
Isle of Man,2008,422,8,8,0,0,0,2,10,10,14,29,63,104,133,49,5,5,5,5,5,9,12,17,29,34,47,57,65,68,34,15,8,2,2
Isle of Man,2009,422,8,8,0,0,0,2,10,10,15,30,64,106,133,48,5,5,5,5,5,10,13,17,28,36,47,59,66,67,33,15,8,2,2
Isle of Man,2010,421,8,8,0,0,0,1,8,10,14,29,65,105,131,49,5,3,5,5,5,9,13,16,29,36,47,58,65,66,34,15,8,1,3
Isle of Man,2011,419,7,7,0,0,0,1,6,10,14,29,66,107,130,48,5,1,5,5,5,9,13,16,29,37,47,60,66,64,34,14,7,1,3
Isle of Man,2012,424,7,7,0,0,0,1,4,10,13,29,67,107,128,52,4,0,5,5,5,8,13,16,27,40,47,60,67,61,39,13,7,1,3
Isle of Man,2013,429,6,6,0,0,0,0,4,10,13,30,68,111,128,54,4,0,5,5,5,8,14,16,26,42,49,62,67,61,42,12,6,0,3
Isle of Man,2014,408,5,5,0,0,0,0,0,8,12,28,63,106,124,53,0,0,3,5,5,7,13,15,23,40,47,59,66,58,41,12,5,0,3
Isle of Man,2015,454,6,6,0,0,0,0,4,10,13,30,70,119,137,59,4,0,5,5,5,8,14,16,26,44,52,67,71,66,44,15,6,0,3
Isle of Man,2016,418,5,5,0,0,0,0,0,6,11,28,62,110,129,57,0,0,1,5,5,6,13,15,22,40,50,60,67,62,40,17,5,0,3
Isle of Man,2017,422,5,5,0,0,0,0,0,5,12,27,58,114,133,56,0,0,0,5,5,7,12,15,22,36,52,62,70,63,40,16,5,0,3
Isle of Man,2018,427,5,5,0,0,0,0,0,4,12,27,58,117,135,57,0,0,0,4,5,7,12,15,22,36,54,63,70,65,40,17,5,0,3
Isle of Man,2019,431,5,5,0,0,0,0,0,4,11,27,56,119,138,58,0,0,0,4,5,6,12,15,22,34,56,63,72,66,41,17,5,0,4
Isle of Man,2020,449,4,4,0,0,0,0,0,7,11,28,57,125,145,60,0,0,2,5,5,6,12,16,23,34,57,68,76,69,43,17,4,0,4
Isle of Man,2021,461,4,4,0,0,0,0,0,7,11,30,60,131,148,60,0,0,2,5,5,6,13,17,25,35,58,73,79,69,42,18,4,0,4
Israel,1950,4455,789,919,130,41,34,87,225,225,398,565,744,879,282,58,115,110,91,134,183,215,275,290,347,397,483,396,176,106,47,11,960,121,1
Israel,1951,4742,805,947,142,44,34,88,228,225,424,617,802,943,328,64,117,111,95,130,193,231,297,320,371,431,498,445,217,111,54,10,991,122,1
Israel,1952,5029,842,988,146,48,34,87,226,224,449,668,859,990,378,74,116,110,98,126,201,248,315,353,391,468,503,487,263,115,62,12,1036,121,2
Israel,1953,5308,822,975,153,54,35,86,226,229,472,733,932,1045,439,82,116,110,105,124,202,270,336,397,416,516,518,527,315,124,69,13,1029,121,1
Israel,1954,5455,760,912,152,57,36,87,224,226,489,781,985,1077,496,86,116,108,106,120,201,288,351,430,435,550,529,548,360,136,73,13,969,123,1
Israel,1955,5555,766,912,146,61,36,84,216,222,485,807,1016,1084,547,86,111,105,104,118,188,297,352,455,450,566,537,547,391,156,73,13,973,120,1
Israel,1956,5877,781,927,146,63,38,84,215,228,497,868,1095,1145,626,90,112,103,106,122,186,311,378,490,493,602,581,564,438,188,75,15,990,122,1
Israel,1957,6071,769,914,145,65,42,83,211,229,494,911,1151,1187,691,92,110,101,105,124,176,318,399,512,533,618,625,562,471,220,75,17,979,125,1
Israel,1958,6177,777,918,141,64,44,80,205,227,474,929,1191,1212,737,94,107,98,102,125,166,308,413,516,571,620,658,554,488,249,76,18,982,124,1
Israel,1959,6296,760,901,141,65,46,79,197,226,455,958,1236,1251,782,100,103,94,99,127,158,297,431,527,606,630,691,560,503,279,82,18,966,125,1
Israel,1960,6542,765,907,142,64,49,82,197,223,445,993,1316,1320,831,112,103,94,98,125,159,286,454,539,657,659,731,589,521,310,94,18,971,131,1
Israel,1961,6732,739,882,143,64,53,86,196,223,434,1029,1384,1387,865,129,103,93,97,126,160,274,466,563,688,696,760,627,526,339,110,19,946,139,1
Israel,1962,7019,757,900,143,64,55,91,196,222,427,1069,1472,1468,902,146,103,93,97,125,165,262,476,593,722,750,785,683,533,369,126,20,964,146,2
Israel,1963,7394,771,919,148,66,57,104,201,223,428,1117,1585,1572,951,169,106,95,96,127,171,257,479,638,756,829,817,755,550,401,146,23,985,161,2
Israel,1964,7884,813,965,152,70,60,115,207,228,438,1177,1717,1699,1013,192,112,95,99,129,180,258,485,692,805,912,863,836,582,431,168,24,1035,175,2
Israel,1965,8404,845,1003,158,73,64,128,220,235,453,1227,1858,1841,1084,216,121,99,102,133,186,267,480,747,849,1009,927,914,629,455,188,28,1076,192,2
Israel,1966,8929,861,1026,165,77,65,140,236,244,471,1266,2007,1988,1168,240,133,103,106,138,192,279,476,790,916,1091,1005,983,694,474,207,33,1103,205,2
Israel,1967,9411,856,1027,171,80,67,151,255,248,488,1289,2151,2136,1257,263,149,106,107,141,195,293,468,821,987,1164,1098,1038,772,485,226,37,1107,218,2
Israel,1968,10156,926,1105,179,84,70,165,280,258,518,1317,2339,2349,1383,287,169,111,112,146,203,315,472,845,1089,1250,1240,1109,875,508,246,41,1189,235,2
Israel,1969,10795,1001,1186,185,88,74,173,304,264,539,1326,2511,2528,1497,301,186,118,115,149,209,330,476,850,1182,1329,1360,1168,966,531,258,43,1274,247,3
Israel,1970,11427,1115,1309,194,90,78,180,333,271,550,1320,2654,2724,1606,315,205,128,118,153,215,335,488,832,1264,1390,1489,1235,1044,562,266,49,1399,258,3
Israel,1971,11941,1162,1365,203,92,80,184,351,273,557,1312,2791,2904,1711,319,216,135,118,155,217,340,503,809,1312,1479,1586,1318,1104,607,267,52,1457,264,3
Israel,1972,12351,1129,1343,214,92,80,186,377,277,558,1302,2914,3087,1809,321,229,148,122,155,218,340,523,779,1342,1572,1670,1417,1146,663,266,55,1435,266,3
Israel,1973,12869,1195,1417,222,92,83,188,397,277,560,1305,3018,3289,1909,329,236,161,122,155,220,340,542,763,1336,1682,1743,1546,1181,728,271,58,1509,271,4
Israel,1974,13353,1194,1424,230,94,83,193,413,280,564,1314,3120,3505,2017,341,242,171,126,154,223,341,557,757,1322,1798,1832,1673,1224,793,281,60,1518,276,4
Israel,1975,13495,1173,1399,226,93,81,192,417,280,551,1297,3104,3639,2082,355,238,179,130,150,216,335,541,756,1244,1860,1863,1776,1251,831,294,61,1492,273,4
Israel,1976,13769,1132,1359,227,94,81,194,421,285,549,1310,3086,3829,2180,381,236,185,137,148,216,333,536,774,1183,1903,1962,1867,1312,868,320,61,1453,275,4
Israel,1977,13639,1011,1228,217,94,76,187,411,285,531,1294,2968,3922,2233,405,228,183,143,142,208,323,515,779,1089,1879,2016,1906,1361,872,344,61,1322,263,5
Israel,1978,13510,927,1131,204,93,73,181,402,284,509,1269,2818,4005,2304,439,222,180,149,135,199,310,490,779,1014,1804,2083,1922,1435,869,374,65,1224,254,5
Israel,1979,13729,911,1102,191,92,71,179,402,292,502,1260,2735,4187,2423,481,222,180,155,137,195,307,478,782,981,1754,2193,1994,1532,891,411,70,1194,250,5
Israel,1980,13876,887,1070,183,92,69,174,396,298,487,1229,2642,4335,2560,521,220,176,160,138,189,298,472,757,991,1651,2289,2046,1643,917,443,78,1162,243,6
Israel,1981,13792,834,1006,172,87,67,166,384,302,465,1187,2525,4405,2643,550,215,169,159,143,178,287,460,727,1002,1523,2299,2106,1697,946,462,88,1093,233,6
Israel,1982,14527,837,1010,173,88,70,166,393,327,477,1207,2560,4723,2895,605,222,171,168,159,182,295,472,735,1087,1473,2422,2301,1846,1049,499,106,1098,236,7
Israel,1983,14342,836,999,163,81,70,155,378,328,454,1148,2448,4686,2965,616,212,166,164,164,171,283,451,697,1095,1353,2325,2361,1862,1103,498,118,1080,225,9
Israel,1984,14711,792,956,164,79,71,153,379,342,457,1145,2454,4837,3168,656,211,168,168,174,175,282,452,693,1127,1327,2313,2524,1969,1199,520,136,1035,224,11
Israel,1985,14806,763,922,159,76,70,151,373,347,456,1127,2437,4822,3326,687,205,168,166,181,179,277,440,687,1097,1340,2185,2637,2032,1294,539,148,998,221,12
Israel,1986,15764,762,926,164,77,74,157,389,369,482,1185,2611,5025,3688,765,210,179,173,196,199,283,462,723,1142,1469,2170,2855,2249,1439,598,167,1003,231,16
Israel,1987,15781,710,867,157,75,71,159,379,369,492,1170,2646,4889,3841,803,202,177,170,199,215,277,457,713,1110,1536,2009,2880,2344,1497,631,172,942,230,19
Israel,1988,15784,674,822,148,74,69,161,369,369,496,1151,2678,4712,4004,858,195,174,168,201,228,268,453,698,1084,1594,1884,2828,2460,1544,682,176,896,230,21
Israel,1989,15568,687,825,138,70,66,160,359,366,497,1108,2624,4480,4097,892,190,169,167,199,235,262,437,671,1039,1585,1781,2699,2523,1574,713,179,895,226,24
Israel,1990,15436,657,789,132,66,60,156,344,358,507,1066,2550,4319,4235,954,183,161,164,194,242,265,422,644,1017,1533,1791,2528,2613,1622,767,187,855,216,26
Israel,1991,16380,627,765,138,70,64,164,361,379,563,1108,2674,4486,4641,1077,196,165,175,204,265,298,431,677,1071,1603,1972,2514,2836,1805,865,212,835,228,30
Israel,1992,17258,625,763,138,69,64,171,378,394,619,1149,2763,4642,5018,1197,210,168,182,212,281,338,442,707,1111,1652,2184,2458,3026,1992,954,243,832,235,34
Israel,1993,16998,552,684,132,66,63,162,369,387,641,1117,2673,4535,5024,1242,209,160,179,208,283,358,422,695,1071,1602,2241,2294,2951,2073,979,263,750,225,35
Israel,1994,17324,552,678,126,63,63,161,378,393,673,1126,2669,4590,5155,1331,217,161,180,213,291,382,427,699,1067,1602,2316,2274,2943,2212,1042,289,741,224,38
Israel,1995,18007,543,665,122,64,63,159,391,405,718,1168,2739,4803,5335,1452,225,166,182,223,302,416,455,713,1079,1660,2364,2439,2916,2419,1131,321,729,222,43
Israel,1996,17676,514,628,114,61,60,151,386,392,715,1149,2665,4793,5125,1505,220,166,172,220,295,420,476,673,1047,1618,2285,2508,2692,2433,1169,336,689,211,46
Israel,1997,18410,505,616,111,61,60,152,394,399,738,1215,2748,5094,5215,1662,221,173,173,226,300,438,539,676,1086,1662,2332,2762,2627,2588,1285,377,677,212,54
Israel,1998,18753,505,613,108,58,58,152,396,395,755,1249,2762,5277,5182,1794,216,180,169,226,304,451,589,660,1105,1657,2338,2939,2560,2622,1388,406,671,210,62
Israel,1999,18691,486,589,103,55,55,146,388,390,759,1269,2709,5282,5101,1878,208,180,166,224,304,455,618,651,1091,1618,2294,2988,2517,2584,1453,425,644,201,67
Israel,2000,18973,486,588,102,53,52,146,390,389,772,1329,2683,5306,5177,2016,205,185,168,221,310,462,656,673,1087,1596,2314,2992,2661,2516,1557,459,641,198,74
Israel,2001,18931,448,551,103,52,52,143,393,388,770,1382,2616,5239,5176,2088,203,190,172,216,312,458,671,711,1042,1574,2292,2947,2797,2379,1600,488,603,195,81
Israel,2002,19385,468,576,108,52,53,145,413,407,785,1484,2620,5247,5316,2196,212,201,188,219,323,462,691,793,1022,1598,2301,2946,3023,2293,1668,528,628,198,89
Israel,2003,19347,469,570,101,48,49,132,387,393,770,1549,2566,5150,5398,2239,200,187,185,208,314,456,695,854,969,1597,2248,2902,3170,2228,1673,566,618,181,95
Israel,2004,18997,391,485,94,45,45,123,356,377,746,1572,2494,4992,5423,2239,185,171,180,197,301,445,689,883,934,1560,2170,2822,3207,2216,1648,591,530,168,100
Israel,2005,19250,387,475,88,42,42,118,347,378,744,1631,2511,4987,5610,2258,180,167,181,197,295,449,694,937,954,1557,2139,2848,3231,2379,1627,631,517,160,107
Israel,2006,19199,363,455,92,46,43,118,358,394,742,1643,2486,4912,5688,2203,185,173,189,205,290,452,684,959,997,1489,2103,2809,3180,2508,1548,655,501,161,114
Israel,2007,19560,342,421,79,40,37,109,325,383,730,1653,2564,4987,5961,2224,168,157,180,203,279,451,679,974,1107,1457,2148,2839,3214,2747,1530,694,461,146,128
Israel,2008,19464,359,432,73,40,37,105,308,376,708,1643,2557,4896,6025,2199,154,154,171,205,268,440,667,976,1193,1364,2138,2758,3159,2866,1504,695,472,142,137
Israel,2009,19065,331,401,70,36,34,95,289,360,677,1616,2524,4730,5951,2201,144,145,160,200,255,422,650,966,1228,1296,2082,2648,3059,2892,1518,683,437,129,148
Israel,2010,19501,332,401,69,35,33,90,280,360,672,1642,2634,4737,6085,2364,140,140,157,203,256,416,661,981,1315,1319,2095,2642,3122,2963,1676,688,436,123,164
Israel,2011,19941,320,388,68,36,32,86,276,362,674,1670,2781,4738,6189,2521,137,139,155,207,262,412,677,993,1384,1397,2064,2674,3173,3016,1833,688,424,118,181
Israel,2012,20515,329,398,69,34,32,84,270,361,682,1694,2984,4782,6286,2713,134,136,155,206,273,409,692,1002,1429,1555,2032,2750,3221,3065,2009,704,432,116,197
Israel,2013,20308,303,371,68,32,33,81,251,350,668,1659,3101,4628,6139,2792,126,125,151,199,275,393,672,987,1426,1675,1888,2740,3128,3011,2083,709,403,114,204
Israel,2014,20829,305,373,68,31,31,79,252,351,681,1690,3293,4662,6209,2962,125,127,153,198,286,395,674,1016,1474,1819,1865,2797,3150,3059,2193,769,404,110,216
Israel,2015,21956,320,388,68,32,31,78,249,354,710,1763,3574,4871,6486,3195,122,127,153,201,299,411,690,1073,1551,2023,1953,2918,3255,3231,2321,874,420,109,228
Israel,2016,21249,327,391,64,30,30,74,232,332,685,1684,3499,4686,6244,3145,113,119,144,188,288,397,645,1039,1485,2014,1961,2725,3134,3110,2235,910,421,104,221
Israel,2017,21735,312,379,67,31,28,74,222,327,700,1692,3552,4846,6372,3279,108,114,142,185,288,412,638,1054,1488,2064,2173,2673,3218,3154,2270,1009,410,102,234
Israel,2018,22176,306,374,68,31,27,74,216,321,710,1686,3633,4977,6493,3388,104,112,135,186,283,427,631,1055,1512,2121,2412,2565,3316,3177,2310,1078,405,101,246
Israel,2019,22733,355,422,67,30,28,73,208,320,722,1689,3735,5152,6604,3486,100,108,134,186,281,441,632,1057,1547,2188,2616,2536,3389,3215,2353,1133,452,101,267
Israel,2020,24853,330,400,70,29,22,75,216,330,751,1739,4169,6152,7110,3566,106,110,137,193,286,465,659,1080,1650,2519,3202,2950,3861,3249,2398,1168,429,97,293
Israel,2021,25517,315,385,70,30,27,80,224,341,778,1789,4276,6452,7159,3654,111,113,142,199,294,484,692,1097,1725,2551,3339,3113,3804,3355,2460,1194,415,107,321
Italy,1950,233701,32113,40777,8664,2048,1765,2745,7593,7924,15547,24487,38822,55152,33423,3406,3759,3834,2987,4937,6715,8832,10995,13492,17218,21604,27624,27528,22022,11401,3054,352,42825,4510,13
Italy,1951,248577,30799,38919,8120,1932,1809,2647,7325,7822,16170,26113,41928,61608,38427,3865,3460,3865,3057,4765,6858,9312,11840,14273,18230,23698,29826,31782,24816,13611,3461,404,40851,4456,16
Italy,1952,245433,29164,36428,7264,1983,1632,2452,6549,7036,15397,26414,42501,62236,38818,3971,3213,3336,2916,4120,6385,9012,11879,14535,18698,23803,29401,32835,25145,13673,3557,414,38411,4084,18
Italy,1953,244364,26587,32621,6034,1976,1581,2281,6210,6557,15408,26786,43558,63758,39620,3983,3013,3197,3115,3442,6375,9033,12115,14671,19101,24457,30215,33543,25995,13625,3557,426,34597,3862,21
Italy,1954,231475,25848,30760,4912,1766,1484,2368,6303,6523,14786,26658,41451,58708,36674,3970,3018,3285,3473,3050,6100,8686,12000,14658,18312,23139,27987,30721,24145,12529,3549,421,32526,3852,21
Italy,1955,233989,24263,28770,4507,1806,1414,2521,6238,6694,15056,27382,42231,60750,36970,4135,2977,3261,3727,2967,5984,9072,12255,15127,18816,23415,28619,32131,24357,12613,3675,460,30576,3935,22
Italy,1956,260209,23439,27717,4278,1744,1325,2411,5889,6687,15691,30960,47795,69447,45222,5292,2791,3098,3565,3122,6079,9612,13511,17449,21052,26743,33171,36276,29924,15298,4715,577,29461,3736,24
Italy,1957,255501,24562,29118,4556,1734,1478,2480,5972,7145,15081,32015,48372,65679,41693,4709,2866,3106,3576,3569,5566,9515,13783,18232,21293,27079,31836,33843,27762,13931,4176,533,30852,3958,22
Italy,1958,241676,23430,27767,4337,1591,1292,2251,5597,6915,13665,30234,45553,61818,40414,4548,2662,2935,3323,3592,4710,8955,13029,17205,20399,25154,29818,32000,26797,13617,3988,560,29358,3543,29
Italy,1959,240362,22918,26823,3905,1500,1321,2160,5556,7574,13024,30579,45521,61008,40651,4616,2707,2849,3523,4051,4227,8797,13111,17468,20867,24654,29608,31400,27218,13433,4020,596,28323,3481,33
Italy,1960,255143,22000,25644,3644,1367,1352,2137,5530,7425,13505,32381,49189,65593,45439,5544,2704,2826,3285,4140,4301,9204,13850,18531,22676,26513,31346,34247,30123,15316,4822,722,27011,3489,36
Italy,1961,249939,21343,24643,3300,1346,1340,2235,5645,7766,13030,32593,48872,63628,43617,5190,2855,2790,3429,4337,4323,8707,13902,18691,23040,25832,30504,33124,28121,15496,4479,711,25989,3575,35
Italy,1962,270462,21835,25142,3307,1363,1228,2310,5514,7830,13227,35097,53965,69764,49005,5964,2789,2725,3329,4501,4820,8407,14636,20461,25474,28491,33608,36156,31184,17821,5142,822,26505,3538,46
Italy,1963,274761,21617,24675,3058,1329,1140,2564,5872,8169,13347,35642,56090,70748,49070,6063,2919,2953,3434,4735,5566,7781,14965,20677,26531,29559,34079,36669,30811,18259,5272,791,26004,3704,47
Italy,1964,262025,20564,23374,2810,1290,1082,2347,5190,7567,12884,34710,54947,67103,45873,5609,2592,2598,3193,4374,6101,6783,14222,20488,26095,28852,32611,34492,29035,16838,4881,728,24664,3429,48
Italy,1965,274722,19803,22572,2769,1153,1052,2298,4679,7499,13019,35559,59297,70860,50218,6455,2221,2458,2984,4515,6370,6649,14349,21210,27614,31683,34230,36630,31607,18611,5596,859,23725,3350,58
Italy,1966,264453,18936,21412,2476,1176,1006,2244,4525,6732,12603,34134,58261,67747,47969,6582,2152,2373,2744,3988,6062,6541,13258,20876,26975,31286,33127,34620,30619,17350,5735,847,22588,3250,60
Italy,1967,270174,17428,19782,2354,1084,1037,2210,4658,6716,13297,34141,60535,70161,49307,7180,2251,2407,2649,4067,6207,7090,12744,21397,27449,33086,34564,35597,31164,18143,6286,894,20866,3247,66
Italy,1968,282256,17099,19488,2389,1173,1078,2133,4520,6636,14451,33521,64226,74166,52992,7800,2238,2282,2710,3926,6260,8191,11623,21898,29253,34973,36655,37511,33382,19610,6807,993,20661,3211,70
Italy,1969,287882,16188,18394,2206,1167,1056,2209,4630,6668,15868,33473,69667,77622,49832,7225,2365,2265,2743,3925,6488,9380,10843,22630,31748,37919,40074,37548,31167,18665,6303,922,19561,3265,62
Italy,1970,276310,14843,16812,1969,1218,1067,2160,4517,6354,15497,30846,64936,73908,50861,8057,2388,2129,2714,3640,6098,9399,9827,21019,29728,35208,37314,36594,31530,19331,6963,1094,18030,3227,74
Italy,1971,277709,14660,16461,1801,1136,1068,2085,4509,6208,15545,30384,65371,74870,51979,8014,2452,2057,2526,3682,6035,9510,10192,20192,29924,35447,38389,36481,32035,19944,6853,1161,17597,3153,75
Italy,1972,278919,13527,15167,1640,1135,1001,2166,4523,6257,15619,30043,67139,76485,50930,8369,2457,2066,2635,3622,5895,9724,11232,18811,30321,36818,39772,36713,31448,19482,7125,1244,16302,3167,85
Italy,1973,289117,12800,14214,1414,1123,1071,2186,4427,5941,15464,29543,69091,80735,55685,9533,2253,2174,2428,3513,5811,9653,12614,16929,30765,38326,41825,38910,34047,21638,8110,1423,15337,3257,100
Italy,1974,282614,11251,12484,1233,985,951,1986,3954,5670,15394,29277,68648,80428,53388,9347,1984,1970,2305,3365,5625,9769,14098,15179,30229,38419,41854,38574,32627,20761,7926,1421,13469,2937,102
Italy,1975,294684,9619,10843,1224,962,963,2035,4235,5555,15378,30232,72002,86985,55658,9715,2186,2049,2135,3420,5651,9727,15064,15168,30949,41053,44674,42311,34339,21319,8257,1458,11805,2998,119
Italy,1976,292622,8404,9514,1110,890,977,2010,4039,5490,15247,30876,70207,88524,54804,9904,2052,1987,2172,3318,5554,9693,15248,15628,29399,40808,45411,43113,33294,21510,8361,1543,10404,2987,134
Italy,1977,290852,7531,8529,998,875,940,2022,4113,5372,14744,32156,68077,89074,54839,9976,2167,1946,2089,3283,5324,9420,15118,17038,27193,40884,45263,43811,33428,21411,8378,1598,9404,2962,133
Italy,1978,289410,6770,7723,953,822,951,1974,3933,5246,14359,34431,65071,90175,54656,9937,2031,1902,2099,3147,5169,9190,15330,19101,24348,40723,46138,44037,33797,20859,8297,1640,8545,2925,135
Italy,1979,287796,5795,6624,829,722,922,2128,4219,5241,13991,35793,61825,90859,55327,10005,2252,1967,2265,2976,5006,8985,14937,20856,21791,40034,46402,44457,34325,21002,8281,1724,7346,3050,141
Italy,1980,294406,5333,6166,833,802,934,2349,4301,5298,13676,36665,61513,94554,57534,10453,2346,1955,2333,2965,5054,8622,14736,21929,21262,40251,48052,46502,36276,21258,8633,1820,6968,3283,164
Italy,1981,289140,4960,5659,699,636,811,2289,4275,4854,13168,36005,59489,94350,57393,10052,2324,1951,2218,2636,4810,8358,14274,21731,21659,37830,48100,46250,36514,20879,8307,1745,6295,3100,157
Italy,1982,282263,4541,5158,617,599,749,2169,4234,4966,12611,34839,57287,93213,56689,9593,2269,1965,2162,2804,4772,7839,13602,21237,22913,34374,47342,45871,36346,20343,7931,1662,5757,2918,157
Italy,1983,295552,4006,4659,653,506,760,2160,4398,4848,12480,35706,58730,98884,61161,11066,2371,2027,2047,2801,4714,7766,13978,21728,26552,32178,49565,49319,38843,22318,9143,1923,5165,2920,194
Italy,1984,281603,3765,4279,514,483,651,1942,4265,4780,11798,33685,55620,95214,58550,10146,2385,1880,2018,2762,4330,7468,13017,20668,27959,27661,47412,47802,37463,21087,8348,1798,4762,2593,184
Italy,1985,286375,3360,3873,513,430,641,1977,4308,4874,11290,33001,55400,97633,61983,10760,2354,1954,1988,2886,4085,7205,12399,20602,29028,26372,47159,50474,39237,22746,8810,1950,4303,2618,199
Italy,1986,284396,3168,3613,445,368,615,1728,4359,4700,11208,31718,56080,95215,63810,10774,2326,2033,1928,2772,4126,7082,11730,19988,28730,27350,45133,50082,40413,23397,8820,1954,3981,2343,204
Italy,1987,278741,2995,3453,458,381,521,1755,4639,4719,10825,30601,57091,90508,63142,10888,2442,2197,2011,2708,4003,6822,11446,19155,28267,28824,40288,50220,39682,23460,8875,2013,3834,2276,216
Italy,1988,280544,2998,3421,423,334,489,1718,4982,4862,10643,29025,59874,86835,66685,11442,2559,2423,2252,2610,3937,6706,10597,18428,27899,31975,36169,50666,42045,24640,9316,2126,3755,2207,232
Italy,1989,277031,2677,3049,372,288,471,1845,5400,5178,10215,27997,61294,81875,67342,11828,2565,2835,2572,2606,3921,6294,10410,17587,27005,34289,31961,49914,42268,25074,9668,2160,3337,2316,244
Italy,1990,281428,2645,3001,356,300,451,1872,5811,5781,10073,27035,61957,81013,71337,12536,2642,3169,2837,2944,4212,5861,10173,16862,26243,35714,30952,50061,44714,26623,10298,2238,3301,2323,265
Italy,1991,286755,2686,3057,371,338,438,1858,6297,6214,10133,26731,61914,80749,75124,13613,2822,3475,3242,2972,4192,5941,10180,16551,26200,35714,32203,48546,47018,28106,11190,2423,3395,2296,288
Italy,1992,283227,2663,3025,362,281,433,1756,5961,6543,10174,25595,60567,78773,75751,14070,2771,3190,3480,3063,4090,6084,9960,15635,25322,35245,34417,44356,47359,28392,11565,2505,3306,2189,298
Italy,1993,284759,2139,2553,414,304,411,1554,5295,6436,9740,24827,59412,78899,80090,14917,2336,2959,3421,3015,3869,5871,9692,15135,24390,35022,38242,40657,49512,30578,12177,2740,2857,1965,319
Italy,1994,286169,1964,2318,354,272,339,1468,4918,7137,9859,24415,58294,78616,82357,15843,2152,2766,3805,3332,3957,5902,9402,15013,23775,34519,41902,36714,50216,32141,12904,2939,2590,1807,333
Italy,1995,285865,1881,2220,339,277,388,1384,4989,7464,9864,23341,56774,78472,83853,16493,2332,2657,3854,3610,3831,6033,8516,14825,22840,33934,43484,34988,49637,34216,13345,3148,2497,1772,349
Italy,1996,283431,1730,2061,331,238,348,1234,4687,7222,9494,22683,55109,79008,83772,17226,2101,2586,3677,3545,3655,5839,8393,14290,21745,33364,42778,36230,48031,35741,13982,3244,2299,1582,354
Italy,1997,284241,1606,1903,297,234,312,1119,4310,6079,9278,22541,53678,82635,82927,18812,2019,2291,2964,3115,3674,5604,8586,13955,21344,32334,42836,39799,45058,37869,15314,3498,2137,1431,412
Italy,1998,289822,1557,1811,254,200,308,1065,4282,5682,9011,22199,53259,89186,81944,20457,2019,2263,2691,2991,3639,5372,8564,13635,21081,32178,43780,45406,41470,40474,16757,3700,2011,1373,420
Italy,1999,285403,1543,1760,217,169,266,954,3933,5455,8755,21798,51119,90720,78728,21315,1831,2102,2521,2934,3598,5157,8602,13196,20364,30755,42139,48581,37391,41337,17588,3727,1929,1220,426
Italy,2000,280149,1337,1542,205,200,247,922,3881,5305,8487,20669,48648,89982,76994,22822,1710,2171,2324,2981,3444,5043,8560,12109,19651,28997,40516,49466,35573,41421,18831,3991,1742,1169,458
Italy,2001,278350,1368,1610,242,176,246,928,3568,5248,8535,20236,46946,88793,77071,24507,1567,2001,2335,2913,3621,4914,8398,11838,19139,27807,39730,49063,37413,39658,20151,4356,1786,1174,486
Italy,2002,278300,1336,1581,245,225,249,865,3388,4981,8520,19444,45439,88137,78834,26130,1485,1903,2209,2772,3582,4938,7782,11662,18540,26899,39183,48954,41428,37406,21446,4684,1806,1114,504
Italy,2003,285707,1080,1276,196,151,215,799,2832,4564,8185,19633,44993,89292,83911,29295,1232,1600,1884,2680,3383,4802,7622,12011,18384,26609,38865,50427,48456,35455,23992,5303,1427,1014,555
Italy,2004,269751,1165,1355,190,133,203,733,2699,4258,8161,18602,42661,83826,78624,27957,1217,1482,1805,2453,3497,4664,7134,11468,16979,25682,36682,47144,48965,29659,22749,5208,1488,936,538
Italy,2005,277505,1106,1308,202,134,208,680,2597,4096,8013,18649,41590,84551,84446,30593,1138,1459,1764,2332,3402,4611,6937,11712,16236,25354,36410,48141,53162,31284,24433,6160,1442,888,640
Italy,2006,273188,1108,1300,192,143,147,666,2377,4047,8245,18484,40379,81151,85457,30112,1045,1332,1732,2315,3509,4736,6809,11675,15657,24722,34149,47002,52375,33082,23640,6472,1443,813,681
Italy,2007,277492,1020,1197,177,139,185,707,2261,3823,8216,17729,39936,80691,91941,29903,1000,1261,1558,2265,3440,4776,6809,10920,15824,24112,33841,46850,53876,38065,22662,7241,1336,892,760
Italy,2008,280944,1062,1252,190,114,185,675,2028,3686,8177,17441,39531,79936,98179,28897,917,1111,1563,2123,3357,4820,6781,10660,16016,23515,33475,46461,54879,43300,20775,8122,1366,860,845
Italy,2009,283425,1085,1268,183,123,191,625,1933,3395,8069,17170,39314,79844,102816,27738,902,1031,1386,2009,3294,4775,6851,10319,16467,22847,33447,46397,55050,47766,19195,8543,1391,816,939
Italy,2010,281887,1000,1172,172,116,150,548,1707,3212,7817,16689,37912,77891,104904,28714,788,919,1305,1907,3039,4778,6706,9983,16461,21451,33320,44571,55368,49536,19980,8734,1288,698,1057
Italy,2011,285222,930,1095,165,127,171,517,1730,2946,7770,16798,37873,77169,106462,31390,819,911,1161,1785,2924,4846,6803,9995,16320,21553,32765,44404,55864,50598,22680,8710,1222,688,1175
Italy,2012,292478,858,1018,160,104,140,447,1587,2893,7726,16892,37892,77620,110648,34217,746,841,1094,1799,2903,4823,6918,9974,15936,21956,32924,44696,57463,53185,26201,8016,1122,587,1289
Italy,2013,287005,875,1049,174,125,140,418,1452,2649,7377,16849,37018,75056,107894,35611,660,792,1023,1626,2750,4627,6892,9957,14957,22061,31538,43518,55647,52247,28692,6919,1174,558,1363
Italy,2014,287129,761,906,145,109,135,400,1367,2538,7163,16839,37182,73574,107768,37708,631,736,964,1574,2656,4507,7088,9751,14770,22412,30316,43258,55305,52463,31192,6516,1015,535,1440
Italy,2015,304617,756,891,135,103,142,454,1359,2504,7402,17394,38499,75925,115587,42789,640,719,1019,1485,2656,4746,7316,10078,14993,23506,30172,45753,57938,57649,35052,7737,994,596,1568
Italy,2016,294856,720,824,104,116,156,380,1293,2300,6821,17261,37085,72921,111434,42806,600,693,924,1376,2547,4274,7153,10108,14187,22898,28948,43973,54887,56547,34131,8675,940,536,1452
Italy,2017,310456,710,856,146,110,171,466,1485,2403,7235,17568,37219,75788,117963,47816,708,777,976,1427,2679,4556,7277,10291,14827,22392,30421,45367,57636,60327,37274,10542,966,637,1374
Italy,2018,300708,688,831,143,109,125,419,1393,2188,6627,17267,35555,73670,113846,47503,632,761,877,1311,2406,4221,6995,10272,14449,21106,30357,43313,55612,58234,36326,11177,940,544,1176
Italy,2019,293835,554,691,137,83,119,409,1346,2061,6455,17116,34767,72811,111673,45218,627,719,862,1199,2336,4119,6903,10213,14209,20558,30778,42033,56744,54929,33896,11322,774,528,1086
Italy,2020,347816,528,657,129,75,83,361,1359,2146,6555,18993,40554,88840,135322,51815,616,743,891,1255,2309,4246,7363,11630,16862,23692,38627,50213,68783,66539,39592,12223,732,444,1053
Italy,2021,331629,514,636,122,70,74,400,1441,2239,6352,19138,39875,82322,125542,52148,650,791,973,1266,2219,4133,7179,11959,16882,22993,36506,45816,64032,61510,39722,12426,706,474,1395
Jamaica,1950,7817,2220,3029,809,245,147,199,457,539,664,716,803,804,184,29,231,226,241,298,296,368,354,362,346,457,471,333,114,70,24,5,3274,346,0
Jamaica,1951,8086,2353,3174,821,256,150,202,464,529,664,742,803,853,212,41,237,227,237,292,299,365,369,373,355,448,485,368,144,68,31,10,3430,352,2
Jamaica,1952,8091,2319,3115,796,235,139,191,467,515,664,773,812,898,234,42,241,226,232,283,307,357,391,382,378,434,502,396,175,59,32,10,3350,330,3
Jamaica,1953,8071,2316,3099,783,225,135,181,454,491,650,795,814,928,259,38,238,216,224,267,310,340,408,387,400,414,509,419,206,53,30,8,3324,316,2
Jamaica,1954,8018,2329,3095,766,215,131,172,437,459,629,807,819,944,285,26,230,207,211,248,306,323,417,390,418,401,508,436,232,53,24,2,3310,303,1
Jamaica,1955,7962,2324,3077,753,207,127,162,413,429,615,817,833,952,313,16,218,195,198,231,299,316,418,399,433,400,503,449,254,59,16,0,3284,289,1
Jamaica,1956,7909,2316,3053,737,205,123,156,391,402,600,828,852,949,343,7,205,186,186,216,288,312,413,415,445,407,489,460,274,69,6,1,3258,279,0
Jamaica,1957,7634,2303,3029,726,199,118,145,347,348,544,787,840,910,364,1,181,166,161,187,251,293,373,414,430,410,453,457,286,78,1,0,3228,263,0
Jamaica,1958,7487,2297,3006,709,197,113,140,314,310,512,771,853,882,386,2,162,152,143,167,225,287,346,425,425,428,423,459,296,90,2,0,3203,253,0
Jamaica,1959,7419,2230,2921,691,195,111,137,294,292,501,777,892,875,415,4,150,144,133,159,211,290,335,442,437,455,412,463,313,102,4,0,3116,248,0
Jamaica,1960,7400,2241,2911,670,193,107,137,276,271,482,777,926,873,437,6,142,134,124,147,196,286,329,448,451,475,413,460,324,113,6,0,3104,244,0
Jamaica,1961,7389,2139,2790,651,189,103,134,270,263,466,778,972,898,505,15,140,130,121,142,186,280,330,448,476,496,435,463,356,149,15,0,2979,237,0
Jamaica,1962,7436,2015,2641,626,187,103,133,271,264,460,794,1040,940,577,25,144,127,124,140,184,276,347,447,519,521,477,463,391,186,25,0,2828,236,0
Jamaica,1963,7325,1963,2563,600,186,100,127,256,244,420,757,1056,951,622,39,139,117,117,127,170,250,344,413,536,520,506,445,410,212,39,0,2749,227,0
Jamaica,1964,7308,1945,2514,569,183,99,120,247,234,390,737,1086,981,662,56,138,109,113,121,160,230,343,394,553,533,539,442,425,237,55,1,2697,219,0
Jamaica,1965,7379,1908,2454,546,182,100,117,247,231,377,737,1130,1032,701,73,138,109,112,119,156,221,346,391,570,560,574,458,439,262,71,2,2636,217,0
Jamaica,1966,7446,1872,2397,525,180,100,116,247,227,364,739,1170,1092,727,90,137,110,109,118,151,213,342,397,573,597,605,487,444,283,86,4,2577,216,0
Jamaica,1967,7598,1821,2331,510,177,103,117,253,230,364,762,1228,1170,753,108,139,114,108,122,152,212,340,422,574,654,636,534,445,308,101,7,2508,220,0
Jamaica,1968,7878,1764,2259,495,172,105,120,262,243,382,813,1324,1287,787,125,140,122,111,132,159,223,345,468,587,737,684,603,454,333,114,11,2431,225,0
Jamaica,1969,7949,1702,2176,474,169,108,127,272,250,380,819,1350,1357,801,139,142,130,113,137,159,221,331,488,574,776,711,646,457,344,125,14,2345,235,0
Jamaica,1970,7975,1642,2096,454,165,109,131,269,249,374,810,1367,1429,818,153,139,130,113,136,157,217,318,492,570,797,745,684,470,348,135,18,2261,240,0
Jamaica,1971,8055,1584,2018,434,160,110,137,276,252,375,806,1395,1516,845,166,141,135,117,135,160,215,313,493,586,809,797,719,496,349,143,23,2178,247,1
Jamaica,1972,8108,1523,1932,409,156,108,138,274,252,373,779,1394,1592,888,220,140,134,121,131,163,210,305,474,606,788,853,739,534,354,176,44,2088,246,4
Jamaica,1973,8071,1456,1846,390,151,105,139,270,248,364,736,1371,1651,925,257,140,130,123,125,163,201,291,445,622,749,900,751,572,353,197,60,1997,244,8
Jamaica,1974,8065,1391,1760,369,145,105,142,268,247,361,705,1362,1713,965,282,143,125,125,122,164,197,284,421,637,725,939,774,608,357,210,72,1905,247,12
Jamaica,1975,8128,1332,1681,349,140,100,142,264,246,357,687,1379,1794,1020,302,144,120,125,121,161,196,279,408,649,730,975,819,648,372,220,82,1821,242,15
Jamaica,1976,7972,1269,1599,330,134,98,144,260,245,345,646,1338,1796,1043,308,143,117,124,121,154,191,266,380,621,717,949,847,659,384,220,88,1733,242,17
Jamaica,1977,7969,1246,1558,312,128,97,147,271,255,348,628,1325,1808,1074,314,152,119,127,128,152,196,259,369,592,733,914,894,668,406,220,94,1686,244,20
Jamaica,1978,8004,1218,1519,301,124,95,146,277,259,347,613,1322,1832,1122,324,157,120,125,134,147,200,253,360,561,761,878,954,687,435,223,101,1643,241,22
Jamaica,1979,7968,1201,1491,290,118,93,143,278,253,336,589,1298,1839,1173,334,157,121,119,134,140,196,245,344,525,773,847,992,711,462,228,106,1609,236,25
Jamaica,1980,8034,1177,1452,275,114,89,140,280,245,333,579,1292,1886,1249,346,158,122,112,133,139,194,241,338,506,786,853,1033,757,492,238,108,1566,229,26
Jamaica,1981,7942,1157,1423,266,105,84,137,281,238,323,563,1241,1869,1295,349,160,121,107,131,137,186,238,325,480,761,851,1018,792,503,243,106,1528,221,27
Jamaica,1982,7900,1138,1398,260,102,83,135,281,230,314,547,1189,1870,1364,359,159,122,105,125,140,174,235,312,461,728,877,993,848,516,253,106,1500,218,28
Jamaica,1983,8054,1118,1371,253,99,81,137,292,237,325,566,1175,1917,1456,370,163,129,109,128,149,176,250,316,465,710,937,980,921,535,267,103,1470,218,28
Jamaica,1984,8173,1095,1340,245,95,79,141,305,244,341,585,1163,1960,1532,365,167,138,115,129,160,181,263,322,469,694,985,975,975,557,270,95,1435,220,27
Jamaica,1985,8086,1070,1309,239,93,77,138,308,242,339,577,1116,1944,1556,362,166,142,118,124,161,178,259,318,457,659,981,963,983,573,272,90,1402,215,24
Jamaica,1986,8053,1043,1280,237,92,74,138,309,243,345,574,1087,1942,1582,363,164,145,121,122,163,182,255,319,448,639,965,977,980,602,277,86,1372,212,22
Jamaica,1987,7783,1003,1226,223,88,69,129,295,226,325,542,1023,1896,1573,370,158,137,114,112,150,175,232,310,420,603,904,992,939,634,282,88,1314,198,20
Jamaica,1988,7744,968,1187,219,89,69,123,287,229,330,542,1007,1897,1583,381,153,134,117,112,147,183,226,316,415,592,861,1036,909,674,291,90,1276,192,19
Jamaica,1989,7616,930,1135,205,83,64,117,280,228,322,533,977,1871,1590,396,150,130,117,111,138,184,216,317,402,575,815,1056,889,701,304,92,1218,181,18
Jamaica,1990,7629,871,1068,197,81,62,114,278,239,327,542,980,1873,1628,422,148,130,123,116,136,191,221,321,406,574,794,1079,903,725,324,98,1149,176,18
Jamaica,1991,7889,860,1045,185,78,63,115,289,257,344,572,1021,1914,1716,458,153,136,131,126,141,203,239,333,430,591,805,1109,963,753,352,106,1123,178,18
Jamaica,1992,7943,852,1027,175,76,61,113,288,266,350,582,1037,1885,1757,480,150,138,135,131,142,208,252,330,447,590,799,1086,1014,743,374,106,1103,174,19
Jamaica,1993,8124,836,1007,171,75,63,115,297,285,367,616,1087,1894,1817,484,153,144,141,144,151,216,279,337,482,605,820,1074,1091,726,384,100,1082,178,17
Jamaica,1994,8287,809,972,163,73,63,116,307,306,390,659,1139,1896,1869,480,156,151,149,157,167,223,309,350,513,626,839,1057,1149,720,385,95,1045,179,14
Jamaica,1995,8423,775,933,158,71,64,119,314,332,411,705,1184,1899,1906,472,159,155,158,174,182,229,334,371,537,647,853,1046,1178,728,381,91,1004,183,12
Jamaica,1996,8561,708,861,153,70,63,122,320,356,441,764,1239,1918,1939,460,159,161,166,190,200,241,360,404,559,680,872,1046,1184,755,370,90,931,185,10
Jamaica,1997,8737,682,826,144,67,62,125,329,378,472,827,1293,1939,1962,446,163,166,175,203,219,253,381,446,569,724,884,1055,1165,797,355,91,893,187,9
Jamaica,1998,8953,653,788,135,66,62,129,339,406,518,898,1361,1972,1978,430,167,172,188,218,244,274,402,496,583,778,903,1069,1136,842,339,91,854,191,7
Jamaica,1999,9015,605,732,127,65,62,134,346,420,554,936,1399,1979,1963,419,171,175,195,225,262,292,402,534,590,809,910,1069,1096,867,331,88,797,196,6
Jamaica,2000,8999,538,658,120,62,61,135,349,428,594,966,1435,1978,1916,411,173,176,198,230,280,314,402,564,610,825,917,1061,1057,859,327,84,720,196,6
Jamaica,2001,9168,517,633,116,65,63,143,377,458,647,1011,1483,1998,1875,414,189,188,211,247,307,340,414,597,649,834,941,1057,1035,840,335,79,698,206,5
Jamaica,2002,9268,500,605,105,61,60,141,374,470,693,1046,1536,2034,1827,419,188,186,213,257,326,367,428,618,703,833,984,1050,1021,806,347,72,666,201,5
Jamaica,2003,9444,488,586,98,57,59,140,380,490,746,1093,1601,2083,1777,422,191,189,218,272,343,403,454,639,767,834,1036,1047,1012,765,356,66,643,199,4
Jamaica,2004,9589,482,575,93,57,59,144,395,514,801,1127,1660,2105,1723,421,199,196,226,288,362,439,489,638,821,839,1063,1042,996,727,358,63,632,203,4
Jamaica,2005,9502,464,553,89,53,58,140,390,500,807,1123,1693,2097,1668,413,196,194,220,280,356,451,505,618,845,848,1062,1035,975,693,350,63,606,198,3
Jamaica,2006,9417,459,547,88,50,56,136,388,485,813,1121,1727,2077,1615,400,196,192,212,273,350,463,515,606,855,872,1041,1036,949,666,335,65,597,192,3
Jamaica,2007,9142,422,507,85,46,56,131,377,457,781,1092,1720,2029,1558,382,190,187,200,257,334,447,510,582,831,889,987,1042,915,643,315,67,553,187,2
Jamaica,2008,8946,410,491,81,43,54,129,373,435,758,1087,1711,1989,1508,363,187,186,192,243,326,432,517,570,797,914,938,1051,883,625,295,68,534,183,2
Jamaica,2009,8753,398,475,77,41,50,125,359,410,728,1094,1689,1964,1473,346,180,179,182,228,311,417,520,574,753,936,912,1052,865,608,278,68,516,175,2
Jamaica,2010,8575,368,441,73,40,46,122,344,387,692,1104,1658,1950,1452,334,172,172,174,213,294,398,523,581,712,946,910,1040,856,596,269,65,481,168,3
Jamaica,2011,8340,355,425,70,39,44,118,327,366,655,1093,1609,1913,1425,322,162,165,167,199,277,378,519,574,678,931,914,999,848,577,258,64,464,162,3
Jamaica,2012,8003,342,406,64,36,39,109,301,323,584,1037,1535,1882,1430,317,151,150,151,172,242,342,482,555,639,896,930,952,864,566,256,61,442,148,3
Jamaica,2013,8053,323,384,61,34,37,105,291,318,580,1062,1536,1920,1462,316,146,145,149,169,237,343,482,580,648,888,987,933,897,565,256,60,418,142,4
Jamaica,2014,8586,303,361,58,32,35,106,317,361,650,1194,1637,2049,1519,316,156,161,169,192,264,386,535,659,723,914,1086,963,944,575,258,58,393,141,4
Jamaica,2015,9481,296,350,54,32,36,108,347,423,753,1397,1822,2275,1610,325,169,178,198,225,306,447,615,782,846,976,1221,1054,1003,607,266,59,382,144,4
Jamaica,2016,10228,277,328,51,31,36,107,366,475,831,1569,1992,2483,1677,329,177,189,219,256,337,494,678,891,949,1043,1326,1157,1035,642,270,59,359,143,4
Jamaica,2017,10595,254,303,49,29,36,104,372,507,871,1670,2095,2597,1682,323,177,195,232,275,353,518,721,949,1022,1073,1362,1235,1017,665,266,57,332,140,4
Jamaica,2018,10951,239,289,50,30,36,107,415,551,902,1732,2201,2680,1684,319,196,219,252,299,368,534,754,978,1095,1106,1364,1316,996,688,263,56,319,143,3
Jamaica,2019,11202,228,276,48,29,36,102,411,564,915,1779,2336,2732,1701,318,191,220,256,308,376,539,774,1005,1167,1169,1339,1393,999,702,262,56,305,138,3
Jamaica,2020,11322,217,261,44,28,33,99,398,563,916,1789,2453,2741,1713,317,181,217,251,312,380,536,777,1012,1227,1226,1302,1439,1018,695,262,55,289,132,3
Jamaica,2021,13164,210,252,42,26,32,100,407,619,1023,2008,2942,3294,2084,370,177,230,270,349,431,592,862,1146,1464,1478,1542,1752,1263,821,307,63,278,132,4
Japan,1950,479249,75438,118982,43544,10835,5134,10950,36201,27612,35481,52415,75804,71564,31481,2771,19502,16699,12997,14615,16036,19445,23474,28941,35320,40484,39271,32293,21782,9699,2481,290,129817,16084,16
Japan,1951,441729,64496,106439,41943,9209,4618,8924,28437,22608,32385,50344,74584,70979,30447,2738,14851,13586,10592,12016,14432,17953,22488,27856,35045,39539,38936,32043,21062,9385,2456,282,115648,13542,16
Japan,1952,404473,53246,83929,30683,8574,4256,7652,24270,19112,29572,49641,73008,71062,30499,2877,12474,11796,9058,10054,13165,16407,22014,27627,33933,39075,38892,32170,21088,9411,2557,320,92503,11908,17
Japan,1953,409584,48910,74779,25869,8526,3958,7133,23809,17786,27997,51180,76247,79375,35290,3486,12256,11553,8513,9273,12129,15868,22433,28747,35285,40962,42969,36406,24077,11213,3089,397,83305,11091,21
Japan,1954,388751,43098,64084,20986,8665,3807,7024,25015,18199,27948,50882,73941,74414,31391,3362,12691,12324,9099,9100,12078,15870,22334,28548,34118,39823,40870,33544,21564,9827,2959,403,72749,10831,22
Japan,1955,374027,37744,53564,15820,8371,3646,6506,22913,16896,26609,49049,74767,76166,32052,3464,11695,11218,8668,8228,11138,15471,21609,27440,34088,40679,41687,34479,22200,9852,3052,412,61935,10152,22
Japan,1956,390416,37311,51461,14150,7751,3285,6239,22036,17063,26814,51838,79478,83719,36955,3753,11281,10755,8745,8318,11066,15748,22187,29651,36325,43153,44791,38928,25418,11537,3283,470,59212,9524,25
Japan,1957,407000,34470,47246,12776,7138,3343,6471,21589,17611,27216,54520,85563,91889,40183,4199,10988,10601,9466,8145,10976,16240,22378,32142,38944,46619,48856,43033,27587,12596,3661,538,54384,9814,29
Japan,1958,373918,32824,43030,10206,6069,3341,6019,20420,17293,25235,50857,79290,82834,35784,3714,10182,10238,9358,7935,10044,15191,20901,29956,36576,42714,44203,38631,24874,10910,3217,497,49099,9360,30
Japan,1959,377124,30676,40525,9849,5587,3533,6092,19409,17706,24247,51129,79862,86879,38301,3826,9513,9896,9594,8112,9608,14639,20683,30446,36970,42892,46521,40358,26592,11709,3343,483,46112,9625,30
Japan,1960,388567,28436,36949,8513,4687,3310,6326,18865,17806,23991,51889,84306,94280,41804,4322,9151,9714,9263,8543,9537,14454,21231,30658,38979,45327,50206,44074,28961,12843,3780,542,41636,9636,34
Japan,1961,383142,26732,34124,7392,4237,3383,6024,18012,17967,23482,50784,84102,93789,42785,4415,8835,9177,9146,8821,9320,14162,20671,30113,38793,45309,50173,43616,29517,13268,3831,584,38361,9407,37
Japan,1962,392939,24965,31550,6585,3440,3099,5221,16652,18284,23304,50666,88490,101019,46448,4723,8041,8611,9017,9267,9407,13897,21047,29619,40633,47857,53396,47623,32283,14165,4083,640,34990,8320,42
Japan,1963,373204,22608,28447,5839,3242,2709,4984,15574,18647,22798,48450,86431,94900,42612,4372,7563,8011,8813,9834,9460,13338,20126,28324,39841,46590,50307,44593,29733,12879,3788,584,31689,7693,39
Japan,1964,376029,21107,26421,5314,3080,2429,5358,15107,18508,22499,48259,87219,97993,44481,4636,7504,7603,8472,10036,9872,12627,19847,28412,39864,47355,51083,46910,31074,13407,3999,637,29501,7787,42
Japan,1965,392640,20567,25742,5175,2826,2208,5199,13945,18650,23103,48512,91647,106145,49420,5193,6995,6950,8548,10102,10263,12840,19816,28696,41290,50357,54598,51547,34235,15185,4456,737,28568,7407,50
Japan,1966,374983,14364,19259,4895,2795,2023,5622,13835,18805,23241,47434,88741,102249,45967,4957,6683,7152,8295,10510,10905,12336,19010,28424,39523,49218,53059,49190,31651,14316,4231,726,22054,7645,52
Japan,1967,380665,18222,22602,4380,2470,1955,5335,13550,18296,23526,46515,88266,104297,48604,5197,6582,6968,7995,10301,11494,12032,18300,28215,38051,50215,53653,50644,33259,15345,4445,752,25072,7290,56
Japan,1968,387306,17026,21313,4287,2437,1649,5002,13380,17719,24424,46240,89042,108304,52042,5690,6563,6817,7539,10180,12045,12379,17932,28308,38142,50900,56112,52192,35609,16433,4864,826,23750,6651,64
Japan,1969,394224,15580,19871,4291,2566,1674,5057,14027,18253,25893,45202,90918,111240,53725,5731,7075,6952,7616,10637,12953,12940,17368,27834,38549,52369,58016,53224,37124,16601,4890,841,22437,6731,66
Japan,1970,404046,15270,19598,4328,2442,1662,4938,14033,18072,27220,44906,92832,115604,56554,6108,7156,6877,7451,10621,13407,13813,17409,27497,39087,53745,60483,55121,38880,17674,5186,922,22040,6600,73
Japan,1971,388779,14773,18893,4120,2269,1449,4920,13271,17360,27484,42266,86889,111343,56477,6080,7048,6223,7141,10219,13408,14076,16475,25791,37248,49641,57713,53630,39133,17344,5161,919,21162,6369,72
Japan,1972,388693,14151,18497,4346,2277,1482,4414,13299,16627,29019,41157,84358,112959,58032,6491,6921,6378,6905,9722,13771,15248,16384,24773,36672,47686,58628,54331,39925,18107,5486,1005,20774,5896,77
Japan,1973,396629,13962,18395,4433,2257,1403,4183,12308,16231,29663,40562,83752,117654,62641,7488,6291,6017,6742,9489,13617,16046,16687,23875,36060,47692,59833,57821,42614,20027,6322,1166,20652,5586,91
Japan,1974,394973,12807,16868,4061,2008,1264,3663,11104,15561,30114,39877,83043,118931,64541,7895,5269,5835,6579,8982,13604,16510,17014,22863,35328,47715,60141,58790,42916,21625,6678,1217,18876,4927,98
Japan,1975,391157,10968,14896,3928,1997,1286,3486,10628,14659,30319,40032,80885,118506,66255,8105,4832,5796,6399,8260,13167,17152,17601,22431,33736,47149,59609,58897,43900,22355,6861,1244,16893,4772,102
Japan,1976,392400,9868,13416,3548,1858,1221,3292,10063,13794,30356,40487,79962,119492,69695,8652,4417,5646,5860,7934,12939,17417,18661,21826,33094,46868,58583,60909,45868,23827,7312,1340,15274,4513,109
Japan,1977,385924,9014,12281,3267,1870,1095,3032,9524,13371,30185,41002,77871,117847,69000,8733,4067,5457,5636,7735,12321,17864,19816,21186,31949,45922,56565,61282,45472,23528,7354,1379,14151,4127,111
Japan,1978,389826,8215,11293,3078,1888,1098,3311,8638,13260,29436,42555,76095,119844,72587,9699,3788,4850,5778,7482,11968,17468,20874,21681,30504,45591,56551,63293,47679,24908,8184,1515,13181,4409,122
Japan,1979,387594,7356,10076,2720,1749,1034,3203,7989,13133,29039,44212,73456,119452,73747,10366,3577,4412,5739,7394,11102,17937,21821,22391,29296,44160,56464,62988,48816,24931,8722,1644,11825,4237,136
Japan,1980,406566,6688,9281,2593,1753,1026,3026,7578,13343,28553,46787,74778,125921,82137,12223,3499,4079,5873,7470,10699,17854,22912,23875,29721,45057,59150,66771,53920,28217,10295,1928,11034,4052,161
Japan,1981,404589,6019,8328,2309,1641,1097,3091,7060,12837,27657,48916,72353,123923,84722,12790,3354,3706,5848,6989,10385,17272,23436,25480,28857,43496,58931,64992,55552,29170,10693,2097,9969,4188,176
Japan,1982,401346,5568,7623,2055,1475,1051,3108,6917,12354,27231,50733,70228,121432,86122,12894,3384,3533,5678,6676,10164,17067,23744,26989,28285,41943,57722,63710,56435,29687,10730,2164,9098,4159,181
Japan,1983,418130,5132,6968,1836,1395,1027,3211,7106,12697,27661,54918,70163,124280,93667,14813,3548,3558,5486,7211,10791,16870,25067,29851,29193,40970,58553,65727,60382,33285,12238,2575,8363,4238,217
Japan,1984,419414,4954,6657,1703,1164,1040,3065,6840,12154,26868,56015,70304,123250,96242,15571,3493,3347,4770,7384,10988,15880,25178,30837,30706,39598,57052,66198,61441,34801,12731,2840,7821,4105,245
Japan,1985,425516,4248,5898,1650,1137,1009,3146,6768,11575,25707,56221,71085,125477,99833,17358,3529,3239,4208,7367,10437,15270,24650,31571,32041,39044,56970,68507,62598,37235,14090,3268,7035,4155,298
Japan,1986,425147,3908,5536,1628,967,996,3135,6495,11500,24932,56408,72178,123000,101200,18467,3401,3094,3959,7541,9917,15015,24543,31865,33827,38351,55280,67720,62123,39077,14966,3501,6503,4131,330
Japan,1987,426719,3691,5223,1532,932,902,3161,6439,10886,23521,55738,74166,121982,103615,19780,3252,3187,3740,7146,9344,14177,23186,32552,36620,37546,53607,68375,62483,41132,15987,3793,6155,4063,366
Japan,1988,447869,3459,4878,1419,860,857,3272,6721,10089,23789,55772,78844,126227,113369,22747,3597,3124,3452,6637,9588,14201,22529,33243,39560,39284,54703,71524,67434,45935,18338,4409,5738,4129,448
Japan,1989,446689,3072,4428,1356,863,786,3243,6734,9073,23969,54314,82420,123027,113754,23567,3603,3131,3336,5737,9728,14241,21250,33064,41059,41361,52784,70243,67520,46234,18888,4679,5291,4029,508
Japan,1990,464717,3110,4502,1392,804,743,3215,6594,8698,24515,53697,88107,125370,121121,26741,3523,3071,3340,5358,10089,14426,20416,33281,43767,44340,53014,72356,72078,49043,21414,5327,5306,3958,603
Japan,1991,471619,2964,4152,1188,768,664,3085,6588,8246,24669,53567,92484,124540,124209,28000,3558,3030,3238,5008,10640,14029,20495,33072,44527,47957,52798,71742,74415,49794,22450,5550,4920,3749,638
Japan,1992,487956,3121,4313,1192,765,687,3003,6704,8038,24600,53867,99299,126129,129267,30570,3664,3040,3245,4793,10504,14096,20633,33234,46363,52936,53880,72249,77176,52091,24492,6078,5078,3690,705
Japan,1993,499792,2865,3994,1129,716,662,2664,6630,7860,24382,53806,104292,127708,133583,32707,3623,3007,3189,4671,9703,14679,21292,32514,47496,56796,55722,71986,79281,54302,26044,6663,4710,3326,788
Japan,1994,499703,3097,4182,1085,664,682,2478,6822,7702,23700,52021,105022,126933,134576,34058,3654,3168,3287,4415,8769,14931,21549,30472,46819,58203,57579,69354,78728,55848,26879,7179,4846,3160,865
Japan,1995,526383,2805,3925,1120,737,683,2422,7012,7918,24110,52904,109075,134887,144024,37685,3739,3273,3453,4465,8073,16037,22113,30791,47669,61406,63700,71187,83026,60998,29461,8224,4662,3105,999
Japan,1996,512797,2605,3640,1035,539,534,2141,6520,7826,23955,50642,107885,133434,138069,36599,3364,3156,3354,4472,7515,16440,21082,29560,46837,61048,65455,67979,78340,59729,28351,8248,4179,2675,1011
Japan,1997,522986,2434,3337,903,505,517,2062,6438,7698,23008,51077,107191,138143,142409,39469,3160,3278,3376,4322,6988,16020,21251,29826,45412,61779,69367,68776,79547,62862,30387,9082,3842,2579,1129
Japan,1998,538188,2396,3353,957,564,551,2044,6887,8396,22928,53927,108099,144695,143372,42115,3354,3533,3719,4677,7268,15660,22836,31091,45027,63072,74617,70078,78512,64860,32368,9747,3917,2595,1257
Japan,1999,562542,2236,3123,887,450,514,1860,6833,8685,21706,56996,107702,155128,151216,46884,3149,3684,3844,4841,7224,14482,24181,32815,43907,63795,79164,75964,81258,69958,36121,10763,3573,2374,1440
Japan,2000,553760,2188,3011,823,431,476,1673,6346,8599,19731,57001,104670,156461,146458,47370,2955,3391,3825,4774,6895,12836,24784,32217,42672,61998,78854,77607,78327,68131,36485,10885,3442,2149,1532
Japan,2001,557100,2025,2774,749,411,387,1618,6063,8729,18758,56343,102263,161479,146350,50219,2662,3401,3836,4893,6769,11989,25600,30743,41467,60796,79139,82340,77160,69190,38682,11537,3185,2005,1705
Japan,2002,564500,1919,2600,681,405,380,1496,5694,8636,18103,55617,100254,167407,148874,53138,2512,3182,3966,4670,6862,11241,25032,30585,40905,59349,79389,88018,78462,70412,40750,12388,3005,1876,1892
Japan,2003,583141,1802,2412,610,367,371,1436,5674,9050,18339,55529,100814,174106,154356,58501,2351,3323,4181,4869,7137,11202,23550,31979,42155,58659,80325,93781,82466,71890,44453,14048,2779,1807,2189
Japan,2004,589045,1746,2408,662,379,354,1278,5241,9100,17637,53431,99959,177448,157974,61461,2287,2954,4179,4921,6895,10742,20688,32743,43078,56881,79544,97904,87037,70937,46315,15146,2787,1632,2375
Japan,2005,619790,1686,2341,655,407,359,1200,5341,9013,17625,54255,99835,185122,173334,68239,2321,3020,4049,4964,7010,10615,19065,35190,43741,56094,81861,103261,97286,76048,50737,17502,2748,1559,2717
Japan,2006,617047,1634,2237,603,341,358,1193,4917,8754,17080,52677,97006,182630,177324,69672,2179,2738,3882,4872,6794,10286,17375,35302,41655,55351,79454,103176,101598,75726,51216,18456,2578,1551,2858
Japan,2007,630238,1584,2142,558,315,321,1088,4616,8896,16803,50592,97401,183268,189292,72388,2093,2523,3777,5119,6818,9985,16167,34425,41511,55890,79502,103766,110694,78598,52567,19821,2457,1409,3113
Japan,2008,648257,1538,2078,540,317,327,1062,4582,8561,16461,47186,100100,184657,202581,76785,2079,2503,3573,4988,6701,9760,15559,31627,43002,57098,78667,105990,118734,83847,54917,21868,2395,1389,3559
Japan,2009,649257,1487,1988,501,296,285,1000,4501,8470,16631,43823,101995,179552,209626,77268,2084,2417,3360,5110,6878,9753,15270,28553,44419,57576,75179,104373,121150,88476,54642,22626,2284,1285,3821
Japan,2010,676144,1412,1944,532,264,350,942,4446,8183,16370,40994,105589,181716,227682,83336,2006,2440,3257,4926,6617,9753,14633,26361,47238,58351,75321,106395,128299,99383,58626,24710,2208,1292,4326
Japan,2011,700887,1303,1927,624,404,447,1140,4480,8277,16733,39505,107880,186898,241165,87363,2050,2430,3228,5049,7083,9650,14799,24706,49899,57981,77587,109311,132279,108886,61520,25843,2331,1587,4672
Japan,2012,700610,1255,1720,465,301,300,929,4047,7191,15815,35949,104098,184202,250270,90830,1828,2219,2702,4489,6718,9097,13684,22265,47304,56794,76344,107858,132927,117343,64253,26577,2021,1229,4959
Japan,2013,704243,1228,1660,432,271,279,887,3824,6809,15654,34662,101475,183369,257445,92788,1769,2055,2574,4235,6493,9161,13575,21087,43298,58177,77441,105928,133869,123576,66355,26433,1931,1166,5117
Japan,2014,707441,1144,1586,442,281,324,840,3732,6385,15269,33329,99860,182699,260156,97590,1710,2022,2607,3778,6480,8789,13123,20206,38742,61118,79179,103520,132612,127544,70782,26808,1867,1164,5390
Japan,2015,715073,1085,1527,442,259,267,842,3405,5843,14868,32505,98372,179738,265230,106446,1565,1840,2342,3501,6272,8596,13070,19435,35035,63337,78839,100899,133612,131618,78016,28430,1786,1109,5780
Japan,2016,725120,1006,1389,383,229,255,816,3283,5566,14739,31847,98576,177096,270271,115022,1508,1775,2243,3323,5906,8833,12746,19101,32800,65776,75189,101907,135325,134946,85154,29868,1618,1071,6028
Japan,2017,743014,899,1270,371,210,287,811,3107,5264,14533,31021,95538,180686,277783,126161,1498,1609,2170,3094,5579,8954,12435,18586,30655,64883,76865,103821,137812,139971,94265,31896,1480,1098,6342
Japan,2018,753950,890,1226,336,208,271,749,3003,5047,13987,31118,89891,186849,280504,134627,1435,1568,2097,2950,5309,8678,12725,18393,29817,60074,80296,106553,137489,143015,100917,33710,1434,1020,6466
Japan,2019,764456,848,1179,331,210,244,779,2874,4822,13703,31176,83788,193927,282503,142621,1455,1419,1995,2827,4940,8763,12668,18508,29139,54649,84365,109562,136832,145671,106175,36446,1389,1023,6630
Japan,2020,763939,774,1035,261,156,249,830,3051,4733,13729,31388,78017,197400,279435,147189,1516,1535,2006,2727,4856,8873,12566,18822,28063,49954,88549,108851,133380,146055,108292,38897,1191,1079,6727
Japan,2021,795433,777,1062,285,193,223,571,2281,3940,11590,28932,72754,200108,303797,162476,1135,1146,1595,2345,3895,7695,11769,17163,26453,46301,92693,107415,142896,160901,116984,45492,1255,794,7502
Jersey,1950,338,17,21,4,0,0,1,10,10,19,35,65,90,73,14,5,5,5,5,8,11,15,20,27,38,45,45,44,29,12,2,21,1,0
Jersey,1951,348,18,22,4,0,0,2,10,10,21,37,66,91,73,14,5,5,5,5,9,12,16,21,27,39,45,46,44,29,12,2,22,2,0
Jersey,1952,325,14,18,4,0,0,1,10,10,17,35,62,90,71,13,5,5,5,5,7,10,15,20,26,36,45,45,43,28,11,2,18,1,0
Jersey,1953,351,16,20,4,1,0,3,10,10,21,40,67,95,72,13,5,5,5,5,9,12,17,23,28,39,49,46,43,29,11,2,21,3,0
Jersey,1954,352,16,20,4,1,0,3,10,10,21,40,68,97,71,13,5,5,5,5,9,12,17,23,29,39,49,48,43,28,11,2,21,3,0
Jersey,1955,345,14,18,4,0,0,3,10,10,20,40,65,98,71,13,5,5,5,5,8,12,17,23,28,37,49,49,43,28,11,2,18,3,0
Jersey,1956,353,15,19,4,0,0,3,10,10,21,42,69,98,70,13,5,5,5,5,8,13,18,24,31,38,48,50,42,28,11,2,19,3,0
Jersey,1957,360,16,20,4,0,0,3,10,10,21,43,69,102,70,13,5,5,5,5,8,13,18,25,31,38,49,53,43,27,11,2,20,3,0
Jersey,1958,369,17,21,4,0,0,3,10,10,20,46,74,102,70,12,5,5,5,5,7,13,19,27,33,41,48,54,43,27,10,2,21,3,0
Jersey,1959,348,15,18,3,0,0,1,10,10,18,43,71,99,69,11,5,5,5,5,6,12,18,25,32,39,46,53,43,26,9,2,18,1,0
Jersey,1960,378,19,23,4,0,0,2,10,10,19,48,78,102,73,12,5,5,5,5,6,13,20,28,36,42,48,54,46,27,10,2,23,2,0
Jersey,1961,416,25,30,5,1,0,3,10,10,24,54,85,108,76,11,5,5,5,5,10,14,23,31,39,46,52,56,48,28,9,2,31,3,0
Jersey,1962,347,15,18,3,0,0,0,9,10,15,42,74,98,71,10,4,5,5,5,5,10,17,25,33,41,48,50,44,27,9,1,18,0,0
Jersey,1963,417,25,30,5,1,0,5,10,10,22,54,85,109,79,11,5,5,5,5,10,12,22,32,39,46,54,55,50,29,10,1,31,5,0
Jersey,1964,364,17,20,3,0,0,0,10,10,13,45,78,100,77,11,5,5,5,5,5,8,18,27,35,43,50,50,49,28,10,1,20,0,0
Jersey,1965,385,19,23,4,0,0,4,10,10,17,47,84,104,78,10,5,5,5,5,7,10,19,28,37,47,52,52,48,30,9,1,23,4,0
Jersey,1966,374,16,20,4,0,0,3,10,10,16,44,81,104,78,11,5,5,5,5,6,10,16,28,36,45,51,53,48,30,10,1,20,3,0
Jersey,1967,368,15,18,3,0,0,2,10,10,15,42,81,105,76,11,5,5,5,5,5,10,15,27,36,45,51,54,46,30,10,1,18,2,0
Jersey,1968,413,20,24,4,1,0,3,10,10,18,48,90,113,79,12,5,5,5,5,8,10,17,31,41,49,55,58,48,31,10,2,25,3,0
Jersey,1969,410,19,23,4,1,0,2,10,10,20,45,91,115,81,13,5,5,5,5,8,12,15,30,41,50,57,58,50,31,11,2,24,2,0
Jersey,1970,437,21,26,5,2,0,3,10,10,21,47,97,119,84,13,5,5,5,5,8,13,16,31,44,53,61,58,52,32,12,1,28,3,0
Jersey,1971,419,18,22,4,1,0,2,10,10,19,45,94,116,82,13,5,5,5,5,7,12,16,29,43,51,59,57,51,31,11,2,23,2,0
Jersey,1972,432,18,22,4,1,0,2,10,10,21,44,98,119,85,14,5,5,5,5,8,13,16,28,44,54,61,58,53,32,12,2,23,2,0
Jersey,1973,426,16,20,4,1,0,3,10,10,20,44,97,122,86,14,5,5,5,5,8,12,18,26,44,53,62,60,51,35,12,2,21,3,0
Jersey,1974,427,15,19,4,0,0,3,10,10,20,44,97,123,84,14,5,5,5,5,8,12,18,26,43,54,61,62,49,35,12,2,19,3,0
Jersey,1975,452,17,21,4,1,0,4,10,10,22,45,102,130,86,14,5,5,5,5,10,12,19,26,44,58,64,66,50,36,12,2,22,4,0
Jersey,1976,432,14,17,3,0,0,3,10,10,19,42,99,128,87,15,5,5,5,5,8,11,18,24,42,57,63,65,51,36,13,2,17,3,0
Jersey,1977,430,14,16,2,0,0,3,10,10,19,42,98,129,85,16,5,5,5,5,8,11,18,24,40,58,64,65,51,34,14,2,16,3,0
Jersey,1978,432,14,16,2,0,0,3,10,10,19,43,94,131,87,17,5,5,5,5,8,11,18,25,36,58,65,66,55,32,15,2,16,3,0
Jersey,1979,456,16,19,3,0,0,4,10,10,21,46,95,139,90,16,5,5,5,5,9,12,19,27,36,59,70,69,58,32,14,2,19,4,0
Jersey,1980,435,14,16,2,0,0,3,10,10,19,44,87,138,90,15,5,5,5,5,8,11,17,27,33,54,69,69,59,31,13,2,16,3,0
Jersey,1981,419,12,13,1,0,0,3,10,10,17,41,82,138,88,14,5,5,5,5,7,10,16,25,31,51,69,69,57,31,12,2,13,3,0
Jersey,1982,382,9,9,0,0,0,1,10,10,15,36,74,130,88,13,5,5,5,5,5,10,13,23,29,45,65,65,56,32,11,2,9,1,0
Jersey,1983,423,12,13,1,0,0,2,10,10,16,40,78,141,95,14,5,5,5,5,6,10,15,25,33,45,70,71,60,35,12,2,13,2,0
Jersey,1984,364,8,8,0,0,0,0,8,10,13,31,64,125,92,14,5,3,5,5,5,8,12,19,28,36,59,66,57,35,12,2,8,0,0
Jersey,1985,398,9,9,0,0,0,1,10,10,14,34,70,135,100,18,5,5,5,5,5,9,13,21,32,38,62,73,62,38,16,2,9,1,0
Jersey,1986,400,9,9,0,0,0,0,10,10,14,34,71,134,102,21,5,5,5,5,5,9,14,20,32,39,61,73,62,40,17,4,9,0,0
Jersey,1987,382,8,8,0,0,0,0,9,10,13,31,67,127,100,21,4,5,5,5,5,8,13,18,30,37,55,72,61,39,17,4,8,0,0
Jersey,1988,368,8,8,0,0,0,0,5,6,12,30,65,120,103,21,3,2,1,5,5,7,12,18,28,37,49,71,63,40,17,4,8,0,0
Jersey,1989,378,8,8,0,0,0,0,7,7,12,30,64,116,107,26,4,3,2,5,5,7,12,18,27,37,47,69,67,40,20,6,8,0,0
Jersey,1990,387,8,8,0,0,0,0,8,10,12,31,65,117,113,25,3,5,5,5,5,7,12,19,27,38,48,69,69,44,20,5,8,0,0
Jersey,1991,379,8,8,0,0,0,0,5,7,11,31,64,112,116,25,2,3,2,5,5,6,12,19,26,38,46,66,69,47,21,4,8,0,0
Jersey,1992,383,8,8,0,0,0,0,5,7,12,31,63,109,120,27,1,4,2,5,5,7,12,19,25,38,46,63,71,49,22,5,8,0,0
Jersey,1993,430,9,9,0,0,0,0,8,10,15,36,74,118,134,27,3,5,5,5,5,10,13,23,30,44,53,65,81,53,23,4,9,0,1
Jersey,1994,372,7,7,0,0,0,0,0,5,13,29,62,103,121,26,0,0,0,5,5,8,11,18,26,36,48,55,70,51,22,4,7,0,1
Jersey,1995,388,7,7,0,0,0,0,0,10,13,31,64,106,125,30,0,0,5,5,5,8,11,20,26,38,51,55,72,53,23,7,7,0,1
Jersey,1996,385,7,7,0,0,0,0,0,9,13,29,64,108,123,31,0,0,4,5,5,8,10,19,28,36,53,55,69,54,24,7,7,0,0
Jersey,1997,370,6,6,0,0,0,0,0,5,12,28,62,106,120,30,0,0,0,5,5,7,10,18,27,35,51,55,63,57,23,7,6,0,0
Jersey,1998,363,6,6,0,0,0,0,0,4,12,27,59,103,116,31,0,0,0,4,5,7,10,17,26,33,49,54,59,57,24,7,6,0,0
Jersey,1999,373,6,6,0,0,0,0,0,6,12,28,61,107,113,33,0,0,1,5,5,7,11,17,27,34,49,58,57,56,27,6,6,0,1
Jersey,2000,367,5,5,0,0,0,0,0,5,11,28,61,107,111,37,0,0,0,5,5,6,12,16,25,36,47,60,56,55,29,8,5,0,1
Jersey,2001,369,5,5,0,0,0,0,0,5,11,29,60,106,110,37,0,0,0,5,5,6,12,17,25,35,46,60,56,54,29,8,5,0,1
Jersey,2002,395,6,6,0,0,0,0,0,5,12,32,66,113,114,39,0,0,0,5,5,7,12,20,27,39,49,64,60,54,31,8,6,0,1
Jersey,2003,363,5,5,0,0,0,0,0,3,11,29,59,107,108,37,0,0,0,3,5,6,11,18,23,36,46,61,59,49,29,8,5,0,1
Jersey,2004,358,5,5,0,0,0,0,0,2,10,29,59,106,107,37,0,0,0,2,5,5,11,18,23,36,47,59,62,45,28,9,5,0,1
Jersey,2005,362,5,5,0,0,0,0,0,2,10,28,57,104,110,37,0,0,0,2,5,5,10,18,21,36,46,58,65,45,29,8,5,0,1
Jersey,2006,369,5,5,0,0,0,0,0,2,11,28,58,107,115,37,0,0,0,2,5,6,10,18,23,35,49,58,68,47,29,8,5,0,1
Jersey,2007,350,5,5,0,0,0,0,0,1,10,26,52,100,115,34,0,0,0,1,5,5,10,16,21,31,47,53,67,48,26,8,5,0,1
Jersey,2008,374,5,5,0,0,0,0,0,1,11,27,57,108,122,35,0,0,0,1,5,6,10,17,25,32,50,58,70,52,27,8,5,0,1
Jersey,2009,389,5,5,0,0,0,0,0,1,11,27,59,112,129,35,0,0,0,1,5,6,10,17,26,33,51,61,71,58,26,9,5,0,1
Jersey,2010,402,5,5,0,0,0,0,0,1,12,27,62,116,135,36,0,0,0,1,5,7,10,17,28,34,52,64,71,64,27,9,5,0,1
Jersey,2011,391,5,5,0,0,0,0,0,0,12,28,58,111,133,37,0,0,0,0,5,7,11,17,26,32,48,63,68,65,28,9,5,0,1
Jersey,2012,410,5,5,0,0,0,0,0,0,12,28,63,116,138,40,0,0,0,0,5,7,11,17,27,36,49,67,70,68,31,9,5,0,1
Jersey,2013,408,4,4,0,0,0,0,0,0,12,28,63,115,136,44,0,0,0,0,5,7,11,17,26,37,47,68,70,66,35,9,4,0,1
Jersey,2014,409,4,4,0,0,0,0,0,0,11,29,64,112,135,45,0,0,0,0,4,7,11,18,25,39,45,67,71,64,36,9,4,0,1
Jersey,2015,430,4,4,0,0,0,0,0,0,12,30,67,115,143,48,0,0,0,0,5,7,12,18,25,42,47,68,78,65,39,9,4,0,2
Jersey,2016,452,4,4,0,0,0,0,0,1,12,33,72,121,151,52,0,0,0,1,5,7,13,20,27,45,50,71,83,68,41,11,4,0,2
Jersey,2017,452,4,4,0,0,0,0,0,0,12,33,68,121,154,53,0,0,0,0,5,7,13,20,27,41,54,67,85,69,42,11,4,0,1
Jersey,2018,464,4,4,0,0,0,0,0,1,12,33,68,125,157,54,0,0,0,1,5,7,13,20,27,41,57,68,87,70,43,11,4,0,1
Jersey,2019,475,5,5,0,0,0,0,0,2,12,34,69,129,164,55,0,0,0,2,5,7,13,21,28,41,60,69,90,74,43,12,5,0,1
Jersey,2020,488,5,5,0,0,0,0,0,2,12,35,70,134,168,55,0,0,0,2,5,7,13,22,28,42,64,70,90,78,41,14,5,0,2
Jersey,2021,500,5,5,0,0,0,0,0,2,11,36,73,138,171,58,0,0,0,2,5,6,13,23,30,43,66,72,89,82,43,15,5,0,2
Jordan,1950,5878,1902,2730,828,176,120,133,268,246,311,456,592,615,213,22,143,125,120,126,149,162,204,252,286,306,340,275,144,69,19,3,2906,253,0
Jordan,1951,5959,1939,2770,831,177,121,140,273,244,309,453,598,629,221,21,147,126,120,124,148,161,200,253,290,308,342,287,154,67,19,2,2947,261,0
Jordan,1952,6076,1988,2829,841,180,121,145,287,246,307,449,613,644,234,21,156,131,120,126,145,162,198,251,299,314,343,301,167,67,19,2,3009,266,0
Jordan,1953,6193,2033,2885,852,184,118,150,297,251,309,444,630,657,247,21,162,135,125,126,145,164,196,248,308,322,341,316,179,68,19,2,3069,268,0
Jordan,1954,6321,2084,2948,864,188,117,155,308,252,306,442,646,671,264,23,170,138,125,127,141,165,196,246,315,331,343,328,194,70,21,2,3136,272,0
Jordan,1955,6450,2141,3007,866,190,115,157,321,257,306,441,660,688,286,23,177,144,129,128,141,165,197,244,319,341,348,340,209,77,21,2,3197,272,0
Jordan,1956,6584,2201,3070,869,192,114,159,336,263,309,440,676,699,306,24,186,150,132,131,142,167,197,243,325,351,354,345,221,85,22,2,3262,273,0
Jordan,1957,6687,2246,3114,868,194,114,157,345,266,305,442,685,713,328,24,191,154,135,131,141,164,199,243,324,361,363,350,236,92,22,2,3308,271,0
Jordan,1958,6797,2296,3165,869,196,114,156,356,268,304,443,697,723,350,25,195,161,137,131,141,163,201,242,323,374,373,350,250,100,23,2,3361,270,0
Jordan,1959,6867,2325,3188,863,198,115,151,362,272,299,444,703,737,370,26,198,164,139,133,140,159,202,242,319,384,384,353,261,109,23,3,3386,266,0
Jordan,1960,6934,2361,3219,858,200,116,148,367,277,298,444,705,750,387,28,199,168,142,135,140,158,202,242,315,390,394,356,270,117,25,3,3419,264,0
Jordan,1961,6972,2383,3230,847,202,115,146,368,277,296,442,703,763,398,31,197,171,142,135,140,156,200,242,311,392,403,360,274,124,28,3,3432,261,0
Jordan,1962,6971,2383,3220,837,202,114,143,363,281,294,439,695,779,408,32,190,173,146,135,139,155,198,241,306,389,413,366,276,132,29,3,3422,257,0
Jordan,1963,6970,2381,3209,828,205,114,142,361,282,292,435,685,793,412,36,186,175,147,135,139,153,193,242,302,383,422,371,274,138,33,3,3414,256,0
Jordan,1964,6907,2359,3164,805,203,112,142,352,284,288,429,670,806,417,39,178,174,148,136,137,151,188,241,296,374,428,378,273,144,35,4,3367,254,0
Jordan,1965,6948,2377,3173,796,207,116,143,347,289,290,429,669,821,424,43,174,173,152,137,138,152,186,243,298,371,434,387,276,148,39,4,3380,259,0
Jordan,1966,7189,2448,3280,832,220,122,149,352,305,302,440,681,852,438,45,177,175,161,144,144,158,191,249,306,375,447,405,285,153,41,4,3500,271,0
Jordan,1967,7200,2443,3235,792,217,122,149,345,309,307,442,689,879,455,48,174,171,162,147,147,160,192,250,311,378,455,424,298,157,44,4,3452,271,0
Jordan,1968,7406,2503,3298,795,224,127,155,350,322,319,453,709,916,480,54,179,171,168,154,153,166,198,255,324,385,465,451,316,164,49,5,3522,282,0
Jordan,1969,7604,2547,3347,800,233,132,160,356,337,334,465,733,948,501,61,185,171,174,163,161,173,205,260,337,396,473,475,332,169,54,7,3580,292,0
Jordan,1970,8326,2635,3514,879,272,153,205,479,428,388,508,782,1001,534,63,252,227,224,204,191,197,228,280,361,421,494,507,355,179,56,7,3786,358,0
Jordan,1971,7852,2597,3369,772,243,140,175,372,357,361,484,762,984,545,65,199,173,179,178,175,186,217,267,351,411,480,504,363,182,58,7,3612,315,0
Jordan,1972,7791,2583,3321,738,239,140,174,356,347,361,483,764,978,562,65,192,164,170,177,175,186,217,266,349,415,475,503,375,187,57,8,3560,314,0
Jordan,1973,7744,2553,3264,711,236,141,175,356,345,370,485,761,970,577,66,194,162,165,180,180,190,219,266,344,417,471,499,386,191,58,8,3500,316,0
Jordan,1974,7689,2519,3205,686,234,142,177,355,340,376,488,757,957,589,70,194,161,160,180,184,192,221,267,338,419,467,490,394,195,59,11,3439,319,1
Jordan,1975,7594,2474,3119,645,227,140,177,353,331,383,494,754,947,598,71,194,159,152,179,187,196,224,270,334,420,465,482,399,199,60,11,3346,317,1
Jordan,1976,7496,2422,3034,612,223,139,179,353,322,390,497,747,937,604,71,196,157,148,174,189,201,227,270,331,416,463,474,400,204,60,11,3257,318,1
Jordan,1977,7410,2374,2953,579,217,139,181,352,312,397,503,742,932,609,73,196,156,143,169,192,205,230,273,329,413,464,468,398,211,62,11,3170,320,1
Jordan,1978,7327,2315,2866,551,212,137,183,356,304,407,510,738,931,612,75,199,157,141,163,195,212,235,275,331,407,467,464,394,218,64,11,3078,320,1
Jordan,1979,7281,2277,2803,526,210,136,187,359,298,415,521,736,932,612,76,201,158,140,158,197,218,241,280,333,403,471,461,390,222,65,11,3013,323,1
Jordan,1980,7249,2244,2746,502,207,134,188,364,293,423,534,738,935,611,78,206,158,140,153,198,225,247,287,337,401,474,461,386,225,67,11,2953,322,1
Jordan,1981,7217,2196,2677,481,202,133,189,367,288,426,551,744,940,612,80,207,160,140,148,194,232,256,295,343,401,475,465,384,228,69,11,2879,322,1
Jordan,1982,7222,2159,2623,464,200,132,193,374,288,432,570,755,951,618,82,212,162,141,147,192,240,266,304,350,405,478,473,386,232,71,11,2823,325,1
Jordan,1983,7279,2144,2595,451,198,132,195,383,290,441,597,774,965,623,88,217,166,142,148,191,250,280,317,361,413,479,486,389,234,76,12,2793,327,1
Jordan,1984,7347,2125,2564,439,197,133,197,394,294,446,625,798,981,630,90,223,171,146,148,188,258,294,331,373,425,483,498,395,235,78,12,2761,330,1
Jordan,1985,7453,2124,2554,430,196,133,202,405,300,451,658,822,998,640,93,229,176,149,151,187,264,311,347,387,435,487,511,403,237,81,12,2750,335,1
Jordan,1986,7577,2125,2547,422,196,135,204,417,308,454,693,854,1018,653,95,235,182,154,154,186,268,327,366,404,450,497,521,413,240,83,12,2743,339,1
Jordan,1987,7695,2110,2524,414,195,136,207,427,317,457,733,892,1038,671,97,240,187,159,158,187,270,345,388,424,468,509,529,426,245,84,13,2719,343,1
Jordan,1988,7801,2089,2491,402,194,136,209,437,325,458,771,929,1060,691,102,245,192,163,162,189,269,360,411,444,485,524,536,442,249,88,14,2685,345,1
Jordan,1989,7936,2072,2466,394,192,137,212,449,335,461,810,973,1084,713,103,250,199,169,166,192,269,376,434,467,506,541,543,457,256,89,14,2658,349,1
Jordan,1990,8098,2052,2438,386,193,137,217,459,345,468,852,1027,1118,736,107,254,205,174,171,198,270,390,462,496,531,562,556,473,263,91,16,2631,354,1
Jordan,1991,8396,2075,2453,378,191,137,223,491,377,489,902,1095,1171,758,107,269,222,191,186,211,278,404,498,531,564,592,579,486,272,91,16,2644,360,1
Jordan,1992,8733,2105,2474,369,190,137,229,522,408,519,953,1175,1235,781,109,282,240,207,201,227,292,418,535,572,603,627,608,503,278,93,16,2664,366,1
Jordan,1993,9122,2145,2509,364,190,137,233,557,444,552,1005,1264,1310,806,111,299,258,226,218,243,309,432,573,619,645,668,642,520,286,94,17,2699,370,1
Jordan,1994,9519,2177,2542,365,189,138,237,587,482,592,1056,1360,1386,836,113,311,276,246,236,262,330,445,611,668,692,708,678,541,295,96,17,2731,375,1
Jordan,1995,9868,2190,2555,365,188,138,239,608,517,629,1101,1453,1457,869,116,320,288,262,255,280,349,459,642,717,736,748,709,564,305,99,17,2743,377,1
Jordan,1996,10126,2170,2535,365,188,138,239,613,540,659,1132,1544,1520,900,119,320,293,274,266,295,364,469,663,762,782,784,736,586,314,101,18,2723,377,1
Jordan,1997,10300,2115,2479,364,187,138,235,608,556,684,1149,1629,1576,931,123,315,293,279,277,306,378,477,672,804,825,818,758,606,325,105,18,2666,373,1
Jordan,1998,10415,2038,2395,357,188,138,232,596,565,704,1165,1708,1629,962,126,307,289,280,285,316,388,488,677,840,868,851,778,622,340,108,18,2583,370,2
Jordan,1999,10509,1968,2312,344,189,136,230,578,572,726,1177,1783,1686,991,130,297,281,281,291,326,400,499,678,870,913,887,799,637,354,112,18,2501,366,2
Jordan,2000,10601,1897,2226,329,189,136,229,561,574,743,1188,1852,1748,1017,135,288,273,278,296,333,410,511,677,893,959,923,825,649,368,116,19,2415,365,2
Jordan,2001,10715,1846,2158,312,187,135,226,544,573,766,1205,1917,1820,1045,138,280,264,275,298,343,423,523,682,909,1008,968,852,661,384,119,19,2345,361,2
Jordan,2002,10885,1823,2120,297,186,134,226,530,570,788,1230,1977,1907,1076,143,274,256,270,300,351,437,539,691,918,1059,1020,887,679,397,124,19,2306,360,2
Jordan,2003,11080,1810,2092,282,181,133,225,515,565,813,1261,2030,2000,1108,150,269,246,263,302,361,452,554,707,922,1108,1075,925,699,409,129,21,2273,358,2
Jordan,2004,11299,1785,2059,274,176,133,226,507,564,840,1299,2083,2109,1144,160,268,239,259,305,371,469,572,727,928,1155,1138,971,724,420,138,22,2235,359,2
Jordan,2005,11620,1774,2043,269,172,134,227,516,568,875,1352,2137,2240,1187,165,276,240,259,309,386,489,598,754,939,1198,1211,1029,757,430,143,22,2215,361,2
Jordan,2006,11892,1776,2036,260,165,133,226,506,557,900,1405,2184,2373,1235,172,272,234,251,306,392,508,622,783,953,1231,1283,1090,794,441,149,23,2201,359,2
Jordan,2007,13258,1948,2225,277,173,145,244,548,595,1008,1584,2416,2727,1399,197,297,251,266,329,435,573,704,880,1056,1360,1472,1255,904,495,169,28,2398,389,2
Jordan,2008,13615,1966,2239,273,168,144,244,547,587,1035,1647,2457,2880,1463,203,298,249,261,326,441,594,734,913,1084,1373,1548,1332,950,513,174,29,2407,388,2
Jordan,2009,13995,1951,2221,270,166,141,247,549,579,1064,1720,2515,3044,1540,210,299,250,256,323,448,616,768,952,1124,1391,1625,1419,1006,534,180,30,2387,388,2
Jordan,2010,14291,1915,2183,268,161,136,248,551,566,1085,1787,2560,3179,1618,215,300,251,250,316,449,636,797,990,1159,1401,1679,1500,1062,556,184,31,2344,384,2
Jordan,2011,14685,1872,2136,264,161,131,250,553,560,1110,1874,2635,3330,1718,223,299,254,248,312,452,658,835,1039,1208,1427,1731,1599,1132,586,190,33,2297,381,2
Jordan,2012,15094,1822,2084,262,161,128,253,557,554,1132,1966,2724,3471,1831,231,301,256,247,307,454,678,875,1091,1260,1464,1770,1701,1211,620,197,34,2245,381,3
Jordan,2013,15163,1729,1977,248,157,124,245,549,538,1123,2015,2765,3519,1910,238,296,253,241,297,444,679,895,1120,1286,1479,1759,1760,1267,643,203,35,2134,369,3
Jordan,2014,16057,1835,2097,262,175,132,267,643,619,1225,2144,2867,3611,2026,246,347,296,284,335,488,737,957,1187,1342,1525,1772,1839,1345,681,211,35,2272,399,3
Jordan,2015,16971,1923,2199,276,188,143,281,729,704,1338,2294,2981,3695,2153,260,392,337,326,378,535,803,1035,1259,1405,1576,1790,1905,1430,723,223,37,2387,424,3
Jordan,2016,18264,1938,2217,279,196,148,289,783,752,1427,2517,3265,3968,2410,289,419,364,350,402,565,862,1135,1382,1548,1717,1911,2057,1598,812,249,40,2413,437,3
Jordan,2017,18731,1898,2166,268,194,147,277,760,746,1433,2637,3422,4064,2578,308,403,357,347,399,558,875,1182,1455,1633,1789,1960,2104,1706,872,266,42,2360,424,3
Jordan,2018,19244,1858,2116,258,190,149,270,741,741,1440,2756,3590,4168,2752,330,388,353,345,396,556,884,1225,1531,1721,1869,2026,2142,1812,940,284,46,2306,419,3
Jordan,2019,19768,1810,2052,242,184,148,266,723,742,1442,2876,3769,4285,2926,354,372,351,345,397,553,889,1263,1613,1808,1961,2106,2179,1914,1012,306,48,2236,414,4
Jordan,2020,22452,1769,2001,232,177,145,240,635,728,1567,3387,4620,4990,3530,420,322,313,325,403,592,975,1455,1932,2199,2421,2516,2474,2258,1272,366,54,2178,385,4
Jordan,2021,25338,1726,1950,224,171,148,272,719,841,1793,3892,5413,5692,3984,462,356,363,379,462,677,1116,1671,2221,2549,2864,2903,2789,2542,1442,403,59,2121,420,4
Kazakhstan,1950,56994,13185,16213,3028,895,1100,1033,2805,2462,3880,5714,9702,8882,3810,485,1784,1021,946,1516,1827,2053,2436,3278,4959,4743,4889,3993,2578,1232,407,78,17108,2133,9
Kazakhstan,1951,58521,13524,16873,3349,883,1079,1117,3092,2467,4018,5660,9787,9091,3918,521,1840,1252,969,1498,1891,2127,2469,3191,4882,4905,4957,4134,2662,1256,419,102,17756,2196,18
Kazakhstan,1952,59589,13717,17192,3475,994,1006,1274,3314,2447,4145,5642,9783,9218,4007,537,1787,1527,1004,1443,1952,2193,2508,3134,4678,5105,4959,4259,2736,1271,419,118,18186,2280,26
Kazakhstan,1953,60592,13926,17466,3540,1191,888,1458,3491,2445,4262,5667,9708,9338,4096,549,1686,1805,1068,1377,2003,2259,2559,3108,4415,5293,4965,4373,2810,1286,420,129,18657,2346,32
Kazakhstan,1954,61325,14202,17773,3571,1380,736,1599,3631,2498,4324,5685,9518,9422,4168,555,1612,2019,1183,1315,2015,2309,2605,3080,4156,5362,4989,4433,2868,1300,424,131,19153,2335,35
Kazakhstan,1955,62684,14569,18166,3597,1564,619,1683,3826,2671,4405,5798,9396,9650,4302,567,1645,2181,1367,1304,2021,2384,2691,3107,4009,5387,5120,4530,2963,1339,434,133,19730,2302,37
Kazakhstan,1956,63815,15204,18837,3633,1689,567,1651,3974,2907,4408,5867,9120,9794,4387,572,1767,2207,1600,1307,1974,2434,2753,3114,3868,5252,5247,4547,3024,1363,439,133,20526,2218,39
Kazakhstan,1957,65375,15942,19638,3696,1763,594,1556,4141,3246,4414,5999,8854,10040,4512,580,1998,2143,1898,1348,1907,2507,2835,3164,3808,5046,5474,4566,3113,1399,447,133,21401,2150,40
Kazakhstan,1958,66632,16525,20319,3794,1820,683,1388,4271,3615,4381,6130,8540,10249,4613,583,2245,2026,2198,1417,1818,2563,2909,3221,3774,4766,5671,4578,3184,1429,450,133,22139,2071,41
Kazakhstan,1959,67570,16786,20691,3905,1836,821,1170,4393,3992,4340,6277,8287,10423,4702,593,2435,1958,2444,1548,1752,2588,2985,3292,3764,4523,5780,4643,3243,1459,458,135,22527,1991,41
Kazakhstan,1960,68779,16961,20964,4003,1875,974,989,4542,4386,4335,6484,8173,10598,4815,606,2539,2003,2627,1759,1738,2597,3083,3401,3800,4373,5813,4785,3315,1500,470,136,22839,1963,41
Kazakhstan,1961,69217,16852,20917,4065,1914,1077,888,4595,4665,4266,6635,8108,10712,4848,556,2468,2127,2650,2015,1740,2526,3140,3495,3846,4262,5712,5000,3349,1499,448,108,22831,1965,33
Kazakhstan,1962,69583,16421,20499,4078,1972,1142,896,4671,4916,4216,6826,8169,10810,4920,525,2310,2361,2571,2345,1779,2437,3218,3608,3936,4233,5528,5282,3407,1513,436,89,22471,2038,25
Kazakhstan,1963,69805,15859,19885,4026,2047,1186,1017,4682,5124,4187,7001,8291,10828,5024,506,2063,2619,2439,2685,1861,2326,3285,3716,4045,4246,5286,5542,3495,1529,427,79,21932,2203,19
Kazakhstan,1964,69923,15109,19033,3924,2104,1219,1233,4591,5339,4272,7152,8475,10807,5192,496,1764,2827,2362,2977,2024,2248,3319,3833,4183,4292,5090,5717,3647,1545,424,72,21137,2452,14
Kazakhstan,1965,69680,14372,18149,3777,2156,1239,1458,4390,5514,4449,7188,8624,10652,5364,486,1500,2890,2370,3144,2246,2203,3278,3910,4296,4328,4921,5731,3805,1559,418,68,20305,2697,11
Kazakhstan,1966,70399,13767,17362,3595,2199,1286,1651,4269,5774,4835,7297,8944,10634,5658,489,1412,2857,2546,3228,2594,2241,3248,4049,4488,4456,4896,5738,4051,1607,423,66,19561,2937,9
Kazakhstan,1967,70712,13236,16645,3409,2202,1328,1751,4158,5951,5294,7287,9199,10466,5928,490,1468,2690,2810,3141,2999,2295,3135,4152,4635,4564,4882,5584,4284,1644,426,64,18847,3079,7
Kazakhstan,1968,71147,12640,15873,3233,2167,1384,1829,4110,6126,5840,7268,9510,10328,6213,493,1676,2434,3119,3007,3434,2406,3011,4257,4795,4715,4930,5398,4508,1705,431,62,18040,3213,6
Kazakhstan,1969,71806,12183,15250,3067,2122,1442,1884,4105,6296,6418,7235,9844,10254,6448,495,1993,2112,3368,2928,3802,2616,2922,4313,4956,4888,5004,5250,4653,1795,434,61,17372,3326,5
Kazakhstan,1970,72703,12137,15051,2914,2037,1496,1930,4154,6430,6961,7189,10138,10202,6594,504,2313,1841,3471,2959,4045,2916,2891,4298,5088,5050,5080,5122,4691,1903,443,61,17088,3426,5
Kazakhstan,1971,73053,12248,15040,2792,1938,1529,1961,4217,6470,7374,7059,10293,10061,6594,515,2515,1702,3368,3102,4078,3296,2890,4169,5142,5151,5107,4954,4587,2007,455,60,16978,3490,5
Kazakhstan,1972,72871,12309,15007,2698,1819,1523,1986,4333,6427,7568,6817,10360,9999,6499,525,2607,1726,3097,3330,3864,3704,2879,3938,5162,5198,5138,4861,4386,2113,465,60,16826,3509,4
Kazakhstan,1973,73034,12198,14842,2644,1717,1508,2041,4587,6368,7778,6676,10481,10079,6405,547,2674,1913,2748,3620,3622,4156,2961,3715,5200,5281,5228,4851,4185,2220,487,60,16559,3549,4
Kazakhstan,1974,73643,12056,14672,2616,1635,1484,2116,4956,6217,8030,6747,10609,10254,6337,580,2727,2229,2352,3865,3477,4553,3188,3559,5211,5398,5367,4887,4039,2298,520,60,16307,3600,4
Kazakhstan,1975,73525,11935,14516,2581,1559,1427,2163,5261,5889,8172,6923,10511,10313,6174,614,2737,2524,1991,3898,3432,4740,3486,3437,5081,5430,5434,4879,3888,2286,553,61,16075,3590,4
Kazakhstan,1976,74435,11901,14461,2560,1535,1377,2230,5565,5646,8414,7409,10495,10542,6100,660,2801,2764,1846,3800,3621,4793,3967,3442,4957,5538,5586,4956,3840,2260,596,64,15996,3607,4
Kazakhstan,1977,75182,11895,14428,2533,1526,1319,2261,5768,5431,8573,8040,10380,10742,6000,707,2877,2891,1887,3544,3955,4618,4549,3491,4743,5637,5711,5031,3809,2191,639,68,15954,3580,4
Kazakhstan,1978,75497,11819,14322,2503,1515,1254,2240,5885,5251,8679,8741,10134,10871,5863,742,2939,2946,2102,3149,4334,4345,5137,3604,4464,5670,5786,5085,3772,2091,670,72,15837,3494,4
Kazakhstan,1979,76503,11828,14286,2458,1521,1206,2213,6037,5160,8839,9547,9961,11140,5823,770,3041,2996,2462,2698,4651,4188,5649,3898,4281,5680,5921,5219,3795,2028,691,79,15807,3419,4
Kazakhstan,1980,77075,11675,14080,2405,1516,1163,2151,6154,5126,8929,10263,9759,11358,5798,774,3128,3026,2820,2306,4743,4186,5947,4316,4175,5584,6016,5342,3820,1978,689,85,15596,3314,4
Kazakhstan,1981,77010,11774,14111,2337,1487,1124,2040,6178,5139,8901,10746,9435,11358,5731,757,3150,3028,3036,2103,4549,4352,5910,4836,4100,5335,6003,5355,3804,1927,667,90,15598,3164,5
Kazakhstan,1982,77681,11827,14103,2276,1471,1107,1948,6255,5309,8999,11235,9227,11509,5770,746,3170,3085,3161,2148,4237,4762,5690,5545,4148,5079,6074,5435,3852,1918,648,98,15574,3055,5
Kazakhstan,1983,76665,11787,14020,2233,1419,1073,1808,6143,5479,8766,11338,8857,11351,5693,713,3062,3081,3150,2329,3676,5090,5225,6113,4186,4671,5971,5380,3817,1876,613,100,15439,2881,5
Kazakhstan,1984,76574,11694,13882,2188,1373,1060,1705,6091,5830,8468,11564,8856,11299,5733,703,2962,3129,3146,2684,3098,5370,4954,6610,4458,4398,5886,5413,3853,1880,597,106,15255,2765,6
Kazakhstan,1985,76716,11577,13730,2153,1339,1049,1626,6026,6195,8057,11807,9159,11198,5819,703,2844,3182,3147,3048,2625,5432,4909,6898,4909,4250,5743,5455,3914,1905,596,107,15069,2675,7
Kazakhstan,1986,76713,11384,13496,2112,1293,1033,1569,5908,6444,7617,11994,9727,11011,5912,705,2699,3209,3154,3290,2397,5220,5116,6878,5531,4196,5517,5494,3975,1937,598,107,14789,2602,7
Kazakhstan,1987,75662,11210,13247,2037,1259,1006,1535,5713,6663,7322,11748,10137,10354,5961,708,2520,3193,3242,3421,2482,4840,5365,6383,6078,4059,5002,5352,3999,1962,603,105,14506,2541,8
Kazakhstan,1988,77125,10900,12880,1980,1233,1019,1588,5721,7167,7419,12042,11042,10027,6231,743,2461,3260,3476,3691,2873,4546,5899,6143,6800,4242,4673,5354,4153,2078,634,109,14113,2607,9
Kazakhstan,1989,78670,10528,12474,1946,1216,1027,1646,5720,7687,7620,12432,11982,9635,6437,780,2444,3276,3715,3972,3412,4208,6436,5996,7364,4618,4387,5248,4241,2196,668,112,13690,2673,10
Kazakhstan,1990,80728,10083,12017,1934,1230,1028,1669,5647,7972,7713,13048,13270,9667,6642,818,2439,3208,3843,4129,3918,3795,6970,6078,7984,5286,4388,5279,4329,2313,702,116,13247,2697,11
Kazakhstan,1991,83843,9669,11592,1923,1281,1036,1716,5682,8362,8069,13832,14632,9823,6944,864,2509,3173,4021,4341,4459,3610,7305,6527,8436,6196,4536,5287,4484,2460,743,121,12873,2752,11
Kazakhstan,1992,86338,9334,11248,1914,1316,1035,1740,5670,8645,8572,14407,15736,9930,7135,893,2570,3100,4129,4516,4890,3682,7162,7245,8533,7203,4773,5157,4586,2549,770,123,12564,2775,11
Kazakhstan,1993,88375,8974,10861,1887,1331,1032,1750,5650,8828,9221,14803,16574,10108,7288,918,2616,3034,4162,4666,5181,4040,6640,8163,8373,8201,5130,4978,4688,2600,794,124,12192,2782,10
Kazakhstan,1994,89648,8529,10353,1824,1337,1026,1738,5614,8883,9936,14931,17163,10403,7322,932,2637,2977,4096,4787,5344,4592,5891,9040,8118,9045,5613,4790,4726,2596,808,124,11690,2764,10
Kazakhstan,1995,90127,8009,9731,1722,1302,1025,1704,5560,8789,10568,14765,17562,10899,7269,941,2630,2930,3941,4848,5410,5158,5124,9641,8003,9559,6230,4669,4674,2595,820,121,11033,2729,10
Kazakhstan,1996,90157,7186,8766,1580,1242,1019,1663,5530,8651,11161,14399,18029,11687,7056,943,2614,2916,3754,4897,5473,5688,4621,9778,8305,9724,7064,4623,4482,2574,823,120,10008,2682,9
Kazakhstan,1997,89224,6468,7845,1377,1126,1003,1595,5430,8344,11457,13726,18376,12719,6682,914,2546,2884,3523,4821,5447,6010,4529,9197,8966,9410,7988,4731,4167,2515,800,114,8971,2598,8
Kazakhstan,1998,88907,5953,7133,1180,1021,984,1542,5353,8074,11633,13137,18851,13914,6376,883,2485,2868,3362,4712,5462,6171,4909,8228,9941,8910,8877,5037,3904,2472,773,110,8154,2526,8
Kazakhstan,1999,87859,5451,6460,1009,906,945,1489,5217,7735,11606,12577,19091,14902,6086,838,2397,2820,3234,4501,5443,6163,5542,7035,10784,8307,9451,5451,3698,2388,733,105,7366,2434,7
Kazakhstan,2000,88291,5105,6004,899,827,922,1478,5077,7515,11837,12410,19702,15904,5810,798,2314,2763,3167,4348,5564,6273,6314,6096,11459,8243,9955,5949,3552,2258,697,101,6831,2400,7
Kazakhstan,2001,89318,4768,5582,814,769,891,1495,5023,7392,12126,12570,20315,16802,5585,766,2276,2747,3182,4210,5711,6415,7010,5560,11592,8723,10160,6642,3495,2090,669,97,6351,2386,6
Kazakhstan,2002,90131,4569,5311,742,704,845,1511,4954,7254,12337,13029,20632,17388,5426,734,2235,2719,3198,4056,5785,6552,7472,5557,10995,9637,9961,7427,3515,1911,643,91,6015,2356,6
Kazakhstan,2003,91313,4556,5237,681,650,800,1517,4915,7164,12531,13897,20717,17765,5413,703,2212,2703,3220,3944,5788,6743,7777,6120,9892,10825,9534,8231,3654,1759,618,85,5887,2317,5
Kazakhstan,2004,91953,4577,5215,638,597,752,1495,4858,7063,12569,14948,20390,17874,5528,659,2195,2663,3210,3853,5667,6902,7939,7009,8532,11858,9040,8834,3890,1638,581,78,5812,2247,5
Kazakhstan,2005,93377,4568,5174,606,549,707,1467,4855,7066,12657,16172,20010,18258,5844,610,2218,2637,3221,3845,5540,7117,8138,8034,7424,12586,8989,9269,4274,1570,537,73,5723,2174,5
Kazakhstan,2006,92418,4595,5176,581,507,647,1379,4731,6905,12333,16754,18936,18373,6132,543,2192,2539,3134,3771,5226,7107,8093,8661,6614,12322,9240,9133,4635,1497,474,69,5683,2026,4
Kazakhstan,2007,90603,4575,5133,558,461,582,1264,4572,6690,11836,16902,17700,18492,6485,483,2146,2426,3014,3676,4875,6961,7990,8912,6437,11263,9863,8629,5019,1466,419,64,5594,1846,4
Kazakhstan,2008,87981,4499,5033,534,423,518,1138,4347,6402,11176,16704,16472,18489,6836,439,2051,2296,2865,3537,4527,6649,7851,8853,6800,9672,10580,7909,5347,1489,378,61,5456,1656,4
Kazakhstan,2009,85274,4223,4731,508,384,461,1021,4119,6097,10504,16416,15532,18441,7154,413,1932,2187,2711,3386,4247,6257,7723,8693,7489,8043,11156,7285,5578,1576,354,59,5115,1482,4
Kazakhstan,2010,81615,3883,4363,480,353,405,905,3843,5704,9722,15873,14680,18090,7283,393,1771,2072,2517,3187,3977,5745,7487,8386,8064,6616,11166,6924,5587,1696,339,54,4716,1310,3
Kazakhstan,2011,79991,3543,3979,436,334,366,819,3663,5462,9223,15690,14505,18091,7460,397,1642,2021,2397,3065,3857,5366,7412,8278,8618,5887,10895,7196,5558,1902,345,52,4313,1185,4
Kazakhstan,2012,81269,3235,3625,390,328,350,765,3610,5427,9107,16074,15234,18533,7783,426,1560,2050,2371,3056,3902,5205,7554,8520,9235,5999,10422,8111,5561,2222,375,51,3953,1115,4
Kazakhstan,2013,78105,2925,3271,346,312,318,674,3328,5100,8511,15489,15436,17642,7569,453,1390,1938,2222,2878,3719,4792,7165,8324,9120,6316,8930,8712,5151,2418,404,49,3583,992,4
Kazakhstan,2014,77412,2707,3017,310,304,299,609,3139,4946,8240,15301,16332,17095,7608,514,1275,1864,2163,2783,3640,4600,6903,8398,9191,7141,7646,9449,4960,2648,464,50,3321,908,4
Kazakhstan,2015,77503,2470,2752,282,307,288,559,2967,4849,8103,15201,17410,16580,7882,599,1180,1787,2142,2707,3589,4514,6652,8549,9324,8086,6638,9942,5053,2829,545,54,3059,847,4
Kazakhstan,2016,75380,2308,2573,265,285,275,502,2686,4613,7750,14567,17750,15543,8147,685,1053,1633,2065,2548,3415,4335,6162,8405,9158,8592,5903,9640,5317,2830,627,58,2858,777,4
Kazakhstan,2017,75968,2152,2409,257,281,275,472,2500,4554,7698,14408,18503,15169,8877,815,969,1531,2065,2489,3363,4335,5918,8490,9361,9142,6010,9159,6031,2846,749,66,2690,747,5
Kazakhstan,2018,77142,2138,2390,252,274,278,450,2334,4511,7697,14266,19239,15027,9710,956,899,1435,2056,2455,3339,4358,5753,8513,9680,9559,6720,8307,6882,2828,877,79,2664,728,5
Kazakhstan,2019,79701,2127,2375,248,264,288,441,2212,4546,7816,14332,20295,15385,10635,1106,844,1368,2059,2487,3367,4449,5762,8570,10216,10079,7952,7433,7759,2876,1008,98,2639,729,6
Kazakhstan,2020,96151,2208,2454,246,248,283,422,2019,4846,9112,16954,25463,19999,12963,1384,764,1255,2107,2739,3865,5247,6944,10010,13030,12433,13212,6787,9263,3700,1254,130,2702,705,7
Kazakhstan,2021,101482,2133,2379,246,225,300,467,1880,4731,9057,16809,27928,22377,13927,1394,719,1161,1991,2740,3795,5262,7131,9678,13911,14017,15876,6501,9885,4042,1245,149,2604,767,7
Kenya,1950,91762,25726,49536,23810,4271,1789,1756,4083,3541,3015,3354,5684,8444,5405,861,2109,1974,1827,1714,1526,1489,1568,1786,2432,3252,4127,4317,3457,1948,705,156,53807,3545,20
Kenya,1951,90542,24835,48548,23713,4527,1815,1771,4155,3628,3076,3340,5529,8140,5177,817,2150,2005,1865,1763,1568,1508,1587,1753,2370,3159,3987,4153,3316,1861,670,147,53075,3586,19
Kenya,1952,92107,25725,48188,22463,4764,1850,1956,5024,4183,3385,3492,5502,7959,5005,781,2619,2405,2177,2006,1757,1628,1691,1801,2373,3129,3912,4047,3213,1792,641,140,52952,3806,18
Kenya,1953,89233,25663,46382,20719,4743,1801,1874,4910,4141,3406,3461,5295,7649,4807,747,2557,2353,2145,1996,1785,1621,1692,1769,2286,3009,3759,3890,3088,1719,614,133,51125,3675,17
Kenya,1954,86836,25582,45098,19516,4722,1767,1799,4795,4074,3405,3407,5060,7347,4630,716,2491,2304,2105,1969,1792,1613,1673,1734,2184,2876,3604,3743,2976,1654,590,126,49820,3566,16
Kenya,1955,85079,25489,44325,18836,4528,1758,1738,4704,4034,3431,3399,4895,7093,4471,688,2432,2272,2076,1958,1805,1626,1672,1727,2117,2778,3480,3613,2873,1598,566,122,48853,3496,15
Kenya,1956,83570,25419,43787,18368,4199,1764,1694,4621,4016,3476,3405,4747,6858,4324,664,2373,2248,2057,1959,1827,1649,1673,1732,2060,2687,3364,3494,2780,1544,547,117,47986,3458,15
Kenya,1957,80250,25426,43520,18094,3980,1772,1482,3684,3455,3231,3249,4500,6555,4164,640,1863,1821,1730,1725,1673,1558,1584,1665,1954,2546,3206,3349,2674,1490,528,112,47500,3254,14
Kenya,1958,79387,25364,43188,17824,3819,1808,1478,3619,3442,3287,3276,4411,6370,4051,622,1815,1804,1717,1725,1686,1601,1594,1682,1936,2475,3116,3254,2600,1451,513,109,47007,3286,14
Kenya,1959,78478,25159,42703,17544,3698,1853,1491,3543,3430,3338,3312,4346,6196,3947,607,1763,1780,1707,1723,1697,1641,1615,1697,1935,2411,3029,3167,2533,1414,500,107,46401,3344,13
Kenya,1960,77756,25027,42309,17282,3663,1843,1521,3481,3421,3380,3356,4291,6032,3853,592,1726,1755,1701,1720,1706,1674,1645,1711,1940,2351,2947,3085,2471,1382,489,103,45972,3364,13
Kenya,1961,77335,25177,42165,16988,3691,1789,1565,3437,3410,3413,3392,4242,5874,3768,579,1707,1730,1697,1713,1713,1700,1674,1718,1949,2293,2867,3007,2416,1352,478,101,45856,3354,13
Kenya,1962,77365,25445,42245,16800,3737,1747,1628,3433,3431,3472,3453,4228,5724,3686,567,1717,1716,1709,1722,1737,1735,1723,1730,1972,2256,2791,2933,2363,1323,470,97,45982,3375,12
Kenya,1963,77775,25724,42512,16788,3805,1722,1713,3457,3462,3528,3550,4254,5595,3612,556,1751,1706,1725,1737,1759,1769,1790,1760,2006,2248,2727,2868,2314,1298,460,96,46317,3435,11
Kenya,1964,78321,26053,42891,16838,3865,1695,1806,3503,3492,3577,3641,4283,5467,3546,545,1806,1697,1738,1754,1779,1798,1846,1795,2032,2251,2664,2803,2271,1275,452,93,46756,3501,11
Kenya,1965,79523,26573,43606,17033,3952,1728,1872,3608,3563,3670,3774,4354,5360,3485,538,1895,1713,1765,1798,1820,1850,1917,1857,2077,2277,2615,2745,2228,1257,446,92,47558,3600,10
Kenya,1966,80600,27099,44428,17329,4047,1800,1880,3701,3569,3702,3862,4394,5251,3429,531,1982,1719,1759,1810,1830,1872,1961,1901,2095,2299,2565,2686,2189,1240,441,90,48475,3680,9
Kenya,1967,81634,27503,45042,17539,4135,1873,1883,3833,3599,3758,3979,4461,5163,3372,526,2088,1745,1762,1837,1852,1906,2012,1967,2123,2338,2534,2629,2149,1223,437,89,49177,3756,9
Kenya,1968,82977,27898,45634,17736,4230,1954,1895,4055,3680,3865,4140,4560,5108,3322,523,2237,1818,1787,1893,1902,1963,2077,2063,2173,2387,2529,2579,2114,1208,434,89,49864,3849,9
Kenya,1969,83907,28293,46179,17886,4314,2019,1873,4230,3669,3894,4231,4630,5062,3277,518,2362,1868,1771,1898,1914,1980,2106,2125,2214,2416,2535,2527,2081,1196,430,88,50493,3892,9
Kenya,1970,84842,28580,46536,17956,4392,2076,1907,4386,3690,3964,4351,4742,5042,3234,516,2436,1950,1776,1914,1949,2015,2154,2197,2282,2460,2558,2484,2049,1185,428,88,50928,3983,9
Kenya,1971,85552,28919,46886,17967,4456,2126,1985,4448,3669,3985,4433,4823,5035,3191,507,2424,2024,1769,1900,1960,2025,2182,2251,2337,2486,2586,2449,2019,1172,423,84,51342,4111,8
Kenya,1972,85484,29033,46931,17898,4483,2155,2041,4425,3565,3919,4439,4871,5024,3136,490,2362,2063,1730,1835,1926,1993,2172,2267,2384,2487,2611,2413,1981,1155,413,77,51414,4196,5
Kenya,1973,84742,29008,46790,17782,4480,2164,2071,4325,3384,3762,4354,4881,4991,3063,472,2258,2067,1665,1719,1843,1919,2117,2237,2408,2473,2608,2383,1931,1132,404,68,51270,4235,4
Kenya,1974,85669,28964,46546,17582,4502,2217,2166,4484,3518,3921,4549,5126,5127,3049,461,2263,2221,1757,1761,1918,2003,2209,2340,2548,2578,2694,2433,1923,1126,399,62,51048,4383,3
Kenya,1975,85579,28960,46284,17324,4490,2246,2221,4519,3512,3898,4574,5232,5162,2993,444,2276,2243,1789,1723,1895,2003,2213,2361,2603,2629,2717,2445,1887,1106,388,56,50774,4467,2
Kenya,1976,87261,28972,45975,17003,4494,2316,2352,4831,3853,4204,4891,5574,5349,2987,435,2472,2359,1998,1855,2035,2169,2370,2521,2785,2789,2823,2526,1889,1098,382,53,50469,4668,2
Kenya,1977,87466,28919,45607,16688,4457,2335,2404,4892,3957,4237,4985,5768,5441,2956,420,2561,2331,2088,1869,2032,2205,2406,2579,2871,2897,2866,2575,1876,1080,373,47,50064,4739,2
Kenya,1978,87926,28876,45208,16332,4407,2354,2477,5014,4147,4299,5110,5985,5563,2952,409,2686,2328,2224,1923,2041,2258,2461,2649,2954,3031,2929,2634,1887,1065,366,43,49615,4831,1
Kenya,1979,86835,28901,44951,16050,4329,2328,2475,4884,4068,4056,4951,5947,5541,2908,396,2693,2191,2214,1854,1903,2153,2373,2578,2904,3043,2921,2620,1872,1036,356,40,49280,4803,1
Kenya,1980,85894,28909,44741,15832,4255,2294,2454,4762,3917,3824,4836,5946,5582,2896,387,2661,2101,2121,1796,1776,2048,2306,2530,2878,3068,2952,2630,1879,1017,349,38,48996,4748,1
Kenya,1981,82456,29125,44768,15643,4126,2184,2303,4305,3267,3175,4265,5523,5352,2810,373,2437,1868,1738,1529,1461,1714,2009,2256,2635,2888,2828,2524,1832,978,337,36,48894,4487,1
Kenya,1982,84165,29256,44794,15538,4121,2210,2410,4673,3497,3316,4466,5799,5605,2899,372,2619,2054,1812,1685,1539,1777,2109,2357,2763,3036,2994,2611,1908,991,336,36,48915,4620,1
Kenya,1983,85163,29342,44829,15487,4133,2237,2465,4839,3620,3382,4565,5946,5810,2971,369,2687,2152,1813,1807,1592,1790,2160,2405,2829,3117,3133,2677,1963,1008,334,35,48962,4702,1
Kenya,1984,87747,29724,45244,15520,4186,2288,2578,5225,3940,3616,4832,6247,6138,3079,369,2866,2359,1904,2036,1739,1877,2288,2544,2974,3273,3331,2807,2039,1040,334,35,49430,4866,1
Kenya,1985,91041,30194,45872,15678,4282,2364,2724,5736,4391,3980,5188,6616,6387,3133,366,3107,2629,2111,2280,1966,2014,2455,2733,3166,3450,3485,2902,2075,1058,332,34,50154,5088,1
Kenya,1986,94423,30885,46814,15929,4398,2446,2872,6243,4799,4315,5442,6893,6628,3205,366,3351,2892,2371,2428,2189,2126,2567,2875,3304,3589,3623,3005,2117,1088,331,35,51212,5318,1
Kenya,1987,98042,31725,48153,16428,4562,2535,2991,6647,5144,4654,5662,7161,6882,3281,368,3539,3108,2610,2534,2415,2239,2654,3008,3435,3726,3754,3128,2159,1122,335,33,52715,5526,1
Kenya,1988,103333,32588,49729,17141,4810,2691,3209,7350,5751,5258,6037,7566,7185,3372,378,3869,3481,2995,2756,2790,2468,2817,3220,3645,3921,3901,3284,2214,1158,344,34,54539,5900,1
Kenya,1989,108591,33601,51604,18003,5086,2855,3410,8002,6283,5852,6302,7881,7442,3481,390,4174,3828,3356,2927,3161,2691,2927,3375,3812,4069,4021,3421,2287,1194,356,34,56690,6265,1
Kenya,1990,114530,34706,53667,18961,5417,3051,3639,8745,6991,6463,6606,8241,7704,3601,406,4514,4231,3767,3224,3485,2978,3067,3539,4007,4234,4154,3550,2372,1229,371,35,59084,6690,1
Kenya,1991,121349,35911,55962,20051,5807,3286,3909,9626,7954,7099,6958,8631,7967,3728,422,4911,4715,4255,3699,3754,3345,3250,3708,4222,4409,4294,3673,2464,1264,386,36,61769,7195,1
Kenya,1992,129081,37088,58125,21037,6217,3553,4228,10697,9194,7951,7441,9113,8242,3873,444,5392,5305,4877,4317,4111,3840,3525,3916,4495,4618,4451,3791,2572,1301,406,38,64342,7781,1
Kenya,1993,135433,38220,60030,21810,6553,3775,4491,11541,10228,8637,7792,9440,8441,4040,461,5770,5771,5381,4847,4338,4299,3762,4030,4681,4759,4561,3880,2695,1345,422,39,66583,8266,1
Kenya,1994,140416,39177,61500,22323,6791,3954,4701,12147,11071,9206,8082,9684,8601,4202,476,6034,6113,5783,5288,4473,4733,3994,4088,4808,4876,4645,3956,2804,1398,435,41,68291,8655,1
Kenya,1995,147107,40087,62825,22738,6993,4159,4997,13140,12423,10156,8664,10087,8809,4363,489,6462,6678,6451,5972,4941,5215,4405,4259,5009,5078,4767,4042,2902,1461,449,40,69818,9156,1
Kenya,1996,153070,40751,63526,22775,7051,4312,5265,14059,13806,11150,9360,10496,9018,4521,506,6848,7211,7125,6681,5598,5552,4892,4468,5203,5293,4886,4132,2995,1526,463,43,70577,9577,1
Kenya,1997,158182,41124,63843,22719,7037,4431,5512,14900,15087,12087,10094,10811,9185,4677,519,7205,7695,7737,7350,6259,5828,5407,4687,5342,5469,4979,4206,3077,1600,477,42,70880,9943,1
Kenya,1998,162768,41504,64064,22560,6977,4519,5729,15631,16259,12952,10899,11046,9320,4832,538,7518,8113,8282,7977,6906,6046,5965,4934,5431,5615,5053,4267,3144,1688,493,45,71041,10248,1
Kenya,1999,165614,41377,63477,22100,6777,4499,5838,16129,17239,13697,11756,11204,9445,4982,569,7727,8402,8713,8526,7496,6201,6542,5214,5481,5723,5129,4316,3210,1772,522,47,70254,10337,1
Kenya,2000,168572,41214,62826,21612,6572,4441,5922,16669,18339,14696,12469,11290,9565,5148,631,7943,8726,9188,9151,8124,6572,6920,5549,5520,5770,5197,4368,3287,1861,571,60,69398,10363,1
Kenya,2001,171589,40977,61913,20936,6338,4327,5973,17295,19599,16041,13046,11373,9670,5318,699,8186,9109,9733,9866,8823,7218,7098,5948,5591,5782,5257,4413,3370,1948,622,77,68251,10300,1
Kenya,2002,172327,40380,60690,20310,6110,4168,5915,17489,20278,16986,13378,11314,9712,5495,792,8235,9254,10000,10278,9280,7706,7098,6280,5616,5698,5270,4442,3454,2041,687,105,66800,10083,3
Kenya,2003,171643,39387,58913,19526,5871,3980,5798,17425,20584,17746,13737,11336,9760,5630,860,8170,9255,10081,10503,9610,8136,7063,6674,5718,5618,5291,4469,3517,2113,742,118,64784,9778,3
Kenya,2004,170187,38509,57240,18731,5691,3821,5707,17295,20437,18104,13959,11384,9823,5776,941,8113,9182,9966,10471,9719,8385,6924,7035,5855,5529,5304,4519,3586,2190,801,140,62931,9528,6
Kenya,2005,167648,37500,55193,17693,5450,3635,5557,17035,20080,18290,14114,11488,9869,5916,1010,7995,9040,9760,10320,9745,8545,6970,7144,6037,5451,5289,4580,3653,2263,851,159,60643,9192,9
Kenya,2006,166649,36644,53561,16917,5274,3495,5410,16987,20150,18740,14334,11671,9879,6054,1078,7933,9054,9765,10385,9940,8800,7291,7043,6269,5402,5241,4638,3719,2335,900,178,58835,8905,13
Kenya,2007,166017,35860,51883,16023,5111,3401,5385,17258,20167,19009,14539,11999,9909,6188,1144,8072,9186,9785,10382,10025,8984,7597,6942,6567,5432,5204,4705,3779,2409,947,197,56994,8786,17
Kenya,2008,165147,34473,49126,14653,4767,3218,5114,16863,20266,19871,15390,12960,10056,6302,1195,7813,9050,9762,10504,10367,9504,8243,7147,7232,5728,5263,4793,3833,2469,985,210,53893,8332,19
Kenya,2009,164149,33049,46485,13436,4475,3090,4920,16579,20371,20517,15987,13858,10134,6438,1268,7610,8969,9784,10587,10610,9907,8765,7222,7843,6015,5274,4860,3904,2534,1033,235,50960,8010,24
Kenya,2010,164612,31863,44508,12645,4309,3028,4839,16587,20627,21190,16785,14584,10214,6584,1327,7559,9028,9907,10720,10862,10328,9266,7519,8210,6374,5306,4908,3988,2596,1075,252,48817,7867,28
Kenya,2011,167523,30715,42637,11922,4191,3000,4800,16726,21255,22204,18084,15440,10494,6960,1659,7533,9193,10203,11052,11292,10912,9899,8185,8481,6959,5483,5011,4164,2796,1267,392,46828,7800,74
Kenya,2012,172242,29858,41227,11369,4147,3015,4831,17010,22073,23335,19522,16482,10919,7433,2100,7566,9444,10597,11476,11797,11538,10587,8935,8794,7688,5780,5139,4381,3052,1522,578,45374,7846,143
Kenya,2013,173811,28889,39569,10680,4061,2992,4814,16798,22058,23656,20548,17383,11374,7865,2480,7421,9377,10588,11470,11868,11788,11011,9537,8955,8428,6125,5249,4579,3286,1745,735,43630,7806,211
Kenya,2014,178189,27959,37889,9930,3942,2967,4838,16878,22878,24806,22104,18566,11958,8272,2819,7361,9517,10940,11938,12377,12429,11752,10352,9241,9325,6586,5372,4759,3513,1947,872,41831,7805,275
Kenya,2015,184135,27416,36672,9256,3811,2953,4891,17051,23987,26251,23883,19848,12682,8651,3121,7352,9699,11412,12575,13045,13206,12636,11247,9857,9991,7150,5532,4918,3733,2132,989,40483,7844,331
Kenya,2016,185436,26702,35306,8604,3628,2896,4863,16563,23796,26435,24936,20793,13465,8990,3381,7152,9411,11268,12528,13046,13389,13081,11855,10577,10216,7736,5729,5055,3935,2295,1086,38934,7759,379
Kenya,2017,192187,26111,34317,8206,3491,2900,5000,16902,25019,27943,26697,22145,14451,9299,3608,7307,9595,11775,13244,13764,14179,13954,12743,11569,10576,8449,6002,5180,4119,2437,1171,37808,7900,420
Kenya,2018,196455,25367,33399,8032,3390,2913,5059,16870,25635,28846,27932,23114,15457,9571,3807,7334,9536,11989,13646,14196,14650,14532,13400,12361,10753,9144,6313,5288,4283,2564,1243,36789,7972,454
Kenya,2019,198452,24580,32524,7944,3319,2933,5095,16621,25546,29069,28712,23807,16521,9832,3991,7316,9305,11872,13674,14295,14774,14831,13881,12981,10826,9836,6685,5399,4433,2686,1305,35843,8028,482
Kenya,2020,207704,24164,32039,7875,3268,2971,5269,17272,27203,31121,30648,25673,17620,10149,3996,7633,9639,12519,14684,15367,15754,15790,14858,14081,11592,10512,7108,5520,4629,2737,1259,35307,8240,470
Kenya,2021,231945,23940,31735,7795,3230,2996,5475,18172,29424,35408,36058,31088,21330,12223,4337,8047,10125,13298,16126,17353,18055,18401,17657,16902,14186,12394,8936,6760,5463,3037,1300,34965,8471,470
Kiribati,1950,448,132,184,52,9,5,8,20,20,24,31,46,59,32,3,10,10,10,10,10,14,15,16,21,25,30,29,21,11,3,0,193,13,0
Kiribati,1951,453,135,192,57,12,5,8,20,20,24,30,46,58,30,3,10,10,10,10,10,14,15,15,21,25,30,28,20,10,3,0,204,13,0
Kiribati,1952,457,137,196,59,12,5,8,20,20,24,30,45,57,30,3,10,10,10,10,10,14,15,15,20,25,29,28,20,10,3,0,208,13,0
Kiribati,1953,460,140,200,60,12,5,9,20,20,24,30,45,55,30,3,10,10,10,10,10,14,15,15,20,25,28,27,20,10,3,0,212,14,0
Kiribati,1954,464,142,204,62,13,5,9,20,20,25,30,43,53,30,3,10,10,10,10,10,15,15,15,19,24,27,26,20,10,3,0,217,14,0
Kiribati,1955,466,144,207,63,14,5,9,20,20,25,30,43,50,29,3,10,10,10,10,10,15,15,15,19,24,25,25,19,10,3,0,221,14,0
Kiribati,1956,467,145,209,64,15,6,10,20,20,26,31,42,50,28,3,10,10,10,10,11,15,15,16,19,23,25,25,18,10,3,0,224,16,0
Kiribati,1957,468,147,211,64,15,9,10,20,20,27,33,41,50,27,3,10,10,10,10,12,15,15,18,19,22,25,25,18,9,3,0,226,19,0
Kiribati,1958,469,149,213,64,15,10,10,20,20,28,33,41,50,27,2,10,10,10,10,13,15,15,18,20,21,25,25,18,9,2,0,228,20,0
Kiribati,1959,469,150,214,64,15,10,10,20,20,28,33,40,49,27,2,10,10,10,10,13,15,15,18,20,20,25,24,18,9,2,0,229,20,0
Kiribati,1960,469,152,215,63,15,10,10,20,20,28,33,40,49,25,2,10,10,10,10,13,15,15,18,20,20,25,24,17,8,2,0,230,20,0
Kiribati,1961,469,153,216,63,15,10,10,20,20,28,32,40,47,25,2,10,10,10,10,13,15,15,17,20,20,24,23,17,8,2,0,231,20,0
Kiribati,1962,466,152,215,63,15,10,10,20,23,30,32,40,45,25,2,10,10,10,13,15,15,15,17,20,20,22,23,17,8,2,0,230,20,0
Kiribati,1963,460,150,212,62,15,10,10,20,22,30,32,40,42,25,2,10,10,10,12,15,15,15,17,20,20,21,21,17,8,2,0,227,20,0
Kiribati,1964,454,147,207,60,15,10,10,20,21,30,31,40,40,25,2,10,10,10,11,15,15,15,16,20,20,20,20,17,8,2,0,222,20,0
Kiribati,1965,448,145,204,59,15,10,10,20,20,30,31,40,40,24,2,10,10,10,10,15,15,15,16,20,20,20,20,16,8,2,0,219,20,0
Kiribati,1966,442,143,200,57,15,10,10,20,20,30,31,40,40,24,2,10,10,10,10,15,15,15,16,20,20,20,20,16,8,2,0,215,20,0
Kiribati,1967,434,138,193,55,14,10,10,20,20,25,30,40,40,25,2,10,10,10,10,11,14,15,15,20,20,20,20,17,8,2,0,207,20,0
Kiribati,1968,425,130,183,53,13,10,10,20,20,23,30,40,40,28,2,10,10,10,10,10,13,15,15,20,20,20,20,18,10,2,0,196,20,0
Kiribati,1969,414,122,172,50,13,10,10,20,20,22,30,39,41,30,3,10,10,10,10,10,12,15,15,19,20,20,21,19,11,3,0,185,20,0
Kiribati,1970,405,117,165,48,13,10,10,20,20,22,30,38,40,30,3,10,10,10,10,10,12,15,15,18,20,20,20,19,11,3,0,178,20,0
Kiribati,1971,396,113,159,46,13,10,10,20,20,23,31,41,42,29,4,10,10,10,10,10,13,15,16,20,21,22,20,18,11,4,0,172,20,0
Kiribati,1972,390,110,154,44,13,10,10,20,20,24,31,41,39,29,4,10,10,10,10,10,14,15,16,20,21,23,16,17,12,4,0,167,20,0
Kiribati,1973,383,107,148,41,13,10,10,20,20,24,31,41,40,28,3,10,10,10,10,10,14,15,16,20,21,24,16,15,13,3,0,161,20,0
Kiribati,1974,379,105,145,40,13,10,10,20,20,27,30,40,39,23,4,10,10,10,10,12,15,15,15,20,20,25,14,12,11,4,0,158,20,0
Kiribati,1975,373,104,142,38,13,10,10,20,20,26,30,40,41,21,4,10,10,10,10,11,15,15,15,20,20,24,17,10,11,4,0,155,20,0
Kiribati,1976,366,102,140,38,12,10,10,20,20,25,30,39,40,20,5,10,10,10,10,10,15,15,15,19,20,22,18,10,10,5,0,152,20,0
Kiribati,1977,371,103,142,39,12,10,10,20,20,25,32,39,38,19,4,10,10,10,10,10,15,15,17,19,20,20,18,11,8,4,0,154,20,0
Kiribati,1978,352,101,136,35,11,10,10,20,20,24,30,40,37,15,4,10,10,10,10,10,14,15,15,20,20,20,17,10,5,4,0,147,20,0
Kiribati,1979,343,101,136,35,10,9,10,20,20,23,30,40,35,14,0,10,10,10,10,10,13,15,15,20,20,20,15,9,5,0,0,146,19,0
Kiribati,1980,349,104,139,35,9,8,10,20,20,23,30,40,36,15,0,10,10,10,10,10,13,15,15,20,20,20,16,10,5,0,0,148,18,0
Kiribati,1981,353,105,141,36,9,7,10,20,20,22,30,39,37,15,0,10,10,10,10,10,12,15,15,19,20,20,17,10,5,0,0,150,17,0
Kiribati,1982,357,106,143,37,9,7,10,21,20,21,30,39,38,17,1,11,10,10,10,10,11,15,15,19,20,20,18,11,6,1,0,152,17,0
Kiribati,1983,361,108,145,37,9,6,11,23,20,21,30,39,38,17,1,13,10,10,10,10,11,15,15,19,20,20,18,11,6,1,0,154,17,0
Kiribati,1984,363,109,147,38,9,6,11,23,20,20,30,39,39,18,0,13,10,10,10,10,10,15,15,19,20,20,19,12,6,0,0,156,17,0
Kiribati,1985,366,109,147,38,9,5,11,24,20,20,29,39,38,18,0,14,10,10,10,10,10,14,15,19,20,20,18,12,6,0,0,156,16,0
Kiribati,1986,368,110,148,38,9,5,11,25,20,20,29,39,37,18,1,15,10,10,10,10,10,14,15,19,20,20,17,12,6,1,0,157,16,0
Kiribati,1987,367,109,146,37,10,5,9,25,20,20,32,40,38,19,1,15,10,10,10,10,10,14,18,20,20,20,18,13,6,1,0,156,14,0
Kiribati,1988,365,107,144,37,10,5,9,25,20,23,33,40,38,19,1,15,10,10,10,10,13,15,18,20,20,20,18,13,6,1,0,154,14,0
Kiribati,1989,363,105,140,35,10,5,8,24,20,23,33,40,38,20,1,14,10,10,10,10,13,15,18,20,20,20,18,14,6,1,0,150,13,0
Kiribati,1990,359,103,136,33,10,5,8,24,20,22,32,40,38,21,1,13,11,10,10,10,12,15,17,20,20,20,18,14,7,1,0,146,13,0
Kiribati,1991,355,101,133,32,10,5,8,22,20,22,32,40,38,19,1,12,10,10,10,10,12,15,17,20,20,20,18,12,7,1,0,143,13,0
Kiribati,1992,350,98,130,32,10,5,8,20,20,22,31,40,38,19,1,10,10,10,10,10,12,15,16,20,20,20,18,12,7,1,0,140,13,0
Kiribati,1993,344,94,124,30,10,5,8,20,20,21,30,41,38,21,2,10,10,10,10,10,11,15,15,21,20,20,18,13,8,2,0,134,13,0
Kiribati,1994,339,92,121,29,10,5,8,20,20,21,30,42,38,21,2,10,10,10,10,10,11,15,15,21,21,20,18,13,8,2,0,131,13,0
Kiribati,1995,336,89,117,28,9,5,9,20,20,21,30,42,38,19,2,10,10,10,10,10,11,15,15,20,22,20,18,12,7,2,0,126,14,0
Kiribati,1996,334,88,114,26,9,5,9,20,20,22,30,42,38,20,2,10,10,10,10,10,12,15,15,18,24,20,18,13,7,2,0,123,14,0
Kiribati,1997,331,87,113,26,9,5,9,20,20,23,30,41,38,19,2,10,10,10,10,10,13,15,15,17,24,20,18,12,7,2,0,122,14,0
Kiribati,1998,328,85,111,26,9,5,9,20,20,23,32,41,38,19,2,10,10,10,10,10,13,15,17,17,24,20,18,12,7,2,0,120,14,0
Kiribati,1999,325,83,108,25,9,5,9,20,20,23,33,42,38,18,2,10,10,10,10,10,13,15,18,19,23,21,17,12,6,2,0,117,14,0
Kiribati,2000,322,80,103,23,9,5,9,20,20,23,33,42,38,17,2,10,10,10,10,10,13,15,18,20,22,22,16,12,5,2,0,112,14,0
Kiribati,2001,320,78,100,22,9,5,10,18,20,23,33,42,38,17,2,10,8,10,10,10,13,15,18,20,22,22,16,12,5,2,0,109,15,0
Kiribati,2002,320,76,97,21,9,5,10,18,20,24,32,41,41,19,2,10,8,10,10,10,14,15,17,20,21,24,17,13,6,2,0,106,15,0
Kiribati,2003,323,75,96,21,9,5,10,18,19,27,33,40,43,19,2,10,8,9,10,12,15,15,18,20,20,25,18,13,6,2,0,105,15,0
Kiribati,2004,331,76,97,21,9,5,10,20,20,30,36,40,44,19,2,10,10,9,11,15,15,16,20,20,20,24,20,13,6,2,0,106,15,0
Kiribati,2005,340,79,100,21,9,5,10,20,21,30,36,43,44,20,1,10,10,10,11,15,15,16,20,22,21,23,21,13,7,1,0,109,15,0
Kiribati,2006,349,82,103,21,9,5,10,22,21,30,36,44,46,21,1,12,10,10,11,15,15,16,20,22,22,23,23,14,7,1,0,112,15,0
Kiribati,2007,360,86,108,22,9,5,10,23,21,30,37,45,46,21,1,13,10,10,11,15,15,17,20,21,24,22,24,14,7,1,0,117,15,0
Kiribati,2008,370,89,111,22,8,5,11,24,21,32,40,46,46,20,1,14,10,10,11,15,17,20,20,21,25,22,24,14,6,1,0,119,16,0
Kiribati,2009,377,91,114,23,8,6,11,25,20,34,42,45,47,20,2,15,10,10,10,15,19,20,22,20,25,22,25,14,6,2,0,122,17,0
Kiribati,2010,383,92,116,24,8,6,11,26,20,35,42,51,47,22,2,15,11,10,10,15,20,20,22,24,27,24,23,16,6,2,0,124,17,0
Kiribati,2011,387,93,117,24,8,6,11,26,20,34,42,52,48,22,2,15,11,10,10,14,20,20,22,25,27,26,22,16,6,2,0,125,17,0
Kiribati,2012,388,92,116,24,9,5,10,26,20,33,42,51,48,23,2,15,11,10,10,13,20,20,22,25,26,28,20,17,6,2,0,125,15,0
Kiribati,2013,388,91,115,24,9,5,10,26,20,32,49,51,49,24,1,15,11,10,10,13,19,25,24,25,26,29,20,17,7,1,0,124,15,0
Kiribati,2014,387,89,112,23,9,5,10,25,20,32,50,50,47,22,0,15,10,10,10,12,20,25,25,25,25,29,18,15,7,0,0,121,15,0
Kiribati,2015,386,87,109,22,9,5,10,25,20,31,50,50,49,23,1,15,10,10,10,12,19,25,25,25,25,30,19,15,8,1,0,118,15,0
Kiribati,2016,386,86,107,21,9,5,9,25,20,30,50,56,51,21,1,15,10,10,10,11,19,25,25,26,30,30,21,13,8,1,0,116,14,0
Kiribati,2017,387,84,104,20,9,5,9,24,20,28,54,56,53,19,2,14,10,10,10,11,17,26,28,26,30,30,23,11,8,2,0,113,14,0
Kiribati,2018,388,83,102,19,9,5,8,23,20,28,57,57,52,19,2,13,10,10,10,11,17,27,30,27,30,28,24,11,8,2,0,111,13,0
Kiribati,2019,387,81,100,19,8,5,8,21,20,28,56,59,53,19,2,11,10,10,10,11,17,26,30,29,30,29,24,11,8,2,0,108,13,0
Kiribati,2020,393,79,97,18,8,5,8,20,20,28,60,64,57,17,3,10,10,10,10,12,16,26,34,31,33,32,25,12,5,3,0,105,13,0
Kiribati,2021,400,76,94,18,8,5,8,20,20,30,60,68,59,20,3,10,10,10,10,14,16,25,35,34,34,33,26,15,5,3,0,102,13,0
Kosovo,1950,5553,2282,2527,245,46,41,73,120,131,280,415,728,780,377,37,62,58,55,76,124,156,181,234,340,388,395,385,259,118,32,5,2573,114,0
Kosovo,1951,5503,2254,2525,271,45,40,72,123,127,281,410,714,765,369,36,65,58,56,71,125,156,189,221,331,383,390,375,253,116,32,4,2570,112,0
Kosovo,1952,5455,2224,2510,286,45,39,69,129,120,280,415,699,755,362,35,69,60,56,64,124,156,198,217,320,379,386,369,249,113,31,4,2555,108,0
Kosovo,1953,5362,2103,2400,297,45,39,69,135,120,284,426,690,756,360,36,73,62,58,62,123,161,206,220,308,382,387,369,247,113,32,4,2445,108,0
Kosovo,1954,5396,2102,2398,296,49,38,69,141,118,285,445,688,764,364,34,75,66,59,59,118,167,212,233,298,390,392,372,250,114,31,3,2447,107,0
Kosovo,1955,5401,2083,2373,290,53,37,69,146,121,283,460,682,773,366,36,75,71,60,61,111,172,215,245,290,392,396,377,251,115,32,4,2426,106,0
Kosovo,1956,5395,2056,2343,287,57,37,69,153,123,280,479,678,777,367,36,76,77,61,62,103,177,218,261,288,390,398,379,251,116,32,4,2400,106,0
Kosovo,1957,5392,2026,2307,281,60,36,68,157,127,274,498,678,783,370,36,76,81,63,64,95,179,223,275,289,389,401,382,253,117,32,4,2367,104,0
Kosovo,1958,5384,1992,2270,278,60,36,68,158,129,266,514,679,793,373,36,74,84,64,65,91,175,229,285,298,381,407,386,255,118,32,4,2330,104,0
Kosovo,1959,5385,1971,2245,274,61,38,67,160,134,255,526,683,798,379,36,74,86,68,66,88,167,235,291,311,372,410,388,258,121,32,4,2306,105,0
Kosovo,1960,5398,1955,2227,272,60,40,64,160,140,244,539,696,805,383,37,73,87,74,66,88,156,243,296,330,366,413,392,261,122,33,4,2287,104,0
Kosovo,1961,5407,1940,2208,268,59,42,63,157,147,234,548,713,809,388,40,72,85,79,68,90,144,249,299,349,364,414,395,265,123,35,5,2267,105,0
Kosovo,1962,5419,1924,2190,266,58,47,62,155,153,224,553,732,809,393,41,71,84,84,69,92,132,250,303,365,367,410,399,267,126,36,5,2248,109,0
Kosovo,1963,5425,1906,2169,263,58,49,61,156,159,219,558,746,808,399,41,71,85,87,72,94,125,245,313,372,374,404,404,271,128,36,5,2227,110,0
Kosovo,1964,5387,1860,2120,260,56,49,64,153,166,215,560,758,799,404,43,69,84,89,77,94,121,234,326,374,384,392,407,273,131,37,6,2176,113,0
Kosovo,1965,5357,1803,2059,256,55,48,67,152,172,220,557,775,798,409,45,68,84,90,82,97,123,219,338,376,399,386,412,276,133,39,6,2114,115,0
Kosovo,1966,5337,1747,1999,252,54,46,72,153,176,223,553,796,800,417,47,67,86,87,89,97,126,203,350,381,415,386,414,281,136,40,7,2053,118,0
Kosovo,1967,5330,1728,1972,244,53,45,77,149,180,230,540,814,798,422,49,65,84,86,94,100,130,188,352,388,426,388,410,283,139,42,7,2025,122,1
Kosovo,1968,5360,1717,1957,240,53,44,80,149,184,238,530,837,803,433,50,65,84,86,98,105,133,180,350,402,435,398,405,291,142,43,7,2010,124,1
Kosovo,1969,5381,1723,1959,236,52,42,81,150,186,245,509,857,809,441,51,68,82,86,100,111,134,176,333,420,437,412,397,296,145,44,7,2011,123,1
Kosovo,1970,5350,1660,1894,234,52,42,80,152,189,256,488,876,820,447,54,72,80,87,102,120,136,176,312,437,439,428,392,299,148,47,7,1946,122,1
Kosovo,1971,5398,1664,1896,232,50,42,78,157,186,269,472,899,841,455,56,78,79,87,99,130,139,180,292,452,447,446,395,303,152,48,8,1946,120,1
Kosovo,1972,5426,1659,1888,229,50,42,76,160,184,282,455,915,859,457,58,84,76,85,99,139,143,185,270,457,458,460,399,303,154,49,9,1938,118,1
Kosovo,1973,5416,1605,1834,229,49,42,74,162,184,293,445,934,876,454,61,85,77,85,99,145,148,189,256,457,477,467,409,297,157,51,10,1883,116,1
Kosovo,1974,5469,1592,1820,228,50,42,73,164,184,309,444,956,903,459,65,85,79,84,100,148,161,193,251,448,508,474,429,296,163,54,11,1870,115,1
Kosovo,1975,5458,1538,1763,225,49,42,73,168,182,324,449,960,924,461,65,83,85,82,100,150,174,196,253,423,537,478,446,294,167,54,11,1812,115,1
Kosovo,1976,5490,1516,1736,220,49,42,73,173,180,335,457,964,952,463,68,82,91,79,101,149,186,199,258,398,566,486,466,296,167,57,11,1785,115,1
Kosovo,1977,5476,1446,1661,215,49,42,73,177,178,348,469,959,983,473,68,81,96,78,100,148,200,205,264,374,585,502,481,304,169,57,11,1710,115,1
Kosovo,1978,5450,1366,1576,210,49,42,73,181,177,356,485,942,1016,484,71,81,100,78,99,147,209,215,270,356,586,524,492,314,170,60,11,1625,115,1
Kosovo,1979,5428,1303,1505,202,49,41,73,182,176,358,503,915,1051,498,75,80,102,80,96,146,212,230,273,347,568,554,497,329,169,63,12,1554,114,1
Kosovo,1980,5553,1369,1562,193,47,41,73,179,182,362,528,888,1096,516,77,79,100,87,95,148,214,250,278,347,541,591,505,346,170,64,13,1609,114,1
Kosovo,1981,5519,1288,1476,188,46,41,73,175,186,362,550,860,1137,533,80,79,96,94,92,149,213,269,281,353,507,623,514,360,173,66,14,1522,114,2
Kosovo,1982,5611,1318,1503,185,46,41,72,173,190,358,577,840,1176,551,82,79,94,101,89,147,211,286,291,363,477,644,532,373,178,67,15,1549,113,2
Kosovo,1983,5648,1301,1484,183,44,40,72,174,190,355,605,821,1207,570,83,80,94,102,88,146,209,299,306,366,455,646,561,384,186,67,16,1528,112,2
Kosovo,1984,5668,1270,1454,184,42,40,71,174,194,352,631,814,1227,590,83,80,94,103,91,143,209,305,326,367,447,629,598,392,198,67,16,1496,111,2
Kosovo,1985,5654,1187,1368,181,40,39,71,173,200,349,660,817,1241,609,86,80,93,102,98,139,210,307,353,370,447,601,640,401,208,70,16,1408,110,2
Kosovo,1986,5643,1125,1300,175,40,37,70,171,205,344,683,823,1242,630,89,78,93,100,105,133,211,304,379,372,451,566,676,411,219,72,17,1340,107,2
Kosovo,1987,5578,1011,1179,168,40,37,70,170,206,340,703,840,1233,657,93,78,92,96,110,130,210,301,402,382,458,534,699,428,229,75,18,1219,107,2
Kosovo,1988,5623,1027,1184,157,39,36,69,169,211,335,718,861,1208,689,98,77,92,95,116,128,207,299,419,400,461,508,700,453,236,80,18,1223,105,3
Kosovo,1989,5605,954,1101,147,37,35,68,169,208,336,726,902,1185,728,104,76,93,95,113,135,201,301,425,439,463,518,667,485,243,85,19,1138,103,3
Kosovo,1990,5655,940,1082,142,35,32,67,170,203,340,727,955,1174,759,112,76,94,94,109,143,197,304,423,485,470,538,636,509,250,92,20,1117,99,3
Kosovo,1991,5659,881,1022,141,33,32,64,170,196,340,722,1005,1172,778,118,76,94,93,103,147,193,304,418,517,488,553,619,519,259,97,21,1055,96,3
Kosovo,1992,5613,730,866,136,33,31,64,170,202,347,730,1059,1178,807,123,76,94,97,105,153,194,304,426,538,521,551,627,532,275,102,21,899,95,3
Kosovo,1993,5603,672,794,122,33,31,62,168,203,353,727,1102,1172,824,131,74,94,97,106,157,196,298,429,546,556,543,629,530,294,107,24,827,93,3
Kosovo,1994,5622,633,742,109,30,31,60,167,205,359,727,1142,1175,844,138,73,94,98,107,159,200,293,434,550,592,541,634,527,317,112,26,772,91,3
Kosovo,1995,5661,618,716,98,30,28,59,166,209,364,723,1180,1181,860,143,72,94,100,109,158,206,287,436,551,629,548,633,526,334,116,27,746,87,3
Kosovo,1996,5710,605,696,91,30,28,57,163,211,371,717,1209,1196,874,151,70,93,100,111,158,213,283,434,552,657,567,629,529,345,121,30,726,85,4
Kosovo,1997,5752,582,669,87,27,27,56,161,213,379,713,1232,1222,887,160,69,92,100,113,157,222,283,430,557,675,601,621,534,353,129,31,696,83,4
Kosovo,1998,7299,582,689,107,37,40,170,701,563,563,814,1333,1307,908,171,348,353,302,261,261,302,339,475,608,725,672,635,549,359,140,31,726,210,4
Kosovo,1999,8064,429,504,75,22,40,288,1159,882,717,861,1353,1316,820,95,593,566,481,401,354,363,375,486,623,730,710,606,514,306,92,3,526,328,3
Kosovo,2000,4827,340,408,68,19,24,42,92,146,307,597,1140,1225,745,83,40,52,64,82,125,182,247,350,511,629,669,556,470,275,81,2,427,66,2
Kosovo,2001,4869,318,376,58,18,24,42,91,141,304,595,1137,1284,759,100,41,50,60,81,125,179,253,342,507,630,700,584,472,287,96,4,394,66,1
Kosovo,2002,4909,297,348,51,18,22,42,91,138,301,595,1125,1344,771,118,42,49,59,79,125,176,260,335,495,630,718,626,471,300,111,7,366,64,1
Kosovo,2003,4904,262,308,46,15,21,42,90,133,292,590,1106,1382,786,138,42,48,57,76,120,172,258,332,478,628,714,668,472,314,124,14,323,63,0
Kosovo,2004,4901,272,315,43,14,18,41,89,126,290,583,1079,1397,796,154,42,47,53,73,119,171,254,329,460,619,697,700,472,324,132,22,329,59,0
Kosovo,2005,4896,274,314,40,12,16,38,87,123,282,578,1051,1407,815,171,40,47,52,71,115,167,246,332,443,608,682,725,481,334,142,29,326,54,1
Kosovo,2006,4927,216,254,38,12,14,37,88,119,282,586,1049,1438,855,192,41,47,52,67,114,168,246,340,442,607,685,753,507,348,155,37,266,51,1
Kosovo,2007,4738,216,248,32,11,13,33,84,113,265,560,986,1375,850,201,40,44,50,63,105,160,231,329,416,570,651,724,510,340,159,42,259,46,2
Kosovo,2008,4563,205,234,29,11,12,29,79,106,252,536,930,1312,852,207,36,43,46,60,100,152,220,316,394,536,625,687,518,334,163,44,245,41,3
Kosovo,2009,4697,204,231,27,11,12,28,78,107,253,549,942,1335,915,231,35,43,47,60,100,153,224,325,401,541,643,692,562,353,179,52,242,40,6
Kosovo,2010,4789,201,228,27,10,12,26,77,108,253,553,957,1341,969,249,34,43,47,61,100,153,227,326,409,548,651,690,594,375,191,58,238,38,8
Kosovo,2011,4777,174,200,26,9,11,25,73,107,246,550,954,1329,999,263,32,41,46,61,96,150,225,325,411,543,646,683,602,397,199,64,209,36,10
Kosovo,2012,4723,166,192,26,6,10,22,72,105,240,537,937,1331,998,261,31,41,45,60,94,146,220,317,411,526,637,694,588,410,196,65,198,32,11
Kosovo,2013,4789,150,175,25,6,10,21,69,102,237,540,943,1374,1027,268,29,40,45,57,92,145,221,319,421,522,646,728,594,433,201,67,181,31,12
Kosovo,2014,4759,118,141,23,6,9,21,65,98,234,537,940,1395,1042,264,27,38,43,55,91,143,219,318,427,513,649,746,595,447,200,64,147,30,11
Kosovo,2015,4791,93,113,20,6,9,18,62,93,226,537,952,1428,1075,263,26,36,41,52,88,138,218,319,430,522,656,772,616,459,204,59,119,27,9
Kosovo,2016,4831,90,106,16,6,7,18,57,91,223,533,960,1437,1103,282,23,34,40,51,87,136,215,318,430,530,653,784,641,462,220,62,112,25,8
Kosovo,2017,5024,87,102,15,6,7,18,56,91,225,551,1002,1488,1169,303,23,33,40,51,87,138,220,331,443,559,669,819,693,476,241,62,108,25,8
Kosovo,2018,5116,82,96,14,5,6,17,54,89,223,553,1030,1508,1209,321,22,32,39,50,85,138,218,335,453,577,670,838,731,478,258,63,101,23,7
Kosovo,2019,5077,72,83,11,5,6,16,49,82,211,541,1031,1492,1223,330,20,29,35,47,80,131,212,329,449,582,656,836,747,476,264,66,88,22,7
Kosovo,2020,6880,65,76,11,5,5,15,52,91,239,657,1386,2117,1778,456,21,31,38,53,91,148,248,409,602,784,922,1195,1051,727,369,87,81,20,8
Kosovo,2021,6621,64,74,10,5,5,14,58,102,254,676,1451,2023,1563,390,24,34,45,57,97,157,248,428,633,818,922,1101,939,624,305,85,79,19,8
Kuwait,1950,1438,498,727,229,51,25,37,136,106,73,75,92,91,24,1,69,67,56,50,34,39,40,35,39,53,54,37,16,8,1,0,778,62,0
Kuwait,1951,1461,507,737,230,51,25,35,130,110,75,81,94,97,24,1,63,67,57,53,36,39,44,37,40,54,57,40,18,6,1,0,788,60,0
Kuwait,1952,1455,507,733,226,51,25,32,122,108,77,84,91,103,26,2,58,64,58,50,40,37,45,39,39,52,59,44,20,6,2,0,784,57,0
Kuwait,1953,1449,505,725,220,51,25,30,110,108,79,88,91,108,29,2,50,60,58,50,44,35,45,43,40,51,61,47,23,6,2,0,776,55,0
Kuwait,1954,1452,501,715,214,51,25,29,106,113,85,93,90,111,32,3,46,60,59,54,49,36,46,47,41,49,62,49,25,7,3,0,766,54,0
Kuwait,1955,1436,496,704,208,50,25,28,96,110,88,96,91,112,36,2,42,54,58,52,52,36,47,49,43,48,61,51,28,8,2,0,754,53,0
Kuwait,1956,1552,546,751,205,49,25,31,104,122,102,105,100,124,41,1,46,58,63,59,59,43,50,55,49,51,66,58,32,9,1,0,800,56,0
Kuwait,1957,1696,608,814,206,49,25,33,114,136,118,114,114,133,46,1,52,62,69,67,65,53,53,61,58,56,68,65,36,10,1,0,863,58,0
Kuwait,1958,1788,646,859,213,48,25,33,115,143,130,120,125,138,52,1,53,62,71,72,68,62,54,66,66,59,69,69,40,12,1,0,907,58,0
Kuwait,1959,1894,681,914,233,51,25,40,122,148,137,122,135,142,58,2,59,63,73,75,70,67,54,68,72,63,69,73,46,12,2,0,965,65,0
Kuwait,1960,1973,709,949,240,52,25,42,128,148,143,123,143,146,65,2,63,65,73,75,72,71,56,67,75,68,71,75,50,15,2,0,1001,67,0
Kuwait,1961,2054,739,984,245,56,25,44,138,155,150,130,153,151,70,2,68,70,75,80,75,75,61,69,79,74,74,77,53,17,2,0,1040,69,0
Kuwait,1962,2137,768,1014,246,59,26,47,144,156,155,133,166,153,76,3,74,70,76,80,78,77,66,67,84,82,75,78,57,19,3,0,1073,73,0
Kuwait,1963,2200,805,1052,247,63,27,50,147,153,156,140,171,159,82,3,76,71,73,80,79,77,74,66,85,86,79,80,60,22,3,0,1115,77,0
Kuwait,1964,2294,839,1085,246,66,28,54,156,156,165,151,180,161,88,4,81,75,76,80,84,81,82,69,87,93,81,80,64,24,4,0,1151,82,0
Kuwait,1965,2345,871,1118,247,66,31,56,157,152,165,154,181,165,93,5,83,74,73,79,83,82,85,69,87,94,85,80,67,26,5,0,1184,87,0
Kuwait,1966,2420,900,1147,247,68,32,60,164,154,170,166,184,172,97,5,87,77,75,79,85,85,90,76,86,98,90,82,70,27,5,0,1215,92,0
Kuwait,1967,2499,934,1183,249,71,32,60,162,152,176,178,187,188,100,6,86,76,74,78,86,90,93,85,85,102,99,89,71,29,6,0,1254,92,0
Kuwait,1968,2596,970,1222,252,73,36,60,164,152,182,193,193,205,109,7,87,77,74,78,87,95,98,95,86,107,109,96,76,33,7,0,1295,96,0
Kuwait,1969,2669,998,1251,253,75,38,61,164,149,186,205,199,220,116,8,87,77,72,77,88,98,102,103,89,110,117,103,81,35,8,0,1326,99,0
Kuwait,1970,2715,1005,1260,255,76,40,60,158,146,185,216,204,235,123,9,83,75,70,76,86,99,105,111,91,113,123,112,86,37,9,0,1336,100,0
Kuwait,1971,2769,996,1248,252,77,42,62,161,148,195,230,217,250,131,9,84,77,71,77,90,105,111,119,102,115,130,120,92,39,9,0,1325,104,0
Kuwait,1972,2789,981,1227,246,77,43,62,161,152,197,243,225,258,136,12,84,77,74,78,90,107,118,125,111,114,133,125,95,41,11,1,1304,105,0
Kuwait,1973,2862,965,1202,237,78,46,68,170,163,211,263,241,269,143,12,88,82,80,83,96,115,129,134,127,114,139,130,99,44,11,1,1280,114,0
Kuwait,1974,2920,950,1179,229,78,46,73,176,171,223,280,260,279,149,12,90,86,83,88,101,122,138,142,142,118,143,136,102,47,11,1,1257,119,0
Kuwait,1975,3056,939,1158,219,80,48,82,193,192,247,309,289,291,156,13,99,94,93,99,112,135,153,156,161,128,147,144,105,51,12,1,1238,130,0
Kuwait,1976,3155,930,1141,211,81,51,89,204,205,262,334,313,297,163,14,104,100,100,105,119,143,164,170,173,140,149,148,109,54,13,1,1222,140,0
Kuwait,1977,3220,915,1120,205,81,49,93,225,228,280,348,324,287,170,17,115,110,111,117,130,150,171,177,177,147,140,147,113,57,15,2,1201,142,0
Kuwait,1978,3212,895,1092,197,78,48,91,235,239,290,352,327,269,173,17,120,115,116,123,135,155,173,179,173,154,128,141,114,59,15,2,1170,139,0
Kuwait,1979,3118,869,1057,188,74,46,86,227,236,281,342,322,251,174,18,117,110,114,122,132,149,167,175,167,155,117,134,114,60,16,2,1131,132,0
Kuwait,1980,3079,836,1016,180,70,44,83,227,241,289,347,325,240,174,20,116,111,116,125,137,152,170,177,166,159,114,126,113,61,18,2,1086,127,0
Kuwait,1981,2997,789,955,166,66,43,78,220,238,291,348,326,234,173,22,110,110,114,124,137,154,170,178,166,160,115,119,110,63,20,2,1021,121,0
Kuwait,1982,2966,755,910,155,64,40,77,227,249,295,346,325,234,175,23,112,115,120,129,139,156,169,177,167,158,124,110,109,66,21,2,974,117,0
Kuwait,1983,2948,714,857,143,63,38,77,239,265,307,351,323,233,173,23,114,125,128,137,146,161,172,179,169,154,132,101,105,68,21,2,920,115,0
Kuwait,1984,2838,669,802,133,59,34,72,232,262,300,338,311,233,172,24,109,123,127,135,143,157,166,172,165,146,138,95,103,69,21,3,861,106,0
Kuwait,1985,2812,609,732,123,57,34,70,226,270,312,352,320,242,168,27,104,122,130,140,149,163,174,178,171,149,146,96,99,69,23,4,789,104,0
Kuwait,1986,2742,562,678,116,53,34,65,217,269,313,351,318,250,163,28,99,118,129,140,150,163,174,177,170,148,147,103,94,69,24,4,731,99,0
Kuwait,1987,2722,510,617,107,52,36,61,186,254,321,380,356,270,155,29,85,101,119,135,152,169,187,193,189,167,155,115,87,68,25,4,669,97,0
Kuwait,1988,2834,466,563,97,49,37,62,173,262,355,434,415,303,152,32,78,95,120,142,165,190,212,222,219,196,168,135,83,69,28,4,612,99,0
Kuwait,1989,2941,422,509,87,47,39,63,157,261,386,484,472,335,152,33,72,85,115,146,177,209,235,249,249,223,181,154,85,67,28,5,556,102,0
Kuwait,1990,4235,401,512,111,63,57,132,444,614,625,635,575,387,159,34,203,241,298,316,310,315,316,319,305,270,210,177,93,66,29,5,575,189,0
Kuwait,1991,1980,165,198,33,19,22,65,180,255,300,326,308,210,82,16,89,91,117,138,146,154,159,167,161,147,116,94,53,29,14,2,217,87,0
Kuwait,1992,2224,221,264,43,24,27,52,83,151,300,425,440,306,124,24,44,39,57,94,130,170,200,225,225,215,172,134,85,39,20,4,288,79,0
Kuwait,1993,2408,223,266,43,23,27,58,83,150,321,472,496,348,143,24,46,37,56,94,137,184,223,249,255,241,201,147,103,40,20,4,289,85,0
Kuwait,1994,2311,241,286,45,23,23,50,117,170,298,420,413,327,156,25,55,62,71,99,132,166,197,223,212,201,184,143,113,43,20,5,309,73,0
Kuwait,1995,2208,260,307,47,26,19,40,144,218,292,367,318,286,168,24,56,88,99,119,137,155,171,196,171,147,149,137,118,50,19,5,333,59,0
Kuwait,1996,2190,264,312,48,26,19,42,144,230,295,346,303,275,180,24,56,88,107,123,141,154,162,184,170,133,137,138,121,59,19,5,338,61,0
Kuwait,1997,2264,259,307,48,23,21,47,144,232,305,356,329,285,191,24,61,83,107,125,144,161,169,187,184,145,141,144,122,69,19,5,330,68,0
Kuwait,1998,2287,250,295,45,22,20,50,144,222,306,358,350,297,203,23,67,77,102,120,143,163,173,185,193,157,146,151,123,80,18,5,317,70,1
Kuwait,1999,2313,246,290,44,19,19,51,144,213,304,360,367,308,211,25,71,73,98,115,140,164,176,184,196,171,152,156,126,85,20,5,309,70,1
Kuwait,2000,2325,243,287,44,19,19,49,144,201,300,360,374,320,220,29,73,71,92,109,137,163,177,183,194,180,160,160,132,88,24,5,306,68,1
Kuwait,2001,2374,245,289,44,18,18,48,147,198,299,372,382,339,229,34,74,73,90,108,134,165,183,189,193,189,171,168,140,89,29,5,307,66,1
Kuwait,2002,2455,248,292,44,18,18,46,153,202,310,386,389,359,242,38,74,79,90,112,136,174,191,195,195,194,184,175,149,93,33,5,310,64,1
Kuwait,2003,2597,252,295,43,18,18,45,164,215,331,418,404,387,256,43,75,89,96,119,144,187,208,210,204,200,199,188,159,97,38,5,313,63,1
Kuwait,2004,2817,255,297,42,19,18,46,182,250,372,470,423,418,272,47,80,102,111,139,163,209,235,235,220,203,214,204,172,100,42,5,316,64,1
Kuwait,2005,2898,255,295,40,19,18,44,181,262,390,494,428,433,287,50,75,106,118,144,171,219,248,246,230,198,216,217,180,107,43,7,314,62,1
Kuwait,2006,3105,268,309,41,19,18,47,192,284,422,541,466,450,306,51,80,112,128,156,186,236,272,269,250,216,220,230,191,115,44,7,328,65,1
Kuwait,2007,3232,281,325,44,19,18,48,192,285,430,570,499,464,322,55,81,111,129,156,191,239,286,284,261,238,226,238,199,123,47,8,344,66,1
Kuwait,2008,3372,289,336,47,19,19,47,198,289,448,604,530,484,338,59,85,113,132,157,200,248,300,304,275,255,240,244,208,130,48,11,355,66,1
Kuwait,2009,3443,295,343,48,18,19,46,194,284,449,624,548,505,351,61,82,112,130,154,200,249,306,318,285,263,256,249,212,139,50,11,361,65,1
Kuwait,2010,3416,298,347,49,18,18,42,173,266,430,620,550,522,362,65,72,101,123,143,190,240,300,320,287,263,269,253,217,145,54,11,365,60,1
Kuwait,2011,3439,302,351,49,18,18,39,159,256,421,629,555,541,379,69,64,95,120,136,184,237,299,330,293,262,282,259,226,153,57,12,369,57,1
Kuwait,2012,3722,299,351,52,18,18,40,144,275,462,707,642,593,398,72,55,89,124,151,202,260,330,377,344,298,301,292,239,159,61,11,369,58,1
Kuwait,2013,4026,297,350,53,18,18,40,129,283,502,786,746,650,425,79,49,80,122,161,220,282,359,427,406,340,327,323,260,165,67,12,368,58,1
Kuwait,2014,4332,295,349,54,19,18,42,111,281,539,860,860,709,460,84,42,69,115,166,236,303,387,473,467,393,357,352,288,172,70,14,368,60,2
Kuwait,2015,4558,268,322,54,19,18,41,104,273,563,912,962,755,500,92,43,61,110,163,247,316,405,507,521,441,382,373,318,182,76,16,341,59,2
Kuwait,2016,5247,252,306,54,21,18,41,96,279,646,1083,1195,894,570,97,42,54,106,173,284,362,477,606,637,558,430,464,375,195,81,16,327,59,2
Kuwait,2017,5486,242,293,51,21,18,39,87,254,639,1111,1304,970,645,104,43,44,91,163,268,371,489,622,689,615,466,504,432,213,86,18,314,57,2
Kuwait,2018,6241,239,290,51,22,19,41,85,257,707,1266,1562,1133,742,109,46,39,87,170,283,424,558,708,807,755,546,587,505,237,91,18,312,60,2
Kuwait,2019,7065,233,283,50,23,21,44,86,253,773,1431,1845,1330,862,115,48,38,81,172,296,477,632,799,934,911,642,688,594,268,95,20,306,65,2
Kuwait,2020,10824,224,272,48,23,23,50,97,328,1206,2258,2969,2123,1327,151,54,43,93,235,442,764,1000,1258,1505,1464,1075,1048,900,427,125,26,295,73,2
Kuwait,2021,9089,192,236,44,23,22,33,47,172,879,1852,2614,1869,1208,136,29,18,39,133,301,578,825,1027,1279,1335,1014,855,819,389,112,24,259,55,2
Kyrgyzstan,1950,18327,4401,5549,1148,126,180,215,638,658,1241,2008,3340,2937,1210,215,360,278,246,412,528,713,881,1127,1684,1656,1626,1311,774,436,172,43,5675,395,7
Kyrgyzstan,1951,18748,4688,5928,1240,134,178,216,689,650,1238,1971,3327,2993,1213,203,372,317,250,400,530,708,881,1090,1639,1688,1649,1344,799,414,165,38,6062,394,7
Kyrgyzstan,1952,18944,4795,6119,1324,141,169,225,735,636,1232,1947,3290,3033,1219,193,368,367,259,377,538,694,881,1066,1564,1726,1660,1373,829,390,155,38,6260,394,7
Kyrgyzstan,1953,19001,4888,6266,1378,170,145,237,769,620,1215,1919,3209,3041,1220,182,353,416,276,344,542,673,877,1042,1464,1745,1654,1387,853,367,146,36,6436,382,6
Kyrgyzstan,1954,19150,4966,6387,1421,182,124,246,799,629,1206,1915,3149,3090,1245,172,340,459,305,324,545,661,879,1036,1390,1759,1676,1414,883,362,138,34,6569,370,6
Kyrgyzstan,1955,19140,5061,6504,1443,202,110,243,815,647,1178,1882,3038,3100,1257,159,331,484,336,311,531,647,864,1018,1317,1721,1679,1421,896,361,128,31,6706,353,5
Kyrgyzstan,1956,19221,5162,6620,1458,219,102,239,826,692,1152,1861,2933,3134,1285,148,333,493,379,313,509,643,851,1010,1267,1666,1703,1431,914,371,119,29,6839,341,5
Kyrgyzstan,1957,19297,5323,6797,1474,233,105,224,825,756,1120,1828,2803,3159,1307,139,342,483,433,323,473,647,826,1002,1227,1576,1730,1429,927,380,110,29,7030,329,5
Kyrgyzstan,1958,19563,5530,7028,1498,241,120,197,827,840,1098,1815,2704,3213,1345,130,362,465,494,346,439,659,808,1007,1213,1491,1770,1443,950,395,103,27,7269,317,5
Kyrgyzstan,1959,19557,5678,7209,1531,245,139,165,810,908,1057,1772,2577,3190,1356,124,367,443,535,373,407,650,781,991,1186,1391,1753,1437,953,403,100,24,7454,304,4
Kyrgyzstan,1960,19757,5788,7356,1568,249,158,148,813,988,1040,1763,2516,3203,1390,130,374,439,571,417,398,642,775,988,1181,1335,1738,1465,973,417,104,26,7605,306,4
Kyrgyzstan,1961,19843,5844,7441,1597,253,171,138,815,1058,1024,1748,2463,3176,1414,135,369,446,586,472,404,620,774,974,1174,1289,1685,1491,984,430,109,26,7694,309,5
Kyrgyzstan,1962,19908,5855,7472,1617,253,180,142,822,1129,1007,1745,2436,3136,1436,143,352,470,582,547,422,585,788,957,1176,1260,1607,1529,993,443,116,27,7725,322,6
Kyrgyzstan,1963,19925,5824,7445,1621,263,189,161,816,1190,1004,1738,2422,3079,1458,149,316,500,566,624,456,548,802,936,1179,1243,1518,1561,1002,456,122,27,7708,350,7
Kyrgyzstan,1964,19860,5728,7341,1613,271,197,190,794,1244,1025,1728,2412,3008,1484,159,274,520,555,689,505,520,807,921,1178,1234,1439,1569,1016,468,128,31,7612,387,7
Kyrgyzstan,1965,19829,5614,7205,1591,279,205,215,777,1295,1080,1720,2411,2945,1521,166,249,528,557,738,565,515,801,919,1178,1233,1387,1558,1042,479,134,32,7484,420,8
Kyrgyzstan,1966,19701,5487,7043,1556,288,207,232,761,1331,1162,1696,2392,2853,1554,171,236,525,568,763,637,525,776,920,1165,1227,1341,1512,1067,487,138,33,7331,439,8
Kyrgyzstan,1967,19523,5380,6896,1516,289,208,243,739,1346,1272,1660,2360,2741,1582,175,239,500,590,756,726,546,731,929,1137,1223,1305,1436,1091,491,142,33,7185,451,8
Kyrgyzstan,1968,19426,5303,6776,1473,291,214,255,716,1358,1406,1630,2334,2646,1614,181,267,449,625,733,821,585,685,945,1110,1224,1288,1358,1116,498,146,35,7067,469,8
Kyrgyzstan,1969,19461,5301,6736,1435,288,220,267,705,1366,1545,1602,2324,2581,1634,186,310,395,648,718,902,643,652,950,1098,1226,1285,1296,1126,508,151,35,7024,487,8
Kyrgyzstan,1970,19553,5345,6752,1407,282,226,274,703,1372,1670,1587,2317,2530,1640,186,344,359,655,717,959,711,646,941,1092,1225,1281,1249,1117,523,152,34,7034,500,8
Kyrgyzstan,1971,19478,5390,6782,1392,272,230,274,700,1359,1760,1547,2282,2467,1608,186,363,337,641,718,974,786,647,900,1083,1199,1264,1203,1075,533,152,34,7054,504,8
Kyrgyzstan,1972,19578,5437,6822,1385,264,237,279,719,1353,1860,1528,2282,2460,1583,181,378,341,608,745,967,893,673,855,1101,1181,1273,1187,1032,551,152,29,7086,516,7
Kyrgyzstan,1973,19478,5401,6783,1382,258,238,281,755,1312,1924,1506,2263,2440,1536,179,388,367,538,774,928,996,711,795,1112,1151,1269,1171,975,561,152,27,7041,519,5
Kyrgyzstan,1974,19380,5321,6693,1372,247,239,287,807,1255,1983,1524,2243,2428,1492,174,399,408,464,791,901,1082,772,752,1112,1131,1266,1162,929,563,152,22,6940,526,3
Kyrgyzstan,1975,19241,5278,6631,1353,247,233,293,841,1192,2014,1569,2198,2402,1448,175,402,439,410,782,883,1131,839,730,1085,1113,1253,1149,895,553,155,20,6878,526,1
Kyrgyzstan,1976,19179,5243,6561,1318,242,229,301,866,1148,2039,1667,2156,2384,1410,177,404,462,382,766,884,1155,932,735,1045,1111,1238,1146,873,537,159,18,6803,530,1
Kyrgyzstan,1977,19149,5228,6519,1291,245,223,305,877,1095,2043,1810,2110,2364,1377,183,404,473,378,717,907,1136,1051,759,985,1125,1215,1149,862,515,165,18,6764,528,1
Kyrgyzstan,1978,19164,5178,6440,1262,243,219,311,899,1047,2048,1991,2071,2356,1355,187,411,488,409,638,949,1099,1183,808,923,1148,1195,1161,861,494,170,17,6683,530,0
Kyrgyzstan,1979,18993,5070,6293,1223,243,212,308,915,999,2024,2152,2010,2328,1327,187,418,497,453,546,964,1060,1279,873,868,1142,1171,1157,855,472,170,17,6536,520,0
Kyrgyzstan,1980,19146,4939,6126,1187,243,215,311,953,996,2045,2350,2015,2363,1341,189,436,517,502,494,979,1066,1372,978,869,1146,1186,1177,871,470,172,17,6369,526,1
Kyrgyzstan,1981,19192,4910,6053,1143,243,214,306,969,988,2037,2501,1989,2364,1341,185,450,519,529,459,962,1075,1407,1094,881,1108,1192,1172,876,465,167,18,6296,520,1
Kyrgyzstan,1982,19127,4914,6014,1100,236,213,296,976,991,1995,2602,1943,2345,1333,176,457,519,541,450,896,1099,1375,1227,905,1038,1201,1144,876,457,158,18,6250,509,0
Kyrgyzstan,1983,19333,4896,5957,1061,237,216,293,1001,1060,1961,2739,1957,2373,1356,175,467,534,565,495,802,1159,1345,1394,976,981,1236,1137,894,462,155,20,6194,509,0
Kyrgyzstan,1984,19653,4921,5951,1030,233,222,292,1034,1155,1907,2871,2026,2404,1384,172,477,557,591,564,701,1206,1327,1544,1080,946,1262,1142,913,471,152,20,6184,514,0
Kyrgyzstan,1985,19568,4882,5875,993,221,218,280,1036,1196,1783,2889,2106,2400,1391,174,465,571,596,600,609,1174,1279,1610,1183,923,1244,1156,921,470,150,24,6096,498,0
Kyrgyzstan,1986,19474,4791,5745,954,214,213,273,1033,1228,1671,2884,2245,2379,1409,176,447,586,599,629,542,1129,1254,1630,1313,932,1195,1184,934,475,152,24,5959,486,1
Kyrgyzstan,1987,19418,4645,5563,918,206,209,270,1027,1271,1574,2864,2462,2360,1430,178,427,600,613,658,517,1057,1259,1605,1484,978,1126,1234,945,485,153,25,5769,479,1
Kyrgyzstan,1988,19485,4438,5322,884,200,208,273,1026,1334,1502,2850,2747,2371,1467,186,413,613,639,695,548,954,1291,1559,1682,1065,1068,1303,966,501,159,27,5522,481,1
Kyrgyzstan,1989,19385,4255,5108,853,194,203,272,1000,1378,1425,2778,2995,2338,1504,190,397,603,661,717,608,817,1306,1472,1829,1166,1013,1325,993,511,162,28,5302,475,2
Kyrgyzstan,1990,19882,4174,5021,847,201,204,285,1016,1462,1427,2829,3303,2337,1596,198,409,607,705,757,722,705,1372,1457,1986,1317,1023,1314,1058,538,170,28,5222,489,2
Kyrgyzstan,1991,20302,4106,4948,842,206,207,291,1006,1520,1441,2870,3580,2340,1689,206,413,593,738,782,814,627,1395,1475,2077,1503,1074,1266,1120,569,176,30,5154,498,2
Kyrgyzstan,1992,20859,4057,4906,849,207,212,302,1029,1603,1506,2903,3848,2370,1760,214,437,592,778,825,892,614,1364,1539,2108,1740,1163,1207,1172,588,184,30,5113,514,2
Kyrgyzstan,1993,21027,3897,4735,838,208,214,307,1045,1652,1589,2835,4021,2401,1805,218,455,590,797,855,933,656,1237,1598,2042,1979,1262,1139,1202,603,188,30,4943,521,2
Kyrgyzstan,1994,20963,3736,4555,819,216,220,314,1066,1675,1680,2669,4074,2457,1815,219,474,592,797,878,941,739,1030,1639,1911,2163,1368,1089,1194,621,189,30,4771,534,2
Kyrgyzstan,1995,21082,3659,4422,763,204,216,309,1083,1710,1853,2554,4142,2596,1774,221,484,599,787,923,978,875,855,1699,1838,2304,1522,1074,1135,639,191,30,4626,525,2
Kyrgyzstan,1996,20899,3413,4124,711,198,217,306,1094,1725,1986,2418,4151,2782,1680,214,489,605,764,961,1004,982,730,1688,1811,2340,1695,1087,1039,641,187,27,4322,523,2
Kyrgyzstan,1997,20496,3119,3776,657,189,214,298,1095,1712,2072,2274,4084,3011,1560,206,486,609,732,980,1026,1046,691,1583,1820,2264,1891,1120,931,629,180,26,3965,512,1
Kyrgyzstan,1998,20116,2912,3507,595,180,208,289,1086,1680,2133,2139,3972,3266,1451,198,475,611,702,978,1050,1083,743,1396,1852,2120,2091,1175,840,611,174,24,3687,497,1
Kyrgyzstan,1999,19862,2737,3278,541,168,204,283,1080,1648,2199,2035,3873,3518,1370,201,466,614,685,963,1085,1114,870,1165,1907,1966,2257,1261,785,585,177,24,3446,487,1
Kyrgyzstan,2000,20179,2553,3055,502,163,207,295,1124,1673,2332,2023,3906,3845,1347,210,480,644,705,968,1158,1174,1048,975,1996,1910,2425,1420,789,558,185,25,3218,502,1
Kyrgyzstan,2001,20174,2428,2877,449,150,201,290,1094,1633,2411,2012,3883,4071,1333,213,460,634,702,931,1204,1207,1178,834,1989,1894,2468,1603,818,515,188,25,3027,491,1
Kyrgyzstan,2002,20792,2356,2768,412,142,203,300,1122,1658,2569,2126,3938,4368,1377,218,468,654,731,927,1281,1288,1306,820,1945,1993,2493,1875,894,483,193,25,2910,503,1
Kyrgyzstan,2003,20803,2306,2692,386,137,198,298,1108,1633,2623,2253,3784,4455,1405,212,464,644,737,896,1291,1332,1366,887,1726,2058,2358,2097,962,443,188,24,2829,496,1
Kyrgyzstan,2004,20892,2290,2656,366,126,190,296,1100,1622,2674,2468,3587,4488,1477,205,462,638,744,878,1284,1390,1417,1051,1445,2142,2209,2279,1054,423,180,25,2782,486,1
Kyrgyzstan,2005,21379,2263,2613,350,120,183,298,1115,1657,2768,2769,3448,4588,1626,196,472,643,765,892,1284,1484,1495,1274,1203,2245,2151,2437,1196,430,170,26,2733,481,1
Kyrgyzstan,2006,21430,2270,2611,341,108,174,291,1102,1651,2776,2962,3236,4566,1779,177,474,628,761,890,1234,1542,1533,1429,1019,2217,2119,2447,1334,445,152,25,2719,465,1
Kyrgyzstan,2007,21298,2277,2606,329,101,162,281,1076,1629,2736,3079,3027,4486,1954,160,466,610,746,883,1171,1565,1563,1516,962,2065,2130,2356,1487,467,136,24,2707,443,1
Kyrgyzstan,2008,21687,2268,2588,320,101,156,282,1084,1647,2753,3258,2930,4520,2213,152,472,612,744,903,1148,1605,1644,1614,1071,1859,2238,2282,1697,516,128,24,2689,438,1
Kyrgyzstan,2009,21423,2254,2559,305,90,144,265,1056,1608,2668,3332,2774,4398,2381,146,459,597,718,890,1102,1566,1686,1646,1253,1521,2288,2110,1818,563,123,23,2649,409,1
Kyrgyzstan,2010,21139,2226,2521,295,85,132,250,1041,1569,2569,3397,2668,4275,2485,145,450,591,693,876,1070,1499,1731,1666,1460,1208,2299,1976,1864,621,124,21,2606,382,1
Kyrgyzstan,2011,21253,2187,2470,283,83,124,238,1032,1547,2519,3529,2681,4266,2605,152,441,591,675,872,1072,1447,1808,1721,1654,1027,2284,1982,1897,708,133,19,2553,362,1
Kyrgyzstan,2012,20882,2122,2399,277,78,113,221,1004,1496,2413,3571,2712,4097,2613,161,424,580,650,846,1054,1359,1825,1746,1745,967,2105,1992,1821,792,143,18,2477,334,1
Kyrgyzstan,2013,20684,2043,2312,269,76,107,206,982,1460,2348,3627,2880,3890,2618,175,411,571,637,823,1050,1298,1827,1800,1819,1061,1841,2049,1731,887,158,17,2388,313,1
Kyrgyzstan,2014,20180,1973,2234,261,75,97,189,938,1404,2258,3598,3084,3557,2551,194,385,553,618,786,1025,1233,1765,1833,1842,1242,1481,2076,1606,945,177,17,2309,286,1
Kyrgyzstan,2015,19846,1885,2134,249,72,92,172,902,1366,2204,3579,3333,3255,2515,221,363,539,611,755,1007,1197,1691,1888,1873,1460,1170,2085,1536,979,202,19,2206,264,1
Kyrgyzstan,2016,20381,1771,2008,237,76,93,166,904,1401,2269,3721,3715,3149,2615,261,355,549,638,763,1035,1234,1681,2040,2001,1714,1024,2125,1593,1022,239,22,2084,259,1
Kyrgyzstan,2017,20181,1677,1902,225,74,91,154,866,1384,2251,3689,3896,2961,2614,299,332,534,637,747,1017,1234,1601,2088,2062,1834,986,1975,1620,994,275,24,1976,245,1
Kyrgyzstan,2018,20664,1637,1847,210,75,91,148,855,1418,2303,3757,4199,2921,2705,344,320,535,654,764,1028,1275,1585,2172,2212,1987,1140,1781,1722,983,317,27,1922,239,1
Kyrgyzstan,2019,20556,1548,1747,199,76,90,140,812,1413,2282,3691,4377,2842,2709,377,299,513,651,762,1006,1276,1541,2150,2312,2065,1384,1458,1771,938,344,33,1823,230,1
Kyrgyzstan,2020,23873,1432,1623,191,70,90,131,758,1493,2560,4289,5610,3440,3356,451,273,485,664,829,1112,1448,1776,2513,2935,2675,2015,1425,2220,1136,409,42,1693,221,1
Kyrgyzstan,2021,23830,1348,1528,180,73,95,133,750,1539,2573,4238,5858,3489,3131,428,266,484,680,859,1101,1472,1804,2434,3082,2776,2295,1194,2059,1072,383,45,1601,228,1
Land-locked developing countries (LLDC),1950,1369887,,,,,,,,,,,,,,,,,,,,,,,,,,,,,,,,,
Land-locked developing countries (LLDC),1951,1392355,,,,,,,,,,,,,,,,,,,,,,,,,,,,,,,,,
Land-locked developing countries (LLDC),1952,1405785,,,,,,,,,,,,,,,,,,,,,,,,,,,,,,,,,
Land-locked developing countries (LLDC),1953,1418590,,,,,,,,,,,,,,,,,,,,,,,,,,,,,,,,,
Land-locked developing countries (LLDC),1954,1431333,,,,,,,,,,,,,,,,,,,,,,,,,,,,,,,,,
Land-locked developing countries (LLDC),1955,1442963,,,,,,,,,,,,,,,,,,,,,,,,,,,,,,,,,
Land-locked developing countries (LLDC),1956,1456078,,,,,,,,,,,,,,,,,,,,,,,,,,,,,,,,,
Land-locked developing countries (LLDC),1957,1537979,,,,,,,,,,,,,,,,,,,,,,,,,,,,,,,,,
Land-locked developing countries (LLDC),1958,1550396,,,,,,,,,,,,,,,,,,,,,,,,,,,,,,,,,
Land-locked developing countries (LLDC),1959,1493937,,,,,,,,,,,,,,,,,,,,,,,,,,,,,,,,,
Land-locked developing countries (LLDC),1960,1508920,,,,,,,,,,,,,,,,,,,,,,,,,,,,,,,,,
Land-locked developing countries (LLDC),1961,1519326,,,,,,,,,,,,,,,,,,,,,,,,,,,,,,,,,
Land-locked developing countries (LLDC),1962,1531538,,,,,,,,,,,,,,,,,,,,,,,,,,,,,,,,,
Land-locked developing countries (LLDC),1963,1553334,,,,,,,,,,,,,,,,,,,,,,,,,,,,,,,,,
Land-locked developing countries (LLDC),1964,1551700,,,,,,,,,,,,,,,,,,,,,,,,,,,,,,,,,
Land-locked developing countries (LLDC),1965,1579074,,,,,,,,,,,,,,,,,,,,,,,,,,,,,,,,,
Land-locked developing countries (LLDC),1966,1633366,,,,,,,,,,,,,,,,,,,,,,,,,,,,,,,,,
Land-locked developing countries (LLDC),1967,1621234,,,,,,,,,,,,,,,,,,,,,,,,,,,,,,,,,
Land-locked developing countries (LLDC),1968,1640853,,,,,,,,,,,,,,,,,,,,,,,,,,,,,,,,,
Land-locked developing countries (LLDC),1969,1665926,,,,,,,,,,,,,,,,,,,,,,,,,,,,,,,,,
Land-locked developing countries (LLDC),1970,1687174,,,,,,,,,,,,,,,,,,,,,,,,,,,,,,,,,
Land-locked developing countries (LLDC),1971,1708599,,,,,,,,,,,,,,,,,,,,,,,,,,,,,,,,,
Land-locked developing countries (LLDC),1972,1780462,,,,,,,,,,,,,,,,,,,,,,,,,,,,,,,,,
Land-locked developing countries (LLDC),1973,1757705,,,,,,,,,,,,,,,,,,,,,,,,,,,,,,,,,
Land-locked developing countries (LLDC),1974,1804131,,,,,,,,,,,,,,,,,,,,,,,,,,,,,,,,,
Land-locked developing countries (LLDC),1975,1828214,,,,,,,,,,,,,,,,,,,,,,,,,,,,,,,,,
Land-locked developing countries (LLDC),1976,1818701,,,,,,,,,,,,,,,,,,,,,,,,,,,,,,,,,
Land-locked developing countries (LLDC),1977,1846528,,,,,,,,,,,,,,,,,,,,,,,,,,,,,,,,,
Land-locked developing countries (LLDC),1978,1881326,,,,,,,,,,,,,,,,,,,,,,,,,,,,,,,,,
Land-locked developing countries (LLDC),1979,1897047,,,,,,,,,,,,,,,,,,,,,,,,,,,,,,,,,
Land-locked developing countries (LLDC),1980,1899556,,,,,,,,,,,,,,,,,,,,,,,,,,,,,,,,,
Land-locked developing countries (LLDC),1981,1887532,,,,,,,,,,,,,,,,,,,,,,,,,,,,,,,,,
Land-locked developing countries (LLDC),1982,1905623,,,,,,,,,,,,,,,,,,,,,,,,,,,,,,,,,
Land-locked developing countries (LLDC),1983,2077365,,,,,,,,,,,,,,,,,,,,,,,,,,,,,,,,,
Land-locked developing countries (LLDC),1984,2138022,,,,,,,,,,,,,,,,,,,,,,,,,,,,,,,,,
Land-locked developing countries (LLDC),1985,2143744,,,,,,,,,,,,,,,,,,,,,,,,,,,,,,,,,
Land-locked developing countries (LLDC),1986,2125037,,,,,,,,,,,,,,,,,,,,,,,,,,,,,,,,,
Land-locked developing countries (LLDC),1987,2054603,,,,,,,,,,,,,,,,,,,,,,,,,,,,,,,,,
Land-locked developing countries (LLDC),1988,2150097,,,,,,,,,,,,,,,,,,,,,,,,,,,,,,,,,
Land-locked developing countries (LLDC),1989,2074948,,,,,,,,,,,,,,,,,,,,,,,,,,,,,,,,,
Land-locked developing countries (LLDC),1990,2136019,,,,,,,,,,,,,,,,,,,,,,,,,,,,,,,,,
Land-locked developing countries (LLDC),1991,2144760,,,,,,,,,,,,,,,,,,,,,,,,,,,,,,,,,
Land-locked developing countries (LLDC),1992,2233234,,,,,,,,,,,,,,,,,,,,,,,,,,,,,,,,,
Land-locked developing countries (LLDC),1993,2297537,,,,,,,,,,,,,,,,,,,,,,,,,,,,,,,,,
Land-locked developing countries (LLDC),1994,2617875,,,,,,,,,,,,,,,,,,,,,,,,,,,,,,,,,
Land-locked developing countries (LLDC),1995,2255843,,,,,,,,,,,,,,,,,,,,,,,,,,,,,,,,,
Land-locked developing countries (LLDC),1996,2277034,,,,,,,,,,,,,,,,,,,,,,,,,,,,,,,,,
Land-locked developing countries (LLDC),1997,2299846,,,,,,,,,,,,,,,,,,,,,,,,,,,,,,,,,
Land-locked developing countries (LLDC),1998,2398116,,,,,,,,,,,,,,,,,,,,,,,,,,,,,,,,,
Land-locked developing countries (LLDC),1999,2307645,,,,,,,,,,,,,,,,,,,,,,,,,,,,,,,,,
Land-locked developing countries (LLDC),2000,2282093,,,,,,,,,,,,,,,,,,,,,,,,,,,,,,,,,
Land-locked developing countries (LLDC),2001,2275875,,,,,,,,,,,,,,,,,,,,,,,,,,,,,,,,,
Land-locked developing countries (LLDC),2002,2263168,,,,,,,,,,,,,,,,,,,,,,,,,,,,,,,,,
Land-locked developing countries (LLDC),2003,2238739,,,,,,,,,,,,,,,,,,,,,,,,,,,,,,,,,
Land-locked developing countries (LLDC),2004,2219857,,,,,,,,,,,,,,,,,,,,,,,,,,,,,,,,,
Land-locked developing countries (LLDC),2005,2206637,,,,,,,,,,,,,,,,,,,,,,,,,,,,,,,,,
Land-locked developing countries (LLDC),2006,2182726,,,,,,,,,,,,,,,,,,,,,,,,,,,,,,,,,
Land-locked developing countries (LLDC),2007,2159132,,,,,,,,,,,,,,,,,,,,,,,,,,,,,,,,,
Land-locked developing countries (LLDC),2008,2125795,,,,,,,,,,,,,,,,,,,,,,,,,,,,,,,,,
Land-locked developing countries (LLDC),2009,2104609,,,,,,,,,,,,,,,,,,,,,,,,,,,,,,,,,
Land-locked developing countries (LLDC),2010,2077650,,,,,,,,,,,,,,,,,,,,,,,,,,,,,,,,,
Land-locked developing countries (LLDC),2011,2053170,,,,,,,,,,,,,,,,,,,,,,,,,,,,,,,,,
Land-locked developing countries (LLDC),2012,2037429,,,,,,,,,,,,,,,,,,,,,,,,,,,,,,,,,
Land-locked developing countries (LLDC),2013,2026007,,,,,,,,,,,,,,,,,,,,,,,,,,,,,,,,,
Land-locked developing countries (LLDC),2014,2027600,,,,,,,,,,,,,,,,,,,,,,,,,,,,,,,,,
Land-locked developing countries (LLDC),2015,2028023,,,,,,,,,,,,,,,,,,,,,,,,,,,,,,,,,
Land-locked developing countries (LLDC),2016,2011405,,,,,,,,,,,,,,,,,,,,,,,,,,,,,,,,,
Land-locked developing countries (LLDC),2017,2019453,,,,,,,,,,,,,,,,,,,,,,,,,,,,,,,,,
Land-locked developing countries (LLDC),2018,2032590,,,,,,,,,,,,,,,,,,,,,,,,,,,,,,,,,
Land-locked developing countries (LLDC),2019,2043901,,,,,,,,,,,,,,,,,,,,,,,,,,,,,,,,,
Land-locked developing countries (LLDC),2020,2227040,,,,,,,,,,,,,,,,,,,,,,,,,,,,,,,,,
Land-locked developing countries (LLDC),2021,2337830,,,,,,,,,,,,,,,,,,,,,,,,,,,,,,,,,
Laos,1950,21670,8863,12546,3683,609,377,475,1219,1220,1261,1280,1188,1042,419,34,618,601,604,616,626,635,644,636,620,568,565,477,297,122,30,4,13155,852,1
Laos,1951,22581,9402,13192,3790,632,387,487,1250,1257,1303,1331,1231,1047,426,35,632,618,621,636,648,655,670,661,647,584,566,481,302,124,30,5,13824,874,1
Laos,1952,22907,9426,13417,3991,643,389,491,1254,1266,1316,1359,1269,1041,428,32,633,621,624,642,657,659,686,673,670,599,559,482,302,126,29,3,14060,880,0
Laos,1953,23160,9466,13577,4111,652,390,494,1255,1272,1328,1386,1306,1035,432,33,632,623,626,646,665,663,701,685,690,616,553,482,304,128,29,4,14229,884,0
Laos,1954,23287,9484,13659,4175,648,391,494,1244,1270,1334,1410,1340,1031,431,33,625,619,624,646,671,663,714,696,708,632,552,479,302,129,30,3,14307,885,0
Laos,1955,23627,9516,13734,4218,674,403,506,1271,1300,1375,1454,1396,1043,435,34,639,632,639,661,692,683,736,718,736,660,562,481,305,130,31,3,14408,909,0
Laos,1956,23818,9560,13796,4236,699,408,507,1273,1304,1389,1481,1434,1051,439,35,642,631,640,664,700,689,746,735,753,681,573,478,306,133,32,3,14495,915,0
Laos,1957,24019,9595,13862,4267,720,415,509,1276,1310,1405,1507,1477,1063,441,37,645,631,642,668,706,699,753,754,770,707,588,475,307,134,33,4,14582,924,0
Laos,1958,24211,9633,13918,4285,735,421,511,1281,1315,1423,1533,1514,1080,443,38,650,631,644,671,711,712,758,775,784,730,608,472,309,134,34,4,14653,932,0
Laos,1959,25486,9681,13984,4303,762,435,602,1672,1572,1588,1648,1609,1126,450,38,858,814,789,783,799,789,814,834,832,777,643,483,314,136,34,4,14746,1037,0
Laos,1960,25627,9727,14038,4311,771,439,605,1668,1569,1597,1665,1642,1150,448,38,857,811,786,783,801,796,818,847,846,796,662,488,312,136,34,4,14809,1044,0
Laos,1961,25973,9798,14141,4343,786,456,621,1690,1587,1623,1702,1692,1188,450,38,869,821,794,793,811,812,837,865,872,820,687,501,312,138,34,4,14927,1077,0
Laos,1962,25339,9867,14233,4366,798,467,554,1346,1371,1517,1657,1699,1214,445,38,685,661,668,703,748,769,814,843,875,824,705,509,307,138,34,4,15031,1021,0
Laos,1963,27149,9934,14319,4385,802,486,700,1948,1750,1743,1805,1811,1286,454,39,1001,947,882,868,873,870,897,908,940,871,749,537,313,141,35,4,15121,1186,0
Laos,1964,27446,10007,14433,4426,813,505,706,1957,1752,1758,1833,1857,1335,454,40,1007,950,882,870,879,879,915,918,965,892,777,558,313,141,36,4,15246,1211,0
Laos,1965,27685,10094,14551,4457,818,517,714,1959,1744,1761,1853,1893,1374,459,40,1013,946,877,867,879,882,925,928,982,911,798,576,318,141,36,4,15369,1231,0
Laos,1966,28234,10219,14754,4535,848,533,744,1996,1767,1796,1902,1955,1430,471,40,1037,959,889,878,895,901,949,953,1010,945,828,602,330,141,36,4,15602,1277,0
Laos,1967,28288,10253,14765,4512,842,528,754,1995,1753,1788,1911,1975,1461,476,40,1044,951,884,869,890,898,949,962,1012,963,840,621,337,139,36,4,15607,1282,0
Laos,1968,28621,10342,14890,4548,855,537,774,2013,1758,1799,1942,2017,1504,489,42,1061,952,889,869,895,904,961,981,1024,993,860,644,350,139,38,4,15745,1311,0
Laos,1969,28985,10443,15031,4588,870,544,805,2027,1764,1811,1975,2058,1551,506,42,1069,958,894,870,901,910,973,1002,1037,1021,882,669,364,142,38,4,15901,1349,0
Laos,1970,29323,10562,15198,4636,876,547,824,2045,1759,1814,1999,2095,1599,523,42,1080,965,892,867,899,915,980,1019,1052,1043,907,692,378,145,38,4,16074,1371,0
Laos,1971,29576,10668,15334,4666,879,547,825,2075,1751,1806,2012,2123,1637,543,42,1102,973,888,863,892,914,983,1029,1064,1059,928,709,394,149,38,4,16213,1372,0
Laos,1972,29892,10770,15477,4707,887,549,830,2111,1749,1809,2029,2157,1686,567,42,1127,984,884,865,891,918,988,1041,1085,1072,957,729,411,156,38,4,16364,1379,0
Laos,1973,30360,10883,15640,4757,910,563,841,2165,1768,1826,2063,2206,1744,590,42,1162,1003,893,875,897,929,1003,1060,1115,1091,993,751,429,161,38,4,16550,1404,0
Laos,1974,29239,11014,15834,4820,921,561,701,1595,1435,1634,1965,2177,1763,609,43,858,737,702,733,788,846,947,1018,1099,1078,1003,760,441,168,39,4,16755,1262,0
Laos,1975,29564,11120,15986,4866,930,562,709,1630,1444,1633,1979,2214,1808,630,41,881,749,709,735,785,848,951,1028,1119,1095,1026,782,455,175,38,3,16916,1271,0
Laos,1976,30526,11223,16209,4986,981,592,765,1800,1540,1704,2056,2303,1882,656,37,966,834,764,776,823,881,988,1068,1165,1138,1065,817,475,181,36,1,17190,1357,0
Laos,1977,30613,11226,16242,5016,987,592,766,1804,1527,1689,2060,2333,1915,667,33,961,843,762,765,816,873,988,1072,1176,1157,1076,839,483,184,33,0,17229,1358,0
Laos,1978,30830,11200,16228,5028,1012,608,782,1829,1534,1697,2083,2381,1960,681,29,969,860,770,764,821,876,997,1086,1194,1187,1093,867,494,187,29,0,17240,1390,0
Laos,1979,30190,11008,15904,4896,982,589,761,1778,1462,1629,2034,2370,1964,688,28,934,844,733,729,786,843,970,1064,1182,1188,1089,875,499,189,28,0,16886,1350,0
Laos,1980,29269,10835,15558,4723,939,566,706,1604,1346,1535,1967,2346,1972,703,28,838,766,671,675,736,799,931,1036,1162,1184,1087,885,509,194,28,0,16497,1272,0
Laos,1981,29109,10771,15391,4620,931,561,706,1585,1337,1508,1956,2366,2008,728,30,833,752,672,665,721,787,922,1034,1168,1198,1106,902,526,202,30,0,16322,1267,0
Laos,1982,28898,10764,15285,4521,905,550,696,1551,1316,1467,1930,2370,2036,755,36,818,733,665,651,697,770,903,1027,1164,1206,1124,912,545,210,36,0,16190,1246,0
Laos,1983,29045,10815,15266,4451,903,552,702,1566,1333,1465,1935,2402,2086,792,42,830,736,678,655,694,771,901,1034,1176,1226,1154,932,571,221,42,0,16169,1254,0
Laos,1984,29230,10863,15293,4430,898,554,707,1579,1345,1462,1940,2438,2145,830,48,839,740,695,650,691,771,900,1040,1190,1248,1189,956,597,233,47,1,16191,1261,0
Laos,1985,29369,10884,15291,4407,889,552,709,1587,1357,1456,1940,2464,2199,866,52,844,743,704,653,688,768,898,1042,1200,1264,1218,981,619,247,51,1,16180,1261,0
Laos,1986,29488,10897,15274,4377,883,551,711,1601,1366,1454,1940,2494,2250,901,60,852,749,702,664,691,763,895,1045,1210,1284,1243,1007,639,262,57,3,16157,1262,0
Laos,1987,29775,10899,15245,4346,896,561,726,1640,1402,1473,1963,2539,2322,938,66,872,768,715,687,705,768,907,1056,1230,1309,1278,1044,660,278,62,4,16141,1287,0
Laos,1988,29952,10866,15150,4284,904,565,737,1674,1434,1490,1979,2581,2393,975,74,888,786,726,708,718,772,916,1063,1246,1335,1311,1082,680,295,68,6,16054,1302,0
Laos,1989,30187,10808,15056,4248,916,569,751,1721,1483,1507,2001,2627,2464,1012,79,912,809,743,740,726,781,928,1073,1266,1361,1343,1121,703,309,73,6,15972,1320,0
Laos,1990,30368,10748,14954,4206,925,569,763,1763,1519,1527,2015,2663,2530,1050,85,933,830,758,761,737,790,934,1081,1280,1383,1372,1158,727,323,77,8,15879,1332,0
Laos,1991,30087,10633,14759,4126,906,552,741,1703,1477,1517,1997,2674,2583,1088,87,900,803,738,739,735,782,921,1076,1278,1396,1396,1187,752,336,81,6,15665,1293,0
Laos,1992,30154,10497,14557,4060,921,558,748,1726,1498,1556,2014,2711,2646,1130,91,912,814,750,748,757,799,924,1090,1291,1420,1425,1221,782,348,85,6,15478,1306,0
Laos,1993,30122,10278,14272,3994,930,564,754,1746,1522,1590,2033,2744,2706,1168,95,920,826,765,757,779,811,929,1104,1301,1443,1454,1252,811,357,88,7,15202,1318,0
Laos,1994,30128,9968,13900,3932,958,581,769,1786,1563,1641,2067,2790,2770,1210,96,940,846,785,778,816,825,944,1123,1320,1470,1485,1285,841,369,91,5,14858,1350,0
Laos,1995,29667,9570,13328,3758,948,580,763,1781,1567,1662,2073,2803,2820,1246,98,938,843,788,779,830,832,949,1124,1323,1480,1508,1312,866,380,94,4,14276,1343,0
Laos,1996,29336,9200,12798,3598,947,585,764,1788,1580,1691,2093,2830,2876,1284,99,942,846,794,786,835,856,963,1130,1333,1497,1534,1342,892,392,94,5,13745,1349,0
Laos,1997,29189,8818,12249,3431,966,605,782,1830,1628,1748,2135,2878,2944,1325,101,964,866,816,812,856,892,991,1144,1359,1519,1567,1377,919,406,97,4,13215,1387,0
Laos,1998,29235,8474,11722,3248,975,615,789,1844,1663,1800,2176,2940,3085,1472,153,969,875,830,833,876,924,1015,1161,1387,1553,1629,1456,1001,471,136,17,12697,1404,0
Laos,1999,29300,8189,11253,3064,972,622,798,1845,1685,1856,2206,2991,3217,1631,225,968,877,837,848,896,960,1029,1177,1410,1581,1682,1535,1088,543,182,43,12225,1420,0
Laos,2000,29186,7759,10657,2898,953,625,801,1831,1689,1888,2240,3034,3339,1806,323,960,871,833,856,907,981,1046,1194,1425,1609,1727,1612,1179,627,240,83,11610,1426,0
Laos,2001,28960,7390,10104,2714,907,618,794,1788,1661,1889,2270,3051,3437,1991,443,941,847,814,847,906,983,1065,1205,1427,1624,1758,1679,1273,718,308,135,11011,1412,7
Laos,2002,29017,7000,9570,2570,879,624,804,1785,1663,1925,2320,3093,3542,2195,579,943,842,812,851,921,1004,1097,1223,1442,1651,1794,1748,1372,823,391,188,10449,1428,33
Laos,2003,29291,6676,9081,2405,866,639,826,1811,1686,1985,2393,3145,3648,2413,738,961,850,821,865,946,1039,1137,1256,1466,1679,1833,1815,1473,940,489,249,9947,1465,59
Laos,2004,29849,6410,8647,2237,867,661,863,1871,1729,2068,2489,3222,3769,2650,930,999,872,842,887,983,1085,1191,1298,1506,1716,1884,1885,1581,1069,607,323,9514,1524,88
Laos,2005,29711,6111,8161,2050,820,634,854,1829,1667,2055,2515,3226,3813,2859,1154,983,846,808,859,968,1087,1202,1313,1511,1715,1899,1914,1663,1196,739,415,8981,1488,119
Laos,2006,29399,5964,7879,1915,791,610,864,1856,1662,2074,2584,3263,3858,2854,996,1001,855,805,857,972,1102,1236,1348,1528,1735,1924,1934,1674,1180,671,325,8670,1474,111
Laos,2007,28843,5743,7542,1799,749,574,850,1841,1631,2064,2636,3285,3895,2837,851,995,846,791,840,961,1103,1261,1375,1540,1745,1940,1955,1678,1159,611,240,8291,1424,86
Laos,2008,28223,5496,7182,1686,693,531,817,1806,1583,2026,2671,3298,3924,2855,779,977,829,768,815,934,1092,1271,1400,1549,1749,1946,1978,1695,1160,592,187,7875,1348,63
Laos,2009,27976,5264,6833,1569,657,507,795,1804,1567,2022,2738,3346,3975,2916,769,975,829,762,805,924,1098,1297,1441,1579,1767,1962,2013,1731,1185,606,163,7490,1302,45
Laos,2010,27540,5011,6452,1441,604,472,749,1757,1520,1978,2769,3379,4007,2995,824,947,810,741,779,895,1083,1301,1468,1606,1773,1968,2039,1769,1226,649,175,7056,1221,32
Laos,2011,26653,4772,6126,1354,526,411,664,1605,1382,1853,2721,3352,3984,3075,932,864,741,673,709,827,1026,1259,1462,1603,1749,1946,2038,1801,1274,713,219,6652,1075,24
Laos,2012,26679,4524,5777,1253,500,390,632,1583,1373,1844,2788,3435,4031,3210,1096,846,737,669,704,819,1025,1278,1510,1656,1779,1965,2066,1862,1348,798,298,6277,1022,22
Laos,2013,26867,4325,5490,1165,480,373,609,1554,1370,1840,2853,3534,4074,3354,1304,821,733,669,701,816,1024,1295,1558,1716,1818,1986,2088,1922,1432,899,405,5970,982,31
Laos,2014,27064,4131,5192,1061,454,351,588,1510,1361,1832,2907,3644,4108,3512,1545,789,721,666,695,811,1021,1306,1601,1776,1868,2004,2104,1981,1531,1011,534,5646,939,63
Laos,2015,27451,3997,4967,970,435,333,570,1471,1363,1830,2964,3775,4142,3662,1812,761,710,667,696,810,1020,1320,1644,1844,1931,2028,2114,2029,1633,1134,678,5402,903,123
Laos,2016,26733,3877,4790,913,416,319,556,1437,1360,1831,3006,3905,4142,3446,1407,741,696,665,695,810,1021,1330,1676,1907,1998,2051,2091,1950,1496,923,484,5206,875,122
Laos,2017,26163,3717,4603,886,396,307,538,1398,1355,1833,3041,4033,4161,3269,1129,718,680,662,693,809,1024,1336,1705,1966,2067,2085,2076,1881,1388,777,352,4999,845,101
Laos,2018,25890,3582,4453,871,385,301,524,1372,1360,1845,3087,4186,4218,3140,937,705,667,661,699,812,1033,1349,1738,2035,2151,2138,2080,1832,1308,677,260,4838,825,77
Laos,2019,25610,3427,4247,820,368,291,504,1338,1359,1855,3119,4333,4300,3038,802,688,650,657,702,815,1040,1356,1763,2098,2235,2206,2094,1796,1242,605,197,4615,795,57
Laos,2020,25535,3313,4091,778,357,276,411,1072,1192,1792,3227,4728,4551,3073,724,555,517,555,637,776,1016,1374,1853,2273,2455,2398,2153,1824,1249,566,158,4448,687,41
Laos,2021,26742,3200,3938,738,349,271,422,1124,1268,1944,3456,5189,4926,3159,664,576,548,588,680,833,1111,1479,1977,2460,2729,2623,2303,1903,1256,533,131,4287,693,29
Latin America and the Caribbean (UN),1950,1578717,563019,795602,232583,63251,28265,39694,91610,81998,89467,100170,115091,103832,57712,11552,47364,44246,40454,41544,43192,46275,49512,50658,58206,56885,55154,48678,36265,21447,8919,2633,858853,67959,471
Latin America and the Caribbean (UN),1951,1585597,569378,805877,236499,63474,27803,39581,92622,81510,89554,100003,115778,103501,55511,10023,48312,44310,39811,41699,43235,46319,49886,50117,58333,57445,55225,48276,35299,20212,8013,2010,869351,67384,359
Latin America and the Caribbean (UN),1952,1579156,569891,805197,235306,62153,27272,38916,92520,80476,89047,100316,116204,102921,54231,9569,48354,44166,39351,41125,42935,46112,50040,50276,57972,58232,55260,47661,34744,19487,7664,1905,867350,66188,333
Latin America and the Caribbean (UN),1953,1579867,569916,803595,233679,63132,26978,38216,91789,79681,88972,102125,118043,103742,53875,9396,47818,43971,39232,40449,42749,46223,50621,51504,58211,59832,56135,47607,34755,19120,7476,1920,866727,65194,322
Latin America and the Caribbean (UN),1954,1575070,570051,801734,231683,62093,26760,37635,90609,78779,88325,103200,118627,104182,53486,9320,46971,43638,39166,39613,42242,46083,50863,52337,57977,60650,56779,47403,34631,18855,7343,1977,863827,64395,320
Latin America and the Caribbean (UN),1955,1580622,569403,798666,229263,62249,26621,37411,90030,78987,88895,105958,121102,106983,53999,9397,46483,43547,39468,39519,42323,46572,51538,54420,58992,62110,58681,48302,35038,18961,7337,2060,860915,64032,321
Latin America and the Caribbean (UN),1956,1576733,568516,794991,226475,62417,26500,37161,88798,78472,88034,106661,121410,108387,54071,9495,45723,43075,39278,39194,41591,46443,51566,55095,59268,62142,59733,48654,35059,19012,7338,2157,857408,63661,335
Latin America and the Caribbean (UN),1957,1581955,567690,790868,223178,62691,26440,37151,87745,78341,87988,108969,124104,112439,55154,9699,45228,42517,39140,39201,41292,46696,52160,56809,60996,63108,62274,50165,35737,19417,7442,2257,853559,63591,366
Latin America and the Caribbean (UN),1958,1578878,566530,786903,220373,63229,26626,37199,86786,78155,87193,109224,123938,113865,55415,9922,44883,41903,38929,39226,40779,46414,52070,57154,61517,62421,63202,50663,35814,19601,7527,2395,850132,63825,421
Latin America and the Caribbean (UN),1959,1584728,564260,781147,216887,62782,26968,37234,85713,78410,87365,111531,127392,118716,56977,10092,44509,41204,38869,39541,40689,46676,52948,58583,63720,63672,65860,52856,36871,20106,7700,2392,843929,64202,400
Latin America and the Caribbean (UN),1960,1586823,562225,775856,213631,63000,27275,37358,85248,78564,87096,112675,129977,121328,57809,10210,44523,40725,38732,39832,40469,46627,53350,59325,65442,64535,66971,54357,37513,20296,7776,2434,838856,64633,424
Latin America and the Caribbean (UN),1961,1587638,560147,770623,210476,62583,27495,37428,84561,78403,86829,113761,133177,124290,58530,9582,44343,40218,38547,39856,40565,46264,53880,59881,67131,66046,68013,56277,38316,20214,7419,2163,833206,64923,374
Latin America and the Caribbean (UN),1962,1595033,557969,765481,207512,62477,27899,37671,84405,78787,87724,115898,137597,127900,59669,9174,44445,39960,38617,40170,41086,46638,54927,60971,69276,68321,69250,58650,39374,20295,7196,1978,827958,65570,349
Latin America and the Caribbean (UN),1963,1605110,555392,760548,205156,62860,28335,38080,84326,78915,88382,117984,142559,132079,61689,9026,44459,39867,38422,40493,41653,46729,55725,62259,71496,71063,70757,61322,40912,20777,7165,1861,823408,66415,325
Latin America and the Caribbean (UN),1964,1607012,550273,751788,201515,62299,28247,38593,84493,78441,88563,118999,146591,135882,63860,8970,44602,39891,38102,40339,42095,46468,56001,62998,72914,73677,72241,63641,42519,21341,7217,1753,814087,66840,285
Latin America and the Caribbean (UN),1965,1615591,543736,742268,198532,62557,28521,39791,86696,79116,89585,120625,151015,139661,66454,9034,45878,40818,38364,40752,42788,46797,56422,64203,74567,76448,74000,65661,44373,22081,7325,1709,804825,68312,268
Latin America and the Caribbean (UN),1966,1618615,538826,732468,193642,63162,28849,40414,86100,78640,90372,121624,154598,143590,69381,9160,45579,40521,37901,40739,43126,47246,56505,65119,75557,79041,76189,67401,46475,22906,7472,1688,795630,69263,257
Latin America and the Caribbean (UN),1967,1624045,529368,718833,189465,63576,29207,41365,87299,78964,91885,123441,159122,148042,72686,9379,46291,41008,38027,40937,43924,47961,56954,66487,77235,81887,78906,69136,48844,23842,7705,1674,782409,70572,245
Latin America and the Caribbean (UN),1968,1630902,519305,704070,184765,63719,29483,42230,89071,79331,93784,125493,163878,153582,76328,9698,47494,41577,38267,41064,44502,49282,57472,68021,78980,84898,82389,71193,51410,24918,8005,1693,767789,71713,234
Latin America and the Caribbean (UN),1969,1639551,510986,691155,180169,63571,29726,42972,91255,79896,95338,127024,168509,159663,80071,10135,49069,42186,38690,41206,45133,50205,57908,69116,80692,87817,86179,73484,53917,26154,8380,1755,754726,72698,235
Latin America and the Caribbean (UN),1970,1667289,506685,687165,180480,66664,32766,45533,95760,82225,97880,129223,172125,164241,82871,10611,51866,43894,40073,42152,46211,51669,58963,70260,82438,89687,89047,75194,55563,27308,8775,1836,753829,78299,222
Latin America and the Caribbean (UN),1971,1640141,495537,665369,169832,61556,30080,44119,94717,80355,96995,128448,173489,168545,85407,10836,51537,43180,39293,41062,45582,51413,58731,69717,83009,90480,91531,77014,56919,28488,8950,1886,726925,74199,225
Latin America and the Caribbean (UN),1972,1651594,489254,654658,165404,60307,30539,45129,97311,81701,98701,130252,177177,174746,89376,11448,53093,44218,40079,41622,46270,52431,60109,70143,84770,92407,94775,79971,58963,30413,9422,2026,714965,75668,248
Latin America and the Caribbean (UN),1973,1648303,480484,640301,159817,57803,30172,45494,99211,82108,98364,130415,178782,179926,93230,12217,54077,45134,40382,41726,45862,52502,60613,69802,85393,93389,97324,82602,60793,32437,10058,2159,698104,75666,277
Latin America and the Caribbean (UN),1974,1652597,471883,628022,156139,56509,30298,46052,101027,83000,98782,131771,180952,185656,97174,13051,54845,46182,40835,42165,45846,52936,61732,70039,86197,94755,100048,85608,62829,34345,10774,2277,684531,76350,302
Latin America and the Caribbean (UN),1975,1652073,461676,611833,150157,53686,29671,46465,103583,84424,99612,133090,183060,190788,101335,14192,55878,47705,41565,42859,45991,53621,62590,70500,86747,96313,102259,88529,65088,36247,11730,2462,665519,76136,333
Latin America and the Caribbean (UN),1976,1677413,455176,602547,147371,53411,30476,48170,108669,87665,102285,136832,186935,197729,106646,15669,58347,50322,43269,44396,47257,55028,64496,72336,87889,99046,105311,92418,68301,38345,12949,2720,655958,78646,379
Latin America and the Caribbean (UN),1977,1675933,445171,585899,140728,50689,29351,48456,111636,89374,103333,138515,187943,201770,111230,17290,59805,51831,44259,45115,47779,55554,65239,73276,87890,100053,106648,95122,71091,40139,14233,3057,636588,77807,447
Latin America and the Caribbean (UN),1978,1691610,435734,571950,136216,49586,29108,49940,117366,92969,105667,141668,189983,207153,116510,19227,62790,54576,46324,46645,49175,56492,66621,75047,88302,101681,108627,98526,74471,42039,15641,3586,621536,79048,483
Latin America and the Caribbean (UN),1979,1708120,425367,556878,131511,48416,28807,51319,123431,96539,107559,144561,192852,213595,122291,21361,66087,57344,48613,47926,50258,57301,67769,76792,89180,103672,111188,102407,78253,44038,17113,4248,605294,80126,510
Latin America and the Caribbean (UN),1980,1715717,413853,540488,126635,47158,28388,51729,125197,98221,108460,147110,195538,220556,128467,23770,67009,58188,49706,48515,50913,57547,68648,78462,90349,105189,114129,106427,82221,46246,18627,5143,587646,80117,635
Latin America and the Caribbean (UN),1981,1717622,401274,521374,120100,45205,27664,52382,130384,101215,109424,148919,197383,225237,132792,24876,69785,60599,51793,49422,51572,57852,69431,79488,91464,105919,116147,109090,85030,47762,19241,5635,566579,80046,767
Latin America and the Caribbean (UN),1982,1728561,390613,507997,117384,44858,27700,52634,133145,103578,110587,151940,201448,231514,137745,24585,70973,62172,53280,50298,52133,58454,70468,81472,93941,107507,119285,112229,88378,49367,19112,5473,552855,80334,828
Latin America and the Caribbean (UN),1983,1708366,376085,486200,110115,42844,26826,50792,129878,102673,109381,152150,203262,236210,142668,24623,69013,60865,52870,49803,51504,57877,70110,82040,95307,107955,121525,114685,91452,51216,19156,5467,529044,77618,859
Latin America and the Caribbean (UN),1984,1707844,363369,468487,105118,41633,26403,49978,130100,104166,110067,153730,207244,241987,148184,24985,68766,61334,53485,50681,51812,58255,70477,83253,97763,109481,124195,117792,94776,53408,19372,5613,510120,76381,880
Latin America and the Caribbean (UN),1985,1705312,351700,453270,101570,41725,26952,49810,130348,105832,110388,154039,209378,244683,152319,25680,68549,61799,54320,51512,51971,58417,70224,83815,99171,110207,125105,119578,96992,55327,19794,5886,494995,76762,888
Latin America and the Caribbean (UN),1986,1688711,339006,434568,95562,39739,25883,48626,129167,106568,109955,153373,210622,246182,156314,26752,67499,61668,54572,51996,51796,58159,69599,83774,99788,110834,125190,120992,98930,57384,20598,6154,474307,74509,961
Latin America and the Caribbean (UN),1987,1686444,326663,417578,90915,38716,25651,48539,130382,109220,110831,153545,213365,248378,160888,28094,67654,62728,55906,53314,52422,58409,69597,83948,100899,112466,125498,122880,101146,59742,21714,6380,456294,74190,1256
Latin America and the Caribbean (UN),1988,1683389,314475,400847,86372,37509,25386,48130,129659,111020,112253,154143,216567,250777,165831,29740,66765,62894,56728,54292,53325,58928,69848,84295,102113,114454,125885,124892,103598,62233,23048,6692,438356,73516,1526
Latin America and the Caribbean (UN),1989,1694422,302570,384497,81927,36137,25150,48930,133040,115240,115728,156192,220952,253906,171195,31648,68165,64875,58978,56262,55429,60299,70974,85218,103923,117029,126929,126977,106445,64750,24542,7106,420634,74080,1807
Latin America and the Caribbean (UN),1990,1714455,290362,367817,77455,35084,25302,49519,133975,118710,119855,159437,228036,261498,179062,34072,68258,65717,60619,58091,57776,62079,72839,86598,106700,121336,130534,130964,110990,68072,26342,7730,402901,74821,2088
Latin America and the Caribbean (UN),1991,1718441,278203,351569,73366,33631,24956,49722,134319,121398,122492,160703,231519,266035,184627,35191,68355,65964,61835,59563,59494,62998,73730,86973,107954,123565,133090,132945,114196,70431,27359,7832,385200,74678,2278
Latin America and the Caribbean (UN),1992,1724101,265469,334415,68946,31783,24420,49722,134853,123991,125619,162455,235556,272331,190603,36267,68639,66214,62978,61013,61264,64355,74693,87762,109412,126144,136904,135427,117764,72839,28438,7829,366198,74142,2085
Latin America and the Caribbean (UN),1993,1732669,253740,318252,64512,30572,23889,49582,134516,126123,128964,165022,239893,279434,197226,37496,68524,65992,63735,62388,62910,66054,76019,89003,110788,129105,141219,138215,121727,75499,29673,7823,348824,73471,1699
Latin America and the Caribbean (UN),1994,1730197,241813,302062,60249,28770,23239,49206,133615,127607,131754,166483,241271,283895,201742,38974,68192,65423,64181,63426,63968,67786,76891,89592,110835,130436,144196,139699,124170,77572,30760,8214,330832,72445,1579
Latin America and the Caribbean (UN),1995,1748402,230417,286555,56138,27383,22688,49150,133672,129473,135801,170322,246643,293638,210106,41440,68371,65301,64813,64660,65673,70128,78708,91614,112757,133886,149352,144286,128736,81370,32527,8913,313938,71838,1531
Latin America and the Caribbean (UN),1996,1752775,218881,271250,52369,26212,22102,48690,132803,129908,138449,172586,249184,300675,215655,43630,67992,64811,64695,65213,66680,71769,79892,92694,113362,135822,152573,148102,131569,84086,33821,9809,297462,70792,1631
Latin America and the Caribbean (UN),1997,1763115,207689,256535,48846,25181,21548,48123,132030,130110,141440,175778,252715,309293,222583,45986,67498,64532,64451,65659,67944,73496,81489,94289,114487,138228,156422,152871,135127,87456,35297,10689,281716,69671,1792
Latin America and the Caribbean (UN),1998,1778655,198605,246551,47946,26328,21997,48151,131801,130074,144046,178924,255365,317006,228197,48022,67321,64480,64050,66024,69070,74976,83174,95750,115727,139638,159499,157507,137976,90221,36536,11486,272879,70148,2190
Latin America and the Caribbean (UN),1999,1782670,187391,230052,42661,23153,20598,47022,130788,129476,146375,182600,258637,325548,235364,50275,66684,64104,63347,66129,70079,76296,85376,97224,117256,141381,162702,162846,141970,93394,38089,12186,253205,67620,2781
Latin America and the Caribbean (UN),2000,1811137,177101,216814,39713,22444,20330,46768,131348,130277,150568,189130,265257,337200,244678,52945,66950,64398,63377,66900,71916,78652,89022,100108,120629,144628,167878,169322,147648,97030,39935,13010,239258,67098,3378
Latin America and the Caribbean (UN),2001,1831756,167473,204896,37423,21713,19957,46089,131127,130364,153541,194884,270646,346616,253187,55042,66751,64376,63217,67147,73091,80450,92169,102715,123457,147189,171996,174620,152944,100243,41741,13301,226609,66046,3692
Latin America and the Caribbean (UN),2002,1839433,157808,192673,34865,20611,19263,44524,128799,128865,155224,199461,274355,353905,261002,56952,65311,63488,62351,66514,73537,81687,94552,104909,125275,149080,174948,178957,157872,103130,43438,13514,213284,63787,3798
Latin America and the Caribbean (UN),2003,1859197,148680,181259,32579,19825,18635,43452,127602,128324,157511,205421,279917,362604,271446,59419,64431,63171,62161,66163,74163,83348,97343,108078,128118,151799,178302,184302,164395,107051,45504,13915,201084,62087,3782
Latin America and the Caribbean (UN),2004,1870923,142328,173495,31167,19045,18110,42468,126079,127589,159057,209786,283197,367342,279561,61442,63255,62824,61990,65599,74555,84502,99024,110762,129723,153474,179851,187491,169364,110197,47092,14350,192540,60578,3751
Latin America and the Caribbean (UN),2005,1870758,135194,164022,28828,17686,17166,41055,123566,125852,158682,212537,285270,369966,287475,63755,61520,62046,61312,64540,73940,84742,99678,112859,130738,154532,180058,189908,173817,113658,48880,14875,181708,58221,3726
Latin America and the Caribbean (UN),2006,1896302,128514,155465,26951,16562,16566,40519,123671,126772,160875,218671,291080,376856,298895,66644,61104,62567,61953,64819,74618,86257,102186,116485,133658,157422,182591,194265,180247,118648,51095,15549,172027,57085,3726
Latin America and the Caribbean (UN),2007,1933957,122721,148264,25543,15621,16032,40062,123788,127988,163087,225375,299144,386743,313301,70696,60730,63058,62647,65341,75075,88012,104819,120556,137764,161380,186492,200251,188130,125171,54137,16559,163885,56094,3856
Latin America and the Caribbean (UN),2008,1954147,117246,141551,24305,14692,15466,39662,123641,128997,164074,230152,304228,391223,323089,73456,60472,63169,63262,65735,75071,89003,106882,123270,140755,163473,188436,202787,193078,130011,56224,17232,156243,55128,3916
Latin America and the Caribbean (UN),2009,1979433,112794,135826,23032,13705,14801,38986,122681,129446,164899,234786,311033,397881,334762,76695,59854,62827,63446,66000,74993,89906,108834,125952,144831,166202,191536,206345,198864,135898,58851,17844,149531,53787,3931
Latin America and the Caribbean (UN),2010,2058654,111270,138499,27229,17061,17681,41357,126493,134070,170077,244576,323969,410880,349411,80637,61922,64571,65764,68306,77081,92996,113259,131317,151938,172031,198149,212731,206504,142907,62016,18621,155560,59038,3942
Latin America and the Caribbean (UN),2011,2038905,105300,126602,21302,12357,13499,37470,118679,129164,166396,245677,328755,415157,357902,83332,57979,60700,62957,66207,74981,91415,113086,132591,154895,173860,200288,214869,210408,147494,64217,19115,138959,50969,3913
Latin America and the Caribbean (UN),2012,2072712,101380,121606,20226,11627,12701,36339,115361,127916,166845,251506,338875,425831,371446,88501,56401,58960,62069,65847,75000,91845,115225,136281,159906,178969,205635,220196,216999,154447,68057,20444,133233,49040,4157
Latin America and the Caribbean (UN),2013,2086904,98028,117475,19447,11102,11886,34922,111300,125557,165910,254864,346835,432322,379016,91412,54490,56810,60544,65013,74568,91342,116126,138738,163892,182943,209035,223287,220404,158612,70391,21021,128577,46808,4303
Latin America and the Caribbean (UN),2014,2110278,95353,114076,18723,10638,11169,33654,108519,124090,165691,258853,355959,439903,387901,95328,53074,55445,59442,64648,74614,91077,117245,141608,167452,188507,212678,227225,224391,163510,73470,21858,124714,44823,4496
Latin America and the Caribbean (UN),2015,2172237,92570,110587,18017,10360,10750,32877,107985,125433,169195,267959,372655,456004,402928,100827,52632,55353,59608,65825,76342,92853,120788,147171,174744,197911,220562,235442,232117,170811,77749,23078,120947,43627,4674
Latin America and the Caribbean (UN),2016,2254137,89065,106541,17476,10185,10518,32404,109680,128795,174938,278895,393433,475336,420893,107511,53273,56407,60819,67976,79192,95746,125126,153769,183857,209576,230264,245072,241734,179159,82718,24793,116726,42922,5008
Latin America and the Caribbean (UN),2017,2274217,86605,103617,17012,10027,10207,31281,109066,128706,175803,280811,401171,480156,426185,111804,52674,56392,60572,68134,79695,96108,125306,155505,187055,214116,233308,246848,243984,182201,85529,26275,113644,41488,5382
Latin America and the Caribbean (UN),2018,2324783,83856,100191,16335,9752,9911,30118,108939,129914,178808,285558,415162,493440,439450,118178,52169,56770,61012,68902,80992,97816,126772,158786,193103,222059,240951,252489,250773,188677,89816,28362,109943,40029,5361
Latin America and the Caribbean (UN),2019,2363539,80285,95977,15692,9329,9493,28533,106708,129162,179878,288351,425806,508909,452312,123918,50566,56142,60662,68500,81160,98718,127200,161151,197875,227931,250175,258734,257885,194427,93342,30576,105306,38026,5162
Latin America and the Caribbean (UN),2020,2859532,76734,91704,14970,7953,10068,37560,127414,147266,219418,372521,557559,623650,526691,132682,62902,64512,68389,78877,96543,122875,162086,210435,262662,294897,312553,311097,306897,219794,101578,31104,99657,47628,5045
Latin America and the Caribbean (UN),2021,3107521,73916,88658,14742,7976,10055,36326,132693,163726,253762,423202,613122,676016,559035,137533,63908,68785,74587,89139,111902,141860,183574,239628,290064,323058,340800,335216,328127,230908,105235,32298,96634,46381,5413
Latvia,1950,10077,471,584,113,64,60,122,318,370,828,1113,2087,2743,1575,207,174,144,128,242,357,471,468,645,946,1141,1454,1289,1023,552,178,29,648,182,3
Latvia,1951,9951,458,572,114,63,59,120,333,359,829,1120,2030,2689,1562,213,179,154,131,228,346,483,490,630,917,1113,1411,1278,1007,555,185,28,635,179,3
Latvia,1952,10060,461,576,115,61,59,122,358,352,843,1163,2024,2697,1581,223,186,172,139,213,343,500,530,633,913,1111,1385,1312,1010,571,191,32,637,181,4
Latvia,1953,10145,447,564,117,62,58,124,379,350,847,1215,2024,2695,1591,232,188,191,151,199,342,505,578,637,908,1116,1348,1347,1007,584,198,34,626,182,4
Latvia,1954,10272,458,574,116,65,56,128,400,355,845,1277,2023,2699,1607,242,190,210,164,191,340,505,627,650,908,1115,1324,1375,1012,595,206,36,639,184,3
Latvia,1955,10240,455,568,113,65,54,130,413,358,821,1321,2003,2649,1606,245,188,225,176,182,327,494,664,657,901,1102,1285,1364,1010,596,208,37,633,184,3
Latvia,1956,10329,440,554,114,68,54,132,429,378,801,1392,1992,2639,1635,250,189,240,191,187,314,487,696,696,899,1093,1279,1360,1030,605,212,38,622,186,3
Latvia,1957,10162,433,542,109,67,51,131,429,403,754,1426,1938,2545,1625,248,186,243,209,194,287,467,700,726,875,1063,1238,1307,1030,595,210,38,609,182,3
Latvia,1958,10323,452,561,109,67,51,130,439,442,733,1495,1942,2535,1670,256,193,246,231,211,268,465,708,787,881,1061,1246,1289,1066,604,217,39,628,181,3
Latvia,1959,10151,453,560,107,64,51,125,433,465,692,1505,1900,2438,1657,254,194,239,247,218,249,443,684,821,867,1033,1203,1235,1059,598,216,38,624,176,3
Latvia,1960,9992,435,542,107,64,51,119,427,490,658,1506,1869,2362,1646,258,194,233,261,229,236,422,657,849,860,1009,1171,1191,1046,600,219,39,606,170,3
Latvia,1961,10204,443,551,108,63,54,115,436,527,651,1541,1925,2377,1686,272,198,238,280,247,246,405,649,892,910,1015,1174,1203,1059,627,231,41,614,169,3
Latvia,1962,10906,462,578,116,67,57,119,467,595,676,1642,2096,2506,1799,296,214,253,309,286,277,399,673,969,1024,1072,1240,1266,1113,686,251,45,645,176,4
Latvia,1963,10636,421,534,113,65,56,115,457,605,650,1582,2098,2423,1752,294,205,252,300,305,290,360,643,939,1059,1039,1196,1227,1067,685,250,44,599,171,4
Latvia,1964,10171,382,487,105,63,53,111,441,601,617,1476,2061,2292,1674,291,192,249,285,316,291,326,596,880,1067,994,1133,1159,1007,667,247,44,550,164,4
Latvia,1965,10918,369,478,109,68,56,123,471,666,667,1534,2279,2447,1797,325,198,273,304,362,330,337,615,919,1200,1079,1211,1236,1070,727,276,49,546,179,4
Latvia,1966,11081,365,467,102,68,56,130,473,696,703,1490,2385,2447,1814,341,194,279,309,387,354,349,586,904,1248,1137,1209,1238,1077,737,288,53,535,186,4
Latvia,1967,11499,368,469,101,72,57,139,487,732,779,1464,2552,2512,1865,365,197,290,321,411,398,381,557,907,1309,1243,1242,1270,1105,760,308,57,541,196,4
Latvia,1968,12118,388,489,101,74,61,147,508,777,881,1472,2749,2617,1945,395,209,299,346,431,455,426,538,934,1363,1386,1295,1322,1155,790,331,64,563,208,5
Latvia,1969,12773,393,495,102,77,65,153,533,827,991,1493,2947,2751,2018,417,226,307,378,449,518,473,537,956,1404,1543,1368,1383,1196,822,350,67,572,218,5
Latvia,1970,12716,410,509,99,72,64,150,527,828,1046,1431,2961,2732,1975,414,234,293,385,443,551,495,518,913,1355,1606,1370,1362,1173,802,347,67,581,214,5
Latvia,1971,12801,411,511,100,68,65,148,528,837,1106,1393,2975,2780,1964,419,247,281,392,445,581,525,534,859,1319,1656,1430,1350,1165,799,350,69,579,213,6
Latvia,1972,13296,408,513,105,68,67,152,547,867,1203,1403,3070,2947,2018,438,263,284,406,461,617,586,584,819,1328,1742,1563,1384,1201,817,365,73,581,219,6
Latvia,1973,13611,410,515,105,66,68,156,563,887,1276,1405,3093,3091,2040,443,272,291,405,482,625,651,637,768,1327,1766,1692,1399,1214,826,369,74,581,224,6
Latvia,1974,13818,422,528,106,65,67,160,573,897,1336,1410,3055,3228,2041,449,273,300,395,502,625,711,674,736,1303,1752,1810,1418,1220,821,374,75,593,227,7
Latvia,1975,14808,445,558,113,70,69,172,624,957,1476,1522,3165,3557,2159,474,290,334,404,553,662,814,757,765,1340,1825,2025,1532,1295,864,394,80,628,241,7
Latvia,1976,15041,441,555,114,71,67,176,649,958,1540,1607,3071,3720,2148,471,295,354,392,566,672,868,811,796,1273,1798,2108,1612,1288,860,389,82,626,243,7
Latvia,1977,14917,415,526,111,70,64,176,651,939,1548,1699,2884,3800,2095,457,291,360,378,561,668,880,867,832,1154,1730,2121,1679,1252,843,373,84,596,240,7
Latvia,1978,15229,430,541,111,71,63,180,670,942,1586,1861,2802,3949,2101,457,299,371,385,557,695,891,957,904,1078,1724,2139,1810,1253,848,373,84,612,243,7
Latvia,1979,15798,454,568,114,74,62,183,695,965,1656,2049,2784,4139,2158,461,313,382,408,557,744,912,1070,979,1056,1728,2169,1970,1293,865,375,86,642,245,8
Latvia,1980,15861,445,558,113,73,62,179,700,960,1673,2178,2690,4170,2161,451,315,385,426,534,766,907,1147,1031,1029,1661,2112,2058,1308,853,367,84,631,241,8
Latvia,1981,16095,435,548,113,73,63,173,715,970,1702,2322,2644,4215,2217,448,324,391,450,520,783,919,1219,1103,1073,1571,2078,2137,1373,844,365,83,621,236,8
Latvia,1982,15491,392,499,107,68,60,158,688,928,1637,2345,2469,4024,2183,426,314,374,442,486,751,886,1200,1145,1088,1381,1940,2084,1389,794,349,77,567,218,8
Latvia,1983,16006,468,574,106,70,62,155,704,958,1682,2494,2489,4066,2311,435,319,385,459,499,750,932,1219,1275,1189,1300,1945,2121,1511,800,358,77,644,217,8
Latvia,1984,16393,404,514,110,71,63,152,721,992,1730,2649,2538,4062,2450,441,320,401,469,523,743,987,1236,1413,1274,1264,1927,2135,1632,818,363,78,585,215,8
Latvia,1985,16211,366,470,104,68,62,147,699,1001,1705,2699,2541,3877,2505,433,305,394,465,536,702,1003,1209,1490,1324,1217,1825,2052,1683,822,357,76,538,209,8
Latvia,1986,14850,355,444,89,61,56,133,624,928,1531,2520,2410,3369,2370,391,263,361,422,506,612,919,1098,1422,1268,1142,1548,1821,1584,786,321,70,505,189,8
Latvia,1987,15248,342,433,91,61,55,136,621,955,1540,2609,2632,3274,2523,406,254,367,427,528,605,935,1124,1485,1398,1234,1452,1822,1663,860,331,75,494,191,8
Latvia,1988,15568,327,414,87,60,55,136,615,975,1536,2666,2877,3177,2635,418,246,369,435,540,615,921,1171,1495,1542,1335,1356,1821,1695,940,336,82,474,191,8
Latvia,1989,16105,301,388,87,60,56,140,608,1001,1555,2764,3158,3154,2766,443,241,367,448,553,641,914,1245,1519,1714,1444,1331,1823,1733,1033,357,86,448,196,9
Latvia,1990,17521,307,397,90,62,59,150,637,1082,1663,3018,3631,3309,3018,490,256,381,483,599,717,946,1388,1630,1984,1647,1413,1896,1842,1176,398,92,459,209,10
Latvia,1991,17714,301,386,85,62,57,147,618,1087,1662,3049,3851,3248,3027,506,254,364,487,600,747,915,1407,1642,2098,1753,1470,1778,1809,1218,417,89,448,204,10
Latvia,1992,18501,307,391,84,64,59,151,617,1125,1715,3181,4204,3313,3127,543,260,357,505,620,794,921,1463,1718,2233,1971,1618,1695,1837,1290,453,90,455,210,10
Latvia,1993,21111,274,366,92,68,67,167,686,1281,1971,3650,4986,3749,3482,627,296,390,571,710,918,1053,1633,2017,2540,2446,1971,1778,2039,1443,532,95,434,234,11
Latvia,1994,22811,239,331,92,71,72,179,723,1383,2157,3991,5588,4053,3585,666,320,403,605,778,999,1158,1728,2263,2734,2854,2236,1817,2093,1492,571,95,402,251,10
Latvia,1995,20837,252,325,73,62,63,161,650,1243,2003,3646,5244,3756,3076,600,289,361,533,710,918,1085,1523,2123,2483,2761,2145,1611,1789,1287,516,84,387,224,8
Latvia,1996,17903,174,233,59,51,54,134,546,1041,1746,3090,4614,3375,2487,524,240,306,433,608,789,957,1261,1829,2139,2475,1949,1426,1416,1071,450,74,284,188,7
Latvia,1997,17115,170,219,49,46,49,124,506,961,1669,2889,4442,3437,2251,516,222,284,387,574,744,925,1161,1728,2043,2399,2001,1436,1242,1009,441,75,265,173,6
Latvia,1998,17320,166,213,47,43,47,123,497,934,1682,2848,4497,3732,2167,534,215,282,367,567,744,938,1158,1690,2099,2398,2184,1548,1159,1008,451,83,256,170,6
Latvia,1999,16807,118,162,44,38,42,115,469,866,1620,2702,4376,3848,2035,526,201,268,336,530,718,902,1117,1585,2079,2297,2266,1582,1079,956,438,88,200,157,7
Latvia,2000,16528,141,177,36,33,39,108,445,812,1573,2590,4294,3981,1946,525,190,255,317,495,691,882,1101,1489,2061,2233,2339,1642,1044,902,432,93,210,147,7
Latvia,2001,16981,123,159,36,30,38,107,440,795,1601,2614,4393,4277,1976,545,188,252,317,478,701,900,1147,1467,2097,2296,2486,1791,1111,865,444,101,189,145,8
Latvia,2002,16895,120,154,34,28,36,103,419,753,1573,2553,4345,4421,1956,548,179,240,309,444,689,884,1146,1407,2053,2292,2501,1920,1161,795,444,104,182,139,9
Latvia,2003,16384,121,151,30,25,32,92,391,695,1500,2460,4176,4404,1915,537,168,223,290,405,651,849,1111,1349,1917,2259,2394,2010,1198,717,432,105,176,124,10
Latvia,2004,16438,93,123,30,23,28,87,376,668,1479,2450,4163,4523,1968,535,161,215,286,382,629,850,1102,1348,1850,2313,2369,2154,1272,696,427,108,146,115,12
Latvia,2005,17124,91,119,28,22,28,86,373,675,1500,2565,4275,4800,2124,543,158,215,290,385,626,874,1145,1420,1838,2437,2446,2354,1406,718,428,115,141,114,13
Latvia,2006,17057,99,124,25,19,24,79,357,654,1456,2573,4158,4856,2226,513,151,206,278,376,590,866,1134,1439,1752,2406,2439,2417,1489,737,398,115,143,103,14
Latvia,2007,16747,93,117,24,19,22,74,337,623,1387,2528,3994,4814,2341,479,144,193,262,361,542,845,1104,1424,1661,2333,2415,2399,1584,757,364,115,136,96,15
Latvia,2008,15844,98,119,21,17,19,64,304,573,1267,2381,3683,4581,2387,435,125,179,238,335,485,782,1041,1340,1562,2121,2340,2241,1627,760,326,109,136,83,15
Latvia,2009,14928,81,102,21,15,16,55,270,524,1139,2227,3392,4348,2411,413,110,160,216,308,431,708,983,1244,1478,1914,2264,2084,1648,763,305,108,117,71,16
Latvia,2010,15031,53,74,21,14,15,52,256,508,1101,2227,3348,4412,2586,418,104,152,208,300,422,679,981,1246,1519,1829,2329,2083,1758,828,311,107,88,67,17
Latvia,2011,14371,60,77,17,12,13,44,233,464,1003,2112,3149,4229,2603,413,94,139,189,275,394,609,935,1177,1486,1663,2225,2004,1748,855,313,100,89,57,18
Latvia,2012,14324,67,83,16,11,12,38,221,441,952,2083,3091,4225,2715,433,88,133,180,261,384,568,926,1157,1494,1597,2198,2027,1778,937,334,99,94,50,19
Latvia,2013,14071,46,61,15,11,11,34,200,420,892,2024,3035,4148,2761,451,80,120,174,246,367,525,888,1136,1468,1567,2088,2060,1746,1015,355,96,72,45,21
Latvia,2014,14288,43,56,13,11,11,33,187,406,867,2033,3085,4205,2882,489,74,113,167,239,363,504,871,1162,1473,1612,2041,2164,1764,1118,390,99,67,44,23
Latvia,2015,13903,58,70,12,10,10,28,171,376,820,1928,3033,4048,2871,513,67,104,154,222,343,477,808,1120,1426,1607,1886,2162,1713,1158,415,98,80,38,23
Latvia,2016,14109,39,53,14,9,9,28,159,365,810,1915,3125,4042,3000,571,60,99,149,216,334,476,775,1140,1443,1682,1832,2210,1770,1230,463,108,62,37,23
Latvia,2017,14201,44,56,12,9,11,27,149,354,793,1882,3165,4005,3100,632,53,96,146,208,322,471,732,1150,1444,1721,1786,2219,1830,1270,515,117,65,38,23
Latvia,2018,14165,31,42,11,9,9,24,136,337,771,1824,3178,3936,3178,696,48,88,134,203,310,461,695,1129,1449,1729,1787,2149,1903,1275,567,129,51,33,23
Latvia,2019,13609,31,41,10,6,10,22,123,308,723,1687,3059,3743,3133,733,45,78,121,187,287,436,634,1053,1409,1650,1753,1990,1907,1226,594,139,47,32,23
Latvia,2020,14074,29,38,9,7,8,18,101,272,685,1634,3143,3903,3416,820,35,66,103,169,268,417,617,1017,1437,1706,1902,2001,2110,1306,660,160,45,26,26
Latvia,2021,16562,27,35,8,6,8,21,113,320,777,1852,3692,4617,4119,971,41,72,123,197,306,471,717,1135,1689,2003,2343,2274,2539,1580,777,194,41,29,31
Least developed countries,1950,2812488,995531,1619909,624378,125142,57518,60677,144337,132396,135537,142129,164112,167659,59494,3535,74808,69529,67394,65002,66862,68675,69621,72508,79411,84701,90414,77245,44180,15314,3160,375,1745051,118195,42
Least developed countries,1951,2833822,1008288,1631556,623268,127477,58186,61292,145737,133900,137493,144366,164109,165654,60697,3315,75531,70206,68127,65773,67633,69860,70953,73413,79927,84182,89059,76595,44840,15857,2989,326,1759033,119478,38
Least developed countries,1952,2837907,1010881,1632436,621555,126993,58511,61623,146637,134800,138621,146136,164045,163251,61561,3259,75995,70642,68508,66292,68068,70553,72199,73937,80432,83613,87475,75776,45441,16120,2928,331,1759429,120134,32
Least developed countries,1953,2854632,1014740,1637982,623242,132206,58998,62077,147748,135965,139948,148360,164691,161072,62244,3314,76548,71200,68993,66972,68652,71296,73726,74634,81283,83408,86077,74995,45913,16331,2979,335,1770188,121075,26
Least developed countries,1954,2859349,1018124,1642890,624766,128046,59566,62354,148168,136511,140729,150276,165419,159157,62764,3444,76755,71413,69164,67347,68991,71738,74971,75305,82033,83386,85003,74154,46107,16657,3127,317,1770936,121920,25
Least developed countries,1955,2869420,1022327,1648568,626241,128042,60016,62649,148751,137182,141590,152197,166342,157377,63087,3599,77020,71731,69427,67755,69397,72193,76038,76159,82790,83552,84174,73203,46040,17047,3294,305,1776610,122665,20
Least developed countries,1956,2891254,1027655,1656869,629214,129841,61111,63533,150618,138836,143301,155000,168322,156494,63562,3746,77976,72642,70251,68585,70268,73033,77341,77659,83938,84384,83973,72521,46052,17510,3433,313,1786710,124644,21
Least developed countries,1957,2974739,1052237,1701365,649128,137303,65268,65786,154741,142800,147676,160625,172897,157923,64451,3879,80103,74638,72215,70585,72453,75223,79946,80679,86160,86737,85152,72771,46455,17996,3549,330,1838668,131054,25
Least developed countries,1958,3005192,1056766,1707861,651095,140702,67444,67956,158838,146197,150354,164038,175403,157529,64854,3987,82203,76635,74010,72187,73913,76441,81208,82830,87333,88070,85363,72166,46448,18406,3637,350,1848563,135400,26
Least developed countries,1959,2957835,1042889,1676516,633627,135953,64515,67162,157492,144561,148634,163305,175236,155580,64713,4139,81562,75930,73266,71295,73142,75492,80334,82971,87207,88029,84619,70961,46063,18650,3768,371,1812469,131677,26
Least developed countries,1960,2989069,1053856,1692478,638622,138971,65124,68209,158879,145623,150100,165822,178152,156451,64918,4312,82380,76499,73823,71800,73865,76235,81226,84596,88694,89458,85457,70994,46011,18907,3914,398,1831449,133333,28
Least developed countries,1961,3021121,1061304,1703058,641754,140715,65582,69841,163579,148625,152412,168468,181441,157780,65079,4509,84900,78679,75526,73099,75054,77358,82275,86193,90523,90918,86578,71202,45952,19127,4094,415,1843773,135423,31
Least developed countries,1962,3039918,1069244,1714319,645075,141156,65440,70429,164756,149389,153235,169635,183605,158566,64731,4623,85552,79204,75927,73462,75393,77842,82683,86952,91987,91618,87445,71121,45556,19175,4200,423,1855475,135869,33
Least developed countries,1963,3097298,1079919,1735018,655099,146724,67776,72961,171562,154160,157020,173180,188131,161107,64881,4742,89233,82329,78478,75682,77291,79729,84370,88810,94767,93364,89303,71804,45551,19330,4317,425,1881742,140737,36
Least developed countries,1964,3094127,1083748,1736899,653151,143857,65823,71343,169995,152592,156602,173666,190551,162791,65093,4877,88592,81403,77654,74938,76813,79789,84485,89181,96251,94300,90488,72303,45608,19485,4432,445,1880756,137166,36
Least developed countries,1965,3167361,1096805,1762955,666150,152199,70505,74509,176555,157328,160913,178129,196371,166850,65961,5040,92302,84253,80067,77261,78918,81995,86659,91470,99358,97013,92960,73890,46212,19749,4555,485,1915154,145014,42
Least developed countries,1966,3210664,1110402,1783603,673201,153131,71592,75589,179836,159990,163519,180960,200623,170056,66564,5155,94161,85675,81351,78639,80168,83351,88077,92883,101427,99196,94755,75301,46665,19899,4653,502,1936734,147181,44
Least developed countries,1967,3220383,1113192,1782693,669501,153421,71400,75769,181200,160387,163977,182093,203868,172826,67377,5320,95121,86079,81592,78795,80338,83639,88631,93462,102590,101278,96101,76725,47245,20132,4793,527,1936114,147169,49
Least developed countries,1968,3259583,1127123,1803784,676661,156038,72315,76640,182327,161174,165118,184156,207948,176218,68327,5482,95770,86557,81963,79211,80849,84269,89654,94502,104056,103892,97723,78495,47951,20376,4929,553,1959822,148955,53
Least developed countries,1969,3314499,1142972,1829222,686250,158759,73838,78581,185410,163472,167629,187637,213363,180982,69906,5642,97218,88192,83152,80320,82056,85573,91373,96264,106230,107133,100162,80820,49125,20781,5059,583,1987981,152419,56
Least developed countries,1970,3535711,1181424,1915603,734179,193473,89093,89679,205463,176731,178054,197661,223809,188560,71861,5668,108059,97404,90389,86342,87478,90576,96374,101287,111249,112560,104488,84072,50666,21195,5102,566,2109076,178772,56
Least developed countries,1971,4533349,1258878,2091025,832147,213571,102692,156398,435370,332057,286630,288644,301807,237948,81305,5846,226402,208968,174905,157152,144997,141633,142556,146088,152056,149751,134278,103670,58282,23023,5303,543,2304596,259090,56
Least developed countries,1972,3490435,1186626,1898722,712096,170434,80540,88293,205100,175184,177351,198055,225695,192281,73151,5575,107807,97293,89534,85650,87016,90335,96491,101564,111482,114213,107080,85201,51826,21325,5042,533,2069156,168833,54
Least developed countries,1973,3483415,1197050,1912291,715241,168953,78718,84815,195179,168375,174074,197322,227167,196122,74795,5550,102899,92280,85755,82620,85047,89027,95770,101552,111864,115303,109510,86612,53127,21668,5018,532,2081244,163533,53
Least developed countries,1974,3574587,1225779,1964765,738986,174678,80577,86016,197561,170052,177300,202564,234092,203821,77500,5610,104746,92815,86588,83464,86386,90914,98055,104509,115099,118993,114107,89714,55168,22332,5097,513,2139443,166593,50
Least developed countries,1975,3893509,1249350,2024953,775603,192067,91168,114193,267971,209310,206334,227291,254601,218445,81388,5737,146078,121893,107770,101540,101591,104743,110600,116691,125938,128663,122883,95562,58081,23307,5222,515,2217020,205361,51
Least developed countries,1976,3819616,1235497,1991143,755646,207437,114191,116696,236046,197609,196042,215388,243538,213921,81716,5839,126892,109154,100776,96833,96655,99387,104896,110492,120111,123427,119580,94341,58082,23634,5343,496,2198580,230887,49
Least developed countries,1977,3666972,1242412,1983224,740812,185647,89739,93331,204193,174927,180252,206819,241792,216861,84035,6102,108958,95235,89521,85406,87786,92466,99756,107063,118715,123077,120490,96371,59474,24561,5572,530,2168871,183070,50
Least developed countries,1978,3711568,1254430,1997482,743052,181302,83647,92908,215626,178663,183197,211273,248579,224785,87656,6403,115694,99932,91958,86705,89086,94111,101706,109567,122058,126521,124221,100564,61791,25865,5843,560,2178784,176555,47
Least developed countries,1979,3738910,1266681,2009813,743132,181081,84243,92544,214272,177858,183197,212762,252744,231362,91737,7215,114592,99680,91303,86555,88926,94271,102292,110470,123985,128759,127044,104318,64304,27433,6437,778,2190894,176787,82
Least developed countries,1980,3765604,1279081,2024432,745351,182787,85163,91657,211649,176948,182520,213598,256249,237119,95528,7844,112419,99230,90677,86271,88478,94042,102546,111052,125496,130753,129591,107528,66703,28825,6937,907,2207219,176820,110
Least developed countries,1981,3790570,1281821,2028609,746788,184750,86358,92564,213213,177628,182846,214928,259687,242308,99121,8427,113222,99991,90899,86729,88591,94255,103091,111837,126919,132768,131987,110321,69059,30062,7413,1014,2213359,178922,131
Least developed countries,1982,3835162,1281335,2028512,747177,186958,88093,95858,221950,182866,186245,218741,264941,248662,103217,8988,117990,103960,93697,89169,90291,95954,104942,113799,129224,135717,135119,113543,71854,31363,7916,1072,2215470,183951,130
Least developed countries,1983,4077165,1341330,2146749,805419,206028,98953,103815,238552,196372,197963,230700,278136,260980,108895,9859,126823,111729,100772,95600,96185,101778,110892,119808,135499,142637,141752,119228,75849,33046,8602,1257,2352777,202768,162
Least developed countries,1984,4195933,1348678,2160147,811469,212085,103034,112971,264958,213189,209553,240065,286702,269071,113519,10469,141148,123810,110357,102832,102473,107080,115681,124384,139519,147183,146100,122971,78995,34524,9152,1317,2372232,216005,170
Least developed countries,1985,4229450,1351164,2160448,809284,216155,104614,114775,267497,215905,212330,242954,291121,274641,117651,11172,142500,124997,112141,103764,104005,108325,116980,125974,141397,149724,148889,125752,81632,36019,9729,1443,2376603,219389,187
Least developed countries,1986,4190151,1332997,2121982,788985,210979,102036,114092,267027,215721,211895,242569,292064,278435,121344,11817,142309,124718,112352,103369,103961,107934,116671,125898,141513,150551,150556,127879,83867,37477,10275,1542,2332961,216128,190
Least developed countries,1987,4201654,1297667,2063150,765483,211082,104871,121877,285966,229715,219502,246519,296468,284061,125665,12575,152061,133905,120100,109615,108658,110844,118746,127773,143582,152886,153405,130656,86429,39236,10889,1686,2274232,226748,202
Least developed countries,1988,4390241,1336971,2146699,809728,224248,108934,125482,296204,240554,230108,258151,312012,299051,133780,14741,157570,138634,125167,115387,114033,116075,124230,133921,150994,161018,161555,137496,91275,42505,12518,2223,2370947,234416,272
Least developed countries,1989,4164408,1281052,2030273,749221,209291,102961,115487,266919,221792,217460,249089,303621,296843,135632,14775,141611,125308,114675,107117,106812,110648,119521,129568,146720,156901,159610,137233,92287,43345,12587,2188,2239564,218448,264
Least developed countries,1990,4217989,1280322,2029284,748962,211844,104717,119542,281811,232062,224165,253748,307692,300782,137439,14646,149557,132254,119949,112113,110197,113968,121974,131774,148868,158824,161668,139114,93574,43865,12548,2098,2241128,224259,256
Least developed countries,1991,4351493,1301010,2082341,781331,234895,116733,122726,279123,235389,230386,261279,317987,312093,143247,15040,147991,131132,120860,114529,112886,117500,125561,135718,153804,164183,167446,144647,97498,45749,12963,2077,2317236,239459,250
Least developed countries,1992,4375433,1288762,2054541,765779,227714,115564,126901,295301,248559,239131,265770,322725,316718,146598,15650,156113,139188,127699,120860,117620,121511,128017,137753,156119,166606,169592,147126,99574,47024,13476,2174,2282255,242465,260
Least developed countries,1993,4360817,1265570,2005718,740148,222849,116172,128911,301707,255305,244397,269503,327401,322080,150573,15949,158974,142733,131227,124078,120575,123822,130008,139495,158389,169012,172040,150040,102135,48438,13803,2146,2228567,245083,250
Least developed countries,1994,4620240,1263542,1991711,728169,223943,121173,159278,372438,321820,285788,295182,347448,330676,154322,16201,195640,176798,166050,155770,147193,138595,143657,151525,169665,177783,177184,153492,104690,49632,14063,2138,2215654,280451,259
Least developed countries,1995,4291845,1252628,1966807,714179,217210,111239,122933,285694,244406,241413,270307,328581,328889,156688,17281,149938,135756,125324,119082,119175,122238,130800,139507,158243,170338,174716,154173,105968,50720,14667,2614,2184017,234172,397
Least developed countries,1996,4340823,1248758,1958351,709593,218727,112734,126628,296178,252348,248220,277701,335501,336285,160934,16852,155096,141082,129677,122671,122817,125403,134792,142909,161702,173799,178539,157746,108813,52121,14637,2215,2177078,239362,363
Least developed countries,1997,4329943,1237803,1937378,699575,217616,112829,127245,296365,254046,249924,279887,337315,337950,162487,16603,154829,141536,130528,123518,123794,126130,136167,143720,162739,174576,179482,158468,109819,52668,14617,1986,2154994,240074,297
Least developed countries,1998,4465034,1238933,1949666,710733,226767,119448,141140,337737,280082,265156,287634,339897,338122,161958,17127,176917,160820,145035,135047,132388,132768,140782,146852,164254,175643,180044,158078,109377,52581,14870,2257,2176433,260588,299
Least developed countries,1999,4267835,1201088,1864819,663731,208850,107602,129972,317580,267354,254371,277776,330460,330200,160714,17826,165954,151626,138575,128779,126523,127848,135266,142510,159495,170965,175425,154775,108136,52578,15319,2507,2073669,237574,310
Least developed countries,2000,4205239,1180515,1822834,642319,205872,106939,122974,288398,252609,250463,280197,338744,343345,172268,20256,150505,137893,129809,122800,123188,127275,135387,144810,163064,175680,181415,161930,114972,57296,17368,2888,2028706,229913,340
Least developed countries,2001,4199732,1154662,1773398,618736,203372,106346,123892,292595,257056,255110,285878,345688,352740,180551,22713,152991,139604,132121,124935,125205,129905,137709,148169,166373,179315,185767,166973,119706,60845,19225,3488,1976770,230238,393
Least developed countries,2002,4205132,1131230,1728981,597751,202000,106257,125056,296568,261423,260121,293061,354156,363245,188900,24881,155289,141279,134313,127110,127406,132715,140788,152273,170512,183644,190789,172456,124569,64331,20885,3996,1930981,231313,482
Least developed countries,2003,4188701,1107150,1682287,575137,200867,104684,124173,294289,260865,262053,298703,362074,373869,197283,26991,154315,139974,133717,127148,127926,134127,143543,155160,174300,187774,195845,178024,129463,67820,22572,4419,1883154,228857,563
Least developed countries,2004,4176929,1082277,1638132,555855,197860,104093,124931,297415,262547,264686,304154,368772,381836,203342,28521,156088,141327,134367,128180,128995,135691,146721,157433,177709,191063,199701,182135,132994,70348,23802,4719,1835992,229024,640
Least developed countries,2005,4167503,1055290,1589213,533923,195511,103490,124835,298414,264107,267598,310558,378222,392582,211623,30634,156289,142125,134837,129270,130207,137391,150295,160263,182449,195773,204970,187612,137891,73732,25464,5170,1784724,228325,716
Least developed countries,2006,4134297,1030529,1541435,510906,189802,101217,122083,292958,263062,268540,314694,386406,402092,219049,32205,152756,140202,133852,129210,130531,138009,152374,162320,186490,199916,209496,192596,142381,76668,26776,5429,1731237,223300,754
Least developed countries,2007,4136482,1006194,1497012,490818,186686,100255,121490,293809,265828,272878,322164,398132,415547,228258,33670,152764,141045,134969,130859,132507,140371,155934,166230,192271,205861,216047,199500,148183,80075,28062,5608,1683698,221745,751
Least developed countries,2008,4168031,985215,1467537,482322,193414,104365,123668,296508,269627,278956,331152,408419,426342,233676,33663,154028,142480,136519,133108,135458,143498,159867,171285,197134,211285,221523,204819,152024,81652,28204,5459,1660951,228033,703
Least developed countries,2009,4077091,955718,1408782,453064,177356,97327,119118,290664,265658,276554,331141,409848,429973,236344,33643,150646,140018,134503,131155,134260,142294,158965,172176,196996,212852,223087,206886,153903,82441,28210,5433,1586138,216445,683
Least developed countries,2010,4081623,939049,1382553,443504,178382,99675,121214,294175,268906,280790,336745,414237,433506,237491,33289,152389,141786,136349,132557,136466,144324,160966,175779,198455,215782,225035,208471,154869,82622,27990,5299,1560935,220889,658
Least developed countries,2011,4027460,916024,1338771,422747,169797,94674,117501,287147,264502,278926,337905,418940,440877,243636,34124,148478,138669,134151,130351,135261,143665,160675,177230,199817,219123,228564,212313,158687,84949,28671,5453,1508568,212175,659
Least developed countries,2012,4020152,895004,1300466,405462,166539,93601,117662,287583,265223,281594,342803,427093,450706,250730,35431,148698,138885,134671,130552,136303,145291,162572,180231,203161,223932,233436,217270,163105,87625,29589,5842,1467005,211263,720
Least developed countries,2013,4053996,877237,1269451,392214,164739,93263,118555,289790,267874,287013,352428,442605,468667,262208,36679,149839,139951,136196,131678,138301,148712,166678,185750,210853,231752,242567,226100,170353,91855,30790,5889,1434190,211818,723
Least developed countries,2014,4046726,862425,1242800,380375,163029,92239,119339,291085,268695,289022,355670,448450,474403,264705,36568,150721,140364,136532,132163,138874,150148,168220,187450,214836,233614,245892,228511,172121,92584,30787,5781,1405829,211578,721
Least developed countries,2015,4061474,849841,1218931,369090,162322,92182,121142,296364,271597,292342,360363,456259,483233,268973,37018,153808,142556,137948,133649,140023,152319,170543,189820,219859,236400,250891,232342,174911,94062,31208,5810,1381253,213324,747
Least developed countries,2016,4048231,835935,1191761,355826,158897,90351,120438,294843,270887,293440,363487,462364,491259,273013,36808,153313,141530,137238,133649,140048,153392,172196,191291,223156,239208,255393,235866,177519,95494,31367,5441,1350658,210789,683
Least developed countries,2017,4055023,822144,1165700,343556,155826,89165,121969,301594,274089,296280,367728,468582,499050,277163,37232,157453,144141,138865,135224,141176,155104,174431,193297,226106,242476,259720,239330,180130,97033,31826,5406,1321526,211134,645
Least developed countries,2018,4066945,811100,1144903,333803,154935,88891,123646,309084,278146,299155,371671,474228,503997,280051,37626,161620,147464,140971,137175,142501,156654,176609,195062,228049,246179,262091,241906,181935,98116,32240,5386,1299838,212537,609
Least developed countries,2019,4112571,802303,1128657,326354,154326,88988,123553,308007,279457,304294,381643,490369,521327,291813,39542,161119,146888,141148,138309,144602,159692,181419,200224,234556,255813,269946,251381,189192,102621,33933,5609,1282983,212541,594
Least developed countries,2020,4334206,791732,1108874,317142,155062,87460,117968,294307,274667,319597,429158,573107,591555,336698,45161,153954,140353,136113,138554,148710,170887,196038,233120,268909,304198,309620,281935,215394,121304,38959,6202,1263936,205428,592
Least developed countries,2021,4555902,783051,1093836,310785,154938,90538,133340,318882,294484,348740,480394,630562,627660,339528,42425,165706,153176,145414,149070,162874,185866,227160,253234,300288,330274,330867,296793,220345,119183,36651,5774,1248774,223878,572
Lebanon,1950,9356,2154,2752,598,126,90,145,353,321,490,800,1373,1838,939,128,193,160,127,194,223,267,335,465,583,790,936,902,605,334,111,17,2878,235,2
Lebanon,1951,9482,2278,2932,654,123,84,140,352,304,485,786,1346,1844,957,125,190,162,124,180,220,265,328,458,575,771,930,914,625,332,110,15,3055,224,2
Lebanon,1952,9607,2264,2962,698,129,84,140,363,306,503,792,1344,1866,987,127,192,171,134,172,231,272,336,456,586,758,936,930,657,330,110,17,3091,224,2
Lebanon,1953,9596,2253,2971,718,132,82,135,359,293,501,783,1325,1868,1015,128,187,172,139,154,231,270,337,446,590,735,929,939,686,329,111,17,3103,217,2
Lebanon,1954,9548,2243,2962,719,134,78,128,351,284,495,773,1310,1860,1043,129,181,170,144,140,226,269,337,436,593,717,918,942,710,333,112,17,3096,206,1
Lebanon,1955,9881,2302,3067,765,163,85,135,373,306,520,800,1335,1885,1085,128,189,184,162,144,235,285,355,445,610,725,924,961,736,349,111,17,3230,220,1
Lebanon,1956,9617,2224,2927,703,163,82,126,352,297,496,787,1310,1847,1105,128,178,174,159,138,216,280,349,438,596,714,897,950,743,362,111,17,3090,208,1
Lebanon,1957,9500,2211,2897,686,161,77,116,330,293,472,779,1298,1815,1131,128,166,164,156,137,194,278,345,434,583,715,870,945,753,378,111,17,3058,193,1
Lebanon,1958,10889,2198,2875,677,171,86,205,808,604,643,919,1394,1868,1185,130,405,403,344,260,265,378,417,502,622,772,888,980,782,403,112,18,3046,291,1
Lebanon,1959,9438,2185,2846,661,167,80,110,311,305,444,794,1295,1771,1183,132,155,156,156,149,162,282,349,445,562,733,833,938,771,412,114,18,3013,190,1
Lebanon,1960,9454,2170,2813,643,169,85,110,306,319,437,811,1303,1761,1202,137,151,155,159,160,158,279,356,455,563,740,829,932,779,423,119,18,2982,195,1
Lebanon,1961,9392,2158,2787,629,164,89,107,290,317,420,818,1296,1744,1215,144,144,146,155,162,154,266,360,458,561,735,828,916,781,434,126,18,2951,196,1
Lebanon,1962,9501,2156,2771,615,170,99,113,291,331,418,849,1312,1757,1238,153,144,147,159,172,165,253,377,472,575,737,850,907,792,446,135,18,2941,212,1
Lebanon,1963,9583,2144,2751,607,174,107,118,292,339,417,873,1328,1770,1256,158,145,147,160,179,179,238,390,483,594,734,874,896,800,456,140,18,2925,225,1
Lebanon,1964,9510,2121,2719,598,167,109,120,279,330,406,875,1322,1764,1257,165,139,140,154,176,187,219,389,486,599,723,883,881,796,461,146,19,2886,229,1
Lebanon,1965,9582,2093,2685,592,172,113,132,279,337,415,890,1345,1780,1265,170,140,139,155,182,201,214,389,501,616,729,896,884,796,469,151,19,2857,245,1
Lebanon,1966,9633,2069,2650,581,173,116,144,281,338,431,897,1367,1796,1264,175,145,136,152,186,214,217,382,515,631,736,903,893,790,474,155,20,2823,260,1
Lebanon,1967,9596,2060,2632,572,168,112,151,275,326,441,881,1380,1796,1252,180,144,131,146,180,217,224,354,527,637,743,891,905,774,478,159,21,2800,263,1
Lebanon,1968,9673,2050,2613,563,171,116,164,282,326,468,877,1415,1814,1245,187,152,130,145,181,224,244,330,547,651,764,885,929,763,482,164,23,2784,280,1
Lebanon,1969,9787,2056,2611,555,171,118,176,291,326,496,872,1454,1836,1246,188,161,130,145,181,232,264,314,558,669,785,885,951,761,485,165,23,2782,294,1
Lebanon,1970,9902,2062,2612,550,173,120,184,308,324,521,868,1494,1855,1248,191,175,133,143,181,238,283,308,560,687,807,891,964,764,484,168,23,2785,304,1
Lebanon,1971,10026,2066,2609,543,175,123,190,331,323,546,861,1540,1877,1255,194,194,137,142,181,244,302,312,549,711,829,905,972,775,480,170,24,2784,313,1
Lebanon,1972,10152,2085,2621,536,174,124,194,353,322,564,849,1588,1894,1267,198,212,141,141,181,247,317,330,519,739,849,924,970,794,473,173,25,2795,318,2
Lebanon,1973,10154,2093,2624,531,167,120,192,362,308,562,829,1615,1899,1277,200,219,143,136,172,241,321,352,477,756,859,941,958,810,467,174,26,2791,312,2
Lebanon,1974,10311,2100,2624,524,169,124,197,389,309,577,837,1657,1930,1296,199,235,154,136,173,243,334,384,453,774,883,970,960,830,466,173,26,2793,321,2
Lebanon,1975,20087,2124,2675,551,186,189,1171,4160,2086,1873,1563,2254,2308,1415,209,2470,1690,1112,974,937,936,824,739,1088,1166,1196,1112,919,496,181,28,2861,1360,2
Lebanon,1976,53986,4870,9857,4987,2106,1341,3589,10593,5238,5038,4241,5191,4489,2059,243,6081,4512,2725,2513,2488,2550,2337,1904,2531,2660,2468,2021,1395,664,212,31,11963,4930,2
Lebanon,1977,21326,3144,4638,1494,596,395,936,2633,1360,1590,1794,2670,2829,1650,234,1483,1150,700,660,729,861,931,863,1190,1480,1491,1338,1062,588,202,32,5234,1331,2
Lebanon,1978,21636,3134,4632,1498,603,399,961,2770,1390,1595,1903,2642,2874,1640,227,1528,1242,733,657,726,869,970,933,1111,1531,1515,1359,1043,597,196,31,5235,1360,2
Lebanon,1979,17675,2508,3723,1215,490,324,793,2345,1163,1276,1638,2080,2360,1304,178,1268,1077,635,528,577,699,811,827,826,1254,1244,1116,821,483,153,25,4213,1117,2
Lebanon,1980,17733,2499,3722,1223,483,319,794,2398,1209,1247,1686,2029,2382,1287,178,1290,1108,681,528,561,686,818,868,797,1232,1256,1126,809,478,154,24,4205,1113,2
Lebanon,1981,17976,2491,3719,1228,484,322,804,2455,1291,1238,1751,2006,2437,1288,178,1320,1135,750,541,555,683,832,919,811,1195,1290,1147,814,474,154,24,4203,1126,2
Lebanon,1982,37299,3652,6789,3137,1287,825,2270,7385,3834,2902,3485,3218,3551,1558,196,3966,3419,2315,1519,1370,1532,1706,1779,1455,1763,1956,1595,1022,536,170,26,8076,3095,2
Lebanon,1983,19978,2075,2800,725,281,230,1100,4228,2248,1503,1916,1892,2388,1216,172,2275,1953,1404,844,708,795,900,1016,906,986,1286,1102,786,430,150,22,3081,1330,2
Lebanon,1984,20041,2020,2724,704,281,229,1095,4256,2346,1478,1927,1896,2416,1221,174,2283,1973,1464,882,701,777,891,1036,971,925,1299,1117,797,424,152,22,3005,1324,2
Lebanon,1985,20202,1952,2636,684,284,229,1096,4297,2452,1467,1945,1941,2438,1242,172,2297,2000,1502,950,704,763,885,1060,1033,908,1290,1148,816,426,151,21,2920,1325,2
Lebanon,1986,20109,1873,2546,673,277,223,1086,4292,2525,1436,1912,1979,2404,1253,170,2285,2007,1504,1021,701,735,858,1054,1070,909,1234,1170,827,426,148,22,2823,1309,1
Lebanon,1987,18157,2124,3295,1171,497,316,801,2582,1677,1138,1797,2116,2459,1306,171,1365,1217,931,746,540,598,777,1020,1126,990,1205,1254,864,442,149,22,3792,1117,1
Lebanon,1988,18137,2072,3222,1150,493,312,796,2586,1723,1136,1762,2213,2395,1326,169,1361,1225,938,785,554,582,756,1006,1150,1063,1108,1287,875,451,146,23,3715,1108,1
Lebanon,1989,18521,1522,1820,298,134,140,969,4077,2581,1343,1690,2127,2170,1305,166,2145,1932,1467,1114,709,634,734,956,1083,1044,956,1214,856,449,144,22,1954,1109,1
Lebanon,1990,18493,1451,1731,280,134,141,952,4013,2586,1382,1663,2220,2155,1349,168,2106,1907,1460,1126,752,630,716,947,1105,1115,943,1212,886,463,146,22,1865,1093,1
Lebanon,1991,9597,1376,1641,265,129,97,173,425,400,479,1008,1831,1916,1327,167,225,200,192,208,222,257,388,620,858,973,846,1070,868,459,145,22,1770,270,1
Lebanon,1992,9807,1307,1556,249,136,102,178,443,418,516,1017,1917,1945,1403,174,235,208,201,217,247,269,392,625,880,1037,915,1030,922,481,152,22,1692,280,2
Lebanon,1993,10012,1223,1457,234,135,104,185,470,446,558,1022,1989,1989,1477,181,249,221,215,231,271,287,393,629,897,1092,1012,977,977,500,159,22,1592,289,2
Lebanon,1994,9988,1138,1360,222,129,101,179,452,434,578,999,2015,2029,1520,189,239,213,208,226,280,298,386,613,892,1123,1098,931,1000,520,166,23,1489,280,2
Lebanon,1995,9758,1066,1276,210,117,93,164,407,399,567,954,1989,2065,1532,195,215,192,189,210,267,300,370,584,862,1127,1154,911,993,539,172,23,1393,257,2
Lebanon,1996,9937,1016,1217,201,117,93,168,422,412,604,954,2017,2179,1547,204,222,200,196,216,274,330,376,578,862,1155,1230,949,978,569,180,24,1334,261,2
Lebanon,1997,10041,955,1130,175,110,89,166,419,413,631,960,2034,2328,1544,212,219,200,195,218,277,354,388,572,859,1175,1304,1024,937,607,187,25,1240,255,2
Lebanon,1998,10183,906,1068,162,108,89,165,409,410,658,973,2046,2497,1533,222,214,195,192,218,279,379,405,568,856,1190,1368,1129,889,644,196,26,1176,254,2
Lebanon,1999,10016,861,1007,146,97,81,153,369,377,643,953,1988,2609,1506,234,193,176,174,203,264,379,407,546,821,1167,1393,1216,849,657,204,30,1104,234,2
Lebanon,2000,10043,820,948,128,89,77,147,349,361,641,974,1962,2732,1515,246,184,165,167,194,259,382,430,544,803,1159,1428,1304,854,661,215,31,1037,224,2
Lebanon,2001,10119,770,888,118,84,76,142,335,353,639,1013,1941,2845,1544,261,178,157,162,191,257,382,463,550,790,1151,1458,1387,895,649,230,31,972,218,2
Lebanon,2002,10111,713,826,113,78,72,136,325,342,630,1044,1894,2911,1578,278,173,152,156,186,253,377,489,555,766,1128,1461,1450,960,618,245,33,904,208,2
Lebanon,2003,9795,654,759,105,68,64,123,296,312,593,1034,1788,2879,1599,277,158,138,142,170,236,357,489,545,719,1069,1416,1463,1028,571,243,34,827,187,2
Lebanon,2004,9935,600,693,93,66,61,121,293,309,597,1087,1771,2946,1693,295,157,136,141,168,237,360,515,572,714,1057,1424,1522,1132,561,257,38,759,182,2
Lebanon,2005,10051,553,633,80,62,58,118,289,304,599,1139,1754,2993,1799,303,155,134,138,166,237,362,528,611,715,1039,1423,1570,1223,576,263,40,695,176,2
Lebanon,2006,11409,513,582,69,60,60,204,714,588,777,1297,1802,3075,1941,307,375,339,297,291,333,444,591,706,752,1050,1443,1632,1323,618,263,44,642,264,2
Lebanon,2007,10442,472,539,67,57,52,114,283,297,604,1259,1767,3075,2087,307,150,133,134,163,234,370,541,718,750,1017,1423,1652,1405,682,257,50,596,166,3
Lebanon,2008,10167,445,510,65,52,47,104,262,275,563,1232,1694,2960,2168,297,139,123,123,152,217,346,512,720,736,958,1353,1607,1430,738,242,55,562,151,3
Lebanon,2009,10279,428,487,59,50,44,98,251,266,557,1264,1709,2938,2308,302,133,118,119,147,212,345,512,752,764,945,1329,1609,1492,816,244,58,537,142,3
Lebanon,2010,10413,424,478,54,46,43,93,245,259,551,1277,1753,2912,2434,320,129,116,116,143,209,342,512,765,811,942,1305,1607,1545,889,258,62,524,136,4
Lebanon,2011,10509,417,466,49,44,41,89,239,255,541,1274,1815,2867,2536,341,126,113,114,141,204,337,510,764,870,945,1274,1593,1580,956,281,60,510,130,4
Lebanon,2012,10694,408,458,50,42,39,85,237,253,539,1277,1896,2837,2642,377,124,113,114,139,204,335,510,767,931,965,1253,1584,1616,1026,317,60,500,124,5
Lebanon,2013,11276,409,464,55,43,40,89,255,272,562,1334,2051,2907,2822,434,133,122,124,148,214,348,532,802,1019,1032,1279,1628,1697,1125,371,63,507,129,6
Lebanon,2014,13085,452,516,64,50,44,98,291,311,638,1534,2441,3303,3308,542,150,141,143,168,243,395,612,922,1213,1228,1457,1846,1960,1348,469,73,566,142,7
Lebanon,2015,13933,459,525,66,50,46,98,290,318,661,1615,2679,3454,3563,630,147,143,146,172,250,411,639,976,1308,1371,1535,1919,2078,1485,546,84,575,144,7
Lebanon,2016,14005,422,480,58,46,41,95,274,301,620,1548,2772,3482,3644,697,139,135,139,162,231,389,610,938,1273,1499,1582,1900,2094,1550,601,96,526,136,8
Lebanon,2017,14201,388,442,54,46,41,97,285,303,595,1501,2829,3556,3724,769,146,139,142,161,221,374,591,910,1236,1593,1668,1888,2112,1612,658,111,488,138,8
Lebanon,2018,14361,353,404,51,50,42,83,200,234,531,1459,2892,3743,3864,858,106,94,103,131,189,342,570,889,1220,1672,1820,1923,2169,1695,726,132,454,125,9
Lebanon,2019,15431,322,368,46,53,44,90,202,230,533,1532,3078,4168,4148,970,112,90,100,130,188,345,596,936,1279,1799,2103,2065,2311,1837,816,154,421,134,9
Lebanon,2020,18538,292,336,44,57,47,71,148,197,563,1840,3833,5262,5000,1172,86,62,76,121,195,368,700,1140,1593,2240,2779,2483,2739,2261,984,188,393,118,11
Lebanon,2021,24112,271,311,40,56,54,121,257,312,823,2546,5104,7109,6130,1281,148,109,121,191,295,528,990,1556,2130,2974,3779,3330,3422,2708,1106,175,367,175,6
Lesotho,1950,7031,2403,3570,1167,268,111,96,210,263,344,430,593,751,364,35,104,106,121,142,163,181,206,224,265,328,386,365,250,114,31,4,3838,207,0
Lesotho,1951,6806,2244,3387,1143,278,118,106,214,253,333,425,576,731,351,33,109,105,116,137,157,176,202,223,257,319,376,355,242,109,29,4,3665,224,0
Lesotho,1952,6663,2247,3292,1045,282,124,113,222,245,322,417,561,710,341,33,116,106,113,132,151,171,197,220,252,309,366,344,235,106,29,4,3574,237,0
Lesotho,1953,6516,2235,3208,973,283,129,118,228,235,309,409,545,691,331,33,122,106,109,126,144,165,192,217,247,298,355,336,228,103,29,4,3491,247,0
Lesotho,1954,6414,2232,3151,919,286,133,126,239,228,295,398,534,673,322,31,131,108,106,122,138,157,186,212,246,288,347,326,222,100,27,4,3437,259,0
Lesotho,1955,6311,2225,3113,888,277,135,131,250,218,280,386,518,656,314,30,139,111,103,115,130,150,179,207,242,276,337,319,217,97,26,4,3390,266,0
Lesotho,1956,6251,2219,3096,877,262,140,140,267,213,268,376,510,639,310,29,150,117,102,111,125,143,173,203,241,269,328,311,214,96,25,4,3358,280,0
Lesotho,1957,6186,2220,3090,870,251,142,145,283,208,254,362,500,622,300,29,159,124,102,106,119,135,165,197,237,263,319,303,208,92,25,4,3341,287,0
Lesotho,1958,6218,2234,3109,875,246,144,146,292,217,265,366,503,604,294,28,161,131,108,109,124,141,168,198,241,262,307,297,203,91,24,4,3355,290,0
Lesotho,1959,6295,2258,3140,882,243,151,150,303,229,280,376,515,592,290,27,164,139,114,115,130,150,174,202,248,267,300,292,199,91,23,4,3383,301,0
Lesotho,1960,6403,2299,3195,896,248,154,154,312,244,296,387,529,575,284,26,165,147,123,121,137,159,181,206,254,275,289,286,195,89,23,3,3443,308,0
Lesotho,1961,6545,2348,3265,917,258,155,159,323,259,315,400,546,561,281,26,168,155,132,127,145,170,189,211,259,287,283,278,193,88,23,3,3523,314,0
Lesotho,1962,6715,2406,3350,944,271,157,164,331,278,333,415,561,550,276,26,172,159,142,136,153,180,199,216,263,298,279,271,190,86,23,3,3621,321,0
Lesotho,1963,6910,2471,3446,975,284,158,172,342,300,352,436,577,543,272,26,177,165,154,146,161,191,213,223,270,307,280,263,187,85,23,3,3730,330,0
Lesotho,1964,7118,2531,3536,1005,297,160,182,352,325,375,461,594,543,268,26,182,170,165,160,172,203,228,233,276,318,286,257,185,83,23,3,3833,342,0
Lesotho,1965,7357,2600,3631,1031,309,165,189,365,354,406,493,614,544,264,26,189,176,179,175,186,220,245,248,286,328,296,248,181,83,23,3,3940,354,0
Lesotho,1966,7536,2659,3713,1054,319,174,188,363,370,427,516,628,549,261,26,189,174,185,185,196,231,258,258,294,334,306,243,178,83,23,3,4032,362,0
Lesotho,1967,7745,2710,3782,1072,328,180,186,364,394,464,556,648,555,257,26,190,174,194,200,213,251,281,275,305,343,316,239,174,83,23,3,4110,366,0
Lesotho,1968,7971,2746,3814,1068,329,189,193,395,440,500,599,669,566,251,26,206,189,213,227,234,266,302,297,316,353,325,241,169,82,23,3,4143,382,0
Lesotho,1969,8141,2765,3830,1065,328,194,192,422,474,526,635,686,576,246,26,222,200,225,249,250,276,320,315,326,360,332,244,165,81,23,3,4158,386,0
Lesotho,1970,8326,2781,3842,1061,324,199,199,447,507,565,674,709,594,241,26,235,212,236,271,273,292,337,337,341,368,340,254,160,81,23,3,4166,398,0
Lesotho,1971,8552,2810,3864,1054,321,201,212,468,546,608,718,735,612,239,26,242,226,251,295,299,309,356,362,358,377,349,263,159,80,23,3,4185,413,0
Lesotho,1972,8723,2835,3883,1048,315,200,222,482,572,643,750,760,628,237,26,245,237,261,311,319,324,368,382,376,384,356,272,157,80,23,3,4198,422,0
Lesotho,1973,8931,2856,3900,1044,310,201,231,501,602,691,788,792,648,238,26,250,251,274,328,346,345,383,405,398,394,366,282,161,77,23,3,4210,432,0
Lesotho,1974,9165,2889,3916,1027,305,199,237,523,633,743,833,835,664,242,27,252,271,287,346,374,369,403,430,426,409,375,289,166,76,23,4,4221,436,0
Lesotho,1975,9382,2927,3941,1014,300,196,244,545,661,794,869,876,679,247,27,262,283,301,360,400,394,420,449,452,424,383,296,171,76,23,4,4241,440,0
Lesotho,1976,9629,2945,3945,1000,295,191,248,573,698,855,917,928,699,253,27,281,292,318,380,429,426,443,474,483,445,394,305,179,74,23,4,4240,439,0
Lesotho,1977,9752,2932,3919,987,287,187,250,587,709,892,944,972,716,259,26,293,294,324,385,443,449,458,486,507,465,403,313,186,73,22,4,4206,437,0
Lesotho,1978,9786,2876,3843,967,283,182,249,588,710,916,967,1014,735,267,26,300,288,325,385,450,466,470,497,526,488,414,321,191,76,22,4,4126,431,0
Lesotho,1979,9776,2807,3743,936,277,178,247,585,710,935,990,1055,756,275,26,305,280,329,381,451,484,485,505,546,509,428,328,196,79,22,4,4020,425,0
Lesotho,1980,9720,2733,3630,897,272,175,243,585,697,940,1005,1088,776,283,25,306,279,323,374,446,494,495,510,559,529,441,335,201,82,21,4,3902,418,0
Lesotho,1981,9606,2656,3511,855,266,171,238,588,667,927,1015,1109,798,294,25,305,283,307,360,433,494,503,512,565,544,457,341,207,87,21,4,3777,409,0
Lesotho,1982,9526,2585,3402,817,261,166,232,588,644,915,1029,1135,824,303,26,301,287,296,348,421,494,512,517,572,563,475,349,214,89,22,4,3663,398,0
Lesotho,1983,9527,2522,3302,780,256,165,229,593,639,919,1060,1167,855,312,27,299,294,291,348,419,500,531,529,583,584,497,358,220,92,23,4,3558,394,0
Lesotho,1984,9520,2462,3208,746,251,163,228,597,632,914,1087,1195,890,321,28,297,300,281,351,414,500,546,541,592,603,519,371,225,96,24,4,3459,391,0
Lesotho,1985,9532,2403,3120,717,246,162,227,601,630,907,1121,1221,929,333,30,296,305,282,348,409,498,562,559,599,622,542,387,234,99,26,4,3366,389,0
Lesotho,1986,9616,2362,3054,692,241,162,231,613,644,912,1159,1255,973,342,30,299,314,300,344,410,502,580,579,615,640,568,405,239,103,26,4,3295,393,0
Lesotho,1987,9826,2355,3030,675,234,164,238,644,678,927,1209,1292,1020,353,33,313,331,326,352,416,511,603,606,632,660,595,425,246,107,29,4,3264,402,0
Lesotho,1988,9930,2314,2969,655,231,165,241,656,695,936,1248,1321,1068,366,35,317,339,342,353,422,514,616,632,649,672,620,448,255,111,31,4,3200,406,0
Lesotho,1989,10035,2262,2904,642,227,165,244,669,712,953,1282,1352,1113,382,36,322,347,359,353,436,517,625,657,668,684,644,469,267,115,32,4,3131,409,0
Lesotho,1990,10219,2220,2856,636,227,169,250,692,746,973,1319,1392,1160,396,37,332,360,379,367,448,525,633,686,694,698,668,492,278,118,32,5,3083,419,0
Lesotho,1991,10363,2202,2833,631,229,170,257,704,783,969,1339,1425,1199,414,40,339,365,392,391,444,525,635,704,718,707,685,514,292,122,35,5,3062,427,0
Lesotho,1992,10836,2206,2847,641,233,175,265,752,895,1049,1417,1489,1234,435,41,356,396,439,456,484,565,670,747,760,729,700,534,307,128,36,5,3080,440,0
Lesotho,1993,11234,2226,2880,654,246,186,288,802,954,1074,1458,1567,1281,458,43,382,420,465,489,491,583,684,774,805,762,721,560,324,134,37,6,3126,474,1
Lesotho,1994,11345,2267,2949,682,258,193,300,810,954,1046,1420,1585,1306,478,45,389,421,461,493,470,576,661,759,815,770,725,581,339,139,39,6,3207,493,1
Lesotho,1995,12091,2348,3065,717,274,208,326,899,1083,1154,1498,1688,1343,500,49,430,469,519,564,527,627,701,797,875,813,742,601,355,145,42,7,3339,534,1
Lesotho,1996,12950,2441,3191,750,289,224,353,1006,1238,1297,1591,1803,1381,529,50,477,529,587,651,620,677,750,841,940,863,763,618,374,155,43,7,3480,577,1
Lesotho,1997,13893,2517,3293,776,303,239,382,1131,1425,1469,1699,1925,1418,555,51,531,600,672,753,730,739,808,891,1004,921,787,631,391,164,44,7,3596,621,1
Lesotho,1998,14986,2539,3341,802,311,255,425,1314,1660,1681,1843,2066,1458,582,55,616,698,781,879,864,817,891,952,1077,989,816,642,407,175,47,8,3652,680,1
Lesotho,1999,15935,2542,3367,825,318,269,446,1430,1876,1887,1996,2192,1491,606,58,660,770,878,998,999,888,988,1008,1135,1057,843,648,422,184,50,8,3685,715,1
Lesotho,2000,16982,2557,3394,837,322,281,478,1589,2125,2138,2135,2309,1523,629,61,723,866,994,1131,1144,994,1073,1062,1185,1124,870,653,435,194,53,8,3716,759,1
Lesotho,2001,18071,2603,3444,841,326,292,506,1762,2386,2426,2242,2414,1558,649,65,790,972,1119,1267,1288,1138,1129,1113,1229,1185,900,658,444,205,55,10,3770,798,1
Lesotho,2002,19158,2668,3529,861,333,300,539,1944,2645,2709,2339,2491,1592,664,70,857,1087,1246,1399,1427,1282,1182,1157,1260,1231,928,664,451,213,59,11,3862,839,1
Lesotho,2003,20084,2722,3600,878,339,306,567,2110,2869,2949,2421,2537,1626,679,74,916,1194,1355,1514,1541,1408,1220,1201,1279,1258,956,670,454,225,63,11,3939,873,1
Lesotho,2004,20872,2712,3611,899,344,311,592,2275,3092,3163,2501,2555,1658,690,79,976,1299,1467,1625,1643,1520,1243,1258,1288,1267,983,675,456,234,68,11,3955,903,1
Lesotho,2005,21211,2702,3614,912,347,314,610,2376,3169,3223,2535,2547,1690,699,84,1017,1359,1517,1652,1659,1564,1269,1266,1283,1264,1007,683,457,242,72,12,3961,924,1
Lesotho,2006,21605,2713,3622,909,344,311,616,2485,3340,3325,2576,2492,1696,704,87,1052,1433,1611,1729,1706,1619,1340,1236,1257,1235,1010,686,457,247,75,12,3966,927,1
Lesotho,2007,21550,2720,3606,886,336,303,607,2529,3398,3303,2561,2410,1689,712,94,1065,1464,1658,1740,1690,1613,1369,1192,1219,1191,1001,688,458,254,81,13,3942,910,1
Lesotho,2008,21377,2708,3579,871,331,295,595,2502,3348,3240,2589,2392,1683,718,100,1056,1446,1651,1697,1645,1595,1407,1182,1230,1162,987,696,462,256,85,15,3910,890,1
Lesotho,2009,20784,2497,3286,789,300,268,548,2453,3383,3207,2551,2319,1641,721,105,1018,1435,1678,1705,1633,1574,1417,1134,1211,1108,946,695,463,258,89,16,3586,816,1
Lesotho,2010,19922,2319,3034,715,272,246,505,2336,3282,3068,2503,2234,1603,727,109,959,1377,1631,1651,1561,1507,1388,1115,1175,1059,907,696,466,261,93,16,3306,751,2
Lesotho,2011,19170,2309,2997,688,263,233,478,2221,3113,2871,2448,2136,1563,730,114,913,1308,1547,1566,1462,1409,1333,1115,1117,1019,868,695,468,262,96,18,3260,711,2
Lesotho,2012,18485,2312,2989,677,257,225,453,2099,2949,2693,2388,2057,1519,736,115,861,1238,1460,1489,1372,1321,1276,1112,1070,987,832,687,472,264,97,18,3246,678,2
Lesotho,2013,17821,2338,3021,683,255,220,432,1974,2782,2506,2305,1982,1476,744,120,805,1169,1372,1410,1277,1229,1211,1094,1020,962,800,676,478,266,100,20,3276,652,2
Lesotho,2014,17216,2371,3081,710,260,218,419,1853,2605,2329,2208,1931,1435,752,123,757,1096,1281,1324,1188,1141,1140,1068,972,959,774,661,483,269,101,22,3341,637,2
Lesotho,2015,16601,2371,3083,712,260,213,403,1731,2431,2175,2117,1901,1399,764,125,709,1022,1193,1238,1111,1064,1076,1041,955,946,755,644,491,273,102,23,3343,616,2
Lesotho,2016,16034,2317,3005,688,251,206,382,1618,2311,2082,2038,1876,1368,767,128,664,954,1129,1182,1069,1013,1023,1015,961,915,742,626,492,275,104,24,3256,588,3
Lesotho,2017,15677,2305,2989,684,251,201,368,1537,2222,2017,1974,1864,1350,772,130,633,904,1083,1139,1043,974,983,991,970,894,738,612,493,279,106,24,3240,569,3
Lesotho,2018,15430,2284,2967,683,252,198,359,1466,2165,1982,1930,1858,1345,773,132,609,857,1051,1114,1033,949,955,975,980,878,743,602,489,284,108,24,3219,557,3
Lesotho,2019,15348,2285,2974,689,257,199,355,1421,2136,1981,1904,1856,1359,769,134,596,825,1030,1106,1040,941,941,963,992,864,766,593,481,288,109,25,3231,554,3
Lesotho,2020,15330,2243,2916,673,255,194,304,1193,1945,1974,2006,2064,1489,841,147,502,691,911,1034,1027,947,976,1030,1100,964,858,631,514,327,120,27,3171,498,4
Lesotho,2021,17126,2194,2846,652,251,193,339,1324,2247,2395,2330,2421,1675,937,160,552,772,1035,1212,1232,1163,1149,1181,1269,1152,962,713,569,368,131,29,3097,532,4
Less developed regions,1950,21072904,6257261,9574996,3317735,755762,438245,527411,1317585,1198850,1363770,1627382,1960568,1569438,665479,72411,670515,647070,596100,602750,659904,703866,786224,841158,996162,964406,861330,708108,457573,207906,60834,11577,10330758,965656,1006
Less developed regions,1951,20748480,6279694,9623940,3344246,749518,424981,504487,1219047,1131040,1320960,1596387,1923124,1538931,646712,68326,622554,596493,558235,572805,633593,687367,769045,827342,973661,949463,848886,690045,444692,202020,58234,10092,10373458,929468,1026
Less developed regions,1952,20382002,6390759,9712288,3321529,721010,407223,466938,1097397,1045564,1263768,1561131,1888589,1515383,635234,66377,560508,536889,511150,534414,599930,663838,749686,811445,947895,940694,841305,674078,437222,198012,56702,9675,10433298,874161,1100
Less developed regions,1953,20261376,6369863,9702918,3333055,762658,394857,455704,1073539,1023770,1244252,1548002,1867644,1495431,626314,65168,547791,525748,501017,522753,589417,654835,743992,804010,928587,939057,837834,657597,431459,194855,55740,9428,10465576,850561,1118
Less developed regions,1954,20118874,6398578,9743075,3344497,733322,383124,439188,1040752,994428,1220890,1536354,1855676,1485275,620903,64821,530262,510490,487969,506459,576867,644023,740999,795355,914810,940866,838647,646628,427501,193402,55603,9218,10476397,822312,1066
Less developed regions,1955,20174930,6386664,9716223,3329559,746673,380676,434702,1038160,993217,1225828,1558325,1886008,1504875,623683,65598,528481,509679,488805,504412,578471,647357,753765,804560,928745,957263,853748,651127,429106,194577,56333,9265,10462896,815378,962
Less developed regions,1956,20105646,6300386,9613299,3312913,760985,378783,429840,1037901,991975,1224246,1569716,1896711,1514773,620703,65787,527825,510076,488738,503237,578098,646148,759285,810431,939209,957502,860951,653822,426909,193794,56311,9476,10374284,808623,926
Less developed regions,1957,20269448,6381416,9680379,3298963,789470,384238,425729,1037501,993635,1227761,1589027,1915338,1539448,620296,65657,527307,510194,489860,503775,579872,647889,766934,822093,954577,960761,878301,661147,426200,194096,56078,9579,10469849,809967,967
Less developed regions,1958,20238118,6281344,9548546,3267202,817642,391118,422229,1041829,1000018,1230243,1605742,1929175,1565880,618923,65754,528575,513254,493792,506226,579732,650511,772168,833574,966374,962801,897249,668631,424251,194672,56196,9558,10366188,813347,1018
Less developed regions,1959,22506296,6603653,10538098,3934445,1043708,499378,469464,1150075,1121784,1373700,1793644,2106624,1703782,637907,67139,580197,569878,551902,569882,644428,729272,859284,934360,1059851,1046773,982442,721340,438527,199380,57424,9715,11581806,968842,993
Less developed regions,1960,24380936,6870973,11237176,4366203,1287225,614743,516121,1246554,1235640,1505564,1961158,2258436,1800623,648722,67943,624972,621582,605581,630059,703977,801587,935761,1025397,1137325,1121111,1043083,757540,448016,200706,58153,9790,12524401,1130864,1030
Less developed regions,1961,21837760,6239289,9839456,3600167,1066664,531193,470413,1148258,1132565,1371761,1801211,2108695,1681203,620597,64794,574138,574120,557220,575345,641486,730275,855023,946188,1059316,1049379,969293,711910,428147,192450,55650,9144,10906120,1001606,949
Less developed regions,1962,19802000,6102559,9040067,2937508,813885,427200,418641,1026531,1010479,1222620,1630258,1963552,1585077,600401,62388,511647,514884,498022,512457,571656,650964,769889,860369,982558,980994,902487,682590,413273,187128,53674,8714,9853952,845841,901
Less developed regions,1963,20243058,6484805,9417865,2933060,809709,438998,425016,1021469,1016093,1222954,1632922,1985449,1605909,604285,61512,506847,514622,499884,516209,573567,649387,769912,863010,992737,992712,904110,701799,416911,187374,53057,8455,10227574,864014,876
Less developed regions,1964,20236264,6418924,9417645,2998721,783163,442042,430697,1007554,1012458,1214913,1630020,2001972,1624679,609240,61047,499787,507767,497743,514715,572992,641921,767671,862349,1002969,999003,906572,718107,421472,187768,52802,8245,10200808,872739,832
Less developed regions,1965,20916614,6427594,9612761,3185167,811530,471728,468721,1090871,1079664,1265757,1684673,2070341,1675515,622940,61292,543333,547538,533083,546581,601279,664478,794098,890575,1040187,1030154,933899,741616,432398,190542,53161,8131,10424291,940449,820
Less developed regions,1966,20597718,6320975,9481071,3160096,786279,471760,462349,1013743,1033484,1234563,1659472,2071890,1687850,632707,61762,506109,507634,506728,526756,585009,649554,781369,878103,1037558,1034332,943686,744164,440674,192033,53718,8044,10267350,934109,789
Less developed regions,1967,20468676,6203267,9337860,3134593,778054,461463,464651,995963,1016947,1227017,1660879,2099029,1714369,649091,62571,502014,493949,497838,519109,580672,646345,781096,879783,1046837,1052192,964733,749636,455330,193761,54511,8060,10115914,926114,780
Less developed regions,1968,20315186,6194370,9208697,3014327,778909,443720,466315,976379,995298,1214019,1651466,2114925,1733992,666905,63790,498073,478306,485896,509402,573680,640339,773153,878313,1049433,1065492,981422,752570,470715,196190,55630,8160,9987606,910035,771
Less developed regions,1969,20335934,6187534,9159682,2972148,803427,432692,467962,966263,977420,1210707,1652294,2147505,1764693,686736,65761,499923,466340,474599,502821,569825,640882,768724,883570,1059627,1087878,1001857,762836,486277,200459,57316,8445,9963109,900654,791
Less developed regions,1970,20467422,6162114,9142862,2980748,857357,436054,479605,973922,968059,1211991,1656728,2175594,1794896,701362,68193,511586,462336,468051,500008,568671,643320,767693,889035,1068950,1106644,1018702,776194,495822,205540,59329,8864,10000219,915659,798
Less developed regions,1971,21351578,6134356,9163681,3029325,886274,435044,549722,1220864,1117682,1318501,1743942,2258743,1867243,718868,70198,644471,576393,548476,569206,625180,693321,810864,933078,1108928,1149815,1059115,808128,505878,212990,60760,9438,10049955,984766,816
Less developed regions,1972,20127426,5946665,8802292,2855627,838929,407440,481070,987609,939876,1199297,1644439,2184243,1848431,721819,71105,530665,456944,449780,490096,561213,638084,759735,884704,1065967,1118276,1042787,805644,502285,219534,60941,10164,9641221,888510,875
Less developed regions,1973,19915088,5843120,8628123,2785003,819036,409258,475251,991316,918152,1186452,1627910,2176808,1872306,736121,73361,535804,455512,437593,480559,553389,633063,753228,874682,1060507,1116301,1051636,820670,506936,229185,62377,10984,9447159,884509,994
Less developed regions,1974,19860226,5731836,8465133,2733297,808675,423512,473677,1008486,908153,1188864,1632172,2196322,1917543,759123,77350,545358,463128,432166,475987,553378,635486,758764,873408,1068474,1127848,1075061,842482,519325,239798,65484,11866,9273808,897189,1215
Less developed regions,1975,19922694,5579806,8263147,2683341,808860,440690,488333,1077135,928969,1208483,1650720,2222893,1963904,784834,83128,582506,494629,444703,484266,562757,645726,770106,880614,1080867,1142026,1099116,864788,535764,249070,70094,13034,9072007,929023,1598
Less developed regions,1976,19745574,5446096,8029044,2582948,805686,470562,483555,1055735,908513,1199652,1647731,2233449,2006660,814304,88881,565388,490347,434820,473693,557132,642520,768553,879178,1084873,1148576,1117578,889082,556609,257695,75214,13667,8834730,954117,1801
Less developed regions,1977,19478490,5321619,7805721,2484102,773441,445259,453726,1026432,877505,1184703,1651964,2256066,2059542,849053,93215,544137,482295,422347,455158,547424,637279,768972,882992,1094261,1161805,1140142,919400,582576,266477,79312,13903,8579162,898985,1864
Less developed regions,1978,19512102,5242732,7654382,2411650,755005,433751,458314,1051358,882790,1192588,1678492,2292033,2122902,889664,98968,552607,498751,430460,452330,549436,643152,780970,897522,1107262,1184771,1167977,954925,612406,277258,84537,14431,8409387,892065,1854
Less developed regions,1979,19543772,5210229,7548920,2338691,736037,426028,462561,1048790,883278,1190685,1698434,2321357,2187874,932067,105878,545304,503486,436557,446721,545179,645506,787939,910495,1113989,1207368,1196047,991827,641786,290281,90481,15397,8284957,888589,1862
Less developed regions,1980,19661058,5187715,7475982,2288267,721781,421447,469506,1052678,894482,1193096,1721807,2359288,2258075,977936,113013,540140,512538,448266,446216,543256,649840,796361,925446,1126755,1232533,1227935,1030140,671972,305964,96287,16726,8197763,890953,1967
Less developed regions,1981,19772254,5157999,7405510,2247511,705392,415563,481104,1073954,914970,1194525,1737524,2389879,2314431,1019367,117861,546298,527656,465360,449610,541035,653490,803161,934363,1137789,1252090,1253327,1061104,699177,320190,99540,18321,8110902,896667,2173
Less developed regions,1982,19926168,5143801,7366073,2222272,695719,410588,487417,1089465,936515,1196174,1756618,2425836,2375014,1063546,120902,552088,537377,481095,455420,537908,658266,810623,945995,1152712,1273124,1281872,1093142,727592,335954,101655,19247,8061792,898005,2299
Less developed regions,1983,20104780,5099425,7349690,2250265,696748,411062,485685,1095321,957164,1195244,1776426,2461890,2439085,1109577,124483,557387,537934,494012,463152,534047,661197,817171,959255,1170933,1290957,1313667,1125418,756713,352864,104239,20244,8046438,896747,2403
Less developed regions,1984,20202164,5064175,7293606,2229431,690570,403157,484649,1108606,979510,1189976,1787801,2486329,2494840,1152528,128149,571441,537165,504690,474820,530724,659252,821001,966800,1186765,1299564,1340809,1154031,784317,368211,107238,20911,7984176,887806,2443
Less developed regions,1985,20279986,5032143,7232982,2200839,687960,394371,482150,1110884,997191,1182821,1796727,2515264,2549017,1195526,132640,580850,530034,511914,485277,527545,655276,823399,973328,1202245,1313019,1366735,1182282,811672,383854,111217,21423,7920942,876521,2452
Less developed regions,1986,20323198,5002299,7155404,2153105,676744,380393,477996,1112914,1012502,1175974,1806735,2544631,2598858,1239421,139019,589987,522927,516714,495788,525746,650228,825570,981165,1214904,1329727,1390597,1208261,838439,400982,116880,22139,7832148,858389,2607
Less developed regions,1987,20436796,4943462,7050287,2106825,672914,374098,483360,1134066,1044004,1183816,1826297,2584280,2650260,1284091,146296,603462,530604,528924,515080,534324,649492,833069,993228,1233320,1350960,1414824,1235436,865232,418859,123546,22750,7723201,857458,3026
Less developed regions,1988,20730582,4913246,7050333,2137087,684501,371200,486451,1157389,1077032,1202693,1856336,2642777,2708861,1333445,156080,610734,546655,540074,536958,549954,652739,843891,1012445,1260940,1381837,1439335,1269526,894612,438833,132028,24052,7734834,857651,3485
Less developed regions,1989,20554446,4812006,6867936,2055930,661747,357836,467573,1122478,1060137,1197614,1855927,2673960,2744345,1377238,163816,583637,538841,524438,535699,554054,643560,838124,1017803,1271419,1402541,1448463,1295882,920831,456407,138827,24989,7529683,825409,3838
Less developed regions,1990,20763656,4772510,6806603,2034093,662072,358654,468087,1153816,1084074,1226393,1877199,2726944,2799426,1424260,171968,592758,561058,530225,553849,576377,650016,843792,1033407,1293128,1433816,1472364,1327062,949976,474284,145803,26165,7468675,826741,4159
Less developed regions,1991,20836920,4644014,6681976,2037962,677554,365878,461351,1154415,1090688,1250871,1889338,2768416,2848939,1464240,178901,585425,568990,527534,563154,595368,655503,845377,1043961,1311586,1456830,1496585,1352354,974306,489934,151914,26987,7359530,827229,4353
Less developed regions,1992,20835826,4517861,6502048,1984187,664285,362336,457908,1174674,1113595,1283840,1894966,2802863,2889297,1500206,185629,591140,583534,537270,576325,617969,665871,843542,1051424,1325883,1476980,1517874,1371423,995652,504554,157798,27831,7166333,820244,4179
Less developed regions,1993,20865390,4400017,6316295,1916278,656016,361990,454474,1182016,1139625,1325108,1902670,2849291,2939111,1543079,191952,592712,589304,552598,587027,642300,682808,843567,1059103,1343505,1505786,1547850,1391261,1022037,521042,163723,28229,6972311,816464,3763
Less developed regions,1994,21179284,4312142,6171427,1859285,654372,366527,481015,1249915,1225893,1405911,1930813,2907817,2991532,1589677,200710,625466,624449,602784,623109,686961,718950,857047,1073766,1370330,1537487,1583660,1407872,1049965,539712,170878,29832,6825799,847542,3674
Less developed regions,1995,20996304,4226574,6037949,1811375,650207,358307,445396,1170115,1174113,1409464,1918790,2930489,3046857,1638813,211952,579619,590496,581612,592501,679450,730014,850963,1067827,1376279,1554210,1615277,1431580,1078125,560688,179571,32381,6688156,803703,3852
Less developed regions,1996,21145314,4130336,5895964,1765628,646386,359956,449328,1180865,1205281,1459964,1937944,2979512,3116473,1687650,221930,580159,600706,604413,600868,700964,759000,862622,1075322,1395262,1584250,1651202,1465271,1106988,580662,187564,34366,6542350,809284,4060
Less developed regions,1997,21213240,4025480,5740522,1715042,634491,360909,452823,1184632,1225987,1499547,1952220,3016919,3176137,1732711,231970,578041,606591,617123,608864,716239,783308,875580,1076640,1408945,1607974,1680333,1495804,1132836,599875,195678,36292,6375013,813732,4372
Less developed regions,1998,21447884,3939044,5627010,1687966,631717,369696,468909,1223035,1270969,1550531,1978808,3052435,3246819,1778854,244160,595713,627322,636113,634856,736353,814178,898970,1079838,1419663,1632772,1713728,1533091,1157014,621840,205236,38924,6258727,838605,4940
Less developed regions,1999,21340812,3820772,5420821,1600049,597598,358309,458697,1199704,1282668,1565346,1997857,3067526,3304001,1824293,258291,582359,617345,633959,648709,736465,828881,921085,1076772,1417639,1649887,1735312,1568689,1178784,645509,216515,41776,6018419,817006,5702
Less developed regions,2000,21437930,3732258,5265735,1533477,576799,357385,452329,1171973,1297719,1583178,2040308,3106785,3400662,1901494,277109,568498,603475,633659,664060,734684,848494,955180,1085128,1426550,1680235,1776047,1624615,1223228,678266,231583,45526,5842534,809714,6452
Less developed regions,2001,21571812,3628336,5102053,1473717,564079,356648,454303,1174719,1329883,1606551,2086647,3137009,3484412,1974281,294119,572952,601767,642296,687587,736383,870168,992268,1094379,1431959,1705050,1813259,1671153,1267266,707015,244956,49163,5666132,810951,7107
Less developed regions,2002,21676968,3519101,4935776,1416675,552240,351248,453348,1170467,1346376,1623150,2133225,3161877,3574537,2056336,310812,574773,595694,645588,700788,735008,888142,1027608,1105617,1432717,1729160,1851410,1723127,1317247,739089,258656,52156,5488016,804596,7576
Less developed regions,2003,21823634,3401996,4756647,1354651,541419,343401,453727,1172017,1357107,1653414,2194054,3185471,3679766,2148476,330239,579930,592087,650955,706152,746015,907399,1067950,1126104,1435135,1750336,1895442,1784324,1375589,772887,275071,55168,5298066,797128,7897
Less developed regions,2004,22057214,3310728,4628003,1317275,541578,342131,459092,1181911,1367081,1688611,2261296,3207163,3779475,2241248,351376,588455,593456,654329,712752,766561,922050,1102340,1158956,1442036,1765127,1940752,1838723,1436158,805090,292534,58842,5169581,801223,8248
Less developed regions,2005,22123054,3201325,4454399,1253074,524987,328751,454056,1170082,1354125,1705370,2318943,3223896,3868504,2339031,372364,583420,586662,644939,709186,781526,923844,1127322,1191621,1449565,1774331,1979949,1888555,1496734,842297,310224,62140,4979386,782807,8547
Less developed regions,2006,22209810,3101794,4294899,1193105,508360,314880,447650,1167866,1345421,1725460,2380321,3244972,3950822,2428674,391676,581839,586027,637036,708385,800678,924782,1149916,1230405,1462874,1782098,2017030,1933792,1548549,880125,326108,65568,4803259,762530,8810
Less developed regions,2007,22466126,3016087,4157234,1141147,498903,308079,443514,1173755,1344057,1752239,2460460,3299755,4064360,2539900,414575,583809,589946,632463,711594,819430,932809,1175629,1284831,1498528,1801227,2070470,1993890,1613986,925914,344780,69795,4656137,751593,9292
Less developed regions,2008,22744024,2940664,4048160,1107496,499935,308676,442546,1181509,1344502,1785287,2544523,3358905,4151671,2636094,432597,586737,594772,627570,716932,831701,953586,1197539,1346984,1544329,1814576,2108354,2043317,1671071,965023,358893,73704,4548095,751222,9618
Less developed regions,2009,22798230,2853388,3904137,1050749,471452,295256,427614,1166655,1321817,1804515,2592032,3416652,4212174,2725189,450854,577864,588791,614357,707460,833207,971308,1199291,1392741,1594520,1822132,2125966,2086208,1718877,1006312,373153,77701,4375589,722870,9882
Less developed regions,2010,22959206,2773343,3791324,1017981,462398,291800,420353,1161819,1305414,1829227,2640457,3494060,4267674,2811223,473296,575685,586134,607379,698035,837645,991582,1197752,1442705,1655457,1838603,2141535,2126139,1763221,1048002,390962,82334,4253722,712153,10159
Less developed regions,2011,23049474,2690025,3664222,974197,441583,281423,407196,1143340,1284604,1848365,2678737,3577938,4321515,2893543,496455,565696,577644,599228,685376,837784,1010581,1193799,1484938,1718934,1859004,2155249,2166266,1807864,1085679,409457,86998,4105805,688619,10553
Less developed regions,2012,23229080,2621675,3563168,941493,431538,277401,401628,1136970,1273758,1863287,2721843,3676774,4373420,2977876,520097,560707,576263,597670,676088,838852,1024435,1198187,1523656,1785626,1891148,2164510,2208910,1852276,1125600,428569,91528,3994706,679029,11319
Less developed regions,2013,23370146,2543821,3455940,912119,421315,272628,395485,1122201,1258489,1857720,2772602,3790128,4409279,3060350,541980,551259,570942,595075,663414,833107,1024613,1221530,1551072,1856398,1933730,2168559,2240720,1894390,1165960,447183,94797,3877255,668113,12030
Less developed regions,2014,23439856,2462008,3342779,880771,411776,266779,388414,1100697,1238853,1836205,2808551,3896257,4428581,3138914,569179,538336,562361,588814,650039,818026,1018179,1251471,1557080,1907720,1988537,2171431,2257150,1935470,1203444,470197,98982,3754555,655193,12869
Less developed regions,2015,23609734,2386147,3234351,848204,405078,262620,384153,1086824,1229953,1825173,2850669,4024933,4465994,3223642,602598,527952,558872,585616,644337,805490,1019683,1290874,1559795,1964876,2060057,2189478,2276516,1979087,1244555,497402,105196,3639429,646773,13747
Less developed regions,2016,23871812,2320522,3134519,813997,394842,256656,380490,1077942,1231186,1819131,2898489,4167171,4535035,3325143,636440,521280,556662,586399,644787,795522,1023609,1333824,1564665,2018617,2148554,2227460,2307575,2033125,1292018,524185,112255,3529361,637146,14767
Less developed regions,2017,24285442,2250450,3032157,781707,386676,252371,377907,1071486,1237926,1822664,2952523,4344779,4652989,3459759,678229,517383,554103,588478,649448,791140,1031524,1368698,1583825,2080555,2264224,2301231,2351758,2107842,1351917,557321,120908,3418833,630278,15976
Less developed regions,2018,24379472,2183347,2938028,754681,380960,248808,373560,1057590,1239708,1803281,2967210,4438748,4697603,3509726,707523,510453,547137,587193,652515,781112,1022169,1359657,1607553,2092418,2346330,2353109,2344494,2127114,1382612,579474,128049,3318988,622368,16727
Less developed regions,2019,24730474,2121149,2851531,730382,375484,246353,369249,1044841,1246850,1798181,3026990,4554651,4839859,3609364,749630,504380,540461,588763,658087,780311,1017870,1364129,1662861,2112237,2442414,2461898,2377961,2171398,1437966,610566,139064,3227015,615602,17491
Less developed regions,2020,26941146,2054004,2758515,704511,369792,242579,359852,1008690,1260691,1913896,3422256,5203092,5475133,4066377,841131,489903,518787,583358,677333,824182,1089714,1498858,1923398,2378051,2825041,2844656,2630477,2422929,1643448,685434,155697,3128307,602431,19139
Less developed regions,2021,29795272,2007400,2691393,683993,364277,244963,392127,1103012,1415375,2159775,3922335,5853135,6222989,4486238,918127,533385,569627,649832,765543,932252,1227523,1705282,2217053,2650741,3202394,3274159,2948830,2672727,1813511,746624,171503,3055670,637090,21525
"Less developed regions, excluding China",1950,14259450,4740195,7297051,2556856,495332,257208,374953,988227,851238,844997,884774,953874,873310,388239,49330,507555,480672,429849,421389,423350,421647,443455,441319,489355,464519,473629,399681,264455,123784,40112,9218,7792383,632161,916
"Less developed regions, excluding China",1951,14076606,4760602,7329992,2569390,495230,253747,357121,901750,796124,819980,876066,952482,863830,383820,45518,464632,437118,399038,397086,407329,412651,438411,437655,485983,466499,465951,397879,261774,122046,37814,7704,7825222,610868,946
"Less developed regions, excluding China",1952,13698744,4763289,7299055,2535766,478062,244071,323130,786795,719046,776005,855078,941328,849743,381610,43786,405113,381682,356762,362284,380355,395650,424210,430868,472425,468903,453009,396734,260453,121157,36469,7317,7777117,567201,1033
"Less developed regions, excluding China",1953,13702706,4778132,7306111,2527979,490175,241819,318626,771760,710511,775004,865285,950914,845349,382929,43175,396540,375220,352484,358027,377317,397687,425043,440242,468881,482033,446692,398657,261625,121304,36077,7098,7796286,560445,1048
"Less developed regions, excluding China",1954,13612400,4797365,7307805,2510440,477951,236232,307811,742832,689515,761474,865683,952495,841349,384966,43296,380271,362561,341636,347879,368027,393447,421399,444284,463551,488944,443091,398258,262925,122041,36429,6867,7785756,544043,990
"Less developed regions, excluding China",1955,13615132,4788571,7288943,2500372,479306,234282,305356,736856,687255,761595,876928,964427,846006,389145,44146,376484,360372,340822,346433,366410,395185,424021,452907,467530,496897,447721,398285,265338,123807,37215,6931,7768249,539638,887
"Less developed regions, excluding China",1956,13670531,4792018,7282023,2490005,486441,234734,304372,737254,690368,765623,892108,981108,856024,394418,45207,376434,360820,342652,347716,366966,398657,430079,462029,477761,503347,458841,397183,268621,125797,38003,7204,7768464,539106,851
"Less developed regions, excluding China",1957,13819973,4822279,7321710,2499431,501178,239520,304569,739352,696554,773707,913316,1005534,875508,402246,45884,377766,361586,345706,350848,369864,403843,440259,473057,495769,509765,478563,396945,274154,128092,38527,7357,7822888,544089,895
"Less developed regions, excluding China",1958,13909860,4826253,7316344,2490091,512928,242385,305077,745614,704065,779589,929457,1024908,892939,408764,46831,381562,364052,349633,354432,372456,407133,448920,480537,513169,511739,497306,395633,278558,130206,39257,7574,7829272,547462,959
"Less developed regions, excluding China",1959,13869767,4801998,7256161,2454163,509881,240788,300204,735488,699562,775994,937427,1041050,910117,414027,48131,376654,358834,346845,352717,370415,405579,452890,484537,526847,514203,512179,397938,281559,132468,40434,7697,7766042,540992,937
"Less developed regions, excluding China",1960,13973364,4813744,7257775,2444031,517136,245452,302901,745687,709810,782683,951006,1062503,928876,418468,50080,381985,363702,351833,357977,374118,408565,459218,491788,540276,522227,523486,405390,283488,134980,42061,8019,7774911,548353,987
"Less developed regions, excluding China",1961,14052127,4818975,7253925,2434950,519699,249568,306231,753331,718594,788286,961556,1083264,946800,420190,49759,385301,368030,355805,362789,377834,410452,463473,498083,549936,533328,529791,417009,283456,136734,42076,7683,7773624,555799,924
"Less developed regions, excluding China",1962,14130551,4838028,7268124,2430096,522149,254691,308082,749338,721192,791875,970893,1105376,966481,422213,49259,381730,367608,355801,365391,380147,411728,466034,504859,557064,548312,532447,434034,283144,139069,41780,7479,7790273,562773,878
"Less developed regions, excluding China",1963,14248920,4850045,7278782,2428737,528239,261678,313023,754057,729382,800376,983980,1132352,989538,427384,49271,382630,371427,358662,370720,385176,415200,469852,514128,565177,567175,535812,453726,285094,142290,41905,7366,7807021,574701,858
"Less developed regions, excluding China",1964,14312417,4851414,7270822,2419408,527438,263704,316316,751725,730417,804407,993033,1157150,1011716,435156,49722,380695,371030,358279,372138,387756,416651,471695,521338,572607,584543,541498,470218,290203,144953,42449,7273,7798260,580020,811
"Less developed regions, excluding China",1965,15092011,4957206,7503914,2546708,580504,292088,351734,844753,802361,864813,1056910,1229673,1062701,450981,50779,428187,416566,395600,406761,418999,445814,501210,555700,606842,622831,568380,494321,302664,148317,43512,7267,8084418,643822,799
"Less developed regions, excluding China",1966,14910002,4926195,7427655,2501460,579110,293940,341750,775139,759862,844682,1047085,1242681,1082163,463242,51927,393641,381498,371352,388510,407436,437246,493690,553395,609835,632846,580448,501715,313555,149687,44695,7232,8006765,635690,766
"Less developed regions, excluding China",1967,14952223,4917452,7398984,2481532,580239,288248,340915,764216,748044,846940,1060880,1277378,1113124,479272,53228,390864,373352,365361,382683,407181,439759,498129,562751,626194,651184,604189,508935,328568,150704,45949,7279,7979223,629163,755
"Less developed regions, excluding China",1968,14808905,4841459,7244070,2402611,568011,277775,340242,750352,733310,842175,1064743,1300523,1136954,495152,54846,386458,363894,358214,375096,403329,438846,498227,566516,638074,662449,625493,511461,342758,152394,47438,7408,7812081,618017,750
"Less developed regions, excluding China",1969,14893833,4844742,7237260,2392518,576878,278336,340877,742239,722247,844800,1077821,1333705,1169985,511911,56999,385828,356411,352335,369912,402762,442038,503252,574569,654944,678761,650186,519799,355681,156230,49270,7729,7814138,619213,774
"Less developed regions, excluding China",1970,15149879,4868505,7296730,2428225,620821,297022,352632,753292,722374,855117,1096292,1367669,1202150,525615,59378,396106,357186,352102,370272,406132,448985,511566,584726,672387,695282,671133,531017,364216,161399,51186,8192,7917551,649654,786
"Less developed regions, excluding China",1971,16244631,4940580,7447494,2506914,644930,311931,426478,1004168,883225,974021,1200683,1468896,1276444,544355,61199,528287,475881,439279,443946,467388,506633,564529,636154,725054,743842,714219,562225,375442,168913,52387,8812,8092424,738409,807
"Less developed regions, excluding China",1972,15185977,4858453,7222507,2364054,599779,291039,360567,769316,712901,860578,1110118,1403366,1249445,543729,61765,411616,357700,345493,367408,405390,455188,519101,591017,688363,715003,692834,556611,369689,174040,52189,9576,7822286,651606,867
"Less developed regions, excluding China",1973,15152693,4843813,7179408,2335595,592183,288788,360185,771519,701837,854758,1108450,1409268,1268089,553487,63733,415175,356344,339139,362698,400649,454109,518869,589581,688952,720316,697038,571051,371580,181907,53316,10417,7771591,648973,988
"Less developed regions, excluding China",1974,15231258,4839048,7167219,2328171,593583,291406,364572,782284,698262,858029,1118623,1425151,1295747,567838,67335,421916,360368,336483,361779,400475,457554,524441,594182,694565,730586,707219,588528,378236,189602,56047,11288,7760802,655978,1209
"Less developed regions, excluding China",1975,15455832,4813165,7136700,2323535,601456,299317,388362,845937,725512,880479,1143220,1448766,1326383,585377,72730,457112,388825,351487,374025,410836,469643,537132,606088,704895,743871,720369,606014,388640,196737,60331,12399,7738156,687679,1593
"Less developed regions, excluding China",1976,15441082,4767884,7043146,2275262,615657,323679,394226,825981,714041,876469,1148193,1459389,1353926,606702,77877,442675,383306,345154,368887,408063,468406,539478,608715,707774,751615,731792,622134,403050,203652,64923,12954,7658803,717905,1795
"Less developed regions, excluding China",1977,15295375,4724640,6944471,2219831,589706,297171,368979,794714,687395,863951,1158001,1481967,1392903,632921,81335,423109,371605,333069,354326,400145,463806,542264,615737,716728,765239,750589,642314,422942,209979,68239,13096,7534177,666150,1859
"Less developed regions, excluding China",1978,15398658,4687929,6872377,2184448,584064,290462,370042,818871,694520,874764,1185584,1516065,1440225,663843,85994,434639,384232,339351,355169,405133,469631,554353,631231,732088,783977,774808,665417,446530,217313,72466,13528,7456441,660504,1846
"Less developed regions, excluding China",1979,15459183,4660472,6801221,2140749,580114,287645,367094,820471,694866,877353,1206371,1546371,1487079,696946,91803,433634,386837,342367,352499,405547,471806,562650,643721,745503,800868,798329,688750,470330,226616,77373,14430,7381335,654739,1849
"Less developed regions, excluding China",1980,15581215,4641982,6749805,2107823,580658,286451,366496,830144,704166,883701,1229731,1580844,1537791,731453,98022,436796,393348,350521,353645,407568,476133,571791,657940,761317,819527,824003,713788,493416,238037,82338,15684,7330463,652947,1953
"Less developed regions, excluding China",1981,15692503,4612627,6689775,2077148,579506,284888,370844,859544,722493,889678,1246365,1606880,1579612,758721,102039,451478,408066,363882,358611,409220,480458,578144,668221,773375,833505,844925,734687,511018,247703,84864,17175,7269281,655732,2157
"Less developed regions, excluding China",1982,15815405,4577968,6634426,2056458,581766,284862,374528,880947,739702,896035,1264884,1638489,1626264,787260,103960,462178,418769,375458,364244,410035,486000,584581,680303,788811,849678,867822,758442,528386,258874,85986,17974,7216192,659390,2281
"Less developed regions, excluding China",1983,16027577,4592132,6675307,2083175,595451,291297,375565,886201,753922,901493,1281257,1670993,1672263,815434,106009,464534,421667,384137,369785,410177,491316,589801,691456,804835,866158,889693,782570,544624,270810,87188,18821,7270758,666862,2383
"Less developed regions, excluding China",1984,16106133,4554379,6617137,2062758,598286,291961,378189,897905,770164,903879,1291457,1696257,1709132,841229,108113,470856,427049,392246,377918,409897,493982,592323,699134,817417,878840,906271,802861,559473,281756,88770,19343,7215423,670150,2421
"Less developed regions, excluding China",1985,16132651,4499984,6536500,2036516,601454,292414,378045,899212,781145,902900,1299115,1721047,1741324,866193,110872,471193,428019,396661,384484,408681,494219,593731,705384,829329,891718,920467,820857,574260,291933,91123,19749,7137954,670459,2429
"Less developed regions, excluding China",1986,16103489,4431835,6419249,1987414,593171,288365,376591,899958,791143,901049,1306358,1746045,1771334,892257,115387,471112,428846,400551,390592,408223,492826,595437,710921,840831,905214,933448,837886,590233,302024,95039,20348,7012420,664956,2581
"Less developed regions, excluding China",1987,16137291,4336100,6271852,1935752,589912,291109,384613,921020,817940,911924,1322914,1779837,1802873,919669,120632,480598,440422,413057,404883,415961,495963,602602,720312,856797,923040,947723,855150,607673,311996,99834,20798,6861764,675722,2996
"Less developed regions, excluding China",1988,16405123,4320150,6276572,1956422,601428,297089,392037,943310,848404,932393,1353716,1830796,1845319,952370,128235,490880,452430,426327,422077,428606,503787,616406,737310,880964,949832,968651,876668,628676,323694,106320,21915,6878000,689126,3454
"Less developed regions, excluding China",1989,16174026,4207369,6075068,1867699,580017,290577,379278,903243,833564,925144,1355397,1851745,1865269,977093,133822,467269,435974,415941,417623,427569,497575,615737,739660,889337,962408,977596,887673,644316,332777,111141,22681,6655085,669855,3809
"Less developed regions, excluding China",1990,16305395,4146642,5989513,1842871,580898,295572,386864,927838,861361,949573,1377718,1891927,1897613,1002913,139484,478727,449111,429386,431975,444045,505528,625549,752169,907182,984745,995379,902234,660601,342312,115741,23743,6570411,682436,4121
"Less developed regions, excluding China",1991,16463094,4117860,5962022,1844162,596254,305855,388256,923926,875892,971397,1397163,1932199,1934050,1028402,143366,474996,448930,435074,440818,458030,513367,633342,763821,924326,1007873,1016599,917451,676494,351908,119058,24308,6558276,694111,4310
"Less developed regions, excluding China",1992,16538221,4049541,5848904,1799363,583074,304083,392800,947278,906098,1001208,1414335,1969703,1968297,1051337,146986,485450,461828,450046,456052,476331,524877,639714,774621,939538,1030165,1037572,930725,689894,361443,122047,24939,6431978,696883,4117
"Less developed regions, excluding China",1993,16585484,3963422,5712372,1748950,573713,304454,396203,962839,931172,1033416,1431998,2007801,2004727,1073429,149671,491864,470975,461929,469243,495017,538399,645924,786074,954232,1053569,1060377,944350,702514,370915,124579,25092,6286085,700657,3689
"Less developed regions, excluding China",1994,16906394,3902550,5611996,1709446,571636,310123,428212,1041216,1014849,1104377,1470471,2058522,2042731,1094333,154330,531370,509846,504029,510820,535646,568731,663635,806836,976997,1081525,1085008,957723,713860,380473,128106,26224,6183632,738335,3599
"Less developed regions, excluding China",1995,16726018,3840568,5518747,1678179,564792,302647,396228,970499,962335,1098098,1468481,2077812,2082427,1118756,161421,492495,478004,474320,488015,524310,573788,660716,807765,981247,1096565,1107297,975130,726911,391845,133294,28127,6083539,698875,3773
"Less developed regions, excluding China",1996,16841380,3771754,5418677,1646923,561244,303706,402171,992161,991767,1137324,1490536,2110665,2124886,1137749,166533,501182,490979,487987,503780,542879,594445,672463,818073,994293,1116372,1131485,993401,737323,400426,137181,29352,5979921,705877,3962
"Less developed regions, excluding China",1997,16901142,3692056,5299408,1607352,554472,304060,406559,1006734,1013332,1169050,1508781,2138893,2164650,1158718,172255,506778,499956,497269,516063,558174,610876,683619,825162,1005925,1132968,1152330,1012320,749182,409536,141707,30548,5853880,710619,4229
"Less developed regions, excluding China",1998,17104236,3629063,5219330,1590267,558672,311332,422793,1055907,1056871,1212764,1533776,2165204,2204930,1178601,179278,531312,524595,518370,538501,579812,632952,700532,833244,1017382,1147822,1171911,1033019,760598,418003,146887,32391,5778002,734125,4779
"Less developed regions, excluding China",1999,16993708,3531133,5043278,1512145,532157,298774,413484,1045752,1064319,1229679,1549505,2181496,2239013,1202887,187846,524285,521467,519747,544572,587051,642628,714440,835065,1023377,1158119,1186449,1052564,774867,428020,153282,34564,5575435,712258,5519
"Less developed regions, excluding China",2000,17024564,3449478,4904408,1454930,519429,296038,407099,1028250,1070225,1248627,1580679,2213959,2301398,1248223,199938,513876,514374,520639,549586,593975,654652,737130,843549,1035878,1178081,1214339,1087059,803042,445181,162425,37513,5423837,703137,6290
"Less developed regions, excluding China",2001,17145978,3373972,4776861,1402889,513010,295716,409003,1041601,1094693,1279684,1617555,2245232,2361858,1292671,211168,520781,520820,531956,562737,606013,673671,763531,854024,1047621,1197611,1240483,1121375,831139,461532,170867,40301,5289871,704719,6927
"Less developed regions, excluding China",2002,17201554,3286161,4639347,1353186,506137,292979,407301,1044802,1107410,1299816,1646541,2267092,2420308,1341104,221330,523066,521736,537351,570059,609960,689856,785641,860900,1052871,1214221,1263669,1156639,861620,479484,178881,42449,5145484,700280,7388
"Less developed regions, excluding China",2003,17292676,3188335,4486858,1298523,498900,288719,406513,1053354,1123257,1326603,1684587,2294353,2489824,1399443,232627,528156,525198,546167,577090,616173,710430,812654,871933,1060693,1233660,1291988,1197836,898441,501002,188172,44455,4985758,695232,7634
"Less developed regions, excluding China",2004,17461698,3111099,4378660,1267561,503026,291681,410217,1069090,1141391,1355877,1727487,2322337,2555198,1454986,243792,536909,532181,555258,586133,624210,731667,836550,890937,1069965,1252372,1320077,1235121,933593,521393,197194,46598,4881686,701898,7954
"Less developed regions, excluding China",2005,17459102,3015859,4224850,1208991,488479,283285,403637,1060542,1136613,1368741,1759705,2342945,2614198,1512328,255568,531786,528756,552735,583878,624159,744582,850834,908871,1077324,1265621,1345211,1268987,969131,543197,206598,48970,4713329,686922,8209
"Less developed regions, excluding China",2006,17518168,2928701,4082307,1153606,473563,274216,397513,1060877,1139298,1387342,1803524,2374247,2677111,1572507,267217,530180,530697,553249,586049,628810,758532,869481,934043,1093134,1281113,1375217,1301894,1006308,566199,215946,51271,4555870,671729,8445
"Less developed regions, excluding China",2007,17655602,2853472,3958799,1105327,465825,270135,394956,1065360,1145427,1408718,1857558,2416930,2746761,1636574,279714,530814,534546,555310,590117,637465,771253,889824,967734,1117645,1299285,1410297,1336464,1046116,590458,225849,53865,4424624,665091,8843
"Less developed regions, excluding China",2008,17813456,2785257,3857551,1072294,466722,271256,394593,1067634,1151840,1432173,1919218,2461773,2805046,1688084,288518,530209,537425,555597,596243,649025,783148,910202,1009016,1145589,1316184,1441472,1363574,1078765,609319,232761,55757,4324273,665849,9047
"Less developed regions, excluding China",2009,17834408,2708160,3728483,1020323,442501,261587,385145,1055151,1146162,1444790,1968578,2505361,2852404,1737338,297658,521575,533576,550329,595833,657237,787553,924405,1044173,1177031,1328330,1464880,1387524,1108582,628756,240007,57651,4170984,646732,9250
"Less developed regions, excluding China",2010,17910518,2639389,3628787,989398,435155,259443,381889,1047993,1140940,1452017,2017798,2556790,2891944,1780445,307882,517320,530673,546948,593992,663232,788785,938553,1079245,1214035,1342755,1483498,1408446,1133315,647130,247887,59995,4063942,641332,9434
"Less developed regions, excluding China",2011,17923530,2566673,3514479,947806,417014,250478,372710,1028782,1130720,1453076,2064735,2611552,2930742,1822424,317145,507101,521681,540871,589849,665881,787195,951611,1113124,1251743,1359809,1499113,1431629,1156387,666037,254944,62201,3931493,623188,9673
"Less developed regions, excluding China",2012,18004834,2499643,3416768,917125,408921,247966,369668,1023274,1127996,1458374,2112449,2668943,2968334,1864313,327550,504110,519164,539518,588478,669120,789254,965250,1147199,1289499,1379444,1510659,1457675,1177553,686760,262613,64937,3825689,617634,10277
"Less developed regions, excluding China",2013,18071458,2434902,3324305,889403,400312,244984,365596,1010103,1121031,1461072,2156663,2733527,3004388,1902918,335760,497767,512336,536917,584114,668653,792419,979789,1176874,1332392,1401135,1520888,1483500,1196518,706400,269359,66401,3724617,610580,10798
"Less developed regions, excluding China",2014,18046006,2359826,3219460,859634,392200,241012,360130,990281,1108052,1452044,2180652,2786144,3023755,1934906,345935,488612,501669,530814,577238,661973,790071,985910,1194742,1360638,1425506,1523609,1500146,1211064,723842,277555,68380,3611660,601142,11433
"Less developed regions, excluding China",2015,18128972,2296877,3125573,828696,386670,238845,357074,979270,1103528,1453821,2215006,2859098,3058286,1978247,361392,483151,496119,527574,575954,659948,793873,996972,1218034,1394300,1464798,1538032,1520254,1232321,745926,289811,71581,3512243,595919,12162
"Less developed regions, excluding China",2016,18272828,2235237,3031221,795984,377628,234703,354355,974070,1105790,1461130,2250443,2946193,3113403,2032967,377918,480758,493312,527276,578514,661107,800023,1007711,1242732,1431125,1515068,1566545,1546858,1262263,770704,303002,74916,3408849,589058,13008
"Less developed regions, excluding China",2017,18393836,2170695,2935989,765294,370010,231261,352164,969413,1107362,1466278,2275948,3030867,3162372,2082403,395734,478543,490870,526056,581306,663441,802837,1013472,1262476,1464234,1566633,1598225,1564147,1290040,792363,316754,78980,3305999,583425,14035
"Less developed regions, excluding China",2018,18615600,2119715,2859234,739519,365658,229781,350175,964895,1111896,1477027,2306270,3134247,3233172,2149635,418890,475396,489499,525297,586599,669347,807680,1020828,1285442,1499994,1634253,1645002,1588170,1328244,821391,334515,84375,3224892,579956,14719
"Less developed regions, excluding China",2019,18887108,2066485,2783138,716653,361333,228525,347405,958339,1117269,1492800,2342798,3238610,3334444,2223672,443522,471244,487095,524789,592480,678162,814638,1032051,1310747,1538341,1700269,1714133,1620311,1370541,853131,352826,90696,3144471,575930,15253
"Less developed regions, excluding China",2020,20878132,2010786,2703209,692423,356257,225555,339396,927809,1126962,1624209,2694703,3868850,3878219,2606878,509519,457792,470017,516324,610638,726773,897436,1165213,1529490,1828548,2040302,2036456,1841763,1589369,1017509,408283,101236,3059466,564951,16563
"Less developed regions, excluding China",2021,23600100,1971986,2645535,673549,352123,228984,373361,1028321,1280624,1889050,3158014,4532681,4535554,2988391,568865,502570,525751,582526,698098,838271,1050779,1376036,1781978,2136387,2396294,2402452,2133102,1825771,1162620,455793,113072,2997658,602345,18595
"Less developed regions, excluding least developed countries",1950,18260418,5261730,7955087,2693357,630620,380727,466734,1173249,1066454,1228234,1485253,1796455,1401779,605985,68876,595708,577541,528706,537748,593043,635191,716603,768650,916750,879705,770916,630863,413393,192592,57674,11202,8585707,847461,964
"Less developed regions, excluding least developed countries",1951,17914658,5271406,7992384,2720978,622041,366795,443195,1073310,997140,1183468,1452021,1759013,1373278,586015,65011,547023,526287,490108,507032,565961,617507,698092,753929,893732,865281,759827,613451,399852,186163,55245,9766,8614425,809990,988
"Less developed regions, excluding least developed countries",1952,17544096,5379878,8079852,2699974,594017,348712,405315,950760,910764,1125147,1414995,1724542,1352132,573673,63118,484513,466247,442642,468122,531862,593285,677487,737508,867461,857081,753830,598302,391781,181892,53774,9344,8673869,754027,1068
"Less developed regions, excluding least developed countries",1953,17406742,5355123,8064936,2709813,630452,335859,393627,925791,887805,1104304,1399642,1702953,1334359,564069,61854,471243,454548,432024,455781,520765,583539,670266,729376,847304,855649,751757,582602,385546,178523,52761,9093,8695388,729486,1092
"Less developed regions, excluding least developed countries",1954,17259526,5380454,8100185,2719731,605276,323557,376834,892584,857917,1080161,1386078,1690257,1326118,558139,61377,453507,439077,418805,439112,507876,572285,666028,720050,832777,857480,753644,572474,381394,176745,52476,8901,8705461,700391,1041
"Less developed regions, excluding least developed countries",1955,17305510,5364337,8067655,2703318,618631,320660,372053,889409,856035,1084238,1406128,1719666,1347498,560596,61999,451461,437948,419378,436657,509074,575164,677727,728401,845955,873711,769574,577924,383066,177530,53039,8960,8686286,692713,942
"Less developed regions, excluding least developed countries",1956,17214392,5272731,7956430,2683699,631144,317672,366307,887283,853139,1080946,1414716,1728389,1358279,557142,62041,449849,437434,418487,434652,507830,573116,681944,732772,855271,873118,776978,581301,380858,176284,52878,9163,8587574,683979,905
"Less developed regions, excluding least developed countries",1957,17294708,5329179,7979014,2649835,652168,318970,359942,882760,850835,1080086,1428402,1742441,1381525,555845,61778,447204,435556,417645,433190,507419,572667,686988,741414,868417,874024,793149,588376,379745,176100,52529,9249,8631182,678912,942
"Less developed regions, excluding least developed countries",1958,17232926,5224578,7840685,2616107,676940,323674,354273,882990,853821,1079889,1441703,1753772,1408351,554068,61767,446372,436618,419782,434039,505819,574070,690959,750744,879041,874731,811886,596465,377802,176266,52559,9208,8517625,677947,992
"Less developed regions, excluding least developed countries",1959,19548460,5560764,8861582,3300818,907755,434863,402302,992583,977223,1225066,1630338,1931388,1548201,573193,63000,498635,493948,478636,498587,571286,653780,778950,851388,972644,958744,897822,650379,392463,180730,53656,9344,9769337,837165,967
"Less developed regions, excluding least developed countries",1960,21391868,5817117,9544698,3727581,1148253,549619,447912,1087676,1090017,1355464,1795336,2080284,1644172,583803,63631,542593,545083,531758,558259,630112,725352,854535,940801,1048631,1031653,957626,686546,402004,181799,54239,9392,10692951,997531,1002
"Less developed regions, excluding least developed countries",1961,18816638,5177985,8136398,2958413,925949,465611,400572,984679,983940,1219349,1632743,1927254,1523423,555517,60285,489238,495441,481694,502246,566432,652917,772748,859995,968793,958461,882715,640708,382194,173323,51556,8729,9062347,866183,918
"Less developed regions, excluding least developed countries",1962,16762082,5033315,7325748,2292433,672729,361760,348212,861775,861090,1069385,1460622,1779947,1426511,535670,57765,426095,435680,422095,438995,496263,573122,687205,773417,890571,889376,815042,611469,367717,167953,49474,8291,7998477,709972,868
"Less developed regions, excluding least developed countries",1963,17145760,5404886,7682847,2277961,662985,371222,352055,849907,861933,1065935,1459741,1797318,1444802,539403,56770,417614,432293,421406,440527,496276,569659,685541,774200,897970,899348,814807,629995,371359,168044,48740,8030,8345832,723277,840
"Less developed regions, excluding least developed countries",1964,17142136,5335176,7680746,2345570,639306,376219,359354,837558,859866,1058311,1456354,1811421,1461888,544147,56168,411195,426363,420089,439777,496179,562132,683186,773168,906718,904703,816084,645804,375864,168283,48369,7799,8320052,735573,796
"Less developed regions, excluding least developed countries",1965,17749252,5330789,7849805,2519016,659331,401223,394212,914315,922335,1104842,1506544,1873970,1508665,556979,56252,451031,463284,453015,469320,522360,582482,707439,799105,940829,933141,840939,667726,386186,170793,48606,7646,8509136,795435,778
"Less developed regions, excluding least developed countries",1966,17387054,5210573,7697468,2486895,633148,400168,386760,833907,873493,1071043,1478512,1871267,1517794,566143,56607,411948,421959,425376,448117,504841,566202,693292,785220,936131,935136,848931,668863,394009,172134,49065,7542,8330616,786928,745
"Less developed regions, excluding least developed countries",1967,17248292,5090075,7555167,2465092,624633,390063,388882,814763,856557,1063041,1478786,1895161,1541543,581714,57251,406893,407870,416243,440314,500334,562707,692465,786321,944247,950914,868632,672911,408085,173629,49718,7533,8179800,778945,731
"Less developed regions, excluding least developed countries",1968,17055604,5067247,7404913,2337666,622871,371405,389675,794052,834123,1048899,1467310,1906977,1557774,598578,58308,402303,391749,403932,430191,492829,556070,683499,783811,945377,961600,883699,674075,422764,175814,50701,7607,8027784,761080,718
"Less developed regions, excluding least developed countries",1969,17021434,5044562,7330460,2285898,644668,358854,389381,780853,813948,1043077,1464657,1934142,1583711,616829,60119,402705,378148,391447,422501,487768,555309,677351,787306,953397,980745,901695,682016,437152,179677,52257,7862,7975128,748235,735
"Less developed regions, excluding least developed countries",1970,16931710,4980690,7227259,2246569,663884,346961,389926,768459,791328,1033937,1459066,1951785,1606336,629501,62525,403527,364932,377662,413666,481193,552744,671318,787748,957701,994084,914214,692122,445156,184345,54227,8298,7891143,736887,742
"Less developed regions, excluding least developed countries",1971,16818230,4875478,7072657,2197179,672703,332352,393324,785494,785625,1031871,1455298,1956936,1629295,637563,64352,418069,367425,373571,412054,480183,551688,668308,786990,956872,1000064,924837,704458,447596,189967,55457,8895,7745360,725676,760
"Less developed regions, excluding least developed countries",1972,16636990,4760039,6903570,2143531,668495,326900,392777,782509,764692,1021946,1446383,1958548,1656150,648669,65530,422858,359651,360246,404446,474197,547749,663243,783140,954485,1004063,935707,720443,450459,198210,55899,9631,7572065,719677,821
"Less developed regions, excluding least developed countries",1973,16431674,4646070,6715831,2069761,650083,330540,390436,796137,749777,1012378,1430588,1949641,1676183,661326,67811,432905,363232,351838,397939,468342,544036,657458,773130,948643,1000998,942126,734057,453809,207517,57359,10452,7365914,720976,941
"Less developed regions, excluding least developed countries",1974,16285639,4506057,6500368,1994311,633997,342935,387661,810925,738101,1011564,1429608,1962230,1713722,681623,71740,440612,370313,345578,392523,466992,544572,660709,768899,953375,1008855,960954,752768,464157,217466,60387,11353,7134365,730596,1165
"Less developed regions, excluding least developed countries",1975,16029185,4330456,6238194,1907738,616793,349522,374140,809164,719659,1002149,1423429,1968292,1745459,703446,77391,436428,372736,336933,382726,461166,540983,659506,763923,954929,1013363,976233,769226,477683,225763,64872,12519,6854987,723662,1547
"Less developed regions, excluding least developed countries",1976,15925958,4210599,6037901,1827302,598249,356371,366859,819689,710904,1003611,1432343,1989911,1792738,732588,83042,438496,381193,334044,376860,460477,543134,663657,768686,964762,1025149,997998,794740,498527,234061,69871,13171,6636150,723230,1752
"Less developed regions, excluding least developed countries",1977,15811519,4079207,5822497,1743290,587794,355520,360395,822239,702578,1004451,1445144,2014274,1842681,765018,87113,435179,387060,332826,369752,459638,544813,669215,775929,975546,1038728,1019652,823029,523102,241916,73740,13373,6410291,715915,1814
"Less developed regions, excluding least developed countries",1978,15800533,3988302,5656900,1668598,573702,350104,365406,835732,704127,1009391,1467219,2043454,1898117,802008,92565,436913,398819,338502,365625,460350,549041,679264,787955,985204,1058250,1043756,854361,550615,251393,78694,13871,6230602,715510,1807
"Less developed regions, excluding least developed countries",1979,15804861,3943548,5539107,1595559,554956,341785,370017,834518,705420,1007488,1485672,2068613,1956512,840330,98663,430712,403806,345254,360166,456253,551235,685647,800025,990004,1078609,1069003,887509,577482,262848,84044,14619,6094063,711802,1780
"Less developed regions, excluding least developed countries",1980,15895455,3908634,5451550,1542916,538994,336283,377849,841029,717534,1010577,1508209,2103039,2020956,882408,105168,427721,413308,357589,359945,454778,555799,693815,814394,1001259,1101780,1098344,922612,605269,277139,89350,15818,5990544,714132,1857
"Less developed regions, excluding least developed countries",1981,15981683,3876178,5376901,1500723,520642,329204,388540,860741,737342,1011679,1522596,2130192,2072123,920246,109434,433076,427665,374461,362881,452444,559235,700070,822526,1010870,1119322,1121340,950783,630118,290128,92127,17307,5897543,717744,2042
"Less developed regions, excluding least developed countries",1982,16091005,3862466,5337560,1475094,508761,322493,391559,867515,753649,1009930,1537877,2160895,2126352,960328,111914,434098,433417,387398,366251,447617,562313,705681,832196,1023488,1137407,1146753,979599,655737,304591,93739,18175,5846321,714052,2169
"Less developed regions, excluding least developed countries",1983,16027614,3758095,5202941,1444846,490720,312109,381870,856769,760792,997281,1545726,2183754,2178105,1000682,114624,430564,426205,393240,367552,437862,559419,706279,839447,1035434,1148320,1171915,1006190,680864,319818,95637,18987,5693661,693979,2241
"Less developed regions, excluding least developed countries",1984,16006231,3715497,5133459,1417962,478485,300123,371678,843648,766321,980423,1547736,2199627,2225769,1039009,117680,430293,413355,394333,371988,428251,552172,705320,842416,1047246,1152381,1194709,1031060,705322,333687,98086,19594,5611944,671801,2273
"Less developed regions, excluding least developed countries",1985,16050536,3680979,5072534,1391555,471805,289757,367375,843387,781286,970491,1553773,2224144,2274376,1077874,121468,438350,405037,399773,381513,423540,546951,706419,847354,1060848,1163296,1217846,1056530,730039,347835,101488,19980,5544339,657132,2265
"Less developed regions, excluding least developed countries",1986,16133047,3669302,5033422,1364120,465765,278357,363904,845887,796781,964079,1564166,2252567,2320423,1118077,127202,447678,398209,404362,392419,421785,542294,708899,855267,1073391,1179176,1240041,1080382,754572,363505,106605,20597,5499187,642261,2417
"Less developed regions, excluding least developed countries",1987,16235142,3645795,4987137,1341342,461831,269227,361483,848100,814289,964314,1579778,2287813,2366199,1158426,133721,451401,396699,408824,405465,425666,538648,714323,865455,1089739,1198074,1261419,1104780,778803,379623,112657,21064,5448968,630710,2824
"Less developed regions, excluding least developed countries",1988,16340342,3576275,4903634,1327359,460253,262266,360969,861183,836478,972585,1598185,2330763,2409810,1199665,141338,453162,408021,414907,421571,435921,536664,719661,878524,1109946,1220817,1277780,1132030,803337,396328,119510,21828,5363887,623235,3213
"Less developed regions, excluding least developed countries",1989,16390037,3530954,4837663,1306709,452456,254875,352086,855559,838345,980154,1606838,2370339,2447500,1241606,149041,442026,413533,409763,428582,447242,532912,718603,888235,1124699,1245640,1288851,1158649,828544,413062,126240,22801,5290119,606961,3574
"Less developed regions, excluding least developed countries",1990,16545668,3492188,4777319,1285131,450228,253937,348545,872005,852012,1002228,1623451,2419253,2498642,1286821,157322,443201,428804,410276,441736,466180,536048,721818,901633,1144261,1274992,1310694,1187948,856402,430419,133255,24067,5227547,602482,3903
"Less developed regions, excluding least developed countries",1991,16485428,3343004,4599635,1256631,442659,249145,338625,875292,855299,1020485,1628059,2450425,2536845,1320993,163861,437434,437858,406674,448625,482482,538003,719816,908243,1157781,1292644,1329139,1207706,876808,444185,138951,24910,5042294,587770,4102
"Less developed regions, excluding least developed countries",1992,16460393,3229099,4447507,1218408,436571,246772,331007,879373,865036,1044709,1629196,2480137,2572578,1353608,169979,435027,444346,409571,455465,500349,544360,715525,913671,1169764,1310373,1348282,1224296,896078,457530,144322,25657,4884078,577779,3919
"Less developed regions, excluding least developed countries",1993,16504572,3134447,4310577,1176130,433165,245818,325563,880309,884320,1080711,1633167,2521889,2617031,1392506,176003,433738,446571,421371,462949,521725,558986,713559,919608,1185115,1336774,1375810,1241221,919902,472604,149920,26083,4743742,571381,3512
"Less developed regions, excluding least developed countries",1994,16559045,3048600,4179716,1131116,430429,245354,321736,877477,904073,1120123,1635631,2560369,2660857,1435355,184509,429826,447651,436734,467339,539768,580355,713390,922241,1200665,1359704,1406476,1254381,945275,490080,156815,27694,4610145,567090,3415
"Less developed regions, excluding least developed countries",1995,16704459,2973946,4071142,1097196,432997,247068,322463,884421,929707,1168051,1648482,2601908,2717968,1482125,194671,429681,454740,456288,473419,560275,607776,720162,928320,1218036,1383872,1440561,1277407,972157,509968,164904,29767,4504139,569531,3455
"Less developed regions, excluding least developed countries",1996,16804492,2881578,3937612,1056034,427659,247222,322700,884687,952933,1211744,1660243,2644011,2780188,1526717,205078,425063,459624,474736,478197,578147,633597,727830,932413,1233560,1410451,1472663,1307525,998176,528541,172927,32151,4365271,569922,3698
"Less developed regions, excluding least developed countries",1997,16883296,2787677,3803144,1015467,416874,248080,325578,888267,971941,1249623,1672333,2679604,2838187,1570224,215367,423212,465055,486595,485346,592445,657178,739413,932920,1246206,1433398,1500851,1337336,1023017,547207,181061,34306,4220018,573658,4074
"Less developed regions, excluding least developed countries",1998,16982850,2700111,3677344,977233,404950,250248,327769,885298,990888,1285375,1691174,2712537,2908697,1616896,227033,418796,466502,491079,499809,603965,681410,758188,932986,1255408,1457129,1533684,1375013,1047637,569259,190366,36667,4082294,578017,4641
"Less developed regions, excluding least developed countries",1999,17072978,2619684,3556002,936318,388748,250707,328725,882123,1015314,1310975,1720081,2737066,2973801,1663579,240465,416404,465719,495384,519930,609942,701033,785819,934262,1258144,1478922,1559887,1413914,1070648,592931,201196,39269,3944750,579432,5392
"Less developed regions, excluding least developed countries",2000,17232690,2551743,3442901,891158,370927,250446,329355,883575,1045111,1332715,1760111,2768041,3057317,1729225,256853,417993,465582,503851,541260,611496,721219,819793,940318,1263486,1504555,1594632,1462685,1108255,620970,214215,42638,3813828,579801,6112
"Less developed regions, excluding least developed countries",2001,17372080,2473674,3328655,854981,360707,250302,330411,882124,1072828,1351440,1800769,2791321,3131672,1793730,271406,419961,462163,510176,562652,611177,740263,854559,946210,1265586,1525735,1627492,1504180,1147560,646170,225731,45675,3689362,580713,6714
"Less developed regions, excluding least developed countries",2002,17471838,2387871,3206796,818925,350240,244991,328292,873899,1084953,1363029,1840164,2807720,3211292,1867436,285931,419484,454415,511275,573678,607602,755427,886820,953344,1262204,1545516,1660621,1550671,1192678,674758,237771,48160,3557036,573283,7094
"Less developed regions, excluding least developed countries",2003,17634934,2294846,3074360,779514,340551,238717,329554,877728,1096242,1391361,1895351,2823397,3305897,1951193,303248,425615,452113,517238,579004,618089,773272,924407,970944,1260835,1562562,1699597,1606300,1246126,705067,252499,50749,3414911,568271,7334
"Less developed regions, excluding least developed countries",2004,17880286,2228451,2989871,761420,343718,238039,334161,884496,1104534,1423925,1957142,2838391,3397639,2037906,322855,432367,452129,519962,584572,637566,786359,955619,1001523,1264327,1574064,1741051,1656588,1303164,734742,268732,54123,3333589,572200,7608
"Less developed regions, excluding least developed countries",2005,17955552,2146035,2865186,719151,329476,225261,329221,871668,1090018,1437770,2008385,2845674,3475922,2127407,341730,427131,444537,510102,579916,651317,786453,977027,1031358,1267116,1578558,1774979,1700943,1358843,768564,284760,56970,3194662,554482,7831
"Less developed regions, excluding least developed countries",2006,18075514,2071264,2753463,682199,318558,213663,325567,874908,1082359,1456920,2065627,2858566,3548730,2209625,359471,429083,445825,503184,579175,670147,786773,997542,1068085,1276384,1582182,1807534,1741196,1406168,803457,299332,60139,3072021,539230,8056
"Less developed regions, excluding least developed countries",2007,18329644,2009893,2660222,650329,312217,207824,322024,879946,1078230,1479361,2138295,2901623,3648813,2311643,380905,431045,448901,497495,580735,686923,792438,1019694,1118601,1306257,1595366,1854423,1794390,1465803,845840,316717,64188,2972439,529848,8541
"Less developed regions, excluding least developed countries",2008,18575992,1955449,2580623,625174,306521,204311,318878,885001,1074875,1506331,2213371,2950486,3725329,2402418,398934,432709,452292,491051,583824,696243,810088,1037671,1175700,1347195,1603291,1886831,1838498,1519047,883371,330689,68245,2887144,523189,8915
"Less developed regions, excluding least developed countries",2009,18721138,1897670,2495355,597685,294097,197929,308496,875991,1056159,1527960,2260891,3006804,3782201,2488845,417211,427218,448773,479854,576305,698946,829014,1040326,1220565,1397524,1609280,1902879,1879322,1564974,923871,344943,72268,2789452,506425,9199
"Less developed regions, excluding least developed countries",2010,18877582,1834294,2408771,574477,284015,192125,299139,867644,1036508,1548437,2303711,3079823,3834168,2573732,440006,423296,444348,471030,565478,701179,847258,1036786,1266925,1457002,1622821,1916500,1917668,1608352,965380,362972,77034,2692786,491264,9501
"Less developed regions, excluding least developed countries",2011,19022016,1774001,2325451,551450,271785,186749,289694,856193,1020102,1569439,2340833,3158998,3880638,2649907,462331,417218,438975,465077,555025,702523,866916,1033125,1307708,1519117,1639881,1926685,1953953,1649177,1000730,380786,81545,2597236,476443,9894
"Less developed regions, excluding least developed countries",2012,19208930,1726671,2262702,536031,264999,183800,283966,849387,1008536,1581693,2379038,3249681,3922714,2727146,484667,412009,437378,462999,545537,702549,879144,1035614,1343424,1582465,1667216,1931074,1991640,1689171,1037975,398980,85687,2527701,467766,10599
"Less developed regions, excluding least developed countries",2013,19316150,1666584,2186489,519905,256576,179365,276930,832411,990615,1570706,2420173,3347523,3940612,2798142,505300,401420,430991,458879,531736,694805,875901,1054851,1365322,1645545,1701978,1925992,2014620,1724037,1074105,416393,88907,2443065,456295,11307
"Less developed regions, excluding least developed countries",2014,19393128,1599583,2099979,500396,248747,174540,269075,809612,970159,1547183,2452881,3447807,3954178,2874209,532611,387615,421997,452282,517877,679152,868031,1083251,1369630,1692884,1754923,1925539,2028639,1763349,1110860,439410,93201,2348726,443615,12148
"Less developed regions, excluding least developed countries",2015,19548262,1536306,2015420,479114,242756,170438,263011,790460,958356,1532831,2490306,3568674,3982761,2954668,565579,374144,416316,447668,510688,665467,867364,1120331,1369975,1745017,1823657,1938587,2044174,1804176,1150492,466194,99385,2258176,433449,13000
"Less developed regions, excluding least developed countries",2016,19823580,1484587,1942758,458171,235945,166305,260052,783099,960300,1525691,2535002,3704807,4043776,3052130,599632,367967,415132,449161,511139,655474,870217,1161628,1373374,1795461,1909346,1972067,2071709,1855606,1196524,492818,106814,2178703,426357,14084
"Less developed regions, excluding least developed countries",2017,20230420,1428306,1866457,438151,230850,163206,255938,769892,963837,1526384,2584794,3876197,4153939,3182596,640997,359930,409962,449613,514224,649964,876420,1194266,1390528,1854449,2021748,2041511,2112428,1927712,1254884,525495,115502,2097307,419144,15331
"Less developed regions, excluding least developed countries",2018,20312528,1372247,1793125,420878,226025,159917,249914,748505,961563,1504125,2595539,3964520,4193606,3229674,669897,348832,399673,446222,515341,638611,865514,1183048,1412491,1864369,2100151,2091018,2102588,1945179,1284495,547234,122663,2019150,409831,16118
"Less developed regions, excluding least developed countries",2019,20617902,1318846,1722874,404028,221158,157365,245696,736833,967393,1493887,2645347,4064282,4318532,3317551,710088,343260,393573,447615,519778,635709,858178,1182710,1462637,1877681,2186601,2191952,2126580,1982206,1335345,576633,133455,1944032,403061,16897
"Less developed regions, excluding least developed countries",2020,22606942,1262273,1649643,387370,214730,155119,241884,714382,986024,1594299,2993098,4629984,4883579,3729679,795970,335948,378434,447245,538779,675472,918827,1302820,1690278,2109142,2520842,2535035,2348544,2207535,1522144,646475,149495,1864373,397003,18547
"Less developed regions, excluding least developed countries",2021,25239370,1224349,1597556,373207,209339,154425,258787,784130,1120891,1811035,3441941,5222573,5595326,4146711,875702,367679,416451,504418,616473,769378,1041657,1478122,1963819,2350453,2872120,2943291,2652035,2452383,1694328,709973,165729,1806895,413212,20953
Liberia,1950,11956,4074,6389,2315,628,311,312,748,688,643,645,710,653,212,16,379,369,347,341,325,318,322,323,344,366,365,288,145,67,15,1,7017,623,0
Liberia,1951,12230,4291,6563,2272,635,317,318,760,701,657,662,725,666,214,17,385,375,354,347,333,324,330,332,351,374,371,295,151,63,16,1,7198,635,0
Liberia,1952,12473,4417,6728,2311,636,323,322,764,710,669,675,736,676,218,17,389,375,358,352,339,330,337,338,359,377,376,300,158,60,16,1,7364,645,0
Liberia,1953,12757,4546,6906,2360,631,327,328,775,725,688,692,755,687,223,18,397,378,366,359,349,339,347,345,370,385,383,304,167,56,16,2,7537,655,0
Liberia,1954,13026,4676,7113,2437,618,332,332,781,732,699,708,768,699,229,17,402,379,370,362,355,344,355,353,378,390,390,309,173,56,15,2,7731,664,0
Liberia,1955,13443,4843,7383,2540,612,340,343,803,752,722,730,790,711,236,17,414,389,379,373,367,355,367,363,391,399,397,314,179,57,15,2,7995,683,0
Liberia,1956,13870,5026,7668,2642,621,347,351,823,769,741,751,812,724,242,17,425,398,386,383,376,365,377,374,402,410,404,320,181,61,15,2,8289,698,0
Liberia,1957,14315,5216,7962,2746,636,353,361,844,785,760,772,833,740,249,15,438,406,393,392,384,376,387,385,412,421,411,329,185,64,13,2,8598,714,0
Liberia,1958,14759,5400,8249,2849,657,355,372,867,800,781,794,857,751,259,15,449,418,399,401,393,388,397,397,422,435,417,334,190,69,13,2,8906,727,0
Liberia,1959,15239,5592,8548,2956,684,354,382,893,823,804,818,881,767,266,15,463,430,408,415,403,401,408,410,434,447,426,341,195,71,13,2,9232,736,0
Liberia,1960,15701,5787,8853,3066,713,351,389,916,838,824,841,904,783,273,17,474,442,415,423,413,411,419,422,445,459,436,347,199,74,15,2,9566,740,0
Liberia,1961,16145,5972,9136,3164,736,351,396,941,853,843,864,929,799,281,18,487,454,423,430,422,421,431,433,458,471,445,354,205,76,16,2,9872,747,0
Liberia,1962,16573,6158,9419,3261,758,354,400,958,863,859,883,951,815,288,17,495,463,431,432,431,428,441,442,470,481,456,359,211,77,16,1,10177,754,0
Liberia,1963,16981,6330,9681,3351,780,360,400,978,878,878,902,975,832,297,17,506,472,441,437,441,437,452,450,483,492,468,364,216,81,16,1,10461,760,0
Liberia,1964,17375,6472,9903,3431,800,370,395,997,891,888,925,1000,857,318,31,516,481,449,442,446,442,464,461,497,503,482,375,226,92,26,5,10703,765,0
Liberia,1965,17738,6597,10080,3483,816,382,388,1019,912,906,948,1029,882,337,41,525,494,462,450,455,451,474,474,511,518,496,386,235,102,33,8,10896,770,0
Liberia,1966,18057,6703,10235,3532,830,390,385,1031,930,919,972,1057,906,348,49,528,503,472,458,460,459,485,487,525,532,509,397,241,107,38,11,11065,775,0
Liberia,1967,18272,6802,10370,3568,841,395,380,1030,930,921,980,1077,929,364,54,525,505,472,458,458,463,487,493,534,543,520,409,250,114,42,12,11211,775,1
Liberia,1968,18554,6882,10477,3595,850,402,384,1038,958,940,1006,1109,954,375,61,523,515,486,472,466,474,496,510,548,561,533,421,256,119,46,15,11327,786,1
Liberia,1969,18769,6966,10575,3609,857,406,390,1032,971,947,1022,1133,979,388,63,511,521,492,479,468,479,503,519,559,574,545,434,264,124,48,15,11432,796,1
Liberia,1970,18939,6987,10612,3625,866,412,401,1024,987,961,1041,1162,1006,402,67,499,525,500,487,474,487,511,530,572,590,559,447,273,129,52,15,11478,813,1
Liberia,1971,19151,7007,10655,3648,876,419,410,1025,1007,976,1064,1193,1033,416,72,495,530,510,497,483,493,522,542,587,606,574,459,281,135,56,16,11531,829,2
Liberia,1972,19265,7081,10715,3634,878,420,412,1006,1005,974,1069,1213,1059,430,79,485,521,508,497,483,491,524,545,597,616,588,471,291,139,59,20,11593,832,2
Liberia,1973,19503,7192,10823,3631,883,424,418,1003,1020,986,1083,1239,1087,446,82,486,517,514,506,492,494,533,550,610,629,604,483,302,144,61,21,11706,842,2
Liberia,1974,19709,7297,10948,3651,889,428,422,992,1020,989,1091,1262,1115,464,87,493,499,513,507,495,494,535,556,620,642,620,495,313,151,66,21,11837,850,3
Liberia,1975,19959,7409,11078,3669,894,432,428,986,1027,998,1105,1287,1148,481,91,501,485,515,512,501,497,542,563,631,656,637,511,324,157,68,23,11972,860,4
Liberia,1976,20172,7553,11275,3722,899,437,433,986,1041,1026,1126,1300,1127,442,75,508,478,517,524,515,511,553,573,638,662,632,495,305,137,55,20,12174,870,3
Liberia,1977,20308,7660,11446,3786,908,442,438,979,1034,1040,1137,1307,1106,409,60,511,468,510,524,521,519,557,580,641,666,624,482,288,121,44,16,12354,880,3
Liberia,1978,20497,7797,11650,3853,917,447,442,974,1026,1058,1150,1309,1092,382,44,511,463,499,527,528,530,563,587,641,668,621,471,273,109,33,11,12567,889,3
Liberia,1979,20742,7923,11845,3922,933,455,448,983,1015,1083,1172,1324,1084,358,35,517,466,484,531,538,545,573,599,648,676,620,464,260,98,26,9,12778,903,2
Liberia,1980,21050,8014,11997,3983,955,465,462,1015,1019,1120,1205,1350,1089,344,27,532,483,477,542,556,564,591,614,662,688,628,461,253,91,20,7,12952,927,2
Liberia,1981,21213,8083,12119,4036,977,473,466,1010,996,1131,1223,1361,1098,338,22,530,480,461,535,558,573,602,621,668,693,636,462,251,87,17,5,13096,939,1
Liberia,1982,21471,8137,12210,4073,1003,482,478,1030,988,1152,1251,1388,1128,340,20,542,488,455,533,567,585,618,633,682,706,654,474,253,87,16,4,13213,960,1
Liberia,1983,21823,8244,12363,4119,1033,493,488,1048,982,1169,1279,1420,1171,357,18,555,493,455,527,573,596,633,646,700,720,677,494,266,91,16,2,13396,981,1
Liberia,1984,22286,8465,12696,4231,1074,510,503,1075,990,1211,1325,1438,1142,314,7,570,505,468,522,590,621,663,662,714,724,670,472,242,72,7,0,13770,1013,1
Liberia,1985,23619,8697,13138,4441,1153,550,575,1266,1088,1308,1426,1527,1229,349,14,675,591,533,555,637,671,713,713,760,767,717,512,265,84,12,2,14291,1125,1
Liberia,1986,23836,8968,13462,4494,1170,562,552,1182,1022,1264,1419,1541,1265,373,21,629,553,506,516,610,654,707,712,765,776,731,534,281,92,16,5,14632,1114,2
Liberia,1987,24901,9314,14024,4710,1231,600,584,1259,1064,1300,1478,1603,1329,404,24,670,589,535,529,623,677,733,745,796,807,761,568,301,103,19,5,15255,1184,2
Liberia,1988,26109,9698,14641,4943,1301,643,622,1351,1122,1344,1551,1677,1393,435,28,718,633,570,552,639,705,767,784,832,845,792,601,321,114,23,5,15942,1265,2
Liberia,1989,27396,10099,15286,5187,1365,684,667,1482,1207,1380,1620,1746,1453,468,32,788,694,618,589,649,731,799,821,867,879,821,632,343,125,26,6,16651,1351,2
Liberia,1990,40177,10490,15896,5406,1415,789,1815,6160,3769,2911,2682,2374,1777,548,39,3341,2819,2115,1654,1445,1466,1369,1313,1220,1154,1014,763,404,144,32,7,17311,2604,3
Liberia,1991,21435,7866,11920,4054,1065,555,551,1203,966,1025,1268,1359,1118,380,26,639,564,495,471,468,557,622,646,681,678,628,490,277,103,23,3,12985,1106,1
Liberia,1992,23194,8312,12544,4232,1092,578,651,1556,1163,1125,1370,1462,1202,419,27,832,724,611,552,520,605,671,699,736,726,674,528,305,114,24,3,13636,1229,1
Liberia,1993,24924,8791,13377,4586,1199,640,726,1654,1235,1185,1486,1606,1316,466,30,884,770,646,589,551,634,724,762,810,796,740,576,339,127,27,3,14576,1366,1
Liberia,1994,26133,8925,13607,4682,1234,666,822,1925,1389,1265,1588,1714,1392,496,33,1031,894,733,656,607,658,772,816,868,846,784,608,360,136,30,3,14841,1488,1
Liberia,1995,23208,8297,12476,4179,1073,576,674,1513,1135,1048,1375,1545,1281,476,34,811,702,593,542,513,535,660,715,777,768,717,564,342,134,30,4,13549,1250,0
Liberia,1996,24044,8460,12689,4229,1089,584,721,1655,1221,1096,1439,1642,1361,511,38,893,762,641,580,543,553,687,752,822,820,761,600,365,146,34,4,13778,1305,0
Liberia,1997,21053,7978,11721,3743,923,488,528,1118,901,868,1210,1479,1278,501,38,602,516,463,438,429,439,566,644,729,750,708,570,355,146,34,4,12644,1016,0
Liberia,1998,23325,8769,12792,4023,991,522,586,1276,1025,979,1349,1691,1481,590,44,689,587,526,499,487,492,624,725,828,863,817,664,415,175,40,4,13783,1108,0
Liberia,1999,24017,8857,12827,3970,980,516,618,1432,1122,1051,1398,1798,1587,639,51,775,657,580,542,523,528,636,762,876,922,874,713,447,192,46,5,13807,1134,0
Liberia,2000,23540,8708,12535,3827,950,496,570,1294,1055,1034,1371,1844,1660,674,57,698,596,538,517,508,526,610,761,891,953,913,747,469,205,50,7,13485,1066,0
Liberia,2001,22704,8319,11887,3568,894,464,539,1247,1022,1011,1329,1848,1703,699,61,668,579,519,503,496,515,584,745,886,962,935,768,486,213,54,7,12781,1003,0
Liberia,2002,22164,7919,11230,3311,850,443,521,1236,1036,1041,1340,1904,1769,730,63,654,582,523,513,511,530,587,753,910,994,974,795,506,224,56,7,12080,964,0
Liberia,2003,23619,7616,10877,3261,890,467,663,1815,1364,1246,1480,2068,1906,773,68,958,857,707,657,624,622,659,821,992,1076,1055,851,539,234,61,7,11767,1130,1
Liberia,2004,20096,6872,9544,2672,729,383,458,1147,1001,1030,1276,1891,1811,752,70,592,555,501,500,505,525,577,699,896,995,997,814,522,230,61,9,10273,841,1
Liberia,2005,19743,6626,9097,2471,694,370,446,1132,1014,1053,1282,1927,1875,783,75,575,557,507,507,516,537,596,686,908,1019,1030,845,543,240,64,11,9791,816,1
Liberia,2006,20043,6620,9006,2386,683,368,446,1143,1051,1101,1321,2009,1997,838,81,575,568,527,524,538,563,622,699,940,1069,1093,904,580,258,70,11,9689,814,1
Liberia,2007,20308,6564,8886,2322,673,370,447,1157,1090,1154,1365,2076,2111,892,88,579,578,548,542,563,591,651,714,963,1113,1149,962,616,276,76,12,9559,817,1
Liberia,2008,20555,6450,8715,2265,664,375,454,1172,1140,1214,1422,2141,2223,946,93,581,591,574,566,591,623,684,738,983,1158,1202,1021,652,294,81,12,9379,829,1
Liberia,2009,20610,6267,8451,2184,650,374,457,1183,1186,1262,1478,2160,2305,993,107,583,600,597,589,613,649,711,767,975,1185,1240,1065,682,311,90,17,9101,831,3
Liberia,2010,20622,6110,8229,2119,643,378,461,1183,1217,1300,1528,2161,2375,1034,109,583,600,611,606,631,669,733,795,959,1202,1272,1103,711,323,92,17,8872,839,3
Liberia,2011,20844,6009,8066,2057,644,383,474,1202,1279,1365,1596,2188,2448,1080,112,592,610,638,641,661,704,768,828,963,1225,1307,1141,743,337,96,16,8710,857,3
Liberia,2012,21552,6111,8132,2021,648,389,493,1267,1366,1450,1680,2230,2549,1170,173,623,644,676,690,702,748,812,868,982,1248,1353,1196,797,373,127,46,8780,882,10
Liberia,2013,21712,5999,7991,1992,650,395,506,1274,1416,1514,1752,2252,2607,1200,144,627,647,693,723,733,781,849,903,1001,1251,1380,1227,821,379,116,28,8641,901,8
Liberia,2014,22766,5937,8125,2188,755,459,573,1390,1558,1645,1872,2324,2685,1241,132,687,703,758,800,800,845,911,961,1062,1262,1420,1265,853,388,113,19,8880,1032,5
Liberia,2015,23101,5807,7975,2168,769,474,595,1406,1613,1744,1987,2388,2748,1281,120,697,709,772,841,849,895,968,1019,1126,1262,1452,1296,881,400,109,11,8744,1069,3
Liberia,2016,21925,5604,7480,1876,648,413,544,1278,1472,1661,1936,2307,2745,1320,124,641,637,694,778,806,855,940,996,1103,1204,1433,1312,905,415,113,11,8128,957,2
Liberia,2017,22055,5508,7312,1804,633,415,550,1284,1496,1733,2019,2355,2774,1357,120,649,635,698,798,844,889,980,1039,1142,1213,1438,1336,928,429,112,8,7945,965,1
Liberia,2018,22229,5429,7178,1749,626,422,565,1308,1511,1801,2097,2409,2791,1398,121,667,641,699,812,881,920,1018,1079,1180,1229,1431,1360,954,444,113,8,7804,987,1
Liberia,2019,22168,5333,7033,1700,613,421,569,1303,1478,1819,2131,2451,2773,1447,127,672,631,679,799,888,931,1032,1099,1200,1251,1396,1377,982,465,119,8,7646,990,1
Liberia,2020,23073,5232,6878,1646,599,417,544,1231,1435,1933,2380,2829,3030,1651,148,640,591,645,790,932,1001,1139,1241,1378,1451,1522,1508,1103,548,138,10,7477,961,0
Liberia,2021,23654,5139,6727,1588,580,413,570,1295,1467,2044,2520,3006,3131,1737,160,676,619,658,809,974,1070,1202,1318,1464,1542,1552,1579,1165,572,147,13,7307,983,0
Libya,1950,19374,6612,10504,3892,799,343,383,1040,825,813,1007,1407,1585,597,65,540,500,421,404,424,389,461,546,661,746,870,715,415,182,53,12,11303,726,2
Libya,1951,19567,6670,10655,3985,826,353,384,1036,835,819,987,1400,1599,613,57,535,501,429,406,426,393,449,538,659,741,865,734,434,179,50,7,11481,737,1
Libya,1952,19943,6815,10881,4066,855,366,394,1053,863,840,976,1407,1614,632,54,544,509,449,414,432,408,443,533,663,744,857,757,453,179,48,6,11736,760,1
Libya,1953,20183,6978,11084,4106,859,379,395,1052,878,850,953,1405,1616,653,56,545,507,462,416,428,422,432,521,662,743,842,774,474,179,50,6,11943,774,1
Libya,1954,20376,7116,11221,4105,858,388,400,1056,899,859,937,1404,1616,680,58,549,507,475,424,426,433,427,510,659,745,832,784,494,186,51,7,12079,788,1
Libya,1955,20509,7224,11305,4081,850,394,405,1060,914,866,926,1400,1615,708,61,553,507,483,431,426,440,426,500,655,745,827,788,514,194,52,9,12155,799,1
Libya,1956,20658,7317,11408,4091,845,399,410,1060,925,869,926,1407,1613,732,62,554,506,485,440,425,444,434,492,656,751,826,787,527,205,52,10,12253,809,1
Libya,1957,20675,7366,11396,4030,836,398,413,1059,932,870,929,1411,1606,760,61,553,506,483,449,427,443,446,483,652,759,828,778,544,216,52,9,12232,811,1
Libya,1958,20577,7355,11284,3929,826,391,417,1056,936,867,940,1418,1598,783,63,551,505,478,458,428,439,463,477,649,769,830,768,557,226,53,10,12110,808,1
Libya,1959,20268,7269,11053,3784,808,379,414,1032,920,854,944,1413,1589,798,65,539,493,462,458,423,431,472,472,638,775,831,758,563,235,55,10,11861,793,1
Libya,1960,19885,7140,10720,3580,787,368,413,1013,907,855,953,1414,1584,803,68,529,484,452,455,426,429,479,474,632,782,832,752,562,241,58,10,11507,781,1
Libya,1961,19376,6995,10363,3368,756,352,405,978,877,840,954,1400,1579,804,71,513,465,435,442,420,420,476,478,620,780,832,747,556,248,61,10,11119,757,1
Libya,1962,18944,6850,10001,3151,732,337,398,953,853,840,967,1393,1588,806,72,501,452,422,431,424,416,474,493,612,781,839,749,549,257,63,9,10733,735,1
Libya,1963,18606,6739,9710,2971,718,335,395,931,828,841,982,1385,1599,804,77,493,438,411,417,425,416,470,512,606,779,849,750,541,263,67,10,10428,730,1
Libya,1964,18070,6583,9343,2760,677,314,377,896,797,837,984,1365,1603,799,79,476,420,395,402,422,415,462,522,597,768,853,750,534,265,69,10,10020,691,1
Libya,1965,17588,6395,8977,2582,647,303,367,862,772,831,987,1353,1611,797,82,462,400,383,389,418,413,457,530,593,760,860,751,531,266,71,11,9624,670,1
Libya,1966,16972,6107,8589,2482,624,288,347,818,723,805,962,1329,1612,792,86,441,377,357,366,401,404,441,521,588,741,858,754,529,263,75,11,9213,635,1
Libya,1967,16348,5730,8120,2390,615,276,329,779,678,782,937,1321,1628,797,88,422,357,332,346,384,398,428,509,594,727,862,766,533,264,76,12,8735,605,1
Libya,1968,15631,5348,7565,2217,607,265,313,745,640,761,910,1309,1631,793,89,403,342,312,328,365,396,417,493,603,706,857,774,533,260,77,12,8172,578,1
Libya,1969,14810,4991,7003,2012,594,255,295,695,591,723,872,1285,1618,788,90,374,321,286,305,340,383,401,471,600,685,841,777,531,257,78,12,7597,550,1
Libya,1970,14160,4681,6499,1818,589,249,284,662,557,705,853,1274,1609,788,91,354,308,270,287,326,379,396,457,600,674,828,781,531,257,79,12,7088,533,1
Libya,1971,13522,4409,6046,1637,572,246,273,627,523,676,835,1257,1587,789,91,332,295,254,269,310,366,391,444,589,668,808,779,534,255,79,12,6618,519,1
Libya,1972,12904,4141,5619,1478,545,242,268,588,492,646,820,1243,1556,794,90,310,278,241,251,293,353,389,431,572,671,781,775,538,256,78,12,6164,510,1
Libya,1973,12503,3919,5251,1332,519,248,271,574,487,640,833,1247,1538,805,90,302,272,241,246,290,350,399,434,562,685,764,774,546,259,77,13,5770,519,1
Libya,1974,12001,3818,4987,1169,465,251,273,529,458,605,833,1216,1487,807,89,280,249,229,229,270,335,402,431,540,676,730,757,547,260,76,13,5452,524,1
Libya,1975,11791,3729,4835,1106,426,256,282,523,458,595,846,1206,1461,812,88,279,244,230,228,265,330,408,438,534,672,718,743,550,262,75,13,5261,538,1
Libya,1976,11533,3654,4717,1063,388,253,287,511,447,572,845,1182,1426,815,89,277,234,225,222,255,317,402,443,525,657,704,722,550,265,76,13,5105,540,1
Libya,1977,11558,3589,4612,1023,364,255,306,534,471,588,886,1197,1427,824,91,294,240,235,236,262,326,415,471,539,658,717,710,553,271,79,12,4976,561,1
Libya,1978,11554,3545,4528,983,346,251,324,553,487,598,922,1205,1419,828,91,308,245,242,245,267,331,423,499,551,654,728,691,552,276,79,12,4874,575,1
Libya,1979,11611,3514,4464,950,336,243,342,574,505,616,954,1226,1420,836,93,324,250,248,257,276,340,431,523,570,656,739,681,552,284,81,12,4800,585,1
Libya,1980,11636,3420,4342,922,329,235,361,601,523,635,990,1261,1425,837,95,343,258,254,269,287,348,441,549,597,664,747,678,549,288,82,13,4671,596,1
Libya,1981,11705,3311,4207,896,326,227,376,638,544,663,1030,1313,1442,842,97,365,273,259,285,301,362,456,574,630,683,755,687,548,294,84,13,4533,603,1
Libya,1982,11860,3244,4106,862,325,219,392,681,574,700,1076,1380,1463,837,102,392,289,271,303,322,378,476,600,675,705,760,703,540,297,88,14,4431,611,1
Libya,1983,11829,3185,4009,824,317,209,390,698,572,712,1089,1425,1472,830,105,403,295,270,302,330,382,481,608,706,719,755,717,529,301,90,15,4326,599,1
Libya,1984,11835,3124,3915,791,310,204,380,717,576,731,1106,1482,1484,825,108,415,302,271,305,341,390,489,617,739,743,756,728,523,302,93,15,4225,584,1
Libya,1985,11898,3052,3796,744,298,199,370,744,584,761,1138,1556,1513,827,111,431,313,275,309,355,406,504,634,776,780,772,741,525,302,95,16,4094,569,1
Libya,1986,11756,2953,3654,701,281,194,350,735,570,765,1143,1601,1523,831,112,426,309,269,301,356,409,506,637,791,810,781,742,530,301,96,16,3935,544,1
Libya,1987,11795,2835,3499,664,269,192,338,749,579,796,1176,1677,1558,844,117,430,319,276,303,367,429,521,655,816,861,808,750,546,298,100,17,3768,530,1
Libya,1988,11641,2702,3332,630,254,188,322,727,562,797,1180,1721,1582,858,118,412,315,269,293,364,433,521,659,821,900,832,750,563,295,101,17,3586,510,1
Libya,1989,11684,2549,3147,598,243,186,320,729,573,826,1223,1798,1639,879,120,404,325,276,297,371,455,542,681,845,953,874,765,581,298,102,18,3390,506,1
Libya,1990,11503,2392,2952,560,228,179,310,698,558,819,1229,1831,1687,890,122,378,320,270,288,361,458,546,683,849,982,909,778,588,302,104,18,3180,489,1
Libya,1991,11503,2243,2764,521,219,173,309,692,566,837,1270,1884,1759,908,123,365,327,276,290,363,474,567,703,867,1017,959,800,599,309,105,18,2983,482,2
Libya,1992,11328,2108,2593,485,207,166,302,651,548,817,1274,1899,1828,924,123,339,312,268,280,348,469,571,703,870,1029,1005,823,603,321,104,19,2800,468,2
Libya,1993,11441,1982,2434,452,202,161,306,645,567,837,1328,1955,1932,949,124,334,311,279,288,353,484,600,728,897,1058,1072,860,614,335,105,19,2636,467,2
Libya,1994,11621,1875,2299,424,196,157,309,643,586,860,1394,2022,2049,981,126,334,309,289,297,361,499,635,759,930,1092,1138,911,632,349,106,20,2495,466,2
Libya,1995,11495,1784,2181,397,183,150,297,604,568,828,1401,2027,2122,1002,129,320,284,281,287,345,483,637,764,931,1096,1172,950,645,357,109,20,2364,447,2
Libya,1996,11656,1706,2079,373,175,146,295,595,582,836,1457,2083,2234,1039,133,321,274,286,296,350,486,661,796,957,1126,1221,1013,673,366,113,20,2254,441,2
Libya,1997,12183,1633,1986,353,174,149,306,628,634,898,1582,2210,2385,1088,139,345,283,310,324,380,518,718,864,1021,1189,1287,1098,711,377,119,20,2160,455,2
Libya,1998,12745,1565,1900,335,171,152,314,662,687,969,1714,2345,2541,1141,148,366,296,331,356,414,555,772,942,1088,1257,1352,1189,754,387,126,22,2071,466,2
Libya,1999,13078,1507,1826,319,165,149,312,671,702,1001,1795,2440,2660,1201,153,373,298,329,373,430,571,799,996,1137,1303,1397,1263,799,402,131,22,1991,461,2
Libya,2000,14046,1458,1764,306,167,156,335,753,800,1130,1997,2653,2844,1283,159,415,338,363,437,494,636,882,1115,1250,1403,1486,1358,864,419,136,23,1931,491,2
Libya,2001,14422,1536,1831,295,159,154,344,788,799,1112,1992,2760,2956,1363,164,431,357,359,440,494,618,859,1133,1298,1462,1535,1421,923,440,141,23,1990,498,2
Libya,2002,14765,1548,1837,289,158,152,352,834,809,1101,1962,2861,3069,1454,171,451,383,368,441,500,601,837,1125,1340,1521,1590,1479,992,462,145,26,1995,504,2
Libya,2003,14931,1555,1841,286,153,149,355,864,816,1079,1875,2926,3156,1545,177,462,402,380,436,500,579,802,1073,1376,1550,1636,1520,1058,487,149,28,1994,504,2
Libya,2004,14928,1552,1836,284,144,141,349,870,816,1050,1742,2937,3226,1631,181,459,411,390,426,492,558,740,1002,1372,1565,1673,1553,1116,515,153,28,1980,490,2
Libya,2005,15163,1535,1813,278,142,137,350,909,861,1069,1653,2970,3338,1726,190,470,439,419,442,502,567,689,964,1350,1620,1735,1603,1176,550,161,29,1955,487,3
Libya,2006,15310,1490,1760,270,138,132,349,947,928,1096,1560,2931,3456,1814,199,481,466,453,475,514,582,631,929,1299,1632,1804,1652,1227,587,170,29,1898,481,3
Libya,2007,15615,1406,1660,254,133,125,340,947,979,1182,1622,2946,3563,1902,209,475,472,471,508,548,634,654,968,1275,1671,1860,1703,1271,631,179,30,1793,465,3
Libya,2008,15833,1322,1563,241,128,119,331,952,1027,1258,1676,2954,3624,1976,222,474,478,488,539,577,681,697,979,1229,1725,1881,1743,1304,672,190,32,1691,450,3
Libya,2009,16222,1251,1481,230,126,114,321,948,1074,1355,1759,3003,3734,2067,238,472,476,506,568,622,733,774,985,1249,1754,1929,1805,1350,717,204,34,1607,435,3
Libya,2010,16801,1225,1442,217,126,111,318,968,1149,1481,1860,3073,3864,2152,256,478,490,538,611,685,796,871,989,1312,1761,1992,1872,1395,757,221,35,1568,429,3
Libya,2011,22238,1326,1723,397,207,165,605,2437,2361,2255,2301,3434,4168,2298,281,1194,1243,1206,1155,1121,1134,1158,1143,1527,1907,2130,2038,1490,808,242,39,1930,770,4
Libya,2012,17095,955,1147,192,124,108,296,891,1189,1615,1916,3064,4104,2332,301,434,457,546,643,759,856,972,944,1341,1723,2079,2025,1504,828,260,41,1271,404,4
Libya,2013,17325,921,1114,193,125,109,290,833,1155,1676,2045,2996,4227,2425,328,408,425,517,638,785,891,1041,1004,1356,1640,2161,2066,1562,863,283,45,1239,399,4
Libya,2014,20110,924,1141,217,140,126,447,1555,1792,2155,2395,3074,4387,2538,353,768,787,848,944,1047,1108,1214,1181,1398,1676,2237,2150,1636,902,305,48,1281,573,4
Libya,2015,20268,882,1096,214,140,128,438,1461,1718,2219,2562,3066,4427,2633,376,729,732,790,928,1055,1164,1268,1294,1363,1703,2219,2208,1696,937,324,52,1236,566,4
Libya,2016,20765,839,1045,206,140,130,452,1512,1748,2332,2744,3104,4418,2741,399,763,749,793,955,1092,1240,1340,1404,1345,1759,2197,2221,1767,974,341,58,1185,582,5
Libya,2017,19779,783,961,178,127,121,369,1115,1387,2187,2792,3124,4338,2828,422,568,547,600,787,982,1205,1335,1457,1344,1780,2085,2253,1818,1010,358,64,1088,490,5
Libya,2018,19829,738,899,161,117,116,350,1030,1292,2212,2931,3210,4318,2905,444,529,501,551,741,970,1242,1383,1548,1426,1784,1982,2336,1854,1051,376,68,1016,466,6
Libya,2019,21110,721,901,180,126,125,407,1258,1448,2421,3182,3369,4377,3021,471,652,606,635,813,1065,1356,1509,1673,1588,1781,1987,2390,1919,1102,396,75,1027,532,6
Libya,2020,21468,681,839,158,112,111,315,919,1141,2290,3367,3704,4685,3443,538,477,442,478,663,976,1314,1576,1791,1837,1867,2174,2511,2142,1301,452,86,951,426,7
Libya,2021,22793,628,750,122,93,101,289,747,1037,2390,3743,4133,5152,3770,578,384,363,421,616,985,1405,1764,1979,2126,2007,2449,2703,2326,1444,487,91,843,390,8
Liechtenstein,1950,78,9,12,3,0,0,0,0,0,9,10,14,20,9,0,0,0,0,0,4,5,5,5,5,9,10,10,6,3,0,0,12,0,0
Liechtenstein,1951,81,9,12,3,0,0,0,0,0,9,10,15,20,10,0,0,0,0,0,4,5,5,5,5,10,10,10,7,3,0,0,12,0,0
Liechtenstein,1952,107,14,20,6,1,0,0,2,10,10,10,17,20,12,0,0,2,5,5,5,5,5,5,7,10,10,10,8,4,0,0,21,0,0
Liechtenstein,1953,116,16,23,7,2,0,0,3,10,10,10,18,20,12,0,0,3,5,5,5,5,5,5,8,10,10,10,8,4,0,0,25,0,0
Liechtenstein,1954,119,17,24,7,2,0,0,2,10,10,10,18,20,13,0,0,2,5,5,5,5,5,5,8,10,10,10,9,4,0,0,26,0,0
Liechtenstein,1955,99,12,17,5,0,0,0,0,7,10,10,17,20,12,0,0,0,3,4,5,5,5,5,7,10,10,10,9,3,0,0,17,0,0
Liechtenstein,1956,121,16,23,7,1,0,0,4,10,10,12,19,21,14,0,1,3,5,5,5,5,5,7,9,10,11,10,10,4,0,0,24,0,0
Liechtenstein,1957,109,13,18,5,0,0,0,0,7,10,10,19,20,14,0,0,0,2,5,5,5,5,5,9,10,10,10,10,4,0,0,18,0,0
Liechtenstein,1958,110,14,19,5,0,0,0,0,6,10,11,18,20,14,0,0,0,1,5,5,5,5,6,8,10,10,10,10,4,0,0,19,0,0
Liechtenstein,1959,104,12,17,5,0,0,0,0,4,10,11,17,20,15,0,0,0,0,4,5,5,5,6,8,9,10,10,10,5,0,0,17,0,0
Liechtenstein,1960,92,9,12,3,0,0,0,0,2,6,10,17,20,16,0,0,0,0,2,1,5,5,5,8,9,10,10,10,6,0,0,12,0,0
Liechtenstein,1961,105,11,16,5,0,0,0,0,2,10,11,19,22,17,0,0,0,0,2,5,5,5,6,9,10,10,12,10,7,0,0,16,0,0
Liechtenstein,1962,121,15,21,6,1,0,0,5,9,10,12,20,22,17,1,4,1,4,5,5,5,5,7,10,10,10,12,10,7,1,0,22,0,0
Liechtenstein,1963,113,13,18,5,1,0,0,2,2,10,11,20,22,18,1,2,0,0,2,5,5,5,6,10,10,10,12,10,8,1,0,19,0,0
Liechtenstein,1964,119,15,20,5,1,0,0,6,7,10,13,20,22,17,1,5,1,2,5,5,5,5,8,10,10,11,11,10,7,1,0,21,0,0
Liechtenstein,1965,116,14,19,5,0,0,0,5,2,10,13,20,21,19,1,4,1,0,2,5,5,5,8,10,10,11,10,12,7,1,0,19,0,0
Liechtenstein,1966,119,14,19,5,0,0,0,7,5,10,14,20,21,17,2,5,2,0,5,5,5,5,9,10,10,11,10,11,6,2,0,19,0,0
Liechtenstein,1967,111,12,16,4,0,0,0,6,1,10,13,20,20,16,2,4,2,0,1,5,5,5,8,10,10,10,10,11,5,2,0,16,0,0
Liechtenstein,1968,121,13,18,5,0,0,1,10,10,10,16,21,22,17,2,5,5,5,5,5,5,6,10,10,11,11,11,11,6,2,0,18,1,0
Liechtenstein,1969,115,11,16,5,0,0,0,9,2,10,15,21,21,16,2,4,5,0,2,5,5,5,10,10,11,11,10,9,7,2,0,16,0,0
Liechtenstein,1970,114,11,15,4,0,0,0,9,2,10,14,21,22,15,2,4,5,1,1,5,5,5,9,10,11,12,10,8,7,2,0,15,0,0
Liechtenstein,1971,131,14,20,6,1,0,1,10,10,10,14,23,25,16,2,5,5,5,5,5,5,5,9,10,13,14,11,9,7,2,0,21,1,0
Liechtenstein,1972,105,8,11,3,0,0,0,0,0,8,12,22,22,16,3,0,0,0,0,3,5,5,7,10,12,10,12,9,7,3,0,11,0,0
Liechtenstein,1973,121,11,15,4,0,0,0,9,10,10,12,21,27,16,2,4,5,5,5,5,5,5,7,10,11,14,13,10,6,2,0,15,0,0
Liechtenstein,1974,100,7,8,1,0,0,0,0,0,7,11,20,24,14,2,0,0,0,0,2,5,5,6,10,10,13,11,9,5,2,0,8,0,0
Liechtenstein,1975,116,10,13,3,0,0,0,7,10,10,12,23,29,15,2,2,5,5,5,5,5,6,6,10,13,14,15,10,5,2,0,13,0,0
Liechtenstein,1976,115,9,12,3,0,0,0,6,10,10,15,24,29,15,3,1,5,5,5,5,5,6,9,10,14,15,14,10,5,3,0,12,0,0
Liechtenstein,1977,99,6,6,0,0,0,0,0,0,6,10,19,25,13,2,0,0,0,0,1,5,5,5,8,11,14,11,8,5,2,0,6,0,0
Liechtenstein,1978,106,7,8,1,0,0,0,0,2,6,14,23,27,14,1,0,0,0,2,1,5,5,9,10,13,15,12,9,5,1,0,8,0,0
Liechtenstein,1979,109,6,6,0,0,0,0,0,5,8,13,24,29,15,1,0,0,0,5,3,5,5,8,10,14,15,14,10,5,1,0,6,0,0
Liechtenstein,1980,131,10,13,3,0,0,0,8,10,10,14,24,30,17,2,3,5,5,5,5,5,5,9,10,14,15,15,11,6,2,0,13,0,0
Liechtenstein,1981,128,9,11,2,0,0,0,6,10,10,13,23,31,16,3,2,4,5,5,5,5,5,8,10,13,15,16,10,6,3,0,11,0,0
Liechtenstein,1982,121,7,8,1,0,0,0,0,10,10,12,22,32,18,4,0,0,5,5,5,5,5,7,10,12,16,16,11,7,4,0,8,0,0
Liechtenstein,1983,109,5,5,0,0,0,0,0,1,10,11,21,30,18,4,0,0,0,1,5,5,5,6,10,11,15,15,12,6,4,0,5,0,0
Liechtenstein,1984,127,7,8,1,0,0,0,0,10,10,12,24,35,20,3,0,0,5,5,5,5,5,7,12,12,19,16,13,7,3,0,8,0,0
Liechtenstein,1985,134,8,10,2,0,0,0,5,10,10,14,26,36,20,1,2,3,5,5,5,5,5,9,12,14,19,17,13,7,1,0,10,0,0
Liechtenstein,1986,114,5,5,0,0,0,0,0,4,10,10,25,33,21,2,0,0,0,4,5,5,5,5,11,14,16,17,14,7,2,0,5,0,0
Liechtenstein,1987,134,7,8,1,0,0,0,1,10,10,14,26,35,22,2,0,1,5,5,5,5,5,9,11,15,17,18,15,7,2,0,8,0,0
Liechtenstein,1988,108,4,4,0,0,0,0,0,0,9,10,22,32,22,2,0,0,0,0,4,5,5,5,8,14,14,18,15,7,2,0,4,0,0
Liechtenstein,1989,114,5,5,0,0,0,0,0,1,10,12,24,35,23,2,0,0,0,1,5,5,5,7,10,14,15,20,15,8,2,0,5,0,0
Liechtenstein,1990,106,4,4,0,0,0,0,0,0,8,10,23,32,24,3,0,0,0,0,3,5,5,5,10,13,14,18,15,9,3,0,4,0,0
Liechtenstein,1991,99,3,3,0,0,0,0,0,0,6,10,16,30,24,4,0,0,0,0,1,5,5,5,5,11,14,16,13,11,4,0,3,0,0
Liechtenstein,1992,94,3,3,0,0,0,0,0,0,5,10,14,29,22,3,0,0,0,0,0,5,5,5,5,9,15,14,13,9,3,0,3,0,0
Liechtenstein,1993,103,3,3,0,0,0,0,0,0,6,10,18,31,25,2,0,0,0,0,1,5,5,5,8,10,15,16,15,10,2,0,3,0,0
Liechtenstein,1994,95,2,2,0,0,0,0,0,0,5,10,17,28,27,3,0,0,0,0,0,5,5,5,7,10,14,14,17,10,3,0,2,0,0
Liechtenstein,1995,101,2,2,0,0,0,0,0,0,5,10,16,31,28,3,0,0,0,0,0,5,5,5,6,10,16,15,17,11,3,0,2,0,0
Liechtenstein,1996,127,4,4,0,0,0,0,0,0,8,14,22,37,31,5,0,0,0,0,3,5,5,9,10,12,18,19,19,12,5,0,4,0,0
Liechtenstein,1997,133,4,4,0,0,0,0,0,0,8,17,24,38,32,4,0,0,0,0,3,5,7,10,10,14,16,22,18,14,4,0,4,0,0
Liechtenstein,1998,121,3,3,0,0,0,0,0,0,6,15,22,37,30,5,0,0,0,0,1,5,5,10,10,12,15,22,17,13,5,0,3,0,0
Liechtenstein,1999,108,2,2,0,0,0,0,0,0,5,12,19,31,29,5,0,0,0,0,0,5,5,7,9,10,13,18,16,13,5,0,2,0,0
Liechtenstein,2000,126,3,3,0,0,0,0,0,0,6,15,21,36,34,5,0,0,0,0,1,5,5,10,10,11,15,21,18,16,5,0,3,0,0
Liechtenstein,2001,107,2,2,0,0,0,0,0,0,4,13,20,29,31,4,0,0,0,0,0,4,5,8,10,10,13,16,17,14,4,0,2,0,0
Liechtenstein,2002,103,2,2,0,0,0,0,0,0,3,12,20,27,31,5,0,0,0,0,0,3,5,7,10,10,13,14,18,13,5,0,2,0,0
Liechtenstein,2003,95,2,2,0,0,0,0,0,0,2,10,19,25,29,5,0,0,0,0,0,2,5,5,9,10,11,14,18,11,5,0,2,0,0
Liechtenstein,2004,97,2,2,0,0,0,0,0,0,1,10,20,26,29,6,0,0,0,0,0,1,5,5,10,10,11,15,18,11,6,0,2,0,0
Liechtenstein,2005,113,2,2,0,0,0,0,0,0,3,13,21,27,31,8,0,0,0,0,0,3,5,8,10,11,12,15,18,13,8,0,2,0,0
Liechtenstein,2006,102,1,1,0,0,0,0,0,0,2,11,20,25,30,8,0,0,0,0,0,2,5,6,10,10,10,15,16,14,8,0,1,0,0
Liechtenstein,2007,104,1,1,0,0,0,0,0,0,2,11,20,26,31,9,0,0,0,0,0,2,5,6,10,10,12,14,15,16,8,1,1,0,0
Liechtenstein,2008,100,1,1,0,0,0,0,0,0,1,10,19,25,30,9,0,0,0,0,0,1,5,5,9,10,12,13,15,15,7,2,1,0,0
Liechtenstein,2009,110,2,2,0,0,0,0,0,0,1,11,22,29,33,10,0,0,0,0,0,1,5,6,10,12,14,15,17,16,8,2,2,0,0
Liechtenstein,2010,115,1,1,0,0,0,0,0,0,1,11,24,30,34,11,0,0,0,0,0,1,5,6,10,14,15,15,19,15,9,2,1,0,0
Liechtenstein,2011,120,2,2,0,0,0,0,0,0,2,10,23,30,33,13,0,0,0,0,0,2,5,5,10,13,15,15,19,14,10,3,2,0,0
Liechtenstein,2012,122,1,1,0,0,0,0,0,0,2,10,23,32,32,15,0,0,0,0,0,2,5,5,10,13,16,16,18,14,11,4,1,0,0
Liechtenstein,2013,114,1,1,0,0,0,0,0,0,1,10,21,31,31,12,0,0,0,0,0,1,5,5,9,12,15,16,17,14,9,3,1,0,0
Liechtenstein,2014,115,1,1,0,0,0,0,0,0,1,10,21,33,31,12,0,0,0,0,0,1,5,5,8,13,17,16,16,15,9,3,1,0,1
Liechtenstein,2015,120,1,1,0,0,0,0,0,0,0,10,22,38,35,11,0,0,0,0,0,0,5,5,9,13,19,19,18,17,8,3,1,0,1
Liechtenstein,2016,129,1,1,0,0,0,0,0,0,1,10,24,41,37,12,0,0,0,0,0,1,5,5,10,14,19,22,19,18,9,3,1,0,1
Liechtenstein,2017,121,1,1,0,0,0,0,0,0,0,10,21,38,36,11,0,0,0,0,0,0,5,5,8,13,18,20,20,16,8,3,1,0,1
Liechtenstein,2018,138,1,1,0,0,0,0,0,0,1,11,23,45,41,12,0,0,0,0,0,1,5,6,10,13,21,24,22,19,10,2,1,0,1
Liechtenstein,2019,119,1,1,0,0,0,0,0,0,0,9,20,39,37,9,0,0,0,0,0,0,4,5,8,12,18,21,21,16,9,0,1,0,1
Liechtenstein,2020,156,1,1,0,0,0,0,0,0,0,10,24,51,55,13,0,0,0,0,0,0,5,5,10,14,24,27,29,26,13,0,1,0,1
Liechtenstein,2021,151,1,1,0,0,0,0,0,0,0,11,23,50,51,12,0,0,0,0,0,0,5,6,10,13,23,27,28,23,11,1,1,0,1
Lithuania,1950,15355,1271,1546,275,125,83,204,530,514,1244,1698,1766,3050,3366,1177,281,249,210,304,548,696,806,892,826,940,1363,1687,1824,1542,882,295,1671,287,54
Lithuania,1951,14991,1273,1562,289,127,85,203,562,513,1260,1762,1830,2910,3092,1034,299,263,227,286,528,732,824,938,903,927,1307,1603,1686,1406,779,255,1689,288,47
Lithuania,1952,14490,1282,1576,294,129,87,201,582,513,1241,1801,1876,2740,2798,903,305,277,242,271,490,751,836,965,967,909,1239,1501,1539,1259,685,218,1705,288,40
Lithuania,1953,14275,1245,1548,303,132,90,203,609,533,1238,1860,1985,2639,2594,811,313,296,268,265,459,779,854,1006,1051,934,1201,1438,1440,1154,619,192,1680,293,35
Lithuania,1954,14153,1256,1561,305,137,93,205,634,552,1216,1921,2114,2543,2412,729,318,316,288,264,436,780,895,1026,1143,971,1169,1374,1351,1061,559,170,1698,298,31
Lithuania,1955,14048,1283,1586,303,143,95,207,653,580,1174,1983,2240,2456,2242,657,320,333,307,273,414,760,931,1052,1194,1046,1139,1317,1268,974,506,151,1729,302,27
Lithuania,1956,14002,1251,1558,307,148,98,211,675,617,1121,2055,2392,2402,2105,597,321,354,324,293,390,731,976,1079,1257,1135,1133,1269,1202,903,462,135,1706,309,24
Lithuania,1957,13051,1166,1448,282,143,90,203,640,615,987,1982,2357,2205,1852,512,298,342,321,294,349,638,945,1037,1216,1141,1055,1150,1066,786,396,116,1591,293,20
Lithuania,1958,12355,1114,1374,260,136,87,196,609,624,871,1907,2338,2075,1669,454,283,326,320,304,318,553,916,991,1186,1152,1016,1059,967,702,351,103,1510,283,18
Lithuania,1959,11743,1011,1258,247,129,82,191,578,628,788,1841,2311,1978,1529,412,267,311,320,308,297,491,861,980,1136,1175,992,986,889,640,319,93,1387,273,16
Lithuania,1960,11056,970,1195,225,119,79,180,538,617,715,1717,2218,1894,1396,375,248,290,314,303,283,432,773,944,1084,1134,986,908,815,581,290,85,1314,259,15
Lithuania,1961,11495,966,1200,234,121,84,184,557,663,724,1767,2357,2025,1419,381,260,297,338,325,311,413,755,1012,1141,1216,1088,937,831,588,294,87,1321,268,15
Lithuania,1962,12619,973,1227,254,130,92,196,614,756,794,1914,2648,2296,1530,407,291,323,380,376,367,427,765,1149,1282,1366,1267,1029,901,629,314,93,1357,288,16
Lithuania,1963,11993,880,1110,230,122,88,183,583,736,763,1777,2557,2259,1424,376,280,303,363,373,378,385,654,1123,1232,1325,1266,993,844,580,289,87,1232,271,15
Lithuania,1964,11271,775,982,207,111,83,169,543,706,729,1608,2440,2212,1322,347,261,282,338,368,378,351,568,1040,1197,1243,1258,954,785,537,265,82,1093,252,15
Lithuania,1965,11995,757,965,208,118,86,182,575,766,793,1626,2649,2447,1402,366,276,299,357,409,416,377,568,1058,1305,1344,1365,1082,831,571,280,86,1083,268,16
Lithuania,1966,12249,751,947,196,119,86,187,582,794,845,1542,2750,2589,1426,369,276,306,358,436,436,409,535,1007,1365,1385,1421,1168,848,578,280,89,1066,273,17
Lithuania,1967,12822,743,937,194,121,87,201,603,831,933,1472,2951,2793,1492,380,278,325,370,461,475,458,519,953,1474,1477,1501,1292,887,605,288,92,1058,288,17
Lithuania,1968,13353,763,954,191,122,89,210,623,857,1036,1380,3124,2984,1569,386,282,341,380,477,516,520,506,874,1579,1545,1575,1409,942,627,294,92,1076,299,18
Lithuania,1969,14235,793,988,195,122,96,220,664,906,1163,1375,3354,3238,1689,401,303,361,403,503,574,589,519,856,1662,1692,1661,1577,1026,663,306,95,1110,316,18
Lithuania,1970,14847,811,1009,198,119,99,226,692,934,1263,1394,3450,3411,1824,410,322,370,418,516,626,637,549,845,1657,1793,1748,1663,1139,685,315,95,1128,325,18
Lithuania,1971,14372,731,916,185,109,95,215,670,900,1265,1330,3277,3350,1834,394,317,353,406,494,636,629,568,762,1502,1775,1711,1639,1172,662,305,89,1025,310,17
Lithuania,1972,15431,781,973,192,109,99,226,710,966,1390,1419,3416,3637,2039,421,346,364,443,523,689,701,659,760,1451,1965,1870,1767,1329,710,329,92,1082,325,17
Lithuania,1973,15254,728,914,186,102,97,226,701,954,1403,1420,3271,3628,2105,416,347,354,440,514,676,727,719,701,1258,2013,1865,1763,1384,721,329,87,1016,323,16
Lithuania,1974,15589,724,907,183,101,94,232,718,968,1456,1470,3209,3741,2248,426,351,367,447,521,680,776,783,687,1177,2032,1956,1785,1488,760,337,89,1008,326,17
Lithuania,1975,16577,730,917,187,104,95,248,774,1021,1579,1606,3242,4040,2478,455,370,404,469,552,715,864,864,742,1187,2055,2117,1923,1608,870,360,95,1021,343,17
Lithuania,1976,16940,728,912,184,102,92,258,796,1035,1644,1713,3086,4202,2613,466,376,420,470,565,721,923,901,812,1130,1956,2212,1990,1667,946,368,98,1014,350,17
Lithuania,1977,17443,708,890,182,104,89,267,829,1064,1702,1880,2905,4458,2755,482,386,443,470,594,736,966,968,912,1079,1826,2360,2098,1720,1035,378,104,994,356,18
Lithuania,1978,18097,745,925,180,105,88,273,871,1097,1752,2104,2708,4732,2915,509,407,464,476,621,759,993,1059,1045,1039,1669,2531,2201,1789,1126,401,108,1030,361,18
Lithuania,1979,18748,706,888,182,105,87,276,911,1149,1803,2321,2641,4951,3052,546,429,482,506,643,785,1018,1158,1163,1035,1606,2597,2354,1833,1219,432,114,993,363,18
Lithuania,1980,19244,677,856,179,104,88,270,941,1197,1845,2488,2659,5012,3168,595,448,493,541,656,806,1039,1245,1243,1080,1579,2539,2473,1904,1264,479,116,960,358,19
Lithuania,1981,19230,678,848,170,102,85,257,943,1198,1837,2578,2631,4913,3196,622,454,489,553,645,807,1030,1305,1273,1156,1475,2371,2542,1927,1269,509,113,950,342,19
Lithuania,1982,19032,650,813,163,97,83,243,930,1178,1826,2625,2602,4756,3203,648,449,481,560,618,814,1012,1309,1316,1245,1357,2135,2621,1961,1242,537,111,910,326,19
Lithuania,1983,19593,692,852,160,96,84,237,958,1206,1881,2762,2714,4754,3329,698,454,504,581,625,843,1038,1338,1424,1418,1296,1946,2808,2057,1272,583,115,948,321,20
Lithuania,1984,20713,665,832,167,99,87,242,1010,1293,1991,2989,2931,4866,3581,774,468,542,614,679,890,1101,1403,1586,1613,1318,1913,2953,2257,1324,641,133,931,329,21
Lithuania,1985,20858,654,817,163,96,85,237,1003,1326,2000,3078,3050,4673,3678,794,451,552,615,711,889,1111,1404,1674,1695,1355,1844,2829,2335,1343,646,148,913,322,22
Lithuania,1986,18561,566,706,140,81,74,204,877,1185,1769,2799,2838,3897,3383,726,380,497,541,644,778,991,1239,1560,1545,1293,1540,2357,2164,1219,580,146,787,278,20
Lithuania,1987,19298,579,719,140,83,75,208,890,1240,1824,2917,3137,3728,3694,767,376,514,556,684,780,1044,1276,1641,1674,1463,1491,2237,2370,1324,598,169,802,283,22
Lithuania,1988,19880,520,661,141,81,73,211,887,1291,1875,2993,3492,3493,3991,806,368,519,580,711,790,1085,1314,1679,1819,1673,1433,2060,2572,1419,615,191,742,284,25
Lithuania,1989,20581,474,611,137,82,74,214,889,1340,1955,3079,3840,3418,4204,841,364,525,608,732,835,1120,1361,1718,1977,1863,1431,1987,2661,1543,632,209,693,288,29
Lithuania,1990,21507,481,613,132,83,73,215,891,1399,2064,3208,4197,3514,4330,891,370,521,640,759,900,1164,1427,1781,2161,2036,1528,1986,2648,1682,670,221,696,288,34
Lithuania,1991,22678,527,656,129,84,75,224,898,1478,2175,3371,4592,3691,4454,941,376,522,685,793,966,1209,1509,1862,2384,2208,1727,1964,2598,1856,714,227,740,299,39
Lithuania,1992,23130,518,644,126,84,75,219,885,1504,2206,3467,4840,3792,4405,969,377,508,698,806,1007,1199,1573,1894,2473,2367,1919,1873,2412,1993,753,216,728,294,40
Lithuania,1993,25865,478,616,138,89,82,240,958,1697,2476,3923,5584,4343,4730,1086,414,544,774,923,1146,1330,1790,2133,2768,2816,2386,1957,2398,2332,862,224,705,322,43
Lithuania,1994,26328,383,516,133,86,80,236,952,1735,2565,4037,5842,4552,4575,1108,417,535,777,958,1175,1390,1840,2197,2810,3032,2625,1927,2242,2333,897,211,602,316,41
Lithuania,1995,25241,360,472,112,79,76,220,889,1645,2503,3886,5727,4522,4110,1078,389,500,714,931,1129,1374,1766,2120,2684,3043,2640,1882,2023,2087,880,198,551,296,37
Lithuania,1996,23740,298,391,93,71,70,201,811,1528,2373,3655,5508,4468,3582,1052,358,453,641,887,1060,1313,1649,2006,2510,2998,2574,1894,1779,1803,871,181,462,271,32
Lithuania,1997,22519,258,335,77,62,64,183,740,1415,2265,3458,5248,4517,3138,1064,325,415,578,837,1001,1264,1525,1933,2366,2882,2571,1946,1581,1557,885,179,397,247,28
Lithuania,1998,22134,250,317,67,58,59,170,701,1339,2241,3375,5123,4775,2825,1124,306,395,538,801,993,1248,1467,1908,2314,2809,2674,2101,1455,1370,935,189,375,229,27
Lithuania,1999,21965,215,276,61,51,55,162,663,1278,2213,3353,5042,5031,2670,1144,286,377,507,771,986,1227,1464,1889,2288,2754,2789,2242,1410,1260,941,203,327,217,28
Lithuania,2000,21448,187,239,52,45,50,152,612,1182,2152,3278,4886,5141,2584,1094,262,350,471,711,961,1191,1449,1829,2224,2662,2837,2304,1413,1171,878,216,284,202,29
Lithuania,2001,22642,178,229,51,42,49,153,617,1180,2260,3434,5118,5642,2765,1114,263,354,471,709,1011,1249,1530,1904,2337,2781,3118,2524,1595,1170,861,253,271,202,34
Lithuania,2002,22751,167,214,47,36,47,147,586,1124,2249,3412,5140,5846,2841,1073,251,335,453,671,1002,1247,1549,1863,2367,2773,3169,2677,1728,1113,790,283,250,194,37
Lithuania,2003,22769,131,172,41,33,42,139,553,1067,2235,3384,5136,5992,2945,1026,235,318,433,634,974,1261,1552,1832,2371,2765,3150,2842,1890,1055,713,313,205,181,41
Lithuania,2004,22778,136,172,36,30,40,131,520,1013,2203,3377,5107,6099,3062,984,222,298,414,599,939,1264,1536,1841,2355,2752,3113,2986,2023,1039,661,323,202,171,45
Lithuania,2005,24334,117,151,34,29,39,131,525,1032,2298,3628,5420,6618,3412,998,228,297,419,613,946,1352,1631,1997,2489,2931,3300,3318,2272,1140,669,329,180,170,52
Lithuania,2006,24767,127,159,32,26,36,124,504,1000,2291,3696,5469,6839,3625,939,220,284,409,591,909,1382,1650,2046,2494,2975,3334,3505,2399,1226,642,297,185,160,58
Lithuania,2007,25593,107,137,30,25,31,119,498,988,2313,3847,5615,7094,3960,894,219,279,398,590,891,1422,1704,2143,2511,3104,3433,3661,2616,1344,629,265,162,150,64
Lithuania,2008,23668,97,123,26,20,25,103,433,873,2061,3593,5150,6535,3912,774,191,242,350,523,782,1279,1604,1989,2284,2866,3172,3363,2571,1341,555,219,143,128,64
Lithuania,2009,22539,102,126,24,18,23,94,387,788,1884,3413,4889,6179,3951,725,169,218,313,475,708,1176,1542,1871,2196,2693,3014,3165,2589,1362,529,196,144,117,64
Lithuania,2010,22303,88,111,23,15,19,86,362,735,1769,3369,4839,6092,4109,733,157,205,290,445,674,1095,1539,1830,2219,2620,2979,3113,2680,1429,545,188,126,105,61
Lithuania,2011,21824,80,101,21,13,18,74,334,682,1636,3290,4700,5947,4211,756,144,190,267,415,631,1005,1520,1770,2193,2507,2910,3037,2738,1473,571,185,114,92,56
Lithuania,2012,21600,78,97,19,12,16,62,317,637,1545,3236,4603,5900,4323,795,134,183,250,387,606,939,1496,1740,2205,2398,2900,3000,2758,1565,609,186,109,78,54
Lithuania,2013,21694,69,88,19,10,14,55,301,608,1483,3243,4586,5920,4477,853,128,173,237,371,587,896,1466,1777,2225,2361,2900,3020,2776,1701,665,188,98,69,55
Lithuania,2014,21019,58,75,17,10,12,48,272,557,1376,3121,4452,5700,4447,888,115,157,218,339,546,830,1376,1745,2137,2315,2769,2931,2681,1766,697,191,85,60,54
Lithuania,2015,21493,74,90,16,10,11,44,262,544,1356,3138,4594,5770,4647,973,110,152,216,328,533,823,1331,1807,2170,2424,2771,2999,2742,1905,767,206,100,55,55
Lithuania,2016,21388,66,83,17,9,11,40,243,516,1306,3082,4602,5681,4731,1029,97,146,206,310,513,793,1251,1831,2152,2450,2696,2985,2743,1988,814,215,92,51,54
Lithuania,2017,20378,43,57,14,9,8,35,212,474,1204,2881,4435,5359,4582,1071,79,133,192,282,464,740,1131,1750,2049,2386,2488,2871,2637,1945,847,224,66,43,52
Lithuania,2018,20190,54,67,13,10,6,29,195,446,1153,2767,4459,5251,4591,1166,70,125,181,265,442,711,1068,1699,2075,2384,2420,2831,2637,1954,921,245,77,35,53
Lithuania,2019,19679,56,69,13,7,6,25,177,414,1077,2611,4374,5111,4509,1240,62,115,167,247,408,669,999,1612,2057,2317,2394,2717,2591,1918,977,263,76,31,54
Lithuania,2020,22505,42,50,8,18,8,40,183,507,1250,2905,4751,5610,5280,1817,78,105,194,313,461,789,1120,1785,2258,2493,2708,2902,2892,2388,1397,420,68,48,85
Lithuania,2021,24893,49,55,6,9,11,45,234,600,1263,2999,5612,6069,5850,2061,90,144,236,364,482,781,1166,1833,2653,2959,2969,3100,3222,2628,1590,471,64,56,89
Low-income countries,1950,2112834,597034,1017068,420034,101244,49598,77984,214074,154066,124342,116598,120438,98523,36121,2744,114827,99247,81222,72844,63550,60792,58122,58476,59459,60979,55304,43219,26047,10074,2424,320,1118312,127582,33
Low-income countries,1951,1948835,579266,984596,405330,97167,46858,67248,169987,128074,109798,104616,110042,93121,34808,2490,91408,78579,66663,61411,56043,53755,52148,52468,54119,55923,52383,40738,24918,9890,2208,282,1081763,114106,28
Low-income countries,1952,1738293,566893,948216,381323,89099,41069,48400,115267,95321,90113,88812,97597,88057,33883,2433,61107,54160,48705,46616,45682,44431,44225,44587,47610,49987,49098,38959,23979,9904,2147,286,1037315,89469,26
Low-income countries,1953,1704064,569339,944516,375177,87366,39997,44907,105425,89421,86844,86623,95370,87542,33608,2421,55667,49758,45476,43945,43956,42888,43322,43301,46557,48813,48586,38956,23639,9969,2131,290,1031882,84904,23
Low-income countries,1954,1674940,570770,942978,372208,85749,39205,40975,95848,84388,83944,84858,93638,87296,33552,2485,50005,45843,42696,41692,42299,41645,42577,42281,45719,47919,48186,39110,23538,10014,2204,281,1028727,80180,22
Low-income countries,1955,1681950,573563,946352,372789,85650,39415,41267,96285,84673,84447,85865,94036,87753,33648,2540,50288,45997,42813,41860,42517,41930,43157,42708,46064,47972,48331,39422,23643,10005,2271,269,1032002,80682,19
Low-income countries,1956,1695914,575949,950632,374683,86278,40109,41964,97825,85767,85578,87491,95063,88615,33965,2607,51169,46656,43367,42400,43036,42542,43931,43560,46703,48360,48703,39912,23951,10014,2338,269,1036910,82073,20
Low-income countries,1957,1779513,600682,996281,395599,92820,44200,44300,102251,89776,89852,92314,98851,91482,34690,2674,53552,48699,45342,44434,45059,44793,46275,46039,48648,50203,50206,41276,24664,10026,2405,269,1089101,88500,21
Low-income countries,1958,1800951,603554,1000462,396908,94613,45951,46076,105869,92423,91636,94270,99911,91977,35033,2709,55494,50375,46717,45706,45946,45690,47012,47258,49219,50692,50364,41613,24982,10051,2433,276,1095075,92027,21
Low-income countries,1959,1743833,585341,964905,379564,89647,42759,44879,103982,90057,89092,92232,98193,90344,34986,2735,54611,49371,45570,44487,44672,44420,45698,46534,48406,49787,49298,41046,24944,10042,2450,285,1054552,87638,21
Low-income countries,1960,1758211,589950,972349,382399,90517,42782,45344,105027,90557,89722,93445,99391,90910,35387,2756,55215,49812,45845,44712,44973,44749,46140,47305,49048,50343,49553,41357,25233,10154,2457,299,1062866,88126,22
Low-income countries,1961,1779879,594833,981481,386648,91829,42976,46333,107492,91958,90974,95096,101210,91797,35902,2806,56530,50962,46614,45344,45616,45358,46863,48233,50072,51138,50039,41758,25597,10305,2499,307,1073310,89309,23
Low-income countries,1962,1802479,601299,992152,390853,93354,43112,47167,109609,93191,92077,96610,103103,92771,36470,2838,57597,52012,47288,45903,46195,45882,47590,49020,51250,51853,50642,42129,25979,10491,2522,316,1085506,90279,25
Low-income countries,1963,1842786,610068,1006390,396322,96260,43900,48814,115338,96951,94835,99375,106251,94564,37206,2875,60552,54786,49348,47603,47689,47146,48997,50378,53126,53125,51780,42784,26492,10714,2557,318,1102650,92714,27
Low-income countries,1964,1845495,615615,1013207,397592,95912,42731,47493,113789,95358,94256,99674,107490,95058,37581,2918,59776,54013,48560,46798,47265,46991,49092,50582,53925,53565,52172,42886,26718,10863,2591,327,1109119,90224,27
Low-income countries,1965,1888534,624100,1028555,404455,99340,44793,49449,119100,99142,97168,102384,110540,96864,38185,2983,62591,56509,50574,48568,48780,48388,50436,51948,55589,54951,53327,43537,27130,11055,2638,345,1127895,94242,31
Low-income countries,1966,1949340,640573,1058664,418091,104677,47831,51258,123053,102605,100380,105663,114230,99102,38814,3032,64714,58339,52348,50257,50383,49997,52010,53653,57499,56731,54712,44390,27563,11251,2686,346,1163341,99089,30
Low-income countries,1967,1947100,641073,1055374,414301,104078,47437,50910,123654,102700,100238,105688,115212,99601,39081,3093,65148,58506,52521,50179,50289,49949,51907,53781,57708,57504,55012,44589,27693,11388,2741,352,1159452,98347,34
Low-income countries,1968,1969919,649576,1069643,420067,105606,48141,51066,123776,103129,100840,106801,117322,100923,39472,3163,65195,58581,52791,50338,50519,50321,52314,54487,58439,58883,55755,45168,27918,11554,2799,364,1175249,99207,36
Low-income countries,1969,2002030,658270,1084989,426719,107942,49246,52217,125764,104856,102327,108589,119963,102826,40025,3248,66081,59683,53742,51114,51233,51094,53121,55468,59480,60483,56835,45991,28272,11753,2864,384,1192931,101463,38
Low-income countries,1970,2026958,666071,1098314,432243,109635,49994,52944,126533,105681,103147,109933,122215,104749,40511,3264,66267,60266,54198,51483,51616,51531,53739,56194,60389,61826,57942,46807,28606,11905,2890,374,1207949,102938,38
Low-income countries,1971,2038249,674222,1110894,436672,109459,48837,52011,124004,103878,102676,110838,124424,106852,41038,3301,64888,59116,53182,50696,51227,51449,54080,56758,61327,63097,59240,47612,28970,12068,2939,362,1220353,100848,36
Low-income countries,1972,2116392,687803,1137599,449796,117309,54891,57444,132601,110634,107368,114716,128315,110297,41852,3333,69230,63371,56675,53959,53717,53651,56120,58596,63313,65002,61414,48883,29597,12255,2978,355,1254908,112335,33
Low-income countries,1973,2090188,689790,1138831,449041,115340,52457,53878,123233,104579,103852,112780,128121,111577,42215,3296,64302,58931,53284,51295,51752,52100,55033,57747,63115,65006,62326,49251,29901,12314,2957,339,1254171,106335,29
Low-income countries,1974,2138846,708914,1173678,464764,118800,52947,53592,122147,104322,104787,115064,131720,115254,43161,3346,63966,58181,53026,51296,52068,52719,56041,59023,64851,66869,64635,50619,30636,12525,3009,337,1292478,106539,28
Low-income countries,1975,2169170,717782,1186755,468973,121947,54876,54931,123278,105799,105947,116376,133779,117981,44063,3410,64726,58552,53799,52000,52686,53261,56630,59746,65790,67989,66193,51788,31320,12743,3068,342,1308702,109807,28
Low-income countries,1976,2163461,715437,1176860,461423,120272,54002,55598,125577,106890,106038,116266,134295,119498,44723,3415,66232,59345,54598,52292,52834,53204,56515,59751,65898,68397,66854,52644,31821,12902,3085,330,1297132,109600,27
Low-income countries,1977,2193048,725159,1190827,465668,122181,54971,56633,126902,108036,107200,117693,136672,122540,45851,3516,67254,59648,55292,52744,53461,53739,57144,60549,66847,69825,68246,54294,32624,13227,3169,347,1313008,111604,26
Low-income countries,1978,2235549,735590,1207790,472200,123509,55306,58377,132929,111270,109757,120224,139839,125910,47024,3588,70731,62198,57133,54137,54843,54914,58311,61913,68198,71641,69765,56145,33446,13578,3236,352,1331299,113683,25
Low-income countries,1979,2266313,745710,1222238,476528,124579,56144,59339,134703,112008,110990,121779,142383,129152,48795,4144,71758,62945,57347,54661,55477,55513,59003,62776,69260,73123,71191,57961,34553,14242,3598,546,1346817,115483,59
Low-income countries,1980,2298796,754772,1235612,480840,125438,57000,60608,139008,113737,112296,123218,144711,132143,50430,4509,74181,64827,58298,55439,56141,56155,59668,63550,70279,74432,72628,59515,35616,14814,3857,652,1361050,117608,86
Low-income countries,1981,2317951,757269,1241583,484314,126503,57952,61581,141024,114464,112999,124163,146424,134541,51810,4801,75389,65635,58540,55924,56441,56558,60081,64082,71022,75402,73880,60661,36557,15253,4061,740,1368086,119533,106
Low-income countries,1982,2356899,757293,1244430,487137,128464,59261,65067,150874,119478,116343,127115,149480,137841,53429,5013,80867,70007,61186,58292,58090,58253,61548,65567,72553,76927,75786,62055,37719,15710,4244,769,1372894,124328,104
Low-income countries,1983,2568280,819272,1363144,543872,146429,68877,70714,161112,128879,125377,136104,159226,146374,56389,5519,86153,74959,65794,63085,62539,62838,66002,70102,77444,81782,80756,65618,39883,16506,4590,929,1509573,139591,135
Low-income countries,1984,2675566,831274,1383290,552016,151788,72236,78990,185769,143763,135452,143627,165254,151181,58347,5726,99496,86273,74178,69585,67960,67492,69939,73688,80558,84696,83635,67546,41285,17062,4782,944,1535078,151226,142
Low-income countries,1985,2697594,839562,1391461,551899,152979,72643,79877,186903,144909,136910,144995,167283,153554,59884,6039,100026,86877,74909,70000,68753,68157,70596,74399,81493,85790,84895,68659,42272,17612,5011,1028,1544440,152520,157
Low-income countries,1986,2663527,832134,1370544,538410,148820,70315,78791,185085,143032,135027,143289,166494,154484,61172,6313,99061,86024,74227,68805,67911,67116,69729,73560,80917,85577,85094,69390,43012,18160,5233,1080,1519364,149106,160
Low-income countries,1987,2669346,805551,1324581,519030,147731,72566,85900,202819,155026,140594,145300,168588,156635,62763,6670,108208,94611,81125,73901,71562,69032,70975,74325,81854,86734,86014,70621,43899,18864,5501,1169,1472312,158466,172
Low-income countries,1988,2851150,856853,1426730,569877,160682,75774,88527,211383,163459,148421,153850,180219,166252,67231,8381,112830,98553,85240,78219,75679,72742,75078,78772,87318,92901,91196,75056,46469,20762,6728,1653,1587412,164301,240
Low-income countries,1989,2635860,811797,1328727,516930,146121,69683,78621,182744,144305,134811,143817,170248,161450,66999,8098,97276,85468,74894,69411,68147,66664,69970,73847,82162,88086,87807,73643,46245,20754,6527,1571,1474848,148304,233
Low-income countries,1990,2707867,822123,1345668,523545,149414,71550,82636,196811,153558,140947,149008,175367,166181,68688,7812,104877,91934,79964,73594,71282,69665,72565,76443,84670,90697,90320,75861,47590,21098,6360,1452,1495082,154186,224
Low-income countries,1991,2778187,848097,1394829,546732,157905,75583,82161,191423,153570,142294,151430,179547,170954,70623,7648,101741,89682,79524,74046,71775,70519,73552,77878,86527,93020,92858,78096,49094,21529,6276,1372,1552734,157744,218
Low-income countries,1992,2869249,855367,1407566,552199,166374,81472,88957,207010,166433,150841,157016,185506,176380,73470,8000,109891,97119,86178,80255,76324,74517,76298,80718,89372,96134,95875,80505,51052,22418,6573,1427,1573940,170429,224
Low-income countries,1993,2845138,842504,1376570,534066,164280,81702,89634,207252,168654,152313,157686,186646,177869,74594,7734,109627,97625,87136,81518,77183,75130,76539,81147,89905,96741,96781,81088,51942,22652,6441,1293,1540850,171336,203
Low-income countries,1994,3113939,847175,1375095,527920,164779,86999,120398,279736,236360,193317,183866,207014,182542,76051,7587,147236,132500,122526,113834,103297,90020,89989,93877,102059,104955,100173,82369,53055,22996,6369,1218,1539874,207397,195
Low-income countries,1995,2855765,852497,1379175,526678,163310,78992,86305,202160,165679,153084,165163,193113,182257,77680,8504,106253,95907,85381,80298,76835,76249,79730,85433,93878,99235,98857,83400,54017,23663,6801,1703,1542485,165297,342
Low-income countries,1996,2906973,858319,1385455,527136,165349,80703,89689,211753,172599,158066,170530,198697,186787,79331,7700,111018,100735,89079,83520,79686,78380,82468,88062,96968,101729,101300,85487,55260,24071,6435,1265,1550804,170392,311
Low-income countries,1997,2918612,855113,1378493,523380,166600,81875,90688,212064,174253,159746,173180,202801,190312,81008,7345,110970,101094,89870,84383,80931,78815,83856,89324,99302,103499,103113,87199,56392,24616,6337,1008,1545093,172563,245
Low-income countries,1998,3099255,864121,1403191,539070,178481,90127,105070,253261,200715,177058,185945,214232,198624,84223,8082,133100,120161,104625,96090,90678,86380,90693,95252,105495,108737,107669,90955,58472,25751,6812,1270,1581672,195197,246
Low-income countries,1999,2953586,837035,1336750,499715,162748,80216,94742,233216,188607,168447,181050,213857,198619,86269,8810,122278,110938,98501,90106,85958,82489,87479,93571,105346,108511,107128,91491,59554,26715,7352,1458,1499498,174958,254
Low-income countries,2000,2868852,826822,1312100,485278,161359,79279,87395,203685,172282,160781,177114,215122,201001,89009,9453,106680,97005,89015,83267,81512,79269,84857,92257,105626,109496,108010,92991,61148,27861,7909,1544,1473459,166674,269
Low-income countries,2001,2859003,812257,1282126,469869,160717,79119,87882,204787,173896,162647,178866,219839,205396,92680,10745,107548,97239,89868,84028,82406,80241,85240,93626,107619,112220,110082,95314,63314,29366,8835,1910,1442843,167001,303
Low-income countries,2002,2860757,799369,1254929,455560,160505,79351,89197,208178,177039,165756,181435,225571,210474,96286,11683,109599,98579,91454,85585,83791,81965,85931,95504,109867,115704,112646,97828,65560,30726,9506,2177,1415434,168548,352
Low-income countries,2003,2814152,782348,1217338,434990,155429,76902,88735,206744,174063,163772,179405,225575,213711,99621,12461,109229,97515,89827,84236,82437,81335,85054,94351,108878,116697,114030,99681,67599,32022,10121,2340,1372767,165637,396
Low-income countries,2004,2813987,769218,1191431,422213,154567,77022,90189,210191,175498,165874,182401,231157,219379,102859,12985,111249,98942,90391,85107,83200,82674,86701,95700,111038,120119,117062,102317,69645,33214,10567,2418,1345998,167211,434
Low-income countries,2005,2807514,755680,1163626,407946,153802,77175,90724,211543,176347,167304,184695,236560,225235,106294,13741,111875,99668,90550,85797,83734,83570,87907,96788,113221,123339,120258,104977,71727,34567,11174,2567,1317428,167899,468
Low-income countries,2006,2771463,743065,1134684,391619,148766,75377,88469,206238,173923,166171,184138,239861,229816,109083,14438,108782,97456,88922,85001,83046,83125,87792,96346,114416,125445,122874,106942,73369,35714,11718,2720,1283450,163846,498
Low-income countries,2007,2761528,730915,1108855,377940,145897,74529,88204,207282,175091,167918,185884,244251,235988,112190,14933,109268,98014,89302,85789,83923,83995,89196,96688,116385,127866,126411,109577,75313,36877,12143,2790,1254752,162733,505
Low-income countries,2008,2749329,717464,1083185,365721,143384,73667,88124,208321,176088,169779,188219,247275,241846,114352,14618,109815,98506,89675,86413,84910,84869,90792,97427,117669,129606,129755,112091,76897,37455,12011,2607,1226569,161791,470
Low-income countries,2009,2724459,705228,1058446,353218,140286,72495,87561,207455,175884,170834,189802,245513,244534,116472,14710,109373,98082,89606,86278,85513,85321,91920,97882,116592,128921,130495,114039,78348,38124,12102,2608,1198732,160056,467
Low-income countries,2010,2717717,696882,1041201,344319,138806,72144,87828,208369,176912,172935,192371,245280,247937,118715,14765,109758,98611,90305,86607,86645,86290,93460,98911,116223,129057,132201,115736,79822,38893,12228,2537,1180007,159972,452
Low-income countries,2011,2705851,686347,1020344,333997,136324,71103,87943,208943,177423,174517,195059,245746,251920,121201,14877,109878,99065,90798,86625,87409,87108,94868,100191,115894,129852,134014,117906,81442,39759,12357,2520,1156668,159046,450
Low-income countries,2012,2736111,675858,1001364,325506,136055,71329,91042,220703,185375,181029,201403,248843,258014,124923,15530,115679,105024,95365,90010,90777,90252,97918,103485,116781,132062,136702,121312,83782,41141,12807,2723,1137419,162371,500
Low-income countries,2013,2754349,664303,982361,318058,136394,71799,93186,227925,190693,185897,206827,251948,263364,128096,15365,119196,108729,98371,92322,93053,92844,100380,106447,118141,133807,139020,124344,85843,42253,12832,2533,1118755,164985,494
Low-income countries,2014,2757871,654036,964206,310170,136006,71984,94256,229265,192462,188810,210953,254863,267999,131211,15396,120004,109261,99158,93304,94101,94709,102321,108632,119983,134880,141177,126822,87799,43412,12987,2409,1100212,166240,460
Low-income countries,2015,2758279,645032,945087,300055,135869,72427,95878,233520,195431,192285,214937,257180,267126,132659,15460,122693,110827,100609,94822,95342,96943,104435,110502,121934,135246,140673,126453,88384,44275,13169,2291,1080956,168305,420
Low-income countries,2016,2753075,635652,925060,289408,133399,71624,95520,232574,195476,193659,218428,261265,273858,136369,15490,122571,110003,100456,95020,95463,98196,106061,112367,124359,136906,144050,129808,90908,45461,13373,2117,1058459,167144,353
Low-income countries,2017,2767478,625991,903216,277225,130089,70528,97513,242316,201114,197231,222692,265319,280544,140582,16000,128367,113949,103734,97380,97036,100195,108337,114355,127284,138035,147447,133097,93845,46737,13820,2180,1033305,168041,334
Low-income countries,2018,2796619,619731,889985,270254,130122,71173,99252,248888,205437,200766,228069,271903,288354,145714,16633,131796,117092,106154,99283,98601,102165,111210,116859,131147,140756,151318,137036,97458,48256,14395,2238,1020107,170425,323
Low-income countries,2019,2806314,615346,880330,264984,129775,71538,98624,244942,204200,201748,232304,278579,295447,151207,17306,129480,115462,105254,98946,98912,102836,113398,118906,134421,144158,154359,141088,101190,50017,15020,2286,1010105,170162,314
Low-income countries,2020,2943077,609817,868023,258206,128136,71143,95181,235650,203700,215438,264493,329606,337436,174540,19429,124404,111246,103290,100410,104401,111037,127246,137247,158480,171126,178207,159229,115681,58859,16997,2432,996159,166324,301
Low-income countries,2021,3109022,605714,859572,253858,128858,72604,101883,254923,221191,237374,292508,363476,367800,188188,20355,133812,121111,111926,109265,114434,122940,141496,151012,173919,189557,193756,174044,125487,62701,17816,2539,988430,174487,289
Lower-middle-income countries,1950,9231410,3234113,4950463,1716350,286848,157562,203974,501040,472454,519152,574736,641474,622373,269656,31447,257257,243783,231272,241182,254460,264692,287072,287664,329562,311912,333733,288640,185327,84329,25882,5565,5237311,361536,229
Lower-middle-income countries,1951,9376645,3275406,5030780,1755374,295261,158795,205371,506174,477276,529006,591646,657761,622668,272015,29482,259261,246913,234023,243253,258610,270396,295152,296494,336315,321446,331649,291019,187473,84542,24759,4723,5326041,364166,409
Lower-middle-income countries,1952,9421893,3294982,5051917,1756935,292159,157406,205872,509964,480089,534242,602919,667884,617059,273724,28124,260446,249518,236169,243920,260125,274117,298282,304637,335729,332155,324376,292683,189197,84527,23687,4437,5344076,363278,532
Lower-middle-income countries,1953,9507293,3315131,5081344,1766213,302816,157570,208341,517601,487182,542045,616033,678835,611748,275815,27404,263422,254179,240531,246651,262772,279273,301296,314737,334071,344764,317821,293927,190996,84819,23238,4166,5384160,365911,557
Lower-middle-income countries,1954,9479798,3325465,5082112,1756647,294864,154291,205809,511434,481262,537301,618842,681902,606490,277841,27141,259810,251624,237997,243265,259007,278294,299556,319286,330471,351431,313695,292795,192255,85586,23330,3811,5376976,360100,505
Lower-middle-income countries,1955,9484288,3329271,5079135,1749864,298099,152936,203386,505583,478855,536137,625106,689659,606691,280877,27406,256110,249473,237057,241798,257164,278973,300375,324731,332461,357198,315670,291021,193766,87111,23746,3660,5377234,356322,417
Lower-middle-income countries,1956,9538568,3336161,5084965,1748804,305560,153127,202263,505395,481645,539443,636413,703277,613057,285193,27849,255650,249745,238687,242958,257723,281720,304854,331559,340785,362492,324531,288526,196236,88957,24240,3609,5390525,355390,381
Lower-middle-income countries,1957,9600022,3345155,5089489,1744334,314087,153856,200470,503545,484175,542840,648713,719049,623990,290895,28517,254626,248919,240012,244163,258505,284335,311098,337615,353549,365500,339106,284884,199846,91049,24894,3623,5403576,354326,395
Lower-middle-income countries,1958,9658578,3350406,5089547,1739141,322642,154274,199194,505612,488508,545796,658889,732950,635872,295444,29455,255914,249698,242417,246091,259633,286163,317006,341883,367054,365896,354540,281332,202627,92817,25704,3751,5412189,353468,394
Lower-middle-income countries,1959,9664302,3349363,5077745,1728382,325324,155260,196296,497619,485754,542928,663500,744648,647939,295978,30905,251818,245801,240425,245329,258202,284726,319692,343808,377627,367021,366938,281001,202242,93736,26691,4214,5403069,351556,405
Lower-middle-income countries,1960,9756917,3360886,5084275,1723389,331846,159358,199317,508082,496165,549709,673614,760438,661540,299148,32974,257180,250902,245684,250481,262104,287605,324853,348761,387599,372839,375478,286062,203382,95766,28327,4647,5416121,358675,448
Lower-middle-income countries,1961,9826088,3366177,5083993,1717816,333986,163049,202124,514284,504606,555443,682377,776069,675941,300143,33588,259883,254401,249534,255072,265720,289723,328557,353820,394351,381718,380314,295627,202498,97645,28841,4747,5417979,365173,483
Lower-middle-income countries,1962,9881166,3382056,5096376,1714320,335537,167381,203079,508604,505738,557282,688688,791259,691245,301619,33873,255766,252838,248824,256914,267294,289988,329775,358913,397909,393350,381534,309711,201592,100027,29126,4747,5431913,370460,485
Lower-middle-income countries,1963,9949604,3393862,5106813,1712951,338891,172877,205492,507215,509239,561415,695523,807564,706455,303547,34078,253857,253358,249270,259969,269986,291429,331114,364409,401144,406420,381392,325063,201313,102234,29355,4723,5445704,378369,494
Lower-middle-income countries,1964,10010207,3399852,5108140,1708288,338972,175835,208955,507236,511856,565777,702692,825212,722752,307815,34472,253323,253913,249585,262271,272592,293185,332821,369871,406064,419148,384687,338065,204049,103766,29708,4764,5447112,384790,492
Lower-middle-income countries,1965,10757002,3512133,5347780,1835647,388883,201928,240826,594245,579815,623159,763674,890737,769158,320903,35390,297462,296783,284614,295201,302181,320978,361348,402326,437267,453470,409450,359708,214551,106352,30498,4892,5736663,442754,504
Lower-middle-income countries,1966,10521260,3477959,5263618,1785659,381857,200139,227804,521920,533959,599478,749484,895455,781939,329054,36063,261209,260711,258658,275301,288873,310605,351954,397530,437274,458181,417821,364118,222565,106489,31165,4898,5645475,427943,489
Lower-middle-income countries,1967,10575661,3482525,5258077,1775552,384331,194722,226447,510717,522919,602385,762421,925687,808238,341993,37238,257812,252905,252928,269991,288782,313603,356281,406140,452841,472846,438526,369712,234981,107012,32289,4949,5642408,421169,486
Lower-middle-income countries,1968,10402865,3415577,5113159,1697582,370860,182959,223998,494058,506849,594888,761612,939931,822101,353687,38280,251385,242673,245154,261695,284112,310776,354529,407083,461096,478835,453666,368435,246122,107565,33271,5009,5484019,406957,483
Lower-middle-income countries,1969,10452180,3420512,5109218,1688706,377847,181996,222305,480959,493731,595236,771971,966536,846374,365719,39777,247347,233612,238395,255336,282608,312628,358260,413711,475055,491481,472572,373802,255361,110358,34532,5245,5487065,404301,510
Lower-middle-income countries,1970,10667342,3452034,5174303,1722269,417721,196780,230425,486187,490861,602905,786497,993866,870988,375067,41195,253962,232225,236777,254084,284868,318037,364580,421917,489619,504247,488774,382214,261104,113963,35638,5557,5592024,427205,546
Lower-middle-income countries,1971,11782428,3532721,5346865,1814144,447744,215647,306446,740344,655614,723625,890198,1089552,935397,388462,41967,387430,352914,326240,329374,347225,376400,417686,472512,539781,549771,525718,409679,269230,119232,36088,5879,5794609,522093,564
Lower-middle-income countries,1972,10645257,3448782,5116656,1667874,397759,188821,234264,494233,477670,604193,793690,1016661,896869,381623,42232,264720,229513,228522,249148,282067,322126,369463,424227,499487,517174,497997,398872,260109,121514,35823,6409,5514415,423085,586
Lower-middle-income countries,1973,10640292,3447102,5096019,1648917,394927,189048,236700,502491,471882,601597,792640,1020186,906321,384583,43247,271528,230963,224911,246971,278977,322620,369744,422896,499598,520588,498086,408235,258415,126168,36127,7120,5490946,425748,651
Lower-middle-income countries,1974,10662867,3440390,5074504,1634114,395549,191265,239978,507298,465875,601394,797466,1029337,922600,391596,45170,275233,232065,220775,245100,276930,324464,372641,424825,502751,526586,503070,419530,261149,130447,37294,7876,5470053,431243,835
Lower-middle-income countries,1975,10866325,3423924,5057960,1634036,403011,197511,262213,567774,491349,621851,819344,1049293,944717,402207,47900,309006,258768,234686,256663,286047,335804,384380,434964,511685,537608,512405,432312,267928,134279,39190,8710,5460971,459724,1194
Lower-middle-income countries,1976,10844135,3396609,4997155,1600546,419640,222084,266053,542249,477116,615186,821302,1054275,962432,415468,49802,291702,250547,226528,250588,281665,333521,385432,435870,511927,542348,519783,442649,277704,137764,41164,8638,5416795,488137,1372
Lower-middle-income countries,1977,10679853,3360337,4912037,1551700,395570,196284,239439,506893,448045,600330,828609,1070156,993486,435343,52307,269828,237065,212884,235161,272753,327577,387117,441492,517267,552889,535950,457536,293228,142115,43994,8313,5307607,435723,1354
Lower-middle-income countries,1978,10738748,3330484,4848727,1518243,390558,189855,237663,520674,448447,606397,851552,1097039,1031715,459012,55835,275780,244894,215247,233200,275733,330664,397347,454205,529162,567877,556390,475325,311903,147109,47559,8276,5239285,427518,1274
Lower-middle-income countries,1979,10775543,3308278,4787436,1479158,387909,187128,233644,517436,445809,607501,870367,1123172,1070934,483728,59276,272279,245157,216179,229630,276357,331144,405186,465181,540730,582442,576334,494600,329986,153742,50820,8456,5175345,420772,1203
Lower-middle-income countries,1980,10840528,3298142,4749619,1451477,389897,185778,229570,512295,446169,607972,888151,1148101,1109556,509684,62572,267964,244331,219073,227096,275857,332115,411963,476188,551918,596183,596250,513306,347728,161956,53644,8928,5139516,415348,1164
Lower-middle-income countries,1981,10943666,3283720,4709921,1426201,390705,184487,232522,533729,459792,613004,904364,1170575,1145546,532360,65440,278876,254853,229598,230194,277330,335674,417890,486474,563365,607210,614308,531238,362061,170299,55663,9777,5100626,417009,1220
Lower-middle-income countries,1982,11014466,3266710,4675265,1408555,392660,183568,231894,539327,467513,613682,915969,1191871,1180264,553391,67783,281014,258313,235791,231722,275111,338571,420786,495183,575132,616739,630572,549692,374066,179325,57099,10684,5067925,415462,1279
Lower-middle-income countries,1983,11040483,3239499,4627736,1388237,391130,181616,229696,539197,473520,611367,922214,1209691,1210325,573057,69636,280484,258713,240715,232805,270858,340509,420497,501717,584636,625055,644053,566272,384737,188320,58277,11359,5018866,411312,1297
Lower-middle-income countries,1984,11035396,3207537,4574918,1367381,390960,180263,225336,526376,473898,606679,925696,1227258,1238712,592448,71562,273295,253081,240178,233720,265718,340961,418736,506960,593677,633581,657056,581656,395864,196584,59799,11763,4965878,405599,1288
Lower-middle-income countries,1985,11038461,3161169,4508214,1347045,393579,180438,224479,524898,481022,603691,930054,1245987,1262058,609667,73126,272116,252782,242340,238682,262969,340722,418156,511898,603384,642603,667055,595003,405882,203785,61351,11775,4901793,404917,1246
Lower-middle-income countries,1986,11033609,3117124,4436380,1319256,392023,180409,225060,526822,490046,601598,934724,1266407,1278766,624743,75351,272820,254002,245495,244551,262344,339254,419019,515705,612859,653548,673489,605277,415493,209250,63435,11916,4828403,405469,1280
Lower-middle-income countries,1987,11073018,3065305,4358798,1293493,391306,181852,226715,528986,502131,605565,949736,1298052,1303509,646108,78884,273338,255648,249855,252276,265417,340148,425444,524292,628100,669952,684168,619341,430031,216077,66724,12160,4750104,408567,1376
Lower-middle-income countries,1988,11121635,3013106,4278781,1265675,389429,183971,229328,532950,516236,611226,966815,1332746,1328866,667197,82617,274594,258356,255014,261222,270332,340894,433957,532858,645081,687665,696052,632814,444389,222808,70165,12452,4668210,413299,1472
Lower-middle-income countries,1989,11115047,2960642,4194899,1234257,384134,184356,229073,527326,520397,614635,977180,1361068,1349331,685238,85891,270953,256373,255517,264880,275059,339576,439518,537662,658099,702969,705984,643347,456225,229013,73138,12753,4579033,413429,1519
Lower-middle-income countries,1990,11157596,2907487,4116007,1208520,383133,187560,232328,533032,532628,627275,991257,1392772,1369262,701612,89196,273147,259885,260878,271750,285184,342091,445985,545272,672418,720354,717161,652101,467003,234609,76015,13181,4499140,419888,1533
Lower-middle-income countries,1991,11264075,2872057,4067341,1195284,393125,195097,236591,537297,543901,644624,1007774,1429570,1396029,719345,91854,274924,262373,265493,278408,296984,347640,452945,554829,688189,741381,734341,661688,478168,241177,78264,13590,4460466,431688,1526
Lower-middle-income countries,1992,11259104,2815343,3968285,1152942,374492,188499,236530,548001,557988,662577,1018573,1459136,1416826,733170,93531,279524,268477,272096,285892,308981,353596,455440,563133,698846,760290,750094,666732,486058,247112,79596,13935,4342777,425029,1495
Lower-middle-income countries,1993,11322714,2757744,3883713,1125969,368544,189188,240077,563551,576315,688437,1034063,1492845,1442979,746722,94837,287013,276538,280770,295545,324757,363680,458714,575349,709792,783053,768738,674241,493428,253294,80825,14012,4252257,429265,1442
Lower-middle-income countries,1994,11375439,2706554,3803668,1097114,367658,190088,241988,570887,588942,714102,1047068,1520633,1470612,760596,97755,290190,280697,285852,303090,337555,376547,461184,585884,717514,803119,787803,682809,501050,259546,83098,14657,4171326,432076,1442
Lower-middle-income countries,1995,11431414,2653811,3724840,1071029,363239,190793,243784,577031,601801,742521,1061093,1549698,1501034,773257,100859,292316,284715,290642,311159,349593,392928,465736,595357,726739,822959,808139,692895,507304,265953,85495,15364,4088079,434577,1462
Lower-middle-income countries,1996,11475824,2594311,3637103,1042792,359176,191243,247251,590456,618287,770154,1071823,1571652,1532617,780554,103960,298028,292428,297772,320515,361663,408491,471246,600577,734050,837602,827597,705020,509931,270623,87874,16086,3996279,438494,1547
Lower-middle-income countries,1997,11497605,2533948,3544198,1010250,352131,191029,250913,605773,634069,793778,1079942,1588915,1560633,787250,107302,304732,301041,304648,329421,372510,421268,477761,602181,742293,846622,842873,717760,512464,274786,90708,16594,3896329,441942,1672
Lower-middle-income countries,1998,11480922,2476784,3457504,980720,345045,190426,252896,614564,645474,812820,1081034,1594163,1582076,792453,110679,307902,306662,308944,336530,380818,432002,483039,597995,745885,848278,853737,728339,514670,277783,93471,17208,3802549,443322,1787
Lower-middle-income countries,1999,11488583,2419832,3364452,944620,335033,187679,253954,624518,659240,831951,1093814,1606225,1608698,805579,115508,311714,312804,314403,344837,389670,442281,495604,598210,753102,853123,866631,742067,522238,283341,97222,18286,3699485,441633,1932
Lower-middle-income countries,2000,11577904,2365156,3271937,906781,325953,187193,255803,634167,672519,851543,1121100,1632052,1661875,837802,123852,316054,318113,320417,352102,397768,453775,517057,604043,764399,867653,891113,770762,542509,295293,103837,20015,3597890,442996,2107
Lower-middle-income countries,2001,11670169,2315872,3188311,872439,321244,187816,258387,647242,689906,872961,1147190,1650141,1707506,866057,131021,322308,324934,329324,360582,405285,467676,538654,608536,770300,879841,910197,797309,561977,304080,109174,21847,3509555,446203,2385
Lower-middle-income countries,2002,11691786,2252163,3092292,840129,315438,185534,256786,647489,693391,882554,1165184,1661048,1752470,899346,137634,322907,324582,332163,361228,404192,478362,556012,609172,769411,891637,926233,826237,584853,314493,114356,23278,3407730,442320,2614
Lower-middle-income countries,2003,11758677,2181233,2989441,808208,313768,184224,256312,651469,703101,900046,1193000,1678107,1803278,938575,144591,325362,326107,338474,364627,405490,494556,578558,614442,769935,908172,943586,859692,610832,327743,120135,24456,3303209,440536,2763
Lower-middle-income countries,2004,11893233,2124899,2916482,791583,319295,187512,259244,662539,716852,919744,1224820,1697988,1853175,980511,152051,331601,330938,347154,369698,408026,511718,597571,627249,773438,924550,961968,891207,638027,342484,126218,25833,3235777,446756,3019
Lower-middle-income countries,2005,11891784,2050236,2801010,750774,306842,180045,253556,654943,715380,927791,1250774,1711085,1902217,1025370,159538,327343,327600,347568,367812,405022,522769,608957,641817,775573,935512,980858,921359,667262,358108,132251,27287,3107852,433601,3229
Lower-middle-income countries,2006,11923197,1983088,2697902,714814,298731,173164,249093,654148,720163,939292,1283259,1725290,1945598,1067630,165556,326098,328050,349933,370230,406222,533070,621733,661526,783156,942134,1000740,944858,694525,373105,137129,28427,2996633,422257,3369
Lower-middle-income countries,2007,12028507,1927882,2610588,682706,295171,170827,247681,658272,728986,954141,1326416,1751177,1997395,1112926,171470,327004,331268,353182,375804,412327,541814,636471,689945,799160,952017,1029167,968228,724459,388467,141803,29667,2905759,418508,3454
Lower-middle-income countries,2008,12179093,1880135,2543365,663230,299826,173633,249791,667228,742245,973839,1380076,1780099,2040049,1150005,175417,330248,336980,357209,385036,423927,549912,652974,727102,820256,959843,1056308,983741,749994,400011,144882,30535,2843191,423424,3520
Lower-middle-income countries,2009,12177244,1824088,2451174,627086,280462,166001,243440,663361,745059,982328,1415691,1805314,2064288,1178221,178307,326272,337089,355507,389552,432301,550027,661326,754365,842729,962585,1072575,991713,768158,410063,147401,30906,2731636,409441,3598
Lower-middle-income countries,2010,12214001,1771973,2377724,605751,275434,165265,241116,659240,745955,987571,1452826,1840166,2081828,1201924,181303,323393,335847,353409,392546,439925,547646,670343,782483,872174,967992,1082073,999755,782717,419207,149920,31383,2653158,406381,3647
Lower-middle-income countries,2011,12197250,1717626,2295825,578199,261302,158851,233518,644377,740830,988753,1485357,1876275,2098400,1224547,185464,315189,329188,348576,392254,445138,543615,677233,808124,901264,975011,1086941,1011459,794595,429952,153258,32206,2557127,392369,3751
Lower-middle-income countries,2012,12221012,1666072,2222526,556454,254203,157246,229414,633571,737731,991766,1517973,1917972,2117185,1247069,190411,309673,323898,345878,391853,449006,542760,684945,833028,932593,985379,1088628,1028557,804640,442429,157134,33277,2476729,386660,3942
Lower-middle-income countries,2013,12251365,1615587,2153134,537547,246806,155381,225002,619144,731589,993196,1549765,1967683,2138820,1271128,195567,302375,316769,342979,388610,449619,543577,693579,856186,968685,998998,1089203,1049617,814166,456962,161403,34164,2399940,380383,4150
Lower-middle-income countries,2014,12183189,1554430,2071209,516779,239898,152426,220522,603394,720887,984454,1560788,1999446,2141365,1283240,201110,294877,308517,338139,382748,444783,539671,693746,867042,987712,1011734,1082082,1059283,816137,467103,165838,35272,2311107,372948,4449
Lower-middle-income countries,2015,12166419,1506093,2003649,497556,235255,150745,217294,588610,712491,981249,1572845,2041398,2148662,1297894,211471,287449,301161,333775,378716,441718,539531,694731,878114,1005558,1035840,1082150,1066512,820624,477270,173779,37692,2238904,368039,4855
Lower-middle-income countries,2016,12178572,1460601,1937732,477131,229476,147966,214089,573860,705062,980266,1585189,2092426,2166383,1320813,219905,279971,293889,328813,376249,439925,540341,695722,889467,1025061,1067365,1092410,1073973,832064,488749,180153,39752,2167208,362055,5404
Lower-middle-income countries,2017,12272766,1411842,1871869,460027,225636,146283,212938,567877,705781,988129,1602701,2160229,2198385,1354972,231873,276492,291385,327270,378511,443720,544409,698962,903739,1049010,1111219,1115457,1082928,852305,502667,189588,42285,2097505,359221,6091
Lower-middle-income countries,2018,12419602,1369122,1811082,441960,221511,144506,211926,564722,709431,997772,1621172,2241427,2242434,1399455,247439,274468,290254,326393,383038,449451,548321,702491,918681,1074280,1167147,1148309,1094125,879516,519939,201842,45597,2032593,356432,6724
Lower-middle-income countries,2019,12627417,1324103,1749407,425304,218051,143357,211184,564554,717553,1015514,1648433,2324287,2313284,1449767,264688,274040,290514,327628,389925,458739,556775,711316,937117,1103152,1221135,1199880,1113404,909750,540017,214861,49827,1967458,354541,7337
Lower-middle-income countries,2020,13857149,1282519,1692017,409498,216175,140336,198369,525389,710878,1087446,1854851,2729298,2669645,1710105,313849,254580,270809,314896,395982,483997,603449,785618,1069233,1285671,1443627,1417496,1252149,1054383,655722,255686,58163,1908192,338705,8790
Lower-middle-income countries,2021,16093312,1248714,1643701,394987,211424,142301,227018,601963,829707,1296876,2233553,3290808,3217225,2027202,361199,289846,312117,365627,464080,569645,727231,958739,1274814,1545403,1745405,1725944,1491281,1250620,776582,294580,66619,1855125,369319,10333
Luxembourg,1950,2053,89,103,14,8,6,24,57,74,155,271,465,508,349,31,32,25,29,45,64,91,114,157,203,262,255,253,206,143,31,0,111,30,0
Luxembourg,1951,1962,94,107,13,7,6,23,56,66,149,261,446,494,315,30,31,25,25,41,60,89,112,149,195,251,254,240,191,124,29,1,114,29,0
Luxembourg,1952,1938,90,104,14,7,6,21,58,65,148,262,439,498,301,29,33,25,25,40,60,88,115,147,193,246,261,237,190,111,28,1,111,27,0
Luxembourg,1953,2172,104,120,16,8,6,22,66,70,167,297,487,569,328,32,36,30,28,42,67,100,134,163,217,270,307,262,213,115,31,1,128,28,0
Luxembourg,1954,1937,91,106,15,7,6,17,57,60,147,271,432,514,289,26,32,25,24,36,59,88,122,149,195,237,280,234,191,98,26,0,113,23,0
Luxembourg,1955,1991,103,119,16,7,6,16,59,61,146,280,437,535,297,28,31,28,25,36,57,89,127,153,199,238,291,244,198,99,27,1,126,22,0
Luxembourg,1956,2079,100,117,17,7,6,16,60,61,149,298,457,567,308,28,30,30,25,36,57,92,135,163,207,250,302,265,205,103,27,1,124,22,0
Luxembourg,1957,2163,104,122,18,7,6,17,59,63,153,318,470,596,323,28,29,30,27,36,57,96,143,175,212,258,309,287,214,109,27,1,129,23,0
Luxembourg,1958,1975,88,104,16,7,6,14,53,57,135,295,430,553,296,27,24,29,25,32,49,86,130,165,194,236,279,274,194,102,26,1,111,20,0
Luxembourg,1959,1935,85,101,16,8,6,13,47,54,127,293,423,539,296,28,22,25,25,29,45,82,126,167,192,231,266,273,193,103,26,2,109,19,0
Luxembourg,1960,2032,84,100,16,8,5,15,51,62,126,332,463,516,328,28,25,26,29,33,42,84,138,194,220,243,258,258,215,113,26,2,108,20,0
Luxembourg,1961,1964,82,97,15,7,6,13,44,60,115,317,458,498,317,29,22,22,29,31,39,76,130,187,221,237,252,246,205,112,27,2,104,19,0
Luxembourg,1962,2239,88,104,16,10,6,16,52,66,126,357,537,567,365,35,26,26,30,36,45,81,147,210,263,274,285,282,234,131,33,2,114,22,0
Luxembourg,1963,2105,87,102,15,9,6,13,47,63,113,329,513,534,337,34,24,23,28,35,43,70,132,197,252,261,272,262,220,117,33,1,111,19,0
Luxembourg,1964,2157,83,99,16,10,6,15,46,65,110,333,535,550,347,41,23,23,27,38,44,66,132,201,261,274,283,267,222,125,38,3,109,21,0
Luxembourg,1965,2254,78,94,16,10,6,17,48,66,111,340,565,578,370,47,23,25,26,40,45,66,133,207,273,292,300,278,235,135,43,4,104,23,0
Luxembourg,1966,2231,79,94,15,10,6,17,46,65,109,327,571,579,354,53,22,24,25,40,45,64,126,201,271,300,302,277,226,128,47,6,104,23,0
Luxembourg,1967,2293,69,84,15,10,7,17,48,67,115,323,602,601,366,58,24,24,26,41,48,67,120,203,279,323,315,286,232,134,50,8,94,24,0
Luxembourg,1968,2191,59,72,13,8,6,17,44,63,112,296,581,581,357,54,22,22,24,39,48,64,106,190,268,313,307,274,225,132,47,7,80,23,0
Luxembourg,1969,2305,62,74,12,8,7,18,46,63,121,297,611,619,372,65,23,23,24,39,52,69,103,194,278,333,327,292,234,138,54,11,82,25,0
Luxembourg,1970,2298,66,77,11,9,6,19,46,60,121,285,610,630,376,60,23,23,24,36,54,67,98,187,274,336,334,296,236,140,50,10,86,25,0
Luxembourg,1971,2404,63,75,12,9,8,19,46,61,128,289,635,679,390,62,24,22,25,36,58,70,102,187,282,353,364,315,248,142,50,12,84,27,0
Luxembourg,1972,2235,52,63,11,8,6,19,45,57,121,256,582,651,364,58,24,21,24,33,53,68,96,160,258,324,353,298,229,135,47,11,71,25,0
Luxembourg,1973,2348,52,63,11,7,6,20,49,60,131,260,606,697,384,60,26,23,26,34,55,76,104,156,266,340,375,322,243,141,49,11,70,26,1
Luxembourg,1974,2309,52,63,11,6,6,21,52,58,130,247,586,698,381,59,28,24,24,34,52,78,103,144,254,332,375,323,240,141,49,10,69,27,1
Luxembourg,1975,2319,45,56,11,6,6,20,52,58,130,240,585,712,386,63,29,23,24,34,49,81,101,139,249,336,381,331,247,139,51,12,62,26,1
Luxembourg,1976,2441,47,57,10,7,6,22,56,58,137,252,597,761,415,69,31,25,24,34,50,87,107,145,248,349,402,359,268,147,54,15,64,28,1
Luxembourg,1977,2253,37,46,9,6,6,19,54,56,126,241,536,719,388,55,29,25,24,32,46,80,104,137,216,320,376,343,252,136,45,10,52,25,2
Luxembourg,1978,2267,36,45,9,5,6,19,54,57,123,250,521,736,392,59,29,25,24,33,45,78,109,141,203,318,383,353,256,136,48,11,50,25,2
Luxembourg,1979,2130,40,46,6,5,6,18,49,53,113,239,465,701,376,60,26,23,23,30,41,72,106,133,176,289,363,338,250,126,50,10,51,24,1
Luxembourg,1980,2123,32,39,7,5,6,15,51,53,107,242,451,705,393,59,26,25,24,29,40,67,111,131,171,280,360,345,258,135,50,9,44,21,1
Luxembourg,1981,2140,44,50,6,5,5,16,50,54,104,244,434,706,410,60,26,24,25,29,40,64,112,132,170,264,356,350,269,141,54,6,55,21,1
Luxembourg,1982,2164,36,43,7,5,5,14,51,53,103,251,431,719,432,59,26,25,24,29,40,63,113,138,176,255,359,360,284,148,52,7,48,19,1
Luxembourg,1983,2140,39,45,6,5,5,14,49,54,98,250,405,711,443,60,24,25,24,30,39,59,107,143,172,233,347,364,290,153,53,7,50,19,1
Luxembourg,1984,2116,37,44,7,5,5,13,46,53,96,251,389,701,452,63,22,24,24,29,36,60,102,149,172,217,339,362,294,158,54,9,49,18,1
Luxembourg,1985,2090,31,37,6,5,5,12,44,53,93,249,377,689,460,62,22,22,25,28,37,56,96,153,170,207,327,362,294,166,54,8,42,17,1
Luxembourg,1986,2082,29,35,6,5,4,12,44,55,94,247,378,676,467,67,22,22,24,31,37,57,91,156,171,207,315,361,295,172,57,10,40,16,1
Luxembourg,1987,2040,25,30,5,4,3,11,42,54,92,239,379,647,474,67,20,22,24,30,36,56,88,151,175,204,293,354,299,175,57,10,34,14,1
Luxembourg,1988,2024,28,33,5,5,3,10,40,53,90,230,387,619,481,68,19,21,24,29,37,53,85,145,182,205,270,349,300,181,58,10,38,13,1
Luxembourg,1989,1990,31,36,5,4,2,11,37,55,90,220,392,585,486,73,17,20,25,30,37,53,83,137,188,204,249,336,301,185,62,11,40,13,1
Luxembourg,1990,1879,25,30,5,5,1,8,35,53,84,201,380,541,467,76,16,19,23,30,35,49,78,123,186,194,226,315,288,179,66,10,35,9,1
Luxembourg,1991,1893,27,32,5,4,2,8,35,51,86,193,386,534,477,85,16,19,22,29,37,49,76,117,191,195,226,308,292,185,74,11,36,10,0
Luxembourg,1992,2005,27,32,5,5,2,8,36,55,92,201,414,552,514,93,16,20,23,32,39,53,80,121,198,216,243,309,314,200,79,14,37,10,1
Luxembourg,1993,1970,24,29,5,4,2,8,33,52,91,194,416,527,516,95,15,18,21,31,39,52,79,115,191,225,244,283,313,203,81,14,33,10,1
Luxembourg,1994,1891,22,27,5,3,2,7,31,52,88,184,403,492,503,94,14,17,22,30,38,50,74,110,176,227,238,254,301,202,79,15,30,9,1
Luxembourg,1995,1968,17,22,5,2,2,7,31,55,96,191,426,505,528,101,14,17,23,32,40,56,77,114,175,251,249,256,311,217,84,17,24,9,1
Luxembourg,1996,1973,26,30,4,4,3,7,30,53,98,188,423,511,520,107,14,16,22,31,41,57,75,113,167,256,253,258,299,221,89,18,34,10,1
Luxembourg,1997,1911,18,23,5,3,2,7,27,50,97,185,404,513,492,107,12,15,20,30,42,55,77,108,158,246,258,255,274,218,93,14,26,9,1
Luxembourg,1998,1967,23,27,4,2,1,7,26,50,101,188,404,550,491,117,10,16,20,30,43,58,77,111,158,246,279,271,266,225,98,19,29,8,1
Luxembourg,1999,1887,18,22,4,3,1,7,25,47,97,184,376,552,455,117,10,15,17,30,41,56,76,108,150,226,286,266,238,217,97,20,25,8,1
Luxembourg,2000,1900,26,30,4,1,1,7,24,45,98,184,367,569,455,122,10,14,17,28,40,58,79,105,151,216,302,267,236,219,101,21,31,8,1
Luxembourg,2001,1814,21,26,5,1,1,7,22,46,95,175,335,555,434,119,10,12,17,29,40,55,77,98,140,195,293,262,229,205,98,21,27,8,2
Luxembourg,2002,1884,17,21,4,1,1,6,23,44,98,185,341,591,445,126,11,12,17,27,40,58,81,104,144,197,303,288,247,198,101,25,22,7,1
Luxembourg,2003,2007,17,21,4,1,1,7,22,45,106,198,357,640,472,139,10,12,17,28,42,64,87,111,152,205,314,326,276,196,112,27,22,8,2
Luxembourg,2004,1811,13,17,4,0,1,6,19,39,96,181,316,584,423,125,9,10,15,24,37,59,80,101,135,181,272,312,255,168,100,25,17,7,3
Luxembourg,2005,1778,13,17,4,1,1,5,19,37,93,181,308,575,417,123,10,9,14,23,37,56,80,101,131,177,254,321,254,163,98,25,18,6,2
Luxembourg,2006,1808,10,13,3,2,1,5,18,34,92,189,308,580,444,120,9,9,13,21,35,57,82,107,130,178,245,335,268,176,94,26,15,6,3
Luxembourg,2007,1938,9,11,2,0,0,6,19,37,96,202,324,606,507,120,9,10,14,23,37,59,87,115,141,183,252,354,305,202,92,28,11,6,5
Luxembourg,2008,1755,7,8,1,0,0,5,16,31,84,185,293,536,487,99,6,10,11,20,32,52,80,105,127,166,224,312,294,193,76,23,8,5,5
Luxembourg,2009,1810,7,7,0,0,0,4,16,30,83,194,297,535,528,101,6,10,11,19,30,53,84,110,132,165,224,311,323,205,77,24,7,4,5
Luxembourg,2010,1906,13,13,0,0,0,5,16,31,86,203,313,541,576,111,6,10,11,20,32,54,87,116,142,171,233,308,356,220,87,24,13,5,4
Luxembourg,2011,1896,13,14,1,0,0,3,16,29,85,201,316,519,587,120,7,9,10,19,30,55,85,116,148,168,228,291,362,225,95,25,14,3,4
Luxembourg,2012,1898,9,11,2,0,0,3,16,28,83,202,315,504,598,126,7,9,11,17,29,54,83,119,145,170,223,281,361,237,104,22,11,3,4
Luxembourg,2013,1862,13,15,2,0,0,3,13,25,78,197,310,484,598,130,6,7,10,15,29,49,80,117,144,166,216,268,346,252,110,20,15,3,4
Luxembourg,2014,2019,10,12,2,0,1,4,14,28,79,214,337,514,658,152,5,9,11,17,30,49,85,129,157,180,228,286,364,294,125,27,12,5,4
Luxembourg,2015,1965,12,14,2,0,0,3,13,26,74,206,336,496,639,152,5,8,11,15,28,46,83,123,156,180,219,277,340,299,124,28,14,3,4
Luxembourg,2016,2051,15,17,2,0,0,4,13,25,73,211,356,508,666,168,5,8,10,15,26,47,85,126,162,194,224,284,341,325,131,37,17,4,4
Luxembourg,2017,2138,14,16,2,0,0,4,14,27,76,216,381,529,685,186,6,8,10,17,28,48,86,130,176,205,240,289,344,341,146,40,16,4,4
Luxembourg,2018,2206,13,15,2,0,0,3,14,28,75,218,397,543,702,207,5,9,11,17,26,49,85,133,183,214,245,298,349,353,168,39,15,3,4
Luxembourg,2019,2198,19,22,3,0,0,3,13,26,72,211,398,536,684,224,5,8,10,16,24,48,79,132,184,214,247,289,343,341,185,39,22,3,5
Luxembourg,2020,2474,15,19,4,0,0,2,12,27,73,226,442,618,771,274,5,7,10,17,25,48,84,142,200,242,287,331,395,376,226,48,19,2,6
Luxembourg,2021,2228,21,23,2,0,0,2,7,22,59,192,392,572,685,259,3,4,9,13,20,39,69,123,173,219,273,299,357,328,211,48,23,2,7
Macao,1950,1033,328,395,67,16,12,29,72,79,100,108,91,81,49,5,39,33,36,43,46,54,55,53,46,45,42,39,32,17,5,0,411,41,0
Macao,1951,1095,367,448,81,15,11,29,69,76,102,117,94,81,48,5,37,32,34,42,47,55,60,57,49,45,42,39,31,17,5,0,463,40,0
Macao,1952,1074,344,437,93,14,10,24,65,71,100,119,96,84,49,5,35,30,32,39,46,54,60,59,51,45,45,39,31,18,5,0,451,34,0
Macao,1953,1033,314,408,94,14,8,21,57,66,97,119,101,84,49,5,30,27,29,37,44,53,59,60,56,45,45,39,31,18,5,0,422,29,0
Macao,1954,988,286,374,88,17,7,17,54,59,94,118,107,87,49,6,29,25,27,32,43,51,58,60,58,49,47,40,31,18,6,0,391,24,0
Macao,1955,935,257,334,77,17,7,14,46,57,88,117,111,91,49,6,24,22,26,31,39,49,56,61,60,51,49,42,29,20,6,0,351,21,0
Macao,1956,892,233,300,67,18,7,13,41,50,82,116,113,95,50,6,21,20,22,28,36,46,54,62,60,53,50,45,30,20,6,0,318,20,0
Macao,1957,850,209,267,58,18,8,12,39,45,78,114,115,97,51,9,19,20,20,25,34,44,53,61,60,55,50,47,30,21,8,1,285,20,0
Macao,1958,816,189,241,52,17,10,11,30,41,72,111,117,100,55,12,15,15,18,23,30,42,51,60,60,57,52,48,33,22,10,2,258,21,0
Macao,1959,784,170,217,47,17,10,10,30,38,67,106,116,103,56,14,15,15,16,22,27,40,47,59,58,58,54,49,36,20,11,3,234,20,0
Macao,1960,756,156,199,43,14,10,10,24,34,62,97,115,107,60,20,11,13,15,19,26,36,44,53,57,58,56,51,41,19,15,5,213,20,0
Macao,1961,727,136,177,41,13,10,10,20,28,56,93,113,113,66,23,10,10,12,16,24,32,43,50,58,55,58,55,46,20,17,6,190,20,0
Macao,1962,720,127,168,41,14,10,11,20,29,56,97,117,113,66,19,10,10,13,16,24,32,43,54,61,56,59,54,46,20,14,5,182,21,1
Macao,1963,715,118,159,41,14,11,13,20,28,53,96,121,113,66,14,10,10,12,16,23,30,42,54,62,59,59,54,44,22,11,3,173,24,1
Macao,1964,709,108,148,40,15,11,15,20,28,53,98,127,114,67,12,10,10,12,16,22,31,44,54,65,62,60,54,43,24,9,3,163,26,1
Macao,1965,704,97,135,38,15,12,15,21,27,52,97,130,117,70,10,11,10,11,16,22,30,43,54,64,66,61,56,43,27,7,3,150,27,1
Macao,1966,695,86,121,35,15,12,17,22,26,50,98,136,120,69,8,12,10,11,15,21,29,42,56,65,71,63,57,42,27,5,3,136,29,0
Macao,1967,693,74,107,33,16,13,19,21,27,52,96,139,125,71,9,12,9,11,16,22,30,41,55,66,73,67,58,44,27,8,1,123,32,0
Macao,1968,694,63,93,30,16,14,20,22,26,52,97,143,131,69,9,14,8,10,16,22,30,40,57,68,75,72,59,44,25,8,1,109,34,0
Macao,1969,693,54,81,27,14,14,22,22,26,52,99,145,137,74,9,16,6,10,16,22,30,40,59,69,76,77,60,48,26,8,1,95,36,0
Macao,1970,700,47,71,24,12,15,24,26,23,52,97,147,146,74,9,19,7,9,14,22,30,39,58,71,76,84,62,48,26,9,0,83,39,0
Macao,1971,705,42,64,22,12,14,25,29,21,53,97,149,157,76,9,21,8,8,13,22,31,39,58,73,76,89,68,49,27,9,0,76,39,0
Macao,1972,710,38,56,18,11,13,26,32,21,51,95,155,164,78,10,22,10,8,13,21,30,39,56,75,80,89,75,49,29,9,1,67,39,0
Macao,1973,710,37,53,16,10,12,24,36,19,49,94,156,168,80,10,24,12,7,12,19,30,39,55,76,80,87,81,50,30,9,1,63,36,0
Macao,1974,717,36,51,15,10,11,24,37,18,48,94,160,173,85,10,25,12,7,11,19,29,39,55,75,85,86,87,53,32,9,1,61,35,0
Macao,1975,722,35,50,15,6,10,22,39,18,45,94,162,177,91,10,25,14,8,10,17,28,39,55,74,88,86,91,57,34,9,1,56,32,0
Macao,1976,728,33,48,15,5,8,21,41,20,41,92,164,178,98,12,25,16,10,10,15,26,37,55,73,91,87,91,63,35,11,1,53,29,0
Macao,1977,737,33,47,14,5,7,19,42,20,40,92,166,180,104,14,25,17,10,10,14,26,37,55,73,93,91,89,69,35,13,1,52,26,0
Macao,1978,741,33,47,14,5,7,17,42,21,37,87,164,184,116,16,25,17,11,10,13,24,36,51,73,91,97,87,76,40,15,1,52,24,0
Macao,1979,750,35,47,12,5,6,16,43,22,34,85,164,189,121,18,25,18,12,10,12,22,35,50,73,91,104,85,79,42,17,1,52,22,0
Macao,1980,750,37,48,11,5,5,14,40,23,30,82,161,193,127,23,22,18,13,10,11,19,34,48,74,87,109,84,80,47,20,3,53,19,0
Macao,1981,756,39,50,11,5,5,12,37,24,30,79,159,200,130,25,20,17,14,10,11,19,33,46,73,86,113,87,78,52,20,5,55,17,0
Macao,1982,762,42,53,11,5,5,11,37,26,28,77,156,209,129,24,19,18,15,11,11,17,32,45,69,87,112,97,74,55,20,4,58,16,0
Macao,1983,770,45,56,11,5,5,10,38,28,28,76,156,214,130,25,19,19,15,13,11,17,30,46,68,88,108,106,73,57,20,5,61,15,0
Macao,1984,774,47,60,13,5,5,10,38,29,28,74,151,218,131,26,18,20,15,14,11,17,28,46,64,87,107,111,74,57,21,5,65,15,0
Macao,1985,777,48,63,15,5,5,9,38,32,28,74,150,219,133,26,18,20,17,15,12,16,27,47,62,88,103,116,75,58,21,5,68,14,0
Macao,1986,777,47,62,15,5,5,8,36,35,30,70,147,219,137,28,16,20,20,15,14,16,25,45,62,85,101,118,81,56,23,5,67,13,0
Macao,1987,776,45,60,15,5,5,8,33,38,31,69,144,216,143,29,14,19,20,18,15,16,24,45,61,83,101,115,87,56,24,5,65,13,0
Macao,1988,772,42,57,15,6,5,8,30,40,32,64,143,211,146,30,13,17,20,20,16,16,24,40,62,81,99,112,93,53,25,5,63,13,0
Macao,1989,768,41,56,15,6,5,8,27,40,35,64,140,208,149,33,11,16,20,20,19,16,24,40,62,78,98,110,96,53,28,5,62,13,0
Macao,1990,762,39,54,15,6,5,7,25,40,37,62,138,206,148,34,10,15,20,20,20,17,23,39,62,76,97,109,95,53,29,5,60,12,0
Macao,1991,756,36,50,14,6,5,7,24,42,37,58,136,202,152,35,10,14,20,22,20,17,22,36,60,76,96,106,96,56,29,6,56,12,0
Macao,1992,758,34,48,14,6,5,7,22,44,43,58,138,201,156,33,10,12,20,24,23,20,22,36,60,78,97,104,97,59,26,7,54,12,0
Macao,1993,766,30,43,13,6,5,6,21,44,48,57,138,205,166,32,10,11,19,25,25,23,22,35,58,80,98,107,102,64,25,7,49,11,0
Macao,1994,775,27,38,11,5,5,6,20,43,50,57,136,206,173,34,10,10,18,25,25,25,22,35,56,80,100,106,106,67,26,8,43,11,0
Macao,1995,785,24,35,11,5,5,5,20,41,55,57,135,211,183,36,10,10,17,24,26,29,24,33,55,80,100,111,109,74,28,8,40,10,1
Macao,1996,787,21,31,10,5,5,5,19,39,58,58,132,211,188,38,9,10,16,23,28,30,26,32,52,80,97,114,108,80,31,7,36,10,1
Macao,1997,800,18,26,8,5,5,5,18,38,61,60,130,214,193,42,8,10,14,24,30,31,28,32,51,79,99,115,109,84,35,7,31,10,1
Macao,1998,835,16,24,8,5,5,5,18,35,66,66,132,228,206,48,8,10,13,22,33,33,33,33,52,80,106,122,114,92,40,8,29,10,1
Macao,1999,853,14,21,7,5,5,5,17,33,69,71,128,231,213,54,7,10,11,22,33,36,38,33,50,78,109,122,118,95,45,9,26,10,1
Macao,2000,834,12,18,6,5,5,5,15,30,68,74,122,226,209,60,5,10,10,20,32,36,40,34,49,73,106,120,117,92,49,11,23,10,1
Macao,2001,870,10,15,5,3,4,5,14,30,72,84,122,233,220,67,5,9,10,20,32,40,44,40,49,73,109,124,125,95,53,14,18,9,1
Macao,2002,904,9,14,5,3,4,5,13,27,76,93,121,241,230,71,5,8,10,17,31,45,48,45,48,73,112,129,131,99,54,17,17,9,1
Macao,2003,923,9,14,5,1,3,7,14,26,80,101,120,245,238,74,7,7,10,16,32,48,50,51,49,71,110,135,135,103,55,19,15,10,1
Macao,2004,950,9,14,5,1,3,7,17,26,79,111,122,247,249,75,10,7,10,16,30,49,53,58,51,71,108,139,139,110,56,19,15,10,2
Macao,2005,954,9,14,5,0,2,7,17,25,77,119,122,242,252,77,10,7,10,15,28,49,56,63,54,68,104,138,138,114,58,19,14,9,2
Macao,2006,997,9,14,5,0,2,7,20,25,78,129,131,247,266,79,10,10,10,15,28,50,61,68,61,70,104,143,144,122,61,18,14,9,2
Macao,2007,1022,10,14,4,0,1,6,20,25,73,140,139,245,273,83,10,10,10,15,25,48,67,73,70,69,102,143,147,126,66,17,14,7,3
Macao,2008,1035,10,14,4,0,1,6,20,25,69,147,147,239,276,87,10,10,10,15,23,46,71,76,78,69,99,140,150,126,69,18,14,7,4
Macao,2009,1035,11,15,4,0,0,5,20,24,65,148,155,230,275,92,10,10,10,14,22,43,70,78,85,70,96,134,151,124,73,19,15,5,3
Macao,2010,1128,12,16,4,0,0,5,20,25,66,164,181,243,296,106,10,10,10,15,21,45,76,88,101,80,103,140,163,133,82,24,16,5,3
Macao,2011,1172,13,17,4,0,0,5,19,25,66,173,200,242,306,113,9,10,10,15,22,44,75,98,110,90,103,139,168,138,85,28,17,5,3
Macao,2012,1213,14,19,5,0,0,4,19,24,62,180,219,243,316,119,9,10,10,14,22,40,73,107,116,103,104,139,172,144,86,33,19,4,3
Macao,2013,1235,14,19,5,0,0,4,18,23,58,181,234,247,323,119,8,10,10,13,22,36,71,110,120,114,106,141,171,152,85,34,19,4,4
Macao,2014,1256,14,19,5,0,0,4,17,22,54,178,250,253,330,121,7,10,10,12,20,34,69,109,124,126,109,144,171,159,87,34,19,4,4
Macao,2015,1301,14,19,5,0,0,3,16,23,52,175,268,266,343,127,6,10,10,13,20,32,67,108,132,136,118,148,174,169,93,34,19,3,5
Macao,2016,1339,14,19,5,0,0,3,14,23,51,170,287,278,352,138,5,9,10,13,19,32,64,106,142,145,127,151,176,176,101,37,19,3,5
Macao,2017,1334,13,18,5,1,0,3,12,23,46,156,291,281,350,144,5,7,10,13,17,29,57,99,143,148,133,148,174,176,107,37,19,3,6
Macao,2018,1362,13,18,5,0,0,2,11,22,44,150,298,295,359,155,5,6,10,12,17,27,53,97,143,155,145,150,181,178,118,37,18,2,8
Macao,2019,1449,12,17,5,0,0,1,11,23,44,149,316,319,383,175,5,6,10,13,17,27,51,98,146,170,160,159,195,188,131,44,17,1,9
Macao,2020,1505,12,17,5,0,0,1,10,22,43,144,325,339,399,193,5,5,10,12,17,26,48,96,143,182,175,164,205,194,140,53,17,1,10
Macao,2021,1557,12,17,5,1,0,0,10,21,43,140,328,357,416,211,5,5,9,12,17,26,46,94,140,188,186,171,212,204,147,64,18,0,10
Madagascar,1950,50605,14690,22209,7519,2941,1424,1508,3811,3457,4017,3595,3736,2977,880,52,1942,1869,1696,1761,2103,1914,1763,1832,1883,1853,1711,1266,633,247,48,4,25150,2932,0
Madagascar,1951,51644,14879,23088,8209,2970,1404,1497,3808,3436,4065,3636,3780,3015,892,50,1936,1872,1707,1729,2085,1980,1791,1845,1903,1877,1731,1284,654,238,45,5,26058,2901,0
Madagascar,1952,52586,15065,23861,8796,3013,1384,1483,3798,3433,4085,3681,3833,3055,909,49,1933,1865,1724,1709,2033,2052,1830,1851,1928,1905,1756,1299,682,227,46,3,26874,2867,0
Madagascar,1953,53303,15204,24415,9211,3082,1363,1466,3778,3439,4076,3732,3878,3097,931,48,1928,1850,1743,1696,1961,2115,1874,1858,1949,1929,1783,1314,709,222,44,4,27497,2829,0
Madagascar,1954,54268,15313,24805,9492,3307,1365,1461,3791,3479,4084,3837,3956,3169,966,49,1937,1854,1773,1706,1914,2170,1952,1885,1985,1971,1828,1341,737,229,45,4,28112,2826,0
Madagascar,1955,54800,15413,24959,9546,3578,1363,1440,3765,3486,4037,3918,3999,3215,991,47,1923,1842,1780,1706,1861,2176,2017,1901,2003,1996,1854,1361,753,238,43,4,28537,2803,0
Madagascar,1956,55479,15631,25316,9685,3801,1368,1417,3734,3487,3973,4017,4035,3262,1018,46,1904,1830,1776,1711,1823,2150,2087,1930,2017,2018,1881,1381,768,250,42,4,29117,2785,0
Madagascar,1957,56064,15800,25598,9798,3982,1382,1395,3707,3490,3892,4131,4072,3321,1046,44,1883,1824,1766,1724,1798,2094,2161,1970,2026,2046,1911,1410,783,263,41,3,29580,2777,0
Madagascar,1958,56550,15939,25821,9882,4126,1409,1374,3675,3489,3802,4248,4110,3378,1075,45,1858,1817,1750,1739,1782,2020,2229,2019,2037,2073,1940,1438,798,277,41,4,29947,2783,0
Madagascar,1959,56990,16033,25985,9952,4208,1485,1363,3640,3490,3730,4354,4152,3443,1093,47,1833,1807,1737,1753,1777,1953,2272,2082,2053,2099,1972,1471,817,276,43,4,30193,2848,0
Madagascar,1960,57310,16087,26057,9970,4237,1593,1358,3593,3479,3673,4436,4196,3507,1126,50,1803,1790,1723,1756,1774,1899,2282,2154,2074,2122,2003,1504,835,291,46,4,30294,2951,0
Madagascar,1961,57676,16209,26224,10015,4262,1687,1362,3540,3459,3631,4481,4246,3566,1159,55,1771,1769,1709,1750,1775,1856,2255,2226,2107,2139,2031,1535,856,303,51,4,30486,3049,0
Madagascar,1962,57999,16275,26286,10011,4295,1778,1377,3495,3441,3621,4509,4312,3635,1194,59,1745,1750,1702,1739,1790,1831,2201,2308,2156,2156,2065,1570,880,314,55,4,30581,3155,0
Madagascar,1963,58415,16392,26421,10029,4325,1857,1405,3446,3420,3624,4515,4395,3712,1236,63,1720,1726,1696,1724,1808,1816,2129,2386,2218,2177,2104,1608,908,328,59,4,30746,3262,0
Madagascar,1964,58736,16548,26559,10011,4338,1894,1466,3393,3383,3619,4483,4480,3773,1274,69,1699,1694,1681,1702,1813,1806,2057,2426,2287,2193,2132,1641,936,338,65,4,30897,3360,0
Madagascar,1965,59376,16702,26767,10065,4381,1918,1573,3381,3368,3640,4464,4622,3862,1324,72,1705,1676,1673,1695,1827,1813,2014,2450,2385,2237,2175,1687,970,354,68,4,31148,3491,0
Madagascar,1966,60081,17029,27171,10142,4402,1933,1675,3362,3340,3645,4411,4761,3934,1372,80,1713,1649,1656,1684,1825,1820,1979,2432,2477,2284,2208,1726,1002,370,75,5,31573,3608,0
Madagascar,1967,60532,17310,27417,10107,4401,1942,1775,3343,3302,3638,4321,4907,3989,1417,84,1726,1617,1630,1672,1808,1830,1950,2371,2569,2338,2225,1764,1033,384,78,6,31818,3717,0
Madagascar,1968,61208,17529,27678,10149,4423,1962,1881,3364,3281,3649,4245,5083,4075,1475,87,1765,1599,1613,1668,1796,1853,1945,2300,2666,2417,2262,1813,1072,403,81,6,32101,3843,0
Madagascar,1969,61706,17702,27841,10139,4433,1978,1940,3438,3249,3647,4170,5236,4151,1527,94,1852,1586,1590,1659,1781,1866,1943,2227,2726,2510,2296,1855,1106,421,87,7,32274,3918,0
Madagascar,1970,62243,18113,28317,10204,4408,1973,1946,3536,3181,3607,4085,5321,4199,1571,99,1968,1568,1551,1630,1751,1856,1931,2154,2728,2593,2320,1879,1134,437,91,8,32725,3919,0
Madagascar,1971,63486,18561,28917,10356,4443,1991,1989,3736,3179,3627,4088,5450,4324,1638,105,2135,1601,1548,1631,1757,1870,1957,2131,2731,2719,2392,1932,1179,459,97,8,33360,3980,0
Madagascar,1972,64070,18772,29201,10429,4483,2003,2002,3843,3108,3596,4077,5509,4434,1701,110,2241,1602,1508,1600,1743,1853,1972,2105,2674,2835,2467,1967,1219,482,102,8,33684,4005,0
Madagascar,1973,64708,18893,29465,10572,4493,2001,2020,3991,3062,3571,4098,5554,4570,1770,114,2358,1633,1485,1577,1734,1837,1999,2099,2601,2953,2559,2011,1264,506,107,7,33958,4021,0
Madagascar,1974,65679,19130,29954,10824,4542,2005,2042,4150,3024,3550,4132,5579,4737,1841,121,2431,1719,1471,1553,1725,1825,2025,2107,2538,3041,2676,2061,1310,531,114,7,34496,4047,0
Madagascar,1975,66872,19484,30595,11111,4616,2016,2069,4313,3004,3532,4171,5585,4933,1909,127,2464,1849,1471,1533,1714,1818,2047,2124,2495,3090,2810,2123,1354,555,120,7,35211,4085,0
Madagascar,1976,68685,20225,31829,11604,4720,2032,2093,4474,2991,3514,4204,5562,5146,1979,137,2499,1975,1480,1511,1700,1814,2057,2147,2468,3094,2948,2198,1396,583,129,8,36549,4125,0
Madagascar,1977,70647,20980,33057,12077,4851,2062,2124,4654,3002,3511,4254,5531,5403,2053,147,2546,2108,1506,1496,1690,1821,2066,2188,2468,3063,3108,2295,1441,612,138,9,37908,4186,0
Madagascar,1978,72714,21733,34300,12567,4988,2107,2161,4834,3034,3512,4314,5494,5674,2134,157,2599,2235,1549,1485,1681,1831,2074,2240,2485,3009,3267,2407,1490,644,147,10,39288,4268,0
Madagascar,1979,74660,22393,35402,13009,5100,2157,2200,4978,3132,3517,4370,5479,5935,2218,167,2657,2321,1646,1486,1673,1844,2081,2289,2518,2961,3391,2544,1545,673,156,11,40502,4357,0
Madagascar,1980,76749,23035,36554,13519,5216,2225,2245,5095,3289,3519,4433,5504,6175,2314,181,2717,2378,1788,1501,1668,1851,2099,2334,2564,2940,3476,2699,1609,705,167,14,41770,4470,0
Madagascar,1981,78963,23670,37719,14049,5345,2314,2304,5228,3468,3529,4501,5564,6381,2424,191,2787,2441,1938,1530,1666,1863,2124,2377,2623,2941,3517,2864,1689,735,178,13,43064,4618,0
Madagascar,1982,81275,24418,38929,14511,5463,2409,2372,5377,3667,3540,4559,5663,6547,2544,204,2861,2516,2092,1575,1667,1873,2152,2407,2699,2964,3506,3041,1778,766,188,16,44392,4781,0
Madagascar,1983,83532,25130,40032,14902,5586,2501,2450,5532,3882,3555,4622,5791,6685,2676,220,2938,2594,2246,1636,1673,1882,2188,2434,2783,3008,3466,3219,1878,798,201,19,45618,4951,0
Madagascar,1984,85660,25775,40978,15203,5714,2593,2540,5692,4111,3581,4680,5926,6783,2827,233,3019,2673,2356,1755,1691,1890,2218,2462,2862,3064,3428,3355,1995,832,211,22,46692,5133,0
Madagascar,1985,87511,26322,41711,15389,5811,2669,2635,5848,4343,3610,4730,6059,6856,2992,246,3098,2750,2427,1916,1716,1894,2240,2490,2931,3128,3414,3442,2122,870,223,23,47522,5304,1
Madagascar,1986,88986,26638,42140,15502,5886,2735,2738,5997,4571,3642,4774,6185,6894,3166,257,3177,2820,2493,2078,1749,1893,2254,2520,2983,3202,3418,3476,2253,913,232,25,48026,5473,1
Madagascar,1987,90143,26964,42421,15457,5908,2768,2835,6131,4783,3675,4804,6299,6893,3354,268,3252,2879,2552,2231,1791,1884,2259,2545,3014,3285,3437,3456,2392,962,242,26,48329,5603,1
Madagascar,1988,91119,27181,42555,15374,5919,2793,2923,6263,4988,3722,4829,6414,6887,3540,280,3333,2930,2611,2377,1845,1877,2257,2572,3037,3377,3478,3409,2523,1017,252,28,48474,5716,1
Madagascar,1989,91474,27202,42417,15215,5879,2790,2981,6353,5096,3812,4812,6482,6863,3687,293,3396,2957,2645,2451,1946,1866,2237,2575,3039,3443,3513,3350,2611,1076,263,30,48296,5771,1
Madagascar,1990,91921,27284,42365,15081,5832,2774,3026,6454,5158,3957,4792,6549,6893,3810,307,3469,2985,2676,2482,2091,1866,2216,2576,3049,3500,3568,3325,2665,1145,275,32,48197,5800,2
Madagascar,1991,91955,27318,42238,14920,5755,2731,3031,6514,5179,4086,4731,6567,6919,3880,323,3523,2991,2685,2494,2219,1867,2180,2551,3044,3523,3615,3304,2669,1211,290,33,47993,5762,2
Madagascar,1992,91881,27311,42091,14780,5673,2674,3015,6571,5184,4213,4657,6563,6975,3918,340,3573,2998,2683,2501,2337,1876,2138,2519,3040,3523,3675,3300,2635,1283,306,34,47764,5689,2
Madagascar,1993,91313,27272,41954,14682,5515,2574,2958,6544,5122,4293,4543,6506,7018,3923,360,3569,2975,2646,2476,2414,1879,2085,2458,3015,3491,3718,3300,2577,1346,323,37,47469,5532,2
Madagascar,1994,91993,27262,41832,14570,5596,2585,2984,6697,5201,4488,4533,6551,7174,3966,386,3653,3044,2684,2517,2500,1988,2084,2449,3038,3513,3811,3363,2560,1406,348,38,47428,5569,2
Madagascar,1995,92807,27189,41533,14344,5712,2612,3025,6900,5323,4730,4561,6619,7356,4021,416,3752,3148,2743,2580,2567,2163,2112,2449,3065,3554,3906,3450,2571,1450,375,41,47245,5637,2
Madagascar,1996,93226,26965,41031,14066,5808,2639,3050,7058,5419,4949,4583,6668,7517,4062,446,3812,3246,2793,2626,2620,2329,2145,2438,3077,3591,3977,3540,2592,1470,403,43,46839,5689,2
Madagascar,1997,91778,26464,40306,13842,5610,2539,2956,6937,5310,4989,4494,6571,7536,4046,475,3716,3221,2743,2567,2576,2413,2133,2361,3012,3559,3948,3588,2591,1455,430,45,45916,5495,2
Madagascar,1998,90534,25779,39219,13440,5491,2489,2900,6898,5285,5081,4472,6522,7605,4059,506,3665,3233,2739,2546,2566,2515,2160,2312,2966,3556,3937,3668,2618,1441,457,49,44710,5389,3
Madagascar,1999,89658,25119,38138,13019,5433,2473,2873,6900,5311,5152,4559,6495,7686,4107,533,3640,3260,2764,2547,2576,2576,2267,2292,2934,3561,3940,3746,2669,1438,479,54,43571,5346,3
Madagascar,2000,88595,24366,37039,12673,5346,2451,2842,6855,5325,5154,4695,6435,7731,4165,551,3596,3259,2787,2538,2573,2581,2418,2277,2890,3545,3933,3798,2721,1444,492,59,42385,5293,3
Madagascar,2001,87413,23638,35678,12040,5265,2432,2816,6794,5340,5156,4859,6386,7833,4284,570,3553,3241,2814,2526,2567,2589,2573,2286,2851,3535,3961,3872,2810,1474,505,65,40943,5248,3
Madagascar,2002,88168,23087,34685,11598,5430,2538,2908,6974,5575,5342,5172,6459,8031,4464,584,3638,3336,2953,2622,2656,2686,2804,2368,2874,3585,4059,3972,2943,1521,514,70,40115,5446,3
Madagascar,2003,87919,22651,33679,11028,5429,2571,2941,6975,5672,5408,5417,6448,8145,4629,597,3632,3343,3012,2660,2682,2726,2981,2436,2863,3585,4116,4029,3059,1570,519,78,39108,5512,4
Madagascar,2004,88415,22272,32995,10723,5442,2626,3010,7043,5819,5518,5719,6496,8305,4826,613,3664,3379,3091,2728,2729,2789,3118,2601,2887,3609,4193,4112,3191,1635,531,82,38437,5636,4
Madagascar,2005,88412,21907,32254,10347,5342,2637,3057,7067,5927,5586,5993,6521,8405,4987,630,3678,3389,3138,2789,2756,2830,3180,2813,2916,3605,4231,4174,3288,1699,545,85,37596,5694,5
Madagascar,2006,87717,21600,31580,9980,5126,2591,3061,6978,5923,5570,6195,6495,8434,5110,647,3643,3335,3116,2807,2746,2824,3203,2992,2932,3563,4224,4210,3350,1760,559,88,36706,5652,5
Madagascar,2007,88868,21340,30989,9649,5197,2684,3183,7157,6135,5754,6571,6626,8604,5294,669,3753,3404,3198,2937,2840,2914,3316,3255,3035,3591,4285,4319,3445,1849,580,89,36186,5867,6
Madagascar,2008,89019,21084,30417,9333,5096,2682,3235,7189,6200,5825,6837,6715,8686,5437,693,3795,3394,3204,2996,2882,2943,3375,3462,3128,3587,4293,4393,3505,1932,602,91,35513,5917,6
Madagascar,2009,89124,20808,29911,9103,4973,2651,3278,7226,6242,5889,7017,6903,8736,5568,722,3841,3385,3204,3038,2924,2965,3429,3588,3310,3593,4287,4449,3561,2007,628,94,34884,5929,7
Madagascar,2010,90829,20436,29342,8906,5123,2746,3426,7496,6464,6146,7299,7338,8913,5770,759,4009,3487,3297,3167,3069,3077,3564,3735,3647,3691,4354,4559,3672,2098,661,98,34465,6172,7
Madagascar,2011,90802,19897,28556,8659,5039,2701,3466,7569,6478,6244,7423,7683,8942,5901,797,4072,3497,3291,3187,3136,3108,3619,3804,3931,3752,4346,4596,3742,2159,695,102,33595,6167,7
Madagascar,2012,92608,19470,27882,8412,5185,2771,3625,7955,6706,6552,7716,8199,9082,6090,840,4298,3657,3401,3305,3312,3240,3755,3961,4299,3900,4397,4685,3858,2232,735,105,33067,6396,7
Madagascar,2013,94263,19178,27304,8126,5316,2829,3748,8255,6871,6832,7988,8747,9212,6267,886,4469,3786,3476,3395,3464,3368,3879,4109,4662,4085,4453,4759,3972,2295,776,110,32620,6577,8
Madagascar,2014,94315,18891,26704,7813,5163,2744,3754,8401,6865,6923,8081,9165,9217,6367,925,4556,3845,3474,3391,3509,3414,3915,4166,4836,4329,4459,4758,4028,2339,808,117,31867,6498,8
Madagascar,2015,95919,18753,26276,7523,5281,2810,3821,8617,6969,7168,8336,9761,9380,6529,965,4672,3945,3524,3445,3618,3550,4031,4305,5007,4754,4565,4815,4119,2410,843,122,31557,6631,8
Madagascar,2016,95790,18709,26009,7300,5057,2715,3748,8612,6874,7178,8384,10179,9421,6606,998,4664,3948,3486,3388,3593,3585,4051,4333,5076,5103,4624,4797,4150,2456,869,129,31066,6463,9
Madagascar,2017,97976,18567,25693,7126,5142,2800,3828,8961,7078,7467,8688,10844,9662,6772,1034,4842,4119,3607,3471,3702,3765,4203,4485,5274,5570,4805,4857,4233,2539,898,136,30835,6628,9
Madagascar,2018,99733,18331,25249,6918,5166,2860,3876,9232,7240,7700,8971,11480,9950,6927,1073,4971,4261,3712,3528,3781,3919,4352,4619,5458,6022,5030,4920,4306,2621,928,145,30415,6736,9
Madagascar,2019,99849,18077,24775,6698,4934,2786,3827,9288,7242,7724,9084,11799,10282,6991,1104,4975,4313,3742,3500,3760,3964,4425,4659,5544,6255,5338,4944,4321,2670,952,152,29709,6613,10
Madagascar,2020,107109,17885,24391,6506,4990,2851,3705,8960,7255,8324,10622,14356,12389,8011,1248,4765,4195,3715,3540,3942,4382,5098,5524,6697,7659,6783,5606,4866,3145,1079,169,29381,6556,11
Madagascar,2021,114062,17703,24003,6300,5068,2933,3943,9618,7896,9141,11829,15899,14006,8445,1274,5063,4555,4051,3845,4292,4849,5713,6116,7429,8470,7850,6156,5191,3254,1102,172,29071,6876,11
Malawi,1950,48210,15943,30874,14931,3205,1330,1115,2274,1814,1403,1543,1945,2021,658,22,1227,1047,1004,810,672,731,745,798,917,1028,1112,909,506,152,22,0,34079,2445,1
Malawi,1951,48270,15969,30565,14596,3289,1357,1139,2326,1878,1425,1570,1975,2043,674,24,1262,1064,1020,858,692,733,763,807,932,1043,1123,920,513,161,23,1,33854,2496,0
Malawi,1952,48691,16340,30608,14268,3352,1385,1166,2388,1940,1454,1607,2007,2066,691,25,1297,1091,1024,916,725,729,790,817,948,1059,1132,934,520,171,24,1,33960,2551,0
Malawi,1953,49330,16723,30956,14233,3350,1412,1187,2451,1987,1480,1640,2038,2094,704,28,1330,1121,1019,968,762,718,817,823,963,1075,1141,953,527,177,26,2,34306,2599,0
Malawi,1954,49943,16968,31340,14372,3308,1441,1207,2508,2023,1520,1668,2067,2115,717,33,1358,1150,1014,1009,805,715,835,833,977,1090,1150,965,535,182,30,3,34648,2648,0
Malawi,1955,50655,17327,31884,14557,3238,1469,1224,2551,2043,1563,1688,2088,2137,733,35,1380,1171,1013,1030,843,720,845,843,984,1104,1159,978,545,188,32,3,35122,2693,0
Malawi,1956,51307,17765,32553,14788,3150,1488,1227,2542,2015,1599,1686,2101,2158,750,37,1376,1166,998,1017,872,727,832,854,987,1114,1172,986,556,194,35,2,35703,2715,0
Malawi,1957,52235,18224,33287,15063,3104,1512,1246,2601,2033,1671,1690,2105,2175,768,39,1404,1197,1018,1015,920,751,817,873,985,1120,1180,995,570,198,37,2,36391,2758,0
Malawi,1958,53234,18674,34040,15366,3099,1515,1266,2648,2046,1757,1706,2127,2198,788,42,1425,1223,1041,1005,970,787,804,902,992,1135,1195,1003,585,203,39,3,37139,2781,0
Malawi,1959,54419,19152,34859,15707,3125,1508,1297,2710,2086,1858,1734,2163,2228,806,45,1454,1256,1077,1009,1020,838,805,929,1008,1155,1214,1014,597,209,41,4,37984,2805,0
Malawi,1960,55913,19606,35660,16054,3182,1502,1352,2847,2200,2000,1801,2229,2266,823,46,1521,1326,1146,1054,1087,913,838,963,1045,1184,1237,1029,607,216,42,4,38842,2854,0
Malawi,1961,57536,20084,36487,16403,3263,1488,1417,2998,2338,2150,1882,2308,2313,842,49,1593,1405,1224,1114,1149,1001,890,992,1095,1213,1266,1047,619,223,45,4,39750,2905,0
Malawi,1962,58715,20577,37374,16797,3335,1460,1440,3042,2376,2198,1898,2340,2338,861,49,1617,1425,1246,1130,1141,1057,921,977,1125,1215,1278,1060,629,232,45,4,40709,2900,0
Malawi,1963,60105,21112,38344,17232,3428,1460,1457,3102,2439,2252,1930,2387,2370,879,53,1651,1451,1277,1162,1134,1118,968,962,1163,1224,1294,1076,639,240,49,4,41772,2917,0
Malawi,1964,61353,21523,39217,17694,3528,1471,1454,3159,2491,2288,1975,2420,2396,899,55,1685,1474,1303,1188,1126,1162,1020,955,1187,1233,1305,1091,650,249,51,4,42745,2925,0
Malawi,1965,62629,21953,40079,18126,3635,1497,1440,3225,2543,2320,2039,2454,2420,918,60,1725,1500,1329,1214,1128,1192,1074,965,1201,1253,1315,1105,663,255,53,7,43714,2937,0
Malawi,1966,64004,22463,40976,18513,3749,1539,1419,3304,2606,2355,2127,2485,2445,940,63,1772,1532,1359,1247,1145,1210,1135,992,1204,1281,1325,1120,676,264,56,7,44725,2958,0
Malawi,1967,65368,23008,41913,18905,3861,1578,1394,3366,2654,2374,2231,2505,2465,961,65,1808,1558,1382,1272,1166,1208,1201,1030,1189,1316,1330,1135,691,270,58,7,45774,2972,0
Malawi,1968,66428,23512,42781,19269,3953,1610,1373,3360,2655,2347,2314,2504,2480,982,69,1800,1560,1378,1277,1172,1175,1247,1067,1157,1347,1330,1150,705,277,62,7,46734,2983,0
Malawi,1969,67472,23905,43539,19634,4039,1649,1372,3359,2675,2346,2404,2512,2500,1007,73,1781,1578,1385,1290,1188,1158,1289,1115,1141,1371,1338,1162,720,287,66,7,47578,3021,0
Malawi,1970,68127,24186,44053,19867,4089,1678,1374,3314,2673,2337,2468,2517,2521,1028,73,1730,1584,1383,1290,1194,1143,1306,1162,1141,1376,1350,1171,733,295,66,7,48142,3052,0
Malawi,1971,68473,24357,44257,19900,4107,1699,1385,3261,2674,2345,2523,2530,2555,1050,79,1669,1592,1382,1292,1203,1142,1308,1215,1163,1367,1376,1179,747,303,71,8,48364,3084,0
Malawi,1972,68535,24452,44222,19770,4094,1710,1393,3205,2676,2365,2571,2542,2593,1076,81,1610,1595,1382,1294,1214,1151,1295,1276,1200,1342,1409,1184,762,314,73,8,48316,3103,1
Malawi,1973,68430,24464,44022,19558,4064,1714,1400,3146,2684,2394,2610,2563,2640,1103,86,1570,1576,1384,1300,1227,1167,1274,1336,1250,1313,1450,1190,778,325,75,11,48086,3114,1
Malawi,1974,68139,24433,43757,19324,4020,1706,1402,3073,2673,2407,2621,2595,2671,1125,90,1541,1532,1380,1293,1230,1177,1246,1375,1304,1291,1471,1200,792,333,79,11,47777,3108,1
Malawi,1975,68240,24441,43517,19076,3986,1705,1424,3054,2726,2468,2680,2695,2727,1156,97,1549,1505,1409,1317,1258,1210,1259,1421,1381,1314,1497,1230,809,347,85,12,47503,3129,1
Malawi,1976,68383,24464,43290,18826,3950,1702,1446,3050,2793,2539,2732,2820,2767,1186,106,1575,1475,1446,1347,1293,1246,1281,1451,1466,1354,1502,1265,826,360,91,15,47240,3148,2
Malawi,1977,68445,24477,43016,18539,3903,1691,1463,3045,2853,2605,2768,2969,2799,1211,114,1600,1445,1477,1376,1322,1283,1313,1455,1557,1412,1487,1312,839,372,97,17,46919,3154,2
Malawi,1978,68429,24477,42689,18212,3846,1675,1475,3056,2886,2663,2796,3133,2831,1243,127,1622,1434,1485,1401,1347,1316,1349,1447,1646,1487,1469,1362,853,390,105,22,46535,3150,4
Malawi,1979,69069,24471,42408,17937,3803,1657,1481,3086,2913,2732,2837,3333,2937,1508,363,1647,1439,1480,1433,1378,1354,1387,1450,1740,1593,1500,1437,952,556,271,92,46211,3138,14
Malawi,1980,70419,24778,42602,17824,3808,1654,1495,3150,2938,2808,2903,3541,3083,1790,622,1685,1465,1467,1471,1413,1395,1432,1471,1824,1717,1570,1513,1063,727,450,172,46410,3149,26
Malawi,1981,72087,25047,42973,17926,3858,1668,1518,3262,2992,2908,2986,3739,3238,2046,862,1740,1522,1464,1528,1462,1446,1483,1503,1888,1851,1666,1572,1171,875,611,251,46831,3186,39
Malawi,1982,74574,25527,43809,18282,3975,1712,1562,3422,3089,3045,3118,3960,3431,2308,1092,1819,1603,1486,1603,1531,1514,1554,1564,1941,2019,1799,1632,1291,1017,765,327,47784,3274,53
Malawi,1983,77646,26293,45316,19023,4172,1783,1610,3566,3144,3142,3223,4139,3630,2550,1304,1893,1673,1507,1637,1581,1561,1607,1616,1961,2178,1945,1685,1407,1143,904,400,49488,3393,67
Malawi,1984,81791,27331,47426,20095,4458,1893,1691,3783,3263,3294,3372,4343,3890,2788,1503,1999,1784,1577,1686,1660,1634,1683,1689,2003,2340,2121,1769,1520,1268,1034,469,51884,3584,82
Malawi,1985,86558,28609,49770,21161,4794,2035,1802,4076,3454,3523,3582,4587,4168,2987,1680,2141,1935,1696,1758,1782,1741,1792,1790,2087,2500,2302,1866,1606,1381,1149,531,54564,3837,96
Malawi,1986,91322,29781,51933,22152,5126,2190,1924,4406,3702,3803,3820,4828,4491,3159,1835,2294,2112,1858,1844,1932,1871,1914,1906,2190,2638,2501,1990,1675,1484,1247,588,57059,4114,109
Malawi,1987,95447,30666,53512,22846,5393,2341,2053,4762,4008,4135,4104,5062,4829,3234,1894,2453,2309,2050,1958,2108,2027,2062,2042,2318,2744,2711,2118,1704,1530,1280,614,58905,4394,118
Malawi,1988,104468,31760,55439,23679,5732,2513,2240,5387,4548,4653,4550,5644,5671,4646,3262,2738,2649,2358,2190,2371,2282,2277,2273,2633,3011,3159,2512,2196,2450,2224,1038,61171,4753,183
Malawi,1989,107657,32698,56815,24117,5937,2689,2399,5813,5044,5082,4940,5900,5972,4135,2759,2923,2890,2633,2411,2567,2515,2496,2444,2793,3107,3344,2628,2057,2078,1847,912,62752,5088,175
Malawi,1990,110484,33158,57504,24346,6057,2859,2574,6255,5610,5543,5391,6195,6255,3768,2311,3118,3137,2936,2674,2762,2781,2741,2650,2964,3231,3500,2755,1982,1786,1527,784,63561,5433,166
Malawi,1991,112303,33157,57147,23990,6025,2981,2742,6705,6289,6049,5882,6484,6462,3480,1902,3311,3394,3277,3012,2965,3084,3010,2872,3130,3354,3587,2875,1939,1541,1245,657,63172,5723,154
Malawi,1992,113024,32821,56152,23331,5879,3044,2880,7076,6929,6499,6324,6710,6568,3272,1554,3470,3606,3589,3340,3145,3354,3251,3073,3263,3447,3588,2980,1925,1347,1013,541,62031,5924,138
Malawi,1993,115065,32680,55643,22963,5834,3135,3073,7552,7681,7034,6849,7015,6686,3163,1283,3687,3865,3949,3732,3399,3635,3533,3316,3438,3577,3586,3100,1951,1212,837,446,61477,6208,122
Malawi,1994,112768,31530,53356,21826,5586,3070,3126,7670,8021,7201,7049,7004,6538,3022,1023,3742,3928,4086,3935,3512,3689,3645,3404,3463,3541,3451,3087,1937,1085,673,350,58942,6196,103
Malawi,1995,108787,29868,50321,20453,5282,2946,3132,7686,8209,7234,7117,6859,6236,2875,808,3757,3929,4136,4073,3596,3638,3692,3425,3434,3425,3270,2966,1893,982,540,268,55603,6078,83
Malawi,1996,111267,29719,49822,20103,5223,2928,3259,8134,8710,7545,7483,7155,6447,3363,1101,3984,4150,4358,4352,3842,3703,3885,3598,3611,3544,3363,3084,2145,1218,720,381,55045,6187,101
Malawi,1997,114465,29715,49547,19832,5200,2914,3395,8723,9370,7996,7922,7511,6628,3804,1333,4270,4453,4658,4712,4168,3828,4117,3805,3823,3688,3476,3152,2378,1426,864,469,54747,6309,122
Malawi,1998,117685,29648,49029,19381,5139,2896,3518,9415,10176,8621,8396,7919,6776,4167,1497,4587,4828,5032,5144,4572,4049,4351,4045,4065,3854,3591,3185,2570,1597,968,529,54168,6414,141
Malawi,1999,116170,29222,48086,18864,5001,2816,3476,9456,10025,8521,8217,7881,6724,4326,1497,4628,4828,4954,5071,4557,3964,4205,4012,4052,3829,3575,3149,2657,1669,975,522,53087,6292,148
Malawi,2000,114331,28097,45850,17753,4716,2667,3330,9407,9701,8331,8095,8058,7054,5083,1883,4597,4810,4823,4878,4455,3876,4043,4052,4119,3939,3715,3339,2934,2149,1308,575,50566,5997,162
Malawi,2001,110793,26707,42912,16205,4349,2486,3130,9199,9322,8129,7909,8181,7293,5558,2163,4465,4734,4664,4658,4321,3808,3839,4070,4159,4022,3805,3488,3096,2462,1542,621,47261,5616,166
Malawi,2002,107506,25313,40039,14726,4024,2341,2947,9015,9045,7968,7748,8314,7539,5935,2424,4327,4688,4563,4482,4205,3763,3665,4083,4206,4108,3897,3642,3218,2717,1748,676,44063,5288,167
Malawi,2003,103087,23751,36811,13060,3602,2131,2715,8671,8694,7708,7514,8378,7749,6267,2685,4097,4574,4422,4272,4034,3674,3505,4009,4218,4160,3970,3779,3328,2939,1947,738,40413,4846,171
Malawi,2004,99161,22535,34383,11848,3300,1965,2520,8219,8215,7290,7183,8396,7968,6597,2950,3831,4388,4221,3994,3773,3517,3336,3847,4201,4195,4054,3914,3459,3138,2141,809,37683,4485,177
Malawi,2005,96334,21679,32672,10993,3088,1848,2388,7877,7869,6892,6846,8397,8173,6901,3195,3622,4255,4090,3779,3531,3361,3200,3646,4180,4217,4139,4034,3604,3297,2315,880,35760,4236,185
Malawi,2006,94488,21077,31557,10480,2957,1774,2302,7587,7636,6562,6562,8432,8378,7153,3396,3443,4144,4010,3626,3332,3230,3116,3446,4177,4255,4234,4144,3746,3407,2451,945,34514,4076,193
Malawi,2007,93674,20612,30862,10250,2900,1731,2255,7391,7645,6398,6382,8486,8561,7327,3529,3302,4089,4042,3603,3236,3162,3088,3294,4187,4299,4324,4237,3865,3462,2537,992,33762,3986,201
Malawi,2008,91776,19853,29624,9771,2806,1678,2200,7172,7699,6271,6221,8413,8636,7327,3528,3167,4005,4080,3619,3174,3097,3056,3165,4115,4298,4361,4275,3918,3409,2520,1008,32430,3878,205
Malawi,2009,89075,19145,28472,9327,2740,1644,2160,6983,7923,6315,6127,8196,8422,6786,3118,3062,3921,4174,3749,3222,3093,3059,3068,3968,4228,4273,4149,3755,3031,2199,919,31212,3804,190
Malawi,2010,86288,18351,27111,8760,2649,1599,2116,6760,8112,6370,6071,7962,8248,6370,2742,2963,3797,4230,3882,3285,3085,3064,3007,3789,4173,4201,4047,3620,2750,1913,829,29760,3715,178
Malawi,2011,83523,17270,25232,7962,2512,1542,2084,6596,8349,6522,6126,7801,8133,6049,2406,2909,3687,4291,4058,3405,3117,3104,3022,3632,4169,4161,3972,3503,2546,1665,741,27744,3626,167
Malawi,2012,79828,15998,23107,7109,2336,1462,2012,6267,8306,6558,6103,7580,8028,5802,2112,2801,3466,4189,4117,3458,3100,3093,3010,3449,4131,4114,3914,3402,2400,1457,655,25443,3474,155
Malawi,2013,77219,14667,21024,6357,2164,1402,1992,6257,8651,6835,6111,7278,7887,5610,1865,2815,3442,4281,4370,3662,3173,3112,2999,3282,3996,4034,3853,3317,2293,1287,578,23188,3394,143
Malawi,2014,74713,13541,18955,5414,1925,1305,1906,5935,8605,7153,6362,7361,7952,5457,1663,2682,3253,4137,4468,3845,3308,3223,3139,3335,4026,4104,3848,3246,2211,1155,508,20880,3211,131
Malawi,2015,72941,12724,17471,4747,1760,1253,1885,5804,8545,7429,6511,7325,7998,5337,1504,2645,3159,4009,4536,4008,3421,3280,3231,3365,3960,4153,3845,3193,2144,1059,445,19231,3138,119
Malawi,2016,71068,11917,16033,4116,1589,1195,1859,5671,8369,7686,6629,7265,8043,5240,1382,2603,3068,3836,4533,4150,3536,3323,3306,3419,3846,4200,3843,3153,2087,992,390,17622,3054,108
Malawi,2017,69764,11344,14958,3614,1444,1144,1841,5585,8176,7977,6768,7228,8086,5168,1292,2573,3012,3670,4506,4299,3678,3386,3382,3490,3738,4239,3847,3128,2040,946,346,16402,2985,97
Malawi,2018,69809,10864,14229,3365,1372,1127,1865,5689,8288,8517,6993,7233,8067,5117,1223,2615,3074,3669,4619,4584,3933,3517,3476,3569,3664,4217,3850,3116,2001,913,310,15601,2992,87
Malawi,2019,68751,10522,13856,3334,1354,1128,1880,5641,7974,8611,6944,7084,7949,5082,1172,2616,3025,3522,4452,4607,4004,3515,3429,3540,3544,4097,3852,3111,1971,890,282,15210,3008,78
Malawi,2020,71840,10203,13501,3298,1331,1125,1924,5759,7988,9167,7577,7888,8616,5644,1245,2673,3086,3537,4451,4820,4347,3844,3733,3944,3944,4430,4186,3414,2230,962,283,14832,3049,74
Malawi,2021,75661,9938,13238,3300,1316,1120,1966,5745,8005,10119,8408,8781,9442,6195,1261,2676,3069,3522,4483,5221,4898,4308,4100,4387,4394,4730,4712,3805,2390,984,277,14554,3086,67
Malaysia,1950,71804,15902,21815,5913,1823,863,1371,3373,3674,4920,6032,9685,12353,5195,684,1802,1571,1738,1936,2398,2522,2986,3046,4417,5268,6650,5703,3454,1741,564,120,23638,2234,16
Malaysia,1951,69208,15951,21804,5853,1717,845,1399,3440,3657,4968,6013,9003,11240,4600,511,1829,1611,1736,1921,2392,2576,3004,3009,4107,4896,5967,5273,3182,1418,434,77,23521,2244,12
Malaysia,1952,65965,15602,21404,5802,1669,811,1394,3232,3461,4895,5984,8365,10175,4166,396,1695,1537,1622,1839,2285,2610,2945,3039,3739,4626,5301,4874,2998,1168,341,55,23073,2205,8
Malaysia,1953,62820,15294,20978,5684,1584,769,1378,2941,3216,4775,5973,7807,9222,3850,321,1519,1422,1476,1740,2141,2634,2861,3112,3392,4415,4720,4502,2855,995,280,41,22562,2147,6
Malaysia,1954,60462,14980,20498,5518,1723,733,1373,2783,3056,4677,5994,7342,8408,3612,264,1429,1354,1388,1668,2031,2646,2818,3176,3148,4194,4270,4138,2718,894,236,28,22221,2106,3
Malaysia,1955,58105,14709,20036,5327,1711,706,1335,2603,2872,4538,5996,6954,7714,3415,224,1345,1258,1296,1576,1929,2609,2803,3193,3011,3943,3931,3783,2573,842,201,23,21747,2041,1
Malaysia,1956,56114,14448,19556,5108,1719,687,1289,2493,2733,4396,6009,6646,7138,3260,190,1310,1183,1238,1495,1849,2547,2823,3186,2970,3676,3693,3445,2441,819,174,16,21275,1976,1
Malaysia,1957,54415,14144,19030,4886,1709,685,1232,2427,2620,4254,6042,6432,6683,3137,164,1315,1112,1202,1418,1793,2461,2889,3153,3037,3395,3556,3127,2327,810,152,12,20739,1917,1
Malaysia,1958,52467,13703,18357,4654,1689,686,1156,2351,2495,4069,6023,6231,6262,3004,148,1315,1036,1162,1333,1733,2336,2943,3080,3129,3102,3432,2830,2202,802,138,10,20046,1842,0
Malaysia,1959,50469,13181,17582,4401,1675,695,1084,2249,2359,3872,5982,6088,5879,2858,141,1280,969,1106,1253,1660,2212,2952,3030,3195,2893,3283,2596,2067,791,132,9,19257,1779,0
Malaysia,1960,48845,12647,16778,4131,1607,725,1043,2206,2276,3734,5985,6050,5573,2722,142,1259,947,1072,1204,1603,2131,2944,3041,3244,2806,3131,2442,1941,781,134,8,18385,1768,0
Malaysia,1961,47168,12093,15950,3857,1546,753,1012,2154,2185,3580,5955,6037,5273,2572,147,1216,938,1023,1162,1530,2050,2882,3073,3247,2790,2943,2330,1804,768,139,8,17496,1765,0
Malaysia,1962,45371,11541,15135,3594,1488,769,989,2091,2085,3408,5864,6015,4960,2409,152,1149,942,962,1123,1439,1969,2752,3112,3179,2836,2706,2254,1658,751,145,7,16623,1758,0
Malaysia,1963,44035,10995,14350,3355,1444,787,993,2060,2018,3285,5823,6087,4735,2286,161,1097,963,915,1103,1367,1918,2630,3193,3132,2955,2515,2220,1544,742,154,7,15794,1780,0
Malaysia,1964,42909,10444,13602,3158,1405,806,1014,2023,1966,3180,5776,6192,4578,2196,171,1051,972,886,1080,1311,1869,2528,3248,3126,3066,2401,2177,1467,729,163,8,15007,1820,0
Malaysia,1965,41677,9901,12852,2951,1351,801,1047,1963,1902,3056,5668,6273,4464,2119,178,1010,953,861,1041,1257,1799,2430,3238,3146,3127,2358,2106,1413,706,169,9,14203,1848,0
Malaysia,1966,41222,9417,12197,2780,1325,812,1114,1950,1893,3003,5651,6489,4493,2110,188,1006,944,873,1020,1241,1762,2397,3254,3267,3222,2437,2056,1417,693,177,11,13522,1926,0
Malaysia,1967,40848,8989,11623,2634,1301,825,1173,1928,1883,2948,5590,6706,4564,2111,195,1013,915,899,984,1237,1711,2379,3211,3431,3275,2587,1977,1441,670,184,11,12924,1998,0
Malaysia,1968,40861,8708,11192,2484,1276,842,1239,1938,1899,2914,5551,6967,4705,2136,202,1047,891,940,959,1245,1669,2387,3164,3633,3334,2795,1910,1481,655,190,12,12468,2081,0
Malaysia,1969,40664,8494,10842,2348,1242,849,1283,1943,1894,2856,5447,7147,4827,2129,204,1083,860,958,936,1234,1622,2360,3087,3758,3389,2958,1869,1487,642,191,13,12084,2132,0
Malaysia,1970,40507,8318,10556,2238,1202,852,1303,1988,1887,2796,5342,7304,4964,2110,205,1147,841,960,927,1213,1583,2317,3025,3820,3484,3080,1884,1473,637,190,15,11758,2155,0
Malaysia,1971,40363,8086,10203,2117,1153,852,1319,2050,1883,2745,5254,7467,5141,2091,202,1217,833,947,936,1184,1561,2267,2987,3841,3626,3179,1962,1446,645,187,15,11356,2171,0
Malaysia,1972,40195,7841,9844,2003,1099,849,1334,2115,1883,2695,5166,7610,5333,2066,202,1277,838,918,965,1144,1551,2201,2965,3795,3815,3237,2096,1399,667,184,18,10943,2183,0
Malaysia,1973,40055,7685,9570,1885,1044,840,1349,2180,1877,2644,5070,7711,5529,2036,198,1325,855,881,996,1099,1545,2124,2946,3701,4010,3272,2257,1349,687,181,17,10614,2189,0
Malaysia,1974,39753,7399,9168,1769,994,823,1362,2275,1875,2601,4962,7744,5720,2029,201,1380,895,856,1019,1072,1529,2056,2906,3603,4141,3328,2392,1332,697,181,20,10162,2185,0
Malaysia,1975,39674,7089,8753,1664,948,809,1377,2376,1876,2581,4888,7800,5979,2076,209,1417,959,846,1030,1068,1513,2018,2870,3556,4244,3458,2521,1373,703,188,21,9701,2186,0
Malaysia,1976,39402,6779,8338,1559,908,791,1365,2399,1827,2545,4800,7799,6244,2160,222,1404,995,822,1005,1071,1474,1989,2811,3520,4279,3623,2621,1457,703,197,25,9246,2156,0
Malaysia,1977,40063,6498,7958,1460,882,788,1394,2538,1854,2597,4840,7947,6688,2330,248,1461,1077,850,1004,1135,1462,2035,2805,3596,4351,3933,2755,1620,710,219,29,8840,2182,1
Malaysia,1978,40113,6233,7602,1369,861,767,1390,2622,1854,2605,4782,7892,6993,2475,268,1490,1132,880,974,1185,1420,2047,2735,3608,4284,4176,2817,1773,702,235,33,8463,2157,1
Malaysia,1979,40123,5977,7248,1271,828,745,1377,2691,1867,2612,4722,7828,7282,2630,285,1512,1179,919,948,1219,1393,2044,2678,3604,4224,4371,2911,1914,716,248,37,8076,2122,2
Malaysia,1980,40299,5764,6950,1186,807,730,1363,2747,1924,2635,4687,7797,7569,2794,296,1531,1216,986,938,1239,1396,2037,2650,3591,4206,4514,3055,2038,756,255,41,7757,2093,2
Malaysia,1981,40126,5557,6664,1107,765,706,1334,2793,1995,2639,4599,7668,7737,2925,299,1546,1247,1059,936,1229,1410,1988,2611,3512,4156,4537,3200,2114,811,256,43,7429,2040,2
Malaysia,1982,40346,5353,6394,1041,741,698,1301,2797,2069,2676,4588,7672,8007,3105,301,1535,1262,1120,949,1206,1470,1948,2640,3467,4205,4561,3446,2204,901,256,45,7135,1999,2
Malaysia,1983,40807,5150,6133,983,718,695,1281,2845,2184,2736,4606,7715,8283,3301,307,1545,1300,1192,992,1181,1555,1915,2691,3428,4287,4563,3720,2294,1007,258,49,6851,1976,2
Malaysia,1984,41145,4942,5867,925,688,689,1256,2876,2299,2780,4618,7734,8506,3509,322,1544,1332,1252,1047,1163,1617,1898,2720,3396,4338,4560,3946,2407,1102,269,53,6555,1945,2
Malaysia,1985,41212,4723,5602,879,666,674,1224,2870,2409,2786,4601,7683,8627,3715,351,1522,1348,1289,1120,1148,1638,1898,2703,3359,4324,4546,4081,2536,1179,291,60,6268,1898,4
Malaysia,1986,42558,4526,5362,836,653,680,1240,2957,2611,2885,4758,7896,9013,4082,415,1549,1408,1366,1245,1190,1695,1999,2759,3465,4431,4715,4298,2794,1288,342,73,6015,1920,8
Malaysia,1987,43460,4320,5117,797,642,676,1242,2995,2787,2936,4872,8008,9247,4430,493,1548,1447,1431,1356,1238,1698,2123,2749,3562,4446,4856,4391,3061,1369,403,90,5759,1918,15
Malaysia,1988,44387,4162,4926,764,630,669,1247,3023,2960,2994,4998,8111,9439,4790,572,1542,1481,1497,1463,1308,1686,2267,2731,3667,4444,5004,4435,3342,1448,465,107,5556,1916,23
Malaysia,1989,45245,3973,4699,726,621,655,1249,3041,3125,3083,5129,8212,9622,5130,648,1537,1504,1560,1565,1401,1682,2387,2742,3751,4461,5132,4490,3585,1545,524,124,5320,1904,31
Malaysia,1990,46166,3885,4580,695,605,644,1246,3057,3261,3226,5268,8311,9792,5431,709,1535,1522,1616,1645,1530,1696,2470,2798,3806,4505,5224,4568,3771,1660,569,140,5185,1890,37
Malaysia,1991,47454,3823,4483,660,588,638,1248,3087,3413,3437,5465,8490,10047,5748,767,1546,1541,1681,1732,1689,1748,2535,2930,3864,4626,5330,4717,3936,1812,612,155,5071,1886,42
Malaysia,1992,49241,3753,4389,636,575,642,1261,3145,3601,3718,5755,8774,10414,6097,827,1576,1569,1757,1844,1868,1850,2589,3166,3925,4849,5456,4958,4085,2012,654,173,4964,1903,46
Malaysia,1993,49581,3674,4300,626,552,627,1229,3102,3670,3908,5862,8776,10438,6213,855,1559,1543,1771,1899,1984,1924,2534,3328,3848,4928,5387,5051,4062,2151,669,186,4852,1856,48
Malaysia,1994,50098,3590,4193,603,524,606,1195,3061,3732,4132,5972,8840,10534,6359,900,1542,1519,1777,1955,2098,2034,2503,3469,3835,5005,5380,5154,4082,2277,702,198,4717,1801,51
Malaysia,1995,51140,3515,4112,597,504,597,1177,3056,3825,4422,6119,9012,10737,6564,961,1539,1517,1799,2026,2204,2218,2529,3590,3918,5094,5460,5277,4175,2389,751,210,4616,1774,54
Malaysia,1996,53288,3443,4056,613,513,604,1187,3116,3986,4828,6378,9415,11184,6911,1050,1564,1552,1850,2136,2352,2476,2641,3737,4162,5253,5706,5478,4389,2522,826,224,4569,1791,58
Malaysia,1997,55505,3293,3859,566,482,588,1195,3176,4140,5273,6654,9912,11712,7291,1158,1586,1590,1895,2245,2518,2755,2811,3843,4529,5383,6043,5669,4664,2627,918,240,4341,1783,62
Malaysia,1998,58042,3092,3633,541,482,584,1216,3261,4311,5761,6987,10495,12293,7685,1264,1615,1646,1949,2362,2708,3053,3053,3934,4973,5522,6429,5864,4972,2713,1011,253,4115,1800,67
Malaysia,1999,59564,2871,3379,508,479,570,1209,3274,4391,6142,7259,10897,12631,7925,1335,1607,1667,1966,2425,2847,3295,3293,3966,5280,5617,6659,5972,5166,2759,1070,265,3858,1779,70
Malaysia,2000,59113,2609,3074,465,458,532,1155,3163,4307,6244,7398,10921,12534,7902,1352,1541,1622,1914,2393,2874,3370,3492,3906,5321,5600,6613,5921,5160,2742,1080,272,3532,1687,71
Malaysia,2001,58696,2319,2746,427,439,511,1115,3045,4164,6242,7607,10885,12462,8090,1326,1487,1558,1850,2314,2850,3392,3705,3902,5242,5643,6475,5987,5270,2820,1073,253,3185,1626,64
Malaysia,2002,60049,2096,2492,396,429,503,1102,3021,4137,6405,8079,11203,12686,8571,1362,1484,1537,1842,2295,2892,3513,3999,4080,5250,5953,6440,6246,5517,3054,1105,257,2921,1605,57
Malaysia,2003,62058,1983,2362,379,416,499,1089,3023,4138,6588,8645,11622,12976,9196,1450,1493,1530,1846,2292,2936,3652,4295,4350,5283,6339,6452,6524,5803,3393,1176,274,2778,1588,50
Malaysia,2004,64322,1894,2268,374,407,499,1074,3036,4146,6761,9254,12038,13287,9904,1600,1509,1527,1851,2295,2975,3786,4572,4682,5373,6665,6563,6724,6107,3797,1302,298,2675,1573,45
Malaysia,2005,66183,1842,2202,360,387,484,1042,3016,4114,6843,9794,12348,13502,10581,1825,1500,1516,1832,2282,2974,3869,4734,5060,5499,6849,6729,6773,6363,4218,1488,337,2589,1526,42
Malaysia,2006,68721,1825,2182,357,368,475,1021,3018,4118,6950,10403,12767,13856,11345,2173,1492,1526,1829,2289,2988,3962,4920,5483,5744,7023,7057,6799,6653,4692,1773,400,2550,1496,48
Malaysia,2007,71891,1835,2195,360,355,464,1006,3039,4155,7085,11063,13313,14345,12131,2673,1482,1557,1841,2314,3020,4065,5139,5924,6105,7208,7515,6830,6949,5182,2179,494,2550,1470,68
Malaysia,2008,75693,1887,2237,350,338,446,995,3063,4214,7245,11770,14048,15006,12878,3378,1469,1594,1866,2348,3071,4174,5389,6381,6579,7469,8039,6967,7209,5669,2722,656,2575,1441,76
Malaysia,2009,80975,1910,2256,346,331,435,999,3137,4352,7533,12645,15198,16007,13637,4352,1476,1661,1931,2421,3185,4348,5726,6919,7249,7949,8653,7354,7444,6193,3437,915,2587,1434,96
Malaysia,2010,84213,1891,2230,339,317,409,970,3107,4377,7599,13060,16131,16636,13811,5426,1437,1670,1954,2423,3209,4390,5883,7177,7815,8316,8966,7670,7335,6476,4163,1263,2547,1379,146
Malaysia,2011,84541,1930,2262,332,293,381,926,2988,4348,7603,13357,16793,17160,13112,5138,1368,1620,1947,2401,3199,4404,5984,7373,8216,8577,9175,7985,7098,6014,3908,1230,2555,1307,178
Malaysia,2012,85088,1948,2275,327,276,355,880,2856,4316,7590,13631,17489,17699,12679,4843,1300,1556,1940,2376,3180,4410,6060,7571,8612,8877,9364,8335,7015,5664,3631,1212,2551,1235,197
Malaysia,2013,86684,1977,2307,330,257,334,839,2763,4335,7643,14013,18379,18418,12590,4590,1256,1507,1952,2383,3186,4457,6172,7841,9072,9307,9648,8770,7148,5442,3385,1205,2564,1173,208
Malaysia,2014,88427,2017,2350,333,245,312,786,2645,4328,7676,14365,19302,19155,12690,4354,1204,1441,1944,2384,3180,4496,6266,8099,9495,9807,9967,9188,7416,5274,3162,1192,2595,1098,215
Malaysia,2015,92467,2036,2376,340,236,297,755,2604,4421,7889,15051,20745,20380,13243,4246,1188,1416,1971,2450,3251,4638,6507,8544,10072,10673,10587,9793,7963,5280,3054,1192,2612,1052,223
Malaysia,2016,94178,2037,2386,349,227,275,704,2484,4367,7876,15284,21659,21071,13573,4045,1135,1349,1918,2449,3234,4642,6555,8729,10398,11261,10982,10089,8358,5215,2904,1141,2613,979,224
Malaysia,2017,96095,2057,2414,357,221,257,662,2369,4304,7856,15484,22577,21806,14043,3877,1080,1289,1853,2451,3217,4639,6598,8886,10732,11845,11430,10376,8786,5257,2798,1079,2635,919,225
Malaysia,2018,97937,2075,2437,362,219,238,619,2250,4215,7812,15614,23428,22561,14592,3727,1018,1232,1774,2441,3198,4614,6624,8990,11042,12386,11909,10652,9203,5389,2714,1013,2656,857,225
Malaysia,2019,100087,2081,2448,367,214,224,577,2130,4115,7774,15749,24272,23481,15254,3627,950,1180,1693,2422,3187,4587,6656,9093,11363,12909,12491,10990,9629,5625,2668,959,2662,801,224
Malaysia,2020,102323,2094,2459,365,213,210,534,2015,3994,7734,15852,24975,24590,15945,3581,886,1129,1611,2383,3179,4555,6671,9181,11654,13321,13205,11385,10018,5927,2657,924,2672,744,223
Malaysia,2021,116564,2084,2448,364,213,201,495,1912,3995,8097,17097,28644,29914,19358,3958,832,1080,1552,2443,3330,4767,7080,10017,13139,15505,16022,13892,12053,7305,2989,969,2661,696,232
Maldives,1950,1002,368,595,227,32,25,28,49,38,40,46,61,63,30,1,27,22,20,18,20,20,21,25,30,31,34,29,22,8,1,0,627,53,0
Maldives,1951,1047,401,619,218,34,25,29,50,40,40,49,65,65,33,2,28,22,20,20,20,20,22,27,30,35,35,30,24,9,2,0,653,54,0
Maldives,1952,1084,418,645,227,27,25,30,53,40,40,51,68,66,35,2,29,24,20,20,20,20,23,28,33,35,35,31,24,11,2,0,672,55,0
Maldives,1953,1138,437,673,236,39,24,31,57,40,40,53,70,70,35,2,32,25,20,20,20,20,24,29,34,36,39,31,23,12,2,0,712,55,0
Maldives,1954,1166,454,701,247,25,24,31,58,42,45,55,74,73,35,2,33,25,22,20,20,25,25,30,35,39,40,33,22,13,2,0,726,55,0
Maldives,1955,1205,473,731,258,25,23,32,60,44,47,56,75,74,34,2,34,26,24,20,22,25,25,31,35,40,40,34,22,12,2,0,756,55,0
Maldives,1956,1238,490,756,266,24,23,32,61,50,50,57,76,77,34,3,34,27,25,25,25,25,25,32,36,40,42,35,21,13,3,0,780,55,0
Maldives,1957,1271,507,781,274,23,22,32,61,50,51,62,78,80,34,3,34,27,25,25,25,26,30,32,37,41,44,36,22,12,3,0,804,54,0
Maldives,1958,1301,522,802,280,23,21,31,63,50,52,62,81,81,34,3,35,28,25,25,25,27,30,32,39,42,45,36,23,11,3,0,825,52,0
Maldives,1959,1327,535,822,287,23,19,31,63,50,53,63,82,82,33,3,35,28,25,25,25,28,30,33,39,43,45,37,23,10,3,0,845,50,0
Maldives,1960,1353,549,840,291,24,16,29,64,50,55,68,84,84,34,3,35,29,25,25,25,30,33,35,40,44,45,39,24,10,3,0,864,45,0
Maldives,1961,1375,556,853,297,24,17,29,65,50,57,69,86,87,34,3,35,30,25,25,27,30,34,35,41,45,48,39,24,10,3,0,877,46,0
Maldives,1962,1388,560,860,300,26,16,27,66,51,58,72,87,89,34,2,35,31,26,25,28,30,35,37,42,45,49,40,25,9,2,0,886,43,0
Maldives,1963,1391,559,857,298,26,15,25,66,52,61,76,88,91,36,2,35,31,27,25,29,32,36,40,42,46,50,41,25,11,2,0,883,40,0
Maldives,1964,1389,555,851,296,27,15,23,65,53,61,76,90,91,36,2,34,31,28,25,29,32,36,40,42,48,50,41,25,11,2,0,878,38,0
Maldives,1965,1380,549,840,291,27,15,21,63,54,63,80,92,91,36,2,33,30,29,25,30,33,37,43,44,48,50,41,25,11,2,0,867,36,0
Maldives,1966,1386,558,854,296,27,15,19,59,60,63,77,87,81,37,5,29,30,30,30,30,33,36,41,42,45,45,36,24,13,5,0,881,34,0
Maldives,1967,1366,550,844,294,30,16,19,56,59,65,76,80,71,36,8,28,28,29,30,30,35,36,40,40,40,40,31,22,14,8,0,874,35,0
Maldives,1968,1345,546,831,285,29,20,21,50,57,68,76,80,68,31,10,25,25,27,30,33,35,36,40,40,40,39,29,18,13,9,1,860,41,0
Maldives,1969,1351,548,829,281,29,20,20,50,57,69,79,90,74,32,8,25,25,27,30,34,35,38,41,45,45,43,31,19,13,7,1,858,40,0
Maldives,1970,1351,543,822,279,29,20,20,49,56,69,82,90,78,33,6,24,25,26,30,34,35,40,42,45,45,45,33,20,13,5,1,851,40,0
Maldives,1971,1337,533,805,272,27,20,20,48,54,70,83,90,81,33,5,23,25,25,29,34,36,40,43,45,45,45,36,21,12,5,0,832,40,0
Maldives,1972,1324,521,783,262,27,18,20,43,54,72,84,92,88,36,5,22,21,25,29,34,38,40,44,45,47,49,39,24,12,5,0,810,38,0
Maldives,1973,1309,510,759,249,25,18,20,41,53,71,84,95,91,41,6,21,20,25,28,33,38,40,44,45,50,50,41,27,14,6,0,784,38,0
Maldives,1974,1284,495,726,231,24,17,20,40,50,71,85,97,94,46,7,20,20,23,27,33,38,40,45,47,50,50,44,30,16,7,0,750,37,0
Maldives,1975,1265,483,700,217,24,16,20,40,48,70,86,100,96,52,8,20,20,22,26,32,38,41,45,50,50,50,46,33,19,8,0,724,36,0
Maldives,1976,1256,477,685,208,23,16,20,40,46,69,88,100,101,56,10,20,20,21,25,31,38,42,46,50,50,54,47,35,21,9,1,708,36,0
Maldives,1977,1243,466,666,200,22,16,20,38,44,67,91,101,103,61,13,20,18,20,24,30,37,43,48,50,51,55,48,37,24,12,1,688,36,0
Maldives,1978,1349,464,677,213,33,22,26,50,54,79,102,110,107,68,19,27,23,25,29,36,43,49,53,55,55,57,50,40,28,17,2,710,48,0
Maldives,1979,1199,444,622,178,20,15,20,36,40,64,92,103,105,64,16,20,16,18,22,28,36,43,49,50,53,55,50,39,25,13,3,642,35,0
Maldives,1980,1174,434,603,169,20,15,19,35,37,62,92,103,105,63,15,20,15,16,21,27,35,43,49,50,53,55,50,39,24,12,3,623,34,0
Maldives,1981,1159,425,588,163,20,15,19,36,34,62,94,108,106,62,13,20,16,15,19,27,35,43,51,53,55,55,51,38,24,10,3,608,34,0
Maldives,1982,1141,418,574,156,19,15,19,36,33,62,95,109,110,62,11,20,16,15,18,27,35,43,52,54,55,57,53,38,24,9,2,593,34,0
Maldives,1983,1126,410,558,148,17,15,19,36,32,60,96,110,112,64,10,20,16,15,17,25,35,43,53,55,55,58,54,40,24,8,2,575,34,0
Maldives,1984,1103,398,536,138,16,13,18,36,31,58,96,112,108,67,11,20,16,15,16,24,34,43,53,57,55,57,51,42,25,10,1,552,31,0
Maldives,1985,1099,398,530,132,15,13,18,37,27,56,96,116,108,70,12,20,17,13,14,22,34,42,54,60,56,57,51,44,26,11,1,545,31,0
Maldives,1986,1096,392,524,132,14,12,17,36,27,51,96,117,109,74,12,20,16,14,13,20,31,42,54,60,57,56,53,46,28,11,1,538,29,0
Maldives,1987,1083,380,509,129,14,12,17,36,26,50,96,118,109,78,15,20,16,14,12,19,31,42,54,60,58,56,53,47,31,14,1,523,29,0
Maldives,1988,1062,363,487,124,14,11,16,35,25,46,95,123,111,79,19,20,15,14,11,17,29,41,54,63,60,57,54,46,33,16,3,501,27,0
Maldives,1989,1040,343,458,115,14,10,15,34,25,44,92,125,113,83,24,19,15,15,10,17,27,39,53,64,61,59,54,48,35,20,4,472,25,0
Maldives,1990,1021,324,430,106,14,10,15,31,26,42,92,131,113,86,32,16,15,15,11,16,26,39,53,67,64,61,52,49,37,25,7,444,25,0
Maldives,1991,999,306,405,99,14,10,14,30,27,38,88,133,117,86,32,15,15,15,12,14,24,36,52,66,67,63,54,47,39,24,8,419,24,1
Maldives,1992,972,283,374,91,13,10,14,30,28,36,87,133,121,87,34,15,15,15,13,14,22,36,51,65,68,65,56,48,39,26,8,387,24,1
Maldives,1993,946,260,344,84,13,10,13,30,30,35,84,135,127,91,37,15,15,15,15,14,21,34,50,65,70,69,58,49,42,28,9,357,23,1
Maldives,1994,916,236,310,74,12,10,13,30,30,34,81,136,130,92,43,15,15,15,15,15,19,32,49,65,71,70,60,50,42,31,12,322,23,1
Maldives,1995,878,211,276,65,11,10,12,29,30,33,76,133,132,92,51,15,14,15,15,15,18,29,47,63,70,70,62,51,41,35,16,287,22,1
Maldives,1996,807,188,244,56,11,10,10,23,25,27,69,126,130,85,43,13,10,10,15,11,16,26,43,59,67,70,60,47,38,29,14,255,20,2
Maldives,1997,782,164,213,49,11,10,10,20,26,31,67,133,138,86,39,10,10,11,15,15,16,24,43,61,72,74,64,49,37,25,14,224,20,2
Maldives,1998,769,142,183,41,9,10,10,20,26,31,67,140,147,89,32,10,10,11,15,15,16,24,43,63,77,79,68,51,38,21,11,192,20,2
Maldives,1999,757,121,155,34,8,10,10,22,26,30,62,146,161,90,27,12,10,11,15,15,15,22,40,65,81,88,73,52,38,20,7,163,20,2
Maldives,2000,730,103,131,28,7,10,10,20,25,30,61,146,168,91,26,10,10,10,15,15,15,21,40,64,82,93,75,53,38,20,6,138,20,2
Maldives,2001,685,89,112,23,6,9,10,20,22,30,53,138,167,89,23,10,10,10,12,15,15,18,35,60,78,92,75,53,36,18,5,118,19,1
Maldives,2002,649,79,98,19,5,8,10,20,21,30,47,130,166,88,22,10,10,10,11,15,15,17,30,55,75,89,77,54,34,17,5,103,18,1
Maldives,2003,646,71,86,15,5,7,10,20,20,30,43,129,175,92,23,10,10,10,10,15,15,16,27,53,76,92,83,56,36,18,5,91,17,1
Maldives,2004,708,67,85,18,10,11,15,25,25,37,48,132,190,102,23,15,10,10,15,17,20,20,28,52,80,99,91,62,40,18,5,95,26,1
Maldives,2005,694,59,71,12,5,6,10,20,20,35,46,130,204,119,25,10,10,10,10,15,20,20,26,48,82,104,100,70,49,20,5,76,16,1
Maldives,2006,708,56,67,11,5,6,10,20,20,35,46,126,215,127,29,10,10,10,10,15,20,20,26,46,80,107,108,75,52,24,5,72,16,1
Maldives,2007,703,55,64,9,5,5,10,23,20,35,45,116,218,131,31,13,10,10,10,15,20,20,25,40,76,107,111,80,51,26,5,69,15,1
Maldives,2008,678,54,62,8,3,5,10,24,20,33,43,105,209,129,31,14,10,10,10,14,19,20,23,36,69,102,107,81,48,26,5,65,15,1
Maldives,2009,675,53,61,8,2,5,9,25,20,33,46,98,208,135,31,15,10,10,10,15,18,24,22,34,64,99,109,85,50,26,5,63,14,1
Maldives,2010,664,50,58,8,1,5,8,25,20,33,48,90,201,140,34,14,11,10,10,15,18,25,23,32,58,94,107,88,52,27,7,59,13,1
Maldives,2011,661,47,55,8,0,5,8,27,20,33,49,83,200,146,35,14,13,10,10,15,18,24,25,30,53,93,107,91,55,28,7,55,13,1
Maldives,2012,650,44,52,8,0,3,7,27,20,33,49,76,192,151,38,13,14,10,10,15,18,24,25,29,47,87,105,93,58,30,8,52,10,1
Maldives,2013,661,41,49,8,0,2,6,28,22,33,54,73,191,160,41,13,15,11,11,15,18,25,29,28,45,84,107,97,63,30,11,49,8,1
Maldives,2014,664,38,45,7,0,2,5,27,29,34,55,72,187,165,46,12,15,15,14,15,19,25,30,29,43,80,107,99,66,35,11,45,7,1
Maldives,2015,697,35,42,7,0,1,5,26,30,35,60,73,191,180,53,11,15,15,15,15,20,26,34,31,42,80,111,106,74,37,16,42,6,3
Maldives,2016,733,33,40,7,0,0,5,25,30,37,64,77,188,198,63,10,15,15,15,16,21,27,37,35,42,75,113,114,84,42,21,40,5,5
Maldives,2017,787,30,36,6,0,0,5,24,30,41,67,87,194,218,72,9,15,15,15,18,23,28,39,41,46,76,118,124,94,48,24,36,5,7
Maldives,2018,827,27,31,4,0,0,5,23,40,43,72,96,198,235,79,9,14,20,20,20,23,31,41,47,49,76,122,132,103,53,26,31,5,9
Maldives,2019,864,25,29,4,0,0,4,22,40,45,76,104,199,249,85,8,14,20,20,20,25,32,44,53,51,76,123,139,110,59,26,29,4,10
Maldives,2020,950,23,27,4,0,0,4,22,40,49,83,117,211,283,98,8,14,20,20,22,27,36,47,60,57,82,129,155,128,68,30,27,4,10
Maldives,2021,942,21,25,4,0,0,2,17,37,46,81,129,213,292,90,6,11,17,20,20,26,33,48,64,65,88,125,159,133,65,25,25,2,8
Mali,1950,91812,26690,56640,29950,3304,1345,1881,5141,4457,4238,4040,5026,4621,1099,15,2676,2465,2267,2190,2171,2067,1975,2065,2443,2583,2655,1966,947,152,15,0,59944,3226,0
Mali,1951,92445,26927,57007,30080,3314,1379,1885,5136,4501,4344,4126,5026,4580,1140,8,2672,2464,2278,2223,2216,2128,2038,2088,2445,2581,2620,1960,951,189,8,0,60321,3264,0
Mali,1952,92880,26876,56990,30114,3368,1424,1899,5160,4556,4461,4246,5051,4558,1159,5,2683,2477,2293,2263,2273,2188,2123,2123,2453,2598,2590,1968,949,210,5,0,60358,3323,0
Mali,1953,93170,26843,56919,30076,3423,1466,1912,5163,4586,4559,4372,5074,4524,1166,8,2685,2478,2294,2292,2321,2238,2210,2162,2455,2619,2553,1971,944,222,8,0,60342,3378,0
Mali,1954,93548,26832,56880,30048,3473,1507,1933,5171,4619,4663,4513,5106,4501,1169,10,2690,2481,2299,2320,2372,2291,2297,2216,2469,2637,2535,1966,940,229,10,0,60353,3440,0
Mali,1955,93889,26867,56923,30056,3520,1528,1963,5162,4625,4747,4648,5133,4464,1165,12,2689,2473,2293,2332,2410,2337,2372,2276,2489,2644,2521,1943,934,231,12,0,60443,3491,0
Mali,1956,94408,26973,57058,30085,3587,1542,2010,5161,4634,4835,4793,5166,4439,1166,13,2695,2466,2291,2343,2446,2389,2443,2350,2518,2648,2521,1918,934,232,13,0,60645,3552,0
Mali,1957,95084,27144,57318,30174,3645,1559,2069,5168,4639,4924,4948,5206,4426,1166,14,2705,2463,2290,2349,2483,2441,2506,2442,2555,2651,2534,1892,934,232,14,0,60963,3628,0
Mali,1958,95685,27368,57687,30319,3676,1569,2120,5151,4612,4980,5078,5234,4400,1158,15,2705,2446,2276,2336,2500,2480,2549,2529,2590,2644,2542,1858,931,227,15,0,61363,3689,0
Mali,1959,96574,27712,58247,30535,3717,1583,2170,5156,4587,5037,5221,5298,4392,1149,15,2721,2435,2263,2324,2516,2521,2599,2622,2647,2651,2552,1840,925,224,15,0,61964,3753,0
Mali,1960,97554,28060,58858,30798,3757,1607,2204,5193,4567,5088,5356,5383,4387,1135,15,2764,2429,2251,2316,2527,2561,2651,2705,2715,2668,2555,1832,911,224,15,0,62615,3811,0
Mali,1961,98629,28348,59482,31134,3798,1638,2224,5267,4554,5135,5492,5506,4392,1123,15,2834,2433,2242,2312,2535,2600,2707,2785,2805,2701,2559,1833,901,222,15,0,63280,3862,0
Mali,1962,99685,28618,60040,31422,3844,1666,2245,5364,4549,5176,5622,5651,4404,1111,14,2922,2442,2239,2310,2540,2636,2766,2856,2912,2739,2561,1843,888,223,14,0,63884,3911,0
Mali,1963,100182,28858,60482,31624,3842,1666,2237,5391,4485,5147,5686,5760,4381,1089,11,2969,2422,2207,2278,2510,2637,2795,2891,3001,2759,2540,1841,868,221,11,0,64324,3903,0
Mali,1964,100599,29075,60676,31601,3865,1677,2243,5449,4443,5128,5761,5900,4372,1074,11,3020,2429,2188,2255,2487,2641,2829,2932,3094,2806,2533,1839,857,217,11,0,64541,3920,0
Mali,1965,101726,29312,61131,31819,3936,1707,2288,5556,4444,5157,5894,6107,4423,1077,12,3075,2481,2191,2253,2489,2668,2887,3007,3211,2896,2568,1855,861,216,12,0,65067,3995,0
Mali,1966,102216,29504,61306,31802,3969,1714,2317,5607,4407,5129,5972,6269,4441,1070,11,3077,2530,2178,2229,2466,2663,2915,3057,3290,2979,2591,1850,860,210,11,0,65275,4031,0
Mali,1967,102710,29624,61399,31775,4013,1727,2342,5673,4382,5105,6057,6452,4472,1074,11,3086,2587,2171,2211,2452,2653,2944,3113,3364,3088,2622,1850,867,207,11,0,65412,4069,0
Mali,1968,102866,29688,61353,31665,4033,1730,2347,5715,4338,5051,6108,6607,4499,1073,11,3082,2633,2157,2181,2423,2628,2954,3154,3415,3192,2655,1844,870,203,11,0,65386,4077,0
Mali,1969,103071,29646,61210,31564,4070,1744,2366,5763,4325,5010,6169,6774,4552,1074,9,3091,2672,2162,2163,2402,2608,2968,3201,3474,3300,2705,1847,872,202,9,0,65280,4110,0
Mali,1970,102932,29537,60792,31255,4103,1752,2376,5790,4315,4948,6201,6923,4640,1079,9,3111,2679,2176,2139,2368,2580,2965,3236,3528,3395,2776,1864,876,203,9,0,64895,4128,0
Mali,1971,103257,29575,60659,31084,4160,1778,2393,5833,4359,4920,6245,7078,4739,1080,9,3150,2683,2226,2133,2352,2568,2969,3276,3594,3484,2858,1881,875,205,9,0,64819,4171,0
Mali,1972,102057,29440,60053,30613,4104,1737,2333,5696,4262,4745,6127,7089,4817,1081,9,3092,2604,2206,2056,2263,2482,2888,3239,3588,3501,2925,1892,874,207,9,0,64157,4070,0
Mali,1973,101732,29454,59807,30353,4105,1729,2310,5639,4244,4646,6070,7153,4937,1087,9,3064,2575,2222,2022,2212,2434,2840,3230,3615,3538,3019,1918,876,211,9,0,63912,4039,0
Mali,1974,101014,29481,59613,30132,4052,1695,2257,5511,4172,4495,5945,7147,5023,1090,9,3000,2511,2200,1972,2138,2357,2761,3184,3604,3543,3081,1942,878,212,9,0,63665,3952,0
Mali,1975,100282,29539,59381,29842,3999,1668,2211,5397,4096,4347,5811,7140,5120,1102,9,2937,2460,2156,1940,2068,2279,2682,3129,3587,3553,3136,1984,887,215,9,0,63380,3879,0
Mali,1976,98817,29448,58904,29456,3884,1614,2129,5195,3959,4153,5618,7060,5181,1111,9,2818,2377,2064,1895,1976,2177,2579,3039,3529,3531,3157,2024,896,215,9,0,62788,3743,0
Mali,1977,97574,29335,58366,29031,3802,1577,2069,5020,3858,3992,5450,7019,5279,1134,9,2719,2301,1987,1871,1900,2092,2494,2956,3488,3531,3187,2092,914,220,9,0,62168,3646,0
Mali,1978,96359,29248,57855,28607,3704,1540,2007,4847,3765,3840,5280,6970,5381,1161,9,2626,2221,1921,1844,1830,2010,2409,2871,3440,3530,3212,2169,937,224,9,0,61559,3547,0
Mali,1979,95363,29219,57545,28326,3574,1500,1942,4663,3656,3703,5124,6931,5502,1206,9,2527,2136,1850,1806,1770,1933,2329,2795,3395,3536,3249,2253,976,230,9,0,61119,3442,0
Mali,1980,94416,29138,57140,28002,3465,1462,1884,4505,3560,3604,4980,6894,5638,1267,9,2445,2060,1802,1758,1735,1869,2256,2724,3349,3545,3300,2338,1026,241,9,0,60605,3346,0
Mali,1981,94420,29032,56750,27718,3489,1480,1895,4503,3567,3619,4943,6966,5847,1354,10,2450,2053,1819,1748,1765,1854,2234,2709,3357,3609,3400,2447,1097,257,10,0,60239,3375,0
Mali,1982,94044,28714,55984,27270,3524,1496,1909,4505,3559,3631,4894,7020,6064,1450,10,2459,2046,1822,1737,1795,1836,2205,2689,3353,3667,3507,2557,1177,273,10,0,59508,3405,0
Mali,1983,93872,28388,55157,26769,3601,1531,1946,4558,3584,3676,4878,7087,6287,1558,11,2495,2063,1838,1746,1842,1834,2194,2684,3356,3731,3621,2666,1265,293,11,0,58758,3477,0
Mali,1984,93783,28168,54452,26284,3665,1567,1985,4602,3614,3728,4858,7139,6498,1664,12,2524,2078,1858,1756,1884,1844,2182,2676,3356,3783,3726,2772,1350,314,12,0,58117,3552,0
Mali,1985,93348,27923,53733,25810,3690,1589,2001,4592,3616,3744,4810,7136,6667,1756,12,2524,2068,1857,1759,1887,1857,2161,2649,3334,3802,3804,2863,1423,333,12,0,57423,3590,0
Mali,1986,92267,27648,52925,25277,3645,1576,1981,4492,3534,3690,4703,7063,6807,1843,12,2477,2015,1806,1728,1836,1854,2112,2591,3280,3783,3857,2950,1489,354,12,0,56570,3557,0
Mali,1987,91378,27351,52170,24819,3630,1583,1976,4416,3457,3660,4612,6997,6941,1923,11,2445,1971,1760,1697,1795,1865,2071,2541,3237,3760,3905,3036,1548,375,11,0,55800,3559,0
Mali,1988,90485,27152,51606,24454,3580,1580,1959,4314,3352,3619,4515,6902,7047,2001,10,2400,1914,1702,1650,1750,1869,2029,2486,3184,3718,3936,3111,1603,398,10,0,55186,3539,0
Mali,1989,89343,26930,51000,24070,3493,1561,1931,4191,3233,3547,4408,6771,7117,2082,12,2345,1846,1638,1595,1694,1853,1988,2420,3113,3658,3942,3175,1659,423,12,0,54493,3492,0
Mali,1990,88416,26706,50546,23840,3354,1527,1915,4144,3154,3479,4327,6626,7159,2169,14,2330,1814,1600,1554,1659,1820,1967,2360,3035,3591,3926,3233,1716,453,14,0,53900,3442,0
Mali,1991,87706,26838,50362,23524,3278,1511,1878,3998,3020,3381,4266,6502,7217,2275,16,2258,1740,1533,1487,1617,1764,1962,2304,2965,3537,3919,3298,1788,487,16,0,53640,3389,0
Mali,1992,88316,26946,50275,23329,3353,1562,1942,4092,3036,3395,4320,6520,7386,2412,21,2321,1771,1546,1490,1629,1766,2018,2302,2963,3557,3974,3412,1885,527,21,0,53628,3504,0
Mali,1993,89541,27015,50325,23310,3494,1640,2044,4291,3110,3457,4427,6585,7581,2559,26,2442,1849,1590,1520,1663,1794,2100,2327,2984,3601,4044,3537,1991,568,26,0,53819,3684,0
Mali,1994,90870,27219,50527,23308,3572,1698,2159,4576,3215,3530,4536,6617,7718,2692,30,2608,1968,1655,1560,1704,1826,2174,2362,2995,3622,4085,3633,2085,607,30,0,54099,3857,0
Mali,1995,91291,27149,50368,23219,3657,1754,2212,4642,3220,3547,4592,6615,7825,2821,37,2653,1989,1661,1559,1707,1840,2195,2397,2991,3624,4116,3709,2173,648,37,0,54025,3966,0
Mali,1996,91973,27231,50321,23090,3725,1804,2290,4813,3281,3592,4664,6609,7898,2939,41,2752,2061,1700,1581,1718,1874,2202,2462,2991,3618,4133,3765,2249,690,41,0,54046,4094,0
Mali,1997,91425,27416,50147,22731,3637,1770,2274,4798,3226,3512,4640,6483,7861,3030,47,2744,2054,1681,1545,1672,1840,2156,2484,2933,3550,4092,3769,2303,727,47,0,53784,4044,0
Mali,1998,91175,27693,50338,22645,3512,1725,2234,4754,3179,3433,4632,6372,7817,3125,55,2717,2037,1666,1513,1628,1805,2118,2514,2886,3486,4051,3766,2358,767,55,0,53850,3959,0
Mali,1999,91165,28160,50587,22427,3401,1681,2212,4782,3177,3381,4618,6279,7757,3223,66,2726,2056,1678,1499,1599,1782,2086,2532,2857,3422,4000,3757,2409,814,66,0,53988,3893,0
Mali,2000,91200,28437,50706,22269,3343,1659,2190,4790,3188,3348,4613,6258,7740,3286,80,2721,2069,1694,1494,1582,1766,2083,2530,2872,3386,3968,3772,2465,821,79,1,54049,3849,0
Mali,2001,91599,28597,50680,22083,3329,1656,2206,4913,3266,3356,4630,6308,7755,3402,99,2781,2132,1747,1519,1593,1763,2105,2525,2936,3372,3956,3799,2519,883,98,1,54009,3862,0
Mali,2002,91587,28745,50611,21866,3269,1632,2180,4946,3315,3338,4609,6339,7741,3495,117,2786,2160,1780,1535,1590,1748,2104,2505,2995,3344,3927,3814,2556,939,116,1,53880,3812,0
Mali,2003,92100,28891,50527,21636,3288,1639,2197,5073,3432,3372,4631,6437,7774,3594,134,2842,2231,1849,1583,1615,1757,2117,2514,3086,3351,3926,3848,2601,993,133,1,53815,3836,0
Mali,2004,92686,29108,50485,21377,3334,1652,2210,5188,3561,3413,4664,6541,7803,3682,151,2888,2300,1921,1640,1643,1770,2137,2527,3163,3378,3926,3877,2643,1039,150,1,53819,3862,0
Mali,2005,93620,29323,50488,21165,3431,1682,2239,5354,3731,3490,4734,6669,7857,3774,170,2961,2393,2017,1714,1690,1800,2166,2568,3216,3453,3947,3910,2694,1080,168,2,53919,3921,0
Mali,2006,93731,29302,50303,21001,3446,1674,2217,5372,3825,3522,4758,6735,7852,3841,187,2953,2419,2067,1758,1713,1809,2162,2596,3205,3530,3939,3913,2729,1112,184,3,53749,3891,0
Mali,2007,94356,29216,49984,20768,3555,1705,2248,5513,4002,3623,4822,6884,7902,3918,200,3010,2503,2163,1839,1777,1846,2186,2636,3227,3657,3963,3939,2776,1142,196,4,53539,3953,0
Mali,2008,95075,29149,49584,20435,3674,1746,2297,5701,4218,3751,4889,7052,7965,3987,210,3094,2607,2277,1941,1855,1896,2216,2673,3258,3794,3999,3966,2819,1168,206,4,53258,4043,0
Mali,2009,95199,29150,49234,20084,3729,1765,2290,5690,4329,3832,4921,7153,8003,4032,220,3073,2617,2327,2002,1909,1923,2228,2693,3268,3885,4030,3973,2843,1189,215,5,52963,4055,0
Mali,2010,95496,29113,48814,19701,3814,1806,2309,5722,4472,3942,4969,7245,8100,4074,224,3076,2646,2395,2077,1979,1963,2252,2717,3309,3936,4112,3988,2864,1210,220,4,52628,4115,0
Mali,2011,96057,29007,48357,19350,3929,1873,2348,5809,4657,4095,5041,7341,8265,4118,225,3112,2697,2483,2174,2070,2025,2296,2745,3380,3961,4248,4017,2886,1232,221,4,52286,4221,0
Mali,2012,96751,28882,47856,18974,4000,1930,2416,6027,4903,4283,5118,7409,8436,4148,224,3222,2805,2607,2296,2179,2104,2344,2774,3426,3983,4398,4038,2902,1246,221,3,51856,4346,0
Mali,2013,97191,28473,47070,18597,4150,2028,2500,6184,5106,4478,5213,7496,8633,4140,191,3307,2877,2699,2407,2288,2190,2402,2811,3472,4024,4564,4069,2906,1234,189,2,51220,4528,0
Mali,2014,96607,28159,46289,18130,4156,2066,2486,6021,5108,4588,5240,7512,8771,4165,202,3226,2795,2676,2432,2344,2244,2426,2814,3487,4025,4666,4105,2914,1251,200,2,50445,4552,0
Mali,2015,96593,27931,45591,17660,4175,2111,2529,6034,5199,4751,5308,7571,8912,4192,216,3244,2790,2702,2497,2429,2322,2470,2838,3507,4064,4720,4192,2928,1264,214,2,49766,4640,0
Mali,2016,96342,27688,44894,17206,4177,2148,2560,5959,5221,4892,5379,7629,9037,4220,225,3215,2744,2689,2532,2499,2393,2519,2860,3511,4118,4718,4319,2943,1277,221,4,49071,4708,0
Mali,2017,97089,27538,44366,16828,4199,2193,2667,6169,5407,5128,5522,7707,9222,4264,239,3337,2832,2771,2636,2618,2510,2606,2916,3537,4170,4740,4482,2970,1294,235,4,48565,4860,0
Mali,2018,98755,27399,43912,16513,4337,2295,2844,6514,5672,5452,5759,7860,9504,4349,251,3535,2979,2894,2778,2783,2669,2745,3014,3608,4252,4821,4683,3027,1322,245,6,48249,5139,0
Mali,2019,99049,27184,43336,16152,4327,2327,2913,6593,5730,5645,5912,7928,9660,4416,258,3594,2999,2908,2822,2870,2775,2842,3070,3636,4292,4849,4811,3078,1338,254,4,47663,5240,0
Mali,2020,106288,27022,42830,15808,4240,2324,3019,6888,6155,6654,7250,9875,11505,5249,295,3773,3115,3054,3101,3331,3323,3473,3777,4530,5345,5894,5611,3648,1601,288,7,47070,5343,0
Mali,2021,107223,26888,42318,15430,4280,2376,3098,6936,6203,6950,7584,10115,11767,5303,292,3816,3120,3065,3138,3443,3507,3679,3905,4641,5474,6082,5685,3759,1544,284,8,46598,5474,0
Malta,1950,2372,385,422,37,12,7,15,40,44,99,242,417,644,409,23,20,20,20,24,41,58,95,147,183,234,272,372,292,117,22,1,434,22,0
Malta,1951,2215,345,385,40,12,7,13,37,44,98,234,405,586,375,19,17,20,20,24,40,58,91,143,181,224,257,329,270,105,18,1,397,20,0
Malta,1952,1981,306,342,36,12,6,13,32,41,88,213,373,510,330,16,15,17,20,21,35,53,83,130,171,202,235,275,239,91,16,0,354,19,0
Malta,1953,1767,298,330,32,10,6,12,30,36,78,187,336,437,291,12,15,15,17,19,30,48,72,115,156,180,209,228,209,82,12,0,340,18,0
Malta,1954,1999,336,372,36,13,10,13,32,40,90,212,391,488,322,14,16,16,20,20,34,56,82,130,184,207,239,249,230,92,14,0,385,23,0
Malta,1955,1687,256,288,32,13,9,12,30,36,76,184,344,417,272,12,15,15,17,19,27,49,73,111,161,183,207,210,189,83,12,0,301,21,0
Malta,1956,1782,266,298,32,12,10,12,30,37,78,195,373,445,278,14,15,15,17,20,27,51,79,116,173,200,221,224,189,89,14,0,310,22,0
Malta,1957,1886,285,318,33,13,11,13,30,39,79,208,402,472,284,14,15,15,19,20,27,52,85,123,182,220,234,238,188,96,14,0,331,24,0
Malta,1958,1473,220,244,24,10,9,10,22,31,62,165,322,374,213,12,12,10,15,16,22,40,68,97,143,179,184,190,138,75,12,0,254,19,0
Malta,1959,1699,229,258,29,12,11,15,30,37,69,195,379,440,247,16,15,15,17,20,25,44,81,114,166,213,216,224,159,88,16,0,270,26,0
Malta,1960,1541,218,241,23,11,10,14,21,32,59,176,344,401,214,15,11,10,15,17,22,37,72,104,149,195,199,202,140,74,15,0,252,24,0
Malta,1961,1466,163,186,23,9,9,14,21,30,57,175,337,399,209,17,11,10,13,17,22,35,70,105,145,192,200,199,140,69,17,0,195,23,0
Malta,1962,1564,179,200,21,10,9,16,21,31,61,183,359,432,221,19,11,10,14,17,25,36,71,112,155,204,220,212,150,71,18,1,210,25,0
Malta,1963,1593,157,177,20,10,10,17,23,32,63,189,376,454,226,19,13,10,15,17,26,37,71,118,163,213,236,218,158,68,18,1,187,27,0
Malta,1964,1485,135,153,18,7,10,16,23,29,57,174,353,431,211,18,13,10,13,16,24,33,63,111,155,198,225,206,149,62,17,1,160,26,0
Malta,1965,1585,123,140,17,8,10,17,24,31,64,185,388,473,228,19,14,10,15,16,26,38,65,120,173,215,248,225,162,66,18,1,148,27,0
Malta,1966,1501,106,120,14,7,8,17,25,27,62,171,374,458,216,16,15,10,12,15,25,37,58,113,169,205,238,220,154,62,15,1,127,25,0
Malta,1967,1458,105,117,12,6,7,17,25,27,59,162,369,446,205,16,15,10,12,15,23,36,55,107,168,201,230,216,148,57,15,1,123,24,0
Malta,1968,1460,101,113,12,5,7,16,27,27,59,157,376,451,204,14,16,11,12,15,22,37,54,103,171,205,230,221,147,57,13,1,118,23,0
Malta,1969,1587,109,121,12,5,7,18,28,27,65,166,416,493,222,16,16,12,12,15,24,41,60,106,188,228,249,244,160,62,15,1,126,25,0
Malta,1970,1584,118,129,11,5,7,17,31,26,64,162,420,487,220,14,18,13,11,15,23,41,60,102,186,234,246,241,159,61,13,1,134,24,0
Malta,1971,1527,115,126,11,5,7,16,30,25,60,153,408,471,210,12,17,13,10,15,22,38,60,93,176,232,239,232,153,57,11,1,131,23,0
Malta,1972,1439,82,93,11,5,6,15,30,24,58,146,392,454,202,12,17,13,10,14,21,37,59,87,164,228,233,221,149,53,11,1,98,21,0
Malta,1973,1407,105,115,10,5,6,14,29,23,54,141,375,440,197,11,16,13,10,13,19,35,59,82,151,224,228,212,145,52,11,0,120,20,0
Malta,1974,1284,77,86,9,5,6,12,29,22,49,130,342,414,186,9,16,13,10,12,18,31,55,75,133,209,218,196,137,49,9,0,91,18,0
Malta,1975,1324,81,90,9,5,5,12,29,22,49,133,341,435,194,9,15,14,11,11,18,31,55,78,128,213,232,203,142,52,9,0,95,17,0
Malta,1976,1334,86,95,9,5,5,11,30,22,48,135,332,448,194,10,15,15,12,10,19,29,55,80,122,210,241,207,142,52,10,0,100,16,0
Malta,1977,1393,74,83,9,5,5,11,30,25,50,144,336,485,206,12,15,15,15,10,19,31,57,87,123,213,261,224,149,57,11,1,88,16,0
Malta,1978,1412,71,81,10,5,5,11,30,26,50,145,329,508,210,12,15,15,15,11,19,31,56,89,122,207,273,235,152,58,11,1,86,16,0
Malta,1979,1448,77,85,8,5,5,10,30,29,51,147,324,534,213,11,15,15,15,14,19,32,54,93,123,201,284,250,155,58,11,0,90,15,0
Malta,1980,1495,73,82,9,5,5,11,30,32,51,153,326,563,224,11,15,15,17,15,18,33,55,98,130,196,294,269,164,60,11,0,87,16,0
Malta,1981,1368,61,68,7,4,5,9,29,30,45,137,295,524,211,12,14,15,15,15,16,29,49,88,124,171,264,260,155,56,11,1,72,14,0
Malta,1982,1588,75,83,8,5,5,9,31,39,51,155,335,612,249,14,15,16,19,20,19,32,55,100,147,188,298,314,186,63,13,1,88,14,0
Malta,1983,1374,69,76,7,5,5,7,26,32,46,130,287,527,223,12,11,15,16,16,17,29,48,82,130,157,247,280,168,55,11,1,81,12,0
Malta,1984,1447,54,62,8,5,5,8,27,38,48,136,306,555,252,12,12,15,18,20,19,29,50,86,140,166,250,305,190,62,11,1,67,13,0
Malta,1985,1556,72,79,7,5,5,8,25,39,51,141,329,578,283,12,10,15,18,21,21,30,53,88,148,181,252,326,214,69,11,1,84,13,0
Malta,1986,1457,47,54,7,4,5,7,24,36,50,131,316,534,286,12,10,14,16,20,22,28,50,81,139,177,228,306,217,69,11,1,58,12,0
Malta,1987,1395,39,45,6,4,4,8,22,37,49,122,301,499,296,12,10,12,17,20,22,27,46,76,128,173,210,289,222,74,11,1,49,12,0
Malta,1988,1427,31,36,5,3,4,8,22,36,52,122,309,499,324,13,10,12,16,20,24,28,45,77,127,182,210,289,241,83,12,1,39,12,0
Malta,1989,1360,51,55,4,2,2,7,20,32,51,113,284,457,322,13,9,11,14,18,23,28,42,71,113,171,197,260,236,86,12,1,57,9,0
Malta,1990,1391,40,45,5,2,2,6,19,33,55,113,287,463,350,17,9,10,14,19,25,30,41,72,112,175,207,256,250,100,16,1,47,8,0
Malta,1991,1471,43,49,6,3,3,6,20,31,60,115,296,483,382,20,10,10,13,18,26,34,40,75,115,181,226,257,265,117,19,1,52,9,0
Malta,1992,1510,43,47,4,1,2,7,20,31,67,115,298,497,403,25,10,10,13,18,28,39,41,74,117,181,241,256,272,131,23,2,48,9,0
Malta,1993,1443,39,44,5,0,2,5,18,29,63,110,274,477,391,27,8,10,12,17,25,38,40,70,109,165,234,243,255,136,25,2,44,7,0
Malta,1994,1394,32,37,5,1,1,5,17,27,62,106,258,465,384,31,9,8,11,16,25,37,41,65,104,154,227,238,242,142,29,2,38,6,0
Malta,1995,1423,37,42,5,0,2,6,15,24,63,110,254,480,393,36,8,7,10,14,25,38,46,64,103,151,227,253,241,152,34,2,42,8,0
Malta,1996,1693,41,46,5,1,3,5,19,29,74,131,297,578,464,48,9,10,12,17,29,45,61,70,123,174,264,314,277,187,45,3,47,8,0
Malta,1997,1556,24,29,5,1,1,5,17,25,68,124,272,539,425,48,8,9,10,15,26,42,61,63,112,160,238,301,251,174,45,3,30,6,0
Malta,1998,1565,28,32,4,1,2,5,15,23,67,127,269,538,430,55,6,9,10,13,25,42,62,65,110,159,231,307,254,176,51,4,33,7,0
Malta,1999,1553,21,25,4,0,1,5,13,23,63,131,263,529,437,59,5,8,10,13,22,41,62,69,108,155,220,309,260,177,54,5,25,6,0
Malta,2000,1775,21,25,4,1,1,5,15,23,70,158,295,595,511,74,6,9,10,13,25,45,72,86,118,177,245,350,311,200,67,7,26,6,0
Malta,2001,1572,12,15,3,0,0,4,12,21,61,151,255,517,463,71,5,7,10,11,22,39,66,85,96,159,211,306,288,175,63,8,15,4,0
Malta,2002,1684,12,14,2,0,0,4,13,21,60,170,266,540,509,78,5,8,10,11,21,39,70,100,101,165,222,318,320,189,69,9,14,4,0
Malta,2003,1705,21,22,1,0,1,4,12,20,59,174,269,531,526,83,5,7,9,11,20,39,70,104,104,165,222,309,330,196,72,11,22,5,0
Malta,2004,1628,14,15,1,0,0,4,10,19,54,164,260,498,516,83,5,5,9,10,19,35,66,98,106,154,212,286,320,196,72,11,15,4,0
Malta,2005,1651,15,17,2,0,0,3,11,19,50,166,266,493,534,89,5,6,9,10,16,34,63,103,117,149,212,281,325,209,76,13,17,3,0
Malta,2006,1726,13,14,1,0,0,4,10,19,50,171,280,510,568,96,5,5,9,10,17,33,64,107,136,144,224,286,336,232,82,14,14,4,1
Malta,2007,1695,12,13,1,0,0,4,10,18,44,164,281,495,563,98,5,5,8,10,14,30,60,104,146,135,216,279,325,238,83,15,13,4,1
Malta,2008,1715,21,22,1,0,0,4,10,17,41,161,290,493,565,108,5,5,8,9,13,28,58,103,151,139,214,279,318,247,90,18,22,4,1
Malta,2009,1715,11,12,1,0,0,4,10,17,40,159,301,492,565,114,5,5,7,10,13,27,55,104,150,151,211,281,312,253,96,18,12,4,1
Malta,2010,1534,12,13,1,0,0,3,9,12,34,135,281,429,504,111,4,5,5,7,12,22,48,87,136,145,179,250,274,230,93,18,13,3,1
Malta,2011,1779,15,16,1,0,0,4,9,15,37,147,343,485,580,141,4,5,5,10,14,23,51,96,156,187,192,293,312,268,116,25,16,4,2
Malta,2012,1756,14,15,1,0,0,3,9,14,35,142,353,466,568,147,4,5,5,9,14,21,48,94,151,202,180,286,307,261,120,27,15,3,2
Malta,2013,1757,15,16,1,0,0,3,10,13,34,134,358,467,566,151,5,5,5,8,13,21,45,89,149,209,183,284,308,258,124,27,16,3,3
Malta,2014,1676,11,12,1,0,0,2,10,12,31,119,339,455,538,153,5,5,5,7,12,19,41,78,142,197,188,267,295,243,124,29,12,2,3
Malta,2015,1699,17,18,1,0,0,1,10,11,31,113,335,463,546,162,5,5,5,6,12,19,36,77,134,201,206,257,302,244,129,33,18,1,3
Malta,2016,1654,22,23,1,0,0,0,10,11,30,105,318,450,534,163,5,5,5,6,11,19,35,70,124,194,220,230,297,237,129,34,23,0,4
Malta,2017,1755,19,21,2,0,0,0,9,14,31,105,329,488,571,182,4,5,6,8,11,20,34,71,128,201,255,233,316,255,142,40,21,0,5
Malta,2018,1870,18,20,2,0,0,0,9,15,34,105,343,529,610,197,4,5,6,9,13,21,35,70,132,211,280,249,337,273,153,44,20,0,6
Malta,2019,1946,10,13,3,0,0,0,9,16,33,106,346,567,640,209,4,5,7,9,12,21,35,71,128,218,290,277,349,291,160,49,13,0,7
Malta,2020,2171,6,8,2,0,0,0,6,14,36,109,359,668,729,235,1,5,5,9,13,23,38,71,136,223,330,338,386,343,179,56,8,0,9
Malta,2021,2093,4,4,0,0,0,0,5,13,30,97,328,682,689,231,0,5,5,8,11,19,35,62,122,206,320,362,350,339,175,56,4,0,9
Marshall Islands,1950,133,31,42,11,5,0,0,10,10,10,10,20,20,10,0,5,5,5,5,5,5,5,5,10,10,10,10,9,1,0,0,47,0,0
Marshall Islands,1951,128,31,42,11,5,1,0,10,10,10,10,18,20,11,0,5,5,5,5,5,5,5,5,9,9,10,10,9,2,0,0,47,1,0
Marshall Islands,1952,119,31,42,11,5,2,4,10,10,10,10,15,12,6,0,5,5,5,5,5,5,5,5,7,8,7,5,5,1,0,0,47,6,0
Marshall Islands,1953,108,32,43,11,5,5,5,10,10,10,10,13,10,5,0,5,5,5,5,5,5,5,5,6,7,5,5,5,0,0,0,48,10,0
Marshall Islands,1954,97,33,44,11,5,5,5,6,10,10,8,10,4,0,0,4,2,5,5,5,5,5,3,5,5,2,2,0,0,0,0,49,10,0
Marshall Islands,1955,106,34,45,11,5,5,5,10,10,10,10,10,10,0,0,5,5,5,5,5,5,5,5,5,5,5,5,0,0,0,0,50,10,0
Marshall Islands,1956,116,34,45,11,5,3,5,10,10,10,10,13,10,5,0,5,5,5,5,5,5,5,5,5,8,5,5,3,2,0,0,50,8,0
Marshall Islands,1957,126,34,45,11,5,1,5,10,10,10,10,14,14,10,1,5,5,5,5,5,5,5,5,5,9,9,5,5,5,1,0,50,6,0
Marshall Islands,1958,138,34,45,11,5,1,3,10,10,10,10,17,20,11,3,5,5,5,5,5,5,5,5,7,10,10,10,6,5,3,0,50,4,0
Marshall Islands,1959,144,34,46,12,5,1,2,10,10,10,10,19,20,13,3,5,5,5,5,5,5,5,5,9,10,10,10,8,5,3,0,51,3,0
Marshall Islands,1960,143,34,45,11,5,1,4,10,10,10,10,19,20,13,3,5,5,5,5,5,5,5,5,9,10,10,10,8,5,3,0,50,5,0
Marshall Islands,1961,144,34,45,11,5,1,5,10,10,10,10,19,20,13,2,5,5,5,5,5,5,5,5,9,10,10,10,8,5,2,0,50,6,0
Marshall Islands,1962,144,33,44,11,5,1,5,10,10,10,10,20,20,13,1,5,5,5,5,5,5,5,5,10,10,10,10,8,5,1,0,49,6,0
Marshall Islands,1963,144,33,44,11,5,1,5,10,10,10,10,20,20,14,0,5,5,5,5,5,5,5,5,10,10,10,10,9,5,0,0,49,6,0
Marshall Islands,1964,147,33,44,11,5,2,5,10,10,10,10,20,20,14,0,5,5,5,5,5,5,5,5,10,10,10,10,10,4,0,0,49,7,0
Marshall Islands,1965,149,33,44,11,5,2,5,10,10,10,10,20,24,16,0,5,5,5,5,5,5,5,5,10,10,13,11,10,6,0,0,49,7,0
Marshall Islands,1966,153,34,45,11,5,2,5,10,10,10,11,20,27,17,1,5,5,5,5,5,5,5,6,10,10,15,12,10,7,1,0,50,7,0
Marshall Islands,1967,157,34,44,10,5,2,5,10,10,10,11,20,29,18,3,5,5,5,5,5,5,5,6,10,10,15,14,10,8,3,0,49,7,0
Marshall Islands,1968,159,34,44,10,5,1,5,10,10,10,13,20,28,18,3,5,5,5,5,5,5,5,8,10,10,14,14,10,8,3,0,49,6,0
Marshall Islands,1969,160,35,46,11,5,1,5,10,10,10,13,20,20,18,3,5,5,5,5,5,5,5,8,10,10,10,10,10,8,3,0,51,6,0
Marshall Islands,1970,161,36,47,11,5,2,5,10,10,13,20,20,17,15,3,5,5,5,5,5,8,10,10,10,10,10,7,6,9,3,0,52,7,0
Marshall Islands,1971,161,37,47,10,5,2,5,10,10,14,20,20,16,10,3,5,5,5,5,5,9,10,10,10,10,10,6,5,5,3,0,52,7,0
Marshall Islands,1972,161,37,47,10,5,3,5,10,10,11,20,20,20,10,3,5,5,5,5,5,6,10,10,10,10,10,10,5,5,3,0,52,8,0
Marshall Islands,1973,161,37,47,10,5,3,5,10,10,10,19,20,20,13,3,5,5,5,5,5,5,9,10,10,10,10,10,8,5,3,0,52,8,0
Marshall Islands,1974,163,38,48,10,5,2,5,10,10,10,17,20,20,15,3,5,5,5,5,5,5,7,10,10,10,10,10,10,5,3,0,53,7,0
Marshall Islands,1975,164,39,49,10,5,2,5,10,10,10,16,20,20,15,2,5,5,5,5,5,5,6,10,10,10,10,10,10,5,2,0,54,7,0
Marshall Islands,1976,166,41,52,11,5,2,5,10,10,10,16,20,20,14,1,5,5,5,5,5,5,6,10,10,10,10,10,9,5,1,0,57,7,0
Marshall Islands,1977,167,42,53,11,5,5,5,10,10,10,15,20,20,15,1,5,5,5,5,5,5,5,10,10,10,10,10,10,5,1,0,58,10,0
Marshall Islands,1978,169,43,54,11,5,5,5,10,10,10,15,22,20,14,1,5,5,5,5,5,5,5,10,12,10,10,10,9,5,1,0,59,10,0
Marshall Islands,1979,171,43,54,11,6,5,5,10,10,10,14,24,20,12,0,5,5,5,5,5,5,5,9,14,10,10,10,7,5,0,0,60,10,0
Marshall Islands,1980,172,44,55,11,6,5,5,10,10,10,18,26,20,12,1,5,5,5,5,5,5,8,10,14,12,10,10,7,5,1,0,61,10,0
Marshall Islands,1981,174,45,56,11,6,5,5,10,10,10,18,26,20,10,0,5,5,5,5,5,5,8,10,13,13,10,10,5,5,0,0,62,10,0
Marshall Islands,1982,177,45,56,11,6,5,5,10,10,10,18,27,20,11,0,5,5,5,5,5,5,8,10,13,14,10,10,6,5,0,0,62,10,0
Marshall Islands,1983,178,46,57,11,6,5,5,10,10,10,17,27,20,9,0,5,5,5,5,5,5,7,10,12,15,10,10,6,3,0,0,63,10,0
Marshall Islands,1984,180,46,57,11,6,5,5,10,10,10,17,26,21,8,0,5,5,5,5,5,5,7,10,11,15,11,10,5,3,0,0,63,10,0
Marshall Islands,1985,182,46,57,11,6,5,5,10,10,10,16,25,21,8,0,5,5,5,5,5,5,6,10,10,15,12,9,5,3,0,0,63,10,0
Marshall Islands,1986,185,46,57,11,6,5,5,10,10,10,16,25,26,9,0,5,5,5,5,5,5,6,10,10,15,15,11,5,4,0,0,63,10,0
Marshall Islands,1987,189,45,56,11,6,5,5,10,10,10,16,25,27,10,0,5,5,5,5,5,5,6,10,10,15,15,12,6,4,0,0,62,10,0
Marshall Islands,1988,192,44,54,10,6,5,5,10,13,10,16,25,28,9,0,5,5,5,8,5,5,6,10,10,15,15,13,6,3,0,0,60,10,0
Marshall Islands,1989,193,43,53,10,6,5,5,10,15,12,16,25,28,10,0,5,5,5,10,7,5,6,10,11,14,15,13,7,3,0,0,59,10,0
Marshall Islands,1990,194,41,51,10,6,5,6,13,16,15,17,25,26,12,0,8,5,6,10,10,5,7,10,12,13,15,11,8,4,0,0,57,11,0
Marshall Islands,1991,193,40,49,9,6,5,6,13,15,20,19,25,26,13,0,8,5,5,10,10,10,9,10,13,12,15,11,9,4,0,0,55,11,0
Marshall Islands,1992,192,38,47,9,5,5,6,14,15,20,20,25,27,12,0,9,5,5,10,10,10,10,10,13,12,15,12,9,3,0,0,52,11,0
Marshall Islands,1993,191,37,46,9,5,5,7,14,15,20,20,24,27,12,0,9,5,5,10,10,10,10,10,12,12,15,12,9,3,0,0,51,12,0
Marshall Islands,1994,191,36,45,9,5,5,7,15,15,20,20,24,27,12,0,10,5,5,10,10,10,10,10,11,13,14,13,9,3,0,0,50,12,0
Marshall Islands,1995,190,36,45,9,5,5,7,15,14,20,20,25,25,13,0,10,5,5,9,10,10,10,10,11,14,12,13,9,4,0,0,50,12,0
Marshall Islands,1996,189,35,43,8,5,5,7,14,14,20,20,24,23,12,0,9,5,5,9,10,10,10,10,10,14,10,13,8,4,0,0,48,12,0
Marshall Islands,1997,189,35,44,9,5,5,7,14,13,20,20,24,22,13,0,9,5,5,8,10,10,10,10,10,14,10,12,8,5,0,0,49,12,0
Marshall Islands,1998,191,36,45,9,5,5,7,15,13,20,20,23,22,13,0,10,5,5,8,10,10,10,10,10,13,11,11,8,5,0,0,50,12,0
Marshall Islands,1999,192,36,45,9,5,5,7,15,14,21,21,22,22,13,0,10,5,5,9,10,11,11,10,10,12,12,10,8,5,0,0,50,12,0
Marshall Islands,2000,198,37,46,9,5,5,8,16,15,23,23,22,23,14,0,10,6,5,10,10,13,13,10,10,12,13,10,9,5,0,0,51,13,0
Marshall Islands,2001,196,36,45,9,5,5,8,15,14,22,24,21,23,14,1,10,5,5,9,10,12,14,10,10,11,13,10,9,5,1,0,50,13,0
Marshall Islands,2002,198,36,44,8,5,5,8,16,14,22,26,20,24,14,0,10,6,5,9,10,12,15,11,10,10,14,10,9,5,0,0,49,13,0
Marshall Islands,2003,200,35,42,7,5,5,8,16,16,22,30,20,24,15,0,10,6,6,10,10,12,15,15,10,10,14,10,10,5,0,0,47,13,0
Marshall Islands,2004,201,35,42,7,5,5,8,17,16,21,30,21,23,11,0,10,7,6,10,10,11,15,15,11,10,13,10,7,4,0,0,47,13,0
Marshall Islands,2005,202,34,41,7,5,5,7,17,16,21,30,23,23,10,0,10,7,6,10,10,11,15,15,13,10,12,11,5,5,0,0,46,12,0
Marshall Islands,2006,203,34,41,7,5,5,7,18,15,21,32,24,22,11,0,10,8,5,10,10,11,15,17,14,10,10,12,6,5,0,0,46,12,0
Marshall Islands,2007,204,33,40,7,5,5,7,19,19,22,34,25,20,11,0,10,9,9,10,10,12,15,19,15,10,10,10,6,5,0,0,45,12,0
Marshall Islands,2008,206,32,39,7,5,5,7,20,18,22,36,27,20,10,1,10,10,8,10,10,12,16,20,16,11,10,10,5,5,1,0,44,12,0
Marshall Islands,2009,206,30,37,7,5,5,7,20,19,22,36,29,20,10,1,10,10,9,10,10,12,16,20,17,12,10,10,5,5,1,0,42,12,0
Marshall Islands,2010,206,29,36,7,5,5,6,20,20,23,35,31,20,11,1,10,10,10,10,10,13,15,20,18,13,10,10,6,5,1,0,41,11,0
Marshall Islands,2011,205,28,34,6,5,5,5,20,20,24,35,35,20,11,0,10,10,10,10,10,14,15,20,21,14,10,10,6,5,0,0,39,10,0
Marshall Islands,2012,202,25,31,6,5,5,5,19,20,24,35,37,17,10,1,9,10,10,10,10,14,15,20,22,15,10,7,5,5,1,0,36,10,0
Marshall Islands,2013,201,24,30,6,5,4,5,18,20,23,35,39,18,9,1,8,10,10,10,10,13,15,20,22,17,11,7,5,4,1,0,35,9,0
Marshall Islands,2014,199,22,27,5,5,2,5,15,19,23,35,41,19,8,0,6,9,9,10,10,13,15,20,23,18,12,7,5,3,0,0,32,7,0
Marshall Islands,2015,196,20,24,4,5,2,5,10,18,25,35,43,20,7,0,5,5,8,10,10,15,15,20,23,20,13,7,5,2,0,0,29,7,0
Marshall Islands,2016,194,18,22,4,4,1,5,10,17,24,34,45,19,8,0,5,5,7,10,10,14,15,19,23,22,13,6,5,3,0,0,26,6,0
Marshall Islands,2017,192,17,21,4,4,1,5,10,16,24,34,47,21,8,0,5,5,6,10,10,14,16,18,23,24,14,7,5,3,0,0,25,6,0
Marshall Islands,2018,190,15,19,4,4,0,5,10,15,23,34,48,23,9,0,5,5,5,10,10,13,16,18,23,25,16,7,5,4,0,0,23,5,0
Marshall Islands,2019,188,14,18,4,4,0,5,10,14,22,35,47,27,9,0,5,5,5,9,10,12,16,19,22,25,18,9,5,4,0,0,22,5,0
Marshall Islands,2020,187,13,17,4,2,0,5,10,14,22,35,46,28,9,0,5,5,5,9,10,12,15,20,21,25,20,8,5,4,0,0,19,5,0
Marshall Islands,2021,185,12,16,4,1,0,5,10,13,21,34,45,30,7,0,5,5,5,8,10,11,15,19,21,24,21,9,5,2,0,0,17,5,0
Martinique,1950,2002,324,443,119,20,14,27,85,119,182,221,342,374,166,7,38,47,51,68,84,98,113,108,153,189,195,179,121,45,7,0,463,41,0
Martinique,1951,1907,314,431,117,22,13,27,81,115,181,215,318,348,149,5,37,44,50,65,84,97,109,106,140,178,182,166,112,37,5,0,453,40,0
Martinique,1952,1836,309,424,115,23,12,28,79,109,179,215,295,327,139,4,36,43,48,61,82,97,107,108,130,165,170,157,106,33,4,0,447,40,0
Martinique,1953,1772,303,416,113,24,12,29,77,105,177,215,275,308,130,4,35,42,46,59,80,97,106,109,121,154,160,148,99,31,4,0,440,41,0
Martinique,1954,1660,293,399,106,24,12,26,72,96,168,206,249,280,119,4,34,38,42,54,76,92,101,105,110,139,145,135,91,28,4,0,423,38,0
Martinique,1955,1576,289,391,102,23,11,25,67,90,161,197,232,262,113,4,32,35,41,49,72,89,96,101,104,128,135,127,87,26,4,0,414,36,0
Martinique,1956,1625,296,403,107,23,12,24,69,92,167,208,240,269,114,4,34,35,41,51,73,94,103,105,111,129,139,130,88,26,4,0,426,36,0
Martinique,1957,1622,298,407,109,24,15,23,68,91,165,210,239,262,113,4,34,34,40,51,71,94,104,106,116,123,135,127,87,26,4,0,431,38,0
Martinique,1958,1638,301,413,112,23,15,23,68,91,167,218,243,263,113,4,34,34,40,51,71,96,109,109,122,121,135,128,87,26,4,0,436,38,0
Martinique,1959,1575,288,395,107,23,15,21,63,86,160,215,234,251,110,3,31,32,37,49,65,95,107,108,120,114,128,123,84,26,3,0,418,36,0
Martinique,1960,1514,272,375,103,22,15,21,58,83,152,211,229,240,105,3,28,30,36,47,62,90,105,106,118,111,121,119,80,25,3,0,397,36,0
Martinique,1961,1481,259,359,100,22,15,21,56,79,145,209,229,235,105,3,26,30,33,46,60,85,104,105,117,112,116,119,79,26,3,0,381,36,0
Martinique,1962,1485,248,347,99,22,14,23,55,78,144,214,240,233,109,4,25,30,33,45,60,84,105,109,122,118,114,119,83,26,4,0,369,37,0
Martinique,1963,1429,229,323,94,22,15,23,53,73,138,210,238,223,108,4,24,29,31,42,58,80,102,108,119,119,106,117,81,27,4,0,345,38,0
Martinique,1964,1406,217,306,89,22,14,23,50,70,133,210,241,218,112,4,22,28,30,40,57,76,101,109,120,121,104,114,84,28,4,0,328,37,0
Martinique,1965,1359,201,285,84,22,15,26,47,67,126,206,241,213,114,4,22,25,29,38,54,72,98,108,120,121,102,111,86,28,4,0,307,41,0
Martinique,1966,1359,190,270,80,22,15,25,47,66,125,205,247,214,119,4,24,23,30,36,53,72,95,110,124,123,105,109,88,31,4,0,292,40,0
Martinique,1967,1352,183,260,77,22,15,25,47,63,125,202,250,216,123,5,25,22,28,35,53,72,92,110,126,124,109,107,91,32,5,0,282,40,0
Martinique,1968,1365,172,246,74,21,15,26,48,63,122,204,261,220,128,6,27,21,28,35,51,71,91,113,131,130,115,105,94,34,6,0,267,41,0
Martinique,1969,1336,158,226,68,20,16,26,48,60,120,199,266,220,131,6,28,20,27,33,50,70,88,111,133,133,117,103,95,36,6,0,246,42,0
Martinique,1970,1362,155,225,70,24,17,26,50,58,118,199,274,226,133,7,29,21,25,33,48,70,88,111,136,138,122,104,95,38,7,0,249,43,0
Martinique,1971,1335,139,200,61,18,16,26,49,56,116,196,282,233,136,7,28,21,23,33,47,69,87,109,138,144,126,107,95,41,7,0,218,42,0
Martinique,1972,1335,132,190,58,18,16,27,48,55,112,194,288,242,136,7,27,21,22,33,45,67,87,107,141,147,131,111,94,42,7,0,208,43,0
Martinique,1973,1331,120,175,55,17,15,27,50,52,111,191,294,252,137,8,27,23,20,32,44,67,87,104,142,152,135,117,93,44,8,0,192,42,0
Martinique,1974,1326,110,160,50,16,14,28,51,52,108,190,300,260,140,10,27,24,20,32,43,65,87,103,145,155,140,120,94,46,10,0,176,42,0
Martinique,1975,1309,98,144,46,14,14,28,52,49,103,188,300,268,140,11,27,25,19,30,42,61,87,101,143,157,143,125,95,45,11,0,158,42,0
Martinique,1976,1292,84,125,41,13,12,29,54,48,102,184,299,278,139,11,29,25,21,27,42,60,84,100,138,161,150,128,94,45,11,0,138,41,0
Martinique,1977,1277,75,112,37,13,12,29,54,48,100,180,297,285,143,11,29,25,22,26,42,58,82,98,135,162,153,132,98,45,11,0,125,41,0
Martinique,1978,1261,68,99,31,11,12,29,54,47,95,177,290,291,144,11,31,23,23,24,40,55,80,97,129,161,154,137,99,45,11,0,110,41,0
Martinique,1979,1255,64,92,28,11,11,27,53,47,93,172,287,301,147,11,31,22,24,23,39,54,76,96,126,161,159,142,103,44,11,0,103,38,0
Martinique,1980,1246,60,85,25,10,11,25,55,47,90,168,281,309,153,13,32,23,24,23,37,53,73,95,122,159,161,148,106,47,12,1,95,36,0
Martinique,1981,1241,59,82,23,7,10,24,56,48,89,162,276,315,158,13,32,24,23,25,36,53,70,92,121,155,162,153,110,48,12,1,89,34,0
Martinique,1982,1238,58,81,23,6,8,23,56,47,84,159,269,322,166,14,31,25,22,25,32,52,69,90,120,149,164,158,116,50,13,1,87,31,0
Martinique,1983,1226,57,79,22,6,7,22,58,46,80,153,262,323,172,15,31,27,21,25,30,50,66,87,118,144,162,161,121,51,14,1,85,29,0
Martinique,1984,1219,56,77,21,6,7,20,58,48,78,146,256,325,180,17,30,28,22,26,28,50,63,83,117,139,162,163,127,53,15,2,83,27,0
Martinique,1985,1213,55,75,20,6,6,19,59,49,73,141,250,323,192,17,30,29,22,27,28,45,61,80,114,136,159,164,135,57,15,2,81,25,0
Martinique,1986,1239,53,74,21,6,6,18,59,53,75,144,254,327,208,18,29,30,25,28,30,45,64,80,114,140,158,169,146,62,16,2,80,24,0
Martinique,1987,1232,53,73,20,6,6,17,58,52,71,138,249,325,218,19,28,30,25,27,31,40,62,76,112,137,155,170,151,67,17,2,79,23,0
Martinique,1988,1259,52,71,19,6,5,15,58,54,73,141,250,330,234,22,27,31,27,27,33,40,64,77,111,139,154,176,161,73,20,2,77,20,0
Martinique,1989,1283,51,71,20,6,5,15,58,56,77,139,252,335,248,24,26,32,29,27,36,41,63,76,111,141,154,181,168,80,21,3,77,20,0
Martinique,1990,1277,49,69,20,6,5,14,53,59,75,135,246,332,258,26,23,30,30,29,36,39,60,75,106,140,153,179,171,87,23,3,75,19,0
Martinique,1991,1309,46,64,18,5,5,11,51,61,79,139,250,342,273,29,22,29,31,30,37,42,60,79,108,142,159,183,178,95,25,4,69,16,0
Martinique,1992,1343,44,62,18,6,5,11,49,69,85,139,250,349,290,32,21,28,34,35,39,46,59,80,108,142,163,186,186,104,28,4,68,16,0
Martinique,1993,1359,42,60,18,6,5,10,46,69,88,136,248,351,304,36,19,27,34,35,39,49,56,80,106,142,164,187,194,110,32,4,66,15,0
Martinique,1994,1375,39,56,17,5,5,9,43,71,94,138,247,351,316,41,18,25,33,38,41,53,57,81,106,141,164,187,201,115,36,5,61,14,0
Martinique,1995,1390,38,54,16,5,5,8,41,72,97,136,243,354,328,44,17,24,32,40,41,56,58,78,107,136,163,191,207,121,39,5,59,13,0
Martinique,1996,1407,36,52,16,5,5,8,39,73,102,138,242,357,337,50,16,23,31,42,45,57,62,76,108,134,164,193,209,128,43,7,57,13,0
Martinique,1997,1424,35,50,15,5,5,9,36,72,104,142,242,360,346,55,14,22,29,43,47,57,66,76,109,133,163,197,212,134,48,7,55,14,1
Martinique,1998,1433,34,48,14,5,5,9,33,72,108,144,240,358,352,56,13,20,29,43,50,58,71,73,111,129,160,198,213,139,49,7,53,14,1
Martinique,1999,1455,33,47,14,5,5,9,32,69,112,149,240,359,366,64,12,20,27,42,53,59,76,73,109,131,158,201,219,147,54,10,52,14,1
Martinique,2000,1463,31,45,14,5,5,9,30,67,114,150,240,357,375,68,12,18,26,41,54,60,76,74,107,133,156,201,223,152,57,11,50,14,1
Martinique,2001,1462,27,38,11,5,5,9,27,61,115,149,242,353,383,74,10,17,24,37,54,61,74,75,105,137,154,199,228,155,62,12,43,14,1
Martinique,2002,1439,27,38,11,4,5,8,24,56,112,148,239,346,383,75,10,14,21,35,52,60,71,77,100,139,153,193,228,155,63,12,42,13,1
Martinique,2003,1426,25,36,11,3,3,8,22,50,112,147,233,344,386,80,10,12,18,32,50,62,68,79,96,137,153,191,229,157,66,14,39,11,1
Martinique,2004,1410,23,33,10,2,2,7,21,45,110,147,229,341,389,87,10,11,17,28,48,62,67,80,94,135,153,188,229,160,71,16,35,9,1
Martinique,2005,1378,22,30,8,2,2,7,20,39,103,143,222,335,386,89,10,10,14,25,43,60,65,78,94,128,153,182,224,162,73,16,32,9,2
Martinique,2006,1395,22,29,7,1,1,7,20,34,100,143,222,342,398,96,10,10,12,22,40,60,67,76,97,125,156,186,227,171,78,18,30,8,2
Martinique,2007,1392,23,31,8,1,1,6,17,33,97,145,217,339,404,100,10,7,12,21,38,59,69,76,96,121,154,185,227,177,81,19,32,7,2
Martinique,2008,1431,23,31,8,1,1,5,14,30,95,150,221,345,420,111,8,6,11,19,36,59,70,80,100,121,155,190,233,187,88,23,32,6,2
Martinique,2009,1429,21,29,8,1,0,5,10,28,90,151,222,345,423,117,5,5,9,19,33,57,73,78,102,120,154,191,231,192,93,24,30,5,3
Martinique,2010,1411,20,27,7,1,0,5,10,24,86,151,220,336,418,122,5,5,8,16,31,55,73,78,103,117,149,187,228,190,96,26,28,5,3
Martinique,2011,1392,19,26,7,1,0,5,10,21,77,150,220,330,419,129,5,5,7,14,27,50,72,78,102,118,143,187,228,191,101,28,27,5,4
Martinique,2012,1414,17,24,7,1,0,4,10,19,77,154,223,330,430,140,5,5,6,13,27,50,73,81,104,119,141,189,233,197,109,31,25,4,4
Martinique,2013,1406,16,23,7,1,0,4,10,17,69,152,222,324,430,146,5,5,5,12,24,45,70,82,102,120,136,188,233,197,114,32,24,4,5
Martinique,2014,1478,16,23,7,1,0,4,10,16,68,157,236,333,454,164,5,5,5,11,23,45,70,87,107,129,138,195,246,208,125,39,24,4,6
Martinique,2015,1534,17,24,7,1,0,4,10,16,64,161,245,341,478,178,5,5,5,11,22,42,70,91,111,134,143,198,258,220,134,44,25,4,7
Martinique,2016,1598,16,23,7,1,0,4,10,14,60,164,256,353,506,193,5,5,5,9,20,40,70,94,115,141,153,200,273,233,143,50,24,4,8
Martinique,2017,1647,16,23,7,0,0,3,10,14,58,165,264,361,530,203,5,5,5,9,19,39,68,97,119,145,160,201,284,246,150,53,23,3,9
Martinique,2018,1643,16,23,7,0,0,4,10,13,51,159,266,358,535,211,5,5,5,8,16,35,64,95,121,145,162,196,286,249,154,57,23,4,10
Martinique,2019,1663,16,23,7,0,0,3,10,12,47,153,271,363,546,220,5,5,5,7,14,33,60,93,125,146,166,197,290,256,159,61,23,3,11
Martinique,2020,1660,16,23,7,0,0,3,10,12,42,144,273,364,546,227,5,5,5,7,12,30,55,89,127,146,167,197,284,262,163,64,23,3,13
Martinique,2021,2140,17,24,7,0,0,3,10,12,45,170,361,505,712,280,5,5,5,7,14,31,64,106,163,198,235,270,359,353,204,76,24,3,16
Mauritania,1950,7630,2432,4336,1904,437,199,226,565,471,435,398,339,187,31,2,301,264,240,231,224,211,207,191,182,157,120,67,22,9,2,0,4773,425,0
Mauritania,1951,7694,2462,4321,1859,438,202,229,570,476,444,410,358,206,36,2,303,267,243,233,228,216,212,198,192,166,130,76,26,10,2,0,4759,431,0
Mauritania,1952,7768,2482,4321,1839,441,203,230,575,480,452,424,378,224,38,2,306,269,244,236,231,221,218,206,202,176,140,84,31,7,2,0,4762,433,0
Mauritania,1953,7843,2503,4322,1819,440,205,233,579,484,458,435,397,243,44,3,308,271,247,237,233,225,223,212,211,186,151,92,36,8,3,0,4762,438,0
Mauritania,1954,7937,2527,4346,1819,437,207,233,582,487,467,448,415,263,50,3,310,272,247,240,237,230,228,220,219,196,162,101,42,8,3,0,4783,440,0
Mauritania,1955,7976,2553,4351,1798,427,207,234,576,484,467,454,432,279,59,3,307,269,246,238,237,230,229,225,227,205,171,108,48,11,3,0,4778,441,0
Mauritania,1956,8060,2582,4376,1794,424,207,235,577,486,471,465,451,299,65,2,308,269,246,240,238,233,234,231,236,215,182,117,53,12,2,0,4800,442,0
Mauritania,1957,8133,2612,4396,1784,420,208,237,577,485,474,475,469,318,74,1,308,269,245,240,239,235,239,236,244,225,193,125,59,15,1,0,4816,445,0
Mauritania,1958,8176,2639,4411,1772,416,207,236,567,477,471,478,486,338,81,2,303,264,241,236,235,236,240,238,251,235,203,135,64,17,2,0,4827,443,0
Mauritania,1959,8167,2666,4429,1763,408,202,233,550,461,461,478,495,356,92,2,294,256,232,229,230,231,239,239,254,241,211,145,71,21,2,0,4837,435,0
Mauritania,1960,8159,2694,4445,1751,402,195,232,533,444,452,477,505,370,99,2,286,247,224,220,225,227,238,239,257,248,219,151,76,23,2,0,4847,427,0
Mauritania,1961,8210,2723,4460,1737,400,193,232,528,441,450,483,521,390,107,4,286,242,221,220,223,227,239,244,263,258,229,161,82,25,4,0,4860,425,0
Mauritania,1962,8292,2746,4473,1727,401,191,232,529,441,453,494,540,414,118,4,287,242,221,220,224,229,243,251,272,268,242,172,90,28,4,0,4874,423,0
Mauritania,1963,8369,2770,4484,1714,402,190,232,530,441,458,504,558,434,127,5,287,243,221,220,225,233,247,257,279,279,253,181,96,31,5,0,4886,422,0
Mauritania,1964,8404,2793,4492,1699,401,189,231,524,433,455,510,571,454,136,6,286,238,217,216,223,232,249,261,284,287,263,191,102,34,6,0,4893,420,0
Mauritania,1965,8483,2819,4502,1683,402,189,230,526,434,459,519,590,477,146,7,288,238,217,217,225,234,253,266,293,297,275,202,109,37,7,0,4904,419,0
Mauritania,1966,8537,2842,4506,1664,401,189,227,525,431,461,527,604,498,157,8,287,238,215,216,225,236,256,271,299,305,286,212,116,41,8,0,4907,416,0
Mauritania,1967,8599,2856,4502,1646,401,191,226,527,431,464,536,622,521,168,9,288,239,215,216,226,238,259,277,307,315,298,223,125,43,9,0,4903,417,0
Mauritania,1968,8651,2860,4507,1647,402,193,225,521,424,463,545,638,546,179,10,285,236,211,213,224,239,263,282,314,324,311,235,131,48,10,0,4909,418,0
Mauritania,1969,8724,2875,4514,1639,405,194,226,517,423,465,552,655,566,191,11,281,236,210,213,224,241,265,287,323,332,321,245,140,51,11,0,4919,420,0
Mauritania,1970,8881,2907,4550,1643,413,198,233,527,433,476,569,674,593,201,12,285,242,216,217,230,246,273,296,332,342,335,258,147,54,11,1,4963,431,0
Mauritania,1971,9057,2958,4634,1676,424,205,238,530,436,481,577,690,613,212,12,286,244,217,219,231,250,276,301,339,351,345,268,155,57,11,1,5058,443,0
Mauritania,1972,9253,3022,4728,1706,437,211,245,535,443,490,589,708,632,224,14,287,248,221,222,235,255,281,308,348,360,353,279,162,62,13,1,5165,456,0
Mauritania,1973,9461,3091,4832,1741,447,218,251,541,447,494,599,726,652,234,16,290,251,223,224,238,256,286,313,355,371,363,289,170,64,15,1,5279,469,0
Mauritania,1974,9628,3158,4926,1768,454,223,256,542,449,496,607,741,671,248,16,292,250,225,224,238,258,289,318,362,379,372,299,180,68,15,1,5380,479,0
Mauritania,1975,9750,3213,5001,1788,456,227,260,538,444,494,611,754,689,260,18,294,244,222,222,237,257,290,321,367,387,381,308,187,73,16,2,5457,487,0
Mauritania,1976,9880,3252,5041,1789,459,231,265,541,450,500,621,773,709,269,18,298,243,226,224,239,261,294,327,375,398,392,317,193,76,16,2,5500,496,0
Mauritania,1977,9954,3278,5054,1776,458,233,270,540,448,500,630,788,729,282,20,299,241,224,224,238,262,298,332,381,407,402,327,202,80,18,2,5512,503,0
Mauritania,1978,10001,3287,5038,1751,454,236,274,542,448,502,638,806,752,291,19,303,239,224,224,238,264,301,337,389,417,415,337,209,82,18,1,5492,510,0
Mauritania,1979,9995,3276,4999,1723,447,234,275,540,441,500,645,821,772,302,18,303,237,219,222,236,264,303,342,395,426,425,347,216,86,18,0,5446,509,0
Mauritania,1980,10022,3281,4974,1693,442,233,280,539,437,500,653,838,793,313,18,304,235,215,222,236,264,306,347,403,435,436,357,224,89,18,0,5416,513,0
Mauritania,1981,10047,3297,4962,1665,437,233,281,540,428,499,658,853,814,323,18,306,234,209,219,235,264,307,351,409,444,447,367,230,93,18,0,5399,514,0
Mauritania,1982,10054,3291,4926,1635,430,232,284,541,422,497,665,868,835,335,19,307,234,205,217,234,263,309,356,416,452,457,378,238,97,19,0,5356,516,0
Mauritania,1983,10099,3270,4868,1598,428,232,289,551,424,505,678,892,864,347,21,313,238,205,219,238,267,315,363,427,465,472,392,245,102,21,0,5296,521,0
Mauritania,1984,10086,3234,4783,1549,420,229,292,556,423,510,691,914,887,360,22,317,239,205,218,240,270,320,371,437,477,484,403,254,106,21,1,5203,521,0
Mauritania,1985,10090,3185,4680,1495,417,228,296,568,426,521,704,939,915,371,23,324,244,208,218,245,276,325,379,449,490,499,416,262,109,22,1,5097,524,0
Mauritania,1986,10069,3134,4582,1448,412,227,297,575,423,524,717,961,941,385,24,328,247,209,214,245,279,330,387,457,504,512,429,271,114,23,1,4994,524,0
Mauritania,1987,9999,3090,4482,1392,402,223,295,572,418,520,723,977,964,398,27,325,247,208,210,243,277,332,391,464,513,523,441,280,118,26,1,4884,518,0
Mauritania,1988,9961,3065,4407,1342,391,220,292,569,415,518,729,995,985,411,28,324,245,208,207,240,278,333,396,473,522,534,451,289,122,27,1,4798,512,0
Mauritania,1989,10177,3086,4408,1322,396,223,303,608,437,539,755,1030,1020,427,29,346,262,220,217,249,290,345,410,489,541,553,467,300,127,28,1,4804,526,0
Mauritania,1990,10086,3088,4384,1296,387,222,296,581,418,524,750,1036,1035,432,26,330,251,210,208,238,286,340,410,490,546,559,476,305,127,25,1,4771,518,0
Mauritania,1991,10261,3135,4434,1299,389,224,300,591,428,528,765,1061,1064,449,28,334,257,216,212,238,290,348,417,502,559,574,490,315,134,28,0,4823,524,0
Mauritania,1992,10401,3205,4519,1314,386,224,302,590,428,524,770,1077,1088,464,30,333,257,216,212,234,290,350,420,508,569,586,502,325,139,29,1,4905,526,0
Mauritania,1993,10886,3384,4733,1349,391,229,311,620,455,541,795,1113,1133,501,58,348,272,231,224,241,300,362,433,524,589,609,524,345,156,43,15,5124,540,3
Mauritania,1994,11329,3488,4883,1395,406,239,325,660,488,570,834,1160,1177,522,57,368,292,247,241,257,313,382,452,547,613,633,544,359,163,45,12,5289,564,4
Mauritania,1995,11771,3585,5039,1454,420,247,340,700,524,598,873,1202,1223,544,61,388,312,266,258,273,325,401,472,567,635,657,566,375,169,48,13,5459,587,4
Mauritania,1996,12076,3604,5122,1518,443,260,354,726,554,621,906,1241,1256,549,43,402,324,281,273,286,335,417,489,586,655,676,580,380,169,40,3,5565,614,2
Mauritania,1997,12042,3596,5132,1536,442,257,350,704,544,608,902,1248,1268,552,36,390,314,276,268,282,326,414,488,589,659,682,586,385,167,35,1,5574,607,1
Mauritania,1998,12268,3625,5176,1551,456,263,360,718,561,622,926,1277,1304,567,37,399,319,284,277,290,332,423,503,602,675,701,603,394,173,36,1,5632,623,1
Mauritania,1999,12376,3685,5244,1559,463,264,361,707,556,620,922,1287,1327,583,40,394,313,280,276,290,330,417,505,604,683,712,615,405,178,38,2,5707,625,0
Mauritania,2000,12537,3741,5311,1570,469,265,364,707,560,627,927,1305,1356,601,44,396,311,281,279,295,332,415,512,612,693,725,631,417,184,43,1,5780,629,0
Mauritania,2001,12752,3798,5381,1583,477,270,370,716,568,639,938,1334,1392,622,47,403,313,282,286,300,339,416,522,625,709,744,648,430,192,45,2,5858,640,0
Mauritania,2002,12925,3827,5427,1600,483,276,375,722,576,656,952,1364,1423,631,41,406,316,285,291,310,346,419,533,640,724,760,663,438,193,40,1,5910,651,0
Mauritania,2003,13139,3854,5464,1610,488,286,383,741,592,678,971,1400,1458,641,38,418,323,291,301,320,358,426,545,658,742,779,679,447,194,37,1,5952,669,0
Mauritania,2004,13248,3898,5502,1604,484,289,384,734,587,688,978,1425,1488,654,35,416,318,286,301,323,365,431,547,672,753,794,694,457,197,35,0,5986,673,0
Mauritania,2005,13515,3954,5557,1603,488,299,396,758,602,715,1001,1466,1526,669,36,430,328,292,310,337,378,445,556,692,774,816,710,469,200,36,0,6045,695,0
Mauritania,2006,13615,3998,5584,1586,481,302,397,748,593,725,1008,1496,1559,685,36,426,322,286,307,339,386,453,555,705,791,832,727,480,205,36,0,6065,699,0
Mauritania,2007,13703,4019,5589,1570,474,301,400,745,587,735,1018,1523,1590,701,37,425,320,283,304,343,392,460,558,716,807,848,742,491,210,37,0,6063,701,0
Mauritania,2008,13903,4045,5597,1552,470,300,411,762,595,759,1043,1566,1634,720,38,434,328,287,308,353,406,475,568,734,832,870,764,504,216,38,0,6067,711,0
Mauritania,2009,14393,4068,5622,1554,460,287,403,746,579,758,1075,1626,1822,946,66,424,322,280,299,348,410,490,585,748,878,946,876,645,301,63,3,6082,690,0
Mauritania,2010,14973,4081,5640,1559,454,277,397,739,570,757,1109,1680,2009,1231,109,419,320,276,294,344,413,503,606,762,918,1020,989,798,433,100,9,6094,674,1
Mauritania,2011,15797,4123,5700,1577,461,274,394,743,577,773,1165,1751,2208,1573,182,420,323,279,298,349,424,527,638,790,961,1100,1108,958,615,157,25,6161,668,1
Mauritania,2012,16603,4149,5749,1600,466,272,386,730,569,772,1204,1808,2387,1959,302,411,319,276,293,346,426,540,664,816,992,1166,1221,1119,840,254,48,6215,658,2
Mauritania,2013,17450,4120,5714,1594,476,271,381,727,572,779,1251,1875,2550,2359,491,409,318,279,293,348,431,556,695,852,1023,1223,1327,1272,1087,408,83,6190,652,4
Mauritania,2014,17080,3992,5527,1535,473,273,381,728,573,781,1265,1895,2509,2177,491,409,319,280,293,347,434,559,706,867,1028,1213,1296,1195,982,416,75,6000,654,6
Mauritania,2015,16975,3969,5430,1461,479,278,389,745,589,802,1302,1945,2496,2031,482,419,326,288,301,356,446,573,729,897,1048,1216,1280,1144,887,413,69,5909,667,7
Mauritania,2016,16766,3937,5332,1395,476,281,391,745,592,805,1318,1976,2473,1903,462,419,326,291,301,354,451,577,741,914,1062,1212,1261,1099,804,396,66,5808,672,8
Mauritania,2017,16735,3897,5239,1342,479,287,401,762,612,825,1357,2035,2475,1811,439,429,333,301,311,362,463,593,764,944,1091,1222,1253,1069,742,370,69,5718,688,8
Mauritania,2018,16644,3874,5180,1306,467,289,405,765,612,828,1377,2079,2483,1741,411,432,333,300,312,362,466,601,776,966,1113,1235,1248,1048,693,340,71,5647,694,7
Mauritania,2019,16662,3826,5099,1273,453,294,416,782,630,850,1417,2145,2502,1687,380,440,342,308,322,372,478,620,797,997,1148,1254,1248,1030,657,308,72,5552,710,6
Mauritania,2020,18089,3789,5032,1243,435,295,419,771,661,957,1661,2610,2905,1944,398,434,337,314,347,415,542,719,942,1211,1399,1484,1421,1181,763,320,78,5467,714,7
Mauritania,2021,18384,3762,4970,1208,424,298,441,818,707,1008,1752,2738,3003,1878,347,457,361,336,371,438,570,767,985,1268,1470,1551,1452,1171,707,276,71,5394,739,6
Mauritius,1950,4315,981,1350,369,69,27,44,144,230,430,667,804,479,70,0,65,79,91,139,185,245,313,354,404,400,311,168,59,11,0,0,1419,71,0
Mauritius,1951,4478,1095,1517,422,81,29,45,147,233,441,677,788,462,56,0,65,82,92,141,191,250,321,356,399,389,303,159,51,5,0,0,1598,74,0
Mauritius,1952,4711,1225,1721,496,98,32,47,152,241,457,694,777,449,46,0,66,86,98,143,200,257,331,363,399,378,296,153,44,2,0,0,1819,79,0
Mauritius,1953,4717,1270,1784,514,104,36,49,153,242,458,694,744,419,37,0,66,87,101,141,200,258,332,362,385,359,278,141,36,1,0,0,1888,85,0
Mauritius,1954,4542,1174,1627,453,91,36,45,142,235,446,688,734,431,64,2,62,80,100,135,193,253,325,363,380,354,279,152,52,12,2,0,1718,81,0
Mauritius,1955,4301,1060,1444,384,81,36,44,134,223,430,672,718,432,86,2,59,75,97,126,184,246,313,359,372,346,274,158,66,20,2,0,1525,80,0
Mauritius,1956,4334,1016,1371,355,80,37,42,133,229,436,694,748,457,103,4,58,75,100,129,182,254,322,372,388,360,285,172,77,26,4,0,1451,79,0
Mauritius,1957,4489,1035,1394,359,84,41,44,135,240,447,722,786,479,115,5,60,75,104,136,184,263,333,389,410,376,296,183,86,29,5,0,1478,85,0
Mauritius,1958,4678,1073,1445,372,85,45,47,136,251,462,755,826,498,124,5,61,75,107,144,188,274,348,407,433,393,307,191,92,32,5,0,1530,92,0
Mauritius,1959,4627,1096,1472,376,84,45,49,129,244,444,737,812,487,123,4,58,71,101,143,179,265,340,397,429,383,300,187,91,32,4,0,1556,94,0
Mauritius,1960,4534,1103,1478,375,85,46,50,122,236,422,715,789,469,116,4,55,67,96,140,172,250,332,383,419,370,289,180,87,29,4,0,1563,96,0
Mauritius,1961,4445,1076,1433,357,78,41,49,114,223,400,694,795,478,132,6,52,62,86,137,162,238,320,374,422,373,296,182,96,36,6,0,1511,90,0
Mauritius,1962,4365,1016,1349,333,73,40,47,109,211,381,679,807,497,157,10,51,58,78,133,155,226,313,366,426,381,306,191,107,50,10,0,1422,87,0
Mauritius,1963,4276,963,1274,311,69,40,47,107,199,370,668,815,509,164,13,50,57,71,128,156,214,309,359,424,391,311,198,109,55,13,0,1343,87,0
Mauritius,1964,4153,922,1221,299,67,41,47,104,188,361,656,806,505,149,12,49,55,68,120,159,202,304,352,413,393,307,198,102,47,12,0,1288,88,0
Mauritius,1965,4160,910,1213,303,69,40,49,104,182,359,659,816,515,145,11,50,54,67,115,163,196,304,355,412,404,312,203,103,42,11,0,1282,89,0
Mauritius,1966,4342,942,1275,333,74,43,54,106,181,373,679,850,544,152,11,52,54,70,111,172,201,309,370,425,425,327,217,111,41,11,0,1349,97,0
Mauritius,1967,4610,978,1343,365,80,43,60,114,183,399,714,906,591,163,10,57,57,74,109,184,215,316,398,451,455,354,237,121,42,10,0,1423,103,0
Mauritius,1968,4515,941,1297,356,80,43,62,114,172,392,689,890,596,168,9,58,56,70,102,176,216,297,392,443,447,357,239,126,42,9,0,1377,105,0
Mauritius,1969,4290,826,1125,299,73,41,61,114,167,383,665,875,602,176,8,59,55,70,97,165,218,281,384,436,439,362,240,132,44,8,0,1198,102,0
Mauritius,1970,4152,726,976,250,67,41,62,118,161,381,651,876,618,193,11,63,55,66,95,156,225,271,380,438,438,372,246,142,51,11,0,1043,103,0
Mauritius,1971,4267,706,945,239,69,42,64,126,166,386,663,914,658,221,13,69,57,67,99,148,238,276,387,456,458,395,263,158,63,13,0,1014,106,0
Mauritius,1972,4463,732,980,248,75,43,66,138,167,390,675,956,700,253,19,76,62,67,100,142,248,285,390,477,479,418,282,175,78,18,1,1055,109,0
Mauritius,1973,4414,740,981,241,72,42,64,140,163,371,656,944,697,257,22,77,63,66,97,132,239,287,369,471,473,415,282,175,82,21,1,1053,106,0
Mauritius,1974,4563,685,892,207,63,46,68,161,175,386,708,1023,757,261,23,88,73,71,104,139,247,323,385,510,513,450,307,180,81,21,2,955,114,0
Mauritius,1975,4526,603,772,169,57,48,70,173,181,383,732,1052,784,259,20,92,81,76,105,142,241,347,385,524,528,464,320,181,78,19,1,829,118,0
Mauritius,1976,4640,550,692,142,51,49,74,186,190,387,781,1109,832,263,19,96,90,81,109,150,237,378,403,549,560,490,342,186,77,18,1,743,123,0
Mauritius,1977,4408,514,640,126,50,47,70,185,182,357,753,1053,803,248,17,91,94,81,101,145,212,366,387,513,540,472,331,178,70,16,1,690,117,0
Mauritius,1978,4276,489,606,117,44,46,70,183,181,335,739,1016,792,245,17,87,96,83,98,140,195,352,387,485,531,463,329,178,67,16,1,650,116,0
Mauritius,1979,4170,466,578,112,39,42,70,181,183,319,724,981,784,249,17,85,96,86,97,135,184,330,394,456,525,456,328,181,68,16,1,617,112,0
Mauritius,1980,4074,435,540,105,34,40,69,178,185,308,706,955,784,260,17,83,95,89,96,129,179,304,402,436,519,454,330,189,71,16,1,574,109,0
Mauritius,1981,3896,394,488,94,33,36,64,171,187,292,665,905,767,268,17,81,90,93,94,121,171,268,397,411,494,442,325,192,76,16,1,521,100,0
Mauritius,1982,3849,351,435,84,32,32,64,168,196,287,644,898,783,289,22,80,88,98,98,116,171,246,398,413,485,450,333,203,86,21,1,467,96,0
Mauritius,1983,3940,316,391,75,29,33,65,172,211,294,645,922,830,325,29,84,88,105,106,119,175,240,405,435,487,475,355,225,100,26,3,420,98,0
Mauritius,1984,4066,291,360,69,28,32,64,180,227,301,646,962,882,353,34,88,92,112,115,123,178,242,404,474,488,508,374,242,111,31,3,388,96,0
Mauritius,1985,4117,272,337,65,29,29,61,184,240,306,630,990,910,358,35,89,95,115,125,129,177,245,385,505,485,524,386,248,110,32,3,366,90,0
Mauritius,1986,4119,258,322,64,30,29,57,186,251,309,609,1008,922,363,35,90,96,115,136,134,175,250,359,525,483,525,397,251,112,32,3,352,86,0
Mauritius,1987,4134,266,328,62,28,28,54,185,260,310,586,1021,926,372,37,88,97,114,146,139,171,252,334,533,488,520,406,256,116,33,4,356,82,0
Mauritius,1988,4264,269,326,57,26,28,53,190,275,329,586,1062,957,393,38,88,102,116,159,153,176,258,328,542,520,525,432,269,124,34,4,352,81,0
Mauritius,1989,4248,261,312,51,23,27,51,186,280,337,569,1063,949,408,43,84,102,118,162,160,177,252,317,519,544,506,443,277,131,38,5,335,78,0
Mauritius,1990,4206,248,295,47,21,27,48,180,282,348,560,1050,936,416,44,79,101,118,164,169,179,246,314,484,566,489,447,283,133,39,5,316,75,0
Mauritius,1991,4056,234,277,43,19,24,44,168,268,353,536,995,907,414,44,72,96,114,154,175,178,231,305,432,563,470,437,283,131,40,4,296,68,0
Mauritius,1992,4109,235,278,43,17,24,43,166,271,376,540,982,927,436,51,68,98,115,156,188,188,230,310,406,576,484,443,297,139,44,7,295,67,0
Mauritius,1993,4231,232,276,44,16,22,42,163,278,408,549,983,965,466,56,66,97,120,158,205,203,233,316,398,585,516,449,316,150,49,7,292,64,0
Mauritius,1994,4334,232,279,47,16,21,42,162,289,434,560,973,1004,494,59,66,96,125,164,214,220,241,319,396,577,556,448,334,160,52,7,295,63,0
Mauritius,1995,4384,228,276,48,17,19,41,155,291,453,565,948,1037,517,67,63,92,126,165,218,235,249,316,399,549,590,447,348,169,57,10,293,60,0
Mauritius,1996,4554,231,279,48,18,18,42,154,304,489,587,945,1100,547,72,64,90,131,173,226,263,267,320,418,527,635,465,366,181,61,11,297,60,0
Mauritius,1997,4560,223,270,47,17,17,39,146,303,505,595,917,1118,559,73,61,85,129,174,224,281,280,315,422,495,642,476,371,188,62,11,287,56,1
Mauritius,1998,4604,205,249,44,16,16,38,140,307,524,616,904,1146,570,78,58,82,128,179,225,299,300,316,425,479,643,503,375,195,66,12,265,54,1
Mauritius,1999,4500,202,240,38,16,16,33,131,295,520,617,862,1123,566,81,55,76,120,175,220,300,306,311,405,457,607,516,364,202,69,12,256,49,1
Mauritius,2000,4544,185,220,35,15,15,31,130,293,527,650,865,1131,585,86,55,75,116,177,223,304,328,322,402,463,582,549,370,215,74,12,235,46,1
Mauritius,2001,4601,168,200,32,15,15,27,124,287,533,690,868,1129,615,98,53,71,108,179,227,306,356,334,398,470,551,578,384,231,82,16,215,42,1
Mauritius,2002,4709,161,191,30,15,15,26,123,285,542,750,889,1130,641,103,53,70,104,181,233,309,391,359,400,489,532,598,401,240,85,18,206,41,2
Mauritius,2003,4751,152,181,29,15,15,24,116,275,546,797,893,1114,663,111,49,67,99,176,236,310,414,383,401,492,517,597,420,243,90,21,196,39,2
Mauritius,2004,4822,149,176,27,12,13,24,111,270,554,840,905,1106,692,117,45,66,97,173,240,314,431,409,415,490,518,588,445,247,95,22,188,37,3
Mauritius,2005,4905,144,171,27,11,13,24,107,260,565,884,922,1095,722,123,41,66,93,167,245,320,442,442,432,490,527,568,471,251,100,23,182,37,3
Mauritius,2006,4979,134,161,27,11,13,24,102,249,575,929,943,1086,755,129,38,64,91,158,248,327,444,485,453,490,542,544,494,261,105,24,172,37,4
Mauritius,2007,5112,127,152,25,11,12,24,99,242,585,983,982,1091,789,138,35,64,89,153,250,335,453,530,488,494,562,529,513,276,112,26,163,36,4
Mauritius,2008,5163,119,142,23,10,12,22,92,235,586,1014,1014,1085,802,145,34,58,88,147,246,340,452,562,517,497,566,519,514,288,117,28,152,34,4
Mauritius,2009,5174,111,133,22,10,11,21,86,225,576,1030,1051,1073,805,149,32,54,86,139,234,342,454,576,546,505,557,516,503,302,120,29,143,32,5
Mauritius,2010,5108,106,127,21,10,11,21,77,211,556,1017,1084,1049,786,151,30,47,80,131,219,337,446,571,572,512,539,510,477,309,122,29,137,32,5
Mauritius,2011,5124,106,126,20,7,10,19,72,202,539,1012,1142,1050,779,159,30,42,78,124,205,334,447,565,614,528,532,518,456,323,127,32,133,29,5
Mauritius,2012,5174,107,127,20,7,8,19,67,193,524,1010,1212,1054,775,169,29,38,74,119,193,331,448,562,657,555,527,527,443,332,134,35,134,27,6
Mauritius,2013,5205,101,121,20,6,8,19,64,185,503,1009,1274,1057,773,181,28,36,70,115,182,321,450,559,688,586,528,529,438,335,142,39,127,27,6
Mauritius,2014,5320,97,115,18,6,7,16,63,175,490,1026,1343,1083,790,197,28,35,63,112,177,313,459,567,717,626,549,534,448,342,154,43,121,23,7
Mauritius,2015,5424,91,108,17,6,6,16,61,168,470,1044,1409,1111,803,210,27,34,57,111,171,299,466,578,732,677,574,537,462,341,166,44,114,22,8
Mauritius,2016,5595,92,109,17,6,6,15,61,164,455,1068,1493,1155,829,228,26,35,53,111,167,288,475,593,747,746,609,546,487,342,179,49,115,21,9
Mauritius,2017,5802,97,114,17,6,6,14,60,159,444,1095,1582,1215,854,243,25,35,50,109,166,278,483,612,763,819,657,558,510,344,189,54,120,20,9
Mauritius,2018,5896,98,116,18,6,6,14,57,150,427,1094,1634,1265,865,250,24,33,48,102,161,266,474,620,767,867,699,566,516,349,194,56,122,20,10
Mauritius,2019,5969,100,118,18,6,5,12,56,138,413,1083,1668,1326,875,258,23,33,46,92,158,255,456,627,775,893,742,584,517,358,199,59,124,17,10
Mauritius,2020,6204,105,125,20,7,16,39,162,275,571,995,1515,1328,899,263,66,96,105,170,275,296,425,570,719,796,703,625,518,381,203,60,132,55,10
Mauritius,2021,6856,108,128,20,6,9,38,152,256,535,1033,1684,1619,1081,302,66,86,99,157,237,298,423,610,778,906,866,753,614,467,232,70,134,47,11
Mayotte,1950,296,89,133,44,8,5,5,10,10,10,18,29,40,22,2,5,5,5,5,5,5,8,10,13,16,20,20,14,8,2,0,141,10,0
Mayotte,1951,293,88,133,45,9,5,5,10,10,10,18,28,40,21,2,5,5,5,5,5,5,8,10,12,16,20,20,14,7,2,0,142,10,0
Mayotte,1952,285,86,127,41,9,5,5,10,10,10,17,27,40,21,2,5,5,5,5,5,5,7,10,12,15,20,20,14,7,2,0,136,10,0
Mayotte,1953,276,83,122,39,9,5,5,10,10,10,17,27,40,21,2,5,5,5,5,5,5,7,10,12,15,20,20,14,7,2,0,131,10,0
Mayotte,1954,266,81,116,35,9,5,5,10,10,10,16,26,38,21,2,5,5,5,5,5,5,6,10,11,15,19,19,14,7,2,0,125,10,0
Mayotte,1955,257,78,110,32,9,5,5,10,10,10,15,26,37,21,2,5,5,5,5,5,5,5,10,11,15,18,19,14,7,2,0,119,10,0
Mayotte,1956,250,75,105,30,9,5,5,10,10,10,15,26,37,21,2,5,5,5,5,5,5,5,10,11,15,18,19,14,7,2,0,114,10,0
Mayotte,1957,241,72,100,28,9,5,5,10,10,10,15,25,35,20,2,5,5,5,5,5,5,5,10,10,15,17,18,13,7,2,0,109,10,0
Mayotte,1958,234,70,95,25,7,5,5,10,10,10,14,25,33,20,2,5,5,5,5,5,5,5,9,10,15,16,17,13,7,2,0,102,10,0
Mayotte,1959,228,67,90,23,7,5,5,10,10,10,14,25,30,20,2,5,5,5,5,5,5,5,9,10,15,15,15,13,7,2,0,97,10,0
Mayotte,1960,221,65,87,22,7,5,5,10,10,10,14,24,30,20,2,5,5,5,5,5,5,5,9,10,14,15,15,13,7,2,0,94,10,0
Mayotte,1961,214,62,83,21,7,5,5,10,10,10,14,24,30,20,2,5,5,5,5,5,5,5,9,10,14,15,15,13,7,2,0,90,10,0
Mayotte,1962,208,59,78,19,7,5,5,10,10,10,13,24,30,20,2,5,5,5,5,5,5,5,8,10,14,15,15,13,7,2,0,85,10,0
Mayotte,1963,201,57,76,19,6,5,5,10,10,10,13,23,30,19,2,5,5,5,5,5,5,5,8,10,13,15,15,12,7,2,0,82,10,0
Mayotte,1964,197,55,71,16,6,5,5,10,10,10,14,23,30,18,1,5,5,5,5,5,5,5,9,10,13,15,15,12,6,1,0,77,10,0
Mayotte,1965,192,53,68,15,6,5,5,10,10,10,14,22,30,17,1,5,5,5,5,5,5,5,9,10,12,15,15,11,6,1,0,74,10,0
Mayotte,1966,187,52,67,15,6,5,5,10,6,10,14,22,30,17,1,5,5,1,5,5,5,5,9,10,12,15,15,11,6,1,0,73,10,0
Mayotte,1967,184,51,65,14,6,5,5,10,5,10,14,21,30,16,1,5,5,1,4,5,5,5,9,10,11,15,15,10,6,1,0,71,10,0
Mayotte,1968,181,50,64,14,6,5,5,10,4,10,14,21,30,16,1,5,5,1,3,5,5,5,9,10,11,15,15,10,6,1,0,70,10,0
Mayotte,1969,178,50,64,14,5,5,5,10,3,10,14,21,30,16,1,5,5,1,2,5,5,5,9,10,11,15,15,10,6,1,0,69,10,0
Mayotte,1970,175,49,62,13,5,5,5,9,1,10,14,21,29,16,1,5,4,0,1,5,5,5,9,10,11,15,14,10,6,1,0,67,10,0
Mayotte,1971,172,48,59,11,5,5,5,9,0,10,13,20,29,16,1,5,4,0,0,5,5,5,8,10,10,15,14,10,6,1,0,64,10,0
Mayotte,1972,169,47,58,11,5,5,5,10,0,9,13,20,29,15,1,5,5,0,0,4,5,5,8,10,10,15,14,10,5,1,0,63,10,0
Mayotte,1973,168,46,57,11,5,5,5,10,1,9,13,20,29,15,1,5,5,1,0,4,5,5,8,10,10,15,14,10,5,1,0,62,10,0
Mayotte,1974,166,45,56,11,5,4,5,10,1,8,13,20,27,15,1,5,5,1,0,3,5,5,8,10,10,14,13,10,5,1,0,61,9,0
Mayotte,1975,164,44,55,11,5,2,5,10,2,7,13,20,27,15,1,5,5,2,0,2,5,5,8,10,10,14,13,10,5,1,0,60,7,0
Mayotte,1976,161,43,54,11,5,2,5,10,3,7,13,20,27,15,1,5,5,3,0,2,5,5,8,10,10,14,13,10,5,1,0,59,7,0
Mayotte,1977,160,42,51,9,5,2,5,10,4,7,13,20,28,15,1,5,5,4,0,2,5,5,8,10,10,15,13,10,5,1,0,56,7,0
Mayotte,1978,157,41,49,8,5,1,5,10,5,6,12,20,27,15,1,5,5,5,0,1,5,5,7,10,10,15,12,10,5,1,0,54,6,0
Mayotte,1979,157,41,49,8,5,1,5,10,6,7,12,22,27,15,1,5,5,5,1,2,5,5,7,10,12,15,12,10,5,1,0,54,6,0
Mayotte,1980,156,40,48,8,4,1,5,10,7,8,12,22,27,15,1,5,5,5,2,3,5,5,7,10,12,15,12,10,5,1,0,52,6,0
Mayotte,1981,158,40,48,8,4,1,5,10,10,10,12,22,27,15,1,5,5,5,5,5,5,5,7,10,12,15,12,10,5,1,0,52,6,0
Mayotte,1982,157,40,48,8,4,1,5,10,10,10,12,22,27,15,1,5,5,5,5,5,5,5,7,10,12,15,12,10,5,1,0,52,6,0
Mayotte,1983,159,40,48,8,4,1,5,10,10,10,12,23,27,15,1,5,5,5,5,5,5,5,7,10,13,15,12,10,5,1,0,52,6,0
Mayotte,1984,159,39,47,8,4,1,5,10,10,10,11,24,28,15,1,5,5,5,5,5,5,5,6,10,14,15,13,10,5,1,0,51,6,0
Mayotte,1985,161,39,47,8,4,1,5,10,10,10,11,24,28,15,1,5,5,5,5,5,5,5,6,10,14,15,13,10,5,1,0,51,6,0
Mayotte,1986,165,38,45,7,4,1,5,10,10,10,11,24,29,15,1,5,5,5,5,5,5,5,6,10,14,15,14,10,5,1,0,49,6,0
Mayotte,1987,166,38,44,6,4,1,5,10,10,10,11,24,29,15,1,5,5,5,5,5,5,5,6,10,14,15,14,10,5,1,0,48,6,0
Mayotte,1988,172,38,44,6,4,1,5,10,10,10,12,24,30,15,1,5,5,5,5,5,5,5,7,10,14,15,15,10,5,1,0,48,6,0
Mayotte,1989,178,38,44,6,4,1,5,10,10,10,12,25,30,18,1,5,5,5,5,5,5,5,7,10,15,15,15,12,6,1,0,48,6,0
Mayotte,1990,180,38,44,6,4,1,5,10,10,10,13,25,30,18,2,5,5,5,5,5,5,5,8,10,15,15,15,12,6,2,0,48,6,0
Mayotte,1991,186,37,43,6,4,1,5,10,10,10,15,25,30,19,2,5,5,5,5,5,5,5,10,10,15,15,15,13,6,2,0,47,6,0
Mayotte,1992,193,37,43,6,4,1,5,10,10,16,17,25,33,20,2,5,5,5,5,8,8,7,10,10,15,16,17,14,6,2,0,47,6,0
Mayotte,1993,200,36,42,6,4,1,5,10,11,20,20,25,34,22,2,5,5,5,6,10,10,10,10,10,15,16,18,15,7,2,0,46,6,0
Mayotte,1994,203,36,42,6,4,1,5,10,11,20,20,24,35,24,2,5,5,5,6,10,10,10,10,10,14,16,19,15,9,2,0,46,6,0
Mayotte,1995,212,35,41,6,4,2,5,10,14,20,20,26,36,25,2,5,5,5,9,10,10,10,10,11,15,16,20,15,10,2,0,45,7,0
Mayotte,1996,220,34,40,6,4,2,5,12,16,20,20,27,39,28,2,7,5,6,10,10,10,10,10,12,15,19,20,16,12,2,0,44,7,0
Mayotte,1997,229,33,39,6,4,2,5,14,18,22,21,30,39,29,4,9,5,8,10,10,12,11,10,15,15,19,20,17,12,4,0,43,7,0
Mayotte,1998,235,32,38,6,4,2,6,20,20,24,30,30,39,30,4,10,10,10,10,10,14,15,15,15,15,19,20,18,12,4,0,42,8,0
Mayotte,1999,230,31,37,6,4,2,5,10,16,23,30,30,38,30,5,5,5,6,10,10,13,15,15,15,15,18,20,18,12,5,0,41,7,0
Mayotte,2000,235,29,34,5,4,2,5,12,18,24,30,30,38,30,6,7,5,8,10,10,14,15,15,15,15,18,20,18,12,6,0,38,7,0
Mayotte,2001,241,28,33,5,4,2,6,13,20,25,30,30,38,30,6,8,5,10,10,10,15,15,15,15,15,18,20,18,12,6,0,37,8,0
Mayotte,2002,246,27,32,5,4,2,6,13,20,26,35,30,40,30,6,8,5,10,10,11,15,18,17,15,15,20,20,18,12,6,0,36,8,0
Mayotte,2003,252,26,30,4,4,2,6,15,20,27,40,37,40,31,7,9,6,10,10,12,15,20,20,17,20,20,20,18,13,6,1,34,8,0
Mayotte,2004,258,25,29,4,3,2,7,15,20,29,40,40,40,31,7,9,6,10,10,13,16,20,20,20,20,20,20,18,13,6,1,32,9,0
Mayotte,2005,264,24,28,4,3,2,6,16,20,27,40,40,40,31,7,9,7,10,10,12,15,20,20,20,20,20,20,18,13,6,1,31,8,0
Mayotte,2006,269,24,28,4,3,2,6,15,20,26,39,40,48,33,7,8,7,10,10,11,15,19,20,20,20,25,23,20,13,6,1,31,8,0
Mayotte,2007,272,23,27,4,3,2,6,13,20,25,38,43,50,34,7,7,6,10,10,10,15,18,20,20,23,25,25,21,13,6,1,30,8,0
Mayotte,2008,278,22,26,4,3,2,7,13,20,27,39,50,50,36,8,8,5,10,10,12,15,18,21,25,25,25,25,23,13,7,1,29,9,0
Mayotte,2009,283,20,24,4,3,2,7,12,20,29,42,50,50,38,8,7,5,10,10,14,15,19,23,25,25,25,25,24,14,7,1,27,9,0
Mayotte,2010,289,19,23,4,2,2,7,12,20,29,44,50,50,38,8,7,5,10,10,14,15,20,24,25,25,25,25,24,14,7,1,25,9,0
Mayotte,2011,295,18,22,4,2,2,7,13,20,30,44,50,53,40,8,8,5,10,10,15,15,20,24,25,25,25,28,24,16,7,1,24,9,0
Mayotte,2012,304,18,22,4,2,2,7,13,19,31,45,55,58,41,8,8,5,9,10,15,16,20,25,30,25,28,30,25,16,7,1,24,9,0
Mayotte,2013,322,18,22,4,2,2,7,15,21,35,49,60,60,45,8,10,5,10,11,15,20,22,27,30,30,30,30,27,18,7,1,24,9,0
Mayotte,2014,346,19,23,4,3,2,8,20,22,37,53,64,60,46,9,10,10,10,12,17,20,24,29,33,31,30,30,28,18,7,2,26,10,0
Mayotte,2015,372,21,25,4,3,3,8,20,24,41,56,70,60,49,11,10,10,10,14,18,23,26,30,35,35,30,30,29,20,9,2,28,11,0
Mayotte,2016,388,23,27,4,4,3,8,20,24,44,59,72,67,50,11,10,10,10,14,19,25,27,32,35,37,33,34,30,20,9,2,31,11,0
Mayotte,2017,406,24,28,4,4,4,8,20,24,44,63,76,70,53,11,10,10,10,14,19,25,30,33,36,40,35,35,32,21,9,2,32,12,0
Mayotte,2018,433,24,28,4,5,5,9,22,27,49,66,83,72,55,13,10,12,12,15,21,28,30,36,40,43,37,35,33,22,11,2,33,14,0
Mayotte,2019,454,25,29,4,5,5,9,23,31,51,72,85,75,57,13,10,13,15,16,22,29,35,37,40,45,40,35,34,23,11,2,34,14,0
Mayotte,2020,543,24,28,4,5,5,9,24,31,55,89,114,95,74,17,10,14,15,16,23,32,42,47,55,59,54,41,42,32,14,3,33,14,0
Mayotte,2021,608,23,27,4,5,5,11,24,34,67,103,126,110,77,17,11,13,15,19,28,39,49,54,60,66,63,47,44,33,14,3,32,16,0
Mexico,1950,312727,113964,170195,56231,12648,6329,6718,13826,17760,19268,17429,19187,17596,10372,1382,5713,8113,8790,8970,9667,9601,9047,8382,9743,9444,8995,8601,6668,3704,1206,176,182843,13047,8
Mexico,1951,310594,114382,170616,56234,12984,5791,6828,14853,17352,19028,16291,18790,16536,9842,1654,6797,8056,8184,9168,9396,9632,8923,7368,9611,9179,8499,8037,6192,3650,1354,300,183600,12619,32
Mexico,1952,301960,111983,165716,53733,12289,5331,6538,15208,16766,18397,15762,18176,15610,9812,2280,7255,7953,7800,8966,8957,9440,8758,7004,9188,8988,8153,7457,5986,3826,1743,537,178005,11869,76
Mexico,1953,292934,109560,161013,51453,11400,4952,6062,15031,16137,17597,15617,17519,14860,9836,2802,7224,7807,7562,8575,8465,9132,8587,7030,8682,8837,7930,6930,5860,3976,2067,735,172413,11014,114
Mexico,1954,284777,107333,156696,49363,10584,4651,5618,14597,15563,16797,15704,16887,14362,9903,3266,6972,7625,7395,8168,8000,8797,8432,7272,8227,8660,7817,6545,5780,4123,2352,914,167280,10269,150
Mexico,1955,277635,104764,152105,47341,10001,4437,5345,14217,15126,16143,15872,16323,14207,10008,3674,6774,7443,7258,7868,7629,8514,8302,7570,7943,8380,7830,6377,5722,4286,2610,1064,162106,9782,180
Mexico,1956,272617,102747,148277,45530,9736,4293,5238,13971,14835,15626,16035,15887,14330,10123,4053,6697,7274,7128,7707,7351,8275,8202,7833,7867,8020,7940,6390,5669,4454,2844,1209,158013,9531,211
Mexico,1957,268902,100994,144788,43794,9674,4205,5238,13804,14660,15205,16186,15657,14588,10237,4412,6686,7118,7002,7658,7151,8054,8144,8042,7976,7681,8081,6507,5616,4621,3060,1352,154462,9443,247
Mexico,1958,266117,99340,141596,42256,9699,4166,5290,13680,14551,14868,16327,15621,14872,10344,4802,6702,6978,6878,7673,7024,7844,8108,8219,8204,7417,8210,6662,5573,4771,3262,1540,151295,9456,304
Mexico,1959,263626,97927,138779,40852,9714,4138,5329,13575,14467,14574,16433,15768,15104,10449,5012,6718,6857,6764,7703,6940,7634,8074,8359,8512,7256,8281,6823,5557,4892,3437,1575,148493,9467,287
Mexico,1960,261491,96889,136472,39583,9637,4093,5322,13468,14411,14361,16502,16129,15203,10441,5135,6685,6783,6690,7721,6901,7460,8056,8446,8874,7255,8229,6974,5551,4890,3494,1641,146109,9415,314
Mexico,1961,258309,96102,134635,38533,9486,4040,5261,13298,14318,14225,16530,16724,15174,9884,4467,6570,6728,6633,7685,6898,7327,8035,8495,9255,7469,8107,7067,5402,4482,3080,1387,144121,9301,267
Mexico,1962,256354,95779,133408,37629,9316,3978,5194,13169,14250,14186,16549,17451,15156,9471,3975,6454,6715,6617,7633,6950,7236,8001,8548,9608,7843,7990,7166,5321,4150,2756,1219,142724,9172,245
Mexico,1963,255136,95555,132378,36823,9189,3912,5162,13073,14186,14236,16568,18276,15195,9165,3579,6355,6718,6618,7568,7038,7198,7956,8612,9942,8334,7931,7264,5281,3884,2497,1082,141567,9074,222
Mexico,1964,254844,95452,131618,36166,9175,3866,5173,13038,14139,14375,16618,19138,15324,8975,3226,6293,6745,6631,7508,7152,7223,7914,8704,10237,8901,7964,7360,5283,3692,2291,935,140793,9039,181
Mexico,1965,255328,95142,130718,35576,9327,3871,5228,13086,14156,14601,16727,19958,15574,8936,2979,6312,6774,6668,7488,7294,7307,7892,8835,10444,9514,8143,7431,5350,3586,2132,847,140045,9099,166
Mexico,1966,256438,94658,129626,34968,9619,3925,5332,13220,14257,14912,16877,20705,15987,9041,2784,6415,6805,6737,7520,7450,7462,7894,8983,10586,10119,8498,7489,5488,3553,2005,779,139245,9257,151
Mexico,1967,257795,93949,128245,34296,9963,4005,5471,13444,14394,15279,17039,21385,16594,9231,2616,6593,6851,6811,7583,7602,7677,7926,9113,10708,10677,9010,7584,5665,3566,1908,708,138208,9476,128
Mexico,1968,259655,93318,126922,33604,10279,4104,5621,13788,14577,15665,17221,22012,17356,9490,2499,6866,6922,6903,7674,7737,7928,8007,9214,10827,11185,9624,7732,5878,3612,1839,660,137201,9725,115
Mexico,1969,261512,92566,125445,32879,10453,4206,5788,14213,14807,16015,17406,22576,18235,9827,2432,7190,7023,7020,7787,7841,8174,8128,9278,10964,11612,10289,7946,6126,3701,1802,630,135898,9994,108
Mexico,1970,262938,91484,123636,32152,10386,4304,5987,14691,15077,16310,17578,23019,19226,10238,2401,7510,7181,7145,7932,7924,8386,8282,9296,11133,11886,10966,8260,6383,3855,1808,593,134022,10291,91
Mexico,1971,263988,90154,121489,31335,10066,4387,6214,15239,15398,16559,17770,23344,20300,10732,2414,7829,7410,7274,8124,8005,8554,8482,9288,11309,12035,11602,8698,6653,4079,1846,568,131555,10601,82
Mexico,1972,266993,89274,119555,30281,9553,4425,6403,15813,16020,16985,18184,23899,21802,11672,2595,8082,7731,7522,8498,8216,8769,8823,9361,11559,12340,12393,9409,7166,4506,1989,606,129108,10828,86
Mexico,1973,269928,87671,117018,29347,9002,4465,6635,16502,16681,17465,18716,24383,23409,12736,2821,8360,8142,7782,8899,8475,8990,9208,9508,11760,12623,13178,10231,7727,5009,2176,645,126020,11100,95
Mexico,1974,273335,85841,114191,28350,8491,4500,6923,17332,17416,18078,19381,24842,25053,13909,3117,8726,8606,8072,9344,8822,9256,9620,9761,11927,12915,13921,11132,8323,5586,2429,688,122682,11423,99
Mexico,1975,277434,83652,111031,27379,8082,4532,7276,18304,18246,18925,20206,25315,26636,15232,3547,9224,9080,8429,9817,9300,9625,10048,10158,12069,13246,14561,12075,9013,6219,2779,768,119113,11808,105
Mexico,1976,282637,81678,108065,26387,7795,4549,7689,19383,19109,19999,21174,25789,28086,16742,4131,9821,9562,8840,10269,9901,10098,10486,10688,12214,13575,15091,12995,9865,6877,3227,904,115860,12238,126
Mexico,1977,287870,79414,104740,25326,7576,4543,8101,20431,19924,21218,22255,26255,29415,18387,4856,10432,9999,9254,10670,10569,10649,10938,11317,12394,13861,15537,13878,10864,7523,3759,1097,112316,12644,172
Mexico,1978,293078,77391,101677,24286,7354,4517,8499,21558,20599,22278,23237,26699,30663,20036,5773,11085,10473,9661,10938,11127,11151,11334,11903,12626,14073,15901,14762,11960,8076,4370,1403,109031,13016,192
Mexico,1979,295938,74290,97427,23137,7072,4453,8765,22445,21008,23171,24084,27105,31796,21602,6809,11602,10843,9938,11070,11562,11609,11682,12402,12915,14190,16176,15620,13076,8526,5054,1755,104499,13218,201
Mexico,1980,296771,71048,92902,21854,6693,4352,8843,22931,21074,23689,24679,27435,32722,23091,8069,11888,11043,10022,11052,11750,11939,11967,12712,13232,14203,16345,16377,14059,9032,5786,2283,99595,13195,296
Mexico,1981,294220,68544,89052,20508,6222,4199,8694,22985,20875,23640,24929,27639,33113,24033,8459,11909,11076,9988,10887,11597,12043,12121,12808,13488,14151,16337,16776,14543,9490,6026,2433,95274,12893,384
Mexico,1982,288974,65989,85318,19329,5732,4030,8376,22692,20556,23158,24917,27785,33156,24616,8218,11693,10999,9903,10653,11206,11952,12150,12767,13688,14097,16251,16905,14699,9917,5864,2354,91050,12406,420
Mexico,1983,283303,63236,81427,18191,5296,3883,8018,22189,20186,22525,24840,27985,33161,25288,8074,11340,10849,9780,10406,10744,11781,12157,12683,13878,14107,16175,16986,14853,10435,5696,2378,86723,11901,428
Mexico,1984,278730,60981,78046,17065,4962,3773,7715,21628,19849,21892,24799,28274,33146,26028,8177,10953,10675,9670,10179,10311,11581,12171,12628,14050,14224,16099,17047,15036,10992,5623,2554,83008,11488,437
Mexico,1985,275654,58959,74965,16006,4771,3709,7521,21110,19605,21365,24872,28665,33133,26787,8703,10600,10510,9597,10008,9984,11381,12201,12671,14200,14465,16044,17089,15272,11515,5822,2881,79736,11230,444
Mexico,1986,273903,56814,71851,15037,4710,3682,7459,20708,19487,20984,25089,29185,33165,27567,9499,10323,10385,9577,9910,9798,11186,12269,12820,14355,14830,16049,17116,15572,11995,6302,3197,76561,11141,518
Mexico,1987,272715,54030,68154,14124,4695,3654,7496,20395,19486,20737,25420,29821,33306,28402,10351,10109,10286,9609,9877,9740,10997,12362,13058,14524,15297,16148,17158,15927,12475,6946,3405,72849,11150,802
Mexico,1988,272747,51462,64758,13296,4657,3607,7590,20188,19595,20640,25842,30545,33598,29281,11357,9976,10212,9691,9904,9786,10854,12466,13376,14738,15807,16359,17239,16328,12953,7689,3668,69415,11197,1089
Mexico,1989,274094,49520,62065,12545,4543,3528,7699,20112,19797,20712,26308,31323,34063,30121,12451,9949,10163,9800,9997,9921,10791,12573,13735,15024,16299,16703,17360,16729,13392,8486,3965,66608,11227,1372
Mexico,1990,275718,47492,59306,11814,4318,3398,7793,20160,20059,20965,26754,32102,34721,30846,13647,10033,10127,9907,10152,10136,10829,12671,14083,15374,16728,17177,17544,17047,13799,9233,4414,63624,11191,1650
Mexico,1991,277321,45953,57135,11182,4003,3206,7823,20518,20505,21452,27298,33061,35744,31074,13662,10295,10223,10116,10389,10413,11039,12800,14498,15868,17193,17917,17827,17130,13944,9293,4369,61138,11029,1837
Mexico,1992,278646,44403,55039,10636,3666,2990,7728,20901,21036,22011,27801,34063,37025,31229,13519,10562,10339,10361,10675,10683,11328,12883,14918,16447,17616,18808,18217,17152,14077,9289,4230,58705,10718,1635
Mexico,1993,279469,42670,52725,10055,3348,2796,7570,21197,21532,22551,28192,35061,38407,31456,13400,10763,10434,10565,10967,10926,11625,12932,15260,17047,18014,19702,18705,17196,14260,9337,4063,56073,10366,1235
Mexico,1994,280308,40820,50320,9500,3090,2640,7364,21297,21897,22999,28471,35999,39744,31714,13666,10817,10480,10689,11208,11127,11872,12963,15508,17584,18415,20480,19264,17253,14461,9414,4252,53410,10004,1101
Mexico,1995,280347,38903,47849,8946,2917,2533,7136,21165,22025,23274,28600,36797,40893,31997,14151,10705,10460,10693,11332,11245,12029,12989,15611,17992,18805,21042,19851,17364,14633,9582,4569,50766,9669,1007
Mexico,1996,279950,37114,45551,8437,2831,2469,6865,20745,21899,23354,28589,37502,41801,32350,14928,10381,10364,10573,11326,11279,12075,13043,15546,18271,19231,21355,20446,17580,14770,9816,5112,48382,9334,1068
Mexico,1997,278800,35164,43059,7895,2784,2435,6591,20095,21565,23312,28515,38196,42555,32845,15659,9906,10189,10355,11210,11276,12036,13135,15380,18453,19743,21504,21051,17931,14914,10078,5581,45843,9026,1189
Mexico,1998,278090,33494,40878,7384,2750,2422,6330,19278,21080,23239,28466,38909,43282,33499,16420,9355,9923,10078,11002,11257,11982,13247,15219,18587,20322,21626,21656,18431,15068,10382,6038,43628,8752,1534
Mexico,1999,278129,32196,39107,6911,2706,2417,6082,18359,20491,23210,28524,39670,44103,34325,17100,8787,9572,9759,10732,11243,11967,13381,15143,18727,20943,21834,22269,19093,15232,10729,6371,41813,8499,2038
Mexico,2000,278806,30767,37256,6489,2630,2405,5863,17377,19856,23258,28803,40470,45119,35361,17849,8237,9140,9421,10435,11247,12011,13565,15238,18872,21598,22224,22895,19891,15470,11076,6773,39886,8268,2559
Mexico,2001,279373,29468,35630,6162,2514,2368,5625,16478,19347,23402,29384,41272,46403,36380,17784,7732,8746,9180,10167,11247,12155,13817,15567,19036,22236,22931,23472,20611,15769,11212,6572,38144,7993,2788
Mexico,2002,281257,28151,34018,5867,2383,2329,5451,15770,19005,23673,30191,42151,48119,37796,17567,7360,8410,9031,9974,11278,12395,14125,16066,19244,22907,23982,24137,21451,16345,11300,6267,36401,7780,2802
Mexico,2003,284943,26920,32493,5573,2263,2296,5364,15362,18933,24119,31197,43094,50103,39451,17581,7153,8209,9010,9923,11384,12735,14526,16671,19530,23564,25183,24920,22372,17079,11453,6128,34756,7660,2688
Mexico,2004,290799,25762,31054,5292,2170,2273,5396,15358,19224,24774,32365,44128,52305,41366,17833,7154,8204,9164,10060,11598,13176,15033,17332,19912,24216,26436,25869,23395,17971,11693,6140,33224,7669,2554
Mexico,2005,299202,24683,29724,5041,2125,2270,5598,15972,20018,25706,33676,45209,54647,43543,18261,7478,8494,9563,10455,11979,13727,15632,18044,20428,24781,27652,26995,24545,18998,12060,6201,31849,7868,2453
Mexico,2006,309681,23636,28403,4767,2098,2262,5922,17067,21261,26821,35051,46334,57142,46013,18943,8055,9012,10166,11095,12491,14330,16308,18743,21098,25236,28781,28361,25846,20167,12616,6327,30501,8184,2367
Mexico,2007,322105,22719,27248,4529,2096,2263,6348,18570,22840,28071,36507,47566,59754,48638,19834,8838,9732,10915,11925,13100,14971,17076,19431,21905,25661,29812,29942,27221,21417,13301,6533,29344,8611,2370
Mexico,2008,334939,21896,26210,4314,2096,2260,6790,20176,24452,29314,38019,48862,62370,51297,20744,9690,10486,11670,12782,13728,15586,17874,20145,22760,26102,30780,31590,28626,22671,14037,6707,28306,9050,2351
Mexico,2009,346628,21098,25207,4109,2080,2243,7136,21514,25756,30401,39536,50206,64877,53822,21574,10427,11087,12264,13492,14278,16123,18653,20883,23608,26598,31691,33186,29982,23840,14761,6813,27287,9379,2280
Mexico,2010,355497,20355,24277,3922,2040,2203,7261,22184,26339,31175,40932,51642,67050,55963,22239,10827,11357,12489,13850,14638,16537,19337,21595,24442,27200,32427,34623,31153,24810,15380,6859,26317,9464,2189
Mexico,2011,360799,19712,23460,3748,1975,2157,7183,22183,26125,31660,42207,53130,68623,57472,22534,10889,11294,12319,13806,14821,16839,19903,22304,25213,27917,32883,35740,32056,25416,15719,6815,25435,9340,2090
Mexico,2012,369198,19098,22697,3599,1904,2107,6940,21658,25555,32079,43645,55193,70667,60370,24209,10664,10994,11982,13573,14958,17121,20471,23174,26148,29045,33569,37098,33560,26810,16878,7331,24601,9047,2169
Mexico,2013,377415,18480,21937,3457,1832,2054,6672,21136,25074,32661,45276,57579,72807,63001,25184,10397,10739,11707,13367,15169,17492,21068,24208,27242,30337,34330,38477,35044,27957,17572,7612,23769,8726,2204
Mexico,2014,389122,17583,20892,3309,1769,2012,6498,20970,25049,33643,47265,60378,75184,66363,26812,10267,10703,11651,13398,15584,18059,21806,25459,28576,31802,35278,39906,36801,29562,18739,8073,22661,8510,2285
Mexico,2015,406562,16491,19622,3131,1718,1987,6524,21553,25876,35310,49788,63728,77943,70822,29359,10472,11081,12034,13842,16373,18937,22816,26972,30193,33535,36571,41372,38980,31842,20601,8758,21340,8511,2337
Mexico,2016,430794,15664,18638,2974,1689,1980,6766,22968,27627,37732,52792,67578,81067,76395,33010,11041,11927,12892,14735,17561,20171,24107,28685,32110,35468,38265,42802,41525,34870,23147,9863,20327,8746,2550
Mexico,2017,457319,14896,17716,2820,1663,1986,7092,24882,29760,40318,55725,71470,84225,82291,37298,11817,13065,13976,15784,18808,21510,25440,30285,34134,37336,40182,44043,44045,38246,25996,11302,19379,9078,2891
Mexico,2018,479796,14137,16804,2667,1625,1970,7262,26561,31674,42437,58148,74813,86988,87378,41409,12445,14116,14996,16678,19733,22704,26584,31564,35946,38867,42036,44952,46091,41287,28631,12778,18429,9232,2726
Mexico,2019,491736,13143,15647,2504,1563,1918,7063,27187,32492,43287,59385,76942,88929,90319,44651,12563,14624,15525,16967,19852,23435,27206,32179,37191,39751,43550,45379,47146,43173,30446,14205,17210,8981,2347
Mexico,2020,690814,12657,15026,2369,1538,1955,6784,26806,38315,64613,101826,134442,138261,115351,44135,11854,14952,17201,21114,27618,36995,46318,55508,65604,68838,71136,67125,64355,50996,31612,12523,16564,8739,1765
Mexico,2021,713518,11939,14393,2454,1408,1948,6391,27409,39050,66231,107166,141424,143937,116978,45119,12113,15296,17650,21400,28683,37548,48241,58925,69210,72214,74426,69511,65309,51669,32069,13050,15801,8339,2065
Micronesia (country),1950,300,89,122,33,11,5,8,20,20,20,21,30,30,16,0,10,10,10,10,10,10,10,11,15,15,15,15,14,2,0,0,133,13,0
Micronesia (country),1951,309,94,129,35,11,5,8,20,20,20,21,30,28,17,0,10,10,10,10,10,10,10,11,15,15,15,13,13,4,0,0,140,13,0
Micronesia (country),1952,308,94,130,36,11,5,8,20,20,20,21,30,28,15,0,10,10,10,10,10,10,10,11,15,15,15,13,10,5,0,0,141,13,0
Micronesia (country),1953,308,94,130,36,10,5,8,20,20,20,22,30,28,16,0,10,10,10,10,10,10,10,12,15,15,15,13,10,6,0,0,140,13,0
Micronesia (country),1954,305,94,131,37,10,5,8,20,20,20,22,30,28,17,0,10,10,10,10,10,10,10,12,15,15,15,13,10,7,0,0,141,13,0
Micronesia (country),1955,304,94,131,37,9,5,8,20,20,20,22,30,29,16,0,10,10,10,10,10,10,10,12,15,15,15,14,10,6,0,0,140,13,0
Micronesia (country),1956,303,94,130,36,10,5,8,20,20,20,22,30,29,14,1,10,10,10,10,10,10,10,12,15,15,15,14,9,5,1,0,140,13,0
Micronesia (country),1957,300,94,130,36,10,5,7,19,16,20,21,30,29,14,1,10,9,6,10,10,10,10,11,15,15,15,14,9,5,1,0,140,12,0
Micronesia (country),1958,299,94,130,36,11,5,7,19,14,20,22,30,29,14,2,10,9,5,9,10,10,10,12,15,15,15,14,9,5,2,0,141,12,0
Micronesia (country),1959,296,93,126,33,10,5,7,18,12,20,22,30,29,14,2,10,8,5,7,10,10,10,12,15,15,15,14,9,5,2,0,136,12,0
Micronesia (country),1960,292,92,124,32,10,5,7,17,10,20,22,30,29,14,1,10,7,5,5,10,10,10,12,15,15,15,14,9,5,1,0,134,12,0
Micronesia (country),1961,292,92,124,32,10,5,7,16,10,19,22,30,30,14,0,10,6,5,5,9,10,10,12,15,15,15,15,9,5,0,0,134,12,0
Micronesia (country),1962,292,91,121,30,9,5,7,16,10,19,22,30,30,14,0,10,6,5,5,9,10,10,12,15,15,15,15,9,5,0,0,130,12,0
Micronesia (country),1963,297,91,121,30,9,5,7,17,10,20,24,32,35,15,0,10,7,5,5,10,10,10,14,15,17,20,15,10,5,0,0,130,12,0
Micronesia (country),1964,298,90,119,29,9,5,7,17,11,20,24,32,35,15,0,10,7,5,6,10,10,10,14,15,17,20,15,10,5,0,0,128,12,0
Micronesia (country),1965,297,89,118,29,9,5,7,17,11,20,25,32,35,16,0,10,7,5,6,10,10,10,15,15,17,20,15,11,5,0,0,127,12,0
Micronesia (country),1966,301,88,116,28,9,5,7,17,13,20,26,34,36,16,0,10,7,5,8,10,10,11,15,15,19,20,16,11,5,0,0,125,12,0
Micronesia (country),1967,302,88,114,26,9,5,9,17,13,20,26,35,36,16,0,10,7,5,8,10,10,11,15,15,20,20,16,11,5,0,0,123,14,0
Micronesia (country),1968,302,88,114,26,9,5,9,17,13,20,27,36,36,18,0,10,7,5,8,10,10,12,15,16,20,20,16,12,6,0,0,123,14,0
Micronesia (country),1969,304,87,113,26,9,5,9,17,13,20,27,37,37,18,0,10,7,5,8,10,10,12,15,17,20,20,17,12,6,0,0,122,14,0
Micronesia (country),1970,308,87,112,25,9,5,9,17,14,20,28,38,37,18,0,10,7,5,9,10,10,13,15,18,20,20,17,12,6,0,0,121,14,0
Micronesia (country),1971,309,87,112,25,9,5,9,17,14,20,28,39,38,18,0,10,7,5,9,10,10,13,15,19,20,20,18,12,6,0,0,121,14,0
Micronesia (country),1972,309,86,111,25,9,5,9,17,14,20,28,39,38,18,1,10,7,5,9,10,10,13,15,19,20,20,18,12,6,1,0,120,14,0
Micronesia (country),1973,311,84,109,25,9,5,9,17,14,20,29,40,38,18,1,10,7,5,9,10,10,14,15,20,20,20,18,12,6,1,0,118,14,0
Micronesia (country),1974,312,83,106,23,9,5,9,17,14,20,30,40,39,18,1,10,7,5,9,10,10,14,16,20,20,20,19,12,6,1,0,115,14,0
Micronesia (country),1975,314,82,105,23,9,5,9,17,14,20,30,40,39,19,1,10,7,5,9,10,10,14,16,20,20,20,19,13,6,1,0,114,14,0
Micronesia (country),1976,314,81,104,23,9,5,9,17,14,20,31,40,39,17,1,10,7,5,9,10,10,15,16,20,20,20,19,12,5,1,0,113,14,0
Micronesia (country),1977,316,81,102,21,9,5,10,18,15,21,31,40,39,17,1,10,8,5,10,10,11,15,16,20,20,20,19,12,5,1,0,111,15,0
Micronesia (country),1978,315,81,102,21,9,5,10,19,14,21,32,40,39,17,1,10,9,5,9,10,11,15,17,20,20,20,19,12,5,1,0,111,15,0
Micronesia (country),1979,322,82,103,21,9,5,10,22,17,21,32,44,41,17,1,12,10,7,10,10,11,15,17,20,24,21,20,12,5,1,0,112,15,0
Micronesia (country),1980,323,82,103,21,9,5,10,20,16,21,32,44,42,19,0,10,10,6,10,10,11,15,17,20,24,22,20,13,6,0,0,112,15,0
Micronesia (country),1981,325,82,103,21,9,5,10,20,16,21,32,44,43,19,0,10,10,7,9,10,11,15,17,20,24,23,20,13,6,0,0,112,15,0
Micronesia (country),1982,328,83,104,21,9,5,10,20,17,21,32,44,44,19,0,10,10,8,9,10,11,15,17,20,24,24,20,13,6,0,0,113,15,0
Micronesia (country),1983,325,83,104,21,9,5,10,20,14,20,31,44,45,21,0,10,10,8,6,10,10,15,16,20,24,25,20,14,7,0,0,113,15,0
Micronesia (country),1984,326,83,104,21,9,5,10,20,14,20,31,46,45,21,1,10,10,9,5,10,10,15,16,21,25,25,20,14,7,1,0,113,15,0
Micronesia (country),1985,327,83,104,21,9,5,10,20,15,20,31,46,46,21,1,10,10,10,5,10,10,14,17,21,25,25,21,14,7,1,0,113,15,0
Micronesia (country),1986,330,81,102,21,9,5,10,20,17,20,33,46,47,21,1,10,10,10,7,10,10,15,18,21,25,25,22,14,7,1,0,111,15,0
Micronesia (country),1987,335,80,101,21,10,5,10,20,18,20,33,46,47,22,1,10,10,10,8,10,10,15,18,21,25,25,22,15,7,1,0,111,15,0
Micronesia (country),1988,331,79,98,19,8,5,10,20,19,20,32,46,48,23,2,10,10,10,9,10,10,14,18,21,25,25,23,15,8,2,0,106,15,0
Micronesia (country),1989,331,77,96,19,8,5,10,20,20,19,32,47,48,23,2,10,10,10,10,9,10,14,18,22,25,25,23,15,8,2,0,104,15,0
Micronesia (country),1990,328,75,94,19,8,5,10,20,20,20,32,47,49,24,2,10,10,10,10,10,10,14,18,22,25,25,24,16,8,2,0,102,15,0
Micronesia (country),1991,329,74,92,18,8,5,10,20,20,20,32,48,49,25,2,10,10,10,10,10,10,14,18,23,25,25,24,17,8,2,0,100,15,0
Micronesia (country),1992,333,73,91,18,8,5,10,21,20,20,32,48,53,25,2,11,10,10,10,10,10,14,18,23,25,28,25,17,8,2,0,99,15,0
Micronesia (country),1993,347,73,91,18,8,5,10,20,20,20,31,51,56,31,3,10,10,10,10,10,10,13,18,24,27,30,26,20,11,3,0,99,15,0
Micronesia (country),1994,368,73,91,18,8,5,10,20,20,21,30,57,62,38,5,10,10,10,10,10,11,12,18,27,30,35,27,23,15,5,0,99,15,0
Micronesia (country),1995,374,72,90,18,7,5,10,17,18,26,28,57,67,43,7,10,7,8,10,11,15,11,17,27,30,37,30,25,18,7,0,97,15,0
Micronesia (country),1996,366,71,87,16,7,5,10,16,17,26,29,57,64,38,7,10,6,7,10,11,15,12,17,27,30,33,31,21,17,7,0,94,15,0
Micronesia (country),1997,354,69,84,15,7,5,10,16,15,25,31,55,63,36,8,10,6,5,10,10,15,14,17,25,30,32,31,21,15,7,1,91,15,0
Micronesia (country),1998,344,67,81,14,6,5,10,16,14,25,31,55,59,33,7,10,6,5,9,10,15,15,16,25,30,30,29,20,13,7,0,87,15,0
Micronesia (country),1999,332,65,79,14,6,5,10,16,13,25,31,56,58,31,5,10,6,5,8,10,15,15,16,26,30,30,28,19,12,5,0,85,15,0
Micronesia (country),2000,323,63,77,14,6,5,10,16,13,24,30,56,54,26,6,10,6,5,8,10,14,15,15,26,30,30,24,17,9,5,1,83,15,0
Micronesia (country),2001,307,59,72,13,6,5,9,15,11,24,30,53,52,26,3,10,5,5,6,10,14,15,15,23,30,28,24,17,9,3,0,78,14,0
Micronesia (country),2002,327,59,77,18,11,5,10,16,12,24,32,52,56,26,3,10,6,5,7,10,14,17,15,22,30,30,26,17,9,3,0,88,15,0
Micronesia (country),2003,304,53,64,11,5,5,9,15,11,23,35,49,57,27,3,10,5,5,6,10,13,18,17,19,30,30,27,18,9,3,0,69,14,0
Micronesia (country),2004,303,51,62,11,5,5,8,15,11,23,37,47,57,28,3,10,5,5,6,10,13,18,19,18,29,30,27,18,10,3,0,67,13,0
Micronesia (country),2005,304,49,60,11,5,5,8,15,10,24,39,48,57,29,3,10,5,5,5,10,14,19,20,20,28,30,27,19,10,3,0,65,13,0
Micronesia (country),2006,297,47,58,11,5,5,8,14,10,22,39,46,55,30,3,9,5,5,5,9,13,19,20,20,26,30,25,20,10,3,0,63,13,0
Micronesia (country),2007,297,46,56,10,5,5,8,14,10,22,43,44,55,30,3,9,5,5,5,9,13,19,24,20,24,30,25,19,11,3,0,61,13,0
Micronesia (country),2008,298,44,54,10,5,5,8,15,10,22,43,44,55,29,4,10,5,5,5,9,13,19,24,22,22,30,25,18,11,4,0,59,13,0
Micronesia (country),2009,296,42,51,9,5,5,8,15,11,23,45,47,52,29,4,10,5,5,6,10,13,20,25,26,21,28,24,18,11,4,0,56,13,0
Micronesia (country),2010,291,40,48,8,5,5,8,15,10,24,47,50,48,26,4,10,5,5,5,10,14,21,26,28,22,25,23,17,9,4,0,53,13,0
Micronesia (country),2011,294,39,47,8,5,5,8,14,10,24,50,55,48,27,4,9,5,5,5,10,14,21,29,30,25,25,23,17,10,4,0,52,13,0
Micronesia (country),2012,299,38,46,8,5,5,8,14,10,24,48,60,48,26,4,9,5,5,5,10,14,19,29,34,26,25,23,16,10,4,0,51,13,0
Micronesia (country),2013,304,36,44,8,5,5,8,14,10,23,51,63,49,27,4,9,5,5,5,10,13,21,30,34,29,25,24,17,10,4,0,49,13,0
Micronesia (country),2014,312,35,43,8,5,5,8,15,12,23,52,72,49,27,4,10,5,5,7,10,13,22,30,37,35,25,24,17,10,4,0,48,13,0
Micronesia (country),2015,323,34,42,8,5,5,8,16,12,24,52,77,52,28,4,10,6,5,7,10,14,21,31,40,37,27,25,18,10,4,0,47,13,0
Micronesia (country),2016,329,32,38,6,5,5,8,17,11,24,53,83,53,27,3,10,7,5,6,10,14,22,31,41,42,28,25,18,9,3,0,43,13,0
Micronesia (country),2017,345,31,37,6,5,5,8,18,13,24,55,89,58,29,3,10,8,5,8,10,14,23,32,44,45,33,25,19,10,3,0,42,13,0
Micronesia (country),2018,361,30,36,6,5,5,8,19,13,26,59,97,63,30,4,10,9,5,8,10,16,24,35,47,50,37,26,20,10,4,0,41,13,0
Micronesia (country),2019,381,29,35,6,5,5,8,20,20,28,61,102,69,32,4,10,10,10,10,12,16,24,37,49,53,42,27,21,11,4,0,40,13,0
Micronesia (country),2020,405,28,34,6,5,5,8,20,20,29,64,109,78,33,4,10,10,10,10,12,17,26,38,51,58,49,29,22,11,4,0,39,13,0
Micronesia (country),2021,419,27,32,5,5,5,8,20,20,29,63,113,87,32,4,10,10,10,10,12,17,25,38,50,63,55,32,21,11,4,0,37,13,0
Moldova,1950,18790,3494,4504,1010,305,219,327,901,992,1635,1956,3080,3140,1428,290,461,440,370,622,730,905,928,1028,1442,1638,1645,1495,897,531,231,59,4809,546,9
Moldova,1951,19093,3823,4955,1132,325,216,334,912,977,1652,1971,2965,3089,1408,285,462,450,388,589,748,904,956,1015,1376,1589,1622,1467,913,495,227,58,5280,550,9
Moldova,1952,18932,3817,5066,1249,277,208,340,910,957,1656,1992,2838,3014,1388,278,456,454,413,544,768,888,986,1006,1304,1534,1583,1431,928,460,219,59,5343,548,10
Moldova,1953,18802,3815,5126,1311,320,197,345,910,940,1648,2013,2716,2936,1370,270,449,461,436,504,781,867,1011,1002,1241,1475,1538,1398,934,436,210,60,5446,542,11
Moldova,1954,18627,3804,5145,1341,328,185,350,910,932,1635,2037,2616,2865,1355,259,442,468,451,481,777,858,1028,1009,1199,1417,1493,1372,929,426,198,61,5473,535,11
Moldova,1955,18459,3787,5122,1335,363,173,347,913,940,1609,2056,2529,2798,1350,245,438,475,459,481,751,858,1033,1023,1170,1359,1444,1354,918,432,185,60,5485,520,10
Moldova,1956,18319,3762,5069,1307,401,163,342,917,960,1584,2079,2465,2744,1349,233,441,476,464,496,713,871,1032,1047,1160,1305,1405,1339,908,441,172,61,5470,505,11
Moldova,1957,18171,3722,4997,1275,419,158,329,920,991,1555,2103,2414,2697,1352,221,447,473,471,520,667,888,1025,1078,1158,1256,1372,1325,898,454,161,60,5416,487,12
Moldova,1958,18072,3663,4905,1242,454,161,311,918,1023,1528,2132,2391,2656,1361,214,452,466,481,542,630,898,1023,1109,1170,1221,1344,1312,895,466,156,58,5359,472,13
Moldova,1959,17937,3580,4786,1206,450,173,289,913,1046,1509,2165,2398,2614,1367,211,453,460,493,553,617,892,1031,1134,1191,1207,1316,1298,897,470,156,55,5236,462,14
Moldova,1960,17808,3467,4631,1164,448,192,263,903,1062,1495,2202,2428,2579,1378,208,446,457,505,557,625,870,1049,1153,1223,1205,1292,1287,906,472,158,50,5079,455,15
Moldova,1961,17880,3302,4416,1114,444,221,244,903,1089,1504,2285,2524,2598,1415,216,440,463,518,571,661,843,1099,1186,1286,1238,1295,1303,932,483,169,47,4860,465,16
Moldova,1962,17696,3051,4106,1055,426,240,232,887,1095,1498,2338,2608,2588,1438,221,421,466,518,577,698,800,1138,1200,1344,1264,1280,1308,948,490,177,44,4532,472,15
Moldova,1963,17476,2798,3782,984,421,255,231,859,1095,1487,2377,2688,2582,1457,225,391,468,510,585,725,762,1163,1214,1393,1295,1273,1309,960,497,182,43,4203,486,14
Moldova,1964,17297,2530,3433,903,403,262,246,826,1105,1491,2416,2782,2601,1488,232,359,467,504,601,739,752,1170,1246,1439,1343,1284,1317,976,512,188,44,3836,508,13
Moldova,1965,17269,2369,3187,818,391,262,275,786,1121,1512,2440,2881,2637,1525,239,324,462,502,619,740,772,1149,1291,1478,1403,1311,1326,994,531,195,44,3578,537,12
Moldova,1966,17570,2248,2989,741,374,265,317,758,1153,1584,2498,3041,2733,1599,251,301,457,514,639,755,829,1126,1372,1536,1505,1374,1359,1035,564,203,48,3363,582,12
Moldova,1967,17757,2148,2830,682,365,264,348,726,1165,1651,2515,3165,2800,1654,264,286,440,522,643,764,887,1071,1444,1569,1596,1427,1373,1065,589,214,50,3195,612,11
Moldova,1968,18251,2076,2714,638,349,268,378,720,1192,1749,2572,3344,2933,1737,283,298,422,542,650,797,952,1044,1528,1633,1711,1517,1416,1113,624,227,56,3063,646,11
Moldova,1969,18572,2037,2644,607,332,265,391,717,1194,1812,2597,3474,3045,1792,298,328,389,549,645,829,983,1036,1561,1687,1787,1595,1450,1142,650,239,59,2976,656,11
Moldova,1970,19134,2043,2632,589,311,268,401,737,1206,1875,2652,3644,3215,1862,321,380,357,555,651,871,1004,1084,1568,1775,1869,1704,1511,1180,682,258,63,2943,669,11
Moldova,1971,19851,2081,2662,581,295,268,408,777,1229,1934,2717,3839,3427,1938,345,443,334,558,671,907,1027,1174,1543,1891,1948,1837,1590,1218,720,277,68,2957,676,11
Moldova,1972,20437,2082,2641,559,279,266,417,820,1244,1984,2761,4014,3639,1995,366,493,327,550,694,926,1058,1277,1484,2007,2007,1971,1668,1245,750,295,71,2920,683,11
Moldova,1973,20589,2088,2634,546,255,254,414,853,1215,1985,2732,4079,3765,2005,380,520,333,516,699,909,1076,1334,1398,2059,2020,2049,1716,1244,761,304,76,2889,668,12
Moldova,1974,21151,2086,2621,535,243,245,422,922,1206,2046,2782,4215,3970,2065,396,546,376,486,720,909,1137,1388,1394,2117,2098,2156,1814,1278,787,317,79,2864,667,12
Moldova,1975,21718,2059,2586,527,236,232,429,1002,1182,2121,2870,4320,4176,2135,414,558,444,450,732,919,1202,1416,1454,2120,2200,2245,1931,1325,810,329,85,2822,661,13
Moldova,1976,21912,2023,2541,518,225,215,426,1067,1132,2153,2950,4306,4300,2161,422,556,511,412,720,924,1229,1414,1536,2027,2279,2276,2024,1348,813,334,88,2766,641,14
Moldova,1977,22477,1985,2493,508,223,202,429,1141,1110,2215,3125,4353,4502,2233,437,568,573,399,711,957,1258,1455,1670,1939,2414,2337,2165,1404,829,346,91,2716,631,15
Moldova,1978,23019,1947,2441,494,225,191,425,1201,1101,2258,3309,4391,4698,2308,452,580,621,418,683,990,1268,1520,1789,1866,2525,2404,2294,1466,842,357,95,2666,616,15
Moldova,1979,23137,1930,2409,479,221,177,402,1215,1099,2240,3400,4358,4794,2352,456,580,635,468,631,996,1244,1575,1825,1821,2537,2440,2354,1512,840,361,95,2630,579,16
Moldova,1980,23128,1910,2374,464,220,169,373,1201,1110,2207,3427,4315,4861,2396,458,573,628,544,566,985,1222,1619,1808,1853,2462,2484,2377,1558,838,362,96,2594,542,17
Moldova,1981,22951,1898,2348,450,214,159,338,1169,1121,2158,3397,4237,4896,2437,456,561,608,617,504,949,1209,1624,1773,1932,2305,2528,2368,1605,832,360,96,2562,497,17
Moldova,1982,22570,1889,2322,433,206,152,304,1123,1123,2087,3322,4112,4886,2466,448,535,588,661,462,892,1195,1580,1742,2010,2102,2558,2328,1642,824,351,97,2528,456,18
Moldova,1983,24313,1907,2321,414,212,163,304,1187,1264,2217,3598,4419,5376,2749,483,556,631,752,512,905,1312,1673,1925,2281,2138,2839,2537,1839,910,377,106,2533,467,19
Moldova,1984,24698,1886,2285,399,197,164,289,1173,1360,2187,3689,4490,5510,2853,482,534,639,772,588,843,1344,1657,2032,2363,2127,2899,2611,1907,946,376,106,2482,453,20
Moldova,1985,25063,1788,2174,386,196,168,281,1150,1478,2133,3807,4621,5596,2953,483,502,648,773,705,770,1363,1660,2147,2395,2226,2882,2714,1961,992,376,107,2370,449,20
Moldova,1986,22334,1727,2096,369,182,146,240,967,1379,1781,3389,4172,4882,2653,429,406,561,663,716,604,1177,1460,1929,2087,2085,2412,2470,1741,912,333,96,2278,386,18
Moldova,1987,21980,1645,1995,350,152,142,230,903,1412,1666,3339,4251,4752,2684,434,368,535,641,771,551,1115,1449,1890,2057,2194,2220,2532,1735,949,338,96,2147,372,18
Moldova,1988,22548,1487,1819,332,165,140,236,880,1491,1658,3419,4546,4862,2847,464,352,528,656,835,584,1074,1514,1905,2170,2376,2163,2699,1821,1026,363,101,1984,376,19
Moldova,1989,22291,1314,1628,314,154,134,236,817,1477,1638,3343,4641,4817,2899,484,329,488,646,831,660,978,1508,1835,2241,2400,2107,2710,1847,1052,381,103,1782,370,20
Moldova,1990,23673,1230,1528,298,166,140,254,820,1552,1770,3516,5028,5160,3176,542,339,481,685,867,835,935,1596,1920,2487,2541,2318,2842,2028,1148,431,111,1694,394,21
Moldova,1991,25486,1172,1455,283,178,145,275,840,1647,1956,3773,5475,5605,3506,609,360,480,733,914,1052,904,1695,2078,2757,2718,2677,2928,2262,1244,487,122,1633,420,23
Moldova,1992,26713,1165,1440,275,183,146,320,1008,1838,2143,3897,5667,5758,3652,636,457,551,832,1006,1248,895,1710,2187,2854,2813,2953,2805,2391,1261,511,125,1623,466,23
Moldova,1993,27180,1151,1424,273,187,146,287,833,1707,2245,3934,5895,5984,3845,668,388,445,735,972,1306,939,1641,2293,2897,2998,3235,2749,2543,1302,536,132,1611,433,24
Moldova,1994,29855,1134,1411,277,175,160,313,911,1845,2664,4225,6582,6619,4205,718,440,471,765,1080,1459,1205,1670,2555,3125,3457,3648,2971,2786,1419,574,144,1586,473,25
Moldova,1995,30038,1074,1345,271,172,158,309,916,1814,2919,4094,6753,6737,4108,693,452,464,718,1096,1457,1462,1519,2575,3118,3635,3662,3075,2696,1412,552,141,1517,467,24
Moldova,1996,31358,1016,1274,258,141,163,318,962,1847,3309,4103,7207,7222,4103,686,480,482,699,1148,1509,1800,1438,2665,3295,3912,3805,3417,2633,1470,543,143,1415,481,23
Moldova,1997,28979,1013,1252,239,149,147,287,885,1637,3223,3636,6688,6875,3585,594,442,443,599,1038,1391,1832,1263,2373,3083,3605,3525,3350,2229,1356,469,125,1401,434,21
Moldova,1998,28437,927,1142,215,99,139,274,868,1530,3275,3519,6565,7033,3404,564,429,439,550,980,1377,1898,1330,2189,3084,3481,3575,3458,2064,1340,445,119,1241,413,20
Moldova,1999,28729,828,1019,191,115,129,274,876,1458,3333,3625,6581,7345,3397,556,427,449,530,928,1404,1929,1591,2034,3135,3446,3786,3559,2058,1339,442,114,1134,403,20
Moldova,2000,27626,738,901,163,86,112,258,830,1315,3180,3604,6271,7220,3293,529,398,432,493,822,1358,1822,1845,1759,2990,3281,3813,3407,2053,1240,427,102,987,370,20
Moldova,2001,27319,657,795,138,76,100,248,810,1247,3113,3677,6157,7194,3378,508,385,425,487,760,1344,1769,2090,1587,2868,3289,3829,3365,2225,1153,415,93,871,348,17
Moldova,2002,27074,585,702,117,75,89,241,788,1192,3060,3754,6040,7130,3491,492,372,416,482,710,1312,1748,2258,1496,2734,3306,3780,3350,2416,1075,409,83,777,330,15
Moldova,2003,26391,547,647,100,60,77,231,747,1134,2951,3824,5752,6939,3531,478,351,396,471,663,1238,1713,2307,1517,2517,3235,3604,3335,2508,1023,401,77,707,308,12
Moldova,2004,25967,525,614,89,60,71,214,720,1097,2866,3988,5455,6836,3572,461,339,381,463,634,1164,1702,2290,1698,2319,3136,3466,3370,2522,1050,389,72,674,285,11
Moldova,2005,25861,491,575,84,50,66,197,699,1059,2792,4303,5213,6900,3556,438,331,368,455,604,1086,1706,2263,2040,2111,3102,3405,3495,2445,1111,369,69,625,263,9
Moldova,2006,25805,470,550,80,44,60,177,686,1032,2707,4618,4952,6978,3580,413,327,359,448,584,1009,1698,2225,2393,1897,3055,3389,3589,2386,1194,345,68,594,237,8
Moldova,2007,24935,458,536,78,46,53,149,644,971,2514,4715,4596,6771,3552,380,309,335,424,547,907,1607,2139,2576,1705,2891,3290,3481,2323,1229,314,66,582,202,8
Moldova,2008,24295,457,534,77,37,46,129,605,921,2334,4756,4402,6559,3596,366,292,313,401,520,826,1508,2086,2670,1710,2692,3231,3328,2350,1246,300,66,571,175,7
Moldova,2009,24389,458,534,76,41,43,115,582,901,2207,4816,4516,6503,3741,382,274,308,390,511,779,1428,2104,2712,1988,2528,3238,3265,2472,1269,315,67,575,158,7
Moldova,2010,25058,443,519,76,36,37,109,567,907,2132,4931,4836,6617,3945,413,256,311,387,520,763,1369,2174,2757,2468,2368,3300,3317,2648,1297,347,66,555,146,7
Moldova,2011,25519,413,485,72,31,37,103,542,901,2046,4975,5143,6707,4099,443,232,310,381,520,754,1292,2208,2767,2960,2183,3312,3395,2781,1318,381,62,516,140,7
Moldova,2012,25576,391,460,69,30,33,97,506,878,1945,4943,5352,6699,4167,458,202,304,368,510,735,1210,2174,2769,3325,2027,3279,3420,2814,1353,402,56,490,130,6
Moldova,2013,25553,372,435,63,29,31,86,478,851,1863,4893,5634,6595,4186,467,182,296,355,496,723,1140,2096,2797,3564,2070,3174,3421,2780,1406,415,52,464,117,6
Moldova,2014,25532,386,448,62,35,29,79,442,825,1798,4815,6020,6381,4192,469,166,276,346,479,714,1084,1984,2831,3590,2430,3004,3377,2740,1452,417,52,483,108,5
Moldova,2015,25180,378,441,63,23,28,71,406,800,1727,4663,6462,5980,4119,461,154,252,338,462,697,1030,1841,2822,3510,2952,2714,3266,2639,1480,408,53,464,99,5
Moldova,2016,23779,362,424,62,24,24,59,348,743,1595,4298,6593,5354,3872,442,134,214,319,424,651,944,1625,2673,3285,3308,2302,3052,2442,1430,388,54,448,83,4
Moldova,2017,22601,331,392,61,26,21,51,296,697,1482,3950,6681,4904,3659,443,116,180,303,394,609,873,1447,2503,3137,3544,1989,2915,2299,1360,387,56,418,72,4
Moldova,2018,22976,312,371,59,30,22,49,270,695,1478,3853,7093,4963,3675,473,105,165,304,391,606,872,1387,2466,3240,3853,2081,2882,2326,1349,413,60,401,71,4
Moldova,2019,22190,291,347,56,31,21,43,238,655,1407,3534,6918,5028,3484,474,93,145,279,376,572,835,1273,2261,3178,3740,2404,2624,2217,1267,413,61,378,64,4
Moldova,2020,24190,273,327,54,28,20,36,196,621,1458,3652,7738,5818,3760,530,74,122,247,374,581,877,1323,2329,3589,4149,3227,2591,2367,1393,462,68,355,56,4
Moldova,2021,26803,266,317,51,28,20,41,218,697,1647,3923,8670,6700,3991,549,81,137,264,433,652,995,1471,2452,4045,4625,4087,2613,2560,1431,480,69,345,61,5
Monaco,1950,162,12,13,1,0,0,0,0,3,10,20,33,46,28,3,0,0,0,3,5,5,10,10,15,18,25,21,19,9,3,0,13,0,0
Monaco,1951,167,11,12,1,0,0,0,0,2,10,19,36,51,27,5,0,0,0,2,5,5,9,10,16,20,28,23,19,8,5,0,12,0,0
Monaco,1952,153,9,11,2,0,0,0,0,0,10,18,31,46,30,2,0,0,0,0,5,5,8,10,13,18,23,23,20,10,2,0,11,0,0
Monaco,1953,144,7,7,0,0,0,0,0,0,8,17,30,45,28,2,0,0,0,0,3,5,7,10,12,18,22,23,17,11,2,0,7,0,0
Monaco,1954,145,6,6,0,0,0,0,0,0,7,17,30,46,28,2,0,0,0,0,2,5,7,10,12,18,22,24,17,11,2,0,6,0,0
Monaco,1955,148,6,6,0,0,0,0,0,0,7,17,30,47,31,2,0,0,0,0,2,5,7,10,12,18,22,25,19,12,2,0,6,0,0
Monaco,1956,153,6,6,0,0,0,0,0,0,7,17,32,50,32,3,0,0,0,0,2,5,7,10,14,18,23,27,21,11,3,0,6,0,0
Monaco,1957,156,6,6,0,0,0,0,0,0,6,17,33,52,34,4,0,0,0,0,1,5,7,10,15,18,24,28,22,12,4,0,6,0,0
Monaco,1958,160,6,6,0,0,0,0,0,0,5,17,33,51,37,4,0,0,0,0,0,5,6,11,15,18,24,27,24,13,4,0,6,0,0
Monaco,1959,163,6,6,0,0,0,0,0,0,5,17,33,51,40,4,0,0,0,0,0,5,6,11,15,18,24,27,26,14,4,0,6,0,0
Monaco,1960,167,5,5,0,0,0,0,0,0,4,17,34,51,43,4,0,0,0,0,0,4,6,11,15,19,24,27,27,16,4,0,5,0,0
Monaco,1961,170,5,5,0,0,0,0,0,0,3,17,35,52,44,5,0,0,0,0,0,3,6,11,15,20,24,28,28,16,5,0,5,0,0
Monaco,1962,175,5,5,0,0,0,0,0,0,3,17,36,54,47,6,0,0,0,0,0,3,6,11,16,20,25,29,28,19,6,0,5,0,0
Monaco,1963,177,5,5,0,0,0,0,0,0,3,16,37,55,47,7,0,0,0,0,0,3,6,10,17,20,25,30,28,19,7,0,5,0,0
Monaco,1964,180,5,5,0,0,0,0,0,0,5,17,38,56,48,7,0,0,0,0,0,5,6,11,17,21,26,30,28,20,7,0,5,0,0
Monaco,1965,183,5,5,0,0,0,0,0,0,6,17,40,56,49,8,0,0,0,0,1,5,6,11,17,23,26,30,28,21,7,1,5,0,0
Monaco,1966,187,5,5,0,0,0,0,0,0,6,16,39,56,50,8,0,0,0,0,1,5,5,11,16,23,26,30,29,21,7,1,5,0,0
Monaco,1967,190,5,5,0,0,0,0,0,0,5,16,39,61,51,9,0,0,0,0,0,5,5,11,16,23,29,32,30,21,8,1,5,0,0
Monaco,1968,194,5,5,0,0,0,0,0,0,5,16,40,61,53,11,0,0,0,0,0,5,5,11,17,23,30,31,31,22,10,1,5,0,0
Monaco,1969,196,5,5,0,0,0,0,0,0,6,15,40,61,55,10,0,0,0,0,1,5,5,10,17,23,30,31,32,23,9,1,5,0,0
Monaco,1970,198,5,5,0,0,0,0,0,0,5,15,40,63,55,9,0,0,0,0,0,5,5,10,17,23,32,31,33,22,9,0,5,0,0
Monaco,1971,200,5,5,0,0,0,0,0,0,5,13,41,66,55,10,0,0,0,0,0,5,5,8,17,24,33,33,33,22,9,1,5,0,0
Monaco,1972,204,5,5,0,0,0,0,0,0,5,13,41,67,55,10,0,0,0,0,0,5,5,8,17,24,32,35,31,24,9,1,5,0,0
Monaco,1973,208,4,4,0,0,0,0,0,0,5,12,40,70,57,11,0,0,0,0,0,5,5,7,16,24,32,38,32,25,9,2,4,0,0
Monaco,1974,213,4,4,0,0,0,0,0,0,5,12,40,73,59,12,0,0,0,0,0,5,5,7,15,25,33,40,33,26,10,2,4,0,0
Monaco,1975,218,4,4,0,0,0,0,0,0,5,12,40,73,64,14,0,0,0,0,0,5,5,7,15,25,33,40,36,28,13,1,4,0,0
Monaco,1976,219,4,4,0,0,0,0,0,0,5,16,39,74,62,13,0,0,0,0,0,5,6,10,14,25,33,41,36,26,12,1,4,0,0
Monaco,1977,220,4,4,0,0,0,0,0,0,5,16,38,74,64,13,0,0,0,0,0,5,6,10,14,24,34,40,39,25,12,1,4,0,0
Monaco,1978,222,4,4,0,0,0,0,0,0,5,16,38,73,64,13,0,0,0,0,0,5,6,10,14,24,34,39,39,25,11,2,4,0,0
Monaco,1979,223,4,4,0,0,0,0,0,0,5,16,38,73,66,13,0,0,0,0,0,5,6,10,14,24,34,39,39,27,11,2,4,0,0
Monaco,1980,225,4,4,0,0,0,0,0,0,5,16,38,74,67,13,0,0,0,0,0,5,6,10,14,24,34,40,40,27,11,2,4,0,0
Monaco,1981,227,4,4,0,0,0,0,0,0,5,17,40,74,68,14,0,0,0,0,0,5,6,11,16,24,34,40,40,28,12,2,4,0,0
Monaco,1982,224,3,3,0,0,0,0,0,0,4,16,40,73,68,15,0,0,0,0,0,4,5,11,16,24,33,40,39,29,13,2,3,0,0
Monaco,1983,219,3,3,0,0,0,0,0,0,4,16,39,72,66,14,0,0,0,0,0,4,5,11,15,24,33,39,39,27,12,2,3,0,0
Monaco,1984,226,3,3,0,0,0,0,0,0,5,16,40,74,67,14,0,0,0,0,0,5,5,11,16,24,34,40,39,28,12,2,3,0,0
Monaco,1985,240,4,4,0,0,0,0,0,0,8,16,43,79,68,14,0,0,0,0,3,5,5,11,18,25,36,43,41,27,12,2,4,0,0
Monaco,1986,248,4,4,0,0,0,0,0,0,9,17,47,80,71,14,0,0,0,0,4,5,6,11,20,27,36,44,42,29,12,2,4,0,0
Monaco,1987,249,4,4,0,0,0,0,0,0,9,18,46,81,72,14,0,0,0,0,4,5,7,11,19,27,37,44,43,29,12,2,4,0,0
Monaco,1988,249,4,4,0,0,0,0,0,0,8,18,47,81,72,13,0,0,0,0,3,5,7,11,19,28,37,44,43,29,11,2,4,0,0
Monaco,1989,248,4,4,0,0,0,0,0,0,8,18,45,81,72,13,0,0,0,0,3,5,7,11,17,28,37,44,43,29,11,2,4,0,0
Monaco,1990,247,4,4,0,0,0,0,0,0,8,17,46,82,72,13,0,0,0,0,3,5,6,11,17,29,38,44,43,29,11,2,4,0,0
Monaco,1991,245,4,4,0,0,0,0,0,0,7,17,44,81,72,14,0,0,0,0,2,5,6,11,16,28,38,43,42,30,12,2,4,0,0
Monaco,1992,242,3,3,0,0,0,0,0,0,7,17,43,81,73,13,0,0,0,0,2,5,6,11,16,27,39,42,43,30,11,2,3,0,0
Monaco,1993,238,3,3,0,0,0,0,0,0,6,16,40,79,75,14,0,0,0,0,1,5,6,10,15,25,38,41,43,32,12,2,3,0,0
Monaco,1994,232,3,3,0,0,0,0,0,0,5,15,38,77,75,14,0,0,0,0,0,5,5,10,15,23,37,40,43,32,12,2,3,0,0
Monaco,1995,226,2,2,0,0,0,0,0,0,5,15,35,74,75,15,0,0,0,0,0,5,5,10,14,21,36,38,42,33,13,2,2,0,0
Monaco,1996,221,2,2,0,0,0,0,0,0,4,14,33,72,73,16,0,0,0,0,0,4,5,9,13,20,34,38,40,33,14,2,2,0,0
Monaco,1997,215,2,2,0,0,0,0,0,0,3,14,30,70,71,19,0,0,0,0,0,3,5,9,12,18,31,39,37,34,17,2,2,0,0
Monaco,1998,209,2,2,0,0,0,0,0,0,2,13,28,69,69,19,0,0,0,0,0,2,5,8,11,17,30,39,34,35,17,2,2,0,0
Monaco,1999,205,2,2,0,0,0,0,0,0,2,13,27,66,66,23,0,0,0,0,0,2,5,8,11,16,27,39,31,35,20,3,2,0,0
Monaco,2000,202,2,2,0,0,0,0,0,0,1,12,26,64,65,30,0,0,0,0,0,1,5,7,10,16,25,39,32,33,23,7,2,0,0
Monaco,2001,195,2,2,0,0,0,0,0,0,0,11,24,59,65,30,0,0,0,0,0,0,5,6,10,14,23,36,34,31,23,7,2,0,1
Monaco,2002,183,1,1,0,0,0,0,0,0,0,9,23,52,61,28,0,0,0,0,0,0,4,5,10,13,20,32,36,25,21,7,1,0,1
Monaco,2003,186,1,1,0,0,0,0,0,0,0,10,23,52,64,30,0,0,0,0,0,0,4,6,10,13,21,31,39,25,22,8,1,0,1
Monaco,2004,168,1,1,0,0,0,0,0,0,0,8,20,45,59,27,0,0,0,0,0,0,3,5,8,12,18,27,36,23,20,7,1,0,1
Monaco,2005,161,1,1,0,0,0,0,0,0,0,7,18,42,59,25,0,0,0,0,0,0,2,5,7,11,17,25,33,26,18,7,1,0,1
Monaco,2006,165,1,1,0,0,0,0,0,0,0,7,20,43,63,27,0,0,0,0,0,0,2,5,8,12,18,25,34,29,19,8,1,0,1
Monaco,2007,184,1,1,0,0,0,0,0,0,0,9,22,48,71,29,0,0,0,0,0,0,4,5,9,13,20,28,36,35,20,9,1,0,1
Monaco,2008,201,1,1,0,0,0,0,0,0,0,10,24,53,76,32,0,0,0,0,0,0,5,5,10,14,22,31,39,37,23,9,1,0,2
Monaco,2009,185,1,1,0,0,0,0,0,0,0,7,20,45,68,36,0,0,0,0,0,0,2,5,8,12,18,27,34,34,25,11,1,0,2
Monaco,2010,197,1,1,0,0,0,0,0,0,0,7,19,43,75,48,0,0,0,0,0,0,2,5,7,12,17,26,36,39,31,17,1,0,2
Monaco,2011,203,1,1,0,0,0,0,0,0,0,5,15,40,75,63,0,0,0,0,0,0,0,5,5,10,16,24,35,40,36,27,1,0,2
Monaco,2012,278,1,1,0,0,0,0,0,0,0,7,20,51,98,92,0,0,0,0,0,0,2,5,7,13,20,31,45,53,50,42,1,0,5
Monaco,2013,320,1,1,0,0,0,0,0,0,0,8,20,53,107,114,0,0,0,0,0,0,3,5,7,13,21,32,48,59,59,55,1,0,16
Monaco,2014,375,1,1,0,0,0,0,0,0,0,8,20,57,120,136,0,0,0,0,0,0,3,5,7,13,22,35,52,68,70,66,1,0,27
Monaco,2015,403,1,1,0,0,0,0,0,0,0,7,19,56,124,157,0,0,0,0,0,0,2,5,7,12,21,35,53,71,80,77,1,0,37
Monaco,2016,422,1,1,0,0,0,0,0,0,0,6,18,52,124,172,0,0,0,0,0,0,1,5,6,12,19,33,52,72,85,87,1,0,45
Monaco,2017,416,1,1,0,0,0,0,0,0,0,6,18,53,125,163,0,0,0,0,0,0,1,5,6,12,20,33,53,72,83,80,1,0,50
Monaco,2018,389,1,1,0,0,0,0,0,0,0,5,16,49,116,148,0,0,0,0,0,0,0,5,5,11,18,31,49,67,76,72,1,0,50
Monaco,2019,381,1,1,0,0,0,0,0,0,0,5,15,48,115,144,0,0,0,0,0,0,0,5,5,10,17,31,49,66,75,69,1,0,50
Monaco,2020,384,1,1,0,0,0,0,0,0,0,4,15,49,121,143,0,0,0,0,0,0,0,4,5,10,18,31,52,69,75,68,1,0,50
Monaco,2021,393,1,1,0,0,0,0,0,0,0,4,17,52,128,141,0,0,0,0,0,0,0,4,6,11,20,32,55,73,77,64,1,0,48
Mongolia,1950,10725,3176,4755,1579,184,100,124,313,502,850,1402,1537,723,223,10,137,176,234,268,370,480,648,754,808,729,487,236,165,58,10,0,4939,224,0
Mongolia,1951,11009,3450,5119,1669,190,98,122,308,496,842,1372,1521,735,194,9,136,172,231,265,364,478,629,743,803,718,500,235,140,54,9,0,5309,220,0
Mongolia,1952,11207,3541,5378,1837,185,97,122,305,493,838,1343,1511,757,167,8,135,170,226,267,356,482,617,726,810,701,516,241,115,52,8,0,5563,219,0
Mongolia,1953,11347,3622,5557,1935,217,96,122,300,489,828,1308,1500,778,147,8,132,168,220,269,343,485,604,704,818,682,529,249,99,48,8,0,5774,218,0
Mongolia,1954,11384,3686,5680,1994,195,96,121,296,482,819,1274,1488,793,131,7,131,165,213,269,332,487,593,681,820,668,535,258,89,42,7,0,5875,217,0
Mongolia,1955,11418,3766,5779,2013,204,95,117,291,473,807,1247,1471,801,126,7,128,163,206,267,325,482,585,662,812,659,536,265,89,37,7,0,5983,212,0
Mongolia,1956,11429,3838,5846,2008,216,94,117,286,465,793,1224,1458,804,119,7,126,160,201,264,320,473,581,643,798,660,529,275,89,30,7,0,6062,211,0
Mongolia,1957,12284,4018,6140,2122,268,132,143,336,504,836,1307,1588,893,134,7,153,183,224,280,348,488,623,684,850,738,576,317,105,29,7,0,6408,275,0
Mongolia,1958,11989,3996,6099,2103,221,94,111,276,436,761,1263,1613,958,151,7,122,154,193,243,318,443,600,663,836,777,605,353,123,28,7,0,6320,205,0
Mongolia,1959,12184,3989,6113,2124,220,92,107,270,422,746,1264,1685,1065,187,7,117,153,186,236,312,434,594,670,851,834,664,401,150,37,7,0,6333,199,0
Mongolia,1960,12401,3950,6066,2116,224,93,106,266,414,737,1268,1769,1210,241,8,114,152,183,231,305,432,588,680,879,890,745,465,190,51,8,0,6290,199,0
Mongolia,1961,12544,3891,5958,2067,231,95,103,260,406,721,1250,1828,1368,307,13,112,148,180,226,294,427,572,678,898,930,832,536,237,70,13,0,6189,198,0
Mongolia,1962,12629,3789,5758,1969,241,97,101,251,397,704,1232,1881,1546,397,20,108,143,177,220,284,420,559,673,918,963,921,625,298,99,19,1,5999,198,0
Mongolia,1963,12729,3686,5521,1835,256,100,100,241,391,686,1217,1926,1748,510,34,105,136,178,213,279,407,555,662,932,994,1012,736,373,137,31,3,5777,200,0
Mongolia,1964,12519,3684,5464,1780,254,105,101,235,377,662,1189,1868,1718,511,34,105,130,175,202,273,389,548,641,909,959,985,733,375,136,31,3,5718,206,0
Mongolia,1965,12379,3622,5397,1775,254,113,102,231,368,652,1172,1843,1698,515,32,102,129,170,198,270,382,539,633,890,953,964,734,377,138,30,2,5651,215,0
Mongolia,1966,12272,3584,5355,1771,258,122,106,231,361,637,1149,1829,1669,522,33,100,131,164,197,260,377,521,628,866,963,934,735,378,144,31,2,5613,228,0
Mongolia,1967,12100,3509,5247,1738,256,128,110,230,354,620,1122,1820,1646,532,38,98,132,156,198,247,373,501,621,843,977,908,738,380,152,35,3,5503,238,0
Mongolia,1968,11950,3427,5107,1680,263,133,116,228,348,608,1098,1816,1640,549,42,96,132,152,196,239,369,487,611,828,988,899,741,390,159,38,4,5370,249,0
Mongolia,1969,11852,3347,4943,1596,268,138,126,228,344,599,1086,1819,1672,571,55,98,130,153,191,237,362,487,599,828,991,924,748,409,162,49,6,5211,264,0
Mongolia,1970,11679,3372,4909,1537,264,143,133,226,343,583,1055,1735,1657,579,54,102,124,158,185,237,346,485,570,805,930,934,723,424,155,49,5,5173,276,0
Mongolia,1971,11475,3384,4906,1522,254,146,137,223,334,560,1021,1640,1619,580,52,105,118,158,176,234,326,477,544,777,863,934,685,430,150,47,5,5160,283,0
Mongolia,1972,11264,3411,4938,1527,242,146,141,220,325,536,980,1543,1562,578,49,108,112,156,169,228,308,462,518,740,803,913,649,427,151,45,4,5180,287,0
Mongolia,1973,11154,3460,5007,1547,229,148,144,224,318,519,946,1473,1515,579,49,112,112,152,166,223,296,446,500,709,764,883,632,421,158,43,6,5236,292,0
Mongolia,1974,11079,3527,5107,1580,221,148,148,228,309,503,912,1410,1468,577,49,116,112,144,165,215,288,424,488,676,734,838,630,406,171,42,7,5328,296,0
Mongolia,1975,11075,3584,5206,1622,218,146,153,237,305,490,891,1367,1439,569,51,121,116,138,167,208,282,405,486,650,717,796,643,389,180,44,7,5424,299,0
Mongolia,1976,11461,3636,5297,1661,230,152,170,263,324,518,928,1420,1509,594,58,135,128,143,181,218,300,413,515,668,752,810,699,394,200,50,8,5527,322,0
Mongolia,1977,11652,3701,5389,1688,238,153,181,282,334,528,934,1431,1526,595,65,145,137,145,189,219,309,409,525,666,765,802,724,387,208,55,10,5627,334,0
Mongolia,1978,11822,3765,5463,1698,249,152,190,302,342,541,939,1443,1534,591,73,156,146,150,192,225,316,408,531,666,777,800,734,387,204,63,10,5712,342,1
Mongolia,1979,11957,3806,5498,1692,278,152,198,320,353,558,940,1456,1537,583,84,168,152,159,194,234,324,410,530,674,782,803,734,397,186,71,13,5776,350,1
Mongolia,1980,12143,3877,5571,1694,273,155,201,346,359,570,940,1462,1555,623,86,183,163,167,192,240,330,416,524,688,774,812,743,442,181,73,13,5844,356,1
Mongolia,1981,12349,3945,5653,1708,278,157,204,376,367,581,945,1465,1571,667,86,198,178,177,190,250,331,427,518,704,761,826,745,485,182,74,12,5931,361,1
Mongolia,1982,12570,4019,5739,1720,279,164,203,403,377,592,955,1470,1586,712,85,210,193,186,191,259,333,442,513,722,748,843,743,520,192,73,12,6018,367,1
Mongolia,1983,12566,3988,5655,1667,277,168,202,430,391,598,961,1466,1584,748,82,220,210,196,195,263,335,454,507,728,738,849,735,541,207,70,12,5932,370,1
Mongolia,1984,12554,3955,5569,1614,275,174,203,453,413,600,968,1462,1575,780,81,224,229,209,204,261,339,462,506,725,737,844,731,549,231,68,13,5844,377,1
Mongolia,1985,12772,3900,5463,1563,275,185,211,491,452,631,1010,1515,1620,836,85,236,255,231,221,269,362,482,528,742,773,860,760,571,265,71,14,5738,396,1
Mongolia,1986,12885,3789,5296,1507,281,193,222,523,497,654,1047,1558,1643,876,91,244,279,257,240,271,383,496,551,749,809,860,783,581,295,77,14,5577,415,1
Mongolia,1987,12808,3706,5166,1460,275,197,226,536,534,664,1055,1556,1622,875,102,243,293,278,256,270,394,491,564,734,822,835,787,568,307,85,17,5441,423,1
Mongolia,1988,12656,3580,4984,1404,274,196,232,543,572,673,1066,1546,1595,860,115,242,301,301,271,274,399,489,577,718,828,812,783,549,311,97,18,5258,428,1
Mongolia,1989,12448,3407,4745,1338,270,195,236,547,611,685,1076,1533,1569,846,134,241,306,323,288,286,399,490,586,708,825,799,770,535,311,112,22,5015,431,1
Mongolia,1990,12233,3246,4515,1269,258,197,244,551,645,693,1094,1517,1557,833,132,243,308,340,305,299,394,505,589,705,812,805,752,530,303,111,21,4773,441,1
Mongolia,1991,11901,3010,4197,1187,249,193,246,551,677,696,1102,1499,1541,822,126,244,307,355,322,313,383,520,582,710,789,815,726,529,293,108,18,4446,439,2
Mongolia,1992,11565,2735,3836,1101,240,190,249,553,709,707,1110,1492,1538,816,122,248,305,368,341,328,379,535,575,727,765,834,704,532,284,104,18,4076,439,2
Mongolia,1993,11224,2474,3484,1010,231,189,248,558,740,721,1114,1487,1525,805,121,254,304,376,364,342,379,542,572,745,742,843,682,531,274,103,18,3715,437,2
Mongolia,1994,10966,2280,3197,917,220,185,248,563,769,747,1117,1489,1516,794,122,260,303,382,387,358,389,540,577,759,730,842,674,525,269,103,19,3417,433,2
Mongolia,1995,10719,2110,2934,824,209,181,244,570,792,783,1115,1485,1500,779,121,266,304,384,408,379,404,522,593,760,725,826,674,511,268,102,19,3143,425,2
Mongolia,1996,11051,1943,2686,743,207,190,262,622,872,884,1200,1593,1592,811,129,291,331,412,460,431,453,541,659,806,787,856,736,525,286,107,22,2893,452,2
Mongolia,1997,10773,1775,2431,656,193,183,257,626,884,930,1200,1593,1567,782,125,292,334,409,475,458,472,526,674,793,800,818,749,499,283,103,22,2624,440,2
Mongolia,1998,10154,1635,2217,582,167,170,240,601,850,934,1145,1531,1461,716,118,277,324,386,464,466,468,499,646,749,782,745,716,450,266,94,24,2384,410,1
Mongolia,1999,9747,1520,2035,515,158,160,228,589,830,956,1110,1505,1387,671,115,267,322,372,458,482,474,494,616,733,772,700,687,421,250,90,25,2193,388,2
Mongolia,2000,9843,1413,1871,458,138,160,232,615,861,1046,1135,1578,1406,675,119,273,342,386,475,530,516,529,606,781,797,714,692,430,245,92,27,2009,392,3
Mongolia,2001,10291,1281,1682,401,126,164,241,657,926,1191,1217,1720,1510,736,121,288,369,417,509,598,593,596,621,872,848,789,721,486,250,96,25,1808,405,4
Mongolia,2002,10738,1170,1519,349,119,163,247,694,984,1338,1308,1839,1606,793,120,301,393,447,537,657,681,664,644,944,895,872,734,541,252,97,23,1638,410,3
Mongolia,2003,10779,1056,1365,309,114,153,244,692,1000,1430,1363,1859,1643,801,112,298,394,461,539,687,743,708,655,956,903,920,723,557,244,92,20,1479,397,3
Mongolia,2004,10669,969,1240,271,104,138,233,675,996,1486,1412,1838,1646,796,105,288,387,465,531,693,793,742,670,932,906,937,709,554,242,88,17,1344,371,2
Mongolia,2005,11014,905,1144,239,93,131,233,685,1043,1599,1545,1895,1716,828,103,291,394,492,551,724,875,823,722,926,969,974,742,568,260,87,16,1237,364,1
Mongolia,2006,10764,885,1096,211,82,114,215,649,1014,1590,1586,1828,1677,812,99,273,376,479,535,701,889,856,730,859,969,934,743,538,274,84,15,1178,329,2
Mongolia,2007,10777,879,1070,191,72,103,200,630,1013,1609,1673,1809,1681,812,102,263,367,477,536,691,918,914,759,832,977,915,766,520,292,88,14,1142,303,2
Mongolia,2008,10813,872,1051,179,72,95,184,608,1009,1614,1768,1790,1693,816,112,253,355,471,538,679,935,976,792,824,966,904,789,510,306,95,17,1123,279,1
Mongolia,2009,10920,846,1014,168,56,86,169,591,1012,1627,1884,1793,1722,833,130,245,346,465,547,674,953,1046,838,845,948,915,807,515,318,111,19,1070,255,1
Mongolia,2010,10952,786,946,160,49,78,152,571,1004,1623,1995,1778,1742,853,160,235,336,454,550,667,956,1103,892,866,912,936,806,528,325,133,27,995,230,1
Mongolia,2011,10920,759,913,154,44,71,135,540,989,1600,2086,1757,1738,863,189,219,321,442,547,657,943,1140,946,887,870,948,790,542,321,153,36,957,206,1
Mongolia,2012,10825,753,898,145,41,62,119,511,964,1570,2162,1747,1729,848,172,205,306,426,538,649,921,1163,999,913,834,957,772,551,297,139,33,939,181,2
Mongolia,2013,10817,757,894,137,40,55,107,480,943,1549,2241,1774,1726,846,161,187,293,412,531,648,901,1180,1061,952,822,958,768,562,284,130,31,934,162,2
Mongolia,2014,10808,747,881,134,35,48,99,448,916,1530,2308,1822,1714,852,150,167,281,397,519,651,879,1189,1119,995,827,938,776,571,281,122,28,916,147,2
Mongolia,2015,10810,722,854,132,37,41,89,419,889,1516,2357,1893,1704,864,144,150,269,382,507,655,861,1183,1174,1052,841,904,800,574,290,116,28,891,130,2
Mongolia,2016,10899,680,811,131,35,37,81,390,869,1521,2407,2004,1709,887,143,134,256,370,499,660,861,1180,1227,1130,874,872,837,579,308,114,29,846,118,2
Mongolia,2017,10910,635,763,128,34,34,73,361,843,1512,2422,2110,1704,909,143,120,241,357,486,657,855,1163,1259,1207,903,842,862,579,330,114,29,797,107,2
Mongolia,2018,10918,609,730,121,32,32,65,329,810,1500,2418,2218,1698,934,149,108,221,341,469,646,854,1134,1284,1274,944,828,870,584,350,117,32,762,97,2
Mongolia,2019,10958,583,700,117,32,31,56,295,783,1495,2407,2346,1689,957,164,98,197,330,453,633,862,1106,1301,1351,995,826,863,595,362,130,34,732,87,2
Mongolia,2020,11161,548,659,111,32,31,49,270,764,1512,2419,2518,1704,1014,192,92,178,321,443,627,885,1105,1314,1453,1065,862,842,641,373,152,40,691,80,3
Mongolia,2021,12497,510,613,103,31,32,45,242,777,1631,2674,2987,1975,1269,223,83,159,315,462,665,966,1212,1462,1683,1304,1031,944,808,461,184,39,644,77,4
Montenegro,1950,2764,571,693,122,42,33,55,97,62,134,230,460,566,344,44,60,37,25,37,59,75,98,132,210,250,273,293,226,118,37,7,735,88,1
Montenegro,1951,2867,638,767,129,41,34,58,105,63,140,236,461,571,348,44,64,41,27,36,62,78,103,133,208,253,277,294,228,120,37,7,808,92,1
Montenegro,1952,2723,613,744,131,38,32,54,106,58,135,225,429,533,323,43,63,43,27,31,59,76,100,125,191,238,259,274,212,111,37,6,782,86,1
Montenegro,1953,2729,652,791,139,38,30,54,107,57,131,226,415,521,317,41,63,44,29,28,56,75,100,126,181,234,253,268,207,110,35,6,829,84,1
Montenegro,1954,2635,625,767,142,38,28,51,108,57,126,225,392,500,304,39,62,46,31,26,51,75,99,126,169,223,243,257,198,106,33,6,805,79,1
Montenegro,1955,2651,612,754,142,41,28,52,111,61,127,234,392,507,307,40,62,49,34,27,48,79,100,134,170,222,245,262,201,106,34,6,795,80,1
Montenegro,1956,2575,574,711,137,43,24,49,110,64,121,238,377,495,303,39,61,49,36,28,42,79,101,137,167,210,239,256,197,106,33,6,754,73,1
Montenegro,1957,2516,555,685,130,43,23,47,109,66,114,237,367,487,297,39,59,50,39,27,37,77,99,138,169,198,236,251,193,104,33,6,728,70,1
Montenegro,1958,2372,495,617,122,42,23,43,104,68,104,232,350,464,284,39,57,47,39,29,34,70,97,135,167,183,226,238,185,99,33,6,659,66,1
Montenegro,1959,2375,488,605,117,43,25,39,104,73,99,236,357,467,289,39,58,46,41,32,33,66,101,135,176,181,226,241,187,102,33,6,648,64,1
Montenegro,1960,2298,451,563,112,41,25,36,102,77,92,231,357,451,287,39,56,46,43,34,31,61,99,132,179,178,216,235,185,102,33,6,604,61,1
Montenegro,1961,2260,436,542,106,38,25,33,98,80,86,228,360,441,286,42,54,44,43,37,31,55,98,130,181,179,207,234,184,102,36,6,580,58,1
Montenegro,1962,2235,441,541,100,38,25,33,92,81,82,226,358,431,285,43,48,44,42,39,32,50,95,131,178,180,197,234,183,102,36,7,579,58,1
Montenegro,1963,2149,393,490,97,36,25,34,89,82,78,220,352,417,281,44,44,45,40,42,32,46,90,130,169,183,187,230,179,102,36,8,526,59,1
Montenegro,1964,2133,373,467,94,36,25,34,84,83,80,220,354,415,288,45,39,45,40,43,37,43,86,134,165,189,184,231,182,106,37,8,503,59,1
Montenegro,1965,2063,342,430,88,33,26,37,79,85,80,211,348,406,287,46,36,43,40,45,39,41,78,133,159,189,182,224,182,105,38,8,463,63,1
Montenegro,1966,1988,307,389,82,32,24,37,74,84,81,201,339,396,286,47,35,39,40,44,42,39,71,130,157,182,182,214,181,105,39,8,421,61,1
Montenegro,1967,2017,287,365,78,32,24,38,74,86,89,199,349,406,303,51,36,38,40,46,47,42,67,132,165,184,192,214,192,111,42,9,397,62,1
Montenegro,1968,2012,272,346,74,32,22,38,72,86,98,190,353,409,309,53,38,34,40,46,52,46,62,128,172,181,200,209,196,113,43,10,378,60,1
Montenegro,1969,2081,270,343,73,31,24,40,74,91,108,185,371,433,326,57,42,32,43,48,56,52,60,125,187,184,216,217,205,121,46,11,374,64,1
Montenegro,1970,2059,250,319,69,29,22,40,74,87,116,174,374,436,326,58,44,30,40,47,59,57,58,116,192,182,218,218,203,123,47,11,348,62,1
Montenegro,1971,2124,245,311,66,30,22,43,80,89,126,173,392,457,340,62,49,31,41,48,61,65,62,111,201,191,226,231,208,132,51,11,341,65,1
Montenegro,1972,2047,225,284,59,26,22,40,77,83,130,163,384,446,328,61,47,30,36,47,61,69,61,102,191,193,215,231,196,132,50,11,310,62,2
Montenegro,1973,2052,217,273,56,26,21,40,80,80,136,165,387,450,331,65,48,32,33,47,62,74,67,98,187,200,209,241,195,136,53,12,299,61,2
Montenegro,1974,2012,201,253,52,23,21,36,80,75,135,161,386,447,326,65,47,33,29,46,58,77,70,91,181,205,203,244,191,135,53,12,276,57,2
Montenegro,1975,2057,194,245,51,23,22,35,86,75,143,168,397,459,337,68,48,38,28,47,61,82,80,88,181,216,205,254,198,139,55,13,268,57,2
Montenegro,1976,2078,174,223,49,22,20,35,87,75,145,177,404,468,347,74,48,39,30,45,60,85,89,88,180,224,211,257,207,140,59,15,245,55,2
Montenegro,1977,2167,173,220,47,20,19,36,91,76,153,196,414,492,367,79,50,41,31,45,64,89,102,94,178,236,228,264,224,143,64,15,240,55,2
Montenegro,1978,2262,165,212,47,20,19,39,94,76,162,219,426,517,392,86,50,44,34,42,67,95,115,104,173,253,248,269,242,150,70,16,232,58,2
Montenegro,1979,2385,153,205,52,25,22,41,105,82,172,252,436,543,410,89,55,50,40,42,73,99,131,121,167,269,270,273,257,153,73,16,230,63,2
Montenegro,1980,2337,155,197,42,19,17,36,96,78,164,266,415,545,414,89,50,46,39,39,69,95,133,133,149,266,277,268,259,155,73,16,216,53,2
Montenegro,1981,2442,161,203,42,19,17,38,97,82,170,295,419,579,430,92,50,47,43,39,70,100,142,153,147,272,295,284,266,164,74,18,222,55,2
Montenegro,1982,2537,147,189,42,19,17,37,102,86,173,322,422,626,449,95,52,50,46,40,68,105,149,173,154,268,317,309,273,176,76,19,208,54,2
Montenegro,1983,2628,147,187,40,18,17,36,103,92,176,346,423,669,459,97,53,50,48,44,65,111,154,192,170,253,334,335,272,187,77,20,205,53,3
Montenegro,1984,2393,139,173,34,16,14,30,92,88,156,323,374,624,415,87,46,46,45,43,54,102,139,184,168,206,308,316,242,173,68,19,189,44,2
Montenegro,1985,2218,112,143,31,14,12,27,82,83,140,308,341,594,388,85,42,40,41,42,47,93,129,179,168,173,288,306,225,163,67,18,157,39,2
Montenegro,1986,2194,126,153,27,13,12,24,78,83,130,307,332,585,388,86,39,39,40,43,43,87,126,181,173,159,277,308,227,161,68,18,166,36,3
Montenegro,1987,2120,86,115,29,12,11,23,71,82,124,302,334,566,391,88,35,36,39,43,43,81,122,180,180,154,256,310,235,156,70,18,127,34,3
Montenegro,1988,2137,95,120,25,11,10,21,68,82,118,304,352,551,403,95,33,35,39,43,43,75,125,179,195,157,233,318,248,155,75,20,131,31,3
Montenegro,1989,2299,82,108,26,11,11,22,70,87,124,325,402,581,448,105,34,36,40,47,50,74,133,192,227,175,228,353,282,166,84,21,119,33,4
Montenegro,1990,2501,86,113,27,12,11,23,75,94,131,349,465,610,501,116,36,39,42,52,58,73,143,206,266,199,224,386,319,182,92,24,125,34,4
Montenegro,1991,2655,77,103,26,13,11,23,76,99,139,368,524,625,548,122,36,40,44,55,65,74,149,219,301,223,224,401,350,198,96,26,116,34,4
Montenegro,1992,2769,89,113,24,12,11,23,74,103,146,376,576,622,585,124,35,39,45,58,70,76,148,228,325,251,229,393,371,214,96,28,125,34,5
Montenegro,1993,2748,69,90,21,12,10,22,71,101,152,372,607,590,598,119,33,38,44,57,73,79,139,233,328,279,233,357,377,221,91,28,102,32,4
Montenegro,1994,2767,67,87,20,12,10,20,67,99,159,366,642,565,617,116,31,36,43,56,75,84,129,237,329,313,242,323,386,231,89,27,99,30,4
Montenegro,1995,2810,65,83,18,10,10,20,65,100,171,364,681,555,633,117,30,35,43,57,77,94,122,242,332,349,258,297,392,241,90,27,93,30,4
Montenegro,1996,2872,66,83,17,9,10,18,62,99,182,360,723,565,640,121,29,33,42,57,80,102,116,244,340,383,280,285,390,250,93,28,92,28,4
Montenegro,1997,2964,71,86,15,9,9,18,60,99,192,360,764,603,633,123,28,32,41,58,82,110,120,240,356,408,313,290,371,262,98,25,95,27,4
Montenegro,1998,3098,74,91,17,7,9,18,61,100,205,366,814,671,624,129,29,32,41,59,85,120,130,236,382,432,364,307,351,273,105,24,98,27,4
Montenegro,1999,3090,78,95,17,8,8,18,57,97,206,354,813,717,583,128,27,30,39,58,84,122,138,216,383,430,401,316,310,273,105,23,103,26,4
Montenegro,2000,2782,65,80,15,6,6,15,48,80,184,312,735,694,498,117,23,25,32,48,73,111,133,179,345,390,397,297,254,244,96,21,86,21,3
Montenegro,2001,2752,70,84,14,6,6,14,46,76,181,305,715,731,469,119,21,25,30,46,71,110,141,164,330,385,419,312,236,233,98,21,90,20,3
Montenegro,2002,2926,59,75,16,6,6,16,45,76,190,328,751,822,481,130,21,24,30,46,73,117,155,173,335,416,461,361,250,231,106,24,81,22,3
Montenegro,2003,2940,55,71,16,6,5,14,44,70,186,338,738,867,464,133,20,24,28,42,71,115,160,178,315,423,466,401,256,208,109,24,77,19,3
Montenegro,2004,2973,36,50,14,6,5,14,42,68,184,358,725,930,458,137,20,22,27,41,69,115,167,191,294,431,476,454,268,190,111,26,56,19,3
Montenegro,2005,3095,39,52,13,5,5,14,41,67,183,393,718,1006,468,140,20,21,27,40,68,115,178,215,276,442,493,513,290,178,114,26,57,19,3
Montenegro,2006,3146,39,50,11,6,5,11,41,64,181,415,699,1055,482,136,20,21,27,37,68,113,180,235,261,438,501,554,311,171,109,27,56,16,3
Montenegro,2007,3092,39,49,10,5,5,9,39,61,170,415,663,1053,495,124,19,20,24,37,62,108,178,237,255,408,494,559,330,165,97,27,54,14,3
Montenegro,2008,3053,36,44,8,5,5,9,36,55,160,414,632,1047,532,113,17,19,22,33,57,103,172,242,259,373,494,553,365,167,86,27,49,14,3
Montenegro,2009,3108,27,35,8,5,5,8,33,56,157,422,628,1068,586,104,15,18,23,33,56,101,169,253,277,351,504,564,410,176,77,27,40,13,3
Montenegro,2010,2998,24,31,7,5,5,7,30,50,144,404,594,1024,610,95,14,16,20,30,51,93,157,247,290,304,480,544,432,178,69,26,36,12,3
Montenegro,2011,3181,20,27,7,5,5,7,29,51,144,422,631,1075,688,98,12,17,21,30,50,94,162,260,330,301,496,579,486,202,72,26,32,12,4
Montenegro,2012,3021,16,22,6,4,5,6,25,46,130,397,603,1001,687,92,11,14,19,27,45,85,149,248,317,286,447,554,476,211,69,23,26,11,4
Montenegro,2013,3164,22,27,5,3,5,6,24,46,128,403,649,1024,752,94,10,14,18,28,45,83,150,253,342,307,436,588,502,250,74,20,30,11,4
Montenegro,2014,3247,23,28,5,3,4,6,23,43,122,399,690,1020,802,101,10,13,17,26,42,80,147,252,360,330,414,606,517,285,81,20,31,10,4
Montenegro,2015,3294,10,15,5,2,3,6,22,43,119,392,737,995,851,105,10,12,18,25,42,77,143,249,372,365,381,614,533,318,85,20,17,9,4
Montenegro,2016,3378,15,20,5,2,2,6,21,42,117,388,783,983,897,114,10,11,18,24,42,75,142,246,381,402,365,618,551,346,95,19,22,8,4
Montenegro,2017,3472,9,13,4,0,1,7,21,42,113,384,819,988,947,129,10,11,17,25,41,72,136,248,396,423,380,608,578,369,108,21,13,8,4
Montenegro,2018,3427,8,11,3,1,0,6,20,40,107,367,824,953,952,143,10,10,17,23,39,68,129,238,387,437,388,565,584,368,122,21,12,6,3
Montenegro,2019,3625,11,14,3,1,1,7,20,39,109,376,879,992,1020,168,10,10,16,23,39,70,131,245,401,478,436,556,626,394,144,24,15,8,3
Montenegro,2020,3964,8,11,3,1,2,7,20,40,115,398,968,1081,1119,196,10,10,15,25,41,74,137,261,430,538,523,558,686,433,170,26,12,9,3
Montenegro,2021,4072,3,5,2,0,2,6,20,41,115,402,998,1132,1141,206,10,10,15,26,41,74,136,266,436,562,587,545,693,448,178,28,5,8,3
Montserrat,1950,154,32,46,14,6,2,4,10,10,10,10,12,28,23,0,5,5,5,5,5,5,5,5,5,7,14,14,21,2,0,0,52,6,0
Montserrat,1951,148,31,45,14,6,2,5,10,10,10,10,11,25,22,0,5,5,5,5,5,5,5,5,5,6,13,12,19,3,0,0,51,7,0
Montserrat,1952,142,29,41,12,6,1,4,10,10,10,10,13,25,22,0,5,5,5,5,5,5,5,5,5,8,12,13,16,6,0,0,47,5,0
Montserrat,1953,137,27,38,11,6,1,4,7,10,10,10,13,25,22,0,4,3,5,5,5,5,5,5,5,8,11,14,13,9,0,0,44,5,0
Montserrat,1954,132,26,35,9,5,1,5,6,10,10,10,12,25,20,0,5,1,5,5,5,5,5,5,5,7,10,15,10,10,0,0,40,6,0
Montserrat,1955,128,27,35,8,5,2,5,6,10,10,10,11,24,19,1,5,1,5,5,5,5,5,5,5,6,10,14,10,9,1,0,40,7,0
Montserrat,1956,121,25,33,8,5,1,5,5,8,10,10,11,22,20,1,5,0,3,5,5,5,5,5,5,6,10,12,11,9,1,0,38,6,0
Montserrat,1957,114,23,31,8,5,0,4,4,6,10,10,10,20,14,2,4,0,1,5,5,5,5,5,5,5,10,10,9,5,2,0,36,4,0
Montserrat,1958,107,21,29,8,3,0,4,4,3,10,10,10,18,14,2,4,0,0,3,5,5,5,5,5,5,9,9,9,5,2,0,32,4,0
Montserrat,1959,99,19,25,6,3,0,4,3,0,10,10,10,17,14,3,3,0,0,0,5,5,5,5,5,5,8,9,9,5,3,0,28,4,0
Montserrat,1960,92,18,24,6,3,0,3,1,0,5,10,10,12,10,3,1,0,0,0,0,5,5,5,5,5,6,6,5,5,3,0,27,3,0
Montserrat,1961,84,16,21,5,2,0,1,0,0,3,10,10,10,10,3,0,0,0,0,0,3,5,5,5,5,5,5,5,5,3,0,23,1,0
Montserrat,1962,76,12,16,4,0,0,0,0,0,2,10,10,10,9,0,0,0,0,0,0,2,5,5,5,5,5,5,5,4,0,0,16,0,0
Montserrat,1963,73,12,15,3,0,0,0,0,0,2,10,10,10,10,0,0,0,0,0,0,2,5,5,5,5,5,5,5,5,0,0,15,0,0
Montserrat,1964,72,11,14,3,0,0,0,0,0,2,10,10,13,9,0,0,0,0,0,0,2,5,5,5,5,8,5,5,4,0,0,14,0,0
Montserrat,1965,72,10,13,3,0,0,0,0,0,1,10,10,14,9,0,0,0,0,0,0,1,5,5,5,5,8,6,5,4,0,0,13,0,0
Montserrat,1966,73,10,13,3,0,0,0,0,0,1,10,12,16,9,0,0,0,0,0,0,1,5,5,7,5,7,9,5,4,0,0,13,0,0
Montserrat,1967,73,10,13,3,0,0,0,0,0,0,10,15,17,8,0,0,0,0,0,0,0,5,5,7,8,7,10,5,3,0,0,13,0,0
Montserrat,1968,70,8,10,2,0,0,0,0,0,0,9,16,16,9,0,0,0,0,0,0,0,4,5,7,9,6,10,6,3,0,0,10,0,0
Montserrat,1969,68,7,8,1,0,0,0,0,0,0,8,17,16,9,0,0,0,0,0,0,0,3,5,7,10,6,10,7,2,0,0,8,0,0
Montserrat,1970,66,5,5,0,0,0,0,0,0,0,8,16,16,10,0,0,0,0,0,0,0,3,5,6,10,7,9,8,2,0,0,5,0,0
Montserrat,1971,65,5,5,0,0,0,0,0,0,0,7,16,16,10,0,0,0,0,0,0,0,2,5,6,10,8,8,7,3,0,0,5,0,0
Montserrat,1972,63,4,4,0,0,0,0,0,0,0,6,16,15,10,0,0,0,0,0,0,0,1,5,6,10,9,6,7,3,0,0,4,0,0
Montserrat,1973,63,4,4,0,0,0,0,0,0,0,6,16,15,11,0,0,0,0,0,0,0,1,5,6,10,10,5,7,4,0,0,4,0,0
Montserrat,1974,64,4,4,0,0,0,0,0,0,0,7,15,16,9,0,0,0,0,0,0,0,2,5,5,10,10,6,5,4,0,0,4,0,0
Montserrat,1975,64,4,4,0,0,0,0,0,0,0,7,15,17,10,0,0,0,0,0,0,0,2,5,5,10,10,7,5,5,0,0,4,0,0
Montserrat,1976,65,4,4,0,0,0,0,0,0,0,7,15,19,10,0,0,0,0,0,0,0,2,5,5,10,10,9,5,5,0,0,4,0,0
Montserrat,1977,65,3,3,0,0,0,0,0,0,0,6,14,20,10,0,0,0,0,0,0,0,1,5,5,9,10,10,5,5,0,0,3,0,0
Montserrat,1978,65,3,3,0,0,0,0,0,0,0,5,14,20,11,0,0,0,0,0,0,0,0,5,5,9,10,10,6,5,0,0,3,0,0
Montserrat,1979,65,3,3,0,0,0,0,0,0,0,4,13,20,12,1,0,0,0,0,0,0,0,4,5,8,10,10,7,5,1,0,3,0,0
Montserrat,1980,65,2,2,0,0,0,0,0,0,0,4,13,20,13,2,0,0,0,0,0,0,0,4,5,8,10,10,8,5,2,0,2,0,0
Montserrat,1981,63,2,2,0,0,0,0,0,0,0,3,12,20,13,2,0,0,0,0,0,0,0,3,5,7,10,10,8,5,2,0,2,0,0
Montserrat,1982,64,2,2,0,0,0,0,0,0,0,3,12,20,14,3,0,0,0,0,0,0,0,3,5,7,10,10,9,5,3,0,2,0,0
Montserrat,1983,64,2,2,0,0,0,0,0,0,0,3,11,20,15,3,0,0,0,0,0,0,0,3,5,6,10,10,10,5,3,0,2,0,0
Montserrat,1984,62,2,2,0,0,0,0,0,0,0,3,10,20,15,4,0,0,0,0,0,0,0,3,5,5,10,10,10,5,4,0,2,0,0
Montserrat,1985,56,1,1,0,0,0,0,0,0,0,2,10,19,15,3,0,0,0,0,0,0,0,2,5,5,9,10,10,5,3,0,1,0,0
Montserrat,1986,59,2,2,0,0,0,0,0,0,0,1,10,19,16,1,0,0,0,0,0,0,0,1,5,5,9,10,10,6,1,0,2,0,0
Montserrat,1987,61,2,2,0,0,0,0,0,0,0,1,10,18,16,1,0,0,0,0,0,0,0,1,5,5,8,10,10,6,1,0,2,0,0
Montserrat,1988,60,2,2,0,0,0,0,0,0,0,0,10,17,17,2,0,0,0,0,0,0,0,0,5,5,7,10,10,7,2,0,2,0,0
Montserrat,1989,63,2,2,0,0,0,0,0,0,0,0,13,18,17,2,0,0,0,0,0,0,0,0,5,8,8,10,10,7,2,0,2,0,0
Montserrat,1990,56,2,2,0,0,0,0,0,0,0,0,12,17,17,2,0,0,0,0,0,0,0,0,4,8,7,10,10,7,2,0,2,0,0
Montserrat,1991,54,1,1,0,0,0,0,0,0,0,0,11,19,16,2,0,0,0,0,0,0,0,0,4,7,9,10,10,6,2,0,1,0,0
Montserrat,1992,50,1,1,0,0,0,0,0,0,0,0,9,17,11,2,0,0,0,0,0,0,0,0,3,6,7,10,6,5,2,0,1,0,0
Montserrat,1993,44,0,0,0,0,0,0,0,0,0,0,6,12,10,2,0,0,0,0,0,0,0,0,1,5,6,6,5,5,2,0,0,0,0
Montserrat,1994,46,1,1,0,0,0,0,0,0,0,0,7,16,12,3,0,0,0,0,0,0,0,0,2,5,8,8,7,5,3,0,1,0,0
Montserrat,1995,44,1,1,0,0,0,0,0,0,0,0,6,15,12,3,0,0,0,0,0,0,0,0,1,5,8,7,7,5,3,0,1,0,0
Montserrat,1996,40,0,0,0,0,0,0,0,0,0,0,5,11,11,3,0,0,0,0,0,0,0,0,0,5,6,5,6,5,3,0,0,0,0
Montserrat,1997,55,1,1,0,0,0,0,0,0,0,0,6,15,15,3,0,0,0,0,0,0,0,0,1,5,7,8,10,5,3,0,1,0,0
Montserrat,1998,34,0,0,0,0,0,0,0,0,0,0,3,10,10,3,0,0,0,0,0,0,0,0,0,3,5,5,5,5,3,0,0,0,0
Montserrat,1999,33,0,0,0,0,0,0,0,0,0,0,2,10,10,3,0,0,0,0,0,0,0,0,0,2,5,5,5,5,3,0,0,0,0
Montserrat,2000,35,0,0,0,0,0,0,0,0,0,0,1,10,10,3,0,0,0,0,0,0,0,0,0,1,5,5,5,5,3,0,0,0,0
Montserrat,2001,34,0,0,0,0,0,0,0,0,0,0,0,10,10,5,0,0,0,0,0,0,0,0,0,0,5,5,5,5,3,2,0,0,0
Montserrat,2002,31,0,0,0,0,0,0,0,0,0,0,0,9,10,3,0,0,0,0,0,0,0,0,0,0,4,5,5,5,3,0,0,0,0
Montserrat,2003,28,0,0,0,0,0,0,0,0,0,0,0,8,10,3,0,0,0,0,0,0,0,0,0,0,3,5,5,5,3,0,0,0,0
Montserrat,2004,27,0,0,0,0,0,0,0,0,0,0,0,7,10,2,0,0,0,0,0,0,0,0,0,0,2,5,5,5,2,0,0,0,0
Montserrat,2005,31,0,0,0,0,0,0,0,0,0,0,5,9,10,3,0,0,0,0,0,0,0,0,0,5,4,5,5,5,3,0,0,0,0
Montserrat,2006,30,0,0,0,0,0,0,0,0,0,0,4,10,10,3,0,0,0,0,0,0,0,0,0,4,5,5,5,5,3,0,0,0,0
Montserrat,2007,30,0,0,0,0,0,0,0,0,0,0,5,10,10,4,0,0,0,0,0,0,0,0,2,3,5,5,5,5,4,0,0,0,0
Montserrat,2008,27,0,0,0,0,0,0,0,0,0,0,4,9,9,0,0,0,0,0,0,0,0,0,1,3,5,4,5,4,0,0,0,0,0
Montserrat,2009,30,0,0,0,0,0,0,0,0,0,0,7,10,10,0,0,0,0,0,0,0,0,0,3,4,5,5,5,5,0,0,0,0,0
Montserrat,2010,30,0,0,0,0,0,0,0,0,0,1,8,10,10,0,0,0,0,0,0,0,0,1,3,5,5,5,5,5,0,0,0,0,0
Montserrat,2011,30,0,0,0,0,0,0,0,0,0,1,8,10,10,1,0,0,0,0,0,0,0,1,3,5,5,5,5,5,1,0,0,0,0
Montserrat,2012,30,0,0,0,0,0,0,0,0,0,1,8,10,10,1,0,0,0,0,0,0,0,1,3,5,5,5,5,5,1,0,0,0,0
Montserrat,2013,30,0,0,0,0,0,0,0,0,0,0,9,10,10,1,0,0,0,0,0,0,0,0,4,5,5,5,5,5,1,0,0,0,0
Montserrat,2014,29,0,0,0,0,0,0,0,0,0,0,9,10,10,2,0,0,0,0,0,0,0,0,4,5,5,5,5,5,2,0,0,0,0
Montserrat,2015,30,0,0,0,0,0,0,0,0,0,0,9,10,10,0,0,0,0,0,0,0,0,0,4,5,5,5,5,5,0,0,0,0,0
Montserrat,2016,30,0,0,0,0,0,0,0,0,0,0,9,10,10,0,0,0,0,0,0,0,0,0,4,5,5,5,5,5,0,0,0,0,0
Montserrat,2017,30,0,0,0,0,0,0,0,0,0,0,10,10,10,1,0,0,0,0,0,0,0,0,5,5,5,5,5,5,1,0,0,0,0
Montserrat,2018,27,0,0,0,0,0,0,0,0,0,0,9,10,5,0,0,0,0,0,0,0,0,0,4,5,5,5,5,0,0,0,0,0,0
Montserrat,2019,28,0,0,0,0,0,0,0,0,0,0,8,10,6,0,0,0,0,0,0,0,0,0,3,5,5,5,5,1,0,0,0,0,0
Montserrat,2020,29,0,0,0,0,0,0,0,0,0,0,8,10,7,0,0,0,0,0,0,0,0,0,3,5,5,5,5,2,0,0,0,0,0
Montserrat,2021,29,0,0,0,0,0,0,0,0,0,0,7,10,8,0,0,0,0,0,0,0,0,0,2,5,5,5,5,3,0,0,0,0,0
More developed regions,1950,4711604,632421,788772,156351,44930,37849,64818,197449,197411,359783,578623,875522,984997,511365,68631,105459,91990,79746,117665,156141,203642,257876,320747,403174,472348,511183,473814,336000,175365,56832,11799,833702,102667,1454
More developed regions,1951,4756703,593672,759661,165989,42606,36360,61184,190127,188890,360149,593288,894899,1025386,534092,68571,99260,90867,78466,110424,155630,204519,265871,327417,409578,485321,525432,499954,351728,182364,58008,10563,802267,97544,1489
More developed regions,1952,4553222,551359,697891,146532,40223,32607,58381,178051,171510,342334,579730,868078,994897,522811,65331,90982,87069,74305,97205,146186,196148,261073,318657,396689,471389,507549,487348,346007,176804,55669,9662,738114,90988,1378
More developed regions,1953,4544763,518794,655224,136430,40008,30221,57074,171247,161394,334574,584026,875006,1019715,547764,67198,84373,86874,74469,86925,141385,193189,261793,322233,397396,477610,518888,500827,363991,183773,57370,9828,695232,87295,1311
More developed regions,1954,4420957,493251,614701,121450,39315,25830,53780,163285,154592,323092,578028,858586,1000556,541382,66579,77257,86028,75356,79236,134436,188656,258768,319260,387986,470600,510759,489797,360686,180696,56698,9881,654016,79610,1229
More developed regions,1955,4390701,470374,581222,110848,40568,24194,52714,157887,150634,312763,577928,855836,1010991,556584,68180,73347,84540,75260,75374,127131,185632,256123,321805,386911,468925,514891,496100,369020,187564,57848,10332,621790,76908,1200
More developed regions,1956,4390678,431506,530596,99090,39257,22329,49400,149306,148746,300470,583844,866905,1037487,588879,72237,69554,79752,74743,74003,118947,181523,253816,330028,392696,474209,526100,511387,390537,198342,61227,11010,569853,71729,1219
More developed regions,1957,4489198,432578,530787,98209,40754,23507,50071,151036,158812,298798,606523,903071,1056982,594053,73558,71108,79928,80351,78461,114166,184632,260770,345753,410932,492139,541555,515427,392829,201224,62248,11310,571541,73578,1246
More developed regions,1958,4290085,401995,489427,87432,37565,22168,44831,139791,157155,274460,582104,860725,1017919,589364,73320,67331,72460,79106,78049,101552,172908,249269,332835,396473,464252,518212,499707,388393,200971,61961,11359,526992,66999,1254
More developed regions,1959,4393009,393948,479881,85933,36874,24842,45353,140592,166942,271779,597738,886273,1050807,610262,80054,68426,72166,83774,83168,97448,174331,253826,343912,413193,473080,536187,514620,398171,212091,66447,13607,516755,70195,1611
More developed regions,1960,4423030,367524,445511,77987,34438,24669,42447,135125,168176,265828,601003,909311,1074020,635413,85317,66774,68351,83517,84659,95396,170432,254935,346068,426596,482715,544972,529048,412767,222646,71316,14001,479949,67116,1772
More developed regions,1961,4395015,352052,427788,75736,33509,25712,41162,134030,173300,260127,598962,916928,1061894,633542,86157,67234,66796,85225,88075,97466,162661,252788,346174,431945,484983,536348,525546,407645,225897,71990,14167,461297,66874,1904
More developed regions,1962,4569885,339246,411544,72298,32656,26080,41180,133230,180830,261388,619828,967501,1118077,680633,94839,65980,67250,85817,95013,103493,157895,259743,360085,455150,512351,562026,556051,435165,245468,79490,15349,444200,67260,2098
More developed regions,1963,4591995,320959,390045,69086,32078,25586,43140,130812,182750,259663,623208,991812,1126201,687132,97449,62980,67832,83124,99626,109971,149692,258875,364333,467152,524660,564188,562013,439074,248058,82026,15423,422123,68726,2118
More developed regions,1964,4499671,300202,363844,63642,30863,25297,46191,128799,180795,256621,613332,991316,1101337,664168,95038,59969,68830,78924,101871,115613,141008,253143,360189,468623,522693,552981,548356,426969,237199,79821,15217,394707,71488,2069
More developed regions,1965,4637838,279946,341127,61181,30659,25198,49381,126950,186088,262989,622797,1035664,1147033,703392,104334,56578,70372,77831,108257,121241,141748,254669,368128,483860,551804,575565,571468,450113,253279,87378,16956,371786,74579,2226
More developed regions,1966,4650870,261096,318951,57855,30336,25296,53981,128010,187641,272401,616933,1052362,1150715,704743,107263,56523,71487,76911,110730,126168,146233,245629,371304,488593,563769,581384,569331,451588,253155,89509,17754,349287,79277,2235
More developed regions,1967,4718111,259825,314160,54335,29964,25423,55301,129870,189811,289563,608846,1075442,1169832,716094,111447,58724,71146,78444,111367,134816,154747,234051,374795,494479,580963,596002,573830,457727,258367,92716,18731,344124,80724,2358
More developed regions,1968,4883324,252657,304998,52341,29863,25470,57687,131723,191803,310487,605717,1120497,1224183,759885,118555,63106,68617,81003,110800,143499,166988,225121,380596,511296,609201,628685,595498,483954,275931,98423,20132,334861,83157,2455
More developed regions,1969,5011587,247570,298942,51372,29770,25760,61158,136743,197440,334931,606209,1171697,1264711,762656,119003,69699,67044,86846,110594,154287,180644,219417,386792,530278,641419,659956,604755,485657,276999,98543,20460,328712,86918,2566
More developed regions,1970,4983941,241755,291195,49440,28723,25659,61485,138094,195284,343570,590463,1160505,1262198,763947,120135,74969,63125,88851,106433,159353,184217,215215,375248,523533,636972,659832,602366,484079,279868,99441,20694,319918,87144,2680
More developed regions,1971,5004381,230211,278338,48127,27489,25184,62193,141546,193042,353912,578654,1156687,1281208,778221,125069,80038,61508,88241,104801,162407,191505,220665,357989,520786,635901,671052,610156,490729,287492,103382,21687,305827,87377,2838
More developed regions,1972,5029516,216540,263241,46701,26235,24778,61901,146402,191792,362523,570945,1161398,1306851,781600,128893,83046,63356,86502,105290,161340,201183,232722,338223,520795,640603,686970,619881,491988,289612,106277,22616,289476,86679,2955
More developed regions,1973,5088177,209384,255653,46269,25397,24298,62181,151049,188746,367053,564180,1164429,1342229,804210,135680,84049,67000,81533,107213,157433,209620,245488,318692,517856,646573,704520,637709,502868,301342,112065,23615,281050,86479,3071
More developed regions,1974,5074528,204810,249038,44228,23471,23111,60413,152320,185346,367364,557915,1158181,1356362,799777,138116,82050,70270,75653,109693,150928,216436,257787,300128,510420,647761,715002,641360,497075,302702,114213,23903,272509,83524,3112
More developed regions,1975,5152689,197322,241067,43745,23113,22562,60152,161733,185039,375300,565388,1161333,1396448,815442,141905,84242,77491,71659,113380,148147,227153,267391,297997,504482,656851,730370,666078,508595,306847,117129,24776,264180,82714,3207
More developed regions,1976,5193553,190292,232752,42460,22197,21362,59199,164771,182300,377348,584315,1145204,1424593,828149,147909,82896,81875,69009,113291,145719,231629,276746,307569,485041,660163,739722,684871,515864,312285,121470,26439,254949,80561,3454
More developed regions,1977,5174275,184602,226410,41808,22212,20669,59617,169353,182157,378029,608680,1107061,1430608,819749,146326,83740,85613,71320,110837,146890,231139,287987,320693,452954,654107,738851,691757,514073,305676,119796,26530,248622,80286,3403
More developed regions,1978,5261252,178361,220050,41689,21711,20184,59377,172134,182157,377727,643781,1085704,1474589,847167,153148,84463,87671,76733,105424,150797,226930,300996,342785,428794,656910,754451,720138,535094,312073,125103,28045,241761,79561,3522
More developed regions,1979,5290564,173559,214047,40488,21182,19444,59143,176778,183478,376689,675185,1056173,1491716,856788,156276,85686,91092,84434,99044,156505,220184,313895,361290,406233,649940,757726,733990,544514,312274,127281,28995,235229,78587,3664
More developed regions,1980,5411725,168466,208792,40326,21262,18756,57534,178756,186796,375839,704244,1053331,1537348,900601,164446,86158,92598,93038,93758,161298,214541,328456,375788,405692,647639,775656,761692,573738,326863,133509,30937,230054,76290,4017
More developed regions,1981,5379607,159035,197528,38493,20098,18431,54389,173858,187287,367122,712649,1025328,1537087,917184,164525,83247,90611,98341,88946,158820,208302,329074,383575,413216,612112,772717,764370,585897,331287,133358,31167,217626,72820,4121
More developed regions,1982,5346897,153433,189853,36420,19375,17552,51137,168362,189823,357147,716284,1002261,1535498,930632,164747,80263,88099,100012,89811,151696,205451,322502,393782,430036,572225,767205,768293,597210,333422,133280,31467,209228,68689,4225
More developed regions,1983,5463305,146732,182561,35829,18982,17351,48812,167828,200668,356790,733189,1004090,1571917,981790,174771,79032,88796,104111,96557,145427,211363,318608,414581,462258,541832,778092,793825,628805,352985,140961,33810,201543,66163,4556
More developed regions,1984,5483177,143033,177875,34842,18390,17133,46668,166903,214059,358227,739602,1000769,1566567,995555,176662,77910,88993,106980,107079,138138,220089,309224,430378,488057,512712,769863,796704,637961,357594,141778,34884,196265,63801,4767
More developed regions,1985,5536275,135009,168196,33187,17554,16847,45205,161454,222200,349475,736579,1008439,1576640,1042101,186550,74303,87151,105916,116284,128462,221013,296349,440230,498959,509480,760022,816618,663337,378764,149525,37025,185750,62052,5035
More developed regions,1986,5383758,125357,155277,29920,15974,15774,44283,152694,220498,328319,704517,1007980,1507611,1039725,186072,69625,83069,101441,119057,119771,208548,278678,425839,495820,512160,708411,799200,658352,381373,149284,36788,171251,60057,5034
More developed regions,1987,5384695,123376,152612,29236,15682,15335,43698,150445,226308,325244,701596,1044490,1459854,1054937,189274,67367,83078,102094,124214,122055,203189,278178,423418,510507,533983,662203,797651,663320,391617,151772,37502,168294,59033,5220
More developed regions,1988,5457785,117347,146157,28810,15560,15140,43919,150625,234353,326141,696426,1098490,1427989,1097285,200074,67217,83408,104547,129806,130913,195228,281938,414488,530699,567791,623909,804080,684687,412598,160766,39308,161717,59059,5625
More developed regions,1989,5499356,110455,138419,27964,15127,15081,44095,150724,241780,330920,694504,1143191,1392072,1122225,205354,66233,84491,107247,134533,143947,186973,291583,402921,546474,596717,591364,800708,696268,425957,165309,40045,153546,59176,5862
More developed regions,1990,5601038,103116,130215,27099,14782,14854,44863,151982,249804,341379,694997,1184493,1391196,1159858,216438,67220,84762,109829,139975,161194,180185,300686,394311,570349,614144,593813,797383,717090,442768,174579,41859,144997,59717,6176
More developed regions,1991,5689707,95141,120502,25361,14596,15024,44689,152052,256386,356278,697637,1220723,1387066,1192125,226334,67903,84149,112767,143619,177300,178978,305431,392206,585738,634985,616121,770945,734675,457450,182926,43408,135098,59713,6294
More developed regions,1992,5826404,88933,113847,24914,14979,15258,45822,159703,272386,382907,712312,1263374,1387296,1214749,237312,72335,87368,120345,152041,193691,189216,309193,403119,595418,667956,653196,734100,744919,469830,192098,45214,128826,61080,6459
More developed regions,1993,6141376,84325,109040,24715,15651,16107,47328,161748,291860,425062,747191,1338469,1436915,1289321,255966,73766,87982,127237,164623,214394,210668,313534,433657,612176,726293,717929,718986,784602,504719,207487,48479,124691,63435,6717
More developed regions,1994,6214716,79951,102329,22378,15025,16112,46969,157550,296103,459626,755501,1355814,1440475,1299224,263253,72311,85239,127470,168633,224594,235032,300334,455167,598434,757380,755535,684940,786016,513208,213558,49695,117354,63081,6735
More developed regions,1995,6285386,73296,93603,20307,14367,15719,47039,159577,293687,484477,743634,1357057,1470592,1321074,277672,73962,85615,124825,168862,225116,259361,280780,462854,576811,780246,779245,691347,786439,534635,225108,52564,107970,62758,6886
More developed regions,1996,6141669,68483,86597,18114,12560,14432,43249,145471,264885,475039,707759,1319823,1490863,1290213,283781,67656,77815,109463,155422,210027,265012,262810,444949,551882,767941,787557,703306,748927,541286,229673,54108,99157,57681,6997
More developed regions,1997,6028491,63892,80462,16570,11295,13539,40914,134898,237483,460606,681470,1282082,1528723,1255063,294705,62966,71932,95695,141788,197360,263246,261491,419979,537236,744846,798927,729796,704292,550771,237748,56957,91757,54453,7250
More developed regions,1998,6018289,60971,76269,15298,10151,12941,39206,132046,224954,459327,666899,1257743,1593477,1230577,307225,62139,69907,89420,135534,193646,265681,273257,393642,539257,718486,821412,772065,667784,562793,247499,59726,86420,52147,7472
More developed regions,1999,6191575,58473,73589,15116,9600,12875,40462,139353,228691,477622,684878,1269887,1679511,1241541,325666,65437,73916,90681,138010,199845,277777,303357,381521,564407,705480,857643,821868,657946,583595,262373,63293,83189,53337,7899
More developed regions,2000,6211909,56830,70913,14083,8740,12248,39214,138918,223114,481804,693671,1256674,1711673,1232044,334699,65127,73791,89085,134029,200425,281379,334262,359409,575963,680711,878817,832856,656810,575234,269361,65338,79653,51462,8195
More developed regions,2001,6214197,54562,68012,13450,7977,11395,38067,135885,216719,478192,703313,1232561,1729754,1236887,346841,63443,72442,87894,128825,198198,279994,356538,346775,570234,662327,880852,848902,677890,558997,278616,68225,75989,49462,8593
More developed regions,2002,6323876,53241,66004,12763,7740,10816,37479,136484,212657,480318,731560,1229648,1768029,1267277,366644,63545,72939,88623,124034,199298,281020,374142,357418,561015,668633,881628,886401,722064,545213,293891,72753,73744,48295,9218
More developed regions,2003,6405085,51850,63920,12070,7216,10118,36032,134609,207445,477981,766548,1217131,1784025,1302862,387278,62353,72256,87880,119565,195499,282482,384854,381694,534614,682517,861453,922572,774612,528250,309398,77880,71136,46150,9919
More developed regions,2004,6288418,50593,61918,11325,6779,8937,34095,130876,198765,460262,784843,1178752,1735906,1292907,384276,59997,70879,85407,113358,185595,274667,381208,403635,493882,684870,811438,924468,791862,501045,305144,79132,68697,43032,10101
More developed regions,2005,6398603,49507,60730,11223,6542,8351,33083,129946,196058,451792,826537,1162196,1751277,1356569,404537,59187,70759,85580,110478,178860,272932,381736,444801,467158,695038,792758,958519,827140,529429,318372,86165,67272,41434,10983
More developed regions,2006,6237893,48429,58601,10172,6061,7488,30838,122915,186559,422920,821542,1107135,1690569,1374953,396908,55778,67137,81395,105164,163488,259432,364496,457046,440463,666672,751073,939496,829106,545847,307920,88988,64662,38326,11404
More developed regions,2007,6227030,48078,58042,9964,5545,6946,28571,118249,180775,401558,813852,1088538,1672395,1444000,396455,53401,64848,78717,102058,152940,248618,352434,461418,447036,641502,746446,925949,859101,584899,301993,94462,63587,35517,12104
More developed regions,2008,6262119,46675,56435,9760,5244,6396,26284,114126,177035,385642,813177,1077887,1661025,1521987,403582,50931,63195,77548,99487,144910,240732,348532,464645,469481,608406,753748,907277,890690,631297,301867,101715,61679,32680,13297
More developed regions,2009,6189938,44667,53907,9240,4958,6037,23490,106939,171051,364216,793919,1063215,1619271,1565293,403635,47226,59713,74422,96629,137290,226926,337500,456419,493677,569538,752334,866937,903331,661962,298873,104762,58865,29527,14006
More developed regions,2010,6232400,42065,51172,9107,4616,5692,21407,102446,166888,347452,782195,1071027,1607014,1625692,431545,45057,57389,73017,93871,131263,216189,329718,452477,530058,540969,760341,846673,937099,688593,322480,109065,55788,27099,15252
More developed regions,2011,6198594,40273,49055,8782,4729,5578,20075,97716,160841,327239,758532,1070815,1575706,1655343,456692,42957,54759,70483,90358,126375,200864,319729,438803,549205,521610,745644,830062,944284,711059,347409,109283,53784,25653,16271
More developed regions,2012,6253468,40387,48923,8536,4394,5189,18443,92761,155902,313500,740736,1094811,1562141,1705565,493463,39699,53062,68112,87790,123464,190036,310600,430136,559202,535609,727613,834528,952592,752973,382322,111141,53317,23632,17640
More developed regions,2013,6267389,39101,47558,8457,4392,4809,16954,87724,152603,302595,726731,1123888,1542729,1719169,519701,36766,50958,66514,86089,120302,182293,300628,426103,562160,561728,700839,841890,940349,778820,409289,110412,51950,21763,18536
More developed regions,2014,6280906,37591,45734,8143,4352,4868,16607,85753,152496,294424,713086,1156984,1526439,1714492,546043,35434,50319,66517,85979,119079,175345,291791,421295,561906,595078,674654,851785,917177,797315,431465,114578,50086,21475,19628
More developed regions,2015,6422764,36112,44268,8156,4258,4739,16595,84149,151311,289071,698952,1204006,1531747,1776245,596547,34360,49789,65545,85766,117602,171469,281301,417651,563128,640878,658312,873435,926325,849920,468055,128492,48526,21334,20875
More developed regions,2016,6395508,34803,42469,7666,4155,4592,16461,83224,151605,284998,678957,1223276,1503177,1763660,617632,33743,49481,65537,86068,116479,168519,267503,411454,553881,669395,641060,862117,908402,855258,478669,138963,46624,21053,21300
More developed regions,2017,6466570,32467,39773,7306,4016,4804,16400,79793,150325,280129,656401,1221821,1516182,1810304,664032,32048,47745,64953,85372,113817,166312,255491,400910,544783,677038,663509,852673,929731,880573,511144,152888,43789,21204,22590
More developed regions,2018,6529764,30490,37518,7028,3979,4675,15780,75747,149112,280286,648713,1243144,1541897,1821291,684904,30607,45140,63524,85588,114816,165470,249813,398900,552029,691115,700946,840951,945637,875654,522445,162459,41497,20455,22718
More developed regions,2019,6511860,29022,35426,6404,3915,4654,15544,72907,146800,277236,629028,1234829,1552260,1818388,697596,30008,42899,62287,84513,113708,163528,241626,387402,546392,688437,736421,815839,955748,862640,528557,169039,39341,20198,23277
More developed regions,2020,7375462,27658,33261,5603,3743,5087,18499,84822,182835,317934,688326,1372466,1782186,2070947,788345,34833,49989,77958,104877,135309,182625,268649,419677,603407,769059,881791,900395,1094298,976649,600697,187648,37004,23586,27010
More developed regions,2021,7729570,27209,32611,5402,3856,4994,18763,87473,194236,340584,745022,1482134,1882240,2095254,811738,36532,50941,81311,112925,145124,195460,291781,453241,667984,814150,969485,912755,1121803,973451,614216,197522,36467,23757,30664
Morocco,1950,115741,46022,63585,17563,3429,2408,3228,7868,5610,7119,8091,7915,4925,1460,101,4266,3602,2905,2705,3301,3818,4036,4055,3620,4295,2648,2277,1031,429,91,10,67014,5636,1
Morocco,1951,119684,47598,66642,19044,3489,2381,3215,8120,5792,7013,8267,7979,5143,1533,105,4334,3786,3060,2732,3215,3798,4099,4168,3709,4270,2908,2235,1118,415,96,9,70131,5596,1
Morocco,1952,122142,48543,68593,20050,3542,2326,3180,8253,5975,6820,8359,7967,5397,1620,112,4319,3934,3204,2771,3100,3720,4151,4208,3887,4080,3279,2118,1227,393,100,12,72135,5506,1
Morocco,1953,124410,49470,70280,20810,3637,2279,3148,8350,6200,6621,8423,7962,5692,1707,116,4281,4069,3363,2837,2999,3622,4205,4218,4118,3844,3673,2019,1323,384,103,13,73917,5427,1
Morocco,1954,126353,50249,71607,21358,3823,2245,3102,8381,6439,6434,8456,8014,5972,1764,115,4220,4161,3513,2926,2923,3511,4223,4233,4323,3691,3935,2037,1366,398,103,12,75430,5347,1
Morocco,1955,128082,50935,72673,21738,4066,2231,3043,8371,6693,6285,8465,8140,6202,1799,114,4162,4209,3660,3033,2886,3399,4203,4262,4476,3664,4039,2163,1370,429,102,12,76739,5274,1
Morocco,1956,129524,51467,73505,22038,4284,2234,2979,8315,6951,6167,8455,8326,6390,1810,110,4098,4217,3796,3155,2885,3282,4150,4305,4576,3750,4004,2386,1341,469,98,12,77789,5213,1
Morocco,1957,130303,51687,73885,22198,4458,2248,2895,8185,7190,6054,8405,8551,6532,1793,107,4022,4163,3912,3278,2905,3149,4051,4354,4615,3936,3830,2702,1275,518,94,13,78343,5143,1
Morocco,1958,131114,51844,74208,22364,4622,2286,2824,8049,7438,5999,8346,8802,6646,1786,107,3955,4094,4019,3419,2961,3038,3938,4408,4626,4176,3618,3028,1226,560,93,14,78830,5110,1
Morocco,1959,131747,51898,74380,22482,4741,2368,2769,7887,7643,5993,8243,9038,6734,1834,113,3875,4012,4086,3557,3040,2953,3812,4431,4646,4392,3490,3244,1255,579,99,14,79121,5137,1
Morocco,1960,137464,52397,75913,23516,5491,2929,3040,8283,8311,6386,8483,9562,6982,1964,122,4074,4209,4393,3918,3318,3068,3868,4615,4860,4702,3575,3407,1376,588,109,13,81404,5969,1
Morocco,1961,132249,51591,74083,22492,4883,2612,2731,7522,7908,6155,7903,9376,6862,2078,132,3679,3843,4097,3811,3255,2900,3549,4354,4721,4655,3571,3291,1509,569,120,12,78966,5343,1
Morocco,1962,132626,51523,73954,22431,4943,2710,2713,7338,8002,6309,7704,9599,6934,2270,145,3561,3777,4061,3941,3387,2922,3418,4286,4853,4746,3773,3161,1726,544,133,12,78897,5423,1
Morocco,1963,132430,50863,73221,22358,5002,2819,2729,7162,8052,6516,7484,9777,7033,2474,157,3454,3708,3995,4057,3535,2981,3298,4186,4960,4817,4025,3008,1942,532,145,12,78223,5548,1
Morocco,1964,131789,50067,72190,22123,5028,2869,2764,6956,8044,6727,7271,9967,7172,2637,164,3341,3615,3914,4130,3675,3052,3200,4071,5052,4915,4248,2924,2082,555,151,13,77218,5633,1
Morocco,1965,131304,49485,71285,21800,5047,2898,2854,6768,7995,6959,7092,10121,7365,2751,166,3260,3508,3830,4165,3810,3149,3144,3948,5078,5043,4420,2945,2139,612,151,15,76332,5752,1
Morocco,1966,130791,48958,70269,21311,5040,2920,2974,6620,7926,7227,6959,10237,7621,2823,168,3217,3403,3756,4170,3951,3276,3139,3820,5047,5190,4563,3058,2127,696,150,18,75309,5894,1
Morocco,1967,130166,48405,69217,20812,5005,2938,3108,6481,7807,7505,6857,10299,7927,2858,163,3198,3283,3680,4127,4086,3419,3173,3684,4960,5339,4671,3256,2054,804,143,20,74222,6046,1
Morocco,1968,129627,47754,68136,20382,4970,2961,3254,6395,7678,7797,6806,10320,8262,2883,164,3217,3178,3613,4065,4213,3584,3243,3563,4847,5473,4770,3492,1972,911,142,22,73106,6215,1
Morocco,1969,129323,47184,67195,20011,4931,2984,3367,6408,7537,8072,6834,10286,8608,2922,174,3310,3098,3538,3999,4312,3760,3350,3484,4727,5559,4900,3708,1944,978,152,22,72126,6351,1
Morocco,1970,129516,46999,66667,19668,4899,3009,3446,6511,7384,8314,6945,10198,8952,2992,195,3467,3044,3451,3933,4376,3938,3489,3456,4607,5591,5066,3886,1988,1004,173,22,71566,6455,1
Morocco,1971,130201,46942,66329,19387,4874,3033,3549,6748,7278,8555,7157,10073,9290,3093,221,3695,3053,3384,3894,4422,4133,3670,3487,4491,5582,5253,4037,2093,1000,199,22,71203,6582,1
Morocco,1972,130485,46878,66059,19181,4854,3043,3593,6832,7053,8679,7406,9888,9600,3218,254,3826,3006,3247,3806,4381,4298,3855,3551,4365,5523,5441,4159,2248,970,233,21,70913,6636,2
Morocco,1973,130658,46556,65504,18948,4821,3038,3634,6993,6886,8805,7757,9680,9889,3368,286,3978,3015,3141,3745,4336,4469,4080,3677,4250,5430,5614,4275,2430,938,265,21,70325,6672,2
Morocco,1974,130397,45957,64608,18651,4772,3016,3657,7148,6704,8867,8145,9498,10144,3528,306,4070,3078,3043,3661,4272,4595,4306,3839,4182,5316,5727,4417,2590,938,283,23,69380,6673,2
Morocco,1975,129837,45360,63574,18214,4707,2981,3663,7284,6509,8858,8544,9357,10354,3695,317,4101,3183,2959,3550,4191,4667,4519,4025,4165,5192,5771,4583,2721,974,290,27,68281,6644,2
Morocco,1976,128405,44293,61901,17608,4615,2926,3637,7382,6285,8765,8939,9251,10517,3868,319,4106,3276,2878,3407,4091,4674,4710,4229,4199,5052,5760,4757,2833,1035,287,32,66516,6563,2
Morocco,1977,126536,42974,59913,16939,4510,2858,3589,7452,6064,8609,9349,9187,10637,4052,316,4093,3359,2812,3252,3983,4626,4895,4454,4282,4905,5701,4936,2930,1122,278,38,64423,6447,2
Morocco,1978,124731,41690,57947,16257,4409,2804,3554,7535,5870,8420,9736,9188,10707,4243,314,4096,3439,2773,3097,3874,4546,5052,4684,4411,4777,5608,5099,3026,1217,272,42,62356,6358,2
Morocco,1979,122724,40337,55825,15488,4287,2739,3504,7548,5734,8194,10091,9290,10728,4458,323,4082,3466,2779,2955,3744,4450,5169,4922,4587,4703,5508,5220,3151,1307,277,46,60112,6243,2
Morocco,1980,121085,39246,54007,14761,4167,2676,3454,7523,5680,7962,10400,9500,10691,4684,340,4066,3457,2837,2843,3605,4357,5242,5158,4802,4698,5403,5288,3301,1383,294,46,58174,6130,2
Morocco,1981,119655,38237,52345,14108,4051,2619,3413,7499,5659,7720,10659,9807,10602,4912,363,4048,3451,2905,2754,3455,4265,5267,5392,5048,4759,5291,5311,3460,1452,317,46,56396,6032,3
Morocco,1982,117721,36985,50417,13432,3910,2545,3345,7428,5638,7451,10843,10177,10446,5127,393,3999,3429,2961,2677,3288,4163,5226,5617,5309,4868,5163,5283,3614,1513,348,45,54327,5890,3
Morocco,1983,115344,35264,48040,12776,3768,2469,3272,7337,5636,7186,10971,10630,10277,5331,424,3937,3400,3011,2625,3126,4060,5147,5824,5596,5034,5053,5224,3758,1573,380,44,51808,5741,4
Morocco,1984,113028,33418,45563,12145,3642,2409,3217,7244,5659,6948,11066,11157,10150,5515,453,3875,3369,3026,2633,2996,3952,5069,5997,5901,5256,4999,5151,3865,1650,408,45,49205,5626,4
Morocco,1985,110548,31578,42961,11383,3514,2339,3149,7118,5676,6716,11106,11728,10085,5673,481,3797,3321,2996,2680,2888,3828,4986,6120,6206,5522,5012,5073,3932,1741,432,49,46475,5488,4
Morocco,1986,108210,29858,40437,10579,3397,2267,3080,6983,5700,6500,11100,12349,10082,5804,509,3719,3264,2962,2738,2805,3695,4907,6193,6515,5834,5098,4984,3967,1837,455,54,43834,5347,4
Morocco,1987,106049,28069,37912,9843,3296,2196,3005,6826,5742,6322,11084,13050,10159,5916,537,3630,3196,2933,2809,2756,3566,4851,6233,6856,6194,5258,4901,3980,1936,478,59,41208,5201,4
Morocco,1988,104263,26364,35540,9176,3207,2136,2946,6690,5801,6194,11047,13799,10325,6005,566,3554,3136,2914,2887,2743,3451,4803,6244,7198,6601,5485,4840,3975,2030,502,64,38747,5082,4
Morocco,1989,102602,24736,33194,8458,3097,2074,2895,6572,5819,6141,10987,14535,10614,6065,603,3494,3078,2892,2927,2784,3357,4742,6245,7499,7036,5780,4834,3959,2106,534,69,36291,4969,4
Morocco,1990,101488,23626,31405,7779,2978,2020,2836,6416,5778,6162,10896,15229,11026,6096,641,3414,3002,2854,2924,2872,3290,4657,6239,7746,7483,6129,4897,3937,2159,567,74,34383,4856,4
Morocco,1991,101106,22998,30183,7185,2849,1974,2787,6300,5743,6228,10798,15881,11569,6102,684,3356,2944,2819,2924,2976,3252,4563,6235,7934,7947,6538,5031,3906,2196,605,79,33032,4761,5
Morocco,1992,100699,22103,28819,6716,2718,1934,2734,6182,5714,6338,10709,16488,12237,6095,726,3297,2885,2782,2932,3095,3243,4463,6246,8057,8431,7002,5235,3875,2220,644,82,31537,4668,5
Morocco,1993,100202,20899,27230,6331,2584,1901,2689,6090,5684,6484,10616,17040,13020,6097,764,3254,2836,2746,2938,3215,3269,4365,6251,8130,8910,7515,5505,3863,2234,677,87,29814,4590,6
Morocco,1994,99678,19794,25666,5872,2436,1853,2639,5977,5622,6635,10512,17512,13897,6129,799,3199,2778,2692,2930,3283,3352,4284,6228,8181,9331,8060,5837,3890,2239,705,94,28102,4492,6
Morocco,1995,99726,18892,24376,5484,2327,1814,2608,5900,5579,6827,10435,17943,14869,6217,824,3164,2736,2653,2926,3323,3504,4247,6188,8240,9703,8633,6236,3977,2240,724,100,26703,4422,6
Morocco,1996,99136,18016,22959,4943,2176,1724,2554,5801,5498,6980,10247,18115,15881,6350,847,3113,2688,2600,2898,3339,3641,4204,6043,8167,9948,9201,6680,4116,2234,740,107,25135,4278,7
Morocco,1997,99320,17341,21906,4565,2081,1651,2526,5741,5461,7193,10126,18214,17001,6542,865,3079,2662,2571,2890,3381,3812,4208,5918,8104,10110,9811,7190,4313,2229,751,114,23987,4177,7
Morocco,1998,99608,16635,20876,4241,1989,1581,2497,5689,5418,7413,10068,18219,18167,6801,880,3048,2641,2541,2877,3424,3989,4260,5808,8041,10178,10414,7753,4563,2238,759,121,22865,4078,8
Morocco,1999,99904,15807,19776,3969,1900,1516,2462,5637,5376,7603,10126,18143,19320,7144,890,3017,2620,2516,2860,3464,4139,4396,5730,7961,10182,10963,8357,4872,2272,764,126,21676,3978,8
Morocco,2000,100304,15163,18876,3713,1808,1453,2411,5566,5318,7741,10279,17985,20390,7572,896,2977,2589,2484,2834,3487,4254,4590,5689,7866,10119,11417,8973,5230,2342,767,129,20684,3864,9
Morocco,2001,100421,14433,17895,3462,1704,1390,2338,5452,5226,7837,10469,17777,21343,8077,900,2916,2536,2439,2787,3485,4352,4803,5666,7768,10009,11744,9599,5635,2442,769,131,19599,3728,9
Morocco,2002,100778,13850,17086,3236,1612,1331,2264,5342,5130,7918,10721,17596,22201,8659,903,2858,2484,2397,2733,3475,4443,5042,5679,7676,9920,11946,10255,6087,2572,770,133,18698,3595,10
Morocco,2003,101216,13281,16299,3018,1526,1276,2191,5231,5035,7978,11055,17440,22938,9322,912,2798,2433,2356,2679,3456,4522,5294,5761,7582,9858,12035,10903,6585,2737,776,136,17825,3467,11
Morocco,2004,101844,12741,15563,2822,1464,1241,2136,5118,4949,8031,11488,17308,23542,10058,934,2733,2385,2319,2630,3434,4597,5540,5948,7514,9794,12050,11492,7121,2937,796,138,17027,3377,11
Morocco,2005,102091,12280,14884,2604,1361,1156,2052,4990,4815,7952,11909,17186,23964,10848,965,2660,2330,2263,2552,3358,4594,5724,6185,7457,9729,11985,11979,7674,3174,827,138,16245,3208,11
Morocco,2006,102980,11885,14316,2431,1290,1086,1978,4868,4717,7898,12445,17397,24265,11699,1009,2587,2281,2219,2498,3294,4604,5902,6543,7619,9778,11899,12366,8256,3443,870,139,15606,3064,12
Morocco,2007,103212,11344,13573,2229,1200,1008,1875,4669,4553,7740,12890,17651,24389,12588,1065,2473,2196,2138,2415,3186,4554,5995,6895,7804,9847,11802,12587,8849,3739,925,140,14773,2883,12
Morocco,2008,103556,10841,12896,2055,1117,939,1775,4464,4396,7572,13307,18011,24426,13507,1133,2354,2110,2060,2336,3082,4490,6058,7249,8061,9950,11733,12693,9441,4066,991,142,14013,2714,12
Morocco,2009,104231,10483,12388,1905,1045,876,1681,4270,4256,7416,13696,18552,24405,14408,1219,2240,2030,1989,2267,2994,4422,6113,7583,8421,10131,11672,12733,9985,4423,1073,146,13433,2557,12
Morocco,2010,105061,10093,11872,1779,985,823,1589,4097,4135,7279,14038,19266,24381,15262,1324,2140,1957,1929,2206,2922,4357,6150,7888,8868,10398,11666,12715,10463,4799,1170,154,12857,2412,12
Morocco,2011,106202,9799,11473,1674,933,778,1498,3934,4027,7157,14333,20091,24458,16056,1445,2048,1886,1875,2152,2863,4294,6179,8154,9381,10710,11777,12681,10857,5199,1280,165,12406,2276,12
Morocco,2012,107391,9421,11004,1583,891,738,1415,3780,3927,7038,14579,20994,24660,16773,1580,1961,1819,1826,2101,2812,4226,6196,8383,9932,11062,11974,12686,11147,5626,1403,177,11895,2153,13
Morocco,2013,107786,8930,10396,1466,840,687,1322,3574,3779,6849,14642,21826,24801,17331,1724,1851,1723,1753,2026,2733,4116,6135,8507,10401,11425,12139,12662,11297,6034,1535,189,11236,2009,13
Morocco,2014,108178,8339,9700,1361,799,646,1241,3373,3634,6679,14662,22730,25020,17792,1885,1741,1632,1681,1953,2658,4021,6055,8607,10824,11906,12388,12632,11382,6410,1678,207,10499,1887,13
Morocco,2015,108959,7872,9128,1256,759,607,1171,3185,3510,6540,14677,23708,25420,18171,2063,1635,1550,1616,1894,2595,3945,5984,8693,11208,12500,12751,12669,11426,6745,1836,227,9887,1778,14
Morocco,2016,109920,7292,8456,1164,729,577,1112,3013,3400,6431,14688,24734,26014,18497,2254,1536,1477,1556,1844,2543,3888,5918,8770,11561,13173,13174,12840,11464,7033,2003,251,9185,1689,15
Morocco,2017,111538,6983,8068,1085,705,554,1064,2873,3314,6354,14698,25810,26798,18823,2463,1456,1417,1507,1807,2501,3853,5859,8839,11892,13918,13670,13128,11556,7267,2185,278,8773,1618,16
Morocco,2018,113423,6638,7651,1013,685,536,1021,2748,3235,6311,14734,26895,27770,19140,2678,1387,1361,1460,1775,2472,3839,5823,8911,12204,14691,14294,13476,11690,7450,2371,307,8336,1557,18
Morocco,2019,115604,6316,7269,953,665,523,983,2633,3165,6292,14792,27950,29010,19416,2886,1327,1306,1415,1750,2453,3839,5813,8979,12509,15441,15090,13920,11817,7599,2545,341,7934,1506,19
Morocco,2020,127299,6025,6920,895,643,498,782,2058,2820,6477,16253,32784,33234,21523,3284,1039,1019,1193,1627,2470,4007,6260,9993,14466,18318,17753,15481,12973,8550,2892,392,7563,1280,22
Morocco,2021,130027,5740,6582,842,614,489,778,2027,2810,6529,16333,33654,35181,21647,3360,1020,1007,1187,1623,2461,4068,6347,9986,14538,19116,18945,16236,13214,8433,2941,419,7196,1267,24
Mozambique,1950,80415,29812,48121,18309,4660,2084,1710,4107,4247,3927,3174,3164,3283,1730,206,2079,2028,2097,2150,2070,1857,1683,1491,1500,1664,1734,1549,1148,582,176,30,52781,3794,3
Mozambique,1951,80208,29630,47837,18207,4602,2132,1712,4095,4228,3991,3256,3178,3275,1696,201,2082,2013,2079,2149,2092,1899,1725,1531,1518,1660,1745,1530,1126,570,172,29,52439,3844,3
Mozambique,1952,79856,29571,47401,17830,4487,2151,1727,4086,4233,4067,3350,3212,3284,1661,198,2075,2011,2071,2162,2119,1948,1773,1577,1552,1660,1761,1523,1103,558,169,29,51888,3878,3
Mozambique,1953,79589,29503,47044,17541,4405,2157,1750,4062,4228,4130,3437,3256,3297,1631,193,2051,2011,2058,2170,2139,1991,1818,1619,1595,1661,1771,1526,1083,548,165,28,51449,3907,2
Mozambique,1954,79293,29435,46716,17281,4344,2142,1779,4037,4219,4162,3499,3293,3311,1599,190,2015,2022,2049,2170,2147,2015,1849,1650,1631,1662,1777,1534,1062,537,162,28,51060,3921,2
Mozambique,1955,79065,29392,46488,17096,4274,2111,1809,3994,4193,4187,3563,3349,3327,1576,188,1970,2024,2033,2160,2149,2038,1882,1681,1675,1674,1780,1547,1048,528,160,28,50762,3920,2
Mozambique,1956,78957,29350,46312,16962,4217,2072,1834,3981,4184,4217,3639,3418,3345,1557,183,1953,2028,2030,2154,2158,2059,1921,1718,1719,1699,1782,1563,1039,518,156,27,50529,3906,2
Mozambique,1957,78972,29331,46179,16848,4172,2022,1849,3994,4188,4253,3722,3507,3361,1545,180,1967,2027,2037,2151,2170,2083,1964,1758,1767,1740,1784,1577,1037,508,154,26,50351,3871,2
Mozambique,1958,78879,29313,46050,16737,4129,1978,1856,3987,4168,4256,3782,3582,3370,1540,176,1988,1999,2035,2133,2168,2088,1992,1790,1802,1780,1782,1588,1041,499,150,26,50179,3834,2
Mozambique,1959,79134,29489,46149,16660,4097,1949,1852,4008,4187,4267,3841,3675,3390,1540,174,2032,1976,2055,2132,2170,2097,2018,1823,1844,1831,1791,1599,1049,491,148,26,50246,3801,2
Mozambique,1960,79650,29822,46458,16636,4090,1936,1845,4020,4197,4286,3919,3766,3414,1546,171,2079,1941,2069,2128,2175,2111,2053,1866,1884,1882,1809,1605,1061,485,145,26,50548,3781,2
Mozambique,1961,80380,30189,46901,16712,4104,1935,1828,4034,4196,4310,4015,3876,3455,1554,169,2110,1924,2070,2126,2175,2135,2093,1922,1934,1942,1844,1611,1073,481,144,25,51005,3763,2
Mozambique,1962,81572,30664,47744,17080,4161,1955,1814,4104,4194,4315,4084,3971,3500,1568,165,2153,1951,2066,2128,2171,2144,2112,1972,1982,1989,1887,1613,1085,483,141,24,51905,3769,2
Mozambique,1963,83125,31168,48596,17428,4243,1988,1826,4235,4248,4381,4201,4098,3564,1581,162,2218,2017,2081,2167,2197,2184,2159,2042,2053,2045,1943,1621,1096,485,138,24,52839,3814,2
Mozambique,1964,86373,31761,49729,17968,4413,2057,1967,4796,4572,4639,4436,4312,3686,1605,161,2501,2295,2233,2339,2329,2310,2270,2166,2174,2138,2034,1652,1111,494,138,23,54142,4024,2
Mozambique,1965,88082,32314,50643,18329,4553,2110,2010,4939,4617,4700,4530,4436,3766,1614,159,2548,2391,2232,2385,2356,2344,2311,2219,2247,2189,2094,1672,1116,498,136,23,55196,4120,2
Mozambique,1966,90369,32981,51652,18671,4703,2182,2101,5188,4760,4825,4688,4614,3873,1626,158,2651,2537,2300,2460,2419,2406,2386,2302,2346,2268,2166,1707,1121,505,136,22,56355,4283,2
Mozambique,1967,92147,33662,52730,19068,4844,2243,2159,5242,4793,4852,4767,4752,3970,1634,158,2651,2591,2330,2463,2434,2418,2421,2346,2418,2334,2221,1749,1124,510,136,22,57574,4402,2
Mozambique,1968,94129,34391,53826,19435,4977,2317,2223,5330,4856,4921,4878,4915,4079,1643,159,2677,2653,2390,2466,2473,2448,2475,2403,2501,2414,2279,1800,1128,515,137,22,58803,4540,2
Mozambique,1969,96006,35160,54958,19798,5083,2388,2274,5406,4892,4963,4965,5070,4189,1656,160,2715,2691,2452,2440,2497,2466,2516,2449,2574,2496,2334,1855,1137,519,138,22,60041,4662,2
Mozambique,1970,97981,35837,55996,20159,5174,2470,2349,5502,4966,5049,5082,5246,4309,1674,162,2777,2725,2537,2429,2545,2504,2570,2512,2655,2591,2396,1913,1153,521,140,22,61170,4819,2
Mozambique,1971,100184,36569,57116,20547,5270,2571,2450,5588,5057,5154,5229,5434,4445,1704,165,2856,2732,2608,2449,2594,2560,2640,2589,2738,2696,2471,1974,1179,525,143,22,62386,5021,2
Mozambique,1972,103718,37251,58081,20830,5328,2659,2690,6262,5525,5458,5508,5691,4606,1741,167,3261,3001,2878,2647,2746,2712,2777,2731,2863,2828,2568,2038,1214,527,145,22,63409,5349,2
Mozambique,1973,106129,38242,59622,21380,5441,2727,2762,6333,5598,5478,5627,5868,4728,1775,168,3333,3000,2910,2688,2731,2747,2819,2808,2943,2925,2645,2083,1246,529,146,22,65063,5489,2
Mozambique,1974,107342,39341,61263,21922,5573,2777,2683,5848,5345,5322,5666,6028,4849,1816,168,3080,2768,2733,2612,2609,2713,2815,2851,3013,3015,2723,2126,1282,534,146,22,66836,5460,2
Mozambique,1975,108361,40514,62882,22368,5670,2791,2589,5408,5087,5140,5655,6152,4957,1858,168,2850,2558,2552,2535,2476,2664,2788,2867,3065,3087,2793,2164,1317,541,146,22,68552,5380,2
Mozambique,1976,112069,41971,65080,23109,5874,2854,2677,5618,5215,5249,5835,6428,5151,1915,171,2966,2652,2586,2629,2516,2733,2864,2971,3205,3223,2913,2238,1360,555,149,22,70954,5531,2
Mozambique,1977,115964,43578,67484,23906,6088,2926,2759,5827,5311,5357,6000,6703,5360,1975,172,3074,2753,2608,2703,2579,2778,2938,3062,3345,3358,3040,2320,1403,572,150,22,73572,5685,2
Mozambique,1978,120182,45367,70310,24943,6341,2992,2810,5999,5401,5436,6142,6971,5568,2033,174,3155,2844,2638,2763,2647,2789,2998,3144,3481,3490,3165,2403,1441,592,152,22,76651,5802,2
Mozambique,1979,125298,47455,73575,26120,6662,3103,2884,6226,5572,5569,6330,7292,5809,2098,176,3266,2960,2725,2847,2761,2808,3085,3245,3642,3650,3307,2502,1486,612,153,23,80237,5987,2
Mozambique,1980,129898,49354,76521,27167,6940,3216,2940,6431,5702,5679,6483,7578,6054,2168,181,3364,3067,2807,2895,2869,2810,3160,3323,3774,3804,3449,2605,1533,635,157,24,83461,6156,2
Mozambique,1981,143276,53094,83561,30467,8049,3854,3338,7287,6341,6313,7137,8312,6610,2286,186,3817,3470,3163,3178,3216,3097,3493,3644,4118,4194,3779,2831,1622,664,161,25,91610,7192,2
Mozambique,1982,145031,53465,84156,30691,8104,3983,3448,7455,6418,6434,7219,8477,6812,2335,190,3916,3539,3245,3173,3277,3157,3532,3687,4166,4311,3896,2916,1660,675,165,25,92260,7431,2
Mozambique,1983,146766,53992,84735,30743,8099,4089,3570,7635,6525,6585,7295,8626,7021,2387,194,4024,3611,3326,3199,3344,3241,3552,3743,4209,4417,4017,3004,1702,685,169,25,92834,7659,2
Mozambique,1984,171060,54609,85345,30736,8043,4305,5959,16756,11691,9610,9074,9811,7736,2531,200,9009,7747,6344,5347,5024,4586,4463,4611,4841,4970,4457,3279,1816,715,175,25,93388,10264,2
Mozambique,1985,172617,55073,85902,30829,8008,4359,6163,16999,11816,9720,9089,9868,7915,2573,203,9163,7836,6414,5402,5022,4698,4425,4664,4851,5017,4562,3353,1851,722,177,26,93910,10522,2
Mozambique,1986,163718,52166,79915,27749,6974,3838,6152,17110,11714,9400,8702,9426,7731,2551,202,9259,7851,6376,5338,4819,4581,4225,4477,4625,4801,4448,3283,1834,717,177,25,86889,9990,2
Mozambique,1987,165665,52427,80223,27796,6920,3838,6403,17674,12008,9503,8833,9521,7927,2610,206,9609,8065,6518,5490,4825,4678,4309,4524,4677,4844,4555,3372,1880,730,180,26,87143,10241,2
Mozambique,1988,140328,51327,78536,27209,6730,3580,3985,8564,6880,6579,7041,8320,7395,2516,200,4611,3953,3523,3357,3202,3377,3406,3635,4028,4292,4207,3188,1808,708,174,26,85266,7565,2
Mozambique,1989,139376,50896,77778,26882,6642,3503,3970,8546,6818,6542,7020,8302,7488,2566,200,4627,3919,3483,3335,3184,3358,3450,3570,4033,4269,4233,3255,1845,721,174,26,84420,7473,2
Mozambique,1990,139275,50769,77603,26834,6677,3488,3915,8353,6750,6548,7084,8387,7631,2631,203,4535,3818,3424,3326,3198,3350,3540,3544,4094,4293,4285,3346,1895,736,177,26,84280,7403,2
Mozambique,1991,140395,50706,77482,26776,6714,3477,3968,8683,6942,6664,7226,8510,7797,2722,209,4729,3954,3522,3420,3294,3370,3639,3587,4168,4342,4343,3454,1961,761,182,27,84196,7445,2
Mozambique,1992,140777,50477,77036,26559,6747,3466,3962,8843,7002,6710,7364,8649,7961,2820,214,4819,4024,3557,3445,3356,3354,3702,3662,4232,4417,4405,3556,2032,788,187,27,83783,7428,2
Mozambique,1993,140106,50146,76315,26169,6701,3424,3826,8728,7042,6783,7473,8647,8033,2913,220,4706,4022,3570,3472,3417,3366,3750,3723,4213,4434,4409,3624,2099,814,192,28,83016,7250,2
Mozambique,1994,142529,50460,76489,26029,6751,3465,3863,9165,7375,7081,7829,8897,8307,3078,230,4890,4275,3751,3624,3570,3511,3900,3929,4298,4599,4536,3771,2219,859,202,28,83240,7328,2
Mozambique,1995,147777,51520,77637,26117,6858,3561,3994,9859,7986,7651,8449,9430,8779,3322,246,5182,4677,4070,3916,3856,3795,4166,4283,4517,4913,4783,3996,2393,929,216,30,84495,7555,2
Mozambique,1996,147875,50923,76319,25396,6729,3535,3962,10122,8299,7930,8653,9620,8970,3474,258,5232,4890,4239,4060,3994,3936,4221,4432,4593,5027,4875,4095,2500,974,227,31,83048,7497,2
Mozambique,1997,147843,50440,74814,24374,6530,3498,3932,10338,8652,8241,8872,9887,9174,3629,271,5251,5087,4435,4217,4133,4108,4287,4585,4746,5141,4986,4188,2606,1023,240,31,81344,7430,2
Mozambique,1998,146909,49265,72643,23378,6336,3461,3906,10423,8981,8508,9094,10131,9371,3766,284,5201,5222,4620,4361,4253,4255,4369,4725,4913,5218,5104,4267,2696,1070,251,33,78979,7367,2
Mozambique,1999,144967,47831,70015,22184,6051,3371,3848,10363,9254,8697,9287,10320,9560,3898,299,5089,5274,4780,4474,4342,4355,4463,4824,5088,5232,5222,4338,2777,1121,264,35,76066,7219,3
Mozambique,2000,143537,46467,67541,21074,5792,3288,3811,10333,9618,8981,9510,10548,9776,4025,312,5005,5328,4989,4629,4481,4500,4600,4910,5294,5254,5358,4418,2852,1173,275,37,73333,7099,3
Mozambique,2001,141936,44953,64862,19909,5527,3195,3783,10304,10024,9291,9725,10790,9973,4136,326,4938,5366,5211,4813,4634,4657,4760,4965,5467,5323,5479,4494,2915,1221,288,38,70389,6978,3
Mozambique,2002,141425,43699,62672,18973,5355,3137,3806,10360,10541,9677,10009,11112,10167,4241,341,4930,5430,5471,5070,4840,4837,4972,5037,5640,5472,5580,4587,2973,1268,301,40,68027,6943,3
Mozambique,2003,141317,42794,60936,18142,5210,3080,3833,10413,11054,10045,10284,11440,10319,4339,358,4947,5466,5705,5349,5044,5001,5154,5130,5798,5642,5633,4686,3028,1311,316,42,66146,6913,3
Mozambique,2004,141000,41721,59126,17405,5085,3033,3855,10447,11515,10382,10547,11760,10436,4433,375,4979,5468,5884,5631,5236,5146,5296,5251,5922,5838,5640,4796,3083,1350,331,44,64211,6888,3
Mozambique,2005,141063,40765,57523,16758,4984,2996,3886,10540,11993,10765,10853,12050,10550,4526,393,5041,5499,6045,5948,5448,5317,5458,5395,6005,6045,5636,4914,3140,1386,346,47,62507,6882,3
Mozambique,2006,140775,39856,55964,16108,4884,2959,3897,10574,12330,11091,11123,12214,10703,4617,410,5083,5491,6120,6210,5634,5457,5591,5532,6020,6194,5684,5019,3200,1417,361,49,60848,6856,3
Mozambique,2007,139907,38562,53703,15141,4695,2896,3879,10636,12688,11536,11465,12376,10895,4713,425,5130,5506,6190,6498,5892,5644,5743,5722,6045,6331,5802,5093,3267,1446,375,50,58398,6775,4
Mozambique,2008,139803,38174,52591,14417,4555,2855,3866,10682,12858,11899,11674,12504,11056,4812,441,5168,5514,6174,6684,6114,5785,5833,5841,6070,6434,5934,5122,3339,1473,388,53,57146,6721,4
Mozambique,2009,138859,37904,51690,13786,4401,2801,3818,10577,12692,12055,11693,12553,11197,4921,454,5132,5445,6011,6681,6232,5823,5834,5859,6087,6466,6084,5113,3420,1501,399,55,56091,6619,4
Mozambique,2010,140562,38375,52224,13849,4402,2838,3864,10721,12741,12401,11848,12649,11362,5035,467,5211,5510,5983,6758,6462,5939,5911,5937,6163,6486,6259,5103,3506,1529,409,58,56626,6702,4
Mozambique,2011,139849,37809,51301,13492,4276,2804,3843,10699,12571,12616,11936,12651,11526,5143,481,5197,5502,5874,6697,6602,6014,5951,5985,6226,6425,6379,5147,3583,1560,420,61,55577,6647,4
Mozambique,2012,139013,37125,50283,13158,4161,2770,3835,10696,12364,12810,11997,12657,11717,5230,491,5183,5513,5776,6588,6703,6107,5988,6009,6309,6348,6464,5253,3635,1595,428,63,54444,6605,5
Mozambique,2013,137629,36454,49237,12783,4057,2724,3824,10647,12028,12835,11952,12615,11915,5292,502,5156,5491,5654,6374,6679,6156,5977,5975,6322,6293,6534,5381,3659,1633,436,66,53294,6548,5
Mozambique,2014,136071,35301,47672,12371,3979,2679,3812,10589,11793,12934,11993,12657,12116,5327,510,5117,5472,5595,6198,6664,6270,6014,5979,6340,6317,6583,5533,3654,1673,443,67,51651,6491,5
Mozambique,2015,134098,34259,46013,11754,3875,2608,3782,10466,11504,12927,12016,12724,12284,5370,522,5053,5413,5508,5996,6565,6362,6032,5984,6368,6356,6588,5696,3654,1716,453,69,49888,6390,5
Mozambique,2016,132550,33710,44941,11231,3797,2547,3756,10316,11191,12804,12022,12804,12368,5457,533,4989,5327,5411,5780,6396,6408,6043,5979,6387,6417,6541,5827,3704,1753,462,71,48738,6303,5
Mozambique,2017,131664,33605,44560,10955,3769,2509,3741,10191,10893,12570,12026,12858,12422,5576,545,4954,5237,5324,5569,6172,6398,6061,5965,6365,6493,6485,5937,3798,1778,474,71,48329,6250,6
Mozambique,2018,131686,33440,44165,10725,3731,2478,3702,10058,10782,12549,12299,13075,12588,5692,559,4899,5159,5293,5489,6058,6491,6226,6073,6441,6634,6530,6058,3906,1786,485,74,47896,6180,6
Mozambique,2019,131049,33068,43581,10513,3716,2477,3707,10001,10591,12275,12414,13133,12759,5815,574,4907,5094,5222,5369,5840,6435,6316,6098,6444,6689,6612,6147,4033,1782,498,76,47297,6184,6
Mozambique,2020,135440,32778,43075,10297,3606,2419,3308,9048,10115,12854,14255,15359,14273,6485,633,4478,4570,4869,5246,5959,6895,7230,7025,7516,7843,7598,6675,4504,1981,553,80,46681,5727,6
Mozambique,2021,153245,32657,42755,10098,3547,2504,3988,10857,12806,16018,17855,18496,16473,7266,671,5284,5573,6104,6702,7378,8640,9153,8702,9059,9437,8919,7554,5097,2169,587,84,46302,6492,7
Myanmar,1950,259468,92892,146712,53820,6421,4202,5904,15372,15366,16210,16745,16755,12054,3494,231,7826,7546,7762,7604,8011,8199,8376,8369,8677,8078,6956,5098,2542,952,208,23,153133,10106,2
Myanmar,1951,261708,92493,147930,55437,6541,4186,5848,15273,15414,16281,17007,17061,12310,3626,230,7775,7498,7742,7672,8017,8264,8520,8487,8819,8242,7093,5217,2661,965,208,22,154471,10034,2
Myanmar,1952,254636,89868,143112,53244,6312,3969,5566,14813,14958,15796,16815,16958,12380,3722,235,7540,7273,7439,7519,7757,8039,8441,8374,8732,8226,7109,5271,2761,961,211,24,149424,9535,2
Myanmar,1953,250919,87820,139648,51828,6235,3870,5398,14652,14791,15596,16903,17128,12595,3859,242,7440,7212,7268,7523,7653,7943,8502,8401,8787,8341,7220,5375,2883,976,217,25,145883,9268,2
Myanmar,1954,246805,85984,136191,50207,6328,3812,5186,14171,14464,15360,16958,17279,12804,3997,249,7163,7008,7025,7439,7539,7821,8529,8429,8837,8442,7331,5473,2985,1012,225,24,142519,8998,2
Myanmar,1955,243880,84248,132767,48519,6524,3788,5067,14041,14385,15310,17086,17471,13042,4141,256,7063,6978,6953,7432,7535,7775,8574,8512,8919,8552,7459,5583,3077,1064,233,23,139291,8855,1
Myanmar,1956,241223,82777,130203,47426,6625,3747,4919,13764,14165,15184,17130,17631,13295,4297,263,6884,6880,6843,7322,7501,7683,8543,8587,8980,8651,7594,5701,3170,1127,238,25,136828,8666,1
Myanmar,1957,240981,81637,127977,46340,6871,3811,4896,13800,14282,15426,17461,18013,13689,4480,273,6849,6951,6929,7353,7677,7749,8643,8818,9161,8852,7818,5871,3283,1197,245,28,134848,8707,2
Myanmar,1958,239131,80570,125874,45304,7001,3802,4798,13540,14112,15418,17532,18183,13956,4629,284,6665,6875,6892,7220,7723,7695,8590,8942,9231,8952,7963,5993,3371,1258,253,31,132875,8600,3
Myanmar,1959,239117,79539,124192,44653,7184,3888,4794,13448,14153,15612,17781,18575,14369,4818,299,6576,6872,6949,7204,7847,7765,8638,9143,9423,9152,8187,6182,3493,1325,268,31,131376,8682,3
Myanmar,1960,237333,78580,122262,43682,7209,3957,4742,13139,13992,15565,17781,18776,14631,4958,319,6398,6741,6886,7106,7814,7751,8581,9200,9521,9255,8317,6314,3582,1376,287,32,129471,8699,3
Myanmar,1961,237882,77570,120275,42705,7314,4096,4856,13367,14295,15863,18041,19234,15050,5145,341,6506,6861,7059,7236,7934,7929,8677,9364,9767,9467,8533,6517,3710,1435,306,35,127589,8952,4
Myanmar,1962,236597,76492,118153,41661,7332,4201,4868,13116,14249,15888,18084,19595,15419,5326,363,6389,6727,7026,7223,7861,8027,8670,9414,9973,9622,8713,6706,3831,1495,327,36,125485,9069,4
Myanmar,1963,235477,75111,115320,40209,7409,4374,4936,13022,14379,16056,18223,20045,15813,5508,386,6365,6657,7068,7311,7847,8209,8736,9487,10234,9811,8909,6904,3955,1553,349,37,122729,9310,4
Myanmar,1964,233260,73362,111996,38634,7282,4391,5032,13053,14449,16085,18264,20397,16190,5708,410,6427,6626,7088,7361,7785,8300,8762,9502,10416,9981,9094,7096,4091,1617,370,40,119278,9423,4
Myanmar,1965,230243,71532,108292,36760,7215,4409,5144,12880,14341,16058,18320,20711,16536,5895,433,6397,6483,6997,7344,7726,8332,8807,9513,10551,10160,9269,7267,4220,1675,388,45,115507,9553,5
Myanmar,1966,226098,69428,104416,34988,7025,4341,5206,12621,14051,15856,18279,20916,16835,6090,458,6331,6290,6809,7242,7610,8246,8812,9467,10593,10323,9414,7421,4351,1739,408,50,111441,9547,6
Myanmar,1967,223177,67487,100875,33388,6950,4348,5330,12452,13805,15751,18418,21242,17207,6313,478,6315,6137,6632,7173,7575,8176,8930,9488,10667,10575,9600,7607,4504,1809,426,52,107825,9678,6
Myanmar,1968,221963,65922,98032,32110,6919,4364,5568,12630,13759,15764,18658,21602,17608,6545,503,6469,6161,6568,7191,7627,8137,9103,9555,10744,10858,9802,7806,4663,1882,448,55,104951,9932,7
Myanmar,1969,224157,65543,97253,31710,6972,4436,5810,12920,13856,16040,19146,22162,18195,6828,532,6686,6234,6565,7291,7804,8236,9379,9767,10937,11225,10121,8074,4857,1971,473,59,104225,10246,7
Myanmar,1970,225562,65363,96755,31392,7025,4474,5928,13163,13741,16142,19449,22538,18703,7079,558,6906,6257,6479,7262,7868,8274,9520,9929,11058,11480,10400,8303,5024,2055,495,63,103780,10402,7
Myanmar,1971,225952,65110,96132,31022,7072,4496,5948,13092,13379,16123,19678,22856,19244,7340,588,6948,6144,6272,7107,7844,8279,9575,10103,11167,11689,10706,8538,5196,2144,521,67,103204,10444,8
Myanmar,1972,226760,64647,95218,30571,7088,4506,6028,13365,13194,16220,19943,23153,19820,7607,612,7181,6184,6186,7008,7870,8350,9598,10345,11285,11868,11051,8769,5369,2238,543,69,102306,10534,8
Myanmar,1973,229433,64155,94305,30150,7252,4620,6213,13929,13279,16606,20450,23648,20559,7920,645,7584,6345,6247,7032,8033,8573,9725,10725,11528,12120,11493,9066,5575,2345,572,73,101557,10833,8
Myanmar,1974,229520,63340,93001,29661,7254,4637,6251,14168,13062,16640,20664,23940,21122,8155,625,7752,6416,6176,6886,7998,8642,9721,10943,11686,12254,11812,9310,5737,2418,574,51,100255,10888,3
Myanmar,1975,229614,62647,91744,29097,7245,4657,6275,14405,12875,16614,20842,24263,21659,8400,633,7841,6564,6134,6741,7928,8686,9743,11099,11871,12392,12084,9575,5904,2496,587,46,98989,10932,2
Myanmar,1976,230345,61988,90423,28435,7329,4754,6309,14537,12754,16663,21140,24791,22303,8690,651,7858,6679,6118,6636,7882,8781,9868,11272,12183,12608,12384,9919,6103,2587,609,42,97752,11063,1
Myanmar,1977,231834,61370,89276,27906,7379,4831,6398,14957,12781,16737,21441,25404,22964,8993,677,8021,6936,6191,6590,7841,8896,10042,11399,12569,12835,12658,10306,6308,2685,633,44,96655,11229,1
Myanmar,1978,233667,60856,88378,27522,7397,4877,6533,15619,12891,16771,21693,25993,23542,9270,705,8294,7325,6304,6587,7778,8993,10222,11471,12950,13043,12870,10672,6493,2777,659,46,95775,11410,1
Myanmar,1979,234191,60262,87093,26831,7468,4980,6530,15531,12864,16700,21947,26612,24130,9597,736,8169,7362,6339,6525,7670,9030,10394,11553,13303,13309,13092,11038,6718,2879,689,47,94561,11510,1
Myanmar,1980,234467,59549,85856,26307,7406,4983,6557,15621,12983,16526,22124,27113,24616,9920,761,8183,7438,6488,6495,7536,8990,10492,11632,13540,13573,13288,11328,6943,2977,712,49,93262,11540,1
Myanmar,1981,234361,58816,84640,25824,7297,4945,6564,15668,13088,16262,22260,27548,25041,10260,790,8178,7490,6622,6466,7377,8885,10542,11718,13681,13867,13470,11571,7185,3075,740,50,91937,11509,0
Myanmar,1982,237216,58510,83850,25340,7395,5050,6740,16113,13593,16334,22767,28266,25616,10671,817,8378,7735,6969,6624,7409,8925,10766,12001,13900,14366,13757,11859,7488,3183,766,51,91245,11790,0
Myanmar,1983,238487,58357,83248,24891,7360,5052,6798,16251,13875,16158,23055,28769,26045,11040,832,8432,7819,7216,6659,7340,8818,10851,12204,13970,14799,13982,12063,7762,3278,785,47,90608,11850,1
Myanmar,1984,241476,57975,82568,24593,7434,5126,6953,16692,14454,16241,23519,29441,26665,11486,899,8649,8043,7558,6896,7425,8816,11014,12505,14163,15278,14336,12329,8065,3421,836,63,90002,12079,1
Myanmar,1985,242153,56630,80951,24321,7392,5107,7008,16940,14851,16179,23726,29927,27240,11873,958,8782,8158,7723,7128,7451,8728,11032,12694,14320,15607,14679,12561,8311,3562,884,74,88343,12115,1
Myanmar,1986,244718,54823,78645,23822,7558,5241,7224,17594,15669,16521,24229,30680,28059,12290,1013,9122,8472,8097,7572,7699,8822,11195,13034,14678,16002,15187,12872,8567,3723,927,86,86203,12465,1
Myanmar,1987,244402,52937,76117,23180,7515,5217,7241,17755,16069,16525,24339,31119,28792,12656,1059,9214,8541,8228,7841,7774,8751,11131,13208,14940,16179,15678,13114,8770,3886,966,93,83632,12458,1
Myanmar,1988,247687,51202,73649,22447,7729,5371,7495,18574,17071,17000,24837,31942,29836,13079,1103,9636,8938,8644,8427,8079,8921,11260,13577,15447,16495,16356,13480,9012,4067,1006,97,81378,12866,1
Myanmar,1989,246043,50254,71674,21420,7597,5277,7371,18358,17147,16956,24613,32147,30420,13340,1141,9514,8844,8593,8554,8138,8818,11045,13568,15614,16533,16717,13703,9144,4196,1041,100,79271,12648,1
Myanmar,1990,248547,49440,69992,20552,7700,5381,7495,18804,17733,17549,24834,32864,31318,13695,1181,9717,9087,8843,8890,8555,8994,11083,13751,16002,16862,17196,14122,9362,4333,1082,99,77692,12876,1
Myanmar,1991,249361,48492,68374,19882,7617,5378,7514,19024,18044,17979,24788,33398,32038,13989,1217,9802,9222,8954,9090,8875,9104,11017,13771,16258,17140,17505,14533,9548,4441,1120,97,75991,12892,1
Myanmar,1992,249714,47309,66484,19175,7423,5335,7522,19303,18343,18433,24667,33954,32729,14272,1248,9920,9383,9075,9268,9215,9218,10946,13721,16489,17465,17711,15018,9733,4539,1158,90,73907,12857,1
Myanmar,1993,251124,46089,64604,18515,7405,5455,7562,19316,18676,19132,24758,34765,33561,14606,1284,9883,9433,9186,9490,9710,9422,11020,13738,16823,17942,17963,15598,9964,4642,1196,88,72009,13017,1
Myanmar,1994,251508,44740,62576,17836,7183,5429,7602,19650,19007,19711,24679,35257,34175,14917,1318,10031,9619,9347,9660,10055,9656,11041,13638,16968,18289,18138,16037,10190,4727,1231,87,69759,13031,1
Myanmar,1995,251769,43433,60699,17266,7067,5435,7597,19565,19141,20278,24705,35737,34869,15315,1357,9965,9600,9395,9746,10272,10006,11134,13571,17086,18651,18430,16439,10485,4830,1267,90,67766,13032,1
Myanmar,1996,249487,42192,58733,16541,6763,5261,7409,19059,18841,20488,24507,35870,35403,15750,1399,9695,9364,9238,9603,10272,10216,11128,13379,16996,18874,18694,16709,10811,4939,1303,96,65496,12670,1
Myanmar,1997,250765,41001,56914,15913,6701,5236,7464,19226,19166,21239,24735,36265,36106,16273,1443,9764,9462,9400,9766,10544,10695,11350,13385,17022,19243,19137,16969,11221,5052,1338,105,63615,12700,1
Myanmar,1998,249257,39792,55071,15279,6478,5036,7341,18869,18980,21605,24688,36289,36627,16782,1483,9578,9291,9296,9684,10558,11047,11401,13287,16845,19444,19517,17110,11615,5167,1372,111,61549,12377,1
Myanmar,1999,252162,38683,53335,14652,6523,5040,7497,19264,19562,22561,25338,36703,37473,17337,1524,9771,9493,9571,9991,10927,11634,11853,13485,16901,19802,20061,17412,12017,5320,1406,118,59858,12537,1
Myanmar,2000,251422,37795,51886,14091,6306,4846,7391,19022,19439,22735,25746,36619,38083,17787,1557,9660,9362,9479,9960,10929,11806,12208,13538,16743,19876,20411,17672,12305,5482,1438,119,58192,12237,1
Myanmar,2001,254256,37258,50767,13509,6295,4845,7461,19251,19873,23440,26666,36840,38978,18257,1581,9776,9475,9650,10223,11210,12230,12822,13844,16791,20049,20887,18091,12580,5677,1464,117,57062,12306,1
Myanmar,2002,253403,36800,49823,13023,6047,4667,7258,18894,19617,23483,27198,36585,39623,18610,1592,9610,9284,9482,10135,11147,12336,13232,13966,16643,19942,21180,18443,12732,5878,1482,110,55870,11925,1
Myanmar,2003,255475,35500,48064,12564,6028,4698,7230,19086,19977,24127,28302,36750,40581,19017,1609,9716,9370,9612,10365,11411,12716,13999,14303,16767,19983,21620,18961,12918,6099,1503,106,54092,11928,1
Myanmar,2004,253150,33919,46013,12094,5788,4542,6958,18784,19671,24081,28903,36451,41028,19298,1634,9583,9201,9427,10244,11338,12743,14351,14552,16705,19746,21742,19286,13039,6259,1533,101,51801,11500,1
Myanmar,2005,252803,32408,43965,11557,5650,4456,6774,18582,19562,24323,29845,36580,41662,19727,1678,9479,9103,9331,10231,11424,12899,14712,15133,16889,19691,21944,19718,13305,6422,1579,99,49615,11230,1
Myanmar,2006,249625,31032,41961,10929,5394,4251,6473,17969,18987,24070,30396,36436,41884,20074,1726,9161,8808,9020,9967,11266,12804,14832,15564,16967,19469,21886,19998,13544,6530,1630,96,47355,10724,1
Myanmar,2007,247868,29898,40162,10264,5227,4098,6273,17523,18621,23998,31139,36478,42098,20455,1792,8899,8624,8818,9803,11205,12793,15013,16126,17144,19334,21794,20304,13840,6615,1694,98,45389,10371,1
Myanmar,2008,298234,33851,53878,20027,15201,9372,9126,20027,21078,27175,35323,39424,44330,21418,1883,10299,9728,9959,11119,12758,14417,16861,18462,18805,20619,22849,21481,14588,6830,1783,100,69079,18498,1
Myanmar,2009,245545,27156,36111,8955,4888,3818,6013,16874,18139,24060,32829,37156,42398,21328,1927,8415,8459,8569,9570,11162,12898,15391,17438,17789,19367,21557,20841,14517,6811,1822,105,40999,9831,1
Myanmar,2010,246837,25898,34286,8388,4823,3784,5973,16783,18219,24433,33716,38264,42664,21889,1998,8295,8488,8606,9613,11292,13141,15713,18003,18596,19668,21569,21095,14899,6990,1882,116,39109,9757,1
Myanmar,2011,245930,24771,32663,7892,4596,3638,5807,16430,17908,24339,34166,39220,42662,22424,2079,8088,8342,8464,9444,11172,13167,15795,18371,19295,19925,21483,21179,15234,7190,1944,135,37259,9445,1
Myanmar,2012,247561,23673,31093,7420,4521,3633,5721,16120,17863,24649,35038,40720,42934,23098,2165,7929,8191,8429,9434,11247,13402,16103,18935,20302,20418,21600,21334,15652,7446,2008,157,35614,9354,1
Myanmar,2013,243815,22760,29723,6963,4186,3414,5373,15132,17001,23960,34930,41583,42678,23588,2249,7487,7645,8016,8985,10821,13139,15919,19011,21020,20563,21493,21185,15915,7673,2067,182,33909,8787,1
Myanmar,2014,246644,21988,28561,6573,4108,3396,5324,15044,17154,24289,35776,43344,43087,24218,2344,7486,7558,8100,9054,10919,13370,16259,19517,22023,21321,21801,21286,16269,7949,2143,201,32669,8720,2
Myanmar,2015,245996,21477,27742,6265,3858,3216,5111,14558,16726,23891,35935,44624,43260,24637,2436,7281,7277,7900,8826,10662,13229,16264,19671,22495,22129,22028,21232,16455,8182,2220,216,31600,8327,2
Myanmar,2016,249749,20874,26828,5954,3846,3224,5082,14367,16828,24252,36901,46691,44040,25153,2533,7183,7184,7916,8912,10784,13468,16702,20199,23359,23332,22629,21411,16703,8450,2310,223,30674,8306,3
Myanmar,2017,253122,20197,25917,5720,3779,3166,5069,14343,16905,24498,37714,48719,44810,25571,2625,7160,7183,7913,8992,10862,13636,17063,20651,24123,24596,23233,21577,16864,8707,2398,227,29696,8235,3
Myanmar,2018,250605,19422,24863,5441,3522,2940,4794,13431,15984,23749,37576,50078,45173,25783,2712,6690,6741,7383,8601,10446,13303,16918,20658,24410,25668,23563,21610,16871,8912,2482,230,28385,7734,3
Myanmar,2019,253801,18787,24008,5221,3428,2858,4788,13531,16033,23900,38221,51838,46319,26060,2811,6719,6812,7336,8697,10506,13394,17165,21056,24997,26841,24407,21912,16951,9109,2573,238,27436,7646,3
Myanmar,2020,259845,18006,22984,4978,3440,2826,4268,11749,14678,23479,39882,56409,49748,27351,3025,5825,5924,6510,8168,10192,13287,17618,22264,26898,29511,26900,22848,17566,9785,2765,260,26424,7094,3
Myanmar,2021,290271,17309,22171,4862,3316,2738,4869,14610,17149,26700,44831,64136,56479,30006,3265,7244,7366,7715,9434,11618,15082,19817,25014,30402,33734,30888,25591,19353,10653,2979,286,25487,7607,4
Namibia,1950,6163,1644,3115,1471,336,152,151,385,341,328,332,412,455,150,9,198,187,174,167,161,167,171,161,201,211,260,195,107,43,9,0,3451,303,0
Namibia,1951,6191,1650,3112,1462,342,155,148,382,344,329,339,413,462,156,10,195,187,175,169,162,167,175,164,201,212,257,205,111,45,10,0,3454,303,0
Namibia,1952,6115,1633,3063,1430,336,152,145,368,334,322,341,411,465,162,12,186,182,170,164,159,163,174,167,196,215,248,217,117,45,11,1,3399,297,0
Namibia,1953,6059,1618,3019,1401,331,152,142,357,331,319,348,412,466,169,12,178,179,167,164,158,161,176,172,190,222,239,227,122,47,11,1,3350,294,0
Namibia,1954,5995,1599,2974,1375,322,151,140,345,324,315,353,413,465,177,13,172,173,164,160,157,158,176,177,187,226,232,233,128,49,12,1,3296,291,0
Namibia,1955,5938,1578,2922,1344,315,151,140,336,321,315,356,413,465,187,14,167,169,161,160,157,158,176,180,187,226,230,235,135,52,13,1,3237,291,0
Namibia,1956,5863,1556,2865,1309,309,150,140,324,315,313,357,413,462,198,15,162,162,158,157,156,157,175,182,187,226,230,232,143,55,14,1,3174,290,0
Namibia,1957,5794,1535,2809,1274,303,150,140,314,311,311,356,412,461,211,16,159,155,156,155,155,156,172,184,192,220,236,225,154,57,14,2,3112,290,0
Namibia,1958,5719,1515,2755,1240,296,147,139,307,303,307,357,412,461,222,17,157,150,151,152,152,155,171,186,198,214,244,217,161,61,15,2,3051,286,0
Namibia,1959,5656,1497,2702,1205,290,144,139,300,298,306,356,414,459,229,17,155,145,148,150,151,155,169,187,203,211,247,212,165,64,15,2,2992,283,0
Namibia,1960,5570,1485,2657,1172,282,141,139,292,288,300,349,413,458,237,18,154,138,143,145,148,152,165,184,206,207,247,211,168,69,16,2,2939,280,0
Namibia,1961,5536,1476,2613,1137,276,137,140,292,285,300,349,423,457,239,20,155,137,140,145,148,152,164,185,211,212,245,212,166,73,18,2,2889,277,0
Namibia,1962,5495,1472,2587,1115,270,135,139,292,279,297,346,429,459,241,22,156,136,134,145,145,152,164,182,213,216,240,219,162,79,20,2,2857,274,0
Namibia,1963,5471,1470,2562,1092,264,133,139,291,271,297,345,440,459,241,23,156,135,129,142,145,152,164,181,215,225,234,225,157,84,21,2,2826,272,0
Namibia,1964,5431,1467,2539,1072,258,132,138,292,264,293,343,446,460,239,25,157,135,125,139,144,149,164,179,217,229,229,231,154,85,22,3,2797,270,0
Namibia,1965,5423,1466,2520,1054,253,130,136,297,261,293,344,455,462,242,26,161,136,124,137,143,150,165,179,218,237,230,232,155,87,23,3,2773,266,0
Namibia,1966,5486,1468,2508,1040,250,129,142,329,271,301,350,464,466,245,29,177,152,131,140,147,154,169,181,220,244,235,231,158,87,25,4,2758,271,0
Namibia,1967,5483,1472,2501,1029,248,125,140,333,270,299,351,466,468,248,31,179,154,133,137,145,154,169,182,218,248,241,227,163,85,27,4,2749,265,0
Namibia,1968,5502,1480,2498,1018,247,125,139,340,268,302,354,470,471,254,33,181,159,134,134,147,155,170,184,218,252,251,220,170,84,29,4,2745,264,0
Namibia,1969,5525,1488,2497,1009,246,125,140,344,270,303,356,472,479,257,35,181,163,138,132,148,155,170,186,218,254,260,219,174,83,31,4,2743,265,0
Namibia,1970,5556,1495,2496,1001,244,125,140,351,278,305,361,476,488,258,35,182,169,143,135,147,158,174,187,219,257,267,221,174,84,30,5,2740,265,0
Namibia,1971,5587,1505,2498,993,244,124,141,356,284,303,365,478,500,262,35,182,174,148,136,145,158,174,191,220,258,274,226,175,87,30,5,2742,265,0
Namibia,1972,5620,1513,2497,984,245,124,140,359,292,305,368,482,512,263,36,181,178,154,138,146,159,176,192,223,259,278,234,172,91,30,6,2742,264,0
Namibia,1973,5648,1522,2495,973,243,124,140,361,300,303,372,482,527,264,36,182,179,159,141,143,160,178,194,224,258,283,244,169,95,29,7,2738,264,1
Namibia,1974,5697,1527,2491,964,242,124,140,364,312,307,378,489,542,270,37,183,181,165,147,144,163,181,197,229,260,289,253,171,99,30,7,2733,264,1
Namibia,1975,5730,1528,2481,953,243,125,141,368,324,308,382,494,553,272,37,186,182,172,152,145,163,183,199,233,261,291,262,173,99,31,6,2724,266,1
Namibia,1976,5770,1526,2473,947,243,125,142,370,337,309,388,501,566,277,39,186,184,178,159,147,162,185,203,236,265,296,270,177,100,32,7,2716,267,1
Namibia,1977,5783,1513,2452,939,243,125,143,368,344,311,392,505,573,285,40,186,182,180,164,150,161,187,205,239,266,297,276,186,99,33,7,2695,268,1
Namibia,1978,5798,1501,2428,927,244,128,146,369,352,312,393,510,579,291,43,186,183,182,170,154,158,188,205,240,270,297,282,194,97,36,7,2672,274,1
Namibia,1979,5730,1448,2356,908,245,130,147,358,350,310,392,514,586,299,45,181,177,178,172,154,156,186,206,241,273,299,287,202,97,37,8,2601,277,1
Namibia,1980,6547,1428,2320,892,249,137,233,688,542,400,450,555,615,315,46,361,327,287,255,209,191,216,234,262,293,314,301,214,101,38,8,2569,370,1
Namibia,1981,6489,1394,2255,861,247,139,236,674,534,404,446,561,622,327,45,356,318,280,254,213,191,211,235,264,297,318,304,221,106,37,8,2502,375,1
Namibia,1982,6337,1337,2163,826,245,140,237,648,511,396,434,557,622,334,45,347,301,262,249,209,187,203,231,263,294,319,303,225,109,37,8,2408,377,1
Namibia,1983,6314,1317,2103,786,240,140,244,662,513,411,432,559,624,342,45,359,303,262,251,219,192,200,232,263,296,322,302,229,113,37,8,2343,384,1
Namibia,1984,6258,1303,2048,745,233,140,245,661,506,419,427,559,626,349,47,360,301,259,247,224,195,197,230,264,295,323,303,231,118,38,9,2281,385,1
Namibia,1985,6221,1283,1988,705,222,138,248,672,501,430,428,562,629,356,46,369,303,257,244,229,201,197,231,266,296,325,304,233,123,37,9,2210,386,1
Namibia,1986,6207,1265,1935,670,208,135,252,693,504,443,428,567,631,362,48,383,310,261,243,235,208,199,229,268,299,326,305,235,127,39,9,2143,387,1
Namibia,1987,6167,1254,1896,642,197,133,252,704,495,449,425,568,634,364,51,390,314,256,239,236,213,201,224,268,300,325,309,236,128,42,9,2093,385,1
Namibia,1988,6304,1256,1889,633,194,134,260,737,521,482,443,586,640,369,52,404,333,270,251,250,232,214,229,278,308,328,312,236,133,43,9,2083,394,1
Namibia,1989,5535,1268,1881,613,183,124,165,403,371,413,407,550,617,366,55,208,195,180,191,206,207,199,208,260,290,313,304,234,132,46,9,2064,289,1
Namibia,1990,6012,1380,2006,626,183,125,179,484,451,485,460,584,627,369,57,244,240,223,228,241,244,231,229,280,304,319,308,235,134,48,9,2189,304,1
Namibia,1991,6281,1414,2070,656,186,125,181,508,490,529,500,612,641,375,58,250,258,242,248,259,270,255,245,292,320,329,312,239,136,48,10,2256,306,1
Namibia,1992,6540,1407,2078,671,187,124,186,547,549,584,550,640,652,380,61,263,284,272,277,285,299,285,265,302,338,337,315,243,137,50,11,2265,310,1
Namibia,1993,6864,1401,2089,688,193,128,194,595,621,648,608,669,666,387,64,281,314,310,311,316,332,319,289,315,354,346,320,247,140,53,11,2282,322,1
Namibia,1994,7334,1399,2112,713,206,132,205,664,731,742,687,715,681,393,64,306,358,366,365,366,376,363,324,340,375,358,323,252,141,53,11,2318,337,1
Namibia,1995,7900,1396,2138,742,223,141,220,750,870,851,779,760,699,397,66,338,412,437,433,424,427,415,364,367,393,372,327,254,143,55,11,2361,361,1
Namibia,1996,8650,1397,2153,756,242,154,243,879,1077,1005,890,812,718,404,67,387,492,542,535,511,494,478,412,400,412,385,333,258,146,55,12,2395,397,1
Namibia,1997,9428,1430,2203,773,264,165,260,992,1289,1158,1008,872,739,410,69,427,565,647,642,596,562,543,465,440,432,400,339,259,151,56,13,2467,425,2
Namibia,1998,10241,1478,2262,784,278,180,275,1104,1517,1322,1125,932,759,414,70,467,637,756,761,687,635,605,520,481,451,416,343,263,151,57,13,2540,455,2
Namibia,1999,11018,1512,2303,791,289,191,290,1217,1742,1487,1228,997,779,419,73,508,709,861,881,782,705,657,571,524,473,428,351,264,155,59,14,2592,481,2
Namibia,2000,11731,1510,2307,797,290,202,309,1330,1963,1642,1326,1061,796,426,74,549,781,962,1001,871,771,703,623,566,495,436,360,269,157,59,15,2597,511,2
Namibia,2001,12259,1492,2296,804,290,218,320,1383,2132,1775,1404,1122,809,431,77,561,822,1031,1101,950,825,739,665,604,518,443,366,271,160,62,15,2586,538,2
Namibia,2002,12483,1467,2255,788,279,219,319,1390,2215,1856,1448,1168,823,437,77,555,835,1059,1156,1001,855,757,691,632,536,450,373,276,161,62,15,2534,538,2
Namibia,2003,12732,1458,2236,778,275,226,330,1415,2291,1929,1472,1201,834,439,77,560,855,1086,1205,1050,879,769,703,650,551,453,381,277,162,62,15,2511,556,2
Namibia,2004,12982,1464,2233,769,273,230,341,1433,2347,2003,1504,1245,844,450,81,566,867,1105,1242,1098,905,788,716,677,568,458,386,284,166,66,15,2506,571,2
Namibia,2005,12909,1416,2116,700,253,220,342,1401,2318,2038,1528,1295,856,455,83,555,846,1084,1234,1117,921,799,729,707,588,468,388,288,167,67,16,2369,562,2
Namibia,2006,12826,1347,1956,609,226,200,339,1362,2303,2104,1564,1351,871,464,83,541,821,1069,1234,1151,953,819,745,740,611,480,391,294,170,67,16,2182,539,2
Namibia,2007,12638,1297,1849,552,207,185,340,1309,2218,2105,1576,1402,885,474,83,529,780,1025,1193,1144,961,824,752,766,636,493,392,300,174,67,16,2056,525,2
Namibia,2008,12468,1239,1723,484,183,167,333,1259,2148,2125,1605,1453,904,481,86,518,741,989,1159,1144,981,837,768,789,664,507,397,306,175,70,16,1906,500,2
Namibia,2009,12312,1214,1644,430,162,149,322,1214,2069,2132,1627,1492,920,491,87,507,707,949,1120,1134,998,847,780,802,690,520,400,310,181,71,16,1806,471,2
Namibia,2010,12187,1182,1580,398,149,141,312,1190,1998,2129,1641,1520,940,496,90,506,684,911,1087,1119,1010,855,786,808,712,534,406,313,183,72,18,1729,453,3
Namibia,2011,12266,1225,1644,419,151,140,307,1200,1952,2126,1650,1539,962,502,91,521,679,887,1065,1104,1022,864,786,807,732,548,414,315,187,73,18,1795,447,3
Namibia,2012,12023,1274,1714,440,154,138,292,1173,1835,2034,1600,1504,973,509,93,516,657,831,1004,1046,988,842,758,778,726,553,420,316,193,75,18,1868,430,3
Namibia,2013,11736,1261,1686,425,150,132,276,1137,1707,1949,1587,1500,1002,516,96,507,630,768,939,987,962,836,751,771,729,571,431,319,197,77,19,1836,408,3
Namibia,2014,11298,1249,1665,416,147,126,261,1075,1535,1806,1545,1487,1030,521,99,483,592,691,844,901,905,813,732,760,727,588,442,321,200,79,20,1812,387,3
Namibia,2015,11115,1255,1674,419,150,121,252,1044,1438,1723,1536,1482,1060,531,101,466,578,651,787,851,872,808,728,754,728,607,453,329,202,81,20,1824,373,3
Namibia,2016,10913,1231,1632,401,146,116,240,1002,1349,1653,1545,1491,1096,539,103,437,565,615,734,808,845,811,734,758,733,628,468,336,203,82,21,1778,356,3
Namibia,2017,10860,1196,1577,381,144,113,234,977,1306,1629,1579,1512,1138,549,108,414,563,602,704,791,838,826,753,769,743,651,487,343,206,87,21,1721,347,3
Namibia,2018,10956,1175,1554,379,145,113,229,970,1307,1633,1624,1537,1170,559,108,401,569,612,695,792,841,846,778,783,754,665,505,351,208,87,21,1699,342,3
Namibia,2019,10919,1128,1502,374,145,113,221,950,1289,1610,1647,1549,1200,574,112,386,564,611,678,777,833,852,795,789,760,674,526,363,211,89,23,1647,334,3
Namibia,2020,11512,1086,1454,368,145,112,193,861,1277,1663,1833,1782,1386,675,125,343,518,605,672,792,871,929,904,903,879,781,605,423,252,101,24,1599,305,4
Namibia,2021,14685,1053,1417,364,145,121,268,1065,1600,2146,2468,2393,1954,945,156,439,626,764,836,999,1147,1242,1226,1203,1190,1083,871,597,348,126,30,1562,389,4
Nauru,1950,32,3,3,0,0,0,0,0,0,0,0,1,10,8,0,0,0,0,0,0,0,0,0,0,1,5,5,5,3,0,0,3,0,0
Nauru,1951,31,3,3,0,0,0,0,0,0,0,0,0,10,8,0,0,0,0,0,0,0,0,0,0,0,5,5,5,3,0,0,3,0,0
Nauru,1952,30,3,3,0,0,0,0,0,0,0,0,0,9,9,0,0,0,0,0,0,0,0,0,0,0,4,5,5,4,0,0,3,0,0
Nauru,1953,30,3,3,0,0,0,0,0,0,0,0,0,8,9,0,0,0,0,0,0,0,0,0,0,0,3,5,5,4,0,0,3,0,0
Nauru,1954,29,3,3,0,0,0,0,0,0,0,0,0,7,8,0,0,0,0,0,0,0,0,0,0,0,2,5,4,4,0,0,3,0,0
Nauru,1955,29,3,3,0,0,0,0,0,0,0,0,0,6,5,0,0,0,0,0,0,0,0,0,0,0,1,5,3,2,0,0,3,0,0
Nauru,1956,29,3,3,0,0,0,0,0,0,0,0,0,5,2,0,0,0,0,0,0,0,0,0,0,0,0,5,2,0,0,0,3,0,0
Nauru,1957,29,3,3,0,0,0,0,0,0,0,0,0,4,2,0,0,0,0,0,0,0,0,0,0,0,0,4,2,0,0,0,3,0,0
Nauru,1958,29,3,3,0,0,0,0,0,0,0,0,0,2,2,0,0,0,0,0,0,0,0,0,0,0,0,2,2,0,0,0,3,0,0
Nauru,1959,29,3,3,0,0,0,0,0,0,0,0,0,1,3,0,0,0,0,0,0,0,0,0,0,0,0,1,3,0,0,0,3,0,0
Nauru,1960,30,3,3,0,0,0,0,0,0,0,0,0,0,1,0,0,0,0,0,0,0,0,0,0,0,0,0,1,0,0,0,3,0,0
Nauru,1961,31,3,3,0,0,0,0,0,0,0,0,0,0,0,0,0,0,0,0,0,0,0,0,0,0,0,0,0,0,0,0,3,0,0
Nauru,1962,31,3,3,0,0,0,0,0,0,0,0,0,0,0,0,0,0,0,0,0,0,0,0,0,0,0,0,0,0,0,0,3,0,0
Nauru,1963,31,3,3,0,0,0,0,0,0,0,0,0,0,0,0,0,0,0,0,0,0,0,0,0,0,0,0,0,0,0,0,3,0,0
Nauru,1964,32,4,4,0,0,0,0,0,0,1,0,0,0,0,0,0,0,0,0,1,0,0,0,0,0,0,0,0,0,0,0,4,0,0
Nauru,1965,32,4,4,0,0,0,0,0,0,3,0,0,0,0,0,0,0,0,0,1,2,0,0,0,0,0,0,0,0,0,0,4,0,0
Nauru,1966,33,4,4,0,0,0,0,0,3,5,0,0,0,0,0,0,0,0,3,0,5,0,0,0,0,0,0,0,0,0,0,4,0,0
Nauru,1967,33,4,4,0,0,0,0,0,3,9,3,0,0,0,0,0,0,0,3,4,5,3,0,0,0,0,0,0,0,0,0,4,0,0
Nauru,1968,33,4,4,0,0,0,0,0,3,10,6,0,0,0,0,0,0,0,3,5,5,5,1,0,0,0,0,0,0,0,0,4,0,0
Nauru,1969,34,4,4,0,0,0,0,0,3,10,7,0,0,0,0,0,0,0,3,5,5,5,2,0,0,0,0,0,0,0,0,4,0,0
Nauru,1970,35,3,3,0,0,0,0,0,3,10,8,0,0,0,0,0,0,0,3,5,5,5,3,0,0,0,0,0,0,0,0,3,0,0
Nauru,1971,35,3,3,0,0,0,0,0,4,10,9,0,0,0,0,0,0,0,4,5,5,5,4,0,0,0,0,0,0,0,0,3,0,0
Nauru,1972,36,3,3,0,0,0,0,0,5,10,10,0,0,0,0,0,0,0,5,5,5,5,5,0,0,0,0,0,0,0,0,3,0,0
Nauru,1973,37,3,3,0,0,0,0,0,6,10,10,2,0,0,0,0,0,1,5,5,5,5,5,2,0,0,0,0,0,0,0,3,0,0
Nauru,1974,37,3,3,0,0,0,0,0,5,10,10,3,0,0,0,0,0,0,5,5,5,5,5,3,0,0,0,0,0,0,0,3,0,0
Nauru,1975,39,3,3,0,0,0,0,0,5,10,10,5,0,0,0,0,0,0,5,5,5,5,5,4,1,0,0,0,0,0,0,3,0,0
Nauru,1976,39,3,3,0,0,0,0,0,4,10,10,5,1,0,0,0,0,0,4,5,5,5,5,5,0,1,0,0,0,0,0,3,0,0
Nauru,1977,41,3,3,0,0,0,0,0,4,10,10,6,1,0,0,0,0,0,4,5,5,5,5,5,1,1,0,0,0,0,0,3,0,0
Nauru,1978,42,3,3,0,0,0,0,0,4,10,10,7,1,0,0,0,0,0,4,5,5,5,5,5,2,1,0,0,0,0,0,3,0,0
Nauru,1979,44,3,3,0,0,0,0,0,4,10,10,8,0,0,0,0,0,0,4,5,5,5,5,5,3,0,0,0,0,0,0,3,0,0
Nauru,1980,46,3,3,0,0,0,0,0,3,10,10,9,0,0,0,0,0,0,3,5,5,5,5,5,4,0,0,0,0,0,0,3,0,0
Nauru,1981,47,3,3,0,0,0,0,0,2,10,10,10,0,0,0,0,0,0,2,5,5,5,5,5,5,0,0,0,0,0,0,3,0,0
Nauru,1982,49,3,3,0,0,0,0,0,1,10,10,10,1,0,0,0,0,0,1,5,5,5,5,5,5,1,0,0,0,0,0,3,0,0
Nauru,1983,51,3,3,0,0,0,0,0,1,10,12,10,2,0,0,0,0,0,1,5,5,6,6,5,5,2,0,0,0,0,0,3,0,0
Nauru,1984,53,3,3,0,0,0,0,0,0,10,13,10,3,0,0,0,0,0,0,5,5,5,8,5,5,3,0,0,0,0,0,3,0,0
Nauru,1985,54,3,3,0,0,0,0,0,0,9,13,10,4,0,0,0,0,0,0,4,5,5,8,5,5,4,0,0,0,0,0,3,0,0
Nauru,1986,54,3,3,0,0,0,0,0,0,9,10,10,5,0,0,0,0,0,0,4,5,5,5,5,5,5,0,0,0,0,0,3,0,0
Nauru,1987,54,3,3,0,0,0,0,0,0,8,10,10,6,0,0,0,0,0,0,3,5,5,5,5,5,5,1,0,0,0,0,3,0,0
Nauru,1988,53,3,3,0,0,0,0,0,0,7,10,10,7,0,0,0,0,0,0,2,5,5,5,5,5,5,2,0,0,0,0,3,0,0
Nauru,1989,52,3,3,0,0,0,0,0,2,6,10,10,8,0,0,0,0,0,2,1,5,5,5,5,5,5,3,0,0,0,0,3,0,0
Nauru,1990,50,3,3,0,0,0,0,0,5,10,10,10,7,0,0,0,0,0,5,5,5,5,5,5,5,4,3,0,0,0,0,3,0,0
Nauru,1991,48,3,3,0,0,0,0,1,9,10,10,10,5,0,0,0,1,4,5,5,5,5,5,5,5,3,2,0,0,0,0,3,0,0
Nauru,1992,45,3,3,0,0,0,0,2,10,10,10,10,1,0,0,0,2,5,5,5,5,5,5,5,5,0,1,0,0,0,0,3,0,0
Nauru,1993,45,3,3,0,0,0,0,4,10,10,10,9,0,0,0,0,4,5,5,5,5,5,5,5,4,0,0,0,0,0,0,3,0,0
Nauru,1994,45,3,3,0,0,0,0,3,10,10,10,9,1,0,0,0,3,5,5,5,5,5,5,5,4,1,0,0,0,0,0,3,0,0
Nauru,1995,46,3,3,0,0,0,0,3,10,10,10,10,1,0,0,0,3,5,5,5,5,5,5,5,5,1,0,0,0,0,0,3,0,0
Nauru,1996,48,4,4,0,0,0,0,3,10,10,10,10,2,0,0,0,3,5,5,5,5,5,5,5,5,2,0,0,0,0,0,4,0,0
Nauru,1997,51,4,4,0,0,0,0,5,10,10,10,10,3,0,0,0,5,5,5,5,5,5,5,5,5,3,0,0,0,0,0,4,0,0
Nauru,1998,52,4,4,0,0,0,1,10,10,10,10,10,4,0,0,5,5,5,5,5,5,5,5,5,5,4,0,0,0,0,0,4,1,0
Nauru,1999,54,4,4,0,0,0,1,10,10,10,10,9,4,0,0,5,5,5,5,5,5,5,5,5,4,4,0,0,0,0,0,4,1,0
Nauru,2000,53,4,4,0,0,0,1,10,10,10,10,7,5,0,0,5,5,5,5,5,5,5,5,5,2,5,0,0,0,0,0,4,1,0
Nauru,2001,54,5,5,0,0,0,1,10,10,10,10,8,4,0,0,5,5,5,5,5,5,5,5,5,3,3,1,0,0,0,0,5,1,0
Nauru,2002,54,5,5,0,0,0,1,10,10,10,10,8,1,0,0,5,5,5,5,5,5,5,5,5,3,0,1,0,0,0,0,5,1,0
Nauru,2003,54,5,5,0,0,0,1,10,10,10,10,8,0,0,0,5,5,5,5,5,5,5,5,5,3,0,0,0,0,0,0,5,1,0
Nauru,2004,54,5,5,0,0,0,1,10,10,10,10,9,0,0,0,5,5,5,5,5,5,5,5,5,4,0,0,0,0,0,0,5,1,0
Nauru,2005,55,5,5,0,0,0,1,10,10,10,10,10,0,0,0,5,5,5,5,5,5,5,5,5,5,0,0,0,0,0,0,5,1,0
Nauru,2006,54,5,5,0,0,0,2,10,10,10,10,10,1,0,0,5,5,5,5,5,5,5,5,5,5,1,0,0,0,0,0,5,2,0
Nauru,2007,54,5,5,0,0,0,2,10,10,10,10,10,2,0,0,5,5,5,5,5,5,5,5,5,5,2,0,0,0,0,0,5,2,0
Nauru,2008,53,5,5,0,0,0,1,10,10,10,10,7,2,0,0,5,5,5,5,5,5,5,5,5,2,2,0,0,0,0,0,5,1,0
Nauru,2009,53,5,5,0,0,0,1,10,10,10,10,4,3,0,0,5,5,5,5,5,5,5,5,4,0,3,0,0,0,0,0,5,1,0
Nauru,2010,51,5,5,0,0,0,1,10,10,10,10,3,3,0,0,5,5,5,5,5,5,5,5,3,0,3,0,0,0,0,0,5,1,0
Nauru,2011,49,5,5,0,0,0,0,10,10,10,10,4,2,0,0,5,5,5,5,5,5,5,5,4,0,2,0,0,0,0,0,5,0,0
Nauru,2012,48,5,5,0,0,0,0,9,10,10,10,4,1,0,0,4,5,5,5,5,5,5,5,4,0,0,1,0,0,0,0,5,0,0
Nauru,2013,47,5,5,0,0,0,0,9,10,10,10,5,0,0,0,4,5,5,5,5,5,5,5,5,0,0,0,0,0,0,0,5,0,0
Nauru,2014,46,4,4,0,0,0,0,8,10,10,10,6,0,0,0,3,5,5,5,5,5,5,5,5,1,0,0,0,0,0,0,4,0,0
Nauru,2015,46,4,4,0,0,0,0,9,10,10,10,7,0,0,0,4,5,5,5,5,5,5,5,5,2,0,0,0,0,0,0,4,0,0
Nauru,2016,46,4,4,0,0,0,0,9,10,10,10,8,0,0,0,4,5,5,5,5,5,5,5,5,3,0,0,0,0,0,0,4,0,0
Nauru,2017,46,4,4,0,0,0,0,8,10,10,10,9,0,0,0,3,5,5,5,5,5,5,5,5,4,0,0,0,0,0,0,4,0,0
Nauru,2018,47,3,3,0,0,0,0,8,10,10,10,10,0,0,0,3,5,5,5,5,5,5,5,5,5,0,0,0,0,0,0,3,0,0
Nauru,2019,47,3,3,0,0,0,0,8,10,10,10,10,1,0,0,3,5,5,5,5,5,5,5,5,5,1,0,0,0,0,0,3,0,0
Nauru,2020,49,3,3,0,0,0,0,7,10,10,10,10,2,0,0,2,5,5,5,5,5,5,5,5,5,2,0,0,0,0,0,3,0,0
Nauru,2021,49,3,3,0,0,0,0,5,10,10,10,10,3,0,0,0,5,5,5,5,5,5,5,5,5,3,0,0,0,0,0,3,0,0
Nepal,1950,110459,46888,67528,20640,3084,1789,2247,5546,5481,5795,6113,5999,4898,1838,142,2830,2716,2712,2769,2899,2896,3028,3085,3074,2925,2719,2179,1307,531,128,14,70612,4036,1
Nepal,1951,112648,47756,68650,20894,3130,1847,2299,5672,5611,5949,6281,6193,4995,1877,144,2894,2778,2773,2838,2969,2980,3118,3163,3210,2983,2772,2223,1335,542,130,14,71780,4146,1
Nepal,1952,114826,48567,69875,21308,3182,1902,2337,5768,5711,6074,6435,6393,5087,1919,143,2941,2827,2818,2893,3024,3050,3201,3234,3343,3050,2823,2264,1363,556,130,13,73057,4239,1
Nepal,1953,116953,49321,70977,21656,3268,1966,2377,5872,5819,6205,6597,6595,5176,1953,144,2995,2877,2867,2952,3083,3122,3286,3311,3468,3127,2872,2304,1387,566,132,12,74245,4343,0
Nepal,1954,118705,49907,71896,21989,3331,2023,2403,5941,5889,6305,6743,6786,5252,1987,141,3033,2908,2899,2990,3128,3177,3361,3382,3565,3221,2914,2338,1410,577,132,9,75227,4426,0
Nepal,1955,120305,50291,72561,22270,3388,2068,2449,6029,5979,6420,6908,6999,5340,2019,142,3080,2949,2940,3039,3183,3237,3442,3466,3649,3350,2963,2377,1432,587,133,9,75949,4517,0
Nepal,1956,121750,50673,73155,22482,3447,2091,2505,6100,6044,6516,7061,7208,5427,2051,141,3119,2981,2972,3072,3230,3286,3516,3545,3723,3485,3010,2417,1455,596,133,8,76602,4596,0
Nepal,1957,122964,51001,73641,22640,3489,2106,2566,6148,6088,6592,7197,7400,5513,2079,143,3146,3002,2992,3096,3267,3325,3577,3620,3788,3612,3062,2451,1475,604,135,8,77130,4672,0
Nepal,1958,124788,51323,74132,22809,3579,2169,2672,6287,6225,6754,7408,7652,5648,2117,142,3217,3070,3061,3164,3349,3405,3676,3732,3893,3759,3150,2498,1503,614,136,6,77711,4841,0
Nepal,1959,125586,51499,74372,22873,3589,2183,2725,6294,6229,6796,7517,7812,5771,2149,146,3220,3074,3061,3168,3366,3430,3720,3797,3960,3852,3240,2531,1525,624,139,7,77961,4908,0
Nepal,1960,127483,51860,74772,22912,3677,2257,2824,6483,6389,6981,7740,8046,5971,2192,148,3322,3161,3140,3249,3455,3526,3822,3918,4082,3964,3386,2585,1556,636,141,7,78449,5081,0
Nepal,1961,128863,52286,75264,22978,3701,2296,2855,6621,6458,7065,7876,8210,6144,2227,150,3413,3208,3174,3284,3491,3574,3877,3999,4171,4039,3520,2624,1581,646,143,7,78965,5151,0
Nepal,1962,129695,52425,75399,22974,3710,2320,2871,6724,6497,7123,7981,8353,6307,2257,153,3494,3230,3194,3303,3513,3610,3917,4064,4250,4103,3642,2665,1601,656,145,8,79109,5191,0
Nepal,1963,130856,52310,75405,23095,3780,2372,2929,6875,6591,7239,8147,8563,6505,2294,156,3600,3275,3240,3351,3563,3676,3987,4160,4363,4200,3773,2732,1627,667,149,7,79185,5301,0
Nepal,1964,130969,52046,74970,22924,3753,2362,2939,6946,6599,7268,8229,8713,6692,2334,160,3670,3276,3245,3354,3570,3698,4019,4210,4441,4272,3871,2821,1654,680,152,8,78723,5301,0
Nepal,1965,131310,51606,74507,22901,3767,2377,2975,7039,6642,7323,8341,8902,6895,2379,166,3723,3316,3269,3373,3593,3730,4068,4273,4535,4367,3958,2937,1685,694,157,9,78274,5352,0
Nepal,1966,131629,51137,73918,22781,3804,2393,3024,7148,6703,7390,8460,9096,7099,2425,172,3753,3395,3303,3400,3624,3766,4124,4336,4630,4466,4039,3060,1716,709,162,10,77722,5417,0
Nepal,1967,131997,50748,73265,22517,3853,2413,3071,7289,6787,7473,8586,9296,7298,2480,179,3793,3496,3347,3440,3664,3809,4186,4400,4726,4570,4120,3178,1755,725,167,12,77118,5484,0
Nepal,1968,132987,50552,72918,22366,3937,2447,3120,7493,6912,7597,8755,9539,7528,2554,187,3871,3622,3410,3502,3725,3872,4268,4487,4840,4699,4225,3303,1811,743,174,13,76855,5567,0
Nepal,1969,132714,50031,72180,22149,3942,2430,3107,7558,6903,7597,8807,9678,7688,2630,194,3883,3675,3402,3501,3722,3875,4286,4521,4896,4782,4301,3387,1873,757,179,15,76122,5537,0
Nepal,1970,133721,49619,71766,22147,4029,2465,3161,7737,7046,7724,8985,9934,7918,2748,201,3971,3766,3480,3566,3784,3940,4366,4619,5010,4924,4429,3489,1970,778,185,16,75795,5626,0
Nepal,1971,133905,49216,71095,21879,4053,2473,3174,7818,7162,7786,9088,10105,8090,2853,210,4028,3790,3559,3603,3812,3974,4407,4681,5079,5026,4530,3560,2056,797,191,19,75148,5647,0
Nepal,1972,134278,48689,70396,21707,4100,2501,3198,7905,7300,7868,9212,10307,8298,2966,219,4080,3825,3655,3645,3851,4017,4457,4755,5165,5142,4652,3646,2146,820,199,20,74496,5699,1
Nepal,1973,134627,48065,69572,21507,4154,2535,3222,8005,7462,7971,9352,10522,8521,3083,227,4120,3885,3769,3693,3902,4069,4515,4837,5258,5264,4780,3741,2232,851,205,22,73726,5757,1
Nepal,1974,135181,47894,69150,21256,4189,2561,3235,8079,7589,8047,9462,10708,8737,3189,233,4145,3934,3864,3725,3938,4109,4560,4902,5340,5368,4902,3835,2302,887,210,23,73339,5796,1
Nepal,1975,134976,47807,68886,21079,4133,2526,3196,8012,7565,7992,9452,10792,8906,3282,237,4101,3911,3855,3710,3908,4084,4542,4910,5370,5422,4992,3914,2354,928,215,22,73019,5722,1
Nepal,1976,135663,47698,68624,20926,4159,2548,3218,8078,7663,8065,9555,10975,9142,3393,241,4118,3960,3874,3789,3945,4120,4587,4968,5457,5518,5119,4023,2417,976,220,21,72783,5766,1
Nepal,1977,135649,47390,68135,20745,4137,2536,3217,8045,7698,8069,9597,11115,9355,3495,247,4088,3957,3855,3843,3944,4125,4600,4997,5522,5593,5228,4127,2477,1018,226,21,72272,5753,1
Nepal,1978,135671,47117,67590,20473,4116,2543,3231,8011,7764,8089,9661,11254,9564,3596,252,4070,3941,3857,3907,3949,4140,4624,5037,5585,5669,5332,4232,2540,1056,232,20,71706,5774,0
Nepal,1979,135356,46728,66845,20117,4075,2533,3234,7945,7805,8089,9709,11385,9772,3701,263,4036,3909,3850,3955,3939,4150,4641,5068,5641,5744,5431,4341,2609,1092,243,20,70920,5767,0
Nepal,1980,134254,46076,65799,19723,4006,2494,3206,7799,7718,8038,9699,11467,9949,3801,274,3962,3837,3797,3921,3910,4128,4624,5075,5666,5801,5509,4440,2678,1123,256,18,69805,5700,0
Nepal,1981,134649,45688,65019,19331,4050,2525,3253,7861,7798,8192,9841,11682,10210,3931,287,4001,3860,3850,3948,4006,4186,4687,5154,5761,5921,5635,4575,2771,1160,269,18,69069,5778,0
Nepal,1982,134085,45125,63869,18744,4027,2516,3256,7833,7783,8281,9912,11829,10423,4052,298,4001,3832,3849,3934,4074,4207,4714,5198,5817,6012,5733,4690,2859,1193,280,18,67896,5772,0
Nepal,1983,133876,44655,62974,18319,4030,2511,3268,7820,7770,8380,10000,11991,10644,4181,306,4013,3807,3830,3940,4151,4229,4750,5250,5884,6107,5835,4809,2949,1232,289,17,67004,5779,0
Nepal,1984,132614,44196,62079,17883,3932,2437,3203,7633,7574,8313,9966,12048,10811,4302,312,3941,3692,3717,3857,4138,4175,4721,5245,5894,6154,5910,4901,3033,1269,297,15,66011,5640,0
Nepal,1985,131725,43410,60755,17345,3899,2418,3191,7578,7521,8353,10037,12190,11030,4438,315,3931,3647,3678,3843,4153,4200,4750,5287,5953,6237,6019,5011,3128,1310,300,15,64654,5609,0
Nepal,1986,130732,42408,59320,16912,3868,2403,3178,7516,7456,8383,10111,12346,11262,4580,312,3912,3604,3625,3831,4124,4259,4778,5333,6020,6326,6138,5124,3228,1352,302,10,63188,5581,0
Nepal,1987,128584,41451,57788,16337,3751,2333,3094,7276,7187,8257,10050,12394,11429,4706,312,3799,3477,3475,3712,4005,4252,4733,5317,6030,6364,6219,5210,3313,1393,303,9,61539,5427,0
Nepal,1988,127737,40419,56175,15756,3771,2362,3100,7237,7091,8345,10164,12611,11711,4860,306,3788,3449,3418,3673,4002,4343,4775,5389,6128,6483,6366,5345,3421,1439,298,8,59946,5462,0
Nepal,1989,124639,39132,54191,15059,3585,2248,2969,6929,6724,8171,10050,12625,11864,4983,305,3636,3293,3228,3496,3866,4305,4692,5358,6116,6509,6434,5430,3501,1482,299,6,57776,5217,0
Nepal,1990,123420,38010,52479,14469,3557,2238,2957,6889,6622,8187,10143,12785,12103,5137,322,3618,3271,3172,3450,3852,4335,4732,5411,6183,6602,6548,5555,3599,1538,316,6,56036,5195,0
Nepal,1991,122423,36838,50703,13865,3523,2227,2955,6886,6557,8197,10309,12984,12385,5333,360,3623,3263,3144,3413,3861,4336,4826,5483,6266,6718,6682,5703,3717,1616,350,10,54226,5182,0
Nepal,1992,119595,35487,48609,13122,3338,2121,2849,6652,6273,7967,10289,13010,12561,5512,415,3506,3146,3012,3261,3741,4226,4833,5456,6259,6751,6749,5812,3819,1693,393,22,51947,4970,1
Nepal,1993,119525,34843,47480,12637,3308,2111,2854,6673,6240,7973,10489,13242,12886,5756,506,3513,3160,3011,3229,3722,4251,4958,5531,6360,6882,6902,5984,3963,1793,451,55,50788,4965,8
Nepal,1994,117207,33510,45335,11825,3177,2048,2797,6516,6068,7846,10560,13361,13104,5912,483,3430,3086,2939,3129,3634,4212,5019,5541,6407,6954,7002,6102,4066,1846,453,30,48512,4845,3
Nepal,1995,115452,32058,43347,11289,3102,2016,2760,6408,5943,7768,10656,13522,13355,6088,489,3373,3035,2890,3053,3571,4197,5054,5602,6476,7046,7122,6233,4183,1905,463,26,46449,4776,2
Nepal,1996,114061,30340,41072,10732,3089,2019,2768,6411,5918,7791,10833,13760,13659,6260,476,3376,3035,2885,3033,3552,4239,5085,5748,6587,7173,7276,6383,4306,1954,458,18,44161,4787,1
Nepal,1997,111584,28385,38289,9904,3009,1987,2740,6309,5815,7716,10959,13941,13919,6426,473,3328,2981,2834,2981,3488,4228,5077,5882,6665,7276,7405,6514,4421,2005,458,15,41298,4727,1
Nepal,1998,110240,26902,36051,9149,2979,1981,2753,6321,5798,7676,11183,14181,14230,6611,475,3350,2971,2827,2971,3455,4221,5121,6062,6768,7413,7563,6667,4549,2062,461,14,39030,4734,0
Nepal,1999,108309,25281,33721,8440,2930,1959,2732,6207,5697,7571,11355,14368,14504,6784,480,3306,2901,2771,2926,3388,4183,5141,6214,6838,7530,7698,6806,4665,2119,467,13,36651,4691,0
Nepal,2000,107260,23873,31615,7742,2903,1959,2756,6216,5687,7556,11557,14685,14855,6990,485,3324,2892,2763,2924,3366,4190,5206,6351,6991,7694,7874,6981,4802,2188,473,12,34518,4715,1
Nepal,2001,105105,22365,29349,6984,2783,1910,2728,6111,5546,7407,11564,14936,15118,7161,488,3284,2827,2691,2855,3285,4122,5209,6355,7137,7799,7998,7120,4914,2247,475,13,32132,4638,1
Nepal,2002,108506,20946,27342,6396,2804,1989,3146,7612,6429,7953,12092,15607,15630,7403,495,4111,3501,3192,3237,3582,4371,5479,6613,7527,8080,8267,7363,5078,2325,484,11,30146,5135,1
Nepal,2003,104598,19726,25540,5814,2618,1896,2839,6601,5771,7501,11884,15803,15886,7672,585,3562,3039,2819,2952,3350,4151,5327,6557,7662,8141,8380,7506,5226,2446,566,19,28158,4735,1
Nepal,2004,103406,18580,23868,5288,2449,1830,2766,6499,5648,7372,11916,16155,16263,7968,669,3506,2993,2753,2895,3295,4077,5295,6621,7885,8270,8565,7698,5401,2567,637,32,26317,4596,1
Nepal,2005,101319,17338,22096,4758,2294,1765,2619,6038,5330,7151,11905,16465,16643,8267,744,3257,2781,2575,2755,3184,3967,5238,6667,8024,8441,8754,7889,5580,2687,696,48,24390,4384,1
Nepal,2006,100102,16167,20436,4269,2247,1774,2506,5490,5039,7036,12044,16941,17161,8611,817,2956,2534,2399,2640,3117,3919,5240,6804,8168,8773,9018,8143,5795,2816,753,64,22683,4280,1
Nepal,2007,98874,15114,19005,3891,2136,1720,2416,5107,4801,6895,12066,17341,17593,8914,882,2746,2361,2265,2536,3037,3858,5193,6873,8255,9086,9232,8361,5983,2931,804,78,21141,4136,1
Nepal,2008,99677,14091,17701,3610,2111,1734,2463,5087,4841,7015,12276,18033,18190,9279,944,2730,2357,2283,2558,3089,3926,5259,7017,8501,9532,9533,8657,6215,3064,853,91,19812,4197,1
Nepal,2009,99573,13212,16562,3350,2023,1680,2449,4917,4728,6978,12315,18597,18697,9619,1002,2641,2276,2226,2502,3058,3920,5238,7077,8682,9915,9775,8922,6429,3190,902,100,18585,4129,2
Nepal,2010,100865,12449,15489,3040,2005,1690,2516,4940,4783,7130,12561,19277,19410,10000,1058,2662,2278,2249,2534,3119,4011,5319,7242,8974,10303,10156,9254,6673,3327,948,110,17494,4206,4
Nepal,2011,100098,11867,14624,2757,1852,1583,2438,4688,4543,6958,12459,19533,19993,10315,1110,2551,2137,2123,2420,3021,3937,5244,7215,9105,10428,10505,9488,6866,3449,992,118,16476,4021,5
Nepal,2012,101105,11400,13883,2483,1799,1563,2444,4640,4510,7012,12598,20011,20790,10686,1163,2554,2086,2097,2413,3035,3977,5302,7296,9338,10673,10995,9795,7103,3583,1037,126,15682,4007,6
Nepal,2013,100378,10901,13197,2296,1652,1459,2317,4368,4246,6797,12463,20201,21436,11024,1216,2441,1927,1958,2288,2909,3888,5236,7227,9363,10838,11407,10029,7314,3710,1082,134,14849,3776,6
Nepal,2014,101432,10392,12611,2219,1612,1445,2286,4327,4182,6809,12572,20651,22242,11416,1271,2454,1873,1913,2269,2895,3914,5297,7275,9512,11139,11918,10324,7569,3847,1129,142,14223,3731,7
Nepal,2015,106581,10042,12536,2494,1923,1778,2571,4756,4487,7218,13130,21579,23348,11915,1333,2729,2027,2052,2435,3077,4141,5576,7554,9908,11671,12512,10836,7903,4012,1182,151,14459,4349,8
Nepal,2016,101651,9336,11278,1942,1419,1293,2149,4178,3866,6599,12507,21247,23554,12170,1380,2416,1762,1747,2119,2760,3839,5272,7235,9627,11620,12476,11078,8052,4118,1224,156,12697,3442,8
Nepal,2017,103248,8875,10683,1808,1394,1265,2182,4341,3861,6664,12664,21687,24437,12619,1441,2511,1830,1740,2121,2780,3884,5341,7323,9749,11938,12800,11637,8341,4278,1278,163,12077,3447,9
Nepal,2018,105445,8488,10146,1658,1391,1255,2230,4585,3911,6794,12920,22123,25481,13097,1506,2637,1948,1763,2148,2840,3954,5456,7464,9899,12224,13230,12251,8649,4448,1333,173,11537,3485,9
Nepal,2019,104528,8226,9756,1530,1282,1132,2091,4454,3659,6511,12685,21931,26042,13415,1559,2535,1919,1654,2005,2704,3807,5329,7356,9737,12194,13401,12641,8832,4583,1379,180,11038,3223,10
Nepal,2020,112163,8010,9443,1433,1286,1097,1855,4120,3492,6671,13800,24641,29000,15033,1716,2308,1812,1559,1933,2730,3941,5715,8085,10841,13800,15116,13884,9824,5209,1521,195,10729,2952,11
Nepal,2021,123617,7766,9154,1388,1288,1098,2024,4826,3977,7444,15261,27201,32331,16837,2115,2656,2170,1818,2159,3036,4408,6380,8881,11892,15309,16907,15424,11079,5758,1751,364,10442,3122,56
Netherlands,1950,39053,3337,4418,1081,376,229,357,982,1023,2014,4121,7353,10668,6744,758,487,495,437,586,831,1183,1812,2309,3163,4190,5243,5425,4369,2375,656,102,4794,586,10
Netherlands,1951,40227,3345,4389,1044,409,245,316,1020,1043,2142,4201,7446,11067,7106,829,490,530,466,577,861,1281,1790,2411,3191,4255,5215,5852,4565,2541,725,104,4798,561,9
Netherlands,1952,39452,3053,3987,934,414,211,282,840,1016,1982,4339,7549,10949,7003,879,397,443,458,558,786,1196,1822,2517,3212,4337,5286,5663,4481,2522,772,107,4401,493,9
Netherlands,1953,42124,2997,3952,955,519,309,364,888,1063,2130,4486,7823,11919,7693,962,448,440,482,581,862,1268,1833,2653,3376,4447,5582,6337,4924,2769,849,113,4471,673,9
Netherlands,1954,42000,2828,3641,813,395,210,266,748,1024,2083,4792,8122,11785,7982,941,346,402,479,545,814,1269,1944,2848,3547,4575,5548,6237,5048,2934,829,112,4036,476,9
Netherlands,1955,43466,2775,3498,723,415,232,302,755,947,2151,4777,8372,12452,8481,1076,382,373,443,504,796,1355,2013,2764,3695,4677,5812,6640,5371,3110,945,131,3913,534,9
Netherlands,1956,44885,2609,3323,714,387,209,296,788,954,2046,4944,8751,12846,9113,1217,392,396,419,535,792,1254,1985,2959,3970,4781,6065,6781,5936,3177,1066,151,3710,505,10
Netherlands,1957,44107,2399,3110,711,391,281,316,796,941,2113,4842,8724,12597,8766,1218,414,382,434,507,805,1308,2063,2779,3863,4861,5989,6608,5670,3096,1059,159,3501,597,10
Netherlands,1958,45160,2400,3154,754,345,249,315,761,925,2034,4997,8887,12829,9401,1251,379,382,430,495,822,1212,2044,2953,4060,4827,6126,6703,6103,3298,1078,173,3499,564,11
Netherlands,1959,46576,2417,3224,807,417,290,378,775,1040,2049,5234,9279,13147,9412,1319,396,379,450,590,798,1251,2077,3157,4177,5102,6294,6853,5972,3440,1137,182,3641,668,12
Netherlands,1960,47448,2304,2991,687,355,236,332,812,955,2083,5422,9653,13140,10066,1388,413,399,399,556,792,1291,2183,3239,4259,5394,6270,6870,6414,3652,1192,196,3346,568,13
Netherlands,1961,48206,2415,3046,631,359,264,366,830,971,2199,5530,9978,13346,9939,1369,433,397,407,564,841,1358,2237,3293,4415,5563,6411,6935,6236,3703,1173,196,3405,630,13
Netherlands,1962,51756,2328,2991,663,345,256,391,865,1048,2197,5927,10863,14201,11107,1548,433,432,456,592,814,1383,2300,3627,4842,6021,6596,7605,6970,4137,1334,214,3336,647,15
Netherlands,1963,52973,2218,2845,627,364,236,398,829,1015,2320,5909,11128,14913,11312,1683,439,390,431,584,884,1436,2315,3594,4864,6264,7102,7811,6949,4363,1451,232,3209,634,17
Netherlands,1964,51922,2081,2688,607,362,274,499,882,1044,2372,5929,11518,14560,10253,1528,472,410,444,600,902,1470,2257,3672,5077,6441,6964,7596,6320,3933,1321,207,3050,773,15
Netherlands,1965,54369,1943,2529,586,329,231,487,885,1050,2383,6287,11682,15394,11316,1779,488,397,423,627,975,1408,2510,3777,5223,6459,7475,7919,6888,4428,1531,248,2858,718,19
Netherlands,1966,55532,1976,2563,587,364,266,558,898,1027,2396,6276,11944,15724,11590,1905,511,387,423,604,962,1434,2457,3819,5402,6542,7666,8058,7062,4528,1643,262,2927,824,20
Netherlands,1967,55702,1769,2336,567,359,278,553,1021,1058,2490,6275,12285,15918,11201,1907,578,443,473,585,982,1508,2426,3849,5421,6864,7876,8042,6860,4341,1651,256,2695,831,20
Netherlands,1968,58551,1831,2376,545,359,238,539,1027,1127,2557,6296,12599,16671,12532,2207,581,446,473,654,976,1581,2414,3882,5554,7045,8196,8475,7632,4900,1889,318,2735,777,24
Netherlands,1969,59521,1881,2413,532,344,235,518,1053,1064,2659,6338,13139,17170,12339,2224,625,428,437,627,974,1685,2459,3879,5830,7309,8594,8576,7604,4735,1885,339,2757,753,26
Netherlands,1970,60946,1656,2175,519,367,264,570,1117,1072,2624,6650,13688,17443,12672,2279,673,444,462,610,967,1657,2539,4111,6016,7672,8620,8823,7714,4958,1925,354,2542,834,28
Netherlands,1971,61017,1539,2065,526,330,238,592,1090,1078,2630,6573,13503,17659,12829,2402,630,460,463,615,1029,1601,2602,3971,5841,7662,8621,9038,7795,5034,2015,387,2395,830,31
Netherlands,1972,63072,1383,1855,472,324,272,608,1138,1127,2701,6710,13889,18540,13353,2517,615,523,483,644,1035,1666,2621,4089,5982,7907,9111,9429,8037,5316,2093,424,2179,880,34
Netherlands,1973,61377,1203,1644,441,301,236,554,1178,1115,2590,6418,13559,18018,13126,2598,660,518,511,604,953,1637,2605,3813,5784,7775,8827,9191,7874,5252,2144,454,1945,790,40
Netherlands,1974,60525,1152,1587,435,269,222,634,1058,1015,2563,6436,13487,17873,12838,2502,572,486,418,597,960,1603,2555,3881,5676,7811,8801,9072,7542,5296,2060,442,1856,856,40
Netherlands,1975,63444,1036,1410,374,235,233,489,1042,1040,2562,6656,14082,18931,13895,2822,537,505,473,567,907,1655,2754,3902,5912,8170,9428,9503,8308,5587,2318,504,1645,722,48
Netherlands,1976,63849,1032,1343,311,237,211,497,1070,1113,2620,6493,14201,19267,13908,2835,567,503,508,605,945,1675,2658,3835,6024,8177,9659,9608,8390,5518,2322,513,1580,708,52
Netherlands,1977,61191,937,1210,273,246,199,569,1109,1109,2575,6381,13528,18658,12920,2633,589,520,509,600,984,1591,2500,3881,5643,7885,9407,9251,7792,5128,2166,467,1456,768,49
Netherlands,1978,63533,952,1247,295,236,224,533,1026,1162,2529,6472,13694,19588,13772,2988,575,451,527,635,916,1613,2506,3966,5682,8012,9787,9801,8293,5479,2434,554,1483,757,61
Netherlands,1979,62192,862,1123,261,185,190,499,998,1147,2456,6333,13211,19550,13427,3002,519,479,545,602,879,1577,2436,3897,5506,7705,9803,9747,8144,5283,2452,550,1308,689,63
Netherlands,1980,63270,908,1105,197,189,162,460,1103,1183,2466,6447,13305,19826,13892,3058,585,518,562,621,898,1568,2505,3942,5486,7819,9772,10054,8298,5594,2492,566,1294,622,66
Netherlands,1981,63367,835,1053,218,147,179,424,1021,1217,2283,6337,13309,19928,14269,3124,533,488,556,661,855,1428,2448,3889,5536,7773,9712,10216,8560,5709,2528,596,1200,603,70
Netherlands,1982,64140,807,1012,205,138,187,424,971,1243,2398,6331,13658,19910,14442,3343,487,484,494,749,940,1458,2425,3906,5813,7845,9543,10367,8562,5880,2695,648,1150,611,79
Netherlands,1983,64251,803,994,191,126,166,385,957,1258,2331,6178,13300,20426,14724,3323,513,444,543,715,918,1413,2370,3808,5636,7664,9855,10571,8731,5993,2655,668,1120,551,83
Netherlands,1984,64827,857,1044,187,124,153,367,992,1326,2310,6187,13350,20499,14953,3436,498,494,537,789,894,1416,2430,3757,5799,7551,9942,10557,8983,5970,2746,690,1168,520,87
Netherlands,1985,65850,812,975,163,98,120,380,984,1266,2349,6194,13630,20709,15498,3558,515,469,520,746,979,1370,2367,3827,5947,7683,9847,10862,9271,6227,2864,694,1073,500,91
Netherlands,1986,66669,808,977,169,103,123,335,986,1269,2540,6219,13797,20920,15673,3629,492,494,497,772,1029,1511,2402,3817,5853,7944,10027,10893,9461,6212,2895,734,1080,458,99
Netherlands,1987,64966,827,1000,173,93,101,359,902,1241,2526,6060,13457,20196,15355,3579,483,419,502,739,1087,1439,2249,3811,5584,7873,9513,10683,9321,6034,2835,744,1093,460,102
Netherlands,1988,65335,759,935,176,110,94,322,974,1238,2471,5780,13580,20343,15775,3611,475,499,548,690,1094,1377,2217,3563,5583,7997,9619,10724,9631,6144,2842,769,1045,416,105
Netherlands,1989,67044,744,899,155,98,100,302,946,1225,2574,5981,13585,20719,16646,3852,482,464,524,701,1133,1441,2258,3723,5594,7991,9492,11227,9942,6704,3040,812,997,402,110
Netherlands,1990,66622,820,986,166,103,103,297,943,1291,2680,5762,13369,20621,16567,3789,430,513,574,717,1176,1504,2148,3614,5226,8143,9639,10982,9871,6696,2984,805,1089,400,110
Netherlands,1991,66619,775,956,181,78,83,275,929,1347,2636,5617,13236,20744,16720,3880,443,486,584,763,1157,1479,2255,3362,5459,7777,9663,11081,9924,6796,3040,840,1034,358,118
Netherlands,1992,66172,684,841,157,100,94,250,973,1331,2807,5468,12931,20854,16600,3808,444,529,585,746,1171,1636,2156,3312,5314,7617,9855,10999,9833,6767,3008,800,941,344,116
Netherlands,1993,69847,715,857,142,89,99,283,907,1392,2905,5686,13369,21809,18060,4262,422,485,626,766,1092,1813,2213,3473,5498,7871,10403,11406,10700,7360,3399,863,946,382,128
Netherlands,1994,66912,629,773,144,78,88,221,882,1351,2897,5504,12871,20905,17277,3952,425,457,612,739,1117,1780,2186,3318,5346,7525,10193,10712,10306,6971,3171,781,851,309,116
Netherlands,1995,68103,599,753,154,95,90,252,783,1385,2931,5519,12798,21441,17971,3973,380,403,613,772,1133,1798,2236,3283,5201,7597,10398,11043,10761,7210,3190,783,848,342,111
Netherlands,1996,69086,617,753,136,79,83,244,852,1299,3001,5660,12729,21986,18177,4105,360,492,568,731,1082,1919,2396,3264,5173,7556,10420,11566,10795,7382,3295,810,832,327,113
Netherlands,1997,67243,540,664,124,92,80,211,776,1307,2712,5764,12322,21330,17900,3975,334,442,557,750,1053,1659,2484,3280,4886,7436,10026,11304,10675,7225,3183,792,756,291,107
Netherlands,1998,68241,622,747,125,77,81,232,780,1177,2749,5902,12557,21534,18093,4208,340,440,534,643,1076,1673,2684,3218,4978,7579,9870,11664,10545,7548,3386,822,824,313,105
Netherlands,1999,68933,559,690,131,79,84,229,737,1267,2744,6103,12238,21853,18336,4452,325,412,520,747,1062,1682,2714,3389,4866,7372,9769,12084,10554,7782,3549,903,769,313,114
Netherlands,2000,68753,579,699,120,78,79,242,697,1174,2795,6299,11869,21856,18573,4287,339,358,494,680,1124,1671,2761,3538,4776,7093,9661,12195,10810,7763,3430,857,777,321,106
Netherlands,2001,68239,601,727,126,74,92,218,654,1212,2708,6329,11541,21448,18730,4398,307,347,519,693,1038,1670,2772,3557,4635,6906,9669,11779,10954,7776,3514,884,801,310,108
Netherlands,2002,68919,559,683,124,65,91,231,602,1225,2631,6283,11563,21522,19491,4429,299,303,514,711,1006,1625,2572,3711,4800,6763,9638,11884,11442,8049,3564,865,748,322,106
Netherlands,2003,68954,546,659,113,93,85,197,571,1114,2715,6477,11251,20918,20026,4740,261,310,465,649,1107,1608,2541,3936,4719,6532,9373,11545,11912,8114,3833,907,752,282,112
Netherlands,2004,66275,477,584,107,53,75,196,530,1056,2511,6416,11064,19938,19279,4472,248,282,405,651,1000,1511,2486,3930,4669,6395,9086,10852,11634,7645,3632,840,637,271,104
Netherlands,2005,66330,494,596,102,61,69,169,484,974,2423,5995,10943,19828,19890,4793,229,255,373,601,943,1480,2309,3686,4665,6278,8708,11120,12007,7883,3871,922,657,238,112
Netherlands,2006,65322,464,559,95,56,59,155,490,934,2297,5930,10800,19238,19852,4837,246,244,349,585,866,1431,2268,3662,4755,6045,8412,10826,11526,8326,3907,930,615,214,110
Netherlands,2007,64808,431,513,82,44,53,172,479,896,2175,5681,10939,18833,20038,4873,244,235,325,571,805,1370,2078,3603,4896,6043,8092,10741,11398,8640,3942,931,557,225,107
Netherlands,2008,64929,380,458,78,40,56,145,483,856,2280,5634,11058,18435,20341,5026,238,245,306,550,899,1381,2227,3407,5104,5954,7812,10623,11357,8984,4015,1011,498,201,112
Netherlands,2009,65394,391,467,76,54,54,149,463,754,2185,5469,11416,18532,20702,5043,221,242,271,483,836,1349,2153,3316,5318,6098,8034,10498,11442,9260,4020,1023,521,203,110
Netherlands,2010,65978,377,452,75,38,60,146,438,740,2142,5426,11680,18375,20907,5450,231,207,285,455,793,1349,2121,3305,5341,6339,7801,10574,11373,9534,4343,1107,490,206,120
Netherlands,2011,65193,368,433,65,48,62,146,461,706,2073,5280,11215,17840,21153,5655,232,229,272,434,754,1319,2030,3250,5001,6214,7717,10123,11603,9550,4577,1078,481,208,117
Netherlands,2012,67929,358,436,78,59,60,127,473,685,2036,5367,11672,18152,22157,6564,236,237,312,373,757,1279,2118,3249,4922,6750,7964,10188,12071,10086,5339,1225,495,187,135
Netherlands,2013,68348,351,404,53,43,48,137,460,627,1932,5392,11887,18099,22359,6818,193,267,240,387,745,1187,2134,3258,4739,7148,8075,10024,12016,10343,5584,1234,447,185,140
Netherlands,2014,67179,358,411,53,44,51,144,402,669,1925,5085,11582,17698,22041,6972,165,237,289,380,704,1221,2081,3004,4645,6937,7855,9843,11794,10247,5697,1275,455,195,150
Netherlands,2015,71062,314,377,63,30,44,121,447,671,1851,5094,12083,18894,23462,7821,202,245,282,389,625,1226,2009,3085,4660,7423,8458,10436,12407,11055,6340,1481,407,165,164
Netherlands,2016,72234,325,390,65,25,42,117,445,634,1821,5067,12098,19168,24146,8112,212,233,298,336,661,1160,1971,3096,4737,7361,8730,10438,12572,11574,6484,1628,415,159,167
Netherlands,2017,72627,347,393,46,46,62,159,475,653,1763,4962,11476,19616,24449,8398,213,262,274,379,596,1167,1947,3015,4613,6863,9154,10462,12543,11906,6628,1770,439,221,175
Netherlands,2018,74623,331,382,51,33,47,139,457,683,1668,4987,11463,20543,24994,9041,203,254,289,394,561,1107,1899,3088,4637,6826,9775,10768,12575,12419,7073,1968,415,186,188
Netherlands,2019,74413,343,397,54,25,38,133,451,674,1615,4858,10913,20658,25312,9152,219,232,283,391,578,1037,1826,3032,4402,6511,9649,11009,12872,12440,7126,2026,422,171,193
Netherlands,2020,83775,343,395,52,24,36,107,415,707,1512,4703,11147,23286,30636,10587,196,219,298,409,548,964,1869,2834,4525,6622,10795,12491,15209,15427,8334,2253,419,143,224
Netherlands,2021,84590,350,401,51,23,41,103,464,682,1370,4930,11163,24279,30323,10570,221,243,299,383,527,843,1829,3101,4566,6597,10686,13593,15272,15051,8325,2245,424,144,240
New Caledonia,1950,657,154,216,62,12,6,16,45,48,57,56,60,77,53,8,25,20,23,25,30,27,27,29,27,33,37,40,34,19,7,1,228,22,0
New Caledonia,1951,646,154,216,62,12,6,16,44,47,58,58,59,73,48,7,24,20,22,25,30,28,28,30,27,32,35,38,31,17,7,0,228,22,0
New Caledonia,1952,626,150,211,61,12,6,14,43,44,60,60,57,70,45,6,23,20,20,24,30,30,30,30,27,30,35,35,29,16,6,0,223,20,0
New Caledonia,1953,621,147,205,58,12,6,14,41,43,62,60,60,68,44,5,21,20,20,23,32,30,30,30,30,30,34,34,28,16,5,0,217,20,0
New Caledonia,1954,610,145,201,56,12,6,14,40,42,62,60,61,61,40,5,20,20,20,22,32,30,30,30,31,30,30,31,26,14,5,0,213,20,0
New Caledonia,1955,602,143,198,55,11,6,14,39,42,62,60,62,60,39,4,20,19,20,22,31,31,30,30,32,30,30,30,25,14,4,0,209,20,0
New Caledonia,1956,594,142,196,54,11,6,14,37,41,62,65,64,60,36,4,20,17,20,21,30,32,30,35,34,30,30,30,23,13,4,0,207,20,0
New Caledonia,1957,591,141,192,51,11,6,14,36,40,65,70,66,59,35,4,20,16,19,21,30,35,35,35,35,31,30,29,23,12,4,0,203,20,0
New Caledonia,1958,590,141,192,51,11,6,14,36,39,63,70,65,57,34,4,20,16,19,20,28,35,35,35,35,30,29,28,22,12,4,0,203,20,0
New Caledonia,1959,591,141,192,51,12,6,14,36,39,62,70,66,55,32,4,20,16,19,20,28,34,35,35,35,31,27,28,20,12,4,0,204,20,0
New Caledonia,1960,592,141,191,50,12,6,14,36,39,61,74,68,54,32,4,20,16,19,20,28,33,36,38,35,33,26,28,20,12,4,0,203,20,0
New Caledonia,1961,595,141,191,50,12,7,14,36,39,61,78,69,53,31,4,20,16,19,20,28,33,38,40,36,33,25,28,19,12,4,0,203,21,0
New Caledonia,1962,596,140,189,49,12,7,14,37,39,59,78,71,53,30,4,20,17,19,20,27,32,38,40,38,33,26,27,19,11,4,0,201,21,0
New Caledonia,1963,595,138,186,48,12,7,15,37,38,58,80,73,52,30,4,20,17,18,20,27,31,38,42,39,34,27,25,19,11,4,0,198,22,0
New Caledonia,1964,595,137,185,48,12,7,15,37,38,58,83,75,53,30,4,20,17,18,20,27,31,38,45,40,35,28,25,19,11,4,0,197,22,0
New Caledonia,1965,594,135,181,46,12,7,16,36,37,55,83,79,53,29,4,20,16,17,20,25,30,38,45,42,37,28,25,19,10,4,0,193,23,0
New Caledonia,1966,592,134,179,45,12,7,16,37,34,55,83,81,55,28,4,21,16,15,19,25,30,38,45,43,38,30,25,18,10,4,0,191,23,0
New Caledonia,1967,590,132,175,43,12,7,16,38,33,54,81,83,54,27,4,22,16,15,18,24,30,36,45,44,39,31,23,18,9,4,0,187,23,0
New Caledonia,1968,588,131,174,43,12,7,16,39,33,52,83,86,56,27,4,23,16,15,18,24,28,36,47,45,41,32,24,18,9,4,0,186,23,0
New Caledonia,1969,588,130,170,40,9,7,16,41,32,51,81,88,57,25,4,24,17,15,17,24,27,34,47,46,42,33,24,16,9,4,0,179,23,0
New Caledonia,1970,585,134,174,40,9,7,16,41,32,48,78,87,59,22,4,24,17,15,17,23,25,34,44,45,42,33,26,13,9,4,0,183,23,0
New Caledonia,1971,597,136,176,40,9,7,16,42,36,48,78,91,65,22,4,25,17,18,18,23,25,32,46,47,44,36,29,14,8,4,0,185,23,0
New Caledonia,1972,607,136,176,40,10,7,16,43,38,48,77,94,68,25,4,25,18,18,20,23,25,32,45,49,45,38,30,17,8,4,0,186,23,0
New Caledonia,1973,612,134,173,39,10,7,16,44,38,48,74,95,72,27,4,25,19,18,20,23,25,31,43,50,45,40,32,19,8,4,0,183,23,0
New Caledonia,1974,621,130,169,39,10,7,16,46,40,50,73,100,76,29,5,25,21,20,20,24,26,31,42,53,47,43,33,21,8,5,0,179,23,0
New Caledonia,1975,640,126,163,37,11,8,19,46,40,53,74,105,82,32,5,25,21,20,20,24,29,32,42,54,51,45,37,24,8,5,0,174,27,0
New Caledonia,1976,641,120,156,36,11,8,19,47,40,54,73,109,86,35,5,25,22,20,20,25,29,32,41,56,53,47,39,26,9,5,0,167,27,0
New Caledonia,1977,641,114,146,32,11,8,19,47,40,54,73,112,88,37,4,25,22,20,20,25,29,33,40,56,56,48,40,27,10,4,0,157,27,0
New Caledonia,1978,630,108,138,30,11,8,18,46,40,53,73,112,87,38,4,25,21,20,20,25,28,33,40,54,58,48,39,27,11,4,0,149,26,0
New Caledonia,1979,616,103,130,27,11,8,17,45,40,52,71,110,90,37,4,25,20,20,20,25,27,33,38,51,59,50,40,26,11,4,0,141,25,0
New Caledonia,1980,605,98,123,25,11,8,16,45,40,51,71,108,91,36,4,25,20,20,20,24,27,33,38,48,60,51,40,25,11,4,0,134,24,0
New Caledonia,1981,597,95,118,23,10,8,16,44,40,50,71,106,95,36,3,24,20,20,20,24,26,33,38,47,59,54,41,25,11,3,0,128,24,0
New Caledonia,1982,585,91,113,22,8,8,16,44,40,50,70,102,96,34,3,24,20,20,20,24,26,32,38,44,58,55,41,24,10,3,0,121,24,0
New Caledonia,1983,584,87,107,20,7,8,16,44,40,50,71,101,100,35,3,24,20,20,20,24,26,32,39,44,57,57,43,25,10,3,0,114,24,0
New Caledonia,1984,564,82,102,20,7,8,16,39,40,48,69,96,100,35,3,22,17,20,20,23,25,31,38,42,54,58,42,25,10,3,0,109,24,0
New Caledonia,1985,565,79,96,17,6,7,16,40,39,48,69,96,103,37,4,23,17,19,20,23,25,31,38,43,53,59,44,26,11,4,0,102,23,0
New Caledonia,1986,582,79,96,17,6,7,16,40,39,50,71,98,109,41,4,23,17,19,20,24,26,32,39,45,53,61,48,28,13,4,0,102,23,0
New Caledonia,1987,598,79,94,15,6,7,19,42,40,53,75,99,115,45,4,24,18,20,20,25,28,33,42,46,53,63,52,31,14,4,0,100,26,0
New Caledonia,1988,616,77,92,15,6,7,19,44,41,54,77,103,118,49,4,24,20,20,21,25,29,34,43,49,54,63,55,34,15,4,0,98,26,0
New Caledonia,1989,638,75,90,15,6,7,19,45,41,58,79,107,126,52,6,25,20,20,21,28,30,36,43,51,56,64,62,35,17,6,0,96,26,0
New Caledonia,1990,647,76,91,15,5,7,18,45,41,58,79,107,127,60,10,25,20,20,21,28,30,36,43,52,55,63,64,40,20,8,2,96,25,0
New Caledonia,1991,672,76,91,15,5,7,18,47,42,59,83,112,130,63,11,26,21,20,22,29,30,38,45,53,59,63,67,41,22,9,2,96,25,0
New Caledonia,1992,680,74,88,14,5,6,18,48,42,59,84,115,131,70,11,27,21,20,22,29,30,38,46,55,60,62,69,45,25,9,2,93,24,0
New Caledonia,1993,676,70,83,13,5,6,17,48,41,59,85,114,127,72,11,27,21,20,21,29,30,38,47,54,60,60,67,46,26,9,2,88,23,0
New Caledonia,1994,705,67,79,12,5,6,17,52,43,66,90,122,132,79,13,29,23,20,23,31,35,41,49,57,65,64,68,51,28,11,2,84,23,0
New Caledonia,1995,699,64,76,12,5,6,17,50,43,66,88,121,128,81,14,28,22,20,23,31,35,39,49,57,64,63,65,51,30,12,2,81,23,0
New Caledonia,1996,714,63,74,11,5,6,15,53,50,66,93,125,132,87,14,28,25,25,25,31,35,41,52,58,67,67,65,55,32,12,2,79,21,0
New Caledonia,1997,722,61,71,10,5,6,15,53,50,67,95,128,132,87,15,28,25,25,25,32,35,42,53,60,68,69,63,54,33,13,2,76,21,0
New Caledonia,1998,677,58,68,10,5,5,14,46,42,64,89,120,123,83,15,24,22,20,22,29,35,39,50,57,63,65,58,51,32,13,2,73,19,0
New Caledonia,1999,669,56,66,10,5,5,13,44,41,61,88,120,124,83,16,23,21,20,21,28,33,39,49,57,63,65,59,51,32,13,3,71,18,0
New Caledonia,2000,647,54,63,9,5,5,12,40,40,60,86,116,123,79,17,20,20,20,20,28,32,38,48,55,61,65,58,48,31,14,3,68,17,0
New Caledonia,2001,636,52,60,8,5,5,12,39,40,58,85,115,123,80,17,19,20,20,20,27,31,38,47,54,61,65,58,48,32,14,3,65,17,0
New Caledonia,2002,642,49,57,8,5,5,12,39,40,58,86,118,126,83,18,19,20,20,20,27,31,39,47,56,62,65,61,49,34,15,3,62,17,1
New Caledonia,2003,640,47,54,7,5,5,12,31,40,57,87,119,127,83,20,15,16,20,20,27,30,39,48,57,62,65,62,49,34,16,4,59,17,1
New Caledonia,2004,655,45,52,7,5,5,11,30,40,57,90,122,135,88,21,15,15,20,20,27,30,40,50,58,64,69,66,52,36,17,4,57,16,1
New Caledonia,2005,668,43,50,7,5,5,11,30,40,58,93,126,138,91,22,15,15,20,20,27,31,40,53,59,67,70,68,54,37,17,5,55,16,1
New Caledonia,2006,684,42,48,6,5,5,10,30,41,59,93,132,146,92,25,15,15,20,21,28,31,40,53,59,73,75,71,55,37,20,5,53,15,1
New Caledonia,2007,700,41,47,6,5,5,10,30,40,60,93,135,149,98,28,15,15,19,21,28,32,40,53,61,74,75,74,60,38,21,7,52,15,1
New Caledonia,2008,719,39,45,6,5,5,10,30,39,60,95,141,157,104,30,15,15,18,21,28,32,41,54,64,77,80,77,64,40,23,7,50,15,1
New Caledonia,2009,739,38,43,5,5,5,10,30,39,61,95,146,165,112,31,15,15,18,21,28,33,41,54,66,80,85,80,69,43,23,8,48,15,1
New Caledonia,2010,760,37,42,5,5,5,8,30,38,64,97,149,173,117,34,15,15,17,21,29,35,42,55,68,81,90,83,71,46,24,10,47,13,1
New Caledonia,2011,768,36,41,5,5,5,8,30,36,63,96,150,176,122,36,15,15,15,21,29,34,42,54,69,81,90,86,72,50,26,10,46,13,2
New Caledonia,2012,776,36,41,5,3,5,8,30,35,63,96,153,178,127,38,15,15,15,20,29,34,42,54,70,83,90,88,72,55,27,11,44,13,2
New Caledonia,2013,781,35,40,5,2,5,8,29,34,62,96,154,179,127,43,14,15,15,19,29,33,42,54,70,84,88,91,72,55,30,13,42,13,2
New Caledonia,2014,835,34,39,5,1,5,8,29,33,66,104,168,194,137,50,14,15,15,18,31,35,45,59,75,93,95,99,77,60,35,15,40,13,3
New Caledonia,2015,902,33,38,5,1,5,8,30,38,73,110,183,211,150,58,15,15,17,21,33,40,48,62,80,103,103,108,87,63,41,17,39,13,3
New Caledonia,2016,892,31,36,5,0,4,8,29,33,68,108,179,215,152,55,14,15,15,18,30,38,47,61,77,102,107,108,90,62,39,16,36,12,4
New Caledonia,2017,881,30,35,5,0,3,8,21,32,65,108,175,216,156,49,10,11,15,17,28,37,47,61,76,99,108,108,96,60,35,14,35,11,4
New Caledonia,2018,872,29,34,5,0,2,8,20,32,63,106,172,220,161,47,10,10,15,17,26,37,46,60,76,96,112,108,100,61,35,12,34,10,4
New Caledonia,2019,865,27,30,3,0,2,7,20,31,59,105,167,223,169,43,10,10,14,17,24,35,45,60,74,93,115,108,103,66,32,11,30,9,3
New Caledonia,2020,861,26,29,3,0,2,7,20,29,57,105,167,226,173,42,10,10,13,16,23,34,45,60,74,93,115,111,105,68,32,10,29,9,2
New Caledonia,2021,1056,25,28,3,0,1,7,20,28,58,128,222,285,226,51,10,10,12,16,22,36,53,75,97,125,147,138,131,95,41,10,28,8,2
New Zealand,1950,9922,756,942,186,76,61,113,229,301,508,1061,2219,2810,1397,199,128,101,120,181,198,310,437,624,922,1297,1486,1324,907,490,165,34,1018,174,8
New Zealand,1951,10342,816,995,179,79,50,106,287,322,585,1091,2291,2844,1484,207,148,139,138,184,240,345,455,636,961,1330,1529,1315,990,494,170,37,1074,156,6
New Zealand,1952,10315,802,999,197,78,65,93,284,329,551,1087,2197,2887,1552,195,141,143,142,187,227,324,485,602,881,1316,1505,1382,1012,540,161,34,1077,158,4
New Zealand,1953,10219,781,956,175,64,57,107,267,270,597,1113,2153,2941,1502,197,139,128,126,144,239,358,481,632,893,1260,1512,1429,1014,488,158,39,1020,164,4
New Zealand,1954,10525,755,928,173,70,48,96,303,287,533,1100,2240,3036,1670,214,158,145,129,158,208,325,466,634,973,1267,1519,1517,1086,584,175,39,998,144,4
New Zealand,1955,10617,819,988,169,83,60,106,252,293,542,1188,2095,3143,1639,227,128,124,121,172,205,337,508,680,859,1236,1564,1579,1069,570,182,45,1071,166,5
New Zealand,1956,10976,734,891,157,75,64,93,257,285,554,1188,2093,3273,1937,268,127,130,144,141,230,324,490,698,845,1248,1594,1679,1229,708,222,46,966,157,5
New Zealand,1957,11667,820,987,167,89,51,117,257,305,590,1226,2254,3463,2057,271,136,121,158,147,218,372,508,718,930,1324,1693,1770,1304,753,231,40,1076,168,5
New Zealand,1958,11163,807,999,192,88,53,129,247,284,567,1230,2082,3306,1901,276,120,127,127,157,205,362,511,719,899,1183,1570,1736,1243,658,235,41,1087,182,6
New Zealand,1959,11641,835,1001,166,68,66,101,247,301,588,1275,2178,3347,2150,314,132,115,137,164,205,383,512,763,963,1215,1580,1767,1378,772,265,49,1069,167,7
New Zealand,1960,11551,823,980,157,79,46,106,201,295,634,1338,2161,3235,2165,303,104,97,133,162,231,403,555,783,975,1186,1480,1755,1399,766,258,45,1059,152,6
New Zealand,1961,11911,882,1043,161,60,67,105,244,296,615,1405,2304,3242,2203,319,125,119,111,185,222,393,600,805,1089,1215,1514,1728,1382,821,272,47,1103,172,6
New Zealand,1962,12231,777,950,173,75,71,126,222,318,626,1391,2290,3342,2447,372,138,84,135,183,218,408,590,801,1066,1224,1564,1778,1539,908,313,59,1025,197,5
New Zealand,1963,12423,729,884,155,69,63,126,254,278,667,1448,2363,3450,2453,364,141,113,121,157,260,407,589,859,1101,1262,1590,1860,1540,913,308,56,953,189,5
New Zealand,1964,12625,688,858,170,65,61,122,244,282,667,1555,2516,3318,2523,412,129,115,111,171,259,408,640,915,1201,1315,1502,1816,1612,911,344,68,923,183,6
New Zealand,1965,12640,680,828,148,71,61,150,262,327,666,1615,2648,3235,2391,380,136,126,141,186,281,385,654,961,1253,1395,1497,1738,1489,902,315,65,899,211,7
New Zealand,1966,13192,627,775,148,79,74,171,267,325,686,1669,2810,3364,2585,385,166,101,138,187,266,420,650,1019,1292,1518,1636,1728,1576,1009,319,66,854,245,7
New Zealand,1967,12717,639,780,141,78,71,179,309,332,715,1729,2762,3064,2298,388,177,132,129,203,259,456,700,1029,1277,1485,1432,1632,1393,905,323,65,858,250,7
New Zealand,1968,13547,679,821,142,91,64,173,305,307,716,1631,3012,3321,2642,452,187,118,119,188,278,438,636,995,1380,1632,1615,1706,1498,1144,377,75,912,237,8
New Zealand,1969,13318,634,781,147,93,57,171,299,281,727,1648,3003,3317,2475,456,171,128,123,158,281,446,621,1027,1345,1658,1641,1676,1480,995,376,80,874,228,7
New Zealand,1970,13613,587,724,137,90,87,200,333,330,788,1641,3195,3325,2437,456,186,147,142,188,309,479,605,1036,1423,1772,1668,1657,1428,1009,380,76,814,287,8
New Zealand,1971,13420,602,733,131,79,66,187,300,287,723,1717,3153,3304,2428,439,180,120,121,166,293,430,667,1050,1446,1707,1751,1553,1464,964,368,71,812,253,8
New Zealand,1972,13272,566,688,122,56,52,221,322,293,670,1663,3132,3392,2321,460,205,117,136,157,240,430,673,990,1448,1684,1784,1608,1385,936,384,76,744,273,8
New Zealand,1973,13890,577,709,132,79,78,250,388,291,756,1775,3270,3523,2282,498,236,152,124,167,267,489,684,1091,1419,1851,1912,1611,1345,937,416,82,788,328,8
New Zealand,1974,13735,549,658,109,67,87,241,365,313,725,1686,3210,3601,2281,502,200,165,152,161,265,460,711,975,1457,1753,1956,1645,1317,964,413,89,725,328,7
New Zealand,1975,13791,525,656,131,94,66,231,366,311,736,1679,3297,3619,2236,495,209,157,136,175,252,484,740,939,1516,1781,1980,1639,1294,942,399,96,750,297,7
New Zealand,1976,13996,437,544,107,63,71,240,395,309,697,1695,3302,3933,2228,512,244,151,135,174,248,449,705,990,1424,1878,2099,1834,1309,919,413,99,607,311,8
New Zealand,1977,14324,471,582,111,65,75,295,489,350,720,1713,3304,4013,2219,487,282,207,166,184,263,457,711,1002,1423,1881,2094,1919,1364,855,394,93,647,370,9
New Zealand,1978,13633,414,505,91,56,69,236,426,331,688,1669,3242,3954,2004,442,251,175,138,193,243,445,684,985,1421,1821,2138,1816,1191,813,360,82,561,305,9
New Zealand,1979,13980,400,482,82,53,62,243,385,335,660,1724,3241,4191,2178,417,225,160,164,171,241,419,722,1002,1383,1858,2144,2047,1395,783,337,80,535,305,8
New Zealand,1980,14295,361,435,74,58,55,208,451,319,559,1621,3253,4360,2445,515,245,206,156,163,210,349,633,988,1351,1902,2175,2185,1542,903,410,105,493,263,10
New Zealand,1981,13701,334,431,97,51,57,219,379,337,638,1659,3105,4117,2226,470,235,144,177,160,257,381,636,1023,1287,1818,2127,1990,1411,815,376,94,482,276,10
New Zealand,1982,13831,333,401,68,46,47,210,443,346,584,1561,3210,4143,2375,458,262,181,164,182,239,345,571,990,1368,1842,2120,2023,1573,802,366,92,447,257,11
New Zealand,1983,13960,351,415,64,47,54,198,443,321,598,1538,3139,4320,2408,462,278,165,150,171,234,364,537,1001,1349,1790,2124,2196,1565,843,365,97,462,252,12
New Zealand,1984,13799,354,438,84,46,52,200,400,371,571,1500,2971,4306,2488,447,238,162,187,184,247,324,559,941,1325,1646,2170,2136,1607,881,354,93,484,252,13
New Zealand,1985,14524,324,380,56,46,55,231,447,312,609,1510,3131,4515,2770,502,246,201,150,162,251,358,555,955,1409,1722,2219,2296,1795,975,398,104,426,286,15
New Zealand,1986,14549,340,428,88,28,66,238,480,406,568,1459,3111,4505,2753,492,268,212,181,225,237,331,572,887,1408,1703,2264,2241,1740,1013,390,102,456,304,15
New Zealand,1987,14488,307,368,61,45,62,238,498,387,573,1480,3030,4447,2866,478,284,214,190,197,228,345,568,912,1309,1721,2172,2275,1796,1070,373,105,413,300,14
New Zealand,1988,14586,362,431,69,38,43,217,500,400,612,1351,3090,4440,2983,463,280,220,195,205,266,346,492,859,1398,1692,2060,2380,1873,1110,367,96,469,260,13
New Zealand,1989,14335,354,426,72,41,47,248,501,384,608,1255,3034,4301,2990,487,284,217,195,189,265,343,515,740,1299,1735,1982,2319,1889,1101,393,94,467,295,13
New Zealand,1990,13909,302,383,81,36,38,216,510,384,595,1226,2891,4196,2978,443,296,214,188,196,259,336,468,758,1208,1683,1941,2255,1897,1081,357,86,419,254,12
New Zealand,1991,13686,284,341,57,34,50,170,440,404,624,1159,2881,4090,2960,517,251,189,178,226,276,348,467,692,1197,1684,1917,2173,1870,1090,419,98,375,220,16
New Zealand,1992,14492,249,312,63,35,48,183,460,405,574,1273,2976,4216,3367,624,248,212,187,218,240,334,528,745,1205,1771,1986,2230,2081,1286,516,108,347,231,17
New Zealand,1993,14079,232,286,54,21,30,178,438,396,613,1192,2747,4288,3234,640,260,178,169,227,279,334,516,676,1113,1634,2014,2274,1971,1263,531,109,307,208,16
New Zealand,1994,14090,208,269,61,31,36,129,403,404,601,1150,2731,4196,3424,703,208,195,205,199,257,344,498,652,1054,1677,2064,2132,2098,1326,585,118,300,165,16
New Zealand,1995,14440,200,246,46,32,36,159,462,369,630,1228,2717,4295,3515,739,246,216,188,181,247,383,525,703,1039,1678,2082,2213,2085,1430,610,129,278,195,16
New Zealand,1996,14531,221,274,53,29,34,170,403,419,606,1230,2687,4244,3613,805,200,203,203,216,217,389,507,723,1071,1616,2089,2155,2140,1473,659,146,303,204,18
New Zealand,1997,14317,214,275,61,33,31,171,391,412,648,1233,2563,4130,3620,795,184,207,194,218,286,362,535,698,974,1589,2022,2108,2184,1436,646,149,308,202,15
New Zealand,1998,13632,179,229,50,33,45,130,384,411,621,1179,2389,4019,3387,791,187,197,175,236,276,345,475,704,955,1434,1908,2111,1971,1416,634,157,262,175,16
New Zealand,1999,14305,193,235,42,25,40,126,346,388,617,1265,2314,4371,3657,900,162,184,172,216,254,363,524,741,981,1333,1991,2380,2084,1573,724,176,260,166,20
New Zealand,2000,13736,190,242,52,22,46,121,318,385,621,1161,2190,4173,3585,854,151,167,190,195,263,358,503,658,854,1336,1872,2301,2022,1563,686,168,264,167,18
New Zealand,2001,14025,176,214,38,22,35,132,295,374,580,1145,2200,4182,3776,1045,161,134,182,192,268,312,505,640,929,1271,1987,2195,2057,1719,835,210,236,167,24
New Zealand,2002,14032,151,197,46,27,34,115,278,360,621,1202,2162,4071,3929,1013,136,142,154,206,269,352,513,689,926,1236,1814,2257,2163,1766,803,210,224,149,24
New Zealand,2003,14031,162,201,39,22,39,138,260,369,644,1205,2100,3993,3968,1072,132,128,171,198,279,365,514,691,915,1185,1760,2233,2292,1676,851,221,223,177,26
New Zealand,2004,14057,169,203,34,18,35,129,270,330,640,1160,2099,3918,4107,1123,142,128,125,205,254,386,485,675,890,1209,1669,2249,2405,1702,897,226,221,164,29
New Zealand,2005,13466,175,206,31,20,30,141,282,337,643,1222,2010,3563,3908,1081,155,127,141,196,295,348,493,729,879,1131,1509,2054,2280,1628,867,214,226,171,27
New Zealand,2006,13931,177,210,33,24,26,139,253,315,619,1212,2123,3671,4124,1183,133,120,140,175,247,372,485,727,924,1199,1545,2126,2303,1821,951,232,234,165,31
New Zealand,2007,14255,176,218,42,24,29,119,267,346,663,1222,2115,3728,4287,1209,151,116,141,205,252,411,517,705,916,1199,1577,2151,2450,1837,964,245,242,148,31
New Zealand,2008,14512,176,222,46,19,33,131,269,311,612,1190,2234,3658,4567,1234,149,120,122,189,248,364,477,713,976,1258,1509,2149,2526,2041,975,259,241,164,32
New Zealand,2009,14468,166,203,37,14,27,132,257,330,622,1183,2236,3584,4515,1327,150,107,159,171,252,370,530,653,988,1248,1532,2052,2448,2067,1021,306,217,159,36
New Zealand,2010,14218,182,217,35,12,24,116,237,276,636,1228,2129,3386,4570,1348,140,97,100,176,241,395,518,710,934,1195,1487,1899,2477,2093,1042,306,229,140,38
New Zealand,2011,14845,164,202,38,7,26,125,252,269,600,1238,2211,3554,4796,1523,143,109,122,147,260,340,499,739,981,1230,1583,1971,2506,2290,1176,347,209,151,42
New Zealand,2012,15089,141,176,35,17,29,118,254,240,604,1206,2249,3569,4962,1621,136,118,94,146,238,366,530,676,961,1288,1661,1908,2544,2418,1250,371,193,147,45
New Zealand,2013,14876,143,166,23,13,14,102,222,237,591,1244,2204,3569,4926,1550,123,99,94,143,229,362,530,714,929,1275,1664,1905,2457,2469,1216,334,179,116,45
New Zealand,2014,15151,149,179,30,19,18,95,230,251,571,1262,2305,3664,4955,1554,124,106,108,143,221,350,543,719,963,1342,1688,1976,2474,2481,1234,320,198,113,47
New Zealand,2015,15299,144,174,30,21,19,87,233,255,567,1292,2357,3649,4937,1652,118,115,116,139,223,344,548,744,976,1381,1660,1989,2427,2510,1285,367,195,106,58
New Zealand,2016,15555,120,148,28,18,22,85,255,268,582,1306,2395,3737,4943,1728,125,130,125,143,228,354,546,760,1013,1382,1685,2052,2419,2524,1301,427,166,107,69
New Zealand,2017,15811,118,144,26,20,23,84,256,288,588,1366,2425,3756,5000,1781,122,134,136,152,234,354,559,807,1036,1389,1671,2085,2444,2556,1304,477,164,107,81
New Zealand,2018,15948,125,144,19,15,18,85,268,283,605,1348,2429,3893,4799,1948,125,143,124,159,229,376,548,800,1022,1407,1758,2135,2339,2460,1385,563,159,103,112
New Zealand,2019,16214,133,150,17,12,19,88,278,295,617,1375,2465,3992,4776,2019,128,150,127,168,234,383,552,823,1045,1420,1827,2165,2349,2427,1480,539,162,107,131
New Zealand,2020,16624,137,155,18,21,27,82,265,324,636,1324,2503,4097,5005,2077,114,151,144,180,243,393,549,775,1081,1422,1848,2249,2515,2490,1586,491,176,109,106
New Zealand,2021,17584,138,157,19,15,21,83,308,336,670,1532,2773,4538,4881,2161,138,170,152,184,259,411,629,903,1217,1556,2096,2442,2599,2282,1599,562,172,104,114
Nicaragua,1950,16469,6475,9591,3116,595,326,427,948,846,834,886,989,768,242,14,481,467,420,426,417,417,448,438,497,492,449,319,179,63,14,0,10186,753,0
Nicaragua,1951,17091,6662,9953,3291,639,352,451,986,877,858,912,1005,795,250,14,502,484,437,440,430,428,461,451,501,504,461,334,183,67,13,1,10592,803,0
Nicaragua,1952,16944,6620,9930,3310,620,331,436,964,858,846,901,987,798,255,14,490,474,428,430,424,422,449,452,486,501,456,342,184,71,13,1,10550,767,0
Nicaragua,1953,16978,6614,9938,3324,632,330,436,962,861,846,906,981,812,259,15,492,470,431,430,424,422,445,461,475,506,457,355,186,73,13,2,10570,766,0
Nicaragua,1954,17000,6620,9933,3313,648,327,436,960,861,845,908,976,822,265,18,491,469,431,430,423,422,440,468,469,507,458,364,190,75,16,2,10581,763,0
Nicaragua,1955,17034,6634,9923,3289,670,327,436,961,858,848,910,975,833,274,17,492,469,430,428,424,424,437,473,469,506,461,372,196,78,16,1,10593,763,0
Nicaragua,1956,17078,6646,9908,3262,691,327,438,962,863,852,916,976,842,284,19,493,469,432,431,425,427,439,477,473,503,465,377,205,79,18,1,10599,765,0
Nicaragua,1957,17124,6654,9891,3237,707,329,441,969,868,856,917,982,853,296,19,496,473,433,435,425,431,442,475,485,497,473,380,215,81,18,1,10598,770,0
Nicaragua,1958,17174,6660,9871,3211,716,332,445,974,872,863,921,988,865,309,19,498,476,433,439,429,434,446,475,499,489,481,384,226,83,18,1,10587,777,0
Nicaragua,1959,17222,6663,9846,3183,723,340,446,980,876,869,927,1000,876,320,20,501,479,434,442,431,438,451,476,513,487,487,389,234,86,19,1,10569,786,0
Nicaragua,1960,17446,6719,9924,3205,741,355,455,999,890,883,938,1019,887,331,22,511,488,440,450,438,445,459,479,524,495,491,396,241,90,20,2,10665,810,0
Nicaragua,1961,17281,6654,9777,3123,727,358,450,991,885,880,938,1023,889,340,25,507,484,437,448,437,443,460,478,525,498,489,400,246,94,23,2,10504,808,0
Nicaragua,1962,17280,6645,9735,3090,724,365,451,990,882,884,944,1038,892,349,25,507,483,437,445,439,445,462,482,525,513,483,409,249,100,23,2,10459,816,0
Nicaragua,1963,17249,6642,9698,3056,717,368,452,982,877,880,949,1048,896,358,25,503,479,436,441,439,441,464,485,523,525,478,418,254,104,23,2,10415,820,0
Nicaragua,1964,17170,6634,9656,3022,704,363,450,967,859,872,949,1057,899,367,26,497,470,427,432,434,438,464,485,520,537,477,422,258,109,24,2,10360,813,0
Nicaragua,1965,17049,6637,9624,2987,682,351,448,937,836,856,945,1061,902,375,27,481,456,416,420,424,432,460,485,518,543,478,424,262,113,25,2,10306,799,0
Nicaragua,1966,16902,6649,9600,2951,654,336,445,904,804,837,939,1061,910,385,29,466,438,399,405,413,424,454,485,516,545,486,424,268,117,27,2,10254,781,0
Nicaragua,1967,16808,6686,9608,2922,626,323,441,874,774,819,934,1060,921,398,31,452,422,384,390,400,419,449,485,516,544,500,421,277,121,29,2,10234,764,0
Nicaragua,1968,16705,6720,9607,2887,599,310,434,843,746,801,930,1061,935,408,33,437,406,369,377,387,414,444,486,519,542,516,419,285,123,31,2,10206,744,0
Nicaragua,1969,16697,6755,9618,2863,582,302,430,831,728,793,932,1071,956,420,36,435,396,359,369,380,413,443,489,526,545,533,423,292,128,33,3,10200,732,0
Nicaragua,1970,16805,6809,9652,2843,578,299,430,837,724,796,947,1090,982,433,38,444,393,356,368,380,416,448,499,538,552,549,433,300,133,34,4,10230,729,0
Nicaragua,1971,17038,6877,9717,2840,590,305,438,861,734,810,970,1119,1014,444,40,463,398,361,373,386,424,460,510,553,566,564,450,306,138,36,4,10307,743,0
Nicaragua,1972,21959,7396,11118,3722,1219,787,803,1393,1121,1146,1285,1376,1185,487,42,769,624,564,557,558,588,625,660,691,685,658,527,334,153,38,4,12337,1590,0
Nicaragua,1973,17571,6975,9810,2835,627,319,464,934,770,852,1028,1186,1080,459,42,511,423,379,391,407,445,491,537,586,600,587,493,310,149,38,4,10437,783,0
Nicaragua,1974,17941,7049,9904,2855,654,330,479,976,795,877,1063,1229,1118,473,43,533,443,391,404,420,457,509,554,607,622,600,518,318,155,39,4,10558,809,0
Nicaragua,1975,18297,7126,10006,2880,677,339,492,1017,815,902,1096,1267,1153,487,46,551,466,400,415,433,469,524,572,625,642,615,538,328,159,42,4,10683,831,0
Nicaragua,1976,18621,7199,10101,2902,694,347,505,1053,830,923,1128,1305,1182,505,47,564,489,408,422,442,481,539,589,643,662,629,553,343,162,43,4,10795,852,0
Nicaragua,1977,19368,7243,10156,2913,708,353,567,1303,950,995,1187,1355,1219,526,50,696,607,476,474,481,514,566,621,668,687,651,568,361,165,46,4,10864,920,0
Nicaragua,1978,23175,7415,10564,3149,812,423,918,2587,1585,1364,1440,1534,1328,564,54,1395,1192,844,741,684,680,697,743,763,771,718,610,393,171,49,5,11376,1341,0
Nicaragua,1979,28020,7400,10521,3121,820,457,1436,4689,2617,1900,1759,1729,1434,598,56,2541,2148,1461,1156,986,914,866,893,871,858,785,649,421,177,49,7,11341,1893,0
Nicaragua,1980,19148,7193,10029,2836,736,366,532,1115,867,966,1213,1420,1278,573,56,586,529,436,431,458,508,568,645,696,724,692,586,400,173,49,7,10765,898,0
Nicaragua,1981,19368,7109,9880,2771,745,373,559,1211,923,995,1248,1465,1322,593,57,640,571,474,449,472,523,584,664,719,746,717,605,413,180,50,7,10625,932,0
Nicaragua,1982,19375,7002,9693,2691,759,384,566,1219,938,1003,1269,1503,1366,614,57,646,573,488,450,474,529,593,676,737,766,741,625,424,190,50,7,10452,950,0
Nicaragua,1983,22478,6822,9403,2581,755,408,923,2641,1671,1359,1492,1656,1468,646,60,1430,1211,941,730,674,685,714,778,823,833,798,670,442,204,53,7,10158,1331,0
Nicaragua,1984,24070,6606,9068,2462,753,423,1128,3423,2088,1550,1618,1750,1537,669,62,1863,1560,1194,894,780,770,783,835,876,874,837,700,456,213,55,7,9821,1551,0
Nicaragua,1985,24140,6362,8686,2324,747,429,1177,3574,2182,1584,1648,1791,1572,686,63,1949,1625,1241,941,798,786,798,850,896,895,855,717,465,221,56,7,9433,1606,0
Nicaragua,1986,22827,6087,8262,2175,736,423,1083,3154,1976,1471,1597,1781,1581,695,65,1720,1434,1100,876,734,737,768,829,888,893,857,724,470,225,58,7,8998,1506,0
Nicaragua,1987,23689,5799,7820,2021,723,432,1232,3681,2264,1594,1681,1849,1630,715,68,2017,1664,1257,1007,802,792,809,872,921,928,882,748,485,230,61,7,8543,1664,0
Nicaragua,1988,20232,5517,7396,1879,722,417,892,2332,1559,1264,1497,1763,1600,720,72,1274,1058,831,728,618,646,704,793,865,898,861,739,488,232,65,7,8118,1309,0
Nicaragua,1989,17643,5197,6907,1710,698,394,649,1394,1068,1040,1374,1714,1599,733,72,757,637,538,530,494,546,634,740,831,883,854,745,498,235,65,7,7605,1043,0
Nicaragua,1990,17285,4885,6447,1562,692,397,648,1376,1051,1045,1389,1752,1650,759,78,751,625,528,523,501,544,637,752,845,907,880,770,518,241,70,8,7139,1045,0
Nicaragua,1991,16563,4582,6003,1421,687,397,600,1182,942,1014,1379,1782,1706,788,78,647,535,464,478,488,526,629,750,854,928,908,798,538,250,70,8,6690,997,0
Nicaragua,1992,16471,4289,5598,1309,696,413,616,1219,955,1042,1411,1833,1778,822,80,671,548,473,482,508,534,642,769,876,957,950,828,562,260,72,8,6294,1029,0
Nicaragua,1993,16310,4001,5197,1196,692,415,623,1249,966,1068,1435,1883,1847,855,85,690,559,479,487,524,544,652,783,900,983,989,858,585,270,76,9,5889,1038,0
Nicaragua,1994,16055,3705,4774,1069,669,414,622,1269,970,1089,1450,1920,1905,886,88,700,569,482,488,533,556,658,792,917,1003,1020,885,605,281,78,10,5443,1036,0
Nicaragua,1995,15797,3392,4346,954,643,413,624,1300,984,1115,1464,1955,1945,916,92,715,585,490,494,539,576,661,803,936,1019,1042,903,622,294,81,11,4989,1037,1
Nicaragua,1996,15620,3190,4065,875,617,402,620,1321,996,1138,1472,1978,1972,942,97,723,598,497,499,542,596,663,809,950,1028,1053,919,636,306,85,12,4682,1022,1
Nicaragua,1997,15469,2979,3772,793,582,387,608,1326,1014,1169,1492,2048,2000,967,100,718,608,507,507,550,619,669,823,979,1069,1065,935,648,319,88,12,4354,995,1
Nicaragua,1998,16831,2970,4058,1088,902,553,688,1406,1080,1242,1561,2164,2073,1003,105,760,646,540,540,581,661,700,861,1030,1134,1105,968,670,333,93,12,4960,1241,1
Nicaragua,1999,15504,2618,3285,667,546,377,598,1351,1060,1232,1568,2215,2129,1034,108,720,631,530,530,571,661,707,861,1044,1171,1136,993,690,344,96,12,3831,975,1
Nicaragua,2000,15748,2465,3079,614,547,386,602,1366,1087,1262,1637,2330,2260,1082,111,725,641,545,542,583,679,748,889,1085,1245,1217,1043,725,357,99,12,3626,988,1
Nicaragua,2001,16146,2326,2893,567,564,402,611,1382,1116,1299,1724,2468,2436,1136,116,733,649,562,554,599,700,801,923,1130,1338,1326,1110,767,369,103,13,3457,1013,1
Nicaragua,2002,16598,2206,2730,524,576,419,620,1401,1146,1337,1820,2607,2628,1193,121,745,656,577,569,615,722,858,962,1177,1430,1448,1180,812,381,107,14,3306,1039,1
Nicaragua,2003,16982,2093,2580,487,578,430,626,1412,1181,1377,1907,2724,2799,1243,125,751,661,595,586,632,745,906,1001,1217,1507,1554,1245,850,393,111,14,3158,1056,1
Nicaragua,2004,17190,1994,2450,456,554,424,624,1416,1217,1418,1977,2796,2903,1278,130,752,664,611,606,652,766,939,1038,1249,1547,1615,1288,871,407,116,14,3004,1048,1
Nicaragua,2005,17057,1903,2329,426,497,394,606,1406,1259,1445,2010,2782,2900,1293,136,738,668,630,629,669,776,943,1067,1258,1524,1609,1291,870,423,122,14,2826,1000,1
Nicaragua,2006,16584,1827,2225,398,414,347,583,1394,1297,1463,1991,2643,2790,1291,144,720,674,645,652,686,777,919,1072,1232,1411,1533,1257,850,441,128,16,2639,930,1
Nicaragua,2007,16090,1769,2162,393,348,302,554,1379,1338,1482,1956,2491,2632,1293,150,697,682,661,677,706,776,889,1067,1201,1290,1421,1211,831,462,133,17,2510,856,1
Nicaragua,2008,15495,1700,2057,357,262,244,513,1347,1372,1497,1911,2354,2469,1312,157,665,682,672,700,723,774,862,1049,1170,1184,1304,1165,828,484,138,19,2319,757,1
Nicaragua,2009,15106,1640,1977,337,205,202,476,1312,1402,1522,1876,2265,2349,1356,161,636,676,681,721,745,777,847,1029,1151,1114,1208,1141,850,506,142,19,2182,678,1
Nicaragua,2010,15001,1593,1922,329,172,171,447,1272,1425,1557,1865,2245,2317,1438,163,610,662,686,739,768,789,852,1013,1150,1095,1155,1162,907,531,144,19,2094,618,1
Nicaragua,2011,15061,1532,1839,307,148,148,419,1222,1434,1598,1878,2285,2363,1556,168,584,638,685,749,789,809,876,1002,1161,1124,1142,1221,1002,554,148,20,1987,567,1
Nicaragua,2012,15335,1480,1773,293,134,132,396,1178,1435,1649,1921,2365,2469,1710,172,565,613,680,755,810,839,916,1005,1176,1189,1163,1306,1124,586,151,21,1907,528,1
Nicaragua,2013,15727,1429,1712,283,127,122,378,1143,1431,1695,1980,2465,2610,1885,179,551,592,675,756,827,868,958,1022,1193,1272,1208,1402,1257,628,157,22,1839,500,1
Nicaragua,2014,16099,1375,1641,266,123,117,361,1121,1422,1732,2032,2558,2747,2061,186,542,579,670,752,840,892,992,1040,1203,1355,1264,1483,1380,681,164,22,1764,478,1
Nicaragua,2015,16380,1323,1578,255,123,113,345,1116,1411,1748,2066,2613,2846,2221,198,539,577,664,747,844,904,1006,1060,1205,1408,1319,1527,1474,747,175,23,1701,458,1
Nicaragua,2016,16526,1272,1515,243,121,113,334,1133,1402,1745,2080,2623,2894,2352,212,542,591,660,742,842,903,1000,1080,1198,1425,1364,1530,1529,823,189,23,1636,447,2
Nicaragua,2017,16662,1223,1457,234,119,114,324,1151,1404,1745,2097,2629,2916,2473,232,543,608,663,741,840,905,995,1102,1201,1428,1396,1520,1566,907,206,26,1576,438,2
Nicaragua,2018,16881,1173,1395,222,111,109,316,1159,1425,1770,2139,2664,2935,2606,253,537,622,674,751,851,919,1011,1128,1215,1449,1419,1516,1616,990,226,27,1506,425,2
Nicaragua,2019,17339,1127,1340,213,96,100,312,1146,1472,1844,2232,2771,2971,2778,277,519,627,697,775,879,965,1071,1161,1243,1528,1430,1541,1709,1069,248,29,1436,412,2
Nicaragua,2020,21787,1081,1285,204,77,102,306,1149,1578,2157,2926,3952,4165,3728,358,515,634,733,845,992,1165,1350,1576,1763,2189,2061,2104,2281,1447,324,34,1362,408,2
Nicaragua,2021,18666,1037,1231,194,69,91,250,1017,1476,1944,2519,3288,3363,3099,320,440,577,691,785,902,1042,1191,1328,1458,1830,1721,1642,1882,1217,288,32,1300,341,2
Niger,1950,31540,9209,20594,11385,1861,748,919,2102,1532,1335,975,668,537,264,7,1144,958,801,731,699,636,509,466,351,317,250,287,210,54,7,0,22455,1667,0
Niger,1951,33919,10488,22564,12076,1911,777,952,2174,1584,1397,1046,719,521,263,12,1185,989,827,757,725,672,549,497,386,333,258,263,199,64,7,5,24475,1729,1
Niger,1952,36390,10841,24581,13740,1950,812,992,2258,1646,1462,1124,779,515,258,12,1234,1024,861,785,758,704,602,522,437,342,277,238,190,68,7,5,26531,1804,1
Niger,1953,38236,11177,26092,14915,1936,842,1026,2324,1694,1513,1199,841,513,247,9,1276,1048,886,808,783,730,656,543,490,351,297,216,179,68,7,2,28028,1868,1
Niger,1954,39852,11504,27365,15861,1889,876,1064,2400,1745,1568,1280,908,519,231,7,1323,1077,912,833,811,757,709,571,539,369,315,204,165,66,7,0,29254,1940,1
Niger,1955,41233,11835,28360,16525,1949,902,1095,2457,1780,1607,1354,975,527,212,7,1358,1099,930,850,830,777,751,603,580,395,329,198,150,62,7,0,30309,1997,0
Niger,1956,42451,12156,29172,17016,2111,917,1120,2493,1802,1640,1426,1039,538,189,6,1381,1112,938,864,845,795,783,643,608,431,336,202,134,55,6,0,31283,2037,0
Niger,1957,43755,12484,29961,17477,2262,934,1160,2558,1840,1685,1510,1115,556,169,6,1419,1139,955,885,866,819,813,697,634,481,343,213,118,51,6,0,32223,2094,0
Niger,1958,45065,12826,30769,17943,2403,936,1201,2631,1877,1729,1596,1190,577,151,3,1460,1171,972,905,886,843,838,758,654,536,349,228,105,46,3,0,33172,2137,0
Niger,1959,46487,13176,31590,18414,2562,927,1251,2727,1924,1784,1689,1278,608,141,3,1516,1211,995,929,912,872,868,821,687,591,367,241,100,41,3,0,34152,2178,0
Niger,1960,47811,13532,32449,18917,2662,935,1286,2798,1957,1822,1760,1362,644,134,3,1559,1239,1011,946,930,892,893,867,728,634,394,250,98,36,3,0,35111,2221,0
Niger,1961,49168,13881,33306,19425,2726,982,1318,2877,1994,1864,1826,1450,690,132,3,1607,1270,1034,960,950,914,917,909,781,669,433,257,100,32,3,0,36032,2300,0
Niger,1962,50459,14236,34103,19867,2785,1031,1341,2961,2032,1901,1885,1537,743,135,2,1657,1304,1057,975,968,933,943,942,844,693,482,261,107,28,2,0,36888,2372,0
Niger,1963,51937,14601,35002,20401,2860,1099,1350,3062,2082,1947,1944,1638,809,140,2,1720,1342,1088,994,992,955,971,973,919,719,540,269,116,24,2,0,37862,2449,0
Niger,1964,53479,14974,35980,21006,2928,1187,1331,3160,2130,1992,2002,1743,876,147,2,1776,1384,1118,1012,1015,977,1000,1002,990,753,593,283,123,24,2,0,38908,2518,0
Niger,1965,55006,15325,36890,21565,3006,1258,1340,3269,2185,2038,2061,1854,946,151,2,1836,1433,1150,1035,1037,1001,1027,1034,1052,802,638,308,128,23,2,0,39896,2598,0
Niger,1966,56563,15709,37822,22113,3086,1291,1392,3372,2245,2084,2122,1970,1017,158,2,1888,1484,1186,1059,1058,1026,1055,1067,1107,863,676,341,133,25,2,0,40908,2683,0
Niger,1967,58118,16110,38779,22669,3157,1322,1456,3452,2304,2127,2180,2086,1088,163,1,1918,1534,1218,1086,1077,1050,1081,1099,1149,937,703,385,135,28,1,0,41936,2778,0
Niger,1968,60416,16662,40313,23651,3257,1367,1565,3540,2387,2184,2249,2217,1163,171,1,1939,1601,1264,1123,1103,1081,1112,1137,1191,1026,732,431,140,31,1,0,43570,2932,0
Niger,1969,62755,17235,41838,24603,3364,1413,1722,3594,2481,2247,2325,2345,1247,181,1,1923,1671,1315,1166,1132,1115,1147,1178,1236,1109,772,475,149,32,1,0,45202,3135,0
Niger,1970,65156,17888,43450,25562,3462,1457,1841,3686,2573,2306,2392,2457,1336,199,1,1950,1736,1367,1206,1162,1144,1177,1215,1276,1181,826,510,165,34,1,0,46912,3298,0
Niger,1971,68682,18678,45470,26792,3674,1570,1969,3963,2776,2450,2525,2617,1442,217,2,2110,1853,1478,1298,1239,1211,1244,1281,1350,1267,900,542,183,34,2,0,49144,3539,0
Niger,1972,69840,19124,46649,27525,3616,1535,1945,3981,2751,2418,2521,2652,1529,243,2,2163,1818,1470,1281,1226,1192,1241,1280,1360,1292,968,561,207,36,2,0,50265,3480,0
Niger,1973,72111,19752,48208,28456,3678,1570,1994,4129,2844,2471,2580,2733,1633,269,1,2312,1817,1524,1320,1258,1213,1269,1311,1400,1333,1053,580,231,38,1,0,51886,3564,0
Niger,1974,73802,20340,49572,29232,3666,1575,2004,4206,2890,2492,2606,2778,1724,291,1,2458,1748,1549,1341,1275,1217,1279,1327,1422,1356,1120,604,251,40,1,0,53238,3579,0
Niger,1975,75147,20851,50678,29827,3638,1572,2008,4262,2919,2507,2623,2818,1810,308,1,2536,1726,1563,1356,1286,1221,1286,1337,1440,1378,1171,639,264,44,1,0,54316,3580,0
Niger,1976,75926,21288,51456,30168,3574,1549,1988,4278,2914,2501,2616,2835,1885,327,1,2517,1761,1555,1359,1285,1216,1279,1337,1445,1390,1206,679,277,50,1,0,55030,3537,0
Niger,1977,76516,21686,52211,30525,3479,1510,1952,4262,2875,2485,2599,2843,1954,343,1,2475,1787,1521,1354,1276,1209,1266,1333,1444,1399,1227,727,285,58,1,0,55690,3462,0
Niger,1978,76710,22194,52940,30746,3330,1445,1879,4182,2769,2433,2547,2818,2005,357,1,2387,1795,1440,1329,1248,1185,1234,1313,1425,1393,1231,774,292,65,1,0,56270,3324,0
Niger,1979,77554,22808,54191,31383,3173,1381,1812,4138,2652,2406,2518,2821,2073,381,3,2311,1827,1342,1310,1233,1173,1215,1303,1420,1401,1247,826,309,72,3,0,57364,3193,0
Niger,1980,78812,23547,55855,32308,3023,1314,1740,4045,2578,2380,2496,2824,2135,415,3,2233,1812,1291,1287,1219,1161,1201,1295,1416,1408,1266,869,335,80,3,0,58878,3054,0
Niger,1981,80374,24364,57926,33562,2861,1241,1655,3873,2537,2351,2463,2820,2192,452,4,2137,1736,1284,1253,1204,1147,1184,1279,1408,1412,1285,907,366,86,4,0,60787,2896,0
Niger,1982,82826,25206,60265,35059,2834,1218,1627,3831,2555,2373,2484,2866,2275,498,5,2111,1720,1315,1240,1217,1156,1198,1286,1428,1438,1325,950,407,91,5,0,63099,2845,0
Niger,1983,85533,26128,62938,36810,2798,1191,1590,3765,2556,2387,2498,2908,2354,545,5,2073,1692,1356,1200,1225,1162,1208,1290,1445,1463,1364,990,448,97,5,0,65736,2781,0
Niger,1984,89119,27280,65852,38572,2874,1213,1608,3831,2641,2466,2564,2995,2462,603,7,2105,1726,1464,1177,1266,1200,1244,1320,1485,1510,1422,1040,496,107,7,0,68726,2821,0
Niger,1985,92257,28334,68658,40324,2895,1209,1594,3828,2677,2506,2606,3053,2558,659,7,2100,1728,1514,1163,1282,1224,1268,1338,1509,1544,1469,1089,538,121,7,0,71553,2803,0
Niger,1986,94863,29174,71065,41891,2881,1203,1570,3792,2703,2535,2642,3102,2645,714,8,2075,1717,1514,1189,1291,1244,1287,1355,1527,1575,1510,1135,576,138,8,0,73946,2773,0
Niger,1987,97084,29981,73025,43044,2862,1202,1550,3765,2747,2557,2693,3155,2740,772,10,2054,1711,1518,1229,1289,1268,1312,1381,1546,1609,1553,1187,614,158,10,0,75887,2752,0
Niger,1988,98671,30563,74403,43840,2822,1200,1531,3726,2799,2562,2740,3206,2836,831,14,2025,1701,1517,1282,1266,1296,1334,1406,1562,1644,1596,1240,651,180,14,0,77225,2731,0
Niger,1989,100070,31012,75244,44232,2826,1219,1546,3771,2931,2575,2822,3280,2946,894,16,2043,1728,1547,1384,1238,1337,1375,1447,1593,1687,1649,1297,691,203,16,0,78070,2765,0
Niger,1990,101052,31533,75836,44303,2808,1231,1549,3764,3004,2596,2893,3346,3050,955,22,2032,1732,1562,1442,1231,1365,1411,1482,1623,1723,1699,1351,731,224,22,0,78644,2780,0
Niger,1991,102924,31924,76719,44795,2870,1280,1599,3857,3115,2722,3026,3475,3203,1032,26,2077,1780,1617,1498,1302,1420,1478,1548,1686,1789,1778,1425,784,248,26,0,79589,2879,0
Niger,1992,103369,32036,76545,44509,2881,1304,1625,3886,3167,2809,3125,3566,3328,1097,30,2090,1796,1643,1524,1369,1440,1530,1595,1735,1831,1840,1488,830,267,29,1,79426,2929,0
Niger,1993,103277,32074,76057,43983,2858,1308,1635,3867,3192,2876,3214,3647,3439,1147,36,2080,1787,1653,1539,1446,1430,1577,1637,1782,1865,1895,1544,876,271,35,1,78915,2943,0
Niger,1994,102897,31919,74947,43028,2812,1305,1684,4013,3308,2979,3318,3732,3544,1212,41,2161,1852,1716,1592,1573,1406,1631,1687,1830,1902,1944,1600,918,294,40,1,77759,2989,0
Niger,1995,101598,31791,73576,41785,2799,1303,1659,3838,3235,3006,3391,3814,3654,1277,45,2073,1765,1667,1568,1619,1387,1662,1729,1874,1940,1995,1659,961,316,44,1,76375,2962,0
Niger,1996,101322,31692,72450,40758,2841,1321,1704,3910,3313,3123,3513,3945,3789,1355,58,2120,1790,1703,1610,1665,1458,1714,1799,1942,2003,2058,1731,1012,343,52,6,75291,3025,1
Niger,1997,101180,31542,71501,39959,2885,1335,1745,3991,3381,3248,3618,4078,3917,1425,52,2174,1817,1733,1648,1708,1540,1749,1869,2008,2070,2116,1801,1059,366,51,1,74386,3080,0
Niger,1998,101593,31426,70754,39328,3005,1379,1807,4115,3483,3435,3735,4253,4072,1499,55,2252,1863,1778,1705,1771,1664,1775,1960,2095,2158,2190,1882,1112,387,54,1,73759,3186,0
Niger,1999,101955,31286,69977,38691,3124,1420,1860,4243,3572,3656,3811,4434,4226,1578,60,2333,1910,1816,1756,1831,1825,1761,2050,2185,2249,2266,1960,1168,410,60,0,73101,3280,0
Niger,2000,102146,31166,69100,37934,3235,1455,1901,4365,3649,3829,3913,4612,4372,1652,64,2409,1956,1849,1800,1886,1943,1782,2131,2277,2335,2341,2031,1221,431,63,1,72335,3356,0
Niger,2001,102549,30981,67998,37017,3415,1521,1973,4574,3779,3991,4111,4831,4548,1738,68,2530,2044,1911,1868,1965,2026,1891,2220,2391,2440,2436,2112,1282,456,68,0,71413,3494,0
Niger,2002,102154,30656,66521,35865,3517,1561,2006,4699,3850,4109,4278,5021,4703,1815,73,2600,2099,1943,1907,2022,2087,2004,2274,2491,2530,2525,2178,1336,479,72,1,70038,3567,0
Niger,2003,100541,30173,64599,34426,3495,1559,1977,4661,3812,4132,4377,5155,4815,1881,79,2575,2086,1922,1890,2027,2105,2118,2259,2562,2593,2592,2223,1381,500,78,1,68094,3536,0
Niger,2004,99120,29610,62494,32884,3517,1581,1978,4695,3826,4196,4508,5325,4958,1955,84,2583,2112,1932,1894,2052,2144,2294,2214,2649,2676,2675,2283,1432,523,83,1,66011,3559,0
Niger,2005,97507,29000,60346,31346,3511,1597,1967,4686,3821,4237,4631,5487,5104,2029,88,2566,2120,1934,1887,2063,2174,2412,2219,2724,2763,2757,2347,1481,548,87,1,63857,3564,0
Niger,2006,95835,28326,58088,29762,3504,1619,1967,4682,3826,4282,4766,5643,5263,2100,95,2548,2134,1944,1882,2076,2206,2458,2308,2788,2855,2844,2419,1528,572,93,2,61592,3586,0
Niger,2007,94319,27692,55888,28196,3493,1643,1979,4708,3851,4330,4930,5783,5434,2177,102,2550,2158,1967,1884,2089,2241,2507,2423,2830,2953,2931,2503,1577,600,100,2,59381,3622,0
Niger,2008,92719,27106,53816,26710,3456,1655,1977,4668,3852,4347,5118,5867,5607,2250,109,2521,2147,1976,1876,2085,2262,2546,2572,2818,3049,3019,2588,1623,627,107,2,57272,3632,0
Niger,2009,91254,26527,51850,25323,3433,1673,1979,4599,3847,4359,5364,5903,5799,2333,116,2480,2119,1980,1867,2078,2281,2585,2779,2755,3148,3120,2679,1678,655,113,3,55283,3652,0
Niger,2010,89747,25993,50052,24059,3344,1661,1963,4509,3826,4341,5529,5981,5997,2425,121,2434,2075,1975,1851,2056,2285,2614,2915,2751,3230,3223,2774,1739,686,119,2,53396,3624,0
Niger,2011,89322,25470,48448,22978,3381,1704,2016,4563,3911,4413,5697,6241,6274,2541,132,2471,2092,2022,1889,2081,2332,2688,3009,2894,3347,3373,2901,1822,719,128,4,51829,3720,0
Niger,2012,88475,25044,47218,22174,3277,1687,2001,4465,3891,4397,5788,6433,6516,2658,142,2426,2039,2010,1881,2063,2334,2723,3065,3035,3398,3502,3014,1905,753,138,4,50495,3688,0
Niger,2013,88889,24851,46291,21440,3311,1726,2061,4548,3984,4477,5963,6708,6839,2808,173,2483,2065,2054,1930,2099,2378,2801,3162,3271,3437,3677,3162,2010,798,159,14,49602,3787,2
Niger,2014,89204,24728,45618,20890,3291,1744,2091,4578,4034,4521,6103,6956,7144,2944,177,2513,2065,2070,1964,2119,2402,2859,3244,3566,3390,3837,3307,2109,835,164,13,48909,3835,2
Niger,2015,91399,24719,45126,20407,3407,1825,2274,5097,4375,4754,6384,7326,7531,3107,191,2812,2285,2247,2128,2246,2508,2988,3396,3849,3477,4036,3495,2224,883,176,15,48533,4099,2
Niger,2016,91808,24868,44904,20036,3394,1846,2248,4950,4307,4757,6492,7598,7831,3267,214,2744,2206,2188,2119,2249,2508,3023,3469,3949,3649,4171,3660,2335,932,192,22,48298,4094,4
Niger,2017,92483,25023,44818,19795,3327,1856,2242,4916,4295,4784,6602,7896,8090,3428,228,2736,2180,2167,2128,2268,2516,3059,3543,4045,3851,4262,3828,2444,984,204,24,48145,4098,4
Niger,2018,93385,25141,44730,19589,3257,1862,2263,5003,4336,4847,6716,8263,8290,3584,226,2792,2211,2181,2155,2307,2540,3095,3621,4142,4121,4288,4002,2553,1031,207,19,47987,4125,2
Niger,2019,95055,25223,44592,19369,3307,1918,2348,5222,4462,5001,6903,8815,8477,3780,230,2917,2305,2242,2220,2394,2607,3167,3736,4285,4530,4266,4211,2692,1088,216,14,47899,4266,1
Niger,2020,104108,25317,44499,19182,3221,1917,2372,5282,4772,5968,8753,11888,10497,4678,258,2953,2329,2322,2450,2833,3135,3923,4830,5703,6185,5333,5164,3318,1360,247,11,47720,4289,1
Niger,2021,107266,25426,44457,19031,3360,2012,2543,5732,5048,6334,9140,12491,11089,4795,256,3181,2551,2488,2560,2995,3339,4128,5012,5938,6553,5718,5371,3439,1356,245,11,47817,4555,0
Nigeria,1950,523307,162320,296146,133826,31710,13465,13170,30975,26158,25843,29085,29219,21862,5541,131,16157,14818,13483,12675,12903,12940,14266,14819,14925,14294,12830,9032,4457,1084,123,8,327856,26635,0
Nigeria,1951,532039,166891,299514,132623,32304,13717,13441,31569,26775,26254,29523,30130,22664,6025,123,16464,15105,13795,12980,13151,13103,14357,15166,15372,14758,13258,9406,4753,1272,115,8,331818,27158,0
Nigeria,1952,538680,168373,301049,132676,32724,13958,13717,32151,27394,26708,29870,31038,23474,6463,134,16771,15380,14086,13308,13383,13325,14369,15501,15818,15220,13694,9780,5028,1435,123,11,333773,27675,0
Nigeria,1953,545451,170558,304291,133733,32593,14123,13926,32558,27858,27061,30015,31821,24200,6842,159,16994,15564,14282,13576,13542,13519,14285,15730,16197,15624,14086,10114,5270,1572,148,11,336884,28049,0
Nigeria,1954,553960,172561,307666,135105,32393,14456,14252,33223,28535,27675,30369,32836,25110,7250,195,17358,15865,14584,13951,13842,13833,14354,16015,16685,16151,14595,10515,5538,1712,183,12,340059,28708,0
Nigeria,1955,561510,174873,311598,136725,32145,14676,14468,33667,28986,28102,30519,33632,25882,7606,231,17607,16060,14780,14206,14068,14034,14394,16125,17040,16592,15031,10851,5768,1838,221,10,343743,29144,0
Nigeria,1956,572635,177587,316114,138527,32653,15076,14836,34494,29736,28861,30965,34719,26893,8015,267,18058,16436,15130,14606,14479,14382,14650,16315,17532,17187,15611,11282,6046,1969,257,10,348767,29912,0
Nigeria,1957,581219,180447,320857,140410,32852,15228,15025,34958,30122,29307,31078,35476,27667,8352,298,18324,16634,15306,14816,14755,14552,14826,16252,17849,17627,16046,11621,6273,2079,287,11,353709,30253,0
Nigeria,1958,590427,183233,325469,142236,33324,15298,15260,35541,30569,29854,31289,36275,28522,8697,327,18652,16889,15517,15052,15090,14764,15089,16200,18169,18106,16523,11999,6513,2184,314,13,358793,30558,0
Nigeria,1959,597750,185319,328789,143470,33902,15167,15473,36004,30909,30335,31481,36930,29365,9031,360,18914,17090,15674,15235,15372,14963,15321,16160,18383,18547,16990,12375,6743,2288,342,18,362691,30640,0
Nigeria,1960,608563,187813,332578,144765,34883,15246,15891,36935,31644,31204,32072,37798,30484,9434,393,19411,17524,16038,15606,15828,15376,15708,16364,18685,19113,17616,12868,7026,2408,371,22,367461,31137,0
Nigeria,1961,616189,190683,336811,146128,35276,15159,16087,37375,31949,31643,32332,38116,31274,9743,421,19638,17737,16193,15756,16040,15603,15888,16444,18673,19443,18047,13227,7239,2504,396,25,372087,31246,0
Nigeria,1962,626417,193778,341548,147770,35988,15249,16371,38135,32526,32362,32904,38590,32280,10016,447,20015,18120,16493,16033,16369,15993,16173,16731,18695,19895,18598,13682,7512,2504,419,28,377536,31620,0
Nigeria,1963,632034,195302,343077,147775,36473,15362,16436,38699,32931,32901,33361,38799,33139,10382,474,20284,18415,16715,16216,16589,16312,16376,16985,18592,20207,19064,14075,7746,2636,444,30,379550,31798,1
Nigeria,1964,643364,198220,348044,149824,37318,15764,16469,39586,33613,33693,34100,39238,34213,10813,508,20738,18848,17079,16534,16937,16756,16730,17370,18674,20564,19638,14575,8035,2778,476,32,385362,32233,1
Nigeria,1965,650088,201544,353846,152302,37400,15808,16157,39713,33644,33795,34265,39067,34752,11103,536,20810,18903,17119,16525,16946,16849,16825,17440,18547,20520,19879,14873,8225,2878,502,34,391246,31965,1
Nigeria,1966,660250,205247,358637,153390,37694,15930,16293,41276,34584,34453,34847,39159,35395,11408,571,21648,19628,17660,16924,17265,17188,17159,17688,18663,20496,20181,15214,8435,2973,534,37,396331,32223,1
Nigeria,1967,718657,211945,373558,161613,40010,17075,19368,54062,42698,39870,38999,42145,38052,12191,624,28432,25630,22206,20492,20151,19719,19382,19617,20368,21777,21683,16369,9017,3174,583,41,413568,36443,1
Nigeria,1968,709029,213663,374739,161076,39058,16474,18326,51687,41285,38451,37768,40604,37616,12368,655,27063,24624,21551,19734,19420,19031,18834,18934,19788,20816,21290,16326,9121,3247,612,43,413797,34800,1
Nigeria,1969,716321,217259,380524,163265,39313,16539,18499,51262,41430,38529,38099,40633,38066,12736,693,26579,24683,21642,19788,19440,19089,19048,19051,19973,20660,21414,16652,9376,3360,646,47,419837,35038,1
Nigeria,1970,696888,219823,383690,163867,39417,16451,16653,41525,35794,35411,36602,39695,37878,13042,728,21229,20296,18367,17427,17670,17741,18222,18380,19541,20154,21115,16763,9576,3466,677,51,423107,33104,2
Nigeria,1971,691973,220423,381611,161188,39416,16480,16369,39716,34951,34921,36579,39689,38012,13463,769,20116,19600,17874,17077,17389,17532,18179,18400,19568,20121,20988,17024,9860,3603,713,56,421027,32849,2
Nigeria,1972,689269,220770,379623,158853,39106,16400,16314,39145,34719,34672,36663,39792,38110,13913,810,19727,19418,17736,16983,17261,17411,18173,18490,19591,20201,20790,17320,10162,3751,751,59,418729,32714,2
Nigeria,1973,686391,220983,377592,156609,38710,16317,16277,38630,34539,34431,36696,39907,38080,14354,854,19530,19100,17626,16913,17154,17277,18130,18566,19584,20323,20533,17547,10450,3904,790,64,416302,32594,2
Nigeria,1974,686630,222188,376486,154298,38661,16365,16353,38408,34613,34438,36951,40298,38258,14887,908,19677,18731,17658,16955,17173,17265,18198,18753,19731,20567,20465,17793,10798,4089,838,70,415147,32718,2
Nigeria,1975,686890,223676,376459,152783,38470,16307,16365,38088,34567,34313,37028,40582,38349,15391,965,19770,18318,17646,16921,17130,17183,18191,18837,19850,20732,20440,17909,11110,4281,889,76,414929,32672,3
Nigeria,1976,683439,224274,375658,151384,37620,15947,16188,37400,34117,33841,36813,40678,38293,15854,1024,19585,17815,17427,16690,16898,16943,18039,18774,19898,20780,20425,17868,11383,4471,943,81,413278,32135,3
Nigeria,1977,685976,225330,375724,150394,37698,15921,16291,37385,34180,33973,37114,41335,38739,16509,1101,19718,17667,17448,16732,16975,16998,18149,18965,20261,21074,20775,17964,11793,4716,1011,90,413422,32212,3
Nigeria,1978,697330,227372,377534,150162,39087,16388,16801,38447,34963,34949,38129,42678,39796,17361,1193,20333,18114,17769,17194,17485,17464,18622,19507,20987,21691,21509,18287,12336,5025,1094,99,416621,33189,4
Nigeria,1979,710808,228714,379589,150875,40884,16983,17412,39883,35775,36127,39329,44252,41078,18206,1291,21051,18832,18002,17773,18089,18038,19189,20140,21807,22445,22343,18735,12856,5350,1183,108,420473,34395,4
Nigeria,1980,728396,230390,382654,152264,43060,17726,18264,42123,37125,37680,40810,46061,42520,18975,1391,22189,19934,18506,18619,18888,18792,19905,20905,22720,23341,23221,19299,13310,5665,1275,116,425714,35990,5
Nigeria,1981,740669,232398,385657,153259,44929,18347,18659,42899,37613,38569,41752,47435,43731,19583,1490,22582,20317,18590,19023,19321,19248,20354,21398,23365,24070,23905,19826,13627,5956,1363,127,430586,37006,5
Nigeria,1982,761561,235843,391608,155765,47540,19330,19439,44792,38900,40136,43267,49341,45381,20226,1596,23575,21217,19132,19768,20093,20043,21102,22165,24252,25089,24780,20601,13955,6271,1458,138,439148,38769,6
Nigeria,1983,778038,240747,399622,158875,49050,19911,19811,45680,39345,40931,44118,50630,46590,20650,1690,24052,21628,19404,19941,20460,20471,21526,22592,24793,25837,25370,21220,14132,6518,1542,148,448672,39722,6
Nigeria,1984,794135,243485,405508,162023,50942,20728,20352,46920,40039,41985,45131,51927,47796,21022,1777,24722,22198,19995,20044,20979,21006,22041,23090,25351,26576,25986,21810,14318,6704,1619,158,456450,41080,7
Nigeria,1985,822234,247470,413757,166287,54489,22323,21445,49292,41754,44138,47162,54245,49953,21787,1885,25972,23320,21111,20643,22075,22063,23060,24102,26437,27808,27171,22782,14832,6955,1715,170,468246,43768,7
Nigeria,1986,848434,251652,422546,170894,57171,23695,22466,51360,43174,45992,49058,56410,52046,22520,1986,27063,24297,22006,21168,23009,22983,24008,25050,27458,28952,28348,23698,15375,7145,1804,182,479717,46161,8
Nigeria,1987,869371,256484,431244,174760,58921,24733,23296,52804,44101,47179,50402,57944,53616,23056,2064,27812,24992,22632,21469,23586,23593,24697,25705,28170,29774,29281,24335,15826,7230,1873,191,490165,48029,8
Nigeria,1988,889047,262023,439830,177807,60331,25697,24134,54160,45093,48055,51643,59301,55090,23570,2133,28507,25653,23208,21885,23916,24139,25336,26307,28804,30497,30176,24914,16275,7295,1933,200,500161,49831,9
Nigeria,1989,908831,269190,449806,180616,61330,26515,24983,55446,46193,48587,52748,60493,56469,24068,2186,29179,26267,23728,22465,23946,24641,25898,26850,29355,31138,30987,25482,16689,7379,1977,209,511136,51498,9
Nigeria,1990,937102,275505,458852,183347,63690,27984,26455,58002,48342,50223,54933,62731,58738,24896,2246,30544,27458,24775,23567,24490,25733,26971,27962,30445,32286,32261,26477,17311,7585,2027,219,522542,54439,10
Nigeria,1991,973427,281401,468889,187488,66904,29926,28452,61694,51339,52809,57949,65751,61525,25881,2297,32545,29149,26304,25035,25549,27260,28443,29506,31952,33799,33812,27713,18021,7860,2069,228,535793,58378,10
Nigeria,1992,998179,286666,477010,190344,68584,31075,29823,64044,53073,54165,59876,67801,63725,26668,2324,33933,30111,27191,25882,26056,28109,29348,30528,32961,34840,34957,28768,18565,8103,2088,236,545594,60898,11
Nigeria,1993,1019673,293078,486507,193429,69463,31812,30997,66034,54456,55053,61303,69264,65261,27183,2328,35159,30875,27913,26543,26559,28494,30013,31290,33699,35565,35720,29541,18909,8274,2088,240,555970,62809,11
Nigeria,1994,1050875,299222,494689,195467,72367,33363,32782,69463,56973,57134,63988,71923,67757,28064,2360,37181,32282,29211,27762,27910,29224,31305,32683,35065,36858,37035,30722,19536,8528,2115,245,567056,66145,12
Nigeria,1995,1079681,304019,502703,198684,74854,34529,34364,72937,59311,58926,66410,74344,70008,28891,2396,39249,33688,30425,28886,29159,29767,32506,33904,36302,38042,38230,31778,20142,8749,2149,247,577557,68893,12
Nigeria,1996,1102228,306957,507225,200268,77084,35458,35724,76176,61345,60432,68476,76459,71847,29566,2420,41161,35015,31467,29878,30166,30266,33539,34937,37397,39062,39220,32627,20662,8904,2177,243,584309,71182,12
Nigeria,1997,1112030,307507,507676,200169,77994,35601,36437,78441,62425,61034,69459,77679,72844,29988,2438,42499,35942,32013,30412,30685,30349,34004,35455,38043,39636,39747,33097,21013,8975,2197,241,585670,72038,12
Nigeria,1998,1114679,307300,506062,198762,78249,35350,36696,79978,62909,61297,69601,78391,73374,30309,2452,43397,36581,32246,30663,30913,30384,33930,35671,38419,39972,40015,33359,21288,9021,2215,237,584311,72046,12
Nigeria,1999,1118022,309673,505290,195617,78246,35044,36917,81971,63609,61836,69346,78942,73735,30601,2471,44460,37511,32630,30979,31138,30698,33493,35853,38699,40243,40189,33546,21515,9086,2233,238,583536,71961,12
Nigeria,2000,1119059,311873,503837,191964,78039,34709,36838,83409,64008,62125,68928,79399,74225,31023,2505,45117,38292,32885,31123,31226,30899,32949,35979,38893,40506,40406,33819,21800,9223,2264,241,581876,71547,12
Nigeria,2001,1126872,313260,502019,188759,79419,35205,37038,84935,64938,63076,69535,80816,75555,31759,2563,45741,39194,33411,31527,31681,31395,32955,36580,39559,41257,41106,34449,22295,9464,2318,245,581438,72243,13
Nigeria,2002,1142809,313395,500673,187278,81498,36153,37665,87790,66930,64861,70927,83115,77701,32831,2646,47035,40755,34567,32363,32577,32284,33425,37502,40626,42489,42259,35442,23001,9830,2391,255,582171,73818,13
Nigeria,2003,1148172,312712,497842,185130,82093,36561,37709,89355,68067,65697,71299,84377,78919,33534,2707,47572,41783,35331,32736,33009,32688,33692,37607,41161,43216,42915,36004,23437,10097,2445,262,579935,74270,13
Nigeria,2004,1156824,310951,494104,183153,83310,37257,38046,91345,69772,66934,72077,86156,80600,34416,2791,48315,43030,36420,33352,33651,33283,34498,37579,41981,44175,43832,36768,24001,10415,2520,271,577414,75303,13
Nigeria,2005,1158342,309629,489030,179401,83993,37617,38055,91914,70844,67508,72246,87324,81801,35123,2873,48316,43598,37179,33665,33943,33565,35021,37225,42526,44798,44479,37322,24448,10675,2595,278,573023,75672,14
Nigeria,2006,1161321,308801,485342,176541,84375,37824,38153,92336,71984,68023,72506,88612,83240,35935,2976,48264,44072,37934,34050,34176,33847,35440,37066,43132,45480,45249,37991,24966,10969,2687,289,569717,75977,14
Nigeria,2007,1172328,308043,481962,173919,86249,38599,38836,93695,74115,69353,73562,90486,85372,36986,3097,48710,44985,39162,34953,34808,34545,36211,37351,43991,46495,46412,38960,25656,11330,2798,299,568211,77435,15
Nigeria,2008,1181526,308782,480706,171924,87358,38977,39374,94327,75875,70259,74543,91673,87260,37934,3223,48820,45507,40153,35722,35214,35045,36796,37747,44332,47341,47436,39824,26272,11662,2912,311,568064,78351,15
Nigeria,2009,1186315,309536,480244,170708,87191,38899,39651,94347,77119,70638,75392,91978,88744,38760,3341,48722,45625,40801,36318,35365,35273,37116,38276,43992,47986,48206,40538,26795,11965,3018,323,567435,78550,16
Nigeria,2010,1200129,310315,480443,170128,88784,39716,40431,95208,79160,71953,77036,93105,90923,39876,3480,49173,46035,41743,37417,36030,35923,37824,39212,44017,49088,49349,41574,27522,12354,3142,338,569227,80147,17
Nigeria,2011,1208010,311730,481806,170076,88664,39907,40794,95231,80290,72550,77897,93732,92625,40876,3616,49324,45907,42157,38133,36382,36168,38218,39679,43876,49856,50178,42447,28162,12714,3260,356,570470,80701,18
Nigeria,2012,1227657,312722,483323,170601,90554,41054,41855,96977,82731,74482,79863,95421,95323,42280,3781,50456,46521,43215,39516,37491,36991,39175,40688,44375,51046,51526,43797,29093,13187,3405,376,573877,82909,18
Nigeria,2013,1244884,313039,484397,171358,91742,41959,42760,98726,84928,76295,81663,96889,97905,43650,3947,51675,47051,44101,40827,38588,37707,40061,41602,45139,51750,52795,45110,30002,13648,3549,398,576139,84719,19
Nigeria,2014,1267822,314063,486014,171951,93498,43124,44075,101774,87777,78834,83909,98721,100833,45129,4116,53574,48200,45313,42464,40104,38730,41188,42721,46577,52144,54299,46534,30994,14135,3698,418,579512,87199,21
Nigeria,2015,1290261,314798,486557,171759,96049,44614,45388,104134,90009,81552,86234,100673,104002,46724,4296,55053,49081,46151,43858,41715,39837,42336,43898,48111,52562,55974,48028,32068,14656,3857,439,582606,90002,22
Nigeria,2016,1298058,315216,485546,170330,96398,45112,45863,104066,90058,82931,87416,101697,106361,48121,4465,55212,48854,45840,44218,42558,40373,42884,44532,48983,52714,57183,49178,32994,15127,4005,460,581944,90975,23
Nigeria,2017,1316888,315268,484378,169110,97920,46240,47286,106445,91649,85720,89639,103760,109324,49846,4652,56589,49856,46368,45281,44094,41626,43929,45710,50323,53437,58675,50649,34158,15688,4170,482,582298,93526,24
Nigeria,2018,1327421,314090,480919,166829,97804,46744,48467,108358,92484,88002,91327,105717,111331,51413,4826,57632,50726,46576,45908,45322,42680,44702,46625,51391,54326,59412,51919,35210,16203,4323,503,578723,95211,26
Nigeria,2019,1337011,311767,475033,163266,98082,47554,49716,110290,93336,90502,93188,108347,112920,53012,5003,58658,51632,46868,46468,46567,43935,45576,47612,52514,55833,59628,53292,36273,16739,4479,524,573115,97270,27
Nigeria,2020,1382264,309637,470378,160741,96698,47471,49444,109123,92693,95787,102787,125032,126363,60841,5623,58231,50892,46136,46557,48733,47054,49650,53137,60259,64773,66859,59504,41243,19598,5044,579,567076,96915,30
Nigeria,2021,1422524,307656,465315,157659,95876,47821,51520,114011,96805,102221,110192,134083,134819,64080,5748,60704,53307,48125,48680,51375,50846,53261,56931,64124,69959,70648,64171,43655,20425,5160,588,561191,99341,30
Niue,1950,33,10,12,2,0,0,0,0,0,0,0,0,0,0,0,0,0,0,0,0,0,0,0,0,0,0,0,0,0,0,0,12,0,0
Niue,1951,33,10,12,2,0,0,0,0,0,0,0,0,0,0,0,0,0,0,0,0,0,0,0,0,0,0,0,0,0,0,0,12,0,0
Niue,1952,34,10,13,3,0,0,0,0,0,0,0,0,0,0,0,0,0,0,0,0,0,0,0,0,0,0,0,0,0,0,0,13,0,0
Niue,1953,33,10,13,3,0,0,0,0,0,0,0,0,0,0,0,0,0,0,0,0,0,0,0,0,0,0,0,0,0,0,0,13,0,0
Niue,1954,33,10,13,3,0,0,0,0,0,0,0,0,0,0,0,0,0,0,0,0,0,0,0,0,0,0,0,0,0,0,0,13,0,0
Niue,1955,32,10,13,3,0,0,0,0,0,0,0,0,0,0,0,0,0,0,0,0,0,0,0,0,0,0,0,0,0,0,0,13,0,0
Niue,1956,32,10,13,3,0,0,0,0,0,0,0,0,0,0,0,0,0,0,0,0,0,0,0,0,0,0,0,0,0,0,0,13,0,0
Niue,1957,32,10,13,3,0,0,0,0,0,0,0,0,0,0,0,0,0,0,0,0,0,0,0,0,0,0,0,0,0,0,0,13,0,0
Niue,1958,31,10,13,3,0,0,0,0,0,0,0,0,0,0,0,0,0,0,0,0,0,0,0,0,0,0,0,0,0,0,0,13,0,0
Niue,1959,30,9,12,3,0,0,0,0,0,0,0,0,0,0,0,0,0,0,0,0,0,0,0,0,0,0,0,0,0,0,0,12,0,0
Niue,1960,30,9,12,3,0,0,0,0,0,0,0,0,0,0,0,0,0,0,0,0,0,0,0,0,0,0,0,0,0,0,0,12,0,0
Niue,1961,29,8,11,3,0,0,0,0,0,0,0,0,0,0,0,0,0,0,0,0,0,0,0,0,0,0,0,0,0,0,0,11,0,0
Niue,1962,29,8,11,3,0,0,0,0,0,0,0,0,1,0,0,0,0,0,0,0,0,0,0,0,0,1,0,0,0,0,0,11,0,0
Niue,1963,29,8,10,2,0,0,0,0,0,0,0,0,2,0,0,0,0,0,0,0,0,0,0,0,0,2,0,0,0,0,0,10,0,0
Niue,1964,29,8,10,2,0,0,0,0,0,0,0,0,3,0,0,0,0,0,0,0,0,0,0,0,0,2,1,0,0,0,0,10,0,0
Niue,1965,29,7,9,2,0,0,0,0,0,0,0,2,2,0,0,0,0,0,0,0,0,0,0,0,2,1,1,0,0,0,0,9,0,0
Niue,1966,29,7,9,2,0,0,0,0,0,0,0,2,3,0,0,0,0,0,0,0,0,0,0,0,2,1,2,0,0,0,0,9,0,0
Niue,1967,29,7,8,1,0,0,0,0,0,0,0,2,2,0,0,0,0,0,0,0,0,0,0,0,2,2,0,0,0,0,0,8,0,0
Niue,1968,28,6,7,1,0,0,0,0,0,0,0,2,2,0,0,0,0,0,0,0,0,0,0,0,2,2,0,0,0,0,0,7,0,0
Niue,1969,28,6,6,0,0,0,0,0,0,0,0,1,2,0,0,0,0,0,0,0,0,0,0,0,1,2,0,0,0,0,0,6,0,0
Niue,1970,27,5,5,0,0,0,0,0,0,0,0,2,2,0,0,0,0,0,0,0,0,0,0,0,2,2,0,0,0,0,0,5,0,0
Niue,1971,26,4,4,0,0,0,0,0,0,0,0,2,2,0,0,0,0,0,0,0,0,0,0,0,2,1,1,0,0,0,0,4,0,0
Niue,1972,25,4,4,0,0,0,0,0,0,0,0,3,2,0,0,0,0,0,0,0,0,0,0,1,2,0,2,0,0,0,0,4,0,0
Niue,1973,24,3,3,0,0,0,0,0,0,0,0,4,2,0,0,0,0,0,0,0,0,0,0,1,3,1,1,0,0,0,0,3,0,0
Niue,1974,22,3,3,0,0,0,0,0,0,0,0,3,2,0,0,0,0,0,0,0,0,0,0,1,2,2,0,0,0,0,0,3,0,0
Niue,1975,21,3,3,0,0,0,0,0,0,0,0,3,3,0,0,0,0,0,0,0,0,0,0,0,3,3,0,0,0,0,0,3,0,0
Niue,1976,20,2,2,0,0,0,0,0,0,0,0,4,4,0,0,0,0,0,0,0,0,0,0,0,4,4,0,0,0,0,0,2,0,0
Niue,1977,19,2,2,0,0,0,0,0,0,0,0,3,4,0,0,0,0,0,0,0,0,0,0,0,3,4,0,0,0,0,0,2,0,0
Niue,1978,18,2,2,0,0,0,0,0,0,0,0,2,1,0,0,0,0,0,0,0,0,0,0,0,2,1,0,0,0,0,0,2,0,0
Niue,1979,17,2,2,0,0,0,0,0,0,0,0,2,1,0,0,0,0,0,0,0,0,0,0,0,2,0,1,0,0,0,0,2,0,0
Niue,1980,17,1,1,0,0,0,0,0,0,0,0,1,2,0,0,0,0,0,0,0,0,0,0,0,1,1,1,0,0,0,0,1,0,0
Niue,1981,16,1,1,0,0,0,0,0,0,0,0,0,1,0,0,0,0,0,0,0,0,0,0,0,0,1,0,0,0,0,0,1,0,0
Niue,1982,16,1,1,0,0,0,0,0,0,0,0,0,1,0,0,0,0,0,0,0,0,0,0,0,0,1,0,0,0,0,0,1,0,0
Niue,1983,15,1,1,0,0,0,0,0,0,0,0,0,1,0,0,0,0,0,0,0,0,0,0,0,0,1,0,0,0,0,0,1,0,0
Niue,1984,15,1,1,0,0,0,0,0,0,0,0,0,1,0,0,0,0,0,0,0,0,0,0,0,0,1,0,0,0,0,0,1,0,0
Niue,1985,14,1,1,0,0,0,0,0,0,0,0,0,1,0,0,0,0,0,0,0,0,0,0,0,0,0,1,0,0,0,0,1,0,0
Niue,1986,14,1,1,0,0,0,0,0,0,0,0,0,1,0,0,0,0,0,0,0,0,0,0,0,0,0,1,0,0,0,0,1,0,0
Niue,1987,14,1,1,0,0,0,0,0,0,0,0,0,1,0,0,0,0,0,0,0,0,0,0,0,0,0,1,0,0,0,0,1,0,0
Niue,1988,14,1,1,0,0,0,0,0,0,0,0,0,1,0,0,0,0,0,0,0,0,0,0,0,0,0,1,0,0,0,0,1,0,0
Niue,1989,14,1,1,0,0,0,0,0,0,0,0,0,1,0,0,0,0,0,0,0,0,0,0,0,0,0,1,0,0,0,0,1,0,0
Niue,1990,15,1,1,0,0,0,0,0,0,0,0,0,0,0,0,0,0,0,0,0,0,0,0,0,0,0,0,0,0,0,0,1,0,0
Niue,1991,15,1,1,0,0,0,0,0,0,0,0,0,0,0,0,0,0,0,0,0,0,0,0,0,0,0,0,0,0,0,0,1,0,0
Niue,1992,15,1,1,0,0,0,0,0,0,0,0,0,0,0,0,0,0,0,0,0,0,0,0,0,0,0,0,0,0,0,0,1,0,0
Niue,1993,15,1,1,0,0,0,0,0,0,0,0,0,0,0,0,0,0,0,0,0,0,0,0,0,0,0,0,0,0,0,0,1,0,0
Niue,1994,15,1,1,0,0,0,0,0,0,0,0,0,0,0,0,0,0,0,0,0,0,0,0,0,0,0,0,0,0,0,0,1,0,0
Niue,1995,15,1,1,0,0,0,0,0,0,0,0,0,0,0,0,0,0,0,0,0,0,0,0,0,0,0,0,0,0,0,0,1,0,0
Niue,1996,15,1,1,0,0,0,0,0,0,0,0,0,0,0,0,0,0,0,0,0,0,0,0,0,0,0,0,0,0,0,0,1,0,0
Niue,1997,15,1,1,0,0,0,0,0,0,0,0,0,0,0,0,0,0,0,0,0,0,0,0,0,0,0,0,0,0,0,0,1,0,0
Niue,1998,14,1,1,0,0,0,0,0,0,0,0,0,0,0,0,0,0,0,0,0,0,0,0,0,0,0,0,0,0,0,0,1,0,0
Niue,1999,15,1,1,0,0,0,0,0,0,0,0,0,0,0,0,0,0,0,0,0,0,0,0,0,0,0,0,0,0,0,0,1,0,0
Niue,2000,14,1,1,0,0,0,0,0,0,0,0,0,0,0,0,0,0,0,0,0,0,0,0,0,0,0,0,0,0,0,0,1,0,0
Niue,2001,14,1,1,0,0,0,0,0,0,0,0,0,0,0,0,0,0,0,0,0,0,0,0,0,0,0,0,0,0,0,0,1,0,0
Niue,2002,14,1,1,0,0,0,0,0,0,0,0,0,0,0,0,0,0,0,0,0,0,0,0,0,0,0,0,0,0,0,0,1,0,0
Niue,2003,14,1,1,0,0,0,0,0,0,0,0,0,0,0,0,0,0,0,0,0,0,0,0,0,0,0,0,0,0,0,0,1,0,0
Niue,2004,14,1,1,0,0,0,0,0,0,0,0,0,2,0,0,0,0,0,0,0,0,0,0,0,0,2,0,0,0,0,0,1,0,0
Niue,2005,14,1,1,0,0,0,0,0,0,0,0,0,2,0,0,0,0,0,0,0,0,0,0,0,0,2,0,0,0,0,0,1,0,0
Niue,2006,13,1,1,0,0,0,0,0,0,0,0,0,2,0,0,0,0,0,0,0,0,0,0,0,0,2,0,0,0,0,0,1,0,0
Niue,2007,13,1,1,0,0,0,0,0,0,0,0,0,2,0,0,0,0,0,0,0,0,0,0,0,0,2,0,0,0,0,0,1,0,0
Niue,2008,13,1,1,0,0,0,0,0,0,0,0,0,2,0,0,0,0,0,0,0,0,0,0,0,0,1,1,0,0,0,0,1,0,0
Niue,2009,13,1,1,0,0,0,0,0,0,0,0,0,1,0,0,0,0,0,0,0,0,0,0,0,0,0,1,0,0,0,0,1,0,0
Niue,2010,12,1,1,0,0,0,0,0,0,0,0,0,0,0,0,0,0,0,0,0,0,0,0,0,0,0,0,0,0,0,0,1,0,0
Niue,2011,12,0,0,0,0,0,0,0,0,0,0,0,0,0,0,0,0,0,0,0,0,0,0,0,0,0,0,0,0,0,0,0,0,0
Niue,2012,12,0,0,0,0,0,0,0,0,0,0,0,0,0,0,0,0,0,0,0,0,0,0,0,0,0,0,0,0,0,0,0,0,0
Niue,2013,12,0,0,0,0,0,0,0,0,0,0,0,0,0,0,0,0,0,0,0,0,0,0,0,0,0,0,0,0,0,0,0,0,0
Niue,2014,12,0,0,0,0,0,0,0,0,0,0,0,0,0,0,0,0,0,0,0,0,0,0,0,0,0,0,0,0,0,0,0,0,0
Niue,2015,12,0,0,0,0,0,0,0,0,0,0,0,0,0,0,0,0,0,0,0,0,0,0,0,0,0,0,0,0,0,0,0,0,0
Niue,2016,12,0,0,0,0,0,0,0,0,0,0,0,0,0,0,0,0,0,0,0,0,0,0,0,0,0,0,0,0,0,0,0,0,0
Niue,2017,12,0,0,0,0,0,0,0,0,0,0,0,1,0,0,0,0,0,0,0,0,0,0,0,0,1,0,0,0,0,0,0,0,0
Niue,2018,12,0,0,0,0,0,0,0,0,0,0,0,1,0,0,0,0,0,0,0,0,0,0,0,0,1,0,0,0,0,0,0,0,0
Niue,2019,12,0,0,0,0,0,0,0,0,0,0,0,2,0,0,0,0,0,0,0,0,0,0,0,0,0,2,0,0,0,0,0,0,0
Niue,2020,12,0,0,0,0,0,0,0,0,0,0,0,2,0,0,0,0,0,0,0,0,0,0,0,0,0,2,0,0,0,0,0,0,0
Niue,2021,12,0,0,0,0,0,0,0,0,0,0,0,2,0,0,0,0,0,0,0,0,0,0,0,0,0,2,0,0,0,0,0,0,0
North Korea,1950,551957,59999,123169,63170,24901,15294,41794,126193,76530,48251,41346,33472,17420,3424,157,69175,57018,41990,34540,25048,23203,21005,20341,17419,16053,10195,7225,2540,884,145,12,148070,57088,1
North Korea,1951,372768,34959,82268,47309,19459,12119,30693,81185,49641,32551,28257,22903,11623,2049,20,45306,35879,26962,22679,17055,15496,14341,13916,11958,10945,7121,4502,1649,400,20,0,101727,42812,0
North Korea,1952,151806,19589,41963,22374,10273,5935,11477,25636,16015,11817,11256,10199,6043,1180,12,14618,11018,8553,7462,6214,5603,5605,5651,5243,4956,3743,2300,1014,166,12,0,52236,17412,0
North Korea,1953,108177,18982,33363,14381,8108,4565,7713,15287,9486,7765,7923,7791,5158,1015,3,8953,6334,5003,4483,4120,3645,3883,4040,3990,3801,3265,1893,913,102,3,0,41471,12278,0
North Korea,1954,66738,18076,27185,9109,5890,3115,3257,4757,3450,3777,4648,5432,4310,915,2,2828,1929,1713,1737,1942,1835,2192,2456,2712,2720,2692,1618,820,95,2,0,33075,6372,0
North Korea,1955,65939,18254,26268,8014,5573,2979,3304,4959,3344,3746,4623,5555,4634,951,1,3006,1953,1661,1683,1927,1819,2159,2464,2770,2785,2869,1765,837,114,1,0,31841,6283,0
North Korea,1956,64634,17213,24902,7689,5036,2855,3314,5232,3278,3733,4597,5699,4979,1003,2,3212,2020,1635,1643,1899,1834,2122,2475,2826,2873,3007,1972,855,148,2,0,29938,6169,0
North Korea,1957,66480,18979,26764,7785,4348,2733,3274,5558,3244,3738,4565,5860,5331,1060,2,3431,2127,1629,1615,1856,1882,2074,2491,2875,2985,3098,2233,875,185,2,0,31112,6007,0
North Korea,1958,67921,19810,27909,8099,3962,2590,3189,5916,3228,3759,4535,6027,5673,1131,4,3630,2286,1638,1590,1814,1945,2031,2504,2918,3109,3162,2511,913,218,4,0,31871,5779,0
North Korea,1959,67090,17765,26399,8634,3881,2442,3088,6267,3246,3776,4536,6204,6006,1236,8,3778,2489,1675,1571,1787,1989,2019,2517,2970,3234,3249,2757,994,242,8,0,30280,5530,0
North Korea,1960,67232,17182,26021,8839,3914,2304,2958,6520,3276,3751,4523,6324,6269,1357,14,3832,2688,1729,1547,1758,1993,2020,2503,2999,3325,3337,2932,1103,254,14,0,29935,5262,0
North Korea,1961,67410,16538,25449,8911,4071,2098,2847,6756,3358,3732,4553,6469,6544,1513,20,3849,2907,1816,1542,1745,1987,2059,2494,3044,3425,3468,3076,1250,263,20,0,29520,4945,0
North Korea,1962,68262,16876,25585,8709,4394,1827,2730,6912,3467,3685,4585,6585,6777,1685,24,3792,3120,1925,1542,1730,1955,2127,2458,3082,3503,3615,3162,1415,270,24,0,29979,4557,0
North Korea,1963,69366,17876,26085,8209,4717,1655,2591,6966,3604,3614,4613,6663,6972,1856,29,3669,3297,2060,1544,1706,1908,2198,2415,3104,3559,3760,3212,1575,281,29,0,30802,4246,0
North Korea,1964,69654,17754,25680,7926,4819,1596,2459,6979,3820,3579,4675,6773,7222,2024,31,3541,3438,2244,1576,1694,1885,2259,2416,3134,3639,3921,3301,1715,309,31,0,30499,4055,0
North Korea,1965,69242,17248,24871,7623,4726,1568,2333,6897,4063,3547,4729,6852,7462,2160,32,3393,3504,2433,1630,1681,1866,2284,2445,3146,3706,4056,3406,1813,347,32,0,29597,3901,0
North Korea,1966,68925,17090,24283,7193,4582,1601,2139,6761,4326,3528,4783,6908,7703,2273,33,3248,3513,2624,1702,1678,1850,2282,2501,3141,3767,4175,3528,1881,392,32,1,28865,3740,0
North Korea,1967,69175,17512,24285,6773,4392,1733,1894,6574,4617,3526,4854,6946,7958,2366,35,3105,3469,2818,1799,1686,1840,2253,2601,3113,3833,4281,3677,1923,443,34,1,28677,3627,0
North Korea,1968,67923,16378,22780,6402,4229,1867,1710,6315,4914,3525,4929,6978,8201,2443,36,2943,3372,2987,1927,1702,1823,2214,2715,3085,3893,4373,3828,1954,489,35,1,27009,3577,0
North Korea,1969,66582,15295,21333,6038,4125,1897,1600,5991,5167,3530,4971,7002,8406,2515,40,2757,3234,3088,2079,1730,1800,2178,2793,3079,3923,4449,3957,1994,521,39,1,25458,3497,0
North Korea,1970,65864,14423,20158,5735,4083,1875,1534,5730,5415,3603,5029,7117,8660,2614,45,2612,3118,3158,2257,1804,1799,2174,2855,3144,3973,4560,4100,2067,547,44,1,24241,3409,0
North Korea,1971,64791,13357,18784,5427,4051,1832,1556,5374,5599,3693,5043,7231,8868,2708,50,2381,2993,3167,2432,1892,1801,2167,2876,3240,3991,4654,4214,2144,564,49,1,22835,3388,0
North Korea,1972,64316,12985,18032,5047,4069,1757,1692,4947,5723,3816,5018,7357,9053,2796,57,2085,2862,3119,2604,2005,1811,2159,2859,3385,3972,4744,4309,2225,571,56,1,22101,3449,0
North Korea,1973,62332,11004,15683,4679,4056,1678,1828,4596,5789,3997,4988,7522,9238,2894,60,1877,2719,3032,2757,2163,1834,2152,2836,3559,3963,4836,4402,2314,580,59,1,19739,3506,0
North Korea,1974,60757,9586,13880,4294,3969,1625,1883,4326,5768,4222,4965,7688,9388,2978,63,1767,2559,2913,2855,2347,1875,2142,2823,3694,3994,4902,4486,2388,590,62,1,17849,3508,0
North Korea,1975,59636,8724,12563,3839,3854,1587,1877,4114,5687,4494,4956,7861,9518,3059,65,1699,2415,2788,2899,2545,1949,2134,2822,3781,4080,4952,4566,2451,608,64,1,16417,3464,0
North Korea,1976,57858,7734,11102,3368,3647,1547,1833,3876,5503,4747,4923,7967,9536,3106,66,1701,2175,2637,2866,2723,2024,2119,2804,3787,4180,4933,4603,2483,623,64,2,14749,3380,0
North Korea,1977,57004,7121,10062,2941,3445,1546,1762,3740,5334,5078,4958,8191,9627,3188,68,1835,1905,2519,2815,2928,2150,2139,2819,3790,4401,4931,4696,2539,649,66,2,13507,3308,0
North Korea,1978,56524,6849,9427,2578,3190,1529,1662,3680,5108,5431,5006,8439,9720,3266,69,1963,1717,2384,2724,3112,2319,2173,2833,3783,4656,4935,4785,2592,674,67,2,12617,3191,0
North Korea,1979,56398,6757,9095,2338,2886,1490,1600,3630,4858,5779,5086,8684,9876,3342,70,2009,1621,2242,2616,3249,2530,2235,2851,3802,4882,5012,4864,2648,694,68,2,11981,3090,0
North Korea,1980,56244,6621,8781,2160,2571,1445,1563,3540,4612,6076,5209,8887,10075,3408,72,1980,1560,2115,2497,3323,2753,2335,2874,3841,5046,5157,4918,2696,712,70,2,11352,3008,0
North Korea,1981,56104,6518,8549,2031,2262,1377,1539,3508,4294,6320,5369,9032,10313,3466,75,1928,1580,1917,2377,3338,2982,2457,2912,3886,5146,5372,4941,2741,725,73,2,10811,2916,0
North Korea,1982,55881,6301,8237,1936,1969,1294,1534,3536,3926,6501,5584,9115,10594,3517,76,1835,1701,1668,2258,3293,3208,2619,2965,3932,5183,5672,4922,2783,734,74,2,10206,2828,0
North Korea,1983,55778,6086,7945,1859,1728,1186,1510,3534,3616,6607,5869,9193,10942,3566,77,1717,1817,1494,2122,3197,3410,2831,3038,3981,5212,6024,4918,2822,744,75,2,9673,2696,0
North Korea,1984,55715,5930,7710,1780,1550,1061,1465,3479,3376,6606,6226,9278,11291,3594,79,1633,1846,1402,1974,3065,3541,3083,3143,4020,5258,6311,4980,2843,751,77,2,9260,2526,0
North Korea,1985,55814,5853,7578,1725,1410,935,1414,3378,3185,6526,6650,9410,11639,3609,80,1569,1809,1346,1839,2923,3603,3349,3301,4072,5338,6523,5116,2851,758,78,2,8988,2349,0
North Korea,1986,56122,5890,7608,1718,1296,815,1346,3270,3005,6385,7129,9585,11998,3609,81,1520,1750,1352,1653,2780,3605,3627,3502,4149,5436,6666,5332,2845,764,78,3,8904,2161,0
North Korea,1987,56897,6023,7836,1813,1214,704,1264,3162,2883,6209,7701,9835,12414,3601,81,1499,1663,1449,1434,2650,3559,3928,3773,4271,5564,6764,5650,2827,774,78,3,9050,1968,0
North Korea,1988,57548,6331,8249,1918,1108,597,1142,2971,2781,5907,8270,10065,12787,3586,81,1438,1533,1520,1261,2480,3427,4167,4103,4397,5668,6817,5970,2809,777,78,3,9357,1739,0
North Korea,1989,58635,6811,8948,2137,1012,522,1017,2808,2680,5578,8848,10364,13152,3623,81,1364,1444,1521,1159,2307,3271,4338,4510,4586,5778,6921,6231,2847,776,78,3,9960,1539,0
North Korea,1990,60185,7645,10098,2453,919,460,890,2654,2541,5244,9365,10763,13472,3698,80,1282,1372,1464,1077,2144,3100,4421,4944,4856,5907,7065,6407,2928,770,78,2,11017,1350,0
North Korea,1991,61883,8719,11598,2879,825,405,759,2481,2425,4824,9780,11219,13686,3794,80,1179,1302,1379,1046,1911,2913,4404,5376,5168,6051,7200,6486,3038,756,78,2,12423,1164,0
North Korea,1992,62511,8631,11464,2833,738,363,637,2327,2375,4403,10222,11928,14006,3965,80,1067,1260,1279,1096,1654,2749,4345,5877,5624,6304,7429,6577,3219,746,78,2,12202,1000,0
North Korea,1993,62943,8532,11315,2783,655,325,532,2136,2295,4008,10501,12745,14240,4116,79,940,1196,1164,1131,1449,2559,4192,6309,6178,6567,7615,6625,3379,737,77,2,11970,857,0
North Korea,1994,69482,8390,11100,2710,925,623,974,4143,4170,4824,11910,14724,12309,3709,69,1900,2243,2067,2103,1835,2989,4512,7398,7775,6949,6551,5758,3052,657,67,2,12025,1597,0
North Korea,1995,112819,15959,27004,11045,3869,2287,1856,6758,7181,7844,17442,19738,14579,4188,76,3030,3728,3480,3701,3054,4790,6863,10579,10843,8895,7887,6692,3441,747,74,2,30873,4143,0
North Korea,1996,115125,15437,26198,10761,3868,2288,1832,6648,7426,7775,17865,21809,15018,4321,75,2854,3794,3619,3807,3233,4542,6805,11060,12170,9639,8151,6867,3520,801,74,1,30066,4120,0
North Korea,1997,117754,14795,25292,10497,3897,2299,1843,6468,7679,7829,18165,24238,15537,4433,75,2656,3812,3830,3849,3669,4160,6760,11405,13648,10590,8478,7059,3572,861,74,1,29189,4142,0
North Korea,1998,120770,14336,24567,10231,3937,2319,1867,6254,7873,8065,18271,26938,16074,4533,76,2489,3765,4025,3848,4144,3921,6679,11592,15132,11806,8836,7238,3619,914,75,1,28504,4186,0
North Korea,1999,123860,13861,23789,9928,3962,2335,1888,6045,8099,8332,18228,29754,16715,4629,79,2395,3650,4178,3921,4467,3865,6557,11671,16456,13298,9298,7417,3681,948,78,1,27751,4223,0
North Korea,2000,126862,13271,22892,9621,3953,2348,1904,5831,8367,8542,18149,32529,17551,4715,82,2340,3491,4319,4048,4652,3890,6451,11698,17561,14968,9933,7618,3753,962,81,1,26845,4252,0
North Korea,2001,130073,12750,22008,9258,3906,2361,1921,5632,8645,8936,17874,35310,18604,4788,86,2327,3305,4417,4228,4800,4136,6144,11730,18485,16825,10732,7872,3825,963,85,1,25914,4282,0
North Korea,2002,132734,11987,20844,8857,3815,2370,1924,5408,8885,9506,17335,37869,19840,4842,90,2339,3069,4424,4461,4832,4674,5624,11711,19093,18776,11695,8145,3883,959,89,1,24659,4294,0
North Korea,2003,96799,5501,7291,1790,951,715,1030,3353,5743,6395,12673,34612,19264,4680,91,1482,1871,2815,2928,3027,3368,3583,9090,16477,18135,11505,7759,3751,929,90,1,8242,1745,0
North Korea,2004,100789,5313,7002,1689,935,725,1037,3309,5784,6718,12562,36541,21265,4815,94,1502,1807,2736,3048,3081,3637,3516,9046,16747,19794,13008,8257,3869,946,93,1,7937,1762,0
North Korea,2005,105081,5053,6662,1609,924,736,1051,3309,5813,7012,12546,38261,23692,4978,94,1529,1780,2636,3177,3199,3813,3503,9043,17008,21253,14736,8956,4013,965,92,2,7586,1787,0
North Korea,2006,109738,4883,6437,1554,912,744,1067,3343,5796,7329,12511,39827,26498,5178,93,1557,1786,2519,3277,3363,3966,3714,8797,17306,22521,16676,9822,4193,985,92,1,7349,1811,0
North Korea,2007,113989,4820,6350,1530,902,745,1084,3394,5678,7595,12473,40830,29485,5361,90,1580,1814,2361,3317,3573,4022,4242,8231,17485,23345,18672,10813,4364,997,89,1,7252,1829,0
North Korea,2008,116604,4739,6181,1442,873,725,1093,3420,5458,7750,12547,40642,32326,5500,89,1588,1832,2201,3257,3740,4010,4816,7731,17217,23425,20410,11916,4501,999,88,1,7054,1818,0
North Korea,2009,111562,4571,5943,1372,857,690,1104,3370,5067,7839,12281,36396,32442,5491,83,1571,1799,2042,3025,3811,4028,5236,7045,15256,21140,19689,12753,4535,956,82,1,6800,1794,0
North Korea,2010,106465,4096,5368,1272,843,657,1110,3311,4685,7967,12028,32604,32411,5397,82,1550,1761,1917,2768,3870,4097,5503,6525,13546,19058,19428,12983,4469,928,81,1,6211,1767,0
North Korea,2011,104198,3860,5031,1171,841,634,1125,3311,4421,8236,12426,29534,32963,5583,87,1558,1753,1866,2555,3950,4286,5827,6599,11911,17623,19333,13630,4631,952,86,1,5872,1759,0
North Korea,2012,101339,3684,4732,1048,832,607,1120,3278,4118,8416,13065,26178,33025,5869,93,1553,1725,1824,2294,3920,4496,5950,7115,10010,16168,18797,14228,4874,995,92,1,5564,1727,0
North Korea,2013,98678,3519,4455,936,818,577,1102,3240,3849,8469,13543,23357,32812,6350,105,1547,1693,1784,2065,3809,4660,5946,7597,8606,14751,18088,14724,5288,1062,104,1,5273,1679,0
North Korea,2014,96349,3389,4241,852,812,548,1084,3196,3656,8425,13807,21105,32309,7042,121,1537,1659,1744,1912,3644,4781,6069,7738,7716,13389,17325,14984,5872,1170,119,2,5053,1632,0
North Korea,2015,93109,3244,4040,796,1030,820,1712,5054,5126,9647,14494,18855,25995,6223,118,2579,2475,2513,2613,4113,5534,6677,7817,7268,11587,13726,12269,5167,1056,115,3,5070,2532,0
North Korea,2016,96787,3133,3926,793,1024,813,1691,5109,5175,9628,15117,18965,27405,7766,161,2591,2518,2557,2618,3922,5706,7015,8102,7764,11201,14085,13320,6394,1372,157,4,4950,2504,0
North Korea,2017,99357,2969,3695,726,996,788,1650,5087,5194,9336,15511,19080,28325,9478,220,2552,2535,2566,2628,3630,5706,7386,8125,8778,10302,14274,14051,7710,1768,212,8,4691,2438,0
North Korea,2018,102734,2856,3566,710,997,780,1623,5101,5272,9064,15868,19693,29066,11409,291,2524,2577,2599,2673,3410,5654,7776,8092,9912,9781,14404,14662,9115,2294,280,11,4563,2403,0
North Korea,2019,104916,2734,3394,660,982,760,1576,5043,5282,8699,16127,20155,29216,13297,389,2461,2582,2599,2683,3256,5443,8005,8122,10566,9589,14235,14981,10346,2951,371,18,4376,2336,0
North Korea,2020,108135,2594,3221,627,995,748,1550,5024,5349,8421,16674,20693,29617,15313,526,2421,2603,2627,2722,3191,5230,8308,8366,11006,9687,14231,15386,11532,3781,500,26,4216,2298,0
North Korea,2021,112375,2456,3054,598,1025,743,1538,5036,5477,8235,17413,21889,29768,17479,718,2405,2631,2689,2788,3214,5021,8612,8801,11470,10419,13831,15937,12692,4787,677,41,4079,2281,0
North Macedonia,1950,11428,5098,6602,1504,234,132,166,276,201,367,491,1081,1225,597,59,160,116,86,115,166,201,232,259,476,605,632,593,409,188,51,8,6836,298,0
North Macedonia,1951,13618,6072,7850,1778,277,154,195,340,237,451,600,1250,1476,722,70,196,144,109,128,206,245,290,310,520,730,763,713,494,228,61,9,8127,349,0
North Macedonia,1952,12002,5354,6914,1560,250,133,171,304,208,403,546,1060,1311,638,62,173,131,101,107,183,220,267,279,410,650,678,633,437,201,55,7,7164,304,1
North Macedonia,1953,12529,5598,7210,1612,271,134,173,322,217,423,590,1063,1385,677,65,182,140,110,107,187,236,288,302,389,674,715,670,462,215,58,7,7481,307,1
North Macedonia,1954,11518,5094,6587,1493,256,121,155,296,203,390,564,941,1298,642,62,166,130,106,97,165,225,272,292,337,604,668,630,437,205,55,7,6843,276,1
North Macedonia,1955,12287,5291,6911,1620,277,130,163,322,224,420,631,987,1438,714,72,181,141,116,108,168,252,299,332,360,627,737,701,485,229,62,10,7188,293,1
North Macedonia,1956,11241,4650,6151,1501,263,122,149,299,216,390,609,894,1385,689,69,166,133,112,104,145,245,282,327,342,552,711,674,468,221,60,9,6414,271,1
North Macedonia,1957,11088,4506,5952,1446,263,124,146,297,222,384,631,863,1425,713,73,162,135,113,109,135,249,289,342,354,509,731,694,483,230,63,10,6215,270,1
North Macedonia,1958,9664,3772,5023,1251,235,114,125,262,205,333,582,753,1297,662,69,142,120,103,102,114,219,265,317,328,425,660,637,447,215,59,10,5258,239,1
North Macedonia,1959,9891,3756,4996,1240,244,121,129,267,216,336,624,788,1364,723,78,143,124,107,109,117,219,285,339,360,428,677,687,487,236,67,11,5240,250,1
North Macedonia,1960,9811,3600,4802,1202,247,124,129,266,224,327,650,816,1379,763,81,141,125,110,114,120,207,301,349,385,431,662,717,512,251,70,11,5049,253,1
North Macedonia,1961,9158,3229,4325,1096,231,121,123,249,218,304,636,805,1303,761,84,131,118,107,111,121,183,297,339,386,419,594,709,509,252,72,12,4556,244,1
North Macedonia,1962,9336,3131,4219,1088,236,127,130,257,234,310,680,873,1345,828,92,135,122,114,120,132,178,317,363,422,451,577,768,553,275,80,12,4455,257,1
North Macedonia,1963,9532,2908,4021,1113,280,170,169,301,284,348,749,876,1361,873,99,159,142,139,145,159,189,344,405,411,465,562,799,582,291,86,13,4301,339,1
North Macedonia,1964,8673,2678,3639,961,220,126,144,244,234,306,695,819,1273,874,101,131,113,111,123,140,166,301,394,385,434,519,754,580,294,87,14,3859,270,1
North Macedonia,1965,8340,2459,3349,890,210,127,144,241,230,312,687,805,1232,893,106,132,109,107,123,145,167,278,409,387,418,512,720,592,301,91,15,3559,271,1
North Macedonia,1966,7621,2136,2914,778,192,118,139,227,219,304,644,753,1128,879,107,126,101,101,118,140,164,243,401,374,379,490,638,582,297,91,16,3106,257,1
North Macedonia,1967,7681,2045,2793,748,189,120,147,236,223,326,657,792,1129,950,118,134,102,101,122,148,178,233,424,409,383,515,614,628,322,101,17,2982,267,1
North Macedonia,1968,7488,1892,2585,693,178,116,146,242,222,338,642,829,1097,971,122,140,102,99,123,153,185,224,418,441,388,515,582,637,334,104,18,2763,262,2
North Macedonia,1969,7594,1814,2480,666,172,119,150,257,232,363,647,916,1114,1011,132,151,106,103,129,162,201,230,417,498,418,527,587,650,361,113,19,2652,269,2
North Macedonia,1970,7447,1697,2312,615,162,114,150,260,230,372,626,986,1103,995,136,153,107,101,129,164,208,237,389,540,446,514,589,623,372,116,20,2474,264,2
North Macedonia,1971,7277,1555,2124,569,149,111,148,266,226,383,606,1053,1094,970,143,155,111,101,125,168,215,246,360,568,485,495,599,584,386,122,21,2273,259,2
North Macedonia,1972,7036,1429,1950,521,135,104,146,266,220,384,584,1089,1077,932,146,154,112,97,123,167,217,256,328,568,521,478,599,536,396,123,23,2085,250,2
North Macedonia,1973,7047,1374,1864,490,126,100,142,273,220,398,591,1155,1099,925,156,154,119,98,122,171,227,272,319,572,583,491,608,518,407,132,24,1990,242,2
North Macedonia,1974,6972,1289,1750,461,118,96,139,279,220,402,600,1191,1113,905,160,155,124,99,121,171,231,283,317,551,640,511,602,508,397,136,24,1868,235,2
North Macedonia,1975,6996,1232,1670,438,110,90,135,282,222,411,626,1225,1148,904,169,155,127,102,120,172,239,297,329,524,701,553,595,519,385,143,26,1780,225,2
North Macedonia,1976,6934,1143,1557,414,102,83,133,284,224,416,650,1226,1181,897,178,154,130,104,120,171,245,306,344,486,740,604,577,534,363,151,27,1659,216,3
North Macedonia,1977,6872,1102,1488,386,94,76,126,280,224,414,675,1207,1223,880,184,150,130,107,117,169,245,313,362,451,756,659,564,541,339,156,28,1582,202,3
North Macedonia,1978,6647,991,1349,358,86,69,116,269,224,400,681,1153,1270,849,182,143,126,109,115,160,240,313,368,420,733,710,560,530,319,154,28,1435,185,3
North Macedonia,1979,6810,965,1310,345,84,65,113,268,234,410,719,1149,1401,864,184,142,126,116,118,163,247,327,392,427,722,801,600,540,324,154,30,1394,178,3
North Macedonia,1980,7263,1028,1374,346,82,64,112,281,253,432,787,1184,1597,911,189,146,135,126,127,171,261,355,432,465,719,917,680,561,350,155,34,1456,176,3
North Macedonia,1981,7243,986,1320,334,77,59,103,275,257,423,802,1145,1701,900,179,142,133,128,129,167,256,359,443,482,663,965,736,541,359,144,35,1397,162,3
North Macedonia,1982,7361,914,1244,330,73,56,96,272,266,429,834,1150,1838,921,174,138,134,130,136,170,259,371,463,520,630,1010,828,547,374,138,36,1317,152,3
North Macedonia,1983,7900,934,1267,333,75,56,96,279,291,457,914,1227,2062,993,180,140,139,138,153,182,275,401,513,580,647,1079,983,593,400,142,38,1342,152,4
North Macedonia,1984,7872,858,1175,317,71,52,87,264,296,454,930,1243,2114,1007,174,130,134,138,158,183,271,404,526,601,642,1036,1078,616,391,139,35,1246,139,4
North Macedonia,1985,8084,828,1132,304,68,48,82,258,308,463,968,1312,2198,1064,177,125,133,141,167,190,273,415,553,638,674,999,1199,675,389,145,32,1200,130,4
North Macedonia,1986,7905,786,1063,277,65,44,73,238,299,454,951,1325,2132,1085,173,112,126,135,164,190,264,400,551,640,685,900,1232,717,368,144,29,1128,117,4
North Macedonia,1987,8094,757,1027,270,61,43,69,227,306,465,977,1405,2151,1179,176,105,122,136,170,199,266,406,571,672,733,859,1292,808,371,149,27,1088,112,4
North Macedonia,1988,8062,688,943,255,58,39,64,209,299,473,975,1455,2099,1270,175,95,114,132,167,208,265,400,575,692,763,821,1278,895,375,148,27,1001,103,3
North Macedonia,1989,8213,620,864,244,57,37,60,199,301,493,995,1535,2087,1408,176,90,109,131,170,220,273,403,592,726,809,834,1253,1008,400,149,27,921,97,3
North Macedonia,1990,8644,568,804,236,56,37,58,194,312,532,1048,1670,2143,1605,179,87,107,132,180,239,293,420,628,786,884,902,1241,1153,452,151,28,860,95,3
North Macedonia,1991,8484,480,686,206,53,36,54,174,302,537,1027,1695,2062,1683,175,77,97,127,175,242,295,411,616,795,900,928,1134,1196,487,145,30,739,90,3
North Macedonia,1992,9098,473,664,191,52,36,53,172,317,588,1099,1860,2186,1887,181,77,95,131,186,259,329,442,657,863,997,1047,1139,1311,576,150,31,716,89,3
North Macedonia,1993,8884,386,557,171,49,33,50,156,293,577,1054,1859,2168,1907,177,70,86,119,174,248,329,427,627,845,1014,1086,1082,1277,630,148,29,606,83,3
North Macedonia,1994,9323,404,559,155,49,35,50,152,290,596,1076,1972,2337,2010,190,68,84,117,173,251,345,444,632,881,1091,1197,1140,1283,727,160,30,608,85,3
North Macedonia,1995,9242,335,476,141,44,34,48,142,274,597,1060,1988,2415,1967,194,65,77,109,165,248,349,445,615,882,1106,1243,1172,1190,777,167,27,520,82,2
North Macedonia,1996,9333,247,373,126,41,32,47,134,266,620,1090,2048,2541,1925,210,62,72,102,164,253,367,463,627,909,1139,1303,1238,1110,815,183,27,414,79,2
North Macedonia,1997,9451,222,327,105,38,32,48,129,258,632,1122,2087,2677,1874,228,61,68,97,161,255,377,481,641,920,1167,1360,1317,1046,828,203,25,365,80,2
North Macedonia,1998,9481,232,322,90,33,31,46,120,243,630,1147,2095,2767,1798,245,58,62,90,153,251,379,500,647,912,1183,1394,1373,1001,797,221,24,355,77,2
North Macedonia,1999,9507,214,294,80,30,30,45,116,230,625,1176,2107,2844,1743,264,56,60,83,147,246,379,519,657,899,1208,1417,1427,998,745,241,23,324,75,2
North Macedonia,2000,9610,189,268,79,27,26,44,114,216,621,1176,2146,2948,1730,283,55,59,78,138,239,382,521,655,897,1249,1452,1496,1038,692,259,24,295,70,2
North Macedonia,2001,9717,190,262,72,24,25,47,145,228,626,1171,2154,3020,1717,292,71,74,87,141,239,387,530,641,889,1265,1473,1547,1083,634,265,27,286,72,2
North Macedonia,2002,10027,166,240,74,22,24,41,112,205,619,1197,2236,3222,1803,305,54,58,76,129,228,391,549,648,912,1324,1557,1665,1187,616,274,31,262,65,2
North Macedonia,2003,9825,189,250,61,19,21,38,104,188,586,1193,2152,3199,1782,285,50,54,69,119,213,373,538,655,880,1272,1540,1659,1205,577,251,34,269,59,2
North Macedonia,2004,9647,151,211,60,18,19,36,97,173,556,1200,2082,3195,1797,265,47,50,64,109,200,356,532,668,858,1224,1541,1654,1228,569,227,38,229,55,2
North Macedonia,2005,9910,141,199,58,15,17,34,95,165,546,1262,2094,3323,1907,252,45,50,61,104,195,351,554,708,869,1225,1610,1713,1305,602,213,39,214,51,2
North Macedonia,2006,10003,129,181,52,14,15,30,89,156,529,1303,2078,3377,1990,237,42,47,59,97,185,344,560,743,868,1210,1633,1744,1355,635,196,41,195,45,2
North Macedonia,2007,10298,122,171,49,12,13,30,89,148,521,1354,2125,3484,2115,229,43,46,56,92,181,340,572,782,899,1226,1675,1809,1431,684,189,40,183,43,2
North Macedonia,2008,9969,117,158,41,12,12,26,82,135,479,1301,2068,3371,2103,214,40,42,52,83,164,315,539,762,897,1171,1595,1776,1413,690,177,37,170,38,2
North Macedonia,2009,10068,139,180,41,12,11,23,81,129,456,1294,2102,3391,2175,215,39,42,49,80,154,302,525,769,934,1168,1570,1821,1448,727,182,33,192,34,3
North Macedonia,2010,10132,92,134,42,10,9,21,75,124,433,1298,2137,3422,2247,225,36,39,48,76,144,289,512,786,974,1163,1547,1875,1482,765,194,31,144,30,3
North Macedonia,2011,10308,86,122,36,10,8,18,70,119,412,1303,2202,3465,2340,238,33,37,47,72,135,277,504,799,1029,1173,1542,1923,1531,809,208,30,132,26,3
North Macedonia,2012,10477,104,137,33,9,7,15,65,114,394,1295,2266,3491,2420,254,30,35,45,69,129,265,490,805,1069,1197,1544,1947,1574,846,226,28,146,22,3
North Macedonia,2013,10071,112,144,32,7,6,13,59,103,355,1204,2215,3314,2384,258,26,33,40,63,115,240,450,754,1031,1184,1469,1845,1545,839,230,28,151,19,3
North Macedonia,2014,10281,106,140,34,8,5,12,56,99,338,1184,2312,3341,2502,281,24,32,39,60,110,228,438,746,1059,1253,1489,1852,1621,881,250,31,148,17,2
North Macedonia,2015,10527,91,126,35,7,5,11,51,95,323,1167,2425,3375,2631,304,22,29,37,58,106,217,427,740,1099,1326,1511,1864,1706,925,270,34,133,16,2
North Macedonia,2016,10635,115,149,34,7,5,11,48,94,306,1129,2500,3364,2696,323,20,28,37,57,102,204,407,722,1110,1390,1512,1852,1741,955,286,37,156,16,2
North Macedonia,2017,10450,85,121,36,6,5,9,40,86,283,1064,2491,3312,2693,335,16,24,33,53,95,188,378,686,1087,1404,1501,1811,1725,968,296,39,127,14,2
North Macedonia,2018,10125,67,98,31,6,5,8,35,82,255,983,2405,3257,2641,345,13,22,32,50,86,169,346,637,1031,1374,1505,1752,1666,975,303,42,104,13,2
North Macedonia,2019,10390,62,90,28,7,5,8,32,79,248,956,2448,3403,2740,373,11,21,31,48,84,164,331,625,1028,1420,1603,1800,1698,1042,327,46,97,13,3
North Macedonia,2020,13542,59,84,25,7,5,9,40,102,328,1197,3148,4493,3659,470,14,26,39,63,115,213,412,785,1302,1846,2153,2340,2234,1425,413,57,91,14,3
North Macedonia,2021,15320,58,80,22,6,5,11,53,122,406,1374,3708,5143,3915,490,19,34,46,76,146,260,472,902,1526,2182,2548,2595,2405,1510,429,61,86,16,3
Northern America (UN),1950,884596,70174,81337,11163,5372,4407,8156,24251,33407,68109,132068,198295,201332,110565,16563,11726,12525,14045,19362,28178,39931,56797,75271,93072,105223,105811,95521,71950,38615,13598,2965,86709,12563,734
Northern America (UN),1951,903772,72328,83937,11609,5635,4560,8087,24198,33660,68293,134918,201969,206342,113930,17572,11583,12615,14239,19421,28686,39607,57842,77076,93377,108592,107760,98582,74249,39681,14516,3056,89572,12647,671
Northern America (UN),1952,914488,75559,86906,11347,5952,4560,9111,25709,32655,68781,134141,204929,208198,115534,17414,13011,12698,13923,18732,28705,40076,58409,75732,94892,110037,108549,99649,75568,39966,14413,3001,92858,13671,597
Northern America (UN),1953,925725,72010,83269,11259,5822,4625,8569,24657,31797,68554,134310,208407,214871,121583,18680,12752,11905,13906,17891,28513,40041,57728,76582,95560,112847,112395,102476,78676,42907,15473,3207,89091,13194,581
Northern America (UN),1954,903137,70400,80756,10356,5464,4318,7848,23003,30241,65695,128687,203775,214310,120022,18453,11449,11554,13347,16894,26624,39071,55034,73653,91991,111784,112946,101364,77435,42587,15128,3325,86220,12166,565
Northern America (UN),1955,930295,69362,79742,10380,5408,4365,8224,23305,30098,66083,129807,207901,225979,129040,19765,11325,11980,12788,17310,26774,39309,55224,74583,93065,114836,118652,107327,82347,46693,16101,3664,85150,12589,578
Northern America (UN),1956,952179,70375,80594,10219,5358,4454,8310,23392,30263,66690,131534,212676,232224,135197,20906,11313,12079,13030,17233,26562,40128,55515,76019,95399,117277,122363,109861,86054,49143,17022,3884,85952,12764,580
Northern America (UN),1957,990766,71611,81991,10380,5691,4892,8726,22903,31536,68755,136274,223397,242435,140957,22597,10866,12037,13494,18042,27266,41489,58120,78154,100259,123138,128453,113982,89147,51810,18370,4227,87682,13618,610
Northern America (UN),1958,993437,70471,80884,10413,5522,4805,8496,21737,31359,67638,136109,221493,247048,144380,23369,10284,11453,13021,18338,26463,41175,58792,77317,100289,121204,129685,117363,91488,52892,19099,4270,86406,13301,597
Northern America (UN),1959,1004422,69538,79832,10294,5940,5215,9081,21670,31773,68455,137541,221083,252627,146631,23959,10425,11245,13253,18520,26389,42066,59840,77701,101097,119986,132462,120165,92377,54254,19605,4354,85772,14296,615
Northern America (UN),1960,1034311,68705,79424,10719,5993,5013,9291,21170,32017,70392,141321,227204,264311,152052,25457,10392,10778,13538,18479,27149,43243,61708,79613,103749,123455,138308,126003,95594,56458,20910,4547,85417,14304,665
Northern America (UN),1961,1027379,66343,76452,10109,5757,4970,9217,20581,31720,68902,140236,224983,263008,154612,26232,10468,10113,13595,18125,27187,41715,61233,79003,102055,122928,135879,127129,96897,57715,21526,4706,82209,14187,708
Northern America (UN),1962,1055961,65019,74757,9738,5700,5067,9867,21038,32705,69409,145175,230413,271720,161333,28028,10897,10141,13687,19018,27524,41885,63747,81428,104139,126274,139607,132113,100527,60806,22997,5031,80457,14934,748
Northern America (UN),1963,1090319,63706,73780,10074,5837,4955,10567,22091,33045,71226,150355,237617,281436,169238,29405,11675,10416,13922,19123,28918,42308,64927,85428,106407,131210,143653,137783,105947,63291,24126,5279,79617,15522,765
Northern America (UN),1964,1080766,61186,70932,9746,5869,5164,11562,23029,33559,72257,151124,235024,276515,166356,28619,12421,10608,14214,19345,30035,42222,64729,86395,106048,128976,140208,136307,105216,61140,23428,5191,76801,16726,755
Northern America (UN),1965,1098772,55578,64922,9344,5885,5386,12271,24051,33635,72400,154142,238692,282176,173881,30541,12868,11183,13344,20291,29360,43040,66068,88074,108349,130343,141844,140332,109863,64018,24888,5653,70807,17657,790
Northern America (UN),1966,1117610,51717,60908,9191,5882,5673,13431,25907,34063,74123,158092,242650,286372,178048,31654,14317,11590,13311,20752,29952,44171,66553,91539,111168,131482,143919,142453,112671,65377,25734,5920,66790,19104,806
Northern America (UN),1967,1112176,48055,56528,8473,5803,5619,13646,27253,34075,74879,157014,241025,285282,177898,32295,15256,11997,13175,20900,30527,44352,64916,92098,110993,130032,143767,141515,112160,65738,26120,6175,62331,19265,859
Northern America (UN),1968,1153863,47336,55304,7968,5980,5857,14731,29790,35034,78361,160697,251733,295976,185545,33947,16591,13199,13610,21424,31000,47361,65500,95197,116591,135142,151015,144961,116290,69255,27403,6544,61284,20588,908
Northern America (UN),1969,1149651,46840,54301,7461,5919,5831,16131,31883,34757,78980,159300,250185,290484,187561,33384,17837,14046,13695,21062,31349,47631,64822,94478,117011,133174,148774,141710,117479,70082,26872,6512,60220,21962,932
Northern America (UN),1970,1148397,47466,54529,7063,5628,5917,16658,31846,33778,78576,160050,252603,287124,187396,33330,17942,13904,14107,19671,32319,46257,65747,94303,118225,134378,146438,140686,116563,70833,26934,6396,60157,22575,962
Northern America (UN),1971,1145524,41021,47853,6832,5387,5789,17191,33681,33256,77336,157093,252924,286247,192234,35480,18847,14834,14141,19115,31903,45433,65239,91854,118492,134432,144841,141406,118218,74016,28635,6845,53240,22980,1052
Northern America (UN),1972,1166520,36267,43103,6836,4985,5891,17670,36010,33047,78619,157515,261081,294678,195911,36876,20291,15719,14486,18561,31737,46882,66366,91149,123030,138051,149233,145445,121158,74753,29729,7147,48088,23561,1132
Northern America (UN),1973,1169369,33621,40251,6630,4941,5955,18232,37660,33561,76753,156568,261964,294045,199455,38815,21022,16638,15117,18444,31069,45684,67353,89215,122396,139568,147944,146101,121964,77491,31447,7368,45192,24187,1169
Northern America (UN),1974,1147503,32703,38763,6060,4421,5609,17798,37282,32468,73630,152944,259529,287762,196572,39558,20932,16350,15093,17375,29013,44617,66767,86177,119399,140130,145414,142348,118551,78021,32159,7399,43184,23407,1165
Northern America (UN),1975,1126949,30625,36185,5560,4143,5190,17173,38673,32196,70894,149100,255420,283475,193462,39876,21805,16868,14853,17343,26749,44145,63717,85383,116766,138654,143936,139539,116895,76567,32340,7536,40328,22363,1159
Northern America (UN),1976,1128698,29049,34439,5390,3945,4862,16331,37636,31260,69284,147706,256070,285377,197657,42861,21052,16584,14679,16581,25325,43959,62406,85300,115607,140463,145379,139998,118592,79065,34529,8332,38384,21193,1270
Northern America (UN),1977,1123123,28634,33736,5102,3909,4695,16972,39228,32402,66837,146534,252521,285591,196850,42586,21681,17547,15524,16878,24370,42467,62134,84400,112078,140443,146553,139038,118534,78316,34147,8439,37645,21667,1261
Northern America (UN),1978,1132628,27758,33016,5258,3680,4550,16750,39899,33437,64686,147335,251845,289514,201485,45094,22181,17718,16040,17397,23476,41210,60906,86429,110513,141332,149313,140201,121495,79990,35899,9195,36696,21300,1336
Northern America (UN),1979,1124587,27782,32716,4934,3489,4112,16932,41926,34060,62162,145159,247266,289365,199705,46306,22686,19240,16660,17400,22873,39289,59517,85642,107795,139471,150067,139298,121318,78387,36766,9540,36205,21044,1388
Northern America (UN),1980,1155284,27731,32874,5143,3297,3894,16465,43595,35032,59896,146468,252534,301584,207730,50322,23186,20409,17298,17734,23052,36844,61516,84952,109826,142708,154957,146627,124141,83589,39707,10615,36171,20359,1592
Northern America (UN),1981,1146201,25924,30846,4922,3060,3763,14787,42078,35987,58402,144452,249233,303850,207974,50124,21699,20379,17845,18142,23046,35356,61132,83320,109651,139582,156093,147757,124127,83847,39437,10687,33906,18550,1643
Northern America (UN),1982,1140511,25712,30442,4730,2913,3526,13620,39362,36216,55326,141482,247457,308830,208601,50984,20182,19180,17940,18276,22079,33247,59008,82474,109875,137582,158523,150307,124244,84357,40026,10958,33355,17146,1749
Northern America (UN),1983,1155982,24332,29123,4791,2765,3377,12362,37665,36467,54450,139205,249235,318521,217334,53567,18979,18686,18072,18395,22623,31827,57325,81880,113149,136086,162166,156355,128963,88371,41783,11784,31888,15739,1909
Northern America (UN),1984,1162117,24107,28488,4381,2701,3338,11912,37962,38342,54988,135623,250285,321983,219168,55277,19131,18831,19028,19314,23453,31535,54804,80819,114974,135311,162724,159259,129907,89261,42698,12579,31189,15250,2049
Northern America (UN),1985,1187530,24674,29161,4487,2636,3309,11702,38134,41610,56696,136114,250909,329010,227499,58547,18765,19369,20902,20708,24263,32433,52002,84112,112400,138509,165285,163725,135795,91704,45096,13451,31797,15011,2202
Northern America (UN),1986,1195327,23805,28324,4519,2619,3297,12684,40110,46337,57879,132964,249408,330419,229875,59178,19422,20688,23399,22938,25534,32345,49718,83246,110532,138876,163543,166876,138409,91466,45590,13588,30943,15981,2231
Northern America (UN),1987,1199841,23605,28111,4506,2801,3230,12228,38955,48369,59444,130197,250235,330918,233320,59721,18361,20594,23760,24609,26797,32647,48638,81559,110924,139311,161047,169871,139885,93435,45905,13816,30912,15458,2312
Northern America (UN),1988,1222023,24069,28564,4495,2769,3194,12544,39199,50844,62376,127287,253980,332384,243298,63076,18365,20834,24852,25992,28511,33865,47270,80017,110032,143948,159369,173015,145712,97586,48755,14321,31333,15738,2508
Northern America (UN),1989,1212016,24872,29269,4397,2659,3175,12203,38374,53804,64560,123212,250712,327310,242889,61316,17316,21058,25761,28043,29683,34877,46578,76634,108053,142659,156376,170934,147099,95790,47392,13924,31928,15378,2533
Northern America (UN),1990,1211756,24303,28566,4263,2529,3000,12553,38471,55598,65450,117685,248308,328348,246629,62008,17607,20864,25796,29802,30544,34906,46639,71046,110508,137800,157464,170884,148774,97855,47656,14352,31095,15553,2609
Northern America (UN),1991,1221787,22902,27194,4292,2447,3213,12310,37738,56769,68976,114681,247859,329310,255452,63189,17576,20162,26121,30648,32276,36700,46246,68435,111292,136567,159142,170168,153690,101762,48410,14779,29641,15523,2649
Northern America (UN),1992,1224315,21264,25320,4056,2397,3080,11577,36051,57896,73281,112963,245535,327973,260007,65512,16778,19273,26388,31508,34620,38661,46491,66472,108523,137012,159647,168326,155814,104193,50239,15273,27717,14657,2720
Northern America (UN),1993,1268371,20626,24902,4276,2333,3193,12025,36065,60918,77113,115285,246412,340297,277342,69700,17022,19043,27549,33369,36703,40410,49035,66250,108017,138395,168503,171794,165067,112275,53535,16165,27235,15218,2786
Northern America (UN),1994,1271412,19533,23651,4118,2337,3218,12270,34964,61669,80771,115667,241593,340193,281225,71056,16615,18349,27551,34118,38971,41800,50707,64960,104479,137114,169708,170485,166304,114921,54811,16245,25988,15488,2796
Northern America (UN),1995,1284809,18260,22115,3855,2360,3209,11845,33875,61385,84706,117232,239464,342667,289030,74010,16018,17857,26867,34518,41116,43590,51259,65973,98345,141119,166407,176260,169904,119126,57412,16598,24475,15054,2911
Northern America (UN),1996,1276792,17552,21148,3596,2352,2982,11338,30868,53543,82182,117002,236944,344493,294542,76427,14909,15959,22747,30796,38742,43440,51380,65622,95087,141857,165149,179344,171599,122943,59563,16864,23500,14320,2970
Northern America (UN),1997,1269063,17233,20613,3380,2230,2932,11083,29026,46234,78604,117451,231025,347934,299584,79353,14194,14832,19340,26894,35581,43023,52462,64989,91324,139701,165816,182118,171275,128309,61695,17658,22843,14015,2993
Northern America (UN),1998,1274822,17327,20484,3157,2199,2822,10629,27983,43619,79261,119621,225850,353892,303321,82126,13991,13992,17758,25861,35761,43500,53328,66293,89089,136761,165102,188790,171960,131361,63795,18331,22683,13451,3014
Northern America (UN),1999,1295446,17181,20380,3199,2124,2715,10433,27355,42574,82054,123651,220155,359799,314850,86298,13725,13630,17125,25449,36068,45986,55023,68628,88081,132074,166007,193792,176683,138167,67411,18887,22504,13148,3058
Northern America (UN),2000,1295969,17236,20256,3020,2014,2742,10267,28053,41474,85699,125935,212136,357159,318493,88658,14407,13646,16564,24910,36514,49185,57116,68819,88860,123276,169600,187559,179135,139358,69151,19507,22270,13009,3080
Northern America (UN),2001,1302839,16655,19756,3101,1856,2589,10363,29382,42443,87586,130571,207023,355311,322153,90766,15239,14143,17043,25400,36761,50825,59584,70987,88425,118598,169618,185693,182023,140130,71003,19763,21612,12952,3040
Northern America (UN),2002,1321869,16912,19909,2997,1859,2659,10426,29592,41388,88505,137660,205406,355508,329744,96044,15582,14010,17100,24288,37330,51175,62830,74830,89557,115849,167452,188056,186641,143103,75316,20728,21768,13085,3168
Northern America (UN),2003,1327302,17256,20285,3029,1764,2678,10396,30083,40367,90056,142084,205055,349015,334597,97733,15997,14086,16816,23551,37098,52958,64724,77360,91803,113252,162910,186105,192748,141849,76621,21112,22049,13074,3189
Northern America (UN),2004,1307989,17023,19849,2826,1793,2517,10316,30484,38311,87653,144637,202068,335412,333862,97987,15873,14611,16087,22224,35530,52123,66871,77766,92044,110024,153227,182185,192657,141205,76612,21375,21642,12833,3100
Northern America (UN),2005,1336960,17496,20495,2999,1704,2475,10537,31944,38049,88505,152501,204910,337126,341739,103745,16626,15318,16345,21704,35657,52848,71300,81201,93623,111287,147811,189315,191416,150323,81178,22567,22199,13012,3230
Northern America (UN),2006,1331350,17665,20398,2733,1663,2248,10573,33342,37994,86706,155849,205668,328196,340910,104532,17130,16212,16255,21739,34257,52449,72296,83553,95123,110545,139410,188786,188571,152339,81423,23109,22061,12821,3269
Northern America (UN),2007,1337216,17934,20778,2844,1626,2235,10176,32958,37321,83999,157956,210366,322195,347449,106831,16788,16170,15843,21478,32697,51302,71788,86168,99231,111135,136653,185542,190700,156749,82625,24206,22404,12411,3326
Northern America (UN),2008,1363045,17157,20023,2866,1513,2042,9579,32100,36496,81671,161695,218940,322537,360507,112385,16135,15965,15773,20723,30960,50711,73331,88364,103602,115338,136580,185957,192717,167790,86469,25916,21536,11621,3557
Northern America (UN),2009,1354866,16218,18876,2658,1523,1988,8766,30653,36143,79990,165394,222045,310576,361180,114122,15119,15534,15757,20386,30158,49832,73923,91471,104921,117124,133207,177369,191512,169668,87697,26425,20399,10754,3610
Northern America (UN),2010,1371600,14974,17646,2672,1392,1871,8494,30160,34995,76283,168021,225078,306871,373295,123645,14824,15336,15831,19164,28085,48198,72340,95681,107236,117842,136317,170554,202102,171193,95522,28123,19038,10365,3848
Northern America (UN),2011,1397302,14414,16985,2571,1500,1952,8240,30796,35338,74768,171163,232725,305025,383434,131221,15236,15560,16464,18874,28074,46694,73179,97984,111172,121553,138349,166676,208997,174437,101731,29490,18485,10192,4155
Northern America (UN),2012,1418983,14246,16816,2570,1420,1840,7827,31025,35797,72727,172788,244344,303934,387062,138880,15102,15923,16954,18843,27926,44801,73180,99608,115741,128603,139264,164670,207371,179691,107434,31446,18236,9667,4522
Northern America (UN),2013,1455313,14180,16689,2509,1484,1809,7286,30957,36768,72215,175703,254258,311410,392377,149543,14945,16012,17634,19134,27891,44324,73080,102623,119732,134526,146053,165357,208780,183597,116291,33252,18173,9095,4811
Northern America (UN),2014,1481082,13957,16285,2328,1473,1927,7412,31795,38571,70858,177718,264982,317798,389818,157301,15107,16688,18379,20192,27671,43187,72867,104851,126118,138864,151147,166651,204739,185079,121505,35796,17758,9339,5142
Northern America (UN),2015,1526508,13918,16407,2489,1514,1964,7729,34273,41892,70834,178920,279375,327602,397513,163007,16013,18260,19965,21927,28061,42773,72645,106275,134413,144962,155024,172578,201218,196295,123670,39337,17921,9693,5477
Northern America (UN),2016,1552277,13740,16181,2441,1501,1947,8291,37764,46946,73077,179472,289093,335359,392804,163883,17175,20589,22245,24701,29138,43939,71517,107955,138344,150749,161159,174200,194677,198127,122799,41084,17682,10238,5959
Northern America (UN),2017,1591156,13327,15709,2382,1430,2163,8476,38100,49898,74208,178324,295486,350411,401095,168961,16604,21496,23529,26369,29429,44779,70106,108218,140086,155400,171955,178456,198084,203011,126149,42812,17139,10639,6894
Northern America (UN),2018,1608340,12909,15312,2403,1408,2036,8016,36368,49842,74358,176633,304999,364427,399944,167991,15633,20735,23035,26807,29847,44511,68101,108532,144620,160379,178207,186220,196233,203711,122967,45024,16720,10052,7004
Northern America (UN),2019,1618277,12559,14765,2206,1414,2112,8118,36014,51357,75292,174305,311851,372488,398228,165126,15442,20572,23704,27653,31242,44050,66540,107765,145653,166198,182303,190185,196170,202058,119666,45460,16179,10230,7205
Northern America (UN),2020,1897177,12164,14309,2145,1398,2302,9339,41580,63195,90020,197151,371159,448864,462348,186756,17831,23749,29265,33930,39034,50986,76463,120688,169111,202048,221737,227127,231819,230529,138680,48076,15707,11641,8754
Northern America (UN),2021,1941664,12098,14167,2069,1346,1964,9701,45655,64511,87575,222141,396027,467996,437103,183892,19776,25879,30856,33655,37821,49754,84186,137955,186397,209630,237786,230210,231563,205540,136581,47311,15513,11665,9585
Northern Mariana Islands,1950,39,9,10,1,0,0,0,0,0,0,8,4,1,0,0,0,0,0,0,0,0,4,4,0,4,1,0,0,0,0,0,10,0,0
Northern Mariana Islands,1951,39,8,10,2,0,0,0,0,0,2,10,4,2,0,0,0,0,0,0,0,2,5,5,0,4,2,0,0,0,0,0,10,0,0
Northern Mariana Islands,1952,39,8,10,2,0,0,0,0,0,2,10,4,3,0,0,0,0,0,0,0,2,5,5,1,3,3,0,0,0,0,0,10,0,0
Northern Mariana Islands,1953,39,8,10,2,0,0,0,0,0,2,10,6,4,0,0,0,0,0,0,0,2,5,5,3,3,4,0,0,0,0,0,10,0,0
Northern Mariana Islands,1954,39,8,10,2,0,0,0,0,0,1,10,6,5,0,0,0,0,0,0,0,1,5,5,4,2,5,0,0,0,0,0,10,0,0
Northern Mariana Islands,1955,39,7,9,2,0,0,0,0,0,0,10,6,5,0,0,0,0,0,0,0,0,5,5,5,1,5,0,0,0,0,0,9,0,0
Northern Mariana Islands,1956,38,7,9,2,0,0,0,0,0,0,9,6,6,0,0,0,0,0,0,0,0,4,5,5,1,5,1,0,0,0,0,9,0,0
Northern Mariana Islands,1957,38,7,9,2,0,0,0,0,0,0,8,7,6,0,0,0,0,0,0,0,0,3,5,5,2,4,2,0,0,0,0,9,0,0
Northern Mariana Islands,1958,38,7,9,2,0,0,0,0,0,0,7,8,8,0,0,0,0,0,0,0,0,2,5,5,3,5,3,0,0,0,0,9,0,0
Northern Mariana Islands,1959,37,7,8,1,0,0,0,0,0,0,4,8,8,0,0,0,0,0,0,0,0,0,4,4,4,4,4,0,0,0,0,8,0,0
Northern Mariana Islands,1960,38,6,6,0,0,0,0,0,0,0,5,10,6,0,0,0,0,0,0,0,0,0,5,5,5,2,4,0,0,0,0,6,0,0
Northern Mariana Islands,1961,38,6,6,0,0,0,0,0,0,0,9,10,7,0,0,0,0,0,0,0,0,4,5,5,5,3,4,0,0,0,0,6,0,0
Northern Mariana Islands,1962,39,6,6,0,0,0,0,0,0,0,10,10,5,1,0,0,0,0,0,0,0,5,5,5,5,3,2,1,0,0,0,6,0,0
Northern Mariana Islands,1963,39,6,6,0,0,0,0,0,0,0,9,10,5,1,0,0,0,0,0,0,0,4,5,5,5,3,2,1,0,0,0,6,0,0
Northern Mariana Islands,1964,40,6,6,0,0,0,0,0,0,0,9,10,4,0,0,0,0,0,0,0,0,4,5,5,5,4,0,0,0,0,0,6,0,0
Northern Mariana Islands,1965,40,6,6,0,0,0,0,0,0,0,8,10,5,0,0,0,0,0,0,0,0,3,5,5,5,5,0,0,0,0,0,6,0,0
Northern Mariana Islands,1966,40,6,6,0,0,0,0,0,0,0,8,10,6,0,0,0,0,0,0,0,0,3,5,5,5,5,1,0,0,0,0,6,0,0
Northern Mariana Islands,1967,41,6,6,0,0,0,0,0,0,0,8,10,7,0,0,0,0,0,0,0,0,3,5,5,5,5,2,0,0,0,0,6,0,0
Northern Mariana Islands,1968,41,7,7,0,0,0,0,0,0,0,7,10,6,0,0,0,0,0,0,0,0,2,5,5,5,4,2,0,0,0,0,7,0,0
Northern Mariana Islands,1969,39,7,7,0,0,0,0,0,0,0,7,10,4,0,0,0,0,0,0,0,0,2,5,5,5,4,0,0,0,0,0,7,0,0
Northern Mariana Islands,1970,35,6,6,0,0,0,0,0,0,0,6,10,2,0,0,0,0,0,0,0,0,1,5,5,5,2,0,0,0,0,0,6,0,0
Northern Mariana Islands,1971,37,6,6,0,0,0,0,0,0,0,5,10,3,0,0,0,0,0,0,0,0,0,5,5,5,3,0,0,0,0,0,6,0,0
Northern Mariana Islands,1972,41,6,6,0,0,0,0,0,0,1,10,10,3,0,0,0,0,0,0,0,1,5,5,5,5,3,0,0,0,0,0,6,0,0
Northern Mariana Islands,1973,45,7,7,0,0,0,0,0,0,2,10,10,4,0,0,0,0,0,0,0,2,5,5,5,5,4,0,0,0,0,0,7,0,0
Northern Mariana Islands,1974,48,7,7,0,0,0,0,0,0,4,10,10,5,2,0,0,0,0,0,0,4,5,5,5,5,5,0,2,0,0,0,7,0,0
Northern Mariana Islands,1975,47,6,6,0,0,0,0,0,0,5,10,10,5,2,0,0,0,0,0,1,4,5,5,5,5,5,0,2,0,0,0,6,0,0
Northern Mariana Islands,1976,47,6,6,0,0,0,0,0,0,8,10,10,6,0,0,0,0,0,0,3,5,5,5,5,5,5,1,0,0,0,0,6,0,0
Northern Mariana Islands,1977,47,6,6,0,0,0,0,0,0,9,10,10,7,0,0,0,0,0,0,4,5,5,5,5,5,5,2,0,0,0,0,6,0,0
Northern Mariana Islands,1978,47,5,5,0,0,0,0,0,0,9,10,10,8,0,0,0,0,0,0,4,5,5,5,5,5,5,3,0,0,0,0,5,0,0
Northern Mariana Islands,1979,48,5,5,0,0,0,0,0,0,9,10,10,8,0,0,0,0,0,0,4,5,5,5,5,5,5,3,0,0,0,0,5,0,0
Northern Mariana Islands,1980,48,4,4,0,0,0,0,0,0,9,10,10,9,0,0,0,0,0,0,4,5,5,5,5,5,5,4,0,0,0,0,4,0,0
Northern Mariana Islands,1981,51,5,5,0,0,0,0,0,0,9,10,10,10,0,0,0,0,0,0,4,5,5,5,5,5,5,5,0,0,0,0,5,0,0
Northern Mariana Islands,1982,55,5,5,0,0,0,0,9,10,10,10,10,10,1,0,5,4,5,5,5,5,5,5,5,5,5,5,1,0,0,0,5,0,0
Northern Mariana Islands,1983,58,5,5,0,0,0,1,10,10,10,10,10,10,1,0,5,5,5,5,5,5,5,5,5,5,5,5,1,0,0,0,5,1,0
Northern Mariana Islands,1984,62,5,5,0,0,0,1,10,10,10,10,10,10,2,0,5,5,5,5,5,5,5,5,5,5,5,5,2,0,0,0,5,1,0
Northern Mariana Islands,1985,66,5,5,0,0,0,1,10,10,10,10,10,10,3,0,5,5,5,5,5,5,5,5,5,5,5,5,3,0,0,0,5,1,0
Northern Mariana Islands,1986,69,5,5,0,0,0,1,10,10,10,10,10,10,3,0,5,5,5,5,5,5,5,5,5,5,5,5,3,0,0,0,5,1,0
Northern Mariana Islands,1987,73,5,5,0,0,0,0,10,10,10,10,10,10,4,0,5,5,5,5,5,5,5,5,5,5,5,5,4,0,0,0,5,0,0
Northern Mariana Islands,1988,77,5,5,0,0,0,0,10,10,10,10,10,10,4,0,5,5,5,5,5,5,5,5,5,5,5,5,4,0,0,0,5,0,0
Northern Mariana Islands,1989,83,5,5,0,0,0,0,9,10,10,10,10,10,5,0,4,5,5,5,5,5,5,5,5,5,5,5,5,0,0,0,5,0,0
Northern Mariana Islands,1990,89,6,6,0,0,0,0,8,10,19,15,10,10,5,0,3,5,5,5,9,10,10,5,5,5,5,5,5,0,0,0,6,0,0
Northern Mariana Islands,1991,92,6,6,0,0,0,0,8,10,20,17,10,10,5,0,3,5,5,5,10,10,10,7,5,5,5,5,5,0,0,0,6,0,0
Northern Mariana Islands,1992,93,6,6,0,0,0,0,8,10,20,19,10,10,6,0,3,5,5,5,10,10,10,9,5,5,5,5,5,1,0,0,6,0,0
Northern Mariana Islands,1993,93,6,6,0,0,0,0,8,11,20,20,10,10,6,0,3,5,5,6,10,10,10,10,5,5,5,5,5,1,0,0,6,0,0
Northern Mariana Islands,1994,94,5,5,0,0,0,0,8,13,20,20,11,10,7,0,3,5,5,8,10,10,10,10,6,5,5,5,5,2,0,0,5,0,0
Northern Mariana Islands,1995,93,5,5,0,0,0,0,7,12,20,19,12,10,8,0,2,5,5,7,10,10,9,10,7,5,5,5,5,3,0,0,5,0,0
Northern Mariana Islands,1996,94,5,5,0,0,0,0,8,12,20,17,13,10,8,0,3,5,5,7,10,10,8,9,8,5,5,5,5,3,0,0,5,0,0
Northern Mariana Islands,1997,100,5,5,0,0,0,0,9,13,20,20,14,10,9,0,4,5,5,8,10,10,10,10,9,5,5,5,5,4,0,0,5,0,0
Northern Mariana Islands,1998,104,6,6,0,0,0,0,9,13,20,20,16,10,9,0,4,5,5,8,10,10,10,10,10,6,5,5,5,4,0,0,6,0,0
Northern Mariana Islands,1999,107,6,6,0,0,0,0,9,13,20,20,16,10,10,0,4,5,5,8,10,10,10,10,10,6,5,5,5,5,0,0,6,0,0
Northern Mariana Islands,2000,109,6,6,0,0,0,0,7,14,20,20,17,10,10,0,2,5,5,9,10,10,10,10,10,7,5,5,5,5,0,0,6,0,0
Northern Mariana Islands,2001,106,5,5,0,0,0,0,6,13,20,20,18,10,10,0,1,5,5,8,10,10,10,10,10,8,5,5,5,5,0,0,5,0,0
Northern Mariana Islands,2002,102,5,5,0,0,0,0,4,10,20,20,19,10,9,1,0,4,5,5,10,10,10,10,10,9,5,5,5,4,1,0,5,0,0
Northern Mariana Islands,2003,100,4,4,0,0,0,0,2,10,19,20,20,10,10,0,0,2,5,5,9,10,10,10,10,10,5,5,5,5,0,0,4,0,0
Northern Mariana Islands,2004,100,5,5,0,0,0,0,1,10,17,20,20,11,10,0,0,1,5,5,7,10,10,10,10,10,6,5,5,5,0,0,5,0,0
Northern Mariana Islands,2005,96,5,5,0,0,0,0,0,9,16,20,20,12,10,1,0,0,4,5,6,10,10,10,10,10,7,5,5,5,1,0,5,0,0
Northern Mariana Islands,2006,96,5,5,0,0,0,0,0,7,15,20,20,13,9,0,0,0,2,5,5,10,10,10,10,10,8,5,5,4,0,0,5,0,0
Northern Mariana Islands,2007,95,4,4,0,0,0,0,0,6,14,20,20,14,10,0,0,0,1,5,5,9,10,10,10,10,9,5,5,5,0,0,4,0,0
Northern Mariana Islands,2008,95,4,4,0,0,0,0,0,5,13,20,20,15,10,0,0,0,0,5,5,8,10,10,10,10,10,5,5,5,0,0,4,0,0
Northern Mariana Islands,2009,97,4,4,0,0,0,0,0,4,13,20,20,16,10,0,0,0,0,4,5,8,10,10,10,10,10,6,5,5,0,0,4,0,0
Northern Mariana Islands,2010,99,4,4,0,0,0,0,0,3,13,20,20,17,10,0,0,0,0,3,5,8,10,10,10,10,10,7,5,5,0,0,4,0,0
Northern Mariana Islands,2011,102,3,3,0,0,0,0,0,2,13,26,25,19,10,1,0,0,0,2,5,8,11,15,15,10,10,9,5,5,1,0,3,0,0
Northern Mariana Islands,2012,110,3,3,0,0,0,0,0,2,13,27,27,20,10,1,0,0,0,2,5,8,12,15,15,12,10,10,5,5,1,0,3,0,0
Northern Mariana Islands,2013,117,3,3,0,0,0,0,0,1,13,27,29,21,11,2,0,0,0,1,5,8,12,15,15,14,10,11,6,5,2,0,3,0,0
Northern Mariana Islands,2014,124,3,3,0,0,0,0,0,0,13,27,30,22,12,1,0,0,0,0,5,8,12,15,15,15,10,12,7,5,1,0,3,0,0
Northern Mariana Islands,2015,132,3,3,0,0,0,0,0,0,13,31,39,26,13,1,0,0,0,0,5,8,13,18,20,19,12,14,8,5,1,0,3,0,0
Northern Mariana Islands,2016,139,3,3,0,0,0,0,0,0,12,32,40,28,15,2,0,0,0,0,4,8,13,19,20,20,14,14,10,5,2,0,3,0,0
Northern Mariana Islands,2017,147,3,3,0,0,0,0,0,0,11,32,41,30,17,2,0,0,0,0,4,7,13,19,21,20,17,13,12,5,2,0,3,0,0
Northern Mariana Islands,2018,155,3,3,0,0,0,0,0,0,10,33,50,34,19,3,0,0,0,0,3,7,13,20,25,25,20,14,13,6,3,0,3,0,0
Northern Mariana Islands,2019,162,2,2,0,0,0,0,0,0,10,33,50,38,20,3,0,0,0,0,3,7,13,20,25,25,23,15,14,6,3,0,2,0,0
Northern Mariana Islands,2020,171,2,2,0,0,0,0,0,0,9,34,55,41,22,3,0,0,0,0,3,6,13,21,28,27,25,16,15,7,3,0,2,0,0
Northern Mariana Islands,2021,181,2,2,0,0,0,0,0,0,8,35,59,46,23,3,0,0,0,0,2,6,13,22,29,30,28,18,15,8,3,0,2,0,0
Norway,1950,14769,936,1251,315,153,67,121,386,472,821,1535,2396,3798,3138,624,186,200,212,260,344,477,676,859,1051,1345,1771,2027,1857,1281,512,112,1404,188,10
Norway,1951,13910,818,1128,310,121,74,116,410,558,769,1534,2218,3555,2824,597,199,211,275,283,302,467,696,838,961,1257,1665,1890,1654,1170,492,105,1249,190,8
Norway,1952,14270,802,1039,237,126,66,95,373,496,816,1547,2401,3711,3003,588,172,201,217,279,344,472,683,864,1060,1341,1731,1980,1753,1250,479,109,1165,161,8
Norway,1953,14505,737,993,256,128,70,103,309,441,814,1566,2543,3802,3041,685,139,170,212,229,344,470,663,903,1112,1431,1766,2036,1791,1250,559,126,1121,173,9
Norway,1954,14826,720,931,211,109,75,95,299,437,786,1598,2756,3990,3095,641,145,154,200,237,344,442,665,933,1196,1560,1769,2221,1852,1243,535,106,1040,170,15
Norway,1955,14867,700,931,231,107,75,112,279,452,758,1747,2697,3853,3113,724,130,149,195,257,326,432,709,1038,1233,1464,1729,2124,1841,1272,606,118,1038,187,25
Norway,1956,15423,750,974,224,98,65,99,256,384,757,1681,2899,4127,3346,719,132,124,175,209,300,457,687,994,1332,1567,1888,2239,2052,1294,593,126,1072,164,17
Norway,1957,15747,690,891,201,110,90,117,284,404,842,1737,3045,4072,3436,708,127,157,167,237,343,499,710,1027,1394,1651,1902,2170,2081,1355,578,130,1001,207,13
Norway,1958,16355,657,846,189,103,75,95,281,378,849,1835,3161,4368,3612,739,143,138,161,217,349,500,754,1081,1471,1690,2088,2280,2223,1389,603,136,949,170,11
Norway,1959,16551,656,822,166,105,75,136,285,404,830,1797,3317,4356,3706,704,136,149,182,222,347,483,706,1091,1521,1796,2102,2254,2253,1453,570,134,927,211,11
Norway,1960,17079,628,829,201,107,73,124,255,421,809,1776,3507,4497,3963,709,123,132,165,256,334,475,708,1068,1602,1905,2182,2315,2388,1575,586,123,936,197,10
Norway,1961,17733,634,789,155,89,72,147,262,404,866,1908,3646,4762,3995,778,147,115,168,236,373,493,780,1128,1670,1976,2331,2431,2350,1645,647,131,878,219,12
Norway,1962,18280,620,794,174,95,72,153,272,428,844,1989,3844,4954,4035,788,146,126,159,269,337,507,823,1166,1669,2175,2416,2538,2361,1674,654,134,889,225,13
Norway,1963,19310,581,770,189,102,66,145,251,355,885,2121,4035,5408,4340,821,127,124,138,217,381,504,823,1298,1696,2339,2615,2793,2521,1819,685,136,872,211,13
Norway,1964,18651,604,768,164,109,65,154,252,368,896,2016,4058,5145,4075,741,136,116,144,224,356,540,837,1179,1781,2277,2496,2649,2355,1720,614,127,877,219,13
Norway,1965,19170,611,756,145,102,74,142,280,365,951,2149,4113,5358,4069,801,150,130,150,215,408,543,905,1244,1750,2363,2662,2696,2402,1667,669,132,858,216,13
Norway,1966,19480,531,688,157,81,63,149,263,313,903,2125,4168,5627,4192,887,140,123,122,191,327,576,836,1289,1758,2410,2834,2793,2527,1665,745,142,769,212,15
Norway,1967,19693,541,680,139,87,74,139,281,332,956,2135,4315,5698,4098,882,161,120,129,203,353,603,870,1265,1769,2546,2837,2861,2513,1585,738,144,767,213,15
Norway,1968,20341,491,633,142,99,65,150,299,334,962,2177,4391,6040,4302,878,181,118,136,198,358,604,876,1301,1874,2517,3051,2989,2626,1676,736,142,732,215,14
Norway,1969,21315,512,663,151,84,69,161,335,343,956,2286,4675,6394,4418,912,189,146,151,192,336,620,870,1416,1965,2710,3258,3136,2655,1763,761,151,747,230,16
Norway,1970,21310,476,626,150,88,58,157,311,343,970,2329,4583,6481,4395,956,183,128,155,188,348,622,926,1403,1949,2634,3218,3263,2687,1708,786,170,714,215,18
Norway,1971,21320,491,642,151,93,65,156,324,345,888,2283,4439,6606,4521,934,172,152,145,200,322,566,924,1359,1951,2488,3220,3386,2779,1742,770,164,735,221,18
Norway,1972,21461,427,556,129,83,68,167,357,346,840,2271,4608,6588,4588,969,200,157,156,190,292,548,900,1371,1971,2637,3235,3353,2827,1761,787,182,639,235,19
Norway,1973,21875,410,544,134,80,59,184,339,340,790,2380,4574,6855,4771,938,156,183,149,191,269,521,948,1432,1979,2595,3333,3522,2899,1872,757,181,624,243,19
Norway,1974,21450,358,481,123,93,57,166,360,323,818,2312,4543,6639,4718,924,197,163,152,171,281,537,941,1371,2009,2534,3226,3413,2906,1812,728,196,574,223,18
Norway,1975,21871,339,456,117,81,71,166,368,308,769,2294,4679,6822,4912,929,177,191,133,175,271,498,923,1371,2029,2650,3302,3520,3072,1840,747,182,537,237,21
Norway,1976,21878,285,398,113,56,56,150,335,365,693,2303,4743,6807,4959,989,172,163,173,192,224,469,902,1401,2072,2671,3327,3480,3045,1914,803,186,454,206,25
Norway,1977,21699,262,340,78,71,52,162,318,357,735,2321,4562,6853,4940,965,170,148,167,190,252,483,904,1417,1888,2674,3232,3621,3007,1933,795,170,411,214,24
Norway,1978,22066,242,330,88,57,55,133,330,351,745,2205,4696,6945,5163,1033,187,143,185,166,252,493,790,1415,2007,2689,3334,3611,3199,1964,861,172,387,188,24
Norway,1979,22626,254,326,72,69,53,153,339,381,702,2255,4823,7174,5269,1060,171,168,179,202,263,439,834,1421,2063,2760,3372,3802,3244,2025,870,190,395,206,26
Norway,1980,22575,236,299,63,57,46,165,369,416,683,2137,4971,7020,5381,1009,203,166,207,209,256,427,752,1385,2082,2889,3326,3694,3281,2100,833,176,356,211,21
Norway,1981,22806,220,273,53,47,49,145,330,373,654,2103,4841,7169,5693,1110,181,149,160,213,252,402,755,1348,2049,2792,3521,3648,3387,2306,906,204,320,194,23
Norway,1982,22627,236,303,67,38,55,173,342,384,688,2006,4769,7228,5507,1109,190,152,156,228,280,408,736,1270,2022,2747,3540,3688,3339,2168,887,222,341,228,25
Norway,1983,22922,224,276,52,44,52,165,363,378,646,1961,4871,7327,5570,1243,189,174,174,204,253,393,745,1216,2107,2764,3624,3703,3296,2274,999,244,320,217,26
Norway,1984,22989,214,273,59,32,39,143,339,412,671,1821,4753,7436,5823,1220,185,154,166,246,269,402,630,1191,2008,2745,3670,3766,3479,2344,986,234,305,182,27
Norway,1985,23772,268,324,56,35,46,165,345,441,720,1804,4745,7887,5920,1308,177,168,181,260,319,401,670,1134,2012,2733,3733,4154,3539,2381,1066,242,359,211,31
Norway,1986,23445,225,281,56,37,43,190,362,423,763,1690,4778,7666,5868,1313,202,160,181,242,320,443,607,1083,1975,2803,3648,4018,3469,2399,1070,243,318,233,31
Norway,1987,23964,254,312,58,30,33,147,385,437,788,1727,4828,7729,6135,1379,210,175,191,246,376,412,628,1099,1915,2913,3652,4077,3662,2473,1128,251,342,180,34
Norway,1988,23691,268,322,54,38,34,145,360,427,817,1643,4509,7808,6184,1371,188,172,192,235,360,457,613,1030,1808,2701,3591,4217,3598,2586,1118,253,360,179,32
Norway,1989,23568,268,324,56,30,29,147,322,438,825,1574,4528,7577,6274,1462,188,134,190,248,375,450,589,985,1718,2810,3476,4101,3741,2533,1181,281,354,176,36
Norway,1990,23856,252,309,57,31,39,139,328,469,834,1478,4299,7847,6482,1561,153,175,207,262,377,457,536,942,1597,2702,3670,4177,3833,2649,1249,312,340,178,38
Norway,1991,23147,207,259,52,23,23,109,332,436,800,1469,4090,7585,6491,1496,167,165,176,260,323,477,570,899,1511,2579,3488,4097,3902,2589,1182,314,282,132,35
Norway,1992,23064,192,245,53,21,35,124,355,417,835,1441,3799,7609,6574,1575,181,174,204,213,322,513,561,880,1457,2342,3531,4078,3924,2650,1260,315,266,159,34
Norway,1993,23763,173,220,47,22,30,107,290,434,865,1350,3823,7872,6976,1735,140,150,193,241,346,519,573,777,1477,2346,3703,4169,4070,2906,1361,374,242,137,43
Norway,1994,22362,179,213,34,17,31,92,293,385,838,1376,3553,7311,6604,1605,131,162,166,219,331,507,589,787,1303,2250,3479,3832,3981,2623,1249,356,230,123,45
Norway,1995,23014,151,185,34,26,31,110,301,415,840,1444,3416,7504,6998,1699,147,154,188,227,291,549,621,823,1226,2190,3349,4155,4071,2927,1366,333,211,141,44
Norway,1996,22085,142,186,44,23,26,73,316,394,782,1430,3092,7373,6763,1583,128,188,181,213,293,489,663,767,1167,1925,3293,4080,3968,2795,1275,308,209,99,46
Norway,1997,22231,135,176,41,33,26,87,292,387,793,1435,3024,7210,7051,1668,129,163,191,196,316,477,670,765,1162,1862,3123,4087,4060,2991,1345,323,209,113,48
Norway,1998,22055,136,165,29,22,22,77,348,442,774,1555,2951,7001,7040,1613,167,181,204,238,327,447,732,823,1137,1814,2903,4098,4099,2941,1301,312,187,99,44
Norway,1999,22409,135,186,51,18,18,96,336,396,749,1558,2908,6935,7381,1785,158,178,181,215,287,462,785,773,1118,1790,2797,4138,4149,3232,1430,355,204,114,45
Norway,2000,21673,129,166,37,24,16,106,352,478,762,1604,2657,6434,7254,1782,152,200,212,266,336,426,735,869,1032,1625,2581,3853,4172,3082,1435,347,190,122,39
Norway,2001,21573,123,159,36,18,15,98,343,458,740,1552,2632,6294,7385,1839,171,172,198,260,300,440,673,879,1092,1540,2472,3822,4289,3096,1500,339,177,113,42
Norway,2002,21628,93,128,35,31,22,90,311,450,674,1644,2691,6104,7480,1958,140,171,206,244,278,396,672,972,1110,1581,2429,3675,4203,3277,1601,357,159,112,46
Norway,2003,20570,107,137,30,23,30,92,269,410,695,1590,2580,5460,7282,1959,124,145,190,220,286,409,614,976,1078,1502,2234,3226,4108,3174,1593,366,160,122,44
Norway,2004,19974,98,128,30,11,16,86,300,369,640,1610,2539,5137,7187,1912,148,152,154,215,267,373,638,972,1111,1428,2134,3003,4146,3041,1539,373,139,102,43
Norway,2005,20106,95,127,32,22,23,70,265,375,654,1539,2551,5112,7334,1995,141,124,152,223,256,398,584,955,1154,1397,2028,3084,4039,3295,1603,392,149,93,44
Norway,2006,19597,111,136,25,16,17,77,260,359,613,1515,2705,4694,7145,2019,121,139,160,199,228,385,601,914,1288,1417,1871,2823,3820,3325,1624,395,152,94,47
Norway,2007,20189,96,113,17,10,24,66,251,296,628,1428,2866,4776,7471,2211,113,138,131,165,234,394,579,849,1357,1509,1859,2917,3907,3564,1763,448,123,90,56
Norway,2008,20291,101,124,23,16,17,80,264,314,642,1446,2890,4738,7385,2322,136,128,128,186,273,369,588,858,1381,1509,1855,2883,3740,3645,1841,481,140,97,57
Norway,2009,19881,118,138,20,18,15,86,248,339,636,1478,2956,4490,7184,2250,112,136,145,194,281,355,586,892,1384,1572,1824,2666,3579,3605,1789,461,156,101,52
Norway,2010,20018,95,108,13,14,23,61,273,289,621,1446,3084,4490,7100,2456,128,145,131,158,251,370,570,876,1394,1690,1869,2621,3570,3530,1949,507,122,84,57
Norway,2011,20029,90,107,17,14,14,96,250,336,658,1406,3051,4498,7072,2477,131,119,155,181,254,404,542,864,1294,1757,1938,2560,3488,3584,1980,497,121,110,55
Norway,2012,20062,86,102,16,13,19,50,218,320,578,1399,3160,4350,7047,2746,108,110,142,178,232,346,576,823,1337,1823,1896,2454,3506,3541,2209,537,115,69,65
Norway,2013,19913,66,81,15,11,10,59,227,304,613,1437,3181,4423,6858,2641,106,121,134,170,258,355,536,901,1251,1930,1970,2453,3411,3447,2109,532,92,69,66
Norway,2014,19713,79,98,19,17,15,44,228,316,571,1319,3052,4494,6513,2971,101,127,135,181,223,348,539,780,1193,1859,2060,2434,3198,3315,2355,616,115,59,77
Norway,2015,19711,79,99,20,8,12,48,210,251,565,1294,2967,4596,6603,2985,95,115,126,125,232,333,519,775,1159,1808,2158,2438,3172,3431,2345,640,107,60,78
Norway,2016,19624,70,80,10,6,20,51,194,306,554,1287,3012,4650,6374,3006,81,113,145,161,208,346,528,759,1173,1839,2249,2401,2994,3380,2312,694,86,71,82
Norway,2017,19605,66,87,21,10,12,51,219,246,480,1257,2855,4810,6407,3089,116,103,118,128,178,302,493,764,1109,1746,2296,2514,3053,3354,2379,710,97,63,83
Norway,2018,19826,69,76,7,12,16,43,222,301,501,1232,2761,5120,6423,3035,103,119,133,168,197,304,480,752,1119,1642,2431,2689,3055,3368,2303,732,88,59,86
Norway,2019,20003,68,86,18,14,14,59,227,267,493,1205,2741,5219,6322,3266,107,120,113,154,203,290,477,728,1141,1600,2502,2717,3017,3305,2463,803,100,73,93
Norway,2020,20019,57,71,14,7,14,66,206,271,520,1175,2665,5295,6434,3196,84,122,127,144,204,316,452,723,1047,1618,2474,2821,3126,3308,2374,822,78,80,99
Norway,2021,20850,64,80,16,14,13,51,169,231,424,1167,2576,5835,6733,3444,75,94,92,139,160,264,445,722,1050,1526,2407,3428,3394,3339,2535,909,94,64,113
Oceania (UN),1950,83616,11996,17143,5147,1637,942,1453,4193,3999,5082,8476,14481,16079,9068,1047,2219,1974,1913,2086,2309,2773,3586,4890,6714,7767,8255,7824,5841,3227,894,153,18780,2395,15
Oceania (UN),1951,87989,12346,17833,5487,1886,1135,1688,4691,4418,5498,8912,15160,16233,9266,1253,2439,2252,2114,2304,2514,2984,3793,5119,7080,8080,8400,7833,5988,3278,1072,181,19719,2823,15
Oceania (UN),1952,85287,12253,17239,4986,1587,896,1444,4284,4171,5429,8763,15127,16017,9133,1183,2166,2118,1987,2184,2438,2991,3852,4911,6949,8178,8355,7662,5906,3227,1006,177,18826,2340,13
Oceania (UN),1953,83822,12130,17035,4905,1611,899,1437,4069,4043,5413,8594,14600,15955,8976,1175,2059,2010,1941,2102,2454,2959,3795,4799,6707,7893,8433,7522,5739,3237,1000,175,18646,2336,14
Oceania (UN),1954,84729,12015,16894,4879,1572,868,1395,4039,4042,5436,8614,14658,16650,9253,1289,2013,2026,1977,2065,2472,2964,3824,4790,6599,8059,8675,7975,5838,3415,1103,186,18466,2263,18
Oceania (UN),1955,84800,12104,16890,4786,1549,875,1428,3847,4040,5487,8778,14773,16588,9191,1333,1892,1955,1978,2062,2442,3045,3895,4883,6403,8370,8753,7835,5837,3354,1129,204,18439,2303,21
Oceania (UN),1956,86934,11951,16621,4670,1551,888,1332,3826,4074,5667,8977,14984,17494,10053,1444,1916,1910,2006,2068,2563,3104,3917,5060,6589,8395,9092,8402,6328,3725,1218,226,18172,2220,22
Oceania (UN),1957,86779,12112,16730,4618,1546,875,1411,3749,4174,5702,9223,15011,17508,9415,1414,1876,1873,2063,2111,2499,3203,4040,5183,6470,8541,9152,8356,5896,3519,1189,225,18276,2286,21
Oceania (UN),1958,85451,11914,16398,4484,1533,857,1375,3669,4045,5741,9267,14632,17208,9266,1437,1883,1786,1913,2132,2435,3306,4139,5128,6376,8256,8983,8225,5877,3389,1200,237,17931,2232,23
Oceania (UN),1959,88993,12054,16467,4413,1522,885,1414,3488,4187,5917,9848,15228,18577,9905,1530,1793,1695,1966,2221,2522,3395,4236,5612,6532,8696,9583,8994,6299,3606,1276,254,17989,2299,24
Oceania (UN),1960,88171,11817,16064,4247,1518,877,1392,3401,4029,6021,9972,15076,18233,9976,1587,1728,1673,1886,2143,2591,3430,4422,5550,6737,8339,9527,8706,6428,3548,1332,255,17582,2269,25
Oceania (UN),1961,89240,11888,16097,4209,1470,921,1397,3434,4064,6200,10174,15159,18479,10246,1573,1772,1662,1840,2224,2694,3506,4572,5602,6949,8210,9640,8839,6554,3692,1325,248,17567,2318,25
Oceania (UN),1962,91723,11807,15945,4138,1528,891,1426,3460,4086,6348,10635,15446,19273,10976,1683,1826,1634,1840,2246,2676,3672,4721,5914,7162,8284,9957,9316,6960,4016,1412,271,17473,2317,26
Oceania (UN),1963,92366,11515,15474,3959,1485,898,1465,3402,3929,6398,10884,16020,19686,11026,1673,1789,1613,1749,2180,2732,3666,4833,6051,7502,8518,9911,9775,7049,3977,1404,269,16959,2363,26
Oceania (UN),1964,95673,11219,15215,3996,1534,927,1505,3406,3972,6579,11604,16807,20425,11883,1788,1844,1562,1771,2201,2954,3625,5115,6489,8089,8718,10288,10137,7655,4228,1503,285,16749,2432,28
Oceania (UN),1965,95167,11049,14901,3852,1456,903,1642,3503,3955,6472,11788,16991,20194,11589,1743,1859,1644,1710,2245,2903,3569,5297,6491,7959,9032,9989,10205,7316,4273,1470,273,16357,2545,29
Oceania (UN),1966,97487,10895,14687,3792,1491,901,1686,3515,3905,6504,11940,17789,20779,12445,1815,1920,1595,1672,2233,2880,3624,5170,6770,8309,9480,10241,10538,7973,4472,1505,310,16178,2587,30
Oceania (UN),1967,96498,10860,14501,3641,1489,869,1645,3635,3715,6769,12167,17864,20081,11997,1739,2010,1625,1628,2087,2901,3868,5162,7005,8326,9538,9872,10209,7687,4310,1444,295,15990,2514,26
Oceania (UN),1968,100435,10894,14425,3531,1495,910,1717,3715,3690,6732,12348,18884,21034,13462,1992,2090,1625,1625,2065,2871,3861,5253,7095,8946,9938,10346,10688,8445,5017,1665,327,15920,2627,29
Oceania (UN),1969,98755,10958,14412,3454,1474,914,1661,3685,3655,6946,12241,18972,20331,12568,1869,2056,1629,1645,2010,2873,4073,5066,7175,8757,10215,10027,10304,7971,4597,1559,310,15886,2575,27
Oceania (UN),1970,101716,10940,14379,3439,1474,903,1803,3871,3626,6849,12559,19812,21021,13374,2015,2200,1671,1603,2023,2799,4050,5182,7377,9126,10686,10495,10526,8492,4882,1694,321,15853,2706,28
Oceania (UN),1971,99530,10867,14217,3350,1435,931,1863,3866,3538,6591,12358,19091,20250,13276,2083,2199,1667,1589,1949,2655,3936,5164,7194,8845,10246,10416,9834,8368,4908,1737,346,15652,2794,31
Oceania (UN),1972,100100,10547,13820,3273,1386,905,1859,3769,3486,6653,12414,19709,20790,13132,2143,2115,1654,1577,1909,2642,4011,5271,7143,9330,10379,10890,9900,8292,4840,1790,353,15206,2764,33
Oceania (UN),1973,100643,10115,13318,3203,1373,920,1936,3920,3452,6735,12541,20219,20993,13123,2077,2206,1714,1574,1878,2639,4096,5421,7120,9375,10844,11168,9825,8210,4913,1735,342,14691,2856,34
Oceania (UN),1974,102578,9890,12956,3066,1292,928,2018,3898,3544,6658,12876,20566,21782,13718,2302,2128,1770,1647,1897,2559,4099,5721,7155,9730,10836,11665,10117,8375,5343,1918,384,14248,2946,38
Oceania (UN),1975,99101,9307,12268,2961,1295,912,2011,3911,3535,6493,12705,20126,20936,12727,2144,2128,1783,1619,1916,2527,3966,5722,6983,9455,10671,11317,9619,7718,5009,1776,368,13563,2923,36
Oceania (UN),1976,101024,8960,11756,2796,1225,900,2004,3850,3478,6324,12783,20665,22465,13198,2334,2166,1684,1620,1858,2481,3843,5612,7171,9452,11213,11692,10773,7945,5253,1935,399,12981,2904,41
Oceania (UN),1977,98795,8729,11399,2670,1202,899,2079,4111,3553,6219,12453,20255,21919,12462,2201,2293,1818,1670,1883,2429,3790,5445,7008,9234,11021,11555,10364,7617,4845,1816,385,12601,2978,41
Oceania (UN),1978,98271,8486,11011,2525,1115,866,2037,4114,3508,5926,12558,20328,22368,12196,2204,2335,1779,1659,1849,2397,3529,5344,7214,9157,11171,11638,10730,7411,4785,1837,367,12126,2903,38
Oceania (UN),1979,97724,8214,10647,2433,1098,843,1955,4080,3515,5798,12600,19936,22669,12222,2319,2277,1803,1701,1814,2300,3498,5376,7224,8770,11166,11819,10850,7481,4741,1925,394,11745,2798,42
Oceania (UN),1980,98959,7979,10330,2351,1079,799,1913,4038,3450,5664,12458,20170,23467,12972,2570,2231,1807,1654,1796,2317,3347,5231,7227,8796,11374,12080,11387,8209,4763,2110,460,11409,2712,49
Oceania (UN),1981,99143,7943,10256,2313,1075,796,1895,4072,3509,5509,12465,20100,23690,13088,2637,2280,1792,1692,1817,2308,3201,5090,7375,8750,11350,12346,11344,8259,4829,2159,478,11331,2691,49
Oceania (UN),1982,101561,7865,10117,2252,1051,807,1874,4298,3581,5472,12084,20669,24736,13991,2829,2388,1910,1730,1851,2266,3206,4842,7242,9060,11609,12741,11995,8978,5013,2303,526,11168,2681,52
Oceania (UN),1983,99539,7793,9984,2191,1016,770,1753,4252,3503,5245,11853,20215,24449,13771,2673,2382,1870,1683,1820,2238,3007,4687,7166,9128,11087,12440,12009,8895,4876,2165,508,11000,2523,55
Oceania (UN),1984,100877,7749,9940,2191,973,796,1737,4171,3648,5346,11579,20002,25311,14495,2815,2351,1820,1784,1864,2324,3022,4520,7059,9353,10649,13086,12225,9344,5151,2260,555,10913,2533,63
Oceania (UN),1985,103663,7790,9927,2137,995,768,1809,4415,3664,5339,11229,20489,26059,15855,3041,2431,1984,1783,1881,2299,3040,4377,6852,9588,10901,13263,12796,10080,5775,2427,614,10922,2577,72
Oceania (UN),1986,102680,7667,9804,2137,958,796,1837,4385,3833,5383,10888,20383,25928,15517,2892,2370,2015,1805,2028,2385,2998,4303,6585,9445,10938,13118,12810,9854,5663,2288,604,10762,2633,75
Oceania (UN),1987,104999,7605,9693,2088,961,753,1813,4472,3861,5452,10914,20561,26731,16695,3012,2398,2074,1855,2006,2366,3086,4316,6598,9246,11315,13438,13293,10413,6282,2369,643,10654,2566,80
Oceania (UN),1988,105893,7565,9590,2025,955,742,1848,4604,3972,5594,10459,20819,26916,17204,3105,2408,2196,1952,2020,2571,3023,4237,6222,9378,11441,13041,13875,10927,6277,2434,671,10545,2590,84
Oceania (UN),1989,108726,7560,9607,2047,942,743,1847,4585,4149,5538,10275,21206,27812,18561,3360,2347,2238,2017,2132,2450,3088,4250,6025,9238,11968,13260,14552,11559,7002,2630,730,10549,2590,100
Oceania (UN),1990,105292,7443,9462,2019,944,682,1722,4557,4126,5717,9945,20532,26426,17937,3149,2350,2207,2057,2069,2619,3098,4115,5830,8855,11677,12507,13919,11170,6767,2520,629,10406,2404,93
Oceania (UN),1991,104918,7258,9206,1948,939,711,1634,4246,4260,5782,9748,20205,26513,18276,3298,2210,2036,2059,2201,2592,3190,4156,5592,8665,11540,12579,13934,11640,6636,2674,624,10145,2345,99
Oceania (UN),1992,108148,7270,9229,1959,910,703,1592,4323,4255,5811,9927,20429,27509,19638,3717,2229,2094,2101,2154,2583,3228,4256,5671,8609,11820,13291,14218,12149,7489,3027,690,10139,2295,104
Oceania (UN),1993,107067,7129,9094,1965,899,685,1583,4200,4363,5864,9757,19526,27259,20004,3738,2199,2001,2121,2242,2571,3293,4180,5577,8095,11431,13330,13929,12296,7708,3075,663,9993,2268,95
Oceania (UN),1994,110636,7104,9027,1923,906,708,1536,4210,4495,6033,9803,19709,28237,21528,4333,2169,2041,2168,2327,2622,3411,4224,5579,8037,11672,14106,14131,13144,8384,3564,769,9933,2244,111
Oceania (UN),1995,109980,7067,8980,1913,903,691,1538,4347,4604,6053,9785,19105,27687,21909,4278,2273,2074,2229,2375,2631,3422,4243,5542,7765,11340,13960,13727,13193,8716,3512,766,9883,2229,100
Oceania (UN),1996,112463,7167,9078,1911,902,710,1624,4304,4687,6169,9980,18877,28301,22951,4769,2225,2079,2254,2433,2672,3497,4375,5605,7798,11079,14086,14215,13828,9123,3890,879,9980,2334,109
Oceania (UN),1997,112214,7158,9102,1944,899,698,1648,4305,4511,6210,10098,18503,28222,22996,4908,2167,2138,2140,2371,2791,3419,4527,5571,7656,10847,13862,14360,13766,9230,3989,919,10001,2346,113
Oceania (UN),1998,113052,7253,9362,2109,1045,796,1620,4575,4865,6291,10218,17968,28320,22777,5100,2297,2278,2291,2574,2860,3431,4523,5695,7552,10416,13715,14605,13323,9454,4139,961,10407,2416,114
Oceania (UN),1999,113474,7330,9233,1903,897,693,1587,4399,4633,6275,10392,17374,29097,23334,5437,2183,2216,2180,2453,2819,3456,4627,5765,7407,9967,13740,15357,13261,10073,4411,1026,10130,2280,123
Oceania (UN),2000,113571,7284,9183,1899,899,712,1576,4215,4666,6498,10456,17079,28700,23671,5782,2067,2148,2161,2505,2968,3530,4714,5742,7333,9746,13283,15417,13336,10335,4683,1099,10082,2288,133
Oceania (UN),2001,114545,7363,9249,1886,905,694,1570,4017,4566,6509,10683,17135,28411,24665,6000,2057,1960,2119,2447,2933,3576,4714,5969,7610,9525,13161,15250,13749,10916,4836,1164,10154,2264,141
Oceania (UN),2002,117911,7343,9275,1932,931,718,1554,4033,4589,6873,10902,17278,28653,26133,6810,2020,2013,2131,2458,3046,3827,4811,6091,7684,9594,13036,15617,14670,11463,5473,1337,10206,2272,161
Oceania (UN),2003,118011,7406,9299,1893,914,692,1590,3991,4549,7107,11104,17355,28001,26215,7026,2044,1947,2107,2442,3190,3917,4756,6348,7717,9638,12623,15378,15065,11150,5636,1390,10213,2282,167
Oceania (UN),2004,119575,7404,9295,1891,920,721,1548,4061,4605,7160,11366,17460,27818,27049,7388,2078,1983,2156,2449,3180,3980,4954,6412,7828,9632,12291,15527,15737,11312,5918,1470,10215,2269,183
Oceania (UN),2005,119109,7489,9358,1869,924,703,1564,4106,4611,7413,11598,17545,26609,26835,7647,2123,1983,2155,2456,3316,4097,4989,6609,7851,9694,11640,14969,15645,11190,6100,1547,10282,2267,195
Oceania (UN),2006,121514,7517,9364,1847,912,707,1595,4008,4542,7354,11710,17788,26624,28445,8247,2111,1897,2101,2441,3200,4154,5070,6640,8074,9714,11629,14995,16214,12231,6550,1697,10276,2302,217
Oceania (UN),2007,125170,7464,9347,1883,921,707,1587,4118,4701,7507,12120,18565,27017,29834,8524,2129,1989,2102,2599,3158,4349,5330,6790,8518,10047,11719,15298,16746,13088,6738,1786,10268,2294,221
Oceania (UN),2008,127503,7484,9327,1843,902,700,1600,4114,4635,7574,12104,18755,26985,31398,9164,2117,1997,2088,2547,3226,4348,5413,6691,8648,10107,11907,15078,17194,14204,7200,1964,10229,2300,245
Oceania (UN),2009,128403,7468,9301,1833,923,703,1628,4171,4752,7723,12375,19191,26701,31356,9321,2140,2031,2160,2592,3309,4414,5591,6784,8937,10254,12156,14545,16904,14452,7218,2103,10224,2331,257
Oceania (UN),2010,129043,7466,9260,1794,904,697,1599,4042,4606,7644,12571,19252,26182,32010,10000,2089,1953,2053,2553,3160,4484,5653,6918,8860,10392,12145,14037,17105,14905,7729,2271,10164,2296,276
Oceania (UN),2011,132718,7325,9080,1755,883,685,1568,4156,4596,7630,12961,19969,27005,33059,10830,2137,2019,2113,2483,3230,4400,5742,7219,9287,10682,12472,14533,17309,15750,8390,2440,9963,2253,295
Oceania (UN),2012,134213,7163,8915,1752,888,700,1592,4236,4525,7625,13061,20184,27039,33534,11595,2156,2080,2067,2458,3253,4372,5884,7177,9125,11059,12610,14429,17282,16252,9008,2587,9803,2292,319
Oceania (UN),2013,135598,7148,8865,1717,888,686,1536,4124,4545,7795,13545,20979,27388,33186,11725,2107,2017,2058,2487,3298,4497,6034,7511,9229,11750,12896,14492,16825,16361,9195,2530,9753,2222,335
Oceania (UN),2014,138893,7026,8704,1678,880,669,1501,4150,4731,7882,13929,21420,28162,33844,12644,2138,2012,2154,2577,3424,4458,6232,7697,9507,11913,13232,14930,17041,16803,9940,2704,9584,2170,376
Oceania (UN),2015,141919,6921,8582,1661,873,684,1552,4227,4772,8057,14391,21903,28729,34458,13285,2132,2095,2214,2558,3465,4592,6362,8029,9766,12137,13478,15251,16932,17526,10388,2897,9455,2236,403
Oceania (UN),2016,144110,6789,8410,1621,862,690,1517,4304,4804,7995,14457,22163,29603,34816,14042,2183,2121,2220,2584,3403,4592,6331,8126,9880,12283,14043,15560,17176,17640,10854,3188,9272,2207,446
Oceania (UN),2017,145804,6721,8294,1573,843,684,1516,4237,4846,8046,14437,22351,30364,34863,14845,2133,2104,2237,2609,3380,4666,6193,8244,10000,12351,14489,15875,17144,17719,11351,3494,9137,2200,478
Oceania (UN),2018,146555,6628,8145,1517,828,679,1546,4284,4947,7955,14729,22669,30796,34351,15113,2163,2121,2243,2704,3300,4655,6247,8482,10316,12353,14953,15843,17102,17249,11451,3662,8973,2225,513
Oceania (UN),2019,151784,6459,7942,1483,828,667,1599,4627,5118,8493,15203,23744,32196,34691,16121,2324,2303,2343,2775,3511,4982,6397,8806,10949,12795,15575,16621,17532,17159,12277,3844,8770,2266,554
Oceania (UN),2020,148148,6322,7761,1439,810,613,1329,3540,3777,6782,13245,22821,33380,36168,17297,1796,1744,1733,2044,2695,4087,5466,7779,10361,12460,15905,17475,18326,17842,13008,4289,8571,1942,625
Oceania (UN),2021,154179,6159,7547,1388,790,593,1240,3339,3689,6863,13755,24213,35033,38016,18351,1693,1646,1656,2033,2770,4093,5737,8018,11015,13198,16559,18474,19476,18540,13531,4820,8337,1833,749
Oman,1950,8742,3494,5888,2394,422,182,176,434,347,315,294,309,291,81,3,232,202,178,169,163,152,152,142,152,157,162,129,61,20,3,0,6310,358,0
Oman,1951,8799,3572,5891,2319,425,182,178,437,351,322,300,318,301,90,2,233,204,180,171,166,156,154,146,157,161,166,135,69,21,2,0,6316,360,0
Oman,1952,8824,3570,5865,2295,423,185,181,439,353,328,310,327,310,101,4,234,205,181,172,168,160,159,151,161,166,170,140,77,24,4,0,6288,366,0
Oman,1953,8843,3569,5849,2280,410,185,183,443,356,330,318,335,319,111,4,237,206,184,172,169,161,162,156,164,171,174,145,85,26,4,0,6259,368,0
Oman,1954,8889,3579,5868,2289,394,187,186,445,360,337,325,341,327,117,6,239,206,185,175,172,165,165,160,168,173,178,149,89,28,6,0,6262,373,0
Oman,1955,8893,3584,5864,2280,380,187,187,442,355,334,329,349,334,125,6,238,204,183,172,169,165,165,164,172,177,182,152,94,31,6,0,6244,374,0
Oman,1956,8942,3594,5866,2272,378,188,189,447,358,339,336,357,341,132,6,242,205,184,174,173,166,169,167,176,181,186,155,99,33,6,0,6244,377,0
Oman,1957,8981,3596,5851,2255,375,189,194,456,364,344,344,368,350,140,7,248,208,187,177,174,170,172,172,183,185,191,159,103,37,7,0,6226,383,0
Oman,1958,8952,3598,5828,2230,375,184,191,447,357,338,346,374,354,146,8,244,203,182,175,170,168,173,173,187,187,194,160,105,41,8,0,6203,375,0
Oman,1959,8954,3601,5814,2213,379,176,191,445,352,337,348,383,362,151,8,243,202,179,173,170,167,174,174,192,191,197,165,108,43,8,0,6193,367,0
Oman,1960,8742,3510,5602,2092,370,167,191,441,347,336,353,394,372,157,10,241,200,176,171,169,167,175,178,197,197,202,170,111,46,10,0,5972,358,0
Oman,1961,8512,3426,5414,1988,357,158,187,426,335,331,353,402,376,160,11,234,192,170,165,165,166,174,179,201,201,205,171,113,47,11,0,5771,345,0
Oman,1962,8291,3335,5232,1897,347,150,181,415,323,322,352,410,382,164,11,228,187,163,160,160,162,173,179,204,206,207,175,114,50,11,0,5579,331,0
Oman,1963,8111,3252,5068,1816,339,148,176,404,313,318,355,420,391,169,13,222,182,158,155,159,159,173,182,205,215,212,179,118,51,12,1,5407,324,0
Oman,1964,7910,3168,4899,1731,330,144,167,393,303,312,353,427,396,171,14,216,177,153,150,155,157,171,182,208,219,216,180,119,52,13,1,5229,311,0
Oman,1965,7741,3083,4732,1649,326,143,160,390,296,309,356,434,404,174,16,214,176,150,146,153,156,171,185,210,224,219,185,121,53,15,1,5058,303,0
Oman,1966,7567,2999,4569,1570,319,141,153,380,290,303,357,443,415,180,16,209,171,147,143,149,154,171,186,214,229,226,189,125,55,15,1,4888,294,0
Oman,1967,7381,2917,4407,1490,311,138,147,369,284,297,355,447,423,181,17,203,166,144,140,145,152,169,186,215,232,233,190,125,56,15,2,4718,285,0
Oman,1968,7199,2837,4246,1409,305,136,144,356,274,292,355,456,432,188,17,195,161,139,135,141,151,168,187,219,237,238,194,130,58,15,2,4551,280,0
Oman,1969,7040,2754,4083,1329,297,134,146,345,272,290,357,463,446,188,17,186,159,138,134,139,151,168,189,222,241,247,199,130,58,15,2,4380,280,0
Oman,1970,6919,2683,3945,1262,292,133,147,343,270,289,359,471,459,194,17,182,161,138,132,138,151,168,191,225,246,254,205,135,59,15,2,4237,280,0
Oman,1971,6738,2616,3804,1188,281,130,146,326,262,281,358,474,466,196,19,170,156,133,129,134,147,167,191,226,248,257,209,135,61,17,2,4085,276,0
Oman,1972,6790,2551,3672,1121,271,130,161,385,296,299,372,492,486,203,19,199,186,154,142,143,156,175,197,234,258,267,219,140,63,17,2,3943,291,0
Oman,1973,6618,2500,3555,1055,257,125,158,366,285,289,369,492,493,206,19,192,174,148,137,138,151,173,196,233,259,269,224,142,64,17,2,3812,283,0
Oman,1974,6475,2454,3444,990,247,123,157,351,278,283,365,496,502,210,19,190,161,144,134,136,147,170,195,235,261,272,230,144,66,17,2,3691,280,0
Oman,1975,6415,2449,3384,935,235,120,156,347,275,280,366,502,514,213,20,192,155,142,133,134,146,170,196,237,265,277,237,147,66,18,2,3619,276,0
Oman,1976,6159,2441,3322,881,223,114,136,270,231,255,354,498,520,218,20,151,119,116,115,120,135,163,191,233,265,279,241,152,66,18,2,3545,250,0
Oman,1977,6158,2432,3279,847,222,114,139,270,230,258,359,507,533,226,20,152,118,115,115,122,136,164,195,237,270,286,247,158,68,18,2,3501,253,0
Oman,1978,6044,2389,3175,786,201,106,134,268,228,257,360,514,545,235,20,151,117,113,115,121,136,163,197,239,275,291,254,165,70,18,2,3376,240,0
Oman,1979,5931,2348,3087,739,187,99,130,263,218,252,358,516,555,243,23,148,115,107,111,118,134,162,196,239,277,295,260,171,72,21,2,3274,229,0
Oman,1980,5847,2296,2987,691,175,94,129,262,215,254,362,525,570,251,24,146,116,104,111,119,135,162,200,243,282,303,267,177,74,21,3,3162,223,0
Oman,1981,5754,2231,2876,645,169,89,125,260,213,254,365,533,584,263,24,144,116,102,111,119,135,163,202,247,286,308,276,185,78,21,3,3045,214,0
Oman,1982,5614,2150,2744,594,158,84,120,254,207,253,365,538,595,272,24,139,115,98,109,118,135,163,202,249,289,313,282,191,81,21,3,2902,204,0
Oman,1983,5448,2051,2597,546,147,79,114,243,203,251,364,543,603,280,24,133,110,96,107,116,135,162,202,252,291,316,287,195,85,21,3,2744,193,0
Oman,1984,5293,1934,2437,503,140,74,109,233,196,250,368,550,619,292,26,127,106,95,101,115,135,163,205,255,295,322,297,204,88,23,3,2577,183,0
Oman,1985,5177,1812,2270,458,133,69,105,234,199,259,378,563,634,303,26,127,107,97,102,119,140,168,210,260,303,330,304,210,93,23,3,2403,174,0
Oman,1986,5097,1667,2078,411,129,71,112,249,216,273,391,578,651,319,27,133,116,107,109,127,146,176,215,268,310,337,314,220,99,24,3,2207,183,0
Oman,1987,4941,1521,1885,364,121,70,113,254,228,281,394,581,657,329,29,135,119,112,116,131,150,178,216,268,313,337,320,226,103,26,3,2006,183,0
Oman,1988,4878,1388,1711,323,115,69,117,263,246,301,412,596,671,343,31,138,125,121,125,141,160,188,224,274,322,343,328,235,108,27,4,1826,186,0
Oman,1989,4862,1263,1551,288,110,69,121,275,269,328,439,615,691,361,34,143,132,131,138,153,175,202,237,283,332,353,338,247,114,30,4,1661,190,0
Oman,1990,4817,1150,1405,255,102,67,120,281,286,352,459,629,705,375,36,146,135,137,149,165,187,213,246,290,339,360,345,256,119,32,4,1507,187,0
Oman,1991,4906,1047,1275,228,97,67,123,298,321,399,505,661,729,393,38,153,145,152,169,187,212,237,268,307,354,375,354,267,126,34,4,1372,190,0
Oman,1992,4910,945,1148,203,90,65,122,298,336,432,541,682,750,410,40,153,145,156,180,202,230,255,286,319,363,388,362,277,133,36,4,1238,187,0
Oman,1993,4947,855,1035,180,83,62,118,299,351,473,580,709,767,424,43,153,146,160,191,220,253,275,305,336,373,398,369,285,139,38,5,1118,180,0
Oman,1994,5106,772,930,158,80,62,120,310,381,532,646,752,800,442,47,158,152,172,209,247,285,310,336,360,392,416,384,295,147,41,6,1010,182,0
Oman,1995,4960,698,841,143,73,59,119,294,354,514,643,752,811,457,51,151,143,159,195,237,277,307,336,362,390,417,394,302,155,44,7,914,178,0
Oman,1996,5000,639,766,127,67,58,123,299,356,527,668,775,832,475,54,154,145,159,197,241,286,320,348,375,400,424,408,312,163,47,7,833,181,0
Oman,1997,5015,587,702,115,64,57,126,302,354,533,687,790,848,493,58,156,146,158,196,243,290,329,358,385,405,427,421,321,172,51,7,766,183,1
Oman,1998,4910,541,646,105,58,54,124,294,335,511,676,790,846,510,61,152,142,150,185,231,280,322,354,385,405,421,425,330,180,54,7,704,178,1
Oman,1999,4908,500,594,94,55,52,125,302,337,517,684,798,848,529,67,156,146,151,186,233,284,325,359,390,408,423,425,342,187,58,9,649,177,1
Oman,2000,4851,456,542,86,51,49,123,304,333,508,676,798,840,552,74,158,146,151,182,229,279,320,356,390,408,418,422,357,195,63,11,593,172,1
Oman,2001,4730,420,500,80,47,48,119,300,322,491,654,783,823,567,78,155,145,148,174,220,271,309,345,381,402,413,410,364,203,67,11,547,167,1
Oman,2002,4749,390,465,75,47,46,119,311,335,501,657,784,815,583,83,160,151,154,181,225,276,312,345,381,403,412,403,372,211,71,12,512,165,1
Oman,2003,4714,367,439,72,47,46,118,317,346,504,644,774,796,591,87,162,155,161,185,227,277,308,336,374,400,406,390,370,221,75,12,486,164,1
Oman,2004,4652,346,411,65,41,44,116,322,356,510,632,755,778,596,94,162,160,167,189,231,279,306,326,362,393,395,383,361,235,80,14,452,160,1
Oman,2005,4788,331,393,62,39,42,123,345,368,525,655,782,809,606,101,176,169,174,194,234,291,318,337,368,414,406,403,358,248,85,16,432,165,1
Oman,2006,4901,318,378,60,36,40,125,368,375,533,676,802,840,619,106,191,177,178,197,236,297,328,348,371,431,420,420,360,259,90,16,414,165,1
Oman,2007,5065,318,384,66,41,43,128,397,391,548,700,814,873,631,114,205,192,185,206,242,306,343,357,374,440,443,430,368,263,96,18,425,171,1
Oman,2008,5162,323,382,59,35,37,122,419,403,554,719,818,904,652,118,211,208,192,211,246,308,357,362,381,437,474,430,388,264,100,18,417,159,2
Oman,2009,5286,340,400,60,33,35,117,439,422,558,733,814,933,672,128,212,227,202,220,251,307,370,363,391,423,508,425,410,262,108,20,433,152,2
Oman,2010,4427,360,423,63,28,28,82,304,284,385,570,667,864,658,137,143,161,138,146,172,213,283,287,323,344,475,389,402,256,115,22,451,110,2
Oman,2011,4740,382,447,65,27,26,76,355,320,419,630,708,921,666,143,167,188,159,161,189,230,311,319,333,375,483,438,407,259,119,24,474,102,2
Oman,2012,4966,405,474,69,26,22,66,366,339,441,682,744,975,685,146,161,205,172,167,198,243,324,358,337,407,484,491,415,270,122,24,500,88,2
Oman,2013,5421,429,498,69,27,22,61,387,397,502,782,812,1059,724,151,147,240,205,192,227,275,357,425,364,448,516,543,439,285,124,27,525,83,3
Oman,2014,5707,450,524,74,27,23,57,377,431,534,843,852,1115,772,151,127,250,224,207,240,294,370,473,388,464,545,570,469,303,123,28,551,80,3
Oman,2015,5802,465,542,77,27,23,54,350,438,534,844,868,1148,817,154,113,237,226,212,237,297,364,480,399,469,560,588,499,318,124,30,569,77,3
Oman,2016,5971,476,557,81,27,23,52,340,452,543,849,896,1200,868,161,111,229,232,220,240,303,367,482,412,484,584,616,537,331,128,33,584,75,3
Oman,2017,6255,484,567,83,30,23,52,351,494,585,883,950,1224,920,167,116,235,251,243,258,327,389,494,456,494,594,630,572,348,135,32,597,75,3
Oman,2018,6395,484,571,87,31,23,53,336,512,606,900,1001,1219,960,177,111,225,256,256,267,339,403,497,510,491,589,630,590,370,145,32,602,76,4
Oman,2019,6495,475,563,88,33,24,53,308,515,622,911,1044,1229,1000,188,103,205,252,263,278,344,414,497,543,501,595,634,602,398,156,32,596,77,4
Oman,2020,8764,458,548,90,34,28,61,299,617,848,1263,1624,1736,1458,243,101,198,279,338,382,466,577,686,807,817,874,862,851,607,204,39,582,89,5
Oman,2021,10722,432,520,88,43,36,97,455,884,1161,1580,2024,2075,1593,250,161,294,403,481,538,623,745,835,954,1070,1100,975,911,682,211,39,563,133,4
Pakistan,1950,586501,227529,330978,103449,12338,7115,9187,22759,22591,24136,28595,41094,53395,30902,3401,11592,11167,11129,11462,11828,12308,13411,15184,18903,22191,25662,27733,20487,10415,2995,406,343316,16302,6
Pakistan,1951,563238,220433,314551,94118,11835,6917,9015,22336,22240,23864,28103,39812,50959,30233,3357,11377,10959,10934,11306,11687,12177,13262,14841,18335,21477,24541,26418,20010,10223,2983,374,326386,15932,20
Pakistan,1952,550884,217027,305288,88261,11549,6883,8976,22204,22139,23930,28124,39175,49257,30000,3328,11320,10884,10867,11272,11733,12197,13362,14762,18035,21140,23887,25370,19880,10120,2923,405,316837,15859,31
Pakistan,1953,539915,213969,298416,84447,11113,6822,8881,21925,21871,23869,28107,38455,47497,29615,3305,11193,10732,10721,11150,11723,12146,13436,14671,17689,20766,23254,24243,19652,9963,2895,410,309529,15703,34
Pakistan,1954,532721,210890,292353,81463,10844,6899,8969,22086,22042,24208,28448,38107,46221,29197,3313,11285,10801,10797,11245,11914,12294,13673,14775,17551,20556,22839,23382,19332,9865,2924,389,303197,15868,30
Pakistan,1955,523452,208017,287176,79159,10338,6766,8865,21745,21699,24101,28464,37501,44897,28543,3335,11128,10617,10616,11083,11841,12260,13702,14762,17313,20188,22338,22559,18780,9763,2945,390,297514,15631,24
Pakistan,1956,517203,205466,282530,77064,10109,6723,8892,21720,21668,24287,28760,37209,44000,27937,3343,11126,10594,10588,11080,11905,12382,13843,14917,17252,19957,22023,21977,18213,9724,2947,396,292639,15615,23
Pakistan,1957,509392,203135,278238,75103,9831,6520,8778,21327,21251,24139,28826,36751,43113,27265,3324,10939,10388,10368,10883,11766,12373,13814,15012,17126,19625,21686,21427,17550,9715,2931,393,288069,15298,27
Pakistan,1958,504440,201102,274414,73312,9815,6379,8795,21256,21157,24290,29163,36600,42559,26668,3308,10912,10344,10308,10849,11772,12518,13904,15259,17171,19429,21499,21060,16962,9706,2913,395,284229,15174,28
Pakistan,1959,499164,199136,270649,71513,9847,6176,8765,21124,20986,24346,29443,36481,41989,26016,3312,10859,10265,10212,10774,11733,12613,13978,15465,17232,19249,21274,20715,16431,9585,2909,403,280496,14941,26
Pakistan,1960,495471,197425,267579,70154,9959,5989,8723,21054,20862,24444,29819,36611,41601,25473,3333,10842,10212,10143,10719,11721,12723,14116,15703,17406,19205,21120,20481,16058,9415,2922,411,277538,14712,26
Pakistan,1961,490370,195798,264365,68567,9927,5733,8538,20726,20473,24282,30027,36728,41223,24959,3358,10701,10025,9942,10531,11580,12702,14187,15840,17567,19161,20935,20288,15763,9196,2942,416,274292,14271,27
Pakistan,1962,484786,193816,261037,67221,9888,5526,8305,20291,19989,24029,30190,36940,40862,24416,3294,10515,9776,9693,10296,11398,12631,14259,15931,17782,19158,20735,20127,15502,8914,2927,367,270925,13831,13
Pakistan,1963,479867,191741,257735,65994,9853,5393,8028,19904,19539,23794,30402,37323,40640,23993,3253,10354,9550,9463,10076,11232,12562,14370,16032,18074,19249,20598,20042,15329,8664,2914,339,267588,13421,12
Pakistan,1964,472808,190031,254838,64807,9641,5230,7573,19132,18708,23154,30250,37410,40166,23512,3186,9983,9149,9044,9664,10862,12292,14272,15978,18174,19236,20355,19811,15103,8409,2861,325,264479,12803,7
Pakistan,1965,470558,189536,254542,65006,10296,5490,7292,18450,17969,22601,30191,37631,39839,23150,3102,9649,8801,8671,9298,10535,12066,14190,16001,18304,19327,20227,19612,14930,8220,2787,315,264838,12782,7
Pakistan,1966,457035,188068,250988,62920,8715,4754,6462,16928,16476,21244,29364,37206,39133,22741,3016,8835,8093,7927,8549,9800,11444,13686,15678,18038,19168,19906,19227,14701,8040,2702,314,259703,11216,4
Pakistan,1967,450046,187931,250173,62242,8198,4488,5963,15743,15312,20195,28821,37063,38666,22482,2937,8194,7549,7345,7967,9229,10966,13303,15518,17867,19196,19738,18928,14565,7917,2623,314,258371,10451,4
Pakistan,1968,444030,187830,249669,61839,7644,4204,5550,14537,14175,19173,28333,37050,38427,22381,2884,7519,7018,6775,7400,8669,10504,12927,15406,17727,19323,19700,18727,14519,7862,2566,318,257313,9754,3
Pakistan,1969,440414,187713,249266,61553,7243,4007,5320,13597,13363,18453,28100,37304,38514,22396,2846,6969,6628,6371,6992,8267,10186,12689,15411,17740,19564,19835,18679,14536,7860,2533,313,256509,9327,4
Pakistan,1970,436901,188498,249713,61215,6722,3743,5081,12502,12415,17589,27713,37475,38690,22426,2826,6363,6139,5903,6512,7795,9794,12386,15327,17736,19739,20007,18683,14546,7880,2517,309,256435,8824,3
Pakistan,1971,554375,198254,271643,73389,12004,6709,12230,35945,28703,29731,38500,46850,44992,24164,2900,18166,17779,14724,13979,14125,15606,17809,20691,22631,24219,23738,21254,15817,8347,2593,307,283647,18939,4
Pakistan,1972,448249,191577,252314,60737,7126,4075,5574,12746,12986,18351,29188,39784,40531,22783,2792,6429,6317,6200,6786,8124,10227,12989,16199,18891,20893,21247,19284,14765,8018,2504,288,259440,9649,3
Pakistan,1973,457327,194244,255380,61136,7392,4301,5911,13135,13447,18846,30015,41130,41856,23112,2798,6681,6454,6449,6998,8352,10494,13343,16672,19598,21532,22079,19777,14965,8147,2522,276,262772,10212,4
Pakistan,1974,469898,196841,258639,61798,7821,4648,6461,14237,14430,19763,31224,42834,43460,23538,2836,7376,6861,6976,7454,8797,10966,13893,17331,20479,22355,23033,20427,15248,8290,2556,280,266460,11109,3
Pakistan,1975,476146,199564,261589,62025,7669,4554,6538,14240,14443,19891,31706,43968,44739,23906,2901,7544,6696,6963,7480,8838,11053,14068,17638,21010,22958,23752,20987,15502,8404,2604,297,269258,11092,3
Pakistan,1976,487405,203118,265858,62740,7930,4742,6860,14754,14884,20449,32616,45529,46354,24417,3007,7975,6779,7153,7731,9093,11356,14459,18157,21731,23798,24606,21748,15866,8551,2676,331,273788,11602,5
Pakistan,1977,502405,207719,271244,63525,8408,5052,7326,15661,15653,21355,33854,47434,48231,25034,3138,8582,7079,7485,8168,9523,11832,15016,18838,22587,24847,25540,22691,16317,8717,2763,375,279652,12378,13
Pakistan,1978,509630,212638,277126,64488,8333,4990,7191,15049,15012,21088,34036,48440,49545,25526,3263,8320,6729,7052,7960,9345,11743,15029,19007,22929,25511,26111,23434,16681,8845,2846,417,285459,12181,27
Pakistan,1979,521483,217140,282628,65488,8494,5074,7401,15637,15185,21508,34778,49909,51230,26208,3383,8659,6978,7041,8144,9534,11974,15333,19445,23520,26389,26912,24318,17183,9025,2928,455,291122,12475,40
Pakistan,1980,533054,223787,290548,66761,8336,4949,7376,15866,14896,21481,35070,50945,52745,27047,3709,8766,7100,6827,8069,9501,11980,15405,19665,23894,27051,27643,25102,17750,9297,3103,606,298884,12325,86
Pakistan,1981,552814,234002,302400,68398,8373,4942,7501,16633,15113,21944,35835,52430,54738,28334,4377,9130,7503,6895,8218,9720,12224,15722,20113,24509,27921,28661,26077,18571,9763,3449,928,310773,12443,192
Pakistan,1982,573418,244457,314868,70411,8452,4952,7623,17402,15432,22511,36694,53962,56804,29643,4792,9485,7917,7051,8381,9999,12512,16089,20605,25168,28794,29780,27024,19449,10194,3688,1104,323320,12575,276
Pakistan,1983,587377,252612,325360,72748,8301,4822,7498,17471,15212,22533,37007,54923,58465,30690,4803,9469,8002,7009,8203,10003,12530,16184,20823,25545,29378,30712,27753,20203,10487,3742,1061,333661,12320,292
Pakistan,1984,599295,257765,332523,74758,8357,4826,7485,17666,15230,22815,37576,56118,60282,31635,4535,9518,8148,7134,8096,10123,12692,16413,21163,26051,30067,31713,28569,20916,10719,3663,872,340880,12311,243
Pakistan,1985,602123,260903,337144,76241,8038,4604,7147,16896,14545,22248,37256,56366,61380,32245,4109,9055,7841,6950,7595,9790,12458,16204,21052,26069,30297,32260,29120,21391,10854,3499,610,345182,11751,148
Pakistan,1986,614116,265957,342993,77036,8182,4640,7183,17126,14752,22580,37885,57579,63334,33423,4302,9121,8005,7195,7557,9892,12688,16467,21418,26577,31002,33215,30119,22144,11279,3623,679,351175,11823,131
Pakistan,1987,641696,271309,349098,77789,9480,5344,8049,19403,16769,24915,40686,61082,67113,35187,4445,10264,9139,8304,8465,10964,13951,17795,22891,28248,32834,35143,31970,23294,11893,3749,696,358578,13393,123
Pakistan,1988,661012,276493,355085,78592,10224,5706,8492,20537,17971,26126,42323,63275,69855,36629,4652,10801,9736,8978,8993,11420,14706,18557,23766,29256,34019,36446,33409,24179,12450,3899,753,365309,14198,133
Pakistan,1989,674704,280265,359512,79247,10646,5898,8734,21057,18768,26730,43482,64953,72171,37911,4719,11034,10023,9379,9389,11544,15186,19089,24393,30004,34949,37520,34651,24989,12922,3990,729,370158,14632,127
Pakistan,1990,684561,282053,361793,79740,10899,6028,8903,21315,19397,27033,44446,66407,74288,39171,4770,11150,10165,9646,9751,11534,15499,19531,24915,30642,35765,38505,35783,25817,13354,4080,690,372692,14931,112
Pakistan,1991,688500,282406,362337,79931,10815,5997,8835,20893,19446,26772,44878,67297,75943,40350,4839,10933,9960,9595,9851,11282,15490,19716,25162,30996,36301,39251,36692,26609,13741,4180,659,373152,14832,94
Pakistan,1992,695699,281514,361109,79595,11151,6232,9065,21208,20117,27193,46005,68845,78039,41720,4935,11109,10099,9856,10261,11430,15763,20269,25736,31700,37145,40265,37774,27573,14147,4302,633,372260,15297,76
Pakistan,1993,701482,275929,354255,78326,12071,6848,9648,22093,21337,28275,47945,71206,80616,42862,4298,11611,10482,10362,10975,12007,16268,21237,26708,32831,38375,41602,39014,28544,14318,4045,253,366326,16496,32
Pakistan,1994,710326,272843,349537,76694,12598,7271,10211,23308,22611,29327,49731,73352,83143,44547,4676,12306,11002,10925,11686,12714,16613,22103,27628,33851,39501,42869,40274,29676,14871,4312,364,362135,17482,16
Pakistan,1995,727887,268745,343602,74857,14132,8323,11431,25897,25239,31797,52853,76797,86567,46385,4856,13719,12178,12147,13092,14221,17576,23601,29252,35551,41246,44649,41918,30934,15451,4460,396,357734,19754,8
Pakistan,1996,729615,265169,337970,72801,14182,8475,11617,25807,25294,32179,53837,78295,88564,47992,5362,13753,12054,12052,13242,14659,17520,23937,29900,36236,42059,45611,42953,31902,16090,4771,591,352152,20092,37
Pakistan,1997,741995,261241,332121,70880,15141,9206,12554,27471,26928,34109,56218,81156,91540,49829,5670,14687,12784,12759,14169,15844,18265,24926,31292,37620,43536,47123,44417,33041,16788,4994,676,347262,21760,54
Pakistan,1998,743744,257862,326954,69092,14979,9262,12840,27724,26946,34717,56977,82626,93421,51290,5931,14894,12830,12694,14252,16218,18499,24969,32008,38286,44340,48028,45393,33886,17404,5185,746,341933,22102,67
Pakistan,1999,739885,254790,321877,67087,14299,9005,12778,27216,26140,34768,56824,83442,94737,52541,6170,14690,12526,12241,13899,16164,18604,24506,32318,38640,44802,48620,46117,34592,17949,5373,797,336176,21783,79
Pakistan,2000,737936,251206,316662,65456,13719,8818,12793,26993,25552,35139,56803,84639,96378,53936,6421,14630,12363,11921,13631,16177,18962,24149,32654,39200,45439,49386,46992,35413,18523,5582,839,330381,21611,88
Pakistan,2001,750186,250454,314782,64328,13798,9052,13314,28208,26254,36811,58051,87242,99219,56041,7236,15326,12882,12265,13989,16821,19990,24490,33561,40493,46749,50797,48422,36656,19385,6073,1163,328580,22366,177
Pakistan,2002,755876,249413,312549,63136,13587,9060,13522,28808,26367,37770,58647,89109,101277,57536,7446,15710,13098,12349,14018,17097,20673,24658,33989,41455,47654,51819,49458,37579,19957,6291,1155,326136,22582,199
Pakistan,2003,761249,245391,307579,62188,13797,9312,13969,29751,26833,39112,59763,91649,103719,58763,6915,16305,13446,12597,14236,17559,21553,25320,34443,42779,48870,53093,50626,38463,20300,6166,749,321376,23281,90
Pakistan,2004,772774,242089,303419,61330,14251,9700,14680,31375,27847,40952,61575,94896,106781,60386,6854,17273,14102,13132,14715,18263,22689,26580,34995,44401,50495,54700,52081,39564,20822,6231,623,317670,24380,55
Pakistan,2005,814535,241941,307778,65837,18489,13308,17735,36101,31273,44860,65450,99629,110764,62186,6937,19935,16166,14961,16312,20001,24859,29053,36397,46726,52903,56834,53930,40795,21391,6346,591,326267,31043,25
Pakistan,2006,789519,236421,295650,59229,14665,10060,15717,33778,29131,43406,64779,100110,111982,63259,6962,18667,15111,13889,15242,19039,24367,29213,35566,46674,53436,57430,54552,41462,21797,6422,540,310315,25777,17
Pakistan,2007,812819,237736,295793,58057,15446,10627,16988,37381,31474,45922,67848,103764,115486,64986,7090,20597,16784,15165,16309,20107,25815,31175,36673,48182,55582,59283,56203,42614,22372,6547,543,311239,27615,13
Pakistan,2008,829521,237690,294706,57016,15737,10885,17805,40172,33133,47572,70620,106499,118557,66576,7249,22058,18114,16091,17042,20762,26810,32753,37867,48995,57504,60900,57657,43648,22928,6703,546,310443,28690,9
Pakistan,2009,840453,237244,294004,56760,16048,11123,17968,40530,33442,48261,73327,108575,121581,68141,7448,22185,18345,16215,17227,20919,27342,34007,39320,49337,59238,62525,59056,44656,23485,6875,573,310052,29091,8
Pakistan,2010,849030,237095,293216,56121,15755,10990,17986,41568,33895,48479,75741,109740,124261,69648,7747,22718,18850,16496,17399,20913,27566,34895,40846,49288,60452,63983,60278,45596,24052,7107,640,308971,28976,5
Pakistan,2011,856956,235061,289875,54814,15737,11087,17973,41952,34412,49006,78690,111439,127503,71305,7969,22878,19074,16763,17649,21087,27919,35959,42731,49654,61785,65784,61719,46666,24639,7305,664,305612,29060,6
Pakistan,2012,867276,232346,286120,53774,15882,11287,18240,43323,35592,49875,81743,113435,130961,72847,7963,23566,19757,17435,18157,21487,28388,37062,44681,50441,62994,67763,63198,47722,25125,7361,602,302002,29527,3
Pakistan,2013,865078,227823,280411,52588,15603,11109,17937,42826,35417,49410,83247,114255,133446,73766,7639,23231,19595,17412,18005,21264,28146,37346,45901,51149,63106,69246,64200,48420,25346,7199,440,296014,29046,5
Pakistan,2014,867776,220773,271897,51124,15742,11211,18122,43536,36267,49935,85549,116266,136784,75011,7440,23491,20045,17924,18343,21576,28359,38026,47523,52955,63311,71102,65682,49349,25662,7074,366,287639,29333,6
Pakistan,2015,858644,212486,261741,49255,15327,10876,17680,42437,35747,49138,86181,117328,138940,75975,7271,22764,19673,17722,18025,21251,27887,37857,48324,54542,62786,72112,66828,50056,25919,6982,289,277068,28556,7
Pakistan,2016,858071,206260,253392,47132,15529,10953,17694,42017,35952,49297,87700,119796,141822,76977,6927,22423,19594,17789,18163,21387,27910,38131,49569,56834,62962,73406,68416,50892,26085,6653,274,268921,28647,8
Pakistan,2017,850558,200770,245888,45118,15174,10634,17304,40556,35212,48416,87748,121489,143722,77833,6568,21579,18977,17354,17858,20992,27424,37707,50041,58438,63051,73959,69763,51574,26259,6407,161,261062,27938,10
Pakistan,2018,853327,195656,238788,43132,15208,10666,17406,40463,35640,48736,88802,125001,146287,79562,6754,21516,18947,17481,18159,21174,27562,37841,50961,60562,64439,74540,71747,52729,26833,6597,157,253996,28072,11
Pakistan,2019,849357,191081,232383,41302,14689,10355,17039,39450,35241,48166,88436,127971,147330,81220,7069,21022,18428,17217,18024,20889,27277,37354,51082,61909,66062,74111,73219,53801,27419,6879,190,247072,27394,10
Pakistan,2020,909051,186825,226548,39723,14767,10445,15682,35081,34414,51834,100219,152891,166183,92928,8052,18854,16227,16115,18299,22181,29653,41499,58720,73434,79457,83956,82227,61008,31920,7819,233,241315,26127,9
Pakistan,2021,935072,182243,220510,38267,14692,10653,16404,37635,36797,54929,103692,162770,172141,96327,8515,20167,17468,17371,19426,23530,31399,43295,60397,77296,85474,86542,85599,63855,32472,8177,338,235202,27057,5
Palau,1950,90,16,21,5,1,0,0,0,2,0,6,10,19,19,1,0,0,2,0,0,0,1,5,5,5,10,9,13,6,1,0,22,0,0
Palau,1951,89,16,21,5,2,0,0,0,2,1,5,10,18,16,0,0,0,2,0,0,1,0,5,5,5,9,9,10,6,0,0,23,0,0
Palau,1952,86,16,21,5,2,0,0,0,3,1,6,10,16,16,0,0,0,1,2,0,1,2,4,5,5,8,8,9,7,0,0,23,0,0
Palau,1953,83,16,21,5,2,0,0,0,4,1,7,10,15,15,0,0,0,1,3,0,1,4,3,5,5,7,8,8,7,0,0,23,0,0
Palau,1954,82,16,21,5,2,0,0,0,5,2,8,10,15,11,1,0,0,0,5,1,1,5,3,5,5,6,9,5,6,1,0,23,0,0
Palau,1955,82,17,22,5,2,0,0,0,5,4,10,10,13,10,1,0,0,0,5,3,1,5,5,5,5,5,8,5,5,1,0,24,0,0
Palau,1956,83,18,23,5,2,0,1,1,5,5,10,10,13,10,1,1,0,0,5,4,1,5,5,5,5,5,8,5,5,1,0,25,1,0
Palau,1957,83,18,23,5,2,0,2,3,5,6,10,10,11,10,1,3,0,0,5,5,1,5,5,5,5,5,6,5,5,1,0,25,2,0
Palau,1958,84,19,24,5,3,0,2,5,5,7,10,10,10,10,1,5,0,0,5,5,2,5,5,5,5,5,5,5,5,1,0,27,2,0
Palau,1959,85,19,24,5,3,0,1,5,4,8,10,10,10,10,1,5,0,0,4,5,3,5,5,5,5,5,5,5,5,1,0,27,1,0
Palau,1960,85,19,24,5,3,0,1,6,4,10,10,10,10,7,0,5,1,0,4,5,5,5,5,5,5,5,5,5,2,0,0,27,1,0
Palau,1961,84,19,25,6,3,0,0,6,3,10,10,10,10,7,0,5,1,0,3,5,5,5,5,5,5,5,5,5,2,0,0,28,0,0
Palau,1962,84,19,25,6,3,0,0,7,2,10,10,10,10,7,0,5,2,0,2,5,5,5,5,5,5,5,5,5,2,0,0,28,0,0
Palau,1963,85,19,25,6,3,0,0,5,2,10,10,10,12,7,0,4,1,0,2,5,5,5,5,5,5,7,5,5,2,0,0,28,0,0
Palau,1964,86,19,25,6,3,0,0,1,1,10,10,10,12,7,0,1,0,0,1,5,5,5,5,5,5,7,5,5,2,0,0,28,0,0
Palau,1965,87,18,24,6,3,0,3,0,1,10,10,10,13,7,0,0,0,0,1,5,5,5,5,5,5,7,6,5,2,0,0,27,3,0
Palau,1966,88,18,23,5,3,0,4,1,0,10,10,10,14,6,0,1,0,0,0,5,5,5,5,5,5,7,7,5,1,0,0,26,4,0
Palau,1967,88,17,22,5,3,0,4,2,0,9,10,10,18,6,0,2,0,0,0,4,5,5,5,5,5,9,9,5,1,0,0,25,4,0
Palau,1968,88,16,20,4,3,0,4,3,0,9,10,10,15,8,0,3,0,0,0,4,5,5,5,5,5,5,10,6,2,0,0,23,4,0
Palau,1969,88,15,19,4,3,0,4,5,1,10,10,10,13,11,0,5,0,0,1,5,5,5,5,5,5,5,8,7,4,0,0,22,4,0
Palau,1970,88,14,18,4,2,0,4,6,2,10,10,10,10,13,1,5,1,0,2,5,5,5,5,5,5,5,5,8,5,1,0,20,4,0
Palau,1971,87,14,18,4,2,0,4,7,4,10,10,10,10,10,1,5,2,0,4,5,5,5,5,5,5,5,5,5,5,1,0,20,4,0
Palau,1972,88,13,17,4,2,0,4,8,5,10,10,10,10,10,1,5,3,0,5,5,5,5,5,5,5,5,5,5,5,1,0,19,4,0
Palau,1973,89,12,16,4,2,0,4,10,5,10,10,10,13,10,0,5,5,0,5,5,5,5,5,5,5,8,5,5,5,0,0,18,4,0
Palau,1974,89,11,15,4,2,0,4,10,8,10,10,10,14,10,0,5,5,3,5,5,5,5,5,5,5,8,6,5,5,0,0,17,4,0
Palau,1975,86,10,14,4,1,0,4,10,7,10,10,10,14,9,0,5,5,2,5,5,5,5,5,5,5,7,7,5,4,0,0,15,4,0
Palau,1976,84,9,13,4,0,0,4,10,8,10,10,10,13,9,0,5,5,3,5,5,5,5,5,5,5,6,7,5,4,0,0,13,4,0
Palau,1977,83,8,11,3,0,0,4,10,8,10,10,10,12,8,0,5,5,4,4,5,5,5,5,5,5,5,7,5,3,0,0,11,4,0
Palau,1978,81,8,9,1,0,0,4,10,9,10,10,10,10,7,0,5,5,5,4,5,5,5,5,5,5,5,5,5,2,0,0,9,4,0
Palau,1979,81,7,7,0,0,0,4,10,9,10,10,10,10,8,0,5,5,5,4,5,5,5,5,5,5,5,5,5,3,0,0,7,4,0
Palau,1980,80,6,6,0,0,0,3,10,9,10,10,11,12,6,0,5,5,5,4,5,5,5,5,6,5,7,5,5,1,0,0,6,3,0
Palau,1981,80,6,6,0,0,0,3,10,10,10,11,14,14,6,0,5,5,5,5,5,5,5,6,6,8,9,5,5,1,0,0,6,3,0
Palau,1982,82,6,6,0,0,0,3,10,10,10,10,18,13,7,0,5,5,5,5,5,5,5,5,9,9,8,5,5,2,0,0,6,3,0
Palau,1983,84,6,6,0,0,0,3,10,10,10,11,19,10,7,0,5,5,5,5,5,5,5,6,10,9,5,5,5,2,0,0,6,3,0
Palau,1984,87,6,6,0,0,0,3,10,10,10,11,20,10,6,0,5,5,5,5,5,5,5,6,10,10,5,5,5,1,0,0,6,3,0
Palau,1985,89,6,6,0,0,0,3,10,10,10,11,20,11,7,0,5,5,5,5,5,5,5,6,10,10,6,5,5,2,0,0,6,3,0
Palau,1986,92,6,6,0,0,0,3,10,10,10,11,20,12,7,0,5,5,5,5,5,5,5,6,10,10,7,5,5,2,0,0,6,3,0
Palau,1987,96,6,6,0,0,0,3,10,10,10,11,20,14,7,0,5,5,5,5,5,5,5,6,10,10,9,5,5,2,0,0,6,3,0
Palau,1988,100,6,6,0,0,0,3,10,10,10,10,20,15,5,0,5,5,5,5,5,5,5,5,10,10,10,5,5,0,0,0,6,3,0
Palau,1989,104,6,6,0,0,0,3,10,10,10,10,20,18,5,0,5,5,5,5,5,5,5,5,10,10,10,8,5,0,0,0,6,3,0
Palau,1990,107,6,6,0,0,0,3,10,10,10,10,19,19,6,0,5,5,5,5,5,5,5,5,9,10,10,9,5,1,0,0,6,3,0
Palau,1991,107,6,6,0,0,0,2,10,10,10,10,18,18,7,0,5,5,5,5,5,5,5,5,8,10,10,8,5,2,0,0,6,2,0
Palau,1992,105,6,6,0,0,0,2,10,10,10,10,17,18,7,0,5,5,5,5,5,5,5,5,7,10,10,8,5,2,0,0,6,2,0
Palau,1993,104,6,6,0,0,0,2,10,10,10,10,16,19,8,0,5,5,5,5,5,5,5,5,6,10,10,9,5,3,0,0,6,2,0
Palau,1994,104,6,6,0,0,0,1,10,10,10,10,15,19,8,0,5,5,5,5,5,5,5,5,5,10,10,9,5,3,0,0,6,1,0
Palau,1995,103,6,6,0,0,0,1,10,10,15,10,14,19,9,0,5,5,5,5,6,9,5,5,5,9,10,9,5,4,0,0,6,1,0
Palau,1996,103,5,5,0,0,0,0,10,10,16,11,13,19,9,0,5,5,5,5,6,10,6,5,5,8,10,9,5,4,0,0,5,0,0
Palau,1997,103,5,5,0,0,0,0,10,10,18,13,14,20,8,0,5,5,5,5,8,10,7,6,5,9,10,10,5,3,0,0,5,0,0
Palau,1998,104,5,5,0,0,0,0,9,10,19,14,17,20,10,0,4,5,5,5,9,10,8,6,9,8,10,10,6,4,0,0,5,0,0
Palau,1999,105,4,4,0,0,0,0,8,10,18,15,18,19,11,0,3,5,5,5,8,10,10,5,10,8,10,9,6,5,0,0,4,0,0
Palau,2000,106,4,4,0,0,0,0,7,10,18,17,19,20,11,1,2,5,5,5,8,10,10,7,10,9,10,10,6,5,1,0,4,0,0
Palau,2001,105,4,4,0,0,0,0,6,10,17,20,19,20,13,2,1,5,5,5,7,10,10,10,10,9,10,10,8,5,2,0,4,0,0
Palau,2002,104,4,4,0,0,0,0,6,10,16,20,19,20,14,2,1,5,5,5,6,10,10,10,10,9,10,10,8,6,2,0,4,0,0
Palau,2003,104,4,4,0,0,0,0,5,10,16,20,20,19,15,3,0,5,5,5,6,10,10,10,10,10,10,9,8,7,3,0,4,0,0
Palau,2004,105,4,4,0,0,0,0,5,10,16,20,20,19,16,1,0,5,5,5,6,10,10,10,10,10,10,9,9,7,1,0,4,0,0
Palau,2005,107,4,4,0,0,0,0,5,10,18,20,20,18,17,1,0,5,5,5,8,10,10,10,10,10,10,8,10,7,1,0,4,0,0
Palau,2006,107,4,4,0,0,0,0,4,10,17,20,20,17,15,2,0,4,5,5,7,10,10,10,10,10,10,7,9,6,2,0,4,0,0
Palau,2007,108,3,3,0,0,0,0,3,10,17,20,20,18,13,3,0,3,5,5,7,10,10,10,10,10,10,8,7,6,3,0,3,0,0
Palau,2008,109,3,3,0,0,0,0,3,10,17,20,20,18,10,3,0,3,5,5,7,10,10,10,10,10,10,8,5,5,3,0,3,0,0
Palau,2009,112,3,3,0,0,0,0,3,10,17,20,20,19,10,4,0,3,5,5,7,10,10,10,10,10,10,9,5,5,4,0,3,0,0
Palau,2010,114,3,3,0,0,0,0,3,10,17,24,22,18,10,3,0,3,5,5,7,10,10,14,12,10,10,8,5,5,3,0,3,0,0
Palau,2011,117,3,3,0,0,0,0,3,10,17,26,24,18,10,2,0,3,5,5,7,10,11,15,14,10,10,8,5,5,2,0,3,0,0
Palau,2012,120,3,3,0,0,0,0,3,10,17,26,25,18,10,2,0,3,5,5,7,10,11,15,15,10,10,8,5,5,2,0,3,0,0
Palau,2013,123,3,3,0,0,0,0,3,10,17,26,29,18,10,2,0,3,5,5,7,10,11,15,15,14,10,8,5,5,2,0,3,0,0
Palau,2014,128,3,3,0,0,0,0,10,10,19,29,30,19,10,1,5,5,5,5,9,10,14,15,15,15,10,9,5,5,1,0,3,0,0
Palau,2015,132,2,2,0,0,0,0,9,10,19,30,30,20,9,0,4,5,5,5,9,10,15,15,15,15,11,9,5,4,0,0,2,0,0
Palau,2016,135,2,2,0,0,0,0,9,10,19,30,33,22,9,0,4,5,5,5,9,10,15,15,18,15,12,10,5,4,0,0,2,0,0
Palau,2017,137,2,2,0,0,0,0,9,10,18,31,36,23,9,0,4,5,5,5,8,10,15,16,20,16,13,10,5,4,0,0,2,0,0
Palau,2018,139,3,3,0,0,0,0,9,10,18,31,37,24,8,0,4,5,5,5,8,10,15,16,20,17,14,10,6,2,0,0,3,0,0
Palau,2019,140,3,3,0,0,0,0,8,10,18,30,38,25,8,0,3,5,5,5,8,10,15,15,20,18,15,10,6,2,0,0,3,0,0
Palau,2020,140,2,2,0,0,0,0,7,10,17,30,39,25,8,0,2,5,5,5,7,10,15,15,20,19,15,10,6,2,0,0,2,0,0
Palau,2021,139,2,2,0,0,0,0,5,10,17,29,39,25,9,0,0,5,5,5,7,10,14,15,19,20,15,10,6,3,0,0,2,0,0
Palestine,1950,11412,3662,5271,1609,354,214,261,567,488,584,868,1147,1199,418,38,306,261,242,246,280,304,384,484,550,597,665,534,288,130,34,4,5625,475,1
Palestine,1951,11392,3700,5300,1600,359,217,268,579,485,571,838,1125,1186,423,40,314,265,242,243,274,297,369,469,544,581,645,541,296,127,35,5,5659,485,1
Palestine,1952,11335,3719,5312,1593,363,217,274,590,480,558,805,1107,1163,425,38,323,267,241,239,266,292,354,451,539,568,618,545,305,120,34,4,5675,491,1
Palestine,1953,11277,3737,5327,1590,364,217,277,602,476,545,769,1092,1137,434,39,331,271,240,236,258,287,340,429,533,559,590,547,316,118,34,5,5691,494,0
Palestine,1954,11219,3756,5344,1588,363,217,280,610,473,531,737,1071,1109,440,37,337,273,239,234,250,281,328,409,523,548,567,542,322,118,33,4,5707,497,0
Palestine,1955,11154,3773,5356,1583,358,216,281,623,472,519,710,1052,1080,451,37,344,279,241,231,245,274,318,392,511,541,549,531,328,123,32,5,5714,497,0
Palestine,1956,11082,3786,5362,1576,354,216,282,631,470,505,686,1029,1049,458,36,348,283,240,230,239,266,310,376,494,535,534,515,331,127,31,5,5716,498,0
Palestine,1957,11005,3795,5363,1568,351,216,283,644,468,494,665,1004,1017,467,34,353,291,241,227,235,259,304,361,474,530,524,493,335,132,30,4,5714,499,0
Palestine,1958,10920,3800,5356,1556,348,215,280,653,471,483,644,974,989,474,33,357,296,245,226,232,251,297,347,450,524,516,473,337,137,29,4,5704,495,0
Palestine,1959,10828,3802,5344,1542,347,213,279,659,472,471,625,946,963,474,36,359,300,246,226,228,243,291,334,430,516,508,455,334,140,31,5,5691,492,0
Palestine,1960,10720,3793,5318,1525,345,210,278,663,472,461,607,915,943,468,38,359,304,249,223,225,236,283,324,412,503,501,442,328,140,33,5,5663,488,0
Palestine,1961,10572,3764,5266,1502,341,206,277,662,474,451,589,880,929,460,39,356,306,251,223,220,231,274,315,395,485,497,432,317,143,34,5,5607,483,0
Palestine,1962,10415,3731,5203,1472,339,202,276,656,475,442,573,844,917,452,38,351,305,253,222,216,226,265,308,378,466,492,425,306,146,34,4,5542,478,0
Palestine,1963,10244,3688,5129,1441,334,196,275,649,475,435,557,807,906,443,39,344,305,254,221,214,221,255,302,363,444,488,418,295,148,35,4,5463,471,0
Palestine,1964,10055,3634,5041,1407,330,195,268,643,477,426,540,773,893,432,41,341,302,256,221,210,216,246,294,349,424,479,414,285,147,37,4,5371,463,0
Palestine,1965,9768,3542,4896,1354,322,190,261,629,471,415,522,737,868,419,41,334,295,253,218,206,209,237,285,336,401,463,405,276,143,37,4,5218,451,0
Palestine,1966,9444,3429,4726,1297,312,184,252,614,465,404,499,702,838,403,42,327,287,249,216,201,203,227,272,322,380,441,397,266,137,38,4,5038,436,0
Palestine,1967,10305,3289,4519,1230,300,183,371,1137,737,515,548,716,837,397,43,615,522,415,322,267,248,256,292,337,379,435,402,264,133,38,5,4819,554,0
Palestine,1968,8596,3128,4286,1158,288,170,229,570,442,376,445,623,754,369,41,306,264,235,207,189,187,205,240,292,331,382,372,248,121,36,5,4574,399,0
Palestine,1969,8165,2963,4048,1085,274,160,220,546,428,364,423,591,711,357,41,293,253,227,201,184,180,197,226,279,312,355,356,241,116,36,5,4322,380,0
Palestine,1970,7823,2832,3858,1026,263,155,213,528,416,356,407,564,677,347,39,281,247,218,198,180,176,190,217,267,297,336,341,234,113,34,5,4121,368,0
Palestine,1971,7587,2739,3721,982,257,150,208,515,409,351,397,547,647,343,38,274,241,213,196,180,171,186,211,258,289,319,328,233,110,33,5,3978,358,0
Palestine,1972,7432,2679,3624,945,251,150,208,505,402,352,392,537,628,346,37,266,239,208,194,181,171,185,207,251,286,311,317,235,111,32,5,3875,358,0
Palestine,1973,24392,2638,3550,912,246,260,2031,7752,4391,2186,1327,1139,1005,461,43,4156,3596,2551,1840,1272,914,693,634,573,566,525,480,324,137,37,6,3796,2291,0
Palestine,1974,7041,2599,3483,884,243,145,200,455,370,341,374,503,567,327,36,243,212,188,182,174,167,177,197,231,272,285,282,221,106,31,5,3726,345,0
Palestine,1975,6942,2556,3408,852,238,145,201,452,365,345,373,495,557,328,36,243,209,185,180,175,170,177,196,228,267,281,276,220,108,31,5,3646,346,0
Palestine,1976,6796,2494,3303,809,230,140,199,444,356,346,372,489,551,325,36,243,201,181,175,175,171,177,195,225,264,280,271,217,108,31,5,3533,339,0
Palestine,1977,6643,2424,3192,768,222,136,197,440,348,348,373,481,544,324,37,243,197,177,171,175,173,178,195,223,258,279,265,212,112,32,5,3414,333,0
Palestine,1978,6495,2353,3084,731,218,134,194,434,340,346,374,476,538,318,37,242,192,175,165,171,175,179,195,222,254,278,260,206,112,32,5,3302,328,0
Palestine,1979,6327,2275,2957,682,210,130,192,432,328,344,375,468,534,315,37,242,190,167,161,169,175,179,196,220,248,277,257,202,113,32,5,3167,322,0
Palestine,1980,6177,2206,2843,637,203,126,189,427,320,343,379,466,529,313,37,239,188,163,157,167,176,182,197,220,246,274,255,200,113,32,5,3046,315,0
Palestine,1981,6056,2149,2747,598,196,122,186,425,312,339,385,466,529,309,38,238,187,157,155,163,176,186,199,221,245,273,256,197,112,33,5,2943,308,0
Palestine,1982,5954,2099,2663,564,190,119,182,423,305,338,391,470,528,306,40,237,186,153,152,160,178,189,202,225,245,270,258,196,110,35,5,2853,301,0
Palestine,1983,5846,2046,2566,520,184,116,181,419,299,334,401,472,528,304,41,233,186,150,149,156,178,194,207,225,247,267,261,195,109,36,5,2750,297,0
Palestine,1984,5804,2017,2504,487,179,114,180,419,295,336,413,483,533,306,41,233,186,148,147,156,180,199,214,231,252,268,265,197,109,36,5,2683,294,0
Palestine,1985,5810,2000,2463,463,174,112,180,423,296,340,428,496,540,312,42,235,188,151,145,157,183,205,223,238,258,272,268,201,111,36,6,2637,292,0
Palestine,1986,5710,1952,2386,434,168,110,176,416,290,334,437,500,537,313,43,231,185,150,140,154,180,210,227,241,259,270,267,203,110,37,6,2554,286,0
Palestine,1987,5628,1907,2316,409,163,106,174,413,284,330,443,508,536,314,44,228,185,148,136,152,178,210,233,245,263,272,264,204,110,37,7,2479,280,0
Palestine,1988,5830,1933,2335,402,163,108,184,447,305,344,472,537,558,329,44,247,200,161,144,160,184,222,250,261,276,285,273,215,114,37,7,2498,292,0
Palestine,1989,5852,1918,2305,387,160,107,185,451,311,346,487,556,567,337,44,249,202,165,146,159,187,227,260,272,284,293,274,220,117,37,7,2465,292,0
Palestine,1990,5728,1914,2289,375,159,104,167,383,277,329,489,572,577,341,46,211,172,144,133,148,181,225,264,281,291,299,278,223,118,39,7,2448,271,1
Palestine,1991,5804,1940,2316,376,159,105,165,366,274,330,504,595,593,349,46,202,164,142,132,147,183,228,276,294,301,309,284,226,123,39,7,2475,270,1
Palestine,1992,5922,1940,2311,371,159,106,171,390,290,339,519,623,611,356,47,215,175,150,140,149,190,233,286,309,314,319,292,229,127,40,7,2470,277,1
Palestine,1993,6045,1919,2284,365,159,106,180,423,309,351,538,655,631,365,48,233,190,161,148,155,196,240,298,326,329,329,302,234,131,41,7,2443,286,1
Palestine,1994,5897,1865,2214,349,157,104,163,359,277,336,540,678,649,373,49,198,161,141,136,146,190,238,302,337,341,340,309,238,135,42,7,2371,267,1
Palestine,1995,5997,1827,2167,340,157,104,170,385,294,347,557,714,674,382,50,212,173,149,145,153,194,245,312,353,361,353,321,244,138,43,7,2324,274,1
Palestine,1996,5982,1793,2125,332,158,104,162,349,278,345,567,748,703,393,51,193,156,139,139,153,192,249,318,368,380,369,334,252,141,44,7,2283,266,1
Palestine,1997,5995,1758,2079,321,158,104,159,330,271,346,577,784,731,405,53,183,147,134,137,155,191,253,324,383,401,385,346,260,145,46,7,2237,263,1
Palestine,1998,6101,1742,2054,312,159,105,159,336,274,356,593,822,766,419,54,185,151,135,139,160,196,261,332,399,423,405,361,271,148,47,7,2213,264,1
Palestine,1999,6183,1720,2021,301,159,105,162,338,276,364,605,860,801,434,57,187,151,135,141,163,201,265,340,413,447,427,374,282,152,50,7,2180,267,1
Palestine,2000,6879,1695,1986,291,158,110,228,603,419,440,656,916,853,451,60,333,270,219,200,206,234,289,367,438,478,458,395,294,157,52,8,2144,338,1
Palestine,2001,7714,1672,1956,284,156,117,310,923,590,532,712,974,911,470,60,509,414,319,271,258,274,315,397,464,510,492,419,307,163,52,8,2112,427,1
Palestine,2002,6970,1657,1952,295,161,115,218,534,382,448,678,982,947,486,63,296,238,196,186,206,242,291,387,459,523,513,434,317,169,54,9,2113,333,1
Palestine,2003,7233,1595,1861,266,147,113,244,649,438,483,705,1018,1001,508,66,359,290,228,210,222,261,303,402,470,548,544,457,332,176,56,10,2008,357,1
Palestine,2004,7440,1556,1809,253,143,113,263,710,467,507,725,1052,1056,530,69,396,314,246,221,234,273,314,411,483,569,573,483,347,183,58,11,1952,376,1
Palestine,2005,6864,1515,1757,242,138,107,192,435,318,439,702,1057,1098,551,71,244,191,159,159,192,247,303,399,482,575,593,505,360,191,60,11,1895,299,1
Palestine,2006,7370,1473,1704,231,134,107,241,621,409,495,742,1102,1167,577,73,349,272,213,196,221,274,326,416,504,598,628,539,379,198,62,11,1838,348,1
Palestine,2007,7464,1426,1648,222,131,105,243,630,411,499,757,1130,1229,607,75,354,276,215,196,221,278,336,421,520,610,657,572,400,207,64,11,1779,348,1
Palestine,2008,7508,1417,1649,232,135,106,233,574,382,491,770,1157,1292,640,78,323,251,197,185,213,278,343,427,534,623,686,606,422,218,67,11,1784,339,1
Palestine,2009,7675,1407,1632,225,133,103,235,592,388,501,795,1184,1354,677,84,332,260,202,186,216,285,355,440,545,639,713,641,448,229,72,12,1765,338,1
Palestine,2010,7683,1403,1603,200,122,96,220,553,367,491,811,1207,1409,716,87,311,242,191,176,208,283,361,450,552,655,736,673,475,241,75,12,1725,316,1
Palestine,2011,7838,1388,1584,196,119,93,217,561,370,494,838,1241,1468,761,91,315,246,192,178,208,286,372,466,564,677,759,709,507,254,79,12,1703,310,1
Palestine,2012,7999,1368,1561,193,118,92,213,563,375,498,866,1279,1527,813,94,316,247,194,181,209,289,382,484,576,703,780,747,542,271,82,12,1679,305,1
Palestine,2013,7713,1354,1546,192,117,89,163,364,278,450,866,1301,1575,862,101,206,158,137,141,180,270,377,489,581,720,795,780,575,287,87,14,1663,252,1
Palestine,2014,9742,1416,1707,291,156,116,321,1010,613,640,1024,1426,1693,933,106,558,452,333,280,284,356,456,568,648,778,854,839,623,310,92,14,1863,437,1
Palestine,2015,8116,1363,1548,185,114,86,156,368,288,458,925,1383,1697,976,114,205,163,142,146,183,275,396,529,624,759,850,847,648,328,98,16,1662,242,1
Palestine,2016,8358,1331,1512,181,113,86,162,404,309,474,955,1426,1757,1037,120,221,183,154,155,193,281,406,549,649,777,881,876,686,351,104,16,1625,248,1
Palestine,2017,8417,1279,1455,176,112,83,154,383,304,469,970,1457,1808,1095,127,207,176,151,153,190,279,407,563,669,788,911,897,721,374,110,17,1567,237,1
Palestine,2018,8911,1229,1399,170,111,84,188,552,400,514,1011,1503,1857,1156,136,293,259,208,192,216,298,423,588,697,806,940,917,756,400,118,18,1510,272,1
Palestine,2019,8671,1194,1368,174,112,84,154,383,316,474,998,1534,1888,1208,145,202,181,158,158,193,281,410,588,712,822,952,936,783,425,126,19,1480,238,1
Palestine,2020,9660,1151,1311,160,109,82,146,351,317,528,1175,1869,2194,1412,167,184,167,152,165,213,315,474,701,870,999,1115,1079,905,507,146,21,1420,228,1
Palestine,2021,10906,1137,1314,177,118,87,164,414,376,607,1342,2199,2498,1597,184,216,198,183,193,246,361,539,803,1023,1176,1270,1228,1022,575,162,22,1432,251,2
Panama,1950,5907,1748,2460,712,299,111,135,354,354,379,466,666,439,211,29,175,179,166,188,172,207,227,239,355,311,237,202,140,71,24,5,2759,246,1
Panama,1951,5870,1773,2504,731,255,96,131,335,325,358,448,648,493,246,34,165,170,156,169,163,195,223,225,342,306,254,239,161,85,28,6,2759,227,1
Panama,1952,5946,1775,2515,740,244,99,132,329,318,356,455,655,539,272,34,163,166,153,165,165,191,223,232,338,317,277,262,179,93,28,6,2759,231,1
Panama,1953,6092,1777,2526,749,253,108,134,326,321,364,472,672,581,296,36,164,162,152,169,172,192,223,249,336,336,306,275,194,102,31,5,2779,242,1
Panama,1954,6240,1771,2530,759,270,120,136,324,326,375,491,692,621,312,38,166,158,152,174,180,195,222,269,334,358,337,284,206,106,32,6,2800,256,1
Panama,1955,6324,1767,2532,765,286,129,137,317,326,377,496,699,651,329,41,164,153,152,174,182,195,221,275,330,369,358,293,216,113,36,5,2818,266,1
Panama,1956,6323,1760,2533,773,295,128,139,301,317,373,485,690,674,342,43,155,146,148,169,180,193,217,268,320,370,370,304,225,117,37,6,2828,267,1
Panama,1957,6270,1755,2533,778,295,123,139,284,308,361,463,676,686,355,45,144,140,145,163,172,189,212,251,311,365,371,315,233,122,38,7,2828,262,1
Panama,1958,6188,1747,2531,784,292,115,139,268,292,349,443,657,691,367,47,135,133,139,153,164,185,207,236,302,355,367,324,241,126,40,7,2823,254,1
Panama,1959,6107,1743,2532,789,281,106,137,254,278,337,425,640,693,375,48,127,127,133,145,156,181,203,222,294,346,361,332,247,128,41,7,2813,243,1
Panama,1960,6043,1739,2536,797,264,100,133,245,268,331,419,627,690,381,49,122,123,129,139,150,181,204,215,290,337,354,336,252,129,42,7,2800,233,1
Panama,1961,6002,1735,2541,806,247,95,128,242,261,327,420,621,684,385,51,121,121,125,136,146,181,207,213,290,331,348,336,254,131,43,8,2788,223,1
Panama,1962,5986,1731,2547,816,229,94,124,241,257,328,429,621,677,387,51,121,120,122,135,146,182,211,218,292,329,345,332,254,133,43,8,2776,218,1
Panama,1963,5992,1723,2550,827,216,92,122,246,256,331,440,626,674,389,52,125,121,121,135,146,185,217,223,298,328,345,329,253,136,44,8,2766,214,1
Panama,1964,6013,1703,2541,838,210,93,122,249,254,334,456,634,677,389,53,128,121,119,135,146,188,224,232,303,331,349,328,252,137,45,8,2751,215,1
Panama,1965,6049,1676,2522,846,213,98,122,255,255,338,469,648,683,390,56,130,125,120,135,148,190,228,241,307,341,354,329,249,141,47,9,2735,220,1
Panama,1966,6114,1653,2503,850,225,102,126,263,257,340,484,665,698,392,58,135,128,122,135,149,191,234,250,312,353,367,331,248,144,48,10,2728,228,1
Panama,1967,6157,1618,2463,845,239,109,131,271,259,341,495,681,714,393,60,139,132,125,134,150,191,237,258,315,366,377,337,248,145,49,11,2702,240,1
Panama,1968,6203,1583,2419,836,255,115,136,279,258,340,504,701,732,397,64,144,135,125,133,150,190,238,266,322,379,389,343,248,149,53,11,2674,251,1
Panama,1969,6226,1546,2368,822,264,118,138,286,258,337,515,717,751,404,66,147,139,127,131,150,187,239,276,327,390,399,352,252,152,55,11,2632,256,1
Panama,1970,6242,1513,2322,809,268,120,140,291,257,335,523,731,772,412,68,149,142,127,130,150,185,238,285,337,394,407,365,259,153,57,11,2590,260,1
Panama,1971,6176,1469,2244,775,256,115,137,291,255,325,528,739,787,425,75,149,142,126,129,145,180,234,294,348,391,412,375,270,155,62,13,2500,252,2
Panama,1972,6124,1429,2173,744,238,111,134,294,254,319,532,747,801,441,80,151,143,125,129,142,177,231,301,361,386,414,387,282,159,65,15,2411,245,2
Panama,1973,6076,1382,2093,711,221,107,133,297,254,317,539,756,819,458,84,154,143,125,129,142,175,230,309,375,381,419,400,295,163,68,16,2314,240,2
Panama,1974,6042,1336,2008,672,203,103,134,305,257,318,545,767,835,483,87,159,146,125,132,142,176,229,316,387,380,426,409,311,172,71,16,2211,237,2
Panama,1975,6048,1293,1923,630,190,100,138,315,266,325,550,787,850,508,93,164,151,130,136,146,179,230,320,397,390,432,418,326,182,75,18,2113,238,2
Panama,1976,6093,1253,1841,588,181,100,147,333,278,337,557,810,868,537,100,176,157,135,143,152,185,235,322,404,406,441,427,344,193,79,21,2022,247,3
Panama,1977,6168,1218,1762,544,174,101,158,351,296,356,562,837,891,570,106,187,164,145,151,161,195,241,321,410,427,452,439,362,208,83,23,1936,259,3
Panama,1978,6272,1193,1697,504,170,102,170,370,313,374,571,868,919,605,111,199,171,154,159,171,203,250,321,414,454,465,454,380,225,87,24,1867,272,3
Panama,1979,6360,1172,1635,463,162,100,178,383,326,387,571,896,954,639,118,208,175,161,165,176,211,255,316,418,478,481,473,396,243,94,24,1797,278,4
Panama,1980,6446,1162,1590,428,154,97,182,392,333,396,571,919,1002,677,131,214,178,163,170,180,216,259,312,420,499,505,497,414,263,103,28,1744,279,4
Panama,1981,6519,1160,1557,397,146,92,179,388,336,394,566,935,1061,715,142,214,174,163,173,178,216,259,307,424,511,532,529,432,283,113,29,1703,271,5
Panama,1982,6588,1160,1530,370,139,88,174,385,335,392,561,945,1121,757,154,214,171,161,174,176,216,259,302,424,521,560,561,455,302,123,31,1669,262,5
Panama,1983,6672,1165,1512,347,132,82,168,383,335,389,559,956,1184,801,166,212,171,160,175,173,216,259,300,427,529,590,594,480,321,134,32,1644,250,6
Panama,1984,6770,1159,1485,326,128,79,164,384,339,388,562,968,1242,845,179,212,172,161,178,173,215,261,301,430,538,618,624,508,337,145,34,1613,243,6
Panama,1985,6901,1148,1457,309,127,76,163,398,351,395,569,981,1295,888,193,217,181,168,183,178,217,264,305,435,546,642,653,537,351,155,38,1584,239,6
Panama,1986,7072,1140,1433,293,129,76,167,427,370,412,584,999,1336,934,201,227,200,180,190,190,222,269,315,442,557,661,675,569,365,162,39,1562,243,6
Panama,1987,7258,1129,1408,279,132,76,175,463,396,430,600,1019,1371,971,208,240,223,197,199,202,228,275,325,449,570,678,693,595,376,167,41,1540,251,6
Panama,1988,7460,1119,1389,270,136,78,186,506,429,456,623,1038,1398,1005,209,256,250,218,211,218,238,284,339,458,580,692,706,617,388,167,42,1525,264,6
Panama,1989,8365,1125,1412,287,146,87,254,801,608,565,701,1091,1450,1034,209,405,396,324,284,279,286,321,380,485,606,723,727,637,397,167,42,1558,341,5
Panama,1990,7736,1091,1341,250,131,78,198,588,496,508,663,1059,1435,1030,204,285,303,263,233,247,261,297,366,470,589,718,717,632,398,163,41,1472,276,5
Panama,1991,7831,1064,1316,252,129,79,201,617,534,532,682,1067,1453,1023,198,298,319,286,248,255,277,306,376,475,592,731,722,626,397,159,39,1445,280,5
Panama,1992,7865,1044,1292,248,122,77,198,634,562,550,694,1070,1464,1008,192,307,327,304,258,259,291,311,383,477,593,740,724,615,393,154,38,1414,275,5
Panama,1993,7863,1025,1265,240,111,76,194,639,586,564,707,1068,1470,992,189,310,329,319,267,262,302,318,389,478,590,744,726,603,389,152,37,1376,270,5
Panama,1994,7888,1008,1247,239,108,74,190,640,608,576,719,1074,1476,980,188,312,328,331,277,264,312,324,395,483,591,746,730,596,384,151,37,1355,264,5
Panama,1995,7930,994,1234,240,107,73,189,638,629,592,737,1083,1476,976,190,310,328,342,287,270,322,336,401,488,595,739,737,593,383,155,35,1341,262,5
Panama,1996,7987,978,1218,240,108,74,189,632,646,607,761,1098,1473,979,197,304,328,349,297,279,328,351,410,496,602,730,743,597,382,160,37,1326,263,5
Panama,1997,8053,961,1201,240,111,75,192,623,656,621,780,1117,1473,992,203,296,327,351,305,289,332,363,417,507,610,722,751,606,386,164,39,1312,267,5
Panama,1998,8119,943,1183,240,116,75,192,614,662,636,803,1138,1475,1013,209,287,327,349,313,303,333,376,427,517,621,715,760,622,391,170,39,1299,267,5
Panama,1999,8172,923,1161,238,118,73,194,597,661,645,820,1160,1479,1039,220,277,320,344,317,312,333,385,435,531,629,712,767,638,401,178,42,1279,267,6
Panama,2000,8205,900,1135,235,116,72,190,579,654,646,834,1177,1495,1067,230,268,311,334,320,316,330,390,444,540,637,717,778,655,412,184,46,1251,262,6
Panama,2001,8223,878,1108,230,110,70,188,556,641,647,840,1193,1518,1102,242,260,296,322,319,320,327,388,452,550,643,730,788,674,428,192,50,1218,258,7
Panama,2002,8248,855,1079,224,102,67,183,539,628,646,845,1210,1546,1140,257,256,283,311,317,320,326,383,462,560,650,747,799,693,447,202,55,1181,250,7
Panama,2003,8297,832,1049,217,95,65,180,532,615,646,853,1229,1579,1176,270,257,275,300,315,320,326,381,472,572,657,767,812,709,467,211,59,1144,245,8
Panama,2004,8410,820,1031,211,90,65,184,536,610,656,866,1250,1613,1218,285,264,272,296,314,324,332,382,484,584,666,788,825,730,488,220,65,1121,249,10
Panama,2005,8561,795,998,203,84,66,189,558,614,674,883,1279,1644,1259,303,280,278,296,318,333,341,387,496,600,679,805,839,749,510,233,70,1082,255,11
Panama,2006,8795,773,972,199,84,68,204,600,630,703,912,1319,1673,1300,319,304,296,305,325,345,358,401,511,620,699,818,855,769,531,245,74,1056,272,13
Panama,2007,9076,757,948,191,82,72,221,653,652,740,949,1359,1704,1343,340,334,319,317,335,360,380,423,526,642,717,831,873,792,551,260,80,1030,293,15
Panama,2008,9409,748,936,188,84,77,240,714,677,777,992,1401,1741,1389,362,367,347,331,346,375,402,446,546,662,739,848,893,815,574,276,86,1020,317,17
Panama,2009,9706,733,915,182,84,79,255,768,698,811,1029,1444,1781,1439,388,392,376,346,352,388,423,467,562,684,760,866,915,841,598,295,93,999,334,19
Panama,2010,9989,725,904,179,84,82,261,798,710,830,1067,1482,1835,1493,417,404,394,355,355,391,439,488,579,700,782,894,941,867,626,317,100,988,343,22
Panama,2011,10210,724,901,177,84,82,259,801,713,832,1097,1517,1898,1554,452,401,400,361,352,387,445,501,596,713,804,927,971,897,657,339,113,985,341,24
Panama,2012,10406,723,901,178,82,79,248,780,705,823,1124,1554,1969,1621,487,385,395,362,343,378,445,513,611,725,829,965,1004,931,690,365,122,983,327,27
Panama,2013,10577,712,892,180,81,77,237,753,693,812,1149,1589,2045,1690,527,365,388,360,333,368,444,524,625,736,853,1004,1041,964,726,392,135,973,314,31
Panama,2014,10772,704,889,185,79,74,226,725,683,799,1176,1633,2123,1762,568,348,377,359,324,357,442,535,641,754,879,1039,1084,999,763,419,149,968,300,34
Panama,2015,10990,691,877,186,77,72,219,709,674,796,1205,1684,2194,1837,609,337,372,356,318,352,444,549,656,775,909,1068,1126,1038,799,447,162,954,291,38
Panama,2016,11259,677,867,190,74,71,218,710,671,801,1241,1745,2256,1910,650,338,372,356,315,350,451,566,675,804,941,1090,1166,1078,832,474,176,941,289,42
Panama,2017,11565,662,853,191,77,72,224,741,689,820,1284,1818,2303,1959,681,354,387,365,324,357,463,586,698,840,978,1109,1194,1108,851,493,188,930,296,46
Panama,2018,11908,642,831,189,80,77,236,806,730,850,1343,1896,2331,1976,696,387,419,386,344,372,478,610,733,880,1016,1127,1204,1122,854,499,197,911,313,51
Panama,2019,12302,618,805,187,92,88,258,931,820,900,1417,1977,2337,1939,684,448,483,433,387,403,497,635,782,920,1057,1147,1190,1106,833,491,193,897,346,52
Panama,2020,14154,605,795,190,81,91,234,860,785,943,1622,2406,2819,2556,895,416,444,405,380,412,531,710,912,1107,1299,1403,1416,1395,1161,647,248,876,325,67
Panama,2021,15055,586,762,176,73,89,246,896,811,987,1726,2600,3059,2768,958,433,463,417,394,428,559,754,972,1187,1413,1522,1537,1526,1242,689,269,835,335,75
Papua New Guinea,1950,18983,6269,9632,3363,985,517,731,2181,1812,1217,730,620,419,124,10,1118,1063,964,848,697,520,389,341,329,291,247,172,91,33,9,1,10617,1248,0
Papua New Guinea,1951,21132,6515,10167,3652,1223,705,891,2470,2085,1434,839,693,463,147,12,1264,1206,1105,980,815,619,454,385,368,325,272,191,106,41,11,1,11390,1596,0
Papua New Guinea,1952,18983,6346,9573,3227,958,483,696,2118,1840,1314,763,631,439,151,14,1077,1041,968,872,742,572,421,342,332,299,257,182,105,46,13,1,10531,1179,0
Papua New Guinea,1953,18952,6385,9576,3191,947,469,673,2058,1826,1345,786,640,451,158,17,1043,1015,954,872,753,592,443,343,336,304,264,187,110,48,15,2,10523,1142,0
Papua New Guinea,1954,18956,6372,9519,3147,942,460,654,2020,1836,1398,829,654,463,165,18,1020,1000,952,884,776,622,476,353,342,312,271,192,115,50,16,2,10461,1114,0
Papua New Guinea,1955,18917,6369,9483,3114,927,452,634,1962,1824,1436,872,666,476,166,18,989,973,939,885,789,647,505,367,347,319,277,199,116,50,16,2,10410,1086,0
Papua New Guinea,1956,18925,6350,9417,3067,922,450,619,1915,1826,1486,927,684,492,171,18,962,953,933,893,810,676,539,388,357,327,287,205,120,51,16,2,10339,1069,0
Papua New Guinea,1957,18866,6328,9343,3015,915,446,602,1849,1803,1521,985,701,503,173,18,926,923,913,890,821,700,570,415,365,336,292,211,122,51,16,2,10258,1048,0
Papua New Guinea,1958,18808,6296,9237,2941,907,443,592,1796,1790,1562,1051,719,518,175,18,896,900,898,892,836,726,603,448,375,344,302,216,124,51,16,2,10144,1035,0
Papua New Guinea,1959,18811,6246,9146,2900,907,445,586,1746,1774,1604,1122,746,536,180,17,869,877,883,891,851,753,637,485,391,355,311,225,128,52,15,2,10053,1031,0
Papua New Guinea,1960,18805,6205,9022,2817,903,442,583,1708,1769,1652,1196,773,549,186,17,847,861,874,895,870,782,672,524,409,364,319,230,132,54,15,2,9925,1025,0
Papua New Guinea,1961,18871,6170,8939,2769,905,443,586,1675,1759,1695,1274,810,569,197,17,833,842,863,896,884,811,710,564,436,374,329,240,139,58,15,2,9844,1029,0
Papua New Guinea,1962,18982,6171,8922,2751,921,447,594,1652,1747,1725,1322,830,579,220,24,823,829,855,892,895,830,735,587,455,375,333,246,151,69,22,2,9843,1041,0
Papua New Guinea,1963,18651,6104,8754,2650,898,431,578,1580,1671,1698,1338,839,585,247,32,792,788,815,856,871,827,743,595,470,369,333,252,165,82,28,4,9652,1009,0
Papua New Guinea,1964,18622,6070,8673,2603,903,427,578,1560,1644,1706,1373,853,589,275,41,788,772,802,842,868,838,761,612,487,366,333,256,179,96,36,5,9576,1005,0
Papua New Guinea,1965,18510,6024,8568,2544,904,423,571,1534,1606,1698,1397,864,592,304,50,781,753,783,823,857,841,773,624,501,363,331,261,193,111,43,7,9472,994,0
Papua New Guinea,1966,18326,5991,8479,2488,898,421,560,1496,1548,1666,1409,873,585,327,59,769,727,755,793,833,833,779,630,510,363,324,261,202,125,51,8,9377,981,0
Papua New Guinea,1967,18231,5947,8376,2429,897,425,554,1481,1515,1656,1440,894,581,344,67,767,714,738,777,821,835,793,647,522,372,318,263,209,135,57,10,9273,979,0
Papua New Guinea,1968,18000,5901,8272,2371,885,423,543,1446,1455,1611,1444,906,571,365,77,754,692,708,747,790,821,792,652,525,381,308,263,218,147,65,12,9157,966,0
Papua New Guinea,1969,17834,5850,8162,2312,874,425,537,1421,1414,1583,1465,929,564,378,84,742,679,687,727,770,813,799,666,535,394,302,262,222,156,71,13,9036,962,1
Papua New Guinea,1970,17595,5794,8048,2254,859,428,532,1382,1358,1534,1474,947,556,389,90,720,662,658,700,740,794,798,676,542,405,297,259,226,163,76,14,8907,960,1
Papua New Guinea,1971,17595,5728,7954,2226,861,440,543,1380,1339,1526,1512,987,558,398,96,716,664,648,691,734,792,812,700,564,423,301,257,229,169,79,17,8815,983,1
Papua New Guinea,1972,17351,5645,7805,2160,837,437,544,1348,1296,1486,1521,1013,561,402,101,697,651,628,668,711,775,809,712,579,434,310,251,229,173,83,18,8642,981,1
Papua New Guinea,1973,17032,5531,7600,2069,806,437,545,1306,1250,1457,1567,1052,553,367,94,675,631,605,645,695,762,818,749,610,442,315,238,210,157,76,18,8406,982,1
Papua New Guinea,1974,16780,5409,7405,1996,774,436,554,1273,1214,1432,1611,1101,553,337,84,660,613,588,626,681,751,827,784,646,455,324,229,194,143,68,16,8179,990,1
Papua New Guinea,1975,16604,5289,7212,1923,745,434,566,1257,1191,1426,1664,1164,556,311,78,658,599,579,612,676,750,840,824,688,476,332,224,182,129,62,16,7957,1000,1
Papua New Guinea,1976,16438,5183,7039,1856,717,428,575,1239,1166,1409,1701,1235,564,293,71,657,582,570,596,666,743,844,857,734,501,340,224,172,121,56,15,7756,1003,1
Papua New Guinea,1977,16379,5083,6874,1791,695,423,591,1242,1156,1411,1748,1323,577,274,65,666,576,565,591,664,747,854,894,788,535,349,228,163,111,50,15,7569,1014,1
Papua New Guinea,1978,16291,4984,6713,1729,675,413,602,1240,1142,1402,1779,1413,593,258,58,675,565,560,582,655,747,858,921,840,573,357,236,155,103,46,12,7388,1015,1
Papua New Guinea,1979,16263,4891,6567,1676,658,406,611,1252,1132,1398,1809,1512,616,249,53,690,562,554,578,650,748,862,947,893,619,373,243,151,98,42,11,7225,1017,1
Papua New Guinea,1980,16219,4811,6434,1623,639,394,613,1262,1112,1385,1828,1613,647,241,50,704,558,542,570,638,747,864,964,945,668,396,251,148,93,39,11,7073,1007,1
Papua New Guinea,1981,16349,4768,6347,1579,628,387,620,1300,1115,1394,1866,1726,685,236,46,730,570,539,576,639,755,878,988,998,728,425,260,148,88,37,9,6975,1007,1
Papua New Guinea,1982,16577,4747,6300,1553,624,383,621,1328,1113,1387,1865,1812,756,303,86,747,581,538,575,634,753,876,989,1030,782,466,290,184,119,65,21,6924,1004,2
Papua New Guinea,1983,16870,4766,6302,1536,623,384,620,1361,1119,1386,1869,1891,831,359,120,764,597,539,580,634,752,879,990,1054,837,511,320,217,142,89,31,6925,1004,4
Papua New Guinea,1984,17162,4770,6283,1513,620,383,622,1400,1132,1392,1880,1972,912,412,146,782,618,546,586,637,755,887,993,1077,895,560,352,250,162,108,38,6903,1005,5
Papua New Guinea,1985,17409,4783,6283,1500,617,383,618,1429,1138,1392,1883,2036,998,457,168,791,638,553,585,641,751,891,992,1091,945,613,385,277,180,122,46,6900,1001,6
Papua New Guinea,1986,17815,4798,6290,1492,623,390,626,1483,1174,1421,1912,2107,1096,500,185,812,671,576,598,659,762,906,1006,1110,997,676,420,302,198,133,52,6913,1016,7
Papua New Guinea,1987,18035,4810,6293,1483,620,391,624,1502,1184,1420,1914,2146,1191,541,197,813,689,589,595,663,757,907,1007,1112,1034,734,457,325,216,141,56,6913,1015,8
Papua New Guinea,1988,18334,4824,6305,1481,623,396,632,1524,1210,1435,1926,2183,1298,582,209,815,709,609,601,672,763,910,1016,1116,1067,797,501,348,234,149,60,6928,1028,9
Papua New Guinea,1989,18526,4827,6294,1467,617,393,636,1539,1232,1436,1927,2201,1401,620,218,816,723,628,604,673,763,906,1021,1113,1088,855,546,370,250,155,63,6911,1029,10
Papua New Guinea,1990,18830,4829,6284,1455,617,395,649,1573,1285,1461,1949,2241,1505,642,217,827,746,661,624,684,777,913,1036,1125,1116,914,591,386,256,154,63,6901,1044,10
Papua New Guinea,1991,19084,4841,6298,1457,626,405,658,1560,1315,1486,1997,2332,1608,608,178,818,742,675,640,690,796,928,1069,1165,1167,981,627,377,231,126,52,6924,1063,9
Papua New Guinea,1992,19432,4872,6312,1440,619,400,668,1579,1366,1517,2044,2408,1712,634,168,829,750,701,665,703,814,945,1099,1203,1205,1036,676,396,238,121,47,6931,1068,8
Papua New Guinea,1993,19813,4944,6386,1442,623,404,674,1575,1400,1539,2076,2474,1811,675,165,830,745,714,686,710,829,957,1119,1237,1237,1085,726,424,251,123,42,7009,1078,8
Papua New Guinea,1994,20302,5006,6451,1445,624,407,684,1591,1448,1583,2132,2566,1921,720,169,844,747,733,715,730,853,983,1149,1287,1279,1138,783,454,266,128,41,7075,1091,8
Papua New Guinea,1995,20708,5058,6506,1448,623,409,691,1599,1484,1610,2171,2642,2015,769,174,854,745,741,743,747,863,1004,1167,1325,1317,1180,835,488,281,135,39,7129,1100,7
Papua New Guinea,1996,21442,5142,6604,1462,633,419,714,1667,1566,1688,2252,2758,2129,826,181,894,773,774,792,794,894,1048,1204,1384,1374,1234,895,527,299,142,39,7237,1133,7
Papua New Guinea,1997,21878,5235,6712,1477,637,422,714,1649,1572,1725,2301,2843,2223,883,188,887,762,764,808,817,908,1074,1227,1422,1421,1276,947,566,317,147,41,7349,1136,7
Papua New Guinea,1998,23540,5421,7085,1664,784,518,795,1808,1725,1876,2446,3004,2349,948,199,972,836,832,893,902,974,1150,1296,1499,1505,1341,1008,613,335,156,43,7869,1313,7
Papua New Guinea,1999,23096,5411,6906,1495,645,433,740,1722,1654,1869,2448,3047,2418,1003,205,926,796,784,870,902,967,1147,1301,1508,1539,1370,1048,650,353,162,43,7551,1173,6
Papua New Guinea,2000,23797,5481,6986,1505,652,439,756,1772,1703,1975,2541,3164,2523,1066,212,950,822,801,902,959,1016,1186,1355,1557,1607,1426,1097,694,372,167,45,7638,1195,6
Papua New Guinea,2001,24604,5552,7074,1522,663,448,779,1836,1765,2098,2652,3293,2638,1131,218,981,855,827,938,1021,1077,1235,1417,1611,1682,1490,1148,738,393,172,46,7737,1227,7
Papua New Guinea,2002,25712,5628,7166,1538,684,467,819,1930,1861,2269,2807,3463,2786,1209,246,1028,902,871,990,1106,1163,1306,1501,1690,1773,1578,1208,783,426,193,53,7850,1286,7
Papua New Guinea,2003,26529,5674,7200,1526,685,471,842,1984,1917,2406,2934,3606,2929,1281,272,1056,928,899,1018,1167,1239,1359,1575,1758,1848,1662,1267,825,456,212,60,7885,1313,8
Papua New Guinea,2004,27678,5688,7214,1526,699,485,884,2095,2029,2603,3117,3795,3098,1352,292,1113,982,955,1074,1253,1350,1448,1669,1856,1939,1764,1334,869,483,227,65,7913,1369,8
Papua New Guinea,2005,28445,5706,7231,1525,704,491,906,2146,2076,2726,3241,3934,3243,1420,316,1141,1005,981,1095,1298,1428,1517,1724,1930,2004,1848,1395,909,511,243,73,7935,1397,9
Papua New Guinea,2006,29018,5709,7228,1519,705,493,918,2169,2086,2805,3345,4057,3381,1485,336,1157,1012,989,1097,1316,1489,1579,1766,1998,2059,1923,1458,949,536,257,79,7933,1411,9
Papua New Guinea,2007,29653,5710,7230,1520,721,500,934,2204,2117,2890,3465,4178,3510,1543,352,1181,1023,1005,1112,1337,1553,1650,1815,2065,2113,1990,1520,985,558,268,84,7951,1434,10
Papua New Guinea,2008,30276,5690,7173,1483,706,495,945,2243,2152,2975,3610,4328,3659,1611,367,1205,1038,1022,1130,1358,1617,1736,1874,2145,2183,2064,1595,1028,583,279,88,7879,1440,11
Papua New Guinea,2009,31053,5674,7149,1475,712,500,962,2296,2202,3063,3784,4493,3812,1682,384,1233,1063,1044,1158,1381,1682,1836,1948,2227,2266,2137,1675,1074,608,293,91,7861,1462,12
Papua New Guinea,2010,31557,5659,7117,1458,705,500,964,2309,2211,3092,3931,4617,3944,1752,401,1240,1069,1046,1165,1380,1712,1914,2017,2278,2339,2196,1748,1119,633,305,96,7822,1464,13
Papua New Guinea,2011,32246,5634,7066,1432,702,501,972,2347,2245,3155,4124,4782,4094,1830,414,1260,1087,1060,1185,1399,1756,2013,2111,2347,2435,2266,1828,1172,658,315,99,7768,1473,13
Papua New Guinea,2012,33045,5589,7009,1420,704,507,988,2412,2303,3236,4346,4965,4249,1897,417,1291,1121,1085,1218,1432,1804,2119,2227,2430,2535,2344,1905,1223,674,317,100,7713,1495,14
Papua New Guinea,2013,33779,5538,6934,1396,698,507,995,2448,2342,3304,4568,5162,4411,1968,419,1305,1143,1102,1240,1462,1842,2216,2352,2517,2645,2432,1979,1278,690,320,99,7632,1502,14
Papua New Guinea,2014,34230,5476,6848,1372,688,505,993,2452,2348,3320,4738,5316,4552,2035,418,1303,1149,1105,1243,1472,1848,2279,2459,2591,2725,2511,2041,1330,705,319,99,7536,1498,14
Papua New Guinea,2015,34858,5396,6742,1346,683,504,997,2481,2380,3374,4941,5509,4712,2103,415,1314,1167,1122,1258,1501,1873,2350,2591,2703,2806,2607,2105,1382,721,318,97,7425,1501,14
Papua New Guinea,2016,35597,5303,6613,1310,675,506,1007,2521,2437,3453,5159,5732,4893,2176,412,1328,1193,1151,1286,1542,1911,2423,2736,2836,2896,2718,2175,1437,739,316,96,7288,1513,14
Papua New Guinea,2017,35936,5212,6491,1279,661,498,1000,2496,2425,3452,5277,5917,5048,2244,408,1312,1184,1148,1277,1541,1911,2441,2836,2949,2968,2810,2238,1485,759,314,94,7152,1498,14
Papua New Guinea,2018,36833,5116,6360,1244,663,505,1020,2554,2510,3566,5491,6193,5240,2310,402,1338,1216,1192,1318,1590,1976,2511,2980,3119,3074,2925,2315,1532,778,312,90,7023,1525,13
Papua New Guinea,2019,37761,5005,6208,1203,651,498,1031,2603,2586,3676,5703,6526,5466,2394,404,1359,1244,1230,1356,1636,2040,2580,3123,3314,3212,3050,2416,1588,806,314,90,6859,1529,13
Papua New Guinea,2020,37883,4901,6066,1165,630,487,1013,2537,2541,3641,5731,6748,5612,2461,399,1325,1212,1208,1333,1611,2030,2563,3168,3438,3310,3115,2497,1631,830,313,86,6696,1500,13
Papua New Guinea,2021,40482,4763,5884,1121,620,478,941,2352,2471,3878,6382,7947,6343,2754,417,1227,1125,1150,1321,1672,2206,2826,3556,4029,3918,3553,2790,1819,935,331,86,6504,1419,13
Paraguay,1950,9381,2794,3760,966,262,129,212,473,364,470,761,1138,1130,605,75,267,206,173,191,205,265,342,419,601,537,577,553,402,203,64,11,4022,341,1
Paraguay,1951,9587,2832,3828,996,266,133,214,475,368,479,766,1176,1142,644,92,264,211,174,194,212,267,349,417,605,571,579,563,422,222,76,16,4094,347,2
Paraguay,1952,9776,2875,3891,1016,271,136,219,473,374,491,779,1210,1151,675,103,257,216,178,196,220,271,356,423,594,616,579,572,437,238,84,19,4162,355,2
Paraguay,1953,9931,2910,3940,1030,280,139,224,468,377,502,793,1233,1157,703,113,250,218,182,195,227,275,360,433,572,661,582,575,451,252,92,21,4220,363,3
Paraguay,1954,10060,2936,3971,1035,289,143,231,468,381,513,807,1246,1165,720,122,245,223,186,195,234,279,363,444,550,696,589,576,459,261,99,23,4260,374,3
Paraguay,1955,10140,2953,3990,1037,295,146,238,457,382,521,818,1249,1178,737,129,239,218,188,194,238,283,365,453,535,714,604,574,466,271,104,25,4285,384,4
Paraguay,1956,10211,2963,3997,1034,297,147,242,453,385,529,825,1241,1206,747,133,240,213,190,195,239,290,367,458,529,712,636,570,470,277,107,26,4294,389,4
Paraguay,1957,10261,2969,3996,1027,298,150,246,452,389,534,832,1220,1244,754,141,245,207,193,196,239,295,368,464,530,690,679,565,471,283,112,29,4294,396,4
Paraguay,1958,10290,2969,3987,1018,301,153,250,449,393,540,834,1198,1281,758,143,251,198,195,198,236,304,369,465,538,660,718,563,471,287,114,29,4288,403,5
Paraguay,1959,10317,2967,3973,1006,300,155,255,450,395,545,836,1179,1318,760,149,258,192,195,200,234,311,371,465,546,633,750,568,470,290,119,30,4273,410,5
Paraguay,1960,10342,2966,3958,992,298,160,259,452,394,548,839,1165,1349,761,155,265,187,192,202,233,315,374,465,554,611,768,581,466,295,123,32,4256,419,5
Paraguay,1961,10378,2968,3948,980,297,164,264,458,394,548,847,1163,1372,759,156,269,189,189,205,232,316,382,465,560,603,762,610,463,296,124,32,4245,428,5
Paraguay,1962,10437,2974,3945,971,296,168,269,470,392,549,857,1173,1389,762,162,277,193,183,209,234,315,392,465,566,607,739,650,463,299,128,34,4241,437,5
Paraguay,1963,10514,2987,3952,965,296,170,275,482,389,551,873,1188,1402,768,164,283,199,177,212,238,313,403,470,569,619,713,689,465,303,130,34,4248,445,6
Paraguay,1964,10677,2989,3952,963,299,173,281,491,384,554,892,1218,1423,815,187,286,205,170,214,241,313,415,477,577,641,697,726,487,328,146,41,4251,454,7
Paraguay,1965,10805,2982,3947,965,301,174,286,496,380,557,910,1243,1435,860,206,287,209,167,213,245,312,424,486,583,660,688,747,510,350,160,46,4248,460,9
Paraguay,1966,10948,2961,3923,962,304,178,294,508,382,567,930,1269,1448,913,226,293,215,170,212,253,314,430,500,592,677,694,754,546,367,174,52,4227,472,10
Paraguay,1967,11070,2931,3888,957,306,180,302,514,378,578,948,1293,1455,968,243,296,218,172,206,258,320,432,516,600,693,711,744,586,382,187,56,4194,482,11
Paraguay,1968,11169,2899,3843,944,307,184,309,524,376,588,968,1316,1464,1015,257,302,222,178,198,262,326,434,534,610,706,735,729,620,395,199,58,4150,493,12
Paraguay,1969,11259,2867,3797,930,308,186,314,537,380,599,984,1338,1478,1055,269,312,225,185,195,267,332,434,550,621,717,761,717,649,406,207,62,4105,500,14
Paraguay,1970,11268,2818,3721,903,307,190,317,548,379,602,994,1354,1489,1078,277,319,229,189,190,265,337,433,561,631,723,779,710,661,417,212,65,4028,507,14
Paraguay,1971,11424,2806,3702,896,307,193,327,564,386,611,1009,1387,1525,1103,290,331,233,195,191,264,347,438,571,651,736,804,721,666,437,221,69,4009,520,15
Paraguay,1972,11560,2799,3686,887,309,197,335,584,398,617,1026,1426,1560,1112,293,345,239,200,198,260,357,447,579,676,750,822,738,656,456,222,71,3995,532,16
Paraguay,1973,11676,2808,3685,877,306,201,347,606,411,620,1037,1461,1593,1101,291,358,248,206,205,253,367,456,581,700,761,836,757,638,463,220,71,3991,548,15
Paraguay,1974,11968,2823,3691,868,305,204,355,628,431,624,1049,1508,1697,1140,317,367,261,213,218,248,376,469,580,722,786,876,821,654,486,237,80,3996,559,17
Paraguay,1975,12193,2842,3701,859,300,207,362,652,447,628,1064,1545,1772,1166,329,379,273,220,227,248,380,483,581,736,809,904,868,671,495,244,85,4001,569,19
Paraguay,1976,12398,2858,3711,853,296,207,368,673,462,629,1080,1572,1841,1194,344,388,285,227,235,252,377,495,585,741,831,929,912,696,498,255,89,4007,575,20
Paraguay,1977,12666,2886,3733,847,292,210,374,697,479,634,1105,1605,1916,1241,361,399,298,235,244,262,372,511,594,744,861,957,959,737,504,267,94,4025,584,21
Paraguay,1978,12958,2902,3743,841,289,210,380,720,498,642,1140,1643,1994,1302,379,410,310,245,253,275,367,529,611,748,895,990,1004,788,514,280,99,4032,590,23
Paraguay,1979,13168,2943,3777,834,285,207,383,734,514,646,1162,1658,2045,1348,388,417,317,254,260,287,359,537,625,742,916,1011,1034,828,520,286,102,4062,590,24
Paraguay,1980,13393,2991,3817,826,282,206,387,750,532,656,1180,1675,2092,1395,393,425,325,265,267,300,356,540,640,744,931,1033,1059,865,530,288,105,4099,593,25
Paraguay,1981,13613,3043,3864,821,282,206,394,767,553,671,1199,1691,2135,1431,390,433,334,277,276,310,361,539,660,752,939,1057,1078,891,540,284,106,4146,600,26
Paraguay,1982,13726,3051,3865,814,278,205,397,784,569,692,1208,1698,2162,1460,383,441,343,288,281,319,373,529,679,761,937,1076,1086,907,553,278,105,4143,602,26
Paraguay,1983,13809,3063,3883,820,281,208,406,808,589,716,1215,1709,2163,1450,358,455,353,299,290,328,388,515,700,781,928,1089,1074,901,549,260,98,4164,614,25
Paraguay,1984,13770,3042,3843,801,280,206,409,823,601,736,1211,1715,2154,1433,336,464,359,303,298,333,403,501,710,799,916,1093,1061,887,546,244,92,4123,615,23
Paraguay,1985,13781,3020,3807,787,277,206,411,844,619,755,1210,1735,2153,1421,320,476,368,310,309,339,416,495,715,822,913,1097,1056,877,544,234,86,4084,617,22
Paraguay,1986,13765,2980,3753,773,280,206,411,859,636,774,1205,1763,2146,1406,308,484,375,317,319,346,428,496,709,847,916,1090,1056,864,542,229,79,4033,617,20
Paraguay,1987,13762,2940,3697,757,279,207,412,876,650,788,1200,1800,2144,1391,299,492,384,322,328,350,438,508,692,871,929,1079,1065,853,538,226,73,3976,619,19
Paraguay,1988,13810,2894,3630,736,281,209,413,891,670,808,1203,1848,2150,1387,296,499,392,332,338,360,448,529,674,896,952,1071,1079,849,538,226,70,3911,622,18
Paraguay,1989,13996,2838,3558,720,283,212,425,956,714,845,1221,1910,2169,1388,295,531,425,356,358,380,465,558,663,923,987,1072,1097,851,537,228,67,3841,637,17
Paraguay,1990,13971,2782,3477,695,282,216,418,930,709,859,1232,1952,2187,1395,297,513,417,352,357,387,472,575,657,931,1021,1077,1110,858,537,232,65,3759,634,17
Paraguay,1991,14143,2720,3392,672,284,221,424,952,734,892,1271,2007,2231,1419,300,521,431,364,370,405,487,601,670,937,1070,1104,1127,878,541,234,66,3676,645,16
Paraguay,1992,14330,2654,3306,652,284,227,433,974,761,928,1322,2050,2279,1445,303,529,445,376,385,426,502,624,698,930,1120,1139,1140,900,545,238,65,3590,660,15
Paraguay,1993,14507,2586,3216,630,282,232,442,992,790,962,1380,2084,2332,1478,305,535,457,390,400,443,519,646,734,916,1168,1184,1148,928,550,239,66,3498,674,14
Paraguay,1994,14723,2521,3129,608,281,239,451,1009,817,1003,1444,2111,2400,1512,308,543,466,404,413,460,543,668,776,904,1207,1238,1162,955,557,241,67,3410,690,13
Paraguay,1995,14971,2461,3051,590,278,245,465,1028,850,1047,1506,2144,2484,1548,311,552,476,421,429,477,570,692,814,908,1236,1299,1185,980,568,243,68,3329,710,13
Paraguay,1996,15236,2399,2972,573,275,250,478,1049,882,1095,1567,2180,2586,1582,311,563,486,437,445,496,599,716,851,932,1248,1366,1220,999,583,243,68,3247,728,13
Paraguay,1997,15462,2338,2896,558,273,254,490,1063,908,1138,1619,2204,2687,1607,312,573,490,449,459,512,626,737,882,968,1236,1428,1259,1009,598,244,68,3169,744,13
Paraguay,1998,15781,2282,2827,545,267,254,507,1085,941,1189,1680,2244,2812,1643,315,586,499,463,478,534,655,765,915,1023,1221,1494,1318,1023,620,247,68,3094,761,12
Paraguay,1999,16074,2215,2738,523,261,256,521,1107,971,1232,1750,2292,2934,1681,318,601,506,474,497,553,679,801,949,1080,1212,1551,1383,1041,640,250,68,2999,777,12
Paraguay,2000,16397,2150,2655,505,255,255,534,1134,1002,1278,1827,2354,3045,1725,323,618,516,484,518,574,704,842,985,1137,1217,1589,1456,1067,658,255,68,2910,789,12
Paraguay,2001,16705,2080,2568,488,250,255,543,1160,1024,1325,1898,2435,3132,1773,329,636,524,489,535,594,731,882,1016,1188,1247,1602,1530,1102,671,261,68,2818,798,12
Paraguay,2002,17207,2007,2475,468,245,254,558,1197,1059,1389,1996,2572,3246,1854,344,660,537,502,557,623,766,936,1060,1252,1320,1616,1630,1161,693,274,70,2720,812,12
Paraguay,2003,17190,1938,2387,449,238,245,549,1191,1050,1405,2026,2636,3231,1879,345,660,531,493,557,630,775,953,1073,1271,1365,1561,1670,1190,689,277,68,2625,794,12
Paraguay,2004,17384,1880,2309,429,224,236,541,1202,1053,1436,2078,2718,3250,1957,367,668,534,492,561,644,792,972,1106,1295,1423,1531,1719,1248,709,294,73,2533,777,13
Paraguay,2005,17625,1828,2240,412,218,228,530,1212,1058,1470,2140,2802,3276,2048,387,672,540,493,565,660,810,994,1146,1324,1478,1526,1750,1313,735,309,78,2458,758,14
Paraguay,2006,17710,1781,2174,393,200,217,515,1208,1049,1491,2183,2852,3273,2131,403,666,542,488,561,670,821,1007,1176,1338,1514,1536,1737,1369,762,321,82,2374,732,15
Paraguay,2007,17622,1733,2111,378,187,203,489,1188,1030,1488,2200,2858,3237,2196,415,650,538,480,550,668,820,1009,1191,1333,1525,1554,1683,1411,785,328,87,2298,692,16
Paraguay,2008,17682,1686,2050,364,177,193,468,1175,1018,1498,2229,2892,3243,2287,434,636,539,476,542,669,829,1019,1210,1347,1545,1607,1636,1462,825,340,94,2227,661,17
Paraguay,2009,17776,1638,1987,349,163,181,449,1159,1011,1509,2258,2943,3269,2374,454,620,539,475,536,668,841,1033,1225,1378,1565,1667,1602,1505,869,355,99,2150,630,19
Paraguay,2010,17955,1588,1924,336,152,172,429,1146,1012,1528,2296,3014,3328,2455,481,605,541,478,534,669,859,1050,1246,1421,1593,1729,1599,1534,921,374,107,2076,601,20
Paraguay,2011,18066,1542,1867,325,144,162,410,1128,1013,1539,2329,3069,3386,2493,500,588,540,482,531,666,873,1065,1264,1459,1610,1772,1614,1528,965,389,111,2011,572,21
Paraguay,2012,18167,1499,1809,310,139,150,390,1104,1013,1543,2365,3119,3467,2517,527,568,536,485,528,660,883,1081,1284,1495,1624,1809,1658,1504,1013,411,116,1948,540,22
Paraguay,2013,18269,1485,1784,299,134,140,371,1075,1015,1542,2396,3165,3553,2521,552,547,528,489,526,655,887,1097,1299,1522,1643,1835,1718,1468,1053,433,119,1918,511,23
Paraguay,2014,18745,1471,1758,287,129,133,358,1063,1038,1570,2484,3291,3720,2577,596,535,528,501,537,662,908,1139,1345,1574,1717,1900,1820,1469,1108,468,128,1887,491,25
Paraguay,2015,18919,1449,1730,281,124,126,338,1033,1045,1566,2531,3361,3811,2596,630,515,518,504,541,658,908,1163,1368,1597,1764,1930,1881,1468,1128,495,135,1854,464,27
Paraguay,2016,19112,1417,1690,273,122,120,321,997,1053,1562,2577,3443,3894,2631,675,493,504,507,546,656,906,1185,1392,1627,1816,1957,1937,1496,1135,530,145,1812,441,29
Paraguay,2017,19466,1377,1644,267,120,117,304,969,1066,1573,2648,3559,4008,2702,725,475,494,508,558,662,911,1216,1432,1674,1885,2002,2006,1565,1137,567,158,1764,421,31
Paraguay,2018,20120,1328,1586,258,117,116,291,956,1099,1611,2763,3733,4198,2831,786,465,491,517,582,680,931,1262,1501,1752,1981,2093,2105,1678,1153,613,173,1703,407,34
Paraguay,2019,20686,1283,1534,251,116,115,280,937,1125,1644,2859,3873,4380,2948,838,452,485,523,602,697,947,1295,1564,1819,2054,2193,2187,1785,1163,649,189,1650,395,37
Paraguay,2020,22095,1239,1478,239,80,91,350,1123,1212,1728,3253,4217,4496,3111,912,564,559,581,631,741,987,1455,1798,2057,2160,2225,2271,1905,1206,697,215,1558,441,42
Paraguay,2021,28913,1207,1440,233,65,112,449,1180,1361,2165,4200,5559,6442,4666,1225,622,558,606,755,933,1232,1838,2362,2656,2903,3258,3184,2792,1874,944,281,1505,561,52
Peru,1950,80422,30196,51220,21024,2958,1425,1626,3125,2462,2848,3718,4503,4638,1767,137,1700,1425,1178,1284,1367,1481,1746,1972,2234,2269,2549,2089,1267,500,119,18,54178,3051,0
Peru,1951,82534,30891,52515,21624,3042,1433,1654,3198,2498,2907,3799,4680,4794,1874,139,1740,1458,1202,1296,1394,1513,1772,2027,2321,2359,2598,2196,1339,535,122,17,55557,3087,1
Peru,1952,84243,31461,53446,21985,3124,1441,1678,3257,2520,2958,3872,4875,4942,1980,143,1778,1479,1223,1297,1412,1546,1788,2084,2395,2480,2622,2320,1413,567,125,18,56570,3119,2
Peru,1953,85742,31989,54247,22258,3201,1444,1693,3297,2533,2999,3929,5078,5083,2086,152,1808,1489,1243,1290,1419,1580,1794,2135,2461,2617,2640,2443,1487,599,132,20,57448,3137,2
Peru,1954,87004,32425,54881,22456,3266,1448,1698,3317,2535,3022,3975,5270,5223,2198,163,1824,1493,1253,1282,1416,1606,1802,2173,2523,2747,2683,2540,1565,633,142,21,58147,3146,2
Peru,1955,88125,32808,55390,22582,3318,1456,1701,3336,2542,3040,4026,5454,5372,2316,173,1835,1501,1261,1281,1413,1627,1818,2208,2589,2865,2761,2611,1644,672,154,19,58708,3157,1
Peru,1956,89107,33136,55775,22639,3353,1468,1700,3348,2555,3051,4077,5625,5529,2441,182,1839,1509,1270,1285,1408,1643,1844,2233,2654,2971,2871,2658,1730,711,163,19,59128,3168,1
Peru,1957,89926,33378,56010,22632,3374,1485,1694,3359,2567,3052,4130,5792,5694,2575,195,1839,1520,1272,1295,1397,1655,1881,2249,2726,3066,3017,2677,1826,749,174,21,59384,3179,2
Peru,1958,90613,33561,56124,22563,3387,1505,1689,3362,2575,3046,4183,5947,5880,2709,208,1834,1528,1270,1305,1385,1661,1923,2260,2795,3152,3183,2697,1920,789,185,23,59511,3194,2
Peru,1959,91067,33632,56065,22433,3387,1523,1686,3345,2576,3029,4227,6091,6089,2825,220,1818,1527,1265,1311,1372,1657,1954,2273,2854,3237,3344,2745,1994,831,195,25,59452,3209,2
Peru,1960,91507,33684,55958,22274,3386,1546,1692,3322,2574,3019,4284,6229,6329,2929,232,1801,1521,1261,1313,1366,1653,1984,2300,2903,3326,3493,2836,2052,877,207,25,59344,3238,2
Peru,1961,91854,33727,55810,22083,3377,1557,1703,3288,2566,3005,4338,6352,6593,3018,250,1781,1507,1257,1309,1362,1643,2004,2334,2937,3415,3629,2964,2093,925,220,30,59187,3260,2
Peru,1962,93192,33828,55903,22075,3491,1653,1785,3348,2641,3067,4478,6538,6919,3105,261,1810,1538,1299,1342,1402,1665,2057,2421,2996,3542,3776,3143,2122,983,231,30,59394,3438,2
Peru,1963,93205,33716,55439,21723,3367,1570,1751,3214,2551,2986,4463,6580,7277,3578,423,1740,1474,1256,1295,1375,1611,2024,2439,2977,3603,3883,3394,2323,1255,368,55,58806,3321,4
Peru,1964,94239,33726,55277,21551,3367,1573,1781,3189,2547,2985,4525,6696,7657,4042,591,1731,1458,1253,1294,1385,1600,2029,2496,3009,3687,4012,3645,2539,1503,507,84,58644,3354,7
Peru,1965,95352,33713,55093,21380,3374,1579,1827,3236,2589,3021,4594,6829,8002,4460,743,1765,1471,1275,1314,1410,1611,2041,2553,3064,3765,4141,3861,2754,1706,632,111,58467,3406,10
Peru,1966,96050,33631,54788,21157,3386,1585,1848,3207,2578,3043,4644,6955,8300,4820,879,1761,1446,1261,1317,1421,1622,2046,2598,3129,3826,4262,4038,2958,1862,742,137,58174,3433,12
Peru,1967,96704,33504,54351,20847,3385,1588,1874,3238,2607,3091,4695,7097,8587,5172,1005,1793,1445,1268,1339,1440,1651,2052,2643,3220,3877,4392,4195,3176,1996,842,163,57736,3462,15
Peru,1968,97230,33214,53675,20461,3386,1597,1904,3290,2645,3160,4756,7265,8877,5534,1125,1839,1451,1280,1365,1465,1695,2065,2691,3333,3932,4530,4347,3406,2128,937,188,57061,3501,17
Peru,1969,97720,32850,52845,19995,3394,1613,1940,3366,2692,3244,4836,7470,9178,5886,1230,1897,1469,1294,1398,1496,1748,2092,2744,3455,4015,4669,4509,3625,2261,1017,213,56239,3553,20
Peru,1970,129242,35123,59806,24683,7141,4480,4073,6588,5356,5712,7294,9916,11021,6535,1299,3681,2907,2652,2704,2735,2977,3286,4008,4755,5161,5677,5344,4102,2433,1069,230,66947,8553,21
Peru,1971,97558,31908,50764,18856,3429,1659,2035,3571,2793,3458,5055,7932,9592,6034,1215,2026,1545,1332,1461,1588,1870,2202,2853,3683,4249,4874,4718,3766,2268,991,224,54193,3694,22
Peru,1972,97915,31422,49697,18275,3386,1641,2057,3629,2803,3528,5163,8202,9943,6505,1330,2060,1569,1331,1472,1619,1909,2267,2896,3788,4414,4997,4946,4009,2496,1081,249,53083,3698,25
Peru,1973,99535,30986,48869,17883,3417,1672,2121,3754,2864,3645,5318,8524,10407,7329,1581,2126,1628,1357,1507,1679,1966,2359,2959,3907,4617,5143,5264,4407,2922,1286,295,52286,3793,30
Peru,1974,100371,30564,48050,17486,3418,1675,2157,3848,2908,3741,5452,8781,10762,7793,1746,2170,1678,1377,1531,1726,2015,2442,3010,3991,4790,5274,5488,4639,3154,1416,330,51468,3832,35
Peru,1975,101028,30157,47263,17106,3396,1664,2181,3930,2951,3820,5567,8967,11062,8255,1926,2206,1724,1400,1551,1762,2058,2507,3060,4049,4918,5400,5662,4867,3388,1557,369,50659,3845,41
Peru,1976,101751,29829,46600,16771,3398,1671,2214,4035,3021,3921,5692,9113,11304,8654,2085,2253,1782,1443,1578,1808,2113,2570,3122,4092,5021,5524,5780,5066,3588,1682,403,49998,3885,46
Peru,1977,102390,29512,45936,16424,3398,1678,2248,4141,3101,4024,5828,9234,11522,9005,2225,2303,1838,1494,1607,1852,2172,2626,3202,4124,5110,5666,5856,5250,3755,1793,432,49334,3926,51
Peru,1978,102988,29130,45168,16038,3396,1690,2288,4262,3197,4149,5994,9358,11763,9325,2342,2364,1898,1557,1640,1901,2248,2690,3304,4161,5197,5833,5930,5426,3899,1883,459,48564,3978,55
Peru,1979,103692,28700,44304,15604,3403,1705,2341,4394,3310,4287,6201,9540,12083,9632,2440,2433,1961,1628,1682,1952,2335,2774,3427,4237,5303,6025,6058,5602,4030,1957,483,47707,4046,58
Peru,1980,104617,28201,43333,15132,3421,1728,2409,4542,3443,4442,6463,9811,12518,9935,2511,2516,2026,1705,1738,2010,2432,2888,3575,4365,5446,6254,6264,5788,4147,2010,501,46754,4137,60
Peru,1981,104507,27645,42275,14630,3452,1760,2492,4708,3591,4627,6785,10164,12800,9498,2291,2611,2097,1786,1805,2076,2551,3037,3748,4549,5615,6453,6347,5633,3865,1824,467,45727,4252,57
Peru,1982,105159,27134,41278,14144,3488,1797,2624,5059,3852,4865,7166,10577,13175,9139,2087,2808,2251,1924,1928,2169,2696,3226,3940,4784,5793,6677,6498,5499,3640,1653,434,44766,4421,54
Peru,1983,106357,26572,40174,13602,3486,1827,2824,5731,4287,5170,7578,10992,13528,8807,1903,3175,2556,2164,2123,2305,2865,3440,4138,5038,5954,6873,6655,5359,3448,1502,401,43660,4651,51
Peru,1984,106924,26001,39054,13053,3404,1802,2979,6377,4706,5419,7914,11299,13711,8474,1743,3522,2855,2392,2314,2424,2995,3615,4299,5236,6063,6977,6734,5207,3267,1374,369,42458,4781,48
Peru,1985,103412,25436,37984,12548,3301,1765,2773,5551,4299,5201,7895,11318,13572,8107,1601,3070,2481,2134,2165,2303,2898,3597,4298,5270,6048,6919,6653,5019,3088,1265,336,41285,4538,46
Peru,1986,100903,24793,36816,12023,3134,1708,2696,5414,4268,5146,7898,11267,13262,7768,1486,2978,2436,2103,2165,2293,2853,3592,4306,5261,6006,6773,6489,4839,2929,1179,307,39950,4404,43
Peru,1987,98164,23989,35423,11434,2921,1637,2628,5408,4311,5112,7855,11132,12825,7480,1390,2951,2457,2122,2189,2308,2804,3563,4292,5195,5937,6546,6279,4692,2788,1110,280,38344,4265,41
Peru,1988,95398,23071,33849,10778,2685,1558,2565,5472,4412,5121,7796,10959,12356,7274,1311,2958,2514,2176,2236,2349,2772,3526,4270,5103,5856,6290,6066,4597,2677,1054,257,36534,4123,38
Peru,1989,93072,21990,32036,10046,2424,1472,2543,5744,4650,5230,7772,10798,11956,7173,1247,3071,2673,2313,2337,2437,2793,3513,4259,5028,5770,6067,5889,4560,2613,1008,239,34460,4015,35
Peru,1990,90251,20840,30158,9318,2196,1402,2435,5603,4703,5315,7720,10643,11653,7179,1200,2957,2646,2336,2367,2488,2827,3494,4226,4972,5671,5886,5767,4583,2596,969,231,32354,3837,36
Peru,1991,89577,19742,28545,8803,2097,1405,2445,5806,5064,5661,7861,10669,11539,7309,1147,3015,2791,2524,2540,2659,3002,3577,4284,5024,5645,5811,5728,4684,2625,936,211,30642,3850,29
Peru,1992,87462,18329,26165,7836,1808,1285,2377,5993,5335,5904,7869,10589,11493,7514,1107,3074,2919,2678,2657,2763,3141,3596,4273,5031,5558,5766,5727,4829,2685,908,199,27973,3662,24
Peru,1993,85921,17078,24174,7096,1654,1229,2286,5923,5519,6153,7925,10610,11581,7775,1073,2991,2932,2772,2747,2854,3299,3638,4287,5085,5525,5803,5778,5006,2769,886,187,25828,3515,20
Peru,1994,84414,15877,22259,6382,1539,1175,2176,5748,5624,6340,7972,10675,11791,8051,1044,2857,2891,2817,2807,2911,3429,3675,4297,5139,5536,5891,5900,5195,2856,870,174,23798,3351,17
Peru,1995,85726,14751,20501,5750,1479,1138,2150,5915,5890,6563,8106,10898,12398,9141,1512,2915,3000,2953,2937,3008,3555,3754,4352,5228,5670,6128,6270,5726,3415,1225,287,21980,3288,42
Peru,1996,86200,13699,18878,5179,1457,1106,2076,5835,5943,6602,8189,11136,13060,10003,1862,2855,2980,2965,2978,3028,3574,3807,4382,5292,5844,6396,6664,6162,3841,1492,370,20335,3182,57
Peru,1997,86702,12735,17433,4698,1481,1098,2030,5799,5977,6591,8270,11405,13751,10672,2126,2825,2974,2967,3010,3039,3552,3864,4406,5345,6060,6674,7077,6505,4167,1695,431,18914,3128,66
Peru,1998,86886,11843,16125,4282,1505,1086,1985,5732,5963,6522,8322,11646,14389,11204,2338,2785,2947,2945,3018,3029,3493,3911,4411,5373,6273,6928,7461,6776,4428,1858,480,17630,3071,72
Peru,1999,86079,10968,14754,3786,1420,1021,1898,5551,5829,6359,8276,11745,14889,11709,2549,2688,2863,2865,2964,2971,3388,3908,4368,5333,6412,7126,7763,7029,4680,2020,529,16174,2919,79
Peru,2000,85368,10088,13434,3346,1332,971,1818,5343,5680,6206,8189,11735,15254,12420,2895,2575,2768,2783,2897,2915,3291,3880,4309,5262,6473,7269,7985,7358,5062,2282,613,14766,2789,93
Peru,2001,85086,9208,12213,3005,1232,920,1744,5137,5534,6078,8065,11625,15516,13455,3446,2461,2676,2709,2825,2864,3214,3825,4240,5164,6461,7361,8155,7814,5641,2693,753,13445,2664,119
Peru,2002,85389,8519,11213,2694,1113,860,1664,4911,5376,5959,7921,11459,15752,14813,4187,2337,2574,2634,2742,2811,3148,3749,4172,5051,6408,7443,8309,8413,6400,3242,945,12326,2524,154
Peru,2003,86463,7949,10370,2421,1007,806,1592,4723,5258,5888,7817,11330,16047,16390,5038,2234,2489,2578,2680,2775,3113,3683,4134,4971,6359,7549,8498,9120,7270,3868,1170,11377,2398,194
Peru,2004,88387,7567,9775,2208,930,769,1538,4591,5185,5874,7788,11306,16462,18033,5895,2153,2438,2542,2643,2762,3112,3647,4141,4954,6352,7693,8769,9876,8157,4486,1409,10705,2307,236
Peru,2005,91200,7207,9236,2029,884,749,1504,4544,5188,5939,7872,11461,17107,19754,6695,2117,2427,2545,2643,2785,3154,3661,4211,5038,6423,7920,9187,10709,9045,5079,1616,10120,2253,265
Peru,2006,94965,6843,8729,1886,865,743,1487,4568,5255,6074,8080,11815,18020,21546,7479,2117,2451,2574,2681,2837,3237,3735,4345,5229,6586,8250,9770,11622,9924,5642,1837,9594,2230,302
Peru,2007,99564,6478,8273,1795,884,766,1503,4681,5396,6279,8383,12315,19129,23355,8254,2165,2516,2636,2760,2924,3355,3856,4527,5508,6807,8648,10481,12560,10795,6184,2070,9157,2269,346
Peru,2008,103531,6066,7719,1653,861,747,1482,4727,5464,6425,8654,12805,20217,25072,8979,2179,2548,2657,2807,2983,3442,3966,4688,5788,7017,9021,11196,13445,11627,6701,2278,8580,2229,379
Peru,2009,107328,5734,7287,1553,861,740,1497,4911,5635,6622,8989,13360,21093,26529,9418,2270,2641,2730,2905,3077,3545,4111,4878,6096,7264,9317,11776,14156,12373,7100,2318,8148,2237,389
Peru,2010,109441,5409,6866,1457,843,709,1466,4851,5606,6665,9190,13726,21592,27657,9882,2242,2609,2695,2911,3100,3565,4196,4994,6287,7439,9477,12115,14662,12995,7502,2380,7709,2175,388
Peru,2011,109563,5110,6464,1354,804,662,1392,4556,5369,6544,9228,13849,21650,28411,10266,2102,2454,2554,2815,3046,3498,4205,5023,6327,7522,9469,12181,14935,13476,7851,2415,7268,2054,363
Peru,2012,109335,4807,6082,1275,767,619,1358,4410,5211,6465,9246,13875,21472,28883,10582,2048,2362,2466,2745,3019,3446,4209,5037,6297,7578,9381,12091,15073,13810,8086,2496,6849,1977,366
Peru,2013,108555,4522,5716,1194,731,584,1329,4271,5054,6390,9241,13845,21172,29142,10713,1997,2274,2383,2671,2990,3400,4198,5043,6235,7610,9258,11914,15136,14006,8172,2541,6447,1913,362
Peru,2014,107754,4271,5389,1118,707,569,1314,4185,4944,6372,9266,13843,20910,29272,10627,1972,2213,2325,2619,2980,3392,4196,5070,6195,7648,9178,11732,15180,14092,8083,2544,6096,1883,352
Peru,2015,106976,4043,5090,1047,705,579,1321,4185,4914,6458,9374,13926,20784,29103,10201,1988,2197,2308,2606,3010,3448,4222,5152,6221,7705,9193,11591,15173,13930,7729,2472,5795,1900,330
Peru,2016,106353,3862,4847,985,726,619,1352,4289,4970,6654,9575,14113,20848,28635,9428,2053,2236,2339,2631,3080,3574,4287,5288,6333,7780,9327,11521,15132,13503,7108,2320,5573,1971,296
Peru,2017,105933,3728,4673,945,755,681,1412,4461,5054,6859,9810,14370,21127,28037,8437,2154,2307,2386,2668,3144,3715,4373,5437,6485,7885,9589,11538,15092,12945,6333,2104,5428,2093,259
Peru,2018,107049,3586,4468,882,745,718,1473,4598,5066,6919,9993,14684,21819,28434,7890,2241,2357,2399,2667,3143,3776,4448,5545,6637,8047,10016,11803,15437,12997,5951,1939,5213,2191,243
Peru,2019,108833,3519,4371,852,698,722,1563,4733,5008,6786,10097,15035,22870,29194,7524,2337,2396,2387,2621,3063,3723,4514,5583,6750,8285,10585,12285,15940,13254,5731,1793,5069,2285,233
Peru,2020,140468,3406,4222,816,512,638,1167,3817,5073,9464,17342,27159,32740,30939,7174,1875,1942,2227,2846,3920,5544,7525,9817,12686,14473,16229,16511,17926,13013,5531,1643,4734,1805,222
Peru,2021,147073,3300,4093,793,510,629,1310,4677,6413,11708,19683,27406,31889,31436,7107,2197,2480,2868,3545,4857,6851,8671,11012,13020,14386,15732,16157,18113,13323,5530,1577,4603,1939,218
Philippines,1950,135868,50278,67803,17525,4320,2587,3420,7342,7458,8893,9178,10121,10379,3965,393,3745,3597,3503,3955,4472,4421,4739,4439,4843,5278,5513,4866,2691,1274,344,49,72123,6007,4
Philippines,1951,142954,53950,72454,18504,4536,2702,3554,7591,7499,9016,9493,10300,10893,4488,420,3934,3657,3560,3939,4497,4519,4866,4627,4931,5369,5686,5207,3119,1369,372,48,76990,6256,5
Philippines,1952,145119,53973,73252,19279,4554,2706,3560,7692,7403,8976,9690,10372,11291,5141,475,4072,3620,3559,3844,4418,4558,4882,4808,4955,5417,5785,5506,3624,1517,418,57,77806,6266,6
Philippines,1953,146850,53960,73517,19557,4501,2683,3544,7811,7340,8940,9902,10459,11660,5927,557,4215,3596,3568,3772,4341,4599,4889,5013,4985,5474,5862,5798,4146,1781,491,66,78018,6227,6
Philippines,1954,148892,53934,73709,19775,4548,2698,3553,7944,7301,8908,10121,10586,11996,6839,685,4333,3611,3571,3730,4279,4629,4916,5205,5055,5531,5933,6063,4626,2213,608,77,78257,6251,5
Philippines,1955,150365,54068,73936,19868,4711,2732,3491,7680,7061,8760,10234,10725,12236,7891,902,4196,3484,3443,3618,4156,4604,4916,5318,5161,5564,5992,6244,5086,2805,794,108,78647,6223,4
Philippines,1956,152172,54099,73726,19627,4845,2724,3499,7751,7016,8709,10324,10900,12375,9049,1247,4224,3527,3419,3597,4098,4611,4936,5388,5322,5578,6048,6327,5551,3498,1082,165,78571,6223,7
Philippines,1957,154012,54064,73366,19302,4962,2733,3508,7826,6980,8660,10403,11105,12450,10221,1780,4239,3587,3393,3587,4053,4607,4971,5432,5527,5578,6101,6349,6006,4215,1522,258,78328,6241,18
Philippines,1958,156498,54205,73256,19051,5073,2770,3525,7932,6993,8656,10514,11347,12517,11311,2577,4267,3665,3393,3600,4040,4616,5023,5491,5770,5577,6163,6354,6449,4862,2163,414,78329,6295,24
Philippines,1959,159469,54398,73235,18837,5183,2840,3552,8055,7039,8703,10665,11618,12589,12240,3704,4309,3746,3418,3621,4058,4645,5097,5568,6004,5614,6214,6375,6799,5441,3041,663,78418,6392,43
Philippines,1960,162838,54612,73170,18558,5341,2969,3605,8191,7118,8785,10834,11906,12640,13012,5179,4373,3818,3464,3654,4099,4686,5211,5623,6166,5740,6218,6422,6941,6071,4130,1049,78511,6574,89
Philippines,1961,162207,54409,72528,18119,5322,3025,3629,8258,7180,8841,11138,12367,12769,12177,4863,4388,3870,3511,3669,4112,4729,5392,5746,6341,6026,6262,6507,6510,5667,3820,1043,77850,6654,111
Philippines,1962,161503,54029,71855,17826,5339,3101,3669,8272,7233,8875,11444,12889,12962,11507,4245,4374,3898,3558,3675,4116,4759,5538,5906,6522,6367,6315,6647,6230,5277,3272,973,77194,6770,113
Philippines,1963,160584,53613,70985,17372,5227,3109,3688,8199,7243,8864,11697,13438,13166,11189,3670,4322,3877,3582,3661,4100,4764,5631,6066,6703,6735,6351,6815,6155,5034,2764,906,76212,6797,109
Philippines,1964,162167,53576,71019,17443,5353,3226,3813,8293,7411,8993,12069,14064,13427,11160,3233,4369,3924,3681,3730,4159,4834,5762,6307,6927,7137,6458,6969,6243,4917,2394,839,76372,7039,103
Philippines,1965,162575,53281,70388,17107,5250,3224,3874,8276,7464,9031,12375,14513,13705,11384,2993,4375,3901,3707,3757,4173,4858,5828,6547,7093,7420,6670,7035,6451,4933,2225,768,75638,7098,98
Philippines,1966,163691,52925,69830,16905,5227,3239,3956,8298,7543,9101,12682,14926,14029,11851,2912,4412,3886,3731,3812,4207,4894,5896,6786,7283,7643,6995,7034,6733,5118,2224,688,75057,7195,93
Philippines,1967,165483,52623,69386,16763,5248,3275,4057,8358,7643,9199,12966,15389,14389,12488,2997,4478,3880,3756,3887,4260,4939,5972,6994,7512,7877,7387,7002,7037,5451,2378,619,74634,7332,89
Philippines,1968,167955,52426,69084,16658,5297,3319,4165,8467,7747,9340,13243,15921,14788,13186,3312,4571,3896,3780,3967,4336,5004,6059,7184,7777,8144,7832,6956,7321,5865,2721,591,74381,7484,81
Philippines,1969,171609,52426,68935,16509,5324,3346,4332,8914,8002,9598,13538,16524,15247,13824,3940,4845,4069,3892,4110,4480,5118,6172,7366,8094,8430,8272,6975,7506,6318,3299,641,74259,7678,81
Philippines,1970,177422,52848,69794,16946,5813,3591,4558,9327,8206,9909,13862,17184,15782,14361,4946,5098,4229,3975,4231,4649,5260,6314,7548,8453,8731,8627,7155,7522,6839,4132,814,75607,8149,91
Philippines,1971,179153,53101,69577,16476,5472,3485,4618,9567,8324,10155,14190,17928,16378,13868,5495,5246,4321,4024,4300,4770,5385,6443,7747,8827,9101,8950,7428,7123,6745,4449,1046,75049,8103,95
Philippines,1972,184886,53730,70700,16970,5666,3662,4942,10367,8837,10696,14804,18975,17255,13115,5759,5708,4659,4282,4555,5030,5666,6698,8106,9332,9643,9437,7818,6736,6379,4366,1393,76366,8604,101
Philippines,1973,191489,54044,71483,17439,5852,3844,5328,11400,9482,11328,15482,20099,18323,12555,6164,6297,5103,4607,4875,5340,5988,7001,8481,9852,10247,10024,8299,6509,6046,4293,1871,77335,9172,146
Philippines,1974,196151,54504,72028,17524,5884,3917,5495,11808,9745,11707,15960,21079,19444,12104,6675,6532,5276,4725,5020,5516,6191,7226,8734,10273,10806,10621,8823,6389,5715,4275,2400,77912,9412,304
Philippines,1975,201345,54981,72538,17557,5941,3966,5677,12243,10020,12112,16447,22065,20689,11793,7231,6772,5471,4846,5174,5715,6397,7486,8961,10693,11372,11258,9431,6360,5433,4312,2919,78479,9643,622
Philippines,1976,205946,56254,74199,17945,6267,4208,5810,12435,10177,12423,16878,23059,22134,11487,6127,6851,5584,4928,5249,5848,6575,7710,9168,11137,11922,11946,10188,6514,4973,3662,2465,80466,10018,739
Philippines,1977,205832,57812,75413,17601,5826,3850,5469,12177,9984,12311,16895,23739,23424,11497,4601,6642,5535,4856,5128,5769,6542,7717,9178,11378,12361,12446,10978,6923,4574,2870,1731,81239,9319,642
Philippines,1978,211702,59385,77470,18085,5941,3904,5568,12808,10398,12668,17305,24751,24946,11985,3469,6914,5894,5116,5282,5958,6710,7946,9359,11725,13026,12954,11992,7561,4424,2289,1180,83411,9472,490
Philippines,1979,215787,60094,78412,18318,5962,3903,5512,12921,10606,12891,17632,25675,26434,12869,2632,6889,6032,5259,5347,6082,6809,8135,9497,11953,13722,13381,13053,8362,4507,1886,746,84374,9415,336
Philippines,1980,220099,60147,78553,18406,6051,3934,5501,13118,10940,13165,17988,26510,27869,14212,2066,6909,6209,5472,5468,6229,6936,8324,9664,12098,14412,13880,13989,9376,4836,1676,390,84604,9435,191
Philippines,1981,224730,60224,78710,18486,6240,4046,5660,13550,11401,13577,18454,26935,28779,15301,1980,7111,6439,5756,5645,6402,7175,8525,9929,12133,14802,14512,14267,10301,5000,1706,274,84950,9706,104
Philippines,1982,227256,60682,78949,18267,6211,4062,5691,13508,11560,13815,18830,26978,29390,16162,2035,7098,6410,5859,5701,6447,7368,8655,10175,12115,14863,15202,14188,11080,5082,1763,272,85160,9753,66
Philippines,1983,230077,60946,78990,18044,6182,4083,5759,13645,11821,14087,19267,26998,30056,17062,2084,7192,6453,6005,5816,6506,7581,8815,10452,12172,14826,15888,14168,11752,5310,1804,280,85172,9842,47
Philippines,1984,233243,60669,78757,18088,6431,4227,5881,13811,12096,14357,19753,27058,30766,17934,2136,7303,6508,6137,5959,6568,7789,9009,10744,12303,14755,16438,14328,12206,5728,1836,300,85188,10108,37
Philippines,1985,233379,59533,76950,17417,6151,4112,5878,13857,12264,14507,20179,27131,31424,18696,2204,7333,6524,6190,6074,6587,7920,9195,10984,12465,14666,16711,14713,12375,6321,1877,327,83101,9990,30
Philippines,1986,235877,58404,75490,17086,6157,4125,6067,14440,12727,14824,20758,27439,32119,19375,2325,7645,6795,6389,6338,6719,8105,9477,11281,12740,14699,16780,15339,12349,7026,1963,362,81647,10192,28
Philippines,1987,233063,57263,73247,15984,5954,4008,5858,13720,12333,14583,20911,27511,32439,19919,2545,7261,6459,6106,6227,6580,8003,9546,11365,12876,14635,16528,15911,12207,7712,2143,402,79201,9866,34
Philippines,1988,230425,55736,70560,14824,5701,3874,5696,13208,12020,14425,21144,27738,32645,20432,2945,6986,6222,5881,6139,6509,7916,9655,11489,13091,14647,16268,16377,12166,8266,2486,459,76261,9570,37
Philippines,1989,227292,53351,66981,13630,5399,3726,5557,12952,11829,14323,21396,28027,32606,20881,3570,6859,6093,5752,6077,6494,7829,9758,11638,13344,14683,16055,16551,12328,8553,3031,539,72380,9283,46
Philippines,1990,226902,51946,64804,12858,5342,3741,5518,12865,11781,14380,21780,28508,32421,21303,4400,6836,6029,5715,6066,6574,7806,9905,11875,13692,14816,16017,16404,12748,8555,3742,658,70146,9259,66
Philippines,1991,227199,50984,63362,12378,5524,3801,5474,12822,11729,14447,22052,29014,32500,21670,4718,6853,5969,5690,6039,6666,7781,9974,12078,13990,15024,16250,16250,13381,8289,4014,704,68886,9275,80
Philippines,1992,221523,48614,59458,10844,4682,3351,5121,12255,11360,14304,22015,29305,32628,22216,4735,6547,5708,5490,5870,6608,7696,9848,12167,14084,15221,16445,16183,13983,8233,4011,724,64140,8472,93
Philippines,1993,219469,46560,56808,10248,4539,3248,4980,11824,11121,14347,22112,29739,32861,22978,4821,6294,5530,5343,5778,6602,7745,9769,12343,14224,15515,16619,16242,14457,8521,4020,801,61347,8228,93
Philippines,1994,218465,44865,54567,9702,4372,3127,4876,11445,10937,14473,22244,30282,33184,23844,5023,6055,5390,5216,5721,6618,7855,9732,12512,14451,15831,16807,16377,14747,9097,4096,927,58939,8003,89
Philippines,1995,219717,43875,53280,9405,4362,3086,4860,11254,10877,14731,22471,30937,33648,24682,5441,5920,5334,5162,5715,6701,8030,9797,12674,14799,16138,17077,16571,14854,9828,4341,1100,57642,7946,92
Philippines,1996,220410,42544,51394,8850,4153,2960,4795,11092,10836,15034,22753,31733,34406,25272,5869,5820,5272,5133,5703,6797,8237,9941,12812,15240,16493,17474,16932,14877,10395,4630,1239,55547,7755,108
Philippines,1997,223170,41746,50342,8596,4104,2928,4786,11086,10886,15439,23248,32827,35646,25802,5946,5826,5260,5155,5731,6924,8515,10207,13041,15749,17078,18030,17616,15050,10752,4739,1207,54446,7714,131
Philippines,1998,227028,41190,49611,8421,4111,2936,4777,11053,10928,15838,23813,33955,36919,26606,6340,5831,5222,5166,5762,7041,8797,10536,13277,16253,17702,18623,18296,15392,11214,5104,1236,53722,7713,141
Philippines,1999,231578,40619,48809,8190,4041,2915,4760,11091,11021,16267,24472,35138,38220,27580,7122,5880,5211,5202,5819,7170,9097,10930,13542,16768,18370,19288,18932,15907,11673,5712,1410,52850,7675,143
Philippines,2000,237808,39917,47972,8055,4054,2957,4835,11448,11316,16814,25295,36400,39563,28680,8322,6100,5348,5349,5967,7374,9440,11430,13865,17316,19084,20023,19540,16620,12060,6519,1803,52026,7792,152
Philippines,2001,240449,39947,47737,7790,3985,2941,4749,11299,11234,17041,25937,37317,40587,29065,8386,6046,5253,5309,5925,7431,9610,11838,14099,17618,19699,20635,19952,17197,11868,6446,1940,51722,7690,170
Philippines,2002,241952,39408,47050,7642,3927,2930,4702,11218,11205,17278,26645,38104,41510,29381,7816,6007,5211,5294,5911,7484,9794,12218,14427,17773,20331,21177,20333,17675,11706,6007,1809,50977,7632,184
Philippines,2003,244608,38852,46310,7458,3877,2929,4730,11410,11358,17605,27488,38846,42503,29923,7428,6089,5321,5360,5998,7579,10026,12600,14888,17905,20941,21711,20792,18092,11831,5780,1648,50187,7659,201
Philippines,2004,247204,38264,45693,7429,3984,2996,4737,11286,11305,17805,28374,39472,43532,30525,7262,5975,5311,5284,6021,7600,10205,12946,15428,18037,21435,22241,21291,18386,12139,5779,1483,49677,7733,232
Philippines,2005,249428,37603,44661,7058,3777,2900,4738,11264,11317,18022,29371,40020,44578,31135,7417,5902,5362,5237,6080,7632,10390,13300,16071,18216,21804,22784,21794,18512,12623,6021,1396,48438,7638,226
Philippines,2006,254379,37591,44718,7127,3958,3014,4872,11344,11467,18343,30445,40616,45698,31743,7969,5908,5436,5263,6204,7738,10605,13701,16744,18549,22067,23441,22257,18554,13189,6510,1459,48676,7886,191
Philippines,2007,257347,37195,43984,6789,3701,2883,4875,11272,11506,18544,31356,41165,46711,32332,8882,5865,5407,5256,6250,7821,10723,14064,17292,18974,22191,24102,22609,18649,13683,7132,1750,47685,7758,139
Philippines,2008,262239,37071,43867,6796,3716,2898,4949,11343,11635,18918,32449,42187,47950,32917,9291,5925,5418,5337,6298,7996,10922,14472,17977,19695,22492,24823,23127,18995,13922,7234,2057,47583,7847,118
Philippines,2009,268070,37042,43842,6800,3720,2881,4992,11574,11844,19419,33730,43739,49643,33532,9027,6090,5484,5496,6348,8207,11212,14919,18811,20789,22950,25683,23960,19644,13888,7021,2006,47562,7873,129
Philippines,2010,272980,36313,42962,6649,3618,2797,4955,11605,11919,19825,34931,45390,51347,34249,9254,6145,5460,5567,6352,8367,11458,15347,19584,21970,23420,26426,24921,20295,13954,7281,1973,46580,7752,127
Philippines,2011,278093,35192,41909,6717,3749,2859,4992,11751,12047,20246,36090,47164,53007,34956,9188,6259,5492,5655,6392,8554,11692,15764,20326,23111,24053,27056,25951,20957,13999,7216,1972,45658,7851,134
Philippines,2012,283785,35380,42023,6643,3761,2876,4996,11922,12168,20618,37167,49046,54451,35737,8845,6377,5545,5717,6451,8696,11922,16137,21030,24177,24869,27535,26916,21673,14064,6966,1879,45784,7872,177
Philippines,2013,291720,35589,42625,7036,4211,3109,5112,12186,12394,21058,38308,51235,55784,36753,8745,6522,5664,5801,6593,8832,12226,16548,21760,25265,25970,27963,27821,22405,14348,6953,1792,46836,8221,202
Philippines,2014,294298,34732,40968,6236,3565,2777,4944,12163,12387,21197,39072,53378,56802,37878,8972,6477,5686,5750,6637,8798,12399,16801,22271,26246,27132,28303,28499,23097,14781,7173,1799,44533,7721,197
Philippines,2015,300149,34064,40175,6111,3532,2750,4962,12284,12537,21505,39955,55824,57792,39090,9574,6514,5770,5778,6759,8852,12653,17151,22804,27366,28458,28762,29030,23788,15302,7592,1982,43707,7712,170
Philippines,2016,305717,33561,39538,5977,3483,2727,5002,12535,12723,21908,41062,58880,59384,39422,8887,6621,5914,5850,6873,8951,12957,17585,23477,28588,30292,29675,29709,24296,15126,6967,1920,43021,7729,164
Philippines,2017,312052,33318,39172,5854,3444,2725,5026,12750,12884,22301,42195,61878,61236,39995,8270,6694,6056,5927,6957,9069,13232,18019,24176,29705,32173,30879,30357,24912,15083,6456,1814,42616,7751,170
Philippines,2018,317740,32961,38693,5732,3401,2722,4971,12599,12818,22498,43231,64692,63454,40702,7776,6584,6015,5896,6922,9128,13370,18395,24836,30711,33981,32468,30986,25585,15117,6093,1683,42094,7693,178
Philippines,2019,323366,32484,38110,5626,3348,2708,4895,12389,12695,22589,44163,67333,66042,41492,7421,6459,5930,5854,6841,9174,13415,18722,25441,31607,35726,34378,31664,26237,15255,5877,1544,41458,7603,181
Philippines,2020,327470,31677,37006,5329,3203,2624,4747,12138,12450,22442,44783,69585,68799,42334,7172,6329,5809,5762,6688,9125,13317,18917,25866,32293,37292,36399,32400,26828,15506,5759,1413,40209,7371,179
Philippines,2021,444321,30836,35961,5125,3114,2621,5319,14407,17446,31985,62139,100966,97611,62944,9610,7181,7226,7916,9530,13312,18673,26590,35549,45907,55059,52737,44874,37490,25454,7997,1613,39075,7940,195
Poland,1950,155106,46531,53061,6530,1808,1792,2868,8177,6259,11547,15832,19830,20483,11824,1616,4443,3734,2542,3717,5261,6286,7530,8302,9378,10452,10395,10088,7644,4180,1388,228,54869,4660,5
Poland,1951,153934,45021,51864,6843,1750,1644,2709,7970,5963,11511,16315,20343,20581,11768,1503,4223,3747,2540,3423,5134,6377,7773,8542,9552,10791,10591,9990,7668,4100,1322,181,53614,4353,12
Poland,1952,153345,42118,48518,6400,1730,1377,2497,7785,5988,12105,17400,21942,21145,11515,1333,4109,3676,2737,3251,5370,6735,8299,9101,10460,11482,11071,10074,7638,3877,1173,160,50248,3874,11
Poland,1953,145086,39689,45519,5830,1524,1274,2111,6083,4724,10169,16876,21082,21517,12673,1521,3222,2861,2419,2305,4296,5873,7760,9116,9675,11407,11326,10191,8334,4339,1343,178,47043,3385,10
Poland,1954,148792,38064,43266,5202,1700,1145,1868,5712,4810,10097,17628,22789,23781,14374,1618,2907,2805,2669,2141,4100,5997,8018,9610,9394,13395,12605,11176,9490,4884,1459,159,44966,3013,4
Poland,1955,142101,38973,44078,5105,1741,922,1777,5609,4933,10064,17957,21954,21338,10721,1003,2674,2935,2758,2175,3926,6138,8203,9754,10175,11779,12088,9250,7278,3443,914,89,45819,2699,2
Poland,1956,132999,32842,36628,3786,1505,831,1557,5239,4796,9131,17649,22498,21387,10751,1027,2451,2788,2655,2141,3467,5664,7959,9690,10555,11943,11733,9654,7220,3531,939,88,38133,2388,2
Poland,1957,142903,35183,39316,4133,1659,856,1617,5444,5326,9222,18724,25222,23145,11293,1075,2509,2935,2874,2452,3425,5797,8128,10596,12035,13187,12816,10329,7506,3787,989,86,40975,2473,2
Poland,1958,124951,30856,34372,3516,1348,806,1325,4888,5181,7788,16916,21336,20174,9816,998,2276,2612,2723,2458,2610,5178,7422,9494,10757,10579,10940,9234,6691,3125,861,137,35720,2131,5
Poland,1959,131075,29478,33003,3525,1353,939,1346,4907,5591,7527,18239,23508,22473,11028,1153,2286,2621,2748,2843,2493,5034,7799,10440,11720,11788,12134,10339,7342,3686,995,158,34356,2285,6
Poland,1960,117128,21582,24129,2547,1180,886,1147,4363,5426,7125,17628,22939,20994,10232,1069,2016,2347,2700,2726,2465,4660,7624,10004,11497,11442,11413,9581,6921,3311,913,156,25309,2033,9
Poland,1961,118923,19174,21679,2505,1210,994,1139,4763,5788,6886,18068,24396,22372,10461,1154,2157,2606,2955,2833,2543,4343,7709,10359,12247,12149,11954,10418,6925,3536,989,165,22889,2133,12
Poland,1962,124448,18623,20818,2195,1147,988,1266,4474,6142,6944,18566,26727,24082,11965,1309,2030,2444,3022,3120,2876,4068,7788,10778,13190,13537,12763,11319,7890,4075,1131,178,21965,2254,15
Poland,1963,120209,16412,18550,2138,1092,977,1351,4254,6022,6995,18289,27069,23095,11261,1245,1902,2352,2854,3168,3296,3699,7459,10830,13196,13873,12070,11025,7573,3688,1081,164,19642,2328,14
Poland,1964,122067,15065,16799,1734,967,869,1260,3791,5759,6664,18048,29211,25270,12074,1340,1673,2118,2701,3058,3471,3193,7250,10798,14322,14889,13368,11902,7992,4082,1166,174,17766,2129,17
Poland,1965,120540,12870,14489,1619,924,783,1346,3625,5831,7041,17795,29468,25661,12054,1503,1586,2039,2577,3254,3620,3421,6739,11056,14151,15317,13757,11904,8011,4043,1310,193,15413,2129,19
Poland,1966,121385,11572,13080,1508,940,817,1604,3626,5880,7413,17458,30506,26327,12208,1504,1604,2022,2474,3406,3836,3577,6364,11094,14609,15897,14100,12227,8224,3984,1292,212,14020,2421,19
Poland,1967,129208,11172,12604,1432,883,867,1647,3695,6118,8361,17659,32862,29014,13726,1743,1744,1951,2561,3557,4110,4251,6102,11557,15436,17426,16105,12909,9251,4475,1471,272,13487,2514,24
Poland,1968,128798,9864,11155,1291,894,819,1725,4002,5986,9116,16831,33760,29259,13507,1722,2073,1929,2435,3551,4362,4754,5456,11375,15611,18149,16604,12655,9143,4364,1445,277,12049,2544,25
Poland,1969,138929,10496,11723,1227,803,745,1745,3986,6086,10090,17082,36833,32944,15026,1834,2181,1805,2535,3551,4638,5452,5315,11767,16990,19843,18700,14244,10144,4882,1535,299,12526,2490,31
Poland,1970,142076,11954,13168,1214,743,820,1753,4145,5882,10429,16407,36954,34643,15173,1920,2329,1816,2407,3475,4764,5665,5403,11004,17032,19922,19561,15082,10145,5028,1620,300,13911,2573,37
Poland,1971,153264,11045,12298,1253,751,792,1887,4687,6119,11497,16607,40354,39677,16597,1953,2778,1909,2514,3605,5250,6247,6120,10487,18095,22259,22258,17419,11257,5340,1631,322,13049,2679,41
Poland,1972,141742,10855,11959,1104,740,721,1808,4735,5757,11211,15352,36446,35689,15380,1897,2804,1931,2374,3383,5023,6188,6492,8860,16287,20159,19949,15740,10067,5313,1572,325,12699,2529,42
Poland,1973,149180,10571,11686,1115,654,665,1811,4957,5723,11887,16001,37705,39571,16315,2157,2774,2183,2285,3438,5251,6636,7657,8344,16362,21343,21993,17578,10851,5464,1801,356,12340,2476,47
Poland,1974,147795,10086,11147,1061,586,564,1603,4878,5370,11748,15872,37140,40077,16683,2080,2559,2319,2159,3211,5009,6739,8220,7652,15917,21223,22297,17780,11010,5673,1757,323,11733,2167,43
Poland,1975,159272,10953,12097,1144,676,621,1773,5693,5715,12995,17330,38114,43584,18391,2228,3030,2663,2234,3481,5260,7735,9112,8218,15750,22364,23688,19896,12165,6226,1870,358,12773,2394,50
Poland,1976,165043,11000,12076,1076,590,552,1721,5938,6108,13814,19202,38022,45350,19257,2359,2990,2948,2425,3683,5460,8354,10005,9197,14899,23123,24623,20727,12869,6388,1978,381,12666,2273,52
Poland,1977,170784,11050,12160,1110,658,539,1644,6472,6334,14634,21445,36896,47522,19995,2429,3206,3266,2663,3671,5711,8923,10734,10711,13778,23118,25724,21798,13640,6355,2051,378,12818,2183,53
Poland,1978,177952,10622,11818,1196,676,537,1542,6490,6685,15201,23542,35976,51038,21815,2577,3107,3383,3113,3572,5831,9370,11278,12264,12593,23383,27476,23562,14970,6845,2183,394,12494,2079,53
Poland,1979,176031,10328,11425,1097,659,579,1456,6509,6682,14558,24944,34150,50652,22045,2332,3081,3428,3191,3491,5594,8964,11518,13426,11713,22437,26684,23968,14873,7172,1995,337,12084,2035,40
Poland,1980,190694,10174,11357,1183,694,522,1468,6728,7244,15755,27792,35754,55545,24838,2940,3090,3638,3660,3584,6216,9539,12992,14800,12758,22996,29097,26448,17221,7617,2459,481,12051,1990,60
Poland,1981,178400,9715,10817,1102,717,571,1505,6015,6562,13295,27120,33144,52108,23740,2748,2770,3245,3452,3110,5244,8051,12334,14786,13294,19850,27437,24671,16243,7497,2308,440,11534,2076,55
Poland,1982,180261,9923,10924,1001,783,543,1338,5959,6897,12751,27665,32762,52603,25259,2722,2669,3290,3584,3313,4915,7836,12580,15085,14578,18184,27081,25522,17573,7686,2285,437,11707,1881,56
Poland,1983,187241,9658,10682,1024,668,547,1379,5912,7552,13303,28707,33396,54609,27366,3047,2552,3360,3915,3637,5051,8252,12845,15862,17041,16355,27415,27194,18698,8668,2537,510,11350,1926,65
Poland,1984,194088,9085,10100,1015,636,528,1206,5438,8323,13824,30900,34666,55250,29687,3457,2209,3229,4026,4297,5232,8592,13651,17249,18955,15711,27248,28002,20333,9354,2856,601,10736,1734,78
Poland,1985,203162,8342,9337,995,587,535,1157,5193,8995,13951,32085,37551,57540,32433,3710,2128,3065,4125,4870,5110,8841,13757,18328,20600,16951,27367,30173,22132,10301,3078,632,9924,1692,82
Poland,1986,200995,7562,8532,970,607,558,1200,4790,9159,13639,32336,39924,54465,32012,3692,2000,2790,4065,5094,5011,8628,13423,18913,21548,18376,24865,29600,21538,10474,3053,639,9139,1758,83
Poland,1987,201888,7306,8243,937,553,506,1183,4484,9264,13776,32566,42352,52258,32820,3796,1842,2642,3958,5306,5357,8419,13110,19456,22165,20187,22686,29572,22033,10787,3159,637,8796,1689,88
Poland,1988,198956,6952,7801,849,597,495,1208,4182,9436,13742,32039,44197,48593,32783,3798,1672,2510,4038,5398,5906,7836,12679,19360,22303,21894,20136,28457,21875,10908,3178,620,8398,1703,89
Poland,1989,205223,6350,7181,831,627,577,1430,4653,10180,14840,32578,48079,46783,34159,4033,2006,2647,4219,5961,6846,7994,13121,19457,23487,24592,18648,28135,22618,11541,3366,667,7808,2007,103
Poland,1990,210475,5968,6805,837,565,577,1493,4676,10792,15784,32543,50446,46826,35549,4303,2126,2550,4453,6339,7807,7977,13197,19346,24671,25775,19550,27276,23622,11927,3599,704,7370,2070,114
Poland,1991,218949,5648,6348,700,517,602,1537,4758,11096,17764,33568,53658,47232,36981,4772,2228,2530,4282,6814,9097,8667,13838,19730,26279,27379,21641,25591,24374,12607,4050,722,6865,2139,116
Poland,1992,212032,4991,5653,662,478,565,1572,4406,10385,18302,31443,52901,45236,36208,4782,2065,2341,3956,6429,9288,9014,12741,18702,25640,27261,22977,22259,23528,12680,4048,734,6131,2137,104
Poland,1993,207994,4428,4998,570,436,491,1443,3891,9275,17595,29252,52453,45775,37254,5031,1824,2067,3357,5918,8636,8959,11574,17678,24950,27503,25477,20298,23750,13504,4269,762,5434,1934,101
Poland,1994,204789,3946,4511,565,418,514,1559,4007,9272,18644,27866,51026,45385,36157,5319,1985,2022,3295,5977,8708,9936,10975,16891,23818,27208,26859,18526,22782,13375,4536,783,4929,2073,111
Poland,1995,205834,3170,3662,492,406,510,1501,3986,9076,20526,27729,51155,46479,35307,5409,1931,2055,3090,5986,9229,11297,10837,16892,23445,27710,27361,19118,21729,13578,4621,788,4068,2011,90
Poland,1996,203702,2925,3390,465,382,467,1396,3810,7988,19950,26817,50474,48975,34212,5748,1957,1853,2754,5234,8614,11336,10680,16137,22418,28056,28363,20612,20055,14157,4853,895,3772,1863,91
Poland,1997,202088,2261,2662,401,333,461,1483,4150,7841,20832,26598,50261,49993,31757,5630,2068,2082,2724,5117,8771,12061,11322,15276,21752,28509,28173,21820,17946,13811,4778,852,2995,1944,85
Poland,1998,199774,2078,2418,340,316,429,1473,4048,7278,20433,26897,49146,52072,29205,5970,2097,1951,2500,4778,8485,11948,12284,14613,21064,28082,28318,23754,15596,13609,5079,891,2734,1902,86
Poland,1999,204078,1861,2231,370,312,417,1459,4221,6885,20843,27676,49237,55368,29149,6195,2140,2081,2518,4367,8509,12334,13525,14151,21056,28181,29324,26044,14862,14287,5229,966,2543,1876,89
Poland,2000,195589,1711,2006,295,263,355,1258,3869,6150,19268,26751,45557,55405,28232,6381,1959,1910,2279,3871,7674,11594,14024,12727,19596,25961,29321,26084,15206,13026,5389,992,2269,1613,95
Poland,2001,192920,1570,1850,280,256,326,1181,3767,5749,18508,27472,43655,55002,28225,6806,1870,1897,2204,3545,7001,11507,14709,12763,18710,24945,28807,26195,16117,12108,5697,1109,2106,1507,120
Poland,2002,191733,1482,1755,273,238,361,1237,3869,5494,17614,28488,41409,55376,28769,7002,1903,1966,2252,3242,6560,11054,15064,13424,17818,23591,29144,26232,17634,11135,5829,1173,1993,1598,121
Poland,2003,194160,1389,1627,238,221,311,1041,3719,5415,17034,29905,40355,56323,30536,7531,1846,1873,2188,3227,6133,10901,15038,14867,16930,23425,29157,27166,19991,10545,6176,1355,1848,1352,142
Poland,2004,194908,1368,1582,214,199,273,968,3833,5515,17067,32505,39160,55246,30831,7575,1845,1988,2279,3236,5770,11297,15876,16629,16452,22708,28353,26893,21261,9570,6143,1432,1781,1241,152
Poland,2005,196959,1305,1516,211,163,268,1032,3837,5538,16776,34449,38177,55262,32271,7508,1873,1964,2293,3245,5569,11207,16181,18268,15774,22403,27279,27983,21732,10539,6009,1499,1679,1300,158
Poland,2006,198638,1287,1502,215,185,276,963,3680,5524,16269,36605,37709,54783,33909,7058,1814,1866,2261,3263,5420,10849,16646,19959,16090,21619,26223,28560,22600,11309,5502,1556,1687,1239,172
Poland,2007,202495,1291,1504,213,147,262,1015,3683,5728,15726,37408,38338,55396,36213,6874,1778,1905,2485,3243,5344,10382,16708,20700,17542,20796,26206,29190,23384,12829,5234,1640,1651,1277,200
Poland,2008,202571,1295,1520,225,151,211,991,3723,5761,14760,37056,38824,54147,38463,6742,1701,2022,2520,3241,5029,9731,16342,20714,19033,19791,25005,29142,24046,14417,5020,1722,1671,1202,222
Poland,2009,204083,1260,1433,173,146,203,951,3562,5696,13208,36326,40301,53761,41423,6821,1700,1862,2454,3242,4732,8476,15469,20857,21071,19230,24884,28877,25358,16065,4976,1845,1579,1154,250
Poland,2010,200079,1162,1337,175,124,184,832,3423,5446,12275,35483,40292,51867,41323,7237,1574,1849,2314,3132,4558,7717,14778,20705,22120,18172,24070,27797,25317,16006,5506,1731,1461,1016,252
Poland,2011,198419,1034,1221,187,129,164,777,3387,5658,11717,34274,41604,49200,42683,7351,1531,1856,2371,3287,4476,7241,13906,20368,23346,18258,22732,26468,25967,16716,5830,1521,1350,941,255
Poland,2012,202348,1018,1213,195,123,153,756,3175,5479,11285,33488,44683,48620,44738,8358,1376,1799,2254,3225,4336,6949,13248,20240,24775,19908,22196,26424,27073,17665,6851,1507,1336,909,267
Poland,2013,202153,966,1134,168,104,162,733,2987,5264,10639,31766,46959,47378,45554,9202,1341,1646,2184,3080,4294,6345,11921,19845,24878,22081,21296,26082,27208,18346,7777,1425,1238,895,271
Poland,2014,196217,914,1053,139,100,122,608,2833,5208,10088,29151,47230,45176,44854,9516,1269,1564,2195,3013,4212,5876,10581,18570,24033,23197,20245,24931,26267,18587,8073,1443,1153,730,281
Poland,2015,204861,857,1006,149,100,148,566,2745,5270,10149,28846,51697,45549,47660,10842,1185,1560,2179,3091,4135,6014,10309,18537,25283,26414,20181,25368,27015,20645,9104,1738,1106,714,282
Poland,2016,202528,912,1051,139,111,123,491,2528,5298,10230,27355,52939,44447,46551,11159,1069,1459,2226,3072,4189,6041,9701,17654,25006,27933,20128,24319,25760,20791,9283,1876,1162,614,246
Poland,2017,208150,942,1083,141,95,116,465,2464,5294,10328,26151,54050,46223,49253,12379,991,1473,2237,3057,4329,5999,9307,16844,25125,28925,22117,24106,26426,22827,10179,2200,1178,581,246
Poland,2018,214133,858,989,131,105,144,466,2438,5433,10920,25103,56147,49009,49699,13450,983,1455,2211,3222,4730,6190,9044,16059,25461,30686,25188,23821,26501,23198,10956,2494,1094,610,232
Poland,2019,212014,767,901,134,98,120,454,2343,5595,10615,23788,56223,49574,48016,14042,914,1429,2293,3302,4512,6103,8834,14954,25051,31172,27202,22372,25609,22407,11359,2683,999,574,244
Poland,2020,246625,714,843,129,91,92,367,2135,5429,11688,23207,61901,63374,59232,17937,854,1281,2042,3387,4875,6813,9140,14067,25515,36386,37950,25424,30713,28519,14605,3332,934,459,327
Poland,2021,261969,673,795,122,86,91,315,1751,5007,12121,22643,65036,75231,59444,19074,667,1084,1736,3271,4874,7247,9165,13478,24996,40040,45475,29756,30684,28760,15444,3630,881,406,375
Portugal,1950,53030,11101,16085,4984,874,558,955,2977,2599,3647,4575,6935,8697,4494,614,1520,1457,1142,1457,1693,1954,2086,2489,3204,3731,4596,4101,3028,1466,485,129,16959,1513,17
Portugal,1951,53496,10336,15025,4689,820,528,845,2775,2528,3741,4997,7377,9439,4762,640,1413,1362,1150,1378,1781,1960,2323,2674,3372,4005,4841,4598,3161,1601,520,120,15845,1373,18
Portugal,1952,51048,11074,16182,5108,766,450,676,2081,2130,3253,4593,6955,8762,4560,621,1018,1063,970,1160,1460,1793,2066,2527,3156,3799,4432,4330,3011,1549,516,105,16948,1126,15
Portugal,1953,49248,10748,15469,4721,738,399,544,1624,1707,2874,4504,7025,8871,4859,627,819,805,775,932,1287,1587,1983,2521,3192,3833,4454,4417,3275,1584,515,112,16207,943,13
Portugal,1954,48211,9364,13029,3665,676,362,543,1646,1866,3067,4640,7251,9520,4956,646,758,888,873,993,1382,1685,2108,2532,3272,3979,4694,4826,3343,1613,524,122,13705,905,13
Portugal,1955,50493,10442,14287,3845,634,340,529,1577,1921,3310,4884,7549,9666,5183,603,714,863,934,987,1467,1843,2213,2671,3391,4158,4715,4951,3467,1716,500,103,14921,869,9
Portugal,1956,53662,9816,13428,3612,676,357,472,1519,1990,3396,5459,8328,11058,6254,712,674,845,950,1040,1462,1934,2429,3030,3719,4609,5447,5611,4230,2024,587,125,14104,829,11
Portugal,1957,51814,10453,14495,4042,656,383,495,1567,1858,3157,5327,7776,10090,5428,575,711,856,876,982,1307,1850,2407,2920,3472,4304,5070,5020,3674,1754,477,98,15151,878,9
Portugal,1958,46904,9989,13195,3206,529,372,425,1217,1735,2913,4689,7149,9175,4943,549,574,643,825,910,1223,1690,2067,2622,3156,3993,4615,4560,3372,1571,461,88,13724,797,8
Portugal,1959,49949,10529,14119,3590,574,385,440,1357,1834,2749,4829,7587,9956,5483,630,621,736,851,983,1079,1670,2150,2679,3379,4208,4967,4989,3647,1836,535,95,14693,825,8
Portugal,1960,48766,9608,12270,2662,511,338,426,1218,1752,2776,4979,7629,10222,6060,579,571,647,783,969,1110,1666,2156,2823,3446,4183,5179,5043,4066,1994,501,78,12781,764,8
Portugal,1961,50843,10758,14324,3566,594,356,470,1217,1810,2607,5125,7820,10195,5738,574,559,658,830,980,1053,1554,2233,2892,3594,4226,5030,5165,3823,1915,496,78,14918,826,8
Portugal,1962,49705,9616,12402,2786,609,318,456,1193,1790,2785,5118,8096,10232,6092,604,500,693,808,982,1152,1633,2277,2841,3734,4362,5110,5122,4091,2001,531,73,13011,774,7
Portugal,1963,50085,8472,11000,2528,577,334,470,1062,1776,2677,5350,8366,11176,6599,691,469,593,814,962,1129,1548,2310,3040,3784,4582,5689,5487,4385,2214,606,85,11577,804,7
Portugal,1964,49504,8299,10788,2489,556,338,526,1131,1692,2835,5536,8260,10982,6204,649,469,662,709,983,1291,1544,2375,3161,3836,4424,5468,5514,4061,2143,571,78,11344,864,7
Portugal,1965,48881,7545,9551,2006,483,291,455,1020,1693,2776,5568,8652,11150,6499,738,485,535,727,966,1262,1514,2356,3212,3996,4656,5478,5672,4275,2224,650,88,10034,746,8
Portugal,1966,51438,7451,9339,1888,448,316,495,1039,1726,2912,6095,9494,11865,6927,772,485,554,735,991,1309,1603,2521,3574,4397,5097,5762,6103,4570,2357,680,92,9787,811,8
Portugal,1967,49300,6749,8330,1581,494,291,490,1051,1737,2966,5785,9243,11440,6699,772,502,549,786,951,1357,1609,2427,3358,4231,5012,5687,5753,4453,2246,679,93,8824,781,7
Portugal,1968,48447,6692,8172,1480,412,274,482,1051,1571,2738,5461,9221,11411,6912,736,515,536,653,918,1253,1485,2189,3272,4154,5067,5665,5746,4496,2416,647,89,8584,756,6
Portugal,1969,51861,6172,7411,1239,404,321,535,965,1632,3019,5778,10503,12868,7541,875,475,490,669,963,1279,1740,2232,3546,4674,5829,6399,6469,4968,2573,772,103,7815,856,7
Portugal,1970,48097,6150,7444,1294,430,294,491,960,1406,2760,5066,9586,11797,7076,780,499,461,592,814,1183,1577,1957,3109,4330,5256,5887,5910,4787,2289,678,102,7874,785,7
Portugal,1971,50297,5442,6521,1079,473,327,522,1017,1453,2975,5414,10338,12836,7507,908,528,489,577,876,1231,1744,2115,3299,4608,5730,6405,6431,4930,2577,786,122,6994,849,7
Portugal,1972,45796,4047,4945,898,388,309,503,902,1285,2696,5041,9760,11874,7224,858,505,397,518,767,1040,1656,2066,2975,4444,5316,6034,5840,4769,2455,729,129,5333,812,9
Portugal,1973,48103,4256,5207,951,405,345,551,959,1296,2812,5060,10040,12730,7797,890,494,465,543,753,1195,1617,2132,2928,4388,5652,6494,6236,5150,2647,750,140,5612,896,9
Portugal,1974,49214,3724,4479,755,321,321,573,1128,1327,2906,5140,10501,13469,8076,965,626,502,524,803,1239,1667,2308,2832,4614,5887,6918,6551,5342,2734,814,151,4800,894,10
Portugal,1975,51129,4038,4757,719,359,300,665,1422,1470,3308,5667,11123,13259,7868,922,829,593,592,878,1357,1951,2589,3078,4957,6166,6788,6471,5153,2715,778,144,5116,965,11
Portugal,1976,53018,3643,4253,610,378,323,666,1367,1465,3248,5907,11425,14699,8279,998,791,576,621,844,1343,1905,2674,3233,4940,6485,7607,7092,5338,2941,839,159,4631,989,13
Portugal,1977,50164,3200,3795,595,321,289,635,1281,1305,2976,5578,10858,14134,7948,1023,681,600,559,746,1199,1777,2516,3062,4600,6258,7185,6949,5142,2806,867,156,4116,924,14
Portugal,1978,49336,2718,3283,565,328,301,654,1388,1219,2887,5520,10365,14270,8079,1030,800,588,547,672,1148,1739,2388,3132,4142,6223,7122,7148,5174,2905,881,149,3611,955,14
Portugal,1979,47599,2363,2857,494,301,291,665,1381,1236,2645,5468,9842,13995,7873,1024,771,610,557,679,1053,1592,2390,3078,3931,5911,6964,7031,5032,2841,876,148,3158,956,17
Portugal,1980,49260,2241,2735,494,313,277,716,1342,1273,2779,5788,10053,14455,8380,1124,733,609,606,667,1103,1676,2460,3328,4051,6002,7191,7264,5456,2924,963,161,3048,993,23
Portugal,1981,49949,1846,2261,415,239,269,844,1554,1353,2866,5869,10084,14849,8649,1098,873,681,603,750,1107,1759,2514,3355,4228,5856,7380,7469,5659,2990,948,150,2500,1113,18
Portugal,1982,48230,1715,2084,369,258,256,778,1457,1283,2614,5669,9615,14640,8393,1171,817,640,609,674,976,1638,2402,3267,4071,5544,7225,7415,5492,2901,1011,160,2342,1034,16
Portugal,1983,49898,1494,1876,382,242,231,670,1502,1391,2566,5900,9771,15335,9113,1290,815,687,651,740,979,1587,2427,3473,4162,5609,7660,7675,5943,3170,1107,183,2118,901,16
Portugal,1984,50659,1369,1703,334,260,251,616,1427,1322,2597,5919,9899,15645,9696,1309,777,650,612,710,1020,1577,2441,3478,4532,5367,7733,7912,6405,3291,1126,183,1963,867,13
Portugal,1985,50643,1299,1643,344,216,231,569,1392,1333,2529,5716,9719,15971,9883,1430,743,649,615,718,952,1577,2386,3330,4448,5271,7713,8258,6321,3562,1220,210,1859,800,15
Portugal,1986,49625,1127,1421,294,205,215,577,1297,1367,2508,5670,9809,15349,9846,1348,680,617,637,730,984,1524,2301,3369,4506,5303,7409,7940,6341,3505,1145,203,1626,792,15
Portugal,1987,49432,969,1231,262,183,211,582,1470,1439,2284,5448,9605,15497,10061,1400,781,689,675,764,923,1361,2256,3192,4454,5151,7052,8445,6463,3598,1173,227,1414,793,19
Portugal,1988,51099,883,1160,277,181,223,613,1459,1519,2351,5437,10175,15395,10986,1577,781,678,727,792,1020,1331,2209,3228,4550,5625,6877,8518,6973,4013,1321,256,1341,836,20
Portugal,1989,49943,801,1055,254,162,202,557,1532,1483,2209,5131,10038,14893,11100,1551,762,770,761,722,937,1272,2077,3054,4353,5685,6548,8345,7029,4071,1306,245,1217,759,23
Portugal,1990,53088,737,940,203,147,198,640,1481,1590,2352,5313,10669,15563,12301,1861,762,719,746,844,1041,1311,2097,3216,4529,6140,6852,8711,7769,4532,1556,305,1087,838,28
Portugal,1991,54055,736,942,206,172,202,671,1589,1754,2425,5232,10907,15736,12516,1885,790,799,871,883,1053,1372,2031,3201,4645,6262,7021,8715,7885,4631,1593,292,1114,873,26
Portugal,1992,52838,592,792,200,125,170,642,1531,1831,2590,5055,10419,15345,12401,1906,769,762,864,967,1119,1471,1975,3080,4383,6036,6930,8415,7799,4602,1605,301,917,812,30
Portugal,1993,55404,573,754,181,128,141,546,1516,1715,2500,5141,11046,15790,13853,2240,755,761,800,915,1100,1400,1958,3183,4645,6401,7368,8422,8643,5210,1875,365,882,687,35
Portugal,1994,51991,463,597,134,107,150,500,1429,1725,2423,4659,10073,15187,12963,2145,699,730,835,890,1054,1369,1835,2824,4259,5814,7394,7793,8027,4936,1798,347,704,650,34
Portugal,1995,53911,455,585,130,110,136,478,1692,1896,2621,4579,10281,15479,13546,2472,808,884,905,991,1128,1493,1765,2814,4282,5999,7674,7805,8325,5221,2072,400,695,614,39
Portugal,1996,55989,436,575,139,89,136,447,1635,1954,2751,4806,10351,16152,14590,2465,768,867,896,1058,1234,1517,1937,2869,4313,6038,7954,8198,8726,5864,2055,410,664,583,41
Portugal,1997,54730,406,533,127,87,127,397,1574,2015,2646,4545,10050,15927,14184,2600,731,843,968,1047,1182,1464,1890,2655,4159,5891,7821,8106,8280,5904,2169,431,620,524,45
Portugal,1998,55470,392,512,120,83,131,393,1512,1912,2739,4512,9893,16487,14484,2765,681,831,898,1014,1224,1515,1982,2530,3989,5904,7894,8593,8312,6172,2303,462,595,524,48
Portugal,1999,56100,373,480,107,84,77,346,1473,2018,2657,4459,9779,17048,14593,3032,644,829,938,1080,1190,1467,1941,2518,3921,5858,7822,9226,8132,6461,2535,497,564,423,52
Portugal,2000,54771,386,496,110,67,86,321,1317,1849,2773,4375,9355,16721,14208,3152,583,734,866,983,1199,1574,1900,2475,3722,5633,7542,9179,7943,6265,2619,533,563,407,54
Portugal,2001,54703,327,424,97,64,86,303,1296,1829,2868,4419,9120,16612,14299,3327,548,748,794,1035,1294,1574,1921,2498,3638,5482,7494,9118,7914,6385,2784,543,488,389,54
Portugal,2002,55288,320,419,99,59,83,253,1064,1738,2985,4571,8989,16667,14820,3580,445,619,737,1001,1338,1647,2041,2530,3482,5507,7379,9288,8377,6443,2986,594,478,336,62
Portugal,2003,55839,230,298,68,61,68,213,965,1674,2938,4638,8826,16858,15431,3805,416,549,752,922,1261,1677,2070,2568,3433,5393,7452,9406,8977,6454,3157,648,359,281,65
Portugal,2004,53020,245,331,86,56,55,187,891,1546,2838,4501,8253,15979,14808,3510,367,524,664,882,1227,1611,2041,2460,3306,4947,7107,8872,8878,5930,2884,626,387,242,64
Portugal,2005,55437,199,263,64,58,52,214,781,1575,2828,4805,8268,16371,15948,4197,345,436,700,875,1250,1578,2092,2713,3248,5020,7178,9193,9667,6281,3426,771,321,266,76
Portugal,2006,53319,206,272,66,45,63,178,672,1422,2893,4728,7948,15615,15529,3885,300,372,581,841,1224,1669,2049,2679,3229,4719,6861,8754,9236,6293,3128,757,317,241,70
Portugal,2007,53289,186,234,48,39,42,155,647,1319,2696,4728,7786,15305,16230,4031,280,367,548,771,1116,1580,2132,2596,3340,4446,6740,8565,9554,6676,3205,826,273,197,77
Portugal,2008,53469,185,231,46,37,45,139,566,1190,2642,4741,7574,15270,16791,4148,232,334,513,677,1062,1580,2137,2604,3277,4297,6493,8777,9630,7161,3279,869,268,184,91
Portugal,2009,53231,208,259,51,33,40,131,523,1114,2594,4734,7617,14857,17072,4153,229,294,436,678,1027,1567,2133,2601,3381,4236,6282,8575,9497,7575,3225,928,292,171,103
Portugal,2010,54181,133,167,34,37,47,104,453,1061,2576,4812,7664,14865,17768,4506,193,260,409,652,1055,1521,2091,2721,3395,4269,6271,8594,9632,8136,3513,993,204,151,117
Portugal,2011,52485,171,215,44,36,39,104,400,979,2442,4884,7604,14031,17090,4540,182,218,376,603,927,1515,2212,2672,3387,4217,5836,8195,9234,7856,3577,963,251,143,121
Portugal,2012,54430,153,188,35,25,39,91,376,899,2357,4768,7704,14168,18473,5212,175,201,316,583,912,1445,2100,2668,3354,4350,5796,8372,9792,8681,4150,1062,213,130,133
Portugal,2013,54145,141,187,46,23,34,79,350,785,2222,4847,7920,13629,18521,5412,157,193,278,507,847,1375,2102,2745,3566,4354,5550,8079,9888,8633,4340,1072,210,113,139
Portugal,2014,53198,146,174,28,29,32,95,315,717,2075,4804,7554,13241,18347,5659,136,179,262,455,789,1286,2062,2742,3346,4208,5404,7837,9665,8682,4581,1078,203,127,149
Portugal,2015,54246,149,187,38,22,30,87,296,639,2032,4560,7844,13319,18812,6260,129,167,232,407,773,1259,1881,2679,3460,4384,5509,7810,9883,8929,5056,1204,209,117,158
Portugal,2016,55579,164,193,29,15,30,82,305,522,1893,4748,8192,13440,19370,6616,139,166,171,351,741,1152,1988,2760,3593,4599,5573,7867,10043,9327,5251,1365,208,112,170
Portugal,2017,54979,131,162,31,24,29,88,293,575,1823,4695,7971,12914,19220,6994,122,171,207,368,691,1132,1953,2742,3504,4467,5534,7380,9891,9329,5473,1521,186,117,186
Portugal,2018,56811,159,190,31,17,23,81,268,537,1884,4600,8259,13396,19859,7496,119,149,216,321,676,1208,1866,2734,3677,4582,5937,7459,10033,9826,5759,1737,207,104,202
Portugal,2019,55834,132,164,32,25,27,75,285,532,1671,4409,8375,12990,19353,7721,125,160,216,316,597,1074,1801,2608,3711,4664,5845,7145,9785,9568,5845,1876,189,102,208
Portugal,2020,61395,104,133,29,14,17,85,335,542,1821,4684,8999,14302,21481,8745,147,188,219,323,631,1190,1863,2821,4042,4957,6394,7908,10679,10802,6613,2132,147,102,237
Portugal,2021,62854,119,149,30,22,25,58,262,499,1744,4643,9447,15290,22233,8251,116,146,202,297,587,1157,1875,2768,4130,5317,6963,8327,10737,11496,6287,1964,171,83,233
Puerto Rico,1950,11893,3336,3959,623,169,121,263,794,788,839,1078,1443,1262,929,243,407,387,375,413,410,429,509,569,725,718,649,613,541,388,189,54,4128,384,9
Puerto Rico,1951,11437,3153,3776,623,165,116,247,739,742,814,1046,1412,1234,897,235,377,362,351,391,401,413,495,551,695,717,648,586,519,378,182,53,3941,363,9
Puerto Rico,1952,10957,2923,3524,601,164,108,235,701,706,795,1025,1378,1221,861,230,355,346,335,371,394,401,479,546,660,718,653,568,498,363,179,51,3688,343,8
Puerto Rico,1953,10383,2679,3244,565,160,104,222,648,664,773,990,1332,1198,822,224,326,322,317,347,384,389,457,533,623,709,651,547,477,345,173,51,3404,326,8
Puerto Rico,1954,9824,2490,3009,519,157,98,207,591,613,740,947,1277,1175,788,218,296,295,295,318,364,376,431,516,589,688,647,528,457,331,167,51,3166,305,8
Puerto Rico,1955,9407,2339,2816,477,154,96,194,544,575,715,910,1235,1171,767,216,273,271,277,298,347,368,411,499,572,663,646,525,443,324,164,52,2970,290,9
Puerto Rico,1956,9220,2213,2661,448,151,97,187,515,553,707,900,1228,1212,774,225,260,255,265,288,335,372,406,494,575,653,666,546,441,333,169,56,2812,284,9
Puerto Rico,1957,9106,2078,2508,430,148,100,185,490,537,700,896,1238,1262,795,236,249,241,255,282,324,376,405,491,587,651,687,575,446,349,177,59,2656,285,11
Puerto Rico,1958,9045,1998,2411,413,143,103,185,467,516,691,893,1247,1310,815,250,241,226,241,275,312,379,406,487,595,652,705,605,450,365,185,65,2554,288,13
Puerto Rico,1959,8964,1883,2278,395,138,105,190,444,493,678,894,1261,1354,845,271,233,211,226,267,301,377,411,483,599,662,718,636,462,383,200,71,2416,295,15
Puerto Rico,1960,8987,1850,2231,381,131,109,197,425,469,666,901,1279,1390,875,301,227,198,212,257,295,371,420,481,601,678,724,666,481,394,224,77,2362,306,17
Puerto Rico,1961,9118,1773,2150,377,132,110,208,436,461,662,927,1309,1461,924,321,237,199,209,252,295,367,437,490,606,703,751,710,527,397,241,80,2282,318,20
Puerto Rico,1962,9438,1779,2157,378,132,109,219,464,463,666,968,1352,1548,998,342,256,208,212,251,298,368,462,506,622,730,786,762,586,412,257,85,2289,328,21
Puerto Rico,1963,9786,1862,2235,373,130,110,224,488,467,664,999,1381,1623,1081,361,271,217,217,250,297,367,477,522,633,748,813,810,638,443,269,92,2365,334,22
Puerto Rico,1964,9933,1739,2105,366,130,109,230,508,473,660,1028,1414,1692,1177,387,284,224,220,253,295,365,487,541,648,766,838,854,689,488,286,101,2235,339,23
Puerto Rico,1965,10148,1699,2056,357,127,108,237,524,480,652,1053,1438,1754,1277,417,293,231,223,257,291,361,491,562,659,779,859,895,738,539,308,109,2183,345,23
Puerto Rico,1966,10295,1574,1917,343,125,108,242,539,486,650,1077,1465,1807,1386,463,301,238,227,259,293,357,491,586,671,794,883,924,793,593,345,118,2042,350,26
Puerto Rico,1967,10379,1412,1741,329,122,108,244,549,489,645,1091,1488,1845,1490,527,305,244,228,261,295,350,484,607,682,806,903,942,848,642,399,128,1863,352,34
Puerto Rico,1968,10557,1303,1614,311,120,107,249,559,496,649,1103,1518,1885,1596,623,308,251,231,265,303,346,476,627,697,821,928,957,910,686,471,152,1734,356,36
Puerto Rico,1969,10822,1249,1544,295,119,106,254,568,501,655,1107,1558,1924,1699,746,314,254,233,268,311,344,465,642,719,839,957,967,967,732,553,193,1663,360,37
Puerto Rico,1970,11269,1224,1514,290,119,108,262,587,513,675,1120,1622,1989,1821,901,330,257,238,275,324,351,461,659,756,866,999,990,1027,794,638,263,1633,370,40
Puerto Rico,1971,11564,1249,1523,274,115,106,267,626,521,698,1134,1689,2049,1869,926,356,270,245,276,330,368,462,672,799,890,1033,1016,1039,830,622,304,1638,373,45
Puerto Rico,1972,11825,1200,1470,270,113,106,270,679,538,730,1160,1775,2128,1903,903,386,293,258,280,338,392,474,686,849,926,1074,1054,1035,868,582,321,1583,376,54
Puerto Rico,1973,11924,1164,1428,264,108,103,267,716,551,744,1166,1835,2180,1907,857,404,312,268,283,338,406,483,683,883,952,1102,1078,1010,897,540,317,1536,370,62
Puerto Rico,1974,12095,1153,1414,261,104,103,263,751,571,755,1181,1911,2239,1913,824,415,336,282,289,340,415,501,680,918,993,1131,1108,995,918,523,301,1518,366,70
Puerto Rico,1975,11983,1108,1362,254,100,103,253,761,580,744,1165,1942,2244,1869,783,407,354,290,290,333,411,505,660,928,1014,1135,1109,966,903,514,269,1462,356,76
Puerto Rico,1976,12007,1135,1379,244,93,100,243,764,593,738,1167,1979,2278,1827,767,399,365,303,290,330,408,515,652,938,1041,1146,1132,957,870,531,236,1472,343,83
Puerto Rico,1977,12002,1159,1395,236,89,96,235,758,610,725,1168,1992,2317,1769,762,386,372,315,295,325,400,518,650,932,1060,1150,1167,950,819,555,207,1484,331,86
Puerto Rico,1978,12222,1163,1400,237,86,94,237,756,638,735,1196,2041,2417,1750,790,378,378,332,306,332,403,527,669,936,1105,1190,1227,961,789,592,198,1486,331,80
Puerto Rico,1979,12350,1137,1371,234,84,89,242,740,667,740,1212,2069,2511,1735,824,366,374,350,317,340,400,524,688,922,1147,1242,1269,973,762,616,208,1455,331,67
Puerto Rico,1980,12552,1113,1345,232,82,85,247,723,701,751,1228,2116,2618,1746,856,358,365,367,334,347,404,522,706,910,1206,1298,1320,1000,746,619,237,1427,332,53
Puerto Rico,1981,12692,1071,1305,234,81,81,249,724,726,761,1231,2145,2679,1831,829,360,364,375,351,352,409,519,712,907,1238,1332,1347,1077,754,565,264,1386,330,46
Puerto Rico,1982,12825,1005,1235,230,80,77,242,735,750,774,1241,2163,2734,1955,793,366,369,382,368,360,414,524,717,919,1244,1369,1365,1178,777,515,278,1315,319,47
Puerto Rico,1983,13151,926,1152,226,81,76,235,756,785,807,1266,2198,2867,2092,787,380,376,395,390,378,429,537,729,951,1247,1447,1420,1272,820,502,285,1233,311,52
Puerto Rico,1984,13425,858,1073,215,81,74,221,769,816,840,1281,2210,3014,2197,786,391,378,403,413,395,445,548,733,980,1230,1524,1490,1327,870,507,279,1154,295,59
Puerto Rico,1985,14101,887,1142,255,103,86,222,803,867,898,1327,2263,3199,2335,789,409,394,418,449,429,469,576,751,1022,1241,1616,1583,1392,943,525,264,1245,308,67
Puerto Rico,1986,14046,809,999,190,81,73,201,779,868,905,1319,2260,3262,2441,785,392,387,412,456,439,466,572,747,1021,1239,1629,1633,1422,1019,548,237,1080,274,75
Puerto Rico,1987,14418,801,980,179,79,72,197,771,888,950,1348,2318,3361,2569,801,380,391,419,469,465,485,588,760,1042,1276,1646,1715,1466,1103,581,220,1059,269,82
Puerto Rico,1988,14781,783,955,172,75,74,195,760,904,997,1372,2382,3458,2671,854,365,395,421,483,492,505,602,770,1062,1320,1641,1817,1511,1160,625,229,1030,269,80
Puerto Rico,1989,15193,795,964,169,70,74,197,746,919,1051,1411,2436,3539,2786,930,347,399,424,495,519,532,623,788,1069,1367,1627,1912,1585,1201,681,249,1034,271,73
Puerto Rico,1990,15547,778,943,165,66,73,196,725,921,1106,1444,2469,3594,2923,1017,333,392,425,496,551,555,638,806,1069,1400,1639,1955,1678,1245,739,278,1009,269,66
Puerto Rico,1991,15875,739,906,167,64,72,194,721,926,1162,1483,2508,3658,3059,1057,330,391,425,501,579,583,658,825,1092,1416,1689,1969,1772,1287,758,299,970,266,65
Puerto Rico,1992,16191,712,879,167,61,72,190,717,934,1216,1530,2538,3720,3189,1078,329,388,427,507,597,619,681,849,1101,1437,1740,1980,1864,1325,768,310,940,262,67
Puerto Rico,1993,16937,668,834,166,61,70,193,728,974,1305,1634,2649,3879,3411,1129,337,391,448,526,631,674,731,903,1144,1505,1842,2037,2024,1387,806,323,895,263,72
Puerto Rico,1994,17211,610,765,155,60,68,194,716,983,1358,1696,2683,3929,3533,1156,334,382,454,529,642,716,764,932,1171,1512,1887,2042,2099,1434,828,328,825,262,74
Puerto Rico,1995,17129,559,700,141,60,63,191,680,967,1375,1715,2669,3915,3556,1159,319,361,445,522,627,748,782,933,1179,1490,1876,2039,2078,1478,834,325,760,254,75
Puerto Rico,1996,17166,513,641,128,59,60,190,654,956,1398,1748,2694,3928,3605,1156,307,347,440,516,624,774,810,938,1202,1492,1869,2059,2055,1550,830,326,700,250,77
Puerto Rico,1997,17060,483,597,114,54,55,182,628,926,1393,1775,2686,3904,3632,1143,296,332,424,502,617,776,837,938,1213,1473,1846,2058,2017,1615,811,332,651,237,78
Puerto Rico,1998,17033,424,528,104,51,54,176,611,899,1388,1822,2695,3912,3680,1136,292,319,402,497,611,777,871,951,1232,1463,1844,2068,1996,1684,792,344,579,230,81
Puerto Rico,1999,16989,399,495,96,47,50,165,593,872,1364,1872,2702,3892,3709,1143,291,302,377,495,598,766,907,965,1239,1463,1835,2057,1996,1713,790,353,542,215,85
Puerto Rico,2000,16839,369,457,88,43,49,155,567,832,1323,1922,2683,3849,3699,1166,286,281,350,482,584,739,941,981,1214,1469,1821,2028,2004,1695,821,345,500,204,94
Puerto Rico,2001,16617,328,409,81,39,46,140,547,785,1283,1955,2670,3778,3633,1230,278,269,325,460,565,718,951,1004,1189,1481,1784,1994,1975,1658,909,321,448,186,102
Puerto Rico,2002,16630,288,362,74,34,44,130,534,752,1269,2008,2701,3762,3614,1312,268,266,310,442,551,718,958,1050,1196,1505,1773,1989,1966,1648,1003,309,396,174,108
Puerto Rico,2003,16808,259,328,69,31,41,121,524,721,1267,2079,2762,3801,3642,1385,256,268,301,420,548,719,967,1112,1226,1536,1784,2017,1986,1656,1068,317,359,162,110
Puerto Rico,2004,16889,249,312,63,29,38,115,505,681,1249,2127,2807,3830,3658,1427,238,267,288,393,542,707,958,1169,1260,1547,1797,2033,1987,1671,1089,338,341,153,109
Puerto Rico,2005,17171,234,291,57,28,37,112,489,654,1242,2193,2890,3927,3719,1485,222,267,280,374,537,705,953,1240,1327,1563,1856,2071,2018,1701,1101,384,319,149,106
Puerto Rico,2006,17266,214,265,51,25,32,109,465,625,1212,2217,2961,3980,3742,1527,204,261,271,354,521,691,946,1271,1389,1572,1903,2077,2035,1707,1095,432,290,141,104
Puerto Rico,2007,17420,200,248,48,23,30,105,439,605,1180,2232,3069,4046,3780,1556,189,250,266,339,501,679,946,1286,1464,1605,1949,2097,2061,1719,1088,468,271,135,109
Puerto Rico,2008,17474,182,227,45,21,27,101,415,587,1136,2219,3174,4089,3812,1555,180,235,262,325,471,665,935,1284,1532,1642,1979,2110,2084,1728,1074,481,248,128,112
Puerto Rico,2009,17787,173,215,42,19,25,98,394,577,1107,2222,3345,4207,3898,1561,175,219,261,316,446,661,931,1291,1627,1718,2033,2174,2131,1767,1078,483,234,123,118
Puerto Rico,2010,17952,175,216,41,18,23,89,375,557,1065,2192,3486,4304,3954,1546,173,202,254,303,420,645,915,1277,1693,1793,2066,2238,2157,1797,1074,472,234,112,125
Puerto Rico,2011,17888,166,205,39,16,21,80,351,533,1018,2145,3561,4325,3952,1546,165,186,244,289,396,622,888,1257,1710,1851,2067,2258,2152,1800,1083,463,221,101,135
Puerto Rico,2012,18043,157,193,36,15,19,72,333,515,976,2124,3668,4411,4001,1569,161,172,234,281,379,597,873,1251,1727,1941,2107,2304,2177,1824,1104,465,208,91,146
Puerto Rico,2013,17959,147,181,34,13,17,64,307,489,917,2078,3719,4450,3998,1568,148,159,217,272,359,558,848,1230,1714,2005,2132,2318,2176,1822,1107,461,194,81,153
Puerto Rico,2014,18165,144,177,33,12,16,57,287,468,873,2057,3823,4572,4062,1597,135,152,200,268,345,528,838,1219,1720,2103,2203,2369,2222,1840,1128,469,189,73,161
Puerto Rico,2015,17691,126,156,30,11,13,48,254,428,795,1958,3774,4536,3988,1568,116,138,176,252,316,479,795,1163,1657,2117,2212,2324,2200,1788,1102,466,167,61,163
Puerto Rico,2016,17493,116,144,28,11,12,43,228,392,738,1879,3747,4578,3990,1567,100,128,155,237,295,443,757,1122,1624,2123,2265,2313,2211,1779,1095,472,155,55,167
Puerto Rico,2017,18125,125,197,72,58,39,57,222,383,735,1882,3849,4812,4112,1611,95,127,148,235,296,439,750,1132,1660,2189,2414,2398,2288,1824,1122,489,255,96,175
Puerto Rico,2018,19209,98,124,26,11,11,41,211,373,739,1923,4076,5285,4472,1752,87,124,144,229,301,438,747,1176,1744,2332,2672,2613,2490,1982,1219,533,135,52,190
Puerto Rico,2019,20567,123,149,26,11,11,41,212,373,762,1965,4276,5794,4869,1902,88,124,147,226,317,445,743,1222,1816,2460,2947,2847,2702,2167,1326,576,160,52,201
Puerto Rico,2020,21136,138,158,20,5,6,65,517,595,908,1938,3729,5525,5319,2148,214,303,265,330,408,500,768,1170,1534,2195,2657,2868,2901,2418,1494,654,163,71,223
Puerto Rico,2021,18827,98,107,9,5,8,58,399,415,718,1818,3463,5095,4833,1743,197,202,199,216,300,418,718,1100,1519,1944,2350,2745,2657,2176,1237,506,112,66,167
Qatar,1950,201,78,109,31,7,5,5,10,10,10,11,20,17,2,0,5,5,5,5,5,5,5,6,10,10,10,7,2,0,0,0,116,10,0
Qatar,1951,206,79,112,33,7,5,5,10,10,10,11,20,17,3,0,5,5,5,5,5,5,5,6,10,10,10,7,3,0,0,0,119,10,0
Qatar,1952,206,79,112,33,7,5,5,10,10,10,11,20,18,4,0,5,5,5,5,5,5,5,6,10,10,10,8,4,0,0,0,119,10,0
Qatar,1953,207,79,112,33,7,5,5,10,10,10,11,20,18,4,0,5,5,5,5,5,5,5,6,10,10,10,8,4,0,0,0,119,10,0
Qatar,1954,208,78,108,30,7,5,5,10,10,10,12,20,19,5,0,5,5,5,5,5,5,5,7,10,10,10,9,5,0,0,0,115,10,0
Qatar,1955,208,78,108,30,7,5,5,10,10,10,12,20,19,6,0,5,5,5,5,5,5,5,7,10,10,10,9,5,1,0,0,115,10,0
Qatar,1956,208,78,107,29,7,5,5,10,10,10,12,20,20,6,0,5,5,5,5,5,5,5,7,10,10,10,10,5,1,0,0,114,10,0
Qatar,1957,209,78,106,28,7,5,5,10,10,10,12,20,20,7,0,5,5,5,5,5,5,5,7,10,10,10,10,5,2,0,0,113,10,0
Qatar,1958,210,78,106,28,7,5,5,10,10,10,12,20,20,7,0,5,5,5,5,5,5,5,7,10,10,10,10,5,2,0,0,113,10,0
Qatar,1959,213,79,106,27,7,5,5,10,10,10,13,20,20,8,0,5,5,5,5,5,5,5,8,10,10,10,10,6,2,0,0,113,10,0
Qatar,1960,216,80,106,26,7,5,5,10,10,10,14,20,20,9,0,5,5,5,5,5,5,5,9,10,10,10,10,6,3,0,0,113,10,0
Qatar,1961,226,84,110,26,7,5,5,10,10,10,15,20,25,10,0,5,5,5,5,5,5,5,10,10,10,15,10,7,3,0,0,117,10,0
Qatar,1962,245,91,117,26,7,5,5,10,10,10,18,24,28,10,0,5,5,5,5,5,5,8,10,10,14,15,13,7,3,0,0,124,10,0
Qatar,1963,268,99,126,27,7,5,5,15,10,11,20,26,30,11,0,9,6,5,5,5,6,10,10,11,15,15,15,8,3,0,0,133,10,0
Qatar,1964,288,108,135,27,6,5,5,19,10,14,20,29,30,14,0,10,9,5,5,5,9,10,10,14,15,15,15,10,4,0,0,141,10,0
Qatar,1965,313,116,145,29,6,5,5,20,20,20,22,30,35,15,0,10,10,10,10,10,10,10,12,15,15,19,16,11,4,0,0,151,10,0
Qatar,1966,337,124,153,29,6,5,6,20,20,20,24,33,39,16,0,10,10,10,10,10,10,10,14,15,18,20,19,12,4,0,0,159,11,0
Qatar,1967,358,130,160,30,6,5,6,20,20,20,27,36,40,18,0,10,10,10,10,10,10,12,15,16,20,20,20,14,4,0,0,166,11,0
Qatar,1968,384,136,167,31,6,5,6,20,20,21,30,40,46,20,0,10,10,10,10,10,11,15,15,20,20,24,22,15,5,0,0,173,11,0
Qatar,1969,412,142,175,33,7,5,6,20,20,26,33,44,50,22,0,10,10,10,10,11,15,15,18,20,24,25,25,16,6,0,0,182,11,0
Qatar,1970,439,147,180,33,7,5,6,25,30,30,37,48,51,25,0,10,15,15,15,15,15,17,20,23,25,26,25,18,7,0,0,187,11,0
Qatar,1971,449,145,178,33,8,5,9,28,30,30,37,48,54,27,0,13,15,15,15,15,15,17,20,23,25,28,26,20,7,0,0,186,14,0
Qatar,1972,457,141,174,33,9,6,12,30,30,30,37,48,57,29,1,15,15,15,15,15,15,17,20,23,25,30,27,21,8,1,0,183,18,0
Qatar,1973,472,139,171,32,9,7,14,30,30,30,39,50,58,31,1,15,15,15,15,15,15,19,20,24,26,30,28,22,9,1,0,180,21,0
Qatar,1974,484,137,169,32,9,7,17,35,30,30,40,52,58,32,1,20,15,15,15,15,15,20,20,24,28,30,28,22,10,1,0,178,24,0
Qatar,1975,493,136,166,30,9,8,19,39,30,32,41,53,59,33,2,22,17,15,15,15,17,20,21,25,28,30,29,22,11,2,0,175,27,0
Qatar,1976,510,136,164,28,9,8,20,45,32,40,42,53,59,33,2,25,20,16,16,20,20,20,22,25,28,30,29,22,11,2,0,173,28,0
Qatar,1977,518,136,163,27,9,7,20,48,40,40,44,53,60,34,2,27,21,20,20,20,20,20,24,25,28,30,30,22,12,2,0,172,27,0
Qatar,1978,535,136,163,27,9,7,21,53,40,40,45,54,60,36,3,30,23,20,20,20,20,20,25,25,29,30,30,23,13,3,0,172,28,0
Qatar,1979,544,137,163,26,7,7,21,56,40,43,50,53,60,37,3,30,26,20,20,20,23,25,25,25,28,30,30,23,14,3,0,170,28,0
Qatar,1980,564,137,162,25,7,6,20,61,50,50,50,53,62,38,3,33,28,25,25,25,25,25,25,25,28,31,31,24,14,3,0,169,26,0
Qatar,1981,569,137,162,25,7,6,18,59,50,50,51,53,60,39,4,30,29,25,25,25,25,25,26,26,27,30,30,25,14,4,0,169,24,0
Qatar,1982,588,136,161,25,7,6,17,63,54,56,60,58,60,40,4,32,31,29,25,26,30,30,30,30,28,30,30,26,14,4,0,168,23,0
Qatar,1983,606,135,160,25,7,5,16,66,60,64,64,59,60,39,5,31,35,30,30,30,34,33,31,30,29,30,30,25,14,5,0,167,21,0
Qatar,1984,607,131,155,24,7,5,14,63,63,65,69,59,59,42,5,28,35,33,30,30,35,35,34,30,29,29,30,26,16,5,0,162,19,0
Qatar,1985,624,127,150,23,7,5,13,60,70,74,79,65,54,41,6,26,34,35,35,35,39,40,39,35,30,27,27,25,16,6,0,157,18,0
Qatar,1986,642,122,143,21,7,5,12,58,80,83,86,67,51,41,6,24,34,40,40,40,43,45,41,36,31,26,25,25,16,6,0,150,17,0
Qatar,1987,645,120,140,20,7,5,12,52,78,85,90,71,52,41,6,21,31,38,40,40,45,45,45,38,33,27,25,25,16,6,0,147,17,0
Qatar,1988,656,117,137,20,7,5,13,51,77,86,98,78,55,42,6,22,29,37,40,41,45,50,48,42,36,29,26,25,17,6,0,144,18,0
Qatar,1989,659,112,132,20,7,5,14,48,75,88,99,83,61,41,7,21,27,35,40,43,45,50,49,44,39,33,28,24,17,7,0,139,19,0
Qatar,1990,665,104,123,19,6,5,14,46,75,93,105,87,65,39,7,20,26,35,40,45,48,52,53,46,41,35,30,22,17,7,0,129,19,0
Qatar,1991,681,94,113,19,6,5,14,47,78,97,110,96,68,40,7,21,26,35,43,46,51,55,55,51,45,37,31,23,17,7,0,119,19,0
Qatar,1992,717,89,106,17,6,5,14,51,83,107,120,101,73,42,7,24,27,36,47,51,56,60,60,54,47,40,33,25,17,7,0,112,19,0
Qatar,1993,732,84,99,15,6,5,14,51,84,114,123,105,78,43,8,24,27,36,48,55,59,60,63,56,49,43,35,26,17,7,1,105,19,0
Qatar,1994,754,80,94,14,6,5,14,53,85,120,130,112,83,44,8,24,29,36,49,58,62,65,65,61,51,45,38,27,17,7,1,100,19,0
Qatar,1995,805,76,90,14,6,5,14,57,94,137,140,120,87,48,8,25,32,39,55,67,70,70,70,66,54,48,39,31,17,7,1,96,19,0
Qatar,1996,812,72,86,14,6,5,12,55,94,140,145,122,90,48,8,23,32,39,55,68,72,75,70,68,54,49,41,31,17,7,1,92,17,0
Qatar,1997,831,69,81,12,6,5,12,53,98,154,151,124,90,51,8,21,32,41,57,74,80,79,72,69,55,49,41,33,18,7,1,87,17,0
Qatar,1998,882,69,81,12,6,5,14,56,102,163,164,131,94,53,8,23,33,42,60,78,85,85,79,70,61,50,44,34,19,7,1,87,19,0
Qatar,1999,951,70,82,12,6,6,16,63,107,184,183,141,98,57,8,27,36,45,62,85,99,96,87,75,66,52,46,35,22,7,1,88,22,0
Qatar,2000,1015,71,83,12,6,6,17,67,114,199,202,149,102,60,8,29,38,49,65,90,109,107,95,78,71,54,48,37,23,7,1,89,23,0
Qatar,2001,1049,72,84,12,6,5,16,69,114,208,219,152,106,62,9,30,39,49,65,92,116,116,103,81,71,58,48,38,24,8,1,90,21,0
Qatar,2002,1089,71,83,12,6,5,16,71,115,216,240,156,108,64,10,31,40,50,65,93,123,127,113,85,71,62,46,39,25,9,1,89,21,0
Qatar,2003,1144,69,81,12,6,5,15,72,120,227,264,163,113,67,10,31,41,53,67,97,130,139,125,94,69,65,48,41,26,9,1,87,20,0
Qatar,2004,1170,66,77,11,6,5,13,70,121,230,285,170,110,66,11,29,41,54,67,96,134,150,135,102,68,64,46,39,27,10,1,83,18,0
Qatar,2005,1230,63,75,12,6,6,13,74,127,245,308,175,117,68,13,30,44,56,71,101,144,161,147,107,68,66,51,40,28,12,1,81,19,0
Qatar,2006,1316,63,75,12,6,6,16,105,144,248,321,179,134,71,14,45,60,65,79,103,145,167,154,109,70,73,61,41,30,12,2,81,22,0
Qatar,2007,1483,67,78,11,6,5,17,154,178,263,337,202,152,76,14,67,87,81,97,114,149,178,159,119,83,81,71,46,30,12,2,84,22,0
Qatar,2008,1612,71,85,14,6,5,17,184,202,280,352,209,173,87,15,79,105,95,107,124,156,186,166,122,87,85,88,55,32,13,2,91,22,0
Qatar,2009,1688,73,87,14,6,5,16,202,213,287,366,208,181,100,16,86,116,101,112,129,158,193,173,123,85,83,98,68,32,14,2,93,21,0
Qatar,2010,1642,79,94,15,6,5,13,169,209,297,363,204,155,105,17,70,99,97,112,137,160,186,177,123,81,75,80,73,32,14,3,100,18,0
Qatar,2011,1570,85,100,15,6,5,12,137,187,288,354,208,146,107,19,58,79,85,102,130,158,176,178,126,82,75,71,74,33,16,3,106,17,0
Qatar,2012,1586,86,103,17,6,5,16,134,170,263,355,230,171,120,19,56,78,80,90,118,145,173,182,138,92,82,89,80,40,16,3,109,21,0
Qatar,2013,1660,88,105,17,6,5,14,136,164,250,367,256,200,136,19,56,80,80,84,112,138,173,194,150,106,91,109,88,48,16,3,111,19,0
Qatar,2014,1733,89,106,17,6,5,17,139,174,249,375,282,210,154,20,57,82,85,89,109,140,174,201,168,114,96,114,95,59,17,3,112,22,0
Qatar,2015,1795,88,105,17,6,5,15,142,180,263,399,312,179,163,21,59,83,88,92,114,149,183,216,183,129,82,97,100,63,17,4,111,20,0
Qatar,2016,1887,88,106,18,6,5,14,144,182,273,431,346,183,175,22,58,86,90,92,116,157,192,239,197,149,89,94,107,68,18,4,112,19,0
Qatar,2017,1978,90,108,18,6,5,14,145,186,279,442,361,214,190,28,58,87,90,96,119,160,196,246,203,158,101,113,117,73,23,5,114,19,0
Qatar,2018,2002,89,106,17,6,5,13,142,200,283,426,359,228,201,34,56,86,96,104,121,162,192,234,205,154,113,115,120,81,29,5,112,18,1
Qatar,2019,2040,86,103,17,6,5,13,138,219,294,411,363,241,210,39,53,85,103,116,128,166,193,218,211,152,125,116,122,88,34,5,109,18,1
Qatar,2020,2515,83,100,17,6,5,10,106,239,387,536,485,305,288,48,37,69,100,139,170,217,258,278,274,211,165,140,161,127,43,5,106,15,1
Qatar,2021,2589,68,83,15,6,5,9,89,248,421,581,533,287,273,50,25,64,103,145,185,236,283,298,298,235,163,124,146,127,44,6,89,14,1
Reunion,1950,2673,1074,1360,286,35,22,46,146,174,206,215,206,178,83,4,68,78,82,92,103,103,102,113,112,94,97,81,59,24,4,0,1395,68,0
Reunion,1951,2583,1021,1321,300,35,21,44,138,168,204,210,200,163,72,5,64,74,80,88,101,103,101,109,109,91,89,74,51,21,5,0,1356,65,0
Reunion,1952,2489,967,1267,300,35,21,42,134,165,201,205,196,151,67,3,63,71,80,85,98,103,97,108,105,91,81,70,47,20,3,0,1302,63,0
Reunion,1953,2365,892,1185,293,36,21,38,127,161,198,198,194,140,64,3,60,67,79,82,95,103,95,103,102,92,75,65,44,20,3,0,1221,59,0
Reunion,1954,2256,822,1101,279,38,21,37,122,157,196,197,194,135,59,3,59,63,78,79,93,103,95,102,100,94,71,64,40,19,3,0,1139,58,0
Reunion,1955,2115,764,1018,254,39,20,35,112,149,187,187,186,123,57,3,54,58,73,76,88,99,91,96,95,91,66,57,40,17,3,0,1057,55,0
Reunion,1956,2194,781,1038,257,43,21,35,117,155,195,200,197,131,57,4,56,61,76,79,91,104,99,101,100,97,72,59,40,17,4,0,1081,56,0
Reunion,1957,2294,807,1072,265,47,23,38,119,164,207,215,210,139,58,5,57,62,79,85,95,112,107,108,107,103,79,60,41,17,5,0,1119,61,0
Reunion,1958,2441,854,1130,276,50,26,40,125,171,219,233,224,149,63,5,58,67,81,90,100,119,118,115,115,109,88,61,45,18,5,0,1180,66,0
Reunion,1959,2422,835,1108,273,49,27,41,123,170,220,242,225,149,61,5,57,66,79,91,101,119,122,120,115,110,91,58,44,17,5,0,1157,68,0
Reunion,1960,2328,793,1050,257,45,28,41,117,164,213,238,219,146,58,4,54,63,75,89,97,116,120,118,112,107,89,57,41,17,4,0,1095,69,0
Reunion,1961,2287,767,1019,252,45,30,43,116,161,207,240,218,147,56,4,55,61,74,87,95,112,121,119,112,106,90,57,39,17,4,0,1064,73,0
Reunion,1962,2363,759,1013,254,43,33,45,117,166,220,258,236,165,63,5,55,62,76,90,102,118,127,131,121,115,100,65,43,20,5,0,1056,78,0
Reunion,1963,2316,728,972,244,41,33,46,114,162,217,260,235,168,60,5,55,59,75,87,102,115,127,133,121,114,99,69,40,20,5,0,1013,79,0
Reunion,1964,2258,691,926,235,40,31,47,113,157,214,259,235,170,61,5,55,58,73,84,102,112,125,134,122,113,99,71,41,20,5,0,966,78,0
Reunion,1965,2255,679,906,227,40,31,51,111,154,215,263,240,174,62,5,55,56,72,82,103,112,125,138,125,115,100,74,42,20,5,0,946,82,0
Reunion,1966,2192,612,831,219,40,29,51,113,150,211,262,245,184,69,6,55,58,71,79,100,111,125,137,128,117,105,79,47,22,6,0,871,80,0
Reunion,1967,2170,547,757,210,39,29,51,112,154,215,269,256,198,82,8,53,59,74,80,102,113,125,144,135,121,113,85,57,25,8,0,796,80,0
Reunion,1968,2149,490,685,195,39,29,54,110,157,220,275,267,211,96,9,52,58,77,80,101,119,125,150,141,126,119,92,64,32,9,0,724,83,0
Reunion,1969,2162,465,647,182,39,29,54,115,159,228,284,280,216,99,10,57,58,78,81,104,124,126,158,146,134,121,95,67,32,9,1,686,83,0
Reunion,1970,2100,418,583,165,39,28,53,115,160,228,281,287,218,100,10,59,56,79,81,101,127,125,156,150,137,120,98,68,32,9,1,622,81,0
Reunion,1971,2055,384,539,155,35,28,52,116,157,222,278,295,218,100,10,62,54,75,82,97,125,126,152,155,140,119,99,68,32,9,1,574,80,0
Reunion,1972,2004,354,497,143,34,27,49,116,153,219,274,301,219,102,10,62,54,70,83,95,124,128,146,158,143,120,99,70,32,9,1,531,76,0
Reunion,1973,1977,327,458,131,32,27,49,118,155,212,275,311,222,107,11,63,55,70,85,92,120,133,142,165,146,124,98,73,34,10,1,490,76,0
Reunion,1974,1949,274,397,123,29,28,50,118,157,213,282,325,230,114,12,62,56,70,87,93,120,138,144,170,155,129,101,77,37,11,1,426,78,0
Reunion,1975,1945,261,368,107,27,28,50,119,153,214,287,330,234,118,13,60,59,67,86,95,119,141,146,169,161,133,101,79,39,12,1,395,78,0
Reunion,1976,1950,243,338,95,26,26,50,120,153,215,296,340,247,122,13,60,60,67,86,97,118,144,152,168,172,140,107,80,42,12,1,364,76,0
Reunion,1977,1958,226,313,87,24,24,49,123,152,217,301,349,262,130,14,60,63,67,85,102,115,143,158,167,182,148,114,83,47,13,1,337,73,0
Reunion,1978,1968,208,289,81,22,23,49,123,150,219,307,355,277,135,17,61,62,68,82,103,116,142,165,166,189,156,121,85,50,15,2,311,72,0
Reunion,1979,1976,191,265,74,19,22,49,124,151,224,313,359,292,140,19,62,62,70,81,106,118,142,171,165,194,164,128,89,51,17,2,284,71,0
Reunion,1980,2026,161,235,74,21,23,52,126,156,231,322,374,315,150,22,63,63,75,81,109,122,143,179,174,200,177,138,96,54,20,2,256,75,0
Reunion,1981,2003,150,210,60,16,18,48,126,154,231,317,374,329,156,22,63,63,75,79,106,125,139,178,178,196,186,143,100,56,20,2,226,66,0
Reunion,1982,1999,139,194,55,14,18,47,125,155,231,313,376,341,161,24,64,61,77,78,104,127,136,177,184,192,193,148,105,56,21,3,208,65,0
Reunion,1983,1986,135,183,48,13,16,44,124,153,228,308,375,349,165,25,64,60,75,78,99,129,134,174,187,188,198,151,109,56,21,4,196,60,0
Reunion,1984,1964,135,180,45,12,14,41,124,154,223,301,372,352,166,25,64,60,74,80,96,127,133,168,189,183,197,155,110,56,21,4,192,55,0
Reunion,1985,1902,130,172,42,11,12,35,120,147,213,288,366,344,168,26,60,60,69,78,90,123,129,159,187,179,190,154,111,57,22,4,183,47,0
Reunion,1986,1944,122,165,43,11,12,32,120,153,213,294,379,358,179,30,60,60,71,82,90,123,134,160,189,190,192,166,118,61,25,5,176,44,0
Reunion,1987,1995,118,163,45,11,11,31,126,155,215,300,393,369,192,30,61,65,70,85,92,123,140,160,194,199,193,176,125,67,25,5,174,42,0
Reunion,1988,2030,115,157,42,7,9,28,122,159,215,307,407,380,203,33,57,65,72,87,94,121,145,162,196,211,195,185,131,72,27,6,164,37,0
Reunion,1989,2064,111,152,41,9,9,26,119,161,217,313,417,388,216,38,53,66,73,88,98,119,149,164,196,221,198,190,139,77,31,7,161,35,1
Reunion,1990,2103,107,146,39,8,8,24,117,163,224,320,425,400,231,40,50,67,77,86,104,120,151,169,195,230,206,194,147,84,33,7,154,32,1
Reunion,1991,2155,103,141,38,7,7,21,109,168,229,328,435,415,247,44,43,66,79,89,108,121,152,176,198,237,218,197,158,89,36,8,148,28,1
Reunion,1992,2200,99,136,37,7,7,19,105,170,237,335,440,432,261,52,41,64,82,88,114,123,151,184,198,242,232,200,167,94,41,11,143,26,1
Reunion,1993,2259,90,127,37,8,6,18,99,174,243,342,446,453,280,58,38,61,83,91,116,127,151,191,202,244,248,205,178,102,46,12,135,24,2
Reunion,1994,2292,83,116,33,7,6,17,91,176,248,346,449,471,297,66,34,57,84,92,116,132,150,196,204,245,260,211,186,111,51,15,123,23,2
Reunion,1995,2337,77,107,30,7,6,17,83,180,255,348,456,492,308,73,32,51,84,96,115,140,148,200,210,246,271,221,191,117,56,17,114,23,3
Reunion,1996,2376,71,100,29,6,5,15,77,180,264,349,465,512,322,78,29,48,83,97,118,146,150,199,218,247,279,233,195,127,60,18,106,20,3
Reunion,1997,2421,69,95,26,6,5,13,71,180,266,353,474,534,333,86,27,44,80,100,116,150,154,199,226,248,285,249,198,135,65,21,101,18,4
Reunion,1998,2464,64,89,25,6,5,13,65,174,272,356,485,554,345,94,24,41,74,100,118,154,158,198,234,251,288,266,203,142,71,23,95,18,4
Reunion,1999,2483,58,81,23,6,5,12,59,170,272,360,493,566,355,96,23,36,70,100,120,152,164,196,240,253,288,278,208,147,72,24,87,17,4
Reunion,2000,2495,59,80,21,6,5,12,57,163,270,366,500,572,364,98,22,35,63,100,120,150,171,195,242,258,285,287,218,146,73,25,86,17,4
Reunion,2001,2488,57,77,20,5,5,12,50,156,272,370,509,571,362,95,19,31,58,98,121,151,176,194,242,267,283,288,225,137,73,22,82,17,5
Reunion,2002,2489,56,76,20,5,5,12,44,145,271,380,516,569,361,93,17,27,53,92,121,150,182,198,240,276,280,289,234,127,71,22,81,17,5
Reunion,2003,2423,54,73,19,5,5,10,40,133,265,379,512,552,358,90,16,24,48,85,120,145,181,198,232,280,273,279,239,119,69,21,78,15,5
Reunion,2004,2448,57,76,19,5,5,10,37,124,264,387,521,559,370,90,15,22,44,80,119,145,180,207,229,292,279,280,251,119,69,21,81,15,5
Reunion,2005,2504,54,74,20,5,5,10,35,112,266,401,524,575,404,95,15,20,39,73,117,149,183,218,227,297,290,285,270,134,72,23,79,15,4
Reunion,2006,2558,54,73,19,5,5,10,34,105,262,414,526,593,436,102,15,19,37,68,114,148,185,229,225,301,303,290,285,151,76,26,78,15,4
Reunion,2007,2502,54,73,19,4,4,8,30,93,250,408,506,579,441,107,13,17,32,61,107,143,179,229,218,288,299,280,282,159,77,30,77,12,3
Reunion,2008,2472,59,78,19,3,3,8,25,83,240,406,497,578,442,111,10,15,28,55,101,139,174,232,221,276,303,275,275,167,80,31,81,11,4
Reunion,2009,2497,57,77,20,3,3,7,23,77,233,404,507,588,449,120,10,13,27,50,94,139,172,232,234,273,310,278,276,173,88,32,80,10,5
Reunion,2010,2417,53,71,18,3,2,7,22,66,215,387,495,580,443,119,10,12,23,43,83,132,164,223,234,261,303,277,265,178,84,35,74,9,6
Reunion,2011,2379,53,71,18,3,1,6,21,58,200,375,494,582,444,118,10,11,20,38,73,127,158,217,238,256,297,285,258,186,83,35,74,7,8
Reunion,2012,2373,53,70,17,2,1,6,20,51,189,368,502,587,446,123,10,10,18,33,68,121,156,212,244,258,294,293,255,191,88,35,72,7,9
Reunion,2013,2457,51,69,18,2,0,5,20,46,182,375,530,617,467,132,10,10,16,30,65,117,158,217,258,272,302,315,270,197,96,36,71,5,11
Reunion,2014,2517,48,67,19,2,0,5,19,42,170,376,551,635,493,145,9,10,14,28,59,111,160,216,266,285,304,331,286,207,103,42,69,5,12
Reunion,2015,2596,45,63,18,3,0,5,19,41,157,379,571,655,530,158,9,10,15,26,54,103,161,218,270,301,314,341,309,221,115,43,66,5,14
Reunion,2016,2639,43,60,17,3,0,5,18,37,144,378,589,661,558,172,8,10,14,23,49,95,161,217,273,316,315,346,327,231,122,50,63,5,15
Reunion,2017,2693,40,55,15,3,0,5,15,33,133,374,610,674,591,182,5,10,13,20,44,89,157,217,275,335,320,354,348,243,125,57,58,5,16
Reunion,2018,2820,45,59,14,3,1,5,15,32,124,378,638,703,645,197,5,10,13,19,40,84,155,223,279,359,339,364,377,268,136,61,62,6,17
Reunion,2019,2843,46,61,15,3,0,5,14,29,115,364,638,716,668,210,5,9,12,17,36,79,143,221,276,362,353,363,387,281,148,62,64,5,18
Reunion,2020,2873,45,59,14,6,5,7,44,83,138,346,558,651,713,242,14,30,42,41,60,78,137,209,257,301,305,346,396,317,173,69,65,12,21
Reunion,2021,3116,44,58,14,6,5,7,43,83,139,366,614,719,789,268,13,30,42,41,60,79,140,226,279,335,342,377,433,356,196,72,64,12,23
Romania,1950,98805,16711,19208,2497,806,694,1050,2381,2729,6674,11128,15217,21583,15546,1782,1274,1107,943,1786,2718,3956,5029,6099,6579,8638,10396,11187,9978,5568,1627,155,20014,1744,4
Romania,1951,98603,17357,20142,2785,801,679,1047,2467,2661,6686,11388,15132,21070,14923,1601,1297,1170,986,1675,2727,3959,5175,6213,6684,8448,10193,10877,9613,5310,1467,134,20943,1726,4
Romania,1952,97886,17655,20644,2989,804,664,1048,2532,2604,6700,11646,15505,20014,14171,1544,1315,1217,1050,1554,2726,3974,5340,6306,7052,8453,9869,10145,9039,5132,1418,126,21448,1712,4
Romania,1953,96606,17962,21054,3092,823,639,1045,2562,2563,6641,11822,15836,19013,13089,1510,1313,1249,1151,1412,2676,3965,5418,6404,7329,8507,9647,9366,8238,4851,1387,123,21877,1684,3
Romania,1954,95176,17684,20845,3161,875,619,1045,2600,2584,6570,12078,16285,18387,11786,1498,1317,1283,1248,1336,2593,3977,5501,6577,7572,8713,9654,8733,7314,4472,1372,126,21720,1664,3
Romania,1955,94226,18337,21476,3139,938,593,1033,2614,2625,6435,12274,16648,18016,10095,1470,1312,1302,1317,1308,2477,3958,5529,6745,7687,8961,9775,8241,6213,3882,1332,138,22414,1626,4
Romania,1956,92716,17656,20859,3203,1007,589,1017,2647,2765,6316,12591,17145,18224,8156,1393,1316,1331,1401,1364,2317,3999,5585,7006,7793,9352,10135,8089,5083,3073,1230,163,21866,1606,6
Romania,1957,95193,17754,21070,3316,1095,602,1022,2732,2974,6305,13146,17693,19259,7999,1292,1351,1381,1499,1475,2210,4095,5749,7397,8081,9612,10554,8705,5150,2849,1140,152,22165,1624,6
Romania,1958,83304,14824,17727,2903,1003,535,862,2390,2763,5297,11622,15571,17324,7146,1058,1184,1206,1351,1412,1764,3533,5042,6580,7203,8368,9297,8027,4725,2421,932,126,18730,1397,6
Romania,1959,99669,16191,19648,3457,1244,680,1003,2900,3541,6163,14205,19026,21287,8802,1165,1441,1459,1679,1862,1999,4164,6120,8085,8935,10091,11244,10043,5960,2842,1031,134,20892,1683,6
Romania,1960,80772,12697,15338,2641,1020,589,766,2323,2967,4785,11494,15546,17490,7506,940,1150,1173,1366,1601,1547,3238,4916,6578,7406,8140,9101,8389,5148,2358,826,114,16358,1355,5
Romania,1961,81270,11582,14147,2565,1045,639,761,2329,3133,4668,11724,16023,17901,7959,936,1139,1190,1397,1736,1589,3079,5006,6718,7740,8283,9216,8685,5529,2430,822,114,15192,1400,5
Romania,1962,86629,10762,13354,2592,1130,731,815,2472,3467,4868,12655,17641,19452,9014,1021,1185,1287,1509,1958,1796,3072,5377,7278,8580,9061,9909,9543,6329,2685,902,119,14484,1546,6
Romania,1963,78748,9289,11421,2132,1012,696,754,2197,3187,4313,11448,16369,17763,8604,980,1022,1175,1361,1826,1802,2511,4823,6625,7950,8419,8961,8802,6089,2515,870,110,12433,1450,7
Romania,1964,77194,8270,10198,1928,968,702,778,2114,3160,4217,11153,16509,17559,8805,1024,951,1163,1335,1825,1965,2252,4632,6521,7974,8535,8804,8755,6276,2529,910,114,11166,1480,7
Romania,1965,80226,7599,9417,1818,971,749,873,2148,3310,4425,11499,17681,18467,9551,1130,939,1209,1398,1912,2235,2190,4705,6794,8463,9218,9243,9224,6836,2715,990,140,10388,1622,6
Romania,1966,77445,6883,8447,1564,882,726,899,2018,3187,4412,10816,17425,17942,9573,1119,889,1129,1349,1838,2327,2085,4255,6561,8251,9174,9021,8921,6846,2727,946,173,9329,1625,3
Romania,1967,91964,13180,14757,1577,885,796,1053,2181,3535,5138,11540,19615,20065,11224,1163,988,1193,1507,2028,2697,2441,4314,7226,9173,10442,10196,9869,7875,3349,952,211,15642,1849,4
Romania,1968,94040,14337,15921,1584,803,779,1104,2143,3542,5552,10962,19877,20324,11890,1130,1018,1125,1520,2022,2753,2799,3803,7159,9172,10705,10466,9858,8147,3743,916,214,16724,1883,6
Romania,1969,102880,12936,14922,1986,820,837,1256,2391,3977,6662,11625,22454,22958,13720,1248,1202,1189,1712,2265,3105,3557,3792,7833,10207,12247,12018,10940,9232,4488,1030,218,15742,2093,10
Romania,1970,100229,11339,13387,2048,734,771,1234,2376,3901,6846,10918,22086,22885,13790,1289,1273,1103,1670,2231,3041,3805,3461,7457,9942,12144,12182,10703,9126,4664,1097,192,14121,2005,12
Romania,1971,102045,10147,12305,2158,687,725,1259,2514,3965,7330,10773,22785,23982,14296,1407,1398,1116,1661,2304,3131,4199,3601,7172,10254,12531,12946,11036,9326,4970,1240,167,12992,1984,12
Romania,1972,98614,9300,11317,2017,672,630,1201,2497,3778,7244,10078,22083,23728,13897,1479,1415,1082,1534,2244,3038,4206,3802,6276,9902,12181,12883,10845,8908,4989,1334,145,11989,1831,12
Romania,1973,105175,9012,11047,2035,799,622,1253,2763,3983,7871,10579,23660,26099,14801,1685,1574,1189,1557,2426,3266,4605,4788,5791,10577,13083,14238,11861,9311,5490,1537,148,11846,1875,13
Romania,1974,100289,9271,11060,1789,806,550,1129,2650,3685,7448,9902,22067,25358,13898,1723,1474,1176,1384,2301,3075,4373,5095,4807,9782,12285,13872,11486,8561,5337,1565,158,11866,1679,13
Romania,1975,104181,9294,11108,1814,886,533,1084,2834,3742,7746,10387,22639,27046,14250,1916,1509,1325,1359,2383,3201,4545,5649,4738,9891,12748,14537,12509,8664,5586,1720,196,11994,1617,11
Romania,1976,105737,8638,10442,1804,929,510,984,2958,3708,7916,11073,22520,28184,14367,2138,1520,1438,1358,2350,3265,4651,6076,4997,9412,13108,14784,13400,8734,5633,1890,248,11371,1494,8
Romania,1977,109636,8724,10564,1840,989,579,922,3149,3771,8310,12279,22313,29737,14594,2417,1567,1582,1424,2347,3422,4888,6448,5831,8696,13617,15418,14319,9089,5505,2120,297,11553,1501,6
Romania,1978,111077,8080,9849,1769,835,625,882,3164,3671,8398,13640,21238,31167,15120,2481,1531,1633,1447,2224,3454,4944,6635,7005,7410,13828,15813,15354,9826,5294,2205,276,10684,1507,10
Romania,1979,115409,7894,9627,1733,793,692,902,3218,3747,8717,15034,20864,33153,16114,2528,1532,1686,1569,2178,3607,5110,6950,8084,6771,14093,16442,16711,10816,5298,2257,271,10420,1594,14
Romania,1980,122369,7486,9217,1731,797,774,923,3317,3991,9236,16395,21504,35465,18160,2577,1537,1780,1813,2178,3816,5420,7400,8995,6970,14534,17541,17924,12550,5610,2294,283,10014,1697,15
Romania,1981,122101,6794,8397,1603,762,808,876,3219,4072,9095,16832,20759,35559,19269,2440,1427,1792,1945,2127,3689,5406,7436,9396,7268,13491,17687,17872,13475,5794,2157,283,9159,1684,14
Romania,1982,119860,5949,7402,1453,729,772,885,3086,4097,8790,16825,19828,35257,19925,2257,1313,1773,2013,2084,3463,5327,7388,9437,8036,11792,17444,17813,13864,6061,1978,279,8131,1657,12
Romania,1983,124910,5247,6652,1405,739,702,1014,3155,4427,9016,17801,20312,36939,21906,2234,1318,1837,2204,2223,3423,5593,7747,10054,9962,10350,18198,18741,15202,6704,1950,284,7391,1716,11
Romania,1984,124981,5774,7011,1237,696,634,1079,3051,4516,8807,17745,20041,36355,22851,2178,1268,1783,2201,2315,3209,5598,7663,10082,11000,9041,17714,18641,15779,7072,1903,275,7707,1713,10
Romania,1985,131825,6192,7417,1225,686,625,1223,3053,4983,9054,18692,21314,37644,24819,2302,1260,1793,2323,2660,3180,5874,8050,10642,12112,9202,18030,19614,16685,8134,2030,272,8103,1848,10
Romania,1986,130534,6181,7357,1176,634,596,1290,2831,5159,8693,18525,22024,35944,25080,2386,1159,1672,2326,2833,3071,5622,7943,10582,12513,9511,16481,19463,16424,8656,2129,257,7991,1886,11
Romania,1987,135234,7168,8349,1181,602,603,1296,2850,5520,8695,19207,24205,35001,26282,2613,1234,1616,2429,3091,3159,5536,8197,11010,13178,11027,15014,19987,17028,9254,2367,246,8951,1899,11
Romania,1988,134965,6844,8097,1253,543,591,1120,2928,5701,8469,19252,26476,32374,26621,2779,1394,1534,2436,3265,3231,5238,8220,11032,13423,13053,12537,19837,17040,9581,2544,235,8640,1711,12
Romania,1989,131745,7154,8382,1228,484,551,1030,3091,5735,8192,18744,27218,29457,25945,2901,1579,1512,2436,3299,3355,4837,8072,10672,13154,14064,10716,18741,16440,9505,2664,237,8866,1581,13
Romania,1990,130936,5466,6793,1327,469,520,929,2893,5588,8234,18874,28263,28905,26174,3283,1564,1329,2287,3301,3668,4566,8119,10755,13365,14898,10596,18309,16576,9598,3006,277,7262,1449,12
Romania,1991,132771,4022,5307,1285,467,507,934,2921,5717,8689,19164,29909,28811,26681,3652,1663,1258,2251,3466,4091,4598,8099,11065,13860,16049,11467,17344,16933,9748,3302,350,5774,1441,9
Romania,1992,139162,4014,5141,1127,502,492,978,3040,5990,9460,19892,32175,29753,27768,3964,1678,1362,2248,3742,4602,4858,8186,11706,14793,17382,13651,16102,17611,10157,3513,451,5643,1470,5
Romania,1993,139566,3768,4736,968,522,447,965,2994,5851,9900,19598,32709,29839,28117,3884,1460,1534,2084,3767,4892,5008,7796,11802,14886,17823,16250,13589,17783,10334,3433,451,5258,1412,7
Romania,1994,142100,3758,4598,840,558,419,935,3026,5747,10472,19659,33430,30779,28562,3909,1357,1669,1969,3778,5077,5395,7515,12144,15081,18349,18424,12355,17894,10668,3456,453,5156,1354,11
Romania,1995,145231,3392,4169,777,552,403,895,3114,5529,11317,19661,34313,32343,28897,4018,1313,1801,1830,3699,5256,6061,7249,12412,15419,18894,19777,12566,17868,11029,3562,456,4721,1298,16
Romania,1996,151213,3291,4042,751,520,402,875,3273,5369,12386,19954,35887,35489,28771,4225,1329,1944,1728,3641,5546,6840,7418,12536,16065,19822,21571,13918,17217,11554,3767,458,4562,1277,18
Romania,1997,148939,3271,3959,688,452,399,796,3111,5039,12664,19101,35440,37240,26441,4279,1276,1835,1719,3320,5515,7149,7300,11801,15810,19630,21733,15507,14961,11480,3838,441,4411,1195,17
Romania,1998,142002,2932,3555,623,376,393,692,2701,4728,12455,17789,33764,38380,22925,4216,1185,1516,1815,2913,5262,7193,7132,10657,15093,18671,21037,17343,11892,11033,3792,424,3931,1085,20
Romania,1999,137827,2581,3152,571,309,397,616,2433,4495,12107,17063,32733,39159,21015,4311,1096,1337,1880,2615,5013,7094,7306,9757,14746,17987,20564,18595,10376,10639,3867,444,3461,1013,31
Romania,2000,132504,2491,3003,512,256,371,552,2180,4166,11403,16420,31162,38398,20129,4430,984,1196,1902,2264,4565,6838,7636,8784,14019,17143,19752,18646,10087,10042,3915,515,3259,923,30
Romania,2001,135240,2391,2895,504,241,351,534,2101,4090,11359,17112,31113,39992,20556,4870,938,1163,2013,2077,4366,6993,8357,8755,13745,17368,20182,19810,11038,9518,4200,670,3136,885,24
Romania,2002,144188,2207,2720,513,239,333,568,2119,4278,11774,18681,32424,43099,22333,5599,924,1195,2062,2216,4290,7484,9398,9283,13971,18453,21529,21570,13342,8991,4702,897,2959,901,19
Romania,2003,155158,2224,2729,505,243,314,623,2148,4537,12309,20862,34153,46600,24666,5943,898,1250,1917,2620,4238,8071,10630,10232,14266,19887,23098,23502,16685,7981,4999,944,2972,937,31
Romania,2004,160161,2193,2674,481,236,265,656,2073,4667,12241,22343,34581,48172,26373,5828,842,1231,1787,2880,4042,8199,11173,11170,13911,20670,23727,24445,18835,7538,4938,890,2910,921,46
Romania,2005,148621,2072,2485,413,212,209,591,1794,4362,10621,21767,31182,44688,25542,5120,726,1068,1534,2828,3385,7236,10457,11310,12160,19022,21932,22756,18156,7386,4345,775,2697,800,51
Romania,2006,142674,1836,2209,373,195,185,532,1608,4229,9449,21783,29066,42946,25891,4526,656,952,1397,2832,2934,6515,10105,11678,11455,17611,20976,21970,18077,7814,3796,730,2404,717,53
Romania,2007,135600,1631,1964,333,171,163,447,1431,3844,8455,21289,26799,40859,26089,4031,611,820,1265,2579,2774,5681,9619,11670,10840,15959,19864,20995,17612,8477,3324,707,2135,610,57
Romania,2008,130518,1642,1940,298,152,148,373,1290,3290,7851,20841,25065,39187,26630,3680,592,698,1167,2123,2890,4961,9147,11694,10604,14461,19053,20134,17306,9324,2981,699,2092,521,77
Romania,2009,130218,1525,1812,287,140,136,302,1218,2966,7550,20603,24661,39043,27729,3978,598,620,1090,1876,3046,4504,8862,11741,11097,13564,19054,19989,17627,10102,3236,742,1952,438,80
Romania,2010,132414,1334,1612,278,131,132,258,1159,2756,7336,20424,25196,39540,29006,4792,582,577,1018,1738,3247,4089,8484,11940,12231,12965,19189,20351,18272,10734,3951,841,1743,390,71
Romania,2011,130283,1109,1362,253,118,123,232,1051,2517,6897,19476,25313,38207,29398,5536,525,526,917,1600,3279,3618,7722,11754,12831,12482,18185,20022,18365,11033,4548,988,1480,355,53
Romania,2012,132335,1111,1349,238,114,117,221,1002,2405,6867,19182,26370,38007,30787,5855,472,530,849,1556,3210,3657,7222,11960,13683,12687,17668,20339,18993,11794,4786,1069,1463,338,57
Romania,2013,127907,991,1208,217,106,105,202,928,2198,6534,17847,26388,35917,30496,5912,400,528,738,1460,2691,3843,6389,11458,13841,12547,16176,19741,18499,11997,4859,1053,1314,307,69
Romania,2014,131361,1031,1240,209,104,100,195,908,2111,6694,17508,27931,36181,31935,6363,345,563,688,1423,2471,4223,6021,11487,14358,13573,15764,20417,19067,12868,5230,1133,1344,295,93
Romania,2015,135649,921,1128,207,101,97,193,881,2040,7013,16915,30225,36467,33607,6872,309,572,664,1376,2363,4650,5635,11280,14946,15279,15467,21000,19865,13742,5673,1199,1229,290,113
Romania,2016,133913,874,1064,190,93,88,182,808,1891,7029,15521,31070,35156,33676,7210,281,527,620,1271,2222,4807,5087,10434,14890,16180,15086,20070,19697,13979,5996,1214,1157,270,123
Romania,2017,130375,949,1123,174,87,82,167,713,1727,6610,14355,31097,33528,33196,7559,257,456,597,1130,2077,4533,4964,9391,14550,16547,14777,18751,19220,13976,6289,1270,1210,249,132
Romania,2018,132016,772,950,178,82,79,157,651,1654,6043,14278,32245,33517,33970,8244,246,405,623,1031,2046,3997,5514,8764,14671,17574,15413,18104,19590,14380,6849,1395,1032,236,143
Romania,2019,129921,657,818,161,78,75,144,558,1558,5447,13813,31715,33154,33750,8659,226,332,638,920,1917,3530,5838,7975,14175,17540,16079,17075,19461,14289,7157,1502,896,219,151
Romania,2020,150440,612,759,147,70,69,128,464,1754,5452,15232,36522,41669,38433,9721,229,235,715,1039,1818,3634,7098,8134,15042,21480,21773,19896,22283,16150,8002,1719,829,197,167
Romania,2021,162731,586,719,133,68,69,146,451,1871,5995,16665,38835,47591,39735,10405,267,184,721,1150,1960,4035,8841,7824,14983,23852,26264,21327,22606,17129,8503,1902,787,215,181
Russia,1950,670408,140181,166074,25893,6699,10113,15157,48953,48610,71613,85731,103008,77514,30409,6430,28607,20346,19028,29582,34703,36910,39673,46058,51517,51491,43681,33833,19838,10571,4390,2040,172773,25270,93
Russia,1951,666040,122145,157342,35197,6104,9690,15305,52258,47535,73580,86694,103875,78804,29665,4989,29152,23106,18974,28561,35599,37981,40704,45990,51978,51897,44671,34133,19961,9704,3656,1333,163446,24995,195
Russia,1952,600774,108525,140963,32438,5577,8089,14729,49419,41426,67538,78027,93177,71625,26361,3684,25395,24024,17368,24058,32371,35167,37117,40910,46680,46497,40890,30735,18230,8131,2840,844,146540,22818,160
Russia,1953,583069,100603,133115,32512,5781,6730,15561,49577,39060,66631,76093,90524,70797,25928,3146,22833,26744,17471,21589,31604,35027,36620,39473,45293,45231,40630,30167,18270,7658,2506,640,138896,22291,126
Russia,1954,554744,96656,125976,29320,6308,4217,13980,44930,35609,63412,73906,87697,70085,25787,2768,18947,25983,17134,18475,29472,33940,36070,37836,44050,43647,40217,29868,18302,7485,2284,484,132284,18197,78
Russia,1955,507237,85167,110677,25510,7616,3300,12886,41506,33191,57610,68390,80065,65252,24313,2388,16762,24744,17171,16020,26229,31381,33443,34947,39967,40098,37221,28031,17232,7081,2025,363,118293,16186,38
Russia,1956,420300,64550,85249,20699,7203,2444,10337,34634,29076,47250,57984,66854,55875,21371,2003,14026,20608,16001,13075,20781,26469,28370,29614,33121,33733,31538,24337,15024,6347,1732,271,92452,12781,22
Russia,1957,448658,67005,87719,20714,8289,2484,9981,36565,33361,48723,62898,71218,61117,24083,2204,15731,20834,19401,13960,20461,28262,30966,31932,35001,36217,34013,27104,16720,7363,1933,271,96008,12465,15
Russia,1958,414284,60090,78357,18267,8007,2386,7832,33034,33466,43223,58932,65616,57830,23464,2130,15519,17515,20297,13169,17237,25986,29118,29814,32071,33545,31752,26078,16073,7391,1894,236,86364,10218,10
Russia,1959,454633,59639,77324,17685,7263,3564,7315,34681,37985,45057,64462,71616,67746,31171,6196,16257,18424,23317,14668,17147,27910,31907,32555,35086,36530,36548,31198,19688,11483,4267,1929,84587,10879,252
Russia,1960,443818,55245,71645,16400,6945,4139,5744,33219,39909,42237,64083,70933,66418,31898,6310,16425,16794,24113,15796,15510,26727,31600,32483,34466,36467,35271,31147,20608,11290,4489,1821,78590,9883,336
Russia,1961,449543,52214,68495,16281,6803,4644,4865,33055,43154,41017,66891,72317,68252,32926,6721,16554,16501,24902,18252,15428,25589,32605,34286,34806,37511,35877,32375,21300,11626,4896,1825,75298,9509,403
Russia,1962,466008,50294,66560,16266,6823,5005,4855,33570,47097,40885,71460,75203,71482,35458,7158,16147,17423,25291,21806,16454,24431,33950,37510,36184,39019,37390,34092,23163,12295,5307,1851,73383,9860,452
Russia,1963,458583,45331,60571,15240,6577,5170,5602,31907,48120,39144,71882,75161,71058,35926,7002,13760,18147,23454,24666,16688,22456,33890,37992,36944,38217,36710,34348,23802,12124,5287,1715,67148,10772,461
Russia,1964,446759,40073,53981,13908,6245,5070,6771,30171,47470,37734,71104,74858,69987,35959,6959,10945,19226,21090,26380,17260,20474,33569,37535,37954,36904,36437,33550,23850,12109,5240,1719,60226,11841,448
Russia,1965,471316,38378,51889,13511,6391,5235,8658,30503,50532,40256,75375,80743,74627,39152,7463,9452,21051,20856,29676,20215,20041,34944,40431,41416,39327,39515,35112,25774,13378,5508,1955,58280,13893,491
Russia,1966,483594,36786,49405,12619,6386,5194,10038,29944,51877,43811,76149,84689,76942,41049,7634,8473,21471,20766,31111,23643,20168,33890,42259,44332,40357,40988,35954,26856,14193,5595,2039,55791,15232,475
Russia,1967,502508,36336,48384,12048,6367,5219,10991,29852,53549,49845,76300,90543,79930,43092,7934,8923,20929,21946,31603,28294,21551,32260,44040,48317,42226,42593,37337,27928,15164,5792,2142,54751,16210,499
Russia,1968,521627,35811,47430,11619,6246,5313,12068,29266,54556,56336,76979,96357,81885,46654,8069,10705,18561,23939,30617,33511,22825,31009,45970,51199,45158,43682,38203,30441,16213,5898,2171,53676,17381,470
Russia,1969,554084,37053,48626,11573,6204,5492,12791,29962,57337,64341,79880,105191,86366,48869,8517,13923,16039,27545,29792,38814,25527,30606,49274,54867,50324,45596,40770,31123,17746,6294,2223,54830,18283,505
Russia,1970,561613,36916,48096,11180,5774,5351,12443,30294,56820,70283,77371,109045,87639,49223,8728,16973,13321,28789,28031,41717,28566,28420,48951,56346,52699,45859,41780,31181,18042,6517,2211,53870,17794,547
Russia,1971,572398,38647,49941,11294,5366,5260,12091,31155,56657,76423,75353,112828,88217,49553,9004,19178,11977,29026,27631,43066,33357,28472,46881,57690,55138,46077,42140,31200,18353,6827,2177,55307,17351,550
Russia,1972,585379,40403,51750,11347,5019,5155,11828,32747,56208,81567,73248,117247,90185,50564,9352,20112,12635,27581,28627,42650,38917,29786,43462,59204,58043,47295,42890,31731,18833,7189,2163,56769,16983,514
Russia,1973,594778,41153,52837,11684,4717,4961,11678,35846,54447,85279,71674,120469,91876,50895,9585,21068,14778,23865,30582,40392,44887,30867,40807,60498,59971,49473,42403,31705,19190,7462,2123,57554,16639,509
Russia,1974,610471,42846,54911,12065,4543,4738,11597,39638,53773,87880,72008,124146,95529,51320,9886,21390,18248,19911,33862,37816,50064,33262,38746,62389,61757,52992,42537,32292,19028,7753,2133,59454,16335,501
Russia,1975,645394,45463,58314,12851,4581,4583,11805,44506,54162,92971,76240,130457,102849,53938,10475,21838,22668,17285,36877,37084,55887,38788,37452,64457,66000,57886,44963,34266,19672,8156,2319,62895,16388,509
Russia,1976,668939,47293,60739,13446,4630,4352,12044,47725,53659,95960,83356,131942,108267,55054,10664,21891,25834,15879,37780,37333,58627,45574,37782,62429,69513,61606,46661,35142,19912,8179,2485,65369,16396,548
Russia,1977,688826,48183,62048,13865,4742,4117,12108,49254,53313,97846,93684,130269,114685,55507,10768,21786,27468,17001,36312,39157,58689,53743,39941,58153,72116,65899,48786,35435,20072,8265,2503,66790,16225,485
Russia,1978,710386,48779,62964,14185,4897,3915,11959,51478,52034,98777,104725,130008,121472,56647,11028,22155,29323,20141,31893,42441,56336,62849,41876,55256,74752,69338,52134,36302,20345,8419,2609,67861,15874,481
Russia,1979,744145,49293,63917,14624,5194,3849,11735,53719,52643,101962,117871,132559,130797,58165,11228,22926,30793,25436,27207,48108,53854,71718,46153,53633,78926,73454,57343,36872,21293,8494,2734,69111,15584,505
Russia,1980,762620,48157,62853,14696,5443,3795,11183,53844,53951,102768,130639,130091,136694,59714,11105,22722,31122,30806,23145,51185,51583,77975,52664,50570,79521,76361,60333,38171,21543,8399,2706,68296,14978,537
Russia,1981,760810,46737,60982,14245,5515,3716,10222,52617,54643,101024,138694,123575,139758,58774,10742,22318,30299,34043,20600,50805,50219,78952,59742,49373,74202,77583,62175,37601,21173,8157,2585,66497,13938,547
Russia,1982,754527,45103,58781,13678,5486,3676,9280,50593,56225,98022,144193,116854,141711,58727,10467,21442,29151,35058,21167,47278,50744,76226,67967,50284,66570,77582,64129,38065,20662,7985,2482,64267,12956,517
Russia,1983,777894,44543,58250,13707,5661,3829,8838,50809,62823,97199,153277,116311,148251,61430,10689,21138,29671,37708,25115,41906,55293,73459,79818,52994,63317,80721,67530,40380,21050,8143,2546,63911,12667,526
Russia,1984,814449,44026,58028,14002,5904,4088,8744,51359,71775,99098,161722,120107,156426,65639,11013,20828,30531,39904,31871,36072,63026,70514,91208,58656,61451,85294,71132,44047,21592,8433,2580,63932,12832,551
Russia,1985,782595,39311,52232,12921,5560,3995,8097,47212,74508,91951,156575,117149,150198,64345,10293,18605,28607,37947,36561,28802,63149,63456,93119,62552,54597,80653,69545,43503,20842,7959,2334,57792,12092,479
Russia,1986,692334,34096,44831,10735,4780,3577,7000,40048,68641,78219,138171,110024,129202,58420,8989,15198,24850,32755,35886,22600,55619,54597,83574,62774,47250,66556,62646,39800,18620,6947,2042,49611,10577,437
Russia,1987,706585,33751,44248,10497,4723,3649,7133,38909,70830,77180,140037,123040,125997,61526,8882,14312,24597,32561,38269,23674,53506,56771,83266,73637,49403,61546,64451,42333,19193,6881,2001,48971,10782,430
Russia,1988,728779,30735,41221,10486,4733,3774,7490,38037,74677,75853,142861,139320,125952,65423,8975,13740,24297,33165,41512,28064,47789,62153,80708,86864,52456,58547,67405,44953,20470,6950,2025,45954,11264,463
Russia,1989,757093,27018,37262,10244,4754,3911,7901,37449,77390,76556,147961,157005,127672,69719,9050,13556,23893,33761,43629,35630,40926,70727,77234,98810,58195,56576,71096,47421,22298,7038,2012,42016,11812,458
Russia,1990,798720,23969,33630,9661,4781,4061,8368,37317,80000,80878,154372,179000,130055,76082,9690,13824,23493,34576,45424,45085,35793,77981,76391,110918,68082,55719,74336,51670,24412,7605,2085,38411,12429,478
Russia,1991,826105,21104,29835,8731,4766,4111,8732,36377,81217,85112,158154,197520,129095,80702,10038,13932,22445,35208,46009,52198,32914,80875,77279,117207,80313,56841,72254,54496,26206,7994,2044,34601,12843,449
Russia,1992,908074,19118,27425,8307,5068,4423,9619,37873,86973,97583,171320,228493,136416,91500,10926,15224,22649,37613,49360,60406,37177,84331,86989,126558,101935,64148,72268,61417,30083,8797,2129,32493,14042,455
Russia,1993,1116758,19373,28042,8669,5944,5343,12000,44981,104518,130952,203637,289669,163377,114684,13168,19026,25955,44559,59959,78208,52744,89772,113865,146364,143305,81571,81806,77026,37658,10888,2280,33986,17343,441
Russia,1994,1233614,19541,27666,8125,6088,5743,13367,48533,111649,158354,218982,320695,179849,127755,14562,21333,27200,46805,64844,87187,71167,81517,137465,148344,172351,95857,83992,86016,41739,12217,2345,33754,19110,367
Russia,1995,1214286,17839,24712,6873,5425,5488,14396,53776,110377,169994,206258,311688,177393,121095,13473,24668,29108,45983,64394,85599,84395,66132,140126,134893,176795,102056,75337,80933,40162,11545,1928,30137,19884,209
Russia,1996,1110573,15739,21439,5700,4427,4859,12538,46811,95615,162755,182484,286386,174429,106462,12194,21616,25195,38079,57536,76401,86354,53884,128600,120974,165412,106538,67891,69008,37454,10570,1624,25866,17397,170
Russia,1997,1038493,14243,19233,4990,3610,4415,10904,40752,83143,153954,165936,268851,180948,94810,11794,18662,22090,31716,51427,69238,84716,51860,114076,116453,152398,115513,65435,58603,36207,10286,1508,22843,15319,147
Russia,1998,1023690,13172,17792,4620,3009,4114,10511,40461,77697,154603,155383,262193,195858,89873,12059,18493,21968,29019,48678,67107,87496,58572,96811,121639,140554,129493,66365,53219,36654,10488,1571,20801,14625,136
Russia,1999,1137779,12901,17649,4748,2807,4240,12092,48664,84132,171247,166657,288043,232444,96047,13605,22347,26317,31682,52450,73448,97799,79144,87513,146201,141842,154574,77870,55014,41033,11788,1817,20456,16332,145
Russia,2000,1207924,12415,17038,4623,2582,4159,12436,51533,84405,177994,177265,302484,265080,97760,15034,23397,28136,32535,51870,76005,101989,100691,76574,161612,140872,173573,91507,54708,43052,13005,2029,19620,16595,158
Russia,2001,1223852,12197,16407,4210,2315,3800,11801,50180,79966,176939,183044,303155,285034,95054,15984,22283,27897,31812,48154,75953,100986,114171,68873,163660,139495,179465,105569,54436,40618,13811,2173,18722,15601,171
Russia,2002,1269429,12087,16039,3952,2170,3430,11856,52032,79713,179781,198099,308138,306586,94289,17099,22833,29199,33218,46495,77208,102573,124534,73565,159925,148213,181539,125047,57042,37247,14727,2372,18209,15286,199
Russia,2003,1282402,11322,14955,3633,2023,2947,11269,51971,77707,178219,218435,298688,314907,93154,17877,22474,29497,33851,43856,75535,102684,132557,85878,139327,159361,171868,143039,58547,34607,15360,2517,16978,14216,250
Russia,2004,1249512,10910,14243,3333,1857,2451,10266,50064,73875,168219,232800,280549,304072,92989,17857,21277,28787,33435,40440,70068,98151,130263,102537,111032,169517,153264,150808,60551,32438,15358,2499,16100,12717,266
Russia,2005,1256195,10104,13353,3249,1732,2123,9585,49139,73408,161989,253197,270002,304742,98665,17988,20432,28707,34060,39348,65541,96448,128761,124436,92134,177868,144259,160483,67877,30788,15319,2669,15085,11708,276
Russia,2006,1157611,9357,12178,2821,1480,1690,7901,43490,67042,143296,243829,239087,280899,100447,16001,17696,25794,31523,35519,55530,87766,115518,128311,75694,163393,129837,151062,72118,28329,13336,2665,13658,9591,268
Russia,2007,1103620,9136,11717,2581,1303,1432,6586,40064,63806,130258,235437,221632,268948,107948,14212,16090,23974,30054,33752,48891,81367,107329,128108,75295,146337,128071,140877,79965,27983,11508,2704,13020,8018,275
Russia,2008,1098713,8730,11276,2546,1195,1312,5647,38475,63866,123266,238822,211609,268279,120801,13866,15210,23265,30017,33849,45391,77875,105492,133330,86673,124936,136698,131581,91867,28934,10985,2881,12471,6959,296
Russia,2009,1058819,8415,10828,2413,1082,1182,4641,35434,61804,112600,228364,200392,260744,127889,13562,13794,21640,28820,32984,41319,71281,99501,128863,101988,98404,144093,116651,97549,30340,10615,2947,11910,5823,301
Russia,2010,1062687,8193,10594,2401,1016,1091,3918,33680,62120,106757,224342,204294,261199,140081,13263,12986,20694,28666,33454,40129,66628,97601,126741,122693,81601,150767,110432,105529,34552,10271,2992,11610,5009,329
Russia,2011,1006070,7930,10102,2172,911,954,3211,29905,58555,95555,208526,198956,245860,140707,12487,11191,18714,26643,31912,37348,58207,91549,116977,129575,69381,142331,103529,102302,38405,9824,2663,11013,4165,344
Russia,2012,989082,8982,11123,2141,865,863,2734,27392,56936,89641,199729,204535,237935,144290,12661,9647,17745,25540,31396,36625,53016,87638,112091,132816,71719,131161,106774,99527,44763,10239,2422,11988,3597,373
Russia,2013,967337,8462,10725,2263,819,769,2422,24593,55048,84497,190952,216956,223363,143750,13028,8073,16520,24302,30746,36052,48445,82512,108440,135595,81361,110156,113207,92246,51504,10662,2366,11544,3191,417
Russia,2014,972102,7648,9986,2338,802,715,2257,22507,54346,82735,186091,237059,216406,144129,14604,6903,15604,23571,30775,36642,46093,79024,107067,137135,99924,91250,125156,86209,57920,12109,2495,10788,2972,470
Russia,2015,954429,6761,8997,2236,768,656,2041,20013,51972,80114,175557,250340,203833,143252,16405,5732,14281,22056,29916,36299,43815,72427,103130,132421,117919,74760,129073,81359,61893,13964,2441,9765,2697,480
Russia,2016,932684,5899,7986,2087,747,608,1853,17543,49660,78231,166236,255140,192611,142302,19277,4793,12750,20770,28890,35903,42328,65713,100523,126621,128519,66374,126237,79745,62557,16634,2643,8733,2461,489
Russia,2017,892947,4526,6363,1837,743,560,1638,14797,46464,75245,153192,248054,181961,141134,22308,4041,10756,19298,27166,34589,40656,58703,94489,119314,128740,67843,114118,81430,59704,19446,2862,7106,2198,482
Russia,2018,901628,3859,5479,1620,773,549,1518,13115,45514,76617,148050,255713,179175,147697,26871,3748,9367,18662,26852,35138,41479,55675,92375,120021,135692,79820,99355,90003,57694,23537,3334,6252,2067,554
Russia,2019,888779,3422,4788,1366,767,528,1384,11357,43065,76169,139438,251883,177431,151159,30175,3445,7912,17371,25694,34665,41504,52216,87222,117037,134846,96231,81200,97891,53268,26249,3926,5555,1912,637
Russia,2020,1059666,3182,4179,997,733,859,3061,17336,62095,94385,159488,290251,211482,178678,36402,5818,11518,25709,36386,45096,49289,61612,97876,132604,157647,128692,82790,120676,58002,31345,5057,4912,3920,715
Russia,2021,1229393,3029,3955,926,914,1150,3328,17358,72170,115541,181977,341190,245266,205827,39954,6101,11257,28113,44057,54597,60944,73047,108930,166404,174786,156845,88421,139630,66197,33765,6189,4869,4478,763
Rwanda,1950,24377,9136,15258,6122,1191,565,616,1350,821,877,1071,1422,899,293,15,756,594,417,404,431,446,521,550,697,725,505,394,218,75,15,0,16449,1181,0
Rwanda,1951,25424,9416,15981,6565,1247,564,614,1412,854,892,1088,1470,969,319,17,774,638,446,408,439,453,528,560,703,767,562,407,235,84,16,1,17228,1178,0
Rwanda,1952,26272,9658,16526,6868,1310,563,605,1459,892,901,1103,1503,1048,343,20,784,675,480,412,441,460,531,572,703,800,633,415,252,91,18,2,17836,1168,0
Rwanda,1953,26991,9894,17008,7114,1366,566,591,1486,926,901,1110,1511,1131,369,21,785,701,513,413,437,464,526,584,692,819,707,424,270,99,19,2,18374,1157,0
Rwanda,1954,27736,10108,17428,7320,1443,576,583,1519,986,909,1125,1525,1227,390,23,788,731,559,427,436,473,528,597,690,835,777,450,283,107,21,2,18871,1159,0
Rwanda,1955,28388,10300,17756,7456,1532,592,575,1536,1046,917,1135,1536,1325,410,26,786,750,599,447,437,480,530,605,692,844,832,493,295,115,24,2,19288,1167,0
Rwanda,1956,29073,10485,18088,7603,1613,616,572,1544,1117,926,1152,1554,1432,429,29,779,765,641,476,440,486,537,615,703,851,881,551,306,123,27,2,19701,1188,0
Rwanda,1957,29094,10452,17944,7492,1631,628,559,1512,1173,924,1154,1561,1533,443,32,752,760,667,506,439,485,540,614,716,845,914,619,311,132,30,2,19575,1187,0
Rwanda,1958,29081,10403,17773,7370,1643,640,554,1484,1233,923,1152,1563,1623,459,37,728,756,692,541,442,481,545,607,730,833,934,689,317,142,33,4,19416,1194,0
Rwanda,1959,29024,10344,17611,7267,1644,659,549,1436,1273,917,1150,1563,1699,486,39,699,737,701,572,445,472,549,601,739,824,947,752,337,149,35,4,19255,1208,0
Rwanda,1960,29044,10275,17440,7165,1639,686,555,1402,1318,934,1160,1579,1764,525,38,678,724,712,606,464,470,555,605,751,828,960,804,371,154,35,3,19079,1241,0
Rwanda,1961,29077,10219,17323,7104,1644,713,568,1360,1351,953,1162,1589,1805,571,37,658,702,712,639,486,467,555,607,754,835,960,845,415,156,35,2,18967,1281,0
Rwanda,1962,29173,10168,17278,7110,1665,738,586,1312,1367,979,1163,1601,1831,618,36,640,672,704,663,514,465,553,610,752,849,954,877,464,154,35,1,18943,1324,0
Rwanda,1963,34171,10270,17928,7658,2325,1348,1067,2101,2189,1382,1390,1767,1948,694,35,1031,1070,1120,1069,774,608,670,720,830,937,1001,947,534,160,34,1,20253,2415,0
Rwanda,1964,29641,10116,17266,7150,1738,803,653,1282,1411,1071,1175,1633,1852,727,32,649,633,697,714,594,477,546,629,747,886,937,915,562,165,32,0,19004,1456,0
Rwanda,1965,30011,10227,17428,7201,1781,827,693,1269,1398,1121,1172,1641,1864,784,32,659,610,678,720,629,492,540,632,745,896,939,925,600,184,32,0,19209,1520,0
Rwanda,1966,30772,10474,17796,7322,1838,862,748,1312,1410,1199,1180,1660,1885,850,38,701,611,673,737,675,524,542,638,753,907,953,932,639,211,37,1,19634,1610,0
Rwanda,1967,31703,10870,18375,7505,1891,896,792,1353,1401,1277,1182,1668,1909,912,41,743,610,659,742,714,563,542,640,761,907,977,932,668,244,40,1,20266,1688,0
Rwanda,1968,33133,11415,19216,7801,1958,941,855,1452,1431,1388,1209,1704,1950,980,51,812,640,665,766,765,623,559,650,786,918,1015,935,699,281,47,4,21174,1796,0
Rwanda,1969,34698,12056,20251,8195,2021,988,914,1567,1444,1486,1228,1725,1982,1031,65,891,676,666,778,805,681,579,649,803,922,1043,939,717,314,57,8,22272,1902,1
Rwanda,1970,36276,12706,21356,8650,2078,1029,955,1683,1444,1566,1261,1748,2012,1069,73,970,713,666,778,831,735,609,652,818,930,1063,949,731,338,66,7,23434,1984,1
Rwanda,1971,37975,13348,22478,9130,2138,1074,1002,1822,1461,1662,1319,1778,2052,1100,84,1056,766,676,785,861,801,657,662,833,945,1081,971,741,359,76,8,24616,2076,1
Rwanda,1972,39755,14030,23737,9707,2219,1117,1047,1954,1466,1732,1376,1802,2086,1114,99,1130,824,688,778,877,855,710,666,841,961,1087,999,739,375,89,10,25956,2164,1
Rwanda,1973,41869,14845,25225,10380,2331,1163,1103,2109,1485,1800,1458,1833,2127,1128,107,1215,894,711,774,894,906,778,680,846,987,1094,1033,740,388,99,8,27556,2266,1
Rwanda,1974,44290,15743,26909,11166,2483,1216,1163,2278,1521,1863,1558,1866,2171,1146,116,1301,977,746,775,909,954,852,706,851,1015,1105,1066,746,400,108,8,29392,2379,0
Rwanda,1975,46754,16647,28594,11947,2646,1262,1225,2453,1576,1917,1681,1898,2214,1162,126,1377,1076,794,782,919,998,931,750,859,1039,1123,1091,757,405,116,10,31240,2487,0
Rwanda,1976,48873,17534,30144,12610,2787,1295,1266,2584,1620,1927,1794,1914,2233,1174,130,1430,1154,839,781,911,1016,997,797,864,1050,1133,1100,769,405,119,11,32931,2561,0
Rwanda,1977,50436,18175,31200,13025,2879,1312,1294,2698,1682,1932,1924,1930,2254,1191,138,1475,1223,895,787,899,1033,1063,861,871,1059,1150,1104,788,403,124,14,34079,2606,0
Rwanda,1978,50978,18462,31530,13068,2887,1304,1291,2759,1725,1907,2045,1931,2264,1198,139,1492,1267,937,788,873,1034,1112,933,877,1054,1168,1096,803,395,125,14,34417,2595,0
Rwanda,1979,50614,18435,31102,12667,2801,1269,1261,2781,1791,1882,2165,1945,2272,1202,136,1489,1292,987,804,852,1030,1155,1010,900,1045,1183,1089,812,390,122,14,33903,2530,0
Rwanda,1980,49698,18095,30134,12039,2664,1224,1221,2783,1883,1871,2287,1991,2288,1211,138,1480,1303,1050,833,842,1029,1194,1093,945,1046,1196,1092,818,393,124,14,32798,2445,0
Rwanda,1981,48438,17583,28873,11290,2499,1169,1173,2766,1972,1858,2399,2060,2304,1223,143,1458,1308,1101,871,838,1020,1220,1179,1009,1051,1205,1099,823,400,126,17,31372,2342,0
Rwanda,1982,47422,17065,27693,10628,2362,1124,1135,2769,2090,1864,2512,2154,2327,1238,156,1444,1325,1160,930,850,1014,1249,1263,1095,1059,1214,1113,824,414,131,25,30055,2259,2
Rwanda,1983,47480,16671,26882,10211,2293,1106,1135,2883,2329,1969,2710,2340,2398,1268,159,1476,1407,1282,1047,916,1053,1322,1388,1236,1104,1242,1156,837,431,132,27,29175,2241,3
Rwanda,1984,47817,16334,26300,9966,2282,1111,1156,3008,2589,2085,2880,2540,2439,1280,148,1512,1496,1405,1184,996,1089,1382,1498,1380,1160,1251,1188,841,439,128,20,28582,2267,1
Rwanda,1985,48508,16011,25802,9791,2308,1125,1193,3154,2893,2250,3061,2788,2495,1292,140,1554,1600,1534,1359,1106,1144,1449,1612,1541,1247,1276,1219,851,441,124,16,28110,2318,1
Rwanda,1986,49623,15816,25441,9625,2358,1151,1246,3343,3249,2471,3241,3090,2561,1323,148,1616,1727,1689,1560,1254,1217,1518,1723,1719,1371,1310,1251,873,450,131,17,27799,2397,1
Rwanda,1987,51292,15769,25263,9494,2428,1191,1313,3582,3685,2773,3438,3450,2636,1363,167,1702,1880,1884,1801,1451,1322,1593,1845,1914,1536,1355,1281,902,461,143,24,27691,2504,2
Rwanda,1988,52786,15738,25155,9417,2504,1234,1376,3778,4072,3057,3566,3783,2689,1393,177,1778,2000,2054,2018,1638,1419,1637,1929,2075,1708,1394,1295,930,463,150,27,27659,2610,3
Rwanda,1989,54810,15796,25356,9560,2629,1313,1456,4000,4494,3412,3697,4127,2755,1406,161,1876,2124,2244,2250,1867,1545,1687,2010,2230,1897,1457,1298,946,460,144,17,27985,2769,1
Rwanda,1990,60336,16055,26090,10035,2843,1466,1810,5271,5613,4155,4015,4596,2912,1424,145,2530,2741,2841,2772,2331,1824,1842,2173,2448,2148,1584,1328,967,457,134,11,28933,3276,1
Rwanda,1991,66282,16720,27546,10826,3138,1671,2110,6239,6634,4939,4295,5036,3098,1439,138,3030,3209,3365,3269,2808,2131,1995,2300,2632,2404,1741,1357,980,459,130,8,30684,3781,1
Rwanda,1992,73754,17905,29913,12008,3575,1962,2414,7116,7758,5893,4629,5515,3349,1475,150,3467,3649,3910,3848,3364,2529,2195,2434,2832,2683,1953,1396,1000,475,137,13,33488,4376,0
Rwanda,1993,82386,19609,33225,13616,4168,2358,2673,7679,8915,7011,5020,6007,3662,1506,161,3693,3986,4425,4490,4009,3002,2450,2570,3038,2969,2209,1453,1017,489,143,18,37393,5031,0
Rwanda,1994,474938,30759,60086,29327,16860,18419,45779,105400,93685,58002,34591,28053,11003,2815,243,55195,50205,48860,44825,35854,22148,18285,16306,15618,12435,7388,3615,1981,834,215,28,76946,64198,0
Rwanda,1995,57560,15170,27054,11884,3807,2179,2133,4851,4811,4067,2588,3114,2137,739,84,2461,2390,2387,2424,2191,1876,1354,1234,1504,1610,1336,801,493,246,72,12,30861,4312,0
Rwanda,1996,60747,16755,29240,12485,3991,2336,2270,4896,4806,4175,2686,3158,2337,764,88,2494,2402,2366,2440,2222,1953,1451,1235,1500,1658,1457,880,509,255,75,13,33231,4606,1
Rwanda,1997,76821,20844,35956,15112,4815,2905,3268,7170,6201,5251,3398,3829,2995,922,108,3767,3403,3102,3099,2789,2462,1882,1516,1796,2033,1853,1142,617,305,92,16,40771,6173,1
Rwanda,1998,77978,21218,35881,14663,4538,2836,3621,8056,6344,5317,3495,3736,3131,918,109,4332,3724,3218,3126,2809,2508,1979,1516,1727,2009,1909,1222,617,301,93,16,40419,6457,1
Rwanda,1999,69926,20575,34215,13640,3954,2530,2826,5621,4896,4483,3190,3495,3360,1146,206,2993,2628,2411,2485,2351,2132,1788,1402,1581,1914,1923,1437,773,373,157,49,38169,5356,2
Rwanda,2000,65006,19331,31759,12428,3399,2220,2512,4860,4292,4120,3064,3375,3589,1482,331,2608,2252,2095,2197,2165,1955,1704,1360,1517,1858,1960,1629,1007,475,228,103,35158,4732,6
Rwanda,2001,61563,17909,28852,10943,2934,1910,2379,4771,4061,4022,3030,3339,3823,1932,489,2606,2165,1989,2072,2116,1906,1678,1352,1508,1831,2036,1787,1314,618,310,179,31786,4289,18
Rwanda,2002,57800,16541,26110,9569,2566,1611,2141,4348,3679,3865,2968,3299,4011,2477,679,2406,1942,1798,1881,2015,1850,1644,1324,1498,1801,2115,1896,1657,820,411,268,28676,3752,44
Rwanda,2003,53631,15355,23817,8462,2259,1357,1850,3771,3200,3607,2886,3183,4043,2831,760,2104,1667,1560,1640,1843,1764,1600,1286,1445,1738,2124,1919,1836,995,467,293,26076,3207,69
Rwanda,2004,49930,14091,21529,7438,1991,1182,1679,3607,2927,3426,2930,3093,4016,2824,656,2026,1581,1440,1487,1702,1724,1611,1319,1401,1692,2089,1927,1772,1052,434,222,23520,2861,74
Rwanda,2005,47064,12961,19479,6518,1766,1053,1516,3475,2744,3312,3042,3076,4071,2852,607,1938,1537,1355,1389,1597,1715,1648,1394,1390,1686,2069,2002,1720,1132,432,175,21245,2569,70
Rwanda,2006,45180,11908,17612,5704,1597,967,1398,3470,2710,3311,3243,3126,4171,2911,610,1896,1574,1341,1369,1555,1756,1726,1517,1419,1707,2059,2112,1692,1219,458,152,19209,2365,60
Rwanda,2007,43543,10976,16036,5060,1472,898,1290,3428,2650,3239,3399,3170,4247,2994,673,1826,1602,1314,1336,1486,1753,1780,1619,1460,1710,2038,2209,1696,1298,521,152,17508,2188,48
Rwanda,2008,42261,10098,14576,4478,1352,832,1190,3387,2672,3221,3586,3242,4286,3085,788,1742,1645,1330,1342,1457,1764,1857,1729,1532,1710,2019,2267,1737,1348,613,175,15928,2022,40
Rwanda,2009,41502,9333,13350,4017,1263,782,1132,3365,2720,3200,3774,3357,4337,3231,958,1674,1691,1371,1349,1441,1759,1933,1841,1637,1720,2028,2309,1845,1386,736,222,14613,1914,39
Rwanda,2010,41656,8645,12295,3650,1204,757,1169,3658,2963,3249,3954,3476,4333,3392,1164,1779,1879,1537,1426,1479,1770,2013,1941,1757,1719,2032,2301,1982,1410,868,296,13499,1926,43
Rwanda,2011,41528,7983,11131,3148,1090,702,1101,3481,3029,3279,4243,3796,4500,3693,1428,1651,1830,1593,1436,1502,1777,2132,2111,1976,1820,2133,2367,2210,1483,1028,400,12221,1803,58
Rwanda,2012,41271,7552,10325,2773,1010,670,1030,3169,3009,3211,4390,4061,4582,3997,1730,1474,1695,1599,1410,1485,1726,2166,2224,2150,1911,2187,2395,2409,1588,1189,541,11335,1700,88
Rwanda,2013,40170,7302,9814,2512,945,649,996,3025,3018,3121,4427,4244,4461,3864,1509,1403,1622,1620,1398,1457,1664,2141,2286,2268,1976,2151,2310,2354,1510,1031,478,10759,1645,97
Rwanda,2014,40070,7117,9435,2318,893,641,988,2999,3195,3196,4592,4545,4420,3762,1303,1386,1613,1710,1485,1508,1688,2179,2413,2433,2112,2145,2275,2277,1485,887,416,10328,1629,98
Rwanda,2015,39547,6976,9139,2163,843,630,972,2898,3245,3166,4615,4792,4371,3655,1129,1347,1551,1714,1531,1498,1668,2136,2479,2541,2251,2127,2244,2172,1483,768,361,9982,1602,91
Rwanda,2016,39896,6905,9002,2097,819,634,987,2908,3445,3278,4723,5117,4375,3545,984,1357,1551,1778,1667,1558,1720,2139,2584,2686,2431,2146,2229,2067,1478,675,309,9821,1621,80
Rwanda,2017,40113,6833,8924,2091,808,640,1005,2905,3609,3374,4747,5377,4369,3409,877,1362,1543,1810,1799,1613,1761,2116,2631,2793,2584,2181,2188,1961,1448,614,263,9732,1645,69
Rwanda,2018,39915,6789,8898,2109,805,643,1020,2842,3623,3373,4643,5551,4365,3276,809,1348,1494,1766,1857,1626,1747,2048,2595,2850,2701,2233,2132,1879,1397,585,224,9703,1663,62
Rwanda,2019,40385,6675,8784,2109,802,644,1049,2869,3767,3544,4670,5813,4454,3172,766,1366,1503,1784,1983,1739,1805,2062,2608,2961,2852,2354,2100,1834,1338,574,192,9586,1693,55
Rwanda,2020,40878,6543,8666,2123,801,645,1074,2890,3872,3737,4688,6058,4588,3074,736,1379,1511,1790,2082,1875,1862,2090,2598,3067,2991,2509,2079,1805,1269,571,165,9467,1719,47
Rwanda,2021,43382,6396,8493,2097,792,623,1023,2685,3742,4011,5136,7180,5406,3444,800,1287,1398,1667,2075,2025,1986,2293,2843,3569,3611,3065,2341,2035,1409,640,160,9285,1646,43
Saint Barthelemy,1950,16,3,3,0,0,0,0,0,0,0,0,0,0,0,0,0,0,0,0,0,0,0,0,0,0,0,0,0,0,0,0,3,0,0
Saint Barthelemy,1951,15,3,3,0,0,0,0,0,0,0,0,0,0,0,0,0,0,0,0,0,0,0,0,0,0,0,0,0,0,0,0,3,0,0
Saint Barthelemy,1952,14,2,2,0,0,0,0,0,0,0,0,0,0,0,0,0,0,0,0,0,0,0,0,0,0,0,0,0,0,0,0,2,0,0
Saint Barthelemy,1953,14,2,2,0,0,0,0,0,0,0,0,0,0,0,0,0,0,0,0,0,0,0,0,0,0,0,0,0,0,0,0,2,0,0
Saint Barthelemy,1954,14,2,2,0,0,0,0,0,0,0,0,0,0,0,0,0,0,0,0,0,0,0,0,0,0,0,0,0,0,0,0,2,0,0
Saint Barthelemy,1955,14,2,2,0,0,0,0,0,0,0,0,0,0,0,0,0,0,0,0,0,0,0,0,0,0,0,0,0,0,0,0,2,0,0
Saint Barthelemy,1956,14,2,2,0,0,0,0,0,0,0,0,0,0,0,0,0,0,0,0,0,0,0,0,0,0,0,0,0,0,0,0,2,0,0
Saint Barthelemy,1957,13,2,2,0,0,0,0,0,0,0,0,0,0,0,0,0,0,0,0,0,0,0,0,0,0,0,0,0,0,0,0,2,0,0
Saint Barthelemy,1958,13,2,2,0,0,0,0,0,0,0,0,0,0,0,0,0,0,0,0,0,0,0,0,0,0,0,0,0,0,0,0,2,0,0
Saint Barthelemy,1959,13,2,2,0,0,0,0,0,0,0,0,0,0,0,0,0,0,0,0,0,0,0,0,0,0,0,0,0,0,0,0,2,0,0
Saint Barthelemy,1960,13,2,2,0,0,0,0,0,0,0,0,0,0,0,0,0,0,0,0,0,0,0,0,0,0,0,0,0,0,0,0,2,0,0
Saint Barthelemy,1961,14,2,2,0,0,0,0,0,0,0,0,0,0,0,0,0,0,0,0,0,0,0,0,0,0,0,0,0,0,0,0,2,0,0
Saint Barthelemy,1962,13,2,2,0,0,0,0,0,0,0,0,0,0,0,0,0,0,0,0,0,0,0,0,0,0,0,0,0,0,0,0,2,0,0
Saint Barthelemy,1963,12,2,2,0,0,0,0,0,0,0,0,0,0,0,0,0,0,0,0,0,0,0,0,0,0,0,0,0,0,0,0,2,0,0
Saint Barthelemy,1964,12,2,2,0,0,0,0,0,0,0,0,0,0,0,0,0,0,0,0,0,0,0,0,0,0,0,0,0,0,0,0,2,0,0
Saint Barthelemy,1965,13,2,2,0,0,0,0,0,0,0,0,0,0,0,0,0,0,0,0,0,0,0,0,0,0,0,0,0,0,0,0,2,0,0
Saint Barthelemy,1966,12,2,2,0,0,0,0,0,0,0,0,0,0,0,0,0,0,0,0,0,0,0,0,0,0,0,0,0,0,0,0,2,0,0
Saint Barthelemy,1967,12,2,2,0,0,0,0,0,0,0,0,0,0,0,0,0,0,0,0,0,0,0,0,0,0,0,0,0,0,0,0,2,0,0
Saint Barthelemy,1968,12,2,2,0,0,0,0,0,0,0,0,0,0,0,0,0,0,0,0,0,0,0,0,0,0,0,0,0,0,0,0,2,0,0
Saint Barthelemy,1969,12,2,2,0,0,0,0,0,0,0,0,0,0,0,0,0,0,0,0,0,0,0,0,0,0,0,0,0,0,0,0,2,0,0
Saint Barthelemy,1970,10,1,1,0,0,0,0,0,0,0,0,0,0,0,0,0,0,0,0,0,0,0,0,0,0,0,0,0,0,0,0,1,0,0
Saint Barthelemy,1971,10,1,1,0,0,0,0,0,0,0,0,0,0,0,0,0,0,0,0,0,0,0,0,0,0,0,0,0,0,0,0,1,0,0
Saint Barthelemy,1972,10,1,1,0,0,0,0,0,0,0,0,0,0,0,0,0,0,0,0,0,0,0,0,0,0,0,0,0,0,0,0,1,0,0
Saint Barthelemy,1973,10,1,1,0,0,0,0,0,0,0,0,0,0,0,0,0,0,0,0,0,0,0,0,0,0,0,0,0,0,0,0,1,0,0
Saint Barthelemy,1974,10,1,1,0,0,0,0,0,0,0,0,0,0,0,0,0,0,0,0,0,0,0,0,0,0,0,0,0,0,0,0,1,0,0
Saint Barthelemy,1975,10,1,1,0,0,0,0,0,0,0,0,0,0,0,0,0,0,0,0,0,0,0,0,0,0,0,0,0,0,0,0,1,0,0
Saint Barthelemy,1976,10,1,1,0,0,0,0,0,0,0,0,0,0,0,0,0,0,0,0,0,0,0,0,0,0,0,0,0,0,0,0,1,0,0
Saint Barthelemy,1977,10,1,1,0,0,0,0,0,0,0,0,0,0,0,0,0,0,0,0,0,0,0,0,0,0,0,0,0,0,0,0,1,0,0
Saint Barthelemy,1978,10,1,1,0,0,0,0,0,0,0,0,0,0,0,0,0,0,0,0,0,0,0,0,0,0,0,0,0,0,0,0,1,0,0
Saint Barthelemy,1979,10,1,1,0,0,0,0,0,0,0,0,0,0,0,0,0,0,0,0,0,0,0,0,0,0,0,0,0,0,0,0,1,0,0
Saint Barthelemy,1980,10,1,1,0,0,0,0,0,0,0,0,0,0,0,0,0,0,0,0,0,0,0,0,0,0,0,0,0,0,0,0,1,0,0
Saint Barthelemy,1981,10,1,1,0,0,0,0,0,0,0,0,0,0,0,0,0,0,0,0,0,0,0,0,0,0,0,0,0,0,0,0,1,0,0
Saint Barthelemy,1982,10,1,1,0,0,0,0,0,0,0,0,0,0,0,0,0,0,0,0,0,0,0,0,0,0,0,0,0,0,0,0,1,0,0
Saint Barthelemy,1983,10,1,1,0,0,0,0,0,0,0,0,0,0,0,0,0,0,0,0,0,0,0,0,0,0,0,0,0,0,0,0,1,0,0
Saint Barthelemy,1984,11,1,1,0,0,0,0,0,0,0,0,0,0,0,0,0,0,0,0,0,0,0,0,0,0,0,0,0,0,0,0,1,0,0
Saint Barthelemy,1985,12,1,1,0,0,0,0,0,0,0,0,0,0,0,0,0,0,0,0,0,0,0,0,0,0,0,0,0,0,0,0,1,0,0
Saint Barthelemy,1986,11,1,1,0,0,0,0,0,0,0,0,0,0,0,0,0,0,0,0,0,0,0,0,0,0,0,0,0,0,0,0,1,0,0
Saint Barthelemy,1987,12,1,1,0,0,0,0,0,0,0,0,0,0,0,0,0,0,0,0,0,0,0,0,0,0,0,0,0,0,0,0,1,0,0
Saint Barthelemy,1988,12,1,1,0,0,0,0,0,0,0,0,0,0,0,0,0,0,0,0,0,0,0,0,0,0,0,0,0,0,0,0,1,0,0
Saint Barthelemy,1989,12,1,1,0,0,0,0,0,0,0,0,0,0,0,0,0,0,0,0,0,0,0,0,0,0,0,0,0,0,0,0,1,0,0
Saint Barthelemy,1990,12,1,1,0,0,0,0,0,0,0,0,0,0,0,0,0,0,0,0,0,0,0,0,0,0,0,0,0,0,0,0,1,0,0
Saint Barthelemy,1991,12,1,1,0,0,0,0,0,0,0,0,0,0,0,0,0,0,0,0,0,0,0,0,0,0,0,0,0,0,0,0,1,0,0
Saint Barthelemy,1992,13,1,1,0,0,0,0,0,0,0,0,0,0,0,0,0,0,0,0,0,0,0,0,0,0,0,0,0,0,0,0,1,0,0
Saint Barthelemy,1993,14,1,1,0,0,0,0,0,0,0,0,0,1,0,0,0,0,0,0,0,0,0,0,0,0,1,0,0,0,0,0,1,0,0
Saint Barthelemy,1994,15,1,1,0,0,0,0,0,0,0,0,0,4,0,0,0,0,0,0,0,0,0,0,0,0,3,1,0,0,0,0,1,0,0
Saint Barthelemy,1995,17,1,1,0,0,0,0,0,0,0,0,1,7,0,0,0,0,0,0,0,0,0,0,0,1,5,2,0,0,0,0,1,0,0
Saint Barthelemy,1996,18,1,1,0,0,0,0,0,0,0,0,1,8,0,0,0,0,0,0,0,0,0,0,0,1,5,3,0,0,0,0,1,0,0
Saint Barthelemy,1997,19,1,1,0,0,0,0,0,0,0,0,2,10,0,0,0,0,0,0,0,0,0,0,0,2,5,5,0,0,0,0,1,0,0
Saint Barthelemy,1998,21,1,1,0,0,0,0,0,0,0,0,1,10,1,0,0,0,0,0,0,0,0,0,0,1,5,5,1,0,0,0,1,0,0
Saint Barthelemy,1999,22,1,1,0,0,0,0,0,0,0,0,0,10,3,0,0,0,0,0,0,0,0,0,0,0,5,5,3,0,0,0,1,0,0
Saint Barthelemy,2000,23,1,1,0,0,0,0,0,0,0,0,0,10,3,0,0,0,0,0,0,0,0,0,0,0,5,5,3,0,0,0,1,0,0
Saint Barthelemy,2001,24,1,1,0,0,0,0,0,0,0,0,1,9,4,0,0,0,0,0,0,0,0,0,0,1,4,5,4,0,0,0,1,0,0
Saint Barthelemy,2002,24,1,1,0,0,0,0,0,0,0,0,1,8,5,0,0,0,0,0,0,0,0,0,0,1,3,5,5,0,0,0,1,0,0
Saint Barthelemy,2003,25,1,1,0,0,0,0,0,0,0,0,3,7,6,0,0,0,0,0,0,0,0,0,1,2,2,5,5,1,0,0,1,0,0
Saint Barthelemy,2004,26,1,1,0,0,0,0,0,0,0,0,3,7,7,0,0,0,0,0,0,0,0,0,0,3,2,5,5,2,0,0,1,0,0
Saint Barthelemy,2005,26,1,1,0,0,0,0,0,0,0,0,3,7,8,0,0,0,0,0,0,0,0,0,0,3,2,5,5,3,0,0,1,0,0
Saint Barthelemy,2006,27,1,1,0,0,0,0,0,0,0,0,4,7,9,0,0,0,0,0,0,0,0,0,0,4,3,4,5,4,0,0,1,0,0
Saint Barthelemy,2007,27,1,1,0,0,0,0,0,0,0,0,3,7,9,0,0,0,0,0,0,0,0,0,0,3,4,3,5,4,0,0,1,0,0
Saint Barthelemy,2008,28,1,1,0,0,0,0,0,0,0,0,3,7,10,0,0,0,0,0,0,0,0,0,0,3,5,2,5,5,0,0,1,0,0
Saint Barthelemy,2009,29,1,1,0,0,0,0,0,0,0,0,7,7,10,0,0,0,0,0,0,0,0,0,2,5,5,2,5,5,0,0,1,0,0
Saint Barthelemy,2010,29,1,1,0,0,0,0,0,0,0,2,9,8,10,0,0,0,0,0,0,0,0,2,4,5,5,3,5,5,0,0,1,0,0
Saint Barthelemy,2011,29,0,0,0,0,0,0,0,0,0,3,10,9,10,0,0,0,0,0,0,0,0,3,5,5,5,4,5,5,0,0,0,0,0
Saint Barthelemy,2012,28,0,0,0,0,0,0,0,0,0,0,7,9,8,0,0,0,0,0,0,0,0,0,2,5,5,4,3,5,0,0,0,0,0
Saint Barthelemy,2013,29,0,0,0,0,0,0,0,0,0,1,8,10,7,1,0,0,0,0,0,0,0,1,3,5,5,5,2,5,1,0,0,0,0
Saint Barthelemy,2014,28,0,0,0,0,0,0,0,0,0,0,7,10,6,1,0,0,0,0,0,0,0,0,2,5,5,5,1,5,1,0,0,0,0
Saint Barthelemy,2015,29,0,0,0,0,0,0,0,0,0,0,7,10,6,1,0,0,0,0,0,0,0,0,3,4,5,5,2,4,1,0,0,0,0
Saint Barthelemy,2016,29,0,0,0,0,0,0,0,0,0,0,7,10,6,1,0,0,0,0,0,0,0,0,4,3,5,5,3,3,1,0,0,0,0
Saint Barthelemy,2017,31,0,0,0,0,0,0,0,0,0,3,9,10,6,1,0,0,0,0,0,0,0,3,4,5,5,5,4,2,1,0,0,0,0
Saint Barthelemy,2018,31,0,0,0,0,0,0,0,0,0,4,10,10,6,2,0,0,0,0,0,0,0,4,5,5,5,5,5,1,2,0,0,0,0
Saint Barthelemy,2019,32,0,0,0,0,0,0,0,0,0,4,10,10,6,0,0,0,0,0,0,0,0,4,5,5,5,5,5,1,0,0,0,0,0
Saint Barthelemy,2020,33,0,0,0,0,0,0,0,0,0,5,10,10,7,0,0,0,0,0,0,0,0,5,5,5,5,5,5,2,0,0,0,0,0
Saint Barthelemy,2021,34,0,0,0,0,0,0,0,0,0,5,10,10,8,0,0,0,0,0,0,0,0,5,5,5,5,5,5,3,0,0,0,0,0
Saint Helena,1950,36,5,5,0,0,0,0,0,0,0,0,1,10,12,0,0,0,0,0,0,0,0,0,0,1,5,5,7,5,0,0,5,0,0
Saint Helena,1951,36,5,5,0,0,0,0,0,0,0,0,1,10,9,0,0,0,0,0,0,0,0,0,0,1,5,5,5,4,0,0,5,0,0
Saint Helena,1952,34,5,5,0,0,0,0,0,0,0,0,0,10,9,0,0,0,0,0,0,0,0,0,0,0,5,5,5,4,0,0,5,0,0
Saint Helena,1953,33,5,5,0,0,0,0,0,0,0,0,0,9,10,0,0,0,0,0,0,0,0,0,0,0,4,5,5,5,0,0,5,0,0
Saint Helena,1954,32,4,4,0,0,0,0,0,0,0,0,0,8,10,0,0,0,0,0,0,0,0,0,0,0,3,5,5,5,0,0,4,0,0
Saint Helena,1955,31,4,4,0,0,0,0,0,0,0,0,1,7,10,0,0,0,0,0,0,0,0,0,0,1,2,5,5,5,0,0,4,0,0
Saint Helena,1956,29,4,4,0,0,0,0,0,0,0,0,3,7,8,0,0,0,0,0,0,0,0,0,0,3,2,5,5,3,0,0,4,0,0
Saint Helena,1957,28,4,4,0,0,0,0,0,0,0,0,4,5,7,0,0,0,0,0,0,0,0,0,0,4,1,4,5,2,0,0,4,0,0
Saint Helena,1958,28,4,4,0,0,0,0,0,0,0,0,3,6,4,0,0,0,0,0,0,0,0,0,0,3,1,5,4,0,0,0,4,0,0
Saint Helena,1959,27,4,4,0,0,0,0,0,0,0,0,2,6,5,0,0,0,0,0,0,0,0,0,0,2,2,4,4,1,0,0,4,0,0
Saint Helena,1960,27,4,4,0,0,0,0,0,0,0,0,1,8,5,0,0,0,0,0,0,0,0,0,0,1,4,4,4,1,0,0,4,0,0
Saint Helena,1961,28,4,4,0,0,0,0,0,0,0,0,2,8,6,0,0,0,0,0,0,0,0,0,1,1,4,4,4,2,0,0,4,0,0
Saint Helena,1962,28,4,4,0,0,0,0,0,0,0,0,4,9,4,0,0,0,0,0,0,0,0,0,3,1,5,4,4,0,0,0,4,0,0
Saint Helena,1963,28,4,4,0,0,0,0,0,0,0,0,8,8,4,0,0,0,0,0,0,0,0,0,4,4,4,4,4,0,0,0,4,0,0
Saint Helena,1964,28,4,4,0,0,0,0,0,0,0,0,8,7,3,0,0,0,0,0,0,0,0,0,3,5,3,4,3,0,0,0,4,0,0
Saint Helena,1965,28,3,3,0,0,0,0,0,0,0,0,8,9,2,0,0,0,0,0,0,0,0,0,3,5,4,5,1,1,0,0,3,0,0
Saint Helena,1966,28,3,3,0,0,0,0,0,0,0,0,8,9,0,0,0,0,0,0,0,0,0,0,3,5,4,5,0,0,0,0,3,0,0
Saint Helena,1967,28,3,3,0,0,0,0,0,0,0,0,7,10,0,0,0,0,0,0,0,0,0,0,2,5,5,5,0,0,0,0,3,0,0
Saint Helena,1968,29,4,4,0,0,0,0,0,0,0,0,8,10,1,0,0,0,0,0,0,0,0,0,3,5,5,5,1,0,0,0,4,0,0
Saint Helena,1969,29,4,4,0,0,0,0,0,0,0,0,7,10,2,0,0,0,0,0,0,0,0,0,2,5,5,5,2,0,0,0,4,0,0
Saint Helena,1970,30,4,4,0,0,0,0,0,0,0,0,7,10,3,0,0,0,0,0,0,0,0,0,2,5,5,5,3,0,0,0,4,0,0
Saint Helena,1971,30,4,4,0,0,0,0,0,0,0,0,7,10,4,0,0,0,0,0,0,0,0,0,2,5,5,5,4,0,0,0,4,0,0
Saint Helena,1972,30,4,4,0,0,0,0,0,0,0,0,7,10,5,0,0,0,0,0,0,0,0,0,2,5,5,5,5,0,0,0,4,0,0
Saint Helena,1973,30,3,3,0,0,0,0,0,0,0,0,8,10,5,0,0,0,0,0,0,0,0,0,3,5,5,5,5,0,0,0,3,0,0
Saint Helena,1974,30,3,3,0,0,0,0,0,0,0,0,9,10,6,0,0,0,0,0,0,0,0,0,4,5,5,5,5,1,0,0,3,0,0
Saint Helena,1975,30,3,3,0,0,0,0,0,0,0,0,8,10,5,0,0,0,0,0,0,0,0,0,3,5,5,5,3,2,0,0,3,0,0
Saint Helena,1976,30,3,3,0,0,0,0,0,0,0,0,9,10,4,0,0,0,0,0,0,0,0,0,4,5,5,5,2,2,0,0,3,0,0
Saint Helena,1977,30,3,3,0,0,0,0,0,0,0,0,8,10,3,0,0,0,0,0,0,0,0,0,3,5,5,5,3,0,0,0,3,0,0
Saint Helena,1978,31,3,3,0,0,0,0,0,0,0,0,8,10,4,0,0,0,0,0,0,0,0,0,3,5,5,5,4,0,0,0,3,0,0
Saint Helena,1979,31,3,3,0,0,0,0,0,0,0,0,7,10,4,0,0,0,0,0,0,0,0,0,2,5,5,5,4,0,0,0,3,0,0
Saint Helena,1980,30,3,3,0,0,0,0,0,0,0,0,6,10,5,0,0,0,0,0,0,0,0,0,1,5,5,5,5,0,0,0,3,0,0
Saint Helena,1981,30,3,3,0,0,0,0,0,0,0,0,6,10,6,0,0,0,0,0,0,0,0,0,1,5,5,5,5,1,0,0,3,0,0
Saint Helena,1982,30,2,2,0,0,0,0,0,0,0,0,5,10,6,0,0,0,0,0,0,0,0,0,0,5,5,5,5,1,0,0,2,0,0
Saint Helena,1983,31,2,2,0,0,0,0,0,0,0,0,6,10,7,0,0,0,0,0,0,0,0,0,2,4,5,5,5,2,0,0,2,0,0
Saint Helena,1984,31,2,2,0,0,0,0,0,0,0,0,6,10,9,0,0,0,0,0,0,0,0,0,1,5,5,5,5,4,0,0,2,0,0
Saint Helena,1985,31,2,2,0,0,0,0,0,0,0,0,5,10,9,0,0,0,0,0,0,0,0,0,0,5,5,5,5,4,0,0,2,0,0
Saint Helena,1986,31,2,2,0,0,0,0,0,0,0,0,4,9,9,1,0,0,0,0,0,0,0,0,0,4,5,4,5,4,1,0,2,0,0
Saint Helena,1987,31,2,2,0,0,0,0,0,0,0,0,3,9,8,2,0,0,0,0,0,0,0,0,0,3,5,4,5,3,2,0,2,0,0
Saint Helena,1988,31,2,2,0,0,0,0,0,0,0,0,2,9,9,2,0,0,0,0,0,0,0,0,0,2,5,4,5,4,2,0,2,0,0
Saint Helena,1989,30,2,2,0,0,0,0,0,0,0,0,2,10,9,0,0,0,0,0,0,0,0,0,0,2,5,5,4,5,0,0,2,0,0
Saint Helena,1990,30,2,2,0,0,0,0,0,0,0,0,2,10,9,1,0,0,0,0,0,0,0,0,0,2,5,5,4,5,1,0,2,0,0
Saint Helena,1991,30,2,2,0,0,0,0,0,0,0,0,1,10,7,1,0,0,0,0,0,0,0,0,0,1,5,5,4,3,1,0,2,0,0
Saint Helena,1992,29,2,2,0,0,0,0,0,0,0,0,1,10,7,0,0,0,0,0,0,0,0,0,0,1,5,5,4,3,0,0,2,0,0
Saint Helena,1993,29,2,2,0,0,0,0,0,0,0,0,2,9,6,0,0,0,0,0,0,0,0,0,1,1,4,5,4,2,0,0,2,0,0
Saint Helena,1994,28,1,1,0,0,0,0,0,0,0,1,4,8,7,0,0,0,0,0,0,0,0,1,2,2,3,5,5,2,0,0,1,0,0
Saint Helena,1995,29,1,1,0,0,0,0,0,0,0,1,7,7,7,0,0,0,0,0,0,0,0,1,3,4,2,5,5,2,0,0,1,0,0
Saint Helena,1996,29,1,1,0,0,0,0,0,0,0,0,8,7,8,0,0,0,0,0,0,0,0,0,5,3,2,5,5,3,0,0,1,0,0
Saint Helena,1997,27,1,1,0,0,0,0,0,0,0,0,8,7,7,1,0,0,0,0,0,0,0,0,5,3,2,5,5,2,1,0,1,0,0
Saint Helena,1998,27,1,1,0,0,0,0,0,0,0,0,7,7,6,2,0,0,0,0,0,0,0,0,4,3,3,4,5,1,2,0,1,0,0
Saint Helena,1999,26,1,1,0,0,0,0,0,0,0,0,6,7,7,1,0,0,0,0,0,0,0,0,3,3,4,3,5,2,1,0,1,0,0
Saint Helena,2000,26,1,1,0,0,0,0,0,0,0,2,6,7,7,0,0,0,0,0,0,0,0,2,2,4,4,3,5,2,0,0,1,0,0
Saint Helena,2001,26,1,1,0,0,0,0,0,0,0,2,6,7,8,0,0,0,0,0,0,0,0,2,1,5,4,3,5,3,0,0,1,0,0
Saint Helena,2002,27,1,1,0,0,0,0,0,0,0,3,7,7,9,0,0,0,0,0,0,0,0,3,2,5,4,3,5,4,0,0,1,0,0
Saint Helena,2003,27,0,0,0,0,0,0,0,0,0,2,9,7,9,0,0,0,0,0,0,0,0,2,4,5,4,3,5,4,0,0,0,0,0
Saint Helena,2004,27,0,0,0,0,0,0,0,0,0,2,9,9,8,0,0,0,0,0,0,0,0,2,5,4,5,4,4,4,0,0,0,0,0
Saint Helena,2005,27,0,0,0,0,0,0,0,0,0,2,9,10,4,0,0,0,0,0,0,0,0,2,5,4,5,5,2,2,0,0,0,0,0
Saint Helena,2006,30,0,0,0,0,0,0,0,0,0,2,10,10,7,0,0,0,0,0,0,0,0,2,5,5,5,5,4,3,0,0,0,0,0
Saint Helena,2007,33,0,0,0,0,0,0,0,0,0,3,10,10,9,0,0,0,0,0,0,0,0,3,5,5,5,5,5,4,0,0,0,0,0
Saint Helena,2008,34,0,0,0,0,0,0,0,0,0,3,10,10,7,0,0,0,0,0,0,0,0,3,5,5,5,5,5,2,0,0,0,0,0
Saint Helena,2009,34,0,0,0,0,0,0,0,0,0,2,10,11,6,0,0,0,0,0,0,0,0,2,5,5,6,5,4,2,0,0,0,0,0
Saint Helena,2010,35,0,0,0,0,0,0,0,0,0,1,11,12,7,0,0,0,0,0,0,0,0,1,5,6,6,6,5,2,0,0,0,0,0
Saint Helena,2011,36,0,0,0,0,0,0,0,0,0,1,12,12,8,0,0,0,0,0,0,0,0,1,5,7,5,7,5,3,0,0,0,0,0
Saint Helena,2012,39,0,0,0,0,0,0,0,0,0,1,12,12,10,0,0,0,0,0,0,0,0,1,5,7,5,7,6,4,0,0,0,0,0
Saint Helena,2013,40,0,0,0,0,0,0,0,0,0,1,11,14,11,0,0,0,0,0,0,0,0,1,5,6,6,8,6,5,0,0,0,0,0
Saint Helena,2014,43,0,0,0,0,0,0,0,0,0,1,11,17,13,1,0,0,0,0,0,0,0,1,5,6,9,8,8,5,1,0,0,0,0
Saint Helena,2015,46,0,0,0,0,0,0,0,0,0,2,10,17,13,2,0,0,0,0,0,0,0,2,5,5,10,7,9,4,2,0,0,0,0
Saint Helena,2016,44,0,0,0,0,0,0,0,0,0,1,10,16,12,2,0,0,0,0,0,0,0,1,5,5,9,7,9,3,2,0,0,0,0
Saint Helena,2017,46,0,0,0,0,0,0,0,0,0,0,10,16,12,1,0,0,0,0,0,0,0,0,5,5,9,7,9,3,1,0,0,0,0
Saint Helena,2018,48,0,0,0,0,0,0,0,0,0,2,12,18,11,0,0,0,0,0,0,0,0,2,5,7,10,8,8,3,0,0,0,0,0
Saint Helena,2019,49,0,0,0,0,0,0,0,0,0,1,11,20,13,0,0,0,0,0,0,0,0,1,5,6,10,10,9,4,0,0,0,0,0
Saint Helena,2020,51,0,0,0,0,0,0,0,0,0,1,10,21,15,0,0,0,0,0,0,0,0,1,5,5,10,11,9,6,0,0,0,0,0
Saint Helena,2021,53,0,0,0,0,0,0,0,0,0,0,10,22,16,0,0,0,0,0,0,0,0,0,5,5,10,12,9,7,0,0,0,0,0
Saint Kitts and Nevis,1950,339,113,147,34,9,5,5,20,24,30,25,38,36,4,0,10,10,10,14,15,15,15,10,18,20,20,16,3,1,0,0,156,10,0
Saint Kitts and Nevis,1951,344,114,152,38,12,5,5,20,23,30,26,36,36,4,0,10,10,10,13,15,15,15,11,16,20,20,16,4,0,0,0,164,10,0
Saint Kitts and Nevis,1952,341,113,152,39,11,5,5,18,21,30,27,34,37,6,0,8,10,10,11,15,15,15,12,14,20,20,17,6,0,0,0,163,10,0
Saint Kitts and Nevis,1953,336,111,150,39,11,5,5,10,20,30,28,32,38,9,0,5,5,10,10,15,15,15,13,12,20,20,18,9,0,0,0,161,10,0
Saint Kitts and Nevis,1954,333,111,151,40,12,5,5,10,16,28,29,30,38,10,0,5,5,6,10,13,15,15,14,11,19,20,18,9,1,0,0,163,10,0
Saint Kitts and Nevis,1955,316,104,139,35,11,5,5,10,13,26,30,28,38,11,0,5,5,5,8,11,15,15,15,10,18,20,18,10,1,0,0,150,10,0
Saint Kitts and Nevis,1956,329,110,149,39,12,5,5,10,11,25,30,29,39,14,0,5,5,5,6,10,15,15,15,12,17,20,19,12,2,0,0,161,10,0
Saint Kitts and Nevis,1957,374,136,186,50,15,5,5,10,11,24,30,28,39,18,0,5,5,5,6,10,14,15,15,13,15,20,19,13,5,0,0,201,10,0
Saint Kitts and Nevis,1958,410,154,215,61,16,5,5,10,11,23,30,29,40,21,0,5,5,5,6,10,13,15,15,15,14,20,20,14,7,0,0,231,10,0
Saint Kitts and Nevis,1959,427,162,229,67,16,6,8,11,10,22,30,30,39,22,2,6,5,5,5,10,12,15,15,15,15,19,20,14,8,2,0,245,14,0
Saint Kitts and Nevis,1960,402,144,201,57,15,5,8,12,10,20,30,30,40,23,4,7,5,5,5,9,11,15,15,15,15,20,20,15,8,4,0,216,13,0
Saint Kitts and Nevis,1961,407,143,204,61,16,5,9,12,10,19,30,30,40,24,4,7,5,5,5,8,11,15,15,15,15,20,20,16,8,4,0,220,14,0
Saint Kitts and Nevis,1962,366,118,165,47,15,5,7,11,10,17,30,39,40,23,4,6,5,5,5,7,10,15,15,19,20,20,20,15,8,4,0,180,12,0
Saint Kitts and Nevis,1963,332,100,136,36,12,5,5,10,10,16,33,40,40,23,3,5,5,5,5,6,10,15,18,20,20,20,20,15,8,3,0,148,10,0
Saint Kitts and Nevis,1964,319,91,121,30,11,5,5,10,10,16,34,40,40,23,3,5,5,5,5,6,10,15,19,20,20,20,20,15,8,3,0,132,10,0
Saint Kitts and Nevis,1965,309,83,110,27,10,5,5,10,10,16,33,40,39,23,3,5,5,5,5,6,10,14,19,20,20,20,19,15,8,3,0,120,10,0
Saint Kitts and Nevis,1966,295,72,95,23,10,5,5,10,10,15,33,46,40,24,2,5,5,5,5,5,10,14,19,22,24,20,20,15,9,2,0,105,10,0
Saint Kitts and Nevis,1967,280,61,79,18,8,5,5,10,10,15,33,50,40,25,2,5,5,5,5,5,10,14,19,25,25,21,19,15,10,2,0,87,10,0
Saint Kitts and Nevis,1968,267,51,66,15,7,5,5,10,10,15,34,50,42,26,2,5,5,5,5,5,10,14,20,25,25,23,19,15,11,2,0,73,10,0
Saint Kitts and Nevis,1969,263,47,61,14,7,5,5,10,10,14,32,50,43,26,4,5,5,5,5,5,9,13,19,25,25,24,19,14,12,4,0,68,10,0
Saint Kitts and Nevis,1970,257,40,52,12,7,5,5,9,8,13,32,50,44,24,5,5,4,3,5,5,8,13,19,25,25,25,19,14,10,5,0,59,10,0
Saint Kitts and Nevis,1971,265,41,53,12,7,5,8,10,10,14,33,56,46,23,4,5,5,5,5,5,9,13,20,26,30,25,21,13,10,4,0,60,13,0
Saint Kitts and Nevis,1972,274,39,49,10,7,5,9,12,10,14,33,58,50,23,5,7,5,5,5,5,9,13,20,28,30,28,22,13,10,5,0,56,14,0
Saint Kitts and Nevis,1973,276,37,46,9,6,5,9,13,10,14,33,60,53,22,5,8,5,5,5,5,9,13,20,29,31,30,23,15,7,5,0,52,14,0
Saint Kitts and Nevis,1974,265,34,42,8,5,5,8,13,10,13,32,58,54,22,5,8,5,5,5,5,8,12,20,28,30,30,24,15,7,5,0,47,13,0
Saint Kitts and Nevis,1975,256,34,42,8,5,5,8,13,10,11,28,57,54,24,4,8,5,5,5,5,6,11,17,27,30,30,24,17,7,4,0,47,13,0
Saint Kitts and Nevis,1976,257,35,43,8,5,5,8,13,10,11,27,56,56,26,4,8,5,5,5,5,6,10,17,26,30,30,26,17,9,4,0,48,13,0
Saint Kitts and Nevis,1977,257,33,41,8,5,5,7,13,10,10,26,56,60,29,2,8,5,5,5,5,5,10,16,25,31,33,27,19,10,2,0,46,12,0
Saint Kitts and Nevis,1978,264,33,41,8,5,5,7,14,10,10,25,56,63,33,2,9,5,5,5,5,5,10,15,24,32,35,28,21,12,2,0,46,12,0
Saint Kitts and Nevis,1979,267,30,38,8,5,5,7,14,10,10,25,57,65,34,3,9,5,5,5,5,5,10,15,24,33,35,30,22,12,3,0,43,12,0
Saint Kitts and Nevis,1980,274,31,39,8,5,5,7,14,10,10,23,57,67,37,5,9,5,5,5,5,5,9,14,24,33,35,32,23,14,5,0,44,12,0
Saint Kitts and Nevis,1981,263,32,40,8,5,4,6,13,10,10,21,54,68,38,5,8,5,5,5,5,5,8,13,22,32,35,33,23,15,5,0,45,10,0
Saint Kitts and Nevis,1982,254,32,38,6,4,2,5,10,10,10,19,50,67,37,6,5,5,5,5,5,5,7,12,20,30,35,32,23,14,6,0,42,7,0
Saint Kitts and Nevis,1983,247,27,32,5,3,1,5,10,10,10,19,48,68,36,6,5,5,5,5,5,5,7,12,19,29,35,33,23,13,6,0,35,6,0
Saint Kitts and Nevis,1984,247,23,27,4,3,1,5,10,10,10,19,48,70,37,5,5,5,5,5,5,5,7,12,19,29,36,34,24,13,5,0,30,6,0
Saint Kitts and Nevis,1985,248,20,24,4,2,1,5,10,10,10,19,49,72,36,5,5,5,5,5,5,5,7,12,20,29,38,34,24,12,5,0,26,6,0
Saint Kitts and Nevis,1986,250,19,23,4,2,0,5,10,10,10,19,49,75,37,5,5,5,5,5,5,5,7,12,20,29,38,37,25,12,5,0,25,5,0
Saint Kitts and Nevis,1987,249,19,23,4,2,0,5,10,10,10,18,46,76,38,5,5,5,5,5,5,5,7,11,18,28,38,38,26,12,5,0,25,5,0
Saint Kitts and Nevis,1988,247,17,21,4,2,0,5,10,10,10,18,46,75,41,4,5,5,5,5,5,5,7,11,18,28,37,38,28,13,4,0,23,5,0
Saint Kitts and Nevis,1989,254,17,21,4,3,0,5,10,10,10,18,45,77,42,4,5,5,5,5,5,5,7,11,18,27,37,40,29,13,4,0,24,5,0
Saint Kitts and Nevis,1990,252,14,18,4,2,0,5,10,10,10,16,44,77,46,5,5,5,5,5,5,5,6,10,17,27,37,40,31,15,5,0,20,5,0
Saint Kitts and Nevis,1991,244,12,16,4,1,0,5,10,10,10,16,41,74,49,7,5,5,5,5,5,5,6,10,16,25,34,40,32,17,7,0,17,5,0
Saint Kitts and Nevis,1992,236,12,16,4,1,0,5,10,10,10,15,39,72,49,6,5,5,5,5,5,5,5,10,15,24,33,39,32,17,6,0,17,5,0
Saint Kitts and Nevis,1993,227,11,15,4,0,0,4,10,10,10,14,36,66,48,7,5,5,5,5,5,5,5,9,13,23,31,35,31,17,6,1,15,4,0
Saint Kitts and Nevis,1994,232,11,15,4,0,0,4,10,10,10,15,36,67,50,7,5,5,5,5,5,5,5,10,14,22,32,35,32,18,6,1,15,4,0
Saint Kitts and Nevis,1995,234,11,14,3,0,0,4,10,10,12,18,35,66,51,7,5,5,5,5,7,5,8,10,14,21,31,35,33,18,7,0,14,4,0
Saint Kitts and Nevis,1996,232,11,14,3,0,0,4,10,10,15,18,34,65,51,7,5,5,5,5,10,5,8,10,14,20,30,35,33,18,7,0,14,4,0
Saint Kitts and Nevis,1997,228,12,14,2,0,0,4,10,10,17,18,32,63,52,7,5,5,5,5,9,8,8,10,13,19,28,35,32,20,7,0,14,4,0
Saint Kitts and Nevis,1998,230,11,14,3,0,0,4,10,10,20,20,31,62,51,7,5,5,5,5,10,10,10,10,13,18,28,34,30,21,7,0,14,4,0
Saint Kitts and Nevis,1999,219,9,9,0,0,0,4,10,10,19,20,30,57,50,7,5,5,5,5,9,10,10,10,12,18,26,31,29,21,7,0,9,4,0
Saint Kitts and Nevis,2000,212,7,7,0,0,0,3,10,10,19,20,30,54,49,8,5,5,5,5,9,10,10,10,12,18,24,30,28,21,8,0,7,3,0
Saint Kitts and Nevis,2001,213,7,7,0,0,0,3,10,10,18,20,29,53,49,10,5,5,5,5,8,10,10,10,12,17,23,30,28,21,10,0,7,3,0
Saint Kitts and Nevis,2002,218,8,8,0,0,0,3,10,10,19,20,29,54,50,11,5,5,5,5,9,10,10,10,12,17,23,31,28,22,10,1,8,3,0
Saint Kitts and Nevis,2003,219,8,8,0,0,0,4,10,10,19,20,31,53,50,11,5,5,5,5,9,10,10,10,14,17,23,30,29,21,10,1,8,4,0
Saint Kitts and Nevis,2004,215,8,8,0,0,0,3,10,10,18,20,31,50,50,11,5,5,5,5,8,10,10,10,14,17,22,28,29,21,9,2,8,3,0
Saint Kitts and Nevis,2005,211,6,6,0,0,0,3,10,10,18,22,30,49,51,11,5,5,5,5,8,10,12,10,14,16,22,27,29,22,9,2,6,3,0
Saint Kitts and Nevis,2006,212,6,6,0,0,0,3,10,10,18,26,30,47,51,11,5,5,5,5,8,10,15,11,14,16,22,25,29,22,9,2,6,3,0
Saint Kitts and Nevis,2007,217,6,6,0,0,0,3,10,10,19,30,32,47,51,14,5,5,5,5,8,11,15,15,15,17,22,25,28,23,12,2,6,3,0
Saint Kitts and Nevis,2008,223,6,6,0,0,0,3,10,10,19,30,33,47,51,15,5,5,5,5,8,11,15,15,15,18,22,25,28,23,13,2,6,3,0
Saint Kitts and Nevis,2009,229,6,6,0,0,0,3,10,10,19,32,34,47,47,17,5,5,5,5,8,11,15,17,15,19,22,25,25,22,15,2,6,3,0
Saint Kitts and Nevis,2010,232,5,5,0,0,0,2,10,10,18,36,34,46,45,21,5,5,5,5,7,11,17,19,15,19,21,25,23,22,17,4,5,2,0
Saint Kitts and Nevis,2011,235,4,4,0,0,0,2,10,10,19,37,36,45,44,25,5,5,5,5,7,12,17,20,17,19,20,25,22,22,18,7,4,2,0
Saint Kitts and Nevis,2012,233,3,3,0,0,0,2,10,10,20,37,40,45,41,22,5,5,5,5,8,12,17,20,20,20,20,25,22,19,14,8,3,2,0
Saint Kitts and Nevis,2013,245,4,4,0,0,0,2,10,10,21,42,42,49,43,21,5,5,5,5,9,12,18,24,22,20,24,25,23,20,14,7,4,2,1
Saint Kitts and Nevis,2014,257,4,4,0,0,0,3,10,10,23,44,48,52,44,20,5,5,5,5,10,13,19,25,26,22,25,27,24,20,14,6,4,3,1
Saint Kitts and Nevis,2015,264,5,5,0,0,0,3,10,11,22,44,54,51,44,19,5,5,5,6,10,12,18,26,29,25,25,26,25,19,13,6,5,3,1
Saint Kitts and Nevis,2016,255,3,3,0,0,0,3,10,10,22,43,55,50,41,19,5,5,5,5,10,12,18,25,30,25,25,25,24,17,13,6,3,3,1
Saint Kitts and Nevis,2017,257,3,3,0,0,0,2,10,10,20,43,56,50,42,18,5,5,5,5,9,11,18,25,30,26,25,25,24,18,13,5,3,2,1
Saint Kitts and Nevis,2018,263,2,2,0,0,0,2,10,10,21,45,60,50,42,18,5,5,5,5,9,12,18,27,31,29,25,25,24,18,13,5,2,2,1
Saint Kitts and Nevis,2019,266,2,2,0,0,0,2,10,10,21,43,66,51,42,16,5,5,5,5,9,12,18,25,33,33,26,25,24,18,11,5,2,2,1
Saint Kitts and Nevis,2020,270,2,2,0,0,0,2,10,10,21,42,68,53,40,16,5,5,5,5,9,12,17,25,34,34,28,25,22,18,11,5,2,2,1
Saint Kitts and Nevis,2021,275,2,2,0,0,0,1,10,10,21,43,73,54,41,17,5,5,5,5,9,12,17,26,35,38,29,25,23,18,12,5,2,1,1
Saint Lucia,1950,811,244,354,110,37,20,23,68,57,56,52,47,54,37,7,39,29,26,31,26,30,27,25,25,22,31,23,24,13,5,2,391,43,0
Saint Lucia,1951,741,249,359,110,32,16,17,53,43,44,44,44,48,33,6,29,24,20,23,21,23,23,21,24,20,26,22,20,13,5,1,391,33,0
Saint Lucia,1952,729,261,370,109,30,15,17,45,35,40,42,43,48,34,5,23,22,15,20,19,21,22,20,23,20,24,24,20,14,5,0,400,32,0
Saint Lucia,1953,718,267,377,110,29,15,16,40,32,37,41,45,46,28,4,20,20,15,17,19,18,21,20,24,21,22,24,15,13,4,0,406,31,0
Saint Lucia,1954,691,271,381,110,27,15,15,33,30,33,40,40,45,28,4,16,17,15,15,17,16,20,20,20,20,21,24,16,12,4,0,408,30,0
Saint Lucia,1955,672,273,383,110,25,14,15,30,21,30,39,40,43,27,3,15,15,10,11,15,15,19,20,20,20,20,23,16,11,3,0,408,29,0
Saint Lucia,1956,664,272,382,110,24,11,15,24,20,30,38,42,43,26,3,14,10,10,10,15,15,18,20,20,22,20,23,16,10,3,0,406,26,0
Saint Lucia,1957,670,273,382,109,24,12,15,24,20,30,38,48,45,25,4,14,10,10,10,15,15,18,20,23,25,23,22,16,9,4,0,406,27,0
Saint Lucia,1958,666,271,378,107,24,11,15,25,20,29,37,48,44,25,4,15,10,10,10,14,15,17,20,23,25,24,20,17,8,4,0,402,26,0
Saint Lucia,1959,653,266,372,106,24,11,14,24,20,27,37,48,45,25,4,14,10,10,10,12,15,17,20,23,25,25,20,18,7,4,0,396,25,0
Saint Lucia,1960,639,256,359,103,24,11,14,24,20,27,38,49,46,25,4,14,10,10,10,12,15,18,20,24,25,25,21,18,7,4,0,383,25,0
Saint Lucia,1961,616,244,341,97,23,10,13,23,20,26,37,48,48,26,3,13,10,10,10,11,15,17,20,23,25,26,22,17,9,3,0,364,23,0
Saint Lucia,1962,589,229,320,91,22,10,11,20,15,24,37,49,50,24,3,11,9,5,10,10,14,17,20,23,26,28,22,15,9,3,0,342,21,0
Saint Lucia,1963,565,215,298,83,22,10,10,17,13,24,36,50,52,24,2,10,7,5,8,10,14,16,20,24,26,29,23,15,9,2,0,320,20,0
Saint Lucia,1964,536,199,274,75,20,10,10,17,11,23,36,51,54,25,2,10,7,5,6,10,13,16,20,24,27,30,24,16,9,2,0,294,20,0
Saint Lucia,1965,511,184,250,66,18,10,10,16,10,23,37,53,55,24,2,10,6,5,5,10,13,17,20,25,28,30,25,15,9,2,0,268,20,0
Saint Lucia,1966,487,169,228,59,18,10,10,15,10,21,36,54,57,25,2,10,5,5,5,9,12,16,20,25,29,30,27,16,9,2,0,246,20,0
Saint Lucia,1967,465,155,206,51,16,10,10,14,10,20,36,55,58,26,2,9,5,5,5,8,12,16,20,25,30,30,28,17,9,2,0,222,20,0
Saint Lucia,1968,447,142,187,45,15,10,10,14,10,20,37,55,59,27,3,9,5,5,5,8,12,16,21,25,30,31,28,19,8,3,0,202,20,0
Saint Lucia,1969,439,129,169,40,14,10,10,14,10,20,40,58,65,27,3,9,5,5,5,8,12,17,23,27,31,35,30,19,8,3,0,183,20,0
Saint Lucia,1970,434,118,152,34,13,10,10,15,10,21,42,62,67,30,3,10,5,5,5,9,12,18,24,29,33,35,32,21,9,3,0,165,20,0
Saint Lucia,1971,434,110,140,30,13,10,10,16,10,22,45,66,68,30,3,10,6,5,5,9,13,19,26,31,35,35,33,21,9,3,0,153,20,0
Saint Lucia,1972,440,102,128,26,12,10,10,17,10,23,47,71,73,31,3,10,7,5,5,10,13,20,27,34,37,40,33,22,9,3,0,140,20,0
Saint Lucia,1973,441,95,118,23,12,9,12,19,10,24,49,76,75,35,2,11,8,5,5,10,14,21,28,36,40,40,35,24,11,2,0,130,21,0
Saint Lucia,1974,433,89,109,20,11,7,12,19,10,23,48,76,75,35,2,11,8,5,5,10,13,20,28,36,40,40,35,24,11,2,0,120,19,0
Saint Lucia,1975,435,84,102,18,10,6,13,22,11,23,48,78,80,35,2,12,10,5,6,10,13,20,28,38,40,43,37,24,11,2,0,112,19,0
Saint Lucia,1976,439,80,98,18,9,6,13,23,16,23,49,83,81,37,3,13,10,7,9,10,13,20,29,38,45,44,37,26,11,3,0,107,19,0
Saint Lucia,1977,438,76,92,16,8,6,13,23,20,23,49,85,83,37,3,13,10,10,10,10,13,20,29,40,45,45,38,26,11,3,0,100,19,0
Saint Lucia,1978,423,71,86,15,7,6,12,22,13,22,45,83,83,39,3,12,10,6,7,10,12,18,27,38,45,45,38,26,13,3,0,93,18,0
Saint Lucia,1979,427,68,83,15,7,6,12,23,20,22,46,84,84,40,3,13,10,10,10,10,12,18,28,39,45,45,39,26,14,3,0,90,18,0
Saint Lucia,1980,414,65,80,15,7,5,12,22,13,21,43,81,85,40,4,12,10,6,7,10,11,17,26,36,45,45,40,26,14,4,0,87,17,0
Saint Lucia,1981,406,60,72,12,7,5,11,22,13,21,42,81,86,41,4,12,10,6,7,10,11,17,25,36,45,46,40,27,14,4,0,79,16,0
Saint Lucia,1982,399,57,69,12,6,5,11,20,10,20,40,82,89,42,4,11,9,5,5,10,10,16,24,36,46,48,41,28,14,4,0,75,16,0
Saint Lucia,1983,388,54,65,11,6,5,9,18,10,18,36,79,89,43,4,10,8,5,5,8,10,14,22,34,45,48,41,29,14,4,0,71,14,0
Saint Lucia,1984,396,52,63,11,6,5,9,19,10,20,37,81,93,45,5,10,9,5,5,10,10,15,22,34,47,50,43,30,15,5,0,69,14,0
Saint Lucia,1985,418,50,60,10,6,5,10,22,20,21,40,86,100,48,5,12,10,10,10,10,11,16,24,36,50,54,46,32,16,5,0,66,15,0
Saint Lucia,1986,423,48,58,10,6,5,10,22,20,22,40,87,101,49,5,12,10,10,10,10,12,16,24,36,51,55,46,33,16,5,0,64,15,0
Saint Lucia,1987,433,46,55,9,5,5,10,23,20,24,41,87,108,50,6,13,10,10,10,10,14,17,24,36,51,59,49,33,17,6,0,60,15,0
Saint Lucia,1988,437,44,53,9,5,5,9,23,20,24,41,87,111,52,6,13,10,10,10,10,14,17,24,36,51,60,51,35,17,6,0,58,14,0
Saint Lucia,1989,442,42,51,9,5,5,9,23,20,25,41,87,113,55,6,13,10,10,10,10,15,17,24,36,51,60,53,37,18,6,0,56,14,0
Saint Lucia,1990,446,40,49,9,5,5,9,20,20,26,42,87,118,57,7,10,10,10,10,11,15,18,24,36,51,62,56,38,19,7,0,54,14,0
Saint Lucia,1991,451,39,46,7,5,5,9,20,20,26,44,85,121,59,7,10,10,10,10,11,15,19,25,35,50,63,58,39,20,7,0,51,14,0
Saint Lucia,1992,464,37,44,7,5,5,9,22,20,29,45,87,125,62,7,12,10,10,10,13,16,20,25,36,51,64,61,41,21,7,0,49,14,0
Saint Lucia,1993,467,36,43,7,5,5,9,20,20,27,46,88,125,66,7,10,10,10,10,12,15,20,26,36,52,64,61,44,22,7,0,48,14,0
Saint Lucia,1994,483,35,42,7,5,5,10,21,20,30,48,94,128,67,7,11,10,10,10,13,17,21,27,39,55,65,63,45,22,7,0,47,15,0
Saint Lucia,1995,500,33,40,7,5,5,10,22,20,33,50,100,134,73,8,12,10,10,10,15,18,22,28,42,58,68,66,48,25,7,1,45,15,0
Saint Lucia,1996,511,32,38,6,5,5,10,22,24,33,51,103,136,75,10,12,10,10,14,15,18,22,29,43,60,70,66,50,25,9,1,43,15,0
Saint Lucia,1997,517,30,36,6,5,5,9,22,23,33,53,107,139,75,10,12,10,10,13,15,18,25,28,44,63,73,66,50,25,9,1,41,14,0
Saint Lucia,1998,536,29,34,5,5,5,9,23,24,34,55,112,144,82,10,13,10,10,14,15,19,25,30,45,67,77,67,54,28,9,1,39,14,0
Saint Lucia,1999,562,27,32,5,5,5,9,24,27,36,60,118,154,85,10,14,10,12,15,16,20,28,32,45,73,83,71,55,30,9,1,37,14,0
Saint Lucia,2000,591,25,30,5,5,5,10,26,28,42,63,123,162,88,10,15,11,13,15,20,22,30,33,46,77,88,74,58,30,9,1,35,15,0
Saint Lucia,2001,608,24,29,5,5,5,10,26,27,42,66,124,173,91,11,15,11,12,15,20,22,30,36,46,78,95,78,59,32,10,1,34,15,0
Saint Lucia,2002,619,22,26,4,5,5,10,24,30,43,69,123,178,94,14,14,10,14,16,20,23,30,39,47,76,98,80,59,35,12,2,31,15,0
Saint Lucia,2003,627,21,25,4,5,5,10,24,30,44,70,118,186,95,14,14,10,13,17,20,24,30,40,46,72,101,85,60,35,12,2,30,15,0
Saint Lucia,2004,630,21,25,4,5,5,10,23,28,46,73,116,191,96,14,13,10,12,16,21,25,31,42,48,68,101,90,61,35,12,2,30,15,0
Saint Lucia,2005,636,20,24,4,5,5,9,23,27,47,74,116,193,100,14,13,10,11,16,21,26,31,43,50,66,99,94,63,37,12,2,29,14,0
Saint Lucia,2006,642,20,24,4,5,5,8,21,25,47,74,118,193,105,15,11,10,10,15,21,26,32,42,52,66,94,99,67,38,13,2,29,13,0
Saint Lucia,2007,649,20,24,4,5,5,8,20,25,48,75,121,195,110,15,10,10,10,15,21,27,33,42,55,66,92,103,70,40,13,2,29,13,0
Saint Lucia,2008,658,20,24,4,5,5,8,20,24,47,76,125,195,114,17,10,10,10,14,20,27,34,42,57,68,90,105,74,40,15,2,29,13,0
Saint Lucia,2009,676,20,24,4,5,4,8,20,24,48,80,130,196,119,18,10,10,10,14,20,28,37,43,59,71,89,107,78,41,16,2,29,12,0
Saint Lucia,2010,685,20,25,5,5,5,9,20,23,48,83,133,193,124,19,10,10,10,13,20,28,38,45,59,74,87,106,82,42,16,3,30,14,0
Saint Lucia,2011,687,19,23,4,3,3,8,20,23,48,85,135,188,131,19,10,10,10,13,19,29,38,47,59,76,86,102,87,44,16,3,26,11,0
Saint Lucia,2012,704,19,23,4,2,3,8,20,23,50,89,138,188,140,19,10,10,10,13,20,30,40,49,61,77,88,100,93,47,16,3,25,11,0
Saint Lucia,2013,732,20,24,4,3,3,8,20,25,51,96,144,189,147,19,10,10,10,15,20,31,43,53,63,81,90,99,96,51,16,3,27,11,0
Saint Lucia,2014,751,19,23,4,2,3,8,23,25,54,102,148,191,149,19,13,10,10,15,21,33,46,56,65,83,92,99,96,53,16,3,25,11,0
Saint Lucia,2015,753,18,22,4,2,2,8,21,25,52,104,150,191,152,20,11,10,10,15,20,32,46,58,67,83,94,97,96,56,17,3,24,10,0
Saint Lucia,2016,780,17,21,4,2,2,8,24,27,55,111,156,197,154,23,14,10,12,15,22,33,49,62,72,84,98,99,94,60,20,3,23,10,0
Saint Lucia,2017,801,16,20,4,1,2,8,26,29,56,118,163,200,154,23,14,12,13,16,22,34,52,66,77,86,100,100,92,62,20,3,21,10,0
Saint Lucia,2018,805,15,19,4,1,2,8,25,29,56,120,166,203,153,24,13,12,13,16,22,34,52,68,79,87,102,101,89,64,21,3,20,10,0
Saint Lucia,2019,818,14,18,4,1,2,7,26,29,56,123,172,204,153,26,12,14,13,16,22,34,53,70,83,89,102,102,88,65,22,4,19,9,0
Saint Lucia,2020,835,14,18,4,1,2,7,26,31,56,126,181,209,153,27,11,15,15,16,22,34,53,73,87,94,104,105,89,64,23,4,19,9,0
Saint Lucia,2021,1037,14,18,4,1,2,8,29,36,70,153,227,264,191,36,14,15,15,21,28,42,63,90,110,117,130,134,110,81,31,5,19,10,0
Saint Martin (French part),1950,14,4,5,1,0,0,0,0,0,0,0,0,0,0,0,0,0,0,0,0,0,0,0,0,0,0,0,0,0,0,0,5,0,0
Saint Martin (French part),1951,14,4,5,1,0,0,0,0,0,0,0,0,0,0,0,0,0,0,0,0,0,0,0,0,0,0,0,0,0,0,0,5,0,0
Saint Martin (French part),1952,13,4,4,0,0,0,0,0,0,0,0,0,0,0,0,0,0,0,0,0,0,0,0,0,0,0,0,0,0,0,0,4,0,0
Saint Martin (French part),1953,13,4,4,0,0,0,0,0,0,0,0,0,0,0,0,0,0,0,0,0,0,0,0,0,0,0,0,0,0,0,0,4,0,0
Saint Martin (French part),1954,14,4,4,0,0,0,0,0,0,0,0,0,0,0,0,0,0,0,0,0,0,0,0,0,0,0,0,0,0,0,0,4,0,0
Saint Martin (French part),1955,14,4,4,0,0,0,0,0,0,0,0,0,0,0,0,0,0,0,0,0,0,0,0,0,0,0,0,0,0,0,0,4,0,0
Saint Martin (French part),1956,14,4,4,0,0,0,0,0,0,0,0,0,0,0,0,0,0,0,0,0,0,0,0,0,0,0,0,0,0,0,0,4,0,0
Saint Martin (French part),1957,14,4,4,0,0,0,0,0,0,0,0,0,0,0,0,0,0,0,0,0,0,0,0,0,0,0,0,0,0,0,0,4,0,0
Saint Martin (French part),1958,14,4,4,0,0,0,0,0,0,0,0,0,0,0,0,0,0,0,0,0,0,0,0,0,0,0,0,0,0,0,0,4,0,0
Saint Martin (French part),1959,14,4,4,0,0,0,0,0,0,0,0,0,0,0,0,0,0,0,0,0,0,0,0,0,0,0,0,0,0,0,0,4,0,0
Saint Martin (French part),1960,15,4,4,0,0,0,0,0,0,0,0,0,0,0,0,0,0,0,0,0,0,0,0,0,0,0,0,0,0,0,0,4,0,0
Saint Martin (French part),1961,15,4,4,0,0,0,0,0,0,0,0,0,0,0,0,0,0,0,0,0,0,0,0,0,0,0,0,0,0,0,0,4,0,0
Saint Martin (French part),1962,15,4,4,0,0,0,0,0,0,0,0,0,0,0,0,0,0,0,0,0,0,0,0,0,0,0,0,0,0,0,0,4,0,0
Saint Martin (French part),1963,14,3,3,0,0,0,0,0,0,0,0,0,0,0,0,0,0,0,0,0,0,0,0,0,0,0,0,0,0,0,0,3,0,0
Saint Martin (French part),1964,14,3,3,0,0,0,0,0,0,0,0,0,0,0,0,0,0,0,0,0,0,0,0,0,0,0,0,0,0,0,0,3,0,0
Saint Martin (French part),1965,16,4,4,0,0,0,0,0,0,0,0,0,0,0,0,0,0,0,0,0,0,0,0,0,0,0,0,0,0,0,0,4,0,0
Saint Martin (French part),1966,16,4,4,0,0,0,0,0,0,0,0,0,0,0,0,0,0,0,0,0,0,0,0,0,0,0,0,0,0,0,0,4,0,0
Saint Martin (French part),1967,16,4,4,0,0,0,0,0,0,0,0,0,0,0,0,0,0,0,0,0,0,0,0,0,0,0,0,0,0,0,0,4,0,0
Saint Martin (French part),1968,17,4,4,0,0,0,0,0,0,0,0,0,0,0,0,0,0,0,0,0,0,0,0,0,0,0,0,0,0,0,0,4,0,0
Saint Martin (French part),1969,17,4,4,0,0,0,0,0,0,0,0,0,0,0,0,0,0,0,0,0,0,0,0,0,0,0,0,0,0,0,0,4,0,0
Saint Martin (French part),1970,16,3,3,0,0,0,0,0,0,0,0,0,0,0,0,0,0,0,0,0,0,0,0,0,0,0,0,0,0,0,0,3,0,0
Saint Martin (French part),1971,16,3,3,0,0,0,0,0,0,0,0,0,0,0,0,0,0,0,0,0,0,0,0,0,0,0,0,0,0,0,0,3,0,0
Saint Martin (French part),1972,17,3,3,0,0,0,0,0,0,0,0,0,0,0,0,0,0,0,0,0,0,0,0,0,0,0,0,0,0,0,0,3,0,0
Saint Martin (French part),1973,17,3,3,0,0,0,0,0,0,0,0,0,0,0,0,0,0,0,0,0,0,0,0,0,0,0,0,0,0,0,0,3,0,0
Saint Martin (French part),1974,18,3,3,0,0,0,0,0,0,0,0,0,0,0,0,0,0,0,0,0,0,0,0,0,0,0,0,0,0,0,0,3,0,0
Saint Martin (French part),1975,18,3,3,0,0,0,0,0,0,0,0,0,0,0,0,0,0,0,0,0,0,0,0,0,0,0,0,0,0,0,0,3,0,0
Saint Martin (French part),1976,18,3,3,0,0,0,0,0,0,0,0,0,0,0,0,0,0,0,0,0,0,0,0,0,0,0,0,0,0,0,0,3,0,0
Saint Martin (French part),1977,19,4,4,0,0,0,0,0,0,0,0,0,0,0,0,0,0,0,0,0,0,0,0,0,0,0,0,0,0,0,0,4,0,0
Saint Martin (French part),1978,19,4,4,0,0,0,0,0,0,0,0,0,0,0,0,0,0,0,0,0,0,0,0,0,0,0,0,0,0,0,0,4,0,0
Saint Martin (French part),1979,19,4,4,0,0,0,0,0,0,0,0,0,0,0,0,0,0,0,0,0,0,0,0,0,0,0,0,0,0,0,0,4,0,0
Saint Martin (French part),1980,20,4,4,0,0,0,0,0,0,0,0,0,0,0,0,0,0,0,0,0,0,0,0,0,0,0,0,0,0,0,0,4,0,0
Saint Martin (French part),1981,20,3,3,0,0,0,0,0,0,0,0,0,0,0,0,0,0,0,0,0,0,0,0,0,0,0,0,0,0,0,0,3,0,0
Saint Martin (French part),1982,19,3,3,0,0,0,0,0,0,0,0,0,0,0,0,0,0,0,0,0,0,0,0,0,0,0,0,0,0,0,0,3,0,0
Saint Martin (French part),1983,23,4,4,0,0,0,0,0,0,0,0,0,0,0,0,0,0,0,0,0,0,0,0,0,0,0,0,0,0,0,0,4,0,0
Saint Martin (French part),1984,26,6,6,0,0,0,0,0,0,0,0,0,0,0,0,0,0,0,0,0,0,0,0,0,0,0,0,0,0,0,0,6,0,0
Saint Martin (French part),1985,31,7,7,0,0,0,0,0,0,0,0,0,0,0,0,0,0,0,0,0,0,0,0,0,0,0,0,0,0,0,0,7,0,0
Saint Martin (French part),1986,33,7,7,0,0,0,0,0,0,0,1,5,0,0,0,0,0,0,0,0,0,0,1,3,2,0,0,0,0,0,0,7,0,0
Saint Martin (French part),1987,37,8,8,0,0,0,0,0,0,0,1,10,1,0,0,0,0,0,0,0,0,0,1,5,5,1,0,0,0,0,0,8,0,0
Saint Martin (French part),1988,38,9,9,0,0,0,0,0,0,0,2,10,3,0,0,0,0,0,0,0,0,0,2,5,5,3,0,0,0,0,0,9,0,0
Saint Martin (French part),1989,43,9,9,0,0,0,0,0,0,0,4,10,4,0,0,0,0,0,0,0,0,0,4,5,5,4,0,0,0,0,0,9,0,0
Saint Martin (French part),1990,47,10,10,0,0,0,0,0,0,0,6,10,5,0,0,0,0,0,0,0,0,1,5,5,5,5,0,0,0,0,0,10,0,0
Saint Martin (French part),1991,42,8,8,0,0,0,0,0,0,0,4,10,6,0,0,0,0,0,0,0,0,0,4,5,5,5,1,0,0,0,0,8,0,0
Saint Martin (French part),1992,47,8,8,0,0,0,0,0,0,2,10,10,7,0,0,0,0,0,0,0,2,5,5,5,5,5,2,0,0,0,0,8,0,0
Saint Martin (French part),1993,48,8,8,0,0,0,0,0,0,4,10,10,10,2,0,0,0,0,0,0,4,5,5,5,5,5,5,2,0,0,0,8,0,0
Saint Martin (French part),1994,50,7,7,0,0,0,0,0,0,4,10,10,10,4,0,0,0,0,0,0,4,5,5,5,5,5,5,4,0,0,0,7,0,0
Saint Martin (French part),1995,52,7,7,0,0,0,0,0,0,4,10,10,10,5,0,0,0,0,0,0,4,5,5,5,5,5,5,5,0,0,0,7,0,0
Saint Martin (French part),1996,54,6,6,0,0,0,0,0,0,4,10,10,10,7,0,0,0,0,0,0,4,5,5,5,5,5,5,5,2,0,0,6,0,0
Saint Martin (French part),1997,56,6,6,0,0,0,0,0,0,4,10,10,13,8,0,0,0,0,0,0,4,5,5,5,5,5,8,5,3,0,0,6,0,0
Saint Martin (French part),1998,59,6,6,0,0,0,0,0,0,4,10,10,13,10,0,0,0,0,0,0,4,5,5,5,5,5,8,5,5,0,0,6,0,0
Saint Martin (French part),1999,61,6,6,0,0,0,0,0,0,4,10,10,14,12,1,0,0,0,0,0,4,5,5,5,5,5,9,7,5,1,0,6,0,0
Saint Martin (French part),2000,64,5,5,0,0,0,0,0,0,4,10,10,13,13,2,0,0,0,0,0,4,5,5,5,5,5,8,8,5,2,0,5,0,0
Saint Martin (French part),2001,65,5,5,0,0,0,0,0,0,5,10,10,12,14,2,0,0,0,0,0,5,5,5,5,5,5,7,9,5,2,0,5,0,0
Saint Martin (French part),2002,66,5,5,0,0,0,0,0,0,5,10,10,12,14,3,0,0,0,0,0,5,5,5,5,5,5,7,9,5,3,0,5,0,0
Saint Martin (French part),2003,67,5,5,0,0,0,0,0,0,5,10,10,12,15,3,0,0,0,0,0,5,5,5,5,5,5,7,10,5,3,0,5,0,0
Saint Martin (French part),2004,68,5,5,0,0,0,0,0,0,5,10,10,13,15,3,0,0,0,0,0,5,5,5,5,5,7,6,10,5,3,0,5,0,0
Saint Martin (French part),2005,70,5,5,0,0,0,0,0,0,6,10,11,12,16,3,0,0,0,0,1,5,5,5,6,5,7,5,10,6,3,0,5,0,0
Saint Martin (French part),2006,72,5,5,0,0,0,0,0,0,6,10,13,13,15,1,0,0,0,0,1,5,5,5,6,7,6,7,9,6,1,0,5,0,0
Saint Martin (French part),2007,74,5,5,0,0,0,0,0,0,6,10,16,14,17,1,0,0,0,0,1,5,5,5,7,9,6,8,10,7,1,0,5,0,0
Saint Martin (French part),2008,77,4,4,0,0,0,0,0,0,6,10,19,17,15,2,0,0,0,0,1,5,5,5,9,10,7,10,9,6,2,0,4,0,0
Saint Martin (French part),2009,79,4,4,0,0,0,0,0,0,6,10,19,19,14,3,0,0,0,0,1,5,5,5,9,10,10,9,9,5,3,0,4,0,0
Saint Martin (French part),2010,82,4,4,0,0,0,0,0,0,6,11,20,20,15,4,0,0,0,0,1,5,5,6,10,10,10,10,10,5,4,0,4,0,0
Saint Martin (French part),2011,87,4,4,0,0,0,0,0,0,6,12,20,20,16,5,0,0,0,0,1,5,5,7,10,10,10,10,10,6,5,0,4,0,0
Saint Martin (French part),2012,82,4,4,0,0,0,0,0,0,5,11,20,20,17,6,0,0,0,0,0,5,5,6,10,10,10,10,10,7,5,1,4,0,0
Saint Martin (French part),2013,85,4,4,0,0,0,0,0,0,5,12,20,20,18,7,0,0,0,0,0,5,5,7,10,10,10,10,10,8,5,2,4,0,0
Saint Martin (French part),2014,79,3,3,0,0,0,0,0,0,3,11,20,19,14,6,0,0,0,0,0,3,5,6,10,10,10,9,8,6,5,1,3,0,0
Saint Martin (French part),2015,88,4,4,0,0,0,0,0,0,4,11,20,20,15,6,0,0,0,0,0,4,5,6,10,10,10,10,9,6,5,1,4,0,0
Saint Martin (French part),2016,90,3,3,0,0,0,0,0,0,3,12,20,20,15,6,0,0,0,0,0,3,5,7,10,10,10,10,9,6,5,1,3,0,0
Saint Martin (French part),2017,95,4,4,0,0,0,0,0,0,4,14,22,20,17,7,0,0,0,0,0,4,5,9,10,12,10,10,10,7,5,2,4,0,0
Saint Martin (French part),2018,89,3,3,0,0,0,0,0,0,3,14,23,21,17,5,0,0,0,0,0,3,5,9,10,13,11,10,9,8,4,1,3,0,0
Saint Martin (French part),2019,95,3,3,0,0,0,0,0,0,3,14,23,22,19,6,0,0,0,0,0,3,5,9,10,13,12,10,10,9,5,1,3,0,1
Saint Martin (French part),2020,96,3,3,0,0,0,0,0,0,2,14,22,23,18,7,0,0,0,0,0,2,5,9,10,12,13,10,9,9,5,2,3,0,1
Saint Martin (French part),2021,96,2,2,0,0,0,0,0,0,2,14,22,24,19,7,0,0,0,0,0,2,5,9,10,12,13,11,9,10,5,2,2,0,1
Saint Pierre and Miquelon,1950,34,3,3,0,0,0,0,0,0,6,10,8,0,0,0,0,0,0,0,1,5,5,5,5,3,0,0,0,0,0,0,3,0,0
Saint Pierre and Miquelon,1951,34,3,3,0,0,0,0,0,0,7,10,8,0,0,0,0,0,0,0,2,5,5,5,5,3,0,0,0,0,0,0,3,0,0
Saint Pierre and Miquelon,1952,33,3,3,0,0,0,0,0,0,6,10,8,0,0,0,0,0,0,0,1,5,5,5,5,3,0,0,0,0,0,0,3,0,0
Saint Pierre and Miquelon,1953,33,3,3,0,0,0,0,0,0,5,10,8,0,0,0,0,0,0,0,0,5,5,5,5,3,0,0,0,0,0,0,3,0,0
Saint Pierre and Miquelon,1954,32,3,3,0,0,0,0,0,0,4,10,9,0,0,0,0,0,0,0,0,4,5,5,5,4,0,0,0,0,0,0,3,0,0
Saint Pierre and Miquelon,1955,33,3,3,0,0,0,0,0,0,7,10,10,0,0,0,0,0,0,0,2,5,5,5,5,5,0,0,0,0,0,0,3,0,0
Saint Pierre and Miquelon,1956,32,3,3,0,0,0,0,0,0,7,10,10,0,0,0,0,0,0,0,2,5,5,5,5,5,0,0,0,0,0,0,3,0,0
Saint Pierre and Miquelon,1957,33,3,3,0,0,0,0,0,0,6,10,10,1,0,0,0,0,0,0,1,5,5,5,5,5,1,0,0,0,0,0,3,0,0
Saint Pierre and Miquelon,1958,32,3,3,0,0,0,0,0,0,6,10,10,2,0,0,0,0,0,0,1,5,5,5,5,5,2,0,0,0,0,0,3,0,0
Saint Pierre and Miquelon,1959,32,2,2,0,0,0,0,0,0,5,10,10,2,0,0,0,0,0,0,0,5,5,5,5,5,2,0,0,0,0,0,2,0,0
Saint Pierre and Miquelon,1960,33,2,2,0,0,0,0,0,0,4,10,10,3,0,0,0,0,0,0,0,4,5,5,5,5,3,0,0,0,0,0,2,0,0
Saint Pierre and Miquelon,1961,34,2,2,0,0,0,0,0,0,4,10,10,4,0,0,0,0,0,0,0,4,5,5,5,5,4,0,0,0,0,0,2,0,0
Saint Pierre and Miquelon,1962,32,2,2,0,0,0,0,0,0,3,10,10,3,0,0,0,0,0,0,0,3,5,5,5,5,3,0,0,0,0,0,2,0,0
Saint Pierre and Miquelon,1963,31,1,1,0,0,0,0,0,0,2,10,10,3,0,0,0,0,0,0,0,2,5,5,5,5,3,0,0,0,0,0,1,0,0
Saint Pierre and Miquelon,1964,32,2,2,0,0,0,0,0,0,1,10,10,4,0,0,0,0,0,0,0,1,5,5,5,5,4,0,0,0,0,0,2,0,0
Saint Pierre and Miquelon,1965,33,2,2,0,0,0,0,0,0,0,10,10,4,0,0,0,0,0,0,0,0,5,5,5,5,4,0,0,0,0,0,2,0,0
Saint Pierre and Miquelon,1966,33,2,2,0,0,0,0,0,0,0,9,10,4,0,0,0,0,0,0,0,0,4,5,5,5,4,0,0,0,0,0,2,0,0
Saint Pierre and Miquelon,1967,32,2,2,0,0,0,0,0,0,0,8,10,4,0,0,0,0,0,0,0,0,3,5,5,5,4,0,0,0,0,0,2,0,0
Saint Pierre and Miquelon,1968,31,2,2,0,0,0,0,0,0,0,7,10,4,0,0,0,0,0,0,0,0,2,5,5,5,4,0,0,0,0,0,2,0,0
Saint Pierre and Miquelon,1969,31,2,2,0,0,0,0,0,0,0,6,10,4,0,0,0,0,0,0,0,0,1,5,5,5,4,0,0,0,0,0,2,0,0
Saint Pierre and Miquelon,1970,31,2,2,0,0,0,0,0,0,0,5,10,4,0,0,0,0,0,0,0,0,0,5,5,5,4,0,0,0,0,0,2,0,0
Saint Pierre and Miquelon,1971,30,2,2,0,0,0,0,0,0,0,4,10,5,0,0,0,0,0,0,0,0,0,4,5,5,5,0,0,0,0,0,2,0,0
Saint Pierre and Miquelon,1972,29,2,2,0,0,0,0,0,0,0,3,10,6,0,0,0,0,0,0,0,0,0,3,5,5,5,1,0,0,0,0,2,0,0
Saint Pierre and Miquelon,1973,28,1,1,0,0,0,0,0,0,0,2,10,7,0,0,0,0,0,0,0,0,0,2,5,5,5,2,0,0,0,0,1,0,0
Saint Pierre and Miquelon,1974,27,1,1,0,0,0,0,0,0,0,1,10,7,0,0,0,0,0,0,0,0,0,1,5,5,5,2,0,0,0,0,1,0,0
Saint Pierre and Miquelon,1975,26,1,1,0,0,0,0,0,0,0,0,10,8,0,0,0,0,0,0,0,0,0,0,5,5,5,3,0,0,0,0,1,0,0
Saint Pierre and Miquelon,1976,25,1,1,0,0,0,0,0,0,0,0,9,9,0,0,0,0,0,0,0,0,0,0,4,5,5,4,0,0,0,0,1,0,0
Saint Pierre and Miquelon,1977,25,1,1,0,0,0,0,0,0,0,0,9,9,0,0,0,0,0,0,0,0,0,0,4,5,5,4,0,0,0,0,1,0,0
Saint Pierre and Miquelon,1978,27,1,1,0,0,0,0,0,0,0,0,8,9,1,0,0,0,0,0,0,0,0,0,3,5,5,4,1,0,0,0,1,0,0
Saint Pierre and Miquelon,1979,28,1,1,0,0,0,0,0,0,0,0,7,10,0,0,0,0,0,0,0,0,0,0,2,5,5,5,0,0,0,0,1,0,0
Saint Pierre and Miquelon,1980,29,2,2,0,0,0,0,0,0,0,0,7,10,0,0,0,0,0,0,0,0,0,0,2,5,5,5,0,0,0,0,2,0,0
Saint Pierre and Miquelon,1981,29,1,1,0,0,0,0,0,0,0,0,6,10,1,0,0,0,0,0,0,0,0,0,1,5,5,5,1,0,0,0,1,0,0
Saint Pierre and Miquelon,1982,27,1,1,0,0,0,0,0,0,0,0,5,10,0,0,0,0,0,0,0,0,0,0,0,5,5,5,0,0,0,0,1,0,0
Saint Pierre and Miquelon,1983,28,1,1,0,0,0,0,0,0,0,1,5,10,1,0,0,0,0,0,0,0,0,1,1,4,5,5,1,0,0,0,1,0,0
Saint Pierre and Miquelon,1984,29,1,1,0,0,0,0,0,0,0,0,7,10,2,0,0,0,0,0,0,0,0,0,3,4,5,5,2,0,0,0,1,0,0
Saint Pierre and Miquelon,1985,27,1,1,0,0,0,0,0,0,0,0,6,10,2,0,0,0,0,0,0,0,0,0,3,3,5,5,2,0,0,0,1,0,0
Saint Pierre and Miquelon,1986,28,1,1,0,0,0,0,0,0,0,1,9,10,3,0,0,0,0,0,0,0,0,1,4,5,5,5,3,0,0,0,1,0,0
Saint Pierre and Miquelon,1987,28,1,1,0,0,0,0,0,0,0,1,10,10,4,0,0,0,0,0,0,0,0,1,5,5,5,5,4,0,0,0,1,0,0
Saint Pierre and Miquelon,1988,28,1,1,0,0,0,0,0,0,0,0,10,10,4,0,0,0,0,0,0,0,0,0,5,5,5,5,4,0,0,0,1,0,0
Saint Pierre and Miquelon,1989,29,1,1,0,0,0,0,0,0,0,0,10,10,3,0,0,0,0,0,0,0,0,0,5,5,5,5,3,0,0,0,1,0,0
Saint Pierre and Miquelon,1990,28,1,1,0,0,0,0,0,0,0,0,9,10,3,0,0,0,0,0,0,0,0,0,4,5,5,5,3,0,0,0,1,0,0
Saint Pierre and Miquelon,1991,29,1,1,0,0,0,0,0,0,0,2,10,10,4,0,0,0,0,0,0,0,2,0,5,5,5,5,4,0,0,0,1,0,0
Saint Pierre and Miquelon,1992,28,1,1,0,0,0,0,0,0,0,2,9,10,5,0,0,0,0,0,0,0,1,1,4,5,5,5,5,0,0,0,1,0,0
Saint Pierre and Miquelon,1993,29,1,1,0,0,0,0,0,0,0,3,8,10,5,0,0,0,0,0,0,0,0,3,3,5,5,5,5,0,0,0,1,0,0
Saint Pierre and Miquelon,1994,30,1,1,0,0,0,0,0,0,0,4,9,10,6,0,0,0,0,0,0,0,0,4,4,5,5,5,5,1,0,0,1,0,0
Saint Pierre and Miquelon,1995,31,1,1,0,0,0,0,0,0,0,3,10,10,6,0,0,0,0,0,0,0,0,3,5,5,5,5,5,1,0,0,1,0,0
Saint Pierre and Miquelon,1996,29,1,1,0,0,0,0,0,0,0,2,10,10,6,0,0,0,0,0,0,0,0,2,5,5,5,5,5,1,0,0,1,0,0
Saint Pierre and Miquelon,1997,30,1,1,0,0,0,0,0,0,0,2,10,10,6,0,0,0,0,0,0,0,0,2,5,5,5,5,5,1,0,0,1,0,0
Saint Pierre and Miquelon,1998,30,1,1,0,0,0,0,0,0,0,1,10,10,6,0,0,0,0,0,0,0,0,1,5,5,5,5,5,1,0,0,1,0,0
Saint Pierre and Miquelon,1999,30,0,0,0,0,0,0,0,0,0,0,10,10,7,0,0,0,0,0,0,0,0,0,5,5,5,5,5,2,0,0,0,0,0
Saint Pierre and Miquelon,2000,31,1,1,0,0,0,0,0,0,0,1,10,10,7,0,0,0,0,0,0,0,0,1,5,5,5,5,5,2,0,0,1,0,0
Saint Pierre and Miquelon,2001,31,0,0,0,0,0,0,0,0,0,3,10,10,7,0,0,0,0,0,0,0,1,2,5,5,5,5,5,2,0,0,0,0,0
Saint Pierre and Miquelon,2002,32,0,0,0,0,0,0,0,0,0,5,10,10,4,0,0,0,0,0,0,0,2,3,5,5,5,5,4,0,0,0,0,0,0
Saint Pierre and Miquelon,2003,32,0,0,0,0,0,0,0,0,0,4,10,10,4,0,0,0,0,0,0,0,1,3,5,5,5,5,4,0,0,0,0,0,0
Saint Pierre and Miquelon,2004,33,0,0,0,0,0,0,0,0,0,6,10,10,4,0,0,0,0,0,0,0,1,5,5,5,5,5,4,0,0,0,0,0,0
Saint Pierre and Miquelon,2005,31,0,0,0,0,0,0,0,0,0,5,10,10,5,0,0,0,0,0,0,0,0,5,5,5,5,5,5,0,0,0,0,0,0
Saint Pierre and Miquelon,2006,34,0,0,0,0,0,0,0,0,0,4,10,10,7,1,0,0,0,0,0,0,0,4,5,5,5,5,5,2,1,0,0,0,0
Saint Pierre and Miquelon,2007,33,0,0,0,0,0,0,0,0,0,3,10,10,8,1,0,0,0,0,0,0,0,3,5,5,5,5,5,3,1,0,0,0,0
Saint Pierre and Miquelon,2008,30,0,0,0,0,0,0,0,0,0,2,10,10,8,0,0,0,0,0,0,0,0,2,5,5,5,5,5,3,0,0,0,0,0
Saint Pierre and Miquelon,2009,32,0,0,0,0,0,0,0,0,0,1,10,10,9,0,0,0,0,0,0,0,0,1,5,5,5,5,5,4,0,0,0,0,0
Saint Pierre and Miquelon,2010,33,0,0,0,0,0,0,0,0,0,0,10,10,10,0,0,0,0,0,0,0,0,0,5,5,5,5,5,5,0,0,0,0,0
Saint Pierre and Miquelon,2011,33,0,0,0,0,0,0,0,0,0,3,9,10,8,0,0,0,0,0,0,0,0,3,4,5,5,5,5,3,0,0,0,0,0
Saint Pierre and Miquelon,2012,33,0,0,0,0,0,0,0,0,0,4,9,10,9,0,0,0,0,0,0,0,0,4,4,5,5,5,5,4,0,0,0,0,0
Saint Pierre and Miquelon,2013,35,0,0,0,0,0,0,0,0,0,4,10,10,8,0,0,0,0,0,0,0,0,4,5,5,5,5,5,3,0,0,0,0,0
Saint Pierre and Miquelon,2014,38,0,0,0,0,0,0,0,0,0,3,10,12,10,0,0,0,0,0,0,0,0,3,5,5,5,7,5,5,0,0,0,0,0
Saint Pierre and Miquelon,2015,40,0,0,0,0,0,0,0,0,0,3,10,13,10,1,0,0,0,0,0,0,0,3,5,5,5,8,5,5,1,0,0,0,0
Saint Pierre and Miquelon,2016,39,0,0,0,0,0,0,0,0,0,1,10,12,10,2,0,0,0,0,0,0,0,1,5,5,5,7,5,5,2,0,0,0,0
Saint Pierre and Miquelon,2017,39,0,0,0,0,0,0,0,0,0,1,10,11,10,2,0,0,0,0,0,0,0,1,5,5,5,6,5,5,2,0,0,0,0
Saint Pierre and Miquelon,2018,39,0,0,0,0,0,0,0,0,0,1,10,11,10,3,0,0,0,0,0,0,0,1,5,5,5,6,5,5,3,0,0,0,0
Saint Pierre and Miquelon,2019,40,0,0,0,0,0,0,0,0,0,3,10,11,10,3,0,0,0,0,0,0,0,3,5,5,5,6,5,5,3,0,0,0,0
Saint Pierre and Miquelon,2020,40,0,0,0,0,0,0,0,0,0,2,10,10,10,3,0,0,0,0,0,0,0,2,5,5,5,5,5,5,3,0,0,0,0
Saint Pierre and Miquelon,2021,39,0,0,0,0,0,0,0,0,0,2,10,10,10,3,0,0,0,0,0,0,0,2,5,5,5,5,5,5,3,0,0,0,0
Saint Vincent and the Grenadines,1950,615,207,288,81,7,5,5,20,29,30,27,47,73,65,20,10,10,14,15,15,15,15,12,19,28,37,36,38,27,15,5,295,10,1
Saint Vincent and the Grenadines,1951,607,209,293,84,8,5,5,20,29,30,28,45,69,59,17,10,10,14,15,15,15,15,13,18,27,34,35,34,25,13,4,301,10,1
Saint Vincent and the Grenadines,1952,606,216,304,88,8,5,5,20,28,30,29,42,67,54,16,10,10,13,15,15,15,15,14,17,25,33,34,30,24,12,4,312,10,1
Saint Vincent and the Grenadines,1953,604,223,315,92,9,5,5,20,27,30,30,38,63,48,13,10,10,12,15,15,15,15,15,16,22,30,33,27,21,10,3,324,10,1
Saint Vincent and the Grenadines,1954,593,230,325,95,8,5,5,19,23,30,30,36,58,43,12,9,10,10,13,15,15,15,15,15,21,28,30,25,18,9,3,333,10,1
Saint Vincent and the Grenadines,1955,647,247,361,114,20,10,10,20,25,30,30,34,57,40,11,10,10,10,15,15,15,15,15,15,19,27,30,23,17,8,3,381,20,1
Saint Vincent and the Grenadines,1956,600,245,346,101,8,5,5,19,21,30,30,32,49,39,11,9,10,10,11,15,15,15,15,15,17,24,25,23,16,8,3,354,10,1
Saint Vincent and the Grenadines,1957,605,252,356,104,8,5,5,19,21,30,30,32,48,36,9,9,10,10,11,15,15,15,15,15,17,23,25,22,14,7,2,364,10,1
Saint Vincent and the Grenadines,1958,609,258,365,107,9,5,5,19,20,30,32,31,47,36,9,9,10,10,10,15,15,17,15,15,16,22,25,22,14,7,2,374,10,1
Saint Vincent and the Grenadines,1959,610,261,368,107,9,5,6,20,20,30,33,30,45,34,9,10,10,10,10,15,15,18,15,15,15,20,25,21,13,7,2,377,11,1
Saint Vincent and the Grenadines,1960,597,259,363,104,9,5,7,20,20,29,32,30,39,32,9,10,10,10,10,14,15,17,15,15,15,19,20,19,13,7,2,372,12,1
Saint Vincent and the Grenadines,1961,566,244,342,98,9,5,6,20,20,25,31,30,37,30,8,10,10,10,10,10,15,16,15,15,15,17,20,18,12,6,2,351,11,0
Saint Vincent and the Grenadines,1962,524,222,310,88,8,5,5,13,20,23,30,30,34,27,7,5,8,10,10,10,13,15,15,15,15,15,19,16,11,6,1,318,10,0
Saint Vincent and the Grenadines,1963,484,199,276,77,8,5,5,12,20,22,30,35,30,25,6,5,7,10,10,10,12,15,15,19,16,15,15,15,10,5,1,284,10,0
Saint Vincent and the Grenadines,1964,444,178,244,66,8,5,5,10,20,21,30,35,30,22,6,5,5,10,10,10,11,15,15,19,16,15,15,14,8,5,1,252,10,0
Saint Vincent and the Grenadines,1965,408,159,215,56,8,5,5,10,18,21,30,36,30,21,6,5,5,8,10,10,11,15,15,19,17,15,15,13,8,5,1,223,10,0
Saint Vincent and the Grenadines,1966,381,144,192,48,7,5,5,10,16,20,30,38,30,19,6,5,5,6,10,10,10,15,15,20,18,15,15,12,7,5,1,199,10,0
Saint Vincent and the Grenadines,1967,362,132,174,42,6,5,5,10,14,20,30,40,29,17,6,5,5,5,9,10,10,15,15,20,20,15,14,10,7,5,1,180,10,1
Saint Vincent and the Grenadines,1968,348,122,160,38,6,5,6,10,13,20,29,40,28,17,7,5,5,5,8,10,10,14,15,20,20,17,11,10,7,5,2,166,11,1
Saint Vincent and the Grenadines,1969,340,115,150,35,6,5,6,13,12,20,29,40,30,17,6,8,5,5,7,10,10,14,15,20,20,18,12,10,7,4,2,156,11,1
Saint Vincent and the Grenadines,1970,337,111,145,34,6,5,7,14,11,20,29,43,32,17,1,9,5,5,6,10,10,14,15,22,21,19,13,10,7,1,0,151,12,1
Saint Vincent and the Grenadines,1971,338,108,140,32,6,5,9,15,11,20,31,47,33,17,1,10,5,5,6,10,10,15,16,23,24,20,13,10,7,1,0,146,14,1
Saint Vincent and the Grenadines,1972,345,107,139,32,6,5,10,16,11,20,31,48,37,17,1,10,6,5,6,10,10,15,16,23,25,22,15,10,7,1,0,145,15,1
Saint Vincent and the Grenadines,1973,351,106,138,32,6,6,10,17,10,20,31,48,41,17,1,10,7,5,5,10,10,15,16,23,25,24,17,10,7,1,0,144,16,1
Saint Vincent and the Grenadines,1974,349,105,137,32,6,6,10,18,10,19,30,48,42,17,1,10,8,5,5,9,10,14,16,23,25,24,18,11,6,1,0,143,16,1
Saint Vincent and the Grenadines,1975,349,103,134,31,5,5,10,19,10,18,30,52,45,17,1,10,9,5,5,8,10,14,16,23,29,26,19,11,6,1,0,139,15,1
Saint Vincent and the Grenadines,1976,349,99,129,30,5,5,10,20,10,18,30,52,50,18,1,10,10,5,5,8,10,14,16,23,29,28,22,12,6,1,0,134,15,1
Saint Vincent and the Grenadines,1977,347,93,120,27,5,5,10,20,12,17,30,53,52,20,1,10,10,7,5,7,10,14,16,23,30,29,23,14,6,1,0,125,15,1
Saint Vincent and the Grenadines,1978,349,87,111,24,5,5,9,20,13,17,30,54,57,23,1,10,10,8,5,7,10,14,16,24,30,32,25,16,7,1,0,116,14,1
Saint Vincent and the Grenadines,1979,345,81,103,22,5,5,9,20,14,17,30,55,61,23,1,10,10,9,5,7,10,14,16,24,31,34,27,16,7,1,0,108,14,0
Saint Vincent and the Grenadines,1980,337,73,93,20,5,5,8,20,15,15,30,54,63,26,1,10,10,10,5,5,10,14,16,23,31,35,28,19,7,1,0,98,13,0
Saint Vincent and the Grenadines,1981,337,67,82,15,5,5,8,20,16,15,30,56,65,30,1,10,10,10,6,5,10,14,16,25,31,35,30,21,9,1,0,87,13,0
Saint Vincent and the Grenadines,1982,342,62,76,14,5,5,8,22,18,15,30,57,68,34,2,12,10,10,8,5,10,14,16,25,32,35,33,23,11,2,0,81,13,0
Saint Vincent and the Grenadines,1983,333,56,68,12,5,5,7,22,19,14,29,54,68,35,3,12,10,10,9,5,9,13,16,23,31,35,33,24,11,3,0,73,12,0
Saint Vincent and the Grenadines,1984,331,49,61,12,5,5,7,25,20,18,29,54,70,40,4,12,13,10,10,8,10,13,16,23,31,36,34,26,14,4,0,66,12,0
Saint Vincent and the Grenadines,1985,327,43,52,9,4,5,7,26,20,20,28,52,71,41,5,11,15,10,10,10,10,12,16,23,29,35,36,26,15,5,0,56,12,0
Saint Vincent and the Grenadines,1986,332,39,47,8,2,5,6,26,22,20,28,53,75,45,7,11,15,12,10,10,10,12,16,23,30,37,38,29,16,7,0,49,11,0
Saint Vincent and the Grenadines,1987,328,35,43,8,2,5,6,25,23,20,26,52,75,48,8,10,15,13,10,10,10,11,15,23,29,36,39,31,17,7,1,45,11,0
Saint Vincent and the Grenadines,1988,340,33,40,7,2,5,6,25,25,20,27,54,77,52,9,10,15,15,10,10,10,11,16,23,31,37,40,33,19,8,1,42,11,0
Saint Vincent and the Grenadines,1989,339,31,38,7,1,5,5,24,25,20,25,54,76,53,9,10,14,15,10,10,10,10,15,23,31,36,40,33,20,7,2,39,10,0
Saint Vincent and the Grenadines,1990,354,30,35,5,1,5,6,24,27,20,27,57,78,59,11,10,14,15,12,10,10,11,16,25,32,38,40,36,23,9,2,36,11,0
Saint Vincent and the Grenadines,1991,344,28,33,5,1,5,5,23,28,20,24,55,77,55,12,10,13,15,13,10,10,10,14,24,31,37,40,34,21,9,3,34,10,0
Saint Vincent and the Grenadines,1992,351,28,33,5,1,5,6,23,29,20,27,56,77,59,12,10,13,15,14,10,10,12,15,24,32,37,40,35,24,9,3,34,11,1
Saint Vincent and the Grenadines,1993,355,28,33,5,0,4,7,22,30,21,28,56,78,60,13,10,12,15,15,11,10,13,15,24,32,38,40,36,24,11,2,33,11,1
Saint Vincent and the Grenadines,1994,375,27,32,5,0,4,7,22,35,25,30,58,81,64,16,10,12,17,18,13,12,15,15,24,34,40,41,38,26,13,3,32,11,1
Saint Vincent and the Grenadines,1995,376,26,31,5,0,3,6,21,36,28,30,57,82,65,17,10,11,17,19,14,14,15,15,24,33,40,42,39,26,14,3,31,9,1
Saint Vincent and the Grenadines,1996,406,25,30,5,0,3,6,22,38,32,30,60,89,71,19,10,12,18,20,17,15,15,15,24,36,44,45,43,28,14,5,30,9,1
Saint Vincent and the Grenadines,1997,416,25,30,5,0,3,6,21,37,33,31,60,93,74,21,10,11,17,20,18,15,15,16,24,36,45,48,44,30,16,5,30,9,1
Saint Vincent and the Grenadines,1998,423,24,28,4,0,2,6,21,37,36,34,60,97,77,22,10,11,17,20,21,15,18,16,24,36,47,50,45,32,16,6,28,8,1
Saint Vincent and the Grenadines,1999,434,24,28,4,0,2,5,21,37,39,38,61,98,79,22,10,11,16,21,23,16,20,18,25,36,48,50,46,33,16,6,28,7,1
Saint Vincent and the Grenadines,2000,437,23,27,4,0,2,5,21,37,43,40,61,98,79,22,10,11,16,21,24,19,20,20,25,36,48,50,46,33,16,6,27,7,1
Saint Vincent and the Grenadines,2001,428,22,26,4,0,1,5,19,35,45,40,59,96,77,22,9,10,15,20,25,20,20,20,25,34,46,50,45,32,16,6,26,6,1
Saint Vincent and the Grenadines,2002,430,21,25,4,0,1,5,20,34,47,40,59,96,78,23,8,12,15,19,25,22,20,20,25,34,46,50,46,32,17,6,25,6,1
Saint Vincent and the Grenadines,2003,424,20,24,4,0,0,5,19,33,47,40,57,96,78,23,7,12,15,18,24,23,20,20,25,32,46,50,46,32,17,6,24,5,1
Saint Vincent and the Grenadines,2004,406,19,23,4,0,0,4,16,27,47,40,55,93,75,22,6,10,11,16,23,24,20,20,24,31,43,50,45,30,16,6,23,4,1
Saint Vincent and the Grenadines,2005,405,19,23,4,0,0,4,15,25,46,42,55,91,78,22,5,10,10,15,21,25,22,20,24,31,41,50,46,32,16,6,23,4,1
Saint Vincent and the Grenadines,2006,403,18,21,3,0,0,3,14,24,45,43,56,90,79,22,5,9,10,14,20,25,23,20,25,31,41,49,47,32,16,6,21,3,1
Saint Vincent and the Grenadines,2007,392,18,21,3,0,0,2,13,22,41,44,54,87,78,22,5,8,10,12,18,23,24,20,25,29,39,48,46,32,16,6,21,2,1
Saint Vincent and the Grenadines,2008,401,18,21,3,0,0,2,12,22,41,47,58,87,81,23,5,7,10,12,18,23,26,21,27,31,39,48,48,33,17,6,21,2,1
Saint Vincent and the Grenadines,2009,406,18,21,3,0,0,2,11,21,40,50,59,87,86,24,5,6,10,11,17,23,29,21,28,31,39,48,51,35,17,7,21,2,1
Saint Vincent and the Grenadines,2010,429,17,20,3,0,0,2,11,25,39,56,63,93,93,26,5,6,10,15,16,23,30,26,29,34,42,51,54,39,19,7,20,2,2
Saint Vincent and the Grenadines,2011,442,16,19,3,0,0,2,11,25,40,60,66,94,95,28,5,6,10,15,16,24,33,27,31,35,42,52,55,40,21,7,19,2,2
Saint Vincent and the Grenadines,2012,474,16,18,2,0,0,2,11,25,40,66,74,102,104,29,5,6,10,15,16,24,34,32,34,40,46,56,59,45,22,7,18,2,2
Saint Vincent and the Grenadines,2013,488,16,19,3,0,0,2,10,24,39,71,77,104,105,30,5,5,10,14,15,24,36,35,36,41,47,57,60,45,23,7,19,2,2
Saint Vincent and the Grenadines,2014,486,14,16,2,0,0,1,10,22,36,72,79,103,108,34,5,5,9,13,15,21,35,37,37,42,47,56,60,48,25,9,16,1,2
Saint Vincent and the Grenadines,2015,497,13,15,2,0,0,0,10,22,36,75,84,106,111,34,5,5,9,13,15,21,35,40,40,44,49,57,62,49,25,9,15,0,2
Saint Vincent and the Grenadines,2016,512,12,14,2,0,0,0,10,20,35,76,92,110,113,34,5,5,8,12,15,20,34,42,45,47,52,58,63,50,25,9,14,0,2
Saint Vincent and the Grenadines,2017,520,11,13,2,0,0,0,9,18,35,75,97,113,115,35,4,5,7,11,15,20,33,42,50,47,55,58,64,51,26,9,13,0,2
Saint Vincent and the Grenadines,2018,538,10,12,2,0,0,0,9,18,39,77,106,118,119,39,4,5,7,11,18,21,33,44,55,51,57,61,65,54,30,9,12,0,2
Saint Vincent and the Grenadines,2019,607,10,11,1,0,0,0,9,18,40,84,127,136,134,44,4,5,7,11,18,22,35,49,66,61,66,70,74,60,32,12,11,0,3
Saint Vincent and the Grenadines,2020,670,9,10,1,0,0,0,7,16,42,89,149,149,149,48,2,5,5,11,18,24,36,53,77,72,74,75,80,69,36,12,10,0,3
Saint Vincent and the Grenadines,2021,804,9,10,1,0,0,3,10,23,53,108,183,183,176,51,5,5,10,13,22,31,43,65,90,93,93,90,94,82,39,12,10,3,2
Samoa,1950,766,260,358,98,33,17,22,54,50,48,41,53,58,30,3,29,25,25,25,25,23,20,21,26,27,30,28,20,10,3,0,391,39,0
Samoa,1951,766,261,358,97,33,16,22,53,50,50,41,56,58,33,5,28,25,25,25,25,25,20,21,26,30,30,28,21,12,5,0,391,38,0
Samoa,1952,766,260,355,95,32,17,22,51,50,50,44,56,59,33,6,26,25,25,25,25,25,23,21,26,30,30,29,21,12,5,1,387,39,0
Samoa,1953,764,258,349,91,32,16,21,50,50,50,47,56,59,35,8,25,25,25,25,25,25,25,22,26,30,30,29,23,12,6,2,381,37,0
Samoa,1954,761,256,346,90,32,15,22,50,50,50,50,56,60,37,9,25,25,25,25,25,25,25,25,26,30,30,30,24,13,7,2,378,37,0
Samoa,1955,762,252,341,89,32,15,22,50,48,50,50,56,60,38,10,25,25,25,23,25,25,25,25,26,30,30,30,24,14,7,3,373,37,0
Samoa,1956,757,248,333,85,31,15,22,48,40,50,50,57,60,39,11,25,23,20,20,25,25,25,25,27,30,30,30,25,14,8,3,364,37,0
Samoa,1957,750,244,327,83,29,15,22,47,40,49,50,57,60,41,11,25,22,20,20,24,25,25,25,27,30,30,30,25,16,8,3,356,37,0
Samoa,1958,756,239,319,80,29,15,21,45,40,48,50,60,63,45,17,25,20,20,20,23,25,25,25,30,30,33,30,27,18,13,4,348,36,0
Samoa,1959,756,236,314,78,30,15,21,44,40,48,52,60,65,46,17,24,20,20,20,23,25,25,27,30,30,35,30,27,19,13,4,344,36,0
Samoa,1960,753,231,307,76,30,15,21,44,40,47,52,60,66,47,20,24,20,20,20,22,25,25,27,30,30,35,31,27,20,15,5,337,36,0
Samoa,1961,751,226,299,73,31,15,22,45,40,47,53,60,65,47,23,25,20,20,20,22,25,25,28,30,30,34,31,26,21,17,6,330,37,0
Samoa,1962,756,222,293,71,31,15,22,45,40,47,53,64,68,50,25,25,20,20,20,22,25,25,28,34,30,35,33,27,23,19,6,324,37,0
Samoa,1963,738,217,285,68,31,15,22,45,40,47,53,69,68,43,21,25,20,20,20,22,25,25,28,34,35,35,33,25,18,14,7,316,37,0
Samoa,1964,844,232,333,101,62,29,28,46,43,50,60,70,68,39,15,25,21,20,23,25,25,30,30,35,35,35,33,24,15,9,6,395,57,1
Samoa,1965,710,206,270,64,29,15,23,44,37,47,54,68,68,35,11,25,19,17,20,22,25,25,29,33,35,35,33,23,12,6,5,299,38,1
Samoa,1966,705,202,265,63,30,17,23,44,36,47,56,72,72,32,8,24,20,16,20,22,25,26,30,33,39,39,33,22,10,4,4,295,40,1
Samoa,1967,690,195,254,59,27,16,23,43,35,47,60,72,73,30,2,23,20,15,20,22,25,30,30,33,39,40,33,21,9,2,0,281,39,1
Samoa,1968,685,189,245,56,27,16,25,44,34,51,60,73,75,31,2,24,20,15,19,25,26,30,30,34,39,40,35,22,9,2,0,272,41,1
Samoa,1969,679,184,236,52,26,16,25,41,33,51,60,74,79,32,2,24,17,15,18,25,26,30,30,35,39,43,36,23,9,2,0,262,41,0
Samoa,1970,673,177,227,50,26,16,25,41,33,50,61,74,81,35,3,25,16,15,18,24,26,30,31,35,39,45,36,25,10,3,0,253,41,0
Samoa,1971,666,169,216,47,23,16,26,41,32,50,66,74,84,36,3,25,16,15,17,24,26,32,34,35,39,45,39,26,10,3,0,239,42,0
Samoa,1972,659,162,207,45,22,16,26,42,31,49,67,77,84,37,3,26,16,15,16,23,26,32,35,37,40,45,39,26,11,3,0,229,42,0
Samoa,1973,654,154,195,41,22,16,26,42,30,49,68,78,85,38,3,26,16,15,15,22,27,33,35,38,40,44,41,27,11,3,0,217,42,0
Samoa,1974,649,148,187,39,21,15,26,43,30,49,68,79,86,40,3,26,17,15,15,21,28,33,35,39,40,44,42,28,12,3,0,208,41,0
Samoa,1975,651,141,178,37,20,15,26,43,33,50,73,83,88,41,3,26,17,15,18,21,29,34,39,40,43,45,43,28,13,3,0,198,41,0
Samoa,1976,656,135,168,33,19,15,26,42,34,49,75,88,92,46,3,26,16,15,19,21,28,35,40,43,45,45,47,31,15,3,0,187,41,0
Samoa,1977,660,128,159,31,19,14,26,42,34,50,78,90,94,48,3,26,16,15,19,22,28,37,41,45,45,45,49,32,16,3,0,178,40,0
Samoa,1978,659,123,152,29,18,12,26,43,33,51,81,90,98,50,4,26,17,15,18,22,29,38,43,45,45,50,48,34,16,4,0,170,38,0
Samoa,1979,653,118,145,27,17,12,25,45,32,50,83,92,97,49,4,28,17,15,17,22,28,38,45,46,46,50,47,33,16,4,0,162,37,0
Samoa,1980,647,112,138,26,16,12,25,45,32,49,83,98,95,48,5,28,17,15,17,22,27,38,45,50,48,48,47,32,16,5,0,154,37,0
Samoa,1981,641,108,132,24,15,12,25,46,31,49,86,99,95,46,5,28,18,15,16,22,27,39,47,50,49,47,48,31,15,5,0,147,37,0
Samoa,1982,636,104,126,22,14,11,25,46,31,48,86,100,94,45,6,28,18,15,16,21,27,38,48,50,50,45,49,31,14,6,0,140,36,0
Samoa,1983,636,101,123,22,13,11,24,46,30,48,84,105,99,49,6,28,18,15,15,21,27,36,48,55,50,50,49,35,14,6,0,136,35,0
Samoa,1984,633,97,116,19,12,11,23,47,30,48,84,108,99,50,6,28,19,15,15,21,27,36,48,55,53,50,49,35,15,6,0,128,34,0
Samoa,1985,633,93,112,19,12,11,23,46,30,46,81,110,101,53,5,27,19,15,15,19,27,35,46,55,55,51,50,36,17,5,0,124,34,0
Samoa,1986,633,90,108,18,11,11,23,46,30,45,81,114,109,55,6,27,19,15,15,19,26,35,46,58,56,55,54,36,19,6,0,119,34,0
Samoa,1987,634,86,104,18,11,10,23,46,30,43,80,116,110,59,6,27,19,15,15,18,25,35,45,58,58,55,55,40,19,6,0,115,33,0
Samoa,1988,626,83,99,16,11,8,21,44,30,43,78,119,105,59,7,25,19,15,15,18,25,34,44,58,61,53,52,40,19,7,0,110,29,0
Samoa,1989,618,80,96,16,10,8,20,43,30,40,76,121,103,59,6,24,19,15,15,17,23,33,43,58,63,53,50,40,19,6,0,106,28,0
Samoa,1990,610,77,93,16,11,8,20,43,30,40,74,123,101,58,7,24,19,15,15,17,23,32,42,56,67,54,47,39,19,7,0,104,28,0
Samoa,1991,602,75,91,16,11,8,20,42,30,38,73,121,102,56,7,24,18,15,15,16,22,31,42,52,69,56,46,36,20,7,0,102,28,0
Samoa,1992,588,73,87,14,8,7,18,41,30,38,72,122,104,55,8,23,18,15,15,16,22,31,41,52,70,59,45,35,20,7,1,95,25,0
Samoa,1993,584,71,85,14,8,6,18,39,30,37,70,119,107,55,8,22,17,15,15,16,21,30,40,50,69,62,45,35,20,7,1,93,24,0
Samoa,1994,582,70,83,13,8,6,16,39,30,37,69,115,111,53,8,22,17,15,15,16,21,29,40,50,65,67,44,34,19,7,1,91,22,0
Samoa,1995,576,68,81,13,7,6,16,36,30,37,67,113,117,53,7,20,16,15,15,16,21,28,39,50,63,71,46,34,19,7,0,88,22,0
Samoa,1996,573,66,78,12,7,6,15,36,30,38,67,111,123,52,8,20,16,15,15,17,21,28,39,50,61,74,49,33,19,7,1,85,21,0
Samoa,1997,569,64,76,12,7,6,14,36,30,38,66,108,126,52,8,20,16,15,15,17,21,27,39,50,58,74,52,33,19,7,1,83,20,0
Samoa,1998,565,62,74,12,7,5,14,35,30,39,64,106,129,53,8,20,15,15,15,18,21,27,37,49,57,72,57,34,19,7,1,81,19,0
Samoa,1999,562,60,72,12,7,5,13,33,30,39,63,106,132,53,8,18,15,15,15,18,21,27,36,49,57,70,62,34,19,7,1,79,18,0
Samoa,2000,558,58,70,12,7,5,13,30,30,40,63,106,133,55,8,15,15,15,15,19,21,27,36,49,57,67,66,36,19,7,1,77,18,0
Samoa,2001,555,56,66,10,7,5,12,30,30,41,63,105,133,57,8,15,15,15,15,19,22,27,36,48,57,64,69,38,19,7,1,73,17,0
Samoa,2002,553,54,64,10,7,5,12,30,30,41,61,104,131,61,8,15,15,15,15,19,22,27,34,46,58,62,69,42,19,7,1,71,17,0
Samoa,2003,553,53,63,10,6,5,12,30,30,41,62,104,129,65,10,15,15,15,15,18,23,27,35,46,58,61,68,45,20,9,1,69,17,0
Samoa,2004,554,52,62,10,6,5,12,28,30,41,63,103,125,70,10,15,13,15,15,18,23,28,35,45,58,60,65,48,22,9,1,68,17,0
Samoa,2005,559,52,62,10,7,5,12,23,29,41,65,102,125,75,12,13,10,14,15,18,23,29,36,44,58,63,62,50,25,11,1,69,17,0
Samoa,2006,558,51,61,10,6,5,11,22,27,41,65,102,125,79,12,12,10,12,15,18,23,29,36,44,58,65,60,53,26,11,1,67,16,0
Samoa,2007,563,51,61,10,5,5,11,22,26,41,68,102,125,82,13,12,10,11,15,18,23,31,37,44,58,65,60,52,30,11,2,66,16,0
Samoa,2008,567,52,62,10,5,5,12,22,26,41,70,102,124,83,12,12,10,11,15,18,23,32,38,44,58,65,59,52,31,10,2,67,17,0
Samoa,2009,643,60,81,21,16,10,15,30,32,48,77,107,132,85,11,15,15,15,17,21,27,35,42,47,60,70,62,52,33,9,2,97,25,0
Samoa,2010,574,55,65,10,5,5,12,22,25,42,72,103,129,83,10,12,10,10,15,18,24,33,39,46,57,67,62,50,33,8,2,70,17,0
Samoa,2011,579,55,65,10,5,5,12,22,25,43,75,102,132,84,10,12,10,10,15,18,25,33,42,46,56,68,64,50,34,8,2,70,17,0
Samoa,2012,590,56,67,11,6,5,12,22,24,43,75,104,134,85,7,12,10,10,14,18,25,33,42,48,56,68,66,50,35,7,0,73,17,0
Samoa,2013,589,55,65,10,5,5,12,23,24,43,77,107,134,83,11,13,10,10,14,18,25,34,43,50,57,68,66,49,34,11,0,70,17,0
Samoa,2014,594,54,64,10,5,5,12,23,23,44,80,109,134,83,11,13,10,10,13,19,25,35,45,52,57,68,66,49,34,11,0,69,17,0
Samoa,2015,600,54,64,10,6,5,12,24,23,44,82,113,134,83,14,14,10,10,13,19,25,36,46,54,59,68,66,50,33,13,1,70,17,0
Samoa,2016,607,53,63,10,6,5,11,24,23,46,84,117,135,81,15,14,10,10,13,19,27,36,48,57,60,68,67,50,31,14,1,69,16,0
Samoa,2017,615,52,62,10,6,5,10,24,22,45,86,122,136,81,16,14,10,10,12,18,27,37,49,58,64,68,68,50,31,14,2,68,15,0
Samoa,2018,623,51,61,10,6,5,10,24,22,45,90,126,137,81,16,14,10,10,12,18,27,39,51,61,65,69,68,50,31,14,2,67,15,0
Samoa,2019,653,51,64,13,7,5,12,28,23,48,93,135,138,83,16,15,13,10,13,20,28,39,54,65,70,70,68,52,31,14,2,71,17,0
Samoa,2020,641,49,58,9,5,5,10,23,22,46,92,139,139,84,17,13,10,10,12,18,28,39,53,66,73,71,68,54,30,14,3,63,15,0
Samoa,2021,660,48,57,9,5,5,10,24,22,47,94,143,146,86,17,14,10,10,12,18,29,40,54,68,75,75,71,55,31,14,3,62,15,0
San Marino,1950,83,3,3,0,0,0,0,0,0,5,10,20,20,15,2,0,0,0,0,0,5,5,5,10,10,10,10,7,8,2,0,3,0,0
San Marino,1951,83,3,3,0,0,0,0,0,0,6,10,20,20,13,1,0,0,0,0,1,5,5,5,10,10,10,10,8,5,1,0,3,0,0
San Marino,1952,83,3,3,0,0,0,0,0,0,6,10,20,20,13,2,0,0,0,0,1,5,5,5,10,10,10,10,8,5,2,0,3,0,0
San Marino,1953,83,3,3,0,0,0,0,0,0,5,10,19,20,13,3,0,0,0,0,0,5,5,5,9,10,10,10,8,5,3,0,3,0,0
San Marino,1954,83,3,3,0,0,0,0,0,0,5,10,19,20,14,3,0,0,0,0,0,5,5,5,9,10,10,10,9,5,3,0,3,0,0
San Marino,1955,83,3,3,0,0,0,0,0,0,5,10,19,20,14,3,0,0,0,0,0,5,5,5,9,10,10,10,9,5,3,0,3,0,0
San Marino,1956,84,3,3,0,0,0,0,0,0,5,10,20,20,15,2,0,0,0,0,0,5,5,5,10,10,10,10,10,5,2,0,3,0,0
San Marino,1957,84,2,2,0,0,0,0,0,0,6,10,20,20,15,0,0,0,0,0,1,5,5,5,10,10,10,10,10,5,0,0,2,0,0
San Marino,1958,85,2,2,0,0,0,0,0,0,6,10,20,22,15,0,0,0,0,0,1,5,5,5,10,10,12,10,10,5,0,0,2,0,0
San Marino,1959,85,2,2,0,0,0,0,0,0,6,10,20,23,14,1,0,0,0,0,1,5,5,5,10,10,13,10,9,5,1,0,2,0,0
San Marino,1960,85,2,2,0,0,0,0,0,0,6,10,20,24,13,1,0,0,0,0,1,5,5,5,10,10,14,10,8,5,1,0,2,0,0
San Marino,1961,86,2,2,0,0,0,0,0,0,6,10,20,24,13,1,0,0,0,0,1,5,5,5,10,10,13,11,8,5,1,0,2,0,0
San Marino,1962,87,2,2,0,0,0,0,0,0,9,10,20,25,14,1,0,0,0,0,4,5,5,5,10,10,12,13,9,5,1,0,2,0,0
San Marino,1963,85,2,2,0,0,0,0,0,0,8,10,19,23,14,2,0,0,0,0,3,5,5,5,9,10,11,12,9,5,2,0,2,0,0
San Marino,1964,82,2,2,0,0,0,0,0,0,4,10,18,22,14,2,0,0,0,0,1,3,5,5,8,10,10,12,9,5,2,0,2,0,0
San Marino,1965,83,2,2,0,0,0,0,0,0,6,10,17,22,15,2,0,0,0,0,1,5,5,5,7,10,10,12,10,5,2,0,2,0,0
San Marino,1966,82,2,2,0,0,0,0,0,0,4,10,17,21,15,2,0,0,0,0,0,4,5,5,7,10,11,10,10,5,2,0,2,0,0
San Marino,1967,82,2,2,0,0,0,0,0,0,4,10,17,20,15,0,0,0,0,0,0,4,5,5,7,10,10,10,10,5,0,0,2,0,0
San Marino,1968,84,2,2,0,0,0,0,0,0,5,10,18,22,16,0,0,0,0,0,0,5,5,5,8,10,10,12,12,4,0,0,2,0,0
San Marino,1969,86,2,2,0,0,0,0,0,0,5,12,20,25,17,1,0,0,0,0,0,5,5,7,10,10,10,15,13,4,1,0,2,0,0
San Marino,1970,86,3,3,0,0,0,0,0,0,5,12,20,23,16,0,0,0,0,0,0,5,5,7,10,10,10,13,11,5,0,0,3,0,0
San Marino,1971,82,2,2,0,0,0,0,0,0,5,11,18,21,16,2,0,0,0,0,0,5,5,6,8,10,10,11,10,6,2,0,2,0,0
San Marino,1972,84,3,3,0,0,0,0,0,0,4,10,20,23,17,0,0,0,0,0,0,4,5,5,10,10,12,11,11,6,0,0,3,0,0
San Marino,1973,81,2,2,0,0,0,0,0,0,3,10,20,22,16,2,0,0,0,0,0,3,5,5,10,10,11,11,10,6,2,0,2,0,0
San Marino,1974,82,2,2,0,0,0,0,0,0,3,10,19,20,17,3,0,0,0,0,0,3,5,5,9,10,10,10,10,7,3,0,2,0,0
San Marino,1975,83,2,2,0,0,0,0,0,0,2,10,19,20,17,3,0,0,0,0,0,2,5,5,9,10,10,10,10,7,3,0,2,0,0
San Marino,1976,83,2,2,0,0,0,0,0,0,2,10,20,22,14,4,0,0,0,0,0,2,5,5,10,10,10,12,9,5,4,0,2,0,0
San Marino,1977,87,2,2,0,0,0,0,0,0,2,10,18,23,17,4,0,0,0,0,0,2,5,5,8,10,10,13,10,7,4,0,2,0,0
San Marino,1978,87,2,2,0,0,0,0,0,0,2,11,19,23,18,4,0,0,0,0,0,2,5,6,7,12,10,13,9,9,4,0,2,0,0
San Marino,1979,88,1,1,0,0,0,0,0,0,2,11,19,22,19,4,0,0,0,0,0,2,5,6,7,12,10,12,11,8,4,0,1,0,0
San Marino,1980,91,1,1,0,0,0,0,0,0,3,11,20,22,20,4,0,0,0,0,0,3,5,6,8,12,11,11,12,8,4,0,1,0,0
San Marino,1981,89,1,1,0,0,0,0,0,0,2,10,20,23,21,4,0,0,0,0,0,2,5,5,9,11,12,11,13,8,4,0,1,0,0
San Marino,1982,88,1,1,0,0,0,0,0,0,2,10,20,24,21,5,0,0,0,0,0,2,5,5,9,11,13,11,13,8,5,0,1,0,0
San Marino,1983,87,1,1,0,0,0,0,0,0,1,10,18,25,22,5,0,0,0,0,0,1,5,5,8,10,14,11,12,10,5,0,1,0,0
San Marino,1984,86,1,1,0,0,0,0,0,0,0,10,18,27,22,4,0,0,0,0,0,0,5,5,8,10,14,13,11,11,4,0,1,0,0
San Marino,1985,87,1,1,0,0,0,0,0,0,0,10,17,26,20,4,0,0,0,0,0,0,5,5,7,10,14,12,10,10,4,0,1,0,0
San Marino,1986,86,1,1,0,0,0,0,0,0,0,9,16,29,19,5,0,0,0,0,0,0,4,5,6,10,13,16,10,9,5,0,1,0,0
San Marino,1987,84,1,1,0,0,0,0,0,0,0,8,15,28,22,5,0,0,0,0,0,0,3,5,5,10,11,17,12,10,5,0,1,0,0
San Marino,1988,83,1,1,0,0,0,0,0,0,0,7,15,27,21,5,0,0,0,0,0,0,2,5,5,10,10,17,11,10,5,0,1,0,0
San Marino,1989,83,1,1,0,0,0,0,0,0,0,7,16,28,22,4,0,0,0,0,0,0,2,5,6,10,10,18,12,10,4,0,1,0,0
San Marino,1990,87,1,1,0,0,0,0,0,0,0,8,16,28,21,5,0,0,0,0,0,0,3,5,6,10,11,17,14,7,5,0,1,0,0
San Marino,1991,86,1,1,0,0,0,0,0,0,0,8,16,28,21,5,0,0,0,0,0,0,3,5,6,10,13,15,14,7,5,0,1,0,0
San Marino,1992,89,1,1,0,0,0,0,0,0,0,8,15,27,23,5,0,0,0,0,0,0,3,5,5,10,14,13,15,8,5,0,1,0,0
San Marino,1993,96,1,1,0,0,0,0,0,0,0,9,17,30,28,5,0,0,0,0,0,0,4,5,7,10,15,15,18,10,5,0,1,0,0
San Marino,1994,99,1,1,0,0,0,0,0,0,0,9,18,31,28,6,0,0,0,0,0,0,4,5,7,11,16,15,17,11,5,1,1,0,0
San Marino,1995,100,1,1,0,0,0,0,0,0,0,8,19,32,28,6,0,0,0,0,0,0,3,5,8,11,16,16,17,11,5,1,1,0,0
San Marino,1996,108,1,1,0,0,0,0,0,0,0,9,19,34,31,8,0,0,0,0,0,0,4,5,8,11,16,18,17,14,6,2,1,0,0
San Marino,1997,113,2,2,0,0,0,0,0,0,0,9,18,36,34,10,0,0,0,0,0,0,4,5,8,10,15,21,17,17,8,2,2,0,0
San Marino,1998,111,1,1,0,0,0,0,0,0,0,10,17,35,32,9,0,0,0,0,0,0,5,5,7,10,15,20,17,15,8,1,1,0,0
San Marino,1999,112,1,1,0,0,0,0,0,0,0,10,18,36,32,9,0,0,0,0,0,0,5,5,7,11,15,21,17,15,8,1,1,0,0
San Marino,2000,120,1,1,0,0,0,0,0,0,0,9,19,37,38,10,0,0,0,0,0,0,4,5,8,11,16,21,21,17,8,2,1,0,0
San Marino,2001,114,1,1,0,0,0,0,0,0,0,9,17,35,36,10,0,0,0,0,0,0,4,5,7,10,15,20,20,16,8,2,1,0,0
San Marino,2002,109,1,1,0,0,0,0,0,0,0,8,16,33,36,10,0,0,0,0,0,0,3,5,6,10,14,19,20,16,8,2,1,0,0
San Marino,2003,114,1,1,0,0,0,0,0,0,0,8,17,34,39,11,0,0,0,0,0,0,3,5,6,11,15,19,22,17,9,2,1,0,0
San Marino,2004,119,1,1,0,0,0,0,0,0,0,9,17,34,39,11,0,0,0,0,0,0,4,5,6,11,15,19,23,16,9,2,1,0,0
San Marino,2005,117,1,1,0,0,0,0,0,0,0,9,15,34,40,13,0,0,0,0,0,0,4,5,5,10,15,19,24,16,10,3,1,0,0
San Marino,2006,114,1,1,0,0,0,0,0,0,0,8,15,33,39,13,0,0,0,0,0,0,3,5,5,10,14,19,23,16,10,3,1,0,0
San Marino,2007,109,1,1,0,0,0,0,0,0,0,8,15,32,38,12,0,0,0,0,0,0,3,5,5,10,14,18,22,16,9,3,1,0,0
San Marino,2008,118,1,1,0,0,0,0,0,0,0,8,15,32,42,16,0,0,0,0,0,0,3,5,5,10,14,18,23,19,12,4,1,0,0
San Marino,2009,126,0,0,0,0,0,0,0,0,0,8,15,35,47,19,0,0,0,0,0,0,3,5,5,10,15,20,25,22,14,5,0,0,0
San Marino,2010,127,1,1,0,0,0,0,0,0,0,8,14,35,46,19,0,0,0,0,0,0,3,5,5,9,14,21,25,21,14,5,1,0,1
San Marino,2011,130,1,1,0,0,0,0,0,0,0,8,15,35,47,21,0,0,0,0,0,0,3,5,5,10,14,21,25,22,15,6,1,0,1
San Marino,2012,142,1,1,0,0,0,0,0,0,0,8,15,38,54,23,0,0,0,0,0,0,3,5,5,10,15,23,28,26,17,6,1,0,1
San Marino,2013,142,0,0,0,0,0,0,0,0,0,9,16,35,52,24,0,0,0,0,0,0,4,5,6,10,13,22,27,25,18,6,0,0,1
San Marino,2014,140,0,0,0,0,0,0,0,0,0,9,16,36,52,24,0,0,0,0,0,0,4,5,6,10,15,21,27,25,18,6,0,0,1
San Marino,2015,140,0,0,0,0,0,0,0,0,0,9,15,35,53,24,0,0,0,0,0,0,4,5,5,10,14,21,28,25,17,7,0,0,1
San Marino,2016,144,0,0,0,0,0,0,0,0,0,9,15,35,56,25,0,0,0,0,0,0,4,5,5,10,13,22,29,27,18,7,0,0,1
San Marino,2017,151,0,0,0,0,0,0,0,0,0,10,16,36,56,27,0,0,0,0,0,0,5,5,6,10,15,21,28,28,19,8,0,0,1
San Marino,2018,157,0,0,0,0,0,0,0,0,0,9,17,38,61,28,0,0,0,0,0,0,4,5,6,11,16,22,30,31,20,8,0,0,1
San Marino,2019,158,0,0,0,0,0,0,0,0,0,9,17,37,62,29,0,0,0,0,0,0,4,5,6,11,15,22,30,32,21,8,0,0,1
San Marino,2020,236,0,0,0,0,0,0,0,0,5,19,35,63,78,32,0,0,0,0,0,5,7,12,15,20,30,33,40,38,23,9,0,0,1
San Marino,2021,207,0,0,0,0,0,0,0,0,4,16,32,54,69,28,0,0,0,0,0,4,6,10,14,18,25,29,36,33,21,7,0,0,1
Sao Tome and Principe,1950,812,255,430,175,30,9,9,81,57,40,40,40,44,32,1,42,39,34,23,20,20,20,20,20,20,24,20,24,8,1,0,460,18,0
Sao Tome and Principe,1951,823,259,438,179,33,11,6,76,61,40,40,40,43,30,2,37,39,35,26,20,20,20,20,20,20,23,20,20,10,2,0,471,17,0
Sao Tome and Principe,1952,823,256,435,179,33,12,10,70,64,40,40,40,45,30,2,31,39,35,29,20,20,20,20,20,20,25,20,20,10,2,0,468,22,0
Sao Tome and Principe,1953,819,250,430,180,32,15,15,67,64,41,40,40,46,27,1,27,40,35,29,21,20,20,20,20,20,25,21,16,11,1,0,462,30,0
Sao Tome and Principe,1954,820,249,429,180,32,15,16,65,66,42,40,40,46,27,2,26,39,35,31,22,20,20,20,20,20,25,21,16,11,2,0,461,31,0
Sao Tome and Principe,1955,835,252,438,186,30,15,20,64,62,43,43,40,46,27,2,26,38,32,30,23,20,20,23,20,20,25,21,16,11,2,0,468,35,0
Sao Tome and Principe,1956,915,261,454,193,35,15,25,81,80,54,50,50,47,26,3,35,46,42,38,29,25,25,25,25,25,25,22,16,10,3,0,489,40,0
Sao Tome and Principe,1957,902,275,482,207,33,13,23,73,66,47,42,50,46,24,3,35,38,36,30,27,20,20,22,25,25,25,21,15,9,3,0,515,36,0
Sao Tome and Principe,1958,891,269,460,191,33,11,22,79,68,52,45,50,47,23,3,41,38,38,30,27,25,23,22,25,25,25,22,15,8,3,0,493,33,0
Sao Tome and Principe,1959,865,258,428,170,30,11,19,86,69,53,47,50,47,22,3,46,40,39,30,28,25,25,22,25,25,25,22,15,7,3,0,458,30,0
Sao Tome and Principe,1960,839,245,397,152,30,10,16,90,69,50,48,53,47,21,4,47,43,40,29,25,25,25,23,28,25,25,22,14,7,4,0,427,26,0
Sao Tome and Principe,1961,809,228,361,133,29,10,13,94,75,50,50,56,48,21,3,46,48,44,31,25,25,25,25,28,28,26,22,14,7,3,0,390,23,0
Sao Tome and Principe,1962,779,213,332,119,29,11,11,84,72,50,52,58,52,22,3,38,46,40,32,25,25,27,25,28,30,29,23,15,7,3,0,361,22,0
Sao Tome and Principe,1963,753,194,305,111,29,11,11,75,74,50,54,59,55,22,2,32,43,40,34,25,25,27,27,29,30,30,25,15,7,2,0,334,22,0
Sao Tome and Principe,1964,713,177,278,101,28,11,11,64,68,51,56,64,58,23,2,25,39,35,33,26,25,26,30,30,34,31,27,16,7,2,0,306,22,0
Sao Tome and Principe,1965,671,166,259,93,27,11,12,50,60,50,54,64,61,24,2,19,31,30,30,25,25,25,29,30,34,33,28,17,7,2,0,286,23,0
Sao Tome and Principe,1966,622,164,258,94,26,11,12,38,46,40,46,58,61,25,2,15,23,22,24,20,20,21,25,27,31,33,28,18,7,2,0,284,23,0
Sao Tome and Principe,1967,567,158,248,90,22,10,10,24,30,30,42,54,59,25,2,10,14,15,15,15,15,20,22,25,29,30,29,18,7,2,0,270,20,0
Sao Tome and Principe,1968,561,158,247,89,22,10,12,23,30,30,40,54,66,27,2,12,11,15,15,15,15,19,21,25,29,35,31,20,7,2,0,269,22,0
Sao Tome and Principe,1969,570,157,244,87,22,10,14,25,29,30,42,58,68,29,2,15,10,14,15,15,15,20,22,27,31,35,33,22,7,2,0,266,24,0
Sao Tome and Principe,1970,557,156,240,84,22,10,14,25,20,25,39,57,69,33,1,15,10,10,10,10,15,18,21,27,30,35,34,24,9,1,0,262,24,0
Sao Tome and Principe,1971,552,143,220,77,22,10,15,26,20,27,41,60,70,34,1,15,11,10,10,12,15,19,22,28,32,35,35,25,9,1,0,242,25,0
Sao Tome and Principe,1972,542,141,209,68,22,10,14,26,20,27,42,60,72,35,2,15,11,10,10,12,15,19,23,28,32,37,35,26,9,2,0,231,24,0
Sao Tome and Principe,1973,536,137,198,61,22,10,14,26,20,27,44,62,73,38,2,15,11,10,10,12,15,20,24,28,34,37,36,27,11,2,0,220,24,0
Sao Tome and Principe,1974,539,138,198,60,22,10,14,25,20,27,44,63,73,39,2,15,10,10,10,12,15,20,24,29,34,37,36,27,12,2,0,220,24,0
Sao Tome and Principe,1975,540,138,196,58,21,10,14,25,20,27,45,64,75,40,2,15,10,10,10,12,15,20,25,29,35,38,37,28,12,2,0,217,24,0
Sao Tome and Principe,1976,545,140,196,56,19,10,14,26,20,29,45,65,76,41,2,15,11,10,10,13,16,20,25,30,35,39,37,28,13,2,0,215,24,0
Sao Tome and Principe,1977,551,142,197,55,18,10,14,26,20,29,47,66,78,43,3,15,11,10,10,13,16,21,26,30,36,40,38,29,14,3,0,215,24,0
Sao Tome and Principe,1978,552,147,204,57,18,10,14,26,20,28,46,66,77,43,3,15,11,10,10,12,16,20,26,30,36,40,37,29,14,3,0,222,24,0
Sao Tome and Principe,1979,553,155,217,62,16,10,14,25,16,25,43,64,77,43,3,15,10,8,8,10,15,19,24,30,34,40,37,29,14,3,0,233,24,0
Sao Tome and Principe,1980,569,160,225,65,18,10,15,25,17,26,45,66,77,43,3,15,10,9,8,11,15,20,25,31,35,40,37,29,14,3,0,243,25,0
Sao Tome and Principe,1981,596,170,242,72,18,11,15,25,20,26,47,68,78,43,3,15,10,10,10,11,15,21,26,32,36,40,38,29,14,3,0,260,26,0
Sao Tome and Principe,1982,613,175,251,76,19,12,15,25,20,27,47,69,80,45,4,15,10,10,10,11,16,21,26,32,37,40,40,30,15,4,0,270,27,0
Sao Tome and Principe,1983,629,182,262,80,21,11,15,25,20,27,49,71,79,45,4,15,10,10,10,11,16,22,27,33,38,40,39,30,15,4,0,283,26,0
Sao Tome and Principe,1984,642,187,270,83,22,11,15,25,20,26,48,72,80,46,4,15,10,10,10,10,16,21,27,33,39,41,39,31,15,4,0,292,26,0
Sao Tome and Principe,1985,627,184,263,79,22,10,15,25,16,24,48,72,79,46,4,15,10,9,7,10,14,21,27,33,39,40,39,31,15,4,0,285,25,0
Sao Tome and Principe,1986,698,189,280,91,29,15,19,33,20,28,54,81,87,46,5,19,14,10,10,11,17,23,31,38,43,45,42,31,15,5,0,309,34,0
Sao Tome and Principe,1987,616,178,249,71,21,10,14,25,18,23,48,74,85,47,5,15,10,10,8,10,13,21,27,34,40,45,40,31,16,5,0,270,24,0
Sao Tome and Principe,1988,623,178,248,70,21,10,15,28,20,23,49,78,86,48,5,17,11,10,10,10,13,21,28,36,42,45,41,31,17,5,0,269,25,0
Sao Tome and Principe,1989,670,182,258,76,23,15,16,32,20,24,52,84,90,48,5,19,13,10,10,10,14,22,30,39,45,48,42,31,17,5,0,281,31,0
Sao Tome and Principe,1990,648,179,248,69,21,12,15,31,20,23,51,83,92,48,5,19,12,10,10,10,13,21,30,38,45,49,43,31,17,5,0,269,27,0
Sao Tome and Principe,1991,664,183,253,70,21,13,15,32,20,23,51,87,94,48,5,19,13,10,10,10,13,21,30,40,47,50,44,31,17,5,0,274,28,0
Sao Tome and Principe,1992,682,187,258,71,22,15,16,34,20,23,51,89,98,50,5,20,14,10,10,10,13,21,30,41,48,52,46,33,17,5,0,280,31,0
Sao Tome and Principe,1993,699,188,261,73,22,15,18,36,21,24,51,92,104,50,5,20,16,11,10,10,14,20,31,41,51,55,49,33,17,5,0,283,33,0
Sao Tome and Principe,1994,710,187,257,70,22,15,19,37,24,27,51,95,106,51,5,20,17,14,10,12,15,20,31,43,52,55,51,34,17,5,0,279,34,0
Sao Tome and Principe,1995,718,185,253,68,22,15,19,37,30,30,50,97,112,52,6,20,17,15,15,15,15,19,31,44,53,59,53,35,17,6,0,275,34,0
Sao Tome and Principe,1996,723,182,248,66,22,15,22,37,30,30,50,98,116,53,6,21,16,15,15,15,15,19,31,44,54,60,56,36,17,6,0,270,37,0
Sao Tome and Principe,1997,725,178,240,62,22,15,22,38,30,30,49,99,117,57,6,22,16,15,15,15,15,19,30,44,55,60,57,40,17,6,0,262,37,0
Sao Tome and Principe,1998,733,174,231,57,21,15,23,41,30,32,50,101,123,57,6,24,17,15,15,15,17,20,30,45,56,63,60,40,17,6,0,252,38,0
Sao Tome and Principe,1999,726,169,223,54,21,15,23,41,30,34,49,100,124,60,6,24,17,15,15,15,19,20,29,44,56,63,61,42,18,6,0,244,38,0
Sao Tome and Principe,2000,715,163,211,48,20,15,23,42,30,34,47,98,123,62,6,25,17,15,15,15,19,20,27,43,55,62,61,44,18,6,0,231,38,0
Sao Tome and Principe,2001,705,158,202,44,18,12,23,45,30,35,46,98,123,65,6,27,18,15,15,15,20,20,26,43,55,61,62,45,20,6,0,220,35,0
Sao Tome and Principe,2002,699,155,196,41,17,12,23,45,30,38,45,95,123,65,6,27,18,15,15,18,20,20,25,40,55,62,61,45,20,6,0,213,35,0
Sao Tome and Principe,2003,693,148,188,40,17,11,21,47,30,39,50,94,123,65,6,27,20,15,15,19,20,24,26,39,55,63,60,45,20,6,0,205,32,0
Sao Tome and Principe,2004,693,141,180,39,14,11,21,49,31,40,51,94,124,70,6,28,21,15,16,20,20,25,26,38,56,63,61,49,21,6,0,194,32,0
Sao Tome and Principe,2005,709,136,175,39,17,11,21,52,40,45,54,93,127,72,6,29,23,20,20,20,25,26,28,37,56,65,62,49,23,6,0,192,32,0
Sao Tome and Principe,2006,696,127,160,33,14,11,21,52,40,46,58,92,128,74,7,29,23,20,20,21,25,28,30,37,55,65,63,49,25,7,0,174,32,0
Sao Tome and Principe,2007,687,119,148,29,14,10,20,48,40,46,59,90,130,74,7,25,23,20,20,21,25,29,30,36,54,66,64,49,25,7,0,162,30,0
Sao Tome and Principe,2008,688,113,140,27,14,10,20,49,40,49,65,90,132,74,7,25,24,20,20,22,27,30,35,37,53,66,66,49,25,7,0,154,30,0
Sao Tome and Principe,2009,702,106,131,25,14,10,20,51,45,54,72,92,134,75,7,26,25,23,22,25,29,34,38,40,52,67,67,50,25,7,0,145,30,0
Sao Tome and Principe,2010,704,99,121,22,13,10,20,51,50,56,74,91,134,75,8,26,25,25,25,25,31,35,39,40,51,65,69,50,25,8,0,134,30,0
Sao Tome and Principe,2011,722,93,113,20,12,10,20,58,50,63,83,96,136,76,8,30,28,25,25,30,33,40,43,45,51,66,70,51,25,8,0,125,30,0
Sao Tome and Principe,2012,716,86,104,18,12,10,20,53,50,63,83,96,136,77,9,28,25,25,25,30,33,40,43,47,49,66,70,52,25,9,0,116,30,0
Sao Tome and Principe,2013,701,80,96,16,12,9,19,50,50,62,87,97,133,79,10,25,25,25,25,29,33,42,45,49,48,63,70,54,25,9,1,108,28,0
Sao Tome and Principe,2014,704,73,88,15,11,8,18,50,52,66,88,101,131,81,10,25,25,25,27,31,35,42,46,51,50,61,70,56,25,9,1,99,26,0
Sao Tome and Principe,2015,696,66,80,14,10,7,18,47,52,66,93,105,128,82,10,25,22,25,27,31,35,43,50,54,51,60,68,57,25,9,1,90,25,0
Sao Tome and Principe,2016,700,60,73,13,9,7,18,45,53,68,93,111,126,84,10,25,20,25,28,31,37,43,50,56,55,58,68,58,26,9,1,82,25,0
Sao Tome and Principe,2017,690,54,66,12,8,7,16,43,51,69,96,114,123,86,10,23,20,23,28,31,38,43,53,57,57,56,67,58,28,9,1,74,23,0
Sao Tome and Principe,2018,702,50,61,11,8,7,17,43,52,73,101,120,123,90,10,23,20,23,29,34,39,46,55,60,60,57,66,59,31,9,1,69,24,0
Sao Tome and Principe,2019,714,46,55,9,8,7,18,42,51,77,103,124,126,92,10,22,20,22,29,35,42,47,56,60,64,60,66,60,32,9,1,63,25,0
Sao Tome and Principe,2020,779,44,52,8,8,7,16,41,51,83,117,150,139,103,13,21,20,21,30,38,45,53,64,74,76,68,71,65,38,11,2,60,23,0
Sao Tome and Principe,2021,796,43,51,8,7,6,18,42,50,84,120,154,141,106,14,22,20,21,29,38,46,56,64,75,79,73,68,68,38,12,2,58,24,0
Saudi Arabia,1950,40450,16372,24589,8217,1699,794,871,2042,1693,1797,2037,2368,1987,524,52,1103,939,849,844,882,915,991,1046,1171,1197,1146,841,356,168,45,7,26288,1665,1
Saudi Arabia,1951,41754,16884,25480,8596,1732,804,888,2085,1724,1822,2077,2437,2087,567,53,1125,960,866,858,892,930,1009,1068,1200,1237,1191,896,406,161,46,7,27212,1692,1
Saudi Arabia,1952,42350,17020,25838,8818,1734,801,894,2092,1724,1825,2098,2492,2177,616,57,1129,963,867,857,892,933,1016,1082,1223,1269,1234,943,466,150,49,8,27572,1695,1
Saudi Arabia,1953,42862,17167,26129,8962,1722,801,897,2096,1722,1825,2120,2549,2266,671,58,1131,965,867,855,889,936,1024,1096,1245,1304,1277,989,525,146,51,7,27851,1698,1
Saudi Arabia,1954,43346,17294,26313,9019,1735,804,903,2111,1734,1836,2150,2610,2354,733,59,1139,972,874,860,893,943,1037,1113,1271,1339,1322,1032,577,156,52,7,28048,1707,1
Saudi Arabia,1955,43845,17426,26449,9023,1789,811,910,2126,1748,1849,2184,2674,2446,800,56,1147,979,881,867,899,950,1050,1134,1299,1375,1368,1078,623,177,49,7,28238,1721,1
Saudi Arabia,1956,44244,17542,26527,8985,1841,817,915,2134,1759,1857,2210,2731,2533,867,55,1151,983,886,873,902,955,1060,1150,1323,1408,1412,1121,664,203,47,8,28368,1732,1
Saudi Arabia,1957,44638,17672,26630,8958,1880,825,918,2137,1765,1864,2233,2787,2617,933,52,1152,985,890,875,905,959,1068,1165,1347,1440,1453,1164,700,233,43,9,28510,1743,1
Saudi Arabia,1958,45144,17804,26714,8910,1930,829,929,2166,1796,1893,2276,2853,2706,996,53,1168,998,905,891,920,973,1088,1188,1376,1477,1498,1208,734,262,44,9,28644,1758,1
Saudi Arabia,1959,45565,17930,26794,8864,1963,839,938,2177,1811,1911,2310,2916,2793,1052,55,1174,1003,912,899,929,982,1101,1209,1403,1513,1541,1252,766,286,47,8,28757,1777,1
Saudi Arabia,1960,45872,18079,26903,8824,1971,855,944,2164,1807,1910,2324,2960,2867,1107,64,1167,997,908,899,928,982,1105,1219,1421,1539,1575,1292,797,310,55,9,28874,1799,1
Saudi Arabia,1961,46286,18253,27036,8783,1976,877,955,2171,1815,1923,2345,3012,2946,1155,70,1171,1000,911,904,934,989,1112,1233,1442,1570,1612,1334,828,327,62,8,29012,1832,1
Saudi Arabia,1962,46745,18444,27187,8743,1978,897,966,2184,1831,1941,2376,3069,3027,1207,80,1177,1007,918,913,943,998,1123,1253,1467,1602,1651,1376,861,346,72,8,29165,1863,1
Saudi Arabia,1963,47359,18670,27364,8694,1988,926,981,2224,1871,1983,2422,3137,3118,1260,87,1197,1027,938,933,964,1019,1143,1279,1497,1640,1696,1422,897,363,79,8,29352,1907,1
Saudi Arabia,1964,48024,18921,27571,8650,1996,951,1000,2268,1912,2028,2471,3211,3211,1311,96,1219,1049,957,955,986,1042,1166,1305,1532,1679,1742,1469,932,379,88,8,29567,1951,1
Saudi Arabia,1965,48372,19087,27669,8582,1982,954,1016,2272,1921,2046,2495,3263,3288,1359,102,1224,1048,960,961,994,1052,1175,1320,1556,1707,1779,1509,965,394,92,10,29651,1970,1
Saudi Arabia,1966,49143,19217,27784,8567,1997,967,1058,2335,1981,2116,2576,3375,3414,1426,111,1258,1077,990,991,1028,1088,1213,1363,1607,1768,1844,1570,1011,415,100,11,29781,2025,1
Saudi Arabia,1967,49509,19323,27741,8418,1984,968,1086,2367,2016,2161,2631,3452,3505,1477,118,1277,1090,1006,1010,1049,1112,1239,1392,1644,1808,1890,1615,1046,431,105,13,29725,2054,1
Saudi Arabia,1968,49546,19307,27535,8228,1951,957,1111,2360,2021,2186,2670,3516,3587,1527,123,1271,1089,1008,1013,1060,1126,1257,1413,1672,1844,1930,1657,1079,448,109,14,29486,2068,1
Saudi Arabia,1969,49429,19218,27197,7979,1911,942,1129,2354,2024,2208,2710,3580,3670,1578,129,1267,1087,1007,1017,1068,1140,1276,1434,1700,1880,1970,1700,1113,465,115,14,29108,2071,1
Saudi Arabia,1970,49358,19100,26795,7695,1872,926,1134,2376,2041,2247,2766,3664,3766,1631,135,1283,1093,1013,1028,1083,1164,1302,1464,1737,1927,2017,1749,1148,483,118,17,28667,2060,1
Saudi Arabia,1971,49076,18944,26316,7372,1817,904,1124,2385,2040,2268,2813,3732,3857,1683,143,1293,1092,1011,1029,1090,1178,1323,1490,1766,1966,2061,1796,1183,500,125,18,28133,2028,1
Saudi Arabia,1972,48969,18783,25828,7045,1764,883,1118,2415,2064,2313,2887,3830,3973,1744,147,1315,1100,1020,1044,1107,1206,1358,1529,1809,2021,2118,1855,1225,519,129,18,27592,2001,1
Saudi Arabia,1973,48687,18540,25230,6690,1698,856,1105,2437,2078,2349,2957,3927,4092,1803,153,1335,1102,1024,1054,1121,1228,1387,1570,1853,2074,2177,1915,1266,537,134,19,26928,1961,1
Saudi Arabia,1974,48434,18291,24646,6355,1629,829,1087,2451,2094,2386,3035,4023,4216,1872,159,1346,1105,1032,1062,1134,1252,1423,1612,1896,2127,2237,1979,1315,557,140,19,26275,1916,1
Saudi Arabia,1975,48231,18104,24184,6080,1566,805,1067,2440,2095,2408,3099,4117,4339,1940,165,1329,1111,1032,1063,1140,1268,1449,1650,1939,2178,2298,2041,1365,575,146,19,25750,1872,1
Saudi Arabia,1976,48059,17641,23406,5765,1561,830,1112,2481,2102,2446,3203,4258,4474,2014,171,1350,1131,1036,1066,1153,1293,1494,1709,2006,2252,2374,2100,1416,598,150,21,24967,1942,1
Saudi Arabia,1977,47258,17070,22550,5480,1521,833,1128,2438,2025,2391,3215,4323,4575,2078,180,1331,1107,999,1026,1118,1273,1489,1726,2032,2291,2424,2151,1454,624,158,22,24071,1961,2
Saudi Arabia,1978,47020,16581,21742,5161,1497,848,1175,2495,2027,2410,3300,4457,4730,2153,187,1362,1133,1001,1026,1122,1288,1522,1778,2095,2362,2502,2228,1501,652,164,23,23239,2023,2
Saudi Arabia,1979,46671,16155,21018,4863,1433,841,1214,2584,2033,2385,3328,4542,4870,2227,194,1413,1171,1013,1020,1107,1278,1524,1804,2133,2409,2567,2303,1545,682,171,23,22451,2055,2
Saudi Arabia,1980,46028,15692,20275,4583,1371,832,1212,2491,1967,2339,3354,4645,5026,2313,204,1370,1121,978,989,1078,1261,1524,1830,2179,2466,2640,2386,1600,713,179,25,21646,2044,2
Saudi Arabia,1981,45762,15250,19548,4298,1307,820,1230,2533,1991,2344,3408,4770,5191,2405,213,1396,1137,996,995,1078,1266,1540,1868,2238,2532,2717,2474,1664,741,186,27,20855,2050,2
Saudi Arabia,1982,45158,14796,18873,4077,1224,795,1217,2484,1944,2282,3387,4849,5359,2520,224,1374,1110,976,968,1045,1237,1518,1869,2268,2581,2788,2571,1747,773,196,28,20097,2012,2
Saudi Arabia,1983,44917,14327,18143,3816,1162,772,1218,2512,1980,2295,3434,4982,5546,2636,236,1387,1125,999,981,1052,1243,1532,1902,2325,2657,2870,2676,1834,802,206,30,19305,1990,2
Saudi Arabia,1984,44984,13850,17448,3598,1118,753,1224,2559,2039,2339,3510,5161,5792,2785,251,1408,1151,1029,1010,1075,1264,1562,1948,2401,2760,2981,2811,1945,840,220,31,18566,1977,2
Saudi Arabia,1985,44937,13335,16715,3380,1073,724,1218,2588,2103,2387,3574,5325,6024,2940,262,1415,1173,1059,1044,1103,1284,1588,1986,2467,2858,3084,2940,2058,882,230,32,17788,1942,2
Saudi Arabia,1986,44940,12775,15937,3162,1030,691,1208,2612,2182,2461,3653,5501,6278,3113,277,1418,1194,1092,1090,1144,1317,1622,2031,2538,2963,3200,3078,2179,934,243,34,16967,1899,2
Saudi Arabia,1987,45352,12154,15089,2935,1000,667,1213,2697,2337,2625,3812,5744,6572,3301,292,1449,1248,1163,1174,1230,1395,1699,2113,2641,3103,3344,3228,2311,990,255,37,16089,1880,3
Saudi Arabia,1988,45369,11584,14319,2735,956,635,1187,2685,2413,2724,3896,5902,6838,3506,306,1431,1254,1190,1223,1282,1442,1739,2157,2698,3204,3469,3369,2451,1055,268,38,15275,1822,3
Saudi Arabia,1989,45611,10974,13526,2552,918,616,1161,2678,2514,2867,4019,6090,7153,3742,326,1416,1262,1229,1285,1354,1513,1797,2222,2771,3319,3623,3530,2611,1131,285,41,14444,1777,3
Saudi Arabia,1990,45619,10347,12712,2365,873,594,1116,2632,2581,3002,4124,6229,7436,3971,347,1382,1250,1249,1332,1420,1582,1849,2275,2822,3407,3761,3675,2764,1207,303,44,13585,1710,3
Saudi Arabia,1991,46331,9761,11946,2185,846,589,1094,2683,2756,3266,4340,6446,7773,4214,370,1395,1288,1319,1437,1550,1716,1961,2379,2918,3528,3930,3843,2927,1287,323,47,12792,1683,3
Saudi Arabia,1992,46236,9159,11164,2005,799,574,1031,2575,2767,3406,4456,6550,8054,4461,397,1333,1242,1304,1463,1611,1795,2027,2429,2960,3590,4056,3998,3082,1379,348,49,11963,1605,4
Saudi Arabia,1993,46435,8616,10458,1842,761,565,1007,2515,2792,3558,4605,6684,8329,4725,428,1298,1217,1298,1494,1675,1883,2111,2494,3021,3663,4178,4151,3241,1484,376,52,11219,1572,4
Saudi Arabia,1994,46367,8109,9778,1669,716,552,1075,2587,2790,3564,4636,6805,8462,4932,461,1344,1243,1300,1490,1681,1883,2134,2502,3070,3735,4248,4214,3345,1587,405,56,10494,1627,4
Saudi Arabia,1995,45940,7622,9158,1536,664,530,1138,2667,2750,3440,4516,6846,8594,5129,500,1398,1269,1296,1454,1634,1806,2071,2445,3070,3776,4310,4284,3427,1702,439,61,9822,1668,4
Saudi Arabia,1996,46440,7180,8608,1428,633,511,1178,2826,2871,3545,4582,6974,8831,5335,543,1483,1343,1361,1510,1693,1852,2095,2487,3110,3864,4436,4395,3510,1825,477,66,9241,1689,5
Saudi Arabia,1997,46757,6806,8145,1339,599,489,1176,2969,2988,3627,4568,7020,9055,5525,590,1564,1405,1425,1563,1740,1887,2070,2498,3110,3910,4556,4499,3579,1946,518,72,8744,1665,5
Saudi Arabia,1998,45906,6468,7730,1262,555,458,1100,2957,2949,3524,4332,6837,9137,5676,643,1565,1392,1414,1535,1691,1833,1937,2395,2998,3839,4586,4551,3630,2046,563,80,8285,1558,6
Saudi Arabia,1999,46537,6155,7345,1190,540,446,1060,3144,3177,3714,4290,6852,9392,5868,701,1648,1496,1526,1651,1791,1923,1918,2372,2990,3862,4702,4690,3732,2136,614,87,7885,1506,6
Saudi Arabia,2000,46296,5871,7008,1137,524,430,990,3161,3280,3793,4115,6688,9515,6024,761,1619,1542,1568,1712,1835,1958,1870,2245,2907,3781,4707,4808,3815,2209,666,95,7532,1420,7
Saudi Arabia,2001,44576,5510,6574,1064,488,396,888,2943,3160,3666,3735,6303,9450,6139,827,1456,1487,1496,1664,1778,1888,1756,1979,2727,3576,4567,4883,3874,2265,723,104,7062,1284,7
Saudi Arabia,2002,43877,5147,6142,995,471,380,834,2855,3244,3768,3517,6030,9450,6285,892,1336,1519,1517,1727,1841,1927,1758,1759,2601,3429,4444,5006,3962,2323,778,114,6613,1214,8
Saudi Arabia,2003,43442,4772,5704,932,462,368,803,2763,3375,3957,3374,5736,9438,6496,959,1216,1547,1561,1814,1949,2008,1817,1557,2450,3286,4304,5134,4093,2403,833,126,6166,1171,9
Saudi Arabia,2004,42695,4422,5289,867,445,356,777,2599,3451,4155,3320,5316,9247,6714,1015,1086,1513,1582,1869,2053,2102,1908,1412,2214,3102,4087,5160,4233,2481,876,139,5734,1133,10
Saudi Arabia,2005,41864,4147,4960,813,418,346,740,2252,3250,4218,3587,5090,8981,6944,1071,936,1316,1481,1769,2049,2169,2066,1521,2047,3043,3946,5035,4378,2566,917,154,5378,1086,11
Saudi Arabia,2006,42485,4052,4800,748,394,343,781,2272,3313,4459,4030,5080,8714,7161,1126,991,1281,1532,1781,2135,2324,2249,1781,2048,3032,3886,4828,4500,2661,958,168,5194,1124,12
Saudi Arabia,2007,43038,4001,4702,701,372,339,797,2282,3364,4651,4439,5145,8449,7300,1183,1038,1244,1573,1791,2188,2463,2416,2023,2091,3054,3782,4667,4542,2758,999,184,5074,1136,14
Saudi Arabia,2008,43749,3853,4523,670,349,338,802,2319,3458,4862,4859,5345,8248,7388,1239,1083,1236,1618,1840,2247,2615,2613,2246,2203,3142,3647,4601,4510,2878,1042,197,4872,1140,15
Saudi Arabia,2009,44664,3714,4381,667,332,337,804,2357,3564,5064,5278,5640,8117,7459,1309,1111,1246,1649,1915,2303,2761,2833,2445,2362,3278,3521,4596,4434,3025,1098,211,4713,1141,17
Saudi Arabia,2010,45954,3542,4173,631,308,330,802,2420,3747,5355,5787,6026,8066,7541,1377,1136,1284,1700,2047,2413,2942,3114,2673,2559,3467,3504,4562,4368,3173,1154,223,4481,1132,19
Saudi Arabia,2011,45208,3386,3994,608,280,305,737,2150,3508,5261,6113,5973,7860,7557,1448,1014,1136,1537,1971,2347,2914,3219,2894,2615,3358,3582,4278,4288,3269,1211,237,4274,1042,21
Saudi Arabia,2012,46475,3201,3787,586,272,294,723,2018,3557,5677,6927,6163,7878,7626,1529,954,1064,1488,2069,2520,3157,3558,3369,2895,3268,3812,4066,4291,3335,1279,250,4059,1017,24
Saudi Arabia,2013,48206,3016,3582,566,266,283,725,1914,3609,6188,7829,6575,7943,7645,1623,906,1008,1436,2173,2729,3459,3951,3878,3327,3248,3984,3959,4299,3346,1356,267,3848,1008,26
Saudi Arabia,2014,50341,2814,3350,536,261,272,734,1835,3635,6767,8807,7258,8045,7618,1734,873,962,1373,2262,2961,3806,4401,4406,3896,3362,4045,4000,4288,3330,1449,285,3611,1006,28
Saudi Arabia,2015,52711,2624,3133,509,255,261,751,1873,3697,7387,9778,8136,8090,7485,1834,901,972,1349,2348,3221,4166,4869,4909,4515,3621,3957,4133,4187,3298,1533,301,3388,1012,30
Saudi Arabia,2016,55182,2442,2925,483,253,251,707,1935,3673,8057,10989,8624,8093,7701,1939,913,1022,1311,2362,3494,4563,5458,5531,5085,3539,3650,4443,4362,3339,1615,324,3178,958,32
Saudi Arabia,2017,57220,2337,2792,455,249,248,690,2154,3849,8682,12022,8863,7620,7999,2017,980,1174,1407,2442,3774,4908,5963,6059,5502,3361,3162,4458,4616,3383,1668,349,3041,938,35
Saudi Arabia,2018,59317,2261,2717,456,256,252,742,2377,4078,9160,12752,9330,7276,8273,2069,1095,1282,1528,2550,3999,5161,6320,6432,5778,3552,3007,4269,4848,3425,1692,377,2973,994,38
Saudi Arabia,2019,60407,2170,2607,437,251,249,742,2355,4046,9368,13370,9794,6943,8526,2113,1094,1261,1529,2517,4055,5313,6586,6784,6034,3760,2920,4023,5084,3442,1703,410,2858,991,41
Saudi Arabia,2020,68316,2088,2492,404,234,236,604,1626,3541,10370,16385,12516,7653,10201,2411,783,843,1190,2351,4343,6027,7855,8530,7691,4825,3433,4220,6037,4164,1935,476,2726,840,47
Saudi Arabia,2021,66522,1921,2317,396,230,238,545,1307,2836,9636,16270,13651,7407,9689,2351,628,679,963,1873,3782,5854,7736,8534,8031,5620,3493,3914,5625,4064,1869,482,2547,783,49
Senegal,1950,34216,9346,20467,11121,1315,562,742,1834,1441,1439,1585,2051,2072,688,18,990,844,737,704,717,722,773,812,971,1080,1148,924,546,142,18,0,21782,1304,0
Senegal,1951,35031,9880,21109,11229,1339,565,750,1864,1467,1462,1613,2053,2075,708,23,1005,859,751,716,729,733,786,827,973,1080,1146,929,545,163,18,5,22448,1315,1
Senegal,1952,35815,9963,21702,11739,1362,571,763,1897,1495,1489,1646,2059,2083,721,25,1021,876,766,729,743,746,802,844,976,1083,1142,941,544,177,20,5,23064,1334,1
Senegal,1953,36285,10047,22070,12023,1360,571,767,1913,1511,1509,1676,2059,2087,730,31,1027,886,774,737,753,756,812,864,976,1083,1136,951,542,188,24,7,23430,1338,2
Senegal,1954,36822,10151,22371,12220,1356,581,780,1955,1550,1545,1721,2079,2103,741,38,1047,908,795,755,772,773,832,889,986,1093,1139,964,548,193,28,10,23727,1361,3
Senegal,1955,37229,10262,22601,12339,1372,588,785,1975,1576,1571,1756,2098,2110,751,41,1056,919,809,767,785,786,846,910,1000,1098,1140,970,554,197,31,10,23973,1373,3
Senegal,1956,37674,10389,22811,12422,1427,599,790,2000,1604,1600,1791,2122,2120,762,46,1068,932,824,780,800,800,861,930,1018,1104,1146,974,562,200,35,11,24238,1389,4
Senegal,1957,38315,10529,23091,12562,1490,615,803,2047,1651,1643,1838,2164,2141,779,47,1092,955,848,803,821,822,883,955,1049,1115,1160,981,576,203,36,11,24581,1418,4
Senegal,1958,39101,10709,23450,12741,1559,633,819,2108,1707,1695,1891,2218,2170,796,51,1124,984,877,830,846,849,909,982,1088,1130,1179,991,591,205,40,11,25009,1452,4
Senegal,1959,40025,10958,23942,12984,1632,645,840,2163,1763,1748,1945,2279,2197,812,53,1153,1010,907,856,872,876,935,1010,1127,1152,1196,1001,604,208,42,11,25574,1485,4
Senegal,1960,40929,11234,24558,13324,1671,653,855,2191,1800,1788,1989,2330,2215,821,55,1166,1025,924,876,892,896,957,1032,1158,1172,1208,1007,609,212,43,12,26229,1508,4
Senegal,1961,42014,11540,25229,13689,1719,679,880,2238,1853,1840,2044,2392,2243,833,56,1188,1050,950,903,918,922,984,1060,1191,1201,1222,1021,615,218,44,12,26948,1559,4
Senegal,1962,43168,11865,25964,14099,1765,706,906,2287,1905,1892,2101,2465,2272,846,56,1210,1077,974,931,945,947,1011,1090,1224,1241,1236,1036,621,225,44,12,27729,1612,4
Senegal,1963,44472,12187,26713,14526,1831,744,936,2355,1975,1962,2168,2553,2308,858,59,1242,1113,1008,967,981,981,1046,1122,1264,1289,1255,1053,628,230,46,13,28544,1680,4
Senegal,1964,45692,12508,27451,14943,1882,784,953,2413,2033,2021,2235,2634,2349,870,60,1272,1141,1034,999,1011,1010,1079,1156,1298,1336,1280,1069,636,234,46,14,29333,1737,4
Senegal,1965,46882,12859,28205,15346,1923,815,974,2467,2082,2078,2295,2706,2388,882,65,1305,1162,1058,1024,1041,1037,1109,1186,1331,1375,1306,1082,642,240,48,17,30128,1789,5
Senegal,1966,48127,13200,28905,15705,1974,842,1009,2539,2143,2145,2365,2787,2444,896,68,1350,1189,1088,1055,1076,1069,1143,1222,1369,1418,1345,1099,653,243,50,18,30879,1851,6
Senegal,1967,49241,13524,29569,16045,2006,860,1040,2592,2194,2205,2426,2857,2497,912,75,1385,1207,1113,1081,1106,1099,1172,1254,1402,1455,1387,1110,664,248,54,21,31575,1900,6
Senegal,1968,50289,13822,30151,16329,2040,877,1080,2643,2246,2266,2489,2925,2556,927,79,1415,1228,1140,1106,1137,1129,1202,1287,1436,1489,1431,1125,675,252,57,22,32191,1957,7
Senegal,1969,51377,14118,30764,16646,2066,894,1132,2682,2294,2329,2554,3000,2625,945,82,1429,1253,1163,1131,1168,1161,1232,1322,1473,1527,1478,1147,687,258,59,23,32830,2026,8
Senegal,1970,52418,14396,31239,16843,2107,915,1183,2747,2351,2400,2633,3083,2702,960,85,1460,1287,1190,1161,1202,1198,1271,1362,1514,1569,1526,1176,699,261,61,24,33346,2098,8
Senegal,1971,53312,14628,31586,16958,2145,935,1212,2832,2403,2469,2709,3168,2783,976,85,1508,1324,1214,1189,1235,1234,1308,1401,1557,1611,1572,1211,709,267,61,24,33731,2147,9
Senegal,1972,53868,14783,31770,16987,2156,944,1225,2886,2431,2512,2768,3235,2852,985,85,1543,1343,1223,1208,1253,1259,1337,1431,1591,1644,1607,1245,716,269,61,24,33926,2169,8
Senegal,1973,53924,14865,31809,16944,2112,927,1210,2874,2416,2525,2792,3271,2903,993,83,1552,1322,1212,1204,1256,1269,1348,1444,1610,1661,1628,1275,721,272,61,22,33921,2137,7
Senegal,1974,54299,14907,31664,16757,2150,947,1233,2946,2457,2585,2867,3356,2988,1012,79,1617,1329,1233,1224,1281,1304,1385,1482,1653,1703,1670,1318,736,276,58,21,33814,2180,6
Senegal,1975,54175,14917,31438,16521,2134,939,1226,2939,2448,2599,2905,3404,3043,1021,67,1629,1310,1230,1218,1284,1315,1403,1502,1676,1728,1697,1346,747,274,53,14,33572,2165,5
Senegal,1976,53777,14862,31027,16165,2121,933,1214,2904,2418,2596,2938,3451,3095,1029,50,1604,1300,1218,1200,1277,1319,1418,1520,1698,1753,1722,1373,761,268,46,4,33148,2147,2
Senegal,1977,53191,14724,30498,15774,2108,929,1198,2850,2368,2582,2961,3490,3139,1034,32,1570,1280,1196,1172,1266,1316,1426,1535,1714,1776,1744,1395,775,259,32,0,32606,2127,1
Senegal,1978,52426,14494,29859,15365,2098,923,1182,2778,2292,2554,2980,3524,3178,1034,22,1526,1252,1154,1138,1246,1308,1433,1547,1728,1796,1764,1414,786,248,22,0,31957,2105,0
Senegal,1979,51620,14250,29214,14964,2080,917,1161,2714,2200,2514,2990,3554,3217,1040,17,1483,1231,1098,1102,1221,1293,1435,1555,1740,1814,1784,1433,799,241,17,0,31294,2078,0
Senegal,1980,50986,14100,28713,14613,2064,912,1145,2646,2124,2469,2997,3584,3261,1056,15,1443,1203,1053,1071,1193,1276,1433,1564,1751,1833,1806,1455,814,242,15,0,30777,2057,0
Senegal,1981,50788,14023,28375,14352,2082,921,1147,2614,2094,2452,3029,3643,3331,1086,14,1433,1181,1038,1056,1176,1276,1443,1586,1778,1865,1843,1488,837,249,14,0,30457,2068,0
Senegal,1982,50470,13956,28040,14084,2081,924,1142,2570,2052,2410,3043,3685,3392,1114,14,1416,1154,1021,1031,1147,1263,1442,1601,1796,1889,1874,1518,857,257,14,0,30121,2066,0
Senegal,1983,50540,13856,27789,13933,2102,940,1155,2567,2041,2405,3090,3771,3498,1162,14,1423,1144,1024,1017,1135,1270,1458,1632,1838,1933,1930,1568,890,272,14,0,29891,2095,0
Senegal,1984,50066,13689,27303,13614,2075,942,1149,2532,1997,2363,3100,3814,3571,1201,16,1408,1124,1022,975,1109,1254,1455,1645,1857,1957,1966,1605,915,286,16,0,29378,2091,0
Senegal,1985,49600,13444,26617,13173,2073,959,1160,2533,1984,2348,3125,3882,3655,1246,19,1413,1120,1028,956,1100,1248,1460,1665,1888,1994,2009,1646,947,299,19,0,28690,2119,0
Senegal,1986,48311,13023,25538,12515,1996,940,1137,2474,1916,2279,3101,3907,3722,1279,21,1384,1090,992,924,1067,1212,1441,1660,1897,2010,2037,1685,978,301,21,0,27534,2077,0
Senegal,1987,47449,12672,24583,11911,1948,941,1134,2460,1894,2242,3107,3962,3810,1340,28,1378,1082,978,916,1051,1191,1439,1668,1921,2041,2076,1734,1014,326,28,0,26531,2075,0
Senegal,1988,46687,12285,23658,11373,1905,938,1134,2459,1878,2202,3117,4032,3920,1408,36,1377,1082,967,911,1029,1173,1438,1679,1951,2081,2126,1794,1056,352,36,0,25563,2072,0
Senegal,1989,46429,12095,23082,10987,1885,946,1151,2492,1902,2170,3133,4113,4037,1475,40,1396,1096,972,930,1005,1165,1439,1694,1985,2128,2181,1856,1099,376,40,0,24967,2097,0
Senegal,1990,46536,12094,22837,10743,1863,950,1170,2541,1929,2153,3151,4194,4158,1543,47,1424,1117,984,945,990,1163,1441,1710,2017,2177,2238,1920,1145,398,47,0,24700,2120,0
Senegal,1991,47032,12157,22897,10740,1875,966,1188,2565,1940,2163,3174,4295,4299,1620,52,1438,1127,996,944,996,1167,1443,1731,2059,2236,2307,1992,1198,422,52,0,24772,2154,0
Senegal,1992,48088,12324,23221,10897,1896,987,1238,2692,2003,2202,3219,4414,4458,1700,58,1509,1183,1037,966,1019,1183,1453,1766,2107,2307,2389,2069,1254,446,58,0,25117,2225,0
Senegal,1993,49360,12585,23721,11136,1923,1010,1291,2822,2078,2243,3265,4537,4623,1784,64,1582,1240,1083,995,1049,1194,1466,1799,2156,2381,2474,2149,1315,469,64,0,25644,2301,0
Senegal,1994,50272,12817,24249,11432,1929,1023,1304,2826,2087,2245,3278,4628,4770,1864,67,1585,1241,1090,997,1074,1171,1464,1814,2190,2438,2547,2223,1372,492,67,0,26178,2327,0
Senegal,1995,51512,13126,24881,11755,1928,1034,1342,2948,2158,2274,3304,4721,4916,1937,71,1654,1294,1133,1025,1105,1169,1475,1829,2224,2497,2621,2295,1425,512,70,1,26809,2376,0
Senegal,1996,52822,13436,25485,12049,1991,1074,1377,3003,2213,2310,3345,4843,5093,2014,70,1685,1318,1163,1050,1122,1188,1496,1849,2274,2569,2713,2380,1481,533,69,1,27476,2451,0
Senegal,1997,54178,13678,25834,12156,2034,1100,1447,3222,2329,2373,3396,4973,5296,2103,69,1812,1410,1229,1100,1154,1219,1525,1871,2329,2644,2819,2477,1546,557,68,1,27868,2547,0
Senegal,1998,55448,13870,26095,12225,2100,1141,1516,3412,2445,2455,3437,5103,5492,2183,67,1920,1492,1292,1153,1191,1264,1543,1894,2384,2719,2921,2571,1605,578,66,1,28195,2657,0
Senegal,1999,55631,14029,26161,12132,2110,1150,1503,3335,2422,2467,3390,5147,5628,2251,66,1878,1457,1276,1146,1182,1285,1507,1883,2395,2752,2985,2643,1654,597,66,0,28271,2653,0
Senegal,2000,55665,13883,25680,11797,2095,1153,1527,3426,2480,2516,3391,5209,5787,2330,69,1927,1499,1306,1174,1202,1314,1496,1895,2412,2797,3060,2727,1711,619,69,0,27775,2680,0
Senegal,2001,55137,13557,24840,11283,2072,1151,1535,3463,2515,2527,3398,5238,5915,2406,73,1943,1520,1324,1191,1214,1313,1499,1899,2411,2827,3116,2799,1763,643,73,0,26912,2686,0
Senegal,2002,54048,13137,23743,10606,2016,1133,1514,3432,2514,2518,3381,5223,6015,2478,78,1919,1513,1323,1191,1216,1302,1495,1886,2384,2839,3152,2863,1813,665,78,0,25759,2647,0
Senegal,2003,53225,12688,22554,9866,1999,1132,1517,3475,2556,2548,3393,5246,6150,2567,83,1936,1539,1345,1211,1237,1311,1517,1876,2378,2868,3207,2943,1875,692,83,0,24553,2649,0
Senegal,2004,51600,12185,21324,9139,1898,1084,1455,3374,2514,2512,3338,5175,6194,2638,89,1873,1501,1323,1191,1224,1288,1529,1809,2333,2842,3209,2985,1921,717,89,0,23222,2539,0
Senegal,2005,50485,11805,20359,8554,1807,1046,1403,3289,2497,2507,3312,5149,6282,2732,97,1820,1469,1313,1184,1222,1285,1541,1771,2317,2832,3235,3047,1984,748,96,1,22166,2449,0
Senegal,2006,49583,11469,19405,7936,1723,1006,1371,3289,2515,2518,3298,5128,6386,2838,104,1815,1474,1326,1189,1229,1289,1531,1767,2309,2819,3268,3118,2055,783,103,1,21128,2377,0
Senegal,2007,48739,11042,18526,7484,1688,989,1331,3183,2501,2528,3300,5118,6508,2955,110,1752,1431,1316,1185,1230,1298,1527,1773,2308,2810,3315,3193,2134,821,109,1,20214,2320,0
Senegal,2008,48068,10675,17762,7087,1637,969,1298,3132,2512,2552,3322,5085,6615,3064,117,1718,1414,1322,1190,1240,1312,1529,1793,2288,2797,3354,3261,2207,857,116,1,19399,2267,0
Senegal,2009,47831,10482,17194,6712,1618,969,1287,3126,2551,2600,3397,5051,6728,3183,126,1707,1419,1342,1209,1261,1339,1546,1851,2249,2802,3394,3334,2286,897,125,1,18812,2256,0
Senegal,2010,47274,10206,16598,6392,1561,956,1250,3062,2558,2621,3437,5009,6795,3291,134,1665,1397,1342,1216,1269,1352,1556,1881,2211,2798,3405,3390,2355,936,133,1,18159,2206,0
Senegal,2011,47023,9952,16053,6101,1538,956,1234,3041,2594,2667,3466,5037,6880,3411,143,1647,1394,1355,1239,1290,1377,1579,1887,2223,2814,3421,3459,2430,981,142,1,17591,2190,0
Senegal,2012,47657,9709,15535,5826,1621,1005,1281,3168,2731,2800,3583,5161,7053,3564,155,1710,1458,1421,1310,1357,1443,1647,1936,2286,2875,3479,3574,2531,1033,153,2,17156,2286,0
Senegal,2013,47342,9433,14982,5549,1587,1005,1262,3126,2755,2847,3630,5184,7117,3677,167,1684,1442,1426,1329,1379,1468,1679,1951,2322,2862,3481,3636,2598,1079,165,2,16569,2267,0
Senegal,2014,46647,9133,14409,5276,1515,987,1223,3017,2732,2862,3654,5166,7134,3777,174,1623,1394,1406,1326,1384,1478,1697,1957,2375,2791,3467,3667,2656,1121,172,2,15924,2210,0
Senegal,2015,46916,8726,13722,4996,1560,1020,1262,3090,2841,2985,3779,5263,7274,3923,191,1660,1430,1458,1383,1447,1538,1764,2015,2463,2800,3530,3744,2747,1176,189,2,15282,2282,0
Senegal,2016,46283,8369,13081,4712,1498,1004,1238,2998,2821,3014,3827,5263,7298,4032,209,1603,1395,1442,1379,1460,1554,1789,2038,2459,2804,3540,3758,2809,1223,206,3,14579,2242,0
Senegal,2017,46589,8102,12542,4440,1522,1031,1266,3044,2902,3134,3964,5366,7404,4181,231,1625,1419,1480,1422,1520,1614,1856,2108,2503,2863,3595,3809,2900,1281,228,3,14064,2297,0
Senegal,2018,46217,7908,12111,4203,1471,1017,1251,2960,2871,3167,4030,5408,7384,4290,254,1571,1389,1459,1412,1532,1635,1885,2145,2510,2898,3569,3815,2961,1329,249,5,13582,2268,0
Senegal,2019,46761,7699,11706,4007,1494,1046,1282,3023,2953,3304,4188,5614,7438,4437,274,1606,1417,1493,1460,1598,1706,1959,2229,2578,3036,3558,3880,3047,1390,269,5,13200,2328,0
Senegal,2020,48867,7526,11366,3840,1428,1015,1162,2661,2803,3520,4761,6639,8222,4971,314,1414,1247,1374,1429,1670,1850,2190,2571,3029,3610,3974,4248,3372,1599,306,8,12794,2177,0
Senegal,2021,52681,7389,11115,3726,1441,1053,1301,2994,3173,4019,5435,7412,9079,5320,338,1587,1407,1549,1624,1892,2127,2520,2915,3404,4008,4410,4669,3625,1695,327,11,12556,2354,0
Serbia,1950,39414,9086,11020,1934,494,401,832,1679,1109,2625,3864,5954,6311,4411,698,981,698,413,696,1098,1527,1827,2037,2790,3164,3003,3308,2791,1620,578,120,11514,1233,14
Serbia,1951,39538,8506,10684,2178,501,388,825,1767,1109,2697,4102,6160,6314,4311,666,1023,744,471,638,1121,1576,1981,2121,2816,3344,3055,3259,2734,1577,554,112,11185,1213,12
Serbia,1952,35239,7641,9640,1999,456,330,702,1602,978,2390,3801,5496,5578,3694,563,916,686,479,499,984,1406,1852,1949,2459,3037,2771,2807,2345,1349,470,93,10096,1032,10
Serbia,1953,35054,7673,9652,1979,473,308,664,1602,970,2346,3917,5422,5577,3572,545,900,702,531,439,946,1400,1899,2018,2391,3031,2867,2710,2265,1307,456,89,10125,972,9
Serbia,1954,33085,6880,8783,1903,485,282,597,1530,945,2187,3879,5142,5398,3336,512,840,690,550,395,853,1334,1846,2033,2252,2890,2865,2533,2112,1224,428,84,9268,879,8
Serbia,1955,33805,6873,8752,1879,543,295,604,1604,1026,2200,4236,5086,5432,3481,533,865,739,605,421,815,1385,1954,2282,2264,2822,2929,2503,2173,1308,446,87,9295,899,9
Serbia,1956,31215,5882,7603,1721,532,282,556,1525,1041,1997,4196,4659,5019,3287,505,806,719,598,443,690,1307,1868,2328,2154,2505,2741,2278,2011,1276,420,85,8135,838,9
Serbia,1957,30532,5391,7010,1619,535,289,544,1524,1129,1894,4363,4550,4905,3272,510,791,733,621,508,603,1291,1877,2486,2225,2325,2673,2232,1955,1317,425,85,7545,833,9
Serbia,1958,27602,4681,6059,1378,493,280,490,1384,1123,1641,4131,4141,4390,2986,476,708,676,594,529,488,1153,1732,2399,2165,1976,2340,2050,1736,1250,395,81,6552,770,9
Serbia,1959,27539,4630,5908,1278,480,301,488,1377,1203,1559,4247,4207,4273,2984,498,696,681,620,583,458,1101,1750,2497,2352,1855,2209,2064,1687,1297,414,84,6388,789,10
Serbia,1960,27507,4742,5945,1203,459,325,492,1354,1265,1481,4305,4338,4076,2935,524,679,675,642,623,468,1013,1752,2553,2561,1777,2034,2042,1621,1314,437,87,6404,817,10
Serbia,1961,27743,4671,5873,1202,435,341,497,1337,1326,1439,4357,4704,3993,2876,555,665,672,668,658,529,910,1761,2596,2839,1865,1926,2067,1573,1303,465,90,6308,838,10
Serbia,1962,28181,4426,5671,1245,417,341,495,1300,1376,1425,4327,5341,4135,2769,574,640,660,684,692,620,805,1746,2581,3157,2184,1974,2161,1550,1219,484,90,6088,836,11
Serbia,1963,28220,4154,5378,1224,391,340,507,1255,1410,1420,4252,5833,4118,2714,587,615,640,690,720,710,710,1699,2553,3338,2495,1948,2170,1587,1127,497,90,5769,847,11
Serbia,1964,29353,4107,5324,1217,395,339,546,1258,1488,1500,4299,6530,4281,2770,615,618,640,714,774,812,688,1677,2622,3562,2968,2038,2243,1697,1073,519,96,5719,885,11
Serbia,1965,29820,4030,5198,1168,393,324,572,1236,1518,1591,4178,7034,4388,2756,617,614,622,712,806,878,713,1558,2620,3632,3402,2151,2237,1756,1000,517,100,5591,896,11
Serbia,1966,29740,3705,4812,1107,391,305,591,1199,1523,1709,3970,7380,4520,2739,592,604,595,699,824,915,794,1386,2584,3607,3773,2335,2185,1792,947,489,103,5203,896,11
Serbia,1967,31507,3712,4817,1105,405,307,627,1243,1601,1973,3958,8075,5007,2902,582,641,602,717,884,1002,971,1274,2684,3756,4319,2760,2247,1912,990,472,110,5222,934,11
Serbia,1968,32236,3647,4712,1065,402,293,636,1251,1612,2182,3788,8396,5447,2961,545,667,584,707,905,1056,1126,1141,2647,3770,4626,3201,2246,1938,1023,433,112,5114,929,11
Serbia,1969,33417,3534,4585,1051,401,290,632,1303,1635,2417,3696,8751,6126,3057,512,717,586,703,932,1132,1285,1102,2594,3847,4904,3789,2337,1981,1076,400,112,4986,922,11
Serbia,1970,33497,3241,4237,996,384,281,595,1323,1601,2547,3520,8751,6744,3035,472,747,576,677,924,1170,1377,1132,2388,3806,4945,4296,2448,1945,1090,365,107,4621,876,11
Serbia,1971,33544,3009,3942,933,360,277,561,1329,1551,2631,3379,8652,7420,2989,440,763,566,647,904,1196,1435,1260,2119,3750,4902,4758,2662,1889,1100,342,98,4302,838,11
Serbia,1972,33903,2922,3799,877,342,275,538,1333,1506,2710,3310,8538,8158,2956,429,762,571,623,883,1219,1491,1460,1850,3694,4844,5163,2995,1843,1113,341,88,4141,813,11
Serbia,1973,33783,2800,3615,815,322,268,498,1323,1431,2734,3258,8275,8730,2891,425,746,577,588,843,1209,1525,1647,1611,3541,4734,5365,3365,1788,1103,348,77,3937,766,11
Serbia,1974,34138,2741,3522,781,308,262,478,1318,1379,2782,3327,8049,9365,2911,431,717,601,568,811,1204,1578,1816,1511,3358,4691,5507,3858,1806,1105,360,71,3830,740,11
Serbia,1975,34910,2729,3493,764,294,254,465,1319,1349,2851,3538,7828,10039,3027,441,686,633,561,788,1203,1648,1963,1575,3125,4703,5617,4422,1919,1108,374,67,3787,719,11
Serbia,1976,35424,2611,3365,754,281,239,464,1309,1315,2888,3838,7494,10571,3200,451,654,655,556,759,1189,1699,2064,1774,2800,4694,5629,4942,2109,1091,386,65,3646,703,10
Serbia,1977,36266,2439,3184,745,270,233,468,1299,1309,2935,4267,7199,11118,3506,469,636,663,568,741,1178,1757,2179,2088,2488,4711,5670,5448,2417,1089,401,68,3454,701,9
Serbia,1978,37864,2348,3086,738,269,231,483,1306,1338,3021,4816,7039,11771,3996,495,622,684,604,734,1187,1834,2344,2472,2284,4755,5826,5945,2876,1120,421,74,3355,714,8
Serbia,1979,39413,2238,2958,720,269,229,490,1307,1390,3084,5350,6911,12296,4606,512,623,684,652,738,1186,1898,2520,2830,2229,4682,5986,6310,3428,1178,434,78,3227,719,8
Serbia,1980,40298,2157,2840,683,266,221,479,1283,1430,3078,5735,6737,12498,5210,511,621,662,694,736,1163,1915,2654,3081,2348,4389,6040,6458,3949,1261,432,79,3106,700,7
Serbia,1981,41658,2017,2674,657,269,219,468,1287,1488,3096,6135,6751,12830,5926,510,637,650,739,749,1150,1946,2810,3325,2715,4036,6193,6637,4511,1415,429,81,2943,687,7
Serbia,1982,43063,2028,2651,623,263,212,456,1286,1535,3092,6488,6851,13078,6636,509,647,639,760,775,1137,1955,2941,3547,3228,3623,6300,6778,5012,1624,425,84,2914,668,7
Serbia,1983,44976,2070,2676,606,260,209,452,1290,1618,3113,6914,7162,13390,7365,515,663,627,790,828,1136,1977,3083,3831,3826,3336,6391,6999,5454,1911,431,84,2936,661,7
Serbia,1984,45822,2037,2627,590,248,204,439,1269,1656,3064,7176,7481,13257,7871,520,653,616,779,877,1122,1942,3137,4039,4291,3190,6174,7083,5667,2204,438,82,2875,643,7
Serbia,1985,45650,1885,2452,567,230,196,415,1219,1652,2968,7264,7856,12695,8158,535,621,598,738,914,1098,1870,3102,4162,4570,3286,5658,7037,5692,2466,456,79,2682,611,7
Serbia,1986,46085,1783,2331,548,215,193,399,1193,1666,2911,7404,8540,12168,8483,575,594,599,710,956,1094,1817,3088,4316,4826,3714,5082,7086,5744,2739,500,75,2546,592,7
Serbia,1987,46614,1652,2180,528,203,190,384,1172,1665,2888,7522,9421,11580,8765,636,571,601,689,976,1116,1772,3066,4456,5075,4346,4481,7099,5788,2977,565,71,2383,574,7
Serbia,1988,46177,1527,2014,487,191,180,363,1128,1615,2829,7419,10149,10777,8797,709,541,587,645,970,1138,1691,2961,4458,5234,4915,3933,6844,5710,3087,638,71,2205,543,7
Serbia,1989,46362,1355,1811,456,184,171,349,1093,1574,2848,7377,10916,10281,8943,811,520,573,628,946,1194,1654,2883,4494,5467,5449,3735,6546,5756,3187,738,73,1995,520,7
Serbia,1990,46110,1242,1657,415,175,159,335,1037,1503,2857,7218,11427,9854,8972,908,491,546,607,896,1240,1617,2776,4442,5631,5796,3856,5998,5753,3219,831,77,1832,494,6
Serbia,1991,45898,1126,1504,378,166,147,326,988,1457,2877,7032,11820,9629,8943,1004,469,519,603,854,1286,1591,2663,4369,5768,6052,4327,5302,5720,3223,917,87,1670,473,6
Serbia,1992,45686,1026,1373,347,157,137,319,933,1405,2877,6894,12496,9573,8412,1104,445,488,592,813,1287,1590,2573,4321,5974,6522,5249,4324,5248,3164,1004,100,1530,456,6
Serbia,1993,45857,990,1303,313,147,130,308,892,1350,2942,6738,12906,9820,8139,1175,425,467,582,768,1301,1641,2487,4251,6089,6817,6003,3817,5009,3130,1059,116,1450,438,6
Serbia,1994,45921,890,1176,286,135,123,293,854,1304,2985,6567,13273,10267,7706,1229,409,445,564,740,1270,1715,2420,4147,6164,7109,6623,3644,4604,3102,1093,136,1311,416,6
Serbia,1995,45515,817,1076,259,121,118,270,809,1234,2972,6324,13384,10872,7063,1261,394,415,528,706,1196,1776,2346,3978,6095,7289,7010,3862,4031,3032,1106,155,1197,388,7
Serbia,1996,47413,788,1035,247,113,114,259,806,1241,3105,6391,14092,12261,6657,1325,398,408,516,725,1186,1919,2400,3991,6289,7803,7632,4629,3556,3101,1146,179,1148,373,8
Serbia,1997,48193,711,943,232,103,113,245,783,1218,3123,6350,14372,13559,6041,1332,390,393,494,724,1155,1968,2446,3904,6281,8091,8049,5510,2998,3043,1137,195,1046,358,10
Serbia,1998,49936,556,803,247,124,137,282,916,1348,3249,6473,14669,15002,5577,1344,457,459,550,798,1168,2081,2608,3865,6292,8377,8545,6457,2666,2911,1137,207,927,419,11
Serbia,1999,53609,527,827,300,243,297,454,1319,1799,3617,6873,14991,16434,5384,1357,646,673,762,1037,1347,2270,2933,3940,6324,8667,9102,7332,2692,2692,1142,215,1070,751,13
Serbia,2000,53075,505,680,175,86,95,226,743,1176,3083,6820,15171,17964,5612,1403,359,384,464,712,1091,1992,2967,3853,6247,8924,9773,8191,3155,2457,1176,227,766,321,16
Serbia,2001,50585,526,671,145,76,81,205,668,1052,2808,6486,14018,17664,5545,1295,314,354,418,634,1012,1796,2913,3573,5675,8343,9499,8165,3604,1941,1084,211,747,286,17
Serbia,2002,52352,485,626,141,72,75,199,655,1026,2788,6685,13979,18776,6168,1286,301,354,410,616,1023,1765,3017,3668,5581,8398,9967,8809,4508,1660,1074,212,698,274,18
Serbia,2003,53323,403,539,136,66,69,188,629,993,2699,6870,13691,19523,6806,1229,286,343,398,595,1020,1679,3071,3799,5405,8286,10209,9314,5309,1497,1017,212,605,257,19
Serbia,2004,54502,331,458,127,58,64,176,605,966,2635,7037,13452,20302,7586,1144,276,329,389,577,1002,1633,3027,4010,5302,8150,10426,9876,6028,1558,929,215,516,240,20
Serbia,2005,55458,300,414,114,52,59,161,575,937,2550,7147,13203,20890,8428,1019,265,310,383,554,962,1588,2914,4233,5233,7970,10513,10377,6594,1834,806,213,466,220,21
Serbia,2006,54033,261,356,95,47,54,142,524,874,2387,6935,12401,20469,8973,854,245,279,362,512,876,1511,2688,4247,4974,7427,10092,10377,6788,2185,651,203,403,196,20
Serbia,2007,54228,252,335,83,42,49,129,490,838,2308,6840,12088,20530,9813,741,231,259,351,487,825,1483,2572,4268,4967,7121,9909,10621,7159,2654,544,197,377,178,20
Serbia,2008,54042,243,318,75,39,45,114,454,796,2230,6642,11794,20330,10571,686,213,241,334,462,783,1447,2398,4244,5030,6764,9614,10716,7498,3073,500,186,357,159,21
Serbia,2009,55054,254,325,71,36,39,105,431,776,2178,6509,11929,20476,11505,724,198,233,322,454,758,1420,2331,4178,5299,6630,9481,10995,8008,3497,552,172,361,144,21
Serbia,2010,54636,242,310,68,32,36,94,397,737,2052,6163,11875,20020,12081,814,177,220,299,438,714,1338,2222,3941,5467,6408,9104,10916,8306,3775,665,149,342,130,22
Serbia,2011,54050,225,291,66,28,31,87,366,697,1917,5871,11798,19435,12557,953,159,207,274,423,673,1244,2160,3711,5585,6213,8682,10753,8545,4012,827,126,319,118,22
Serbia,2012,53662,218,282,64,23,29,81,338,662,1806,5643,11749,18875,13038,1117,143,195,253,409,638,1168,2111,3532,5571,6178,8310,10565,8777,4261,1011,106,305,110,22
Serbia,2013,52654,234,295,61,23,25,73,304,620,1694,5300,11672,18034,13327,1268,126,178,234,386,600,1094,2038,3262,5477,6195,7831,10203,8847,4480,1165,103,318,98,21
Serbia,2014,53048,222,286,64,21,24,65,282,596,1639,5150,11850,17719,13939,1454,117,165,225,371,584,1055,1992,3158,5362,6488,7650,10069,9113,4826,1334,120,307,89,20
Serbia,2015,53781,176,238,62,21,21,59,262,570,1601,5031,12090,17613,14598,1658,109,153,218,352,579,1022,1929,3102,5205,6885,7617,9996,9385,5213,1500,158,259,80,18
Serbia,2016,52532,203,258,55,20,19,51,236,524,1514,4775,11839,16854,14623,1802,100,136,203,321,557,957,1781,2994,4870,6969,7347,9507,9244,5379,1603,199,278,70,16
Serbia,2017,53322,181,237,56,20,18,47,219,503,1489,4738,11919,16937,15154,2028,94,125,198,305,555,934,1723,3015,4777,7142,7532,9405,9412,5742,1777,251,257,65,14
Serbia,2018,52766,165,218,53,19,15,44,199,471,1425,4608,11615,16711,15214,2212,86,113,184,287,532,893,1645,2963,4488,7127,7679,9032,9291,5923,1916,296,237,59,14
Serbia,2019,53127,177,227,50,20,15,41,182,448,1386,4510,11401,16989,15454,2434,77,105,172,276,512,874,1596,2914,4380,7021,8096,8893,9274,6180,2095,339,247,56,17
Serbia,2020,61997,171,221,50,19,14,37,164,493,1622,5052,12803,20786,17826,2933,68,96,162,331,615,1007,1770,3282,4989,7814,10059,10727,10405,7421,2524,409,240,51,24
Serbia,2021,68991,171,219,48,19,13,34,154,533,1874,5233,13665,24018,19902,3300,63,91,152,381,685,1189,1864,3369,5384,8281,12194,11824,11584,8318,2837,463,238,47,31
Seychelles,1950,666,54,71,17,6,0,4,11,24,54,64,118,195,113,4,5,6,10,14,24,30,28,36,56,62,79,116,79,34,4,0,77,4,0
Seychelles,1951,617,56,74,18,6,0,4,11,23,54,60,110,171,97,4,5,6,10,13,24,30,26,34,53,57,68,103,69,28,4,0,80,4,0
Seychelles,1952,585,57,77,20,6,0,4,11,23,53,61,106,151,86,4,5,6,10,13,23,30,27,34,51,55,58,93,62,24,4,0,83,4,0
Seychelles,1953,557,58,78,20,6,1,4,12,23,53,61,103,135,78,3,5,7,10,13,23,30,27,34,49,54,52,83,57,21,3,0,84,5,0
Seychelles,1954,532,58,78,20,6,1,4,12,23,53,60,102,119,72,2,5,7,10,13,23,30,27,33,48,54,48,71,52,20,2,0,84,5,0
Seychelles,1955,548,59,79,20,7,2,5,14,24,54,65,106,118,72,3,5,9,10,14,24,30,30,35,50,56,49,69,52,20,3,0,86,7,0
Seychelles,1956,530,60,81,21,7,2,5,14,24,54,64,101,103,68,4,5,9,10,14,24,30,30,34,47,54,44,59,48,20,4,0,88,7,0
Seychelles,1957,510,61,82,21,7,3,5,13,24,54,64,97,92,62,5,5,8,10,14,24,30,30,34,45,52,42,50,42,20,5,0,89,8,0
Seychelles,1958,496,63,85,22,7,5,5,13,24,53,64,93,85,56,7,5,8,10,14,23,30,30,34,44,49,41,44,37,19,7,0,92,10,0
Seychelles,1959,402,64,86,22,6,1,3,10,20,42,52,70,63,40,10,5,5,9,11,18,24,25,27,34,36,31,32,25,15,8,2,92,4,0
Seychelles,1960,408,66,89,23,6,1,3,10,21,42,52,69,61,40,12,5,5,10,11,18,24,25,27,34,35,31,30,24,16,9,3,95,4,0
Seychelles,1961,403,67,90,23,6,1,3,10,21,41,53,70,61,34,11,5,5,10,11,18,23,25,28,35,35,31,30,21,13,10,1,96,4,0
Seychelles,1962,397,67,91,24,6,1,4,10,21,41,53,70,59,31,6,5,5,10,11,18,23,25,28,35,35,30,29,20,11,5,1,97,5,0
Seychelles,1963,396,68,91,23,7,1,4,10,21,42,55,73,59,27,4,5,5,10,11,18,24,25,30,37,36,30,29,19,8,4,0,98,5,0
Seychelles,1964,430,69,92,23,7,2,5,11,22,45,61,84,69,29,3,5,6,10,12,20,25,27,34,43,41,35,34,21,8,3,0,99,7,0
Seychelles,1965,415,68,90,22,7,1,5,10,22,45,56,82,64,28,1,5,5,10,12,20,25,25,31,43,39,31,33,20,8,1,0,97,6,0
Seychelles,1966,393,67,88,21,7,1,4,10,20,42,54,77,59,27,0,5,5,9,11,18,24,25,29,39,38,29,30,19,8,0,0,95,5,0
Seychelles,1967,384,66,87,21,7,1,3,10,20,37,52,77,58,27,0,5,5,9,11,17,20,23,29,39,38,28,30,19,8,0,0,94,4,0
Seychelles,1968,401,63,84,21,7,2,4,10,20,42,54,83,63,32,1,5,5,9,11,18,24,25,29,41,42,31,32,21,11,1,0,91,6,0
Seychelles,1969,402,60,79,19,7,2,4,10,19,41,54,85,63,36,2,5,5,8,11,18,23,25,29,41,44,32,31,24,12,2,0,86,6,0
Seychelles,1970,401,56,74,18,7,3,4,10,19,40,54,84,65,38,4,5,5,8,11,18,22,25,29,40,44,35,30,25,13,4,0,81,7,0
Seychelles,1971,403,53,69,16,7,4,4,10,18,38,54,85,68,42,6,5,5,7,11,18,20,25,29,40,45,36,32,25,17,6,0,76,8,0
Seychelles,1972,394,50,64,14,6,5,5,10,18,37,52,84,70,38,8,5,5,7,11,17,20,23,29,39,45,37,33,23,15,8,0,70,10,0
Seychelles,1973,384,46,59,13,6,5,5,10,17,37,51,85,70,34,6,5,5,7,10,17,20,22,29,40,45,37,33,21,13,6,0,65,10,0
Seychelles,1974,373,44,55,11,5,5,5,10,17,37,48,81,72,33,5,5,5,7,10,17,20,21,27,38,43,37,35,21,12,5,0,60,10,0
Seychelles,1975,363,41,52,11,5,5,5,10,16,37,48,80,71,31,4,5,5,6,10,17,20,21,27,38,42,36,35,21,10,4,0,57,10,0
Seychelles,1976,350,35,44,9,5,5,5,10,16,37,47,77,71,29,3,5,5,6,10,17,20,20,27,37,40,35,36,21,8,3,0,49,10,0
Seychelles,1977,338,30,38,8,5,5,5,10,17,35,46,76,70,29,2,5,5,7,10,15,20,20,26,36,40,35,35,21,8,2,0,43,10,0
Seychelles,1978,324,30,36,6,5,5,5,10,18,35,45,71,69,28,2,5,5,8,10,15,20,20,25,34,37,35,34,20,8,2,0,41,10,0
Seychelles,1979,326,27,33,6,5,3,5,10,18,34,45,71,70,35,1,5,5,8,10,14,20,20,25,34,37,35,35,24,11,1,0,38,8,0
Seychelles,1980,336,25,30,5,5,2,5,10,18,33,45,73,73,44,2,5,5,8,10,13,20,20,25,34,39,35,38,29,15,2,0,35,7,0
Seychelles,1981,340,22,27,5,5,0,5,10,18,32,45,74,74,51,3,5,5,8,10,13,19,20,25,35,39,35,39,32,19,3,0,32,5,0
Seychelles,1982,341,18,23,5,5,0,5,10,17,31,44,74,74,57,4,5,5,7,10,13,18,20,24,35,39,35,39,34,23,4,0,28,5,0
Seychelles,1983,344,17,21,4,1,0,4,10,16,29,44,75,74,62,6,5,5,6,10,12,17,20,24,35,40,35,39,37,25,6,0,22,4,0
Seychelles,1984,346,17,21,4,0,0,4,10,16,27,44,75,74,65,6,5,5,6,10,12,15,20,24,35,40,35,39,37,28,6,0,21,4,0
Seychelles,1985,348,16,20,4,0,0,3,10,15,27,43,75,74,67,7,5,5,5,10,12,15,19,24,35,40,35,39,38,29,7,0,20,3,0
Seychelles,1986,349,15,18,3,0,0,3,10,15,27,42,75,75,70,9,5,5,5,10,12,15,18,24,35,40,35,40,40,30,9,0,18,3,0
Seychelles,1987,351,14,17,3,0,0,3,10,14,27,41,74,76,72,10,5,5,5,9,12,15,17,24,34,40,36,40,40,32,10,0,17,3,0
Seychelles,1988,330,14,17,3,0,0,2,10,13,26,37,71,74,64,9,5,5,5,8,11,15,15,22,32,39,35,39,35,29,9,0,17,2,0
Seychelles,1989,349,13,15,2,0,0,2,10,17,28,39,74,80,69,12,5,5,8,9,13,15,16,23,34,40,39,41,37,32,11,1,15,2,0
Seychelles,1990,374,12,14,2,0,0,3,11,20,29,40,81,87,71,12,5,6,10,10,14,15,16,24,36,45,41,46,39,32,11,1,14,3,0
Seychelles,1991,391,12,14,2,0,0,3,12,20,32,42,85,95,71,12,5,7,10,10,15,17,17,25,39,46,45,50,40,31,11,1,14,3,0
Seychelles,1992,414,11,13,2,0,0,3,12,20,37,44,91,101,74,15,5,7,10,10,17,20,18,26,41,50,46,55,43,31,14,1,13,3,0
Seychelles,1993,427,11,13,2,0,0,3,13,21,37,47,93,107,76,14,5,8,10,11,17,20,20,27,42,51,49,58,46,30,13,1,13,3,0
Seychelles,1994,424,11,13,2,0,0,2,13,23,37,45,91,106,73,13,5,8,11,12,17,20,20,25,41,50,48,58,45,28,12,1,13,2,0
Seychelles,1995,421,10,12,2,0,0,2,12,27,38,44,92,106,70,12,5,7,12,15,18,20,20,24,41,51,48,58,45,25,11,1,12,2,0
Seychelles,1996,409,10,12,2,0,0,2,12,26,37,44,89,103,70,12,5,7,11,15,17,20,20,24,40,49,46,57,43,27,11,1,12,2,0
Seychelles,1997,413,10,12,2,0,0,2,11,26,37,44,87,103,72,11,5,6,11,15,17,20,20,24,38,49,46,57,44,28,10,1,12,2,0
Seychelles,1998,314,9,11,2,0,0,2,11,27,42,42,74,78,21,2,5,6,11,16,20,22,20,22,33,41,40,38,20,1,1,1,11,2,0
Seychelles,1999,323,9,10,1,0,0,2,11,26,43,44,72,79,27,0,5,6,10,16,20,23,21,23,32,40,39,40,24,3,0,0,10,2,1
Seychelles,2000,330,9,10,1,0,0,1,11,26,46,45,70,81,33,1,5,6,10,16,24,22,21,24,31,39,40,41,25,8,1,0,10,1,1
Seychelles,2001,339,9,10,1,0,0,1,11,26,47,49,69,82,39,2,5,6,10,16,24,23,24,25,31,38,39,43,29,10,2,0,10,1,1
Seychelles,2002,346,9,10,1,0,0,1,11,26,48,51,67,84,44,2,5,6,10,16,25,23,25,26,31,36,38,46,31,13,2,0,10,1,1
Seychelles,2003,337,9,10,1,0,0,1,10,24,48,47,64,79,45,2,5,5,10,14,25,23,21,26,30,34,36,43,31,14,2,0,10,1,1
Seychelles,2004,341,9,10,1,0,0,1,11,24,52,47,64,79,46,4,5,6,10,14,26,26,20,27,30,34,36,43,31,15,4,0,10,1,1
Seychelles,2005,341,10,11,1,0,0,0,10,23,53,47,64,75,47,4,5,5,10,13,25,28,20,27,30,34,33,42,31,16,4,0,11,0,0
Seychelles,2006,344,10,11,1,0,0,0,10,23,53,48,68,73,48,4,5,5,10,13,24,29,21,27,34,34,32,41,31,17,4,0,11,0,0
Seychelles,2007,345,10,11,1,0,0,0,10,21,54,49,68,70,52,5,5,5,9,12,24,30,22,27,34,34,31,39,34,18,5,0,11,0,0
Seychelles,2008,349,11,12,1,0,0,0,10,21,53,51,68,70,52,6,5,5,9,12,23,30,24,27,34,34,31,39,33,19,6,0,12,0,0
Seychelles,2009,351,11,12,1,0,0,0,9,21,52,54,70,70,53,6,4,5,9,12,22,30,27,27,36,34,31,39,34,19,6,0,12,0,0
Seychelles,2010,353,10,12,2,0,0,0,9,21,51,55,73,69,53,6,4,5,9,12,21,30,28,27,36,37,30,39,34,19,6,0,12,0,0
Seychelles,2011,343,11,13,2,0,0,0,8,19,49,54,71,68,53,7,3,5,8,11,21,28,28,26,34,37,30,38,33,20,7,0,13,0,0
Seychelles,2012,356,12,14,2,0,0,0,8,20,49,57,75,67,55,8,3,5,8,12,21,28,30,27,36,39,30,37,33,22,8,0,14,0,0
Seychelles,2013,366,11,13,2,0,0,0,8,20,49,60,77,70,58,9,3,5,8,12,20,29,30,30,37,40,32,38,35,23,9,0,13,0,0
Seychelles,2014,384,11,13,2,0,0,0,8,19,50,69,82,75,60,10,3,5,7,12,21,29,34,35,38,44,36,39,36,24,9,1,13,0,0
Seychelles,2015,397,12,14,2,0,0,0,7,18,50,68,85,77,63,10,2,5,7,11,21,29,33,35,40,45,37,40,37,26,9,1,14,0,0
Seychelles,2016,409,12,14,2,0,0,0,8,20,50,73,88,80,61,11,3,5,8,12,21,29,33,40,42,46,40,40,35,26,10,1,14,0,0
Seychelles,2017,417,12,14,2,0,0,0,7,20,50,75,93,84,61,11,2,5,8,12,21,29,32,43,45,48,41,43,35,26,10,1,14,0,0
Seychelles,2018,425,12,14,2,0,0,0,7,18,50,76,96,88,62,12,2,5,7,11,21,29,32,44,48,48,43,45,36,26,11,1,14,0,0
Seychelles,2019,434,11,13,2,0,0,0,7,18,50,77,102,92,62,13,2,5,7,11,21,29,33,44,53,49,45,47,36,26,12,1,13,0,0
Seychelles,2020,450,11,14,3,0,0,4,20,25,46,78,103,89,57,11,9,11,14,11,21,25,34,44,45,58,43,46,34,23,10,1,14,4,0
Seychelles,2021,552,10,10,0,0,0,4,21,27,54,92,133,116,75,15,10,11,15,12,24,30,39,53,59,74,55,61,46,29,13,2,10,4,0
Sierra Leone,1950,35260,12661,22834,10173,1725,753,765,1991,1678,1526,1393,1374,1000,202,24,1048,943,859,819,792,734,717,676,704,670,596,404,135,67,20,4,24559,1518,1
Sierra Leone,1951,35428,12871,22745,9874,1744,757,770,2005,1697,1550,1426,1423,1067,226,21,1055,950,868,829,802,748,732,694,725,698,629,438,166,60,19,2,24489,1527,1
Sierra Leone,1952,35227,12796,22457,9661,1733,749,767,1981,1679,1548,1447,1464,1125,254,22,1044,937,858,821,798,750,740,707,743,721,659,466,201,53,20,2,24190,1516,1
Sierra Leone,1953,35206,12726,22270,9544,1705,747,767,1982,1679,1561,1476,1510,1188,289,25,1045,937,857,822,802,759,752,724,763,747,693,495,239,50,22,3,23975,1514,0
Sierra Leone,1954,35244,12766,22228,9462,1640,746,766,1970,1676,1566,1498,1553,1251,326,25,1040,930,854,822,802,764,761,737,782,771,727,524,271,55,22,3,23868,1512,0
Sierra Leone,1955,35344,12841,22240,9399,1591,746,764,1957,1667,1569,1518,1592,1308,365,22,1034,923,849,818,802,767,768,750,799,793,757,551,298,67,19,3,23831,1510,0
Sierra Leone,1956,35583,12913,22309,9396,1574,752,764,1957,1668,1580,1544,1640,1371,406,20,1035,922,848,820,806,774,780,764,821,819,789,582,324,82,17,3,23883,1516,0
Sierra Leone,1957,35812,12955,22318,9363,1562,757,767,1967,1679,1599,1577,1690,1434,447,19,1040,927,853,826,815,784,795,782,844,846,820,614,345,102,15,4,23880,1524,0
Sierra Leone,1958,35948,12994,22327,9333,1553,749,765,1956,1671,1602,1596,1729,1492,483,19,1034,922,847,824,814,788,802,794,862,867,848,644,366,117,15,4,23880,1514,0
Sierra Leone,1959,36087,13029,22309,9280,1560,732,767,1954,1673,1611,1619,1774,1548,518,19,1033,921,847,826,818,793,812,807,882,892,874,674,386,132,16,3,23869,1499,0
Sierra Leone,1960,36277,13087,22315,9228,1571,715,772,1954,1675,1624,1646,1820,1608,551,23,1033,921,847,828,823,801,823,823,903,917,903,705,407,144,20,3,23886,1487,0
Sierra Leone,1961,36602,13183,22419,9236,1590,706,784,1960,1683,1641,1675,1866,1667,586,28,1035,925,850,833,831,810,836,839,923,943,932,735,430,156,25,3,24009,1490,0
Sierra Leone,1962,36834,13251,22466,9215,1604,697,790,1959,1684,1655,1698,1909,1723,618,33,1034,925,850,834,836,819,845,853,942,967,960,763,451,167,31,2,24070,1487,0
Sierra Leone,1963,37113,13331,22527,9196,1621,693,794,1967,1693,1669,1728,1954,1775,651,38,1038,929,855,838,842,827,857,871,962,992,987,788,475,176,36,2,24148,1487,0
Sierra Leone,1964,37292,13394,22558,9164,1631,700,779,1962,1689,1674,1749,1994,1831,684,43,1038,924,852,837,842,832,866,883,979,1015,1016,815,498,186,41,2,24189,1479,0
Sierra Leone,1965,37467,13417,22569,9152,1645,708,767,1962,1684,1681,1770,2037,1883,716,46,1042,920,849,835,844,837,874,896,999,1038,1042,841,518,198,43,3,24214,1475,0
Sierra Leone,1966,37580,13436,22548,9112,1656,713,754,1959,1676,1684,1788,2071,1934,747,51,1046,913,844,832,843,841,880,908,1013,1058,1068,866,539,208,47,4,24204,1467,0
Sierra Leone,1967,37591,13481,22486,9005,1658,717,738,1950,1662,1680,1797,2100,1976,771,56,1046,904,836,826,839,841,884,913,1027,1073,1089,887,554,217,50,6,24144,1455,0
Sierra Leone,1968,37764,13495,22472,8977,1675,725,734,1948,1665,1688,1821,2143,2030,804,60,1044,904,838,827,841,847,894,927,1047,1096,1118,912,575,229,53,7,24147,1459,0
Sierra Leone,1969,38009,13490,22447,8957,1699,740,749,1942,1678,1710,1856,2197,2094,838,63,1032,910,842,836,851,859,910,946,1071,1126,1151,943,597,241,56,7,24146,1489,0
Sierra Leone,1970,37906,13508,22364,8856,1695,741,754,1896,1646,1687,1852,2215,2127,861,66,995,901,825,821,837,850,905,947,1078,1137,1165,962,612,249,59,7,24059,1495,0
Sierra Leone,1971,38019,13546,22335,8789,1701,751,762,1882,1640,1691,1871,2250,2176,890,69,977,905,822,818,837,854,914,957,1091,1159,1189,987,630,260,62,7,24036,1513,0
Sierra Leone,1972,38079,13580,22296,8716,1703,756,768,1859,1629,1692,1883,2281,2222,915,74,956,903,814,815,836,856,917,966,1103,1178,1211,1011,647,268,66,8,23999,1524,0
Sierra Leone,1973,38172,13623,22295,8672,1705,762,778,1836,1616,1686,1894,2310,2266,942,78,945,891,807,809,832,854,921,973,1115,1195,1232,1034,665,277,70,8,24000,1540,1
Sierra Leone,1974,38337,13718,22336,8618,1705,769,787,1823,1611,1685,1909,2343,2310,970,82,954,869,806,805,831,854,926,983,1129,1214,1255,1055,684,286,71,11,24041,1556,1
Sierra Leone,1975,38438,13767,22343,8576,1704,776,797,1804,1602,1683,1921,2370,2355,996,87,961,843,803,799,828,855,930,991,1140,1230,1277,1078,702,294,76,11,24047,1573,1
Sierra Leone,1976,38558,13798,22349,8551,1704,780,807,1796,1598,1682,1935,2399,2398,1021,90,968,828,804,794,827,855,935,1000,1152,1247,1298,1100,718,303,78,12,24053,1587,1
Sierra Leone,1977,38681,13843,22353,8510,1705,786,817,1790,1596,1683,1944,2428,2439,1045,91,978,812,806,790,826,857,937,1007,1164,1264,1320,1119,734,311,79,12,24058,1603,1
Sierra Leone,1978,38939,13941,22441,8500,1712,793,831,1800,1594,1691,1964,2461,2484,1073,94,992,808,803,791,828,863,945,1019,1179,1282,1344,1140,752,321,82,12,24153,1624,1
Sierra Leone,1979,39062,14003,22481,8478,1711,797,840,1808,1568,1685,1971,2480,2521,1095,97,997,811,780,788,823,862,947,1024,1187,1293,1361,1160,766,329,85,12,24192,1637,1
Sierra Leone,1980,39393,14071,22550,8479,1732,807,859,1851,1572,1705,2003,2523,2570,1122,99,1022,829,772,800,831,874,960,1043,1207,1316,1387,1183,784,338,87,12,24282,1666,1
Sierra Leone,1981,39809,14184,22669,8485,1752,817,878,1896,1588,1729,2037,2567,2621,1148,104,1047,849,771,817,842,887,976,1061,1228,1339,1412,1209,801,347,91,13,24421,1695,1
Sierra Leone,1982,40264,14318,22806,8488,1775,830,900,1947,1604,1758,2073,2618,2672,1174,106,1075,872,769,835,855,903,993,1080,1254,1364,1438,1234,818,356,92,14,24581,1730,1
Sierra Leone,1983,40721,14491,23010,8519,1794,840,917,1989,1610,1777,2103,2657,2716,1199,109,1098,891,771,839,863,914,1008,1095,1273,1384,1460,1256,834,365,95,14,24804,1757,1
Sierra Leone,1984,41322,14696,23274,8578,1826,857,935,2045,1627,1808,2140,2705,2765,1223,112,1129,916,792,835,880,928,1026,1114,1296,1409,1485,1280,851,372,98,14,25100,1792,1
Sierra Leone,1985,42191,14897,23569,8672,1872,886,972,2142,1684,1878,2209,2781,2827,1250,116,1180,962,834,850,918,960,1060,1149,1334,1447,1519,1308,870,380,100,16,25441,1858,1
Sierra Leone,1986,43123,15126,23897,8771,1925,914,1010,2246,1747,1955,2280,2860,2887,1280,119,1233,1013,877,870,961,994,1096,1184,1374,1486,1554,1333,890,390,103,16,25822,1924,1
Sierra Leone,1987,43718,15377,24205,8828,1940,922,1023,2294,1759,1980,2313,2905,2943,1309,122,1259,1035,894,865,976,1004,1111,1202,1395,1510,1580,1363,910,399,106,16,26145,1945,1
Sierra Leone,1988,44746,15620,24586,8966,1997,952,1061,2400,1834,2049,2389,2991,3017,1345,126,1314,1086,941,893,1009,1040,1148,1241,1437,1554,1621,1396,934,411,109,17,26583,2013,1
Sierra Leone,1989,45723,15846,24947,9101,2053,981,1098,2498,1918,2097,2462,3070,3089,1377,129,1364,1134,985,933,1022,1075,1182,1280,1476,1594,1662,1427,956,421,112,17,27000,2079,1
Sierra Leone,1990,46540,16073,25250,9177,2101,1003,1133,2587,1998,2139,2518,3136,3140,1399,132,1408,1179,1026,972,1028,1111,1210,1308,1508,1628,1691,1449,971,428,114,18,27351,2136,1
Sierra Leone,1991,50130,16933,26599,9666,2276,1091,1287,3045,2319,2382,2765,3391,3354,1482,139,1651,1394,1199,1120,1137,1245,1332,1433,1635,1756,1811,1543,1029,453,121,18,28875,2378,1
Sierra Leone,1992,48417,16304,25477,9173,2197,1053,1259,3028,2324,2329,2685,3277,3224,1425,135,1636,1392,1205,1119,1101,1228,1294,1391,1583,1694,1742,1482,989,436,117,18,27674,2312,1
Sierra Leone,1993,48060,16139,25149,9010,2189,1050,1268,3055,2360,2317,2678,3257,3189,1405,133,1649,1406,1223,1137,1097,1220,1292,1386,1576,1681,1726,1463,974,431,115,18,27338,2318,1
Sierra Leone,1994,49307,16146,25235,9089,2267,1099,1371,3364,2584,2449,2807,3362,3235,1408,133,1812,1552,1345,1239,1184,1265,1361,1446,1634,1728,1758,1477,977,431,115,18,27502,2470,1
Sierra Leone,1995,50016,16010,25034,9024,2282,1118,1454,3672,2791,2546,2898,3418,3260,1407,133,1977,1695,1460,1331,1256,1290,1414,1484,1666,1752,1776,1484,976,431,115,18,27316,2572,1
Sierra Leone,1996,47494,15652,24272,8620,2190,1072,1304,3144,2493,2344,2746,3278,3151,1368,131,1695,1449,1285,1208,1165,1179,1342,1404,1594,1684,1715,1436,948,420,113,18,26462,2376,1
Sierra Leone,1997,47867,15570,24075,8505,2204,1086,1348,3292,2614,2409,2816,3334,3181,1373,133,1774,1518,1349,1265,1216,1193,1383,1433,1624,1710,1734,1447,952,421,115,18,26279,2434,1
Sierra Leone,1998,50867,15584,24131,8547,2266,1135,1622,4315,3226,2751,3063,3531,3296,1397,133,2329,1986,1696,1530,1415,1336,1508,1555,1729,1802,1802,1494,971,426,115,18,26397,2757,1
Sierra Leone,1999,53910,15154,23199,8045,2131,1097,2026,6164,4264,3257,3281,3641,3326,1391,133,3332,2832,2309,1955,1708,1549,1610,1671,1795,1846,1822,1504,968,423,115,18,25330,3123,2
Sierra Leone,2000,45779,14927,22794,7867,2110,1048,1306,3106,2509,2375,2693,3273,3106,1330,130,1678,1428,1278,1231,1199,1176,1278,1415,1590,1683,1693,1413,923,407,112,18,24904,2354,2
Sierra Leone,2001,46494,15122,22945,7823,2119,1054,1338,3199,2578,2451,2751,3360,3195,1370,134,1729,1470,1313,1265,1238,1213,1290,1461,1631,1729,1741,1454,949,421,116,18,25064,2392,2
Sierra Leone,2002,48195,15782,23839,8057,2210,1099,1364,3163,2595,2542,2861,3542,3380,1449,141,1710,1453,1308,1287,1279,1263,1321,1540,1714,1828,1842,1538,1004,445,122,19,26049,2463,2
Sierra Leone,2003,48700,15818,23848,8030,2225,1114,1391,3211,2630,2610,2912,3640,3482,1492,145,1739,1472,1323,1307,1308,1302,1342,1570,1760,1880,1898,1584,1035,457,126,19,26073,2505,2
Sierra Leone,2004,48701,15612,23525,7913,2219,1118,1404,3229,2639,2656,2944,3722,3563,1528,148,1751,1478,1327,1312,1327,1329,1378,1566,1801,1921,1942,1621,1061,467,129,19,25744,2522,2
Sierra Leone,2005,48340,15373,23042,7669,2192,1114,1404,3217,2625,2679,2953,3782,3622,1555,150,1748,1469,1319,1306,1333,1346,1403,1550,1834,1948,1974,1648,1079,476,131,19,25234,2518,2
Sierra Leone,2006,47109,15175,22523,7348,2103,1078,1352,3052,2474,2570,2863,3748,3621,1568,155,1666,1386,1242,1232,1269,1301,1371,1492,1820,1928,1969,1652,1085,483,133,22,24626,2430,2
Sierra Leone,2007,46026,14813,21893,7080,2030,1050,1312,2926,2357,2501,2804,3751,3653,1592,157,1603,1323,1183,1174,1227,1274,1354,1450,1822,1929,1980,1673,1101,491,135,22,23923,2362,2
Sierra Leone,2008,44805,14491,21252,6761,1936,1013,1267,2787,2233,2411,2751,3718,3669,1607,158,1532,1255,1119,1114,1173,1238,1335,1416,1796,1922,1984,1685,1110,497,136,22,23188,2280,2
Sierra Leone,2009,43643,14151,20607,6456,1837,980,1228,2657,2123,2333,2734,3673,3689,1624,160,1463,1194,1063,1060,1124,1209,1318,1416,1746,1927,1990,1699,1120,504,138,22,22444,2208,2
Sierra Leone,2010,42674,13774,19944,6170,1747,952,1198,2554,2040,2281,2738,3663,3734,1656,162,1407,1147,1018,1022,1090,1191,1311,1427,1711,1952,2010,1724,1141,515,140,22,21691,2150,2
Sierra Leone,2011,41836,13430,19313,5883,1671,928,1176,2476,1980,2244,2751,3670,3780,1683,164,1363,1113,987,993,1065,1179,1313,1438,1689,1981,2028,1752,1159,524,142,22,20984,2104,2
Sierra Leone,2012,41180,13090,18717,5627,1609,913,1165,2420,1941,2221,2783,3688,3829,1716,167,1332,1088,965,976,1048,1173,1324,1459,1671,2017,2051,1778,1181,535,145,22,20326,2078,2
Sierra Leone,2013,40357,12619,17956,5337,1541,887,1147,2368,1901,2203,2821,3707,3898,1753,170,1305,1063,944,957,1033,1170,1336,1485,1676,2031,2084,1814,1206,547,148,22,19497,2034,2
Sierra Leone,2014,40816,12296,17608,5312,1592,930,1199,2459,1997,2294,2951,3806,4002,1799,173,1352,1107,993,1004,1077,1217,1396,1555,1754,2052,2145,1857,1237,562,151,22,19200,2129,2
Sierra Leone,2015,40048,11856,16870,5014,1526,899,1181,2407,1959,2280,2989,3828,4085,1838,178,1327,1080,972,987,1067,1213,1408,1581,1794,2034,2195,1890,1264,574,155,23,18396,2080,2
Sierra Leone,2016,38708,11453,16034,4581,1393,830,1125,2275,1848,2200,2978,3812,4151,1879,182,1263,1012,914,934,1022,1178,1393,1585,1804,2008,2233,1918,1291,588,158,24,17427,1955,2
Sierra Leone,2017,39008,11256,15688,4432,1415,863,1163,2328,1898,2261,3089,3904,4277,1933,189,1294,1034,939,959,1051,1210,1441,1648,1876,2028,2307,1970,1327,606,163,26,17103,2026,2
Sierra Leone,2018,38036,10982,15126,4144,1297,789,1108,2218,1812,2202,3078,3924,4310,1974,193,1235,983,892,920,1018,1184,1425,1653,1896,2028,2314,1996,1354,620,167,26,16423,1897,2
Sierra Leone,2019,37805,10728,14698,3970,1249,773,1099,2201,1803,2212,3137,4046,4361,2026,200,1228,973,885,918,1020,1192,1443,1694,1952,2094,2311,2050,1387,639,173,27,15947,1872,2
Sierra Leone,2020,39765,10455,14270,3815,1203,757,1051,2073,1801,2443,3684,4890,5007,2351,227,1163,910,852,949,1109,1334,1666,2018,2355,2535,2653,2354,1592,759,197,30,15473,1808,2
Sierra Leone,2021,39750,10206,13872,3666,1154,743,1049,2099,1805,2500,3756,5076,5092,2378,222,1173,926,853,952,1124,1376,1700,2056,2434,2642,2667,2425,1622,756,193,29,15026,1792,2
Singapore,1950,8353,2136,3049,913,192,97,150,412,535,794,765,936,786,553,85,203,209,242,293,361,433,416,349,443,493,340,446,362,191,70,15,3241,247,2
Singapore,1951,7959,2151,3014,863,175,93,145,397,521,801,804,882,662,406,53,196,201,232,289,360,441,442,362,413,469,319,343,274,132,42,11,3189,238,2
Singapore,1952,7553,2097,2908,811,158,91,141,380,499,794,843,816,577,310,35,191,189,218,281,355,439,464,379,378,438,317,260,213,97,28,7,3066,232,2
Singapore,1953,7190,2028,2770,742,141,87,135,363,476,783,884,757,519,247,27,182,181,204,272,348,435,484,400,348,409,319,200,172,75,21,6,2911,222,2
Singapore,1954,6606,1909,2575,666,136,79,123,327,423,721,868,676,461,191,24,166,161,178,245,320,401,468,400,314,362,299,162,135,56,17,7,2711,202,2
Singapore,1955,6059,1746,2340,594,121,71,112,298,378,668,851,619,422,154,25,151,147,158,220,295,373,450,401,297,322,279,143,108,46,17,8,2461,183,2
Singapore,1956,5820,1672,2216,544,116,68,105,280,353,641,863,603,413,133,24,142,138,146,207,280,361,446,417,303,300,269,144,92,41,15,9,2332,173,2
Singapore,1957,5707,1629,2146,517,114,65,100,269,331,630,884,604,417,118,25,137,132,138,193,275,355,445,439,322,282,264,153,79,39,15,10,2260,165,2
Singapore,1958,5681,1584,2086,502,117,65,100,262,321,624,918,626,428,109,24,133,129,135,186,269,355,449,469,353,273,263,165,71,38,15,9,2203,165,2
Singapore,1959,5468,1484,1957,473,119,63,93,249,296,596,915,636,420,104,22,127,122,126,170,255,341,436,479,372,264,250,170,67,37,14,8,2076,156,2
Singapore,1960,5282,1344,1777,433,113,62,90,239,280,579,925,674,420,101,18,122,117,121,159,244,335,433,492,401,273,245,175,67,34,12,6,1890,152,2
Singapore,1961,5130,1201,1581,380,111,68,88,235,271,555,939,736,427,103,14,121,114,119,152,229,326,433,506,436,300,246,181,73,30,9,5,1692,156,2
Singapore,1962,5057,1092,1436,344,108,72,87,230,263,538,950,813,444,106,10,118,112,117,146,220,318,434,516,477,336,252,192,80,26,8,2,1544,159,1
Singapore,1963,5209,1026,1335,309,110,78,93,234,268,542,999,932,486,121,8,120,114,120,148,218,324,455,544,539,393,274,212,96,25,8,0,1445,171,1
Singapore,1964,5315,964,1249,285,107,83,97,236,268,536,1024,1034,533,138,7,120,116,119,149,214,322,463,561,587,447,302,231,111,27,7,0,1356,180,0
Singapore,1965,5380,875,1138,263,104,83,108,232,267,524,1041,1127,587,158,7,116,116,117,150,208,316,464,577,625,502,336,251,127,31,7,0,1242,191,0
Singapore,1966,5494,830,1073,243,100,86,114,231,267,515,1056,1207,652,185,8,114,117,116,151,205,310,461,595,649,558,380,272,145,40,8,0,1173,200,0
Singapore,1967,5643,729,948,219,94,88,122,239,272,517,1082,1312,741,219,7,121,118,117,155,207,310,460,622,682,630,436,305,170,49,7,0,1042,210,0
Singapore,1968,5837,644,841,197,90,91,130,250,274,523,1109,1412,845,265,10,131,119,119,155,213,310,461,648,709,703,498,347,201,64,10,0,931,221,0
Singapore,1969,5991,579,755,176,84,92,135,258,273,521,1110,1487,949,315,15,143,115,120,153,216,305,455,655,729,758,554,395,235,80,15,0,839,227,0
Singapore,1970,6216,539,694,155,80,91,137,270,277,524,1110,1563,1070,380,24,158,112,124,153,220,304,453,657,761,802,619,451,275,105,23,1,774,228,0
Singapore,1971,6387,526,665,139,75,91,142,282,279,531,1121,1638,1149,389,25,171,111,126,153,226,305,461,660,805,833,677,472,280,109,23,2,740,233,0
Singapore,1972,6567,523,649,126,70,90,146,296,277,540,1126,1712,1234,402,25,177,119,125,152,228,312,467,659,846,866,740,494,288,114,23,2,719,236,0
Singapore,1973,6553,474,587,113,64,86,146,306,271,535,1104,1729,1294,409,25,180,126,122,149,222,313,459,645,854,875,785,509,292,117,23,2,651,232,0
Singapore,1974,6574,385,483,98,57,83,145,319,268,535,1100,1765,1370,419,26,183,136,117,151,218,317,457,643,864,901,831,539,300,119,24,2,540,228,0
Singapore,1975,6498,313,397,84,51,78,143,329,258,525,1079,1770,1415,425,28,182,147,109,149,209,316,444,635,848,922,847,568,305,120,26,2,448,221,0
Singapore,1976,6610,301,373,72,46,73,142,340,259,523,1084,1807,1492,444,29,184,156,108,151,206,317,445,639,840,967,874,618,321,123,27,2,419,215,0
Singapore,1977,6655,271,337,66,44,69,137,342,258,514,1077,1820,1561,460,29,185,157,111,147,201,313,444,633,824,996,894,667,333,127,27,2,381,206,0
Singapore,1978,6758,273,337,64,42,65,130,349,265,506,1075,1832,1636,488,31,187,162,121,144,199,307,446,629,815,1017,916,720,354,134,29,2,379,195,0
Singapore,1979,6927,281,343,62,41,61,126,353,270,505,1086,1855,1724,529,34,188,165,130,140,202,303,457,629,819,1036,954,770,385,144,32,2,384,187,0
Singapore,1980,7132,290,350,60,37,57,123,360,278,506,1097,1881,1825,579,41,189,171,143,135,207,299,467,630,833,1048,1010,815,425,154,35,6,387,180,1
Singapore,1981,7355,277,336,59,35,53,117,366,291,510,1117,1903,1930,643,52,191,175,156,135,210,300,477,640,849,1054,1076,854,474,169,43,9,371,170,2
Singapore,1982,7526,260,314,54,33,50,114,370,312,509,1125,1902,2035,708,50,189,181,165,147,208,301,478,647,848,1054,1133,902,521,187,41,9,347,164,2
Singapore,1983,7561,234,285,51,28,47,105,367,329,506,1112,1870,2094,763,51,184,183,169,160,202,304,463,649,829,1041,1148,946,552,211,43,8,313,152,1
Singapore,1984,7496,226,275,49,27,45,96,356,340,487,1084,1813,2117,799,57,174,182,168,172,188,299,442,642,797,1016,1128,989,569,230,48,9,302,141,1
Singapore,1985,7387,225,272,47,26,40,86,338,345,476,1046,1743,2117,831,66,161,177,165,180,186,290,424,622,765,978,1093,1024,585,246,59,7,298,126,1
Singapore,1986,7259,192,237,45,23,36,80,321,347,458,1009,1682,2104,884,76,149,172,164,183,189,269,412,597,748,934,1065,1039,630,254,72,4,260,116,2
Singapore,1987,7260,203,247,44,22,32,77,304,350,448,978,1647,2097,964,88,139,165,165,185,197,251,405,573,745,902,1049,1048,698,266,82,6,269,109,2
Singapore,1988,7664,222,263,41,21,31,77,310,375,468,1003,1706,2191,1111,104,141,169,176,199,217,251,418,585,781,925,1083,1108,806,305,94,10,284,108,1
Singapore,1989,7840,192,231,39,21,30,73,306,388,485,998,1724,2216,1240,124,138,168,181,207,235,250,413,585,791,933,1084,1132,892,348,109,15,252,103,1
Singapore,1990,8157,202,238,36,21,28,71,306,409,520,1005,1772,2258,1389,141,138,168,190,219,256,264,409,596,809,963,1095,1163,975,414,124,17,259,99,2
Singapore,1991,8370,163,196,33,20,28,66,300,423,568,1022,1803,2271,1521,151,134,166,194,229,278,290,407,615,817,986,1096,1175,1028,493,131,20,216,94,5
Singapore,1992,8629,148,180,32,19,27,61,286,438,620,1060,1843,2285,1642,164,126,160,197,241,299,321,410,650,835,1008,1104,1181,1060,582,141,23,199,88,5
Singapore,1993,8944,136,166,30,18,27,58,275,448,681,1100,1906,2308,1756,192,119,156,196,252,321,360,418,682,872,1034,1120,1188,1081,675,162,30,184,85,3
Singapore,1994,9306,125,154,29,18,26,56,265,460,744,1149,1989,2340,1860,242,114,151,196,264,343,401,440,709,925,1064,1144,1196,1096,764,202,40,172,82,2
Singapore,1995,9764,127,155,28,18,24,56,254,472,811,1207,2106,2394,1949,320,109,145,196,276,364,447,479,728,996,1110,1181,1213,1110,839,273,47,173,80,2
Singapore,1996,9759,110,137,27,17,24,52,235,457,838,1215,2125,2363,1909,381,100,135,185,272,367,471,509,706,1001,1124,1175,1188,1074,835,335,46,154,76,4
Singapore,1997,9547,114,141,27,16,23,49,216,437,848,1206,2074,2318,1811,403,91,125,172,265,365,483,535,671,968,1106,1168,1150,1026,785,360,43,157,72,7
Singapore,1998,9285,92,118,26,15,22,46,197,413,846,1202,2006,2274,1718,423,82,115,161,252,360,486,561,641,941,1065,1164,1110,981,737,374,49,133,68,8
Singapore,1999,9229,84,107,23,14,20,43,185,393,855,1233,1966,2287,1668,449,76,109,150,243,362,493,597,636,933,1033,1182,1105,958,710,388,61,121,63,7
Singapore,2000,9189,92,113,21,12,18,42,171,373,850,1281,1926,2297,1628,473,70,101,142,231,358,492,630,651,921,1005,1180,1117,937,691,393,80,125,60,5
Singapore,2001,9540,70,90,20,11,18,42,165,366,879,1390,1977,2395,1686,514,69,96,139,227,366,513,681,709,920,1057,1196,1199,971,715,407,107,101,60,4
Singapore,2002,9909,71,90,19,11,18,41,159,358,899,1502,2016,2483,1779,547,69,90,136,222,370,529,724,778,890,1126,1207,1276,1023,756,422,125,101,59,8
Singapore,2003,10307,63,82,19,11,18,41,157,349,924,1625,2055,2576,1879,579,69,88,132,217,373,551,767,858,884,1171,1237,1339,1078,801,440,139,93,59,11
Singapore,2004,10327,58,76,18,10,16,39,145,327,906,1684,2013,2582,1912,600,64,81,124,203,357,549,774,910,880,1133,1248,1334,1092,820,451,149,86,55,14
Singapore,2005,10149,56,72,16,10,14,37,133,301,868,1694,1952,2526,1900,622,59,74,114,187,333,535,757,937,903,1049,1231,1295,1081,819,462,160,82,51,16
Singapore,2006,10196,56,71,15,10,13,36,131,286,852,1749,1952,2519,1911,644,59,72,107,179,320,532,766,983,950,1002,1227,1292,1094,817,476,168,81,49,20
Singapore,2007,10480,58,73,15,10,13,33,133,282,856,1862,2002,2570,1960,657,61,72,104,178,315,541,799,1063,1023,979,1253,1317,1140,820,488,169,83,46,27
Singapore,2008,10751,59,74,15,10,12,32,131,279,854,1958,2075,2611,2009,677,59,72,102,177,309,545,829,1129,1131,944,1275,1336,1185,824,501,176,84,44,31
Singapore,2009,10997,58,73,15,8,12,31,131,272,840,2025,2189,2625,2060,699,59,72,99,173,300,540,852,1173,1263,926,1273,1352,1224,836,510,189,81,43,33
Singapore,2010,11334,56,71,15,6,11,31,127,268,831,2087,2387,2629,2121,727,55,72,98,170,296,535,876,1211,1418,969,1239,1390,1256,865,518,209,77,42,35
Singapore,2011,11670,59,74,15,6,10,28,122,259,815,2142,2607,2623,2203,740,53,69,96,163,289,526,893,1249,1509,1098,1172,1451,1287,916,520,220,80,38,40
Singapore,2012,11927,62,78,16,6,10,26,119,246,788,2182,2776,2619,2298,736,53,66,92,154,282,506,893,1289,1542,1234,1114,1505,1322,976,518,218,84,36,48
Singapore,2013,12104,58,74,16,6,9,25,113,232,755,2201,2911,2614,2382,734,49,64,87,145,270,485,880,1321,1587,1324,1091,1523,1353,1029,521,213,80,34,50
Singapore,2014,12577,60,76,16,6,8,24,109,221,740,2250,3111,2690,2526,765,48,61,83,138,265,475,881,1369,1702,1409,1145,1545,1428,1098,551,214,82,32,50
Singapore,2015,13022,59,74,15,6,7,24,104,215,722,2276,3311,2763,2660,812,44,60,81,134,256,466,873,1403,1825,1486,1225,1538,1504,1156,596,216,80,31,48
Singapore,2016,13550,50,65,15,5,6,25,99,211,702,2277,3605,2833,2798,874,42,57,80,131,247,455,857,1420,1940,1665,1297,1536,1587,1211,657,217,70,31,50
Singapore,2017,14052,47,63,16,5,5,20,95,202,671,2239,3933,2898,2928,935,41,54,76,126,231,440,827,1412,1999,1934,1379,1519,1669,1259,717,218,68,25,58
Singapore,2018,14533,44,60,16,5,5,18,90,190,644,2185,4232,3004,3048,992,40,50,71,119,218,426,792,1393,2032,2200,1495,1509,1736,1312,769,223,65,23,62
Singapore,2019,14945,42,58,16,5,5,15,84,180,612,2113,4451,3179,3132,1050,37,47,68,112,204,408,755,1358,2029,2422,1659,1520,1763,1369,809,241,63,20,59
Singapore,2020,17017,40,55,15,7,14,36,141,239,686,1957,4202,4183,4105,1336,67,74,97,142,246,440,717,1240,1845,2357,2269,1914,2221,1884,1021,315,62,50,55
Singapore,2021,17680,35,50,15,6,15,35,131,227,656,1863,4240,4584,4355,1467,59,72,93,134,234,422,687,1176,1797,2443,2611,1973,2239,2116,1096,371,56,50,54
Sint Maarten (Dutch part),1950,9,2,2,0,0,0,0,0,0,0,0,0,0,0,0,0,0,0,0,0,0,0,0,0,0,0,0,0,0,0,0,2,0,0
Sint Maarten (Dutch part),1951,9,2,2,0,0,0,0,0,0,0,0,0,0,0,0,0,0,0,0,0,0,0,0,0,0,0,0,0,0,0,0,2,0,0
Sint Maarten (Dutch part),1952,8,2,2,0,0,0,0,0,0,0,0,0,0,0,0,0,0,0,0,0,0,0,0,0,0,0,0,0,0,0,0,2,0,0
Sint Maarten (Dutch part),1953,8,2,2,0,0,0,0,0,0,0,0,0,0,0,0,0,0,0,0,0,0,0,0,0,0,0,0,0,0,0,0,2,0,0
Sint Maarten (Dutch part),1954,8,2,2,0,0,0,0,0,0,0,0,0,0,0,0,0,0,0,0,0,0,0,0,0,0,0,0,0,0,0,0,2,0,0
Sint Maarten (Dutch part),1955,8,2,2,0,0,0,0,0,0,0,0,0,0,0,0,0,0,0,0,0,0,0,0,0,0,0,0,0,0,0,0,2,0,0
Sint Maarten (Dutch part),1956,8,2,2,0,0,0,0,0,0,0,0,0,0,0,0,0,0,0,0,0,0,0,0,0,0,0,0,0,0,0,0,2,0,0
Sint Maarten (Dutch part),1957,8,2,2,0,0,0,0,0,0,0,0,0,0,0,0,0,0,0,0,0,0,0,0,0,0,0,0,0,0,0,0,2,0,0
Sint Maarten (Dutch part),1958,9,1,1,0,0,0,0,0,0,0,0,0,0,0,0,0,0,0,0,0,0,0,0,0,0,0,0,0,0,0,0,1,0,0
Sint Maarten (Dutch part),1959,10,2,2,0,0,0,0,0,0,0,0,0,0,0,0,0,0,0,0,0,0,0,0,0,0,0,0,0,0,0,0,2,0,0
Sint Maarten (Dutch part),1960,11,2,2,0,0,0,0,0,0,0,0,0,0,0,0,0,0,0,0,0,0,0,0,0,0,0,0,0,0,0,0,2,0,0
Sint Maarten (Dutch part),1961,12,2,2,0,0,0,0,0,0,0,0,0,0,0,0,0,0,0,0,0,0,0,0,0,0,0,0,0,0,0,0,2,0,0
Sint Maarten (Dutch part),1962,12,2,2,0,0,0,0,0,0,0,0,0,0,0,0,0,0,0,0,0,0,0,0,0,0,0,0,0,0,0,0,2,0,0
Sint Maarten (Dutch part),1963,11,2,2,0,0,0,0,0,0,0,0,0,0,0,0,0,0,0,0,0,0,0,0,0,0,0,0,0,0,0,0,2,0,0
Sint Maarten (Dutch part),1964,12,2,2,0,0,0,0,0,0,0,0,0,0,0,0,0,0,0,0,0,0,0,0,0,0,0,0,0,0,0,0,2,0,0
Sint Maarten (Dutch part),1965,15,3,3,0,0,0,0,0,0,0,0,0,0,0,0,0,0,0,0,0,0,0,0,0,0,0,0,0,0,0,0,3,0,0
Sint Maarten (Dutch part),1966,15,2,2,0,0,0,0,0,0,0,0,0,0,0,0,0,0,0,0,0,0,0,0,0,0,0,0,0,0,0,0,2,0,0
Sint Maarten (Dutch part),1967,15,2,2,0,0,0,0,0,0,0,0,0,0,0,0,0,0,0,0,0,0,0,0,0,0,0,0,0,0,0,0,2,0,0
Sint Maarten (Dutch part),1968,17,3,3,0,0,0,0,0,0,0,0,0,0,0,0,0,0,0,0,0,0,0,0,0,0,0,0,0,0,0,0,3,0,0
Sint Maarten (Dutch part),1969,16,3,3,0,0,0,0,0,0,0,0,0,0,0,0,0,0,0,0,0,0,0,0,0,0,0,0,0,0,0,0,3,0,0
Sint Maarten (Dutch part),1970,14,2,2,0,0,0,0,0,0,0,0,0,0,0,0,0,0,0,0,0,0,0,0,0,0,0,0,0,0,0,0,2,0,0
Sint Maarten (Dutch part),1971,15,2,2,0,0,0,0,0,0,0,0,0,0,0,0,0,0,0,0,0,0,0,0,0,0,0,0,0,0,0,0,2,0,0
Sint Maarten (Dutch part),1972,17,2,2,0,0,0,0,0,0,0,0,0,0,0,0,0,0,0,0,0,0,0,0,0,0,0,0,0,0,0,0,2,0,0
Sint Maarten (Dutch part),1973,17,2,2,0,0,0,0,0,0,0,0,1,0,0,0,0,0,0,0,0,0,0,0,0,1,0,0,0,0,0,0,2,0,0
Sint Maarten (Dutch part),1974,18,3,3,0,0,0,0,0,0,0,0,2,0,0,0,0,0,0,0,0,0,0,0,0,2,0,0,0,0,0,0,3,0,0
Sint Maarten (Dutch part),1975,19,3,3,0,0,0,0,0,0,0,0,3,0,0,0,0,0,0,0,0,0,0,0,0,3,0,0,0,0,0,0,3,0,0
Sint Maarten (Dutch part),1976,19,3,3,0,0,0,0,0,0,0,0,3,0,0,0,0,0,0,0,0,0,0,0,0,3,0,0,0,0,0,0,3,0,0
Sint Maarten (Dutch part),1977,21,3,3,0,0,0,0,0,0,0,0,6,2,0,0,0,0,0,0,0,0,0,0,1,5,2,0,0,0,0,0,3,0,0
Sint Maarten (Dutch part),1978,23,3,3,0,0,0,0,0,0,0,0,6,3,0,0,0,0,0,0,0,0,0,0,1,5,3,0,0,0,0,0,3,0,0
Sint Maarten (Dutch part),1979,27,4,4,0,0,0,0,0,0,0,0,6,4,0,0,0,0,0,0,0,0,0,0,1,5,4,0,0,0,0,0,4,0,0
Sint Maarten (Dutch part),1980,30,5,5,0,0,0,0,0,0,0,0,8,5,0,0,0,0,0,0,0,0,0,0,3,5,5,0,0,0,0,0,5,0,0
Sint Maarten (Dutch part),1981,32,5,5,0,0,0,0,0,0,0,0,7,6,0,0,0,0,0,0,0,0,0,0,2,5,5,1,0,0,0,0,5,0,0
Sint Maarten (Dutch part),1982,31,4,4,0,0,0,0,0,0,0,0,6,7,0,0,0,0,0,0,0,0,0,0,1,5,5,2,0,0,0,0,4,0,0
Sint Maarten (Dutch part),1983,32,5,5,0,0,0,0,0,0,0,0,6,8,0,0,0,0,0,0,0,0,0,0,1,5,5,3,0,0,0,0,5,0,0
Sint Maarten (Dutch part),1984,35,5,5,0,0,0,0,0,0,0,0,8,9,0,0,0,0,0,0,0,0,0,0,3,5,5,4,0,0,0,0,5,0,0
Sint Maarten (Dutch part),1985,38,6,6,0,0,0,0,0,0,0,0,10,10,0,0,0,0,0,0,0,0,0,0,5,5,5,5,0,0,0,0,6,0,0
Sint Maarten (Dutch part),1986,42,6,6,0,0,0,0,0,0,0,0,10,10,1,0,0,0,0,0,0,0,0,0,5,5,5,5,1,0,0,0,6,0,0
Sint Maarten (Dutch part),1987,45,7,7,0,0,0,0,0,0,0,0,9,10,2,0,0,0,0,0,0,0,0,0,4,5,5,5,2,0,0,0,7,0,0
Sint Maarten (Dutch part),1988,45,6,6,0,0,0,0,0,0,0,0,9,10,3,0,0,0,0,0,0,0,0,0,4,5,5,5,3,0,0,0,6,0,0
Sint Maarten (Dutch part),1989,50,7,7,0,0,0,0,0,0,0,2,10,10,4,0,0,0,0,0,0,0,1,1,5,5,5,5,4,0,0,0,7,0,0
Sint Maarten (Dutch part),1990,56,8,8,0,0,0,0,0,2,10,10,10,10,5,0,0,0,0,2,5,5,5,5,5,5,5,5,5,0,0,0,8,0,0
Sint Maarten (Dutch part),1991,64,9,10,1,0,0,0,1,10,10,10,10,10,6,0,0,1,5,5,5,5,5,5,5,5,5,5,5,1,0,0,10,0,0
Sint Maarten (Dutch part),1992,66,9,10,1,0,0,0,1,10,10,10,10,10,7,0,0,1,5,5,5,5,5,5,5,5,5,5,5,2,0,0,10,0,0
Sint Maarten (Dutch part),1993,70,9,10,1,0,0,0,2,10,10,10,10,11,8,0,0,2,5,5,5,5,5,5,5,5,5,6,5,3,0,0,10,0,0
Sint Maarten (Dutch part),1994,71,9,10,1,0,0,0,0,10,10,10,10,12,8,0,0,0,5,5,5,5,5,5,5,5,5,7,5,3,0,0,10,0,0
Sint Maarten (Dutch part),1995,71,9,9,0,0,0,0,0,9,10,10,10,13,9,0,0,0,4,5,5,5,5,5,5,5,5,8,5,4,0,0,9,0,0
Sint Maarten (Dutch part),1996,69,8,8,0,0,0,0,0,7,10,10,10,13,10,0,0,0,2,5,5,5,5,5,5,5,5,8,5,5,0,0,8,0,0
Sint Maarten (Dutch part),1997,65,6,6,0,0,0,0,0,3,10,10,10,12,11,0,0,0,0,3,5,5,5,5,5,5,5,7,6,5,0,0,6,0,0
Sint Maarten (Dutch part),1998,67,6,6,0,0,0,0,0,3,10,10,10,11,12,0,0,0,0,3,5,5,5,5,5,5,5,6,7,5,0,0,6,0,0
Sint Maarten (Dutch part),1999,60,5,5,0,0,0,0,0,0,9,10,10,10,12,0,0,0,0,0,4,5,5,5,5,5,5,5,7,5,0,0,5,0,0
Sint Maarten (Dutch part),2000,64,5,5,0,0,0,0,0,0,10,10,10,10,12,1,0,0,0,0,5,5,5,5,5,5,5,5,7,5,1,0,5,0,0
Sint Maarten (Dutch part),2001,64,4,4,0,0,0,0,0,0,10,10,10,10,12,3,0,0,0,0,5,5,5,5,5,5,5,5,7,5,3,0,4,0,0
Sint Maarten (Dutch part),2002,64,4,4,0,0,0,0,0,0,9,10,10,10,12,2,0,0,0,0,4,5,5,5,5,5,5,5,6,6,2,0,4,0,0
Sint Maarten (Dutch part),2003,69,4,4,0,0,0,0,0,0,10,10,10,11,11,2,0,0,0,0,5,5,5,5,5,5,5,6,5,6,2,0,4,0,0
Sint Maarten (Dutch part),2004,71,4,4,0,0,0,0,0,0,10,13,10,11,11,2,0,0,0,0,5,5,5,8,5,5,5,6,5,6,2,0,4,0,0
Sint Maarten (Dutch part),2005,66,3,3,0,0,0,0,0,0,8,12,10,11,9,0,0,0,0,0,3,5,5,7,5,5,5,6,5,4,0,0,3,0,0
Sint Maarten (Dutch part),2006,66,3,3,0,0,0,0,0,0,7,13,11,10,10,0,0,0,0,0,2,5,5,8,6,5,5,5,5,5,0,0,3,0,0
Sint Maarten (Dutch part),2007,74,3,3,0,0,0,0,0,0,8,15,19,12,10,1,0,0,0,0,3,5,5,10,10,9,7,5,5,5,1,0,3,0,0
Sint Maarten (Dutch part),2008,76,3,3,0,0,0,0,0,0,8,16,20,14,10,2,0,0,0,0,3,5,6,10,10,10,9,5,5,5,2,0,3,0,0
Sint Maarten (Dutch part),2009,83,4,4,0,0,0,0,0,0,8,16,20,15,10,3,0,0,0,0,3,5,6,10,10,10,10,5,5,5,3,0,4,0,0
Sint Maarten (Dutch part),2010,92,4,4,0,0,0,0,0,0,9,17,20,16,10,4,0,0,0,0,4,5,7,10,10,10,10,6,5,5,4,0,4,0,0
Sint Maarten (Dutch part),2011,98,4,4,0,0,0,0,0,0,9,18,25,17,11,4,0,0,0,0,4,5,8,10,14,11,10,7,6,5,4,0,4,0,0
Sint Maarten (Dutch part),2012,102,4,4,0,0,0,0,0,0,9,17,29,20,11,4,0,0,0,0,4,5,7,10,15,14,11,9,6,5,4,0,4,0,0
Sint Maarten (Dutch part),2013,106,2,2,0,0,0,0,0,1,13,26,29,21,5,3,0,0,0,1,5,8,11,15,15,14,12,9,4,1,1,2,2,0,0
Sint Maarten (Dutch part),2014,100,1,1,0,0,0,0,0,0,11,25,29,21,4,2,0,0,0,0,4,7,10,15,15,14,11,10,2,2,0,2,1,0,0
Sint Maarten (Dutch part),2015,104,1,1,0,0,0,0,0,0,11,27,30,23,4,1,0,0,0,0,4,7,12,15,15,15,13,10,3,1,0,1,1,0,0
Sint Maarten (Dutch part),2016,112,2,2,0,0,0,0,0,0,12,30,31,24,5,0,0,0,0,0,4,8,13,17,16,15,14,10,5,0,0,0,2,0,0
Sint Maarten (Dutch part),2017,138,2,2,0,0,0,0,0,0,13,38,40,29,7,0,0,0,0,0,4,9,16,22,20,20,17,12,7,0,0,0,2,0,0
Sint Maarten (Dutch part),2018,147,2,2,0,0,0,0,0,0,13,40,46,31,9,0,0,0,0,0,4,9,17,23,24,22,18,13,9,0,0,0,2,0,0
Sint Maarten (Dutch part),2019,157,3,3,0,0,0,0,0,0,13,41,49,34,11,0,0,0,0,0,3,10,17,24,25,24,20,14,10,1,0,0,3,0,0
Sint Maarten (Dutch part),2020,182,3,3,0,0,0,0,0,0,11,44,62,41,13,0,0,0,0,0,3,8,17,27,32,30,25,16,10,3,0,0,3,0,0
Sint Maarten (Dutch part),2021,201,3,3,0,0,0,0,0,0,13,50,67,47,15,0,0,0,0,0,3,10,20,30,35,32,27,20,11,4,0,0,3,0,0
Slovakia,1950,20369,6029,6678,649,192,175,337,924,675,1336,1921,2531,3410,2006,181,473,451,250,425,573,763,917,1004,1156,1375,1650,1760,1354,652,159,22,6870,512,4
Slovakia,1951,20912,5951,6715,764,188,148,317,850,754,1353,2009,2615,3483,2254,225,419,431,348,406,573,780,974,1035,1218,1397,1615,1868,1524,730,199,26,6903,465,4
Slovakia,1952,18897,4262,4803,541,143,146,239,749,640,1255,2178,2582,3734,2196,224,376,373,331,309,552,703,1036,1142,1168,1414,1806,1928,1475,721,201,23,4946,385,4
Slovakia,1953,18114,3411,4010,599,143,120,219,656,629,1222,2156,2743,3632,2340,242,338,318,371,258,526,696,1002,1154,1211,1532,1725,1907,1557,783,212,30,4153,339,2
Slovakia,1954,17594,2755,3222,467,143,119,187,588,587,1184,2249,2897,3737,2442,238,299,289,337,250,481,703,1040,1209,1333,1564,1845,1892,1695,747,205,33,3365,306,2
Slovakia,1955,16904,2518,2964,446,149,108,200,583,586,1147,2270,2836,3468,2356,232,280,303,355,231,420,727,995,1275,1368,1468,1738,1730,1540,816,200,32,3113,308,2
Slovakia,1956,16974,2320,2704,384,155,113,178,578,566,1091,2327,2964,3599,2439,258,264,314,316,250,413,678,1007,1320,1401,1563,1846,1753,1560,879,223,35,2859,291,3
Slovakia,1957,18364,2521,2972,451,173,118,198,583,615,1083,2461,3330,3862,2672,294,268,315,314,301,341,742,1007,1454,1623,1707,1888,1974,1729,943,257,37,3145,316,3
Slovakia,1958,16711,1940,2323,383,154,116,182,530,617,923,2367,3176,3624,2430,267,229,301,292,325,273,650,972,1395,1625,1551,1765,1859,1554,876,237,30,2477,298,2
Slovakia,1959,17740,1606,1987,381,178,124,211,541,710,994,2503,3655,4012,2510,314,263,278,352,358,302,692,1014,1489,1886,1769,2030,1982,1591,919,281,33,2165,335,3
Slovakia,1960,16469,1432,1762,330,133,109,192,515,716,889,2346,3320,3701,2488,297,245,270,322,394,287,602,963,1383,1669,1651,1856,1845,1613,875,264,33,1895,301,2
Slovakia,1961,16401,1349,1631,282,122,111,200,502,708,814,2326,3632,3713,2344,295,273,229,303,405,295,519,970,1356,1817,1815,1803,1910,1491,853,261,34,1753,311,2
Slovakia,1962,18073,1207,1457,250,128,99,188,493,706,856,2469,4117,4302,2867,381,258,235,317,389,355,501,962,1507,2078,2039,2105,2197,1773,1094,340,41,1585,287,2
Slovakia,1963,17508,1339,1592,253,150,116,211,558,688,932,2455,4022,3964,2495,321,313,245,298,390,484,448,979,1476,1965,2057,1995,1969,1580,915,285,36,1742,327,2
Slovakia,1964,17334,1253,1519,266,164,113,218,518,644,914,2362,4190,3875,2483,329,287,231,286,358,530,384,941,1421,1985,2205,1968,1907,1559,924,288,41,1683,331,2
Slovakia,1965,18975,1312,1620,308,147,114,223,518,682,988,2469,4649,4397,2819,345,287,231,291,391,539,449,981,1488,2124,2525,2282,2115,1764,1055,303,42,1767,337,1
Slovakia,1966,19441,1231,1508,277,139,135,240,581,739,1054,2458,4823,4563,2810,383,325,256,317,422,567,487,917,1541,2078,2745,2428,2135,1815,995,329,54,1647,375,1
Slovakia,1967,18991,1097,1320,223,132,102,259,561,716,1182,2319,4897,4497,2661,337,279,282,298,418,554,628,820,1499,2211,2686,2468,2029,1719,942,290,47,1452,361,2
Slovakia,1968,20613,1031,1273,242,132,117,250,616,753,1371,2471,5273,5138,2832,379,360,256,334,419,579,792,746,1725,2361,2912,2822,2316,1747,1085,333,46,1405,367,2
Slovakia,1969,22382,1155,1372,217,154,110,286,648,786,1613,2477,5872,5752,2915,390,357,291,315,471,690,923,683,1794,2596,3276,3241,2511,1848,1067,343,47,1526,396,3
Slovakia,1970,23019,1146,1350,204,109,130,265,613,837,1678,2578,5900,6150,2985,412,351,262,357,480,671,1007,748,1830,2628,3272,3380,2770,1934,1051,366,46,1459,395,4
Slovakia,1971,23589,1162,1373,211,125,98,271,655,764,1755,2557,5895,6647,3055,394,361,294,335,429,683,1072,924,1633,2621,3274,3704,2943,1965,1090,345,49,1498,369,3
Slovakia,1972,22996,1379,1532,153,117,105,287,669,724,1799,2503,5696,6323,2847,390,388,281,331,393,708,1091,1074,1429,2526,3170,3468,2855,1828,1019,347,43,1649,392,2
Slovakia,1973,24025,1340,1529,189,121,112,294,631,721,1762,2700,5818,6801,3099,435,369,262,316,405,711,1051,1357,1343,2564,3254,3678,3123,1984,1115,375,60,1650,406,2
Slovakia,1974,24819,1328,1529,201,103,107,268,607,756,1720,2714,6104,7288,3175,445,329,278,324,432,701,1019,1553,1161,2677,3427,3963,3325,2053,1122,384,61,1632,375,3
Slovakia,1975,25031,1343,1542,199,113,93,256,683,766,1764,2825,5896,7340,3330,415,350,333,330,436,719,1045,1609,1216,2467,3429,3762,3578,2248,1082,357,58,1655,349,5
Slovakia,1976,25036,1439,1623,184,108,100,210,617,783,1719,3038,5757,7305,3355,414,313,304,334,449,621,1098,1625,1413,2337,3420,3796,3509,2277,1078,356,58,1731,310,6
Slovakia,1977,26255,1290,1478,188,111,97,224,650,851,1804,3445,5662,7728,3710,484,337,313,365,486,667,1137,1722,1723,2125,3537,4042,3686,2499,1211,416,68,1589,321,7
Slovakia,1978,26454,1283,1471,188,96,80,165,690,787,1811,3686,5474,7997,3716,468,365,325,336,451,695,1116,1621,2065,1869,3605,4131,3866,2609,1107,400,68,1567,245,8
Slovakia,1979,26373,1223,1391,168,100,93,188,634,849,1760,3852,5156,8011,3872,459,300,334,346,503,649,1111,1612,2240,1660,3496,4098,3913,2711,1161,388,71,1491,281,9
Slovakia,1980,27961,1136,1303,167,107,90,183,593,869,1752,4134,5364,8632,4447,476,290,303,358,511,664,1088,1715,2419,1740,3624,4519,4113,3106,1341,409,67,1410,273,9
Slovakia,1981,27503,1073,1220,147,104,83,195,669,895,1878,4137,5325,8231,4301,456,318,351,432,463,745,1133,1658,2479,2123,3202,4312,3919,2936,1365,383,73,1324,278,8
Slovakia,1982,27820,971,1117,146,103,77,194,624,883,1755,4149,5440,8377,4651,447,267,357,413,470,721,1034,1675,2474,2530,2910,4362,4015,3169,1482,383,64,1220,271,6
Slovakia,1983,28876,932,1057,125,103,79,158,646,933,1860,4303,5626,8749,4859,496,289,357,414,519,745,1115,1804,2499,3074,2552,4455,4294,3320,1539,426,70,1160,237,6
Slovakia,1984,28595,886,1012,126,91,62,170,584,994,1891,4315,5677,8627,4661,505,255,329,469,525,778,1113,1834,2481,3435,2242,4341,4286,3136,1525,439,66,1103,232,5
Slovakia,1985,28632,853,968,115,109,74,165,589,1013,1851,4156,5786,8568,4849,500,269,320,460,553,736,1115,1807,2349,3427,2359,4182,4386,3189,1660,434,66,1077,239,5
Slovakia,1986,28973,768,887,119,75,64,169,565,961,1854,4127,6191,8398,5079,593,256,309,427,534,753,1101,1590,2537,3484,2707,3837,4561,3336,1743,518,75,962,233,4
Slovakia,1987,28359,674,792,118,76,60,144,492,1021,1966,4229,6681,7646,4733,513,212,280,418,603,800,1166,1682,2547,3387,3294,3297,4349,3109,1624,450,63,868,204,4
Slovakia,1988,28984,670,774,104,63,78,176,516,1067,2005,4117,7195,7368,5002,614,234,282,434,633,806,1199,1671,2446,3397,3798,2923,4445,3287,1715,539,75,837,254,4
Slovakia,1989,29661,592,697,105,68,70,166,473,1193,2216,4294,7714,6845,5285,630,201,272,483,710,905,1311,1689,2605,3485,4229,2553,4292,3496,1789,548,82,765,236,5
Slovakia,1990,30260,575,660,85,70,66,186,550,1226,2337,4349,7804,6983,5356,664,249,301,479,747,1016,1321,1834,2515,3486,4318,2736,4247,3543,1813,572,92,730,252,5
Slovakia,1991,29939,561,658,97,75,89,172,542,1169,2395,4044,7685,7030,5359,713,249,293,448,721,1076,1319,1650,2394,3511,4174,3044,3986,3520,1839,614,99,733,261,5
Slovakia,1992,29495,548,628,80,63,84,162,543,1174,2300,4035,7474,6905,5468,655,253,290,405,769,1045,1255,1713,2322,3354,4120,3570,3335,3585,1883,568,87,691,246,4
Slovakia,1993,28719,457,532,75,56,63,172,497,985,2309,3799,7051,7048,5488,716,251,246,353,632,1052,1257,1678,2121,3177,3874,4263,2785,3585,1903,615,101,588,235,5
Slovakia,1994,27640,418,499,81,54,67,197,473,945,2213,3607,6807,6744,5302,727,229,244,360,585,995,1218,1565,2042,3024,3783,4344,2400,3469,1833,632,95,553,264,7
Slovakia,1995,28096,379,446,67,64,64,183,486,907,2269,3632,6744,7110,5401,779,239,247,330,577,1018,1251,1589,2043,3020,3724,4450,2660,3321,2080,677,102,510,247,9
Slovakia,1996,27537,333,410,77,53,62,157,500,818,2231,3536,6590,7322,5112,740,258,242,313,505,917,1314,1542,1994,2876,3714,4489,2833,3103,2009,634,106,463,219,7
Slovakia,1997,27788,281,349,68,57,69,182,521,880,2352,3706,6268,7869,4706,821,281,240,332,548,978,1374,1660,2046,2643,3625,4425,3444,2619,2087,697,124,406,251,8
Slovakia,1998,28647,276,350,74,56,59,164,536,882,2617,3855,6402,8376,4515,829,286,250,343,539,1081,1536,1713,2142,2700,3702,4326,4050,2356,2159,706,123,406,223,8
Slovakia,1999,28100,255,316,61,51,66,136,527,817,2467,3956,6251,8424,4173,906,272,255,314,503,1004,1463,1830,2126,2714,3537,4087,4337,2053,2120,764,142,367,202,9
Slovakia,2000,28154,278,335,57,38,62,132,538,787,2373,3971,6189,8391,4368,961,264,274,318,469,872,1501,1921,2050,2677,3512,4130,4261,2233,2135,818,143,373,194,10
Slovakia,2001,27668,181,244,63,53,62,124,494,785,2313,3979,6054,8080,4491,979,221,273,311,474,854,1459,1913,2066,2715,3339,4058,4022,2538,1953,834,145,297,186,12
Slovakia,2002,27360,190,228,38,50,39,136,513,745,2348,4200,5705,7836,4546,1005,246,267,288,457,855,1493,2050,2150,2569,3136,3802,4034,2887,1659,860,145,278,175,13
Slovakia,2003,27679,232,276,44,28,52,135,486,735,2332,4306,5655,7803,4748,1112,214,272,275,460,840,1492,2070,2236,2567,3088,3791,4012,3316,1432,951,161,304,187,14
Slovakia,2004,27287,201,255,54,33,33,124,490,704,2085,4255,5500,7760,4908,1127,218,272,280,424,763,1322,2061,2194,2602,2898,3771,3989,3593,1315,952,175,288,157,15
Slovakia,2005,28132,226,266,40,40,27,115,435,724,2138,4605,5617,7696,5311,1144,206,229,302,422,718,1420,2140,2465,2656,2961,3686,4010,3789,1522,952,192,306,142,16
Slovakia,2006,28051,205,249,44,37,39,107,458,743,2062,4617,5596,7709,5330,1083,213,245,319,424,713,1349,2124,2493,2563,3033,3620,4089,3618,1712,873,210,286,146,18
Slovakia,2007,28172,190,229,39,29,35,116,417,732,2040,4822,5800,7387,5646,901,201,216,315,417,731,1309,2104,2718,2767,3033,3374,4013,3643,2003,700,201,258,151,17
Slovakia,2008,27910,198,238,40,25,39,134,479,754,1939,4866,5672,7216,5735,796,228,251,321,433,696,1243,2133,2733,2719,2953,3439,3777,3453,2282,593,203,263,173,17
Slovakia,2009,27381,213,257,44,24,33,87,425,662,1778,4757,5934,6814,5770,818,202,223,269,393,679,1099,1985,2772,2933,3001,3169,3645,3423,2347,603,215,281,120,19
Slovakia,2010,27582,196,227,31,23,32,84,391,689,1654,4512,6086,6932,6043,891,184,207,287,402,573,1081,1868,2644,3064,3022,3182,3750,3548,2495,688,203,250,116,20
Slovakia,2011,26775,172,206,34,32,27,99,374,661,1568,4419,6041,6694,5690,946,148,226,272,389,578,990,1771,2648,3143,2898,3151,3543,3383,2307,785,161,238,126,20
Slovakia,2012,26854,183,221,38,22,29,95,392,640,1517,4164,6219,6524,5946,1066,174,218,237,403,557,960,1654,2510,3213,3006,3184,3340,3515,2431,917,149,243,124,19
Slovakia,2013,26855,156,191,35,23,28,72,343,613,1373,4038,6421,6670,5878,1189,144,199,241,372,479,894,1552,2486,3376,3045,3342,3328,3436,2442,1053,136,214,100,20
Slovakia,2014,26472,169,206,37,23,24,74,312,640,1386,3929,6473,6388,5737,1258,138,174,250,390,542,844,1459,2470,3293,3180,3164,3224,3358,2379,1111,147,229,98,21
Slovakia,2015,27420,161,201,40,19,24,72,328,642,1461,3878,6951,6651,5876,1300,146,182,272,370,578,883,1497,2381,3539,3412,3273,3378,3356,2520,1130,170,220,96,19
Slovakia,2016,26742,179,207,28,17,18,62,279,577,1349,3570,7062,6587,5625,1372,126,153,214,363,567,782,1348,2222,3395,3667,3223,3364,3183,2442,1177,195,224,80,16
Slovakia,2017,27439,152,188,36,18,22,76,279,573,1323,3566,7161,6901,5869,1446,122,157,235,338,566,757,1442,2124,3430,3731,3466,3435,3255,2614,1221,225,206,98,14
Slovakia,2018,27726,156,192,36,17,22,64,274,632,1392,3573,7294,6976,5910,1371,119,155,247,385,578,814,1401,2172,3288,4006,3472,3504,3237,2673,1145,226,209,86,10
Slovakia,2019,27345,163,197,34,16,25,52,274,615,1356,3311,7245,7294,5561,1387,121,153,238,377,525,831,1281,2030,3257,3988,3807,3487,3015,2546,1148,239,213,77,12
Slovakia,2020,30454,155,189,34,15,21,64,230,586,1395,3294,7608,8733,6618,1685,93,137,230,356,545,850,1257,2037,3206,4402,4607,4126,3731,2887,1394,291,204,85,17
Slovakia,2021,37337,147,180,33,15,21,53,248,647,1847,4022,9546,11299,7558,1877,94,154,263,384,683,1164,1509,2513,3944,5602,6267,5032,4446,3112,1530,347,195,74,26
Slovenia,1950,11051,1671,2062,391,133,101,234,484,375,866,1272,1895,2328,1200,100,290,194,122,253,368,498,606,666,853,1042,1205,1123,836,364,88,12,2195,335,1
Slovenia,1951,10946,1630,2043,413,126,97,221,503,361,860,1302,1858,2257,1214,104,302,201,132,229,364,496,625,677,833,1025,1150,1107,834,380,92,12,2169,318,1
Slovenia,1952,10077,1460,1852,392,117,88,196,479,323,790,1244,1706,2050,1131,101,285,194,137,186,334,456,599,645,760,946,1027,1023,767,364,89,12,1969,284,1
Slovenia,1953,9806,1419,1802,383,117,85,183,474,305,764,1248,1638,1982,1105,106,275,199,150,155,321,443,597,651,729,909,988,994,739,366,94,12,1919,268,1
Slovenia,1954,9313,1262,1628,366,114,80,166,458,284,725,1236,1555,1887,1064,109,259,199,156,128,299,426,584,652,701,854,942,945,703,361,96,13,1742,246,1
Slovenia,1955,9418,1244,1604,360,124,78,162,463,290,724,1290,1574,1894,1092,121,252,211,165,125,289,435,599,691,722,852,949,945,714,378,107,14,1728,240,1
Slovenia,1956,9098,1156,1492,336,127,73,152,448,297,674,1286,1538,1809,1077,126,233,215,166,131,254,420,583,703,721,817,918,891,701,376,110,16,1619,225,1
Slovenia,1957,8909,1046,1365,319,126,71,148,436,314,632,1303,1538,1769,1075,132,220,216,169,145,220,412,575,728,736,802,909,860,700,375,115,17,1491,219,1
Slovenia,1958,8359,884,1170,286,120,67,138,403,322,563,1261,1480,1675,1027,130,200,203,167,155,178,385,545,716,723,757,859,816,671,356,113,17,1290,205,1
Slovenia,1959,8494,861,1133,272,120,68,142,396,349,539,1305,1547,1699,1052,141,193,203,178,171,157,382,556,749,771,776,862,837,687,365,122,19,1253,210,1
Slovenia,1960,8462,837,1091,254,116,72,137,380,362,510,1311,1603,1681,1052,145,186,194,186,176,149,361,559,752,813,790,848,833,682,370,126,19,1207,209,1
Slovenia,1961,8451,797,1036,239,112,77,129,365,377,486,1306,1675,1682,1050,152,181,184,196,181,160,326,557,749,865,810,845,837,670,380,130,22,1148,206,2
Slovenia,1962,8521,790,1016,226,107,79,128,359,389,467,1301,1759,1700,1060,155,180,179,201,188,180,287,554,747,917,842,850,850,668,392,133,22,1123,207,2
Slovenia,1963,8426,735,951,216,99,81,125,350,392,444,1274,1804,1688,1059,153,179,171,198,194,202,242,540,734,937,867,844,844,667,392,131,22,1050,206,2
Slovenia,1964,8573,700,912,212,95,81,129,349,409,440,1283,1897,1727,1093,159,182,167,199,210,224,216,535,748,972,925,872,855,690,403,135,24,1007,210,2
Slovenia,1965,8601,693,894,201,90,80,136,336,416,437,1258,1945,1744,1097,162,174,162,194,222,232,205,505,753,966,979,895,849,694,403,137,25,984,216,2
Slovenia,1966,8565,678,867,189,85,76,147,322,415,455,1196,1980,1761,1091,166,165,157,185,230,236,219,452,744,950,1030,916,845,695,396,140,26,952,223,2
Slovenia,1967,8676,633,818,185,82,74,154,323,422,497,1150,2051,1821,1114,171,166,157,181,241,248,249,403,747,953,1098,960,861,714,400,145,26,900,228,2
Slovenia,1968,8841,581,763,182,81,69,162,333,424,551,1104,2130,1906,1144,175,173,160,177,247,265,286,351,753,972,1158,1021,885,731,413,149,26,844,231,2
Slovenia,1969,9209,539,720,181,79,69,170,353,432,617,1084,2250,2058,1195,178,184,169,178,254,293,324,320,764,1021,1229,1119,939,758,437,153,25,799,239,2
Slovenia,1970,9201,519,686,167,77,65,165,360,419,641,1026,2251,2142,1186,176,199,161,173,246,306,335,305,721,1028,1223,1181,961,750,436,151,25,763,230,2
Slovenia,1971,9576,505,667,162,78,64,164,383,424,699,1021,2333,2331,1231,181,221,162,178,246,338,361,341,680,1069,1264,1302,1029,779,452,154,27,745,228,2
Slovenia,1972,9418,492,638,146,74,61,154,382,404,706,959,2272,2386,1210,170,222,160,172,232,341,365,374,585,1041,1231,1342,1044,767,443,146,24,712,215,2
Slovenia,1973,9543,495,634,139,70,59,148,392,401,732,930,2279,2498,1229,174,228,164,173,228,346,386,426,504,1036,1243,1399,1099,781,448,149,25,704,207,2
Slovenia,1974,9523,461,594,133,65,57,141,392,391,748,902,2253,2569,1235,173,226,166,172,219,342,406,462,440,1003,1250,1419,1150,792,443,150,23,659,198,2
Slovenia,1975,9658,450,579,129,62,55,135,404,385,769,908,2242,2668,1276,175,224,180,167,218,335,434,485,423,962,1280,1432,1236,828,448,152,23,641,190,2
Slovenia,1976,9783,441,568,127,58,54,128,414,377,788,966,2170,2763,1318,175,220,194,162,215,325,463,506,460,879,1291,1437,1326,864,454,153,22,626,182,2
Slovenia,1977,9918,457,578,121,54,51,123,417,378,797,1047,2075,2849,1370,177,214,203,164,214,317,480,526,521,777,1298,1443,1406,906,464,155,22,632,174,2
Slovenia,1978,10040,436,558,122,54,50,120,416,384,799,1150,1971,2928,1431,179,206,210,169,215,310,489,555,595,672,1299,1464,1464,957,474,156,23,612,170,2
Slovenia,1979,10176,405,524,119,52,47,116,415,393,795,1249,1881,3010,1510,182,199,216,174,219,305,490,593,656,598,1283,1500,1510,1019,491,159,23,576,163,2
Slovenia,1980,10212,370,484,114,50,44,112,401,401,782,1314,1799,3040,1600,179,188,213,190,211,301,481,631,683,576,1223,1528,1512,1089,511,156,23,534,156,1
Slovenia,1981,10087,311,418,107,47,41,107,384,406,750,1359,1714,3008,1673,180,176,208,204,202,293,457,661,698,615,1099,1516,1492,1148,525,158,22,465,148,1
Slovenia,1982,10329,305,404,99,48,40,104,375,422,749,1435,1693,3072,1792,187,171,204,215,207,296,453,697,738,708,985,1548,1524,1233,559,164,23,452,144,1
Slovenia,1983,11124,294,393,99,50,40,109,386,467,797,1594,1777,3314,1995,202,177,209,239,228,320,477,761,833,864,913,1660,1654,1367,628,178,24,443,149,1
Slovenia,1984,10615,265,352,87,46,39,100,353,453,749,1563,1667,3149,1948,196,164,189,231,222,306,443,721,842,898,769,1549,1600,1320,628,173,23,398,139,1
Slovenia,1985,10388,256,336,80,42,36,94,328,460,715,1559,1635,3039,1945,199,154,174,224,236,288,427,689,870,911,724,1447,1592,1288,657,176,23,378,130,1
Slovenia,1986,10067,235,308,73,37,33,84,303,459,675,1535,1670,2828,1931,203,144,159,213,246,270,405,642,893,911,759,1273,1555,1250,681,180,23,345,117,1
Slovenia,1987,10234,208,278,70,35,33,79,297,471,684,1572,1826,2729,2012,216,140,157,210,261,275,409,635,937,957,869,1138,1591,1280,732,193,23,313,112,1
Slovenia,1988,9864,182,244,62,32,31,72,276,449,661,1509,1913,2475,1980,222,130,146,191,258,269,392,597,912,965,948,942,1533,1252,728,197,25,276,103,1
Slovenia,1989,9709,157,213,56,29,29,68,257,436,657,1459,2015,2305,1999,235,119,138,179,257,270,387,568,891,1001,1014,821,1484,1265,734,210,25,242,97,1
Slovenia,1990,9508,145,195,50,27,27,63,239,416,649,1397,2061,2172,2004,256,110,129,167,249,285,364,547,850,1035,1026,782,1390,1276,728,229,27,222,90,1
Slovenia,1991,9800,142,188,46,26,26,64,248,428,687,1391,2208,2162,2085,286,112,136,170,258,323,364,553,838,1121,1087,869,1293,1328,757,255,31,214,90,2
Slovenia,1992,9886,119,162,43,24,25,61,222,407,697,1378,2310,2147,2143,308,98,124,159,248,332,365,551,827,1170,1140,995,1152,1362,781,275,33,186,86,2
Slovenia,1993,10170,102,143,41,24,23,62,215,401,735,1399,2443,2173,2224,326,96,119,157,244,354,381,568,831,1218,1225,1154,1019,1405,819,289,37,167,85,2
Slovenia,1994,9679,92,126,34,20,20,55,193,364,712,1309,2382,2052,2122,320,87,106,143,221,343,369,541,768,1153,1229,1188,864,1317,805,281,39,146,75,2
Slovenia,1995,9515,88,117,29,17,18,52,178,340,724,1253,2386,2042,2059,324,81,97,133,207,333,391,511,742,1109,1277,1207,835,1238,821,281,43,134,70,2
Slovenia,1996,9384,81,108,27,16,17,50,164,316,738,1202,2382,2121,1936,331,77,87,125,191,321,417,485,717,1051,1331,1226,895,1107,829,285,46,124,67,2
Slovenia,1997,9519,62,87,25,15,16,46,160,303,755,1205,2424,2308,1846,351,77,83,119,184,316,439,490,715,1036,1388,1285,1023,986,860,299,52,102,62,3
Slovenia,1998,9572,72,94,22,13,14,42,151,291,755,1207,2410,2497,1726,367,74,77,113,178,302,453,493,714,1011,1399,1345,1152,853,873,314,53,107,56,3
Slovenia,1999,9525,56,76,20,11,13,38,144,273,743,1207,2355,2647,1628,385,70,74,105,168,286,457,499,708,974,1381,1409,1238,764,864,330,55,87,51,3
Slovenia,2000,9387,61,78,17,11,12,34,135,251,712,1192,2268,2722,1571,400,65,70,95,156,268,444,527,665,939,1329,1463,1259,753,818,343,57,89,46,4
Slovenia,2001,9465,51,67,16,10,11,32,128,238,690,1217,2214,2860,1574,420,61,67,88,150,251,439,575,642,925,1289,1553,1307,831,743,360,60,77,43,4
Slovenia,2002,9497,50,65,15,8,10,29,121,221,664,1231,2163,2952,1593,437,56,65,81,140,238,426,594,637,909,1254,1597,1355,940,653,373,64,73,39,5
Slovenia,2003,9883,38,53,15,7,9,28,118,217,660,1301,2205,3133,1679,467,53,65,79,138,238,422,636,665,940,1265,1666,1467,1091,588,398,69,60,37,5
Slovenia,2004,9315,42,55,13,7,7,26,106,192,587,1242,2030,2999,1613,448,47,59,70,122,213,374,607,635,879,1151,1550,1449,1104,509,376,72,62,33,5
Slovenia,2005,9216,46,58,12,6,7,22,96,179,546,1265,1939,3003,1650,441,42,54,68,111,197,349,592,673,828,1111,1496,1507,1129,521,362,79,64,29,6
Slovenia,2006,9105,35,47,12,5,6,20,90,163,508,1286,1851,2986,1729,410,40,50,63,100,187,321,571,715,778,1073,1420,1566,1154,575,326,84,52,26,7
Slovenia,2007,9266,30,40,10,5,5,19,83,154,486,1309,1853,3032,1881,385,37,46,62,92,177,309,560,749,782,1071,1403,1629,1217,664,293,92,45,24,8
Slovenia,2008,8996,34,43,9,5,5,14,74,141,445,1259,1784,2906,1959,350,33,41,57,84,160,285,512,747,757,1027,1322,1584,1237,722,253,97,48,19,9
Slovenia,2009,9123,26,36,10,5,5,14,70,137,427,1253,1806,2893,2118,354,31,39,55,82,151,276,490,763,773,1033,1297,1596,1324,794,249,105,41,19,10
Slovenia,2010,9126,26,34,8,5,5,12,64,130,398,1214,1808,2839,2232,378,27,37,53,77,139,259,462,752,828,980,1272,1567,1401,831,273,105,39,17,12
Slovenia,2011,9077,38,46,8,5,5,10,56,122,369,1158,1808,2746,2334,407,24,32,50,72,126,243,428,730,885,923,1237,1509,1470,864,311,96,51,15,14
Slovenia,2012,9289,23,31,8,4,5,9,51,116,349,1132,1868,2765,2486,458,21,30,45,71,117,232,413,719,932,936,1247,1518,1552,934,369,89,35,14,16
Slovenia,2013,9445,31,38,7,5,4,8,46,109,329,1088,1923,2773,2601,506,18,28,41,68,111,218,401,687,970,953,1261,1512,1595,1006,423,83,43,12,18
Slovenia,2014,9142,19,27,8,5,3,7,42,98,298,994,1879,2642,2594,535,16,26,36,62,100,198,367,627,946,933,1212,1430,1552,1042,451,84,32,10,20
Slovenia,2015,9648,19,26,7,3,3,8,40,96,290,988,2038,2719,2807,610,16,24,35,61,100,190,362,626,979,1059,1222,1497,1632,1175,507,103,29,11,22
Slovenia,2016,9616,21,27,6,3,2,7,36,91,267,927,2096,2638,2851,654,14,22,33,58,95,172,344,583,956,1140,1163,1475,1603,1248,534,120,30,9,20
Slovenia,2017,10093,20,25,5,2,3,7,34,86,263,919,2206,2752,3033,746,14,20,31,55,96,167,339,580,976,1230,1215,1537,1675,1358,599,147,27,10,20
Slovenia,2018,10128,22,28,6,3,2,7,31,82,249,874,2200,2772,3058,809,13,18,30,52,93,156,317,557,930,1270,1228,1544,1669,1389,642,167,31,9,19
Slovenia,2019,10078,26,31,5,3,1,6,29,73,236,823,2157,2779,3048,872,12,17,27,46,88,148,294,529,876,1281,1244,1535,1643,1405,688,184,34,7,21
Slovenia,2020,11783,24,29,5,7,5,13,61,119,323,886,2162,3086,3865,1196,26,35,49,70,127,196,352,534,814,1348,1482,1604,1976,1889,948,248,36,18,30
Slovenia,2021,11777,23,28,5,7,3,18,54,117,351,886,2204,3286,3648,1145,27,27,52,65,138,213,316,570,841,1363,1738,1548,1929,1719,908,237,35,21,31
Small island developing states (SIDS),1950,217358,,,,,,,,,,,,,,,,,,,,,,,,,,,,,,,,,
Small island developing states (SIDS),1951,219114,,,,,,,,,,,,,,,,,,,,,,,,,,,,,,,,,
Small island developing states (SIDS),1952,214407,,,,,,,,,,,,,,,,,,,,,,,,,,,,,,,,,
Small island developing states (SIDS),1953,212290,,,,,,,,,,,,,,,,,,,,,,,,,,,,,,,,,
Small island developing states (SIDS),1954,209742,,,,,,,,,,,,,,,,,,,,,,,,,,,,,,,,,
Small island developing states (SIDS),1955,207531,,,,,,,,,,,,,,,,,,,,,,,,,,,,,,,,,
Small island developing states (SIDS),1956,206667,,,,,,,,,,,,,,,,,,,,,,,,,,,,,,,,,
Small island developing states (SIDS),1957,206266,,,,,,,,,,,,,,,,,,,,,,,,,,,,,,,,,
Small island developing states (SIDS),1958,206267,,,,,,,,,,,,,,,,,,,,,,,,,,,,,,,,,
Small island developing states (SIDS),1959,205973,,,,,,,,,,,,,,,,,,,,,,,,,,,,,,,,,
Small island developing states (SIDS),1960,205570,,,,,,,,,,,,,,,,,,,,,,,,,,,,,,,,,
Small island developing states (SIDS),1961,206118,,,,,,,,,,,,,,,,,,,,,,,,,,,,,,,,,
Small island developing states (SIDS),1962,206096,,,,,,,,,,,,,,,,,,,,,,,,,,,,,,,,,
Small island developing states (SIDS),1963,210655,,,,,,,,,,,,,,,,,,,,,,,,,,,,,,,,,
Small island developing states (SIDS),1964,207215,,,,,,,,,,,,,,,,,,,,,,,,,,,,,,,,,
Small island developing states (SIDS),1965,210100,,,,,,,,,,,,,,,,,,,,,,,,,,,,,,,,,
Small island developing states (SIDS),1966,206042,,,,,,,,,,,,,,,,,,,,,,,,,,,,,,,,,
Small island developing states (SIDS),1967,205185,,,,,,,,,,,,,,,,,,,,,,,,,,,,,,,,,
Small island developing states (SIDS),1968,204787,,,,,,,,,,,,,,,,,,,,,,,,,,,,,,,,,
Small island developing states (SIDS),1969,204243,,,,,,,,,,,,,,,,,,,,,,,,,,,,,,,,,
Small island developing states (SIDS),1970,203532,,,,,,,,,,,,,,,,,,,,,,,,,,,,,,,,,
Small island developing states (SIDS),1971,203473,,,,,,,,,,,,,,,,,,,,,,,,,,,,,,,,,
Small island developing states (SIDS),1972,203651,,,,,,,,,,,,,,,,,,,,,,,,,,,,,,,,,
Small island developing states (SIDS),1973,202903,,,,,,,,,,,,,,,,,,,,,,,,,,,,,,,,,
Small island developing states (SIDS),1974,201932,,,,,,,,,,,,,,,,,,,,,,,,,,,,,,,,,
Small island developing states (SIDS),1975,209361,,,,,,,,,,,,,,,,,,,,,,,,,,,,,,,,,
Small island developing states (SIDS),1976,210004,,,,,,,,,,,,,,,,,,,,,,,,,,,,,,,,,
Small island developing states (SIDS),1977,212108,,,,,,,,,,,,,,,,,,,,,,,,,,,,,,,,,
Small island developing states (SIDS),1978,215381,,,,,,,,,,,,,,,,,,,,,,,,,,,,,,,,,
Small island developing states (SIDS),1979,217781,,,,,,,,,,,,,,,,,,,,,,,,,,,,,,,,,
Small island developing states (SIDS),1980,216260,,,,,,,,,,,,,,,,,,,,,,,,,,,,,,,,,
Small island developing states (SIDS),1981,217421,,,,,,,,,,,,,,,,,,,,,,,,,,,,,,,,,
Small island developing states (SIDS),1982,217809,,,,,,,,,,,,,,,,,,,,,,,,,,,,,,,,,
Small island developing states (SIDS),1983,218490,,,,,,,,,,,,,,,,,,,,,,,,,,,,,,,,,
Small island developing states (SIDS),1984,218679,,,,,,,,,,,,,,,,,,,,,,,,,,,,,,,,,
Small island developing states (SIDS),1985,219943,,,,,,,,,,,,,,,,,,,,,,,,,,,,,,,,,
Small island developing states (SIDS),1986,220848,,,,,,,,,,,,,,,,,,,,,,,,,,,,,,,,,
Small island developing states (SIDS),1987,221345,,,,,,,,,,,,,,,,,,,,,,,,,,,,,,,,,
Small island developing states (SIDS),1988,222941,,,,,,,,,,,,,,,,,,,,,,,,,,,,,,,,,
Small island developing states (SIDS),1989,220298,,,,,,,,,,,,,,,,,,,,,,,,,,,,,,,,,
Small island developing states (SIDS),1990,222138,,,,,,,,,,,,,,,,,,,,,,,,,,,,,,,,,
Small island developing states (SIDS),1991,224419,,,,,,,,,,,,,,,,,,,,,,,,,,,,,,,,,
Small island developing states (SIDS),1992,225685,,,,,,,,,,,,,,,,,,,,,,,,,,,,,,,,,
Small island developing states (SIDS),1993,227535,,,,,,,,,,,,,,,,,,,,,,,,,,,,,,,,,
Small island developing states (SIDS),1994,229816,,,,,,,,,,,,,,,,,,,,,,,,,,,,,,,,,
Small island developing states (SIDS),1995,231036,,,,,,,,,,,,,,,,,,,,,,,,,,,,,,,,,
Small island developing states (SIDS),1996,232596,,,,,,,,,,,,,,,,,,,,,,,,,,,,,,,,,
Small island developing states (SIDS),1997,234106,,,,,,,,,,,,,,,,,,,,,,,,,,,,,,,,,
Small island developing states (SIDS),1998,237093,,,,,,,,,,,,,,,,,,,,,,,,,,,,,,,,,
Small island developing states (SIDS),1999,238298,,,,,,,,,,,,,,,,,,,,,,,,,,,,,,,,,
Small island developing states (SIDS),2000,235191,,,,,,,,,,,,,,,,,,,,,,,,,,,,,,,,,
Small island developing states (SIDS),2001,237899,,,,,,,,,,,,,,,,,,,,,,,,,,,,,,,,,
Small island developing states (SIDS),2002,241159,,,,,,,,,,,,,,,,,,,,,,,,,,,,,,,,,
Small island developing states (SIDS),2003,243412,,,,,,,,,,,,,,,,,,,,,,,,,,,,,,,,,
Small island developing states (SIDS),2004,248596,,,,,,,,,,,,,,,,,,,,,,,,,,,,,,,,,
Small island developing states (SIDS),2005,247592,,,,,,,,,,,,,,,,,,,,,,,,,,,,,,,,,
Small island developing states (SIDS),2006,249430,,,,,,,,,,,,,,,,,,,,,,,,,,,,,,,,,
Small island developing states (SIDS),2007,251776,,,,,,,,,,,,,,,,,,,,,,,,,,,,,,,,,
Small island developing states (SIDS),2008,254760,,,,,,,,,,,,,,,,,,,,,,,,,,,,,,,,,
Small island developing states (SIDS),2009,257103,,,,,,,,,,,,,,,,,,,,,,,,,,,,,,,,,
Small island developing states (SIDS),2010,299899,,,,,,,,,,,,,,,,,,,,,,,,,,,,,,,,,
Small island developing states (SIDS),2011,263307,,,,,,,,,,,,,,,,,,,,,,,,,,,,,,,,,
Small island developing states (SIDS),2012,264665,,,,,,,,,,,,,,,,,,,,,,,,,,,,,,,,,
Small island developing states (SIDS),2013,267474,,,,,,,,,,,,,,,,,,,,,,,,,,,,,,,,,
Small island developing states (SIDS),2014,271653,,,,,,,,,,,,,,,,,,,,,,,,,,,,,,,,,
Small island developing states (SIDS),2015,276780,,,,,,,,,,,,,,,,,,,,,,,,,,,,,,,,,
Small island developing states (SIDS),2016,282503,,,,,,,,,,,,,,,,,,,,,,,,,,,,,,,,,
Small island developing states (SIDS),2017,287304,,,,,,,,,,,,,,,,,,,,,,,,,,,,,,,,,
Small island developing states (SIDS),2018,293420,,,,,,,,,,,,,,,,,,,,,,,,,,,,,,,,,
Small island developing states (SIDS),2019,298187,,,,,,,,,,,,,,,,,,,,,,,,,,,,,,,,,
Small island developing states (SIDS),2020,313746,,,,,,,,,,,,,,,,,,,,,,,,,,,,,,,,,
Small island developing states (SIDS),2021,355186,,,,,,,,,,,,,,,,,,,,,,,,,,,,,,,,,
Solomon Islands,1950,1582,418,657,239,54,35,39,96,91,100,110,146,164,82,7,49,47,45,46,50,50,54,56,68,78,85,79,55,27,7,0,711,74,0
Solomon Islands,1951,1524,391,622,231,56,35,39,96,90,100,109,141,154,75,7,49,47,45,45,50,50,54,55,65,76,80,74,50,25,7,0,678,74,0
Solomon Islands,1952,1496,399,610,211,56,35,39,95,90,98,108,137,152,75,7,49,46,45,45,49,49,53,55,64,73,79,73,50,25,7,0,666,74,0
Solomon Islands,1953,1466,399,599,200,56,35,39,93,90,92,107,130,144,75,6,48,45,45,45,45,47,52,55,61,69,74,70,50,25,6,0,655,74,0
Solomon Islands,1954,1449,399,593,194,56,35,39,93,90,91,103,127,137,73,5,48,45,45,45,45,46,50,53,60,67,70,67,49,24,5,0,649,74,0
Solomon Islands,1955,1428,397,587,190,55,35,39,92,90,91,102,123,134,68,5,47,45,45,45,45,46,50,52,58,65,70,64,45,23,5,0,642,74,0
Solomon Islands,1956,1512,409,623,214,78,44,44,96,90,97,107,125,128,68,5,50,46,45,45,50,47,52,55,60,65,66,62,45,23,5,0,701,88,0
Solomon Islands,1957,1380,386,563,177,54,35,39,92,90,90,102,120,123,66,7,47,45,45,45,45,45,50,52,58,62,65,58,43,23,7,0,617,74,0
Solomon Islands,1958,1355,383,553,170,52,35,39,90,90,90,100,117,117,64,7,47,43,45,45,45,45,49,51,57,60,61,56,41,23,7,0,605,74,0
Solomon Islands,1959,1337,378,540,162,52,35,39,90,88,90,100,117,114,62,9,47,43,43,45,45,45,49,51,57,60,60,54,39,23,9,0,592,74,0
Solomon Islands,1960,1311,371,527,156,51,35,39,89,85,90,99,116,111,59,8,47,42,40,45,45,45,48,51,56,60,60,51,38,21,8,0,578,74,0
Solomon Islands,1961,1320,366,518,152,50,35,38,87,83,90,99,117,116,70,14,45,42,40,43,45,45,48,51,57,60,60,56,42,28,12,2,568,73,0
Solomon Islands,1962,1318,360,506,146,50,33,38,87,81,90,99,117,121,78,18,45,42,40,41,45,45,48,51,57,60,63,58,46,32,15,3,556,71,0
Solomon Islands,1963,1318,353,494,141,50,32,38,86,80,90,99,118,125,85,22,45,41,40,40,45,45,48,51,58,60,65,60,49,36,18,4,544,70,0
Solomon Islands,1964,1315,346,480,134,49,31,37,86,80,89,99,119,128,92,24,45,41,40,40,44,45,48,51,58,61,65,63,52,40,20,4,529,68,0
Solomon Islands,1965,1309,339,469,130,49,30,37,84,80,88,98,120,130,99,28,44,40,40,40,43,45,47,51,58,62,65,65,56,43,23,5,518,67,0
Solomon Islands,1966,1303,331,455,124,49,30,37,83,80,83,98,122,131,105,31,43,40,40,40,40,43,47,51,58,64,65,66,59,46,25,6,504,67,0
Solomon Islands,1967,1300,322,441,119,49,30,36,82,80,83,98,124,137,109,32,42,40,40,40,40,43,47,51,59,65,68,69,61,48,25,7,490,66,0
Solomon Islands,1968,1280,311,421,110,47,30,36,77,74,82,99,124,139,113,37,40,37,35,39,40,42,47,52,59,65,69,70,63,50,30,7,468,66,0
Solomon Islands,1969,1269,301,403,102,46,30,35,76,72,82,99,126,140,119,37,40,36,35,37,40,42,47,52,60,66,70,70,66,53,30,7,449,65,0
Solomon Islands,1970,1269,292,388,96,44,30,34,76,70,82,99,127,147,128,41,40,36,35,35,40,42,47,52,60,67,72,75,70,58,33,8,432,64,0
Solomon Islands,1971,1283,281,370,89,43,30,33,75,70,80,100,131,155,145,49,40,35,35,35,39,41,47,53,62,69,75,80,78,67,39,10,413,63,0
Solomon Islands,1972,1259,271,356,85,43,28,32,74,70,79,100,135,165,137,41,39,35,35,35,38,41,47,53,63,72,80,85,77,60,32,9,399,60,1
Solomon Islands,1973,1240,262,344,82,43,27,31,70,70,77,101,138,173,132,34,35,35,35,35,36,41,47,54,64,74,85,88,77,55,27,7,387,58,1
Solomon Islands,1974,1226,254,330,76,44,27,31,70,70,75,102,141,178,130,30,35,35,35,35,35,40,47,55,66,75,88,90,78,52,23,7,374,58,1
Solomon Islands,1975,1313,256,349,93,61,37,35,76,70,82,107,148,189,130,26,40,36,35,35,40,42,49,58,69,79,92,97,80,50,20,6,410,72,1
Solomon Islands,1976,1197,236,303,67,46,27,32,67,64,74,102,144,184,127,25,35,32,30,34,35,39,47,55,67,77,90,94,79,48,20,5,349,59,1
Solomon Islands,1977,1204,232,299,67,48,31,34,70,70,77,104,147,183,123,21,35,35,35,35,36,41,48,56,69,78,89,94,77,46,18,3,347,65,1
Solomon Islands,1978,1172,224,283,59,45,30,33,66,68,75,103,147,183,121,20,35,31,33,35,35,40,47,56,69,78,89,94,75,46,17,3,328,63,0
Solomon Islands,1979,1175,220,277,57,45,30,34,68,68,77,105,149,183,121,20,37,31,33,35,36,41,48,57,69,80,89,94,75,46,17,3,322,64,0
Solomon Islands,1980,1182,217,272,55,44,31,36,69,67,78,107,153,184,123,21,38,31,32,35,37,41,48,59,71,82,90,94,77,46,19,2,316,67,0
Solomon Islands,1981,1194,215,269,54,43,31,37,70,67,80,109,156,187,124,22,39,31,32,35,38,42,50,59,72,84,93,94,78,46,20,2,312,68,0
Solomon Islands,1982,1207,213,264,51,43,31,38,73,67,80,111,160,190,126,21,41,32,32,35,38,42,50,61,74,86,95,95,79,47,19,2,307,69,0
Solomon Islands,1983,1228,212,262,50,44,32,39,75,67,82,114,165,196,126,20,43,32,32,35,39,43,52,62,76,89,98,98,79,47,18,2,306,71,0
Solomon Islands,1984,1249,212,262,50,45,33,41,78,68,84,116,169,201,129,20,44,34,32,36,40,44,52,64,78,91,102,99,81,48,18,2,307,74,0
Solomon Islands,1985,1268,211,260,49,45,32,41,82,68,86,120,174,206,132,22,46,36,32,36,40,46,54,66,80,94,104,102,83,49,19,3,305,73,0
Solomon Islands,1986,1336,219,282,63,55,38,46,86,72,88,122,179,214,134,23,48,38,35,37,41,47,55,67,83,96,108,106,84,50,20,3,337,84,0
Solomon Islands,1987,1301,212,260,48,45,32,43,88,70,89,123,180,214,134,22,49,39,34,36,42,47,56,67,83,97,108,106,84,50,19,3,305,75,0
Solomon Islands,1988,1310,212,260,48,45,32,44,89,71,89,126,183,216,133,21,49,40,35,36,42,47,57,69,84,99,109,107,84,49,18,3,305,76,0
Solomon Islands,1989,1323,212,260,48,44,32,44,94,71,90,127,184,220,133,22,52,42,35,36,42,48,58,69,85,99,111,109,84,49,19,3,304,76,0
Solomon Islands,1990,1337,212,259,47,44,33,45,96,71,91,129,188,224,135,23,53,43,36,35,42,49,59,70,87,101,113,111,86,49,20,3,303,78,0
Solomon Islands,1991,1351,211,257,46,44,33,45,98,73,92,130,192,226,137,22,54,44,38,35,42,50,59,71,88,104,114,112,87,50,20,2,301,78,0
Solomon Islands,1992,1368,211,257,46,44,33,44,100,76,94,135,195,230,138,22,54,46,40,36,42,52,61,74,89,106,117,113,88,50,20,2,301,77,0
Solomon Islands,1993,1387,212,258,46,45,34,44,102,76,94,135,199,235,143,22,55,47,40,36,42,52,61,74,91,108,119,116,91,52,20,2,303,78,0
Solomon Islands,1994,1404,212,257,45,44,32,44,102,80,94,139,202,241,143,22,55,47,41,39,42,52,63,76,92,110,122,119,91,52,20,2,301,76,0
Solomon Islands,1995,1425,213,258,45,44,32,44,104,82,93,142,205,245,149,24,55,49,42,40,42,51,64,78,93,112,124,121,95,54,21,3,302,76,0
Solomon Islands,1996,1442,213,256,43,43,32,44,104,84,94,143,210,251,153,25,55,49,44,40,42,52,65,78,96,114,128,123,97,56,21,4,299,76,0
Solomon Islands,1997,1468,212,256,44,43,32,44,105,86,94,147,215,259,159,26,55,50,45,41,42,52,66,81,98,117,132,127,100,59,22,4,299,76,0
Solomon Islands,1998,1490,212,256,44,43,32,44,105,90,97,150,220,265,161,26,55,50,45,45,45,52,68,82,101,119,134,131,102,59,22,4,299,76,0
Solomon Islands,1999,1520,213,257,44,43,32,45,105,90,97,152,225,272,166,28,55,50,45,45,45,52,68,84,103,122,138,134,105,61,24,4,300,77,0
Solomon Islands,2000,1551,214,258,44,43,32,44,105,92,98,156,233,282,174,31,55,50,47,45,45,53,69,87,107,126,143,139,109,65,26,5,301,76,0
Solomon Islands,2001,1580,215,260,45,43,32,44,105,98,103,157,236,288,186,37,55,50,50,48,50,53,69,88,108,128,145,143,113,73,31,6,303,76,0
Solomon Islands,2002,1604,216,260,44,43,31,44,102,100,104,158,239,290,196,44,55,47,50,50,50,54,69,89,110,129,146,144,116,80,37,7,303,75,0
Solomon Islands,2003,1633,218,263,45,43,30,44,101,99,107,158,241,293,203,51,54,47,49,50,51,56,68,90,110,131,146,147,118,85,44,7,306,74,1
Solomon Islands,2004,1655,219,265,46,42,30,43,101,98,108,158,244,297,210,57,54,47,48,50,52,56,68,90,111,133,149,148,120,90,48,9,307,73,1
Solomon Islands,2005,1679,221,266,45,42,30,43,100,97,113,158,247,301,216,63,53,47,47,50,54,59,68,90,113,134,150,151,122,94,53,10,308,73,1
Solomon Islands,2006,1701,224,269,45,41,30,43,98,96,117,160,250,303,220,69,52,46,46,50,55,62,70,90,115,135,151,152,124,96,58,11,310,73,1
Solomon Islands,2007,1743,227,277,50,44,32,44,100,100,120,164,257,307,227,71,53,47,46,54,57,63,72,92,118,139,154,153,127,100,59,12,321,76,1
Solomon Islands,2008,1738,224,268,44,40,30,42,96,98,122,164,259,312,229,76,50,46,45,53,57,65,73,91,119,140,156,156,129,100,63,13,308,72,2
Solomon Islands,2009,1769,226,273,47,41,30,42,95,97,126,168,262,316,237,78,50,45,45,52,58,68,76,92,120,142,159,157,132,105,64,14,314,72,2
Solomon Islands,2010,1773,223,267,44,38,30,42,95,96,131,172,264,320,238,81,50,45,45,51,61,70,78,94,120,144,161,159,133,105,67,14,305,72,2
Solomon Islands,2011,1786,223,266,43,38,30,43,95,95,134,177,268,325,238,78,50,45,45,50,62,72,82,95,121,147,163,162,134,104,64,14,304,73,1
Solomon Islands,2012,1796,222,265,43,38,30,43,93,93,136,182,272,330,239,76,50,43,44,49,62,74,86,96,122,150,166,164,136,103,62,14,303,73,1
Solomon Islands,2013,1815,222,265,43,38,30,44,94,94,139,188,275,336,237,75,50,44,44,50,63,76,89,99,122,153,169,167,136,101,60,15,303,74,1
Solomon Islands,2014,1847,227,275,48,39,30,44,96,94,143,199,279,341,238,75,52,44,44,50,64,79,94,105,124,155,172,169,138,100,59,16,314,74,1
Solomon Islands,2015,1836,216,258,42,37,28,44,92,90,142,204,280,346,239,70,49,43,42,48,62,80,96,108,125,155,174,172,140,99,56,14,295,72,1
Solomon Islands,2016,1847,211,251,40,37,28,43,93,90,144,211,281,353,243,69,51,42,42,48,61,83,98,113,125,156,178,175,143,100,55,14,288,71,1
Solomon Islands,2017,1862,206,245,39,36,27,44,93,89,145,221,286,360,246,68,51,42,41,48,61,84,102,119,129,157,182,178,145,101,55,13,281,71,1
Solomon Islands,2018,1880,202,240,38,35,26,44,93,88,146,228,290,367,251,67,51,42,41,47,61,85,105,123,133,157,186,181,149,102,55,12,275,70,1
Solomon Islands,2019,1894,197,234,37,35,26,43,93,87,146,237,298,371,253,67,51,42,40,47,61,85,109,128,139,159,187,184,150,103,55,12,269,69,1
Solomon Islands,2020,1982,193,231,38,38,28,43,94,87,147,252,330,395,269,69,52,42,40,47,61,86,112,140,157,173,200,195,159,110,57,12,269,71,1
Solomon Islands,2021,2005,187,222,35,34,26,40,93,86,145,263,346,404,274,66,50,43,40,46,61,84,118,145,166,180,204,200,165,109,54,12,256,66,1
Somalia,1950,25833,8974,13939,4965,1524,690,682,1672,1506,1530,1587,1517,993,184,7,865,807,758,748,762,768,787,800,782,735,611,382,139,45,7,0,15463,1372,0
Somalia,1951,26846,9363,14631,5268,1566,695,694,1691,1528,1560,1628,1579,1060,207,7,874,817,768,760,777,783,804,824,812,767,646,414,161,46,7,0,16197,1389,0
Somalia,1952,27502,9436,15001,5565,1612,696,706,1704,1543,1581,1658,1634,1126,233,10,879,825,775,768,789,792,817,841,841,793,682,444,187,46,9,1,16613,1402,0
Somalia,1953,28084,9510,15292,5782,1660,696,721,1718,1555,1602,1686,1691,1193,260,10,884,834,781,774,801,801,830,856,871,820,717,476,213,47,10,0,16952,1417,0
Somalia,1954,28610,9586,15521,5935,1716,701,731,1730,1566,1621,1715,1749,1257,288,10,891,839,787,779,810,811,844,871,901,848,752,505,234,54,10,0,17237,1432,0
Somalia,1955,29116,9670,15691,6021,1805,710,740,1747,1580,1642,1743,1805,1322,322,11,900,847,792,788,821,821,857,886,927,878,785,537,259,63,11,0,17496,1450,0
Somalia,1956,29610,9761,15833,6072,1904,723,746,1765,1593,1663,1770,1861,1387,354,12,913,852,800,793,830,833,869,901,950,911,817,570,280,74,12,0,17737,1469,0
Somalia,1957,30105,9864,15991,6127,1981,744,746,1785,1607,1684,1796,1917,1449,387,12,929,856,808,799,838,846,880,916,972,945,848,601,303,84,11,1,17972,1490,0
Somalia,1958,30601,9973,16158,6185,2045,766,747,1809,1621,1705,1826,1975,1513,421,13,948,861,815,806,846,859,893,933,993,982,879,634,325,96,12,1,18203,1513,0
Somalia,1959,31081,10079,16326,6247,2098,792,752,1831,1635,1723,1851,2026,1578,454,15,962,869,823,812,852,871,904,947,1011,1015,911,667,347,107,14,1,18424,1544,0
Somalia,1960,31597,10202,16520,6318,2131,831,762,1852,1648,1743,1881,2079,1646,488,17,974,878,829,819,861,882,918,963,1031,1048,946,700,370,118,16,1,18651,1593,0
Somalia,1961,32246,10364,16792,6428,2163,880,782,1878,1670,1769,1919,2134,1718,522,20,984,894,840,830,872,897,936,983,1053,1081,987,731,394,128,19,1,18955,1662,0
Somalia,1962,32668,10465,16941,6476,2181,916,800,1893,1677,1780,1943,2174,1783,558,23,984,909,842,835,877,903,949,994,1071,1103,1023,760,418,140,22,1,19122,1716,0
Somalia,1963,33205,10601,17155,6554,2208,950,825,1913,1693,1799,1974,2219,1853,593,26,986,927,848,845,885,914,966,1008,1091,1128,1064,789,442,151,25,1,19363,1775,0
Somalia,1964,33783,10752,17396,6644,2238,982,856,1936,1709,1817,2005,2261,1922,628,29,992,944,855,854,893,924,982,1023,1111,1150,1102,820,466,162,28,1,19634,1838,0
Somalia,1965,34323,10896,17617,6721,2263,1000,897,1964,1726,1832,2036,2304,1992,663,32,1009,955,865,861,902,930,996,1040,1130,1174,1138,854,490,173,30,2,19880,1897,0
Somalia,1966,34917,11056,17869,6813,2295,1012,943,1992,1747,1850,2067,2348,2061,699,36,1032,960,878,869,911,939,1011,1056,1150,1198,1171,890,514,185,34,2,20164,1955,0
Somalia,1967,35525,11219,18128,6909,2326,1024,988,2024,1770,1870,2098,2390,2129,734,40,1061,963,895,875,921,949,1023,1075,1168,1222,1201,928,537,197,38,2,20454,2012,0
Somalia,1968,36167,11397,18408,7011,2360,1039,1033,2062,1796,1889,2129,2435,2197,770,46,1095,967,916,880,931,958,1034,1095,1188,1247,1228,969,560,210,42,4,20768,2072,0
Somalia,1969,36832,11585,18703,7118,2395,1052,1075,2112,1820,1909,2161,2481,2265,807,49,1136,976,931,889,940,969,1047,1114,1208,1273,1258,1007,584,223,45,4,21098,2127,0
Somalia,1970,37531,11785,19017,7232,2435,1068,1100,2187,1842,1930,2193,2529,2333,847,50,1194,993,943,899,951,979,1060,1133,1230,1299,1288,1045,612,235,46,4,21452,2168,0
Somalia,1971,38262,12005,19356,7351,2473,1085,1115,2273,1863,1950,2222,2579,2395,891,55,1257,1016,951,912,960,990,1072,1150,1253,1326,1317,1078,642,249,51,4,21829,2200,0
Somalia,1972,38984,12225,19696,7471,2512,1100,1130,2366,1887,1967,2248,2629,2455,934,59,1319,1047,954,933,966,1001,1083,1165,1278,1351,1347,1108,673,261,55,4,22208,2230,0
Somalia,1973,39747,12460,20063,7603,2552,1117,1148,2457,1910,1984,2275,2680,2517,979,64,1376,1081,958,952,972,1012,1096,1179,1304,1376,1379,1138,705,274,58,6,22615,2265,0
Somalia,1974,44647,13896,22810,8914,2964,1324,1261,2704,2081,2178,2503,2949,2744,1060,71,1514,1190,1035,1046,1064,1114,1207,1296,1438,1511,1506,1238,764,296,64,7,25774,2585,0
Somalia,1975,45096,14057,22990,8933,2983,1331,1273,2787,2099,2188,2516,2978,2781,1092,75,1542,1245,1046,1053,1071,1117,1212,1304,1451,1527,1525,1256,785,307,68,7,25973,2604,0
Somalia,1976,45573,14269,23207,8938,2998,1336,1286,2865,2117,2199,2526,3011,2820,1127,77,1557,1308,1064,1053,1080,1119,1217,1309,1464,1547,1544,1276,806,321,70,7,26205,2622,0
Somalia,1977,42687,13491,21497,8006,2707,1186,1220,2802,2022,2074,2377,2866,2726,1132,82,1502,1300,1031,991,1027,1047,1146,1231,1386,1480,1485,1241,801,331,74,8,24204,2406,0
Somalia,1978,44237,14007,22200,8193,2748,1207,1281,3050,2146,2157,2439,2942,2803,1175,85,1616,1434,1117,1029,1078,1079,1178,1261,1419,1523,1524,1279,827,348,77,8,24948,2488,0
Somalia,1979,48825,15701,24846,9145,3031,1333,1373,3210,2292,2325,2654,3233,3107,1319,98,1685,1525,1201,1091,1163,1162,1279,1375,1552,1681,1686,1421,924,395,89,9,27877,2706,0
Somalia,1980,55651,17953,28425,10472,3429,1508,1556,3644,2632,2624,2996,3664,3542,1513,116,1907,1737,1399,1233,1311,1313,1444,1552,1755,1909,1918,1624,1057,456,105,11,31854,3064,1
Somalia,1981,57722,18712,29616,10904,3538,1552,1602,3747,2767,2690,3070,3766,3668,1581,125,1961,1786,1492,1275,1341,1349,1478,1592,1800,1966,1984,1684,1101,480,112,13,33154,3154,1
Somalia,1982,56074,18251,28881,10630,3430,1497,1547,3614,2735,2582,2944,3621,3556,1544,124,1893,1721,1488,1247,1277,1305,1414,1530,1729,1892,1922,1634,1073,471,112,12,32311,3044,1
Somalia,1983,57170,18669,29496,10827,3501,1514,1570,3657,2829,2605,2972,3667,3631,1591,132,1919,1738,1547,1282,1275,1330,1424,1548,1748,1919,1964,1667,1104,487,118,14,32997,3084,1
Somalia,1984,58421,19142,30194,11052,3595,1535,1596,3714,2932,2639,3010,3717,3712,1640,137,1950,1764,1604,1328,1285,1354,1440,1570,1772,1945,2006,1706,1136,504,123,14,33789,3131,1
Somalia,1985,61206,19968,31591,11623,3815,1617,1680,3896,3142,2765,3135,3862,3851,1707,147,2045,1851,1701,1441,1349,1416,1503,1632,1843,2019,2082,1769,1181,526,132,15,35406,3297,1
Somalia,1986,63512,20742,32817,12075,3989,1675,1742,4031,3303,2853,3224,3971,3979,1775,154,2117,1914,1758,1545,1400,1453,1549,1675,1896,2075,2147,1832,1226,549,138,16,36806,3417,1
Somalia,1987,65035,21503,33865,12362,4084,1695,1749,4046,3347,2867,3254,4025,4097,1847,165,2129,1917,1754,1593,1422,1445,1572,1682,1919,2106,2198,1899,1273,574,146,19,37949,3444,1
Somalia,1988,85899,22676,36417,13741,4609,2016,3429,10551,7304,4864,4649,5067,4783,2033,176,5608,4943,3997,3307,2552,2312,2317,2332,2478,2589,2593,2190,1411,622,157,19,41026,5445,1
Somalia,1989,73637,20994,32987,11993,4015,1726,2687,8104,5789,3950,3840,4306,4204,1867,167,4311,3793,3127,2662,2093,1857,1914,1926,2089,2217,2257,1947,1286,581,148,19,37002,4413,1
Somalia,1990,71830,20493,32182,11689,3938,1704,2623,7864,5626,3899,3727,4177,4094,1834,167,4191,3673,3025,2601,2097,1802,1858,1869,2024,2153,2192,1902,1261,573,148,19,36120,4327,1
Somalia,1991,150295,44323,80410,36087,11549,5427,4194,9989,8126,6739,6789,7526,6845,2503,193,5274,4715,4188,3938,3561,3178,3349,3440,3684,3842,3751,3094,1781,722,171,22,91959,9621,1
Somalia,1992,130958,40241,71543,31302,10834,5108,3456,7287,6322,5789,5892,6574,5855,2128,167,3844,3443,3187,3135,3051,2738,2872,3020,3216,3358,3236,2619,1514,614,148,19,82377,8564,1
Somalia,1993,52708,17978,27065,9087,3508,1525,1530,3404,2814,2578,2617,3124,3031,1378,130,1815,1589,1436,1378,1378,1200,1255,1362,1495,1629,1641,1390,942,436,114,16,30573,3055,1
Somalia,1994,58053,19923,30132,10209,3794,1681,1695,3727,3065,2860,2831,3371,3270,1485,142,1987,1740,1566,1499,1528,1332,1352,1479,1612,1759,1771,1499,1015,470,125,17,33926,3376,1
Somalia,1995,59361,20313,31093,10780,3715,1691,1739,3839,3111,2940,2848,3393,3331,1515,146,2052,1787,1594,1517,1551,1389,1363,1485,1621,1772,1798,1533,1034,481,128,18,34808,3430,1
Somalia,1996,62496,21240,32991,11751,3764,1786,1845,4028,3243,3114,2971,3536,3485,1582,152,2154,1874,1663,1580,1611,1503,1432,1539,1694,1842,1877,1608,1078,504,134,18,36755,3631,1
Somalia,1997,65091,22277,34908,12631,3863,1866,1901,4037,3259,3208,3041,3628,3592,1627,157,2161,1876,1668,1591,1630,1578,1484,1557,1748,1880,1933,1659,1109,518,138,19,38771,3767,1
Somalia,1998,66473,22752,35611,12859,3996,1887,1944,4129,3299,3286,3092,3702,3682,1680,163,2218,1911,1690,1609,1647,1639,1530,1562,1793,1909,1978,1704,1145,535,144,19,39607,3831,1
Somalia,1999,69625,23690,37164,13474,4316,1963,2056,4379,3457,3461,3239,3843,3824,1752,170,2363,2016,1775,1682,1717,1744,1626,1613,1869,1974,2053,1771,1194,558,150,20,41480,4019,1
Somalia,2000,71831,24496,38430,13934,4582,1981,2108,4462,3508,3529,3366,3934,3937,1817,176,2418,2044,1802,1706,1743,1786,1716,1650,1910,2024,2107,1830,1240,577,155,21,43012,4089,1
Somalia,2001,74460,25383,39823,14440,4870,1985,2187,4646,3614,3617,3538,4045,4063,1889,184,2527,2119,1862,1752,1788,1829,1830,1708,1954,2091,2168,1895,1291,598,162,22,44693,4172,1
Somalia,2002,77286,26329,41304,14975,5151,2018,2273,4847,3737,3718,3729,4162,4188,1958,190,2643,2204,1931,1806,1839,1879,1943,1786,1993,2169,2226,1962,1339,619,167,23,46455,4291,2
Somalia,2003,80375,27199,42702,15503,5381,2104,2395,5208,3942,3864,3946,4289,4312,2029,197,2842,2366,2047,1895,1916,1948,2067,1879,2031,2258,2284,2028,1387,642,174,23,48083,4499,2
Somalia,2004,83502,28106,44168,16062,5603,2232,2497,5535,4129,4003,4162,4420,4443,2104,204,3015,2520,2151,1978,1988,2015,2181,1981,2082,2338,2351,2092,1436,668,180,24,49771,4729,2
Somalia,2005,85809,28931,45455,16524,5766,2353,2508,5664,4208,4070,4329,4517,4554,2171,211,3078,2586,2192,2016,2021,2049,2238,2091,2129,2388,2409,2145,1479,692,185,26,51221,4861,2
Somalia,2006,88761,29659,46608,16949,5935,2509,2572,6107,4459,4230,4545,4652,4682,2241,219,3313,2794,2334,2125,2107,2123,2307,2238,2210,2442,2483,2199,1524,717,192,27,52543,5081,2
Somalia,2007,91213,30129,47446,17317,6105,2665,2630,6460,4679,4377,4746,4784,4796,2296,224,3493,2967,2456,2223,2185,2192,2371,2375,2303,2481,2559,2237,1562,734,196,28,53551,5295,2
Somalia,2008,91759,30335,47547,17212,6096,2693,2635,6527,4722,4379,4836,4846,4892,2353,233,3520,3007,2487,2235,2186,2193,2380,2456,2365,2481,2622,2270,1598,755,203,30,53643,5328,2
Somalia,2009,90568,30103,46983,16880,6012,2670,2592,6229,4587,4277,4826,4863,4912,2380,237,3342,2887,2418,2169,2132,2145,2344,2482,2402,2461,2637,2275,1614,766,207,30,52995,5262,2
Somalia,2010,98662,31807,50327,18520,6543,2973,3022,7328,5312,4748,5243,5277,5172,2467,246,3894,3434,2839,2473,2384,2364,2544,2699,2657,2620,2780,2392,1672,795,216,30,56870,5995,2
Somalia,2011,97218,31649,49937,18288,6514,2975,3020,6677,5060,4607,5155,5375,5163,2483,250,3489,3188,2694,2366,2307,2300,2498,2657,2741,2634,2761,2402,1678,805,219,31,56451,5995,2
Somalia,2012,90245,29139,44996,15857,5753,2616,3031,6695,5019,4410,4879,5225,4941,2424,249,3467,3228,2701,2318,2224,2186,2369,2510,2683,2542,2609,2332,1629,795,218,31,50749,5647,2
Somalia,2013,89879,28986,44618,15632,5697,2602,3046,6593,4998,4384,4866,5372,4986,2460,256,3416,3177,2686,2312,2212,2172,2362,2504,2765,2607,2603,2383,1647,813,225,31,50315,5648,2
Somalia,2014,91301,28993,44503,15510,5653,2601,3181,7081,5294,4528,4968,5601,5092,2528,267,3714,3367,2853,2441,2293,2235,2415,2553,2884,2717,2643,2449,1688,840,234,33,50156,5782,2
Somalia,2015,91861,29093,44555,15462,5643,2605,3198,7119,5342,4551,5003,5783,5184,2594,278,3821,3298,2869,2473,2304,2247,2433,2570,2932,2851,2691,2493,1731,863,244,34,50198,5803,3
Somalia,2016,94131,29192,44704,15512,5688,2642,3386,7740,5720,4762,5152,6038,5326,2677,292,4287,3453,3078,2642,2421,2341,2510,2642,3002,3036,2784,2542,1789,888,255,37,50392,6028,3
Somalia,2017,94904,29292,44878,15586,5758,2672,3391,7665,5702,4795,5217,6248,5482,2786,305,4338,3327,3050,2652,2434,2361,2539,2678,3050,3198,2895,2587,1866,920,267,38,50636,6063,3
Somalia,2018,94849,29088,44375,15287,5706,2647,3392,7745,5731,4828,5237,6391,5600,2878,318,4398,3347,3056,2675,2456,2372,2551,2686,3069,3322,2988,2612,1932,946,277,41,50081,6039,3
Somalia,2019,94442,28994,44062,15068,5692,2638,3327,7524,5573,4803,5239,6521,5757,2970,330,4240,3284,2945,2628,2447,2356,2552,2687,3088,3433,3104,2653,1992,978,289,41,49754,5965,3
Somalia,2020,101111,28865,43688,14823,5670,2621,3239,7317,5640,5639,6810,8919,7449,3721,398,4072,3245,2868,2772,2806,2833,3223,3587,4235,4684,4167,3282,2470,1251,349,49,49358,5860,3
Somalia,2021,106354,28775,43430,14655,5671,2647,3475,8003,6063,6408,7761,10052,8476,3958,408,4364,3639,3027,3036,3139,3269,3717,4044,4741,5311,4838,3638,2643,1315,358,50,49101,6122,3
South Africa,1950,138988,41469,63912,22443,5552,2872,3220,8811,9640,9484,8483,9626,9680,6180,1477,4273,4538,4728,4912,4846,4638,4410,4073,4489,5137,5192,4488,3740,2440,1157,320,69464,6092,47
South Africa,1951,138347,41324,63275,21951,5540,2830,3211,8829,9714,9617,8592,9615,9602,6031,1442,4280,4549,4751,4963,4911,4706,4480,4112,4497,5118,5206,4396,3649,2382,1131,311,68815,6041,46
South Africa,1952,137272,41069,62458,21389,5523,2788,3182,8781,9692,9690,8697,9585,9535,5881,1410,4259,4522,4727,4965,4940,4750,4539,4158,4499,5086,5215,4320,3559,2322,1107,303,67981,5970,45
South Africa,1953,136779,40547,61335,20788,5485,2755,3148,8777,9840,9995,9029,9656,9553,5776,1390,4243,4534,4777,5063,5080,4915,4718,4311,4557,5099,5248,4305,3496,2280,1091,299,66820,5903,45
South Africa,1954,134798,39437,59405,19968,5347,2723,3066,8540,9772,10234,9476,9677,9523,5637,1358,4119,4421,4715,5057,5157,5077,4950,4526,4598,5079,5229,4294,3412,2225,1066,292,64752,5789,44
South Africa,1955,132707,38244,57356,19112,5124,2684,2999,8340,9716,10442,9902,9749,9507,5513,1331,4015,4325,4660,5056,5224,5218,5160,4742,4674,5075,5205,4302,3337,2176,1044,287,62480,5683,43
South Africa,1956,130942,37194,55382,18188,4911,2648,2944,8149,9665,10667,10375,9904,9526,5416,1309,3915,4234,4607,5058,5298,5369,5383,4992,4807,5097,5197,4329,3283,2133,1026,283,60293,5592,43
South Africa,1957,129088,36259,53547,17288,4720,2612,2901,7946,9549,10795,10780,10066,9519,5324,1284,3815,4131,4527,5022,5323,5472,5564,5216,4960,5106,5174,4345,3235,2089,1006,278,58267,5513,42
South Africa,1958,128173,35439,51969,16530,4573,2602,2897,7827,9526,11023,11284,10338,9542,5279,1268,3752,4075,4491,5035,5397,5626,5792,5492,5188,5150,5174,4368,3225,2054,991,277,56542,5499,42
South Africa,1959,127058,34584,50509,15925,4455,2599,2897,7586,9355,11186,11873,10573,9503,5230,1245,3643,3943,4381,4974,5415,5771,6063,5810,5398,5175,5150,4353,3221,2009,972,273,54964,5496,41
South Africa,1960,127063,34355,49932,15577,4396,2572,2954,7600,9328,11244,12156,10911,9488,5209,1225,3662,3938,4358,4970,5429,5815,6158,5998,5657,5254,5148,4340,3236,1973,955,270,54328,5526,41
South Africa,1961,128165,34852,50409,15557,4415,2554,3054,7793,9345,11164,12153,11279,9523,5220,1213,3781,4012,4376,4969,5407,5757,6098,6055,5897,5382,5179,4344,3268,1952,944,269,54824,5608,41
South Africa,1962,130196,35406,51002,15596,4495,2584,3153,7966,9432,11307,12436,11785,9555,5238,1200,3892,4074,4415,5017,5474,5833,6206,6230,6198,5587,5210,4345,3299,1939,933,267,55497,5737,41
South Africa,1963,132590,36014,51759,15745,4557,2604,3265,8182,9505,11442,12730,12394,9639,5280,1190,4034,4148,4454,5051,5534,5908,6318,6412,6522,5872,5276,4363,3333,1947,925,265,56316,5869,41
South Africa,1964,134950,36694,52690,15996,4590,2633,3347,8399,9555,11527,12947,12988,9741,5314,1178,4177,4222,4488,5067,5571,5956,6394,6553,6800,6188,5361,4380,3349,1965,915,263,57280,5980,41
South Africa,1965,137341,37363,53646,16283,4638,2685,3404,8641,9607,11595,13124,13563,9881,5347,1168,4330,4311,4527,5080,5600,5995,6454,6670,7033,6530,5479,4402,3357,1990,906,262,58284,6089,41
South Africa,1966,140609,38059,54709,16650,4748,2771,3483,8981,9766,11768,13387,14234,10140,5413,1166,4523,4458,4621,5145,5681,6087,6562,6825,7305,6929,5683,4457,3388,2025,905,261,59457,6254,42
South Africa,1967,143772,38773,55709,16936,4826,2837,3543,9335,9949,11952,13645,14868,10439,5459,1165,4706,4629,4726,5223,5764,6188,6672,6973,7554,7314,5931,4508,3404,2055,905,260,60535,6380,42
South Africa,1968,146440,39380,56558,17178,4896,2889,3584,9657,10080,12053,13819,15420,10777,5493,1169,4865,4792,4811,5269,5803,6250,6741,7078,7750,7670,6217,4560,3418,2075,910,259,61454,6473,42
South Africa,1969,148854,39940,57296,17356,4963,2927,3632,9929,10192,12114,13963,15906,11189,5522,1180,4978,4951,4889,5303,5819,6295,6797,7166,7919,7987,6553,4636,3434,2088,923,257,62259,6559,42
South Africa,1970,150617,40308,57681,17373,5001,2941,3686,10110,10293,12143,14067,16288,11634,5542,1190,5020,5090,4963,5330,5820,6323,6837,7230,8045,8243,6898,4736,3449,2093,935,255,62682,6627,42
South Africa,1971,152593,40655,58003,17348,5035,2957,3747,10288,10437,12204,14220,16686,12175,5592,1207,5051,5237,5062,5375,5837,6367,6907,7313,8184,8502,7278,4897,3485,2107,951,256,63038,6704,42
South Africa,1972,155095,40814,58044,17230,5021,2956,3814,10511,10757,12429,14555,17216,12836,5680,1231,5097,5414,5255,5502,5939,6490,7064,7491,8410,8806,7695,5141,3546,2134,972,259,63065,6770,42
South Africa,1973,156390,40859,57884,17025,4987,2946,3900,10776,11015,12451,14633,17452,13361,5704,1241,5183,5593,5434,5581,5958,6493,7094,7539,8491,8961,7999,5362,3571,2133,980,261,62871,6846,42
South Africa,1974,158159,40670,57390,16720,4934,2933,3961,11035,11393,12632,14893,17864,14023,5809,1261,5287,5748,5663,5730,6056,6576,7213,7680,8670,9194,8345,5678,3651,2158,994,267,62324,6894,42
South Africa,1975,159779,40381,56701,16320,4869,2913,3992,11243,11779,12839,15176,18289,14699,5954,1283,5403,5840,5886,5893,6171,6668,7343,7833,8861,9428,8669,6030,3764,2190,1008,275,61570,6905,43
South Africa,1976,160371,39930,55730,15800,4821,2891,3991,11353,12074,12938,15318,18566,15255,6097,1294,5484,5869,6051,6023,6237,6701,7401,7917,8978,9588,8912,6343,3887,2210,1013,281,60551,6882,43
South Africa,1977,160939,39284,54494,15210,4745,2857,3965,11406,12364,13092,15540,18942,15867,6313,1312,5529,5877,6189,6175,6324,6768,7496,8044,9145,9797,9185,6682,4069,2244,1026,286,59239,6822,44
South Africa,1978,161892,38730,53266,14536,4598,2806,3974,11581,12788,13326,15795,19336,16467,6582,1332,5630,5951,6382,6406,6466,6860,7591,8204,9323,10013,9451,7016,4294,2288,1040,292,57864,6780,45
South Africa,1979,163342,38388,52210,13822,4482,2769,3989,11805,13266,13674,16083,19743,17022,6897,1352,5727,6078,6573,6693,6671,7003,7708,8375,9510,10233,9698,7324,4551,2346,1054,298,56692,6758,46
South Africa,1980,164581,37991,51170,13179,4341,2723,3987,11966,13638,14030,16360,20141,17540,7261,1377,5767,6199,6681,6957,6877,7153,7823,8537,9694,10447,9937,7603,4837,2424,1074,303,55511,6710,48
South Africa,1981,164896,36942,49404,12462,4147,2654,3954,12086,14015,14465,16647,20473,17976,7624,1397,5770,6316,6783,7232,7129,7336,7955,8692,9854,10619,10137,7839,5105,2519,1090,307,53551,6608,49
South Africa,1982,163808,36557,48526,11969,3970,2590,3940,11648,13759,14435,16444,20682,18355,7988,1416,5585,6063,6572,7187,7141,7294,7843,8601,9946,10736,10309,8046,5357,2631,1105,311,52496,6530,50
South Africa,1983,163232,36336,47837,11501,3792,2488,3910,11062,13413,14486,16318,21086,18887,8451,1454,5356,5706,6293,7120,7183,7303,7773,8545,10128,10958,10573,8314,5654,2797,1135,319,51629,6398,52
South Africa,1984,162317,36440,47639,11199,3668,2389,3999,10592,12957,14363,15841,21250,19238,8838,1490,5269,5323,5996,6961,7150,7213,7544,8297,10171,11079,10741,8497,5880,2958,1165,325,51307,6388,53
South Africa,1985,161831,36625,47531,10906,3564,2265,4163,10449,12468,14198,15302,21378,19661,9254,1539,5413,5036,5729,6739,7085,7113,7294,8008,10160,11218,10952,8709,6106,3148,1207,332,51095,6428,55
South Africa,1986,161247,37073,47828,10755,3470,2133,4473,10491,11860,13877,14436,21314,20053,9651,1603,5760,4731,5399,6461,6944,6933,6891,7545,10016,11298,11147,8906,6315,3336,1263,340,51298,6606,56
South Africa,1987,164426,37036,47626,10590,3553,2026,4255,10677,11981,14821,15197,21740,20639,10154,1699,5798,4879,5319,6662,7348,7473,7367,7830,10122,11618,11445,9194,6590,3564,1347,352,51179,6281,58
South Africa,1988,167396,35801,46128,10327,3527,1957,4160,11679,12397,15836,16039,22031,21171,10606,1803,6254,5425,5451,6946,7817,8019,7885,8154,10144,11887,11713,9458,6833,3773,1439,364,49655,6117,60
South Africa,1989,170506,34302,44382,10080,3510,1973,3960,12466,12923,17037,17144,22383,21700,11043,1922,6484,5982,5647,7276,8371,8666,8555,8589,10236,12147,11975,9725,7072,3971,1544,378,47892,5933,62
South Africa,1990,175159,32387,42263,9876,3541,2080,3910,14090,14182,18630,18385,22528,22066,11380,2040,7071,7019,6277,7905,9152,9478,9337,9048,10301,12227,12142,9924,7253,4127,1645,395,45804,5990,64
South Africa,1991,182479,31319,40836,9517,3577,2217,3772,15360,15651,20679,20214,23226,22784,11903,2194,7358,8002,7090,8561,10135,10544,10416,9798,10739,12487,12502,10282,7556,4347,1774,420,44413,5989,66
South Africa,1992,184870,30224,39515,9291,3717,2401,3614,15848,16205,21476,21146,23247,23117,12201,2310,7293,8555,7628,8577,10464,11012,10997,10149,10884,12363,12655,10462,7722,4479,1868,442,43232,6015,67
South Africa,1993,189854,29648,38973,9325,3870,2595,3602,16314,17210,22668,22248,23476,23715,12656,2458,7146,9168,8410,8800,10944,11724,11648,10600,11015,12461,12946,10769,7989,4667,1984,474,42843,6197,70
South Africa,1994,193762,29372,38975,9603,4088,2832,3827,16637,17900,22996,22915,23511,24294,13108,2602,7002,9635,9108,8792,10961,12035,11966,10949,10992,12519,13216,11078,8261,4847,2093,509,43063,6659,72
South Africa,1995,198300,29394,39561,10167,4418,3137,4279,17171,19101,23223,23457,23188,24563,13420,2712,6972,10199,10053,9048,10968,12255,12196,11261,10797,12391,13295,11268,8447,4973,2172,540,43979,7416,75
South Africa,1996,204567,28862,39902,11040,4166,2845,4294,18694,24080,24930,24643,22050,23272,12949,2670,6730,11964,13092,10988,11826,13104,12788,11855,10428,11622,12491,10781,8137,4812,2125,545,44068,7139,75
South Africa,1997,209284,27279,38986,11707,4151,2895,4652,19634,27421,25518,25372,21730,22993,13094,2758,6820,12814,15053,12368,12010,13508,13167,12205,10402,11328,12202,10791,8208,4886,2185,573,43137,7547,79
South Africa,1998,219313,26516,38887,12371,4142,2971,5020,20910,32058,26967,27151,22030,22853,13364,2873,7186,13724,17522,14536,12677,14290,14136,13015,10984,11046,11960,10893,8354,5010,2263,610,43029,7991,86
South Africa,1999,230028,26344,39083,12739,4116,3031,5330,22202,37072,28467,28857,22526,22630,13631,2985,7792,14410,19993,17079,13490,14977,15079,13778,11719,10807,11674,10956,8495,5136,2341,644,43199,8361,93
South Africa,2000,241377,23978,36396,12418,3556,2845,5583,26561,46475,30214,30594,21961,21155,13021,2921,9478,17083,25497,20978,14675,15539,15835,14759,11902,10059,10823,10332,8081,4940,2278,643,39952,8428,97
South Africa,2001,255956,24352,37541,13189,3600,2717,5605,27164,52557,33031,32620,22869,21295,13694,3149,9835,17329,27790,24767,16771,16260,17031,15589,12866,10003,10722,10573,8462,5232,2443,706,41141,8322,110
South Africa,2002,277687,26553,39809,13256,3907,2790,6065,29476,60519,36787,35002,24960,20787,14140,3319,10958,18518,29931,30588,19550,17237,18250,16752,14074,10886,10307,10480,8704,5436,2565,754,43716,8855,122
South Africa,2003,300268,27961,41965,14004,4298,2865,6221,31282,67035,42029,37630,27310,21015,14907,3572,11875,19407,32640,34395,23426,18603,19582,18048,15560,11750,10356,10659,9141,5766,2752,820,46263,9086,136
South Africa,2004,307921,28248,42968,14720,4757,2935,6090,31484,69432,45559,38145,28103,19950,14738,3613,12151,19333,32082,37350,26498,19061,19571,18574,15664,12439,9817,10133,8994,5744,2773,840,47725,9025,144
South Africa,2005,312932,29375,43205,13830,4748,2874,6182,31796,68198,49093,38663,29636,19694,14927,3757,12356,19440,30287,37911,29350,19743,19462,19201,16664,12972,9780,9914,9051,5876,2875,882,47953,9056,156
South Africa,2006,319341,29832,42753,12921,4099,3120,6181,32962,65506,52673,39730,31795,20531,15739,4072,12751,20211,28200,37306,31725,20948,19761,19969,17289,14506,10401,10130,9462,6277,3108,964,46852,9301,174
South Africa,2007,319476,29503,41920,12417,3830,2843,6057,33358,61922,54889,40029,33203,20990,15990,4255,13071,20287,26817,35105,33120,21769,19691,20338,18137,15066,10946,10044,9510,6480,3238,1017,45750,8900,187
South Africa,2008,315912,29300,42101,12801,3554,2714,5813,33063,58091,55949,38932,33720,21394,15994,4387,12896,20167,24915,33176,32966,22983,18787,20145,18030,15690,11530,9864,9399,6595,3331,1056,45655,8527,198
South Africa,2009,305435,25344,36102,10758,3025,2833,5398,31253,52343,56178,38586,35578,22748,16504,4669,12073,19180,22859,29484,32286,23892,18580,20006,19138,16440,12650,10098,9582,6922,3536,1133,39127,8231,215
South Africa,2010,291917,21829,33015,11186,3224,2792,5346,29646,45904,53963,37163,36548,23126,16225,4742,11543,18103,21170,24734,29647,24316,17956,19207,19458,17090,13162,9964,9316,6909,3583,1159,36239,8138,223
South Africa,2011,277826,17745,26009,8264,2797,2393,4933,27199,41252,50648,36760,37988,24659,17333,5581,10515,16684,19895,21357,26394,24254,18268,18492,20256,17732,14460,10199,9752,7581,4182,1399,28806,7326,272
South Africa,2012,267276,17733,26819,9086,3119,2476,4764,26601,37437,47156,35662,37151,24701,16076,5073,10018,16583,18685,18752,23375,23781,17799,17863,19385,17766,14247,10454,9052,7024,3833,1240,29938,7240,238
South Africa,2013,265490,19157,27495,8338,2261,2025,4756,25719,35051,45598,36713,38223,26533,15814,5064,9829,15890,18037,17014,21459,24139,19179,17534,19982,18241,15270,11263,8891,6923,3836,1228,29756,6781,235
South Africa,2014,261365,19091,27282,8191,2167,1887,4519,24569,33659,43090,37206,39560,27404,15061,4745,9533,15036,17690,15969,19340,23750,20039,17167,20015,19545,15499,11905,8573,6488,3601,1144,29449,6406,220
South Africa,2015,259860,17866,25091,7225,2074,1804,4387,25171,33389,40742,38939,39895,28989,14657,4509,9659,15512,17295,16094,17731,23011,21422,17517,19999,19896,16872,12117,8525,6132,3416,1093,27165,6191,213
South Africa,2016,260851,16550,22986,6436,1955,1842,4317,25454,34778,39072,40535,39879,30792,14484,4524,9735,15719,18138,16640,16506,22566,22445,18090,19322,20557,17347,13445,8488,5996,3395,1129,24941,6159,227
South Africa,2017,254868,14815,20508,5693,1818,1802,4108,23788,34397,35513,41394,39743,31915,14912,4712,9130,14658,17866,16531,15057,20456,23019,18375,19066,20677,18156,13759,8952,5960,3475,1237,22326,5910,262
South Africa,2018,256610,16831,22648,5817,1852,1884,4030,22450,34042,34132,43021,39577,32346,15340,4977,8469,13981,17564,16478,14388,19744,23276,19745,18722,20855,18020,14326,9371,5969,3594,1383,24500,5914,313
South Africa,2019,253398,17761,23441,5680,1811,1850,4032,21720,33264,31192,42860,38281,33511,15972,5115,8299,13421,17015,16249,13640,17552,22773,20087,18066,20215,18880,14631,9966,6006,3639,1476,25252,5882,354
South Africa,2020,275417,13861,18730,4869,1654,1745,3652,19648,33486,32225,49728,45911,42119,19726,6322,7271,12377,16418,17068,14543,17682,24753,24975,21525,24386,22954,19165,12347,7379,4440,1882,20384,5397,474
South Africa,2021,333602,17285,22794,5509,1795,1980,4235,22644,38707,37450,61637,55012,53205,25599,7924,8242,14402,18759,19948,17731,19719,29412,32225,26542,28470,29233,23972,16133,9466,5530,2394,24589,6215,619
South Korea,1950,699023,101431,164655,63224,22320,10134,37372,146157,107959,77547,58076,42133,21047,10605,970,70120,76037,58804,49155,45045,32502,30580,27496,24204,17929,13772,7275,7955,2650,707,263,186975,47506,46
South Korea,1951,520496,85737,133397,47660,17875,8954,29038,97563,74449,57105,43821,33601,16790,7198,664,47570,49993,40570,33879,32444,24661,22697,21124,18981,14620,10990,5800,5085,2113,487,177,151272,37992,39
South Korea,1952,304118,76160,112623,36463,14251,7100,14036,33449,28150,27745,25461,23057,12809,4907,496,16967,16482,14802,13348,14564,13181,12519,12942,12376,10681,8066,4743,3128,1779,352,144,126874,21136,39
South Korea,1953,249049,69180,98478,29298,14467,6171,11202,20798,18699,21509,21057,20449,11857,3874,443,11054,9744,9592,9107,10575,10934,9958,11099,10587,9862,7199,4658,2246,1628,310,133,112945,17373,41
South Korea,1954,199215,63525,88132,24607,13288,5300,7740,8851,9644,15635,17345,18292,11247,3263,438,4985,3866,4457,5187,7056,8579,7933,9412,9171,9121,6665,4582,1838,1425,310,128,101420,13040,42
South Korea,1955,188022,58921,80566,21645,11289,4841,7791,8894,9308,15330,16986,18111,11423,2997,447,5191,3703,4284,5024,6744,8586,7768,9218,8981,9130,6739,4684,1773,1224,323,124,91855,12632,42
South Korea,1956,180958,55440,75066,19626,10109,4576,7749,9161,9060,15072,16887,18111,11778,2889,455,5516,3645,4112,4948,6531,8541,7883,9004,8976,9135,6982,4796,1867,1022,336,119,85175,12325,41
South Korea,1957,177223,53150,71421,18271,9613,4413,7597,9625,8864,14800,16987,18256,12289,2884,442,5963,3662,3917,4947,6386,8414,8259,8728,9147,9109,7387,4902,2059,825,342,100,81034,12010,36
South Korea,1958,179975,51122,68320,17198,9878,4564,7610,10695,9122,15248,18072,19382,13511,3103,439,6756,3939,3904,5218,6613,8635,9183,8889,9848,9534,8236,5275,2395,708,348,91,78198,12174,33
South Korea,1959,178081,49331,65821,16490,9509,4738,7149,11221,8951,14995,18376,19569,14114,3224,394,7101,4120,3748,5203,6558,8437,9612,8764,10018,9551,8630,5484,2591,633,313,81,75330,11887,28
South Korea,1960,176415,47643,63474,15831,9135,4824,6727,11617,8805,14822,18746,19771,14747,3391,334,7252,4365,3667,5138,6524,8298,9899,8847,10111,9660,8945,5802,2762,629,262,72,72609,11551,23
South Korea,1961,175675,46078,61392,15314,9229,4802,6421,11984,8677,14739,19218,19959,15380,3587,265,7296,4688,3654,5023,6543,8196,10046,9172,10087,9872,9170,6210,2925,662,207,58,70621,11223,18
South Korea,1962,174076,44336,59079,14743,8976,4765,6127,12111,8677,14779,19533,19873,15980,3969,197,7022,5089,3790,4887,6634,8145,9944,9589,9861,10012,9236,6744,3191,778,156,41,68055,10892,12
South Korea,1963,175627,41852,55910,14058,9033,4916,6256,12402,9041,15387,20513,20459,16994,4547,157,6812,5590,4127,4914,6977,8410,10165,10348,9970,10489,9512,7482,3561,986,126,31,64943,11172,7
South Korea,1964,169899,39378,52574,13196,8796,4678,6241,11709,8962,15041,20190,19801,16809,4943,151,6159,5550,4240,4722,6870,8171,9764,10426,9574,10227,9156,7653,3752,1191,124,27,61370,10919,4
South Korea,1965,164258,36500,48686,12186,8452,4550,6280,11036,9079,14757,19927,19372,16536,5398,187,5672,5364,4398,4681,6732,8025,9476,10451,9381,9991,8851,7685,3969,1429,164,23,57138,10830,2
South Korea,1966,157275,33720,44653,10933,8100,4426,6208,10222,9128,14258,19352,18902,15933,5803,288,5220,5002,4480,4648,6432,7826,9146,10206,9147,9755,8387,7546,4150,1653,266,22,52753,10634,1
South Korea,1967,146895,31224,41002,9778,7186,4083,5889,9369,8704,13190,18269,18043,15256,5629,280,4789,4580,4311,4393,5835,7355,8509,9760,8764,9279,8025,7231,4129,1500,274,6,48188,9972,1
South Korea,1968,148493,28585,37307,8722,6931,4226,6098,9707,9277,13698,19173,19232,16326,6207,311,5056,4651,4617,4660,5904,7794,8826,10347,9602,9630,8731,7595,4648,1559,308,3,44238,10324,1
South Korea,1969,148019,27093,34929,7836,6512,4276,5987,9872,9552,13843,19299,20005,16805,6614,326,5322,4550,4744,4808,5862,7981,8870,10429,10346,9659,9132,7673,4998,1616,320,6,41441,10263,0
South Korea,1970,149818,25595,32553,6958,5990,4312,6109,10209,10007,14229,19878,21295,17739,7160,338,5689,4520,4891,5116,6033,8196,9176,10702,11246,10049,9745,7994,5390,1770,330,8,38543,10421,0
South Korea,1971,148480,23803,30127,6324,5747,4209,6147,10168,10162,14098,19931,21855,18190,7513,336,5798,4370,4848,5314,6060,8038,9238,10693,11601,10254,10119,8071,5601,1912,327,9,35874,10356,0
South Korea,1972,148775,22293,28244,5951,5238,4147,6161,10256,10510,14309,20214,22427,18840,8051,381,5923,4333,4878,5632,6300,8009,9482,10732,11746,10681,10399,8441,5874,2177,367,14,33482,10308,0
South Korea,1973,148391,20763,26282,5519,4942,3998,6106,10290,10690,14466,20562,22851,19296,8458,451,5901,4389,4800,5890,6534,7932,9788,10774,11691,11160,10436,8860,6000,2458,429,22,31224,10104,0
South Korea,1974,148451,19382,24581,5199,4618,3834,6073,10430,10773,14808,21026,23130,19775,8835,569,5812,4618,4663,6110,6830,7978,10130,10896,11533,11597,10569,9206,6130,2705,535,34,29199,9907,0
South Korea,1975,148478,17916,22769,4853,4451,3644,5963,10683,10708,15366,21437,23190,20318,9206,742,5830,4853,4489,6219,7244,8122,10283,11154,11462,11728,10833,9485,6316,2890,686,56,27220,9607,0
South Korea,1976,148722,16670,21123,4453,4363,3451,5935,10858,10594,16000,21739,23461,20774,9517,900,5854,5004,4320,6274,7687,8313,10298,11441,11716,11745,11086,9688,6517,3000,819,81,25486,9386,1
South Korea,1977,156399,15883,19953,4070,4244,3455,6262,11576,11175,17538,23119,25805,22158,10186,922,6157,5419,4543,6632,8477,9061,10792,12327,12962,12843,11806,10352,7004,3182,841,81,24197,9717,1
South Korea,1978,155119,14690,18354,3664,4001,3240,6026,11536,11105,18019,23195,26454,22121,10179,884,6122,5414,4647,6458,8704,9315,10573,12622,13217,13237,11880,10241,7017,3162,805,79,22355,9266,2
South Korea,1979,147228,14400,17733,3333,3527,2911,5363,10846,10506,17485,22123,25462,20974,9494,799,5824,5022,4652,5854,8386,9099,9893,12230,12589,12873,11541,9433,6539,2955,725,74,21260,8274,2
South Korea,1980,158979,14005,17034,3029,3467,3057,5509,11820,11558,19694,24406,28442,23150,10040,800,6336,5484,5409,6149,9238,10456,10895,13511,13926,14516,13123,10027,6895,3145,732,68,20501,8566,2
South Korea,1981,141927,13854,16629,2775,2817,2565,4582,10264,10112,17746,21488,25571,20817,8663,669,5437,4827,4914,5198,8111,9635,9712,11776,12374,13197,12039,8778,5935,2728,623,46,19446,7147,1
South Korea,1982,146957,12826,15400,2574,2525,2540,4565,10492,10510,18755,22463,27146,22665,9160,729,5472,5020,5208,5302,8439,10316,10395,12068,13104,14042,13054,9611,6282,2878,681,48,17925,7105,2
South Korea,1983,154494,11258,13616,2358,2491,2549,4581,10911,11245,19954,23969,29351,25207,9809,808,5563,5348,5506,5739,8755,11199,11360,12609,14302,15049,14305,10902,6709,3100,751,57,16107,7130,2
South Korea,1984,144423,9717,11857,2140,2042,2214,4051,9964,10708,18448,22634,27812,24556,9343,789,4953,5011,5013,5695,7809,10639,10908,11726,13705,14107,13586,10970,6411,2932,724,65,13899,6265,2
South Korea,1985,147673,8361,10221,1860,2033,2091,3958,9873,11365,18619,23845,28825,26018,9987,840,4853,5020,5134,6231,7659,10960,11677,12168,14129,14696,14161,11857,6935,3052,762,78,12254,6049,2
South Korea,1986,146810,7413,8991,1578,1883,1889,3785,9381,11564,18194,24315,28686,26640,10605,872,4557,4824,5161,6403,7315,10879,12097,12218,13899,14787,14469,12171,7496,3109,792,80,10874,5674,2
South Korea,1987,149414,6679,8063,1384,1789,1752,3742,9136,11824,18322,25325,29274,27971,11284,930,4336,4800,5232,6592,7300,11022,12680,12645,14082,15192,15113,12858,8046,3238,853,77,9852,5494,4
South Korea,1988,146445,6099,7253,1154,1708,1525,3441,8518,11486,17749,25363,28885,27980,11553,974,3988,4530,5090,6396,7246,10503,12669,12694,13649,15236,14909,13071,8237,3316,896,78,8961,4966,5
South Korea,1989,146976,5648,6669,1021,1473,1408,3162,8168,11326,17728,26002,29305,28386,12271,1074,3851,4317,5090,6236,7672,10056,12881,13121,13597,15708,15005,13381,8725,3546,978,96,8142,4570,4
South Korea,1990,137879,5360,6281,921,1335,1222,2666,7217,10380,16431,24667,27450,26881,12195,1149,3465,3752,4620,5760,7529,8902,11944,12723,12672,14778,14142,12739,8574,3621,1026,123,7616,3888,3
South Korea,1991,138766,5090,5922,832,1102,1170,2421,6797,10316,16316,25194,27553,27637,13008,1322,3320,3477,4497,5819,7764,8552,11909,13285,12806,14747,14400,13237,9021,3987,1152,170,7024,3591,2
South Korea,1992,138069,4735,5480,745,928,1102,2186,6267,9994,16040,25293,27572,28211,13639,1349,3051,3216,4301,5693,7794,8246,11790,13503,13046,14526,14610,13601,9424,4215,1176,173,6408,3288,5
South Korea,1993,138140,4328,5017,689,822,1026,1983,5829,9697,16018,25234,27815,28882,14377,1433,2805,3024,4086,5611,7687,8331,11479,13755,13453,14362,15076,13806,9887,4490,1258,175,5839,3009,8
South Korea,1994,139596,3964,4606,642,737,940,1820,5487,9464,16350,25131,28423,29827,15204,1598,2599,2888,3863,5601,7482,8868,11024,14107,13988,14435,15760,14067,10348,4856,1407,191,5343,2760,9
South Korea,1995,140505,3597,4203,606,673,839,1672,5145,9053,16787,24679,29253,30460,15913,1818,2419,2726,3606,5447,7410,9377,10499,14180,14612,14641,16054,14406,10720,5193,1591,227,4876,2511,8
South Korea,1996,141451,3217,3783,566,614,724,1583,4793,8650,17117,24270,30212,30921,16725,2051,2231,2562,3363,5287,7448,9669,10073,14197,15283,14929,16082,14839,11172,5553,1764,287,4397,2307,5
South Korea,1997,137833,2889,3403,514,581,605,1490,4268,7969,16555,23208,30264,30461,16959,2056,1925,2343,3027,4942,7119,9436,9525,13683,15321,14943,15603,14858,11242,5717,1771,285,3984,2095,11
South Korea,1998,136679,2629,3133,504,569,535,1414,3896,7446,16086,22661,30822,30639,17312,2152,1710,2186,2786,4660,6932,9154,9528,13133,15531,15291,15371,15268,11368,5944,1858,294,3702,1949,17
South Korea,1999,134617,2348,2781,433,537,460,1269,3519,6837,15345,22100,31071,30841,17524,2315,1540,1979,2555,4282,6717,8628,9836,12264,15513,15558,15216,15625,11430,6094,1993,322,3318,1729,19
South Korea,2000,134199,2130,2524,394,486,423,1113,3242,6338,14854,21792,31542,31260,18034,2572,1454,1788,2397,3941,6454,8400,10236,11556,15373,16169,15415,15845,11736,6298,2185,387,3010,1536,16
South Korea,2001,130408,1855,2222,367,452,384,915,2913,5710,14109,20750,31104,30730,18312,2793,1369,1544,2187,3523,6015,8094,10097,10653,14754,16350,15257,15473,11838,6474,2328,465,2674,1299,14
South Korea,2002,131235,1600,1946,346,423,372,793,2676,5322,13774,20518,31614,31532,19268,2965,1289,1387,2054,3268,5801,7973,10165,10353,14705,16909,15820,15712,12406,6862,2490,475,2369,1165,29
South Korea,2003,137048,1448,1754,306,388,366,723,2532,5137,13894,21254,32951,33638,21041,3320,1225,1307,1990,3147,5736,8158,10370,10884,14923,18028,17114,16524,13677,7364,2818,502,2142,1089,43
South Korea,2004,138096,1295,1563,268,341,343,641,2313,4782,13466,21465,32665,34742,22077,3648,1103,1210,1833,2949,5385,8081,9971,11494,14275,18390,17875,16867,14513,7564,3095,553,1904,984,47
South Korea,2005,137225,1148,1384,236,308,314,577,2081,4393,12668,21581,31586,35714,22601,3973,969,1112,1649,2744,4938,7730,9649,11932,13405,18181,18580,17134,14813,7788,3304,669,1692,891,38
South Korea,2006,137244,1072,1281,209,283,288,531,1884,4043,11960,21666,30684,36959,23363,4277,839,1045,1477,2566,4539,7421,9541,12125,12693,17991,19393,17566,15027,8336,3412,865,1564,819,26
South Korea,2007,138177,1033,1221,188,247,262,503,1712,3727,11356,21575,30291,38371,24448,4414,723,989,1326,2401,4225,7131,9386,12189,12400,17891,20010,18361,15262,9186,3488,926,1468,765,51
South Korea,2008,139139,948,1122,174,218,238,480,1553,3435,10710,21277,30029,39813,25446,4747,637,916,1207,2228,3958,6752,9246,12031,12627,17402,20520,19293,15549,9897,3785,962,1340,718,76
South Korea,2009,138971,885,1051,166,190,213,449,1381,3126,9963,20562,29646,40850,26180,5266,559,822,1103,2023,3694,6269,9024,11538,13147,16499,20758,20092,15919,10261,4231,1035,1241,662,88
South Korea,2010,143962,877,1040,163,171,197,430,1285,2949,9592,20576,30368,43235,27857,6176,528,757,1048,1901,3567,6025,9025,11551,14093,16275,21544,21691,17113,10744,4918,1258,1211,627,83
South Korea,2011,144744,858,1023,165,155,176,398,1160,2712,8969,20026,30197,43994,28927,6928,491,669,973,1739,3324,5645,8700,11326,14406,15791,21450,22544,17976,10951,5363,1565,1178,574,80
South Korea,2012,150292,822,982,160,139,159,374,1090,2595,8737,20434,31289,45956,31248,7177,479,611,950,1645,3215,5522,8735,11699,15179,16110,21949,24007,19476,11772,5538,1639,1121,533,116
South Korea,2013,149890,763,918,155,132,137,335,986,2376,8162,19937,31078,46044,32444,7183,449,537,891,1485,2992,5170,8368,11569,15018,16060,21573,24471,20208,12236,5558,1625,1050,472,157
South Korea,2014,150561,725,879,154,125,121,298,901,2182,7670,19514,31266,46107,33964,7344,423,478,826,1356,2781,4889,8009,11505,14500,16766,21106,25001,21049,12915,5711,1633,1004,419,194
South Korea,2015,154570,694,844,150,121,107,273,844,2047,7344,19286,32505,46774,36446,7755,397,447,766,1281,2618,4726,7714,11572,14483,18022,20922,25852,22435,14011,6065,1690,965,380,226
South Korea,2016,156804,637,781,144,112,93,245,785,1899,6900,18675,33542,46717,38632,8171,366,419,673,1226,2389,4511,7212,11463,14696,18846,20318,26399,23599,15033,6425,1746,893,338,248
South Korea,2017,158653,565,702,137,108,84,219,732,1755,6392,17876,33931,46939,40932,8713,334,398,582,1173,2148,4244,6709,11167,14676,19255,19595,27344,24807,16125,6881,1832,810,303,267
South Korea,2018,165986,500,628,128,108,81,201,707,1676,6096,17671,34870,49173,44806,9673,314,393,531,1145,2009,4087,6553,11118,15079,19791,20417,28756,26983,17823,7670,2003,736,282,292
South Korea,2019,168602,450,571,121,102,77,179,661,1535,5623,16915,34351,50240,47548,10491,286,375,479,1056,1848,3775,6290,10625,15104,19247,21833,28407,28477,19071,8348,2143,673,256,309
South Korea,2020,174204,416,526,110,80,104,297,1566,2926,7648,19038,29534,44445,54040,13623,637,929,1115,1811,2657,4991,7760,11278,14403,15131,17965,26480,29892,24148,10887,2736,606,401,378
South Korea,2021,180423,389,487,98,72,96,256,1468,2710,7169,18137,31157,45198,58329,14973,580,888,1069,1641,2567,4602,7561,10576,14536,16621,19144,26054,31292,27037,12085,2888,559,352,376
South Sudan,1950,46244,14949,24873,9924,2847,1186,1127,2661,2237,2202,2336,2849,2838,984,103,1393,1268,1139,1098,1110,1092,1091,1245,1370,1479,1564,1274,661,323,87,16,27720,2313,2
South Sudan,1951,45614,14757,24292,9535,2883,1199,1138,2687,2265,2224,2321,2817,2772,934,84,1404,1283,1155,1110,1121,1103,1090,1231,1359,1458,1526,1246,658,276,73,11,27175,2337,1
South Sudan,1952,45388,14829,23947,9118,2921,1224,1157,2732,2307,2261,2321,2811,2726,905,72,1425,1307,1179,1128,1139,1122,1103,1218,1361,1450,1500,1226,667,238,63,9,26868,2381,1
South Sudan,1953,45105,14922,23785,8863,2897,1234,1163,2745,2325,2275,2302,2779,2654,883,62,1432,1313,1190,1135,1147,1128,1109,1193,1351,1428,1461,1193,670,213,55,7,26682,2397,1
South Sudan,1954,45100,15019,23810,8791,2854,1252,1176,2771,2354,2297,2299,2759,2601,869,55,1445,1326,1205,1149,1157,1140,1121,1178,1343,1416,1436,1165,668,201,49,6,26664,2428,1
South Sudan,1955,45583,15275,24218,8943,2802,1278,1197,2810,2396,2334,2315,2749,2568,864,46,1465,1345,1227,1169,1176,1158,1139,1176,1337,1412,1422,1146,664,200,41,5,27020,2475,0
South Sudan,1956,47477,15563,24803,9240,2856,1397,1335,3150,2656,2513,2441,2821,2593,870,41,1642,1508,1365,1291,1271,1242,1211,1230,1371,1450,1445,1148,665,205,37,4,27659,2732,0
South Sudan,1957,49628,15851,25421,9570,2992,1598,1533,3525,2972,2711,2554,2845,2577,864,36,1833,1692,1529,1443,1383,1328,1277,1277,1379,1466,1443,1134,656,208,32,4,28413,3131,0
South Sudan,1958,57033,16254,26585,10331,3673,2365,2282,4952,4156,3432,2977,3041,2663,871,31,2557,2395,2148,2008,1791,1641,1519,1458,1480,1561,1503,1160,658,213,28,3,30258,4647,0
South Sudan,1959,57238,16437,26896,10459,3687,2329,2297,4953,4158,3439,2988,2997,2613,853,30,2562,2391,2146,2012,1794,1645,1523,1465,1455,1542,1482,1131,641,212,28,2,30583,4626,0
South Sudan,1960,57234,16613,27168,10555,3709,2256,2298,4926,4130,3422,2978,2939,2552,823,30,2553,2373,2128,2002,1786,1636,1518,1460,1429,1510,1451,1101,616,207,28,2,30877,4554,0
South Sudan,1961,57535,16790,27456,10666,3784,2193,2317,4939,4135,3439,2996,2914,2524,808,32,2567,2372,2127,2008,1795,1644,1527,1469,1425,1489,1440,1084,603,205,30,2,31240,4510,0
South Sudan,1962,57668,16990,27785,10795,3823,2129,2313,4926,4108,3427,2990,2865,2484,785,31,2565,2361,2111,1997,1790,1637,1523,1467,1416,1449,1422,1062,586,199,29,2,31608,4442,0
South Sudan,1963,61786,17964,29477,11513,3444,1493,2302,6300,4594,3827,3461,3302,2742,813,32,3353,2947,2419,2175,1983,1844,1744,1717,1659,1643,1590,1152,610,203,31,1,32921,3795,0
South Sudan,1964,51819,17266,27607,10341,3060,1260,1552,3944,3106,2832,2690,2673,2331,731,31,2095,1849,1605,1501,1449,1383,1342,1348,1341,1332,1338,993,545,186,30,1,30667,2812,0
South Sudan,1965,62385,18400,30151,11751,3553,1518,2236,6323,4575,3844,3473,3249,2655,779,31,3380,2943,2405,2170,1995,1849,1750,1723,1664,1585,1537,1118,586,193,30,1,33704,3754,0
South Sudan,1966,73083,19459,32620,13161,4092,1817,2911,8789,6088,4893,4273,3823,2933,814,32,4719,4070,3230,2858,2558,2335,2169,2104,1988,1835,1709,1224,616,198,30,2,36712,4728,0
South Sudan,1967,72487,19549,32719,13170,4109,1840,2813,8657,5978,4829,4206,3738,2789,773,32,4655,4002,3171,2807,2524,2305,2136,2070,1952,1786,1621,1168,586,187,30,2,36828,4653,0
South Sudan,1968,71950,19658,32863,13205,4112,1859,2742,8511,5871,4764,4143,3667,2656,733,29,4570,3941,3116,2755,2486,2278,2107,2036,1920,1747,1537,1119,556,177,28,1,36975,4601,0
South Sudan,1969,74737,20011,33661,13650,4294,1972,2928,9090,6238,5030,4341,3793,2644,718,28,4854,4236,3319,2919,2625,2405,2213,2128,1992,1801,1533,1111,546,172,27,1,37955,4900,0
South Sudan,1970,74180,20066,33764,13698,4298,1990,2940,8863,6125,4955,4279,3722,2531,685,27,4684,4179,3259,2866,2580,2375,2184,2095,1957,1765,1473,1058,521,164,26,1,38062,4930,0
South Sudan,1971,59139,18724,30548,11824,3586,1603,1971,5349,3956,3453,3139,2875,2042,594,23,2783,2566,2078,1878,1772,1681,1588,1551,1493,1382,1181,861,447,147,22,1,34134,3574,0
South Sudan,1972,59396,18886,30842,11956,3598,1613,2008,5298,3938,3441,3141,2882,2024,590,23,2730,2568,2071,1867,1761,1680,1590,1551,1495,1387,1181,843,444,146,22,1,34440,3621,0
South Sudan,1973,49210,18038,28861,10823,3159,1354,1269,2786,2373,2382,2369,2341,1747,547,23,1423,1363,1209,1164,1191,1191,1183,1186,1193,1148,1016,731,409,138,22,1,32020,2623,0
South Sudan,1974,49927,18230,29282,11052,3203,1366,1298,2817,2401,2401,2405,2389,1787,557,23,1448,1369,1227,1174,1199,1202,1200,1205,1216,1173,1045,742,417,140,22,1,32485,2664,0
South Sudan,1975,50704,18351,29588,11237,3287,1388,1333,2871,2449,2437,2458,2453,1841,571,23,1502,1369,1256,1193,1217,1220,1227,1231,1246,1207,1080,761,426,145,22,1,32875,2721,0
South Sudan,1976,51480,18460,29936,11476,3370,1402,1361,2924,2493,2468,2503,2515,1896,584,24,1560,1364,1284,1209,1231,1237,1249,1254,1276,1239,1113,783,435,149,23,1,33306,2763,0
South Sudan,1977,51885,18537,30105,11568,3425,1404,1372,2952,2510,2471,2525,2551,1941,595,27,1598,1354,1296,1214,1233,1238,1256,1269,1292,1259,1138,803,441,154,26,1,33530,2776,0
South Sudan,1978,52655,18637,30297,11660,3536,1439,1403,3035,2565,2511,2592,2622,2010,611,28,1656,1379,1325,1240,1255,1256,1287,1305,1327,1295,1176,834,451,160,26,2,33833,2842,0
South Sudan,1979,53217,18706,30425,11719,3614,1463,1424,3109,2596,2544,2636,2681,2072,625,29,1699,1410,1334,1262,1271,1273,1306,1330,1356,1325,1208,864,460,165,27,2,34039,2887,0
South Sudan,1980,53566,18772,30544,11772,3643,1477,1429,3166,2597,2549,2654,2716,2119,639,30,1722,1444,1320,1277,1274,1275,1311,1343,1371,1345,1233,886,471,168,28,2,34187,2906,0
South Sudan,1981,54088,18834,30647,11813,3696,1514,1445,3253,2612,2580,2693,2776,2182,661,32,1756,1497,1311,1301,1291,1289,1327,1366,1400,1376,1266,916,488,173,30,2,34343,2959,0
South Sudan,1982,54855,18956,30859,11903,3768,1562,1473,3350,2653,2627,2747,2851,2253,679,32,1795,1555,1320,1333,1316,1311,1350,1397,1436,1415,1302,951,509,170,30,2,34627,3035,0
South Sudan,1983,64861,19990,32867,12877,4815,2541,2375,5150,3971,3466,3272,3188,2456,730,34,2717,2433,1990,1981,1787,1679,1638,1634,1625,1563,1421,1035,547,183,32,2,37682,4916,0
South Sudan,1984,74389,21154,35001,13847,5810,3504,3226,6778,5175,4236,3739,3482,2628,771,37,3540,3238,2623,2552,2225,2011,1896,1843,1790,1692,1522,1106,580,191,35,2,40811,6730,0
South Sudan,1985,75547,21985,36108,14123,5795,3520,3239,6772,5156,4231,3731,3509,2658,788,37,3524,3248,2660,2496,2228,2003,1891,1840,1801,1708,1538,1120,591,197,35,2,41903,6759,0
South Sudan,1986,76382,22508,36971,14463,5761,3526,3265,6750,5135,4220,3712,3519,2681,801,38,3502,3248,2703,2432,2229,1991,1880,1832,1804,1715,1549,1132,600,201,36,2,42732,6791,0
South Sudan,1987,125652,24228,44462,20234,11424,9056,8344,16009,12083,8583,6277,4988,3441,944,42,8219,7790,6503,5580,4716,3867,3319,2958,2643,2345,2013,1428,714,230,40,2,55886,17400,0
South Sudan,1988,182605,59267,109801,50534,14861,7377,4408,8148,7060,7588,8042,8191,5745,1333,52,4250,3898,3655,3405,3759,3829,3957,4085,4187,4004,3422,2323,1031,302,49,3,124662,11785,0
South Sudan,1989,86004,21092,35290,14198,7394,5185,4948,9459,7213,5345,4231,3663,2526,713,36,4899,4560,3912,3301,2869,2476,2198,2033,1912,1751,1499,1027,532,181,34,2,42684,10133,0
South Sudan,1990,85900,21779,35913,14134,7373,5082,4897,9303,7148,5190,4137,3606,2511,706,36,4842,4461,3857,3291,2754,2436,2151,1986,1876,1730,1488,1023,526,180,34,2,43286,9979,0
South Sudan,1991,87656,21761,36739,14978,7514,5146,5002,9531,7358,5207,4171,3648,2570,725,46,4992,4539,3943,3415,2731,2476,2170,2001,1891,1757,1519,1051,537,188,39,7,44253,10148,1
South Sudan,1992,122611,22878,42318,19440,11490,8921,8660,16217,12454,8066,5890,4623,3090,820,57,8512,7705,6655,5799,4278,3788,3142,2748,2442,2181,1837,1253,610,210,46,11,53808,17581,3
South Sudan,1993,124124,22579,42857,20278,11498,9070,8780,16573,12661,8107,5925,4641,3120,825,63,8745,7828,6736,5925,4301,3806,3166,2759,2447,2194,1854,1266,612,213,49,14,54355,17850,4
South Sudan,1994,55216,19918,32123,12205,3554,1508,1511,3379,2623,2361,2499,2730,2187,677,61,1833,1546,1367,1256,1158,1203,1234,1265,1350,1380,1273,914,491,186,45,16,35677,3019,4
South Sudan,1995,92131,21124,37617,16493,8092,5586,5283,10490,7976,5371,4312,3755,2774,797,69,5557,4933,4200,3776,2871,2500,2266,2046,1928,1827,1625,1149,585,212,52,17,45709,10869,5
South Sudan,1996,92756,20983,37400,16417,8446,5652,5270,10619,8037,5413,4361,3804,2846,825,75,5595,5024,4222,3815,2948,2465,2296,2065,1950,1854,1663,1183,606,219,56,19,45846,10922,6
South Sudan,1997,91324,20625,36560,15935,8633,5501,5132,10477,7890,5314,4288,3748,2855,843,79,5481,4996,4142,3748,2934,2380,2260,2028,1916,1832,1659,1196,619,224,60,19,45193,10633,7
South Sudan,1998,167667,34459,67529,33070,17635,10845,9419,18814,14373,9600,7509,6212,4441,1161,117,9715,9099,7544,6829,5344,4256,3983,3526,3226,2986,2613,1828,866,295,83,34,85164,20264,11
South Sudan,1999,61639,18405,29735,11330,5331,2454,2376,5285,4014,3138,2935,2973,2446,811,123,2749,2536,2108,1906,1690,1448,1482,1453,1481,1492,1405,1041,580,231,81,42,35066,4830,14
South Sudan,2000,57662,18285,28827,10542,4762,2048,1975,4530,3482,2866,2752,2909,2478,865,147,2346,2184,1833,1649,1521,1345,1364,1388,1438,1471,1408,1070,611,254,94,53,33589,4023,19
South Sudan,2001,57822,17981,28337,10356,4745,2111,1999,4621,3602,2960,2784,2967,2575,931,170,2375,2246,1908,1694,1563,1397,1363,1421,1466,1501,1450,1125,652,279,108,62,33082,4110,23
South Sudan,2002,58298,17610,27786,10176,4787,2231,2025,4753,3779,3094,2859,3064,2696,1008,189,2426,2327,2013,1766,1627,1467,1388,1471,1513,1551,1506,1190,702,306,120,69,32573,4256,26
South Sudan,2003,53586,16835,26263,9428,4160,1805,1594,3966,3230,2809,2711,3020,2728,1066,207,2028,1938,1720,1510,1450,1359,1304,1407,1483,1537,1511,1217,737,329,131,76,30423,3399,28
South Sudan,2004,53464,16173,25333,9160,4139,1837,1627,4107,3388,2915,2780,3107,2831,1144,227,2101,2006,1809,1579,1503,1412,1349,1431,1527,1580,1556,1275,787,357,145,82,29472,3464,31
South Sudan,2005,53467,15426,24194,8768,4266,1886,1686,4225,3555,3051,2884,3228,2962,1240,258,2163,2062,1893,1662,1571,1480,1423,1461,1590,1638,1621,1341,848,392,163,95,28460,3572,36
South Sudan,2006,53886,14815,23283,8468,4338,1914,1777,4412,3785,3214,3010,3368,3098,1348,297,2258,2154,2007,1778,1656,1558,1515,1495,1663,1705,1686,1412,915,433,186,111,27621,3691,42
South Sudan,2007,54348,14474,22483,8009,4411,1931,1887,4540,3988,3372,3138,3506,3246,1462,344,2311,2229,2102,1886,1739,1633,1604,1534,1733,1773,1759,1487,984,478,214,130,26894,3818,49
South Sudan,2008,55094,14381,21948,7567,4466,1941,2008,4651,4183,3535,3283,3643,3405,1586,386,2345,2306,2189,1994,1826,1709,1692,1591,1797,1846,1837,1568,1059,527,239,147,26414,3949,56
South Sudan,2009,56941,14473,21846,7373,4495,1984,2157,5043,4537,3797,3504,3822,3575,1700,418,2533,2510,2365,2172,1970,1827,1813,1691,1877,1945,1925,1650,1128,572,262,156,26341,4141,61
South Sudan,2010,56692,14323,21316,6993,4406,2000,2120,4965,4544,3879,3609,3894,3683,1789,423,2495,2470,2347,2197,2016,1863,1862,1747,1891,2003,1977,1706,1182,607,270,153,25722,4120,62
South Sudan,2011,60730,14679,21789,7110,4432,2092,2334,5843,5200,4351,3980,4157,3945,1981,548,2955,2888,2693,2507,2283,2068,2049,1931,2003,2154,2114,1831,1289,692,336,212,26221,4426,78
South Sudan,2012,60829,14782,21769,6987,4280,2090,2267,5731,5164,4434,4088,4231,4058,2075,557,2944,2787,2655,2509,2331,2103,2096,1992,2022,2209,2170,1888,1345,730,347,210,26049,4357,82
South Sudan,2013,63732,15034,22273,7239,4432,2224,2384,6152,5540,4808,4394,4469,4278,2176,529,3219,2933,2837,2703,2536,2272,2248,2146,2138,2331,2290,1988,1413,763,343,186,26705,4608,77
South Sudan,2014,70048,15232,22786,7554,4550,2323,2824,8039,6862,5640,4904,4795,4527,2255,478,4239,3800,3576,3286,3013,2627,2519,2385,2321,2474,2434,2093,1474,781,327,151,27336,5147,65
South Sudan,2015,64839,14334,21922,7588,4598,2314,2541,6403,5829,5229,4721,4675,4417,2026,139,3376,3027,2971,2858,2759,2470,2410,2311,2288,2387,2391,2026,1381,645,139,0,26520,4855,29
South Sudan,2016,65305,13885,21517,7632,4792,2369,2643,6361,5817,5404,4888,4809,4535,2026,123,3354,3007,2944,2873,2832,2572,2491,2397,2396,2413,2466,2069,1396,630,121,2,26309,5012,14
South Sudan,2017,62963,12673,20124,7451,4948,2392,2733,5956,5425,5382,4906,4799,4465,1781,42,3161,2795,2686,2739,2791,2591,2495,2411,2426,2373,2449,2016,1296,485,39,3,25072,5125,7
South Sudan,2018,56767,11201,18206,7005,5011,2374,2526,4470,4194,4818,4642,4641,4301,1558,26,2400,2070,1966,2228,2437,2381,2348,2294,2360,2281,2368,1933,1192,366,23,3,23217,4900,3
South Sudan,2019,55808,10561,17136,6575,5154,2444,2645,4308,3886,4800,4729,4754,4355,1569,19,2385,1923,1773,2113,2388,2412,2390,2339,2424,2330,2387,1968,1203,366,15,4,22290,5089,1
South Sudan,2020,58459,10688,16844,6156,5140,2485,2744,4565,3869,5072,5312,5574,4924,1894,30,2619,1946,1753,2116,2462,2610,2661,2651,2805,2769,2704,2220,1390,504,28,2,21984,5229,1
South Sudan,2021,60688,10849,16729,5880,5147,2602,2881,4828,3852,5334,5748,6146,5294,2088,42,2857,1971,1742,2110,2543,2791,2889,2859,3072,3074,2869,2425,1522,566,41,1,21876,5483,0
Spain,1950,158506,23158,31358,8200,2379,1645,3081,9196,7847,11382,17065,25879,30435,16070,2124,4554,4642,3767,4080,5061,6321,7745,9320,12065,13814,15927,14508,10674,5396,1739,385,33737,4726,41
Spain,1951,165756,22025,29418,7393,2401,1478,2618,8039,7130,11362,18325,29018,35699,17766,2457,3926,4113,3492,3638,5016,6346,8183,10142,13517,15501,18575,17124,11646,6120,2026,431,31819,4096,42
Spain,1952,140060,20406,25945,5539,2067,1211,1982,6103,5898,9524,15952,24396,29430,15384,2131,2920,3183,2860,3038,4084,5440,7197,8755,11388,13008,15486,13944,10209,5175,1755,376,28012,3193,36
Spain,1953,139462,19034,23807,4773,1708,1148,1689,5086,5411,9101,15724,25590,31309,16487,2364,2394,2692,2702,2709,3905,5196,7101,8623,11606,13984,16060,15249,10930,5557,1948,416,25515,2837,37
Spain,1954,132728,17973,22213,4240,1491,979,1386,4539,5033,8353,15494,24431,30331,16079,2353,2114,2425,2501,2532,3519,4834,7173,8321,10914,13517,15477,14854,10886,5193,1917,436,23704,2365,40
Spain,1955,138118,19112,23388,4276,1442,1025,1449,4615,5079,8337,15663,25411,31632,17500,2539,2145,2470,2496,2583,3416,4921,6986,8677,11265,14146,15959,15673,11381,6119,2071,468,24830,2474,43
Spain,1956,146047,17995,21503,3508,1219,1034,1298,4307,5132,8618,16873,28010,35618,19567,2817,1905,2402,2556,2576,3483,5135,7209,9664,12441,15569,17526,18092,12900,6667,2290,527,22722,2332,50
Spain,1957,149383,19781,23231,3450,1323,995,1250,4357,5567,8683,17464,28852,35601,19312,2702,1898,2459,2596,2971,3449,5234,7629,9835,12858,15994,18130,17471,12667,6645,2182,520,24554,2245,47
Spain,1958,131669,17759,20755,2996,1157,914,1138,3829,4819,7438,15785,24494,31379,17516,2401,1681,2148,2298,2521,3038,4400,6780,9005,11049,13445,15859,15520,11631,5885,1937,464,21912,2052,44
Spain,1959,136684,17742,20803,3061,1118,912,1192,3601,4838,7508,16432,25850,33454,18360,2566,1499,2102,2261,2577,3005,4503,6833,9599,11607,14243,16914,16540,12122,6238,2062,504,21921,2104,47
Spain,1960,137496,17275,19876,2601,1009,774,1176,3209,4837,7274,16216,26459,34130,19774,2713,1327,1882,2198,2639,2908,4366,6719,9497,11891,14568,17390,16740,13118,6656,2201,512,20885,1950,50
Spain,1961,133617,17307,19879,2572,989,769,1106,3055,4672,7258,15632,26209,32457,18922,2621,1268,1787,2127,2545,3010,4248,6533,9099,11777,14432,16638,15819,12542,6380,2143,478,20868,1875,46
Spain,1962,141305,15364,17682,2318,988,774,1203,3012,4681,7482,16401,29053,35792,21259,2919,1237,1775,2151,2530,3227,4255,6706,9695,12995,16058,18305,17487,14180,7079,2411,508,18670,1977,52
Spain,1963,144098,15687,17891,2204,1062,733,1177,2956,4738,7537,16737,29671,36844,21741,2955,1285,1671,2127,2611,3333,4204,6887,9850,13577,16094,18540,18304,14179,7562,2449,506,18953,1910,52
Spain,1964,140876,15445,17287,1842,906,763,1193,2944,4520,7546,16265,29015,35801,21695,2890,1367,1577,2001,2519,3420,4126,6494,9771,13544,15471,17754,18047,14510,7185,2385,505,18193,1956,51
Spain,1965,140724,14304,15983,1679,924,707,1173,3003,4534,7710,15830,29307,36557,21973,2970,1492,1511,1976,2558,3554,4156,6252,9578,13529,15778,18025,18532,14111,7862,2463,507,16907,1880,49
Spain,1966,141504,13212,14729,1517,843,674,1171,2909,4532,7858,16201,29967,37300,22150,3120,1494,1415,1967,2565,3518,4340,6393,9808,13444,16523,18608,18692,14291,7859,2581,539,15572,1845,51
Spain,1967,144433,13030,14447,1417,827,664,1150,2879,4506,8212,15951,30884,38594,23018,3251,1525,1354,1864,2642,3649,4563,6251,9700,14129,16755,19434,19160,14801,8217,2712,539,15274,1814,54
Spain,1968,145484,12076,13485,1409,779,689,1119,2863,4373,8071,15710,31511,39285,24076,3466,1463,1400,1780,2593,3423,4648,6208,9502,13884,17627,19586,19699,15690,8386,2898,568,14264,1808,56
Spain,1969,156088,11385,12767,1382,854,668,1174,3123,4473,9022,16606,35041,43131,25475,3703,1596,1527,1710,2763,3770,5252,6508,10098,15204,19837,22136,20995,16428,9047,3106,597,13621,1842,56
Spain,1970,146570,10496,11863,1367,891,672,1182,3146,4307,8898,15573,32150,39266,24942,3626,1600,1546,1672,2635,3622,5276,6264,9309,13839,18311,19816,19450,16283,8659,3040,586,12754,1854,54
Spain,1971,159643,9852,11296,1444,837,707,1170,3116,4037,9330,16810,34714,45797,27647,4122,1569,1547,1559,2478,3824,5506,6867,9943,15110,19604,23148,22649,17767,9880,3450,672,12133,1877,59
Spain,1972,146777,8631,9933,1302,812,664,1173,2989,3839,8716,15657,32082,41052,25996,3804,1461,1528,1492,2347,3628,5088,6657,9000,13681,18401,20664,20388,16618,9378,3178,626,10745,1837,58
Spain,1973,155075,8307,9596,1289,839,689,1271,3116,3796,8922,16611,33369,44639,28123,4038,1598,1518,1522,2274,3602,5320,7402,9209,14295,19074,22720,21919,17993,10130,3367,671,10435,1960,62
Spain,1974,155028,7915,9136,1221,808,683,1270,3043,3808,8845,16788,33403,45152,27853,4171,1515,1528,1611,2197,3675,5170,7682,9106,13894,19509,23298,21854,17592,10261,3483,688,9944,1953,67
Spain,1975,154480,7106,8277,1171,712,646,1236,2904,3605,8927,17192,33119,45303,28289,4200,1474,1430,1513,2092,3598,5329,7793,9399,13917,19202,23306,21997,17734,10555,3491,709,8989,1882,72
Spain,1976,155182,6735,7767,1032,720,615,1309,2866,3418,8859,17694,32826,46104,28602,4326,1440,1426,1524,1894,3420,5439,7999,9695,13461,19365,23566,22538,18141,10461,3584,742,8487,1924,78
Spain,1977,152891,5976,7076,1100,738,649,1289,2953,3324,8600,17800,31690,45358,28802,4526,1523,1430,1568,1756,3291,5309,7772,10028,12905,18785,22657,22701,18316,10486,3740,786,7814,1938,89
Spain,1978,154365,5492,6590,1098,688,653,1424,3150,3452,8618,18136,31405,46369,28984,4804,1684,1466,1670,1782,3310,5308,7806,10330,12851,18554,23084,23285,18415,10569,3976,828,7278,2077,93
Spain,1979,152628,4838,5928,1090,696,672,1394,3104,3575,8309,18435,30445,46459,28654,4866,1640,1464,1643,1932,3058,5251,7857,10578,12514,17931,22653,23806,18387,10267,4022,844,6624,2066,90
Spain,1980,151140,4010,4937,927,704,609,1254,3067,3513,7809,18495,29136,46709,29656,5145,1621,1446,1627,1886,2842,4967,7688,10807,12201,16935,22738,23971,18653,11003,4235,910,5641,1863,100
Spain,1981,153592,3708,4599,891,584,597,1282,3005,3447,7795,18512,29761,47411,31072,5406,1614,1391,1523,1924,2773,5022,7754,10758,12676,17085,22855,24556,19462,11610,4439,967,5183,1879,117
Spain,1982,149898,3242,3970,728,565,520,1155,2919,3336,7338,18261,29057,46117,31323,5215,1532,1387,1441,1895,2569,4769,7640,10621,12919,16138,22152,23965,19641,11682,4277,938,4535,1675,121
Spain,1983,157323,2915,3643,728,556,552,1266,3267,3558,7203,18313,30282,48095,34480,5966,1729,1538,1540,2018,2550,4653,7532,10781,13998,16284,22560,25535,21725,12755,4868,1098,4199,1818,139
Spain,1984,157435,2644,3272,628,490,525,1327,3287,3648,7294,18451,30639,47742,34435,6185,1777,1510,1534,2114,2846,4448,7493,10958,14512,16127,22312,25430,21962,12473,5018,1167,3762,1852,144
Spain,1985,164063,2308,2892,584,494,526,1245,3612,3702,7239,18871,31756,49308,37513,6747,1895,1717,1559,2143,2883,4356,7751,11120,15198,16558,22660,26648,23719,13794,5421,1326,3386,1771,159
Spain,1986,161619,2301,2842,541,430,473,1360,3771,3784,6818,18357,32101,47466,37293,6756,1967,1804,1627,2157,2791,4027,7452,10905,15241,16860,21605,25861,23278,14015,5444,1312,3272,1833,163
Spain,1987,162131,2188,2623,435,384,470,1523,4224,4065,6850,17882,32434,46521,38178,6809,2207,2017,1855,2210,2984,3866,7181,10701,14995,17439,21042,25479,23885,14293,5494,1315,3007,1993,167
Spain,1988,167120,1868,2296,428,378,453,1482,4673,4354,7107,18046,33657,46625,40391,7470,2395,2278,2034,2320,3074,4033,7008,11038,15090,18567,20908,25717,24567,15824,6039,1431,2674,1935,189
Spain,1989,170989,1791,2246,455,335,454,1574,5336,4764,7494,17641,34511,46587,42260,7583,2601,2735,2364,2400,3221,4273,6520,11121,15026,19485,20631,25956,25485,16775,6170,1413,2581,2028,201
Spain,1990,175534,1720,2144,424,356,470,1578,5467,5132,7592,17088,35261,47671,43883,8640,2595,2872,2670,2462,3283,4309,6313,10775,15102,20159,21585,26086,26000,17883,7056,1584,2500,2048,244
Spain,1991,177943,1613,1973,360,295,436,1508,5760,5664,7747,16753,35892,47599,45092,8996,2608,3152,3009,2655,3240,4507,5977,10776,15324,20568,22023,25576,26861,18231,7361,1635,2268,1944,227
Spain,1992,175646,1582,1945,363,251,343,1305,5390,6057,7794,16084,35385,47619,44105,9153,2307,3083,3291,2766,3285,4509,5778,10306,15407,19978,22531,25088,25918,18187,7512,1641,2196,1648,218
Spain,1993,179068,1436,1764,328,241,368,1172,4821,6190,8037,15437,35656,48962,46026,10160,1973,2848,3343,2847,3272,4765,5758,9679,15153,20503,24061,24901,26686,19340,8371,1789,2005,1540,235
Spain,1994,177914,1255,1579,324,241,294,997,4619,6636,8079,14914,34689,48966,45996,10674,1817,2802,3550,3086,3279,4800,5910,9004,14721,19968,24600,24366,26261,19735,8820,1854,1820,1291,232
Spain,1995,182382,1085,1366,281,210,281,1021,4457,7166,8104,14889,34949,50656,47582,11460,1734,2723,3801,3365,3331,4773,6115,8774,14772,20177,25553,25103,26836,20746,9447,2013,1576,1302,241
Spain,1996,184852,1170,1481,311,206,282,965,4069,7230,8089,14822,34516,52436,48137,12345,1645,2424,3699,3531,3452,4637,6360,8462,14326,20190,26089,26347,26710,21427,9999,2346,1687,1247,269
Spain,1997,182959,1040,1294,254,166,245,950,3461,5883,7886,14190,33800,53383,48508,12910,1448,2013,2850,3033,3291,4595,6368,7822,13786,20014,25911,27472,26607,21901,10379,2531,1460,1195,286
Spain,1998,187990,979,1190,211,207,230,884,3405,5288,7664,14284,33679,56546,50244,14056,1572,1833,2479,2809,3238,4426,6389,7895,13416,20263,26501,30045,27428,22816,11187,2869,1397,1114,315
Spain,1999,193059,946,1139,193,176,227,883,3199,5162,7951,15192,33489,58504,51812,15007,1467,1732,2314,2848,3410,4541,6602,8590,12652,20837,26900,31604,27965,23847,11980,3027,1315,1110,319
Spain,2000,187212,960,1175,215,168,211,822,3165,4985,8105,15074,31549,57392,49428,14800,1451,1714,2132,2853,3586,4519,6555,8519,11844,19705,26108,31284,26877,22551,11756,3044,1343,1033,338
Spain,2001,187320,905,1113,208,151,195,738,2844,4960,7964,15380,30387,57500,50440,15254,1316,1528,2105,2855,3442,4522,6542,8838,11438,18949,26137,31363,27853,22587,12097,3157,1264,933,394
Spain,2002,190704,971,1179,208,142,190,672,2844,4702,8358,15391,29738,58249,52869,15925,1303,1541,1998,2704,3623,4735,6496,8895,11032,18706,26040,32209,29950,22919,12603,3322,1321,862,442
Spain,2003,197146,949,1177,228,144,197,702,2762,4717,8546,15877,29128,59360,56749,17297,1238,1524,2055,2662,3767,4779,6536,9341,11188,17940,26602,32758,32849,23900,13616,3681,1321,899,490
Spain,2004,192371,1023,1218,195,128,190,636,2534,4532,8540,15714,27751,57474,56235,16937,1069,1465,1800,2732,3500,5040,6585,9129,11254,16497,25416,32058,33286,22949,13267,3670,1346,826,481
Spain,2005,199392,987,1200,213,121,167,653,2360,4379,8527,15968,27896,59176,60514,17911,1038,1322,1789,2590,3620,4907,6652,9316,11863,16033,25861,33315,35916,24598,13921,3990,1321,820,518
Spain,2006,192032,963,1152,189,157,146,559,2155,4045,8436,16046,26922,55770,58610,17502,923,1232,1641,2404,3508,4928,6767,9279,11958,14964,24235,31535,34415,24195,13487,4015,1309,705,528
Spain,2007,198788,917,1117,200,118,164,568,2041,3847,8656,16018,27163,57116,63242,18191,825,1216,1546,2301,3706,4950,6779,9239,12452,14711,24447,32669,36282,26960,13903,4288,1235,732,550
Spain,2008,197614,974,1146,172,151,137,509,1886,3633,8607,15938,26871,55064,64407,18656,777,1109,1476,2157,3446,5161,6932,9006,12523,14348,22702,32362,36067,28340,14087,4569,1297,646,610
Spain,2009,197542,856,1068,212,111,140,405,1629,3364,8137,15898,27831,53357,66130,18836,614,1015,1380,1984,3184,4953,6839,9059,12447,15384,21133,32224,35997,30133,14200,4636,1179,545,637
Spain,2010,196502,820,999,179,112,137,343,1355,3077,7920,16045,27528,51014,67656,19624,570,785,1231,1846,3057,4863,7039,9006,12210,15318,19983,31031,36536,31120,14811,4813,1111,480,692
Spain,2011,198058,787,965,178,120,130,299,1269,2903,7535,16128,27668,50116,69504,20691,549,720,1157,1746,2865,4670,7057,9071,12198,15470,19483,30633,37003,32501,15799,4892,1085,429,730
Spain,2012,204432,750,908,158,125,125,268,1125,2786,7491,15979,28446,49734,73305,23313,486,639,1103,1683,2800,4691,6860,9119,12351,16095,18973,30761,38475,34830,18054,5259,1033,393,828
Spain,2013,198323,617,763,146,114,102,248,993,2403,7012,15934,28282,47070,71301,23304,415,578,943,1460,2501,4511,6812,9122,12210,16072,18486,28584,37274,34027,18427,4877,877,350,802
Spain,2014,200023,662,801,139,111,108,228,959,2205,6841,15882,28179,46422,71815,25606,444,515,898,1307,2434,4407,6703,9179,11940,16239,19508,26914,37142,34673,20353,5253,912,336,864
Spain,2015,211538,612,731,119,116,108,266,938,2198,6366,16423,28766,47854,77896,28947,385,553,798,1400,2292,4074,6793,9630,12146,16620,20735,27119,39625,38271,22965,5982,847,374,930
Spain,2016,207320,629,756,127,103,102,245,871,2085,6175,16282,28713,46205,75401,29451,377,494,811,1274,2248,3927,6758,9524,12345,16368,20712,25493,37718,37683,23149,6302,859,347,930
Spain,2017,212335,588,715,127,91,103,252,918,2051,6010,16167,28726,46034,78454,31864,389,529,750,1301,2171,3839,6597,9570,12219,16507,21468,24566,38202,40252,24680,7184,806,355,950
Spain,2018,214362,526,660,134,98,104,248,939,1958,5883,16307,29360,46874,77625,33358,388,551,735,1223,2167,3716,6552,9755,12901,16459,21990,24884,36960,40665,25581,7777,758,352,950
Spain,2019,210500,521,642,121,77,122,248,877,1866,5657,16016,28882,47368,74226,33565,373,504,696,1170,1968,3689,6503,9513,12833,16049,21911,25457,33822,40404,25572,7993,719,370,958
Spain,2020,248454,490,602,112,64,107,234,990,2034,6099,17334,33330,57700,87319,41467,432,558,815,1219,2231,3868,6848,10486,14759,18571,25418,32282,38954,48365,31551,9916,666,341,1172
Spain,2021,232615,496,600,104,69,104,273,929,1756,5552,16995,34384,54392,77597,38758,442,487,713,1043,1920,3632,6411,10584,15478,18906,23966,30426,33315,44282,29348,9410,669,377,1206
Sri Lanka,1950,91328,14143,19629,5486,1725,933,1491,4002,2903,3392,4841,9276,20326,20062,2738,2209,1793,1437,1466,1515,1877,2168,2673,3576,5700,9138,11188,13562,6500,2243,495,21354,2424,8
Sri Lanka,1951,88244,14337,19749,5412,1737,935,1487,4025,2953,3421,4814,8762,18660,19134,2537,2207,1818,1465,1488,1534,1887,2174,2640,3470,5292,8388,10272,12389,6745,2112,425,21486,2422,27
Sri Lanka,1952,85286,14587,20016,5429,1746,934,1479,4016,2988,3439,4776,8336,17154,18052,2307,2186,1830,1487,1501,1553,1886,2183,2593,3387,4949,7621,9533,11025,7027,1912,395,21762,2413,42
Sri Lanka,1953,82088,14738,20185,5447,1816,927,1463,3964,2995,3429,4713,7937,15704,16761,2150,2142,1822,1496,1499,1561,1868,2184,2529,3301,4636,6853,8851,9674,7087,1789,361,22001,2390,45
Sri Lanka,1954,79492,14777,20222,5445,1795,927,1463,3940,3029,3451,4702,7676,14524,15574,2147,2120,1820,1517,1512,1581,1870,2200,2502,3254,4422,6257,8267,8666,6908,1821,326,22017,2390,39
Sri Lanka,1955,77751,14762,20145,5383,1776,943,1482,3964,3103,3527,4766,7566,13625,14579,2247,2128,1836,1553,1550,1621,1906,2242,2524,3256,4310,5851,7774,8005,6574,1935,312,21921,2425,31
Sri Lanka,1956,75292,14602,19849,5247,1755,949,1484,3939,3139,3565,4781,7406,12637,13426,2335,2114,1825,1569,1570,1640,1925,2251,2530,3218,4188,5458,7179,7405,6021,2044,291,21604,2433,25
Sri Lanka,1957,72940,14450,19510,5060,1745,967,1486,3905,3171,3602,4800,7273,11705,12334,2415,2103,1802,1579,1592,1653,1949,2253,2547,3170,4103,5131,6574,6938,5396,2150,265,21255,2453,24
Sri Lanka,1958,70164,14206,18975,4769,1682,961,1471,3845,3170,3612,4788,7117,10798,11293,2429,2081,1764,1568,1602,1651,1961,2235,2553,3101,4016,4833,5965,6509,4784,2178,251,20657,2432,22
Sri Lanka,1959,67023,13776,18280,4504,1590,952,1446,3753,3131,3586,4732,6921,9950,10301,2356,2041,1712,1538,1593,1635,1951,2199,2533,3020,3901,4554,5396,6035,4266,2095,261,19870,2398,19
Sri Lanka,1960,63486,13180,17454,4274,1518,922,1405,3618,3042,3515,4618,6668,9147,9344,2215,1976,1642,1482,1560,1601,1914,2145,2473,2921,3747,4274,4873,5502,3842,1934,281,18972,2327,18
Sri Lanka,1961,61762,12649,16760,4111,1477,923,1412,3607,3040,3552,4649,6643,8767,8795,2123,1978,1629,1470,1570,1620,1932,2166,2483,2931,3712,4178,4589,5158,3637,1810,313,18237,2335,17
Sri Lanka,1962,60607,12394,16411,4017,1457,921,1426,3605,3036,3594,4692,6642,8490,8306,2012,1980,1625,1455,1581,1643,1951,2198,2494,2964,3678,4126,4364,4811,3495,1668,344,17868,2347,16
Sri Lanka,1963,60631,12346,16300,3954,1458,936,1471,3678,3084,3707,4823,6783,8447,8001,1928,2022,1656,1466,1618,1701,2006,2275,2548,3066,3717,4181,4266,4559,3442,1559,369,17758,2407,17
Sri Lanka,1964,60616,12309,16217,3908,1500,956,1510,3743,3114,3808,4943,6909,8400,7658,1835,2060,1683,1471,1643,1752,2056,2344,2599,3153,3756,4220,4180,4311,3347,1463,372,17717,2466,20
Sri Lanka,1965,60161,12105,15899,3794,1472,956,1530,3795,3128,3888,5043,7019,8348,7305,1749,2092,1703,1474,1654,1789,2099,2398,2645,3218,3801,4240,4108,4093,3212,1389,360,17371,2486,24
Sri Lanka,1966,59587,11851,15540,3689,1464,960,1540,3836,3125,3957,5133,7110,8290,6938,1666,2120,1716,1474,1651,1817,2140,2440,2693,3260,3850,4238,4052,3895,3043,1330,336,17004,2500,27
Sri Lanka,1967,59666,11743,15305,3562,1444,971,1562,3927,3156,4065,5278,7291,8348,6672,1616,2179,1748,1495,1661,1858,2207,2503,2775,3328,3963,4274,4074,3775,2897,1304,312,16749,2533,30
Sri Lanka,1968,59559,11461,14911,3450,1425,980,1575,4014,3180,4160,5418,7471,8411,6414,1567,2236,1778,1515,1665,1891,2269,2558,2860,3386,4085,4301,4110,3674,2740,1281,286,16336,2555,32
Sri Lanka,1969,59944,11192,14586,3394,1424,1002,1605,4127,3234,4284,5601,7715,8567,6249,1523,2303,1824,1551,1683,1932,2352,2638,2963,3479,4236,4386,4181,3628,2621,1255,268,16010,2607,32
Sri Lanka,1970,55791,10991,14322,3331,1351,916,1468,3785,2943,3934,5187,7132,7856,5531,1343,2109,1676,1418,1525,1759,2175,2441,2746,3210,3922,4036,3820,3251,2280,1107,236,15673,2384,27
Sri Lanka,1971,54088,10796,14080,3284,1284,856,1468,3985,2989,3834,4999,6798,7439,5104,1233,2207,1778,1470,1519,1715,2119,2361,2638,3068,3730,3844,3595,3032,2072,1014,219,15364,2324,24
Sri Lanka,1972,55625,10719,13948,3229,1315,906,1451,3789,2918,3923,5302,7297,8028,5430,1295,2092,1697,1415,1503,1721,2202,2502,2800,3297,4000,4183,3845,3261,2169,1059,236,15263,2357,24
Sri Lanka,1973,56408,10621,13779,3158,1260,916,1473,3874,2974,3989,5474,7536,8306,5523,1279,2122,1752,1445,1529,1735,2254,2591,2883,3423,4113,4371,3935,3356,2167,1039,240,15039,2389,22
Sri Lanka,1974,57242,10329,13422,3093,1284,932,1512,3973,3055,4064,5674,7805,8611,5626,1264,2168,1805,1486,1569,1757,2307,2691,2983,3560,4245,4563,4048,3451,2175,1020,244,14706,2444,20
Sri Lanka,1975,57829,10128,13061,2933,1331,926,1531,4024,3100,4095,5830,8037,8903,5728,1246,2197,1827,1510,1590,1763,2332,2763,3067,3670,4367,4726,4177,3536,2192,1004,242,14392,2457,18
Sri Lanka,1976,58314,9933,12686,2753,1261,926,1554,4071,3155,4128,5986,8279,9196,5832,1224,2221,1850,1541,1614,1777,2351,2829,3157,3778,4501,4871,4325,3613,2219,987,237,13947,2480,17
Sri Lanka,1977,59695,9594,12159,2565,1226,947,1610,4204,3290,4248,6281,8717,9707,6064,1220,2293,1911,1615,1675,1835,2413,2956,3325,3965,4752,5112,4595,3757,2307,988,232,13385,2557,17
Sri Lanka,1978,57556,9399,11841,2442,1201,923,1537,3997,3155,4023,6051,8434,9426,5818,1130,2183,1814,1556,1599,1749,2274,2830,3221,3819,4615,4924,4502,3600,2218,919,211,13042,2460,15
Sri Lanka,1979,58744,9033,11218,2185,1106,904,1559,4125,3273,4130,6314,8869,9964,6121,1151,2256,1869,1618,1655,1806,2324,2930,3384,4000,4869,5168,4796,3789,2332,941,210,12324,2463,14
Sri Lanka,1980,58553,8441,10470,2029,1070,893,1542,4140,3290,4122,6372,9043,10202,6252,1139,2268,1872,1622,1668,1812,2310,2933,3439,4072,4971,5272,4930,3884,2368,939,200,11540,2435,12
Sri Lanka,1981,58286,7926,9820,1894,963,884,1524,4135,3300,4113,6395,9192,10416,6399,1133,2270,1865,1620,1680,1816,2297,2916,3479,4139,5053,5376,5040,3999,2400,942,191,10783,2408,11
Sri Lanka,1982,57765,7129,8888,1759,952,864,1504,4109,3302,4098,6388,9323,10621,6569,1139,2257,1852,1609,1693,1814,2284,2885,3503,4204,5119,5487,5134,4137,2432,956,183,9840,2368,8
Sri Lanka,1983,57795,6338,7964,1626,904,858,1528,4237,3401,4157,6425,9511,10867,6780,1153,2320,1917,1648,1753,1848,2309,2876,3549,4303,5208,5630,5237,4304,2476,976,177,8868,2386,7
Sri Lanka,1984,57749,5670,7034,1364,821,816,1571,4598,3612,4231,6393,9577,10980,6943,1166,2499,2099,1767,1845,1899,2332,2849,3544,4343,5234,5695,5285,4423,2520,993,173,7855,2387,6
Sri Lanka,1985,58535,5062,6222,1160,778,802,1579,4659,3681,4336,6498,9932,11458,7357,1225,2514,2145,1800,1881,1950,2386,2885,3613,4498,5434,5938,5520,4680,2677,1044,181,7000,2381,6
Sri Lanka,1986,58914,4504,5506,1002,735,776,1576,4682,3716,4403,6531,10182,11819,7700,1282,2512,2170,1816,1900,1986,2417,2898,3633,4598,5584,6109,5710,4876,2824,1089,193,6241,2352,5
Sri Lanka,1987,61813,4103,4983,880,721,782,1644,4984,3948,4684,6832,10841,12645,8349,1393,2663,2321,1936,2012,2128,2556,3044,3788,4874,5967,6511,6134,5246,3103,1176,217,5704,2426,7
Sri Lanka,1988,63992,3826,4627,801,674,768,1713,5395,4231,4929,6999,11242,13156,8779,1470,2873,2522,2100,2131,2266,2663,3143,3856,5028,6214,6744,6412,5468,3311,1233,237,5301,2481,9
Sri Lanka,1989,74513,4092,5364,1272,877,914,2343,8073,5973,6079,7832,12195,14054,9256,1542,4259,3814,3089,2884,2900,3179,3581,4251,5467,6728,7207,6847,5742,3514,1291,251,6241,3257,11
Sri Lanka,1990,66242,3741,4486,745,590,727,1703,5690,4529,5160,7080,11565,13735,9364,1604,3012,2678,2280,2249,2384,2776,3224,3856,5098,6467,7006,6729,5751,3613,1344,260,5076,2430,12
Sri Lanka,1991,69347,3739,4500,761,552,720,1811,6453,5072,5510,7299,11833,14160,9725,1696,3403,3050,2597,2475,2562,2948,3351,3948,5184,6649,7223,6937,5951,3774,1426,270,5052,2531,14
Sri Lanka,1992,66491,3679,4411,732,490,662,1575,5566,4544,5191,7007,11488,14011,9767,1757,2925,2641,2296,2248,2369,2822,3217,3790,4974,6514,7147,6864,5958,3809,1482,275,4901,2237,14
Sri Lanka,1993,65200,3510,4204,694,451,616,1381,4782,4101,5000,6923,11454,14277,10112,1883,2503,2279,2028,2073,2233,2767,3173,3750,4902,6552,7287,6990,6152,3960,1594,289,4655,1997,16
Sri Lanka,1994,68242,3341,3998,657,430,596,1367,4728,4188,5234,7301,12044,15297,10951,2099,2463,2265,2045,2143,2315,2919,3348,3953,5118,6926,7809,7488,6646,4305,1780,319,4428,1963,17
Sri Lanka,1995,74187,3178,3801,623,410,583,1619,5949,5135,5902,7902,12670,16260,11665,2280,3054,2895,2553,2582,2659,3243,3654,4248,5384,7286,8298,7962,7070,4595,1934,346,4211,2202,17
Sri Lanka,1996,75615,3035,3669,634,421,560,1530,5481,4957,5957,8186,13057,17048,12292,2441,2781,2700,2417,2540,2661,3296,3791,4395,5543,7514,8681,8367,7434,4858,2068,373,4090,2090,16
Sri Lanka,1997,78477,2849,3403,554,403,519,1554,5665,5219,6225,8601,13496,17870,12912,2592,2855,2810,2540,2679,2790,3435,4008,4593,5756,7740,9073,8797,7792,5120,2190,402,3806,2073,16
Sri Lanka,1998,80226,2691,3212,521,398,490,1512,5631,5315,6392,8928,13794,18480,13359,2696,2830,2801,2577,2738,2873,3519,4182,4746,5927,7867,9348,9132,8047,5312,2272,424,3610,2002,15
Sri Lanka,1999,77608,2631,3118,487,375,441,1352,5208,5024,6193,8736,13344,18039,13091,2668,2622,2586,2420,2604,2788,3405,4098,4638,5774,7570,9080,8959,7877,5214,2239,429,3493,1793,15
Sri Lanka,2000,92181,2631,3094,463,406,500,1501,6027,5944,7488,10588,16013,21674,15732,3192,3052,2975,2853,3091,3375,4113,4952,5636,6977,9036,10864,10810,9481,6251,2677,515,3500,2001,17
Sri Lanka,2001,91765,2661,3116,455,410,486,1233,5065,5421,7398,10836,16413,22152,16027,3195,2553,2512,2538,2883,3294,4104,5024,5812,7184,9229,11059,11093,9700,6327,2679,516,3526,1719,18
Sri Lanka,2002,91161,2639,3084,445,376,466,1059,4568,5167,7395,11029,16555,22131,16109,3197,2286,2282,2383,2784,3267,4128,5086,5943,7272,9283,10994,11137,9798,6311,2661,536,3460,1525,25
Sri Lanka,2003,90658,2612,3075,463,385,453,968,4358,5088,7437,11202,16584,21870,16047,3153,2148,2210,2332,2756,3273,4164,5139,6063,7308,9276,10816,11054,9781,6266,2611,542,3460,1421,33
Sri Lanka,2004,105137,3424,5550,2126,1751,1433,1696,5874,6593,9052,12995,17999,22678,16337,3135,2896,2978,3080,3513,4055,4997,6015,6980,8079,9920,11299,11379,9967,6370,2587,548,7301,3129,40
Sri Lanka,2005,88747,2471,2896,425,310,403,814,3850,4798,7390,11448,16626,21197,15889,3079,1797,2053,2165,2633,3188,4202,5204,6244,7391,9235,10471,10726,9582,6307,2532,547,3206,1217,44
Sri Lanka,2006,92946,2428,2834,406,293,397,999,4912,5579,8030,12114,17177,21325,16094,3142,2272,2640,2565,3014,3491,4539,5488,6626,7709,9468,10575,10750,9613,6481,2592,550,3127,1396,48
Sri Lanka,2007,94897,2308,2696,388,284,380,999,4789,5601,8197,12577,17796,21699,16515,3315,2157,2632,2548,3053,3525,4672,5656,6921,8057,9739,10836,10863,9800,6715,2760,555,2980,1379,52
Sri Lanka,2008,99242,2172,2546,374,274,367,1340,6515,6845,8984,13096,18126,21404,16245,3439,2966,3549,3257,3588,3935,5049,5896,7200,8332,9794,10762,10642,9642,6603,2907,532,2820,1707,60
Sri Lanka,2009,113738,2778,4345,1567,781,666,1800,7416,7920,10427,15232,20796,23324,17078,3868,3385,4031,3761,4159,4569,5858,6866,8366,9752,11044,11832,11492,10205,6873,3324,544,5126,2466,82
Sri Lanka,2010,91496,1970,2319,349,241,300,688,2683,4261,7320,12521,18941,21707,16257,4177,1172,1511,1836,2425,3012,4308,5526,6995,8789,10152,11025,10682,9709,6548,3588,589,2560,988,79
Sri Lanka,2011,92963,1911,2255,344,232,287,671,2517,4142,7308,12746,19804,22064,16193,4677,1133,1384,1797,2345,3025,4283,5635,7111,9269,10535,11272,10792,9737,6456,3930,747,2487,958,64
Sri Lanka,2012,91081,1814,2129,315,221,258,614,2280,3831,6965,12432,19841,21682,15732,5054,1073,1207,1665,2166,2908,4057,5490,6942,9313,10528,11069,10613,9426,6306,4027,1027,2350,872,40
Sri Lanka,2013,90932,1709,2009,300,205,244,577,2166,3683,6895,12436,20416,22014,15693,4557,1057,1109,1573,2110,2885,4010,5535,6901,9462,10954,11322,10692,9428,6265,3463,1094,2214,821,32
Sri Lanka,2014,88468,1566,1852,286,200,227,535,2017,3440,6629,12072,20435,21833,15194,3993,1009,1008,1429,2011,2771,3858,5370,6702,9262,11173,11328,10505,9205,5989,2937,1056,2052,762,41
Sri Lanka,2015,87923,1428,1686,258,177,210,491,1907,3250,6470,11993,20780,22261,15018,3626,965,942,1299,1951,2675,3795,5267,6726,9171,11609,11599,10662,9122,5896,2642,984,1863,701,54
Sri Lanka,2016,86965,1330,1582,252,173,200,454,1807,3040,6279,11804,20955,22512,14777,3316,913,894,1165,1875,2533,3746,5113,6691,9025,11930,11805,10707,9016,5761,2443,873,1755,654,69
Sri Lanka,2017,87954,1258,1517,259,176,199,436,1763,2896,6228,11825,21410,23219,15004,3204,872,891,1068,1828,2452,3776,5053,6772,9088,12322,12272,10947,9217,5787,2444,760,1693,635,80
Sri Lanka,2018,87086,1149,1359,210,150,179,396,1656,2641,6012,11608,21219,23739,15001,3049,801,855,953,1688,2338,3674,4901,6707,8889,12330,12639,11100,9233,5768,2417,632,1509,575,83
Sri Lanka,2019,87485,1089,1296,207,147,173,375,1614,2471,5902,11489,21211,24672,15145,2915,768,846,893,1578,2288,3614,4828,6661,8842,12369,13237,11435,9343,5802,2371,544,1443,548,79
Sri Lanka,2020,87304,1021,1207,186,134,159,346,1487,2241,5687,11245,21100,25510,15283,2832,694,793,818,1423,2208,3479,4732,6513,8859,12241,13752,11758,9514,5769,2343,489,1341,505,71
Sri Lanka,2021,86768,972,1149,177,121,141,308,1316,1937,5139,10495,20617,26864,15836,2785,606,710,734,1203,2016,3123,4437,6058,8620,11997,14424,12440,9895,5941,2328,457,1270,449,59
Sudan,1950,56836,19588,31445,11857,3209,1397,1489,3446,2550,2419,2711,3502,3358,1211,100,1813,1633,1335,1215,1220,1199,1293,1418,1680,1822,1839,1519,848,363,89,11,34654,2886,1
Sudan,1951,58116,20159,32241,12082,3247,1402,1506,3484,2619,2458,2735,3555,3470,1296,103,1833,1651,1389,1230,1238,1220,1309,1426,1694,1861,1888,1582,916,380,93,10,35488,2908,1
Sudan,1952,58843,20387,32556,12169,3271,1403,1520,3508,2679,2486,2757,3597,3568,1378,110,1847,1661,1442,1237,1249,1237,1325,1432,1701,1896,1930,1638,987,391,98,12,35827,2923,1
Sudan,1953,59622,20620,32862,12242,3304,1415,1539,3545,2749,2525,2786,3639,3665,1466,118,1869,1676,1500,1249,1267,1258,1344,1442,1706,1933,1973,1692,1061,405,104,14,36166,2954,1
Sudan,1954,60949,20939,33316,12377,3406,1461,1584,3644,2870,2611,2856,3716,3794,1568,124,1924,1720,1566,1304,1308,1303,1385,1471,1732,1984,2037,1757,1134,434,112,12,36722,3045,1
Sudan,1955,61928,21248,33739,12491,3449,1486,1606,3695,2952,2656,2901,3757,3896,1660,131,1953,1742,1589,1363,1327,1329,1412,1489,1744,2013,2085,1811,1194,466,119,12,37188,3092,1
Sudan,1956,64294,21639,34401,12762,3619,1605,1748,4040,3233,2817,3033,3858,4041,1763,137,2135,1905,1722,1511,1410,1407,1485,1548,1792,2066,2160,1881,1255,508,124,13,38020,3353,1
Sudan,1957,67571,21953,35018,13065,3990,1881,1994,4529,3667,3064,3218,3982,4207,1875,143,2388,2141,1926,1741,1541,1523,1588,1630,1856,2126,2247,1960,1319,556,128,15,39008,3875,1
Sudan,1958,76229,22492,36487,13995,4951,2766,2795,6059,4942,3747,3649,4234,4450,1995,150,3169,2890,2569,2373,1921,1826,1833,1816,1995,2239,2380,2070,1391,604,135,15,41438,5561,1
Sudan,1959,76961,22745,36847,14102,4993,2776,2811,6075,4978,3792,3692,4245,4520,2068,158,3179,2896,2568,2410,1955,1837,1857,1835,2005,2240,2409,2111,1428,640,142,16,41840,5587,1
Sudan,1960,78282,23044,37269,14225,5131,2832,2869,6169,5051,3924,3785,4306,4622,2152,176,3231,2938,2603,2448,2050,1874,1904,1881,2039,2267,2454,2168,1477,675,157,19,42400,5701,1
Sudan,1961,79185,23353,37720,14367,5174,2858,2905,6198,5066,4009,3838,4333,4681,2215,189,3246,2952,2611,2455,2121,1888,1929,1909,2057,2276,2472,2209,1512,703,170,19,42894,5763,1
Sudan,1962,80802,23894,38397,14503,5306,2920,2976,6300,5143,4144,3939,4409,4774,2289,203,3300,3000,2654,2489,2222,1922,1976,1963,2101,2308,2503,2271,1558,731,184,19,43703,5896,1
Sudan,1963,90108,24814,39830,15016,6559,3490,3570,7758,6197,5039,4625,5005,5299,2512,225,4072,3686,3209,2988,2744,2295,2320,2305,2413,2592,2777,2522,1713,799,205,20,46389,7060,1
Sudan,1964,81854,25153,39435,14282,5431,2441,2618,6000,4769,4280,4217,4785,5138,2504,235,3182,2818,2464,2305,2287,1993,2080,2137,2295,2490,2673,2465,1700,804,213,22,44866,5059,1
Sudan,1965,93034,26057,41714,15657,6659,3576,3652,7881,6252,5250,4754,5109,5346,2596,245,4157,3724,3244,3008,2817,2433,2374,2380,2481,2628,2781,2565,1764,832,222,23,48373,7228,1
Sudan,1966,104672,26996,44092,17096,7948,4770,4749,9856,7785,6264,5296,5446,5529,2678,256,5193,4663,4050,3735,3359,2905,2670,2626,2677,2769,2881,2648,1823,855,231,25,52040,9519,1
Sudan,1967,105969,27613,45064,17451,7996,4786,4781,9897,7774,6348,5328,5503,5520,2710,261,5241,4656,4048,3726,3354,2994,2679,2649,2714,2789,2881,2639,1843,867,235,26,53060,9567,1
Sudan,1968,107418,28179,46039,17860,8082,4805,4825,9953,7780,6441,5371,5580,5523,2747,269,5293,4660,4052,3728,3351,3090,2694,2677,2759,2821,2889,2634,1867,880,242,27,54121,9630,1
Sudan,1969,112392,29164,47887,18723,8362,4920,5135,10801,8252,6808,5671,5832,5643,2799,277,5761,5040,4313,3939,3517,3291,2865,2806,2895,2937,2966,2677,1902,897,247,30,56249,10055,1
Sudan,1970,113949,29858,48967,19109,8474,4937,5191,10863,8248,6812,5790,5909,5653,2821,282,5795,5068,4312,3936,3514,3298,2963,2827,2934,2975,2979,2674,1910,911,252,30,57441,10128,1
Sudan,1971,101064,30551,48605,18054,6340,2801,3534,8470,6111,5534,5301,5742,5535,2799,287,4584,3886,3207,2904,2781,2753,2694,2607,2820,2922,2925,2610,1883,916,255,32,54945,6335,2
Sudan,1972,102046,30786,48967,18181,6790,3258,3683,8223,6102,5494,5295,5673,5471,2795,293,4420,3803,3182,2920,2771,2723,2740,2555,2778,2895,2892,2579,1868,927,260,33,55757,6941,2
Sudan,1973,91528,30457,47446,16989,5866,2519,2676,5787,4501,4459,4708,5280,5232,2750,300,3119,2668,2316,2185,2208,2251,2443,2265,2552,2728,2756,2476,1820,930,265,35,53312,5195,2
Sudan,1974,93749,31068,48479,17411,6007,2591,2747,5964,4603,4548,4881,5431,5368,2812,313,3222,2742,2372,2231,2255,2293,2532,2349,2617,2814,2835,2533,1855,957,276,37,54486,5338,3
Sudan,1975,96721,32057,49923,17866,6197,2681,2828,6230,4805,4641,5057,5665,5502,2862,321,3359,2871,2490,2315,2313,2328,2575,2482,2745,2920,2914,2588,1885,977,283,38,56120,5509,3
Sudan,1976,100426,33218,51566,18348,6420,2789,2954,6643,5114,4800,5265,5945,5664,2926,333,3567,3076,2673,2441,2409,2391,2633,2632,2885,3060,3008,2656,1927,999,295,38,57986,5743,3
Sudan,1977,103623,34396,53236,18840,6648,2904,3024,6795,5297,4904,5434,6217,5832,2987,343,3631,3164,2778,2519,2473,2431,2669,2765,3004,3213,3104,2728,1969,1018,304,39,59884,5928,3
Sudan,1978,107951,35746,55159,19413,6960,3062,3170,7166,5635,5110,5667,6556,6040,3065,356,3807,3359,2968,2667,2594,2516,2734,2933,3142,3414,3222,2818,2022,1043,315,41,62119,6232,3
Sudan,1979,112175,37089,57158,20069,7206,3199,3311,7511,5961,5309,5839,6920,6251,3139,368,3965,3546,3142,2819,2711,2598,2791,3048,3308,3612,3343,2908,2075,1064,326,42,64364,6510,3
Sudan,1980,116617,38431,59219,20788,7463,3345,3466,7859,6312,5530,5979,7334,6507,3225,379,4125,3734,3323,2989,2841,2689,2855,3124,3519,3815,3497,3010,2136,1089,335,44,66682,6811,3
Sudan,1981,121249,39847,61352,21505,7738,3499,3635,8210,6696,5773,6122,7736,6785,3315,386,4292,3918,3518,3178,2983,2790,2926,3196,3727,4009,3670,3115,2198,1117,342,44,69090,7134,3
Sudan,1982,124997,41339,63587,22248,7819,3558,3740,8394,6952,5931,6177,8040,7026,3382,394,4382,4012,3642,3310,3076,2855,2962,3215,3893,4147,3831,3195,2245,1137,348,46,71406,7298,3
Sudan,1983,177003,53607,88043,34436,11758,5641,5851,14035,11076,8791,8400,10445,8727,3808,421,7343,6692,5867,5209,4620,4171,4097,4303,5145,5300,4865,3862,2564,1244,371,50,99801,11492,3
Sudan,1984,191310,54834,91085,36251,12644,6136,6956,17000,13057,10186,9281,11182,9406,3943,428,8972,8028,6934,6123,5380,4806,4608,4673,5460,5722,5317,4089,2666,1277,376,52,103729,13092,3
Sudan,1985,192745,54573,90888,36315,13018,6230,7028,16962,13298,10380,9284,11523,9712,3987,430,8977,7985,7033,6265,5522,4858,4614,4670,5575,5948,5524,4188,2701,1286,378,52,103906,13258,3
Sudan,1986,159647,44593,70951,26358,9872,4559,6198,15481,11999,9152,7975,10334,8932,3776,417,8254,7227,6358,5641,4930,4222,3969,4006,4916,5418,5058,3874,2540,1236,367,50,80823,10757,3
Sudan,1987,234521,51032,87628,36596,14361,6881,11695,31598,22878,15841,12220,14798,11775,4393,449,16974,14624,12239,10639,8766,7075,6182,6038,7086,7712,6771,5004,3007,1386,396,53,101989,18576,3
Sudan,1988,327381,58814,108284,49470,20009,9867,18694,51539,36496,24372,17384,20264,14989,5004,473,27847,23692,19502,16994,13694,10678,8906,8478,9661,10603,8683,6306,3479,1525,419,54,128293,28561,3
Sudan,1989,182400,45512,74511,28999,11858,5564,7997,19871,15348,11607,9045,12129,10151,3905,411,10761,9110,7979,7369,6397,5210,4579,4466,5504,6625,5700,4451,2654,1251,362,49,86369,13561,3
Sudan,1990,182404,45126,73627,28501,12032,5701,8012,19703,15238,11792,9011,12252,10599,4016,417,10718,8985,7840,7398,6490,5302,4585,4426,5485,6767,5947,4652,2740,1276,367,50,85659,13713,3
Sudan,1991,181353,44668,72813,28145,11928,5737,7951,19426,14944,11882,8915,12248,10963,4118,422,10613,8813,7623,7321,6521,5361,4561,4354,5421,6827,6158,4805,2824,1294,372,50,84741,13688,3
Sudan,1992,223819,48111,81888,33777,14645,7329,11141,28131,20646,16044,11254,14721,12993,4582,442,15435,12696,10544,10102,8853,7191,5832,5422,6550,8171,7419,5574,3191,1391,390,52,96533,18470,3
Sudan,1993,219591,47295,80406,33111,14347,7306,10946,27159,19799,15874,11034,14435,13182,4658,441,14948,12211,10060,9739,8714,7160,5755,5279,6380,8055,7620,5562,3267,1391,389,52,94753,18252,3
Sudan,1994,137096,39491,60806,21315,9649,4754,4840,9500,8054,8251,6726,9629,10381,4142,359,5243,4257,3920,4134,4329,3922,3496,3230,4046,5583,5889,4492,2888,1254,338,21,70455,9594,1
Sudan,1995,177836,42599,68964,26365,11749,6141,8317,18609,13395,12487,9321,11497,12365,4637,358,10379,8230,6732,6663,6624,5863,4984,4337,4903,6594,7034,5331,3278,1359,340,18,80713,14458,1
Sudan,1996,179095,42045,67820,25775,11766,6275,8732,19275,13365,12863,9806,11238,12778,4826,350,10800,8475,6767,6598,6729,6134,5310,4496,4826,6412,7181,5597,3417,1409,337,13,79586,15007,0
Sudan,1997,178522,41510,66867,25357,11518,6226,8950,19501,13038,12906,10207,10884,13079,4993,355,10971,8530,6658,6380,6646,6260,5572,4635,4755,6129,7237,5842,3524,1469,342,13,78385,15176,0
Sudan,1998,221210,44245,74094,29849,13823,7686,12971,29951,18358,17318,13437,12587,15108,5500,377,16951,13000,9585,8773,8890,8428,7421,6016,5721,6866,8273,6835,3881,1619,362,15,87917,20657,0
Sudan,1999,149722,38263,58631,20368,9877,5278,6810,13628,9154,10148,9291,9156,12320,5062,364,7730,5898,4693,4461,4976,5172,5042,4249,4164,4992,6471,5849,3508,1554,350,14,68508,12088,0
Sudan,2000,143856,37329,56379,19050,9137,4875,6421,13043,8543,9554,9302,8818,12114,5290,381,7444,5599,4432,4111,4597,4957,5008,4294,4108,4710,6201,5913,3665,1625,366,15,65516,11296,0
Sudan,2001,146111,36870,55421,18551,9227,4920,6665,14015,8871,9727,9937,9008,12264,5653,399,8032,5983,4667,4204,4620,5107,5304,4633,4311,4697,6119,6145,3926,1727,385,14,64648,11585,0
Sudan,2002,145892,36160,54185,18025,8944,4769,6701,14708,9020,9613,10354,9123,12142,5936,404,8448,6260,4814,4206,4521,5092,5463,4891,4470,4653,5886,6256,4147,1789,391,13,63129,11470,0
Sudan,2003,155931,36459,55562,19103,9256,4980,7555,17650,10271,10335,11496,9789,12316,6300,411,10123,7527,5571,4700,4852,5483,6009,5487,4919,4870,5844,6472,4452,1848,401,10,64818,12535,0
Sudan,2004,172302,37002,57806,20804,9875,5356,8931,22432,12390,11581,13134,10887,12687,6779,440,12788,9644,6831,5559,5467,6114,6817,6317,5604,5283,5958,6729,4809,1970,431,9,67681,14287,0
Sudan,2005,171803,36499,57052,20553,10003,5381,8725,22177,12284,11259,13492,11387,12455,7104,485,12499,9678,6792,5492,5312,5947,6906,6586,5950,5437,5822,6633,4986,2118,472,13,67055,14106,0
Sudan,2006,148064,34999,52313,17314,8597,4531,6537,15997,9460,8967,11834,10735,11373,7163,553,8880,7117,5195,4265,4198,4769,5921,5913,5621,5114,5298,6075,4933,2230,532,21,60910,11068,0
Sudan,2007,146135,35219,51540,16321,8494,4438,6172,15240,9286,8602,11836,11223,11170,7511,624,8326,6914,5108,4178,4053,4549,5818,6018,5911,5312,5278,5892,5092,2419,592,32,60034,10610,0
Sudan,2008,151213,36114,52831,16717,8343,4371,6405,16589,10104,8769,12208,11995,11116,7802,680,8933,7656,5616,4488,4194,4575,5907,6301,6345,5650,5375,5741,5198,2604,634,46,61174,10776,0
Sudan,2009,144322,35584,51091,15507,7965,4158,5681,14362,9339,8096,11737,12297,10923,7946,724,7624,6738,5189,4150,3891,4205,5556,6181,6459,5838,5394,5529,5189,2757,675,49,59056,9839,0
Sudan,2010,144642,35739,51231,15492,7680,4043,5550,14233,9566,7990,11671,12914,10959,8010,786,7471,6762,5353,4213,3887,4103,5425,6246,6726,6188,5545,5414,5132,2878,735,51,58911,9593,1
Sudan,2011,145883,35245,50699,15454,7690,4074,5585,14430,10016,8081,11712,13699,11167,7977,757,7507,6923,5638,4378,3985,4096,5359,6353,7064,6635,5791,5376,5027,2950,728,29,58389,9659,1
Sudan,2012,144969,34578,49994,15416,7509,3974,5477,14075,10151,8003,11500,14305,11379,7852,757,7286,6789,5726,4425,3991,4012,5193,6307,7275,7030,6030,5349,4852,3000,735,22,57503,9451,1
Sudan,2013,150918,34482,49689,15207,7722,4071,5899,15756,11498,8573,11766,15307,11973,7851,816,8154,7602,6516,4982,4354,4219,5282,6484,7693,7614,6471,5502,4765,3086,800,16,57411,9970,1
Sudan,2014,150486,34530,49419,14889,7894,4089,5713,14682,11345,8536,11553,15975,12575,7800,900,7590,7092,6339,5006,4362,4174,5159,6394,7920,8055,6905,5670,4680,3120,871,29,57313,9802,1
Sudan,2015,150801,34801,49362,14561,7724,3934,5598,14242,11443,8583,11294,16468,13256,7803,1088,7366,6876,6311,5132,4417,4166,5054,6240,8039,8429,7366,5890,4648,3155,1009,79,57086,9532,8
Sudan,2016,154333,34770,49052,14282,7887,3982,5747,14620,12080,9020,11352,17205,14252,7889,1234,7582,7038,6573,5507,4676,4344,5120,6232,8260,8945,7998,6254,4714,3175,1119,115,56939,9729,12
Sudan,2017,153352,34679,48723,14044,7689,3891,5530,13650,11759,9047,11093,17509,15136,7934,1371,7091,6559,6267,5492,4699,4348,5050,6043,8243,9266,8537,6599,4787,3147,1214,157,56412,9421,18
Sudan,2018,156554,34594,48296,13702,7736,3969,5615,13861,12162,9546,11201,18072,16349,8161,1556,7204,6657,6380,5782,4990,4556,5162,6039,8351,9721,9229,7120,4991,3170,1325,231,56032,9584,33
Sudan,2019,159540,34456,47950,13494,7808,4076,5662,13967,12463,10069,11332,18555,17585,8409,1623,7266,6701,6446,6017,5300,4769,5292,6040,8405,10150,9883,7702,5230,3179,1368,255,55758,9738,39
Sudan,2020,166330,33873,47082,13209,7468,3963,5322,13150,12167,10726,12483,21496,21002,9702,1733,6869,6281,6147,6020,5623,5103,5790,6693,9518,11978,11887,9115,6080,3622,1477,256,54550,9285,34
Sudan,2021,173951,33115,45907,12792,7670,4143,5588,14031,12972,11926,13316,22885,23422,10358,1703,7306,6725,6502,6470,6235,5691,6299,7017,9883,13002,13138,10284,6657,3701,1451,252,53577,9731,27
Suriname,1950,2171,452,551,99,27,19,36,82,91,147,299,457,303,144,14,42,40,42,49,64,83,125,174,225,232,174,129,93,51,14,0,578,55,0
Suriname,1951,2014,477,579,102,27,18,37,83,86,142,279,413,246,93,11,43,40,40,46,62,80,119,160,205,208,148,98,63,30,11,0,606,55,0
Suriname,1952,1985,479,586,107,26,18,35,83,84,135,264,406,253,88,8,43,40,40,44,59,76,113,151,199,207,153,100,60,28,8,0,612,53,0
Suriname,1953,1951,481,588,107,26,17,35,83,82,131,249,393,254,83,8,43,40,40,42,57,74,106,143,191,202,154,100,58,25,8,0,614,52,0
Suriname,1954,1916,483,592,109,25,17,34,83,81,127,235,378,255,81,6,43,40,40,41,55,72,101,134,181,197,155,100,56,25,6,0,617,51,0
Suriname,1955,1882,485,594,109,25,17,34,83,81,123,223,364,253,75,5,43,40,40,41,53,70,96,127,172,192,153,100,54,21,5,0,619,51,0
Suriname,1956,1840,486,594,108,26,17,33,82,80,118,211,345,253,73,5,42,40,40,40,51,67,90,121,161,184,153,100,52,21,5,0,620,50,0
Suriname,1957,1826,488,593,105,27,17,33,81,80,116,207,337,257,72,4,41,40,40,40,50,66,90,117,156,181,154,103,52,20,4,0,620,50,0
Suriname,1958,1798,488,592,104,28,17,32,80,80,109,196,323,257,75,4,40,40,40,40,47,62,85,111,148,175,152,105,55,20,4,0,620,49,0
Suriname,1959,1790,488,591,103,28,17,32,80,80,107,190,316,263,77,5,40,40,40,40,46,61,84,106,144,172,153,110,57,20,5,0,619,49,0
Suriname,1960,1790,488,590,102,28,16,31,80,80,106,185,310,271,87,6,40,40,40,40,46,60,83,102,140,170,156,115,62,25,6,0,618,47,0
Suriname,1961,1799,488,589,101,29,17,31,81,81,103,180,306,282,95,6,40,41,41,40,45,58,80,100,137,169,160,122,69,26,6,0,618,48,0
Suriname,1962,1805,487,587,100,29,17,30,80,81,101,177,301,290,104,8,39,41,41,40,45,56,80,97,133,168,161,129,75,29,8,0,616,47,0
Suriname,1963,1927,494,596,102,29,17,30,78,83,105,173,317,347,140,12,37,41,43,40,45,60,77,96,131,186,188,159,99,41,11,1,625,47,0
Suriname,1964,2032,487,591,104,30,17,29,75,87,104,168,320,402,190,19,35,40,43,44,45,59,76,92,125,195,211,191,130,60,17,2,621,46,0
Suriname,1965,2135,483,586,103,32,20,31,80,92,111,185,326,435,216,24,38,42,45,47,50,61,86,99,127,199,228,207,147,69,21,3,618,51,0
Suriname,1966,2124,480,583,103,32,21,32,80,95,113,191,314,428,214,23,38,42,47,48,52,61,90,101,127,187,226,202,144,70,21,2,615,53,0
Suriname,1967,2114,476,578,102,34,23,35,79,96,115,196,304,420,212,22,37,42,48,48,55,60,90,106,128,176,221,199,142,70,20,2,612,58,0
Suriname,1968,2116,471,573,102,35,26,38,80,99,121,196,302,412,210,23,39,41,48,51,58,63,88,108,133,169,214,198,138,72,21,2,608,64,0
Suriname,1969,2121,467,569,102,34,28,41,81,99,126,198,302,408,208,26,40,41,48,51,60,66,87,111,138,164,208,200,135,73,24,2,603,69,0
Suriname,1970,2135,462,562,100,35,29,46,83,101,132,196,307,403,208,32,42,41,48,53,62,70,85,111,144,163,200,203,133,75,30,2,597,75,0
Suriname,1971,2168,456,555,99,37,31,52,86,101,138,199,317,403,210,39,45,41,48,53,64,74,87,112,151,166,196,207,134,76,35,4,592,83,0
Suriname,1972,2203,448,543,95,38,33,56,93,102,144,202,331,401,212,48,51,42,48,54,66,78,91,111,159,172,193,208,138,74,42,6,581,89,0
Suriname,1973,2164,434,523,89,37,33,58,96,101,146,202,329,390,210,42,54,42,47,54,66,80,94,108,155,174,185,205,143,67,35,7,560,91,0
Suriname,1974,2128,418,500,82,33,32,58,99,98,148,204,327,378,213,37,56,43,45,53,67,81,97,107,150,177,178,200,151,62,30,7,533,90,0
Suriname,1975,2097,401,478,77,32,32,58,103,96,149,207,324,369,220,32,59,44,45,51,68,81,101,106,145,179,173,196,156,64,25,7,510,90,0
Suriname,1976,2071,383,455,72,30,31,58,106,94,149,208,320,359,231,28,60,46,45,49,68,81,102,106,140,180,171,188,162,69,22,6,485,89,0
Suriname,1977,2048,365,434,69,29,31,58,108,94,148,214,313,353,245,27,61,47,45,49,66,82,104,110,136,177,169,184,166,79,22,5,463,89,1
Suriname,1978,2022,348,413,65,28,31,58,107,92,146,217,304,345,257,29,60,47,45,47,64,82,104,113,131,173,169,176,166,91,24,5,441,89,1
Suriname,1979,2014,332,392,60,25,28,58,108,90,145,220,297,342,271,35,60,48,43,47,63,82,105,115,129,168,170,172,167,104,29,6,417,86,1
Suriname,1980,2004,316,372,56,23,26,59,108,87,142,224,289,338,286,44,60,48,42,45,61,81,105,119,126,163,168,170,168,118,38,6,395,85,1
Suriname,1981,1949,323,376,53,23,26,59,115,87,138,224,279,322,255,42,64,51,43,44,58,80,104,120,126,153,163,159,149,106,36,6,399,85,0
Suriname,1982,1904,320,373,53,23,25,59,121,88,137,227,277,308,229,42,68,53,45,43,57,80,106,121,130,147,158,150,135,94,36,6,396,84,0
Suriname,1983,1873,318,372,54,21,24,58,129,90,133,229,273,297,210,39,72,57,48,42,57,76,107,122,133,140,154,143,125,85,34,5,393,82,1
Suriname,1984,1834,314,366,52,21,23,55,135,93,130,229,272,287,191,37,75,60,50,43,55,75,107,122,136,136,148,139,114,77,32,5,387,78,1
Suriname,1985,1814,308,359,51,18,22,53,141,98,127,230,276,278,177,34,77,64,53,45,54,73,107,123,140,136,143,135,107,70,29,5,377,75,0
Suriname,1986,1856,303,354,51,18,22,60,174,114,131,235,280,270,165,32,93,81,63,51,56,75,108,127,143,137,136,134,101,64,27,5,372,82,0
Suriname,1987,1842,297,345,48,18,21,56,178,119,128,236,286,262,157,31,92,86,67,52,56,72,107,129,145,141,132,130,98,59,26,5,363,77,0
Suriname,1988,1821,289,337,48,18,21,55,180,127,128,233,293,254,147,30,89,91,71,56,57,71,104,129,146,147,127,127,93,54,25,5,355,76,0
Suriname,1989,1756,283,328,45,18,19,48,155,120,121,229,297,247,143,30,73,82,67,53,53,68,101,128,147,150,124,123,91,52,25,5,346,67,0
Suriname,1990,1751,275,318,43,18,19,46,155,129,122,228,305,243,139,26,71,84,72,57,56,66,98,130,149,156,123,120,90,49,21,5,336,65,0
Suriname,1991,1732,265,306,41,18,18,45,152,137,122,221,307,240,136,25,69,83,77,60,56,66,95,126,150,157,125,115,89,47,20,5,324,63,0
Suriname,1992,1725,254,295,41,17,18,43,150,148,126,218,312,241,134,23,66,84,84,64,60,66,93,125,153,159,131,110,89,45,18,5,312,61,1
Suriname,1993,1696,242,280,38,17,18,42,144,153,128,212,312,240,130,22,64,80,86,67,62,66,91,121,153,159,134,106,87,43,17,5,297,60,1
Suriname,1994,1665,230,266,36,16,17,39,137,156,129,205,309,238,126,22,61,76,87,69,65,64,89,116,150,159,136,102,83,43,17,5,282,56,1
Suriname,1995,1684,220,254,34,16,18,38,137,169,136,206,316,249,126,20,61,76,93,76,69,67,90,116,153,163,143,106,82,44,16,4,270,56,1
Suriname,1996,1727,210,242,32,16,19,39,133,174,146,209,334,265,125,20,59,74,92,82,75,71,92,117,159,175,153,112,80,45,16,4,258,58,1
Suriname,1997,1787,201,230,29,15,18,40,131,182,162,217,353,289,129,20,58,73,93,89,82,80,95,122,165,188,164,125,82,47,16,4,245,58,1
Suriname,1998,1900,193,221,28,15,19,41,134,192,181,232,385,322,137,20,58,76,94,98,91,90,101,131,177,208,180,142,87,50,17,3,236,60,1
Suriname,1999,2016,185,211,26,15,19,43,136,201,202,248,412,359,150,21,59,77,96,105,102,100,109,139,184,228,198,161,98,52,18,3,226,62,1
Suriname,2000,2120,179,205,26,15,18,44,134,204,219,264,436,395,163,23,59,75,95,109,110,109,118,146,192,244,217,178,109,54,20,3,220,62,1
Suriname,2001,2236,174,199,25,12,18,44,135,209,237,277,457,439,185,25,60,75,96,113,119,118,127,150,200,257,241,198,128,57,22,3,211,62,1
Suriname,2002,2367,168,191,23,12,18,45,136,211,256,295,477,482,210,30,61,75,96,115,129,127,141,154,211,266,266,216,148,62,26,4,203,63,1
Suriname,2003,2502,163,184,21,11,17,44,138,211,272,315,496,534,244,33,65,73,96,115,136,136,156,159,222,274,295,239,172,72,28,5,195,61,0
Suriname,2004,2518,158,179,21,11,14,39,132,200,277,317,489,554,270,37,63,69,92,108,136,141,160,157,220,269,302,252,185,85,30,7,190,53,0
Suriname,2005,2456,153,174,21,10,14,37,126,191,276,320,463,541,269,35,60,66,88,103,134,142,162,158,208,255,290,251,181,88,28,7,184,51,0
Suriname,2006,2403,148,169,21,10,13,35,121,182,277,323,443,527,268,34,57,64,83,99,132,145,161,162,198,245,275,252,178,90,26,8,179,48,1
Suriname,2007,2345,142,162,20,10,12,30,116,172,276,328,425,510,267,33,53,63,76,96,129,147,162,166,186,239,258,252,174,93,26,7,172,42,1
Suriname,2008,2297,138,157,19,10,12,30,112,162,273,335,410,495,268,35,50,62,71,91,124,149,164,171,177,233,244,251,174,94,28,7,167,42,1
Suriname,2009,2246,133,151,18,10,11,29,106,155,267,340,400,476,265,37,46,60,68,87,119,148,167,173,175,225,229,247,172,93,30,7,161,40,1
Suriname,2010,2260,129,146,17,9,11,26,103,151,270,356,398,471,279,40,44,59,66,85,116,154,176,180,180,218,227,244,181,98,33,7,155,37,1
Suriname,2011,2314,126,142,16,8,11,26,101,150,276,376,409,476,293,43,42,59,66,84,118,158,187,189,192,217,231,245,191,102,36,7,150,37,1
Suriname,2012,2381,122,137,15,6,11,26,100,153,281,398,426,481,310,48,41,59,70,83,119,162,199,199,209,217,237,244,204,106,40,8,143,37,1
Suriname,2013,2440,119,134,15,8,11,26,97,153,283,424,443,483,325,51,41,56,72,81,120,163,213,211,225,218,241,242,214,111,43,8,142,37,1
Suriname,2014,2468,116,131,15,7,11,24,94,151,282,443,458,478,332,57,39,55,73,78,120,162,221,222,236,222,241,237,217,115,46,11,138,35,1
Suriname,2015,2353,113,127,14,6,9,23,84,140,261,435,449,447,317,55,35,49,67,73,110,151,214,221,231,218,223,224,203,114,44,11,133,32,1
Suriname,2016,2264,110,124,14,6,8,22,76,134,242,425,442,420,308,56,32,44,63,71,100,142,205,220,225,217,208,212,192,116,45,11,130,30,1
Suriname,2017,2201,108,121,13,5,7,20,72,125,227,418,445,402,298,57,31,41,59,66,94,133,198,220,225,220,196,206,182,116,45,12,126,27,2
Suriname,2018,2259,105,118,13,5,7,19,70,124,225,433,478,408,308,61,30,40,56,68,91,134,199,234,239,239,197,211,184,124,49,12,123,26,2
Suriname,2019,2386,102,114,12,5,7,20,70,128,232,458,521,433,325,69,30,40,56,72,92,140,205,253,260,261,212,221,191,134,54,15,119,27,2
Suriname,2020,2400,99,111,12,5,7,19,67,125,224,459,543,438,324,74,29,38,53,72,89,135,201,258,275,268,220,218,190,134,58,16,116,26,3
Suriname,2021,2946,97,109,12,5,7,19,71,137,251,544,675,579,448,99,30,41,57,80,101,150,228,316,340,335,294,285,262,186,78,21,114,26,4
Sweden,1950,35377,1386,1765,379,220,125,204,778,1014,1881,3713,6900,10265,7365,1148,360,418,426,588,741,1140,1574,2139,3015,3885,4949,5316,4434,2931,998,150,1985,329,9
Sweden,1951,35321,1356,1692,336,235,121,219,678,977,1939,3723,6869,10183,7454,1221,320,358,453,524,792,1147,1555,2168,2997,3872,4897,5286,4388,3066,1070,151,1927,340,10
Sweden,1952,34826,1265,1580,315,225,116,226,627,999,1858,3785,6907,10145,7233,1114,294,333,454,545,778,1080,1601,2184,2949,3958,4773,5372,4228,3005,976,138,1805,342,9
Sweden,1953,35438,1176,1455,279,250,148,235,689,988,1864,3836,7090,10491,7240,1142,327,362,454,534,767,1097,1521,2315,2996,4094,4906,5585,4532,2708,991,151,1705,383,10
Sweden,1954,35323,1161,1411,250,162,127,193,579,920,1875,3744,7142,10714,7251,1194,278,301,404,516,741,1134,1535,2209,2949,4193,5104,5610,4700,2551,1038,156,1573,320,11
Sweden,1955,35588,1077,1335,258,199,134,225,538,897,1785,3942,7160,10759,7388,1217,262,276,390,507,704,1081,1577,2365,3124,4036,5054,5705,4779,2609,1043,174,1534,359,11
Sweden,1956,36654,1059,1303,244,194,124,244,541,932,1868,3976,7353,11010,7897,1199,250,291,422,510,745,1123,1638,2338,3214,4139,5205,5805,5086,2811,1034,165,1497,368,10
Sweden,1957,38112,1076,1326,250,192,172,233,536,905,1831,4132,7698,11424,8398,1254,247,289,395,510,702,1129,1712,2420,3400,4298,5361,6063,5305,3093,1071,183,1518,405,12
Sweden,1958,36879,973,1195,222,159,134,252,481,836,1667,3850,7517,11193,8303,1278,229,252,333,503,652,1015,1562,2288,3260,4257,5394,5799,5294,3009,1080,198,1354,386,14
Sweden,1959,37090,1021,1237,216,161,133,261,539,794,1721,3910,7237,11375,8497,1213,281,258,329,465,605,1116,1590,2320,3073,4164,5521,5854,5365,3132,1018,195,1398,394,14
Sweden,1960,39489,973,1178,205,140,121,259,502,794,1746,4175,8082,12167,9029,1281,250,252,322,472,681,1065,1612,2563,3518,4564,5878,6289,5766,3263,1073,208,1318,380,16
Sweden,1961,38783,948,1143,195,138,117,272,491,779,1629,4165,8060,11806,8891,1272,246,245,326,453,628,1001,1706,2459,3506,4554,5652,6154,5620,3271,1072,200,1281,389,15
Sweden,1962,40935,970,1152,182,133,114,280,523,718,1746,4252,8520,12654,9505,1321,280,243,283,435,707,1039,1737,2515,3707,4813,5854,6800,5813,3692,1113,208,1285,394,16
Sweden,1963,40879,1028,1191,163,144,111,314,560,720,1684,4238,8478,12434,9536,1451,307,253,289,431,638,1046,1646,2592,3773,4705,5747,6687,5936,3600,1239,212,1335,425,18
Sweden,1964,41179,1027,1177,150,131,121,335,596,745,1738,4419,8620,12531,9359,1386,331,265,288,457,696,1042,1702,2717,3659,4961,5886,6645,5784,3575,1196,190,1308,456,16
Sweden,1965,42070,918,1085,167,145,107,300,602,788,1668,4368,8797,12924,9716,1552,328,274,313,475,685,983,1783,2585,3823,4974,6174,6750,5998,3718,1336,216,1230,407,19
Sweden,1966,42339,931,1116,185,117,98,293,618,734,1791,4322,9052,12908,9724,1552,368,250,293,441,701,1090,1723,2599,3859,5193,6133,6775,5936,3788,1350,202,1233,391,17
Sweden,1967,43113,878,1023,145,106,87,228,681,782,1866,4439,9241,13199,9803,1637,358,323,339,443,729,1137,1733,2706,3955,5286,6327,6872,6074,3729,1411,226,1129,315,19
Sweden,1968,44232,851,1014,163,118,96,269,727,839,1785,4418,9187,13635,10414,1714,388,339,372,467,613,1172,1660,2758,3895,5292,6573,7062,6418,3996,1490,224,1132,365,17
Sweden,1969,45079,766,930,164,131,83,271,714,757,1841,4431,9744,14047,10306,1800,361,353,341,416,662,1179,1648,2783,4168,5576,6924,7123,6360,3946,1542,258,1061,354,20
Sweden,1970,43397,730,887,157,129,96,265,721,739,1781,4346,9497,13375,9838,1710,363,358,350,389,653,1128,1695,2651,4111,5386,6580,6795,6012,3826,1461,249,1016,361,18
Sweden,1971,45485,754,861,107,120,103,276,732,788,1827,4427,9842,14264,10448,1769,370,362,349,439,693,1134,1750,2677,4230,5612,6956,7308,6355,4093,1490,279,981,379,21
Sweden,1972,45965,732,850,118,127,82,272,765,788,1814,4502,9794,14601,10453,1894,365,400,375,413,652,1162,1799,2703,4116,5678,7135,7466,6403,4050,1565,329,977,354,26
Sweden,1973,47124,601,710,109,101,82,248,730,817,1698,4494,10220,14973,11081,1945,355,375,389,428,661,1037,1805,2689,4242,5978,7184,7789,6624,4457,1609,336,811,330,27
Sweden,1974,47538,601,712,111,97,91,232,677,857,1719,4532,10181,15239,11146,2019,313,364,440,417,657,1062,1895,2637,4233,5948,7313,7926,6731,4415,1663,356,809,323,31
Sweden,1975,48337,510,621,111,114,82,243,761,900,1719,4448,10399,15497,11320,2198,373,388,421,479,656,1063,1803,2645,4222,6177,7426,8071,6910,4410,1812,386,735,325,36
Sweden,1976,49650,455,554,99,98,101,218,712,928,1623,4634,10516,16143,11733,2353,324,388,441,487,630,993,1774,2860,4246,6270,7808,8335,7161,4572,1964,389,652,319,39
Sweden,1977,48640,439,549,110,80,76,204,710,971,1683,4508,10333,15729,11557,2198,310,400,460,511,688,995,1729,2779,4118,6215,7497,8232,7085,4472,1845,353,629,280,37
Sweden,1978,49229,419,498,79,90,90,228,705,987,1623,4487,10272,16218,11768,2229,324,381,493,494,661,962,1656,2831,4046,6226,7763,8455,7185,4583,1877,352,588,318,37
Sweden,1979,49938,420,515,95,82,66,221,651,1050,1615,4506,10050,16727,12085,2328,304,347,484,566,631,984,1656,2850,3937,6113,8039,8688,7421,4664,1928,400,597,287,43
Sweden,1980,49812,399,474,75,72,68,184,651,999,1632,4254,10045,16567,12316,2504,282,369,451,548,661,971,1554,2700,4079,5966,8017,8550,7570,4746,2057,447,546,252,47
Sweden,1981,49721,351,413,62,66,73,197,585,945,1542,4073,10032,16727,12613,2409,281,304,407,538,642,900,1525,2548,4035,5997,8004,8723,7701,4912,1958,451,479,270,44
Sweden,1982,48976,338,410,72,52,41,182,553,989,1520,3850,9784,16566,12566,2416,231,322,394,595,634,886,1388,2462,4041,5743,7892,8674,7754,4812,1955,461,462,223,45
Sweden,1983,48996,331,391,60,62,54,207,582,868,1485,3690,9497,16598,12976,2532,270,312,350,518,661,824,1401,2289,3962,5535,7828,8770,7841,5135,2066,466,453,261,48
Sweden,1984,48523,354,398,44,48,60,192,599,923,1503,3515,9236,16678,12785,2534,283,316,365,558,676,827,1298,2217,3870,5366,7597,9081,7851,4934,2067,467,446,252,51
Sweden,1985,50105,372,430,58,49,49,186,544,869,1549,3481,9379,16943,13773,2794,274,270,357,512,684,865,1278,2203,3837,5542,7709,9234,8364,5409,2276,518,479,235,58
Sweden,1986,49574,351,411,60,46,77,185,598,887,1608,3332,9035,16840,13803,2696,304,294,342,545,707,901,1230,2102,3483,5552,7632,9208,8357,5446,2214,482,457,262,55
Sweden,1987,49384,364,425,61,39,60,194,612,841,1617,3348,8655,16643,13968,2919,295,317,359,482,698,919,1285,2063,3337,5318,7413,9230,8389,5579,2394,525,464,254,61
Sweden,1988,50393,390,453,63,41,62,184,603,878,1693,3168,8856,16546,14866,2984,311,292,380,498,782,911,1233,1935,3391,5465,7192,9354,8947,5919,2452,532,494,246,59
Sweden,1989,47851,397,460,63,37,45,207,569,854,1617,3064,8195,15652,14157,2938,263,306,360,494,736,881,1198,1866,2995,5200,6795,8857,8526,5631,2398,540,497,252,60
Sweden,1990,49000,424,498,74,46,42,181,562,730,1681,3022,7900,16139,15153,2989,266,296,318,412,705,976,1164,1858,2962,4938,6975,9164,9025,6128,2446,543,544,223,60
Sweden,1991,49090,414,472,58,33,32,181,542,759,1749,3065,7766,15811,15292,3322,239,303,333,426,697,1052,1177,1888,2910,4856,6929,8882,9175,6117,2709,613,505,213,67
Sweden,1992,48398,370,440,70,36,39,126,499,721,1648,2924,7484,15527,15506,3387,223,276,300,421,625,1023,1204,1720,2865,4619,6992,8535,9208,6298,2772,615,476,165,66
Sweden,1993,48970,323,389,66,51,44,129,467,721,1613,3005,7078,15542,16257,3604,215,252,294,427,616,997,1281,1724,2643,4435,6899,8643,9439,6818,2937,667,440,173,71
Sweden,1994,46483,271,335,64,35,36,112,458,735,1597,2961,6647,14744,15347,3412,195,263,298,437,618,979,1276,1685,2552,4095,6642,8102,8955,6392,2785,627,370,148,68
Sweden,1995,47514,239,289,50,36,38,116,409,664,1574,3027,6551,14856,16152,3729,195,214,300,364,595,979,1365,1662,2511,4040,6564,8292,9142,7010,3051,678,325,154,72
Sweden,1996,47041,198,255,57,34,33,93,401,638,1420,3047,6388,14374,16358,3927,169,232,281,357,533,887,1433,1614,2449,3939,6107,8267,9129,7229,3213,714,289,126,76
Sweden,1997,46645,185,236,51,53,28,77,397,634,1352,3142,6201,14290,16099,4063,197,200,263,371,517,835,1449,1693,2427,3774,5938,8352,8887,7212,3313,750,289,105,80
Sweden,1998,46601,184,233,49,48,39,138,368,607,1249,3142,6073,14060,16313,4252,174,194,265,342,472,777,1407,1735,2386,3687,5679,8381,8831,7482,3481,771,281,177,80
Sweden,1999,46583,182,207,25,40,54,96,392,600,1287,3201,5818,13878,16452,4473,180,212,255,345,511,776,1377,1824,2330,3488,5528,8350,8825,7627,3643,830,247,150,85
Sweden,2000,45641,187,212,25,30,41,123,422,558,1224,3145,5681,13255,16298,4566,201,221,246,312,453,771,1320,1825,2351,3330,5264,7991,8737,7561,3724,842,242,164,85
Sweden,2001,45375,187,222,35,23,36,104,414,601,1242,3246,5663,12522,16376,4836,215,199,249,352,467,775,1271,1975,2378,3285,4961,7561,8947,7429,3948,888,245,140,90
Sweden,2002,45765,174,220,46,16,41,109,390,538,1131,3274,5697,12323,16907,5027,210,180,231,307,456,675,1214,2060,2414,3283,4946,7377,9206,7701,4076,951,236,150,95
Sweden,2003,45299,185,232,47,28,36,107,366,514,1186,3139,5770,11956,16977,4896,186,180,193,321,465,721,1152,1987,2470,3300,4897,7059,9346,7631,3970,926,260,143,92
Sweden,2004,43921,170,192,22,17,36,116,414,487,1114,3131,5810,11104,16408,4995,226,188,199,288,418,696,1142,1989,2527,3283,4598,6506,8987,7421,4021,974,209,152,97
Sweden,2005,44888,131,177,46,33,38,107,383,474,1108,3015,6060,11081,16911,5395,180,203,194,280,440,668,1086,1929,2686,3374,4503,6578,9092,7819,4292,1103,210,145,108
Sweden,2006,44188,166,200,34,30,35,125,360,470,1043,2942,6127,10668,16783,5305,187,173,182,288,436,607,1109,1833,2792,3335,4376,6292,8666,8117,4204,1101,230,160,108
Sweden,2007,43992,148,177,29,20,29,140,407,453,1079,2821,6287,10267,16589,5602,197,210,192,261,441,638,1076,1745,2918,3369,4154,6113,8406,8183,4409,1193,197,169,121
Sweden,2008,44055,140,169,29,17,33,120,413,483,1033,2714,6422,10196,16761,5570,210,203,228,255,436,597,1058,1656,2932,3490,4279,5917,8243,8518,4376,1194,186,153,122
Sweden,2009,43660,148,201,53,28,37,108,403,478,1028,2649,6274,10087,16454,5785,204,199,198,280,419,609,1031,1618,2756,3518,4254,5833,7910,8544,4532,1253,229,145,131
Sweden,2010,43849,158,194,36,13,25,110,419,427,1006,2529,6511,10239,16255,5986,207,212,200,227,384,622,975,1554,2783,3728,4347,5892,7810,8445,4737,1249,207,135,136
Sweden,2011,43596,126,163,37,22,22,112,398,443,1020,2479,6516,10122,15779,6376,203,195,204,239,378,642,910,1569,2525,3991,4355,5767,7563,8216,5087,1289,185,134,145
Sweden,2012,44201,167,203,36,22,25,88,436,437,982,2361,6372,10247,16111,6761,213,223,195,242,356,626,901,1460,2460,3912,4544,5703,7746,8365,5399,1362,225,113,152
Sweden,2013,43724,166,194,28,17,29,91,450,483,945,2320,6432,10299,15368,6930,211,239,224,259,338,607,939,1381,2443,3989,4652,5647,7395,7973,5482,1448,211,120,164
Sweden,2014,43297,151,177,26,17,22,84,453,489,975,2275,6236,10582,15101,6728,227,226,261,228,363,612,893,1382,2294,3942,4812,5770,7246,7855,5347,1381,194,106,157
Sweden,2015,44448,165,200,35,17,24,86,503,482,907,2362,6026,11139,15355,7172,231,272,225,257,352,555,938,1424,2214,3812,5219,5920,7252,8103,5592,1580,217,110,172
Sweden,2016,44328,155,186,31,27,18,74,427,528,943,2216,5999,11467,14980,7284,173,254,258,270,365,578,898,1318,2259,3740,5388,6079,7244,7736,5557,1727,213,92,181
Sweden,2017,44821,143,167,24,19,29,87,502,516,908,2172,5660,11583,15374,7605,206,296,239,277,373,535,890,1282,2180,3480,5417,6166,7288,8086,5731,1874,186,116,196
Sweden,2018,45436,130,167,37,13,36,89,465,513,855,2221,5703,12079,15610,7486,202,263,246,267,352,503,935,1286,2162,3541,5562,6517,7574,8036,5615,1871,180,125,199
Sweden,2019,43995,129,153,24,19,20,89,441,490,794,2102,5337,11995,15051,7305,196,245,240,250,330,464,822,1280,2038,3299,5364,6631,7379,7672,5442,1863,172,109,204
Sweden,2020,49401,153,180,27,18,36,113,435,462,805,2336,5633,13394,17370,8382,182,253,241,221,309,496,883,1453,2166,3467,5682,7712,8626,8744,6276,2106,198,149,242
Sweden,2021,47217,121,143,22,19,20,92,413,585,851,2342,5366,13386,16308,7451,172,241,297,288,319,532,865,1477,2112,3254,5151,8235,8326,7982,5567,1884,162,112,241
Switzerland,1950,24141,1525,1865,340,132,108,193,626,793,1635,3170,5276,6805,3264,279,295,331,320,473,659,976,1370,1800,2333,2943,3581,3224,2214,1050,249,30,1997,301,2
Switzerland,1951,25503,1388,1772,384,170,117,209,631,853,1661,3232,5458,7380,3666,350,300,331,385,468,656,1005,1405,1827,2329,3129,3771,3609,2424,1242,311,39,1942,326,2
Switzerland,1952,24325,1389,1714,325,154,103,197,636,709,1560,3146,5163,7020,3566,355,309,327,304,405,636,924,1355,1791,2191,2972,3542,3478,2396,1170,316,39,1868,300,3
Switzerland,1953,25489,1383,1672,289,174,107,177,578,740,1623,3322,5474,7299,3959,358,297,281,340,400,640,983,1455,1867,2398,3076,3620,3679,2671,1288,314,44,1846,284,3
Switzerland,1954,25177,1264,1550,286,150,109,195,607,671,1537,3375,5444,7248,3907,379,314,293,311,360,610,927,1454,1921,2341,3103,3545,3703,2619,1288,327,52,1700,304,3
Switzerland,1955,25678,1240,1525,285,164,106,184,615,691,1519,3360,5476,7462,4166,410,326,289,349,342,571,948,1452,1908,2437,3039,3546,3916,2811,1355,356,54,1689,290,3
Switzerland,1956,26394,1270,1554,284,163,120,187,644,668,1550,3365,5532,7725,4461,424,333,311,316,352,568,982,1439,1926,2489,3043,3722,4003,2993,1468,372,52,1717,307,4
Switzerland,1957,26566,1186,1494,308,154,123,209,658,680,1495,3506,5770,7634,4395,443,342,316,300,380,532,963,1435,2071,2594,3176,3749,3885,2987,1408,395,48,1648,332,3
Switzerland,1958,25520,1146,1392,246,161,116,201,655,712,1438,3471,5508,7166,4256,442,341,314,327,385,556,882,1434,2037,2498,3010,3514,3652,2842,1414,385,57,1553,317,5
Switzerland,1959,26016,1200,1454,254,108,112,221,600,683,1369,3509,5630,7326,4543,457,302,298,278,405,486,883,1439,2070,2608,3022,3576,3750,3017,1526,400,57,1562,333,7
Switzerland,1960,27030,1162,1435,273,125,105,209,603,677,1382,3468,6012,7635,4870,502,330,273,321,356,504,878,1424,2044,2781,3231,3617,4018,3229,1641,434,68,1560,314,6
Switzerland,1961,26883,1224,1455,231,126,98,260,642,644,1328,3620,6051,7500,4640,515,356,286,298,346,498,830,1452,2168,2846,3205,3688,3812,3039,1601,445,70,1581,358,5
Switzerland,1962,28779,1269,1514,245,144,108,278,620,725,1420,3672,6406,8012,5318,559,332,288,320,405,535,885,1432,2240,2929,3477,3904,4108,3392,1926,480,79,1658,386,6
Switzerland,1963,30028,1314,1590,276,135,104,260,624,736,1453,3760,6697,8400,5630,636,336,288,327,409,589,864,1456,2304,3024,3673,3981,4419,3554,2076,556,80,1725,364,7
Switzerland,1964,28283,1262,1494,232,142,100,258,663,684,1369,3601,6569,7620,5161,615,357,306,307,377,605,764,1437,2164,2995,3574,3822,3798,3277,1884,542,73,1636,358,5
Switzerland,1965,29015,1123,1355,232,130,107,222,604,645,1339,3446,6763,8197,5522,679,306,298,293,352,567,772,1277,2169,2962,3801,4033,4164,3562,1960,602,77,1485,329,6
Switzerland,1966,29056,1073,1321,248,137,96,263,635,647,1326,3555,6740,8179,5471,680,335,300,303,344,551,775,1387,2168,2986,3754,4184,3995,3405,2066,596,84,1458,359,5
Switzerland,1967,28956,1105,1314,209,167,105,255,672,693,1284,3397,6900,8195,5238,729,383,289,320,373,526,758,1285,2112,2995,3905,4247,3948,3368,1870,641,88,1481,360,5
Switzerland,1968,29974,950,1181,231,145,112,227,636,642,1362,3478,6965,8647,5766,801,349,287,270,372,523,839,1262,2216,3025,3940,4263,4384,3632,2134,701,100,1326,339,7
Switzerland,1969,30401,903,1122,219,159,120,230,727,737,1406,3355,7238,8842,5683,776,396,331,310,427,521,885,1225,2130,3146,4092,4555,4287,3560,2123,676,100,1281,350,6
Switzerland,1970,29958,899,1085,186,163,106,278,751,712,1433,3247,7045,8705,5593,833,429,322,335,377,553,880,1190,2057,3032,4013,4498,4207,3475,2118,727,106,1248,384,7
Switzerland,1971,30299,815,1025,210,149,126,278,715,664,1460,3145,7191,8920,5769,846,409,306,269,395,571,889,1198,1947,3118,4073,4479,4441,3622,2147,736,110,1174,404,7
Switzerland,1972,29646,706,906,200,147,108,281,743,673,1376,3102,6968,8846,5566,922,411,332,298,375,572,804,1255,1847,2980,3988,4511,4335,3509,2057,797,125,1053,389,7
Switzerland,1973,29696,676,833,157,135,105,255,705,627,1329,2977,6956,9122,5700,944,377,328,274,353,523,806,1235,1742,3027,3929,4593,4529,3555,2145,813,131,968,360,7
Switzerland,1974,29805,628,791,163,118,109,287,708,616,1280,2949,6834,9258,5839,1010,411,297,283,333,519,761,1258,1691,2815,4019,4742,4516,3646,2193,865,145,909,396,8
Switzerland,1975,29703,499,638,139,102,95,270,706,645,1387,3001,6743,9211,5882,1005,384,322,300,345,544,843,1270,1731,2694,4049,4621,4590,3692,2190,851,154,740,365,11
Switzerland,1976,30252,468,576,108,112,78,253,676,639,1343,2969,6695,9573,6201,1125,364,312,301,338,513,830,1262,1707,2747,3948,4773,4800,3879,2322,943,182,688,331,11
Switzerland,1977,29576,397,499,102,91,108,249,707,670,1319,3003,6479,9377,6074,987,393,314,331,339,521,798,1250,1753,2496,3983,4627,4750,3849,2225,820,167,590,357,12
Switzerland,1978,30527,375,482,107,110,114,239,680,706,1292,3083,6339,9866,6462,1138,370,310,321,385,503,789,1248,1835,2469,3870,4836,5030,4112,2350,940,198,592,353,14
Switzerland,1979,30139,362,441,79,71,99,235,707,719,1205,3083,6128,9707,6567,1163,387,320,369,350,467,738,1215,1868,2373,3755,4724,4983,4111,2456,972,191,512,334,15
Switzerland,1980,30833,396,473,77,81,80,264,700,711,1240,3048,6116,9968,6968,1167,398,302,302,409,517,723,1150,1898,2410,3706,4908,5060,4351,2617,969,198,554,344,19
Switzerland,1981,31182,328,419,91,61,81,261,742,681,1246,3032,6083,10121,7238,1198,448,294,318,363,470,776,1198,1834,2505,3578,4859,5262,4483,2755,999,199,480,342,21
Switzerland,1982,30702,311,400,89,53,70,263,745,678,1319,3037,5763,9907,7189,1252,422,323,303,375,524,795,1172,1865,2395,3368,4753,5154,4458,2731,1033,219,453,333,22
Switzerland,1983,31621,320,409,89,67,80,270,787,695,1260,2930,5933,10077,7717,1368,452,335,288,407,495,765,1148,1782,2607,3326,4750,5327,4806,2911,1132,236,476,350,24
Switzerland,1984,30431,309,390,81,52,58,242,729,707,1214,2872,5658,9672,7518,1299,389,340,296,411,503,711,1107,1765,2546,3112,4493,5179,4632,2886,1077,222,442,300,24
Switzerland,1985,30929,291,369,78,45,75,251,690,666,1200,2850,5725,9712,7896,1431,356,334,269,397,497,703,1103,1747,2519,3206,4417,5295,4792,3104,1182,249,414,326,25
Switzerland,1986,30891,300,374,74,39,64,248,718,677,1231,2774,5713,9545,7898,1584,394,324,284,393,537,694,1121,1653,2439,3274,4298,5247,4896,3002,1317,267,413,312,27
Switzerland,1987,30727,293,357,64,44,36,225,774,750,1240,2775,5588,9358,8011,1541,426,348,345,405,558,682,1113,1662,2354,3234,4137,5221,4864,3147,1273,268,401,261,30
Switzerland,1988,31277,334,408,74,49,57,205,816,740,1266,2674,5623,9203,8545,1666,403,413,350,390,558,708,1039,1635,2382,3241,3928,5275,5125,3420,1383,283,457,262,31
Switzerland,1989,31328,334,403,69,34,57,204,866,804,1279,2668,5459,8947,8831,1745,417,449,420,384,553,726,1041,1627,2238,3221,3792,5155,5201,3630,1449,296,437,261,30
Switzerland,1990,32482,314,391,77,38,38,219,847,845,1333,2614,5666,9117,9385,1955,394,453,428,417,574,759,1033,1581,2329,3337,3843,5274,5400,3985,1621,334,429,257,34
Switzerland,1991,32058,312,372,60,55,53,187,910,880,1519,2638,5432,8836,9253,1894,436,474,482,398,660,859,1036,1602,2227,3205,3914,4922,5483,3770,1565,329,427,240,31
Switzerland,1992,31661,329,389,60,39,45,154,862,972,1403,2633,5317,8752,9114,1950,406,456,498,474,601,802,1048,1585,2210,3107,4011,4741,5360,3754,1609,341,428,199,30
Switzerland,1993,31497,246,298,52,58,36,147,791,941,1391,2472,5240,8732,9201,2156,369,422,506,435,566,825,1048,1424,2133,3107,3982,4750,5252,3949,1771,385,356,183,34
Switzerland,1994,31221,245,317,72,48,54,127,815,961,1428,2482,4944,8374,9362,2264,363,452,480,481,584,844,1096,1386,2006,2938,3975,4399,5328,4034,1849,415,365,181,41
Switzerland,1995,31635,237,300,63,36,46,166,643,947,1392,2613,5052,8487,9391,2521,294,349,462,485,559,833,1128,1485,2112,2940,4037,4450,5226,4165,2064,457,336,212,45
Switzerland,1996,30787,227,284,57,42,31,128,588,893,1261,2487,4760,8383,9368,2515,272,316,432,461,511,750,1094,1393,1961,2799,3940,4443,5133,4235,2054,461,326,159,46
Switzerland,1997,30690,198,261,63,28,33,133,510,766,1302,2581,4749,8245,9344,2692,254,256,374,392,510,792,1139,1442,1953,2796,3724,4521,4985,4359,2180,512,289,166,50
Switzerland,1998,30992,223,271,48,31,45,134,502,688,1227,2600,4720,8506,9511,2711,236,266,342,346,524,703,1102,1498,2072,2648,3725,4781,4978,4533,2197,514,302,179,46
Switzerland,1999,30426,214,263,49,31,39,120,457,610,1179,2502,4633,8444,9224,2873,207,250,278,332,501,678,1066,1436,2013,2620,3683,4761,4817,4407,2330,543,294,159,51
Switzerland,2000,30388,213,257,44,31,43,116,461,653,1185,2640,4599,8276,9184,2884,214,247,281,372,506,679,1084,1556,1901,2698,3526,4750,4812,4372,2356,528,288,159,56
Switzerland,2001,29859,203,256,53,23,36,127,372,636,1207,2534,4490,8008,9101,3008,192,180,266,370,486,721,1065,1469,1838,2652,3507,4501,4811,4290,2422,586,279,163,60
Switzerland,2002,29660,179,223,44,24,28,107,388,618,1164,2514,4330,7974,9169,3055,180,208,251,367,477,687,1007,1507,1897,2433,3546,4428,4932,4237,2445,610,247,135,68
Switzerland,2003,30269,164,195,31,25,35,119,363,580,1087,2606,4396,7810,9686,3298,194,169,227,353,447,640,1040,1566,1903,2493,3365,4445,5268,4418,2636,662,220,154,73
Switzerland,2004,28960,181,221,40,19,31,117,347,550,1149,2489,4301,7379,9086,3204,165,182,194,356,470,679,987,1502,1886,2415,3283,4096,5070,4016,2559,645,240,148,73
Switzerland,2005,29686,178,213,35,26,31,99,316,513,1153,2429,4327,7483,9585,3441,178,138,190,323,476,677,967,1462,1970,2357,3218,4265,5298,4287,2719,722,239,130,76
Switzerland,2006,29150,182,211,29,27,27,100,310,474,1061,2330,4203,7412,9581,3339,140,170,189,285,431,630,875,1455,1957,2246,3140,4272,5120,4461,2613,726,238,127,78
Switzerland,2007,29502,154,176,22,21,21,102,319,399,1052,2357,4479,7253,9808,3431,163,156,150,249,441,611,939,1418,2083,2396,3128,4125,5075,4733,2656,775,197,123,84
Switzerland,2008,29436,168,192,24,22,24,101,288,422,1071,2237,4477,7038,9940,3538,137,151,172,250,407,664,894,1343,2018,2459,2987,4051,5070,4870,2692,846,214,125,90
Switzerland,2009,29991,196,217,21,19,24,101,299,422,1070,2322,4405,7245,10256,3527,151,148,158,264,419,651,986,1336,1961,2444,3071,4174,5208,5048,2650,877,236,125,91
Switzerland,2010,30303,149,171,22,13,20,83,228,356,1078,2264,4599,7221,10382,3779,104,124,147,209,427,651,922,1342,1965,2634,2977,4244,5223,5159,2811,968,184,103,109
Switzerland,2011,30038,170,191,21,24,24,78,256,367,1025,2185,4483,7138,10315,3846,131,125,152,215,356,669,932,1253,1876,2607,2972,4166,5132,5183,2934,912,215,102,111
Switzerland,2012,30635,159,186,27,11,20,85,228,356,952,2268,4599,7145,10448,4214,111,117,150,206,366,586,962,1306,1962,2637,3017,4128,5146,5302,3244,970,197,105,128
Switzerland,2013,31228,184,212,28,18,17,77,254,337,980,2303,4485,7194,10774,4437,109,145,152,185,359,621,932,1371,1874,2611,3203,3991,5446,5328,3488,949,230,94,140
Switzerland,2014,30896,196,213,17,12,15,70,224,354,878,2289,4525,7099,10663,4413,94,130,156,198,330,548,941,1348,1794,2731,3199,3900,5261,5402,3498,915,225,85,148
Switzerland,2015,32619,203,229,26,16,17,76,263,335,883,2251,4584,7742,11223,4847,126,137,146,189,306,577,910,1341,1926,2658,3526,4216,5527,5696,3828,1019,245,93,153
Switzerland,2016,31188,149,164,15,10,19,46,241,316,786,2227,4318,7269,10920,4735,108,133,134,182,293,493,946,1281,1784,2534,3383,3886,5327,5593,3693,1042,174,65,138
Switzerland,2017,32382,179,209,30,14,15,64,239,356,821,2307,4330,7639,11169,5078,112,127,155,201,285,536,964,1343,1812,2518,3514,4125,5343,5826,3882,1196,223,79,143
Switzerland,2018,32436,155,180,25,20,18,74,232,344,814,2181,4302,7700,11154,5276,108,124,129,215,297,517,902,1279,1817,2485,3535,4165,5403,5751,4005,1271,200,92,146
Switzerland,2019,32688,149,175,26,18,14,63,227,316,714,2154,4205,8045,11361,5256,110,117,140,176,272,442,837,1317,1803,2402,3637,4408,5384,5977,3952,1304,193,77,144
Switzerland,2020,37532,178,206,28,18,21,70,249,346,726,2243,4501,8966,13521,6488,119,130,142,204,255,471,886,1357,1937,2564,3861,5105,6343,7178,4889,1599,224,91,183
Switzerland,2021,34380,147,172,25,18,18,55,209,292,627,2132,4399,8490,12078,5719,93,116,133,159,253,374,745,1387,1947,2452,3495,4995,5519,6559,4316,1403,190,73,177
Syria,1950,48634,15191,23103,7912,898,520,717,1817,1586,1768,2710,4716,6432,3866,499,943,874,794,792,835,933,1206,1504,2066,2650,3168,3264,2512,1354,436,63,24001,1237,4
Syria,1951,48487,15453,23311,7858,931,523,712,1839,1614,1769,2659,4577,6267,3791,488,947,892,812,802,844,925,1186,1473,2003,2574,3081,3186,2467,1324,425,63,24242,1235,4
Syria,1952,48186,15521,23256,7735,974,531,712,1858,1651,1779,2623,4463,6128,3731,478,949,909,835,816,856,923,1166,1457,1952,2511,3008,3120,2429,1302,417,61,24230,1243,4
Syria,1953,47637,15595,23193,7598,1018,528,701,1840,1660,1766,2560,4306,5939,3648,466,932,908,845,815,853,913,1132,1428,1882,2424,2912,3027,2375,1273,405,61,24211,1229,4
Syria,1954,46140,15174,22312,7138,1026,522,682,1792,1647,1741,2489,4147,5748,3568,459,903,889,841,806,842,899,1095,1394,1810,2337,2814,2934,2319,1249,399,60,23338,1204,4
Syria,1955,44649,14785,21533,6748,1001,510,659,1724,1619,1706,2410,3987,5556,3490,448,865,859,827,792,824,882,1056,1354,1741,2246,2716,2840,2264,1226,390,58,22534,1169,4
Syria,1956,43501,14385,20808,6423,995,516,650,1691,1621,1701,2359,3874,5407,3433,443,846,845,827,794,822,879,1035,1324,1699,2175,2640,2767,2222,1211,385,58,21803,1166,4
Syria,1957,42235,13985,20110,6125,968,514,632,1621,1592,1671,2296,3757,5255,3378,439,812,809,807,785,805,866,1013,1283,1659,2098,2560,2695,2179,1199,383,56,21078,1146,4
Syria,1958,41260,13631,19474,5843,955,527,627,1583,1587,1669,2256,3676,5131,3333,437,793,790,798,789,804,865,1004,1252,1636,2040,2495,2636,2142,1191,381,56,20429,1154,4
Syria,1959,40304,13309,18911,5602,938,534,619,1528,1563,1657,2220,3597,5012,3288,436,768,760,779,784,796,861,997,1223,1612,1985,2432,2580,2107,1181,380,56,19849,1153,4
Syria,1960,39350,13017,18376,5359,928,534,613,1481,1538,1648,2184,3512,4875,3227,431,749,732,759,779,791,857,988,1196,1580,1932,2361,2514,2062,1165,375,56,19304,1147,4
Syria,1961,38440,12734,17890,5156,913,529,611,1429,1500,1636,2155,3430,4741,3170,429,728,701,732,768,787,849,981,1174,1543,1887,2290,2451,2021,1149,374,55,18803,1140,4
Syria,1962,37973,12543,17527,4984,926,536,627,1418,1501,1656,2168,3396,4654,3133,426,727,691,725,776,802,854,992,1176,1523,1873,2244,2410,1994,1139,373,53,18453,1163,4
Syria,1963,37572,12395,17207,4812,939,540,650,1411,1504,1683,2185,3366,4562,3093,426,728,683,719,785,819,864,1003,1182,1502,1864,2197,2365,1965,1128,373,53,18146,1190,4
Syria,1964,36910,12303,16971,4668,913,523,655,1360,1446,1665,2167,3302,4443,3035,421,708,652,685,761,812,853,993,1174,1466,1836,2138,2305,1925,1110,368,53,17884,1178,4
Syria,1965,36613,12257,16790,4533,914,528,671,1351,1427,1685,2186,3276,4364,2996,421,709,642,670,757,822,863,1000,1186,1451,1825,2103,2261,1898,1098,368,53,17704,1199,4
Syria,1966,36491,12202,16597,4395,912,533,702,1419,1450,1729,2216,3256,4298,2957,419,754,665,681,769,845,884,1012,1204,1448,1808,2081,2217,1871,1086,366,53,17509,1235,4
Syria,1967,36731,12125,16386,4261,910,544,761,1615,1546,1820,2275,3262,4262,2927,417,872,743,733,813,891,929,1039,1236,1465,1797,2078,2184,1849,1078,364,53,17296,1305,4
Syria,1968,35639,12017,16137,4120,899,541,682,1368,1345,1737,2236,3206,4187,2879,415,751,617,623,722,836,901,1015,1221,1451,1755,2056,2131,1815,1064,362,53,17036,1223,4
Syria,1969,34840,11934,15911,3977,841,510,645,1310,1245,1679,2200,3149,4103,2829,413,733,577,574,671,796,883,993,1207,1437,1712,2026,2077,1778,1051,360,53,16752,1155,4
Syria,1970,34531,11819,15657,3838,834,508,649,1315,1218,1683,2223,3156,4077,2797,410,742,573,562,656,789,894,1003,1220,1454,1702,2022,2055,1755,1042,357,53,16491,1157,4
Syria,1971,34090,11586,15286,3700,823,503,649,1309,1183,1672,2252,3178,4048,2769,409,741,568,547,636,774,898,1013,1239,1479,1699,2007,2041,1733,1036,356,53,16109,1152,4
Syria,1972,33781,11361,14934,3573,820,502,660,1318,1160,1691,2292,3218,4034,2742,408,742,576,538,622,772,919,1041,1251,1506,1712,1992,2042,1713,1029,355,53,15754,1162,4
Syria,1973,37735,11146,14587,3441,798,515,1111,3021,2044,2262,2644,3443,4140,2754,412,1678,1343,1040,1004,1081,1181,1240,1404,1635,1808,2042,2098,1722,1032,359,53,15385,1626,4
Syria,1974,32877,10955,14264,3309,779,472,648,1278,1063,1657,2354,3279,3989,2682,407,700,578,494,569,731,926,1086,1268,1541,1738,1950,2039,1671,1011,354,53,15043,1120,4
Syria,1975,32560,10783,13952,3169,767,465,646,1270,1033,1643,2405,3324,3982,2663,405,697,573,483,550,714,929,1116,1289,1560,1764,1944,2038,1659,1004,352,53,14719,1111,4
Syria,1976,32738,10638,13679,3041,794,483,670,1324,1056,1681,2518,3422,4022,2672,406,729,595,499,557,722,959,1172,1346,1601,1821,1971,2051,1672,1000,353,53,14473,1153,4
Syria,1977,33483,10502,13421,2919,880,538,733,1458,1154,1791,2707,3583,4107,2703,407,806,652,555,599,768,1023,1263,1444,1675,1908,2031,2076,1701,1002,354,53,14301,1271,4
Syria,1978,31594,10285,13086,2801,706,431,613,1205,959,1547,2563,3447,3973,2647,404,678,527,469,490,643,904,1175,1388,1596,1851,1975,1998,1670,977,351,53,13792,1044,4
Syria,1979,31867,10040,12735,2695,735,457,643,1276,1014,1588,2701,3574,4051,2681,407,722,554,505,509,657,931,1231,1470,1656,1918,2036,2015,1698,983,352,55,13470,1100,4
Syria,1980,32490,9769,12337,2568,798,507,698,1395,1100,1674,2897,3758,4186,2727,408,789,606,554,546,696,978,1313,1584,1751,2007,2127,2059,1733,994,352,56,13135,1205,4
Syria,1981,38057,9941,13164,3223,1133,700,1133,2613,1774,2158,3443,4206,4504,2814,412,1468,1145,936,838,939,1219,1575,1868,1996,2210,2321,2183,1793,1021,356,56,14297,1833,4
Syria,1982,48494,10490,14932,4442,1610,975,2015,5329,3197,3044,4293,4850,4923,2907,414,2976,2353,1755,1442,1398,1646,1993,2300,2359,2491,2576,2347,1855,1052,358,56,16542,2990,4
Syria,1983,31413,8895,11087,2192,742,487,689,1341,1061,1565,3018,3979,4339,2703,396,750,591,519,542,644,921,1312,1706,1906,2073,2243,2096,1700,1003,343,53,11829,1176,4
Syria,1984,30171,8689,10778,2089,639,418,619,1186,940,1404,2873,3930,4309,2675,395,663,523,452,488,571,833,1220,1653,1891,2039,2226,2083,1673,1002,342,53,11417,1037,4
Syria,1985,30896,8517,10521,2004,678,447,669,1278,1015,1471,3005,4169,4501,2738,404,716,562,487,528,605,866,1265,1740,2021,2148,2322,2179,1713,1025,349,55,11199,1116,4
Syria,1986,30865,8333,10258,1925,661,441,670,1276,1012,1454,3008,4304,4602,2764,408,717,559,486,526,602,852,1249,1759,2089,2215,2363,2239,1733,1031,353,55,10919,1111,4
Syria,1987,31591,8135,9997,1862,694,470,715,1372,1082,1528,3114,4566,4793,2836,419,775,597,524,558,645,883,1286,1828,2215,2351,2454,2339,1789,1047,363,56,10691,1185,4
Syria,1988,31639,7873,9686,1813,676,464,714,1376,1071,1536,3114,4740,4931,2898,427,781,595,526,545,660,876,1273,1841,2285,2455,2518,2413,1840,1058,371,56,10362,1178,4
Syria,1989,32192,7589,9336,1747,703,489,751,1463,1128,1614,3187,4989,5117,2972,434,833,630,560,568,709,905,1300,1887,2389,2600,2612,2505,1900,1072,378,56,10039,1240,4
Syria,1990,32905,7321,9004,1683,729,514,790,1562,1199,1696,3270,5265,5348,3082,444,890,672,596,603,754,942,1333,1937,2500,2765,2740,2608,1984,1098,387,57,9733,1304,4
Syria,1991,33565,7039,8640,1601,761,542,833,1670,1276,1785,3342,5511,5564,3182,447,949,721,633,643,799,986,1366,1976,2593,2918,2875,2689,2062,1120,389,58,9401,1375,4
Syria,1992,33655,6816,8338,1522,738,530,823,1671,1274,1796,3326,5655,5760,3284,455,948,723,629,645,795,1001,1358,1968,2626,3029,3004,2756,2133,1151,395,60,9076,1353,4
Syria,1993,34830,6690,8124,1434,782,569,887,1820,1388,1931,3445,5931,6069,3417,460,1025,795,684,704,839,1092,1417,2028,2725,3206,3199,2870,2226,1191,400,60,8906,1456,4
Syria,1994,35955,6555,7917,1362,814,603,943,1959,1496,2061,3556,6182,6401,3552,470,1096,863,737,759,881,1180,1475,2081,2811,3371,3405,2996,2317,1235,407,63,8731,1546,4
Syria,1995,36315,6346,7641,1295,798,602,952,1988,1528,2116,3585,6295,6668,3659,478,1104,884,752,776,900,1216,1495,2090,2828,3467,3567,3101,2383,1276,414,64,8439,1554,4
Syria,1996,37486,6123,7358,1235,827,642,1015,2139,1652,2266,3724,6519,7055,3799,488,1180,959,817,835,969,1297,1573,2151,2906,3613,3783,3272,2467,1332,424,64,8185,1657,4
Syria,1997,38665,5888,7068,1180,852,681,1073,2293,1784,2408,3884,6718,7461,3939,503,1259,1034,889,895,1041,1367,1671,2213,2976,3742,3998,3463,2554,1385,437,66,7920,1754,4
Syria,1998,39962,5699,6825,1126,883,723,1134,2460,1928,2537,4084,6906,7879,4084,516,1347,1113,966,962,1119,1418,1800,2284,3044,3862,4206,3673,2645,1439,450,66,7708,1857,4
Syria,1999,40973,5536,6612,1076,896,742,1170,2569,2036,2637,4253,7032,8263,4228,532,1406,1163,1026,1010,1177,1460,1914,2339,3091,3941,4385,3878,2741,1487,465,67,7508,1912,5
Syria,2000,41380,5390,6419,1029,873,724,1163,2572,2071,2684,4337,7059,8561,4365,548,1407,1165,1047,1024,1196,1488,1969,2368,3094,3965,4504,4057,2838,1527,480,68,7292,1887,5
Syria,2001,40056,5380,6373,993,756,619,1035,2289,1872,2496,4177,6812,8607,4449,563,1253,1036,943,929,1094,1402,1887,2290,2969,3843,4474,4133,2904,1545,494,69,7129,1654,5
Syria,2002,40593,5312,6280,968,740,599,1029,2284,1899,2541,4270,6840,8878,4643,586,1247,1037,952,947,1106,1435,1912,2358,2983,3857,4564,4314,3052,1591,514,72,7020,1628,5
Syria,2003,40777,5262,6208,946,697,561,994,2217,1876,2539,4326,6822,9081,4843,605,1207,1010,933,943,1095,1444,1886,2440,2978,3844,4612,4469,3202,1641,531,74,6905,1555,5
Syria,2004,41190,5245,6184,939,671,537,966,2177,1869,2557,4411,6836,9275,5073,626,1181,996,922,947,1096,1461,1878,2533,2991,3845,4654,4621,3370,1703,551,75,6855,1503,5
Syria,2005,41833,5256,6198,942,644,516,938,2149,1868,2582,4521,6902,9504,5357,654,1163,986,913,955,1103,1479,1910,2611,3034,3868,4715,4789,3567,1790,574,80,6842,1454,5
Syria,2006,42020,5272,6214,942,611,487,891,2083,1828,2566,4561,6909,9593,5596,673,1126,957,887,941,1096,1470,1921,2640,3060,3849,4711,4882,3725,1871,591,82,6825,1378,5
Syria,2007,43935,5603,6565,962,601,477,887,2198,1942,2713,4784,7195,9948,5921,699,1182,1016,943,999,1167,1546,2029,2755,3232,3963,4840,5108,3945,1976,612,87,7166,1364,5
Syria,2008,47246,5984,6982,998,636,501,938,2470,2211,3033,5166,7751,10480,6343,729,1316,1154,1077,1134,1322,1711,2234,2932,3562,4189,5069,5411,4234,2109,638,91,7618,1439,5
Syria,2009,47155,5797,6824,1027,622,481,880,2329,2149,3017,5151,7845,10440,6655,760,1232,1097,1042,1107,1316,1701,2242,2909,3665,4180,5033,5407,4424,2231,667,93,7446,1361,6
Syria,2010,48377,5728,6793,1065,636,485,875,2340,2212,3151,5347,8118,10612,7002,800,1225,1115,1071,1141,1379,1772,2329,3018,3828,4290,5108,5504,4632,2370,703,97,7429,1360,6
Syria,2011,53150,5791,7122,1331,745,550,1122,3407,2969,3687,5808,8599,10911,7372,850,1751,1656,1494,1475,1665,2022,2549,3259,4082,4517,5262,5649,4839,2533,748,102,7867,1672,6
Syria,2012,93230,7849,12906,5057,2312,1451,3656,13178,9756,8024,8947,11203,12686,8179,923,6613,6565,5240,4516,4060,3964,4167,4780,5443,5760,6249,6437,5349,2830,817,106,15218,5107,6
Syria,2013,110340,8293,14919,6626,3145,1914,4827,16849,12767,10168,10486,12456,13244,8576,983,8372,8477,6840,5927,5216,4952,4950,5536,5990,6466,6609,6635,5535,3041,871,112,18064,6741,7
Syria,2014,104238,7083,13533,6450,3308,2004,4681,14292,11631,9885,10328,12332,12640,8567,1028,7124,7168,6090,5541,5004,4881,4854,5474,5823,6509,6368,6272,5410,3157,913,115,16841,6685,7
Syria,2015,86937,5584,10392,4808,2736,1713,3781,9896,8618,8166,9161,11447,11681,8277,1062,5070,4826,4382,4236,4012,4154,4246,4915,5338,6109,5907,5774,5082,3195,943,119,13128,5494,7
Syria,2016,80094,4900,8802,3902,2471,1609,3528,8207,7322,7514,8793,11242,11393,8090,1111,4421,3786,3639,3683,3614,3900,4064,4729,5225,6017,5811,5582,4848,3242,987,124,11273,5137,7
Syria,2017,74613,3668,4862,1194,967,883,3636,9790,8008,7553,8369,10614,10977,7789,1163,5564,4226,4121,3887,3688,3865,3901,4468,4947,5667,5629,5348,4575,3214,1032,131,5829,4519,7
Syria,2018,65059,3594,4637,1043,886,816,2766,6795,5466,6038,7641,10192,10999,7599,1218,4047,2748,2727,2739,2829,3209,3508,4133,4769,5423,5735,5264,4436,3163,1082,136,5523,3582,7
Syria,2019,58665,3783,4629,846,725,710,1996,4772,3715,4880,7156,10023,11295,7491,1264,2882,1890,1801,1914,2179,2701,3231,3925,4692,5331,5953,5342,4413,3078,1121,143,5354,2706,8
Syria,2020,59612,4098,4985,887,699,705,1585,3791,2907,4537,7521,11117,12385,7994,1378,2296,1495,1350,1557,1952,2585,3332,4189,5177,5940,6618,5767,4756,3238,1221,157,5684,2290,8
Syria,2021,61615,4231,5099,868,640,706,1481,3455,2614,4549,8046,11904,13411,8279,1422,2070,1385,1179,1435,1901,2648,3567,4479,5495,6409,7146,6265,5063,3216,1257,165,5739,2187,9
Taiwan,1950,44471,10938,19855,8917,1071,692,686,2416,2820,3273,4450,5018,3275,899,14,1275,1141,1313,1507,1621,1652,1968,2482,2618,2400,2096,1179,816,83,11,3,20926,1378,0
Taiwan,1951,45096,11082,20032,8950,1073,692,703,2423,2870,3393,4534,5142,3283,891,54,1275,1148,1322,1548,1683,1710,2033,2501,2681,2461,2085,1198,731,160,29,25,21105,1395,6
Taiwan,1952,45338,10908,19966,9058,1051,671,718,2411,2896,3500,4616,5278,3308,850,63,1262,1149,1322,1574,1746,1754,2115,2501,2738,2540,2058,1250,631,219,33,30,21017,1389,9
Taiwan,1953,45361,10636,19644,9008,1063,662,743,2397,2913,3607,4708,5419,3343,800,55,1247,1150,1319,1594,1815,1792,2205,2503,2791,2628,2037,1306,548,252,30,25,20707,1405,9
Taiwan,1954,46150,10312,19131,8819,1068,652,847,2765,3181,3844,4878,5572,3397,763,48,1430,1335,1462,1719,1955,1889,2328,2550,2850,2722,2053,1344,507,256,29,19,20199,1499,7
Taiwan,1955,44809,9935,18457,8522,1096,637,777,2357,2909,3800,4920,5642,3435,731,44,1228,1129,1300,1609,1917,1883,2359,2561,2860,2782,2081,1354,497,234,31,13,19553,1414,5
Taiwan,1956,44435,9471,17651,8180,1144,633,789,2345,2904,3901,5052,5739,3509,720,44,1231,1114,1293,1611,1958,1943,2419,2633,2883,2856,2150,1359,511,209,34,10,18795,1422,4
Taiwan,1957,43906,8990,16756,7766,1182,629,791,2337,2884,3990,5179,5807,3586,722,44,1246,1091,1281,1603,1983,2007,2457,2722,2883,2924,2231,1355,540,182,39,5,17938,1420,2
Taiwan,1958,43319,8482,15795,7313,1209,631,791,2331,2856,4068,5309,5870,3683,733,45,1265,1066,1266,1590,1996,2072,2487,2822,2882,2988,2323,1360,571,162,41,4,17004,1422,1
Taiwan,1959,42284,8040,14721,6681,1161,636,811,2081,2850,4036,5403,5968,3815,757,44,1072,1009,1286,1564,1929,2107,2484,2919,2917,3051,2422,1393,600,157,41,3,15882,1447,1
Taiwan,1960,42585,7380,13609,6229,1068,661,792,2251,2862,4152,5846,6350,4122,819,52,1160,1091,1289,1573,1993,2159,2660,3186,3119,3231,2615,1507,647,172,44,8,14677,1453,2
Taiwan,1961,42930,7500,13426,5926,1162,662,847,2235,2711,4187,5976,6491,4306,858,62,1161,1074,1233,1478,1935,2252,2772,3204,3205,3286,2718,1588,668,190,46,16,14588,1509,4
Taiwan,1962,42337,7222,12524,5302,1333,683,917,2216,2854,4105,5911,6453,4374,881,76,1146,1070,1271,1583,1830,2275,2780,3131,3231,3222,2738,1636,670,211,52,24,13857,1600,7
Taiwan,1963,41233,6657,11671,5014,1258,717,859,2213,2698,4418,5601,6369,4416,909,93,1064,1149,1237,1461,1928,2490,2611,2990,3233,3136,2737,1679,678,231,60,33,12929,1576,11
Taiwan,1964,40417,6283,9858,3575,995,706,874,2320,2737,4395,5946,6727,4732,1002,112,1180,1140,1168,1569,1917,2478,2821,3125,3447,3280,2900,1832,738,264,71,41,10853,1580,14
Taiwan,1965,39829,5902,9213,3311,973,727,839,2249,2560,4238,5991,6916,4903,1077,129,1076,1173,1138,1422,1808,2430,2801,3190,3555,3361,2972,1931,791,286,82,47,10186,1566,17
Taiwan,1966,40675,5538,8634,3096,1079,716,943,2472,2659,4358,6223,7158,5091,1171,147,1210,1262,1190,1469,1885,2473,2921,3302,3665,3493,3050,2041,860,311,93,54,9713,1659,20
Taiwan,1967,41950,5415,8440,3025,1140,791,1011,2267,2723,4508,6598,7583,5398,1301,168,1078,1189,1228,1495,1928,2580,3131,3467,3829,3754,3189,2209,960,341,109,59,9580,1802,23
Taiwan,1968,42661,4965,7704,2739,970,764,1131,2371,2831,4561,7018,8031,5713,1412,143,1169,1202,1292,1539,2032,2529,3354,3664,3985,4046,3336,2377,1054,358,102,41,8674,1895,18
Taiwan,1969,41154,4535,7006,2471,970,715,1122,2351,2735,4300,6841,7895,5643,1437,119,1128,1223,1282,1453,1845,2455,3250,3591,3861,4034,3273,2370,1077,360,93,26,7976,1837,13
Taiwan,1970,38578,3892,6038,2146,755,604,1078,2264,2565,3849,6506,7740,5589,1471,109,1176,1088,1255,1310,1625,2224,3003,3503,3762,3978,3238,2351,1101,370,88,21,6793,1682,9
Taiwan,1971,39397,3642,5733,2091,777,569,966,2296,2500,3730,6619,8487,6112,1499,100,1176,1120,1196,1304,1626,2104,2960,3659,4194,4293,3560,2552,1125,374,84,16,6510,1535,6
Taiwan,1972,39876,3176,5051,1875,737,603,1074,2339,2640,4016,6790,8451,6324,1730,116,1231,1108,1244,1396,1741,2275,2987,3803,4112,4339,3772,2552,1278,452,99,17,5788,1677,5
Taiwan,1973,41541,3079,4888,1809,740,688,1113,2386,2756,4126,7027,8792,6819,2062,140,1278,1108,1225,1531,1836,2290,3061,3966,4299,4493,4030,2789,1501,561,122,18,5628,1801,4
Taiwan,1974,41603,2855,4495,1640,800,698,1214,2516,2532,4023,6952,8709,7167,2332,160,1390,1126,1126,1406,1701,2322,3082,3870,4253,4456,4188,2979,1680,652,141,19,5295,1912,3
Taiwan,1975,41575,2745,4241,1496,653,645,1299,2606,2570,4064,6994,9140,6997,2210,156,1472,1134,1101,1469,1733,2331,3003,3991,4673,4467,4157,2840,1585,625,137,19,4894,1944,2
Taiwan,1976,42857,2679,4056,1377,594,559,1318,2672,2508,4172,7012,9861,7641,2292,170,1512,1160,1076,1432,1788,2384,3084,3928,4933,4928,4468,3173,1630,662,151,19,4650,1877,2
Taiwan,1977,44545,2533,3831,1298,649,610,1311,2915,2452,4330,7375,10167,8108,2587,209,1636,1279,1062,1390,1885,2445,3270,4105,4985,5182,4521,3587,1811,776,184,25,4480,1921,2
Taiwan,1978,45455,2424,3656,1232,601,572,1499,3039,2530,4343,7611,10535,8158,2680,231,1656,1383,1120,1410,1930,2413,3367,4244,5154,5381,4530,3628,1854,826,204,27,4257,2071,2
Taiwan,1979,47780,2374,3574,1200,592,559,1618,3257,2590,4395,7890,11092,8820,3103,287,1767,1490,1213,1377,1895,2500,3532,4358,5195,5897,4873,3947,2117,986,254,33,4166,2177,3
Taiwan,1980,48885,2299,3497,1198,578,519,1551,3217,2746,4476,7944,11506,9136,3382,331,1729,1488,1277,1469,1934,2542,3552,4392,5356,6150,4964,4172,2308,1074,292,39,4075,2070,3
Taiwan,1981,50418,2094,3212,1118,572,600,1430,3383,2835,4520,8193,11845,9518,3900,404,1722,1661,1413,1422,1957,2563,3555,4638,5458,6387,5413,4105,2666,1234,354,50,3784,2030,4
Taiwan,1982,51377,1871,2924,1053,544,509,1351,3294,2957,4577,8412,12015,10176,4158,458,1660,1634,1475,1482,1978,2599,3661,4751,5545,6470,5901,4275,2869,1289,398,60,3468,1860,4
Taiwan,1983,53503,1641,2606,965,518,505,1410,3299,3011,4517,8407,12701,11231,4748,548,1600,1699,1544,1467,1858,2659,3453,4954,5906,6795,6570,4661,3294,1454,476,72,3124,1915,5
Taiwan,1984,53728,1433,2313,880,528,437,1260,3205,3291,4632,8371,12521,11658,4915,596,1576,1629,1668,1623,1941,2691,3430,4941,5980,6541,6975,4683,3382,1533,516,80,2841,1697,5
Taiwan,1985,54426,1328,2180,852,517,465,1208,3200,3226,4315,8121,12830,12402,5280,673,1607,1593,1643,1583,1819,2496,3325,4796,6066,6764,7424,4978,3541,1739,578,95,2697,1673,7
Taiwan,1986,56934,1125,1900,775,533,419,1372,3317,3410,4367,8228,13437,13485,5698,758,1673,1644,1725,1685,1837,2530,3276,4952,6360,7077,7770,5715,3667,2031,641,117,2433,1791,9
Taiwan,1987,58040,957,1609,652,505,487,1630,3347,3571,4394,8085,13830,14021,5740,807,1686,1661,1736,1835,1905,2489,3328,4757,6619,7211,7853,6168,3510,2230,668,139,2114,2117,13
Taiwan,1988,61941,1026,1680,654,481,470,1624,3616,4050,4586,8370,14540,15478,6105,929,1768,1848,1917,2133,2037,2549,3536,4834,6887,7653,8277,7201,3581,2524,751,178,2161,2094,13
Taiwan,1989,63851,1016,1638,622,462,481,1554,3598,4303,4851,8269,15239,16229,6187,1028,1688,1910,2091,2212,2232,2619,3506,4763,6928,8311,8276,7953,3635,2552,822,206,2100,2035,13
Taiwan,1990,65150,1001,1564,563,400,478,1325,3396,4422,4795,8298,15762,17115,6397,1176,1560,1836,2006,2416,2285,2510,3473,4825,7260,8502,8651,8464,3976,2421,953,223,1964,1803,18
Taiwan,1991,66057,957,1466,509,375,436,1254,3437,4516,4978,8098,15872,17501,6810,1286,1578,1859,2051,2465,2427,2551,3470,4628,7170,8702,8712,8789,4669,2141,1077,209,1841,1690,28
Taiwan,1992,68605,964,1449,485,324,434,1279,3231,4552,5171,8037,16315,18073,8219,1481,1424,1807,2081,2471,2607,2564,3351,4686,7169,9146,9220,8853,6016,2203,1263,218,1773,1713,37
Taiwan,1993,70092,933,1379,446,314,463,1427,3277,4671,5660,7968,16195,18327,8905,1467,1429,1848,2101,2570,2899,2761,3337,4631,6840,9355,9321,9006,6715,2190,1244,223,1693,1890,38
Taiwan,1994,72232,961,1381,420,292,401,1451,3002,4823,6126,8157,16248,18605,10174,1527,1323,1679,2176,2647,3152,2974,3355,4802,6593,9655,9694,8911,7591,2583,1267,260,1673,1852,38
Taiwan,1995,75619,1136,1585,449,284,400,1321,3132,4799,6343,8162,16339,20034,11595,1590,1447,1685,2065,2734,3173,3170,3452,4710,6682,9657,10547,9487,8336,3259,1276,314,1869,1721,35
Taiwan,1996,76352,1180,1611,431,244,327,1273,2814,4774,6674,8294,15701,20354,12611,1630,1280,1534,2161,2613,3356,3318,3492,4802,6448,9253,10771,9583,8598,4013,1278,352,1855,1600,39
Taiwan,1997,76835,1160,1582,422,213,273,1173,2658,4897,6995,8266,15333,20724,12982,1678,1132,1526,2116,2781,3523,3472,3696,4570,6260,9073,11107,9617,8411,4571,1316,362,1795,1446,56
Taiwan,1998,78279,1035,1425,390,207,299,1079,2583,4767,7348,8144,14935,21470,13983,1976,1227,1356,1998,2769,3615,3733,3592,4552,6166,8769,11195,10275,8717,5266,1572,404,1632,1378,61
Taiwan,1999,79278,940,1288,348,257,304,996,2424,4647,7546,8222,14650,22135,14406,2343,1132,1292,1929,2718,3552,3994,3805,4417,6223,8427,11443,10692,8841,5565,1891,452,1545,1300,57
Taiwan,2000,79124,913,1252,339,191,210,904,2354,4437,7798,8258,14036,22356,14489,2787,1153,1201,1826,2611,3543,4255,3903,4355,6020,8016,11392,10964,8919,5570,2238,549,1443,1114,49
Taiwan,2001,79485,834,1148,314,192,205,745,2178,4287,7688,8542,13911,22756,14593,3198,1042,1136,1690,2597,3441,4247,4153,4389,5917,7994,11341,11415,9148,5445,2491,707,1340,950,44
Taiwan,2002,79600,747,1032,285,149,165,652,2199,4064,7688,8730,13416,22748,15426,3272,983,1216,1593,2471,3351,4337,4358,4372,5799,7617,10767,11981,9700,5726,2535,737,1181,817,58
Taiwan,2003,80752,654,902,248,195,164,584,2091,4061,7809,9174,13304,22470,16492,3423,928,1163,1619,2442,3422,4387,4736,4438,5737,7567,10179,12291,10355,6137,2654,769,1097,748,80
Taiwan,2004,83863,645,883,238,138,150,663,2125,4123,8074,9956,13272,22725,17944,3711,917,1208,1610,2513,3509,4565,5098,4858,5768,7504,10026,12699,11200,6744,2897,814,1021,813,102
Taiwan,2005,87281,596,808,212,150,176,596,2347,4267,8421,10530,13705,22479,19567,4111,926,1421,1688,2579,3708,4713,5409,5121,6087,7618,9660,12819,12096,7471,3239,872,958,772,122
Taiwan,2006,84873,545,730,185,137,184,560,2108,4221,8434,11030,12979,20880,19298,4191,832,1276,1678,2543,3733,4701,5714,5316,5686,7293,9208,11672,11790,7508,3323,868,867,744,127
Taiwan,2007,85766,534,704,170,115,149,455,1871,3819,8205,11197,13292,20740,20346,4718,759,1112,1511,2308,3607,4598,5619,5578,5801,7491,9227,11513,12192,8154,3747,971,819,604,152
Taiwan,2008,87616,513,668,155,109,132,448,1677,3716,8174,11676,13431,20569,21385,5437,683,994,1507,2209,3541,4633,5709,5967,6008,7423,9442,11127,12492,8893,4293,1144,777,580,190
Taiwan,2009,86146,443,577,134,143,162,415,1621,3637,7785,11908,13298,19785,20749,5883,621,1000,1474,2163,3328,4457,5666,6242,5969,7329,9232,10553,11818,8931,4553,1330,720,577,185
Taiwan,2010,86409,389,508,119,97,136,434,1503,3293,7616,12129,13522,19459,20724,6785,573,930,1384,1909,3175,4441,5537,6592,6012,7510,8946,10513,11480,9244,5098,1687,605,570,201
Taiwan,2011,90841,465,587,122,87,131,418,1486,3520,7918,12598,14288,20620,21037,7890,617,869,1442,2078,3276,4642,5694,6904,6516,7772,9481,11139,11465,9572,5733,2157,674,549,256
Taiwan,2012,90421,489,603,114,78,127,400,1312,3419,7657,12484,14388,20562,21169,7911,530,782,1394,2025,3095,4562,5593,6891,6722,7666,9525,11037,11548,9621,5745,2166,681,527,313
Taiwan,2013,89885,441,542,101,74,120,388,1198,3156,7191,12727,14784,20448,21085,7811,512,686,1224,1932,2776,4415,5748,6979,7331,7453,9567,10881,11513,9572,5687,2124,616,508,363
Taiwan,2014,94121,447,548,101,77,106,359,1157,3315,7279,12874,15674,21386,22539,8376,514,643,1223,2092,2791,4488,5835,7039,7908,7766,9982,11404,12285,10254,6119,2257,625,465,430
Taiwan,2015,94078,481,590,109,62,95,374,1152,3089,7053,12892,16150,21320,22518,8329,515,637,1097,1992,2732,4321,5737,7155,8357,7793,9734,11586,12277,10241,6099,2230,652,469,454
Taiwan,2016,98766,454,563,109,71,96,373,1203,3141,6994,13610,17208,22189,23943,8882,558,645,1154,1987,2780,4214,6052,7558,8927,8281,10118,12071,13006,10937,6516,2366,634,469,493
Taiwan,2017,98390,426,534,108,56,97,327,1065,2868,6719,13191,17682,22095,24230,9023,508,557,1013,1855,2744,3975,5793,7398,8891,8791,9947,12148,13118,11112,6623,2400,590,424,501
Taiwan,2018,97779,401,505,104,57,98,296,1063,2607,6459,13051,18170,21883,24165,8932,492,571,907,1700,2694,3765,5685,7366,8987,9183,9734,12149,13098,11067,6565,2367,562,394,493
Taiwan,2019,99745,384,485,101,59,58,324,1056,2498,6518,13234,19035,21751,24927,9288,517,539,876,1622,2728,3790,5678,7556,9095,9940,9755,11996,13477,11450,6825,2463,544,382,510
Taiwan,2020,100513,375,470,95,57,54,288,994,2383,6508,13011,19388,21993,25371,9477,478,516,826,1557,2771,3737,5531,7480,8976,10412,9930,12063,13721,11650,6967,2510,527,342,518
Taiwan,2021,103084,369,460,91,56,50,258,933,2281,6553,12794,19687,22965,26625,9890,441,492,788,1493,2800,3753,5386,7408,8896,10791,10575,12390,14427,12198,7282,2608,516,308,535
Tajikistan,1950,13358,5112,6580,1468,175,186,222,504,377,664,1106,1614,1257,556,112,303,201,162,215,272,392,513,593,852,762,694,563,348,208,88,24,6755,408,4
Tajikistan,1951,14051,5505,7153,1648,173,182,227,551,383,648,1121,1639,1297,557,117,317,234,170,213,267,381,526,595,843,796,717,580,358,199,88,29,7326,409,6
Tajikistan,1952,14743,5895,7689,1794,163,173,236,594,392,642,1150,1670,1349,564,115,321,273,182,210,268,374,537,613,823,847,745,604,375,189,86,29,7852,409,7
Tajikistan,1953,15444,6286,8209,1923,208,159,249,630,404,631,1182,1687,1396,576,109,317,313,199,205,267,364,544,638,793,894,774,622,394,182,82,27,8417,408,7
Tajikistan,1954,16042,6650,8698,2048,202,142,255,658,418,621,1205,1696,1450,590,102,312,346,218,200,267,354,541,664,771,925,806,644,410,180,77,25,8900,397,7
Tajikistan,1955,16646,6994,9157,2163,227,126,257,678,443,613,1222,1705,1512,611,93,311,367,243,200,266,347,533,689,766,939,844,668,427,184,71,22,9384,383,6
Tajikistan,1956,17322,7323,9593,2270,247,119,256,699,485,608,1247,1732,1603,641,88,318,381,278,207,263,345,529,718,785,947,898,705,449,192,68,20,9840,375,5
Tajikistan,1957,17927,7637,10009,2372,269,116,246,713,534,599,1256,1742,1691,667,79,331,382,318,216,255,344,518,738,812,930,958,733,466,201,62,17,10278,362,4
Tajikistan,1958,18413,7933,10399,2466,288,116,224,713,584,584,1239,1733,1761,689,72,343,370,355,229,246,338,501,738,841,892,1005,756,480,209,57,15,10687,340,3
Tajikistan,1959,18921,8201,10757,2556,301,128,201,718,640,577,1225,1749,1833,717,70,353,365,389,251,239,338,487,738,877,872,1044,789,498,219,57,13,11058,329,2
Tajikistan,1960,19341,8429,11067,2638,316,141,180,716,687,569,1198,1768,1877,744,74,354,362,410,277,237,332,473,725,906,862,1054,823,515,229,60,14,11383,321,2
Tajikistan,1961,19622,8591,11301,2710,323,152,163,705,722,562,1163,1789,1899,766,73,343,362,417,305,239,323,460,703,924,865,1040,859,529,237,61,12,11624,315,2
Tajikistan,1962,19977,8681,11447,2766,338,167,158,706,769,565,1150,1845,1944,801,79,329,377,419,350,250,315,459,691,948,897,1025,919,552,249,67,12,11785,325,2
Tajikistan,1963,20170,8705,11506,2801,353,180,163,695,801,573,1127,1892,1959,832,85,301,394,407,394,267,306,457,670,958,934,990,969,573,259,72,13,11859,343,3
Tajikistan,1964,20321,8677,11492,2815,365,192,177,678,837,589,1113,1937,1977,872,92,272,406,404,433,291,298,457,656,958,979,971,1006,602,270,78,14,11857,369,3
Tajikistan,1965,20388,8620,11426,2806,387,201,195,653,858,618,1093,1958,1987,915,96,245,408,401,457,322,296,452,641,943,1015,967,1020,633,282,82,14,11813,396,3
Tajikistan,1966,20584,8558,11338,2780,398,215,218,638,894,673,1093,2002,2032,976,106,231,407,415,479,367,306,453,640,939,1063,998,1034,678,298,89,17,11736,433,3
Tajikistan,1967,20648,8514,11256,2742,412,225,238,612,907,737,1074,2004,2040,1029,112,224,388,430,477,417,320,439,635,918,1086,1031,1009,720,309,94,18,11668,463,3
Tajikistan,1968,20664,8495,11192,2697,411,234,254,587,914,805,1052,1977,2042,1075,118,230,357,447,467,467,338,424,628,888,1089,1069,973,756,319,97,21,11603,488,4
Tajikistan,1969,20775,8501,11156,2655,422,244,269,572,921,879,1036,1956,2074,1116,125,251,321,461,460,509,370,411,625,867,1089,1117,957,782,334,101,24,11578,513,5
Tajikistan,1970,20905,8504,11122,2618,411,254,284,574,926,953,1037,1932,2129,1151,131,278,296,466,460,544,409,412,625,853,1079,1165,964,796,355,108,23,11533,538,5
Tajikistan,1971,20929,8476,11059,2583,400,262,297,575,920,1013,1029,1892,2179,1163,132,300,275,455,465,557,456,417,612,837,1055,1199,980,790,373,109,23,11459,559,5
Tajikistan,1972,20927,8412,10960,2548,393,269,309,589,912,1067,1025,1858,2235,1166,135,324,265,433,479,554,513,432,593,829,1029,1221,1014,772,394,112,23,11353,578,5
Tajikistan,1973,20844,8274,10743,2469,386,276,325,618,898,1120,1036,1832,2297,1170,140,346,272,399,499,543,577,461,575,826,1006,1235,1062,752,418,117,23,11129,601,5
Tajikistan,1974,20826,8201,10596,2395,375,279,336,659,874,1163,1061,1804,2346,1176,146,365,294,360,514,533,630,501,560,821,983,1237,1109,745,431,121,25,10971,615,5
Tajikistan,1975,20883,8181,10515,2334,369,278,349,707,843,1199,1106,1780,2381,1194,155,386,321,328,515,531,668,551,555,816,964,1224,1157,755,439,129,26,10884,627,5
Tajikistan,1976,21148,8200,10498,2298,375,279,367,760,824,1241,1194,1775,2432,1231,166,407,353,311,513,545,696,622,572,813,962,1220,1212,787,444,139,27,10873,646,5
Tajikistan,1977,21544,8284,10576,2292,377,280,383,821,804,1278,1320,1774,2475,1275,180,434,387,307,497,572,706,714,606,803,971,1217,1258,832,443,151,29,10953,663,5
Tajikistan,1978,22006,8454,10765,2311,378,279,396,875,783,1300,1462,1765,2486,1318,190,457,418,318,465,601,699,810,652,788,977,1201,1285,881,437,161,29,11143,675,5
Tajikistan,1979,22709,8683,11040,2357,389,284,410,937,781,1337,1631,1786,2519,1387,199,486,451,351,430,633,704,905,726,787,999,1203,1316,943,444,168,31,11429,694,5
Tajikistan,1980,23382,8922,11338,2416,397,288,418,996,788,1366,1794,1808,2533,1453,200,514,482,389,399,649,717,981,813,797,1011,1204,1329,996,457,170,30,11735,706,4
Tajikistan,1981,24106,9164,11648,2484,401,295,425,1057,808,1393,1963,1848,2551,1524,195,544,513,428,380,653,740,1035,928,830,1018,1214,1337,1046,478,165,30,12049,720,3
Tajikistan,1982,24461,9376,11915,2539,406,292,418,1087,820,1376,2069,1843,2501,1547,186,556,531,456,364,618,758,1028,1041,860,983,1199,1302,1056,491,158,28,12321,710,2
Tajikistan,1983,25089,9577,12145,2568,406,299,421,1138,873,1386,2214,1904,2514,1602,182,577,561,495,378,581,805,1025,1189,933,971,1217,1297,1083,519,154,28,12551,720,1
Tajikistan,1984,25504,9706,12265,2559,406,301,422,1177,934,1365,2331,1981,2506,1632,180,589,588,524,410,528,837,1018,1313,1025,956,1224,1282,1090,542,153,27,12671,723,1
Tajikistan,1985,25782,9770,12299,2529,394,302,423,1207,998,1328,2422,2090,2488,1645,179,594,613,551,447,482,846,1020,1402,1135,955,1224,1264,1083,562,155,24,12693,725,1
Tajikistan,1986,25967,9864,12319,2455,393,294,416,1217,1048,1257,2412,2186,2471,1773,184,585,632,566,482,441,816,1002,1410,1231,955,1197,1274,1157,616,159,25,12712,710,1
Tajikistan,1987,26228,9872,12299,2427,383,290,413,1236,1103,1202,2400,2344,2458,1904,192,576,660,584,519,423,779,1012,1388,1357,987,1149,1309,1220,684,166,26,12682,703,1
Tajikistan,1988,26759,9876,12288,2412,376,287,418,1273,1181,1182,2416,2585,2489,2056,206,576,697,618,563,442,740,1048,1368,1523,1062,1107,1382,1280,776,179,27,12664,705,2
Tajikistan,1989,27260,9983,12429,2446,389,290,424,1294,1246,1165,2384,2789,2468,2168,213,573,721,656,590,489,676,1065,1319,1654,1135,1052,1416,1294,874,186,27,12818,714,2
Tajikistan,1990,28093,10196,12721,2525,402,287,430,1308,1340,1172,2466,3089,2463,2184,232,580,728,712,628,553,619,1127,1339,1824,1265,1077,1386,1248,936,203,29,13123,717,2
Tajikistan,1991,29372,10478,13179,2701,447,296,444,1342,1454,1202,2581,3410,2526,2228,266,603,739,783,671,622,580,1177,1404,1956,1454,1166,1360,1266,962,235,31,13626,740,2
Tajikistan,1992,44076,10989,14138,3149,572,446,1461,5764,4368,2403,3899,4845,3209,2631,338,2889,2875,2577,1791,1392,1011,1794,2105,2669,2176,1597,1612,1545,1086,302,36,14710,1907,2
Tajikistan,1993,50090,10842,13893,3051,561,465,1957,8025,5948,3021,4318,5486,3451,2609,358,4106,3919,3533,2415,1795,1226,1908,2410,2837,2649,1825,1626,1606,1003,324,34,14454,2422,2
Tajikistan,1994,37324,10850,13889,3039,548,406,813,2866,2786,1926,3291,4947,3217,2292,339,1415,1451,1533,1253,1063,863,1292,1999,2361,2586,1772,1445,1449,843,309,30,14437,1219,1
Tajikistan,1995,32755,10635,13568,2933,632,364,525,1659,1976,1621,2738,4474,2981,1923,294,792,867,1015,961,848,773,962,1776,2033,2441,1697,1284,1220,703,269,25,14200,889,1
Tajikistan,1996,32719,10173,13160,2987,609,404,602,1905,2141,1754,2605,4436,3091,1741,268,926,979,1067,1074,901,853,851,1754,1997,2439,1810,1281,1091,650,242,26,13769,1006,1
Tajikistan,1997,30541,9427,12003,2576,478,371,509,1595,1944,1724,2411,4337,3289,1634,246,754,841,926,1018,867,857,769,1642,1982,2355,1976,1313,1003,631,219,27,12481,880,1
Tajikistan,1998,28791,8906,11198,2292,402,355,478,1440,1793,1673,2168,4092,3469,1509,214,669,771,832,961,842,831,750,1418,1917,2175,2118,1351,914,595,187,27,11600,833,1
Tajikistan,1999,26755,8145,10133,1988,361,327,425,1225,1602,1603,1954,3859,3624,1439,198,557,668,732,870,814,789,762,1192,1838,2021,2209,1415,875,564,170,28,10494,752,1
Tajikistan,2000,25931,7434,9162,1728,351,308,462,1360,1644,1656,1837,3721,3793,1434,197,635,725,770,874,860,796,802,1035,1768,1953,2263,1530,903,531,167,30,9513,770,1
Tajikistan,2001,24880,7017,8580,1563,285,298,416,1149,1495,1662,1772,3631,3943,1449,198,529,620,694,801,864,798,842,930,1728,1903,2298,1645,942,507,169,29,8865,714,1
Tajikistan,2002,24314,6487,7914,1427,278,280,416,1128,1461,1716,1773,3548,4087,1507,202,527,601,686,775,892,824,891,882,1660,1888,2288,1799,1015,492,173,29,8192,696,1
Tajikistan,2003,23696,5938,7221,1283,269,264,412,1104,1424,1763,1813,3435,4197,1584,204,523,581,673,751,903,860,926,887,1548,1887,2238,1959,1094,490,177,27,7490,676,2
Tajikistan,2004,23741,5540,6691,1151,274,256,419,1122,1429,1854,1950,3398,4402,1733,211,536,586,677,752,924,930,981,969,1449,1949,2239,2163,1211,522,183,28,6965,675,2
Tajikistan,2005,23586,5208,6248,1040,261,248,415,1126,1409,1909,2069,3291,4506,1889,212,543,583,665,744,919,990,1022,1047,1320,1971,2214,2292,1325,564,181,31,6509,663,2
Tajikistan,2006,23561,4979,5928,949,243,240,408,1133,1394,1949,2200,3194,4576,2086,209,550,583,652,742,902,1047,1065,1135,1223,1971,2205,2371,1467,619,177,32,6171,648,2
Tajikistan,2007,23938,4857,5744,887,248,239,395,1159,1394,2007,2366,3148,4682,2338,213,563,596,645,749,896,1111,1132,1234,1199,1949,2251,2431,1649,689,179,34,5992,634,2
Tajikistan,2008,23927,4814,5649,835,228,234,372,1149,1360,1997,2470,3046,4654,2546,218,559,590,626,734,869,1128,1183,1287,1217,1829,2262,2392,1800,746,183,35,5877,606,2
Tajikistan,2009,24285,4863,5682,819,214,232,357,1159,1346,1996,2602,3005,4680,2776,231,561,598,619,727,857,1139,1259,1343,1309,1696,2306,2374,1958,818,195,36,5896,589,2
Tajikistan,2010,25817,4903,5719,816,211,239,402,1408,1486,2123,2889,3107,4890,3085,260,691,717,700,786,916,1207,1416,1473,1483,1624,2435,2455,2153,932,222,38,5930,641,3
Tajikistan,2011,25985,4901,5706,805,192,228,384,1399,1466,2089,3027,3110,4869,3230,281,673,726,699,767,908,1181,1496,1531,1602,1508,2426,2443,2208,1022,245,36,5898,612,3
Tajikistan,2012,25834,4883,5693,810,178,220,339,1186,1360,2015,3153,3183,4843,3357,305,541,645,647,713,877,1138,1553,1600,1716,1467,2379,2464,2230,1127,269,36,5871,559,3
Tajikistan,2013,25838,4902,5712,810,178,209,333,1153,1339,1964,3253,3276,4696,3392,329,510,643,646,693,861,1103,1578,1675,1791,1485,2231,2465,2182,1210,291,38,5890,542,3
Tajikistan,2014,26424,4927,5738,811,167,202,337,1152,1364,1976,3443,3522,4652,3502,369,496,656,666,698,868,1108,1625,1818,1900,1622,2109,2543,2188,1314,326,43,5905,539,3
Tajikistan,2015,26663,4895,5696,801,166,192,328,1136,1382,1964,3572,3756,4523,3539,405,482,654,681,701,861,1103,1626,1946,1998,1758,1948,2575,2167,1372,359,46,5862,520,3
Tajikistan,2016,26753,4740,5530,790,158,180,319,1113,1407,1954,3680,4004,4400,3556,450,469,644,697,710,848,1106,1608,2072,2095,1909,1825,2575,2157,1399,398,52,5688,499,3
Tajikistan,2017,26451,4518,5287,769,165,167,310,1068,1412,1917,3706,4194,4229,3506,489,457,611,701,711,824,1093,1560,2146,2174,2020,1753,2476,2127,1379,433,56,5452,477,3
Tajikistan,2018,25985,4440,5181,741,158,154,289,1015,1392,1852,3643,4323,4040,3412,521,445,570,691,701,792,1060,1493,2150,2244,2079,1751,2289,2085,1327,461,60,5339,443,4
Tajikistan,2019,25553,4349,5060,711,153,148,270,972,1378,1792,3554,4444,3900,3326,551,434,538,681,697,767,1025,1436,2118,2330,2114,1827,2073,2049,1277,483,68,5213,418,4
Tajikistan,2020,32968,4213,4895,682,147,141,273,1007,1632,2302,4789,6724,5522,4775,753,447,560,769,863,987,1315,1892,2897,3481,3243,2834,2688,2940,1835,661,92,5042,414,5
Tajikistan,2021,25058,4077,4739,662,140,138,230,884,1351,1715,3456,5039,3809,3013,541,396,488,646,705,749,966,1397,2059,2660,2379,2111,1698,1885,1128,464,77,4879,368,5
Tanzania,1950,85939,27345,48527,21182,4978,2379,2334,5595,5086,4539,4186,4102,3258,894,56,2855,2740,2589,2497,2342,2197,2146,2040,2070,2032,1878,1380,642,252,51,5,53505,4713,1
Tanzania,1951,87520,28097,49266,21169,5093,2414,2372,5690,5176,4630,4291,4229,3365,938,62,2903,2787,2634,2542,2387,2243,2196,2095,2132,2097,1934,1431,688,250,56,6,54359,4786,1
Tanzania,1952,89646,28774,50196,21422,5228,2464,2435,5862,5332,4774,4435,4383,3481,984,65,2988,2874,2714,2618,2460,2314,2268,2167,2210,2173,1999,1482,740,244,60,5,55424,4899,1
Tanzania,1953,91691,29466,51220,21754,5314,2509,2482,5987,5460,4905,4569,4538,3595,1037,70,3048,2939,2777,2683,2525,2380,2336,2233,2288,2250,2065,1530,793,244,63,7,56534,4991,1
Tanzania,1954,93754,30169,52394,22225,5350,2562,2529,6106,5568,5008,4684,4676,3712,1096,72,3108,2998,2832,2736,2576,2432,2392,2292,2355,2321,2130,1582,840,256,65,7,57744,5091,1
Tanzania,1955,95998,30949,53666,22717,5381,2624,2578,6235,5697,5132,4809,4822,3829,1154,74,3171,3064,2897,2800,2638,2494,2455,2354,2426,2396,2196,1633,880,274,66,8,59047,5202,0
Tanzania,1956,98333,31795,55047,23252,5452,2695,2627,6351,5799,5227,4924,4963,3955,1215,74,3231,3120,2951,2848,2684,2543,2510,2414,2494,2469,2268,1687,918,297,65,9,60499,5322,0
Tanzania,1957,100889,32687,56491,23804,5534,2770,2682,6496,5941,5355,5058,5118,4085,1279,74,3302,3194,3023,2918,2749,2606,2578,2480,2569,2549,2341,1744,955,324,65,9,62025,5452,1
Tanzania,1958,103479,33471,57837,24366,5638,2836,2745,6661,6107,5508,5210,5287,4224,1340,76,3384,3277,3108,2999,2827,2681,2654,2556,2652,2635,2421,1803,992,348,65,11,63475,5581,1
Tanzania,1959,106087,34327,59304,24977,5779,2876,2811,6806,6245,5635,5345,5440,4363,1400,82,3456,3350,3179,3066,2891,2744,2719,2626,2725,2715,2499,1864,1030,370,71,11,65083,5687,1
Tanzania,1960,108734,35168,60723,25555,5927,2910,2888,6959,6399,5774,5491,5603,4508,1463,89,3532,3427,3256,3143,2962,2812,2791,2700,2804,2799,2580,1928,1070,393,78,11,66650,5798,1
Tanzania,1961,111480,36067,62157,26090,6072,2946,2975,7127,6572,5932,5647,5775,4657,1523,95,3613,3514,3343,3229,3044,2888,2869,2778,2890,2885,2662,1995,1111,412,84,11,68229,5921,1
Tanzania,1962,114106,36968,63630,26662,6212,2971,3051,7281,6724,6055,5774,5924,4793,1588,104,3686,3595,3421,3303,3107,2948,2931,2843,2967,2957,2732,2061,1155,433,93,11,69842,6022,1
Tanzania,1963,116938,37802,64977,27175,6356,3021,3132,7477,6937,6247,5955,6120,4952,1654,112,3780,3697,3528,3409,3205,3042,3022,2933,3064,3056,2820,2132,1201,453,100,12,71333,6153,1
Tanzania,1964,119300,38614,66298,27684,6484,3080,3166,7592,7042,6349,6072,6274,5100,1722,118,3843,3749,3579,3463,3256,3093,3078,2994,3136,3138,2898,2202,1247,475,106,12,72782,6246,1
Tanzania,1965,122100,39366,67473,28107,6613,3152,3208,7808,7260,6564,6295,6528,5276,1793,128,3957,3851,3687,3573,3364,3200,3188,3107,3266,3262,2995,2281,1297,496,114,14,74086,6360,1
Tanzania,1966,124408,40088,68580,28492,6725,3216,3230,7960,7400,6704,6444,6706,5437,1868,136,4047,3913,3756,3644,3434,3270,3261,3183,3350,3356,3083,2354,1348,520,121,15,75305,6446,1
Tanzania,1967,126875,40745,69616,28871,6842,3284,3264,8178,7612,6889,6607,6886,5601,1947,145,4168,4010,3861,3751,3533,3356,3344,3263,3437,3449,3170,2431,1402,545,129,16,76458,6548,1
Tanzania,1968,128492,41468,70642,29174,6930,3328,3266,8193,7604,6907,6669,7010,5754,2030,155,4189,4004,3855,3749,3538,3369,3369,3300,3490,3520,3250,2504,1459,571,136,19,77572,6594,1
Tanzania,1969,130675,42403,71942,29539,7020,3351,3286,8241,7616,6960,6810,7253,5914,2114,162,4197,4044,3867,3749,3554,3406,3427,3383,3626,3627,3334,2580,1515,599,143,19,78962,6637,1
Tanzania,1970,133419,43422,73258,29836,7105,3384,3334,8377,7755,7117,7034,7580,6095,2202,173,4227,4150,3944,3811,3623,3494,3531,3503,3797,3783,3435,2660,1575,627,152,21,80363,6718,1
Tanzania,1971,135971,44475,74768,30293,7201,3410,3352,8426,7796,7183,7196,7890,6268,2293,183,4211,4215,3970,3826,3643,3540,3601,3595,3943,3947,3526,2742,1635,658,161,22,81969,6762,2
Tanzania,1972,138373,45400,76116,30716,7273,3433,3366,8464,7849,7256,7365,8227,6438,2386,194,4186,4278,4002,3847,3666,3590,3675,3690,4087,4140,3612,2826,1696,690,171,23,83389,6799,2
Tanzania,1973,141032,46324,77504,31180,7352,3451,3378,8526,7930,7349,7581,8638,6634,2480,206,4188,4338,4052,3878,3698,3651,3768,3813,4273,4365,3720,2914,1758,722,180,26,84856,6829,2
Tanzania,1974,144540,47324,78817,31493,7436,3502,3430,8723,8245,7620,7912,9125,6919,2592,219,4275,4448,4220,4025,3828,3792,3928,3984,4484,4641,3891,3028,1833,759,191,28,86253,6932,2
Tanzania,1975,147323,48158,79955,31797,7515,3537,3453,8792,8442,7778,8167,9546,7204,2698,232,4319,4473,4332,4110,3900,3878,4046,4121,4661,4885,4072,3132,1902,796,202,30,87470,6990,2
Tanzania,1976,149595,48752,80873,32121,7598,3568,3469,8792,8574,7872,8372,9926,7498,2804,244,4330,4462,4412,4162,3941,3931,4136,4236,4815,5111,4269,3229,1973,831,213,31,88471,7037,2
Tanzania,1977,151624,49400,81747,32347,7681,3594,3479,8743,8646,7921,8539,10275,7824,2912,259,4325,4418,4461,4185,3960,3961,4202,4337,4957,5318,4498,3326,2043,869,225,34,89428,7073,3
Tanzania,1978,154210,50120,82718,32598,7807,3650,3523,8763,8783,8041,8753,10648,8215,3032,273,4348,4415,4527,4256,4021,4020,4294,4459,5111,5537,4767,3448,2123,909,238,35,90525,7173,3
Tanzania,1979,155960,50669,83545,32876,7921,3701,3557,8707,8787,8058,8819,10832,8596,3148,289,4327,4380,4496,4291,4036,4022,4315,4504,5156,5676,5011,3585,2201,947,252,37,91466,7258,3
Tanzania,1980,159196,51407,84837,33430,8144,3831,3669,8801,8974,8231,8972,11043,9091,3289,307,4380,4421,4536,4438,4144,4087,4385,4587,5210,5833,5310,3781,2295,994,266,41,92981,7500,3
Tanzania,1981,162394,52279,86294,34015,8365,3950,3758,8877,9089,8337,9084,11255,9617,3435,323,4426,4451,4542,4547,4212,4125,4425,4659,5299,5956,5609,4008,2394,1041,281,42,94659,7708,4
Tanzania,1982,166361,53521,88368,34847,8644,4100,3872,8980,9193,8456,9190,11446,10176,3586,343,4492,4488,4541,4652,4287,4169,4462,4728,5393,6053,5902,4274,2492,1094,296,47,97012,7972,4
Tanzania,1983,171094,54911,90624,35713,8942,4275,4019,9181,9401,8694,9370,11689,10774,3759,362,4610,4571,4605,4796,4425,4269,4540,4830,5521,6168,6196,4578,2612,1147,313,49,99566,8294,4
Tanzania,1984,176519,56084,92817,36733,9265,4507,4273,9497,9765,9163,9646,11878,11359,3960,383,4815,4682,4758,5007,4694,4469,4689,4957,5607,6271,6464,4895,2758,1202,331,52,102082,8780,4
Tanzania,1985,180387,56941,94222,37281,9468,4661,4442,9755,9944,9490,9855,12139,11839,4166,401,4981,4774,4852,5092,4882,4608,4789,5066,5756,6383,6656,5183,2910,1256,345,56,103690,9103,5
Tanzania,1986,184259,57670,95381,37711,9638,4835,4695,10057,10189,9995,10115,12254,12280,4393,421,5204,4853,4948,5241,5169,4826,4942,5173,5812,6442,6808,5472,3085,1308,363,58,105019,9530,5
Tanzania,1987,188195,58283,96154,37871,9767,4973,4923,10469,10490,10584,10495,12529,12710,4651,445,5464,5005,5086,5404,5490,5094,5150,5345,5984,6545,6949,5761,3289,1362,382,63,105921,9896,5
Tanzania,1988,191857,59032,97031,37999,9875,5119,5189,10881,10729,11132,10815,12629,13049,4936,465,5748,5133,5179,5550,5770,5362,5347,5468,6051,6578,7031,6018,3510,1426,400,65,106906,10308,6
Tanzania,1989,196605,59428,97281,37853,9946,5219,5398,11629,11299,11917,11480,13253,13447,5240,487,6128,5501,5448,5851,6130,5787,5698,5782,6435,6818,7191,6256,3735,1505,418,69,107227,10617,6
Tanzania,1990,201185,59792,97680,37888,10004,5311,5604,12314,11820,12655,12142,13816,13756,5563,514,6477,5837,5689,6131,6434,6221,6060,6082,6768,7048,7316,6440,3965,1598,441,73,107684,10915,7
Tanzania,1991,207353,60266,98334,38068,10121,5446,5862,13249,12598,13648,13029,14579,14043,5900,538,6926,6323,6070,6528,6852,6796,6546,6483,7190,7389,7446,6597,4195,1705,462,76,108455,11308,7
Tanzania,1992,214175,60850,99315,38465,10303,5616,6144,14258,13419,14634,13971,15409,14284,6252,563,7401,6857,6493,6926,7247,7387,7061,6910,7618,7791,7556,6728,4425,1827,482,81,109618,11760,8
Tanzania,1993,218417,61249,99667,38418,10290,5654,6280,14948,13929,15250,14707,16067,14435,6587,597,7705,7243,6782,7147,7469,7781,7467,7240,7936,8131,7625,6810,4628,1959,510,87,109957,11934,8
Tanzania,1994,225518,62419,101489,39070,10602,5924,6711,16187,14856,16104,15259,16181,14664,6896,633,8312,7875,7290,7566,7910,8194,7860,7399,7854,8327,7768,6896,4802,2094,541,92,112091,12635,9
Tanzania,1995,230648,63923,103393,39470,10842,6138,7062,17152,15436,16513,15519,15865,14870,7174,674,8800,8352,7650,7786,8149,8364,8104,7415,7600,8265,7909,6961,4941,2233,579,95,114235,13200,9
Tanzania,1996,235001,64665,103690,39025,10781,6141,7169,17903,16112,17047,16492,16361,15145,7426,722,9103,8800,8079,8033,8388,8659,8629,7863,8019,8342,8135,7010,5055,2371,621,101,114471,13310,10
Tanzania,1997,237558,64378,102690,38312,10578,6001,7054,18226,16563,17321,17765,17466,15446,7665,776,9148,9078,8412,8151,8461,8860,9221,8544,8873,8593,8406,7040,5153,2512,670,106,113268,13055,10
Tanzania,1998,238510,63814,101181,37367,10292,5897,7062,18677,17164,17559,18419,17869,15681,7861,834,9293,9384,8783,8381,8573,8986,9551,8868,9097,8772,8608,7073,5222,2639,722,112,111473,12959,11
Tanzania,1999,236806,62800,99049,36249,9914,5723,6920,18638,17365,17410,18762,18343,15737,8035,897,9196,9442,8934,8431,8464,8946,9630,9132,9328,9015,8601,7136,5288,2747,777,120,108963,12643,12
Tanzania,2000,234865,61489,96080,34591,9491,5554,6833,18659,17723,17432,19161,18931,15840,8185,963,9135,9524,9128,8595,8455,8977,9713,9448,9554,9377,8577,7263,5351,2834,832,131,105571,12387,12
Tanzania,2001,232704,60054,92825,32771,9086,5364,6696,18534,18129,17517,19618,19501,16082,8308,1029,8996,9538,9311,8818,8501,9016,9806,9812,9837,9664,8636,7446,5396,2912,888,141,101911,12060,13
Tanzania,2002,230477,58136,88876,30740,8641,5149,6543,18474,18656,17710,20215,20251,16440,8407,1098,8883,9591,9548,9108,8615,9095,9938,10277,10298,9953,8762,7678,5427,2980,945,153,97517,11692,14
Tanzania,2003,224892,56347,85209,28862,8180,4885,6258,17752,18319,17190,20090,20610,16712,8508,1164,8503,9249,9335,8984,8391,8799,9719,10371,10515,10095,8869,7843,5474,3034,997,167,93389,11143,15
Tanzania,2004,223004,55075,82429,27354,7858,4675,6056,17466,18565,17279,20386,21338,17068,8647,1221,8292,9174,9413,9152,8494,8785,9796,10590,10936,10402,9181,7887,5559,3088,1042,179,90287,10731,16
Tanzania,2005,221233,53986,79968,25982,7538,4475,5854,17128,18795,17405,20538,22054,17368,8821,1273,8067,9061,9474,9321,8638,8767,9835,10703,11333,10721,9508,7860,5683,3138,1079,194,87506,10329,17
Tanzania,2006,221282,52742,77562,24820,7249,4326,5700,17058,19548,18021,20874,22897,17669,9027,1323,7932,9126,9777,9771,9056,8965,9989,10885,11800,11097,9756,7913,5849,3178,1114,209,84811,10026,19
Tanzania,2007,220517,51080,74808,23728,6981,4191,5569,16964,20230,18598,20990,23564,17965,9266,1366,7796,9168,10044,10186,9461,9137,10055,10935,12157,11407,9942,8023,6055,3211,1145,221,81789,9760,21
Tanzania,2008,219499,49776,72614,22838,6803,4104,5439,16549,20341,18890,21040,24352,18458,9479,1409,7566,8983,10021,10320,9671,9219,10046,10994,12518,11834,10236,8222,6224,3255,1174,235,79417,9543,23
Tanzania,2009,215854,48275,69962,21687,6571,3983,5226,15834,19869,18758,20772,24785,19023,9602,1447,7226,8608,9721,10148,9623,9135,9850,10922,12620,12165,10497,8526,6277,3325,1199,248,76533,9209,25
Tanzania,2010,212945,47061,67833,20772,6422,3881,5009,15116,19215,18556,20603,25388,19708,9707,1484,6883,8233,9351,9864,9488,9068,9693,10910,12786,12602,10835,8873,6285,3422,1226,258,74255,8890,27
Tanzania,2011,210089,45651,65567,19916,6280,3818,4916,14577,18820,18527,20214,25592,20316,9916,1513,6657,7920,9091,9729,9465,9062,9501,10713,12645,12947,11171,9145,6372,3544,1247,266,71847,8734,29
Tanzania,2012,206371,44414,63491,19077,6168,3798,4945,14154,18101,18098,19487,25448,20896,10211,1541,6564,7590,8709,9392,9224,8874,9158,10329,12285,13163,11495,9401,6525,3686,1266,275,69659,8743,31
Tanzania,2013,204176,44449,62695,18246,5986,3717,4792,13090,16975,17784,19278,25928,21795,10532,1573,6150,6940,8057,8918,8982,8802,9056,10222,12290,13638,12043,9752,6731,3801,1290,283,68681,8509,33
Tanzania,2014,201089,44491,61609,17118,5723,3635,4777,12360,15881,17263,18786,25836,22695,10866,1621,5915,6445,7469,8412,8651,8612,8856,9930,12094,13742,12572,10123,7028,3838,1328,293,67332,8412,35
Tanzania,2015,198949,44677,61307,16630,5576,3605,4785,11748,14793,16695,18306,25537,23680,11201,1678,5732,6016,6905,7888,8294,8401,8677,9629,11864,13673,13133,10547,7351,3850,1378,300,66883,8390,37
Tanzania,2016,196335,44494,60497,16003,5368,3572,4839,11303,13798,16167,17775,24941,24728,11557,1741,5659,5644,6386,7412,7971,8196,8500,9275,11439,13502,13708,11020,7629,3928,1435,306,65865,8411,38
Tanzania,2017,194684,44334,59768,15434,5172,3524,4878,11025,12961,15797,17502,24431,25802,11969,1815,5640,5385,5948,7013,7720,8077,8440,9062,11138,13293,14276,11526,7908,4061,1502,313,64940,8402,40
Tanzania,2018,193312,43813,58478,14665,4928,3431,4875,10824,12330,15678,17514,24065,26824,12447,1876,5629,5195,5611,6719,7594,8084,8513,9001,10941,13124,14751,12073,8225,4222,1555,321,63406,8306,41
Tanzania,2019,193839,43493,57559,14066,4774,3348,4868,10803,11943,15806,17919,24071,27782,13014,1903,5684,5119,5409,6534,7575,8231,8752,9167,10967,13104,15071,12711,8584,4430,1570,333,62333,8216,43
Tanzania,2020,205574,43074,56555,13481,4651,3239,4511,9900,11347,16936,20639,27950,32206,15460,2136,5265,4635,4979,6368,7938,8998,9971,10668,12746,15204,17383,14823,10076,5384,1761,375,61206,7750,47
Tanzania,2021,212943,42644,55561,12917,4549,3195,4758,10617,11749,18099,22287,29335,34197,16389,2162,5625,4992,5191,6558,8342,9757,10852,11435,13345,15990,18092,16105,10815,5574,1777,385,60110,7953,47
Thailand,1950,226785,64949,93103,28154,9334,4812,7661,18034,18724,19386,18646,17799,13074,5072,1081,9128,8906,9182,9542,9645,9741,9720,8926,8762,9037,7154,5920,3181,1891,829,252,102437,12473,60
Thailand,1951,225275,65613,93651,28038,8984,4696,7537,17824,18220,19082,18720,17470,12961,5046,1027,9017,8807,8929,9291,9448,9634,9743,8977,8641,8829,7179,5782,3288,1758,797,230,102635,12233,58
Thailand,1952,223955,65722,93771,28049,8682,4577,7478,17677,17780,18842,18869,17184,12927,5119,994,8887,8790,8733,9047,9304,9538,9773,9096,8624,8560,7361,5566,3493,1626,770,224,102453,12055,57
Thailand,1953,224158,65954,93965,28011,8868,4478,7488,17662,17494,18722,19141,17060,12999,5254,970,8798,8864,8633,8861,9233,9489,9842,9299,8730,8330,7619,5380,3713,1541,749,221,102833,11966,56
Thailand,1954,221996,65730,93577,27847,9028,4325,7361,17381,16994,18293,19094,16791,12881,5296,926,8589,8792,8440,8554,9008,9285,9748,9346,8741,8050,7662,5219,3785,1511,714,212,102605,11686,52
Thailand,1955,220906,65444,93016,27572,9070,4245,7276,17273,16743,18039,19218,16822,12895,5367,892,8492,8781,8374,8369,8865,9174,9747,9471,8862,7960,7671,5224,3807,1560,685,207,102086,11521,47
Thailand,1956,219787,65132,92304,27172,9209,4193,7152,17158,16551,17767,19289,16945,12902,5410,857,8420,8738,8347,8204,8703,9064,9719,9570,9005,7940,7584,5318,3761,1649,651,206,101513,11345,45
Thailand,1957,218821,64795,91547,26752,9310,4182,6998,17059,16458,17508,19333,17189,12940,5429,819,8400,8659,8381,8077,8527,8981,9681,9652,9194,7995,7424,5516,3650,1779,614,205,100857,11180,46
Thailand,1958,218752,64581,91042,26461,9591,4247,6860,17025,16486,17306,19381,17547,12984,5441,795,8432,8593,8478,8008,8372,8934,9649,9732,9424,8123,7250,5734,3540,1901,592,203,100633,11107,46
Thailand,1959,217576,64225,90075,25850,9594,4321,6691,16855,16439,17030,19350,17890,13013,5476,800,8370,8485,8506,7933,8192,8838,9580,9770,9617,8273,7133,5880,3505,1971,600,200,99669,11012,46
Thailand,1960,212107,63825,89100,25275,9384,4292,6329,16067,15813,16169,18616,17570,12574,5347,800,7967,8100,8205,7608,7754,8415,9165,9451,9432,8138,6849,5725,3420,1927,612,188,98484,10621,44
Thailand,1961,207385,63591,88379,24788,9184,4294,6036,15333,15245,15378,17931,17290,12181,5275,821,7564,7769,7899,7346,7370,8008,8787,9144,9244,8046,6657,5524,3415,1860,643,178,97563,10330,44
Thailand,1962,208305,63374,87772,24398,9238,4521,6086,15327,15390,15313,18080,17808,12351,5484,890,7484,7843,7921,7469,7355,7958,8835,9245,9454,8354,6830,5521,3634,1850,715,175,97010,10607,46
Thailand,1963,209069,63000,86833,23833,9060,4704,6199,15371,15595,15310,18280,18390,12590,5723,965,7412,7959,7949,7646,7389,7921,8916,9364,9677,8713,7076,5514,3880,1843,788,177,95893,10903,49
Thailand,1964,207471,62292,85625,23333,8955,4792,6277,15087,15479,15044,18097,18574,12651,5834,1009,7211,7876,7828,7651,7306,7738,8808,9289,9696,8878,7214,5437,3995,1839,824,185,94580,11069,49
Thailand,1965,206141,61301,84082,22781,9018,4851,6452,14855,15404,14875,17941,18783,12838,5944,1040,7079,7776,7748,7656,7272,7603,8707,9234,9739,9044,7395,5443,4061,1883,840,200,93100,11303,50
Thailand,1966,205921,60080,82248,22168,8971,4958,6757,14834,15524,14952,17995,19185,13257,6110,1078,7090,7744,7795,7729,7367,7585,8699,9296,9888,9297,7690,5567,4123,1987,853,225,91219,11715,51
Thailand,1967,205468,58688,80125,21437,8864,5058,7081,14823,15641,15091,18040,19557,13762,6272,1102,7156,7667,7879,7762,7504,7587,8665,9375,10029,9528,8022,5740,4141,2131,849,253,88989,12139,52
Thailand,1968,205031,57088,77718,20630,8820,5164,7412,14888,15765,15298,18097,19915,14339,6429,1126,7305,7583,7984,7781,7674,7624,8628,9469,10168,9747,8377,5962,4146,2283,846,280,86538,12576,54
Thailand,1969,203353,55181,74919,19738,8813,5222,7639,14959,15739,15401,18002,20100,14812,6531,1151,7498,7461,7991,7748,7772,7629,8533,9469,10218,9882,8645,6167,4147,2384,856,295,83732,12861,57
Thailand,1970,200819,53034,71808,18774,8694,5263,7763,15106,15619,15439,17836,20190,15218,6624,1193,7754,7352,7918,7701,7808,7631,8429,9407,10218,9972,8849,6369,4185,2439,887,306,80502,13026,63
Thailand,1971,198198,50810,68585,17775,8499,5309,7851,15354,15500,15480,17672,20270,15617,6732,1253,8055,7299,7817,7683,7814,7666,8346,9326,10219,10051,9024,6593,4262,2470,940,313,77084,13160,71
Thailand,1972,197188,48515,65251,16736,8346,5424,8031,15853,15579,15728,17734,20627,16232,6946,1352,8455,7398,7777,7802,7882,7846,8394,9340,10368,10259,9296,6936,4438,2508,1028,324,73597,13455,84
Thailand,1973,194804,46128,61838,15710,8178,5474,8114,16249,15494,15806,17615,20744,16647,7110,1440,8752,7497,7645,7849,7842,7964,8376,9239,10404,10340,9439,7208,4599,2511,1109,331,70016,13588,95
Thailand,1974,192591,43659,58365,14706,7977,5527,8198,16725,15427,15904,17570,20875,17062,7335,1520,9012,7713,7550,7877,7826,8078,8405,9165,10438,10437,9592,7470,4797,2538,1175,345,66342,13725,105
Thailand,1975,190576,41302,55039,13737,7787,5567,8293,17207,15352,15995,17582,20978,17462,7610,1587,9193,8014,7494,7858,7828,8167,8463,9119,10449,10529,9754,7708,5013,2597,1222,365,62826,13860,113
Thailand,1976,188076,38775,51528,12753,7478,5542,8404,17821,15318,16045,17587,20960,17742,7895,1636,9407,8414,7508,7810,7844,8201,8528,9059,10388,10572,9862,7880,5227,2668,1246,390,59006,13946,119
Thailand,1977,188640,36454,48278,11824,7274,5642,8666,18615,15545,16419,18065,21438,18438,8419,1718,9705,8910,7690,7855,8052,8367,8832,9233,10550,10888,10216,8222,5592,2827,1287,431,55552,14308,126
Thailand,1978,190297,34519,45476,10957,7079,5745,8977,19514,15920,16860,18682,21964,19165,8992,1794,10054,9460,7997,7923,8314,8546,9207,9475,10728,11236,10595,8570,5976,3016,1323,471,52555,14722,133
Thailand,1979,192075,33007,43114,10107,6815,5797,9266,20318,16386,17238,19283,22441,19860,9546,1871,10375,9943,8394,7992,8523,8715,9549,9734,10899,11542,10960,8900,6329,3217,1365,506,49929,15063,140
Thailand,1980,191214,32037,41409,9372,6493,5682,9320,20644,16644,17198,19437,22391,20081,9860,1906,10501,10143,8718,7926,8492,8706,9640,9797,10843,11548,11058,9023,6502,3358,1387,519,47902,15002,146
Thailand,1981,190557,30608,39365,8757,6112,5587,9342,20851,16995,17213,19718,22516,20481,10252,1970,10585,10266,9077,7918,8452,8761,9749,9969,10898,11618,11251,9230,6707,3545,1439,531,45477,14929,154
Thailand,1982,187593,28733,36963,8230,5693,5375,9221,20833,17202,17003,19716,22318,20604,10485,2014,10564,10269,9325,7877,8263,8740,9670,10046,10826,11492,11293,9311,6793,3692,1482,532,42656,14596,162
Thailand,1983,184759,26935,34655,7720,5238,5138,9077,20861,17488,16797,19704,22124,20722,10707,2076,10572,10289,9567,7921,8065,8732,9561,10143,10778,11346,11327,9395,6867,3840,1542,534,39893,14215,170
Thailand,1984,180448,25382,32557,7175,4836,4811,8776,20613,17595,16377,19441,21732,20588,10807,2135,10438,10175,9631,7964,7797,8580,9349,10092,10640,11092,11206,9382,6875,3932,1601,534,37393,13587,176
Thailand,1985,176862,24011,30645,6634,4445,4491,8468,20414,17762,16015,19228,21495,20526,10956,2231,10307,10107,9643,8119,7603,8412,9191,10037,10575,10920,11111,9415,6931,4025,1682,549,35090,12959,182
Thailand,1986,173616,22767,28879,6112,4101,4169,8133,20192,17933,15681,19020,21356,20478,11134,2349,10134,10058,9622,8311,7464,8217,9070,9950,10560,10796,11010,9468,7020,4114,1778,571,32980,12302,189
Thailand,1987,168129,21482,27122,5640,3738,3785,7638,19593,17773,15113,18493,20963,20109,11158,2453,9760,9833,9424,8349,7260,7853,8843,9650,10429,10534,10719,9390,7022,4136,1857,596,30860,11423,194
Thailand,1988,171829,20349,25629,5280,3567,3650,7592,20198,18715,15566,19125,21950,21004,11900,2717,9972,10226,9815,8900,7590,7976,9191,9934,10979,10971,11099,9905,7482,4418,2055,662,29196,11242,213
Thailand,1989,174479,19484,24330,4846,3405,3481,7427,20587,19456,15988,19563,22772,21714,12562,2962,10050,10537,10118,9338,7948,8040,9422,10141,11417,11355,11400,10314,7895,4667,2228,734,27735,10908,232
Thailand,1990,178310,18503,22957,4454,3168,3339,7268,21029,20316,16709,20166,23838,22668,13376,3219,10137,10892,10523,9793,8487,8222,9696,10470,11939,11899,11858,10810,8398,4978,2406,813,26125,10607,254
Thailand,1991,182972,17688,21811,4123,3074,3166,6894,21230,21618,17717,21039,24898,23572,14212,3463,10012,11218,11184,10434,9266,8451,10066,10973,12436,12462,12311,11261,8895,5317,2566,897,24885,10060,275
Thailand,1992,188474,16808,20627,3819,2921,3071,6595,21398,22898,18936,21966,26213,24656,15155,3737,9895,11503,11779,11119,10114,8822,10412,11554,13009,13204,12866,11790,9433,5722,2737,1000,23548,9666,299
Thailand,1993,194887,15846,19377,3531,2821,3003,6235,21318,24467,20567,23032,27724,25849,16146,4023,9611,11707,12454,12013,11126,9441,10791,12241,13665,14059,13496,12353,9983,6163,2921,1102,22198,9238,324
Thailand,1994,201175,14875,18133,3258,2708,2963,5895,20927,25969,22430,23974,29323,27077,17117,4304,9225,11702,13050,12919,12090,10340,11066,12908,14400,14923,14202,12875,10521,6596,3119,1185,20841,8858,351
Thailand,1995,215969,13881,16900,3019,2692,3059,5855,21193,28591,25684,26037,32371,29620,18804,4774,9154,12039,14107,14484,13637,12047,11743,14294,15886,16485,15648,13972,11540,7264,3474,1300,19592,8914,391
Thailand,1996,214522,13183,15971,2788,2550,2901,5461,19728,28331,26831,25921,32780,29858,18913,4867,8359,11369,13727,14604,14011,12820,11477,14444,16103,16677,15903,13955,11652,7261,3575,1292,18521,8362,408
Thailand,1997,207952,12281,14888,2607,2321,2679,5050,17754,27108,27313,25322,32307,29441,18517,4829,7411,10343,12924,14184,14102,13211,11287,14035,15876,16431,15850,13591,11497,7020,3588,1241,17209,7729,421
Thailand,1998,208051,11090,13497,2407,2205,2530,4902,16410,26657,28622,25817,32993,30201,18795,5008,6825,9585,12477,14180,14687,13935,11922,13895,16151,16842,16420,13781,11721,7074,3733,1275,15702,7432,415
Thailand,1999,217657,9808,12022,2214,2079,2508,5022,15938,27235,31134,27742,35500,32679,19955,5438,6657,9281,12416,14819,15921,15213,13533,14209,17312,18188,17849,14830,12376,7579,4029,1409,14101,7530,408
Thailand,2000,227671,8964,10985,2021,2020,2486,5122,15521,27449,33506,29716,38302,35309,21108,5754,6574,8947,12209,15240,17056,16450,15430,14286,18697,19605,19299,16010,12944,8164,4178,1576,13005,7608,398
Thailand,2001,230401,8418,10247,1829,1925,2369,4993,15002,26702,34175,30742,39394,36749,21929,5772,6496,8506,11819,14883,17159,17016,16697,14045,19209,20185,19980,16769,13234,8695,4100,1672,12172,7362,401
Thailand,2002,233676,7951,9621,1670,1831,2246,4792,14748,26057,34643,32267,39873,38347,22915,5904,6530,8218,11483,14574,17040,17603,17734,14533,19244,20629,20666,17681,13611,9304,4144,1760,11452,7038,425
Thailand,2003,238605,7582,9113,1531,1717,2141,4576,14622,25500,35311,34355,40187,40328,24027,6263,6578,8044,11142,14358,17050,18261,18637,15718,19058,21129,21563,18765,14188,9839,4405,1858,10830,6717,462
Thailand,2004,246760,7353,9075,1722,1860,2256,4558,14870,25272,36384,36941,40698,42468,25107,6772,6771,8099,11012,14260,17328,19056,19539,17402,18841,21857,22584,19884,14963,10144,4828,1944,10935,6814,500
Thailand,2005,245484,6935,8267,1332,1485,1907,4146,14108,23975,35872,38278,40210,43584,25880,7246,6371,7737,10372,13603,16829,19043,19686,18592,18053,22157,23036,20548,15609,10271,5258,1988,9752,6053,533
Thailand,2006,239418,6558,7821,1263,1371,1737,3799,13154,22291,34326,38645,38951,43281,25966,7489,5870,7284,9524,12767,15866,18460,19455,19190,17265,21686,22765,20516,15845,10121,5529,1960,9192,5536,578
Thailand,2007,245122,6246,7409,1163,1256,1663,3649,12917,21815,34402,40747,39965,44999,27470,8139,5656,7261,9256,12559,15748,18654,20245,20502,18089,21876,23497,21502,16980,10490,6056,2083,8665,5312,692
Thailand,2008,249715,5945,7040,1095,1139,1591,3473,12488,21147,34244,42361,41153,46500,29019,8804,5355,7133,8968,12179,15538,18706,20927,21434,19445,21708,24036,22464,18114,10905,6465,2339,8179,5064,757
Thailand,2009,252911,5613,6650,1037,1032,1502,3281,11947,20375,33834,43416,42401,47781,30521,9367,5055,6892,8671,11704,15196,18638,21423,21993,21047,21354,24470,23311,19112,11409,6684,2683,7682,4783,805
Thailand,2010,257600,5371,6362,991,984,1420,3115,11507,19770,33543,44560,44027,49280,32252,9912,4854,6653,8485,11285,14971,18572,21963,22597,22829,21198,25050,24230,20142,12110,6832,3080,7346,4535,866
Thailand,2011,262617,5194,6164,970,918,1320,2983,11126,18990,33034,45830,46029,50800,34421,10095,4707,6419,8245,10745,14659,18375,22452,23378,24538,21491,25646,25154,21256,13165,6865,3230,7082,4303,911
Thailand,2012,266866,4888,5772,884,829,1191,2857,10664,18247,32316,46860,48372,51802,36639,10349,4516,6148,8018,10229,14210,18106,22671,24189,25986,22386,25885,25917,22327,14312,7016,3333,6601,4048,965
Thailand,2013,271800,4558,5398,840,772,1078,2758,10240,17642,31538,47897,51127,52591,38965,10755,4339,5901,7825,9817,13685,17853,22801,25096,27162,23965,25955,26636,23469,15496,7358,3397,6170,3836,1036
Thailand,2014,276279,4237,5024,787,718,982,2626,9783,17009,30554,48705,53945,53239,41242,11331,4131,5652,7572,9437,13072,17482,22803,25902,28010,25935,25886,27353,24614,16628,7906,3425,5742,3608,1117
Thailand,2015,281517,3915,4649,734,685,902,2481,9394,16451,29594,49395,56976,54115,43550,12125,3938,5456,7312,9139,12471,17123,22712,26683,28883,28093,25884,28231,25797,17753,8660,3465,5334,3383,1203
Thailand,2016,289345,3636,4323,687,638,838,2313,9137,16066,28898,50188,60581,55742,46126,13199,3807,5330,7108,8958,11980,16918,22672,27516,30155,30426,26515,29227,27126,19000,9621,3578,4961,3151,1295
Thailand,2017,292483,3395,4037,642,597,769,2085,8737,15450,27678,49853,63027,56864,47808,14211,3644,5093,6779,8671,11354,16324,22220,27633,31028,31999,27489,29375,27881,19927,10497,3714,4634,2854,1368
Thailand,2018,298509,3150,3742,592,562,716,1895,8414,14986,26676,49806,65769,59070,49933,15493,3515,4899,6513,8473,10917,15759,21955,27851,32267,33502,29498,29572,28826,21107,11492,4001,4304,2611,1454
Thailand,2019,302842,2930,3479,549,526,667,1723,7983,14413,25513,49262,67728,61336,51872,16804,3322,4661,6228,8185,10479,15034,21462,27800,33246,34482,31839,29497,29659,22213,12402,4402,4005,2390,1533
Thailand,2020,307468,2746,3255,509,484,624,1572,7511,13844,24380,48476,69495,63756,54220,18223,3096,4415,5979,7865,10101,14279,20923,27553,34090,35405,34285,29471,30846,23374,13299,4924,3739,2196,1626
Thailand,2021,332102,2574,3048,474,447,583,1443,7072,13357,23396,48066,74470,73051,63580,21742,2852,4220,5785,7572,9806,13590,20495,27571,35840,38630,39771,33280,35349,28231,15776,5966,3495,2026,1847
Togo,1950,18183,5478,9668,4190,696,293,385,949,763,753,919,1504,1642,595,15,512,437,390,373,376,377,420,499,689,815,869,773,472,123,15,0,10364,678,0
Togo,1951,18385,5569,9798,4229,718,299,394,968,778,768,916,1489,1632,610,13,522,446,397,381,385,383,423,493,677,812,869,763,472,138,13,0,10516,693,0
Togo,1952,18479,5637,9918,4281,729,302,394,968,781,777,912,1458,1612,620,13,522,446,398,383,389,388,424,488,655,803,863,749,468,152,12,1,10647,696,0
Togo,1953,18635,5698,10024,4326,750,308,399,984,791,792,915,1434,1600,622,14,531,453,402,389,398,394,426,489,637,797,861,739,464,158,13,1,10774,707,0
Togo,1954,18769,5752,10116,4364,766,315,407,999,802,806,921,1407,1593,621,16,539,460,407,395,404,402,432,489,620,787,859,734,458,163,16,0,10882,722,0
Togo,1955,18880,5802,10205,4403,778,320,412,1010,808,820,925,1380,1585,615,20,545,465,410,398,411,409,436,489,608,772,855,730,453,162,20,0,10983,732,0
Togo,1956,19016,5856,10281,4425,796,330,421,1024,820,836,938,1358,1579,610,22,553,471,416,404,419,417,445,493,601,757,851,728,448,162,22,0,11077,751,0
Togo,1957,19122,5921,10378,4457,804,337,425,1032,826,846,946,1332,1570,600,23,557,475,420,406,422,424,450,496,596,736,844,726,440,160,23,0,11182,762,0
Togo,1958,19252,5976,10459,4483,818,347,432,1046,837,860,957,1308,1564,595,23,564,482,426,411,428,432,458,499,595,713,838,726,435,160,23,0,11277,779,0
Togo,1959,19292,6041,10541,4500,818,351,434,1048,834,864,963,1281,1542,588,24,566,482,425,409,430,434,463,500,591,690,822,720,431,157,23,1,11359,785,0
Togo,1960,19396,6102,10632,4530,823,357,443,1054,842,873,974,1268,1520,585,24,569,485,430,412,432,441,469,505,592,676,805,715,430,155,23,1,11455,800,0
Togo,1961,19489,6165,10716,4551,829,360,449,1062,846,880,988,1256,1494,581,24,575,487,431,415,434,446,477,511,592,664,785,709,427,154,23,1,11545,809,0
Togo,1962,19567,6240,10800,4560,832,363,458,1068,852,883,1000,1249,1461,579,24,579,489,435,417,435,448,483,517,591,658,759,702,427,152,23,1,11632,821,0
Togo,1963,19672,6314,10900,4586,834,366,464,1077,854,889,1010,1245,1431,577,24,586,491,435,419,437,452,488,522,593,652,736,695,426,151,23,1,11734,830,0
Togo,1964,19778,6375,10979,4604,841,370,474,1087,862,894,1025,1250,1399,573,24,592,495,440,422,439,455,495,530,599,651,715,684,424,149,23,1,11820,844,0
Togo,1965,19950,6458,11112,4654,846,372,480,1095,867,901,1039,1259,1375,574,24,599,496,442,425,443,458,502,537,606,653,702,673,424,150,23,1,11958,852,0
Togo,1966,20204,6583,11297,4714,850,375,485,1113,875,911,1059,1274,1361,580,23,612,501,446,429,447,464,509,550,616,658,697,664,427,153,22,1,12147,860,0
Togo,1967,20546,6732,11531,4799,859,378,492,1131,885,922,1083,1298,1354,587,24,624,507,452,433,453,469,520,563,630,668,701,653,432,155,23,1,12390,870,0
Togo,1968,20962,6897,11783,4886,874,384,498,1158,902,941,1113,1330,1358,595,24,641,517,460,442,462,479,532,581,647,683,711,647,435,160,23,1,12657,882,0
Togo,1969,21412,7082,12046,4964,891,391,508,1187,921,961,1142,1369,1367,604,24,658,529,470,451,472,489,544,598,668,701,724,643,442,162,23,1,12937,899,0
Togo,1970,21861,7233,12257,5024,917,402,522,1225,944,982,1174,1412,1387,609,24,679,546,482,462,483,499,557,617,691,721,740,647,442,167,23,1,13174,924,0
Togo,1971,22169,7349,12411,5062,932,408,529,1250,957,998,1200,1448,1400,608,26,692,558,490,467,490,508,568,632,710,738,751,649,440,168,25,1,13343,937,0
Togo,1972,22329,7424,12489,5065,938,413,531,1258,963,1005,1212,1476,1411,604,26,693,565,494,469,493,512,572,640,723,753,760,651,433,171,25,1,13427,944,0
Togo,1973,22400,7470,12519,5049,938,414,530,1264,964,1008,1221,1499,1421,598,27,693,571,495,469,494,514,575,646,735,764,767,654,425,173,26,1,13457,944,0
Togo,1974,22437,7505,12521,5016,937,416,529,1264,965,1011,1223,1518,1430,590,29,690,574,496,469,494,517,575,648,743,775,775,655,418,172,28,1,13458,945,0
Togo,1975,22325,7520,12501,4981,917,410,517,1240,952,996,1219,1525,1437,583,30,675,565,491,461,486,510,571,648,745,780,780,657,413,170,29,1,13418,927,0
Togo,1976,22372,7537,12477,4940,919,413,518,1244,961,1001,1225,1549,1456,581,31,676,568,498,463,488,513,574,651,755,794,791,665,413,168,30,1,13396,931,0
Togo,1977,22376,7526,12415,4889,922,416,521,1242,969,1004,1234,1568,1476,581,32,674,568,505,464,489,515,579,655,761,807,804,672,415,166,30,2,13337,937,0
Togo,1978,22421,7494,12331,4837,932,422,526,1253,984,1014,1245,1593,1503,585,32,679,574,514,470,494,520,584,661,771,822,821,682,420,165,30,2,13263,948,0
Togo,1979,22324,7450,12225,4775,925,421,525,1239,985,1009,1246,1604,1524,590,32,672,567,515,470,491,518,585,661,774,830,834,690,425,165,30,2,13150,946,0
Togo,1980,22409,7417,12173,4756,929,425,529,1245,998,1020,1261,1634,1564,602,32,675,570,521,477,496,524,592,669,785,849,854,710,434,168,30,2,13102,954,0
Togo,1981,22582,7426,12139,4713,944,434,541,1262,1021,1035,1282,1667,1609,615,32,685,577,532,489,503,532,603,679,798,869,879,730,445,170,30,2,13083,975,0
Togo,1982,22819,7451,12135,4684,964,446,554,1285,1044,1055,1307,1703,1662,630,32,699,586,542,502,514,541,613,694,813,890,908,754,457,173,30,2,13099,1000,0
Togo,1983,23081,7492,12161,4669,977,456,565,1307,1068,1075,1332,1739,1718,650,32,712,595,550,518,525,550,624,708,828,911,937,781,472,178,30,2,13138,1021,0
Togo,1984,23417,7549,12207,4658,997,466,582,1341,1096,1103,1365,1780,1775,671,32,733,608,563,533,539,564,639,726,846,934,966,809,487,184,30,2,13204,1048,0
Togo,1985,23834,7603,12259,4656,1026,486,602,1386,1133,1139,1402,1828,1842,696,33,761,625,581,552,560,579,657,745,869,959,1000,842,506,190,31,2,13285,1088,0
Togo,1986,24155,7660,12311,4651,1036,497,617,1424,1159,1170,1428,1866,1893,721,33,782,642,592,567,577,593,669,759,886,980,1025,868,524,197,31,2,13347,1114,0
Togo,1987,24531,7730,12383,4653,1058,512,635,1454,1182,1202,1461,1906,1957,748,34,800,654,603,579,595,607,684,777,906,1000,1056,901,545,203,32,2,13441,1147,0
Togo,1988,24827,7797,12477,4680,1059,518,645,1475,1195,1228,1485,1938,2005,764,36,811,664,610,585,610,618,695,790,922,1016,1077,928,564,200,34,2,13536,1163,0
Togo,1989,25372,7852,12546,4694,1099,541,674,1544,1241,1281,1532,1999,2079,798,37,849,695,633,608,639,642,718,814,952,1047,1114,965,587,211,35,2,13645,1215,0
Togo,1990,25796,7924,12638,4714,1116,554,694,1586,1270,1320,1568,2044,2137,826,39,872,714,648,622,657,663,735,833,974,1070,1140,997,606,220,37,2,13754,1248,0
Togo,1991,26464,8005,12745,4740,1158,577,731,1680,1336,1385,1626,2108,2208,864,42,923,757,684,652,689,696,764,862,1005,1103,1175,1033,631,233,40,2,13903,1308,0
Togo,1992,26831,8057,12803,4746,1179,590,749,1712,1356,1421,1661,2156,2264,895,43,941,771,694,662,702,719,781,880,1027,1129,1201,1063,653,242,41,2,13982,1339,0
Togo,1993,27499,8108,12860,4752,1229,617,790,1807,1421,1487,1724,2231,2337,948,45,994,813,730,691,731,756,814,910,1063,1168,1239,1098,682,266,43,2,14089,1407,0
Togo,1994,26392,7592,12007,4415,1220,612,786,1805,1408,1469,1689,2170,2266,920,44,994,811,727,681,722,747,800,889,1035,1135,1201,1065,665,255,42,2,13227,1398,0
Togo,1995,27560,7758,12242,4484,1301,655,844,1948,1510,1569,1795,2291,2384,971,46,1073,875,781,729,769,800,854,941,1092,1199,1263,1121,704,267,44,2,13543,1499,0
Togo,1996,28361,7840,12338,4498,1353,683,886,2057,1590,1646,1882,2383,2479,1014,49,1133,924,824,766,806,840,900,982,1137,1246,1316,1163,736,278,47,2,13691,1569,0
Togo,1997,29150,7880,12350,4470,1417,719,933,2180,1680,1726,1980,2484,2575,1056,51,1201,979,873,807,844,882,952,1028,1186,1298,1369,1206,767,289,48,3,13767,1652,0
Togo,1998,29758,7922,12343,4421,1454,744,966,2283,1759,1792,2062,2559,2643,1091,62,1256,1027,915,844,878,914,997,1065,1221,1338,1407,1236,789,302,54,8,13797,1710,2
Togo,1999,29935,7968,12297,4329,1438,741,967,2310,1785,1814,2109,2598,2686,1119,68,1269,1041,928,857,888,926,1021,1088,1241,1357,1430,1256,806,313,57,11,13735,1708,3
Togo,2000,30578,7988,12258,4270,1483,767,1004,2422,1875,1888,2199,2683,2766,1157,71,1325,1097,975,900,924,964,1064,1135,1283,1400,1474,1292,830,327,59,12,13741,1771,3
Togo,2001,30920,7993,12205,4212,1493,778,1019,2478,1930,1934,2266,2742,2822,1177,71,1351,1127,1003,927,948,986,1094,1172,1314,1428,1504,1318,844,333,60,11,13698,1797,3
Togo,2002,30992,7966,12103,4137,1475,776,1017,2485,1953,1954,2315,2783,2866,1196,66,1349,1136,1014,939,958,996,1112,1203,1336,1447,1527,1339,857,339,58,8,13578,1793,2
Togo,2003,31147,7923,12006,4083,1471,777,1020,2498,1985,1986,2369,2838,2918,1214,59,1352,1146,1030,955,976,1010,1130,1239,1364,1474,1553,1365,871,343,56,3,13477,1797,1
Togo,2004,31648,7833,11839,4006,1519,804,1055,2594,2069,2064,2459,2934,3005,1245,60,1400,1194,1075,994,1018,1046,1169,1290,1415,1519,1600,1405,893,352,56,4,13358,1859,0
Togo,2005,31801,7811,11750,3939,1511,799,1055,2607,2104,2096,2506,2993,3051,1269,63,1404,1203,1093,1011,1035,1061,1188,1318,1449,1544,1623,1428,910,359,59,4,13261,1854,0
Togo,2006,31941,7811,11671,3860,1510,799,1052,2597,2126,2130,2552,3061,3108,1273,60,1397,1200,1103,1023,1053,1077,1205,1347,1488,1573,1651,1457,928,345,59,1,13181,1851,0
Togo,2007,32591,7892,11694,3802,1540,810,1072,2661,2203,2202,2626,3169,3197,1327,83,1430,1231,1143,1060,1090,1112,1239,1387,1547,1622,1696,1501,958,369,70,13,13234,1882,2
Togo,2008,32821,7881,11628,3747,1536,810,1070,2669,2236,2244,2671,3248,3260,1361,84,1432,1237,1158,1078,1110,1134,1259,1412,1592,1656,1728,1532,979,382,72,12,13164,1880,3
Togo,2009,33505,7882,11582,3700,1576,829,1098,2752,2326,2335,2759,3375,3364,1410,94,1476,1276,1202,1124,1155,1180,1301,1458,1657,1718,1783,1581,1011,399,81,13,13158,1927,3
Togo,2010,33522,7870,11524,3654,1539,819,1077,2709,2323,2356,2791,3441,3416,1436,90,1451,1258,1196,1127,1163,1193,1315,1476,1688,1753,1810,1606,1029,407,80,10,13063,1896,2
Togo,2011,33285,7744,11343,3599,1485,802,1045,2635,2298,2362,2807,3497,3462,1465,90,1411,1224,1177,1121,1162,1200,1321,1486,1709,1788,1833,1629,1048,417,82,8,12828,1847,2
Togo,2012,33724,7583,11112,3529,1519,825,1065,2692,2368,2446,2897,3625,3575,1510,90,1439,1253,1208,1160,1204,1242,1367,1530,1762,1863,1894,1681,1081,429,83,7,12631,1890,1
Togo,2013,33620,7449,10886,3437,1490,817,1046,2645,2357,2468,2931,3696,3646,1546,93,1411,1234,1197,1160,1212,1256,1385,1546,1785,1911,1932,1714,1107,439,86,7,12376,1863,1
Togo,2014,34140,7340,10680,3340,1529,839,1071,2702,2426,2559,3032,3829,3776,1599,94,1440,1262,1228,1198,1257,1302,1437,1595,1842,1987,2005,1771,1145,454,88,6,12209,1910,0
Togo,2015,34138,7235,10469,3234,1507,832,1058,2668,2422,2592,3081,3903,3868,1637,99,1420,1248,1222,1200,1271,1321,1463,1618,1871,2032,2058,1810,1172,465,93,6,11976,1890,0
Togo,2016,34734,7156,10295,3139,1543,855,1090,2727,2486,2689,3194,4035,4023,1698,102,1451,1276,1252,1234,1319,1370,1520,1674,1928,2107,2147,1876,1213,485,96,6,11838,1945,0
Togo,2017,34690,7054,10084,3030,1503,846,1083,2693,2473,2716,3242,4089,4120,1736,104,1431,1262,1243,1230,1329,1387,1543,1699,1950,2139,2205,1915,1239,497,98,6,11587,1929,0
Togo,2018,35549,6929,9883,2954,1549,884,1132,2785,2565,2847,3391,4257,4331,1816,109,1480,1305,1290,1275,1391,1456,1615,1776,2030,2227,2325,2006,1295,521,102,7,11432,2016,0
Togo,2019,35434,6812,9673,2861,1489,871,1115,2727,2534,2858,3441,4308,4436,1860,114,1451,1276,1272,1262,1390,1468,1636,1805,2052,2256,2380,2056,1326,534,106,8,11162,1986,0
Togo,2020,36085,6702,9486,2784,1507,899,1143,2794,2602,2958,3573,4452,4620,1933,118,1491,1303,1303,1299,1434,1524,1698,1875,2120,2332,2475,2145,1378,555,110,8,10993,2042,0
Togo,2021,36307,6597,9303,2706,1460,892,1133,2764,2584,2983,3644,4616,4788,2016,124,1479,1285,1291,1293,1438,1545,1729,1915,2177,2439,2568,2220,1431,585,116,8,10763,2025,0
Tokelau,1950,12,2,2,0,0,0,0,0,0,0,0,0,0,1,0,0,0,0,0,0,0,0,0,0,0,0,0,1,0,0,0,2,0,0
Tokelau,1951,11,2,2,0,0,0,0,0,0,0,0,0,0,0,0,0,0,0,0,0,0,0,0,0,0,0,0,0,0,0,0,2,0,0
Tokelau,1952,11,2,2,0,0,0,0,0,0,0,0,0,0,0,0,0,0,0,0,0,0,0,0,0,0,0,0,0,0,0,0,2,0,0
Tokelau,1953,11,2,2,0,0,0,0,0,0,0,0,0,0,0,0,0,0,0,0,0,0,0,0,0,0,0,0,0,0,0,0,2,0,0
Tokelau,1954,11,2,2,0,0,0,0,0,0,0,0,0,0,0,0,0,0,0,0,0,0,0,0,0,0,0,0,0,0,0,0,2,0,0
Tokelau,1955,10,2,2,0,0,0,0,0,0,0,0,0,0,0,0,0,0,0,0,0,0,0,0,0,0,0,0,0,0,0,0,2,0,0
Tokelau,1956,10,2,2,0,0,0,0,0,0,0,0,0,0,0,0,0,0,0,0,0,0,0,0,0,0,0,0,0,0,0,0,2,0,0
Tokelau,1957,10,2,2,0,0,0,0,0,0,0,0,0,0,0,0,0,0,0,0,0,0,0,0,0,0,0,0,0,0,0,0,2,0,0
Tokelau,1958,10,2,2,0,0,0,0,0,0,0,0,0,0,0,0,0,0,0,0,0,0,0,0,0,0,0,0,0,0,0,0,2,0,0
Tokelau,1959,10,2,2,0,0,0,0,0,0,0,0,0,0,0,0,0,0,0,0,0,0,0,0,0,0,0,0,0,0,0,0,2,0,0
Tokelau,1960,10,2,2,0,0,0,0,0,0,0,0,0,0,0,0,0,0,0,0,0,0,0,0,0,0,0,0,0,0,0,0,2,0,0
Tokelau,1961,10,2,2,0,0,0,0,0,0,0,0,0,0,0,0,0,0,0,0,0,0,0,0,0,0,0,0,0,0,0,0,2,0,0
Tokelau,1962,10,2,2,0,0,0,0,0,0,0,0,0,0,0,0,0,0,0,0,0,0,0,0,0,0,0,0,0,0,0,0,2,0,0
Tokelau,1963,10,2,2,0,0,0,0,0,0,0,0,0,0,0,0,0,0,0,0,0,0,0,0,0,0,0,0,0,0,0,0,2,0,0
Tokelau,1964,10,2,2,0,0,0,0,0,0,0,0,0,0,0,0,0,0,0,0,0,0,0,0,0,0,0,0,0,0,0,0,2,0,0
Tokelau,1965,9,2,2,0,0,0,0,0,0,0,0,0,0,0,0,0,0,0,0,0,0,0,0,0,0,0,0,0,0,0,0,2,0,0
Tokelau,1966,9,1,1,0,0,0,0,0,0,0,0,0,0,0,0,0,0,0,0,0,0,0,0,0,0,0,0,0,0,0,0,1,0,0
Tokelau,1967,9,1,1,0,0,0,0,0,0,0,0,0,0,0,0,0,0,0,0,0,0,0,0,0,0,0,0,0,0,0,0,1,0,0
Tokelau,1968,9,1,1,0,0,0,0,0,0,0,0,0,0,0,0,0,0,0,0,0,0,0,0,0,0,0,0,0,0,0,0,1,0,0
Tokelau,1969,8,1,1,0,0,0,0,0,0,0,0,0,0,0,0,0,0,0,0,0,0,0,0,0,0,0,0,0,0,0,0,1,0,0
Tokelau,1970,8,1,1,0,0,0,0,0,0,0,0,0,0,0,0,0,0,0,0,0,0,0,0,0,0,0,0,0,0,0,0,1,0,0
Tokelau,1971,8,1,1,0,0,0,0,0,0,0,0,0,0,0,0,0,0,0,0,0,0,0,0,0,0,0,0,0,0,0,0,1,0,0
Tokelau,1972,8,1,1,0,0,0,0,0,0,0,0,0,0,0,0,0,0,0,0,0,0,0,0,0,0,0,0,0,0,0,0,1,0,0
Tokelau,1973,7,1,1,0,0,0,0,0,0,0,0,0,0,0,0,0,0,0,0,0,0,0,0,0,0,0,0,0,0,0,0,1,0,0
Tokelau,1974,7,1,1,0,0,0,0,0,0,0,0,0,0,0,0,0,0,0,0,0,0,0,0,0,0,0,0,0,0,0,0,1,0,0
Tokelau,1975,7,1,1,0,0,0,0,0,0,0,0,0,0,0,0,0,0,0,0,0,0,0,0,0,0,0,0,0,0,0,0,1,0,0
Tokelau,1976,7,1,1,0,0,0,0,0,0,0,0,0,0,0,0,0,0,0,0,0,0,0,0,0,0,0,0,0,0,0,0,1,0,0
Tokelau,1977,7,1,1,0,0,0,0,0,0,0,0,0,0,0,0,0,0,0,0,0,0,0,0,0,0,0,0,0,0,0,0,1,0,0
Tokelau,1978,7,1,1,0,0,0,0,0,0,0,0,0,0,0,0,0,0,0,0,0,0,0,0,0,0,0,0,0,0,0,0,1,0,0
Tokelau,1979,7,1,1,0,0,0,0,0,0,0,0,0,0,0,0,0,0,0,0,0,0,0,0,0,0,0,0,0,0,0,0,1,0,0
Tokelau,1980,7,1,1,0,0,0,0,0,0,0,0,0,0,0,0,0,0,0,0,0,0,0,0,0,0,0,0,0,0,0,0,1,0,0
Tokelau,1981,7,1,1,0,0,0,0,0,0,0,0,0,0,0,0,0,0,0,0,0,0,0,0,0,0,0,0,0,0,0,0,1,0,0
Tokelau,1982,6,1,1,0,0,0,0,0,0,0,0,0,0,0,0,0,0,0,0,0,0,0,0,0,0,0,0,0,0,0,0,1,0,0
Tokelau,1983,6,1,1,0,0,0,0,0,0,0,0,0,0,0,0,0,0,0,0,0,0,0,0,0,0,0,0,0,0,0,0,1,0,0
Tokelau,1984,6,1,1,0,0,0,0,0,0,0,0,0,0,0,0,0,0,0,0,0,0,0,0,0,0,0,0,0,0,0,0,1,0,0
Tokelau,1985,6,1,1,0,0,0,0,0,0,0,0,0,0,0,0,0,0,0,0,0,0,0,0,0,0,0,0,0,0,0,0,1,0,0
Tokelau,1986,6,1,1,0,0,0,0,0,0,0,0,0,0,0,0,0,0,0,0,0,0,0,0,0,0,0,0,0,0,0,0,1,0,0
Tokelau,1987,6,1,1,0,0,0,0,0,0,0,0,0,0,0,0,0,0,0,0,0,0,0,0,0,0,0,0,0,0,0,0,1,0,0
Tokelau,1988,6,1,1,0,0,0,0,0,0,0,0,0,0,0,0,0,0,0,0,0,0,0,0,0,0,0,0,0,0,0,0,1,0,0
Tokelau,1989,6,1,1,0,0,0,0,0,0,0,0,0,0,0,0,0,0,0,0,0,0,0,0,0,0,0,0,0,0,0,0,1,0,0
Tokelau,1990,6,1,1,0,0,0,0,0,0,0,0,0,0,0,0,0,0,0,0,0,0,0,0,0,0,0,0,0,0,0,0,1,0,0
Tokelau,1991,6,0,0,0,0,0,0,0,0,0,0,0,0,0,0,0,0,0,0,0,0,0,0,0,0,0,0,0,0,0,0,0,0,0
Tokelau,1992,6,0,0,0,0,0,0,0,0,0,0,0,0,0,0,0,0,0,0,0,0,0,0,0,0,0,0,0,0,0,0,0,0,0
Tokelau,1993,6,0,0,0,0,0,0,0,0,0,0,0,0,0,0,0,0,0,0,0,0,0,0,0,0,0,0,0,0,0,0,0,0,0
Tokelau,1994,6,0,0,0,0,0,0,0,0,0,0,0,0,0,0,0,0,0,0,0,0,0,0,0,0,0,0,0,0,0,0,0,0,0
Tokelau,1995,6,0,0,0,0,0,0,0,0,0,0,0,0,0,0,0,0,0,0,0,0,0,0,0,0,0,0,0,0,0,0,0,0,0
Tokelau,1996,6,0,0,0,0,0,0,0,0,0,0,0,0,0,0,0,0,0,0,0,0,0,0,0,0,0,0,0,0,0,0,0,0,0
Tokelau,1997,6,0,0,0,0,0,0,0,0,0,0,0,0,0,0,0,0,0,0,0,0,0,0,0,0,0,0,0,0,0,0,0,0,0
Tokelau,1998,6,0,0,0,0,0,0,0,0,0,0,0,0,0,0,0,0,0,0,0,0,0,0,0,0,0,0,0,0,0,0,0,0,0
Tokelau,1999,6,0,0,0,0,0,0,0,0,0,0,0,0,0,0,0,0,0,0,0,0,0,0,0,0,0,0,0,0,0,0,0,0,0
Tokelau,2000,6,0,0,0,0,0,0,0,0,0,0,0,0,0,0,0,0,0,0,0,0,0,0,0,0,0,0,0,0,0,0,0,0,0
Tokelau,2001,6,0,0,0,0,0,0,0,0,0,0,0,0,0,0,0,0,0,0,0,0,0,0,0,0,0,0,0,0,0,0,0,0,0
Tokelau,2002,6,0,0,0,0,0,0,0,0,0,0,0,0,0,0,0,0,0,0,0,0,0,0,0,0,0,0,0,0,0,0,0,0,0
Tokelau,2003,6,0,0,0,0,0,0,0,0,0,0,0,0,0,0,0,0,0,0,0,0,0,0,0,0,0,0,0,0,0,0,0,0,0
Tokelau,2004,6,0,0,0,0,0,0,0,0,0,0,0,0,0,0,0,0,0,0,0,0,0,0,0,0,0,0,0,0,0,0,0,0,0
Tokelau,2005,6,0,0,0,0,0,0,0,0,0,0,0,0,0,0,0,0,0,0,0,0,0,0,0,0,0,0,0,0,0,0,0,0,0
Tokelau,2006,6,0,0,0,0,0,0,0,0,0,0,0,0,0,0,0,0,0,0,0,0,0,0,0,0,0,0,0,0,0,0,0,0,0
Tokelau,2007,6,0,0,0,0,0,0,0,0,0,0,0,0,0,0,0,0,0,0,0,0,0,0,0,0,0,0,0,0,0,0,0,0,0
Tokelau,2008,6,0,0,0,0,0,0,0,0,0,0,0,0,0,0,0,0,0,0,0,0,0,0,0,0,0,0,0,0,0,0,0,0,0
Tokelau,2009,6,0,0,0,0,0,0,0,0,0,0,0,0,0,0,0,0,0,0,0,0,0,0,0,0,0,0,0,0,0,0,0,0,0
Tokelau,2010,6,0,0,0,0,0,0,0,0,0,0,0,0,0,0,0,0,0,0,0,0,0,0,0,0,0,0,0,0,0,0,0,0,0
Tokelau,2011,6,0,0,0,0,0,0,0,0,0,0,0,0,0,0,0,0,0,0,0,0,0,0,0,0,0,0,0,0,0,0,0,0,0
Tokelau,2012,6,0,0,0,0,0,0,0,0,0,0,0,0,0,0,0,0,0,0,0,0,0,0,0,0,0,0,0,0,0,0,0,0,0
Tokelau,2013,6,0,0,0,0,0,0,0,0,0,0,0,0,0,0,0,0,0,0,0,0,0,0,0,0,0,0,0,0,0,0,0,0,0
Tokelau,2014,6,0,0,0,0,0,0,0,0,0,0,0,0,0,0,0,0,0,0,0,0,0,0,0,0,0,0,0,0,0,0,0,0,0
Tokelau,2015,6,0,0,0,0,0,0,0,0,0,0,0,0,0,0,0,0,0,0,0,0,0,0,0,0,0,0,0,0,0,0,0,0,0
Tokelau,2016,6,0,0,0,0,0,0,0,0,0,0,0,0,0,0,0,0,0,0,0,0,0,0,0,0,0,0,0,0,0,0,0,0,0
Tokelau,2017,6,0,0,0,0,0,0,0,0,0,0,0,0,0,0,0,0,0,0,0,0,0,0,0,0,0,0,0,0,0,0,0,0,0
Tokelau,2018,6,0,0,0,0,0,0,0,0,0,0,0,0,0,0,0,0,0,0,0,0,0,0,0,0,0,0,0,0,0,0,0,0,0
Tokelau,2019,6,0,0,0,0,0,0,0,0,0,0,0,0,0,0,0,0,0,0,0,0,0,0,0,0,0,0,0,0,0,0,0,0,0
Tokelau,2020,6,0,0,0,0,0,0,0,0,0,0,0,0,0,0,0,0,0,0,0,0,0,0,0,0,0,0,0,0,0,0,0,0,0
Tokelau,2021,6,0,0,0,0,0,0,0,0,0,0,0,0,0,0,0,0,0,0,0,0,0,0,0,0,0,0,0,0,0,0,0,0,0
Tonga,1950,392,105,140,35,13,6,11,25,20,22,30,37,53,30,3,15,10,10,10,10,12,15,15,16,21,27,26,20,10,3,0,153,17,0
Tonga,1951,394,108,144,36,13,6,11,26,20,22,30,36,50,29,3,15,11,10,10,10,12,15,15,16,20,25,25,19,10,3,0,157,17,0
Tonga,1952,393,109,144,35,13,6,11,26,20,22,30,36,49,28,3,15,11,10,10,10,12,15,15,16,20,24,25,18,10,3,0,157,17,0
Tonga,1953,392,110,145,35,13,6,11,26,20,22,30,35,48,28,3,15,11,10,10,10,12,15,15,15,20,23,25,18,10,3,0,158,17,0
Tonga,1954,393,111,146,35,13,6,11,26,20,23,30,36,47,28,3,15,11,10,10,10,13,15,15,16,20,22,25,18,10,3,0,159,17,0
Tonga,1955,393,112,147,35,13,7,11,26,20,23,30,39,45,27,3,15,11,10,10,10,13,15,15,19,20,21,24,18,9,3,0,160,18,0
Tonga,1956,394,113,147,34,13,7,12,26,20,23,31,40,40,26,3,15,11,10,10,10,13,15,16,20,20,20,20,18,8,3,0,160,19,0
Tonga,1957,395,114,148,34,13,7,12,26,20,24,32,40,40,26,3,15,11,10,10,10,14,15,17,20,20,20,20,18,8,3,0,161,19,0
Tonga,1958,397,114,148,34,13,6,12,27,20,25,32,40,40,25,3,15,12,10,10,10,15,15,17,20,20,20,20,17,8,3,0,161,18,0
Tonga,1959,400,114,147,33,13,7,12,27,20,27,33,40,40,25,3,15,12,10,10,12,15,15,18,20,20,20,20,17,8,3,0,160,19,0
Tonga,1960,402,114,147,33,13,7,12,27,20,30,33,40,40,25,3,15,12,10,10,15,15,15,18,20,20,20,20,17,8,3,0,160,19,0
Tonga,1961,404,113,146,33,13,7,12,27,22,30,34,40,40,25,3,15,12,10,12,15,15,15,19,20,20,20,20,17,8,3,0,159,19,0
Tonga,1962,405,110,142,32,13,7,12,27,23,30,34,47,45,25,2,15,12,10,13,15,15,15,19,22,25,25,20,17,8,2,0,155,19,0
Tonga,1963,405,108,138,30,13,7,12,27,23,30,35,48,47,25,2,15,12,10,13,15,15,15,20,23,25,25,22,17,8,2,0,151,19,0
Tonga,1964,404,105,134,29,13,6,12,27,24,30,37,48,47,25,2,15,12,10,14,15,15,17,20,23,25,25,22,17,8,2,0,147,18,0
Tonga,1965,404,101,128,27,13,6,12,27,24,30,39,49,48,25,2,15,12,10,14,15,15,19,20,24,25,25,23,17,8,2,0,141,18,0
Tonga,1966,402,96,121,25,12,6,12,27,25,31,40,49,49,25,2,15,12,10,15,15,16,20,20,24,25,25,24,17,8,2,0,133,18,0
Tonga,1967,403,92,115,23,12,6,12,27,25,32,40,53,53,25,2,15,12,10,15,15,17,20,20,25,28,29,24,17,8,2,0,127,18,0
Tonga,1968,397,85,107,22,12,6,12,26,25,33,41,54,54,26,2,15,11,10,15,15,18,20,21,25,29,29,25,18,8,2,0,119,18,0
Tonga,1969,389,78,97,19,10,6,12,25,24,34,41,54,54,26,2,15,10,10,14,15,19,20,21,25,29,29,25,18,8,2,0,107,18,0
Tonga,1970,384,71,89,18,10,6,12,25,24,34,43,55,55,26,2,15,10,10,14,15,19,20,23,25,30,30,25,18,8,2,0,99,18,0
Tonga,1971,381,66,82,16,10,6,12,25,24,35,45,56,55,28,2,15,10,10,14,15,20,20,25,26,30,30,25,20,8,2,0,92,18,0
Tonga,1972,381,61,76,15,10,6,12,24,24,35,48,57,56,29,2,14,10,10,14,15,20,23,25,27,30,30,26,20,9,2,0,86,18,0
Tonga,1973,381,58,72,14,10,6,13,25,24,35,49,58,56,29,2,15,10,10,14,15,20,24,25,28,30,30,26,20,9,2,0,82,19,0
Tonga,1974,380,56,69,13,8,6,13,25,24,35,49,60,57,29,2,15,10,10,14,15,20,24,25,30,30,30,27,20,9,2,0,77,19,0
Tonga,1975,384,54,66,12,8,6,13,25,24,35,51,60,57,33,2,15,10,10,14,15,20,25,26,30,30,30,27,22,11,2,0,74,19,0
Tonga,1976,388,52,63,11,8,6,13,25,24,35,54,64,57,34,2,15,10,10,14,15,20,25,29,30,34,30,27,23,11,2,0,71,19,0
Tonga,1977,394,51,61,10,8,6,13,25,23,35,55,65,61,36,3,15,10,10,13,15,20,25,30,30,35,33,28,23,13,3,0,69,19,0
Tonga,1978,393,50,60,10,7,5,13,25,23,35,55,65,62,37,3,15,10,10,13,15,20,25,30,30,35,34,28,23,14,3,0,67,18,0
Tonga,1979,394,49,58,9,7,5,13,26,22,35,56,70,63,35,3,15,11,10,12,15,20,25,31,35,35,35,28,22,13,3,0,65,18,0
Tonga,1980,394,48,57,9,6,5,13,26,21,35,57,70,65,35,3,15,11,10,11,15,20,25,32,35,35,35,30,22,13,3,0,63,18,0
Tonga,1981,395,46,54,8,6,5,13,26,21,35,56,70,66,36,3,15,11,10,11,15,20,25,31,35,35,35,31,23,13,3,0,60,18,0
Tonga,1982,401,45,54,9,6,5,13,26,20,35,57,71,69,35,4,15,11,10,10,15,20,26,31,36,35,38,31,23,12,4,0,60,18,0
Tonga,1983,400,43,51,8,5,5,13,26,20,34,57,74,69,37,4,15,11,10,10,15,19,26,31,39,35,38,31,24,13,4,0,56,18,0
Tonga,1984,402,42,50,8,5,5,13,26,20,33,56,76,72,40,4,15,11,10,10,14,19,26,30,38,38,40,32,26,14,4,0,55,18,0
Tonga,1985,402,40,48,8,5,5,13,25,20,33,55,78,73,41,4,15,10,10,10,14,19,25,30,38,40,40,33,27,14,4,0,53,18,0
Tonga,1986,403,38,46,8,5,5,13,25,20,31,57,79,75,44,5,15,10,10,10,13,18,25,32,38,41,40,35,28,16,5,0,51,18,0
Tonga,1987,405,36,43,7,5,5,14,26,20,31,55,79,77,43,6,16,10,10,10,13,18,23,32,36,43,40,37,26,17,6,0,48,19,0
Tonga,1988,406,35,42,7,5,5,11,27,20,32,56,79,77,44,6,17,10,10,10,14,18,23,33,36,43,40,37,26,18,6,0,47,16,0
Tonga,1989,408,34,41,7,5,5,11,28,20,30,56,83,80,43,6,17,11,10,10,13,17,24,32,39,44,41,39,26,17,6,0,46,16,0
Tonga,1990,410,33,40,7,5,5,11,28,20,30,56,85,82,45,7,16,12,10,10,13,17,24,32,40,45,42,40,27,18,7,0,45,16,0
Tonga,1991,411,32,38,6,5,5,11,27,20,28,56,83,82,46,7,15,12,10,10,12,16,24,32,40,43,44,38,29,17,7,0,43,16,0
Tonga,1992,412,31,36,5,5,5,10,28,20,28,56,84,84,46,8,15,13,10,10,12,16,24,32,41,43,46,38,30,16,7,1,41,15,0
Tonga,1993,413,30,35,5,5,5,10,29,20,29,54,84,86,48,8,15,14,10,10,12,17,23,31,40,44,48,38,32,16,7,1,40,15,0
Tonga,1994,414,29,33,4,5,5,10,29,20,29,54,86,88,49,7,15,14,10,10,12,17,23,31,41,45,49,39,32,17,7,0,38,15,0
Tonga,1995,416,28,32,4,5,5,10,29,20,30,54,86,89,51,8,15,14,10,10,13,17,22,32,41,45,48,41,32,19,7,1,37,15,0
Tonga,1996,417,27,31,4,5,5,10,29,20,29,52,85,90,52,8,15,14,10,10,13,16,21,31,39,46,47,43,32,20,7,1,36,15,0
Tonga,1997,417,26,30,4,5,5,10,28,20,29,52,86,93,53,10,15,13,10,10,13,16,21,31,39,47,47,46,32,21,9,1,35,15,0
Tonga,1998,418,26,30,4,5,5,10,25,20,27,51,87,94,52,9,13,12,10,10,12,15,21,30,39,48,47,47,31,21,8,1,35,15,0
Tonga,1999,416,25,29,4,5,5,10,23,20,27,51,87,94,52,8,13,10,10,10,12,15,22,29,39,48,48,46,32,20,8,0,34,15,0
Tonga,2000,414,25,29,4,5,5,10,23,20,28,50,86,95,53,10,13,10,10,10,13,15,22,28,39,47,49,46,33,20,9,1,34,15,0
Tonga,2001,412,24,28,4,5,5,8,23,20,29,47,83,95,54,10,13,10,10,10,13,16,21,26,38,45,50,45,35,19,9,1,33,13,0
Tonga,2002,411,24,28,4,5,5,8,22,20,29,47,84,96,54,10,12,10,10,10,13,16,21,26,38,46,50,46,35,19,8,2,33,13,0
Tonga,2003,409,24,28,4,5,5,8,20,22,29,48,82,96,56,9,10,10,10,12,13,16,21,27,37,45,50,46,37,19,8,1,33,13,0
Tonga,2004,407,23,27,4,5,5,8,20,23,31,48,80,96,56,9,10,10,10,13,15,16,20,28,35,45,50,46,37,19,8,1,32,13,0
Tonga,2005,406,23,27,4,5,5,8,20,23,30,47,78,96,57,9,10,10,10,13,15,15,20,27,33,45,49,47,36,21,8,1,32,13,0
Tonga,2006,405,22,26,4,5,4,8,20,23,30,48,79,97,58,8,10,10,10,13,15,15,21,27,33,46,49,48,37,21,7,1,31,12,0
Tonga,2007,403,21,25,4,4,3,8,20,22,31,48,80,98,59,9,10,10,10,12,15,16,21,27,34,46,50,48,37,22,7,2,29,11,0
Tonga,2008,403,21,25,4,4,3,8,20,22,32,47,77,99,60,8,10,10,10,12,15,17,21,26,34,43,50,49,37,23,7,1,29,11,0
Tonga,2009,409,20,24,4,5,5,8,20,22,32,48,78,100,60,10,10,10,10,12,15,17,21,27,35,43,50,50,37,23,9,1,29,13,0
Tonga,2010,405,19,23,4,4,2,8,20,21,33,48,77,97,62,10,10,10,10,11,15,18,21,27,35,42,50,47,39,23,9,1,27,10,0
Tonga,2011,406,19,23,4,4,2,8,20,21,35,49,74,98,63,10,10,10,10,11,15,20,21,28,33,41,50,48,40,23,9,1,27,10,0
Tonga,2012,406,18,22,4,3,3,8,20,20,35,51,74,97,62,10,10,10,10,10,15,20,23,28,34,40,49,48,41,21,9,1,25,11,0
Tonga,2013,407,18,22,4,3,2,8,20,20,35,51,76,97,67,10,10,10,10,10,15,20,23,28,34,42,49,48,44,23,9,1,25,10,0
Tonga,2014,407,17,21,4,3,2,7,20,20,36,50,78,97,64,12,10,10,10,10,15,21,23,27,35,43,47,50,41,23,10,2,24,9,0
Tonga,2015,406,17,21,4,3,2,7,20,20,35,51,76,95,65,11,10,10,10,10,14,21,24,27,35,41,44,51,41,24,9,2,24,9,0
Tonga,2016,405,16,20,4,2,2,7,20,20,34,54,75,96,66,10,10,10,10,10,13,21,25,29,34,41,43,53,43,23,8,2,22,9,0
Tonga,2017,405,15,19,4,3,2,8,20,20,33,54,75,95,70,11,10,10,10,10,13,20,25,29,35,40,44,51,42,28,9,2,22,10,0
Tonga,2018,404,15,19,4,3,2,7,20,20,34,55,75,96,70,11,10,10,10,10,13,21,27,28,35,40,46,50,43,27,9,2,22,9,0
Tonga,2019,404,14,18,4,2,2,7,20,19,31,58,75,94,71,10,10,10,9,10,12,19,28,30,35,40,46,48,43,28,9,1,20,9,0
Tonga,2020,404,14,18,4,2,2,7,20,19,31,57,76,90,72,12,10,10,9,10,12,19,27,30,36,40,45,45,45,27,10,2,20,9,0
Tonga,2021,407,14,18,4,2,1,7,20,20,32,60,76,90,74,13,10,10,10,10,14,18,28,32,35,41,44,46,46,28,11,2,20,8,0
Trinidad and Tobago,1950,4474,1073,1296,223,57,31,65,240,314,399,509,704,608,217,33,105,135,150,164,180,219,246,263,317,387,357,251,144,73,26,7,1353,96,1
Trinidad and Tobago,1951,4563,1088,1313,225,58,33,65,240,323,418,535,708,625,214,30,105,135,154,169,188,230,261,274,321,387,366,259,144,70,24,6,1371,98,1
Trinidad and Tobago,1952,4366,1074,1296,222,57,33,64,225,305,400,522,653,591,195,26,100,125,143,162,180,220,255,267,300,353,344,247,135,60,21,5,1353,97,1
Trinidad and Tobago,1953,4233,1060,1279,219,54,33,62,209,292,391,517,617,573,185,23,94,115,136,156,176,215,253,264,290,327,331,242,130,55,20,3,1333,95,1
Trinidad and Tobago,1954,4089,1073,1287,214,57,31,60,193,272,374,501,574,542,178,19,87,106,125,147,168,206,244,257,273,301,309,233,126,52,16,3,1344,91,1
Trinidad and Tobago,1955,4161,1067,1280,213,54,33,61,195,275,389,529,587,556,185,19,89,106,125,150,174,215,257,272,285,302,314,242,134,51,16,3,1334,94,0
Trinidad and Tobago,1956,4023,1016,1225,209,54,33,60,186,259,378,523,567,533,183,18,86,100,116,143,168,210,253,270,279,288,297,236,132,51,16,2,1279,93,0
Trinidad and Tobago,1957,4080,990,1192,202,53,34,63,189,261,393,550,589,540,194,19,88,101,116,145,173,220,263,287,294,295,296,244,141,53,16,3,1245,97,0
Trinidad and Tobago,1958,3896,976,1169,193,53,33,61,176,239,370,526,562,501,189,19,83,93,106,133,162,208,249,277,284,278,270,231,138,51,16,3,1222,94,0
Trinidad and Tobago,1959,3965,969,1156,187,55,34,64,179,238,378,550,588,506,201,19,86,93,105,133,164,214,259,291,300,288,270,236,145,56,16,3,1211,98,0
Trinidad and Tobago,1960,3746,965,1145,180,53,33,61,164,210,347,512,554,459,192,18,79,85,92,118,149,198,240,272,285,269,245,214,138,54,15,3,1198,94,0
Trinidad and Tobago,1961,3815,950,1124,174,51,33,63,168,210,355,533,583,469,206,18,83,85,93,117,152,203,249,284,300,283,251,218,145,61,15,3,1175,96,0
Trinidad and Tobago,1962,3812,927,1095,168,54,34,65,167,201,347,533,599,474,220,20,82,85,89,112,147,200,248,285,309,290,256,218,153,67,17,3,1149,99,0
Trinidad and Tobago,1963,3839,887,1054,167,52,38,67,170,197,348,542,624,483,242,24,85,85,89,108,146,202,253,289,321,303,262,221,166,76,21,3,1106,105,0
Trinidad and Tobago,1964,3877,843,1001,158,52,38,69,170,194,349,556,651,501,264,26,85,85,88,106,145,204,259,297,333,318,274,227,176,88,23,3,1053,107,0
Trinidad and Tobago,1965,3871,795,949,154,52,38,70,173,192,343,559,671,513,282,33,88,85,87,105,140,203,259,300,341,330,281,232,182,100,29,4,1001,108,0
Trinidad and Tobago,1966,3878,745,891,146,50,39,72,176,188,341,564,687,525,301,43,91,85,87,101,137,204,260,304,346,341,288,237,189,112,37,6,941,111,0
Trinidad and Tobago,1967,3874,704,842,138,51,41,73,179,185,331,566,698,535,314,54,93,86,86,99,132,199,260,306,349,349,295,240,190,124,46,8,893,114,0
Trinidad and Tobago,1968,3892,680,808,128,50,41,75,182,181,323,572,712,548,327,69,95,87,84,97,127,196,263,309,352,360,305,243,193,134,57,12,858,116,1
Trinidad and Tobago,1969,3960,641,761,120,52,42,80,189,183,320,587,736,570,346,91,100,89,85,98,126,194,269,318,363,373,321,249,200,146,73,18,813,122,2
Trinidad and Tobago,1970,3967,632,744,112,50,42,82,194,177,309,584,736,576,353,116,103,91,81,96,121,188,268,316,363,373,328,248,201,152,91,25,794,124,3
Trinidad and Tobago,1971,3995,641,749,108,47,44,85,201,176,300,593,754,595,332,108,106,95,82,94,118,182,268,325,371,383,341,254,193,139,84,24,796,129,4
Trinidad and Tobago,1972,4093,655,760,105,45,45,91,219,182,301,607,786,629,322,104,115,104,86,96,120,181,272,335,384,402,361,268,192,130,79,25,805,136,4
Trinidad and Tobago,1973,4082,651,754,103,43,46,92,226,181,292,600,794,644,308,95,118,108,88,93,117,175,264,336,389,405,369,275,188,120,71,24,797,138,4
Trinidad and Tobago,1974,3735,635,738,103,37,41,83,210,165,257,533,723,597,269,79,110,100,82,83,105,152,229,304,354,369,340,257,167,102,57,22,775,124,4
Trinidad and Tobago,1975,3936,619,719,100,37,43,89,234,179,266,562,782,658,287,78,122,112,91,88,109,157,238,324,382,400,372,286,182,105,55,23,756,132,4
Trinidad and Tobago,1976,4263,614,712,98,37,46,98,265,202,287,607,870,740,316,81,137,128,105,97,118,169,252,355,424,446,415,325,204,112,56,25,749,144,5
Trinidad and Tobago,1977,4147,613,708,95,34,43,97,261,200,271,573,850,730,309,69,135,126,105,95,112,159,236,337,414,436,407,323,203,106,49,20,742,140,5
Trinidad and Tobago,1978,3931,618,711,93,34,36,91,249,192,247,520,800,694,296,60,128,121,102,90,101,146,213,307,388,412,384,310,196,100,43,17,745,127,4
Trinidad and Tobago,1979,4095,623,713,90,34,36,94,267,206,256,524,843,740,319,60,135,132,110,96,106,150,216,308,407,436,407,333,213,106,43,17,747,130,4
Trinidad and Tobago,1980,4171,624,714,90,33,34,96,277,218,255,516,863,767,335,59,138,139,116,102,106,149,212,304,414,449,421,346,226,109,43,16,747,130,4
Trinidad and Tobago,1981,4218,624,712,88,32,33,93,283,228,254,508,873,785,353,57,139,144,121,107,106,148,209,299,414,459,430,355,238,115,43,14,744,126,4
Trinidad and Tobago,1982,4456,613,701,88,34,36,95,307,254,270,527,929,852,389,61,151,156,134,120,115,155,218,309,435,494,466,386,262,127,47,14,735,131,4
Trinidad and Tobago,1983,4315,591,677,86,34,33,87,301,254,260,497,891,831,389,57,148,153,133,121,113,147,207,290,411,480,456,375,261,128,45,12,711,120,3
Trinidad and Tobago,1984,4489,561,646,85,34,36,84,318,280,276,513,930,888,419,61,156,162,147,133,123,153,216,297,421,509,487,401,281,138,49,12,680,120,3
Trinidad and Tobago,1985,4567,544,626,82,34,37,82,327,296,288,513,938,919,439,64,158,169,155,141,132,156,218,295,418,520,504,415,292,147,52,12,660,119,3
Trinidad and Tobago,1986,4361,520,598,78,33,36,76,306,294,280,480,882,884,427,63,145,161,153,141,131,149,205,275,389,493,486,398,283,144,51,12,631,112,2
Trinidad and Tobago,1987,4537,487,562,75,38,36,78,317,318,304,495,911,943,458,68,144,173,165,153,145,159,211,284,399,512,518,425,301,157,56,12,600,114,2
Trinidad and Tobago,1988,4370,451,522,71,34,36,75,304,316,304,474,860,925,452,68,133,171,162,154,146,158,203,271,375,485,506,419,295,157,56,12,556,111,2
Trinidad and Tobago,1989,4510,415,483,68,34,38,80,309,338,332,490,877,975,479,75,130,179,171,167,161,171,210,280,382,495,530,445,310,169,60,15,517,118,2
Trinidad and Tobago,1990,4434,384,447,63,36,38,80,304,348,343,479,842,964,475,77,126,178,174,174,167,176,206,273,367,475,521,443,307,168,62,15,483,118,2
Trinidad and Tobago,1991,4424,362,421,59,32,38,79,284,350,358,480,832,978,488,80,117,167,173,177,173,185,208,272,363,469,525,453,315,173,64,16,453,117,2
Trinidad and Tobago,1992,4595,345,400,55,34,41,85,288,373,390,501,854,1021,517,87,123,165,184,189,187,203,221,280,375,479,542,479,334,183,71,16,434,126,3
Trinidad and Tobago,1993,4524,326,377,51,31,41,83,274,377,400,497,829,1003,516,89,120,154,185,192,191,209,223,274,366,463,526,477,335,181,73,16,408,124,3
Trinidad and Tobago,1994,4801,311,360,49,31,44,90,287,404,449,540,874,1067,560,96,130,157,198,206,215,234,248,292,389,485,553,514,366,194,78,18,391,134,3
Trinidad and Tobago,1995,4532,296,342,46,30,41,86,266,379,441,518,811,994,533,93,125,141,183,196,209,232,245,273,363,448,510,484,349,184,75,18,372,127,3
Trinidad and Tobago,1996,4796,287,330,43,27,43,94,279,400,488,566,851,1046,574,101,133,146,190,210,231,257,272,294,382,469,533,513,376,198,80,21,357,137,3
Trinidad and Tobago,1997,4730,279,321,42,28,41,94,272,388,495,577,828,1015,571,100,131,141,176,212,233,262,283,294,372,456,516,499,374,197,79,21,349,135,3
Trinidad and Tobago,1998,4829,276,316,40,24,41,96,280,390,519,610,838,1021,588,103,135,145,170,220,242,277,302,308,377,461,518,503,384,204,80,23,340,137,4
Trinidad and Tobago,1999,5064,276,315,39,26,41,100,296,400,561,666,874,1053,620,106,143,153,168,232,258,303,331,335,393,481,534,519,403,217,83,23,341,141,4
Trinidad and Tobago,2000,5003,275,313,38,23,38,98,298,384,565,687,857,1020,611,103,145,153,159,225,255,310,341,346,387,470,517,503,395,216,80,23,336,136,4
Trinidad and Tobago,2001,4975,274,312,38,22,36,96,298,369,573,711,850,998,605,102,146,152,153,216,255,318,352,359,388,462,505,493,389,216,80,22,334,132,4
Trinidad and Tobago,2002,4927,270,307,37,21,32,91,295,350,579,729,838,974,596,103,146,149,149,201,257,322,358,371,388,450,493,481,382,214,81,22,328,123,4
Trinidad and Tobago,2003,5251,267,303,36,20,32,93,317,359,629,812,904,1030,634,110,156,161,158,201,279,350,397,415,425,479,523,507,404,230,88,22,323,125,4
Trinidad and Tobago,2004,4972,262,297,35,20,28,85,299,330,595,795,862,961,594,104,146,153,151,179,263,332,389,406,414,448,490,471,377,217,83,21,317,113,4
Trinidad and Tobago,2005,5059,258,293,35,17,27,82,302,326,601,836,894,966,602,108,145,157,154,172,262,339,406,430,438,456,493,473,381,221,87,21,310,109,4
Trinidad and Tobago,2006,5051,256,289,33,17,25,77,298,320,587,857,912,951,598,110,140,158,153,167,250,337,415,442,454,458,486,465,378,220,88,22,306,102,4
Trinidad and Tobago,2007,5089,254,287,33,15,23,71,298,316,583,881,945,952,603,115,136,162,152,164,238,345,424,457,478,467,486,466,380,223,92,23,302,94,4
Trinidad and Tobago,2008,5403,249,282,33,16,22,70,308,337,604,958,1034,1004,639,122,137,171,163,174,235,369,458,500,528,506,512,492,403,236,97,25,298,92,4
Trinidad and Tobago,2009,5037,239,270,31,15,20,60,278,313,546,905,993,928,592,116,121,157,151,162,204,342,425,480,507,486,474,454,371,221,92,24,285,80,4
Trinidad and Tobago,2010,5290,232,262,30,15,18,58,279,331,553,962,1082,976,627,124,119,160,161,170,203,350,444,518,554,528,499,477,391,236,97,27,277,76,5
Trinidad and Tobago,2011,5162,227,256,29,13,17,52,259,322,515,948,1090,951,614,125,109,150,158,164,190,325,433,515,555,535,490,461,379,235,97,28,269,69,5
Trinidad and Tobago,2012,5135,219,248,29,11,15,47,243,319,490,952,1117,951,616,127,100,143,158,161,186,304,436,516,563,554,494,457,379,237,99,28,259,62,5
Trinidad and Tobago,2013,5267,210,237,27,12,14,45,235,325,477,982,1180,986,638,134,95,140,160,165,187,290,447,535,593,587,519,467,390,248,104,30,249,59,5
Trinidad and Tobago,2014,5393,200,226,26,11,14,41,224,327,467,999,1245,1028,660,142,90,134,160,167,191,276,455,544,623,622,548,480,402,258,111,31,237,55,6
Trinidad and Tobago,2015,5556,191,216,25,11,14,40,215,333,464,1015,1323,1085,684,151,84,131,160,173,196,268,455,560,659,664,585,500,415,269,119,32,227,54,6
Trinidad and Tobago,2016,5839,183,207,24,11,14,38,210,348,476,1048,1423,1171,726,166,82,128,163,185,206,270,458,590,706,717,638,533,440,286,130,36,218,52,7
Trinidad and Tobago,2017,6098,173,195,22,11,14,38,202,357,488,1071,1516,1261,760,180,78,124,163,194,212,276,449,622,747,769,694,567,458,302,141,39,206,52,7
Trinidad and Tobago,2018,6459,168,194,26,15,15,43,228,397,524,1098,1602,1352,791,188,91,137,181,216,231,293,442,656,784,818,748,604,477,314,148,40,209,58,8
Trinidad and Tobago,2019,6583,164,188,24,12,14,41,219,388,533,1080,1645,1414,820,215,88,131,173,215,234,299,419,661,790,855,782,632,492,328,161,54,200,55,11
Trinidad and Tobago,2020,6681,152,173,21,12,14,38,195,371,531,1044,1688,1516,869,217,77,118,162,209,234,297,397,647,798,890,833,683,522,347,167,50,185,52,11
Trinidad and Tobago,2021,7703,146,168,22,11,14,40,198,392,593,1139,1958,1839,1071,261,78,120,167,225,265,328,435,704,915,1043,997,842,635,436,201,60,179,54,13
Tunisia,1950,50928,16665,25370,8705,1682,820,1238,3018,3069,3061,3299,3686,3495,2106,85,1505,1513,1501,1568,1524,1537,1596,1703,1957,1729,2039,1456,1863,243,78,7,27052,2058,0
Tunisia,1951,51535,16972,25991,9019,1660,813,1198,2919,2976,3010,3248,3719,3572,2356,71,1456,1463,1451,1525,1503,1507,1569,1679,1965,1754,2094,1478,1850,506,62,9,27651,2011,1
Tunisia,1952,50789,17258,26436,9178,1608,802,1143,2791,2849,2931,3165,3616,3351,2056,41,1395,1396,1391,1458,1467,1464,1527,1638,1892,1724,1889,1462,1427,629,30,11,28044,1945,1
Tunisia,1953,50887,17535,26794,9259,1574,821,1083,2539,2576,2945,3355,3780,3420,1963,30,1273,1266,1260,1316,1448,1497,1584,1771,1922,1858,1807,1613,1175,788,19,11,28368,1904,1
Tunisia,1954,51379,17807,27194,9387,1536,831,1119,2754,2686,3006,3378,3788,3295,1748,40,1390,1364,1332,1354,1488,1518,1599,1779,1911,1877,1684,1611,960,788,29,11,28730,1950,1
Tunisia,1955,50586,18058,27526,9468,1505,830,1053,2465,2477,2876,3293,3726,3161,1594,76,1242,1223,1220,1257,1415,1461,1558,1735,1872,1854,1606,1555,880,714,66,10,29031,1883,0
Tunisia,1956,50280,18290,27824,9534,1471,831,1041,2396,2408,2822,3257,3634,3016,1463,118,1206,1190,1187,1221,1379,1443,1541,1716,1827,1807,1559,1457,839,624,112,6,29295,1872,1
Tunisia,1957,49474,18378,27893,9515,1430,829,1016,2167,2223,2681,3143,3472,2995,1454,169,1092,1075,1084,1139,1293,1388,1491,1652,1732,1740,1580,1415,909,545,166,3,29323,1845,1
Tunisia,1958,48997,18335,27884,9549,1391,791,978,2054,2120,2590,3107,3348,2994,1518,218,1027,1027,1034,1086,1231,1359,1467,1640,1692,1656,1619,1375,1036,482,216,2,29275,1769,1
Tunisia,1959,48227,18257,27768,9511,1362,756,944,1950,2029,2501,3081,3285,2877,1438,229,971,979,989,1040,1173,1328,1450,1631,1670,1615,1590,1287,1032,406,225,4,29130,1700,1
Tunisia,1960,47645,18127,27530,9403,1335,726,909,1852,1940,2410,3059,3281,2901,1479,222,922,930,946,994,1119,1291,1436,1623,1700,1581,1600,1301,1083,396,210,12,28865,1635,1
Tunisia,1961,48120,17971,27223,9252,1317,706,995,2259,2172,2504,3159,3301,2886,1412,183,1144,1115,1086,1086,1171,1333,1490,1669,1724,1577,1596,1290,1037,375,166,17,28540,1701,0
Tunisia,1962,45995,17778,26826,9048,1297,676,832,1677,1779,2219,3029,3273,2795,1428,163,848,829,871,908,1020,1199,1421,1608,1704,1569,1520,1275,1026,402,139,24,28123,1508,0
Tunisia,1963,44934,17506,26308,8802,1269,659,786,1595,1703,2118,3007,3231,2728,1383,143,817,778,836,867,974,1144,1412,1595,1703,1528,1451,1277,939,444,115,28,27577,1445,0
Tunisia,1964,43986,17192,25731,8539,1242,647,742,1523,1630,2026,2988,3266,2685,1376,132,787,736,802,828,933,1093,1399,1589,1744,1522,1418,1267,914,462,104,28,26973,1389,0
Tunisia,1965,43004,16971,25205,8234,1206,633,703,1451,1556,1933,2956,3257,2607,1374,123,755,696,764,792,891,1042,1374,1582,1755,1502,1370,1237,902,472,99,24,26411,1336,1
Tunisia,1966,41941,16589,24531,7942,1172,625,672,1393,1484,1850,2926,3253,2550,1351,127,726,667,725,759,852,998,1345,1581,1762,1491,1336,1214,881,470,106,21,25703,1297,1
Tunisia,1967,40611,15893,23393,7500,1141,630,658,1335,1412,1773,2890,3361,2558,1315,141,696,639,682,730,816,957,1306,1584,1790,1571,1362,1196,870,445,121,20,24534,1288,2
Tunisia,1968,39437,15164,22194,7030,1105,628,652,1285,1340,1700,2836,3395,2708,1429,160,666,619,641,699,780,920,1256,1580,1796,1599,1496,1212,951,478,143,17,23299,1280,2
Tunisia,1969,38251,14522,21185,6663,1092,638,661,1262,1298,1655,2808,3438,2689,1367,156,650,612,617,681,759,896,1226,1582,1805,1633,1498,1191,919,448,141,15,22277,1299,2
Tunisia,1970,36621,13739,19871,6132,1061,610,617,1099,1112,1521,2834,3521,2807,1402,164,570,529,539,573,693,828,1181,1653,1848,1673,1562,1245,949,453,148,16,20932,1227,2
Tunisia,1971,35795,13103,18839,5736,997,598,626,1133,1138,1514,2737,3586,2949,1502,171,584,549,543,595,688,826,1146,1591,1895,1691,1623,1326,994,508,153,18,19836,1224,2
Tunisia,1972,34461,12589,17931,5342,888,567,617,1118,1120,1469,2574,3640,2939,1422,173,569,549,535,585,665,804,1131,1443,1920,1720,1629,1310,937,485,153,20,18819,1184,1
Tunisia,1973,33462,12204,17188,4984,887,552,632,1108,1056,1445,2503,3599,2938,1387,164,589,519,521,535,654,791,1068,1435,1862,1737,1632,1306,889,498,143,21,18075,1184,1
Tunisia,1974,32729,11789,16424,4635,833,530,624,1088,1014,1398,2390,3632,3166,1457,172,586,502,507,507,631,767,1023,1367,1847,1785,1754,1412,946,511,149,23,17257,1154,1
Tunisia,1975,31646,11388,15682,4294,779,506,607,1067,973,1348,2273,3566,3240,1431,174,581,486,492,481,606,742,973,1300,1789,1777,1795,1445,930,501,151,23,16461,1113,1
Tunisia,1976,31047,10942,14994,4052,738,493,599,1067,952,1322,2203,3593,3366,1528,194,584,483,483,469,589,733,944,1259,1752,1841,1834,1532,995,533,169,25,15732,1092,1
Tunisia,1977,30162,10366,14148,3782,688,471,578,1049,927,1295,2140,3593,3542,1538,192,574,475,467,460,569,726,914,1226,1710,1883,1891,1651,1032,506,166,26,14836,1049,2
Tunisia,1978,30174,9661,13159,3498,632,436,582,1085,936,1293,2088,3974,4033,1746,209,615,470,467,469,551,742,902,1186,1780,2194,2168,1865,1195,551,183,26,13791,1018,2
Tunisia,1979,29629,9039,12258,3219,607,431,600,1178,972,1299,2101,3955,4202,1825,200,651,527,488,484,550,749,911,1190,1746,2209,2215,1987,1284,541,175,25,12865,1031,2
Tunisia,1980,29195,8514,11468,2954,596,419,588,1183,970,1289,2101,4026,4400,1941,212,647,536,487,483,545,744,913,1188,1736,2290,2372,2028,1387,554,184,28,12064,1007,2
Tunisia,1981,28932,8214,10917,2703,582,403,563,1149,947,1260,2087,4081,4657,2084,206,619,530,477,470,534,726,909,1178,1756,2325,2465,2192,1499,585,178,28,11499,966,2
Tunisia,1982,28761,7937,10474,2537,577,395,551,1141,944,1247,2092,4061,4857,2220,199,606,535,479,465,536,711,916,1176,1744,2317,2572,2285,1602,618,173,26,11051,946,2
Tunisia,1983,28604,7617,9969,2352,552,378,526,1110,927,1217,2069,4160,5153,2335,205,582,528,479,448,530,687,909,1160,1755,2405,2758,2395,1671,664,177,28,10521,904,2
Tunisia,1984,28146,7349,9556,2207,530,367,507,1089,918,1197,2048,4115,5192,2415,209,564,525,483,435,530,667,900,1148,1750,2365,2762,2430,1716,699,179,30,10086,874,2
Tunisia,1985,27522,7076,9154,2078,509,359,489,1076,914,1171,2014,4020,5127,2481,205,552,524,489,425,524,647,885,1129,1719,2301,2719,2408,1724,757,177,28,9663,848,2
Tunisia,1986,27097,6786,8744,1958,486,352,466,1045,907,1147,1976,3993,5189,2568,225,531,514,491,416,516,631,863,1113,1709,2284,2720,2469,1743,825,195,30,9230,818,2
Tunisia,1987,26573,6385,8228,1843,463,345,444,1013,903,1131,1935,3981,5247,2642,240,510,503,493,410,509,622,835,1100,1700,2281,2710,2537,1773,869,210,30,8691,789,2
Tunisia,1988,25918,5975,7698,1723,462,345,403,939,868,1078,1853,3957,5306,2729,273,461,478,478,390,508,570,772,1081,1670,2287,2698,2608,1816,913,240,33,8160,748,3
Tunisia,1989,26366,5551,7176,1625,439,346,447,1069,981,1159,1944,4030,5439,3004,327,521,548,539,442,519,640,827,1117,1718,2312,2706,2733,1971,1033,289,38,7615,793,3
Tunisia,1990,26451,5330,6846,1516,444,348,459,1090,1030,1198,1981,4066,5475,3153,363,529,561,562,468,537,661,841,1140,1744,2322,2703,2772,2075,1078,322,41,7290,807,3
Tunisia,1991,26562,5082,6483,1401,445,348,472,1105,1072,1238,2014,4124,5576,3293,391,534,571,578,494,555,683,858,1156,1779,2345,2717,2859,2180,1113,346,45,6928,820,3
Tunisia,1992,26761,4814,6116,1302,419,334,505,1152,1133,1299,2023,4218,5655,3460,440,556,596,600,533,550,749,890,1133,1837,2381,2756,2899,2279,1181,387,53,6535,839,4
Tunisia,1993,26556,4514,5719,1205,423,335,488,1114,1141,1310,2065,4239,5683,3573,460,542,572,598,543,602,708,906,1159,1841,2398,2777,2906,2358,1215,404,56,6142,823,4
Tunisia,1994,26456,4180,5280,1100,398,325,485,1108,1154,1333,2081,4300,5758,3741,492,545,563,596,558,624,709,926,1155,1861,2439,2822,2936,2445,1296,429,63,5678,810,4
Tunisia,1995,26507,3814,4823,1009,379,324,487,1120,1185,1382,2134,4351,5800,3985,535,561,559,606,579,654,728,959,1175,1877,2474,2853,2947,2579,1406,461,74,5202,811,4
Tunisia,1996,26421,3454,4355,901,355,314,480,1117,1195,1420,2176,4417,5893,4121,571,572,545,603,592,676,744,985,1191,1885,2532,2905,2988,2636,1485,488,83,4710,794,5
Tunisia,1997,26340,3120,3916,796,331,306,471,1114,1199,1467,2229,4462,5997,4241,601,582,532,597,602,701,766,1008,1221,1871,2591,2960,3037,2676,1565,512,89,4247,777,6
Tunisia,1998,26761,2814,3510,696,308,299,478,1181,1256,1545,2350,4513,6145,4518,652,622,559,624,632,747,798,1068,1282,1852,2661,3036,3109,2803,1715,554,98,3818,777,7
Tunisia,1999,26872,2533,3144,611,285,292,483,1233,1257,1622,2325,4599,6297,4630,694,639,594,613,644,769,853,1035,1290,1883,2716,3114,3183,2849,1781,589,105,3429,775,8
Tunisia,2000,27207,2351,2888,537,275,287,488,1248,1271,1697,2406,4670,6471,4751,744,643,605,614,657,798,899,1069,1337,1904,2766,3204,3267,2909,1842,632,112,3163,775,9
Tunisia,2001,27695,2184,2660,476,265,281,494,1262,1282,1772,2495,4760,6690,4895,827,643,619,613,669,824,948,1109,1386,1947,2813,3318,3372,2995,1900,696,131,2925,775,11
Tunisia,2002,28146,2050,2480,430,253,273,499,1281,1290,1844,2590,4826,6892,5025,878,647,634,612,678,847,997,1160,1430,1999,2827,3424,3468,3079,1946,740,138,2733,772,12
Tunisia,2003,28620,1967,2358,391,242,268,497,1288,1297,1911,2692,4891,7082,5153,927,645,643,612,685,868,1043,1225,1467,2063,2828,3521,3561,3165,1988,782,145,2600,765,13
Tunisia,2004,29431,1889,2251,362,230,261,494,1297,1304,1971,2800,5006,7322,5428,1050,651,646,616,688,886,1085,1294,1506,2146,2860,3629,3693,3324,2104,878,172,2481,755,16
Tunisia,2005,29988,1827,2167,340,219,254,486,1304,1315,2027,2923,5116,7515,5570,1079,658,646,625,690,904,1123,1365,1558,2217,2899,3702,3813,3419,2151,900,179,2386,740,16
Tunisia,2006,30679,1765,2092,327,211,246,475,1306,1324,2074,3061,5240,7763,5757,1113,664,642,635,689,919,1155,1438,1623,2286,2954,3778,3985,3542,2215,923,190,2303,721,17
Tunisia,2007,31460,1726,2045,319,206,236,466,1310,1340,2117,3215,5393,7994,5976,1147,669,641,649,691,933,1184,1512,1703,2355,3038,3828,4166,3688,2288,950,197,2251,702,18
Tunisia,2008,32220,1704,2012,308,202,225,453,1302,1344,2147,3378,5542,8189,6218,1185,665,637,654,690,940,1207,1579,1799,2409,3133,3856,4333,3849,2369,977,208,2214,678,19
Tunisia,2009,33438,1701,2005,304,202,215,443,1300,1355,2180,3551,5739,8513,6632,1280,660,640,657,698,947,1233,1644,1907,2487,3252,3918,4595,4067,2565,1050,230,2207,658,21
Tunisia,2010,34306,1724,2025,301,203,205,432,1293,1364,2203,3710,5928,8700,6906,1314,648,645,655,709,949,1254,1703,2007,2570,3358,3983,4717,4257,2649,1078,236,2228,637,22
Tunisia,2011,35475,1778,2086,308,206,201,425,1323,1402,2238,3885,6175,8923,7227,1356,654,669,665,737,959,1279,1763,2122,2686,3489,4089,4834,4465,2762,1114,242,2292,626,23
Tunisia,2012,36087,1792,2095,303,205,192,406,1303,1398,2232,4005,6362,8950,7512,1399,634,669,655,743,948,1284,1793,2212,2796,3566,4146,4804,4623,2889,1150,249,2300,598,25
Tunisia,2013,37047,1802,2111,309,206,189,388,1297,1418,2242,4137,6621,9160,7812,1448,625,672,660,758,952,1290,1830,2307,2952,3669,4293,4867,4782,3030,1190,258,2317,577,26
Tunisia,2014,38104,1801,2117,316,208,188,372,1289,1439,2270,4292,6911,9382,8106,1497,617,672,669,770,967,1303,1876,2416,3129,3782,4445,4937,4922,3184,1231,266,2325,560,27
Tunisia,2015,39223,1791,2116,325,212,190,358,1268,1453,2291,4420,7247,9666,8416,1561,605,663,678,775,985,1306,1914,2506,3304,3943,4616,5050,5060,3356,1285,276,2328,548,29
Tunisia,2016,40399,1770,2096,326,195,181,344,1311,1481,2313,4521,7674,9944,8674,1632,619,692,686,795,1032,1281,1878,2643,3560,4114,4775,5169,5167,3507,1345,287,2291,525,30
Tunisia,2017,41412,1750,2078,328,197,181,328,1245,1460,2312,4594,8070,10274,8926,1717,584,661,675,785,1045,1267,1889,2705,3743,4327,4944,5330,5268,3658,1417,300,2275,509,31
Tunisia,2018,42434,1703,2030,327,198,182,322,1209,1462,2327,4673,8498,10583,9117,1803,562,647,672,790,1062,1265,1902,2771,3913,4585,5078,5505,5326,3791,1492,311,2228,504,32
Tunisia,2019,43560,1651,1971,320,197,180,321,1173,1458,2338,4734,8960,10953,9341,1903,539,634,662,796,1068,1270,1907,2827,4086,4874,5246,5707,5419,3922,1578,325,2168,501,33
Tunisia,2020,50069,1588,1897,309,193,184,351,1137,1462,2533,5183,10675,12680,11417,2320,521,616,646,816,1161,1372,2063,3120,4778,5897,6290,6390,6353,5064,1945,375,2090,535,37
Tunisia,2021,55990,1521,1817,296,191,183,333,1129,1605,2861,6256,12641,14627,12053,2259,514,615,684,921,1241,1620,2448,3808,5651,6990,7175,7452,7096,4957,1898,361,2008,516,35
Turkey,1950,220975,99021,151578,52557,3460,2347,3394,6291,5361,7665,11175,11555,8593,7353,2149,3418,2873,2643,2718,3423,4242,5214,5961,6081,5474,4774,3819,4032,3321,1734,415,155038,5741,54
Turkey,1951,230111,103685,158199,54514,3729,2333,3410,6455,5488,7854,11661,12180,9148,7407,2190,3495,2960,2716,2772,3476,4378,5462,6199,6513,5667,5063,4085,4130,3277,1778,412,161928,5743,55
Turkey,1952,236509,105837,162856,57019,2787,2334,3420,6641,5648,8049,12189,12914,9723,7613,2273,3582,3059,2805,2843,3541,4508,5742,6447,6983,5931,5326,4397,4291,3322,1872,401,165643,5754,61
Turkey,1953,237306,103121,159225,56104,4414,2389,3453,6860,5822,8221,12640,13660,10239,7908,2413,3690,3170,2906,2916,3603,4618,5984,6656,7411,6249,5531,4708,4478,3430,2013,400,163639,5842,61
Turkey,1954,254737,116410,175528,59118,3821,2231,3313,6804,5873,8250,13116,14271,10611,8213,2658,3626,3178,2932,2941,3612,4638,6199,6917,7709,6562,5654,4957,4651,3562,2215,443,179349,5544,54
Turkey,1955,253058,108894,171258,62364,4021,2195,3250,6832,5983,8324,13547,14954,10999,8593,3065,3607,3225,2994,2989,3646,4678,6365,7182,7996,6958,5800,5199,4846,3747,2493,572,175279,5445,41
Turkey,1956,251531,108033,166401,58368,4134,2223,3214,6912,6164,8494,14126,15838,11526,8978,3500,3614,3298,3090,3074,3727,4767,6572,7554,8360,7478,6046,5480,5063,3915,2706,794,170535,5437,27
Turkey,1957,261641,111127,169764,58637,4188,2405,3354,7357,6692,9098,15473,17722,12791,9457,3303,3817,3540,3358,3334,4002,5096,7114,8359,9245,8477,6701,6090,5515,3942,2449,854,173952,5759,34
Turkey,1958,267971,111348,170701,59353,4556,2548,3429,7599,7077,9505,16460,19272,13845,9932,2995,3915,3684,3549,3528,4200,5305,7467,8993,9954,9318,7317,6528,5965,3967,2205,790,175257,5977,49
Turkey,1959,265847,109883,168146,58263,4643,2606,3334,7413,7081,9416,16482,19785,14223,10059,2601,3797,3616,3543,3538,4184,5232,7380,9102,10144,9641,7648,6575,6179,3880,1984,617,172789,5940,57
Turkey,1960,264046,108767,164839,56072,4830,2659,3285,7272,7138,9422,16595,20404,14798,10393,2367,3707,3565,3556,3582,4212,5210,7337,9258,10411,9993,8125,6673,6453,3940,1947,420,169669,5944,48
Turkey,1961,260093,106679,160141,53462,4577,2685,3230,7092,7132,9393,16530,20879,15419,10704,2286,3611,3481,3535,3597,4220,5173,7241,9289,10652,10227,8605,6814,6629,4075,1990,296,164718,5915,23
Turkey,1962,258033,105967,158451,52484,4226,2643,3184,6869,7057,9323,16314,21131,15935,10708,2177,3494,3375,3477,3580,4201,5122,7120,9194,10821,10310,8918,7017,6638,4070,1842,335,162677,5827,18
Turkey,1963,254668,102763,153972,51209,4186,2682,3209,6725,7046,9367,16202,21569,16590,10966,2134,3418,3307,3448,3598,4233,5134,7063,9139,11052,10517,9273,7317,6781,4185,1784,350,158158,5891,19
Turkey,1964,254998,101091,150550,49459,4068,2778,3392,6739,7179,9643,16511,22558,17692,11640,2229,3423,3316,3487,3692,4370,5273,7195,9316,11514,11044,9850,7842,7159,4481,1886,343,154618,6170,20
Turkey,1965,253743,98466,146166,47700,4034,2811,3529,6721,7232,9833,16664,23314,18668,12329,2424,3428,3293,3486,3746,4467,5366,7261,9403,11805,11509,10328,8340,7497,4832,2099,325,150200,6340,17
Turkey,1966,252518,95644,141374,45730,4110,2924,3680,6786,7304,10062,16840,24021,19708,13007,2693,3493,3293,3495,3809,4578,5484,7352,9488,12042,11979,10783,8925,7787,5220,2350,343,145484,6604,10
Turkey,1967,256349,97087,143461,46374,4012,2874,3606,6610,7130,10118,16974,24546,20721,13494,2790,3430,3180,3374,3756,4591,5527,7446,9528,12197,12349,11114,9607,8068,5426,2374,416,147473,6480,14
Turkey,1968,258759,95065,142019,46954,3932,2852,3707,6675,7130,10374,17333,25360,21938,14354,3068,3510,3165,3353,3777,4698,5676,7632,9701,12468,12892,11592,10346,8626,5728,2592,476,145951,6559,21
Turkey,1969,263891,98364,144750,46386,3973,2687,3700,6610,6867,10361,17563,25777,22804,15231,3546,3563,3047,3219,3648,4679,5682,7698,9865,12533,13244,11948,10856,9238,5993,3019,527,148723,6387,26
Turkey,1970,259127,91679,137115,45436,3981,2707,3711,6705,6775,10458,17618,26034,23527,16196,4279,3686,3019,3182,3593,4701,5757,7715,9903,12535,13499,12304,11223,9907,6289,3660,619,141096,6418,24
Turkey,1971,258343,91273,132710,41437,3958,2719,3726,6797,6710,10596,17803,26365,24454,17411,5074,3781,3016,3153,3557,4722,5874,7800,10003,12624,13741,12804,11650,10691,6720,4240,834,136668,6445,16
Turkey,1972,257886,91341,130929,39588,3694,2673,3745,6757,6638,10677,17882,26198,25163,18647,4854,3732,3025,3112,3526,4708,5969,7896,9986,12571,13627,13085,12078,11463,7184,3923,931,134623,6418,26
Turkey,1973,259817,89589,127964,38375,3605,2754,3731,7014,6738,10992,18425,26623,26275,20558,5092,3863,3151,3152,3586,4797,6195,8201,10224,12829,13794,13576,12699,12519,8039,4130,962,131569,6485,42
Turkey,1974,260350,87365,124306,36941,3598,2827,3595,7265,6762,11166,18824,26784,26940,22397,5838,3947,3318,3158,3604,4826,6340,8436,10388,12960,13824,13831,13109,13422,8975,4875,963,127904,6422,50
Turkey,1975,260831,84207,119842,35635,3416,2974,3633,7504,6861,11378,19313,27001,27428,24213,7222,4009,3495,3206,3655,4884,6494,8700,10613,13114,13887,13991,13437,14176,10037,6133,1089,123258,6607,43
Turkey,1976,260595,80849,114774,33925,3439,3025,3705,7684,6948,11562,19868,27336,27885,25613,8734,4063,3621,3259,3689,4932,6630,8978,10890,13330,14006,14125,13760,14638,10975,7243,1491,118213,6730,27
Turkey,1977,256536,79487,112061,32574,3150,2723,3627,7485,6761,11455,20230,27601,28311,25267,7830,3991,3494,3184,3577,4835,6620,9156,11074,13512,14089,14221,14090,14548,10719,6231,1599,115211,6350,41
Turkey,1978,252943,76810,108195,31385,3069,2655,3693,7430,6761,11422,20648,27947,28670,25262,7124,3895,3535,3228,3533,4797,6625,9346,11302,13726,14221,14278,14392,14587,10675,5566,1558,111264,6348,66
Turkey,1979,249828,74427,104025,29598,2978,2601,3736,7335,6842,11375,21113,28396,29010,25544,6790,3752,3583,3353,3489,4761,6614,9533,11580,13976,14420,14347,14663,14742,10802,5410,1380,107003,6337,83
Turkey,1980,245208,71241,99002,27761,2976,2514,3687,7236,6839,11204,21373,28650,29036,25752,6862,3701,3535,3421,3418,4678,6526,9596,11777,14119,14531,14301,14735,14813,10939,5724,1138,101978,6201,73
Turkey,1981,240125,68027,94140,26113,2815,2474,3699,7304,6934,11175,21805,29237,29358,24761,6364,3742,3562,3509,3425,4660,6515,9715,12090,14414,14823,14492,14866,14647,10114,5258,1106,96955,6173,60
Turkey,1982,233589,64614,89011,24397,2725,2437,3637,7361,6877,11012,21942,29540,29392,23861,5741,3761,3600,3460,3417,4584,6428,9685,12257,14584,14956,14559,14833,14474,9387,4686,1055,91736,6074,50
Turkey,1983,229866,61521,84344,22823,2654,2427,3686,7505,7102,11029,22294,30182,29757,23517,5311,3903,3602,3575,3527,4589,6440,9745,12549,14938,15244,14801,14956,14549,8968,4255,1056,86998,6113,58
Turkey,1984,226904,58603,79686,21083,2574,2316,3671,7586,7413,11066,22703,31034,30351,23514,4924,4049,3537,3692,3721,4597,6469,9821,12882,15408,15626,15159,15192,14772,8742,3918,1006,82260,5987,66
Turkey,1985,223586,55761,75334,19573,2430,2288,3606,7683,7606,11061,22934,31753,30800,23476,4546,4121,3562,3728,3878,4596,6465,9828,13106,15817,15936,15442,15358,14913,8563,3632,914,77764,5894,69
Turkey,1986,220391,53041,71214,18173,2350,2252,3543,7742,7764,11053,23054,32439,31219,23477,4220,4129,3613,3771,3993,4609,6444,9805,13249,16202,16237,15704,15515,15018,8459,3410,810,73564,5795,68
Turkey,1987,217508,50268,67120,16852,2264,2204,3514,7777,7885,11078,23142,33196,31712,23582,3962,4095,3682,3875,4010,4660,6418,9790,13352,16602,16594,15995,15717,15148,8434,3248,714,69384,5718,67
Turkey,1988,215296,47711,63310,15599,2138,2161,3425,7896,7959,11185,23242,34040,32311,23792,3773,4109,3787,3847,4112,4780,6405,9799,13443,17018,17022,16328,15983,15316,8476,3132,641,65448,5586,62
Turkey,1989,213572,45271,59681,14410,2020,2109,3369,8248,8081,11449,23287,34810,32861,23979,3625,4235,4013,3821,4260,5043,6406,9807,13480,17364,17446,16630,16231,15453,8526,3038,587,61701,5478,55
Turkey,1990,211097,42373,55665,13292,1907,2060,3331,8226,8128,11648,23290,35574,33472,24230,3524,4148,4078,3839,4289,5252,6396,9798,13492,17665,17909,16961,16511,15623,8607,2974,550,57572,5391,46
Turkey,1991,209518,40125,52329,12204,1814,1999,3288,8190,8252,11851,23301,36317,34165,24522,3456,4088,4102,3903,4349,5422,6429,9792,13509,17915,18402,17336,16829,15818,8704,2933,523,54143,5287,36
Turkey,1992,209850,37593,48804,11211,1732,1978,3425,9018,8988,12222,23436,37049,34920,24817,3429,4517,4501,4281,4707,5604,6618,9852,13584,18135,18914,17756,17164,16013,8804,2918,511,50536,5403,30
Turkey,1993,209261,35737,45937,10200,1590,1883,3411,9283,9273,12591,23439,37613,35675,25129,3413,4589,4694,4519,4754,5784,6807,9837,13602,18247,19366,18184,17491,16225,8904,2920,493,47527,5294,24
Turkey,1994,209514,34049,43363,9314,1498,1808,3427,9586,9530,13160,23493,38160,36536,25500,3431,4685,4901,4805,4725,5983,7177,9845,13648,18349,19811,18678,17858,16482,9018,2948,483,44861,5235,21
Turkey,1995,211016,32233,40824,8591,1414,1748,3511,10142,10093,13758,23697,38784,37593,25974,3457,4993,5149,5156,4937,6168,7590,9935,13762,18502,20282,19281,18312,16818,9156,2992,465,42238,5259,19
Turkey,1996,208416,30847,38729,7882,1317,1651,3260,9278,9712,13800,23536,38949,38398,26299,3466,4568,4710,4899,4813,6101,7699,9881,13655,18452,20497,19741,18657,17074,9225,3022,444,40046,4911,16
Turkey,1997,207153,28929,36198,7269,1238,1574,3091,8773,9537,13960,23638,39318,39496,26812,3509,4292,4481,4727,4810,6247,7713,9992,13646,18536,20782,20338,19158,17463,9349,3076,433,37436,4665,13
Turkey,1998,204687,27033,33728,6695,1176,1501,2840,7795,9171,13857,23738,39522,40528,27295,3525,3806,3989,4438,4733,6060,7797,10165,13573,18570,20952,20870,19658,17838,9457,3110,415,34904,4341,10
Turkey,1999,210922,25426,32444,7018,1824,2073,3178,8055,9893,14477,24887,40424,42103,27981,3573,3962,4093,4712,5181,6192,8285,10990,13897,18992,21432,21666,20437,18358,9623,3157,416,34268,5251,8
Turkey,2000,201651,22861,28377,5516,1036,1352,2468,6738,8786,13683,24551,39933,42681,28431,3601,3265,3473,4044,4742,5771,7912,11033,13518,18691,21242,21863,20818,18689,9742,3180,421,29413,3820,9
Turkey,2001,202096,21712,26673,4961,982,1284,2359,6580,8728,13866,25009,40128,43734,29096,3654,3163,3417,3969,4759,5843,8023,11399,13610,18743,21385,22271,21463,19166,9930,3211,443,27655,3643,6
Turkey,2002,201356,19059,23534,4475,926,1221,2251,6427,8679,14296,25325,40354,44775,29853,3705,3072,3355,3941,4738,5966,8330,11505,13820,18797,21557,22634,22141,19698,10155,3242,463,24460,3472,9
Turkey,2003,202058,17186,21193,4007,886,1164,2162,6296,8638,14504,26087,40707,45905,30762,3740,2991,3305,3860,4778,6171,8333,11842,14245,18896,21811,23016,22889,20333,10429,3271,469,22079,3326,7
Turkey,2004,202685,16098,19614,3516,817,1100,2063,6137,8518,14436,26999,40824,46730,31607,3830,2888,3249,3754,4764,6357,8079,12075,14924,18884,21940,23239,23491,20917,10690,3323,507,20431,3163,12
Turkey,2005,205009,15188,18316,3128,766,1046,1992,6074,8496,14710,27909,41231,47795,32720,3938,2830,3244,3771,4725,6531,8179,12263,15646,19032,22199,23597,24198,21686,11034,3405,533,19082,3038,18
Turkey,2006,206306,14342,17180,2838,712,994,1882,5793,8328,14839,28626,41544,48604,33758,4021,2673,3120,3696,4632,6554,8285,12460,16166,19204,22340,23863,24741,22412,11346,3477,544,17892,2876,23
Turkey,2007,206937,13299,15891,2592,647,939,1789,5632,8247,14946,29110,41796,49150,34690,4073,2578,3054,3642,4605,6519,8427,12883,16227,19440,22356,24039,25111,23067,11623,3540,533,16538,2728,24
Turkey,2008,209505,12371,14746,2375,588,896,1714,5487,8126,15318,29657,42657,50139,35988,4164,2494,2993,3604,4522,6584,8734,12905,16752,20092,22565,24460,25679,23954,12034,3642,522,15334,2610,20
Turkey,2009,210993,11513,13694,2181,536,842,1621,5239,7902,15557,29673,43721,50821,37111,4258,2372,2867,3522,4380,6555,9002,12536,17137,21091,22630,24742,26079,24696,12415,3739,519,14230,2463,18
Turkey,2010,212121,10699,12700,2001,484,784,1534,4999,7760,15556,29806,44583,51306,38155,4424,2255,2744,3440,4320,6413,9143,12565,17241,21922,22661,24915,26391,25335,12820,3865,559,13184,2318,27
Turkey,2011,223388,10046,11906,1860,474,779,1539,5023,7997,16257,31673,47628,54301,40996,4777,2259,2764,3518,4479,6621,9636,13345,18328,23680,23948,26285,28016,27136,13860,4162,615,12380,2318,38
Turkey,2012,216619,9536,11241,1705,406,672,1399,4610,7507,15516,31291,46203,52661,40349,4716,2065,2545,3284,4223,6309,9207,13057,18234,22838,23365,25379,27282,26595,13754,4104,612,11647,2071,43
Turkey,2013,212901,9148,10740,1592,352,588,1279,4254,7099,14905,30635,45987,51677,40405,4913,1896,2358,3085,4014,5955,8950,13029,17606,22691,23296,24754,26923,26457,13948,4209,704,11092,1867,69
Turkey,2014,216613,8880,10389,1509,341,532,1180,3939,6851,14703,30668,47952,52576,42038,5341,1740,2199,2936,3915,5773,8930,13474,17194,23359,24593,25018,27558,27336,14702,4510,831,10730,1712,106
Turkey,2015,226369,8510,9951,1441,296,499,1197,4228,7132,15060,31967,50588,54633,44612,6034,1880,2348,3059,4073,5977,9083,14155,17812,24271,26317,25873,28760,28818,15794,4987,1047,10247,1696,171
Turkey,2016,236449,8042,9412,1370,280,467,1291,4963,7714,15615,33321,53138,56692,46950,6406,2248,2715,3365,4349,6269,9346,14714,18607,25330,27808,26835,29857,30221,16729,5323,1083,9692,1758,195
Turkey,2017,235086,7548,8853,1305,268,414,1037,3926,6834,14990,33200,53671,57124,47960,6612,1739,2187,2884,3950,5924,9066,14439,18761,26002,27669,27140,29984,30785,17175,5519,1093,9121,1451,200
Turkey,2018,233954,6824,8050,1226,254,376,900,3500,6384,14389,33377,53736,57618,48753,6475,1536,1964,2655,3729,5697,8692,14291,19086,25628,28108,27643,29975,31254,17499,5564,911,8304,1276,144
Turkey,2019,236717,6150,7296,1146,237,351,832,3379,6195,14063,33976,54022,59414,50268,6590,1480,1899,2571,3624,5612,8451,14267,19709,25042,28980,29098,30316,32135,18133,5755,835,7533,1183,92
Turkey,2020,298282,5608,6657,1049,217,328,752,3042,6459,16757,43373,70841,78409,63526,7856,1304,1738,2546,3913,6522,10235,17617,25756,32675,38166,39781,38628,39909,23617,6951,905,6874,1080,61
Turkey,2021,299044,5166,6112,946,207,296,694,2885,6195,16608,43152,71994,79772,63421,7663,1213,1672,2434,3761,6377,10231,17419,25733,33079,38915,40674,39098,40289,23132,6774,889,6319,990,41
Turkmenistan,1950,12758,4113,5248,1135,165,117,170,440,464,888,1213,1894,1476,581,105,256,184,180,284,380,508,544,669,975,919,816,660,367,214,85,20,5413,287,3
Turkmenistan,1951,13012,4243,5512,1269,159,112,169,461,444,882,1202,1891,1505,576,94,259,202,175,269,374,508,555,647,944,947,835,670,380,196,77,17,5671,281,3
Turkmenistan,1952,13254,4371,5721,1350,153,106,175,488,429,878,1216,1882,1538,581,88,257,231,177,252,372,506,576,640,897,985,859,679,401,180,72,16,5874,281,2
Turkmenistan,1953,13525,4526,5933,1407,175,98,183,507,416,868,1242,1857,1569,594,80,248,259,184,232,368,500,600,642,841,1016,884,685,424,170,67,13,6108,281,2
Turkmenistan,1954,13825,4688,6138,1450,182,90,192,528,416,859,1277,1836,1620,612,74,243,285,197,219,365,494,625,652,799,1037,918,702,444,168,62,12,6320,282,2
Turkmenistan,1955,14118,4862,6349,1487,204,83,195,544,430,844,1306,1796,1668,629,73,241,303,217,213,355,489,638,668,767,1029,949,719,456,173,60,13,6553,278,2
Turkmenistan,1956,14401,5052,6578,1526,221,77,190,558,450,819,1327,1743,1716,644,68,245,313,241,209,337,482,642,685,745,998,979,737,464,180,55,13,6799,267,2
Turkmenistan,1957,14686,5254,6825,1571,236,74,178,565,487,794,1347,1679,1772,659,65,255,310,274,213,316,478,638,709,734,945,1015,757,468,191,52,13,7061,252,3
Turkmenistan,1958,14958,5455,7073,1618,246,75,163,569,530,766,1360,1616,1821,674,62,268,301,309,221,293,473,626,734,733,883,1045,776,473,201,49,13,7319,238,3
Turkmenistan,1959,15200,5637,7304,1667,248,81,148,567,574,739,1367,1567,1851,689,63,274,293,338,236,275,464,614,753,740,827,1053,798,480,209,50,13,7552,229,3
Turkmenistan,1960,15369,5779,7492,1713,253,87,135,560,610,710,1363,1536,1857,704,64,272,288,354,256,264,446,600,763,748,788,1037,820,489,215,51,13,7745,222,3
Turkmenistan,1961,15481,5868,7618,1750,255,94,124,554,642,683,1349,1523,1845,722,67,263,291,361,281,259,424,588,761,761,762,1000,845,503,219,54,13,7873,218,3
Turkmenistan,1962,15587,5896,7672,1776,262,102,120,551,678,663,1345,1547,1835,743,70,249,302,359,319,264,399,586,759,792,755,952,883,520,223,58,12,7934,222,3
Turkmenistan,1963,15557,5865,7650,1785,269,108,119,541,703,639,1320,1570,1799,761,74,226,315,346,357,272,367,578,742,819,751,888,911,535,226,62,12,7919,227,3
Turkmenistan,1964,15541,5781,7558,1777,279,114,128,529,732,640,1305,1613,1774,792,78,205,324,340,392,292,348,571,734,847,766,844,930,559,233,66,12,7837,242,3
Turkmenistan,1965,15449,5659,7411,1752,292,116,138,514,751,654,1277,1645,1736,825,80,189,325,337,414,317,337,553,724,863,782,811,925,584,241,68,12,7703,254,3
Turkmenistan,1966,15327,5521,7234,1713,298,121,151,494,769,685,1250,1678,1697,861,82,178,316,343,426,350,335,532,718,871,807,796,901,611,250,70,12,7532,272,3
Turkmenistan,1967,15161,5384,7048,1664,309,125,164,469,776,732,1212,1698,1640,902,84,172,297,354,422,394,338,499,713,864,834,784,856,641,261,71,13,7357,289,3
Turkmenistan,1968,15018,5268,6879,1611,311,128,176,444,779,793,1171,1715,1594,938,87,173,271,370,409,441,352,464,707,850,865,788,806,666,272,73,14,7190,304,3
Turkmenistan,1969,14860,5180,6739,1559,309,133,183,427,773,850,1126,1719,1555,958,92,182,245,377,396,478,372,435,691,832,887,795,760,675,283,76,16,7048,316,3
Turkmenistan,1970,14742,5123,6635,1512,301,137,187,422,764,905,1085,1714,1535,965,94,198,224,373,391,504,401,418,667,817,897,806,729,669,296,78,16,6936,324,3
Turkmenistan,1971,14662,5093,6566,1473,290,140,190,424,753,950,1046,1703,1538,962,97,213,211,360,393,512,438,412,634,804,899,827,711,649,313,81,16,6856,330,3
Turkmenistan,1972,14678,5054,6499,1445,279,146,197,435,750,1006,1020,1702,1576,958,104,231,204,342,408,511,495,420,600,803,899,865,711,624,334,87,17,6778,343,3
Turkmenistan,1973,14659,5044,6464,1420,271,148,204,450,736,1046,992,1682,1613,941,109,246,204,311,425,494,552,434,558,797,885,897,716,590,351,92,17,6735,352,4
Turkmenistan,1974,14662,5052,6451,1399,261,150,209,470,715,1080,985,1652,1650,921,115,254,216,283,432,481,599,461,524,782,870,922,728,562,359,98,17,6712,359,4
Turkmenistan,1975,14841,5058,6441,1383,260,152,221,501,703,1127,1023,1646,1717,921,123,264,237,265,438,484,643,506,517,772,874,958,759,556,365,105,18,6701,373,4
Turkmenistan,1976,14880,5067,6435,1368,256,150,230,528,675,1148,1069,1607,1750,906,129,271,257,250,425,489,659,556,513,740,867,965,785,548,358,112,17,6691,380,3
Turkmenistan,1977,15057,5070,6423,1353,255,149,242,561,651,1176,1165,1587,1805,904,139,282,279,245,406,512,664,636,529,708,879,975,830,557,347,121,18,6678,391,3
Turkmenistan,1978,15091,5056,6394,1338,260,147,248,586,615,1178,1258,1538,1828,894,145,291,295,244,371,534,644,710,548,662,876,963,865,564,330,127,18,6654,395,2
Turkmenistan,1979,15198,5046,6364,1318,256,144,253,611,601,1185,1370,1502,1862,901,150,304,307,259,342,551,634,780,590,631,871,962,900,581,320,131,19,6620,397,2
Turkmenistan,1980,15209,5030,6326,1296,261,142,252,629,590,1174,1457,1457,1866,906,148,315,314,277,313,547,627,822,635,611,846,950,916,596,310,129,19,6587,394,2
Turkmenistan,1981,15247,5047,6313,1266,253,141,248,652,587,1146,1532,1413,1868,939,153,330,322,299,288,524,622,834,698,605,808,942,926,626,313,132,21,6566,389,2
Turkmenistan,1982,15542,5064,6307,1243,255,143,250,690,612,1152,1642,1410,1910,1008,161,349,341,330,282,503,649,842,800,632,778,965,945,679,329,136,25,6562,393,2
Turkmenistan,1983,15687,5136,6360,1224,251,146,243,712,636,1123,1707,1383,1900,1058,170,359,353,352,284,458,665,816,891,659,724,966,934,718,340,138,32,6611,389,2
Turkmenistan,1984,15857,5209,6420,1211,242,145,238,735,672,1089,1755,1394,1875,1106,181,363,372,367,305,413,676,790,965,706,688,952,923,747,359,140,41,6662,383,2
Turkmenistan,1985,16078,5334,6538,1204,248,146,240,751,713,1046,1783,1436,1836,1145,195,360,391,378,335,373,673,771,1012,765,671,922,914,761,384,145,50,6786,386,3
Turkmenistan,1986,16047,5327,6495,1168,234,145,239,759,752,990,1780,1505,1775,1160,210,352,407,388,364,341,649,757,1023,839,666,869,906,751,409,150,60,6729,384,6
Turkmenistan,1987,16040,5278,6421,1143,229,143,240,764,798,940,1768,1611,1717,1171,224,342,422,403,395,328,612,760,1008,931,680,810,907,731,440,155,69,6650,383,12
Turkmenistan,1988,16082,5131,6252,1121,227,145,246,776,849,916,1772,1762,1685,1183,245,340,436,426,423,346,570,783,989,1037,725,768,917,712,471,166,79,6479,391,18
Turkmenistan,1989,16107,4942,6032,1090,232,145,250,791,906,908,1775,1923,1655,1186,273,345,446,457,449,389,519,808,967,1134,789,745,910,699,487,186,87,6264,395,27
Turkmenistan,1990,16248,4835,5922,1087,237,147,252,801,961,919,1809,2095,1647,1183,247,355,446,488,473,442,477,845,964,1217,878,752,895,713,470,187,60,6159,399,25
Turkmenistan,1991,16361,4739,5837,1098,245,147,253,804,1008,940,1821,2244,1626,1173,236,363,441,514,494,493,447,851,970,1262,982,769,857,729,444,188,48,6082,400,20
Turkmenistan,1992,16874,4735,5840,1105,253,152,263,830,1086,1014,1879,2442,1666,1200,233,382,448,553,533,553,461,853,1026,1310,1132,828,838,768,432,191,42,6093,415,16
Turkmenistan,1993,17253,4751,5867,1116,257,155,268,845,1143,1099,1895,2580,1704,1200,227,392,453,575,568,597,502,811,1084,1306,1274,893,811,782,418,189,38,6124,423,12
Turkmenistan,1994,17563,4688,5811,1123,255,158,270,866,1199,1205,1897,2705,1777,1194,219,401,465,590,609,635,570,749,1148,1297,1408,978,799,779,415,180,39,6066,428,10
Turkmenistan,1995,17930,4583,5698,1115,268,163,276,895,1257,1331,1907,2830,1905,1185,207,410,485,599,658,677,654,699,1208,1304,1526,1094,811,763,422,169,38,5966,439,8
Turkmenistan,1996,18080,4432,5524,1092,259,167,278,912,1294,1444,1886,2908,2060,1152,192,413,499,596,698,711,733,661,1225,1323,1585,1228,832,725,427,155,37,5783,445,6
Turkmenistan,1997,18156,4246,5291,1045,253,172,281,924,1320,1551,1863,2983,2254,1110,156,416,508,589,731,747,804,663,1200,1371,1612,1381,873,684,426,133,23,5544,453,3
Turkmenistan,1998,17839,4040,5020,980,246,168,277,903,1302,1600,1791,2949,2401,1042,137,405,498,570,732,765,835,693,1098,1397,1552,1497,904,633,409,119,18,5266,445,2
Turkmenistan,1999,17725,3822,4727,905,231,167,277,896,1301,1670,1765,2958,2591,1006,127,401,495,569,732,803,867,770,995,1447,1511,1620,971,611,395,113,14,4958,444,1
Turkmenistan,2000,17469,3594,4422,828,227,165,276,879,1281,1723,1736,2928,2739,969,124,394,485,568,713,833,890,848,888,1463,1465,1688,1051,599,370,111,13,4649,441,1
Turkmenistan,2001,17548,3349,4101,752,204,163,282,887,1289,1818,1793,2967,2942,972,122,398,489,584,705,883,935,952,841,1480,1487,1758,1184,620,352,113,9,4305,445,0
Turkmenistan,2002,17624,3114,3794,680,203,161,289,895,1293,1905,1886,2980,3110,986,124,402,493,595,698,924,981,1042,844,1444,1536,1779,1331,653,333,114,10,3997,450,0
Turkmenistan,2003,17731,2965,3581,616,189,158,292,898,1289,1979,2017,2953,3234,1017,120,405,493,598,691,947,1032,1111,906,1351,1602,1757,1477,699,318,113,7,3770,450,0
Turkmenistan,2004,17951,2843,3404,561,185,156,295,904,1303,2057,2194,2918,3351,1071,114,411,493,602,701,960,1097,1171,1023,1237,1681,1735,1616,761,310,107,7,3589,451,0
Turkmenistan,2005,18359,2772,3293,521,173,156,297,923,1329,2142,2404,2895,3469,1168,110,422,501,608,721,966,1176,1241,1163,1144,1751,1739,1730,853,315,103,7,3466,453,0
Turkmenistan,2006,18519,2716,3206,490,161,149,292,927,1337,2175,2572,2820,3511,1270,103,428,499,605,732,945,1230,1287,1285,1073,1747,1742,1769,949,321,95,8,3367,441,0
Turkmenistan,2007,18525,2690,3160,470,149,142,281,919,1323,2168,2696,2718,3504,1374,94,427,492,595,728,913,1255,1320,1376,1056,1662,1758,1746,1042,332,86,8,3309,423,0
Turkmenistan,2008,18323,2705,3165,460,138,131,266,892,1279,2111,2756,2596,3437,1461,87,414,478,573,706,871,1240,1341,1415,1096,1500,1770,1667,1116,345,80,7,3303,397,0
Turkmenistan,2009,18238,2761,3216,455,124,122,253,872,1238,2060,2812,2519,3388,1553,85,403,469,554,684,849,1211,1373,1439,1191,1328,1790,1598,1180,373,78,7,3340,375,0
Turkmenistan,2010,18457,2840,3300,460,115,115,243,861,1218,2035,2917,2519,3394,1653,85,393,468,546,672,850,1185,1432,1485,1321,1198,1818,1576,1238,415,80,5,3415,358,0
Turkmenistan,2011,18746,2926,3396,470,106,108,234,856,1205,2008,3024,2575,3397,1745,90,384,472,541,664,857,1151,1489,1535,1453,1122,1809,1588,1274,471,85,5,3502,342,0
Turkmenistan,2012,19036,3010,3496,486,102,100,225,848,1194,1979,3122,2684,3371,1815,98,374,474,537,657,858,1121,1532,1590,1568,1116,1740,1631,1282,533,94,4,3598,325,0
Turkmenistan,2013,19676,3083,3589,506,104,95,218,854,1214,2000,3288,2913,3387,1903,109,371,483,549,665,875,1125,1591,1697,1695,1218,1654,1733,1298,605,105,4,3693,313,0
Turkmenistan,2014,20647,3131,3658,527,108,92,215,877,1259,2073,3517,3260,3435,2021,130,376,501,573,686,903,1170,1660,1857,1845,1415,1566,1869,1337,684,124,6,3766,307,0
Turkmenistan,2015,20921,3158,3703,545,110,85,205,857,1261,2076,3588,3501,3331,2052,148,362,495,579,682,894,1182,1635,1953,1921,1580,1426,1905,1334,718,142,6,3813,290,0
Turkmenistan,2016,21218,3163,3726,563,115,81,193,837,1266,2088,3647,3753,3248,2095,170,351,486,586,680,889,1199,1601,2046,2002,1751,1350,1898,1357,738,162,8,3841,274,0
Turkmenistan,2017,21635,3138,3708,570,124,79,182,819,1286,2114,3718,4027,3214,2165,195,342,477,599,687,896,1218,1582,2136,2109,1918,1368,1846,1415,750,186,9,3832,261,0
Turkmenistan,2018,22447,3084,3652,568,124,79,177,829,1339,2184,3864,4396,3293,2287,223,342,487,624,715,924,1260,1613,2251,2288,2108,1517,1776,1518,769,212,11,3776,256,0
Turkmenistan,2019,22738,2997,3552,555,128,80,165,800,1350,2186,3901,4658,3336,2341,239,324,476,626,724,921,1265,1626,2275,2430,2228,1708,1628,1573,768,227,12,3680,245,0
Turkmenistan,2020,23676,2900,3436,536,133,81,153,764,1347,2166,4019,5241,3557,2507,265,305,459,618,729,916,1250,1669,2350,2738,2503,2012,1545,1672,835,249,16,3569,234,0
Turkmenistan,2021,23356,2802,3317,515,138,84,144,733,1345,2153,3866,5264,3613,2432,265,288,445,605,740,911,1242,1664,2202,2736,2528,2171,1442,1608,824,245,20,3455,228,0
Turks and Caicos Islands,1950,49,17,24,7,1,0,0,0,0,0,0,0,8,2,0,0,0,0,0,0,0,0,0,0,0,3,5,2,0,0,0,25,0,0
Turks and Caicos Islands,1951,49,17,24,7,1,0,0,0,0,0,0,0,7,3,0,0,0,0,0,0,0,0,0,0,0,2,5,3,0,0,0,25,0,0
Turks and Caicos Islands,1952,47,16,23,7,1,0,0,0,0,0,0,0,6,4,0,0,0,0,0,0,0,0,0,0,0,1,5,4,0,0,0,24,0,0
Turks and Caicos Islands,1953,45,16,23,7,1,0,0,0,0,0,0,0,5,3,0,0,0,0,0,0,0,0,0,0,0,0,5,3,0,0,0,24,0,0
Turks and Caicos Islands,1954,43,15,21,6,1,0,0,0,0,0,0,0,7,1,0,0,0,0,0,0,0,0,0,0,0,3,4,1,0,0,0,22,0,0
Turks and Caicos Islands,1955,42,15,21,6,0,0,0,0,0,0,0,0,4,1,0,0,0,0,0,0,0,0,0,0,0,3,1,1,0,0,0,21,0,0
Turks and Caicos Islands,1956,41,14,20,6,1,0,0,0,0,0,0,0,3,2,0,0,0,0,0,0,0,0,0,0,0,3,0,2,0,0,0,21,0,0
Turks and Caicos Islands,1957,40,13,18,5,0,0,0,0,0,0,0,0,3,0,0,0,0,0,0,0,0,0,0,0,0,2,1,0,0,0,0,18,0,0
Turks and Caicos Islands,1958,38,13,18,5,0,0,0,0,0,0,0,0,2,0,0,0,0,0,0,0,0,0,0,0,0,0,2,0,0,0,0,18,0,0
Turks and Caicos Islands,1959,37,12,17,5,0,0,0,0,0,0,0,0,1,0,0,0,0,0,0,0,0,0,0,0,0,0,1,0,0,0,0,17,0,0
Turks and Caicos Islands,1960,37,12,17,5,0,0,0,0,0,0,0,0,0,0,0,0,0,0,0,0,0,0,0,0,0,0,0,0,0,0,0,17,0,0
Turks and Caicos Islands,1961,37,12,17,5,0,0,0,0,0,0,0,0,0,0,0,0,0,0,0,0,0,0,0,0,0,0,0,0,0,0,0,17,0,0
Turks and Caicos Islands,1962,36,12,17,5,0,0,0,0,0,0,0,0,0,0,0,0,0,0,0,0,0,0,0,0,0,0,0,0,0,0,0,17,0,0
Turks and Caicos Islands,1963,34,11,15,4,0,0,0,0,0,0,0,0,0,0,0,0,0,0,0,0,0,0,0,0,0,0,0,0,0,0,0,15,0,0
Turks and Caicos Islands,1964,31,10,13,3,0,0,0,0,0,0,0,0,0,0,0,0,0,0,0,0,0,0,0,0,0,0,0,0,0,0,0,13,0,0
Turks and Caicos Islands,1965,31,9,12,3,0,0,0,0,0,0,0,0,0,0,0,0,0,0,0,0,0,0,0,0,0,0,0,0,0,0,0,12,0,0
Turks and Caicos Islands,1966,31,9,12,3,0,0,0,0,0,0,0,0,0,0,0,0,0,0,0,0,0,0,0,0,0,0,0,0,0,0,0,12,0,0
Turks and Caicos Islands,1967,32,9,12,3,0,0,0,0,0,0,0,0,0,0,0,0,0,0,0,0,0,0,0,0,0,0,0,0,0,0,0,12,0,0
Turks and Caicos Islands,1968,34,9,12,3,0,0,0,0,0,0,0,0,0,0,0,0,0,0,0,0,0,0,0,0,0,0,0,0,0,0,0,12,0,0
Turks and Caicos Islands,1969,36,9,13,4,0,0,0,0,0,0,0,3,0,0,0,0,0,0,0,0,0,0,0,3,0,0,0,0,0,0,0,13,0,0
Turks and Caicos Islands,1970,36,9,13,4,0,0,0,0,0,0,0,4,0,0,0,0,0,0,0,0,0,0,0,4,0,0,0,0,0,0,0,13,0,0
Turks and Caicos Islands,1971,36,8,12,4,0,0,0,0,0,0,0,6,0,0,0,0,0,0,0,0,0,0,0,5,1,0,0,0,0,0,0,12,0,0
Turks and Caicos Islands,1972,35,7,10,3,0,0,0,0,0,0,2,8,0,0,0,0,0,0,0,0,0,0,2,5,3,0,0,0,0,0,0,10,0,0
Turks and Caicos Islands,1973,32,6,8,2,0,0,0,0,0,0,1,9,0,0,0,0,0,0,0,0,0,0,1,5,4,0,0,0,0,0,0,8,0,0
Turks and Caicos Islands,1974,27,4,4,0,0,0,0,0,0,0,0,9,0,0,0,0,0,0,0,0,0,0,0,5,4,0,0,0,0,0,0,4,0,0
Turks and Caicos Islands,1975,22,3,3,0,0,0,0,0,0,0,0,6,0,0,0,0,0,0,0,0,0,0,0,1,5,0,0,0,0,0,0,3,0,0
Turks and Caicos Islands,1976,20,2,2,0,0,0,0,0,0,0,0,3,1,0,0,0,0,0,0,0,0,0,0,0,3,1,0,0,0,0,0,2,0,0
Turks and Caicos Islands,1977,20,2,2,0,0,0,0,0,0,0,0,3,2,0,0,0,0,0,0,0,0,0,0,1,2,2,0,0,0,0,0,2,0,0
Turks and Caicos Islands,1978,22,2,2,0,0,0,0,0,0,0,0,7,3,0,0,0,0,0,0,0,0,0,0,2,5,3,0,0,0,0,0,2,0,0
Turks and Caicos Islands,1979,24,3,3,0,0,0,0,0,0,0,0,7,4,0,0,0,0,0,0,0,0,0,0,2,5,4,0,0,0,0,0,3,0,0
Turks and Caicos Islands,1980,26,3,3,0,0,0,0,0,0,0,1,8,5,0,0,0,0,0,0,0,0,0,1,3,5,5,0,0,0,0,0,3,0,0
Turks and Caicos Islands,1981,28,3,3,0,0,0,0,0,0,0,1,10,6,0,0,0,0,0,0,0,0,0,1,5,5,5,1,0,0,0,0,3,0,0
Turks and Caicos Islands,1982,29,3,3,0,0,0,0,0,0,0,0,10,7,0,0,0,0,0,0,0,0,0,0,5,5,5,2,0,0,0,0,3,0,0
Turks and Caicos Islands,1983,29,3,3,0,0,0,0,0,0,0,0,10,8,0,0,0,0,0,0,0,0,0,0,5,5,5,3,0,0,0,0,3,0,0
Turks and Caicos Islands,1984,29,3,3,0,0,0,0,0,0,0,0,10,9,0,0,0,0,0,0,0,0,0,0,5,5,5,4,0,0,0,0,3,0,0
Turks and Caicos Islands,1985,29,3,3,0,0,0,0,0,0,0,0,10,10,0,0,0,0,0,0,0,0,0,0,5,5,5,5,0,0,0,0,3,0,0
Turks and Caicos Islands,1986,30,2,2,0,0,0,0,0,0,0,0,9,10,0,0,0,0,0,0,0,0,0,0,4,5,5,5,0,0,0,0,2,0,0
Turks and Caicos Islands,1987,30,2,2,0,0,0,0,0,0,0,0,8,10,1,0,0,0,0,0,0,0,0,0,3,5,5,5,1,0,0,0,2,0,0
Turks and Caicos Islands,1988,31,2,2,0,0,0,0,0,0,0,0,7,10,2,0,0,0,0,0,0,0,0,0,2,5,5,5,2,0,0,0,2,0,0
Turks and Caicos Islands,1989,35,3,3,0,0,0,0,0,0,0,0,6,10,3,0,0,0,0,0,0,0,0,0,1,5,5,5,3,0,0,0,3,0,0
Turks and Caicos Islands,1990,41,4,4,0,0,0,0,0,0,3,7,6,10,4,0,0,0,0,0,0,3,5,2,1,5,5,5,4,0,0,0,4,0,0
Turks and Caicos Islands,1991,42,4,4,0,0,0,0,0,0,6,10,5,10,4,0,0,0,0,0,1,5,5,5,0,5,5,5,4,0,0,0,4,0,0
Turks and Caicos Islands,1992,42,3,3,0,0,0,0,0,0,5,10,6,10,4,0,0,0,0,0,0,5,5,5,2,4,5,5,4,0,0,0,3,0,0
Turks and Caicos Islands,1993,43,4,4,0,0,0,0,0,0,4,10,7,10,4,0,0,0,0,0,0,4,5,5,4,3,5,5,4,0,0,0,4,0,0
Turks and Caicos Islands,1994,47,5,5,0,0,0,0,0,0,4,10,8,10,4,0,0,0,0,0,0,4,5,5,5,3,5,5,4,0,0,0,5,0,0
Turks and Caicos Islands,1995,51,7,8,1,0,0,0,0,0,3,10,8,10,5,0,0,0,0,0,0,3,5,5,5,3,5,5,5,0,0,0,8,0,0
Turks and Caicos Islands,1996,44,4,4,0,0,0,0,0,0,1,10,8,10,5,0,0,0,0,0,0,1,5,5,5,3,5,5,5,0,0,0,4,0,0
Turks and Caicos Islands,1997,41,3,3,0,0,0,0,0,0,0,6,9,10,6,0,0,0,0,0,0,0,2,4,5,4,5,5,5,1,0,0,3,0,0
Turks and Caicos Islands,1998,38,2,2,0,0,0,0,0,0,0,7,8,9,7,0,0,0,0,0,0,0,2,5,3,5,4,5,5,2,0,0,2,0,0
Turks and Caicos Islands,1999,41,3,3,0,0,0,0,0,0,0,7,8,10,8,0,0,0,0,0,0,0,3,4,3,5,5,5,5,3,0,0,3,0,0
Turks and Caicos Islands,2000,47,4,4,0,0,0,0,0,0,0,7,10,10,9,0,0,0,0,0,0,0,2,5,5,5,5,5,5,4,0,0,4,0,0
Turks and Caicos Islands,2001,48,4,4,0,0,0,0,0,0,0,7,10,10,10,0,0,0,0,0,0,0,2,5,5,5,5,5,5,5,0,0,4,0,0
Turks and Caicos Islands,2002,49,3,3,0,0,0,0,0,0,0,10,10,10,10,1,0,0,0,0,0,0,5,5,5,5,5,5,5,5,1,0,3,0,0
Turks and Caicos Islands,2003,53,4,4,0,0,0,0,0,0,1,10,10,10,10,2,0,0,0,0,0,1,5,5,5,5,5,5,5,5,2,0,4,0,0
Turks and Caicos Islands,2004,53,3,3,0,0,0,0,0,0,1,10,10,10,10,3,0,0,0,0,0,1,5,5,5,5,5,5,5,5,3,0,3,0,0
Turks and Caicos Islands,2005,56,2,2,0,0,0,0,0,0,3,10,10,12,10,3,0,0,0,0,0,3,5,5,5,5,7,5,5,5,3,0,2,0,0
Turks and Caicos Islands,2006,62,3,3,0,0,0,0,0,0,5,10,10,16,11,4,0,0,0,0,0,5,5,5,5,5,7,9,6,5,4,0,3,0,0
Turks and Caicos Islands,2007,70,4,4,0,0,0,0,0,0,6,10,10,17,17,4,0,0,0,0,1,5,5,5,5,5,7,10,10,7,4,0,4,0,0
Turks and Caicos Islands,2008,72,2,2,0,0,0,0,0,0,6,10,10,17,16,3,0,0,0,0,1,5,5,5,5,5,7,10,10,6,3,0,2,0,0
Turks and Caicos Islands,2009,77,2,2,0,0,0,0,0,0,6,10,10,17,19,3,0,0,0,0,1,5,5,5,5,5,6,11,10,9,3,0,2,0,0
Turks and Caicos Islands,2010,92,3,3,0,0,0,0,0,0,9,10,16,22,23,4,0,0,0,0,4,5,5,5,7,9,8,14,13,10,4,0,3,0,0
Turks and Caicos Islands,2011,102,3,3,0,0,0,0,0,0,9,11,20,25,27,6,0,0,0,0,4,5,5,6,10,10,10,15,16,11,6,0,3,0,0
Turks and Caicos Islands,2012,104,2,2,0,0,0,0,0,0,9,11,20,24,30,8,0,0,0,0,4,5,5,6,10,10,10,14,17,13,7,1,2,0,0
Turks and Caicos Islands,2013,114,2,2,0,0,0,0,0,0,10,11,20,24,33,10,0,0,0,0,5,5,5,6,10,10,10,14,19,14,8,2,2,0,0
Turks and Caicos Islands,2014,126,2,2,0,0,0,0,0,1,10,17,20,24,36,10,0,0,0,1,5,5,7,10,10,10,10,14,21,15,8,2,2,0,0
Turks and Caicos Islands,2015,136,2,2,0,0,0,0,0,1,10,17,22,29,40,10,0,0,0,1,5,5,7,10,10,12,14,15,23,17,8,2,2,0,0
Turks and Caicos Islands,2016,150,2,2,0,0,0,0,0,3,10,17,27,31,42,12,0,0,0,3,5,5,7,10,12,15,15,16,23,19,10,2,2,0,0
Turks and Caicos Islands,2017,163,2,2,0,0,0,0,0,4,10,18,27,36,44,13,0,0,0,4,5,5,8,10,12,15,16,20,23,21,11,2,2,0,0
Turks and Caicos Islands,2018,174,2,2,0,0,0,0,0,4,11,24,30,39,45,13,0,0,0,4,5,6,10,14,15,15,19,20,23,22,11,2,2,0,0
Turks and Caicos Islands,2019,201,4,4,0,0,0,0,0,5,12,24,35,47,53,15,0,0,0,5,5,7,10,14,15,20,22,25,26,27,12,3,4,0,0
Turks and Caicos Islands,2020,219,4,4,0,0,0,0,0,5,12,25,43,53,58,17,0,0,0,5,5,7,10,15,20,23,25,28,29,29,14,3,4,0,0
Turks and Caicos Islands,2021,233,4,4,0,0,0,0,0,5,13,30,43,56,59,17,0,0,0,5,5,8,13,17,20,23,26,30,30,29,14,3,4,0,0
Tuvalu,1950,64,19,25,6,0,0,0,10,5,0,0,2,4,4,0,5,5,5,0,0,0,0,0,0,2,4,0,4,0,0,0,25,0,0
Tuvalu,1951,65,19,27,8,0,0,0,9,5,0,0,2,2,1,0,4,5,5,0,0,0,0,0,0,2,2,0,1,0,0,0,27,0,0
Tuvalu,1952,65,19,28,9,0,0,0,9,5,0,0,2,1,0,0,4,5,5,0,0,0,0,0,0,2,1,0,0,0,0,0,28,0,0
Tuvalu,1953,64,19,29,10,0,0,0,8,5,0,0,2,0,0,0,3,5,5,0,0,0,0,0,0,2,0,0,0,0,0,0,29,0,0
Tuvalu,1954,63,18,27,9,1,0,0,7,6,0,0,1,1,0,0,2,5,5,1,0,0,0,0,0,1,1,0,0,0,0,0,28,0,0
Tuvalu,1955,61,17,25,8,2,0,0,5,7,0,0,0,2,0,0,0,5,5,2,0,0,0,0,0,0,2,0,0,0,0,0,27,0,0
Tuvalu,1956,59,16,24,8,2,0,0,4,8,0,0,0,2,0,0,0,4,5,3,0,0,0,0,0,0,2,0,0,0,0,0,26,0,0
Tuvalu,1957,57,15,22,7,2,0,0,2,9,0,0,0,2,0,0,0,2,5,4,0,0,0,0,0,0,2,0,0,0,0,0,24,0,0
Tuvalu,1958,55,14,21,7,2,0,0,0,10,0,0,5,1,0,0,0,0,5,5,0,0,0,0,5,0,1,0,0,0,0,0,23,0,0
Tuvalu,1959,53,13,19,6,2,0,0,0,9,0,5,6,0,0,0,0,0,4,5,0,0,0,5,5,1,0,0,0,0,0,0,21,0,0
Tuvalu,1960,51,12,18,6,2,0,0,0,8,1,5,7,0,0,0,0,0,3,5,1,0,0,5,5,2,0,0,0,0,0,0,20,0,0
Tuvalu,1961,50,11,16,5,2,0,0,0,7,2,6,9,0,0,0,0,0,2,5,2,0,1,5,5,4,0,0,0,0,0,0,18,0,0
Tuvalu,1962,50,10,15,5,1,0,0,0,6,4,9,10,5,0,0,0,0,1,5,4,0,4,5,5,5,1,4,0,0,0,0,16,0,0
Tuvalu,1963,51,9,13,4,1,0,0,0,5,7,10,10,10,8,0,0,0,0,5,5,2,5,5,5,5,5,5,5,3,0,0,14,0,0
Tuvalu,1964,52,8,12,4,1,0,0,0,4,10,10,10,10,9,0,0,0,0,4,5,5,5,5,5,5,5,5,5,4,0,0,13,0,0
Tuvalu,1965,50,7,11,4,0,0,0,0,1,7,10,10,10,9,0,0,0,0,1,5,2,5,5,5,5,5,5,5,4,0,0,11,0,0
Tuvalu,1966,47,7,11,4,0,0,0,0,0,3,4,10,10,6,0,0,0,0,0,3,0,0,4,5,5,5,5,5,1,0,0,11,0,0
Tuvalu,1967,45,7,11,4,0,0,0,0,0,0,1,10,10,4,0,0,0,0,0,0,0,0,1,5,5,5,5,4,0,0,0,11,0,0
Tuvalu,1968,43,8,12,4,0,0,0,0,0,0,0,9,10,2,0,0,0,0,0,0,0,0,0,4,5,5,5,2,0,0,0,12,0,0
Tuvalu,1969,41,8,12,4,0,0,0,0,0,0,0,6,10,0,0,0,0,0,0,0,0,0,0,1,5,5,5,0,0,0,0,12,0,0
Tuvalu,1970,39,7,10,3,0,0,0,0,0,0,0,5,9,0,0,0,0,0,0,0,0,0,0,0,5,5,4,0,0,0,0,10,0,0
Tuvalu,1971,38,7,10,3,0,0,0,0,0,0,0,4,9,0,0,0,0,0,0,0,0,0,0,0,4,5,4,0,0,0,0,10,0,0
Tuvalu,1972,40,7,11,4,0,0,0,0,0,0,0,5,9,0,0,0,0,0,0,0,0,0,0,0,5,5,4,0,0,0,0,11,0,0
Tuvalu,1973,36,6,8,2,0,0,0,0,0,0,0,3,10,0,0,0,0,0,0,0,0,0,0,0,3,5,5,0,0,0,0,8,0,0
Tuvalu,1974,35,6,7,1,0,0,0,0,0,0,0,4,10,0,0,0,0,0,0,0,0,0,0,0,4,5,5,0,0,0,0,7,0,0
Tuvalu,1975,35,6,7,1,0,0,0,0,0,0,4,4,10,1,0,0,0,0,0,0,0,0,4,1,3,5,5,1,0,0,0,7,0,0
Tuvalu,1976,36,6,7,1,0,0,0,0,0,0,5,4,10,1,0,0,0,0,0,0,0,0,5,1,3,5,5,1,0,0,0,7,0,0
Tuvalu,1977,37,6,7,1,0,0,0,0,0,0,7,6,9,2,0,0,0,0,0,0,0,2,5,3,3,5,4,2,0,0,0,7,0,0
Tuvalu,1978,38,6,7,1,0,0,0,0,0,0,8,7,8,1,0,0,0,0,0,0,0,3,5,5,2,5,3,1,0,0,0,7,0,0
Tuvalu,1979,39,6,7,1,0,0,0,0,0,0,8,9,6,0,0,0,0,0,0,0,0,3,5,5,4,4,2,0,0,0,0,7,0,0
Tuvalu,1980,39,6,7,1,0,0,0,0,0,0,10,10,6,0,0,0,0,0,0,0,0,5,5,5,5,3,3,0,0,0,0,7,0,0
Tuvalu,1981,40,7,8,1,0,0,0,0,0,0,10,10,4,0,0,0,0,0,0,0,0,5,5,5,5,3,1,0,0,0,0,8,0,0
Tuvalu,1982,41,7,8,1,0,0,0,0,0,0,9,10,5,0,0,0,0,0,0,0,0,4,5,5,5,3,2,0,0,0,0,8,0,0
Tuvalu,1983,42,7,8,1,0,0,0,0,0,0,9,10,4,0,0,0,0,0,0,0,0,4,5,5,5,3,1,0,0,0,0,8,0,0
Tuvalu,1984,43,7,8,1,0,0,0,0,0,0,8,10,4,0,0,0,0,0,0,0,0,3,5,5,5,4,0,0,0,0,0,8,0,0
Tuvalu,1985,45,7,8,1,0,0,0,0,0,0,7,10,5,0,0,0,0,0,0,0,0,2,5,5,5,5,0,0,0,0,0,8,0,0
Tuvalu,1986,46,7,8,1,0,0,0,0,0,0,8,10,6,0,0,0,0,0,0,0,0,3,5,5,5,5,1,0,0,0,0,8,0,0
Tuvalu,1987,47,7,8,1,0,0,0,0,0,0,8,10,7,0,0,0,0,0,0,0,0,3,5,5,5,5,2,0,0,0,0,8,0,0
Tuvalu,1988,48,7,8,1,0,0,0,0,0,0,7,10,7,0,0,0,0,0,0,0,0,2,5,5,5,5,2,0,0,0,0,8,0,0
Tuvalu,1989,49,7,8,1,0,0,0,0,0,1,6,10,7,0,0,0,0,0,0,0,1,1,5,5,5,5,2,0,0,0,0,8,0,0
Tuvalu,1990,49,7,8,1,0,0,0,0,0,0,8,10,7,0,0,0,0,0,0,0,0,3,5,5,5,5,2,0,0,0,0,8,0,0
Tuvalu,1991,50,7,8,1,0,0,0,0,0,0,10,10,7,0,0,0,0,0,0,0,0,5,5,5,5,5,2,0,0,0,0,8,0,0
Tuvalu,1992,53,7,10,3,0,0,0,0,0,0,9,10,8,0,0,0,0,0,0,0,0,4,5,5,5,5,3,0,0,0,0,10,0,0
Tuvalu,1993,49,7,8,1,0,0,0,0,0,0,8,10,8,0,0,0,0,0,0,0,0,3,5,5,5,5,3,0,0,0,0,8,0,0
Tuvalu,1994,48,6,7,1,0,0,0,0,0,0,7,10,9,0,0,0,0,0,0,0,0,2,5,5,5,5,4,0,0,0,0,7,0,0
Tuvalu,1995,48,6,6,0,0,0,0,0,0,0,6,10,10,0,0,0,0,0,0,0,0,1,5,5,5,5,5,0,0,0,0,6,0,0
Tuvalu,1996,48,6,6,0,0,0,0,0,0,0,6,10,10,0,0,0,0,0,0,0,0,1,5,5,5,5,5,0,0,0,0,6,0,0
Tuvalu,1997,48,6,6,0,0,0,0,0,0,1,6,10,10,1,0,0,0,0,0,0,1,1,5,5,5,5,5,1,0,0,0,6,0,0
Tuvalu,1998,49,5,5,0,0,0,0,0,0,3,6,10,10,2,0,0,0,0,0,0,3,1,5,5,5,5,5,2,0,0,0,5,0,0
Tuvalu,1999,49,5,5,0,0,0,0,0,0,3,8,10,10,3,0,0,0,0,0,0,3,3,5,5,5,5,5,3,0,0,0,5,0,0
Tuvalu,2000,49,5,5,0,0,0,0,0,0,3,9,10,10,3,0,0,0,0,0,0,3,4,5,5,5,5,5,3,0,0,0,5,0,0
Tuvalu,2001,50,5,5,0,0,0,0,0,0,4,10,10,10,4,0,0,0,0,0,0,4,5,5,5,5,5,5,4,0,0,0,5,0,0
Tuvalu,2002,50,4,4,0,0,0,0,0,0,8,10,10,10,5,0,0,0,0,0,3,5,5,5,5,5,5,5,5,0,0,0,4,0,0
Tuvalu,2003,50,4,4,0,0,0,0,0,0,9,10,10,10,5,0,0,0,0,0,4,5,5,5,5,5,5,5,5,0,0,0,4,0,0
Tuvalu,2004,51,4,4,0,0,0,0,0,0,10,10,10,10,5,0,0,0,0,0,5,5,5,5,5,5,5,5,5,0,0,0,4,0,0
Tuvalu,2005,52,4,4,0,0,0,0,0,0,10,10,10,10,6,0,0,0,0,0,5,5,5,5,5,5,5,5,5,1,0,0,4,0,0
Tuvalu,2006,53,4,4,0,0,0,0,0,0,10,10,10,10,6,0,0,0,0,0,5,5,5,5,5,5,5,5,5,1,0,0,4,0,0
Tuvalu,2007,55,4,4,0,0,0,0,0,0,10,10,10,10,6,0,0,0,0,0,5,5,5,5,5,5,5,5,5,1,0,0,4,0,0
Tuvalu,2008,56,4,4,0,0,0,0,0,0,10,10,10,10,6,0,0,0,0,0,5,5,5,5,5,5,5,5,5,1,0,0,4,0,0
Tuvalu,2009,58,4,4,0,0,0,0,0,0,10,10,10,10,4,0,0,0,0,0,5,5,5,5,5,5,5,5,4,0,0,0,4,0,0
Tuvalu,2010,59,3,3,0,0,0,0,0,0,10,10,10,10,5,0,0,0,0,0,5,5,5,5,5,5,5,5,5,0,0,0,3,0,0
Tuvalu,2011,60,3,3,0,0,0,0,0,0,10,10,10,10,5,0,0,0,0,0,5,5,5,5,5,5,5,5,5,0,0,0,3,0,0
Tuvalu,2012,62,3,3,0,0,0,0,0,0,10,10,10,10,6,0,0,0,0,0,5,5,5,5,5,5,5,5,5,1,0,0,3,0,0
Tuvalu,2013,63,3,3,0,0,0,0,0,0,9,10,10,10,6,0,0,0,0,0,4,5,5,5,5,5,5,5,5,1,0,0,3,0,0
Tuvalu,2014,64,3,3,0,0,0,0,0,0,9,10,10,10,6,0,0,0,0,0,4,5,5,5,5,5,5,5,5,1,0,0,3,0,0
Tuvalu,2015,65,3,3,0,0,0,0,0,0,8,11,12,10,6,0,0,0,0,0,3,5,5,6,7,5,5,5,5,1,0,0,3,0,0
Tuvalu,2016,65,3,3,0,0,0,0,0,0,9,10,13,10,6,0,0,0,0,0,4,5,5,5,8,5,5,5,5,1,0,0,3,0,0
Tuvalu,2017,66,3,3,0,0,0,0,0,0,9,10,13,10,5,0,0,0,0,0,4,5,5,5,8,5,5,5,4,1,0,0,3,0,0
Tuvalu,2018,66,3,3,0,0,0,0,1,1,8,12,14,10,4,0,0,1,1,0,3,5,6,6,9,5,5,5,4,0,0,0,3,0,0
Tuvalu,2019,67,3,3,0,0,0,0,2,4,10,14,15,10,5,0,0,2,2,2,5,5,6,8,9,6,5,5,5,0,0,0,3,0,0
Tuvalu,2020,68,3,3,0,0,0,0,2,9,10,15,17,10,4,0,0,2,5,4,5,5,5,10,10,7,5,5,4,0,0,0,3,0,0
Tuvalu,2021,68,3,3,0,0,0,0,1,10,10,14,18,10,5,0,0,1,5,5,5,5,5,9,10,8,5,5,5,0,0,0,3,0,0
Uganda,1950,79466,23811,41309,17498,3487,1754,1985,5703,5950,5111,3806,3647,3979,2322,403,2771,2932,2974,2976,2725,2386,2161,1645,1673,1974,2087,1892,1457,865,328,75,44796,3739,10
Uganda,1951,80543,23885,42183,18298,3595,1744,1957,5668,5954,5216,3994,3557,3940,2320,400,2747,2921,2964,2990,2771,2445,2219,1775,1632,1925,2056,1884,1456,864,326,74,45778,3701,10
Uganda,1952,81005,23983,42405,18422,3698,1727,1920,5623,5972,5341,4199,3495,3899,2316,400,2712,2911,2963,3009,2826,2515,2285,1914,1617,1878,2023,1876,1453,863,326,74,46103,3647,10
Uganda,1953,81496,24081,42533,18452,3849,1714,1878,5553,5995,5485,4427,3485,3858,2310,398,2663,2890,2962,3033,2887,2598,2367,2060,1644,1841,1994,1864,1450,860,324,74,46382,3592,10
Uganda,1954,82012,24211,42638,18427,4055,1724,1853,5505,6011,5597,4604,3512,3806,2302,397,2626,2879,2965,3046,2930,2667,2440,2164,1717,1795,1957,1849,1447,855,323,74,46693,3577,10
Uganda,1955,82228,24293,42662,18369,4222,1741,1823,5414,5967,5653,4720,3579,3745,2292,395,2573,2841,2939,3028,2941,2712,2493,2227,1837,1742,1917,1828,1441,851,322,73,46884,3564,10
Uganda,1956,82340,24395,42724,18329,4323,1773,1799,5300,5891,5672,4821,3675,3680,2282,391,2512,2788,2899,2992,2931,2741,2545,2276,1976,1699,1874,1806,1436,846,318,73,47047,3572,10
Uganda,1957,82415,24503,42788,18285,4393,1823,1778,5174,5803,5670,4912,3796,3613,2268,389,2448,2726,2853,2950,2911,2759,2589,2323,2116,1680,1832,1781,1427,841,317,72,47181,3601,9
Uganda,1958,82084,24624,42857,18233,4420,1885,1755,5002,5623,5559,4921,3890,3527,2251,385,2370,2632,2764,2859,2834,2725,2588,2333,2217,1673,1777,1750,1416,835,313,72,47277,3640,9
Uganda,1959,81626,24801,43010,18209,4413,1963,1726,4760,5357,5390,4917,4015,3452,2234,383,2267,2493,2628,2729,2727,2663,2572,2345,2284,1731,1729,1723,1405,829,312,71,47423,3689,9
Uganda,1960,81235,24962,43210,18248,4410,2037,1720,4544,5102,5202,4891,4144,3372,2214,376,2182,2362,2499,2603,2614,2588,2544,2347,2308,1836,1680,1692,1391,823,307,69,47620,3757,9
Uganda,1961,80903,25157,43410,18253,4407,2088,1728,4353,4866,5020,4869,4286,3303,2188,374,2109,2244,2378,2488,2507,2513,2518,2351,2324,1962,1640,1663,1373,815,305,69,47817,3816,9
Uganda,1962,80942,25421,43673,18252,4410,2132,1763,4206,4682,4900,4894,4473,3270,2160,369,2059,2147,2279,2403,2435,2465,2514,2380,2367,2106,1635,1635,1354,806,301,68,48083,3895,9
Uganda,1963,81536,25729,44023,18294,4423,2166,1838,4145,4608,4878,4981,4693,3278,2130,364,2047,2098,2233,2375,2417,2461,2544,2437,2434,2259,1667,1611,1335,795,298,66,48446,4004,9
Uganda,1964,82456,26133,44517,18384,4443,2184,1940,4118,4547,4883,5094,4909,3355,2100,357,2057,2061,2192,2355,2412,2471,2585,2509,2517,2392,1767,1588,1316,784,292,65,48960,4124,9
Uganda,1965,84000,26638,45171,18533,4478,2209,2061,4185,4582,4977,5270,5140,3501,2070,349,2115,2070,2198,2384,2455,2522,2661,2609,2632,2508,1933,1568,1298,772,287,62,49649,4270,8
Uganda,1966,86304,27292,46106,18814,4547,2262,2219,4402,4679,5115,5477,5401,3703,2043,344,2262,2140,2239,2440,2522,2593,2750,2727,2764,2637,2140,1563,1283,760,283,61,50653,4481,7
Uganda,1967,86955,27836,46757,18921,4526,2253,2242,4325,4518,5047,5509,5547,3886,2002,334,2260,2065,2149,2369,2483,2564,2746,2763,2830,2717,2320,1566,1259,743,276,58,51283,4495,7
Uganda,1968,89012,28560,47801,19241,4576,2282,2314,4482,4531,5128,5664,5791,4132,1969,328,2391,2091,2149,2382,2518,2610,2808,2856,2951,2840,2520,1612,1239,730,272,56,52377,4596,6
Uganda,1969,91016,29219,48884,19665,4643,2313,2357,4671,4511,5168,5776,6017,4405,1937,323,2546,2125,2139,2372,2531,2637,2847,2929,3059,2958,2684,1721,1221,716,267,56,53527,4670,6
Uganda,1970,93648,30036,50264,20228,4759,2364,2411,4924,4540,5261,5925,6279,4707,1902,310,2726,2198,2155,2385,2570,2691,2910,3015,3184,3095,2820,1887,1201,701,258,52,55023,4775,5
Uganda,1971,108390,32091,54630,22539,5522,2762,3368,7687,5978,6471,7033,7292,5409,1934,297,4355,3332,2921,3057,3190,3281,3462,3571,3719,3573,3197,2212,1234,700,251,46,60152,6130,3
Uganda,1972,111118,33011,56318,23307,5716,2829,3441,7991,5931,6464,7095,7494,5681,1890,270,4533,3458,2915,3016,3172,3292,3482,3613,3808,3686,3301,2380,1220,670,235,35,62034,6270,2
Uganda,1973,111984,33121,56756,23635,6594,3752,3698,7434,5726,6244,6783,7258,5699,1816,225,4130,3304,2793,2933,3067,3177,3341,3442,3666,3592,3253,2446,1196,620,204,21,63350,7450,1
Uganda,1974,117691,35104,60394,25290,6279,3045,3607,8532,5848,6451,7257,7945,6228,1894,205,4716,3816,2913,2935,3129,3322,3547,3710,3999,3946,3548,2680,1293,601,189,16,66673,6652,1
Uganda,1975,120194,35791,61689,25898,7252,4022,3920,8119,5808,6282,6999,7737,6223,1947,191,4350,3769,2899,2909,3050,3232,3439,3560,3867,3870,3527,2696,1376,571,177,14,68941,7942,1
Uganda,1976,125226,37438,64697,27259,7623,4190,4053,8519,5943,6314,7128,7993,6511,2073,181,4509,4010,3018,2925,3049,3265,3500,3628,3971,4022,3690,2821,1512,561,169,12,72320,8243,1
Uganda,1977,130339,39033,67671,28638,7985,4370,4195,8924,6140,6347,7263,8248,6807,2210,177,4682,4242,3185,2955,3051,3296,3562,3701,4074,4174,3859,2948,1649,561,165,12,75656,8565,1
Uganda,1978,137671,41281,71693,30412,7623,3691,4240,10555,6707,6601,7746,8898,7345,2395,172,5593,4962,3624,3083,3154,3447,3778,3968,4378,4520,4177,3168,1810,585,161,11,79316,7931,0
Uganda,1979,142181,42807,74360,31553,7907,3866,4373,10834,7031,6581,7825,9082,7617,2537,167,5743,5091,3896,3135,3141,3440,3807,4018,4446,4636,4327,3290,1908,629,156,11,82267,8239,0
Uganda,1980,158757,45885,79814,33929,8511,4287,5389,14723,9156,7520,8613,9740,8161,2701,141,7883,6840,5290,3866,3639,3881,4209,4404,4778,4962,4640,3521,2017,684,134,7,88325,9676,0
Uganda,1981,160132,46393,80498,34105,8587,4383,5475,14736,9383,7380,8600,9824,8357,2790,115,7891,6845,5462,3921,3575,3805,4184,4416,4804,5020,4746,3611,2060,730,112,3,89085,9858,0
Uganda,1982,163372,44855,77546,32691,8328,4353,6243,17101,10790,7874,9098,10287,8724,2913,111,9189,7912,6311,4479,3852,4022,4419,4679,5040,5247,4959,3765,2132,781,108,3,85874,10596,0
Uganda,1983,164505,44990,77300,32310,8250,4386,6374,17303,11263,7891,9174,10446,8964,3029,119,9287,8016,6505,4758,3886,4005,4435,4739,5113,5333,5084,3880,2197,832,115,4,85550,10760,0
Uganda,1984,166406,45344,77245,31901,8169,4413,6534,17640,11869,8034,9309,10671,9232,3147,137,9452,8188,6692,5177,3997,4037,4480,4829,5223,5448,5222,4010,2273,874,134,3,85414,10947,0
Uganda,1985,159353,45294,75672,30378,7580,4133,5863,15714,11319,7622,8794,10272,9019,3188,170,8355,7359,6196,5123,3841,3781,4210,4584,5023,5249,5067,3952,2286,902,165,5,83252,9996,0
Uganda,1986,163856,46643,77534,30891,7651,4208,6057,16256,12000,7923,8931,10520,9277,3306,191,8640,7616,6462,5538,4069,3854,4258,4673,5152,5368,5193,4084,2371,935,186,5,85185,10265,0
Uganda,1987,156905,48072,79755,31683,7766,4203,4836,11606,10098,7263,8322,10236,9221,3379,215,6000,5606,5196,4902,3765,3498,3931,4391,4989,5247,5128,4093,2415,964,208,7,87521,9039,0
Uganda,1988,160830,49408,81990,32582,7912,4267,4882,11792,10469,7597,8336,10387,9439,3519,238,6078,5714,5342,5127,4046,3551,3926,4410,5060,5327,5223,4216,2513,1006,228,10,89902,9149,0
Uganda,1989,166123,50545,83918,33373,8088,4355,5056,12556,11176,8237,8485,10639,9682,3670,257,6453,6103,5708,5468,4521,3716,3999,4486,5186,5453,5339,4343,2617,1053,244,13,92006,9411,0
Uganda,1990,169499,51524,85386,33862,8248,4404,5093,12852,11545,8748,8487,10764,9873,3818,279,6566,6286,5899,5646,4901,3847,4007,4480,5236,5528,5422,4451,2718,1100,261,18,93634,9497,0
Uganda,1991,173726,52052,85982,33930,8352,4436,5268,13855,12415,9510,8628,10966,10063,3961,298,7036,6819,6357,6058,5394,4116,4099,4529,5328,5638,5513,4550,2814,1147,274,24,94334,9704,0
Uganda,1992,177076,52817,86875,34058,8513,4487,5278,14211,13031,10206,8716,11103,10224,4107,326,7115,7096,6658,6373,5797,4409,4174,4542,5381,5722,5588,4636,2908,1199,293,33,95388,9765,1
Uganda,1993,181570,53664,87935,34271,8691,4558,5387,14977,13880,11028,8855,11237,10393,4260,363,7399,7578,7103,6777,6207,4821,4286,4569,5430,5807,5670,4723,3002,1258,316,47,96626,9945,3
Uganda,1994,186437,54527,89226,34699,8905,4659,5530,15807,14782,11860,9013,11322,10543,4396,388,7709,8098,7585,7197,6542,5318,4424,4589,5448,5874,5744,4799,3085,1311,334,54,98131,10189,6
Uganda,1995,190054,55736,91115,35379,9155,4776,5602,16190,15195,12297,9005,11200,10620,4503,393,7828,8362,7829,7366,6645,5652,4489,4516,5352,5848,5771,4849,3151,1352,344,49,100270,10378,5
Uganda,1996,192543,56095,92110,36015,9420,4940,5725,16554,15602,12712,9039,11049,10618,4478,293,7961,8593,8071,7531,6776,5936,4591,4448,5247,5802,5768,4850,3150,1328,285,8,101530,10665,3
Uganda,1997,194162,56605,92864,36259,9583,5062,5754,16582,15864,12968,9106,10832,10649,4573,323,7921,8661,8238,7626,6843,6125,4731,4375,5109,5723,5768,4881,3199,1374,310,13,102447,10816,1
Uganda,1998,195976,56534,92603,36069,9736,5220,5901,16937,16500,13433,9403,10700,10653,4583,304,8056,8881,8596,7904,7058,6375,5028,4375,5029,5671,5768,4885,3208,1375,291,13,102339,11121,1
Uganda,1999,195570,56473,91818,35345,9662,5245,5872,16721,16773,13589,9716,10476,10671,4676,351,7916,8805,8736,8037,7151,6438,5348,4368,4910,5566,5753,4918,3252,1424,329,22,101480,11117,1
Uganda,2000,194200,55912,90191,34279,9502,5230,5921,16723,16996,13653,10016,10216,10654,4732,365,7936,8787,8852,8144,7203,6450,5628,4388,4783,5433,5717,4937,3281,1451,345,20,99693,11151,0
Uganda,2001,191064,54912,87705,32793,9207,5158,5840,16206,17081,13781,10341,9991,10614,4763,377,7661,8545,8835,8246,7268,6513,5869,4472,4689,5302,5668,4946,3296,1467,354,23,96912,10998,1
Uganda,2002,187902,53557,84901,31344,8885,5068,5932,16244,17130,13769,10574,9708,10545,4775,369,7748,8496,8823,8307,7264,6505,6001,4573,4570,5138,5594,4951,3306,1469,349,20,93786,11000,1
Uganda,2003,182799,51850,81491,29641,8476,4921,5892,15797,16775,13591,10742,9439,10471,4814,389,7593,8204,8563,8212,7166,6425,6016,4726,4463,4976,5509,4962,3328,1486,366,23,89967,10813,1
Uganda,2004,174734,49844,77384,27540,7930,4683,5636,14684,15866,13153,10759,9144,10313,4802,380,7095,7589,7989,7877,6919,6234,5869,4890,4355,4789,5379,4934,3322,1480,358,22,85314,10319,1
Uganda,2005,166645,47722,73321,25599,7435,4456,5443,13800,14858,12592,10638,8850,10121,4774,356,6752,7048,7401,7457,6613,5979,5649,4989,4259,4591,5228,4893,3312,1462,341,15,80756,9899,0
Uganda,2006,160108,45658,69424,23766,6999,4261,5283,13164,14182,12347,10687,8732,9952,4742,335,6509,6655,6985,7197,6483,5864,5572,5115,4270,4462,5099,4853,3300,1442,322,13,76423,9544,0
Uganda,2007,155268,43727,65826,22099,6608,4078,5148,12811,13925,12457,10865,8743,9777,4707,314,6364,6447,6782,7143,6556,5901,5601,5264,4376,4367,4974,4803,3285,1422,306,8,72434,9226,1
Uganda,2008,152671,41924,62575,20651,6267,3924,5082,12876,14205,13020,11203,8926,9610,4679,306,6388,6488,6854,7351,6882,6138,5763,5440,4609,4317,4864,4746,3274,1405,297,9,68842,9006,1
Uganda,2009,150879,40560,59863,19303,5963,3789,5049,13031,14440,13584,11494,9262,9462,4646,293,6460,6571,6932,7508,7197,6387,5938,5556,4940,4322,4776,4686,3256,1390,286,7,65826,8838,0
Uganda,2010,148826,39139,57243,18104,5715,3685,5035,13152,14447,13972,11711,9643,9328,4610,282,6524,6628,6918,7529,7390,6582,6073,5638,5263,4380,4707,4621,3236,1374,274,8,62958,8720,0
Uganda,2011,144753,37699,54665,16966,5427,3543,4939,12905,13854,13822,11671,9904,9182,4568,270,6418,6487,6635,7219,7259,6563,6041,5630,5454,4450,4639,4543,3210,1358,263,7,60092,8482,0
Uganda,2012,141785,36001,51792,15791,5134,3421,4902,13065,13784,13992,11735,10150,9032,4518,261,6472,6593,6626,7158,7303,6689,6090,5645,5590,4560,4571,4461,3177,1341,254,7,56926,8323,0
Uganda,2013,137767,34388,49111,14723,4843,3276,4724,12643,13144,13840,11877,10615,8982,4464,250,6254,6389,6329,6815,7111,6729,6149,5728,5764,4851,4581,4401,3138,1326,245,5,53954,8000,0
Uganda,2014,133451,33051,46416,13365,4514,3127,4611,12344,12444,13443,11909,11027,8978,4401,241,6128,6216,6028,6416,6786,6657,6145,5764,5816,5211,4629,4349,3093,1308,236,5,50930,7738,0
Uganda,2015,131404,31960,44163,12203,4239,3008,4530,12265,12223,13436,12217,11578,9103,4381,256,6074,6191,5962,6261,6677,6759,6304,5913,5945,5633,4769,4334,3067,1314,252,4,48402,7538,0
Uganda,2016,131337,30809,41850,11041,3961,2895,4535,12572,12528,13852,12855,12297,9342,4367,277,6191,6381,6165,6363,6797,7055,6655,6200,6212,6085,4997,4345,3043,1324,271,6,45811,7430,0
Uganda,2017,130287,30226,40377,10151,3737,2780,4457,12396,12303,13651,13166,12821,9734,4456,400,6090,6306,6112,6191,6612,7039,6813,6353,6375,6446,5320,4414,3072,1384,345,55,44114,7237,12
Uganda,2018,130678,29767,39153,9386,3534,2684,4435,12446,12407,13700,13683,13382,10264,4499,466,6085,6361,6212,6195,6575,7125,7083,6600,6607,6775,5766,4498,3085,1414,387,79,42687,7119,21
Uganda,2019,132294,29332,38159,8827,3374,2616,4447,12651,12793,13973,14369,13928,10948,4514,498,6137,6514,6440,6353,6680,7293,7441,6928,6892,7036,6331,4617,3090,1424,408,90,41533,7063,25
Uganda,2020,137959,28889,37742,8853,3354,2616,4501,12996,13320,14313,15693,15552,12415,4841,583,6253,6743,6730,6590,6802,7511,8018,7675,7687,7865,7386,5029,3281,1560,464,119,41096,7117,33
Uganda,2021,144361,28432,37365,8933,3350,2621,4529,13161,13835,15389,17289,17177,13955,5063,587,6311,6850,6905,6930,7246,8143,8839,8450,8444,8733,8403,5552,3456,1607,472,115,40715,7150,32
Ukraine,1950,219531,26869,31639,4770,1813,2089,2745,9149,11075,20639,28000,41177,45305,22265,3620,5170,3979,3712,7363,9522,11117,12597,15403,19032,22145,23338,21967,14324,7941,2968,652,33452,4834,17
Ukraine,1951,216391,26632,32499,5867,1617,2034,2759,9520,10472,20723,27801,40046,43921,21617,3329,5137,4383,3629,6843,9517,11206,12652,15149,18599,21447,22672,21249,14191,7426,2750,579,34116,4793,53
Ukraine,1952,208934,25404,31778,6374,1497,1857,2910,9559,9686,20475,27068,38375,41760,20838,3052,4768,4791,3679,6007,9336,11139,12504,14564,17990,20385,21686,20074,13971,6867,2497,555,33275,4767,75
Ukraine,1953,200605,23408,29983,6575,1429,1611,3139,9450,8995,20011,26392,36788,39689,20189,2844,4259,5191,3836,5159,9089,10922,12380,14012,17311,19477,20729,18960,13745,6444,2312,532,31412,4750,83
Ukraine,1954,189514,21533,27785,6252,1500,1353,3246,9030,8431,19013,25363,34609,37176,19281,2646,3773,5257,4032,4399,8561,10452,12168,13195,16420,18189,19463,17713,13190,6091,2153,493,29285,4599,82
Ukraine,1955,183190,20154,26058,5904,1716,1162,3230,8895,8286,18254,24941,33366,35735,18882,2582,3609,5286,4308,3978,8029,10225,11919,13022,15812,17554,18689,17046,12853,6029,2094,488,27774,4392,82
Ukraine,1956,178171,18816,24380,5564,1920,1016,3119,8758,8483,17402,24727,32415,34683,18639,2546,3600,5158,4652,3831,7348,10054,11831,12896,15368,17047,18092,16591,12548,6091,2058,488,26300,4135,86
Ukraine,1957,178017,18493,23822,5329,2100,946,2924,8807,9177,16750,25180,32307,34496,18844,2567,3896,4911,5198,3979,6631,10119,12076,13104,15225,17082,17918,16578,12500,6344,2070,497,25922,3870,96
Ukraine,1958,169824,17412,22332,4920,2125,874,2495,8405,9565,15271,24374,30707,32878,18196,2501,4093,4312,5505,4060,5604,9667,11622,12752,14429,16278,17047,15831,11902,6294,2012,489,24457,3369,100
Ukraine,1959,158322,16422,20920,4498,2027,1096,2262,8058,9647,12937,22600,29149,31739,15300,2467,4169,3889,5379,4268,4499,8438,10642,11958,13657,15492,16744,14995,9875,5425,1800,667,22947,3358,116
Ukraine,1960,151292,15133,19323,4190,1859,1161,1838,7602,9714,11697,21563,27982,30312,15625,2491,4091,3511,5331,4383,4023,7674,10192,11371,13104,14878,15749,14563,10303,5322,1866,625,21182,2999,121
Ukraine,1961,155674,14360,18655,4295,1852,1300,1646,7792,10489,11506,22539,28912,31553,16559,2735,4202,3590,5564,4925,4234,7272,10526,12013,13437,15475,16234,15319,10870,5689,2100,635,20507,2946,132
Ukraine,1962,162718,14223,18528,4305,1861,1395,1604,8096,11214,11501,23938,29988,33157,18296,3001,4105,3991,5600,5614,4732,6769,10845,13093,13952,16036,17001,16156,12120,6176,2342,659,20389,2999,141
Ukraine,1963,163038,13222,17384,4162,1823,1456,1661,8066,11416,11198,24161,30314,33395,18941,3083,3652,4414,5218,6198,5057,6141,10841,13320,14408,15906,16869,16526,12667,6274,2453,630,19207,3117,142
Ukraine,1964,160966,11956,15876,3920,1768,1429,1795,7922,11203,10974,23855,30404,33123,19311,3170,3141,4781,4706,6497,5362,5612,10666,13189,14924,15480,16735,16388,12896,6415,2523,647,17644,3224,138
Ukraine,1965,169417,11610,15476,3866,1830,1466,2131,8021,11840,11700,24837,32410,35048,21074,3442,2832,5189,4695,7145,6143,5557,10776,14061,15798,16612,17874,17174,13899,7175,2698,744,17306,3597,143
Ukraine,1966,174834,11412,15083,3671,1846,1474,2421,7887,12273,12795,24805,33897,36270,22300,3642,2565,5322,4799,7474,6933,5862,10255,14550,16724,17173,18606,17664,14532,7768,2828,814,16929,3895,140
Ukraine,1967,184003,11529,15135,3606,1880,1509,2670,7806,12992,14643,24755,36498,38193,23829,3951,2582,5224,5395,7597,7995,6648,9619,15136,18396,18102,19510,18683,15226,8603,3058,893,17015,4179,143
Ukraine,1968,190654,11242,14787,3545,1869,1532,2905,7496,13410,16387,24513,38529,38999,25957,4127,2766,4730,6147,7263,9068,7319,8965,15548,19247,19282,19947,19052,16621,9336,3190,937,16656,4437,144
Ukraine,1969,203744,11971,15575,3604,1900,1608,3103,7615,14267,18631,25325,42201,41249,27607,4511,3249,4366,7208,7059,10237,8394,8847,16478,20616,21585,20958,20291,17281,10326,3510,1001,17475,4711,157
Ukraine,1970,212123,12092,15663,3571,1846,1647,3172,7709,14663,20681,25065,44302,43538,28855,4816,3832,3877,7735,6928,11126,9555,8628,16437,21738,22564,22275,21263,18020,10835,3780,1036,17509,4819,169
Ukraine,1971,211503,12387,15986,3599,1720,1597,3101,7669,14585,21785,24182,44278,42823,28650,4958,4209,3460,7708,6877,11244,10541,8899,15283,21445,22833,21780,21043,17786,10864,3946,1012,17706,4698,167
Ukraine,1972,217619,12505,16120,3615,1657,1599,3114,7978,14973,22988,23874,46077,44162,29568,5340,4518,3460,7388,7585,11150,11838,9905,13969,21944,24133,22550,21612,18326,11242,4296,1044,17777,4713,170
Ukraine,1973,220060,12157,15792,3635,1578,1568,3103,8490,15081,23574,23491,46871,44892,29793,5652,4817,3673,6568,8513,10488,13086,10740,12751,22178,24693,23442,21450,18207,11586,4561,1091,17370,4671,170
Ukraine,1974,226841,12589,16273,3684,1549,1539,3128,9155,15533,24061,24027,48152,46883,30387,5978,4974,4181,5878,9655,9838,14223,11891,12136,22746,25406,25144,21739,18552,11835,4840,1138,17822,4667,177
Ukraine,1975,233970,12672,16418,3746,1549,1482,3151,9946,15536,24877,25147,49118,49088,31204,6265,5018,4928,5237,10299,9565,15312,13387,11760,22592,26526,26357,22731,19134,12070,5039,1226,17967,4633,185
Ukraine,1976,237187,12520,16261,3741,1538,1412,3138,10507,15132,25409,27095,48242,50485,31458,6310,4970,5537,4716,10416,9677,15732,14885,12210,21119,27123,27270,23215,19350,12108,4999,1311,17799,4550,196
Ukraine,1977,247929,12465,16287,3822,1588,1387,3215,11127,15077,26915,30988,48051,54282,32382,6421,5069,6058,4838,10239,10937,15978,17082,13906,19648,28403,29539,24743,19940,12442,5055,1366,17875,4602,206
Ukraine,1978,255038,12580,16354,3774,1609,1337,3210,11604,14464,27754,34464,47300,56972,32996,6769,5109,6495,5214,9250,12472,15282,19143,15321,18153,29147,30718,26254,20394,12602,5309,1460,17963,4547,207
Ukraine,1979,265876,12326,16061,3735,1659,1325,3239,11989,14471,28847,38330,48202,61061,33558,6908,5227,6762,6062,8409,14380,14467,21228,17102,17689,30513,32260,28801,20561,12997,5425,1483,17720,4564,220
Ukraine,1980,273841,12068,15807,3739,1703,1328,3127,12272,14781,29620,42329,47372,63293,35007,6974,5408,6864,7223,7558,15392,14228,22889,19440,17085,30287,33552,29741,21696,13311,5486,1488,17510,4455,230
Ukraine,1981,274490,11456,15036,3580,1693,1307,2993,12136,14784,29705,44670,45498,64452,35214,6764,5368,6768,8051,6733,15438,14267,23299,21371,17585,27913,33962,30490,22029,13185,5353,1411,16729,4300,232
Ukraine,1982,275746,11511,14905,3394,1661,1291,2825,11992,15079,29943,46212,43984,65571,35307,6742,5292,6700,8480,6599,14552,15391,22709,23503,19146,24838,34009,31562,22268,13039,5368,1374,16566,4116,226
Ukraine,1983,279739,11206,14472,3266,1640,1301,2682,11897,16145,30374,47607,43470,66807,36179,6938,5181,6716,9080,7065,13026,17348,21473,26134,20820,22650,34416,32391,23152,13027,5523,1415,16112,3983,223
Ukraine,1984,291242,10705,13984,3279,1645,1351,2644,12075,17712,31946,49358,45324,69716,38091,7167,5180,6895,9465,8247,11912,20034,20422,28936,23445,21879,35931,33785,24848,13243,5702,1465,15629,3995,224
Ukraine,1985,287577,9955,13072,3117,1560,1328,2544,11542,18522,30853,49067,45793,68188,37967,6928,4825,6717,9121,9401,10242,20611,19149,29918,25370,20423,34333,33855,24662,13305,5526,1402,14632,3872,214
Ukraine,1986,259089,8846,11506,2660,1331,1188,2239,10023,17437,26778,44531,43916,59118,34763,6070,4078,5945,8013,9424,8200,18578,17202,27329,25046,18870,28403,30715,22735,12028,4832,1238,12837,3427,190
Ukraine,1987,269749,8690,11363,2673,1311,1206,2279,9982,18427,26506,46823,49931,58217,37294,6204,3973,6009,8115,10312,8290,18216,19189,27634,28634,21297,26237,31980,24593,12701,4882,1322,12674,3485,204
Ukraine,1988,274387,8024,10612,2588,1273,1196,2304,9697,19153,25236,47809,55372,56662,38696,6163,3793,5904,8132,11021,8819,16417,21699,26110,32062,23310,24001,32661,25364,13332,4807,1356,11885,3500,212
Ukraine,1989,282480,6906,9388,2482,1254,1190,2383,9503,19544,25060,49375,61213,56838,40393,6122,3701,5802,8257,11287,10266,14794,24895,24480,35090,26123,23037,33801,26187,14206,4782,1340,10642,3573,216
Ukraine,1990,297587,6440,8829,2389,1260,1202,2524,9574,20170,26036,51798,68542,57409,43363,6650,3811,5763,8571,11599,12394,13642,27276,24522,38502,30040,22884,34525,28191,15172,5287,1363,10089,3726,224
Ukraine,1991,319429,6496,8785,2289,1314,1228,2696,9913,21236,27888,55705,77240,59272,46733,7186,4058,5855,9086,12150,14865,13023,29412,26293,41927,35313,25250,34022,30194,16539,5800,1386,10099,3924,231
Ukraine,1992,337037,6155,8314,2159,1342,1238,2779,10166,21996,29961,59208,83954,60477,49964,7403,4279,5887,9424,12572,16658,13303,29388,29820,43047,40907,28812,31665,32157,17807,6072,1331,9656,4017,230
Ukraine,1993,356127,6017,8053,2036,1360,1264,2874,10546,23009,33454,62924,89825,62555,52349,7697,4589,5957,9769,13240,18669,14785,27649,35275,42268,47557,32689,29866,33430,18919,6418,1279,9413,4138,219
Ukraine,1994,372147,5434,7357,1923,1330,1283,2926,10819,23676,37011,66593,93055,65829,54188,7878,4831,5988,9899,13777,19604,17407,25464,41129,40351,52704,36965,28864,34736,19452,6659,1219,8687,4209,200
Ukraine,1995,395634,4998,6816,1818,1304,1317,3020,11405,24569,41913,69519,99561,72121,55695,8214,5163,6242,9978,14591,20400,21513,23661,45858,40989,58572,42949,29172,35080,20615,6840,1374,8120,4337,182
Ukraine,1996,388181,4533,6123,1590,1156,1260,2838,11113,23471,43167,65743,98365,75400,51439,7946,5048,6065,9271,14200,19548,23619,20594,45149,40063,58302,45989,29411,31199,20240,6594,1352,7279,4098,158
Ukraine,1997,374611,4067,5455,1388,988,1181,2628,10591,21869,42500,60217,96069,79258,45899,7809,4775,5816,8455,13414,18414,24086,19161,41056,41508,54561,48560,30698,26381,19518,6553,1256,6443,3809,142
Ukraine,1998,354766,3557,4757,1200,827,1060,2391,9904,19883,41166,53226,91488,81530,40897,7511,4410,5494,7563,12320,17212,23954,18892,34334,43709,47779,50422,31108,22468,18429,6337,1174,5584,3451,123
Ukraine,1999,367666,3213,4357,1144,756,1019,2392,10107,19741,42345,53034,95211,90008,40901,7660,4432,5675,7480,12261,17619,24726,21935,31099,50190,45021,55213,34795,21946,18955,6475,1185,5113,3411,129
Ukraine,2000,382179,2992,4068,1076,702,981,2393,10308,19577,43110,54370,98671,99190,40715,7952,4442,5866,7581,11996,18138,24972,26360,28010,54309,44362,59797,39393,21881,18834,6779,1173,4770,3374,142
Ukraine,2001,377831,2778,3730,952,621,874,2301,9943,18540,41738,53517,97244,102317,38946,7921,4199,5744,7379,11161,17730,24008,29082,24435,53685,43559,59968,42349,22182,16764,6759,1162,4351,3175,139
Ukraine,2002,384325,2725,3588,863,572,784,2269,9827,18118,41429,55122,99061,106253,39085,8088,4102,5725,7418,10700,17642,23787,31210,23912,51382,47679,59164,47089,24292,14793,6884,1204,4160,3053,130
Ukraine,2003,386321,2524,3316,792,523,694,2168,9667,17603,40875,57970,98768,106848,39523,8238,3995,5672,7424,10179,17222,23653,32899,25071,45466,53302,54907,51941,26063,13460,7009,1229,3839,2862,127
Ukraine,2004,390097,2487,3247,760,483,623,2048,9515,17319,40353,61424,99476,105718,41564,8199,3916,5599,7483,9836,16719,23634,33063,28361,40015,59461,50357,55361,28474,13090,6966,1233,3730,2671,129
Ukraine,2005,402793,2538,3284,746,453,575,1962,9510,17642,40435,66944,99341,108852,45431,8232,3901,5609,7718,9924,16256,24179,33110,33834,35646,63695,49271,59581,32303,13128,6930,1302,3737,2537,131
Ukraine,2006,385933,2650,3343,693,394,492,1694,8786,16733,37562,66936,90816,104761,47003,7283,3630,5156,7364,9369,14652,22910,30810,36126,30046,60770,46839,57922,33951,13052,5983,1300,3737,2186,128
Ukraine,2007,391048,2866,3579,713,366,450,1514,8606,16775,36758,69072,87165,107872,52172,6592,3567,5039,7363,9412,14013,22745,30465,38607,29393,57772,51157,56715,37784,14388,5235,1357,3945,1964,129
Ukraine,2008,384029,2855,3591,736,328,400,1308,8125,16321,34686,69288,80053,107420,56226,6152,3323,4802,7126,9195,13009,21677,29588,39700,30140,49913,55963,51457,40996,15230,4782,1370,3919,1708,132
Ukraine,2009,350053,2545,3232,687,277,333,1054,7038,14633,30192,62447,70370,99084,55473,5789,2806,4232,6315,8318,11287,18905,26580,35867,30800,39570,56287,42797,40127,15346,4525,1264,3509,1387,128
Ukraine,2010,340808,2448,3129,681,256,295,913,6461,13991,27999,59484,67838,96526,58215,5566,2509,3952,5941,8050,10706,17293,25633,33851,34636,33202,56826,39700,41654,16561,4381,1185,3385,1208,134
Ukraine,2011,324886,2430,3086,656,241,253,773,5803,13064,25597,55730,64833,91955,58017,5394,2147,3656,5431,7633,10063,15534,24253,31477,36879,27954,54097,37858,40507,17510,4372,1022,3327,1026,135
Ukraine,2012,324696,2290,2952,662,240,230,693,5412,12730,24606,54542,66076,92018,59273,5773,1885,3527,5222,7508,9958,14648,23781,30761,38940,27136,50837,41181,39621,19652,4869,904,3192,923,142
Ukraine,2013,324031,2106,2754,648,246,207,626,5003,12420,23709,53537,69168,90733,59216,6255,1666,3337,5050,7370,9878,13831,23087,30450,40729,28439,44737,45996,37030,22186,5369,886,3000,833,151
Ukraine,2014,320136,2039,2694,655,267,201,667,5228,12448,22992,51703,71415,88311,57093,6956,1780,3448,5143,7305,9852,13140,21936,29767,39874,31541,38435,49876,33319,23774,6019,937,2961,868,157
Ukraine,2015,304656,1862,2427,565,243,172,526,4165,11119,21420,47693,71646,81256,53833,9962,1358,2807,4516,6603,9258,12162,19599,28094,36823,34823,31740,49516,29953,23880,8231,1731,2670,698,189
Ukraine,2016,291137,1640,2142,502,234,160,438,3455,10125,20183,44317,71563,74384,52776,11031,1108,2347,4126,5999,8746,11437,17630,26687,34362,37201,26886,47498,29136,23640,8683,2348,2376,598,329
Ukraine,2017,289483,1474,1937,463,231,157,393,3056,9701,19810,42626,72628,70687,55169,12575,995,2061,3969,5732,8546,11264,16555,26071,33498,39130,26089,44598,32087,23082,9742,2833,2168,550,510
Ukraine,2018,304222,1222,1673,451,236,168,376,2860,9810,20651,43279,78337,70542,60921,14819,945,1915,3960,5850,8852,11799,16525,26754,35143,43194,28992,41550,37986,22935,11442,3377,1909,544,551
Ukraine,2019,306310,1123,1515,392,232,174,348,2587,9425,20535,41910,78687,69900,64192,16297,872,1715,3705,5720,8698,11837,15946,25964,35250,43437,33176,36724,42285,21907,12191,4106,1747,522,501
Ukraine,2020,342956,999,1205,206,199,232,686,3809,13808,25082,45174,78598,78108,76290,18961,1236,2573,5527,8281,10902,14180,18168,27006,38494,40104,40488,37620,51376,24914,14472,4489,1404,918,799
Ukraine,2021,374002,1032,1238,206,178,232,613,3264,14238,28065,49818,90961,82526,82031,19784,1062,2202,5230,9008,12025,16040,20167,29651,43659,47302,48097,34429,54404,27627,15451,4333,1416,845,1048
United Arab Emirates,1950,971,350,545,195,45,21,23,57,50,50,52,60,51,14,0,30,27,25,25,25,25,25,27,30,30,30,21,9,5,0,0,590,44,0
United Arab Emirates,1951,1026,369,573,204,51,25,27,64,50,50,52,60,54,15,0,35,29,25,25,25,25,25,27,30,30,30,24,11,4,0,0,624,52,0
United Arab Emirates,1952,1052,375,582,207,55,26,30,70,51,50,52,61,56,17,0,38,32,26,25,25,25,25,27,30,31,31,25,12,5,0,0,637,56,0
United Arab Emirates,1953,1083,381,589,208,55,30,34,74,55,50,52,64,58,19,0,40,34,30,25,25,25,25,27,30,34,33,25,14,5,0,0,644,64,0
United Arab Emirates,1954,1105,385,590,205,56,31,38,82,58,50,54,65,60,18,0,45,37,30,28,25,25,25,29,30,35,34,26,14,4,0,0,646,69,0
United Arab Emirates,1955,1123,388,588,200,55,35,41,88,63,50,56,67,61,22,0,49,39,33,30,25,25,26,30,32,35,34,27,16,6,0,0,643,76,0
United Arab Emirates,1956,1141,390,583,193,54,35,45,97,65,53,56,67,63,21,0,54,43,35,30,28,25,26,30,32,35,35,28,16,5,0,0,637,80,0
United Arab Emirates,1957,1152,392,577,185,52,35,47,105,70,54,55,67,63,24,0,59,46,38,32,29,25,25,30,32,35,35,28,17,7,0,0,629,82,0
United Arab Emirates,1958,1161,394,571,177,49,36,50,113,73,56,54,68,64,26,0,64,49,39,34,30,26,25,29,33,35,35,29,19,7,0,0,620,86,0
United Arab Emirates,1959,1183,402,575,173,46,34,50,120,79,60,54,69,65,26,0,68,52,42,37,32,28,25,29,34,35,35,30,19,7,0,0,621,84,0
United Arab Emirates,1960,1206,408,580,172,45,33,55,128,85,64,53,70,66,26,1,72,56,46,39,34,30,25,28,35,35,35,31,19,7,1,0,625,88,0
United Arab Emirates,1961,1225,410,583,173,43,29,54,136,90,67,56,70,65,27,1,75,61,48,42,36,31,28,28,35,35,35,30,19,8,1,0,626,83,0
United Arab Emirates,1962,1239,411,583,172,40,28,54,142,95,73,57,70,65,28,1,78,64,51,44,39,34,30,27,35,35,35,30,20,8,1,0,623,82,0
United Arab Emirates,1963,1251,407,577,170,40,26,53,146,101,78,61,73,65,30,2,79,67,54,47,42,36,31,30,37,36,35,30,21,9,2,0,617,79,0
United Arab Emirates,1964,1230,392,552,160,37,23,50,149,106,82,63,74,65,29,2,79,70,57,49,44,38,33,30,36,38,35,30,20,9,2,0,589,73,0
United Arab Emirates,1965,1217,381,530,149,38,21,46,148,110,88,66,73,64,28,2,77,71,59,51,47,41,36,30,34,39,35,29,19,9,2,0,568,67,0
United Arab Emirates,1966,1201,370,509,139,39,20,42,146,115,93,70,74,63,28,2,75,71,62,53,49,44,38,32,34,40,35,28,19,9,2,0,548,62,0
United Arab Emirates,1967,1184,357,483,126,38,17,38,143,120,99,76,73,64,26,2,71,72,64,56,52,47,42,34,32,41,36,28,18,8,2,0,521,55,0
United Arab Emirates,1968,1153,341,455,114,37,16,32,136,123,105,82,74,65,23,2,66,70,65,58,55,50,45,37,32,42,37,28,16,7,2,0,492,48,0
United Arab Emirates,1969,1248,349,458,109,36,21,47,158,135,114,96,84,73,25,2,81,77,72,63,60,54,50,46,38,46,42,31,18,7,2,0,494,68,0
United Arab Emirates,1970,1375,368,476,108,35,23,60,188,150,126,109,97,87,28,2,101,87,79,71,65,61,52,57,45,52,51,36,20,8,2,0,511,83,0
United Arab Emirates,1971,1498,380,487,107,33,23,66,213,166,139,122,114,102,34,2,116,97,87,79,70,69,56,66,55,59,60,42,24,10,2,0,520,89,0
United Arab Emirates,1972,1609,388,494,106,33,22,68,237,180,151,131,131,122,41,2,129,108,94,86,76,75,61,70,67,64,71,51,30,11,2,0,527,90,0
United Arab Emirates,1973,1738,392,495,103,33,21,67,265,197,167,144,154,143,49,2,140,125,100,97,84,83,72,72,85,69,83,60,35,14,2,0,528,88,0
United Arab Emirates,1974,1841,393,492,99,33,19,60,280,210,181,153,178,169,62,4,141,139,106,104,92,89,83,70,103,75,98,71,45,17,4,0,525,79,0
United Arab Emirates,1975,1987,391,483,92,33,18,53,296,237,204,170,208,200,80,6,140,156,119,118,104,100,98,72,121,87,113,87,55,25,6,0,516,71,0
United Arab Emirates,1976,2136,386,473,87,31,18,45,303,263,230,194,237,229,101,10,136,167,134,129,120,110,115,79,131,106,122,107,68,33,9,1,504,63,0
United Arab Emirates,1977,2283,416,505,89,31,18,56,341,292,252,208,241,226,102,10,154,187,153,139,132,120,119,89,120,121,114,112,68,34,9,1,536,74,0
United Arab Emirates,1978,2430,448,539,91,32,18,60,372,329,278,223,240,225,103,10,165,207,175,154,147,131,123,100,111,129,112,113,69,34,9,1,571,78,0
United Arab Emirates,1979,2570,471,565,94,33,20,57,398,368,308,239,240,228,105,10,172,226,197,171,163,145,133,106,109,131,117,111,70,35,9,1,598,77,0
United Arab Emirates,1980,2682,485,580,95,34,20,51,413,408,338,252,237,230,108,12,169,244,219,189,179,159,144,108,113,124,123,107,72,36,11,1,614,71,0
United Arab Emirates,1981,2769,481,575,94,36,20,42,413,451,373,273,235,234,105,12,159,254,241,210,197,176,160,113,117,118,127,107,70,35,11,1,611,62,0
United Arab Emirates,1982,2786,472,564,92,35,21,44,381,460,387,289,238,241,110,13,145,236,245,215,201,186,163,126,114,124,127,114,73,37,12,1,599,65,0
United Arab Emirates,1983,2870,460,549,89,37,21,47,371,490,417,312,246,249,116,13,139,232,257,233,214,203,172,140,116,130,130,119,77,39,12,1,586,68,0
United Arab Emirates,1984,2883,449,536,87,38,21,47,349,494,431,322,248,259,125,14,128,221,252,242,217,214,176,146,117,131,135,124,82,43,12,2,574,68,0
United Arab Emirates,1985,2964,436,519,83,38,21,47,342,518,463,340,258,269,133,17,121,221,257,261,230,233,188,152,127,131,140,129,88,45,15,2,557,68,0
United Arab Emirates,1986,3059,428,506,78,39,23,46,337,545,498,362,265,278,144,19,114,223,264,281,250,248,206,156,134,131,145,133,94,50,17,2,545,69,0
United Arab Emirates,1987,3119,416,490,74,38,26,62,327,546,513,391,274,282,148,19,119,208,262,284,263,250,224,167,141,133,144,138,97,51,17,2,528,88,0
United Arab Emirates,1988,3291,403,476,73,39,28,78,346,578,558,431,292,288,156,19,138,208,277,301,292,266,248,183,152,140,146,142,101,55,17,2,515,106,0
United Arab Emirates,1989,3459,393,463,70,38,30,90,367,607,604,468,312,294,160,22,158,209,290,317,322,282,268,200,165,147,148,146,105,55,19,3,501,120,0
United Arab Emirates,1990,3641,384,451,67,38,30,97,397,636,659,506,334,300,170,23,182,215,300,336,354,305,288,218,180,154,151,149,110,60,20,3,489,127,0
United Arab Emirates,1991,3703,366,430,64,37,29,95,412,636,688,527,346,303,179,23,193,219,296,340,366,322,296,231,185,161,154,149,115,64,20,3,467,124,0
United Arab Emirates,1992,3899,356,418,62,37,29,94,445,670,753,563,368,313,185,24,206,239,305,365,393,360,311,252,196,172,160,153,119,66,21,3,455,123,0
United Arab Emirates,1993,4110,336,394,58,37,30,90,476,715,834,608,387,321,190,27,211,265,318,397,426,408,332,276,204,183,163,158,120,70,23,4,431,120,0
United Arab Emirates,1994,4346,333,389,56,36,31,86,504,761,917,658,409,332,196,28,210,294,333,428,459,458,361,297,212,197,169,163,125,71,24,4,425,117,0
United Arab Emirates,1995,4545,295,348,53,36,33,82,514,813,1007,713,422,343,202,32,198,316,354,459,497,510,397,316,219,203,175,168,127,75,28,4,384,115,0
United Arab Emirates,1996,4732,295,345,50,36,32,78,505,853,1084,773,430,356,207,35,182,323,376,477,531,553,441,332,227,203,183,173,132,75,30,5,381,110,0
United Arab Emirates,1997,4954,292,342,50,33,37,112,536,855,1120,835,460,367,217,35,209,327,385,470,547,573,481,354,255,205,192,175,140,77,30,5,375,149,0
United Arab Emirates,1998,5195,286,338,52,32,38,137,580,870,1155,899,494,382,235,37,245,335,402,468,563,592,523,376,284,210,202,180,152,83,32,5,370,175,1
United Arab Emirates,1999,5118,285,339,54,31,35,147,584,810,1093,905,505,384,247,40,262,322,383,427,528,565,526,379,293,212,203,181,161,86,33,7,370,182,1
United Arab Emirates,2000,4914,292,346,54,29,31,139,567,736,999,881,508,375,258,43,265,302,351,385,474,525,508,373,293,215,197,178,165,93,36,7,375,170,1
United Arab Emirates,2001,5078,296,351,55,29,28,137,608,759,1010,922,533,380,276,44,284,324,366,393,473,537,525,397,303,230,198,182,172,104,37,7,380,165,1
United Arab Emirates,2002,5224,300,355,55,31,27,127,643,789,1019,963,551,383,291,49,293,350,381,408,472,547,542,421,306,245,199,184,176,115,41,8,386,154,1
United Arab Emirates,2003,4561,307,361,54,26,23,96,522,642,828,849,501,361,300,54,233,289,309,333,377,451,467,382,272,229,189,172,172,128,45,9,387,119,1
United Arab Emirates,2004,4659,307,361,54,26,23,84,525,678,842,879,501,363,312,61,220,305,326,352,384,458,482,397,271,230,195,168,171,141,50,11,387,107,1
United Arab Emirates,2005,4739,296,349,53,26,24,73,513,725,867,912,496,363,317,74,200,313,350,375,401,466,499,413,273,223,202,161,166,151,60,14,375,97,1
United Arab Emirates,2006,4834,303,356,53,26,26,88,578,773,857,886,475,358,324,83,230,348,379,394,406,451,480,406,265,210,199,159,165,159,68,15,382,114,1
United Arab Emirates,2007,4881,342,397,55,26,29,134,793,890,795,700,349,317,345,100,339,454,457,433,403,392,388,312,193,156,173,144,170,175,83,17,423,163,2
United Arab Emirates,2008,4851,398,457,59,28,33,187,1074,1052,717,415,149,245,368,122,476,598,564,488,401,316,254,161,76,73,128,117,173,195,99,23,485,220,3
United Arab Emirates,2009,4912,450,515,65,28,35,224,1321,1232,667,165,32,165,386,139,588,733,678,554,415,252,126,39,23,9,78,87,172,214,113,26,543,259,4
United Arab Emirates,2010,5088,481,552,71,28,34,231,1447,1394,682,79,8,94,379,152,632,815,769,625,452,230,66,13,5,3,34,60,158,221,123,29,580,265,4
United Arab Emirates,2011,5251,462,538,76,27,36,204,1298,1419,828,172,52,154,359,158,547,751,762,657,517,311,125,47,27,25,63,91,146,213,127,31,565,240,4
United Arab Emirates,2012,5436,441,520,79,27,35,186,1156,1413,966,288,106,231,347,159,475,681,737,676,573,393,195,93,56,50,86,145,141,206,127,32,547,221,4
United Arab Emirates,2013,5738,419,499,80,27,35,176,1043,1405,1103,431,172,318,359,164,423,620,712,693,622,481,278,153,92,80,102,216,156,203,129,35,526,211,4
United Arab Emirates,2014,6055,400,477,77,28,31,165,936,1366,1218,595,256,410,402,168,379,557,673,693,655,563,369,226,139,117,119,291,196,206,130,38,505,196,4
United Arab Emirates,2015,6457,377,452,75,29,26,156,855,1322,1320,777,359,499,485,173,349,506,635,687,681,639,465,312,200,159,144,355,270,215,135,38,481,182,4
United Arab Emirates,2016,7018,356,429,73,31,23,144,798,1283,1415,989,493,585,635,187,329,469,602,681,706,709,576,413,282,211,188,397,395,240,149,38,460,167,5
United Arab Emirates,2017,7640,337,406,69,31,22,127,746,1236,1482,1215,662,659,840,211,310,436,569,667,717,765,690,525,385,277,247,412,556,284,173,38,437,149,7
United Arab Emirates,2018,8391,312,379,67,30,21,107,707,1193,1530,1454,866,734,1110,252,292,415,540,653,724,806,802,652,508,358,316,418,741,369,209,43,409,128,7
United Arab Emirates,2019,9285,297,360,63,31,22,85,671,1161,1562,1696,1120,822,1433,311,272,399,520,641,725,837,907,789,657,463,397,425,925,508,258,53,391,107,6
United Arab Emirates,2020,10992,312,375,63,28,25,62,575,1111,1660,2068,1562,1074,2017,433,221,354,471,640,760,900,1057,1011,899,663,556,518,1195,822,350,83,403,87,5
United Arab Emirates,2021,11852,295,356,61,27,27,49,508,1168,1815,2346,1835,1208,2062,441,177,331,483,685,829,986,1178,1168,1038,797,651,557,1090,972,346,95,383,76,4
United Kingdom,1950,301173,14409,17122,2713,1397,967,1616,5565,7694,18300,37798,69366,90750,46055,4510,2378,3187,3115,4579,6971,11329,15806,21992,30795,38571,45646,45104,31241,14814,3970,540,18519,2583,30
United Kingdom,1951,324339,14139,16862,2723,1324,969,1373,5044,7559,18394,40757,75422,100566,51192,4841,2213,2831,3145,4414,6995,11399,17353,23404,33253,42169,49866,50700,34666,16526,4279,562,18186,2342,33
United Kingdom,1952,298006,13216,15551,2335,1219,857,1348,4485,7046,16926,38848,68838,91036,47295,4522,2119,2366,2967,4079,6347,10579,16434,22414,30255,38583,45052,45984,32198,15097,4003,519,16770,2205,33
United Kingdom,1953,298539,12847,14971,2124,1250,825,1300,4161,6555,16482,39095,69400,91439,48607,4415,1894,2267,2902,3653,6067,10415,16642,22453,30609,38791,45502,45937,33222,15385,3910,505,16221,2125,33
United Kingdom,1954,299849,12104,13888,1784,1060,785,1273,3855,6247,16331,39916,69255,91702,50538,4965,1760,2095,2867,3380,6123,10208,16965,22951,30494,38761,45356,46346,34360,16178,4373,592,14948,2058,39
United Kingdom,1955,306975,11791,13498,1707,1103,837,1390,3854,5976,16152,40780,70231,94226,53704,5189,1825,2029,2653,3323,5952,10200,17185,23595,30919,39312,45945,48281,36214,17490,4567,622,14601,2227,40
United Kingdom,1956,308035,11881,13475,1594,988,787,1280,3555,5849,15867,41361,70802,94159,54532,5347,1623,1932,2475,3374,5732,10135,16775,24586,31329,39473,46086,48073,36780,17752,4699,648,14463,2067,41
United Kingdom,1957,306631,11909,13609,1700,1034,926,1471,3667,5894,15725,43116,72507,91092,52348,5202,1748,1919,2369,3525,5624,10101,17293,25823,32245,40262,45291,45801,35145,17203,4564,638,14643,2397,41
United Kingdom,1958,310882,11850,13455,1605,985,855,1419,3456,5834,15162,43331,72062,92712,55839,5726,1658,1798,2286,3548,5308,9854,17146,26185,32036,40026,46061,46651,37106,18733,5023,703,14440,2274,45
United Kingdom,1959,310427,11552,13249,1697,934,868,1590,3504,5869,14713,43784,72892,91998,55384,5595,1801,1703,2187,3682,5055,9658,16989,26795,33055,39837,45883,46115,36305,19079,4919,676,14183,2458,44
United Kingdom,1960,308965,12246,13898,1652,1046,860,1601,3625,5748,14634,43486,73069,90342,54759,5845,1917,1708,2138,3610,4988,9646,16813,26673,33628,39441,44945,45397,35778,18981,5131,714,14944,2461,48
United Kingdom,1961,321803,12194,14031,1837,960,855,1705,3581,5689,14902,44298,77897,93567,57815,6449,1838,1743,2175,3514,5265,9637,16925,27373,36182,41715,46692,46875,37215,20600,5658,791,14991,2560,54
United Kingdom,1962,325281,12836,14542,1706,906,901,1835,3450,5457,14742,44655,79727,93632,58562,6815,1822,1628,2047,3410,5433,9309,16890,27765,37417,42310,47384,46248,37541,21021,5988,827,15448,2736,57
United Kingdom,1963,333576,12477,14316,1839,1015,812,1879,3598,5362,15007,45460,82891,95508,60391,7275,1877,1721,2054,3308,5908,9099,17059,28401,39404,43487,48171,47337,38441,21950,6382,893,15331,2691,61
United Kingdom,1964,312845,12295,13935,1640,946,805,2082,3631,5327,14550,43643,80118,87842,53366,6540,1909,1722,2021,3306,5991,8559,16524,27119,38518,41600,44840,43002,33981,19385,5712,828,14881,2887,57
United Kingdom,1965,321452,11435,13144,1709,1029,829,2133,3633,5200,14583,43610,84000,90582,55293,7355,1901,1732,1972,3228,5929,8654,16630,26980,39717,44283,46361,44221,35162,20131,6425,930,14173,2962,65
United Kingdom,1966,329100,11140,12994,1854,982,827,2256,3682,5109,14590,43556,86362,93315,57268,8082,2002,1680,1986,3123,5689,8901,16351,27205,39966,46396,47518,45797,36088,21180,7038,1044,13976,3083,73
United Kingdom,1967,315383,10219,11913,1694,1003,858,1987,3576,4769,14328,41254,84726,89479,53725,7689,1961,1615,1869,2900,5312,9016,15025,26229,38477,46249,45965,43514,33805,19920,6632,1057,12916,2845,75
United Kingdom,1968,333717,10391,12148,1757,1031,806,1795,3537,4594,14915,41593,89554,96622,58346,8682,1970,1567,1792,2802,5388,9527,14877,26716,39732,49822,49218,47404,36730,21616,7452,1230,13179,2601,88
United Kingdom,1969,337768,9808,11530,1722,997,803,1810,3665,4675,15938,41448,94249,98128,56033,8408,1999,1666,1919,2756,5341,10597,14530,26918,41414,52835,51512,46616,35738,20295,7205,1203,12527,2613,89
United Kingdom,1970,334309,9749,11306,1557,981,768,1755,3780,4628,14991,41068,92065,98216,56136,8520,2119,1661,1920,2708,5123,9868,14511,26557,40134,51931,51731,46485,35553,20583,7260,1260,12287,2523,94
United Kingdom,1971,328394,9310,10747,1437,1057,836,1806,3748,4555,14596,39507,89414,97074,56168,8780,2065,1683,1852,2703,5029,9567,14646,24861,38790,50624,51574,45500,35669,20499,7460,1320,11804,2642,102
United Kingdom,1972,342220,8225,9681,1456,1028,800,1782,3882,4577,14303,40524,92625,104558,58930,9410,2086,1796,1845,2732,4884,9419,15725,24799,39526,53099,56412,48146,37229,21701,7944,1466,10709,2582,121
United Kingdom,1973,338219,7547,8988,1441,971,793,1828,4218,4647,14067,39885,90255,104652,58332,9446,2192,2026,1919,2728,4787,9280,16089,23796,38134,52121,56714,47938,37046,21286,7944,1502,9959,2621,129
United Kingdom,1974,337002,7066,8369,1303,849,772,1909,3856,4597,13698,38959,89624,106278,58336,9615,1956,1900,1914,2683,4754,8944,16829,22130,37606,52018,58553,47725,36837,21499,8083,1532,9218,2681,135
United Kingdom,1975,335040,6253,7391,1138,825,845,1883,3884,4548,13047,37560,88484,108352,58575,9505,2007,1877,1968,2580,4426,8621,15970,21590,36994,51490,58565,49787,37132,21443,7960,1545,8216,2728,141
United Kingdom,1976,342025,5631,6668,1037,793,770,2001,3894,4593,12525,38187,88806,113179,60577,9880,1985,1909,1962,2631,4365,8160,15491,22696,36951,51855,60402,52777,38123,22454,8265,1615,7461,2771,148
United Kingdom,1977,330174,5364,6281,917,741,706,1915,3804,4532,12154,37508,84458,111488,56959,9476,1937,1867,1992,2540,4232,7922,14841,22667,34496,49962,58814,52674,36066,20893,7890,1586,7022,2621,151
United Kingdom,1978,336916,5333,6206,873,725,729,2083,3878,4864,12027,38690,83633,115633,58806,9485,2056,1822,2135,2729,4196,7831,14589,24101,33260,50373,60196,55437,37441,21365,7920,1565,6931,2812,153
United Kingdom,1979,339930,5530,6281,751,707,706,2048,3808,4795,11856,39531,81216,118223,60558,10036,1973,1835,2181,2614,4260,7596,14208,25323,31594,49622,60662,57561,38715,21843,8373,1663,6988,2754,167
United Kingdom,1980,332512,5255,6046,791,606,655,2014,3670,4669,11258,37374,78919,116585,60862,9692,1944,1726,2073,2596,4108,7150,13396,23978,31152,47767,59348,57237,39160,21702,8078,1614,6652,2669,163
United Kingdom,1981,329252,4741,5520,779,518,663,1992,3641,4591,11001,35508,76995,116526,62249,9873,1927,1714,2059,2532,4045,6956,12756,22752,31006,45989,59009,57517,40512,21737,8205,1668,6038,2655,175
United Kingdom,1982,330550,4554,5322,768,458,636,1945,3679,4641,10498,33932,76420,117918,64863,10054,1982,1697,2024,2617,3855,6643,12193,21739,31837,44583,58948,58970,42628,22235,8323,1731,5780,2581,186
United Kingdom,1983,329471,4256,4952,696,472,618,1817,3630,4660,10529,32348,75961,117706,66343,10244,1901,1729,1928,2732,3826,6703,11489,20859,33616,42345,58339,59367,43960,22383,8487,1757,5424,2435,190
United Kingdom,1984,321801,4047,4774,727,426,582,1704,3743,4598,10267,30778,73142,115037,66414,10142,1988,1755,1883,2715,3726,6541,11052,19726,33918,39224,56507,58530,44194,22220,8397,1745,5200,2286,191
United Kingdom,1985,332376,4014,4749,735,396,591,1614,3680,4648,10261,30201,73260,119426,72240,11094,2013,1667,1815,2833,3912,6349,10924,19277,33225,40035,57606,61820,47826,24414,9160,1934,5145,2205,212
United Kingdom,1986,327821,4222,4875,653,386,451,1679,3834,4661,10257,29136,72285,116463,72786,10800,2052,1782,1913,2748,3957,6300,10496,18640,31734,40551,55492,60971,47659,25127,8903,1897,5261,2130,207
United Kingdom,1987,318935,4139,4796,657,374,474,1623,3914,4653,10073,28006,70858,111061,72334,10561,2117,1797,2001,2652,4138,5935,10013,17993,29669,41189,52225,58836,47423,24911,8684,1877,5170,2097,210
United Kingdom,1988,319545,4117,4800,683,430,460,1536,4075,4689,10332,26846,71741,107927,75477,11011,2157,1918,2084,2605,4255,6077,9929,16917,29049,42692,49240,58687,48840,26637,9056,1955,5230,1996,222
United Kingdom,1989,320433,3814,4516,702,414,401,1547,4092,4660,10171,25645,71169,105762,79690,12123,2117,1975,2004,2656,4174,5997,9552,16093,27529,43640,46625,59137,50631,29059,9983,2140,4930,1948,245
United Kingdom,1990,314603,3674,4347,673,376,409,1486,4466,4789,10318,24979,68535,103791,78851,12011,2203,2263,2096,2693,4283,6035,9471,15508,26413,42122,46236,57555,50060,28791,9918,2093,4723,1895,244
United Kingdom,1991,314341,3370,4009,639,393,405,1415,4173,4896,10494,24311,65443,104009,81601,12933,2052,2121,2163,2733,4326,6168,9361,14950,25262,40181,47729,56280,51086,30515,10705,2228,4402,1820,264
United Kingdom,1992,308334,2922,3479,557,349,373,1134,4081,4999,10327,23479,62806,102219,81406,13420,1937,2144,2238,2761,4106,6221,8974,14505,24501,38305,48710,53509,50504,30902,11194,2226,3828,1507,266
United Kingdom,1993,317460,2742,3322,580,321,401,1067,4010,5057,10364,23832,62169,104384,86934,15306,1894,2116,2334,2723,3960,6404,9208,14624,24070,38099,51900,52484,52963,33971,12805,2501,3643,1468,292
United Kingdom,1994,302824,2627,3128,501,314,397,1031,4007,5277,10132,22773,57992,98861,83686,14950,1821,2186,2568,2709,3959,6173,8788,13985,22451,35541,51185,47676,51021,32665,12501,2449,3442,1428,279
United Kingdom,1995,310114,2577,3025,448,316,388,1120,3974,5387,10501,23009,57162,100543,87537,16845,1791,2183,2569,2818,3944,6557,9067,13942,22109,35053,50510,50033,52550,34987,14071,2774,3341,1508,307
United Kingdom,1996,304394,2579,3070,491,264,356,1104,3820,5502,10403,22936,54659,98407,86320,17255,1677,2143,2606,2896,3901,6502,9242,13694,21374,33285,48234,50173,50811,35509,14396,2859,3334,1460,303
United Kingdom,1997,299464,2356,2816,460,297,369,1110,3798,5253,10072,22873,52355,97587,84532,18098,1701,2097,2491,2762,3911,6161,9496,13377,20361,31994,45962,51625,48618,35914,15069,3029,3113,1479,307
United Kingdom,1998,299346,2315,2777,462,281,342,1058,3656,5532,9949,23157,51373,98761,83077,19061,1531,2125,2572,2960,3947,6002,9823,13334,20449,30924,44790,53971,46531,36546,15831,3230,3058,1400,321
United Kingdom,1999,299803,2301,2755,454,260,320,1087,3536,5568,9725,23442,49977,99513,83152,20119,1544,1992,2513,3055,3889,5836,10000,13442,19897,30080,43586,55927,45489,37663,16616,3503,3015,1407,348
United Kingdom,2000,289604,2099,2478,379,253,328,1044,3431,5597,9676,22744,47713,93644,82062,20275,1488,1943,2431,3166,3913,5763,9688,13056,19481,28232,41142,52502,45425,36637,16684,3591,2731,1372,356
United Kingdom,2001,285968,2033,2380,347,226,330,1063,3215,5670,9882,22900,45479,89910,83332,21194,1505,1710,2522,3148,4004,5878,9560,13340,18700,26779,39151,50759,46735,36597,17328,3866,2606,1393,385
United Kingdom,2002,287001,2038,2404,366,221,325,983,3247,5482,10115,23037,45017,87818,85533,22393,1514,1733,2400,3082,4189,5926,9266,13771,18565,26452,38164,49654,49381,36152,18177,4216,2625,1308,427
United Kingdom,2003,288024,2042,2392,350,214,289,964,3011,5403,10043,23089,44928,85505,87739,23980,1465,1546,2264,3139,4244,5799,8919,14170,18626,26302,37064,48441,52196,35543,19414,4566,2606,1253,467
United Kingdom,2004,277382,2030,2362,332,200,287,912,2822,5263,9883,22218,43457,81190,84896,23403,1365,1457,2184,3079,4191,5692,8664,13554,17989,25468,34944,46246,51479,33417,18800,4603,2562,1199,484
United Kingdom,2005,276314,2096,2419,323,180,286,915,2721,4996,10075,21878,42684,79224,85855,24557,1321,1400,2004,2992,4215,5860,8325,13553,18061,24623,34085,45139,50359,35496,19673,4884,2599,1201,522
United Kingdom,2006,273902,2075,2404,329,208,299,1012,3028,5229,10289,22031,42360,75924,85900,24656,1450,1578,2131,3098,4348,5941,8494,13537,18432,23928,32423,43501,49184,36716,19547,5109,2612,1311,564
United Kingdom,2007,274313,2113,2490,377,204,270,983,3036,5161,10140,21465,42504,74631,88058,24764,1456,1580,2116,3045,4359,5781,8288,13177,18823,23681,31715,42916,48587,39471,19378,5386,2694,1253,606
United Kingdom,2008,276116,2114,2430,316,208,219,954,3116,5128,10537,20647,42610,74006,90302,25287,1457,1659,2030,3098,4405,6132,8294,12353,19101,23509,31921,42085,48181,42121,19445,5842,2638,1173,672
United Kingdom,2009,270266,2069,2344,275,175,215,929,2971,4887,10539,20108,41603,71182,89625,24983,1325,1646,1878,3009,4560,5979,8059,12049,18703,22900,31060,40122,47031,42594,19009,5974,2519,1144,705
United Kingdom,2010,270499,1930,2235,305,179,202,738,2766,4604,10256,19895,41855,70669,89194,27139,1314,1452,1886,2718,4280,5976,8139,11756,18781,23074,30961,39708,46585,42609,20833,6306,2414,940,768
United Kingdom,2011,267006,2040,2346,306,185,186,673,2564,4379,9939,19326,40972,68700,88324,28605,1135,1429,1782,2597,4156,5783,7987,11339,18050,22922,30471,38229,46071,42253,22334,6271,2531,859,802
United Kingdom,2012,272616,1909,2200,291,175,199,667,2424,4121,9730,18885,41253,69003,91258,31817,1071,1353,1761,2360,3947,5783,7851,11034,17282,23971,29918,39085,47160,44098,25331,6486,2375,866,885
United Kingdom,2013,278724,1715,2013,298,161,194,635,2406,4274,9974,19473,41901,69620,92993,34116,1035,1371,1812,2462,4030,5944,8153,11320,17020,24881,30047,39573,48106,44887,27423,6693,2174,829,962
United Kingdom,2014,278165,1637,1934,297,187,201,619,2500,4179,9823,19469,41588,69758,92071,34834,1104,1396,1786,2393,3881,5942,8221,11248,16496,25092,30266,39492,47119,44952,27900,6934,2121,820,1002
United Kingdom,2015,292155,1752,2040,288,166,183,619,2492,4301,9764,20184,42431,72637,97505,38734,1105,1387,1871,2430,3822,5942,8552,11632,16724,25707,31555,41082,49485,48020,30693,8041,2206,802,1099
United Kingdom,2016,292311,1649,1911,262,161,181,594,2632,4384,9984,20663,42545,72887,96562,38726,1139,1493,1949,2435,3936,6048,8733,11930,16597,25948,32339,40548,48881,47681,30126,8600,2072,775,1077
United Kingdom,2017,297982,1652,1896,244,173,178,590,2400,4448,9754,20856,41548,74969,99198,40887,1011,1389,1830,2618,3655,6099,8775,12081,16601,24947,34116,40853,49932,49266,31348,9539,2069,768,1087
United Kingdom,2018,303818,1546,1783,237,157,215,658,2649,4648,9931,21598,41157,76728,101146,42022,1138,1511,1963,2685,3779,6152,9104,12494,16685,24472,35561,41167,50733,50413,31842,10180,1940,873,1124
United Kingdom,2019,290314,1519,1716,197,139,207,535,2648,4425,9123,20997,39132,74451,97562,38329,1155,1493,1847,2578,3252,5871,8869,12128,16198,22934,34651,39800,50377,47185,29224,9105,1855,742,1051
United Kingdom,2020,340009,1428,1615,187,136,210,606,2899,5200,10365,26041,45897,89203,113560,42927,1276,1623,2120,3080,3600,6765,11057,14984,19202,26695,39915,49288,60581,52979,32464,10463,1751,816,1347
United Kingdom,2021,331650,1389,1565,176,131,205,625,3075,5425,11075,25726,45853,87861,105748,42737,1307,1768,2281,3144,4238,6837,10507,15219,20468,25385,38991,48870,56384,49364,31798,10939,1696,830,1621
United States,1950,813717,61286,70981,9695,4678,3915,7400,22337,31147,63854,123952,183763,184950,100903,15133,10746,11591,13064,18083,26431,37423,53369,70583,86490,97273,97307,87643,65955,34948,12414,2719,75659,11315,699
United States,1951,831967,63897,74050,10153,4912,4090,7354,22178,31287,64043,126574,187494,189401,103986,15964,10555,11623,13156,18131,26916,37127,54286,72288,86901,100593,99099,90302,67993,35993,13170,2794,78962,11444,635
United States,1952,840991,66355,76156,9801,5207,4055,8343,23624,30186,64398,125540,190201,191219,105591,15907,11960,11664,12816,17370,26864,37534,54685,70855,88396,101805,99816,91403,69260,36331,13165,2742,81363,12398,563
United States,1953,851322,62962,72799,9837,5015,4135,7780,22612,29363,64105,125767,193794,197055,111312,17036,11676,10936,12831,16532,26640,37465,53988,71779,89134,104660,103143,93912,72211,39101,14104,2932,77814,11915,547
United States,1954,830004,61742,70788,9046,4757,3861,7175,21080,27986,61462,120310,189186,196406,109648,16812,10480,10600,12323,15663,24833,36629,51345,68965,85570,103616,103727,92679,70903,38745,13771,3041,75545,11036,531
United States,1955,854630,60767,69837,9070,4728,3884,7489,21383,27841,61755,121310,193087,206840,117995,17944,10363,11020,11730,16111,24985,36770,51531,69779,86689,106398,108924,97916,75282,42713,14625,3319,74565,11373,538
United States,1956,874908,61648,70585,8937,4656,3998,7572,21428,27859,62247,122825,197802,212769,123621,19007,10345,11083,11925,15934,24798,37449,51839,70986,88996,108806,112348,100421,78721,44900,15477,3530,75241,11570,542
United States,1957,910367,62844,71903,9059,4986,4423,7934,20841,29058,63905,127100,207745,222360,128965,20573,9846,10995,12351,16707,25288,38617,54224,72876,93416,114329,118302,104058,81518,47447,16713,3860,76889,12357,571
United States,1958,914034,62125,71336,9211,4835,4311,7742,19840,28938,62852,126738,206343,227011,132079,21451,9382,10458,11961,16977,24523,38329,54773,71965,93671,112672,119615,107396,83672,48407,17528,3923,76171,12053,557
United States,1959,922864,61567,70740,9173,5181,4673,8259,19656,29342,63608,128110,205848,231334,133641,21907,9397,10259,12147,17195,24447,39161,55839,72271,94392,111456,121749,109585,84121,49520,17919,3988,75921,12932,569
United States,1960,952348,61058,70580,9522,5293,4459,8389,19305,29527,65432,131709,211899,242906,138950,23279,9456,9849,12502,17025,25278,40154,57646,74063,96816,115083,127711,115195,87317,51633,19107,4172,75873,12848,618
United States,1961,944432,58929,67864,8935,5077,4438,8363,18696,29242,63960,130422,209376,241440,141022,23874,9486,9210,12548,16694,25257,38703,56958,73464,95006,114370,125284,116156,88247,52775,19575,4299,72941,12801,657
United States,1962,971924,57714,66294,8580,5009,4524,9016,19055,30171,64481,135067,214748,250072,147049,25742,9850,9205,12637,17534,25549,38932,59406,75661,96977,117771,129009,121063,91621,55428,21120,4622,71303,13540,699
United States,1963,1004248,56747,65653,8906,5104,4411,9638,20036,30553,66194,139980,221551,259444,154102,26871,10552,9484,12882,17671,26926,39268,60500,79480,99020,122531,133139,126305,96547,57555,22044,4827,70757,14049,710
United States,1964,994957,54796,63457,8661,5144,4687,10544,20968,31070,67004,140621,218466,254851,151351,26098,11232,9736,13133,17937,27848,39156,60168,80453,98229,120237,129793,125058,95795,55556,21354,4744,68601,15231,694
United States,1965,1011699,50184,58520,8336,5130,4871,11190,21893,31141,67233,143206,221942,260088,158014,27747,11650,10243,12303,18838,27195,40038,61280,81926,100557,121385,131291,128797,99987,58027,22597,5150,63650,16061,723
United States,1966,1029701,46775,54964,8189,5207,5048,12213,23597,31535,68842,146828,225464,264673,161843,28747,12987,10610,12249,19286,27799,41043,61672,85156,103234,122230,133350,131323,102686,59157,23354,5393,60171,17261,739
United States,1967,1023844,43568,51051,7483,5073,5008,12402,24796,31669,69319,145602,223449,263562,161843,29279,13765,11031,12178,19491,28203,41116,60056,85546,102815,120634,133354,130208,102338,59505,23655,5624,56124,17410,790
United States,1968,1064285,43095,50220,7125,5290,5304,13451,27335,32514,72804,149346,233676,274070,168661,30779,15130,12205,12558,19956,28754,44050,60831,88515,108372,125304,140483,133587,105944,62717,24809,5970,55510,18755,840
United States,1969,1059122,42682,49336,6654,5203,5247,14803,29145,32232,73424,147662,231784,268656,170602,30168,16209,12936,12653,19579,29154,44270,60007,87655,108694,123090,138059,130597,107278,63324,24240,5928,54539,20050,860
United States,1970,1057274,43356,49693,6337,4949,5299,15251,29198,31332,72944,148360,233557,265260,170482,30059,16373,12825,13066,18266,30050,42894,60945,87415,109467,124090,135660,129600,106405,64077,24238,5821,54642,20550,890
United States,1971,1053529,37298,43441,6143,4743,5197,15699,30821,30733,71477,145329,233890,264450,174914,31866,17168,13653,13043,17690,29577,41900,60378,84951,109727,124163,134142,130308,108024,66890,25671,6195,48184,20896,975
United States,1972,1071813,32821,38923,6102,4386,5254,15867,32728,30441,72746,145569,241108,272231,178311,33198,18303,14425,13318,17123,29401,43345,61417,84152,113961,127147,137892,134339,110845,67466,26722,6476,43309,21121,1054
United States,1973,1073779,30517,36545,6028,4362,5371,16321,34291,30901,70832,144281,241807,271366,181751,34868,19005,15286,13961,16940,28744,42088,62220,82061,113069,128738,136457,134909,111692,70059,28215,6653,40907,21692,1080
United States,1974,1050493,29688,35117,5429,3912,5003,15814,33800,29778,67714,140632,238879,264362,178936,35467,18894,14906,13900,15878,26715,40999,61402,79230,109902,128977,133214,131148,108327,70609,28797,6670,39029,20817,1072
United States,1975,1029750,27643,32581,4938,3643,4637,15237,35141,29412,65168,136780,234535,260005,175874,35676,19768,15373,13570,15842,24522,40646,58329,78451,107129,127406,131793,128212,106782,69092,28917,6759,36224,19874,1063
United States,1976,1031259,26313,31120,4807,3496,4356,14610,34224,28618,63587,135221,235046,261096,180212,38496,19133,15091,13398,15220,23213,40374,57023,78198,105944,129102,132848,128248,108436,71776,31015,7481,34616,18966,1173
United States,1977,1025833,26007,30634,4627,3462,4223,15195,35606,29535,61195,134019,231210,261125,180003,38461,19595,16011,14174,15361,22248,38947,56784,77235,102398,128812,133923,127202,108738,71265,30840,7621,34096,19418,1165
United States,1978,1035172,25218,29965,4747,3254,4046,15072,36334,30496,59376,134568,230666,264893,184538,40737,20106,16228,14628,15868,21455,37921,55555,79013,101106,129560,136759,128134,111641,72897,32441,8296,33219,19118,1229
United States,1979,1027683,25379,29867,4488,3090,3662,15165,38244,31188,56868,132716,226237,264499,183124,41750,20535,17709,15252,15936,20835,36033,54396,78320,98653,127584,137443,127056,111581,71543,33179,8571,32957,18827,1271
United States,1980,1057500,25407,30060,4653,2928,3492,14846,40125,32087,54932,134280,231449,275702,190575,45565,21225,18900,15871,16216,21215,33717,56535,77745,100822,130627,141933,133769,114032,76543,35999,9566,32988,18338,1461
United States,1981,1048850,23805,28298,4493,2757,3368,13165,38668,33052,53445,132594,228163,277969,190441,45428,19776,18892,16417,16635,21121,32324,56354,76240,100598,127565,143176,134793,113687,76754,35795,9633,31055,16533,1501
United States,1982,1042023,23624,27957,4333,2644,3160,12269,36082,33462,50723,129630,226055,281721,190719,46025,18464,17618,16609,16853,20241,30482,54273,75357,100602,125453,144685,137036,113616,77103,36208,9817,30601,15429,1578
United States,1983,1057884,22466,26876,4410,2471,3061,11162,34369,33555,49958,127652,228123,291088,199131,48707,17157,17212,16643,16912,20724,29234,52747,74905,103885,124238,148337,142751,117936,81195,38064,10643,29347,14223,1727
United States,1984,1063940,22286,26299,4013,2429,3056,10777,34870,35501,50566,124562,229039,294150,200432,50406,17471,17399,17707,17794,21608,28958,50429,74133,105212,123827,148714,145436,118395,82037,38979,11427,28728,13833,1857
United States,1985,1086651,22916,27037,4121,2395,3018,10666,34972,38565,52169,125068,229669,300297,207769,53056,17085,17887,19420,19145,22325,29844,47692,77376,102878,126791,150713,149584,123744,84025,40930,12126,29432,13684,1972
United States,1986,1093865,22061,26213,4152,2368,3056,11649,37103,43193,53344,122017,228058,301220,209616,54017,17864,19239,21906,21287,23578,29766,45503,76514,100979,127079,149103,152117,125974,83642,41696,12321,28581,14705,2007
United States,1987,1098244,21941,26089,4148,2589,2925,11162,35938,45170,54830,119734,228731,301650,212820,54525,16869,19069,22222,22948,24794,30036,44742,74992,101489,127242,146668,154982,127405,85415,42002,12523,28678,14087,2081
United States,1988,1117540,22423,26573,4150,2516,2912,11531,36157,47638,57701,117249,231790,302297,221270,57639,16862,19295,23289,24349,26435,31266,43508,73741,100314,131476,144743,157554,132557,88713,44641,12998,29089,14443,2262
United States,1989,1107469,23156,27221,4065,2448,2931,11172,35506,50369,59756,113192,228672,297632,220408,55874,15988,19518,24131,26238,27556,32200,42819,70373,98583,130089,142224,155408,133537,86871,43252,12622,29669,14103,2289
United States,1990,1107381,22640,26579,3939,2309,2738,11639,35746,51941,60401,107915,226701,298615,223852,56584,16361,19385,24056,27885,28290,32111,42836,65079,101233,125468,143468,155147,135002,88850,43550,13034,28888,14377,2361
United States,1991,1115857,21444,25435,3991,2248,2961,11392,34953,53199,63768,105132,226170,298990,231780,57440,16309,18644,24421,28778,30012,33756,42493,62639,102170,124000,144968,154022,139568,92212,43988,13452,27683,14353,2389
United States,1992,1118037,19874,23661,3787,2179,2843,10746,33430,54052,67972,103418,224384,297374,235801,59711,15627,17803,24605,29447,32218,35754,42716,60702,99498,124886,145046,152328,141438,94363,45733,13978,25840,13589,2469
United States,1993,1158565,19238,23205,3967,2163,2976,11184,33592,56802,71392,105728,225129,308628,251574,63662,15932,17660,25678,31124,34185,37207,45121,60607,99261,125868,153086,155542,149722,101852,48817,14845,25368,14160,2529
United States,1994,1161232,18144,21969,3825,2151,2974,11426,32636,57751,75031,106236,220327,308622,254968,64605,15538,17098,25793,31958,36369,38662,46767,59469,95585,124742,154160,154462,150523,104445,49735,14870,24120,14400,2536
United States,1995,1172940,16959,20565,3606,2180,2988,11029,31543,57319,78784,107660,218637,310563,261730,67286,14927,16616,25043,32276,38528,40256,47114,60546,89886,128751,150724,159839,153644,108086,52124,15162,22745,14017,2659
United States,1996,1164990,16403,19740,3337,2196,2776,10608,28705,49774,76368,107365,216466,312088,266779,69403,13868,14837,21096,28678,36153,40215,47195,60170,86892,129574,149189,162899,155178,111601,54038,15365,21936,13384,2717
United States,1997,1156714,16167,19296,3129,2055,2688,10261,27068,42888,72946,107629,210942,315108,270941,72154,13212,13856,17898,24990,33097,39849,48212,59417,83346,127596,150255,164853,154520,116421,56067,16087,21351,12949,2741
United States,1998,1161434,16322,19260,2938,2044,2615,9899,25958,40386,73661,109821,206168,320310,273959,74589,12975,12983,16419,23967,33306,40355,49075,60746,81448,124720,149408,170902,155077,118882,57898,16691,21304,12514,2769
United States,1999,1181315,16193,19173,2980,1953,2502,9707,25423,39493,76232,113592,200933,326018,285066,78411,12751,12672,15872,23621,33556,42676,50639,62953,80470,120463,150506,175512,159991,125075,61261,17150,21126,12209,2810
United States,2000,1183982,16281,19133,2852,1865,2553,9557,26235,38587,80021,115616,193328,324104,289341,80821,13452,12783,15429,23158,34062,45959,52591,63025,81197,112131,154489,169615,162742,126599,62997,17824,20998,12110,2823
United States,2001,1190525,15660,18572,2912,1724,2428,9638,27551,39657,81840,120003,188744,322773,292211,82612,14295,13256,15935,23722,34395,47445,54874,65129,80809,107935,154810,167963,165134,127077,64597,18015,20296,12066,2777
United States,2002,1208253,15933,18759,2826,1720,2466,9756,27882,38748,82714,126834,187082,323045,298890,87448,14695,13187,16042,22706,34930,47784,58147,68687,81848,105234,152790,170255,169257,129633,68550,18898,20479,12222,2908
United States,2003,1212034,16274,19128,2854,1637,2497,9700,28277,37765,84078,130971,187064,316343,302827,88827,15025,13252,15817,21948,34674,49404,59924,71047,83918,103146,148137,168206,174661,128166,69631,19196,20765,12197,2914
United States,2004,1193067,16084,18756,2672,1667,2359,9652,28670,35817,81787,133334,183946,303667,301924,88666,14934,13736,15070,20747,33141,48646,62096,71238,83928,100018,139108,164559,174137,127787,69295,19371,20423,12011,2820
United States,2005,1220482,16477,19306,2829,1583,2289,9868,30046,35577,82526,140946,186823,305820,308833,93923,15652,14394,15299,20278,33230,49296,66460,74486,85550,101273,133966,171854,172632,136201,73479,20444,20889,12157,2944
United States,2006,1215651,16676,19245,2569,1553,2092,9900,31472,35672,80828,144248,187609,297920,307912,94241,16152,15320,15293,20379,31971,48857,67356,76892,86862,100747,126322,171598,169937,137975,73382,20859,20798,11992,2957
United States,2007,1218064,16879,19569,2690,1524,2072,9506,31086,35002,78283,145904,191418,291420,313053,96226,15825,15261,14912,20090,30481,47802,66637,79267,90601,100817,123462,167958,171651,141402,74385,21841,21093,11578,2996
United States,2008,1242049,16096,18809,2713,1396,1886,8973,30289,34283,76123,149430,199535,292342,324750,101043,15202,15087,14857,19426,28881,47242,68007,81423,94607,104928,123506,168836,173222,151528,77747,23296,20205,10859,3187
United States,2009,1234046,15226,17738,2512,1411,1857,8169,28875,33960,74461,153241,202342,280990,324924,102827,14241,14634,14800,19160,28164,46297,68622,84619,96013,106329,120726,160264,172088,152836,79079,23748,19149,10026,3247
United States,2010,1250579,13921,16419,2498,1315,1751,7907,28383,32830,71034,155894,205296,277944,336629,111724,13957,14426,14881,17949,26210,44824,67198,88696,97999,107297,123863,154081,182642,153987,86498,25226,17734,9658,3455
United States,2011,1274677,13380,15798,2418,1409,1817,7698,28985,33242,69747,159150,212327,275978,346202,118583,14312,14673,15516,17726,26228,43519,68187,90963,101735,110592,125511,150467,189523,156679,92054,26529,17207,9515,3737
United States,2012,1294294,13263,15700,2437,1338,1737,7293,29190,33725,67873,160453,223512,274955,349270,125186,14204,14986,16026,17699,26132,41741,68076,92377,106296,117216,126261,148694,187523,161747,96884,28302,17038,9030,4060
United States,2013,1328050,13158,15504,2346,1394,1703,6827,29225,34597,67501,163262,232610,281960,354000,135135,14101,15124,16630,17967,26198,41303,68000,95262,110044,122566,132503,149457,189031,164969,105068,30067,16898,8530,4327
United States,2014,1349757,12957,15155,2198,1402,1819,6925,29980,36216,66250,165294,242562,287333,350445,141788,14285,15695,17295,18921,25971,40279,67906,97388,116229,126333,137017,150316,184559,165886,109420,32368,16557,8744,4592
United States,2015,1392481,13000,15317,2317,1426,1847,7276,32317,39518,66339,166487,256409,296853,357175,146613,15118,17199,18833,20685,26316,40023,67729,98758,124335,132074,140734,156119,180923,176252,110934,35679,16743,9123,4904
United States,2016,1416102,12848,15126,2278,1423,1811,7840,35701,44319,68516,166996,265359,303926,352887,146847,16255,19446,20978,23341,27351,41165,66633,100363,128011,137348,146404,157522,174921,177966,109818,37029,16549,9651,5348
United States,2017,1449734,12402,14641,2239,1348,2054,7997,35868,46874,69641,166059,271887,317268,359563,150314,15636,20232,22082,24792,27648,41993,65355,100704,129669,142218,155984,161284,177857,181706,112135,38179,15989,10051,6213
United States,2018,1463421,11970,14244,2274,1317,1920,7547,34108,46904,69778,164382,280607,330060,357793,148467,14649,19459,21659,25245,27977,41801,63405,100977,133794,146813,161924,168136,175843,181950,108406,40061,15561,9467,6293
United States,2019,1472281,11647,13716,2069,1331,2004,7659,33874,48423,70823,162434,287564,337118,355837,145022,14515,19359,22342,26081,29400,41423,62228,100206,134987,152577,165190,171928,175683,180154,104762,40260,15047,9663,6475
United States,2020,1739678,11248,13258,2010,1316,2197,8927,39602,60355,85613,185375,345616,409772,415271,164464,16989,22613,27971,32384,37196,48417,72281,113094,158008,187608,202976,206796,209096,206175,122180,42284,14574,11124,7908
United States,2021,1787492,11184,13123,1939,1267,1863,9353,43885,61859,83546,211511,371523,429031,390966,160951,19048,24837,29650,32209,36119,47427,80444,131067,175920,195603,219336,209695,209133,181833,119760,41191,14390,11216,8614
United States Virgin Islands,1950,195,27,35,8,6,5,5,10,10,14,20,31,35,18,2,5,5,5,5,5,9,10,10,15,16,20,15,12,6,2,0,41,10,0
United States Virgin Islands,1951,226,28,36,8,7,5,5,10,20,20,21,37,38,28,3,5,5,10,10,10,10,10,11,17,20,20,18,15,13,3,0,43,10,0
United States Virgin Islands,1952,191,24,31,7,5,5,5,10,10,13,20,29,37,20,3,5,5,5,5,5,8,10,10,14,15,20,17,12,8,3,0,36,10,0
United States Virgin Islands,1953,166,23,30,7,5,5,5,10,10,10,20,27,33,17,3,5,5,5,5,5,5,10,10,12,15,17,16,11,6,3,0,35,10,0
United States Virgin Islands,1954,135,22,28,6,3,0,4,4,9,10,12,24,30,12,0,4,0,4,5,5,5,5,7,10,14,15,15,8,4,0,0,31,4,0
United States Virgin Islands,1955,143,23,29,6,5,5,5,8,10,10,17,24,30,9,0,5,3,5,5,5,5,7,10,10,14,15,15,8,1,0,0,34,10,0
United States Virgin Islands,1956,158,25,30,5,5,5,5,10,10,10,18,25,30,13,0,5,5,5,5,5,5,8,10,10,15,15,15,11,2,0,0,35,10,0
United States Virgin Islands,1957,166,26,31,5,5,5,5,10,10,10,18,25,33,17,0,5,5,5,5,5,5,8,10,10,15,18,15,12,5,0,0,36,10,0
United States Virgin Islands,1958,171,27,32,5,5,5,5,10,10,10,17,26,35,20,1,5,5,5,5,5,5,7,10,11,15,18,17,13,7,1,0,37,10,0
United States Virgin Islands,1959,186,26,30,4,5,5,5,10,10,14,20,27,38,23,2,5,5,5,5,5,9,10,10,12,15,19,19,14,9,2,0,35,10,0
United States Virgin Islands,1960,193,25,29,4,5,5,5,10,10,15,20,27,40,24,4,5,5,5,5,5,10,10,10,11,16,20,20,13,11,4,0,34,10,0
United States Virgin Islands,1961,253,24,28,4,5,5,5,10,10,20,21,35,50,54,11,5,5,5,5,10,10,10,11,15,20,25,25,25,29,11,0,33,10,0
United States Virgin Islands,1962,254,25,29,4,5,5,5,10,10,20,21,35,50,47,11,5,5,5,5,10,10,10,11,15,20,25,25,22,25,11,0,34,10,0
United States Virgin Islands,1963,258,25,29,4,5,5,5,10,17,22,26,35,50,42,12,5,5,9,8,10,12,14,12,15,20,25,25,22,20,11,1,34,10,0
United States Virgin Islands,1964,255,28,32,4,5,5,5,10,19,22,30,35,49,36,12,5,5,9,10,10,12,15,15,15,20,24,25,21,15,11,1,37,10,0
United States Virgin Islands,1965,260,30,34,4,5,5,5,10,20,23,30,36,49,36,11,5,5,10,10,10,13,15,15,16,20,24,25,21,15,10,1,39,10,0
United States Virgin Islands,1966,260,28,32,4,5,5,5,19,20,23,30,36,47,32,9,9,10,10,10,10,13,15,15,16,20,22,25,20,12,8,1,37,10,0
United States Virgin Islands,1967,265,32,36,4,5,5,5,20,20,23,30,35,43,31,9,10,10,10,10,10,13,15,15,15,20,20,23,19,12,8,1,41,10,0
United States Virgin Islands,1968,261,33,37,4,5,5,5,20,20,23,30,34,40,31,6,10,10,10,10,10,13,15,15,15,19,20,20,19,12,5,1,42,10,0
United States Virgin Islands,1969,265,34,38,4,5,5,6,20,20,23,32,36,40,30,6,10,10,10,10,10,13,15,17,16,20,20,20,18,12,5,1,43,11,0
United States Virgin Islands,1970,273,39,43,4,7,5,6,20,20,25,35,40,38,27,5,10,10,10,10,10,15,15,20,20,20,20,18,15,12,5,0,50,11,0
United States Virgin Islands,1971,281,39,43,4,7,5,7,23,21,27,37,40,37,27,4,10,13,11,10,12,15,17,20,20,20,20,17,15,12,4,0,50,12,0
United States Virgin Islands,1972,282,37,41,4,5,5,6,20,20,26,37,40,40,26,4,10,10,10,10,11,15,17,20,20,20,20,20,15,11,4,0,46,11,0
United States Virgin Islands,1973,283,34,39,5,5,5,5,20,20,26,37,41,40,27,3,10,10,10,10,11,15,17,20,21,20,20,20,16,11,3,0,44,10,0
United States Virgin Islands,1974,290,32,38,6,5,5,6,20,22,26,39,50,44,27,3,10,10,12,10,11,15,18,21,25,25,24,20,17,10,3,0,43,11,0
United States Virgin Islands,1975,299,31,37,6,6,5,7,20,26,28,40,50,47,28,3,10,10,14,12,13,15,18,22,25,25,25,22,18,10,3,0,43,12,0
United States Virgin Islands,1976,307,30,36,6,8,5,8,20,28,30,41,55,48,28,3,10,10,13,15,15,15,18,23,28,27,25,23,18,10,3,0,44,13,0
United States Virgin Islands,1977,316,30,35,5,9,5,8,20,28,30,42,58,53,29,3,10,10,13,15,15,15,18,24,28,30,27,26,19,10,3,0,44,13,0
United States Virgin Islands,1978,328,31,36,5,10,5,10,20,28,30,41,62,56,30,3,10,10,13,15,15,15,18,23,30,32,29,27,20,10,3,0,46,15,0
United States Virgin Islands,1979,339,29,33,4,10,6,10,20,28,31,46,66,58,34,3,10,10,13,15,15,16,20,26,31,35,30,28,23,11,3,0,43,16,0
United States Virgin Islands,1980,355,30,34,4,10,8,10,20,27,30,46,69,65,36,3,10,10,12,15,15,15,20,26,32,37,34,31,24,12,3,0,44,18,0
United States Virgin Islands,1981,359,29,33,4,10,7,10,20,26,30,44,71,67,39,3,10,10,11,15,15,15,20,24,33,38,36,31,25,14,3,0,43,17,0
United States Virgin Islands,1982,356,29,33,4,5,5,10,14,25,30,44,72,67,39,3,9,5,10,15,15,15,19,25,34,38,37,30,25,14,3,0,38,15,0
United States Virgin Islands,1983,360,29,33,4,5,5,10,14,23,31,45,72,70,39,3,9,5,9,14,15,16,20,25,33,39,39,31,25,14,3,0,38,15,0
United States Virgin Islands,1984,364,27,31,4,5,5,10,16,21,33,47,72,76,37,4,11,5,8,13,15,18,21,26,32,40,43,33,23,14,4,0,36,15,0
United States Virgin Islands,1985,368,26,30,4,5,5,9,17,21,35,47,76,79,37,4,11,6,8,13,15,20,21,26,34,42,44,35,24,13,4,0,35,14,0
United States Virgin Islands,1986,371,24,28,4,5,5,9,16,21,37,51,76,80,36,5,10,6,9,12,17,20,22,29,34,42,44,36,23,13,5,0,33,14,0
United States Virgin Islands,1987,377,24,28,4,5,5,8,17,21,38,52,79,82,37,5,10,7,9,12,18,20,24,28,35,44,44,38,23,14,5,0,33,13,0
United States Virgin Islands,1988,371,22,26,4,5,5,7,17,19,37,52,78,87,35,5,10,7,8,11,17,20,24,28,36,42,46,41,23,12,5,0,31,12,0
United States Virgin Islands,1989,375,22,26,4,5,5,5,17,18,38,55,78,89,36,5,9,8,7,11,17,21,25,30,36,42,47,42,23,13,5,0,31,10,0
United States Virgin Islands,1990,380,20,24,4,5,5,5,16,17,39,57,81,90,36,4,7,9,7,10,17,22,26,31,37,44,48,42,25,11,4,0,29,10,0
United States Virgin Islands,1991,388,19,23,4,5,5,5,15,16,39,59,83,95,37,4,5,10,6,10,15,24,27,32,39,44,51,44,26,11,4,0,28,10,0
United States Virgin Islands,1992,407,18,22,4,5,5,5,13,18,39,62,87,97,50,7,5,8,8,10,15,24,28,34,41,46,50,47,33,17,7,0,27,10,0
United States Virgin Islands,1993,422,16,19,3,5,5,5,12,20,39,66,89,101,58,9,5,7,10,10,14,25,30,36,42,47,51,50,37,21,9,0,24,10,0
United States Virgin Islands,1994,437,15,18,3,5,5,5,11,20,38,69,91,105,65,10,5,6,10,10,14,24,31,38,43,48,53,52,41,24,9,1,23,10,0
United States Virgin Islands,1995,452,13,17,4,5,5,5,10,20,37,74,95,107,72,12,5,5,10,10,13,24,34,40,45,50,54,53,45,27,11,1,22,10,0
United States Virgin Islands,1996,460,12,14,2,5,5,5,10,19,37,75,98,111,76,12,5,5,9,10,13,24,34,41,45,53,56,55,47,29,11,1,19,10,0
United States Virgin Islands,1997,491,12,13,1,5,5,5,10,19,38,82,103,114,80,11,5,5,9,10,14,24,38,44,49,54,58,56,50,30,10,1,18,10,0
United States Virgin Islands,1998,499,11,12,1,5,5,5,10,18,36,85,107,116,87,12,5,5,8,10,14,22,38,47,50,57,60,56,52,35,11,1,17,10,0
United States Virgin Islands,1999,520,10,11,1,5,5,5,10,17,37,87,110,122,93,13,5,5,7,10,15,22,38,49,53,57,63,59,53,40,12,1,16,10,0
United States Virgin Islands,2000,528,10,11,1,5,5,5,10,17,36,87,114,125,100,17,5,5,7,10,15,21,37,50,55,59,65,60,53,47,16,1,16,10,0
United States Virgin Islands,2001,536,10,11,1,5,5,5,10,16,35,87,116,127,99,20,5,5,6,10,14,21,36,51,56,60,65,62,53,46,19,1,16,10,0
United States Virgin Islands,2002,544,9,9,0,5,5,5,10,15,34,87,123,133,100,22,5,5,5,10,14,20,34,53,60,63,68,65,55,45,21,1,14,10,0
United States Virgin Islands,2003,558,8,8,0,5,5,5,10,14,33,85,130,139,105,24,5,5,5,9,13,20,32,53,64,66,70,69,59,46,22,2,13,10,0
United States Virgin Islands,2004,580,8,8,0,4,5,5,10,14,34,86,138,147,109,24,5,5,5,9,13,21,32,54,68,70,74,73,61,48,22,2,12,10,0
United States Virgin Islands,2005,594,7,7,0,4,5,5,10,13,33,86,146,151,113,24,5,5,5,8,13,20,31,55,71,75,75,76,65,48,22,2,11,10,0
United States Virgin Islands,2006,630,8,8,0,4,5,5,10,14,36,88,156,160,119,22,5,5,5,9,14,22,33,55,76,80,80,80,69,50,20,2,12,10,0
United States Virgin Islands,2007,668,8,8,0,4,5,5,10,15,39,90,172,174,124,24,5,5,5,10,15,24,34,56,82,90,89,85,74,50,20,4,12,10,0
United States Virgin Islands,2008,685,8,8,0,4,5,5,10,14,38,86,178,180,132,25,5,5,5,9,14,24,34,52,83,95,91,89,78,54,21,4,12,10,0
United States Virgin Islands,2009,707,8,8,0,4,5,5,10,14,38,87,183,190,139,24,5,5,5,9,14,24,36,51,83,100,97,93,80,59,21,3,12,10,0
United States Virgin Islands,2010,726,7,7,0,4,5,5,10,14,35,87,187,198,149,27,5,5,5,9,13,22,36,51,81,106,101,97,82,67,24,3,11,10,0
United States Virgin Islands,2011,734,7,7,0,4,3,5,10,13,34,85,187,206,152,29,5,5,5,8,13,21,35,50,79,108,107,99,85,67,26,3,11,8,0
United States Virgin Islands,2012,756,6,6,0,4,2,5,10,13,34,86,189,220,154,31,5,5,5,8,13,21,35,51,77,112,116,104,89,65,28,3,10,7,0
United States Virgin Islands,2013,774,6,6,0,3,2,5,10,13,33,89,189,230,156,33,5,5,5,8,12,21,36,53,75,114,122,108,91,65,30,3,9,7,0
United States Virgin Islands,2014,790,5,5,0,3,2,5,10,13,33,89,191,245,161,34,5,5,5,8,12,21,36,53,75,116,131,114,95,66,30,4,8,7,0
United States Virgin Islands,2015,783,5,5,0,2,0,5,10,12,31,86,181,251,160,33,5,5,5,7,11,20,33,53,72,109,134,117,95,65,29,4,7,5,0
United States Virgin Islands,2016,794,5,5,0,2,0,4,10,11,30,86,182,265,166,33,5,5,5,6,11,19,32,54,72,110,140,125,100,66,29,4,7,4,0
United States Virgin Islands,2017,814,5,5,0,4,1,5,10,12,30,88,180,277,169,32,5,5,5,7,11,19,33,55,73,107,144,133,101,68,28,4,9,6,0
United States Virgin Islands,2018,821,4,4,0,3,0,5,10,12,30,88,178,289,173,32,5,5,5,7,11,19,33,55,75,103,147,142,105,68,28,4,7,5,0
United States Virgin Islands,2019,831,4,4,0,3,0,5,10,12,30,85,181,295,175,32,5,5,5,7,11,19,32,53,78,103,146,149,107,68,28,4,7,5,0
United States Virgin Islands,2020,852,4,4,0,3,1,5,10,12,30,84,183,305,186,33,5,5,5,7,11,19,32,52,80,103,147,158,115,71,28,5,7,6,0
United States Virgin Islands,2021,868,4,4,0,3,1,5,10,12,30,87,185,313,192,33,5,5,5,7,11,19,32,55,80,105,147,166,122,70,28,5,7,6,0
Upper-middle-income countries,1950,9860920,2462427,3592119,1129692,350702,231883,224283,507545,515251,729723,987991,1305167,960627,408218,46844,258891,248654,242757,272494,337974,391749,460618,527373,654946,650221,529741,430886,276747,131471,39251,7593,3942821,456166,565
Upper-middle-income countries,1951,9728252,2458241,3616227,1157986,344289,220854,219162,500558,500393,713931,967040,1269704,938964,391564,44847,255520,245038,235054,265339,328384,385547,450316,516724,635748,633956,525103,413861,266088,125476,38008,6839,3960516,440016,719
Upper-middle-income countries,1952,9664325,2555022,3720423,1165401,329320,210170,214349,490984,484051,693357,944524,1234505,920104,378217,43579,248985,241999,228098,255953,317560,375797,441904,502620,616892,617613,526044,394060,258030,120187,37107,6472,4049743,424519,741
Upper-middle-income countries,1953,9509969,2506936,3686656,1179720,362261,197898,207832,481641,467177,673297,921356,1200647,901436,366361,42651,241317,240324,222375,244802,308656,364641,435681,485675,598733,601914,528372,373064,250698,115663,36246,6405,4048917,405730,755
Upper-middle-income countries,1954,9427249,2522522,3727054,1204532,343926,188164,199456,470860,453589,658323,908589,1183246,893037,358167,42110,234351,236509,219573,234016,301897,356426,435890,472699,588036,595210,532044,360993,245030,113137,35655,6455,4070980,387620,728
Upper-middle-income countries,1955,9426952,2495406,3690269,1194863,357395,186173,196005,470629,452497,657057,917502,1195456,905007,356004,42267,233640,236989,221977,230520,301257,355800,444585,472917,594685,600771,541083,363924,243395,112609,35673,6594,4047664,382178,691
Upper-middle-income countries,1956,9200374,2378077,3551861,1173784,364672,182512,188913,461848,443942,639646,905258,1176617,896999,345601,41802,229580,232268,219223,224719,293732,345914,439389,465869,588927,587690,532733,364266,235879,109722,34961,6841,3916533,371425,702
Upper-middle-income countries,1957,9241797,2427827,3572185,1144358,379533,183259,183621,460154,444628,635799,912088,1177975,910578,340242,40993,229013,231141,221354,223274,291389,344410,440637,471451,590513,587462,534898,375680,231359,108883,34066,6927,3951718,366880,741
Upper-middle-income countries,1958,9075683,2310621,3424672,1114051,396735,187538,176868,453761,444446,625208,909941,1167204,917127,331596,39788,226178,227583,222697,221749,284426,340782,435473,474468,583556,583648,533354,383773,224150,107446,33089,6699,3821407,364406,799
Upper-middle-income countries,1959,11430390,2652535,4461983,1809448,624475,299259,227852,573166,576513,773664,1099173,1339867,1053550,355497,44303,283568,289598,287151,289362,350727,422937,522773,576400,669941,669926,611540,442010,240510,114987,35900,8403,5086458,527111,1088
Upper-middle-income countries,1960,13175192,2899570,5142074,2242504,860415,411105,269423,655596,681863,893880,1252615,1471102,1130758,362380,42820,322113,333483,336281,345582,404101,489779,592197,660418,734820,736282,659256,471502,249133,113247,35045,7775,6002489,680528,1161
Upper-middle-income countries,1961,10549402,2254065,3732587,1478522,636216,324433,219002,548416,573662,751777,1085228,1305639,997514,334120,39684,267493,280923,284517,289145,337638,414139,507801,577427,649714,655925,580185,417329,230653,103467,32673,7011,4368803,543435,1123
Upper-middle-income countries,1962,8463482,2093904,2910397,816493,380448,216415,165478,430824,453534,599096,911889,1148879,890672,316608,38073,207639,223185,225462,228072,267351,331745,422115,489774,570713,578166,514102,376570,219791,96817,31340,6733,3290845,381893,1169
Upper-middle-income countries,1963,8779954,2451522,3259365,807843,369753,221977,168483,419154,452805,589096,903460,1149894,890950,317205,36685,199053,220101,222328,230477,265239,323857,418630,484830,576253,573641,512429,378521,223482,93723,30405,6280,3629118,390460,1126
Upper-middle-income countries,1964,8702388,2369602,3247209,877607,343439,223201,173286,405218,447746,576699,892033,1148486,891024,317379,35623,190351,214867,217856,229890,263887,312812,414206,477827,582876,565610,510982,380042,225249,92130,29616,6007,3590648,396487,1045
Upper-middle-income countries,1965,8634722,2258172,3188921,930749,319073,225073,179829,397550,447710,571624,888208,1157243,900541,322179,35689,185685,211865,216143,231567,265492,306132,412420,475788,591868,565375,517193,383348,228305,93874,29548,6141,3507994,404902,1081
Upper-middle-income countries,1966,8511848,2168173,3112308,944135,295708,223908,186217,388379,445445,566231,874338,1156205,900992,325629,35463,181513,206866,213787,231658,265550,300681,405666,468672,591438,564767,519743,381249,229573,96056,29286,6177,3408016,410125,1025
Upper-middle-income countries,1967,8375062,2049739,2983475,933736,286551,219721,191724,382130,442957,565549,863438,1162211,907269,333361,35640,181487,200643,212511,230446,267883,297666,399023,464415,591075,571136,523547,383722,234009,99352,29282,6358,3270026,411445,1036
Upper-middle-income countries,1968,8395778,2103195,2990110,886915,299656,213050,196621,377649,438107,567722,852010,1167873,912720,343387,35856,185556,192093,210583,227524,271863,295859,389620,462390,587302,580571,525235,387485,240731,102656,29393,6463,3289766,409671,1016
Upper-middle-income countries,1969,8387110,2087676,2936114,848438,315283,202182,199782,379174,435206,573855,844386,1184124,924760,354169,37002,193994,185180,209655,225551,275768,298087,380249,464137,587395,596729,529115,395645,247539,106630,30406,6596,3251397,401964,1071
Upper-middle-income countries,1970,8295289,2024656,2843658,819002,327778,189925,202124,381043,427812,575559,829522,1187530,931616,359596,38049,202164,178879,206010,221802,276153,299406,369908,459614,582733,604797,530071,401545,250968,108628,31477,6572,3171436,392049,1077
Upper-middle-income countries,1971,8065618,1912753,2685638,772885,326609,171176,196753,376954,413907,569571,808764,1175190,937654,362644,39669,205406,171548,198073,215834,272036,297535,360305,448459,571619,603571,531958,405696,251793,110851,32957,6712,3012247,367929,1089
Upper-middle-income countries,1972,7916756,1799296,2532759,733463,321512,164238,194281,382493,406397,570795,798473,1174217,956801,372707,40992,210785,171708,191542,214855,269697,301098,357639,440834,568281,605936,542910,413891,257131,115576,34101,6891,2854271,358519,1091
Upper-middle-income countries,1973,7748120,1699016,2383151,684135,306512,168092,189277,390215,394417,569013,782743,1166367,971701,382814,42700,214887,175328,181710,212707,264087,304926,354369,428374,563931,602436,553556,418145,262376,120438,35744,6956,2689663,357369,1118
Upper-middle-income countries,1974,7646811,1579964,2212776,632812,292295,179594,184400,407208,390289,574028,780754,1177434,1003143,398505,45251,221016,186192,176019,214270,262521,311507,359747,421007,569225,608209,575209,427934,272169,126336,38116,7135,2505071,363994,1134
Upper-middle-income countries,1975,7530061,1441357,2022084,580727,282339,188694,176154,421156,385393,578764,782647,1189002,1036730,416811,49128,224876,196280,171126,214267,261393,317371,366836,415811,573076,615926,595451,441279,284356,132455,41377,7751,2304423,364848,1157
Upper-middle-income countries,1976,7404431,1341243,1864318,523075,264402,194798,167027,426521,377042,579473,786971,1191426,1065269,432786,53169,223433,203088,166714,210328,259843,319630,372788,414183,571333,620093,609258,456011,295628,137158,44419,8750,2128720,361825,1229
Upper-middle-income countries,1977,7301287,1246984,1717409,470425,254669,193918,162568,432429,373049,580451,796733,1191077,1094567,448034,55142,222474,209955,168213,204836,260828,319623,381307,415426,566715,624362,621033,473534,306450,141584,45753,9389,1972078,356486,1239
Upper-middle-income countries,1978,7264287,1190920,1617055,426135,240444,188526,166954,439928,372507,580998,813298,1193705,1126285,465543,57749,221802,218126,175508,196999,262980,318018,393475,419823,560824,632881,631554,494731,318266,147277,47617,10132,1857499,355480,1294
Upper-middle-income countries,1979,7283187,1171689,1560888,389199,224022,182989,174587,441565,376139,582325,832845,1197237,1163460,484698,61044,217852,223713,186690,189449,265776,316549,404290,428555,553136,644101,644052,519408,330214,154484,50166,10878,1784910,357576,1386
Upper-middle-income countries,1980,7319918,1150562,1513649,363087,207359,178751,183383,445543,385449,582342,852764,1200820,1197928,506181,64206,214019,231524,200316,185133,266778,315564,412785,439979,548819,652001,656959,540969,344257,161924,52664,11542,1721008,362134,1539
Upper-middle-income countries,1981,7327581,1132179,1476507,344328,189975,173547,191095,443598,393864,578554,866041,1201017,1222501,524056,65148,208639,234959,211333,182531,263591,314963,416371,449670,549427,651590,665385,557116,356942,167114,53211,11937,1666482,364642,1676
Upper-middle-income countries,1982,7363787,1135881,1469565,333684,176786,168229,193514,441305,404183,572408,877525,1202522,1245280,545633,65131,205950,235355,219457,184726,256186,316222,415690,461835,553790,648732,673946,571334,372934,172699,53368,11763,1646351,361743,1706
Upper-middle-income countries,1983,7328199,1058986,1384783,325797,161619,161235,187709,436707,416389,563112,892178,1207614,1275676,572732,66680,205966,230741,225668,190721,244760,318352,413681,478497,562174,645440,688899,586777,392396,180336,54659,12021,1546402,348944,1762
Upper-middle-income countries,1984,7383304,1045423,1364083,318660,151055,152155,183370,439883,434416,557190,905564,1216526,1307740,600916,68594,214153,225730,231488,202928,234732,322458,412156,493408,576040,640486,705122,602618,413078,187838,56321,12273,1515138,335525,1811
Upper-middle-income countries,1985,7400315,1047959,1357860,309901,144222,142805,180183,437684,447070,543338,903524,1222564,1325598,623553,70151,221573,216111,233287,213783,224633,318705,405806,497718,587568,634996,711535,614063,428468,195085,57791,12360,1502082,322988,1762
Upper-middle-income countries,1986,7353700,1064963,1366396,301433,137813,130821,175000,430782,447514,522101,886566,1223468,1321213,638817,71420,226772,204010,228860,218654,215958,306143,396531,490035,591465,632003,705073,616140,437154,201663,59114,12306,1504209,305821,1789
Upper-middle-income countries,1987,7444849,1085583,1386332,300749,135844,121017,171535,430685,457329,518602,892916,1249546,1337675,666584,74705,229650,201035,229378,227951,218835,299767,399799,493117,608439,641107,708020,629655,452807,213777,62156,12549,1522176,292552,2077
Upper-middle-income countries,1988,7531890,1053537,1361924,308387,136513,113107,169980,440384,472144,521158,900836,1285233,1355200,694136,78863,230363,210021,231741,240403,230252,290906,405749,495087,631182,654051,707973,647227,467887,226249,65805,13058,1498437,283087,2410
Upper-middle-income countries,1989,7607450,1046137,1357677,311540,133872,105668,161875,438576,472303,525803,905585,1321969,1373046,724900,83456,222094,216482,226032,246271,245498,280305,410734,494851,649045,672924,706512,666534,484871,240029,69804,13652,1491549,267543,2718
Upper-middle-income countries,1990,7768916,1047125,1355718,308593,132176,101782,156569,451325,478638,542065,917738,1370742,1406149,763293,89667,222487,228838,223017,255621,266498,275567,417900,499838,671138,699604,716374,689775,508045,255248,75120,14547,1487894,258351,3054
Upper-middle-income countries,1991,7718376,926760,1228622,301862,129589,97633,146874,452905,476395,554352,918966,1401453,1423412,790252,94699,217008,235897,217480,258915,282959,271393,416668,502298,683149,718304,725254,698158,523351,266901,79711,14988,1358211,244507,3224
Upper-middle-income countries,1992,7767688,849254,1134957,285703,127653,95503,140042,459533,487370,580799,930066,1443352,1445316,819992,100047,216919,242614,221286,266084,301905,278894,415505,514561,696947,746405,740441,704875,540895,279097,84621,15426,1262610,235545,3058
Upper-middle-income countries,1993,7979694,802978,1066280,263302,128417,95200,134596,456423,510445,631162,957199,1523612,1495726,870786,107195,214471,241952,233779,276666,329175,301987,415196,542003,722507,801105,773611,722115,573691,297095,91408,15787,1194697,229796,2653
Upper-middle-income countries,1994,8074045,761725,1001724,239999,126903,93766,128544,442834,518563,672222,960507,1566050,1534014,911984,114459,206352,236482,242967,275596,342654,329568,400285,560222,727887,838163,805526,728488,600048,311936,97695,16764,1128627,222310,2474
Upper-middle-income countries,1995,8088508,722188,940425,218237,128118,92799,126148,438653,522752,703009,942484,1570928,1562712,938111,120075,202124,236529,252682,270070,348187,354822,382225,560259,719035,851893,830422,732290,613875,324236,102457,17618,1068543,218947,2293
Upper-middle-income countries,1996,8026772,677944,876978,199034,125177,91708,121024,418803,513891,714006,916695,1566332,1598597,955579,125613,188793,230010,255502,258389,344016,369990,369838,546857,712270,854062,853362,745235,620850,334729,106814,18799,1002155,212732,2368
Upper-middle-income countries,1997,7982518,635693,819801,184108,118171,91407,118284,401120,503416,719189,898990,1564556,1640765,972321,131958,177352,223768,253594,249822,338876,380313,371965,527025,713164,851392,878621,762144,626163,346158,111740,20218,937972,209691,2540
Upper-middle-income countries,1998,8016946,596571,766908,170337,109870,92214,117449,389234,503719,733393,894389,1571891,1700129,995705,139129,169430,219804,250367,253352,337606,395787,390398,503991,721203,850688,913441,786688,634102,361603,117321,21808,876778,209663,2916
Upper-middle-income countries,1999,8171575,562413,720602,158189,101275,93713,118518,385235,520842,755526,916586,1604147,1775825,1027601,148183,167342,217893,251902,268940,340552,414974,426859,489727,742819,861328,953057,822768,646371,381230,124745,23438,821877,212231,3521
Upper-middle-income countries,2000,8342288,538799,682530,143731,90638,93979,117653,378594,537789,767328,946851,1633336,1860430,1070030,159018,164714,213880,255444,282345,337535,429793,467696,479155,758993,874343,992877,867553,668158,401872,133651,25367,773168,211632,4112
Upper-middle-income countries,2001,8395431,499260,632536,133276,82865,92217,115795,364830,545055,764506,969634,1637471,1915692,1103129,167239,160290,204540,253262,291793,330317,434189,498875,470759,757133,880338,1014242,901450,689490,413639,140615,26624,715401,208012,4461
Upper-middle-income countries,2002,8541766,467166,589850,122684,77029,88530,115824,359822,555513,771950,1014072,1653923,1985300,1147879,177451,160603,199219,254255,301258,330429,441521,529397,484675,750891,903032,1037312,947988,720361,427518,149356,28095,666879,204354,4622
Upper-middle-income countries,2003,8664354,437768,550662,112894,72735,83810,116380,358176,556149,782615,1070274,1646420,2042076,1191643,188681,162996,195180,255170,300979,338564,444051,556383,513891,724827,921593,1046800,995276,751768,439875,158918,29763,623397,200190,4731
Upper-middle-income countries,2004,8728950,416031,520792,104761,68139,78652,116284,352017,547054,784892,1119968,1623903,2073062,1238856,200577,162398,189619,249107,297947,349685,435207,567505,552463,691884,932019,1046460,1026602,786688,452168,168815,31762,588931,194936,4754
Upper-middle-income countries,2005,8824357,394683,490369,95686,64811,72243,115713,345655,534870,786123,1175774,1611758,2113346,1296760,212134,160332,185323,240082,294788,362135,423988,578402,597372,671721,940037,1054302,1059044,826906,469854,178749,33385,555180,187956,4801
Upper-middle-income countries,2006,8792302,374530,462164,87634,61024,66500,113981,342916,516254,773337,1193878,1573746,2118937,1344141,220562,159971,182945,228375,287879,368688,404649,571390,622488,653613,920133,1050498,1068439,855821,488320,185401,35161,523188,180481,4862
Upper-middle-income countries,2007,8890121,356205,437572,81367,57969,62672,110040,339829,501744,768796,1220792,1573787,2162087,1416501,233161,158804,181025,218744,283000,372948,395848,571633,649159,669276,904511,1072713,1089374,899735,516766,195285,37876,495541,172712,5169
Upper-middle-income countries,2008,9002425,341842,421282,79440,56790,61162,105541,334554,486831,770330,1249865,1580949,2196289,1488496,244959,156233,178321,208668,278163,367816,402514,571444,678421,703931,877018,1091396,1104893,944462,544034,204046,40913,478072,166703,5376
Upper-middle-income countries,2009,9007679,322524,393709,71185,50678,56406,96274,319974,457847,765261,1242304,1594466,2213190,1553975,258061,149774,170200,195208,262639,354862,410399,554543,687761,749116,845350,1099330,1113860,978405,575570,213956,44105,444387,152680,5534
Upper-middle-income countries,2010,9125138,302748,371444,68696,48199,54052,90318,316354,439412,774646,1242723,1636911,2242795,1627897,274623,149125,167229,189131,250281,349034,425612,539182,703541,805197,831714,1109737,1133058,1015931,611966,227155,47468,419643,144370,5764
Upper-middle-income countries,2011,9163181,283975,346516,62541,43894,51059,84027,308197,418753,777161,1224967,1674610,2253553,1684511,289972,145186,163011,182906,235847,339808,437353,519184,705783,848832,825778,1104255,1149298,1042340,642171,240260,49712,390410,135086,5960
Upper-middle-income countries,2012,9250627,278735,338769,60034,41272,48424,79082,298341,400729,774246,1215150,1731850,2266162,1742721,307538,138334,160007,177967,222762,332515,441731,506877,708273,886581,845269,1091195,1174967,1067837,674884,255292,52246,380041,127506,6342
Upper-middle-income countries,2013,9313412,262487,319639,57152,38100,45040,75054,288135,384413,756276,1216482,1806423,2256290,1795877,324942,131118,157017,174113,210300,323346,432930,512244,704238,922577,883846,1063254,1193036,1087207,708670,270261,54681,357739,120094,6741
Upper-middle-income countries,2014,9433643,251311,305826,54515,35862,41992,71411,278960,372651,737120,1227875,1897726,2254720,1854368,347921,123735,155225,171145,201506,312194,424926,534414,693461,951959,945767,1043638,1211082,1112858,741510,290111,57810,341688,113403,7211
Upper-middle-income countries,2015,9574084,231765,282888,51123,33913,39077,68592,272309,365526,721169,1236447,1992230,2262552,1916704,375032,116686,155623,168947,196579,300344,420825,560634,675813,979119,1013111,1037874,1224678,1141711,774993,312836,62196,316801,107669,7643
Upper-middle-income countries,2016,9763810,220367,268151,47784,31876,36633,68317,274933,369776,709892,1250915,2077837,2282191,1982698,402404,115970,158963,172686,197090,290304,419588,590163,660752,998876,1078961,1046392,1235799,1175037,807661,334733,67671,300027,104950,8187
Upper-middle-income countries,2017,10021646,207421,251878,44457,30750,35014,64947,261777,366692,698637,1267214,2175579,2346082,2078356,435917,109102,152675,171579,195113,279066,419571,611178,656036,1024474,1151105,1095318,1250764,1229768,848588,361566,74351,282628,99961,8802
Upper-middle-income countries,2018,9943851,188788,231082,42294,29206,32605,59988,242757,359533,667435,1251451,2189581,2332082,2084911,454296,100635,142122,168127,191406,262203,405232,591701,659750,1007111,1182470,1124596,1207486,1229086,855825,375493,78803,260288,92593,8923
Upper-middle-income countries,2019,10060856,175997,215697,39700,27539,31056,57259,233330,357845,643479,1268948,2210619,2392663,2131301,482130,97621,135709,168207,189638,251365,392114,581072,687876,991152,1219467,1198942,1193721,1249053,882248,395725,86405,243236,88315,8988
Upper-middle-income countries,2020,11110170,156220,192198,35978,25230,30675,63707,247809,400672,695394,1447590,2450269,2684455,2336834,526062,107144,140665,186649,214023,276799,418595,638307,809283,1071805,1378464,1388999,1295456,1371545,965289,431523,94539,217428,94382,9275
Upper-middle-income countries,2021,11762940,147999,182321,34322,23929,29903,60915,246546,430597,734848,1567497,2565624,2894744,2456445,559073,106440,140106,196162,234435,300269,434579,670917,896580,1107809,1457815,1531772,1362972,1436782,1019663,456131,102942,206250,90818,10498
Uruguay,1950,13834,1521,1678,157,77,60,143,374,476,949,1745,2710,3233,2001,383,186,188,195,281,385,564,768,977,1227,1483,1639,1594,1268,733,300,83,1755,203,3
Uruguay,1951,13766,1512,1669,157,77,59,139,373,470,948,1746,2683,3230,1998,364,184,189,193,277,386,562,770,976,1217,1466,1631,1599,1269,729,291,73,1746,198,7
Uruguay,1952,13744,1517,1674,157,76,58,138,374,465,947,1758,2671,3221,1998,348,184,190,194,271,387,560,779,979,1214,1457,1621,1600,1272,726,279,69,1750,196,10
Uruguay,1953,13751,1529,1687,158,76,57,135,371,459,949,1779,2669,3219,2002,339,181,190,196,263,391,558,793,986,1219,1450,1615,1604,1278,724,273,66,1763,192,10
Uruguay,1954,13770,1543,1700,157,76,57,134,369,458,947,1793,2670,3214,2009,334,179,190,200,258,392,555,800,993,1223,1447,1607,1607,1284,725,272,62,1776,191,10
Uruguay,1955,13774,1541,1699,158,74,56,131,367,454,947,1808,2671,3207,2017,333,177,190,201,253,392,555,806,1002,1227,1444,1600,1607,1290,727,272,61,1773,187,8
Uruguay,1956,13785,1547,1706,159,75,55,129,364,457,945,1815,2671,3201,2028,333,175,189,204,253,389,556,805,1010,1230,1441,1594,1607,1296,732,273,60,1781,184,8
Uruguay,1957,13795,1544,1702,158,74,55,128,362,461,941,1821,2678,3195,2042,331,174,188,206,255,381,560,800,1021,1237,1441,1588,1607,1304,738,273,58,1776,183,8
Uruguay,1958,13817,1540,1698,158,74,54,126,357,466,935,1830,2689,3192,2053,332,170,187,206,260,371,564,795,1035,1244,1445,1587,1605,1309,744,275,57,1772,180,8
Uruguay,1959,13858,1534,1692,158,74,54,125,355,472,931,1839,2710,3194,2068,335,169,186,207,265,362,569,793,1046,1256,1454,1588,1606,1317,751,277,58,1766,179,7
Uruguay,1960,13932,1536,1694,158,75,55,123,349,475,929,1859,2748,3197,2082,340,165,184,208,267,359,570,798,1061,1277,1471,1593,1604,1323,759,281,59,1769,178,7
Uruguay,1961,14040,1547,1706,159,78,55,122,345,476,927,1884,2794,3209,2092,345,164,181,207,269,358,569,811,1073,1301,1493,1603,1606,1326,766,284,61,1784,177,7
Uruguay,1962,14166,1561,1720,159,78,54,122,339,478,923,1912,2853,3223,2104,349,160,179,206,272,360,563,830,1082,1334,1519,1616,1607,1329,775,289,60,1798,176,7
Uruguay,1963,14302,1572,1732,160,79,55,123,333,479,920,1942,2915,3245,2119,356,158,175,206,273,366,554,852,1090,1368,1547,1633,1612,1335,784,294,62,1811,178,7
Uruguay,1964,14421,1562,1722,160,79,56,122,327,477,923,1968,2974,3273,2132,360,155,172,204,273,375,548,869,1099,1398,1576,1653,1620,1340,792,298,62,1801,178,7
Uruguay,1965,14523,1539,1700,161,79,56,123,325,477,925,1986,3024,3311,2144,367,154,171,202,275,380,545,876,1110,1420,1604,1676,1635,1346,798,303,64,1779,179,7
Uruguay,1966,14619,1511,1670,159,80,56,124,324,477,932,1995,3066,3354,2159,375,155,169,202,275,387,545,873,1122,1434,1632,1699,1655,1354,805,309,66,1750,180,7
Uruguay,1967,14717,1474,1633,159,81,56,124,324,475,946,2003,3106,3402,2175,381,156,168,200,275,393,553,861,1142,1442,1664,1725,1677,1363,812,314,67,1714,180,8
Uruguay,1968,14829,1443,1600,157,83,56,126,325,470,963,2007,3146,3463,2197,387,157,168,197,273,400,563,844,1163,1444,1702,1755,1708,1377,820,319,68,1683,182,8
Uruguay,1969,14964,1410,1568,158,85,54,124,326,465,979,2009,3189,3535,2224,394,157,169,193,272,404,575,831,1178,1452,1737,1794,1741,1395,829,325,69,1653,178,8
Uruguay,1970,15116,1366,1525,159,91,53,122,328,455,994,2019,3238,3623,2258,402,158,170,190,265,409,585,831,1188,1466,1772,1842,1781,1420,838,330,72,1616,175,8
Uruguay,1971,15339,1374,1537,163,95,50,119,330,443,1006,2035,3296,3717,2297,410,159,171,184,259,412,594,842,1193,1492,1804,1895,1822,1447,850,336,74,1632,169,8
Uruguay,1972,15661,1378,1544,166,97,48,124,361,456,1033,2057,3363,3821,2336,412,173,188,192,264,423,610,867,1190,1529,1834,1957,1864,1475,861,338,74,1641,172,9
Uruguay,1973,15744,1383,1551,168,100,47,114,332,422,1023,2057,3408,3900,2364,416,158,174,176,246,413,610,889,1168,1562,1846,2006,1894,1498,866,340,76,1651,161,9
Uruguay,1974,15907,1419,1588,169,99,45,114,330,414,1028,2069,3448,3965,2382,416,158,172,172,242,411,617,913,1156,1591,1857,2043,1922,1513,869,340,76,1687,159,9
Uruguay,1975,15982,1445,1612,167,93,48,117,329,410,1031,2081,3464,3992,2386,410,159,170,171,239,405,626,928,1153,1602,1862,2055,1937,1519,867,336,74,1705,165,9
Uruguay,1976,15963,1443,1605,162,86,51,121,328,409,1029,2091,3458,3990,2378,406,161,167,170,239,398,631,938,1153,1596,1862,2046,1944,1516,862,332,74,1691,172,9
Uruguay,1977,15859,1396,1550,154,78,53,127,322,411,1024,2099,3433,3974,2373,403,161,161,172,239,390,634,937,1162,1568,1865,2021,1953,1515,858,329,74,1628,180,9
Uruguay,1978,15752,1348,1493,145,71,56,133,317,410,1012,2107,3398,3957,2381,402,161,156,173,237,380,632,932,1175,1528,1870,1992,1965,1520,861,328,74,1564,189,9
Uruguay,1979,15648,1274,1407,133,66,60,137,314,409,994,2112,3359,3960,2407,407,162,152,171,238,370,624,924,1188,1491,1868,1977,1983,1536,871,332,75,1473,197,9
Uruguay,1980,15576,1177,1301,124,66,60,139,310,403,972,2111,3329,3995,2461,418,160,150,169,234,361,611,915,1196,1469,1860,1984,2011,1570,891,341,77,1367,199,10
Uruguay,1981,15585,1105,1220,115,66,60,136,308,394,942,2104,3304,4061,2542,433,159,149,165,229,352,590,905,1199,1458,1846,2012,2049,1620,922,353,80,1286,196,10
Uruguay,1982,15633,1034,1141,107,67,58,132,305,383,914,2094,3287,4148,2640,451,157,148,160,223,343,571,894,1200,1466,1821,2062,2086,1684,956,367,84,1208,190,11
Uruguay,1983,15698,955,1057,102,70,56,127,302,375,885,2081,3278,4243,2742,469,155,147,156,219,335,550,882,1199,1487,1791,2122,2121,1749,993,382,87,1127,183,11
Uruguay,1984,15772,883,982,99,70,54,122,302,369,862,2072,3282,4329,2832,485,154,148,154,215,330,532,870,1202,1512,1770,2170,2159,1803,1029,395,90,1052,176,12
Uruguay,1985,15840,819,914,95,69,54,118,303,367,843,2067,3306,4391,2898,502,153,150,155,212,323,520,860,1207,1540,1766,2197,2194,1838,1060,408,94,983,172,12
Uruguay,1986,15891,759,851,92,65,54,117,303,366,835,2064,3341,4426,2942,515,153,150,157,209,318,517,850,1214,1566,1775,2200,2226,1857,1085,419,96,916,171,12
Uruguay,1987,15928,695,785,90,62,54,117,301,369,829,2058,3403,4436,2971,525,151,150,161,208,316,513,837,1221,1596,1807,2174,2262,1862,1109,427,98,847,171,13
Uruguay,1988,16003,675,763,88,59,56,120,301,377,829,2055,3471,4431,2994,538,150,151,168,209,314,515,827,1228,1620,1851,2133,2298,1861,1133,438,100,822,176,13
Uruguay,1989,16073,650,737,87,57,56,124,303,386,827,2044,3533,4420,3024,552,150,153,175,211,315,512,815,1229,1636,1897,2102,2318,1871,1153,448,104,794,180,14
Uruguay,1990,16136,613,700,87,54,55,128,308,390,824,2030,3585,4411,3067,569,151,157,175,215,315,509,805,1225,1645,1940,2090,2321,1894,1173,462,107,754,183,14
Uruguay,1991,16231,605,691,86,52,55,135,313,398,822,2010,3620,4407,3123,588,152,161,181,217,319,503,793,1217,1644,1976,2097,2310,1933,1190,476,112,743,190,15
Uruguay,1992,16325,599,684,85,51,56,139,321,402,818,1982,3642,4406,3194,610,156,165,183,219,321,497,781,1201,1635,2007,2128,2278,1988,1206,495,115,735,195,15
Uruguay,1993,16413,592,676,84,51,56,143,332,406,817,1955,3650,4410,3264,634,160,172,185,221,326,491,771,1184,1621,2029,2174,2236,2044,1220,513,121,727,199,16
Uruguay,1994,16498,594,676,82,51,55,145,344,411,815,1924,3653,4426,3323,655,167,177,187,224,329,486,761,1163,1605,2048,2222,2204,2081,1242,529,126,727,200,17
Uruguay,1995,16558,583,665,82,51,55,146,356,417,815,1896,3645,4457,3364,674,176,180,192,225,333,482,751,1145,1588,2057,2261,2196,2097,1267,542,132,716,201,18
Uruguay,1996,16588,560,642,82,49,50,145,370,424,814,1871,3628,4501,3384,690,185,185,195,229,334,480,746,1125,1571,2057,2296,2205,2086,1298,553,137,691,195,19
Uruguay,1997,16599,533,615,82,48,50,143,381,430,811,1843,3601,4562,3390,707,194,187,199,231,332,479,739,1104,1552,2049,2322,2240,2054,1336,563,144,663,193,20
Uruguay,1998,16585,498,578,80,46,46,141,391,434,807,1817,3563,4631,3385,720,201,190,200,234,329,478,733,1084,1531,2032,2340,2291,2012,1373,571,149,624,187,21
Uruguay,1999,16554,467,544,77,43,44,139,396,436,802,1785,3519,4697,3387,739,205,191,201,235,324,478,725,1060,1509,2010,2351,2346,1988,1399,584,155,587,183,22
Uruguay,2000,16501,436,511,75,43,42,135,393,432,791,1750,3463,4749,3405,765,200,193,197,235,317,474,714,1036,1482,1981,2354,2395,1991,1414,604,161,554,177,23
Uruguay,2001,16429,411,482,71,41,41,130,386,421,776,1712,3399,4792,3432,792,191,195,191,230,309,467,703,1009,1453,1946,2348,2444,2016,1416,625,167,523,171,25
Uruguay,2002,16350,394,461,67,40,41,125,372,414,754,1674,3328,4821,3472,822,180,192,188,226,299,455,689,985,1420,1908,2336,2485,2066,1406,651,171,501,166,27
Uruguay,2003,16258,369,432,63,38,41,122,360,402,737,1640,3258,4828,3518,854,172,188,183,219,292,445,678,962,1388,1870,2316,2512,2130,1388,677,177,470,163,28
Uruguay,2004,16177,348,409,61,37,40,120,350,395,720,1612,3194,4822,3572,879,167,183,181,214,286,434,671,941,1359,1835,2294,2528,2188,1384,695,184,446,160,30
Uruguay,2005,16116,331,387,56,35,41,119,344,393,712,1593,3141,4796,3628,897,166,178,182,211,282,430,668,925,1335,1806,2268,2528,2234,1394,706,191,422,160,31
Uruguay,2006,16071,308,362,54,34,41,122,341,395,711,1582,3103,4754,3686,909,169,172,185,210,283,428,666,916,1315,1788,2238,2516,2271,1415,708,201,396,163,33
Uruguay,2007,16052,288,338,50,33,41,127,345,400,713,1579,3076,4701,3748,916,173,172,189,211,284,429,668,911,1303,1773,2208,2493,2296,1452,704,212,371,168,35
Uruguay,2008,16055,272,320,48,31,42,134,351,408,719,1582,3049,4644,3815,923,180,171,194,214,287,432,669,913,1293,1756,2178,2466,2316,1499,701,222,351,176,37
Uruguay,2009,16082,260,306,46,30,41,138,360,417,724,1586,3022,4598,3882,937,188,172,198,219,287,437,667,919,1285,1737,2153,2445,2334,1548,706,231,336,179,39
Uruguay,2010,16128,252,295,43,29,40,143,372,422,727,1593,2991,4560,3953,961,195,177,197,225,288,439,664,929,1278,1713,2130,2430,2354,1599,722,239,324,183,42
Uruguay,2011,16189,250,291,41,26,38,148,381,428,726,1594,2961,4528,4023,995,199,182,197,231,288,438,659,935,1275,1686,2109,2419,2375,1648,750,245,317,186,46
Uruguay,2012,16256,250,290,40,25,35,151,389,430,720,1597,2936,4502,4091,1038,203,186,196,234,288,432,654,943,1272,1664,2090,2412,2395,1696,788,250,315,186,50
Uruguay,2013,16316,246,282,36,23,33,152,394,433,707,1595,2929,4475,4148,1086,205,189,197,236,286,421,649,946,1277,1652,2071,2404,2409,1739,830,256,305,185,54
Uruguay,2014,16360,234,269,35,21,32,152,397,433,694,1593,2936,4442,4194,1136,207,190,196,237,287,407,646,947,1287,1649,2052,2390,2416,1778,872,264,290,184,58
Uruguay,2015,16388,217,251,34,21,31,149,399,433,673,1592,2970,4401,4221,1184,210,189,198,235,284,389,646,946,1302,1668,2033,2368,2414,1807,908,276,272,180,61
Uruguay,2016,16416,186,219,33,23,30,147,399,434,654,1589,3020,4360,4239,1234,215,184,199,235,281,373,645,944,1318,1702,2018,2342,2407,1832,944,290,242,177,64
Uruguay,2017,16507,151,183,32,22,29,143,409,438,648,1585,3058,4360,4275,1294,224,185,200,238,282,366,640,945,1330,1728,2024,2336,2411,1864,984,310,205,172,67
Uruguay,2018,16745,125,156,31,20,29,136,429,447,669,1581,3061,4429,4356,1365,234,195,204,243,296,373,628,953,1339,1722,2058,2371,2445,1911,1030,335,176,165,70
Uruguay,2019,17208,109,144,35,14,24,128,476,460,732,1579,3009,4605,4506,1452,254,222,211,249,328,404,608,971,1341,1668,2133,2472,2522,1984,1089,363,158,152,75
Uruguay,2020,15862,97,107,10,10,24,121,462,437,674,1448,2956,4112,4077,1359,253,209,214,223,305,369,532,916,1304,1652,1910,2202,2272,1805,1012,347,117,145,73
Uruguay,2021,20659,107,132,25,8,28,131,500,561,890,1907,3923,5438,5263,1785,218,282,247,314,371,519,707,1200,1721,2202,2594,2844,2928,2335,1325,460,140,159,96
Uzbekistan,1950,52085,17165,21094,3929,673,553,756,1729,1222,2755,5284,7784,6625,2961,650,1066,663,495,727,1056,1699,2492,2792,3809,3975,3617,3008,1768,1193,515,135,21767,1309,4
Uzbekistan,1951,54854,19037,23497,4460,684,540,747,1853,1205,2662,5372,7844,6893,2957,589,1091,762,510,695,1020,1642,2512,2860,3771,4073,3768,3125,1855,1102,479,110,24181,1287,10
Uzbekistan,1952,56971,19662,24749,5087,686,525,766,1989,1211,2617,5569,7976,7271,3044,558,1090,899,550,661,1015,1602,2535,3034,3754,4222,3999,3272,2016,1028,456,102,25435,1291,11
Uzbekistan,1953,58682,20349,25861,5512,800,501,783,2080,1222,2543,5691,7981,7558,3130,522,1049,1031,603,619,1004,1539,2495,3196,3683,4298,4185,3373,2161,969,428,94,26661,1284,11
Uzbekistan,1954,60304,20999,26837,5838,802,481,797,2163,1275,2473,5797,8032,7886,3263,489,1018,1145,681,594,987,1486,2451,3346,3677,4355,4378,3508,2301,962,404,85,27639,1278,9
Uzbekistan,1955,61762,21741,27791,6050,914,467,790,2204,1364,2383,5807,8054,8143,3386,450,993,1211,773,591,955,1428,2383,3424,3704,4350,4506,3637,2399,987,373,77,28705,1257,7
Uzbekistan,1956,63061,22456,28660,6204,1029,460,769,2217,1494,2286,5742,8090,8377,3515,415,982,1235,885,609,909,1377,2297,3445,3791,4299,4604,3773,2476,1039,344,71,29689,1229,6
Uzbekistan,1957,64762,23109,29474,6365,1127,471,746,2234,1693,2224,5694,8271,8731,3700,392,1004,1230,1040,653,862,1362,2233,3461,4007,4264,4751,3980,2576,1124,324,68,30601,1217,5
Uzbekistan,1958,65926,23831,30343,6512,1192,486,705,2195,1895,2137,5505,8343,8928,3821,370,1019,1176,1185,710,800,1337,2126,3379,4189,4154,4799,4129,2628,1193,306,64,31535,1191,5
Uzbekistan,1959,66918,24724,31384,6660,1212,509,664,2130,2073,2038,5260,8362,8994,3919,365,1013,1117,1288,785,750,1288,2010,3250,4295,4067,4769,4225,2677,1242,305,60,32596,1173,5
Uzbekistan,1960,68318,25619,32445,6826,1257,553,641,2088,2247,1988,5078,8473,9098,4067,376,1000,1088,1360,887,744,1244,1926,3152,4380,4093,4759,4339,2773,1294,319,57,33702,1194,4
Uzbekistan,1961,69326,26145,33146,7001,1260,616,630,2055,2408,1952,4894,8589,9138,4225,411,975,1080,1391,1017,768,1184,1858,3036,4398,4191,4705,4433,2883,1342,350,61,34406,1246,6
Uzbekistan,1962,70793,26522,33673,7151,1286,684,647,2073,2599,1965,4803,8858,9268,4459,466,957,1116,1396,1203,833,1132,1847,2956,4420,4438,4680,4588,3052,1407,393,73,34959,1331,12
Uzbekistan,1963,71108,26323,33573,7250,1332,737,670,2067,2733,1978,4649,8980,9234,4629,510,918,1149,1350,1383,915,1063,1821,2828,4326,4654,4579,4655,3178,1451,428,82,34905,1407,17
Uzbekistan,1964,71238,26071,33332,7261,1372,785,709,2051,2838,2048,4490,9026,9218,4793,553,883,1168,1310,1528,1030,1018,1783,2707,4206,4820,4537,4681,3291,1502,458,95,34704,1494,22
Uzbekistan,1965,70708,25814,32999,7185,1424,801,758,1998,2872,2152,4264,8852,9114,4877,577,849,1149,1272,1600,1149,1003,1703,2561,4015,4837,4505,4609,3334,1543,476,101,34423,1559,21
Uzbekistan,1966,70925,25153,32220,7067,1458,829,854,2012,2967,2401,4182,8885,9355,5118,623,859,1153,1295,1672,1340,1061,1660,2522,3942,4943,4703,4652,3477,1641,508,115,33678,1683,25
Uzbekistan,1967,70886,24548,31435,6887,1503,853,943,2010,3010,2710,4078,8762,9574,5321,660,881,1129,1334,1676,1568,1142,1583,2495,3820,4942,4960,4614,3589,1732,533,127,32938,1796,28
Uzbekistan,1968,70321,23940,30609,6669,1496,871,1014,2000,2992,3033,3946,8476,9714,5450,689,913,1087,1371,1621,1789,1244,1490,2456,3649,4827,5192,4522,3647,1803,552,137,32105,1885,31
Uzbekistan,1969,70367,23744,30193,6449,1525,900,1080,2021,2981,3375,3847,8214,9909,5569,722,966,1055,1400,1581,1978,1397,1435,2412,3507,4707,5395,4514,3692,1877,576,146,31718,1980,33
Uzbekistan,1970,70892,23817,30070,6253,1503,936,1128,2095,2981,3708,3808,8013,10167,5689,755,1052,1043,1409,1572,2119,1589,1446,2362,3405,4608,5552,4615,3738,1951,605,150,31573,2064,34
Uzbekistan,1971,71060,23863,29988,6125,1455,968,1142,2184,2954,3981,3763,7759,10348,5719,767,1153,1031,1385,1569,2174,1807,1497,2266,3303,4456,5588,4760,3721,1998,623,144,31443,2110,32
Uzbekistan,1972,71526,23917,29964,6047,1424,1003,1171,2288,2942,4255,3750,7570,10596,5753,782,1249,1039,1344,1598,2166,2089,1596,2154,3259,4311,5576,5020,3694,2059,645,137,31388,2174,29
Uzbekistan,1973,72240,23990,29995,6005,1402,1036,1211,2418,2951,4516,3797,7421,10853,5805,809,1345,1073,1300,1651,2117,2399,1750,2047,3247,4174,5521,5332,3682,2123,672,137,31397,2247,26
Uzbekistan,1974,72958,24089,30072,5983,1375,1054,1258,2557,2943,4731,3948,7256,11015,5892,834,1428,1129,1258,1685,2072,2659,1964,1984,3210,4046,5431,5584,3722,2170,697,137,31447,2312,24
Uzbekistan,1975,73588,24196,30166,5970,1356,1059,1308,2696,2918,4882,4207,7051,11041,6015,861,1482,1214,1231,1687,2048,2834,2215,1992,3131,3920,5308,5733,3820,2195,720,141,31522,2367,23
Uzbekistan,1976,74617,24326,30289,5963,1358,1061,1371,2866,2913,5016,4635,6899,11050,6238,895,1523,1343,1233,1680,2068,2948,2547,2088,3042,3857,5207,5843,4015,2223,747,148,31647,2432,23
Uzbekistan,1977,76952,24408,30368,5960,1383,1088,1477,3131,2993,5242,5367,6959,11270,6687,958,1620,1511,1294,1699,2191,3051,3055,2312,3004,3955,5230,6040,4399,2288,798,160,31751,2565,26
Uzbekistan,1978,77450,24403,30345,5942,1393,1069,1516,3288,2973,5224,6012,6767,10966,6896,977,1671,1617,1335,1638,2252,2972,3491,2521,2847,3920,5034,5932,4630,2266,814,163,31738,2585,25
Uzbekistan,1979,78742,24622,30527,5905,1404,1066,1559,3478,3020,5257,6753,6695,10792,7176,990,1750,1728,1415,1605,2321,2936,3901,2852,2788,3907,4921,5871,4869,2307,828,162,31931,2625,23
Uzbekistan,1980,78159,24771,30625,5854,1438,1025,1526,3503,2991,5088,7182,6442,10234,7147,943,1767,1736,1468,1523,2261,2827,4054,3128,2731,3711,4649,5585,4845,2302,799,144,32063,2551,18
Uzbekistan,1981,78309,24709,30509,5800,1370,1014,1511,3568,3079,5032,7714,6390,9937,7259,916,1819,1749,1585,1494,2219,2813,4166,3548,2829,3561,4522,5415,4864,2395,786,130,31879,2525,11
Uzbekistan,1982,78471,24680,30397,5717,1383,1007,1482,3630,3175,4976,8186,6357,9651,7331,890,1863,1767,1690,1485,2136,2840,4120,4066,2993,3364,4439,5212,4811,2520,768,122,31780,2489,6
Uzbekistan,1983,79083,24793,30409,5616,1312,1012,1461,3718,3311,4966,8662,6460,9458,7422,888,1910,1808,1794,1517,2051,2915,4014,4648,3267,3193,4413,5045,4748,2674,765,123,31721,2473,5
Uzbekistan,1984,80359,25115,30627,5512,1340,1026,1450,3826,3485,4973,9113,6793,9313,7503,910,1948,1878,1898,1587,1988,2985,3942,5171,3679,3114,4386,4927,4693,2810,787,123,31967,2476,3
Uzbekistan,1985,81178,25312,30736,5424,1319,1032,1432,3904,3648,4919,9409,7292,9076,7465,943,1959,1945,1959,1689,1935,2984,3893,5516,4153,3139,4284,4792,4594,2871,820,123,32055,2464,3
Uzbekistan,1986,80915,24951,30165,5214,1278,1025,1413,3933,3788,4804,9505,7948,8752,7314,988,1933,2000,1968,1820,1889,2915,3859,5646,4704,3244,4099,4653,4444,2870,863,125,31443,2438,3
Uzbekistan,1987,81392,24254,29330,5076,1273,1031,1427,4017,4009,4772,9644,8986,8594,7240,1066,1929,2088,2028,1981,1912,2860,3964,5680,5489,3497,3939,4655,4356,2884,937,129,30603,2458,4
Uzbekistan,1988,81808,23359,28336,4977,1255,1036,1450,4090,4236,4754,9705,10199,8459,7136,1142,1924,2166,2103,2133,1976,2778,4114,5591,6338,3861,3780,4679,4264,2872,1007,135,29591,2486,5
Uzbekistan,1989,82516,22985,27935,4950,1289,1032,1468,4127,4445,4748,9660,11339,8301,6969,1195,1912,2215,2185,2260,2063,2685,4195,5465,7006,4333,3675,4626,4148,2821,1051,144,29224,2500,7
Uzbekistan,1990,83628,23296,28204,4908,1304,1026,1470,4096,4586,4800,9588,12351,8213,6789,1200,1880,2216,2257,2329,2192,2608,4194,5394,7457,4894,3702,4511,4036,2753,1059,141,29508,2496,4
Uzbekistan,1991,86342,23698,28635,4937,1338,1051,1511,4165,4813,5067,9767,13609,8401,6776,1203,1911,2254,2394,2419,2437,2630,4238,5529,7877,5732,3953,4448,4044,2732,1064,139,29973,2562,4
Uzbekistan,1992,87548,23586,28590,5004,1331,1054,1515,4157,4963,5285,9782,14522,8481,6664,1203,1921,2236,2486,2477,2641,2644,4133,5649,7869,6653,4239,4242,4015,2649,1049,154,29921,2569,2
Uzbekistan,1993,89978,23276,28336,5060,1335,1085,1550,4251,5231,5670,10039,15679,8885,6703,1214,1987,2264,2621,2610,2896,2774,4082,5957,7871,7808,4755,4130,4087,2616,1047,167,29671,2635,3
Uzbekistan,1994,91918,22821,27862,5041,1374,1114,1574,4323,5469,6063,10196,16616,9505,6642,1182,2043,2280,2716,2753,3124,2939,4011,6185,7834,8782,5424,4081,4080,2562,1017,165,29236,2688,2
Uzbekistan,1995,93807,22323,27271,4948,1334,1141,1603,4398,5707,6504,10302,17434,10448,6526,1138,2099,2299,2790,2917,3305,3199,3984,6318,7901,9533,6254,4194,4016,2510,982,156,28605,2744,2
Uzbekistan,1996,94339,21387,26182,4795,1347,1153,1607,4416,5834,6877,10210,17803,11563,6270,1074,2117,2299,2790,3044,3374,3503,3946,6264,7945,9858,7174,4389,3838,2432,930,144,27529,2760,2
Uzbekistan,1997,94956,20123,24711,4588,1318,1165,1630,4466,5973,7313,10148,18078,13101,6043,1006,2139,2327,2787,3186,3484,3829,3991,6157,8174,9904,8377,4724,3646,2397,878,128,26029,2795,2
Uzbekistan,1998,93888,18581,22887,4306,1298,1148,1622,4431,5964,7603,9896,17835,14557,5719,929,2112,2319,2721,3243,3545,4058,4034,5862,8302,9533,9462,5095,3400,2319,816,113,24185,2770,1
Uzbekistan,1999,92875,17260,21207,3947,1234,1120,1618,4406,5917,7873,9712,17514,15929,5478,865,2089,2317,2656,3261,3624,4249,4135,5577,8335,9179,10297,5632,3254,2224,764,101,22441,2738,1
Uzbekistan,2000,92371,16205,19760,3555,1186,1093,1623,4434,5880,8107,9740,17221,17146,5372,806,2097,2337,2616,3264,3734,4373,4368,5372,8248,8973,10834,6312,3264,2108,718,88,20946,2716,1
Uzbekistan,2001,92311,15279,18448,3169,1111,1072,1606,4341,5782,8282,10028,17085,18362,5421,766,2042,2299,2564,3218,3854,4428,4751,5277,8120,8965,11134,7228,3424,1997,691,75,19559,2678,1
Uzbekistan,2002,91345,14367,17195,2828,1029,1038,1580,4267,5641,8367,10236,16702,19089,5458,741,2011,2256,2520,3121,3921,4446,5054,5182,7747,8955,10867,8222,3606,1852,670,71,18224,2618,1
Uzbekistan,2003,91201,13247,15786,2539,953,1019,1564,4251,5581,8554,10646,16554,19868,5693,732,2012,2239,2522,3059,4010,4544,5392,5254,7415,9139,10517,9351,3940,1753,663,69,16739,2583,1
Uzbekistan,2004,92475,12486,14760,2274,896,1011,1561,4305,5611,8853,11272,16567,20706,6213,721,2051,2254,2569,3042,4112,4741,5775,5497,7205,9362,10332,10374,4478,1735,655,66,15656,2572,1
Uzbekistan,2005,92927,11790,13832,2042,814,985,1528,4287,5567,9033,11837,16323,21140,6879,698,2048,2239,2576,2991,4126,4907,5988,5849,6994,9329,10170,10970,5095,1784,629,69,14646,2513,1
Uzbekistan,2006,92825,11332,13176,1844,748,940,1482,4239,5489,9085,12319,15870,21135,7677,662,2030,2209,2554,2935,4055,5030,6014,6305,6796,9074,10031,11104,5799,1878,594,68,13924,2422,1
Uzbekistan,2007,94017,11110,12784,1674,701,901,1458,4253,5490,9215,12990,15609,21203,8772,639,2034,2219,2553,2937,4005,5210,6150,6840,6790,8819,10190,11013,6738,2034,565,74,13485,2359,1
Uzbekistan,2008,93908,10827,12372,1545,639,842,1413,4185,5422,9157,13458,15172,20825,9802,615,1989,2196,2511,2911,3882,5275,6224,7234,6812,8360,10284,10541,7583,2219,541,74,13011,2255,1
Uzbekistan,2009,96630,10282,11723,1441,596,813,1424,4276,5561,9398,14452,15470,21187,11093,636,2009,2267,2559,3002,3914,5484,6584,7868,7225,8245,10680,10507,8507,2586,558,78,12319,2237,1
Uzbekistan,2010,96146,9499,10848,1349,559,754,1372,4201,5515,9263,14844,15547,20778,11801,664,1950,2251,2527,2988,3811,5452,6751,8093,7621,7926,10535,10243,8861,2940,586,78,11407,2126,1
Uzbekistan,2011,96061,8739,9988,1249,516,700,1317,4153,5492,9146,15147,16027,20487,12380,709,1904,2249,2511,2981,3759,5387,6959,8188,8282,7745,10317,10170,8988,3392,636,73,10504,2017,1
Uzbekistan,2012,97598,8184,9323,1139,503,663,1270,4163,5556,9170,15741,16890,20565,12970,779,1891,2272,2545,3011,3798,5372,7277,8464,9085,7805,10135,10430,8977,3993,706,73,9826,1933,1
Uzbekistan,2013,101744,7867,8905,1038,475,646,1252,4276,5776,9453,16795,18370,21184,13719,886,1932,2344,2657,3119,3966,5487,7764,9031,10137,8233,10128,11056,9014,4705,813,73,9380,1898,1
Uzbekistan,2014,103265,7598,8555,957,459,611,1193,4246,5836,9485,17374,19454,21098,13944,1008,1914,2332,2702,3134,4033,5452,7956,9418,10871,8583,9839,11259,8810,5134,932,76,9014,1804,1
Uzbekistan,2015,104008,7253,8148,895,448,576,1121,4164,5859,9448,17802,20505,20776,14005,1155,1868,2296,2721,3138,4068,5380,8017,9785,11340,9165,9570,11206,8665,5340,1074,81,8596,1697,1
Uzbekistan,2016,103920,6817,7663,846,430,541,1039,4033,5835,9369,18019,21477,20278,13910,1328,1792,2241,2719,3116,4061,5308,7928,10091,11504,9973,9335,10943,8566,5344,1237,91,8093,1580,1
Uzbekistan,2017,104805,6397,7195,798,398,514,975,3925,5869,9403,18344,22729,19991,13930,1529,1715,2210,2730,3139,4075,5328,7859,10485,11841,10888,9318,10673,8687,5243,1432,97,7593,1489,1
Uzbekistan,2018,106151,6387,7139,752,362,491,920,3812,5888,9463,18592,24028,19808,13932,1714,1631,2181,2721,3167,4083,5380,7768,10824,12243,11785,9476,10332,8870,5062,1611,103,7501,1411,1
Uzbekistan,2019,106597,6207,6923,716,342,472,861,3657,5848,9449,18586,25172,19682,13785,1823,1528,2129,2670,3178,4050,5399,7621,10965,12631,12541,9737,9945,8905,4880,1711,112,7265,1333,1
Uzbekistan,2020,119765,6042,6730,688,322,447,736,3234,5830,10295,21169,30630,22737,15575,2056,1311,1923,2554,3276,4341,5954,8454,12715,15150,15480,11846,10891,10071,5504,1919,137,7052,1183,1
Uzbekistan,2021,117703,5530,6192,662,294,420,688,3063,5717,10155,20594,30881,23070,14656,1974,1210,1853,2484,3233,4243,5912,8265,12329,15331,15550,12689,10381,9476,5180,1812,162,6486,1108,1
Vanuatu,1950,663,145,207,62,22,11,17,45,40,40,55,83,93,44,4,24,21,20,20,20,20,25,30,38,45,50,43,30,14,4,0,229,28,0
Vanuatu,1951,707,155,229,74,31,16,19,47,40,43,55,83,93,43,4,25,22,20,20,20,23,25,30,38,45,50,43,29,14,4,0,260,35,0
Vanuatu,1952,652,149,211,62,22,10,17,45,40,41,53,79,86,42,4,24,21,20,20,20,21,25,28,37,42,45,41,28,14,4,0,233,27,0
Vanuatu,1953,644,151,213,62,22,10,17,44,40,40,52,75,86,42,4,24,20,20,20,20,20,25,27,34,41,45,41,28,14,4,0,235,27,0
Vanuatu,1954,637,154,216,62,22,10,17,43,40,40,50,72,85,42,4,23,20,20,20,20,20,24,26,33,39,45,40,28,14,4,0,238,27,0
Vanuatu,1955,632,156,218,62,22,10,17,42,40,40,48,70,83,41,4,22,20,20,20,20,20,23,25,32,38,44,39,27,14,4,0,240,27,0
Vanuatu,1956,627,157,219,62,22,10,17,41,40,40,47,70,80,40,4,21,20,20,20,20,20,22,25,32,38,42,38,27,13,4,0,241,27,0
Vanuatu,1957,623,159,221,62,22,10,17,40,40,40,46,67,78,39,4,20,20,20,20,20,20,21,25,30,37,40,38,26,13,4,0,243,27,0
Vanuatu,1958,619,160,222,62,22,10,17,40,40,40,46,65,77,39,4,20,20,20,20,20,20,21,25,29,36,40,37,26,13,4,0,244,27,0
Vanuatu,1959,616,162,224,62,22,10,17,40,40,40,45,63,77,39,4,20,20,20,20,20,20,20,25,28,35,40,37,26,13,4,0,246,27,0
Vanuatu,1960,613,163,225,62,22,10,17,40,40,40,44,62,76,38,4,20,20,20,20,20,20,20,24,28,34,39,37,26,12,4,0,247,27,0
Vanuatu,1961,610,163,224,61,22,10,17,40,40,40,44,60,73,38,4,20,20,20,20,20,20,20,24,27,33,38,35,26,12,4,0,246,27,0
Vanuatu,1962,607,164,225,61,22,10,16,40,40,40,43,59,70,38,3,20,20,20,20,20,20,20,23,27,32,36,34,26,12,3,0,247,26,0
Vanuatu,1963,603,164,224,60,22,10,16,40,40,40,43,59,69,36,3,20,20,20,20,20,20,20,23,27,32,35,34,24,12,3,0,246,26,0
Vanuatu,1964,605,163,222,59,22,10,17,40,40,40,43,61,69,36,3,20,20,20,20,20,20,20,23,29,32,35,34,24,12,3,0,244,27,0
Vanuatu,1965,600,162,221,59,21,10,17,40,40,40,44,60,68,36,3,20,20,20,20,20,20,20,24,29,31,35,33,24,12,3,0,242,27,0
Vanuatu,1966,597,161,216,55,21,10,17,40,40,41,50,59,68,36,3,20,20,20,20,20,21,25,25,29,30,35,33,24,12,3,0,237,27,0
Vanuatu,1967,594,160,214,54,21,10,17,40,40,41,50,58,67,35,3,20,20,20,20,20,21,25,25,28,30,35,32,24,11,3,0,235,27,0
Vanuatu,1968,589,159,213,54,21,10,17,40,40,42,50,58,66,34,3,20,20,20,20,20,22,25,25,28,30,34,32,23,11,3,0,234,27,0
Vanuatu,1969,582,157,208,51,21,10,17,40,40,42,50,58,62,31,3,20,20,20,20,20,22,25,25,28,30,32,30,21,10,3,0,229,27,0
Vanuatu,1970,572,155,205,50,21,10,17,38,37,42,50,58,59,29,3,20,18,17,20,20,22,25,25,28,30,30,29,20,9,3,0,226,27,0
Vanuatu,1971,562,153,201,48,20,10,17,37,36,43,50,59,57,26,1,20,17,16,20,20,23,25,25,29,30,30,27,18,8,1,0,221,27,0
Vanuatu,1972,552,151,198,47,20,10,18,37,35,43,53,60,54,22,0,20,17,15,20,20,23,25,28,30,30,30,24,16,6,0,0,218,28,0
Vanuatu,1973,538,149,193,44,17,10,18,37,34,43,56,60,50,16,0,20,17,15,19,20,23,26,30,30,30,27,23,13,3,0,0,210,28,0
Vanuatu,1974,528,147,191,44,17,10,18,37,34,43,57,60,47,12,0,20,17,15,19,20,23,27,30,30,30,27,20,11,1,0,0,208,28,0
Vanuatu,1975,518,145,188,43,17,10,18,38,33,44,57,60,44,8,0,20,18,15,18,20,24,27,30,30,30,27,17,8,0,0,0,205,28,0
Vanuatu,1976,511,143,183,40,17,10,18,38,33,44,58,59,40,5,0,20,18,15,18,20,24,28,30,30,29,24,16,5,0,0,0,200,28,0
Vanuatu,1977,504,140,179,39,17,10,18,37,32,44,59,61,38,2,0,20,17,15,17,20,24,28,31,32,29,24,14,2,0,0,0,196,28,0
Vanuatu,1978,498,137,175,38,17,10,18,37,32,44,61,64,37,2,0,20,17,15,17,20,24,29,32,35,29,23,14,2,0,0,0,192,28,0
Vanuatu,1979,539,134,171,37,16,10,18,38,31,44,62,69,52,20,4,20,18,15,16,20,24,29,33,35,34,29,23,12,8,4,0,187,28,0
Vanuatu,1980,668,129,165,36,16,10,17,39,30,42,60,84,97,84,22,20,19,15,15,20,22,27,33,40,44,47,50,48,36,17,5,181,27,0
Vanuatu,1981,659,126,159,33,16,10,16,38,30,40,60,87,98,81,21,20,18,15,15,19,21,27,33,42,45,48,50,48,33,16,5,175,26,0
Vanuatu,1982,653,121,151,30,14,10,16,38,30,40,61,88,100,81,19,20,18,15,15,19,21,27,34,43,45,50,50,48,33,16,3,165,26,0
Vanuatu,1983,646,117,146,29,14,10,15,37,30,40,61,92,103,79,18,20,17,15,15,19,21,27,34,43,49,50,53,47,32,15,3,160,25,0
Vanuatu,1984,641,112,139,27,14,10,15,36,30,40,60,94,106,80,18,20,16,15,15,19,21,26,34,44,50,51,55,48,32,15,3,153,25,0
Vanuatu,1985,639,108,135,27,14,10,15,35,30,40,60,94,108,79,17,20,15,15,15,19,21,26,34,44,50,53,55,48,31,14,3,149,25,0
Vanuatu,1986,627,103,126,23,12,10,14,33,30,39,59,97,110,80,16,18,15,15,15,18,21,25,34,44,53,55,55,49,31,13,3,138,24,0
Vanuatu,1987,652,103,131,28,17,10,15,33,32,42,60,100,110,80,15,18,15,15,17,20,22,26,34,46,54,55,55,49,31,12,3,148,25,0
Vanuatu,1988,618,96,118,22,12,9,14,30,31,41,57,98,112,81,14,15,15,15,16,20,21,25,32,44,54,55,57,50,31,12,2,130,23,0
Vanuatu,1989,628,93,115,22,12,10,14,32,32,42,57,99,119,82,14,17,15,15,17,20,22,25,32,44,55,60,59,51,31,12,2,127,24,0
Vanuatu,1990,628,90,109,19,11,7,14,31,32,42,57,100,120,84,14,16,15,15,17,20,22,25,32,44,56,60,60,51,33,12,2,120,21,0
Vanuatu,1991,613,89,107,18,10,7,13,30,30,40,55,96,120,87,14,15,15,15,15,19,21,25,30,43,53,60,60,53,34,12,2,117,20,0
Vanuatu,1992,620,87,105,18,10,7,14,30,30,41,56,96,120,91,14,15,15,15,15,20,21,25,31,43,53,60,60,56,35,12,2,115,21,0
Vanuatu,1993,622,86,104,18,11,6,15,31,30,42,57,95,125,92,14,16,15,15,15,20,22,26,31,42,53,60,65,57,35,12,2,115,21,0
Vanuatu,1994,625,84,102,18,10,6,15,32,30,44,58,94,124,97,14,17,15,15,15,20,24,27,31,41,53,59,65,61,36,12,2,112,21,0
Vanuatu,1995,629,83,100,17,10,7,15,33,30,44,59,94,124,99,15,18,15,15,15,20,24,27,32,41,53,59,65,61,38,13,2,110,22,0
Vanuatu,1996,608,82,100,18,10,6,13,29,26,40,57,90,120,100,15,15,14,11,15,18,22,26,31,39,51,57,63,61,39,13,2,110,19,0
Vanuatu,1997,617,82,99,17,10,6,13,31,28,41,58,90,121,104,16,16,15,13,15,18,23,26,32,39,51,57,64,63,41,14,2,109,19,0
Vanuatu,1998,626,82,99,17,10,7,13,32,30,42,60,91,122,106,17,17,15,15,15,18,24,27,33,40,51,58,64,64,42,15,2,109,20,0
Vanuatu,1999,654,85,107,22,14,10,15,34,30,43,63,92,123,108,17,19,15,15,15,19,24,30,33,41,51,59,64,65,43,15,2,121,25,0
Vanuatu,2000,639,83,100,17,10,7,14,33,30,42,64,90,122,108,18,18,15,15,15,18,24,30,34,41,49,59,63,64,44,16,2,110,21,0
Vanuatu,2001,666,84,102,18,10,7,15,34,30,44,67,93,123,115,27,19,15,15,15,19,25,31,36,43,50,59,64,65,50,22,5,112,22,1
Vanuatu,2002,678,85,102,17,10,7,15,32,30,44,68,95,125,119,31,17,15,15,15,19,25,32,36,43,52,60,65,65,54,25,6,112,22,1
Vanuatu,2003,697,86,104,18,10,7,16,33,30,44,70,97,126,119,38,18,15,15,15,19,25,33,37,45,52,61,65,65,54,30,8,114,23,1
Vanuatu,2004,716,88,106,18,10,8,16,33,30,45,74,100,127,121,44,18,15,15,15,19,26,34,40,46,54,62,65,65,56,34,10,116,24,1
Vanuatu,2005,735,89,107,18,10,8,16,34,30,47,77,103,130,121,46,19,15,15,15,20,27,35,42,47,56,62,68,64,57,35,11,117,24,2
Vanuatu,2006,755,92,110,18,10,8,16,35,30,47,78,107,134,123,51,20,15,15,15,20,27,35,43,49,58,64,70,65,58,39,12,120,24,2
Vanuatu,2007,777,96,114,18,10,8,16,35,31,47,81,111,136,126,55,20,15,15,16,20,27,36,45,51,60,66,70,66,60,40,15,124,24,2
Vanuatu,2008,800,100,119,19,10,8,16,36,32,47,83,114,140,128,59,20,16,15,17,20,27,36,47,52,62,67,73,67,61,44,15,129,24,2
Vanuatu,2009,825,104,123,19,10,8,17,36,34,48,85,119,144,132,60,20,16,15,19,21,27,37,48,55,64,70,74,69,63,45,15,133,25,3
Vanuatu,2010,860,108,128,20,11,8,17,38,38,49,88,125,150,138,67,20,18,18,20,21,28,39,49,59,66,74,76,73,65,49,18,139,25,3
Vanuatu,2011,884,112,134,22,11,8,18,40,37,50,90,132,157,143,61,21,19,17,20,22,28,39,51,63,69,75,82,79,64,45,16,145,26,3
Vanuatu,2012,906,114,137,23,11,8,18,42,38,53,92,136,164,151,55,22,20,18,20,23,30,39,53,64,72,78,86,86,65,40,15,148,26,3
Vanuatu,2013,926,116,139,23,12,10,18,43,40,55,94,140,168,156,52,23,20,20,20,25,30,40,54,65,75,79,89,91,65,39,13,151,28,2
Vanuatu,2014,945,117,141,24,13,10,18,43,42,57,95,146,172,162,49,23,20,20,22,25,32,41,54,68,78,81,91,95,67,37,12,154,28,2
Vanuatu,2015,962,116,140,24,13,10,18,44,43,59,97,148,175,166,44,24,20,20,23,26,33,42,55,69,79,83,92,97,69,34,10,153,28,2
Vanuatu,2016,975,115,138,23,12,10,18,44,42,61,100,154,179,173,43,24,20,20,22,27,34,43,57,71,83,85,94,101,72,34,9,150,28,2
Vanuatu,2017,988,113,135,22,12,10,18,45,43,64,103,160,182,172,41,25,20,20,23,29,35,45,58,74,86,88,94,99,73,32,9,147,28,2
Vanuatu,2018,995,111,133,22,12,10,18,45,44,67,105,164,184,173,41,25,20,20,24,30,37,46,59,75,89,91,93,99,74,32,9,145,28,1
Vanuatu,2019,1007,109,131,22,12,10,19,45,46,68,108,167,188,170,40,25,20,21,25,30,38,48,60,77,90,95,93,97,73,32,8,143,29,1
Vanuatu,2020,982,108,130,22,12,10,18,40,41,63,102,166,188,171,41,20,20,20,21,28,35,45,57,75,91,97,91,95,76,33,8,142,28,1
Vanuatu,2021,1010,106,128,22,12,10,18,40,42,64,106,179,200,172,41,20,20,20,22,27,37,46,60,80,99,104,96,95,77,33,8,140,28,1
Vatican,1950,2,,,,,,,,,,,,,,,,,,,,,,,,,,,,,,,,,
Vatican,1951,2,,,,,,,,,,,,,,,,,,,,,,,,,,,,,,,,,
Vatican,1952,2,,,,,,,,,,,,,,,,,,,,,,,,,,,,,,,,,
Vatican,1953,2,,,,,,,,,,,,,,,,,,,,,,,,,,,,,,,,,
Vatican,1954,2,,,,,,,,,,,,,,,,,,,,,,,,,,,,,,,,,
Vatican,1955,2,,,,,,,,,,,,,,,,,,,,,,,,,,,,,,,,,
Vatican,1956,3,,,,,,,,,,,,,,,,,,,,,,,,,,,,,,,,,
Vatican,1957,3,,,,,,,,,,,,,,,,,,,,,,,,,,,,,,,,,
Vatican,1958,3,,,,,,,,,,,,,,,,,,,,,,,,,,,,,,,,,
Vatican,1959,3,,,,,,,,,,,,,,,,,,,,,,,,,,,,,,,,,
Vatican,1960,3,,,,,,,,,,,,,,,,,,,,,,,,,,,,,,,,,
Vatican,1961,3,,,,,,,,,,,,,,,,,,,,,,,,,,,,,,,,,
Vatican,1962,3,,,,,,,,,,,,,,,,,,,,,,,,,,,,,,,,,
Vatican,1963,3,,,,,,,,,,,,,,,,,,,,,,,,,,,,,,,,,
Vatican,1964,3,,,,,,,,,,,,,,,,,,,,,,,,,,,,,,,,,
Vatican,1965,3,,,,,,,,,,,,,,,,,,,,,,,,,,,,,,,,,
Vatican,1966,3,,,,,,,,,,,,,,,,,,,,,,,,,,,,,,,,,
Vatican,1967,3,,,,,,,,,,,,,,,,,,,,,,,,,,,,,,,,,
Vatican,1968,3,,,,,,,,,,,,,,,,,,,,,,,,,,,,,,,,,
Vatican,1969,3,,,,,,,,,,,,,,,,,,,,,,,,,,,,,,,,,
Vatican,1970,3,,,,,,,,,,,,,,,,,,,,,,,,,,,,,,,,,
Vatican,1971,3,,,,,,,,,,,,,,,,,,,,,,,,,,,,,,,,,
Vatican,1972,3,,,,,,,,,,,,,,,,,,,,,,,,,,,,,,,,,
Vatican,1973,3,,,,,,,,,,,,,,,,,,,,,,,,,,,,,,,,,
Vatican,1974,3,,,,,,,,,,,,,,,,,,,,,,,,,,,,,,,,,
Vatican,1975,4,,,,,,,,,,,,,,,,,,,,,,,,,,,,,,,,,
Vatican,1976,4,,,,,,,,,,,,,,,,,,,,,,,,,,,,,,,,,
Vatican,1977,4,,,,,,,,,,,,,,,,,,,,,,,,,,,,,,,,,
Vatican,1978,4,,,,,,,,,,,,,,,,,,,,,,,,,,,,,,,,,
Vatican,1979,4,,,,,,,,,,,,,,,,,,,,,,,,,,,,,,,,,
Vatican,1980,4,,,,,,,,,,,,,,,,,,,,,,,,,,,,,,,,,
Vatican,1981,4,,,,,,,,,,,,,,,,,,,,,,,,,,,,,,,,,
Vatican,1982,4,,,,,,,,,,,,,,,,,,,,,,,,,,,,,,,,,
Vatican,1983,4,,,,,,,,,,,,,,,,,,,,,,,,,,,,,,,,,
Vatican,1984,4,,,,,,,,,,,,,,,,,,,,,,,,,,,,,,,,,
Vatican,1985,4,,,,,,,,,,,,,,,,,,,,,,,,,,,,,,,,,
Vatican,1986,4,,,,,,,,,,,,,,,,,,,,,,,,,,,,,,,,,
Vatican,1987,4,,,,,,,,,,,,,,,,,,,,,,,,,,,,,,,,,
Vatican,1988,4,,,,,,,,,,,,,,,,,,,,,,,,,,,,,,,,,
Vatican,1989,4,,,,,,,,,,,,,,,,,,,,,,,,,,,,,,,,,
Vatican,1990,4,,,,,,,,,,,,,,,,,,,,,,,,,,,,,,,,,
Vatican,1991,4,,,,,,,,,,,,,,,,,,,,,,,,,,,,,,,,,
Vatican,1992,4,,,,,,,,,,,,,,,,,,,,,,,,,,,,,,,,,
Vatican,1993,5,,,,,,,,,,,,,,,,,,,,,,,,,,,,,,,,,
Vatican,1994,5,,,,,,,,,,,,,,,,,,,,,,,,,,,,,,,,,
Vatican,1995,5,,,,,,,,,,,,,,,,,,,,,,,,,,,,,,,,,
Vatican,1996,4,,,,,,,,,,,,,,,,,,,,,,,,,,,,,,,,,
Vatican,1997,5,,,,,,,,,,,,,,,,,,,,,,,,,,,,,,,,,
Vatican,1998,5,,,,,,,,,,,,,,,,,,,,,,,,,,,,,,,,,
Vatican,1999,5,,,,,,,,,,,,,,,,,,,,,,,,,,,,,,,,,
Vatican,2000,4,,,,,,,,,,,,,,,,,,,,,,,,,,,,,,,,,
Vatican,2001,4,,,,,,,,,,,,,,,,,,,,,,,,,,,,,,,,,
Vatican,2002,4,,,,,,,,,,,,,,,,,,,,,,,,,,,,,,,,,
Vatican,2003,5,,,,,,,,,,,,,,,,,,,,,,,,,,,,,,,,,
Vatican,2004,5,,,,,,,,,,,,,,,,,,,,,,,,,,,,,,,,,
Vatican,2005,5,,,,,,,,,,,,,,,,,,,,,,,,,,,,,,,,,
Vatican,2006,4,,,,,,,,,,,,,,,,,,,,,,,,,,,,,,,,,
Vatican,2007,4,,,,,,,,,,,,,,,,,,,,,,,,,,,,,,,,,
Vatican,2008,5,,,,,,,,,,,,,,,,,,,,,,,,,,,,,,,,,
Vatican,2009,5,,,,,,,,,,,,,,,,,,,,,,,,,,,,,,,,,
Vatican,2010,5,,,,,,,,,,,,,,,,,,,,,,,,,,,,,,,,,
Vatican,2011,5,,,,,,,,,,,,,,,,,,,,,,,,,,,,,,,,,
Vatican,2012,5,,,,,,,,,,,,,,,,,,,,,,,,,,,,,,,,,
Vatican,2013,5,,,,,,,,,,,,,,,,,,,,,,,,,,,,,,,,,
Vatican,2014,5,,,,,,,,,,,,,,,,,,,,,,,,,,,,,,,,,
Vatican,2015,5,,,,,,,,,,,,,,,,,,,,,,,,,,,,,,,,,
Vatican,2016,5,,,,,,,,,,,,,,,,,,,,,,,,,,,,,,,,,
Vatican,2017,5,,,,,,,,,,,,,,,,,,,,,,,,,,,,,,,,,
Vatican,2018,5,,,,,,,,,,,,,,,,,,,,,,,,,,,,,,,,,
Vatican,2019,5,,,,,,,,,,,,,,,,,,,,,,,,,,,,,,,,,
Vatican,2020,5,,,,,,,,,,,,,,,,,,,,,,,,,,,,,,,,,
Vatican,2021,6,,,,,,,,,,,,,,,,,,,,,,,,,,,,,,,,,
Venezuela,1950,43473,14298,19730,5432,1035,536,1509,4064,3102,3210,3372,3166,2369,1201,174,2211,1853,1585,1517,1548,1662,1717,1655,1674,1492,1330,1039,772,429,148,26,20765,2045,4
Venezuela,1951,44355,14806,20373,5567,1028,525,1482,4065,3087,3236,3482,3243,2410,1209,200,2201,1864,1581,1506,1563,1673,1783,1699,1719,1524,1350,1060,785,424,154,46,21401,2007,10
Venezuela,1952,44921,15123,20704,5581,1025,521,1460,4053,3072,3260,3598,3327,2461,1227,207,2180,1873,1579,1493,1578,1682,1846,1752,1767,1560,1380,1081,804,423,152,55,21729,1981,15
Venezuela,1953,45385,15366,20967,5601,1036,516,1438,4019,3050,3271,3705,3409,2506,1246,205,2145,1874,1574,1476,1582,1689,1895,1810,1812,1597,1408,1098,825,421,149,56,22003,1954,17
Venezuela,1954,46070,15532,21144,5612,1115,519,1432,4013,3065,3313,3852,3537,2584,1280,203,2125,1888,1587,1478,1595,1718,1953,1899,1880,1657,1455,1129,854,426,149,54,22259,1951,17
Venezuela,1955,45365,15640,21236,5596,1136,499,1354,3786,2916,3179,3785,3483,2534,1253,189,1992,1794,1513,1403,1518,1661,1894,1891,1849,1634,1429,1105,841,412,139,50,22372,1853,16
Venezuela,1956,45628,15715,21277,5562,1159,505,1341,3721,2899,3178,3871,3590,2602,1285,184,1952,1769,1508,1391,1503,1675,1908,1963,1906,1684,1468,1134,865,420,137,47,22436,1846,16
Venezuela,1957,46333,15813,21321,5508,1208,525,1349,3716,2931,3227,4023,3769,2722,1340,183,1948,1768,1528,1403,1511,1716,1954,2069,2002,1767,1536,1186,905,435,139,44,22529,1874,15
Venezuela,1958,46249,15833,21276,5443,1194,537,1326,3610,2884,3183,4054,3857,2775,1363,175,1898,1712,1505,1379,1480,1703,1947,2107,2055,1802,1567,1208,921,442,134,41,22470,1863,15
Venezuela,1959,45554,15650,21021,5371,1224,542,1283,3437,2778,3071,3996,3875,2781,1368,168,1815,1622,1448,1330,1419,1652,1905,2091,2073,1802,1569,1212,925,443,130,38,22245,1825,13
Venezuela,1960,44988,15338,20611,5273,1210,559,1265,3314,2703,2992,3981,3952,2830,1395,164,1760,1554,1405,1298,1378,1614,1893,2088,2123,1829,1597,1233,943,452,129,35,21821,1824,12
Venezuela,1961,44328,15109,20249,5140,1175,572,1250,3180,2609,2896,3930,4007,2864,1423,162,1697,1483,1350,1259,1334,1562,1867,2063,2157,1850,1616,1248,960,463,129,33,21424,1822,11
Venezuela,1962,45396,14917,19913,4996,1178,621,1352,3376,2746,3007,4117,4302,3069,1535,170,1811,1565,1417,1329,1392,1615,1956,2161,2317,1985,1732,1337,1033,502,136,34,21091,1973,10
Venezuela,1963,45081,14719,19569,4850,1184,646,1360,3202,2623,2940,4132,4452,3182,1606,172,1728,1474,1337,1286,1359,1581,1956,2176,2388,2064,1794,1388,1077,529,139,33,20753,2006,9
Venezuela,1964,45296,14506,19219,4713,1183,673,1428,3209,2603,2942,4197,4639,3327,1692,177,1744,1465,1315,1288,1362,1580,1977,2220,2471,2168,1874,1453,1133,559,144,33,20402,2101,9
Venezuela,1965,45299,14280,18856,4576,1198,687,1496,3198,2554,2918,4217,4774,3445,1766,180,1756,1442,1282,1272,1353,1565,1969,2248,2515,2259,1940,1505,1178,588,150,30,20054,2183,8
Venezuela,1966,45366,14028,18459,4431,1162,700,1578,3226,2514,2911,4248,4926,3592,1851,187,1794,1432,1258,1256,1352,1559,1965,2283,2565,2361,2021,1571,1232,619,158,29,19621,2278,7
Venezuela,1967,44986,13748,18038,4290,1152,707,1637,3216,2433,2855,4196,4973,3675,1905,194,1815,1401,1217,1216,1327,1528,1922,2274,2560,2413,2069,1606,1264,641,166,28,19190,2344,6
Venezuela,1968,44899,13403,17497,4094,1106,707,1713,3273,2387,2846,4208,5107,3840,2003,206,1878,1395,1196,1191,1324,1522,1911,2297,2603,2504,2165,1675,1325,678,179,27,18603,2420,5
Venezuela,1969,45071,13021,16923,3902,1087,724,1793,3398,2370,2861,4250,5275,4047,2117,223,1986,1412,1192,1178,1328,1533,1917,2333,2672,2603,2284,1763,1395,722,194,29,18010,2517,5
Venezuela,1970,44105,12607,16308,3701,1021,706,1784,3416,2264,2761,4121,5232,4103,2156,232,2031,1385,1145,1119,1278,1483,1852,2269,2640,2592,2317,1786,1416,740,202,30,17329,2490,4
Venezuela,1971,43746,12183,15684,3501,983,704,1800,3516,2209,2720,4079,5290,4251,2249,249,2118,1398,1123,1086,1251,1469,1832,2247,2661,2629,2399,1852,1471,778,215,34,16667,2504,4
Venezuela,1972,43953,11799,15106,3307,946,713,1846,3699,2206,2727,4111,5446,4488,2390,271,2245,1454,1129,1077,1245,1482,1845,2266,2733,2713,2528,1960,1557,833,235,36,16052,2559,4
Venezuela,1973,43972,11483,14615,3132,899,710,1869,3851,2188,2703,4105,5538,4681,2512,294,2344,1507,1126,1062,1223,1480,1844,2261,2767,2771,2628,2053,1633,879,253,41,15514,2579,4
Venezuela,1974,43854,11198,14178,2980,873,701,1880,3967,2165,2655,4070,5584,4836,2624,316,2400,1567,1123,1042,1190,1465,1831,2239,2775,2809,2700,2136,1703,921,270,46,15051,2581,5
Venezuela,1975,43950,10971,13824,2853,848,691,1891,4100,2160,2613,4058,5652,5009,2755,339,2450,1650,1130,1030,1162,1451,1826,2232,2787,2865,2781,2228,1788,967,290,49,14672,2582,5
Venezuela,1976,43926,10789,13535,2746,813,677,1892,4195,2158,2555,4024,5675,5150,2877,363,2473,1722,1146,1012,1132,1423,1811,2213,2774,2901,2839,2311,1867,1010,309,54,14348,2569,6
Venezuela,1977,44867,10557,13187,2630,793,687,1948,4428,2243,2584,4133,5884,5469,3105,400,2574,1854,1210,1033,1143,1441,1859,2274,2851,3033,2993,2476,2012,1093,339,61,13980,2635,6
Venezuela,1978,45561,10402,12957,2555,781,688,1970,4603,2316,2577,4189,6017,5722,3303,431,2643,1960,1271,1045,1142,1435,1883,2306,2894,3123,3110,2612,2137,1166,364,67,13738,2658,7
Venezuela,1979,45974,10200,12669,2469,766,683,1968,4734,2396,2553,4215,6100,5939,3483,460,2697,2037,1340,1056,1136,1417,1891,2324,2916,3184,3210,2729,2246,1237,385,75,13435,2651,8
Venezuela,1980,46915,9892,12254,2362,769,695,2002,4932,2548,2584,4320,6299,6273,3734,495,2791,2141,1451,1097,1156,1428,1931,2389,2999,3300,3373,2900,2399,1335,414,81,13023,2697,10
Venezuela,1981,46406,9650,11930,2280,742,677,1941,4895,2599,2502,4226,6215,6327,3824,512,2755,2140,1500,1099,1125,1377,1878,2348,2952,3263,3386,2941,2447,1377,425,87,12672,2618,10
Venezuela,1982,47016,9382,11577,2195,732,679,1950,5015,2749,2515,4271,6334,6590,4048,547,2806,2209,1599,1150,1138,1377,1883,2388,3004,3330,3509,3081,2583,1465,454,93,12309,2629,12
Venezuela,1983,47005,9151,11262,2111,736,674,1916,5005,2845,2484,4227,6340,6723,4207,576,2779,2226,1661,1184,1131,1353,1845,2382,3002,3338,3561,3162,2683,1524,478,98,11998,2590,13
Venezuela,1984,47348,8978,11016,2038,712,674,1902,5034,2966,2485,4212,6400,6914,4402,611,2769,2265,1721,1245,1140,1345,1822,2390,3028,3372,3641,3273,2810,1592,509,102,11728,2576,14
Venezuela,1985,48320,8812,10785,1973,730,688,1923,5132,3143,2540,4259,6568,7205,4670,660,2799,2333,1802,1341,1179,1361,1828,2431,3104,3464,3771,3434,2990,1680,552,108,11515,2611,15
Venezuela,1986,48489,8737,10640,1903,712,685,1902,5101,3239,2548,4200,6586,7328,4840,693,2758,2343,1831,1408,1199,1349,1792,2408,3109,3477,3812,3516,3108,1732,580,113,11352,2587,16
Venezuela,1987,50126,8565,10412,1847,723,717,1960,5272,3468,2676,4306,6870,7739,5212,750,2835,2437,1932,1536,1281,1395,1835,2471,3239,3631,4002,3737,3351,1861,627,123,11135,2677,18
Venezuela,1988,51297,8330,10110,1780,727,735,2002,5372,3660,2797,4369,7091,8077,5544,793,2877,2495,2012,1648,1365,1432,1863,2506,3337,3754,4156,3921,3562,1982,659,134,10837,2737,19
Venezuela,1989,53084,8064,9775,1711,715,770,2083,5560,3910,2994,4497,7419,8537,5963,842,2973,2587,2131,1779,1492,1502,1925,2572,3482,3937,4372,4165,3821,2142,693,149,10490,2853,21
Venezuela,1990,53283,7814,9462,1648,720,773,2083,5531,3990,3102,4456,7453,8675,6166,849,2959,2572,2159,1831,1577,1525,1918,2538,3483,3970,4427,4248,3931,2235,695,154,10182,2856,22
Venezuela,1991,54579,7604,9190,1586,704,791,2140,5629,4149,3304,4529,7666,9040,6531,882,3018,2611,2233,1916,1705,1599,1959,2570,3560,4106,4595,4445,4137,2394,716,166,9894,2931,23
Venezuela,1992,56278,7397,8940,1543,714,816,2229,5815,4355,3565,4645,7904,9439,6915,913,3120,2695,2331,2024,1860,1705,2022,2623,3644,4260,4782,4657,4356,2559,743,170,9654,3045,23
Venezuela,1993,58208,7263,8780,1517,715,844,2316,5953,4521,3841,4793,8185,9920,7350,958,3205,2748,2397,2124,2011,1830,2098,2695,3740,4445,5011,4909,4613,2737,786,172,9495,3160,24
Venezuela,1994,60707,7185,8687,1502,727,871,2435,6203,4754,4184,5006,8512,10475,7818,1010,3350,2853,2496,2258,2180,2004,2209,2797,3857,4655,5278,5197,4904,2914,841,169,9414,3306,24
Venezuela,1995,60918,7072,8535,1463,718,860,2437,6172,4754,4351,5021,8464,10594,7970,1026,3345,2827,2473,2281,2238,2113,2238,2783,3808,4656,5323,5271,5007,2963,868,158,9253,3297,22
Venezuela,1996,62672,6913,8327,1414,713,875,2509,6356,4895,4651,5213,8656,11024,8358,1076,3459,2897,2524,2371,2356,2295,2356,2857,3876,4780,5525,5499,5266,3092,923,153,9040,3384,22
Venezuela,1997,62365,6698,8055,1357,704,858,2486,6303,4844,4772,5235,8513,11034,8448,1091,3446,2857,2482,2362,2378,2394,2406,2829,3803,4710,5516,5518,5336,3112,945,146,8759,3344,20
Venezuela,1998,65619,6462,7741,1279,696,888,2614,6675,5095,5209,5641,8934,11790,9139,1179,3663,3012,2600,2495,2557,2652,2641,3000,3993,4941,5877,5913,5779,3360,1024,155,8437,3502,19
Venezuela,1999,69723,6348,7664,1316,768,942,2767,7131,5406,5708,6170,9423,12607,9860,1252,3921,3210,2754,2652,2775,2933,2949,3221,4224,5199,6266,6341,6241,3619,1086,166,8432,3709,18
Venezuela,2000,73000,6045,7211,1166,741,963,2888,7530,5657,6136,6722,9870,13377,10580,1309,4143,3387,2882,2775,2959,3177,3276,3446,4441,5429,6624,6753,6693,3887,1130,179,7952,3851,17
Venezuela,2001,83850,5862,6982,1120,827,1101,3327,8807,6563,7283,8138,11423,15575,12352,1458,4836,3971,3351,3212,3489,3794,4030,4108,5165,6258,7684,7891,7824,4528,1256,202,7809,4428,17
Venezuela,2002,76103,5707,6788,1081,759,968,2952,7931,5867,6631,7616,10214,13961,11144,1256,4339,3592,2999,2868,3156,3475,3810,3806,4643,5571,6856,7105,7056,4088,1081,175,7547,3920,14
Venezuela,2003,83549,5574,6624,1050,760,1044,3219,8769,6458,7406,8781,11273,15405,12444,1355,4773,3996,3312,3146,3492,3914,4415,4366,5152,6121,7523,7882,7856,4588,1175,180,7384,4263,13
Venezuela,2004,81734,5434,6453,1019,764,990,3085,8527,6271,7273,8909,10991,14942,12219,1301,4611,3916,3228,3043,3390,3883,4461,4448,5060,5931,7260,7682,7695,4524,1138,163,7217,4075,11
Venezuela,2005,82971,5296,6285,989,616,976,3080,8612,6354,7415,9415,11214,15112,12553,1329,4631,3981,3279,3075,3424,3991,4659,4756,5212,6002,7307,7805,7876,4677,1176,153,6901,4056,9
Venezuela,2006,86875,5149,6095,946,661,979,3159,8958,6654,7784,10243,11866,15767,13291,1409,4789,4169,3449,3205,3556,4228,4998,5245,5583,6283,7596,8171,8311,4980,1264,145,6756,4138,7
Venezuela,2007,87755,5033,5953,920,549,939,3117,8956,6713,7855,10701,12152,15843,13526,1445,4765,4191,3497,3216,3563,4292,5141,5560,5804,6348,7618,8225,8432,5094,1310,135,6502,4056,5
Venezuela,2008,95571,4934,5838,904,537,964,3330,9679,7351,8564,12090,13545,17239,14837,1592,5127,4552,3842,3509,3866,4698,5726,6364,6574,6971,8289,8950,9231,5606,1457,135,6375,4294,4
Venezuela,2009,96474,4893,5787,894,503,899,3276,9616,7424,8587,12528,14010,17287,14940,1609,5072,4544,3889,3535,3868,4719,5876,6652,6920,7090,8322,8965,9288,5652,1480,129,6290,4175,2
Venezuela,2010,96068,4895,5794,899,418,808,3153,9396,7370,8476,12702,14365,17098,14862,1620,4943,4453,3862,3508,3817,4659,5909,6793,7219,7146,8246,8852,9225,5637,1492,128,6212,3961,2
Venezuela,2011,98073,4900,5801,901,458,733,3087,9388,7498,8565,13153,15141,17369,15194,1685,4923,4465,3920,3578,3863,4702,6077,7076,7711,7430,8395,8974,9416,5778,1550,135,6259,3820,1
Venezuela,2012,100904,4939,5849,910,383,664,3020,9454,7692,8736,13684,16142,17834,15676,1771,4938,4516,4005,3687,3943,4793,6277,7407,8295,7847,8644,9190,9702,5974,1626,145,6232,3684,1
Venezuela,2013,100925,4995,5920,925,376,581,2828,9205,7633,8636,13751,16690,17792,15700,1810,4790,4415,3952,3681,3908,4728,6247,7504,8620,8070,8652,9140,9701,5999,1656,154,6296,3409,1
Venezuela,2014,106803,5082,6030,948,380,546,2769,9489,8029,9074,14640,18304,18893,16691,1956,4917,4572,4128,3901,4121,4953,6572,8068,9428,8876,9234,9659,10297,6394,1784,172,6410,3315,1
Venezuela,2015,108332,5156,6123,967,375,496,2542,9336,8057,9132,14862,19182,19250,16961,2005,4803,4533,4116,3941,4159,4973,6605,8257,9795,9387,9477,9773,10442,6519,1825,180,6498,3038,1
Venezuela,2016,122142,5187,6165,978,380,524,2572,10241,9052,10331,16888,22476,22041,19215,2253,5214,5027,4596,4456,4725,5606,7429,9459,11360,11116,10955,11086,11817,7398,2050,203,6545,3096,2
Venezuela,2017,122034,5132,6167,1035,474,577,2344,9900,9043,10366,16866,23060,22202,18961,2078,4966,4934,4561,4482,4775,5591,7375,9491,11529,11531,11164,11038,11674,7287,1927,151,6641,2921,1
Venezuela,2018,123377,4878,5889,1011,455,561,2089,9277,8871,10488,17181,24331,23148,19277,1808,4567,4710,4429,4442,4832,5656,7464,9717,12033,12298,11775,11373,11911,7366,1736,72,6344,2650,1
Venezuela,2019,120844,4457,5367,910,418,440,1732,7961,8095,10179,17028,25106,23821,19217,1481,3838,4123,3981,4114,4658,5521,7343,9685,12314,12792,12265,11556,11939,7278,1436,45,5785,2172,1
Venezuela,2020,126956,4163,5030,867,562,853,4261,12606,8793,8578,14635,23600,24760,21808,1466,7027,5579,4602,4191,4055,4523,6201,8434,11110,12490,12274,12486,13592,8216,1436,30,5592,5114,2
Venezuela,2021,132738,4028,4860,832,556,854,4302,12314,8556,8936,15742,26099,27133,21953,1434,6970,5344,4451,4105,4120,4816,6643,9099,12163,13936,13383,13750,14016,7937,1405,29,5416,5156,2
Vietnam,1950,248889,52942,79198,26256,8361,4541,9525,30582,24785,23082,22322,22280,17798,5540,854,15527,15055,12671,12114,11112,11970,11138,11184,11296,10984,10178,7620,3582,1958,702,152,87559,14066,22
Vietnam,1951,248192,49302,78167,28865,8347,4382,9369,30245,24441,22816,22625,22758,18457,5770,796,15440,14805,12525,11916,10997,11819,11348,11277,11505,11253,10451,8006,3932,1838,670,126,86514,13751,20
Vietnam,1952,251840,52323,81494,29171,8339,4243,9080,29968,24073,22499,22966,23239,19069,6076,771,15514,14454,12466,11607,11008,11491,11650,11316,11704,11535,10709,8360,4360,1716,652,119,89833,13323,18
Vietnam,1953,253420,52654,82178,29524,8535,4179,8724,29761,23734,22210,23365,23782,19711,6471,754,15672,14089,12455,11279,11101,11109,11986,11379,11926,11856,10998,8713,4815,1656,642,112,90713,12903,15
Vietnam,1954,229951,55588,86560,30972,9280,4091,6273,18646,16242,17543,21057,22986,19741,6805,710,9873,8773,8272,7970,8663,8880,10697,10360,11357,11629,10934,8807,5117,1688,611,99,95840,10364,12
Vietnam,1955,206002,52415,80399,27984,9226,3639,4770,13558,12584,14572,18750,21467,19242,7112,671,7165,6393,6345,6239,7154,7418,9414,9336,10469,10998,10557,8685,5303,1809,576,95,89625,8409,9
Vietnam,1956,206501,51200,79078,27878,9588,3622,4620,13442,12470,14448,18950,21959,19979,7692,644,7043,6399,6279,6191,7075,7373,9374,9576,10651,11308,10934,9045,5660,2032,552,92,88666,8242,8
Vietnam,1957,210335,53688,80949,27261,9962,3633,4506,13322,12374,14370,19115,22429,20748,8304,620,6840,6482,6177,6197,6940,7430,9206,9909,10801,11628,11341,9407,6009,2295,527,93,90911,8139,8
Vietnam,1958,211532,54171,81072,26901,10256,3639,4386,13044,12167,14183,19083,22758,21432,8889,619,6520,6524,6004,6163,6715,7468,8901,10182,10880,11878,11700,9732,6327,2562,525,94,91328,8025,8
Vietnam,1959,212415,53411,80096,26685,10504,3842,4326,12816,12074,14092,19107,23219,22206,9474,654,6257,6559,5916,6158,6574,7518,8700,10407,11066,12153,12098,10108,6657,2817,563,91,90600,8168,7
Vietnam,1960,212744,52372,78661,26289,10609,4127,4288,12532,11978,13968,19077,23727,23000,10045,723,6027,6505,5864,6114,6470,7498,8581,10496,11306,12421,12487,10513,6991,3054,636,87,89270,8415,7
Vietnam,1961,208290,46464,72371,25907,10627,4311,4309,12360,11996,13874,19025,24264,23763,10576,810,5906,6454,5915,6081,6439,7435,8563,10462,11614,12650,12847,10916,7303,3273,725,85,82998,8620,7
Vietnam,1962,219012,49095,74835,25740,11071,4675,4726,13540,13082,14594,19725,25589,25030,11224,912,6499,7041,6589,6493,6879,7715,9039,10686,12414,13175,13493,11537,7704,3520,829,83,85906,9401,7
Vietnam,1963,242126,51700,78808,27108,12241,5425,5824,16837,15923,16687,21755,28258,27205,12118,1030,8190,8647,8249,7674,8063,8624,10258,11497,13955,14303,14660,12545,8291,3827,944,86,91049,11249,7
Vietnam,1964,240764,50082,76656,26574,13087,5886,6008,15633,15348,16232,21397,28727,27946,12695,1140,7717,7916,8003,7345,7905,8327,10247,11150,14217,14510,14974,12972,8644,4051,1045,95,89743,11894,7
Vietnam,1965,253550,49947,77812,27865,13109,5996,7128,17727,17139,17482,22562,30420,29476,13441,1249,8889,8838,9001,8138,8605,8877,10922,11640,15022,15398,15761,13715,9136,4305,1139,110,90921,13124,7
Vietnam,1966,261009,49083,77738,28655,13513,6394,7968,18429,17827,18073,23188,31589,30739,14184,1360,9393,9036,9286,8541,8895,9178,11212,11976,15392,16197,16377,14362,9626,4558,1234,126,91251,14362,6
Vietnam,1967,269784,48861,78109,29248,13864,6874,9006,19421,18620,18769,23946,32759,31991,14944,1472,10064,9357,9514,9106,9170,9599,11436,12510,15562,17197,16959,15032,10138,4806,1327,145,91973,15880,6
Vietnam,1968,334880,54425,90198,35773,17132,8904,13819,29515,26464,25028,30028,38997,36649,16521,1614,15602,13913,13312,13152,12254,12774,14199,15829,18193,20804,19538,17111,11279,5242,1450,164,107330,22723,7
Vietnam,1969,311123,53129,85169,32040,15965,8444,12640,25887,22712,22307,27473,36626,35589,16625,1680,14124,11763,11101,11611,10777,11530,12762,14711,16597,20029,18864,16725,11293,5332,1502,178,101134,21084,7
Vietnam,1970,317034,53901,85941,32040,16107,8762,13134,27520,22652,22581,27734,37008,36586,17231,1771,15608,11912,10902,11750,10897,11684,12805,14929,16584,20424,19429,17157,11676,5555,1580,191,102048,21896,8
Vietnam,1971,317228,54714,86237,31523,15924,8800,13373,27963,21735,22249,27357,36717,37276,17733,1855,16287,11676,10375,11360,10783,11466,12645,14712,16450,20267,19887,17389,11972,5761,1649,206,102161,22173,10
Vietnam,1972,381663,60859,99639,38780,18290,10430,18444,40721,28343,28178,32710,41875,41935,19116,1970,24268,16453,13717,14626,14020,14158,15408,17302,19299,22576,22826,19109,12948,6168,1749,221,117929,28874,11
Vietnam,1973,331383,58144,91216,33072,15489,8913,14904,32195,21452,22911,27584,36783,39246,18675,2003,19506,12689,10415,11037,11487,11424,13103,14481,17172,19611,21423,17823,12531,6144,1773,230,106705,23817,12
Vietnam,1974,355410,58825,94623,35798,16394,9584,17011,38138,23270,25021,29426,38607,41648,19564,2109,22933,15205,11498,11772,12723,12298,14168,15258,18411,20196,22869,18779,13113,6451,1865,244,111017,26595,13
Vietnam,1975,257826,50838,75380,24542,11945,6721,9564,19171,12306,15518,20664,30080,35887,18451,2120,11235,7936,6003,6303,7669,7849,9830,10834,14106,15974,19254,16633,12183,6268,1872,248,87325,16285,14
Vietnam,1976,237197,49375,71778,22403,10508,5832,7949,15487,9874,13269,18597,28116,34980,18580,2209,8955,6532,4845,5029,6425,6844,8781,9816,13046,15070,18378,16602,12182,6398,1947,262,82286,13781,15
Vietnam,1977,240016,49245,71440,22195,10574,5769,7990,16357,9866,13269,18701,28459,35909,19314,2348,9341,7016,4927,4939,6283,6986,8744,9957,13009,15450,18360,17549,12602,6712,2068,280,82014,13759,16
Vietnam,1978,242910,49526,71410,21884,10641,5609,7989,17247,9956,13221,18787,28806,36673,20059,2491,9704,7543,5074,4882,6075,7146,8667,10120,12893,15913,18162,18511,13031,7028,2193,298,82051,13598,18
Vietnam,1979,241881,49753,71311,21558,10198,5238,7715,17383,9958,12747,18475,28646,36855,20708,2623,9709,7674,5259,4699,5696,7051,8443,10032,12593,16053,17804,19051,13427,7281,2306,317,81509,12953,19
Vietnam,1980,244543,49647,71144,21497,10312,5105,7400,17708,10373,12633,18727,28988,37605,21744,2783,9795,7913,5716,4657,5523,7110,8525,10202,12644,16344,17947,19658,14114,7630,2443,340,81456,12505,21
Vietnam,1981,243050,49956,71188,21232,9716,4815,7121,17419,10437,12019,18411,28699,37644,22624,2932,9510,7909,5920,4517,5191,6828,8414,9997,12515,16184,17930,19714,14730,7894,2569,363,80904,11936,22
Vietnam,1982,246250,50118,71184,21066,9707,4882,7112,17702,10972,11795,18618,28959,38261,23921,3111,9461,8241,6381,4591,5097,6698,8631,9987,12771,16188,18467,19794,15686,8235,2721,390,80891,11994,24
Vietnam,1983,251612,50053,71056,21003,10006,5138,7120,18312,11823,11738,19076,29471,39135,25399,3309,9603,8709,7008,4815,5129,6609,9007,10069,13210,16261,19283,19852,16764,8635,2892,417,81062,12258,26
Vietnam,1984,255147,49653,70475,20822,10055,5264,7068,18669,12647,11598,19395,29871,39864,26709,3504,9629,9040,7445,5202,5143,6455,9258,10137,13541,16330,19921,19943,17616,9093,3057,447,80530,12332,28
Vietnam,1985,254061,48990,69628,20638,9656,5139,6862,18299,13084,11164,19227,29796,40043,27609,3526,9298,9001,7522,5562,5025,6139,9182,10045,13549,16247,20081,19962,18053,9556,3051,475,79284,12001,30
Vietnam,1986,257752,48108,68327,20219,9843,5292,7006,18612,14016,11223,19563,30395,40958,28713,3775,9416,9196,7938,6078,5145,6078,9255,10308,13788,16607,20451,20507,18518,10195,3266,509,78170,12298,32
Vietnam,1987,254920,46684,66210,19526,9369,5075,6937,18000,14420,10908,19296,30307,41143,29239,3979,9111,8889,8046,6374,5088,5820,8918,10378,13573,16734,20208,20935,18444,10795,3432,547,75579,12012,34
Vietnam,1988,259757,45123,63858,18735,9820,5317,7332,18374,15713,11324,19797,31224,42472,30245,4249,9227,9147,8609,7104,5404,5920,8872,10925,13789,17435,20454,22018,18646,11599,3652,597,73678,12649,37
Vietnam,1989,257936,43576,61398,17822,9560,5203,7393,17919,16075,11495,19538,31317,42814,30695,4487,8975,8944,8717,7358,5696,5799,8510,11028,13673,17644,20302,22512,18605,12090,3847,640,70958,12596,40
Vietnam,1990,261288,41847,58561,16714,9760,5376,7755,18244,16924,12334,19747,32139,43939,31652,4814,9187,9057,9119,7805,6400,5934,8438,11309,13989,18150,20718,23221,19062,12590,4121,693,68321,13131,43
Vietnam,1991,258489,39950,55605,15655,9313,5232,7773,17980,16966,12642,19259,32207,44168,32180,5122,9127,8853,9007,7959,6764,5878,8138,11121,14057,18150,20847,23321,19403,12777,4382,740,64918,13005,46
Vietnam,1992,261825,37569,52135,14566,9526,5473,8116,18669,17740,13640,19309,33109,45263,33272,5518,9615,9054,9205,8535,7509,6131,8169,11140,14667,18442,21611,23652,20299,12973,4730,788,61661,13589,50
Vietnam,1993,258184,34841,48342,13501,9009,5321,8029,18465,17693,14178,18677,33211,45438,33911,5855,9729,8736,9005,8688,7970,6208,7983,10694,14961,18250,21987,23451,20981,12930,5026,829,57351,13350,54
Vietnam,1994,260316,31712,44137,12425,9111,5516,8279,19101,18329,15393,18653,34062,46498,34983,6193,10241,8860,9169,9160,8601,6792,8096,10557,15521,18541,22732,23766,21836,13147,5304,889,53248,13795,59
Vietnam,1995,255035,28319,39615,11296,8424,5260,8126,18847,17939,15965,18126,34028,46720,35517,6407,10220,8627,8830,9109,8687,7278,7990,10136,15494,18534,22887,23833,22164,13353,5459,948,48039,13386,64
Vietnam,1996,256635,25354,35584,10230,8475,5392,8353,19516,18317,17182,18232,34681,47766,36443,6621,10617,8899,8970,9347,9205,7977,8187,10045,15644,19037,23325,24441,22605,13838,5598,1023,44059,13745,68
Vietnam,1997,253220,23209,32541,9332,8004,5192,8245,19383,17750,17809,17962,34599,48027,36897,6733,10500,8883,8696,9054,9362,8447,8215,9747,15221,19378,23163,24864,22562,14335,5631,1102,40545,13437,73
Vietnam,1998,254568,21314,29369,8055,7635,5073,8367,20011,17821,19117,18322,35090,49039,37765,6875,10724,9287,8674,9147,9843,9274,8570,9752,14944,20146,23315,25724,22727,15038,5691,1184,37004,13440,77
Vietnam,1999,257424,20146,27375,7229,7426,5056,8518,20622,17922,20172,19106,35429,50063,38604,7045,10943,9679,8710,9212,10263,9909,9283,9823,14653,20776,23574,26489,22994,15610,5800,1245,34801,13574,83
Vietnam,2000,260182,19451,25969,6518,7121,5013,8617,21073,17941,20903,20184,35517,51051,39435,7268,11102,9971,8773,9168,10567,10336,10259,9925,14383,21134,23961,27090,23413,16022,5980,1288,33090,13630,90
Vietnam,2001,263286,18815,24809,5994,6739,4935,8562,21425,18220,21684,21400,35493,52073,40310,7539,11172,10253,8980,9240,10773,10911,11246,10154,14233,21260,24538,27535,24001,16309,6223,1316,31548,13497,97
Vietnam,2002,267600,18491,24114,5623,6382,4890,8506,21788,18685,22462,22906,35351,53250,41291,7864,11271,10517,9349,9336,10882,11580,12396,10510,14204,21147,25434,27816,24808,16483,6532,1332,30496,13396,106
Vietnam,2003,271057,17910,23292,5382,5993,4804,8393,21934,19015,23123,24600,35013,54353,42234,8194,11284,10650,9739,9276,10958,12165,13613,10987,14233,20780,26396,27957,25635,16599,6847,1347,29285,13197,113
Vietnam,2004,275278,17613,22849,5236,5676,4708,8296,22056,19422,23702,26517,34792,55465,43204,8476,11286,10770,10132,9290,11016,12686,14573,11944,14366,20426,27195,28270,26382,16822,7099,1377,28525,13004,119
Vietnam,2005,277948,17066,22188,5122,5342,4494,8128,21922,19692,23933,28429,34619,56298,44088,8699,11154,10768,10387,9305,10917,13016,15219,13210,14524,20095,27594,28704,26934,17154,7269,1430,27530,12622,122
Vietnam,2006,283405,16504,21546,5042,5267,4363,8109,22093,20355,24483,30668,34915,57419,45153,8907,11172,10921,10762,9593,11095,13388,16164,14504,14926,19989,27873,29546,27468,17685,7409,1498,26813,12472,125
Vietnam,2007,288388,16433,21346,4913,5176,4144,8051,22088,20958,24693,33004,35339,58344,46045,9069,11093,10995,11005,9953,11182,13511,17098,15906,15405,19934,27708,30636,27740,18305,7490,1579,26522,12195,127
Vietnam,2008,296246,16423,21230,4807,5304,4037,8128,22394,21889,25118,35803,36382,59493,47096,9243,11177,11217,11341,10548,11301,13817,18168,17635,16232,20150,27455,32038,28068,19028,7583,1660,26534,12165,129
Vietnam,2009,300271,16294,21026,4732,5229,3796,7987,22169,22271,25034,37632,37785,59874,47922,9412,11020,11149,11383,10888,11239,13795,18852,18780,17503,20282,26933,32941,28370,19552,7698,1714,26255,11783,132
Vietnam,2010,306419,16197,20871,4674,5241,3672,7920,22238,22826,25201,39276,40053,60286,49034,9654,11059,11179,11522,11304,11397,13804,19534,19742,19412,20641,26676,33610,29000,20034,7899,1755,26112,11592,138
Vietnam,2011,309316,16230,20858,4628,5099,3516,7634,21959,22918,25260,40346,41948,59867,49887,9880,10956,11003,11442,11476,11506,13754,19744,20602,21009,20939,26265,33602,29630,20257,8106,1774,25957,11150,145
Vietnam,2012,316223,16368,20973,4605,5099,3501,7406,22067,23329,25881,41745,44723,59757,51351,10229,11064,11003,11552,11777,11972,13909,19938,21807,23093,21630,26273,33484,30845,20506,8432,1797,26072,10907,153
Vietnam,2013,321868,16488,21095,4607,5038,3467,7073,21979,23438,26212,42865,47848,59337,52785,10569,11065,10914,11542,11896,12429,13783,20018,22847,25301,22547,26365,32972,32103,20682,8749,1820,26133,10540,161
Vietnam,2014,328301,16360,20968,4608,4987,3456,6758,21897,23538,26682,43898,51524,59253,54262,10909,11023,10874,11535,12003,12908,13774,20099,23799,27069,24455,26693,32560,33190,21072,9042,1867,25955,10214,167
Vietnam,2015,336037,16209,20825,4616,5030,3500,6557,21906,23801,27432,44860,55703,59546,55507,11194,10945,10961,11610,12191,13446,13986,20171,24689,28489,27214,27221,32325,33880,21627,9268,1926,25855,10057,171
Vietnam,2016,342812,15899,20500,4601,5086,3527,6428,21750,23960,28251,45638,59820,59941,56343,11398,10696,11054,11634,12326,13900,14351,20407,25231,30100,29720,27849,32092,34057,22286,9407,1991,25586,9955,173
Vietnam,2017,349106,15606,20207,4601,5041,3479,6313,21287,23844,28966,45906,64329,60810,57141,11603,10242,11045,11518,12326,14140,14826,20534,25372,31777,32552,28722,32088,33901,23240,9525,2078,25248,9792,176
Vietnam,2018,357853,15400,19943,4543,5123,3507,6350,21073,24025,30003,46230,69356,62472,57800,11796,9894,11179,11563,12462,14448,15555,20533,25697,33519,35837,30101,32371,33525,24275,9636,2160,25066,9857,179
Vietnam,2019,363737,15195,19654,4459,5061,3455,6320,20443,23799,30574,46139,72967,65177,57951,12017,9401,11042,11433,12366,14492,16082,20448,25691,34784,38183,32519,32658,32991,24960,9799,2218,24715,9775,183
Vietnam,2020,336220,14941,19327,4386,4908,3310,5584,17416,20864,26812,39673,67788,64029,54450,11872,7889,9527,10035,10829,12681,14131,17721,21952,31713,36075,33130,30899,30675,23775,9660,2212,24235,8894,186
Vietnam,2021,398456,14536,18813,4277,4833,3312,5897,18088,22882,31327,48109,84617,81653,64955,13763,8170,9918,10941,11941,14300,17027,21478,26631,38779,45838,43757,37896,36306,28649,11329,2434,23646,9209,205
Wallis and Futuna,1950,78,23,34,11,4,0,4,10,10,10,10,10,3,0,0,5,5,5,5,5,5,5,5,5,5,3,0,0,0,0,0,38,4,0
Wallis and Futuna,1951,79,24,35,11,4,0,4,10,10,10,10,10,2,0,0,5,5,5,5,5,5,5,5,5,5,2,0,0,0,0,0,39,4,0
Wallis and Futuna,1952,80,24,35,11,4,0,5,10,10,10,10,9,1,0,0,5,5,5,5,5,5,5,5,5,4,1,0,0,0,0,0,39,5,0
Wallis and Futuna,1953,81,25,36,11,5,0,5,10,10,10,10,9,0,0,0,5,5,5,5,5,5,5,5,5,4,0,0,0,0,0,0,41,5,0
Wallis and Futuna,1954,83,26,37,11,5,1,5,10,10,10,10,10,0,0,0,5,5,5,5,5,5,5,5,5,5,0,0,0,0,0,0,42,6,0
Wallis and Futuna,1955,84,26,37,11,5,0,5,10,10,10,10,10,5,0,0,5,5,5,5,5,5,5,5,5,5,4,1,0,0,0,0,42,5,0
Wallis and Futuna,1956,85,25,36,11,4,0,4,10,10,10,10,10,10,0,0,5,5,5,5,5,5,5,5,5,5,5,5,0,0,0,0,40,4,0
Wallis and Futuna,1957,86,23,33,10,3,0,3,10,10,10,10,10,10,1,0,5,5,5,5,5,5,5,5,5,5,5,5,1,0,0,0,36,3,0
Wallis and Futuna,1958,86,22,32,10,3,0,2,6,10,10,10,10,10,1,0,4,2,5,5,5,5,5,5,5,5,5,5,1,0,0,0,35,2,0
Wallis and Futuna,1959,86,21,31,10,3,0,0,1,10,10,10,10,10,2,0,0,1,5,5,5,5,5,5,5,5,5,5,2,0,0,0,34,0,0
Wallis and Futuna,1960,85,19,29,10,3,0,0,0,10,10,10,10,10,2,0,0,0,5,5,5,5,5,5,5,5,5,5,2,0,0,0,32,0,0
Wallis and Futuna,1961,84,18,26,8,3,0,0,0,9,10,10,10,10,3,0,0,0,4,5,5,5,5,5,5,5,5,5,3,0,0,0,29,0,0
Wallis and Futuna,1962,83,16,24,8,3,0,0,0,8,10,10,11,10,3,0,0,0,3,5,5,5,5,5,6,5,5,5,3,0,0,0,27,0,0
Wallis and Futuna,1963,81,15,22,7,3,0,0,0,7,10,10,13,10,4,0,0,0,2,5,5,5,5,5,8,5,5,5,4,0,0,0,25,0,0
Wallis and Futuna,1964,80,15,22,7,3,0,0,0,6,10,10,13,10,4,0,0,0,1,5,5,5,5,5,8,5,5,5,4,0,0,0,25,0,0
Wallis and Futuna,1965,79,15,22,7,2,0,0,0,5,10,10,14,10,4,0,0,0,0,5,5,5,5,5,9,5,5,5,4,0,0,0,24,0,0
Wallis and Futuna,1966,77,16,23,7,2,0,0,0,3,10,10,10,10,5,0,0,0,0,3,5,5,5,5,5,5,5,5,5,0,0,0,25,0,0
Wallis and Futuna,1967,75,17,24,7,2,0,0,0,1,10,10,10,9,0,0,0,0,0,1,5,5,5,5,5,5,5,4,0,0,0,0,26,0,0
Wallis and Futuna,1968,71,18,25,7,2,0,0,0,0,9,10,10,9,0,0,0,0,0,0,4,5,5,5,5,5,5,4,0,0,0,0,27,0,0
Wallis and Futuna,1969,67,18,25,7,2,0,0,0,0,7,10,10,8,0,0,0,0,0,0,2,5,5,5,5,5,3,5,0,0,0,0,27,0,0
Wallis and Futuna,1970,67,18,25,7,1,0,0,0,0,6,10,10,8,0,0,0,0,0,0,1,5,5,5,5,5,4,4,0,0,0,0,26,0,0
Wallis and Futuna,1971,66,17,24,7,1,0,0,0,0,5,10,10,7,0,0,0,0,0,0,0,5,5,5,5,5,5,2,0,0,0,0,25,0,0
Wallis and Futuna,1972,65,17,23,6,1,0,0,0,0,4,10,10,7,0,0,0,0,0,0,0,4,5,5,5,5,5,2,0,0,0,0,24,0,0
Wallis and Futuna,1973,65,16,22,6,1,0,0,0,0,3,10,10,7,0,0,0,0,0,0,0,3,5,5,5,5,5,2,0,0,0,0,23,0,0
Wallis and Futuna,1974,64,15,20,5,1,0,0,0,0,2,10,10,8,0,0,0,0,0,0,0,2,5,5,5,5,5,3,0,0,0,0,21,0,0
Wallis and Futuna,1975,62,13,18,5,1,0,0,0,0,1,10,10,9,0,0,0,0,0,0,0,1,5,5,5,5,5,4,0,0,0,0,19,0,0
Wallis and Futuna,1976,61,12,17,5,0,0,0,0,0,0,10,10,9,1,0,0,0,0,0,0,0,5,5,5,5,5,4,1,0,0,0,17,0,0
Wallis and Futuna,1977,61,12,17,5,0,0,0,0,0,0,9,10,8,1,0,0,0,0,0,0,0,4,5,5,5,5,3,1,0,0,0,17,0,0
Wallis and Futuna,1978,62,13,18,5,0,0,0,0,0,0,9,14,8,2,0,0,0,0,0,0,0,4,5,8,6,5,3,2,0,0,0,18,0,0
Wallis and Futuna,1979,62,12,17,5,0,0,0,0,0,0,8,15,9,2,0,0,0,0,0,0,0,3,5,8,7,5,4,2,0,0,0,17,0,0
Wallis and Futuna,1980,61,11,14,3,0,0,0,0,0,0,7,15,10,1,0,0,0,0,0,0,0,2,5,7,8,5,5,1,0,0,0,14,0,0
Wallis and Futuna,1981,62,12,15,3,0,0,0,0,0,0,7,16,10,1,0,0,0,0,0,0,0,2,5,7,9,5,5,1,0,0,0,15,0,0
Wallis and Futuna,1982,62,11,14,3,0,0,0,0,0,0,7,17,10,1,0,0,0,0,0,0,0,2,5,7,10,5,5,1,0,0,0,14,0,0
Wallis and Futuna,1983,61,10,13,3,0,0,0,0,0,0,7,17,11,2,0,0,0,0,0,0,0,2,5,7,10,6,5,2,0,0,0,13,0,0
Wallis and Futuna,1984,59,10,13,3,0,0,0,0,0,0,6,16,12,1,0,0,0,0,0,0,0,1,5,6,10,7,5,1,0,0,0,13,0,0
Wallis and Futuna,1985,57,9,11,2,0,0,0,0,0,0,5,15,13,2,0,0,0,0,0,0,0,0,5,5,10,8,5,2,0,0,0,11,0,0
Wallis and Futuna,1986,55,9,11,2,0,0,0,0,0,0,4,14,14,3,0,0,0,0,0,0,0,0,4,5,9,9,5,3,0,0,0,11,0,0
Wallis and Futuna,1987,53,8,9,1,0,0,0,0,0,0,3,11,12,3,0,0,0,0,0,0,0,0,3,5,6,7,5,3,0,0,0,9,0,0
Wallis and Futuna,1988,45,6,6,0,0,0,0,0,0,0,1,10,11,4,0,0,0,0,0,0,0,0,1,5,5,6,5,4,0,0,0,6,0,0
Wallis and Futuna,1989,40,4,4,0,0,0,0,0,0,0,0,10,10,4,0,0,0,0,0,0,0,0,0,5,5,5,5,4,0,0,0,4,0,0
Wallis and Futuna,1990,37,4,4,0,0,0,0,0,0,0,0,9,10,3,0,0,0,0,0,0,0,0,0,4,5,5,5,3,0,0,0,4,0,0
Wallis and Futuna,1991,36,3,3,0,0,0,0,0,0,0,0,8,10,3,0,0,0,0,0,0,0,0,0,3,5,5,5,3,0,0,0,3,0,0
Wallis and Futuna,1992,37,3,3,0,0,0,0,0,0,0,0,8,10,4,0,0,0,0,0,0,0,0,0,3,5,5,5,4,0,0,0,3,0,0
Wallis and Futuna,1993,41,3,3,0,0,0,0,0,0,0,4,10,10,5,0,0,0,0,0,0,0,2,2,5,5,5,5,5,0,0,0,3,0,0
Wallis and Futuna,1994,37,3,3,0,0,0,0,0,0,0,2,10,10,5,0,0,0,0,0,0,0,0,2,5,5,5,5,5,0,0,0,3,0,0
Wallis and Futuna,1995,41,3,3,0,0,0,0,0,0,0,4,10,10,6,0,0,0,0,0,0,0,1,3,5,5,5,5,5,1,0,0,3,0,0
Wallis and Futuna,1996,38,2,2,0,0,0,0,0,0,0,5,10,10,6,0,0,0,0,0,0,0,0,5,5,5,5,5,5,1,0,0,2,0,0
Wallis and Futuna,1997,39,3,3,0,0,0,0,0,0,0,4,10,10,7,0,0,0,0,0,0,0,0,4,5,5,5,5,5,2,0,0,3,0,0
Wallis and Futuna,1998,41,2,2,0,0,0,0,0,0,0,9,10,10,7,0,0,0,0,0,0,0,4,5,5,5,5,5,5,2,0,0,2,0,0
Wallis and Futuna,1999,36,2,2,0,0,0,0,0,0,0,5,10,10,8,0,0,0,0,0,0,0,2,3,5,5,5,5,5,3,0,0,2,0,0
Wallis and Futuna,2000,37,2,2,0,0,0,0,0,0,0,7,10,10,8,0,0,0,0,0,0,0,2,5,5,5,5,5,5,3,0,0,2,0,0
Wallis and Futuna,2001,30,1,1,0,0,0,0,0,0,0,0,10,10,9,0,0,0,0,0,0,0,0,0,5,5,5,5,5,4,0,0,1,0,0
Wallis and Futuna,2002,35,1,1,0,0,0,0,0,0,0,5,10,10,10,0,0,0,0,0,0,0,0,5,5,5,5,5,5,5,0,0,1,0,0
Wallis and Futuna,2003,36,1,1,0,0,0,0,0,0,0,5,10,10,10,0,0,0,0,0,0,0,0,5,5,5,5,5,5,5,0,0,1,0,0
Wallis and Futuna,2004,38,1,1,0,0,0,0,0,0,0,5,10,10,10,0,0,0,0,0,0,0,0,5,5,5,5,5,5,5,0,0,1,0,0
Wallis and Futuna,2005,40,1,1,0,0,0,0,0,0,0,5,10,10,10,1,0,0,0,0,0,0,0,5,5,5,5,5,5,5,1,0,1,0,0
Wallis and Futuna,2006,36,1,1,0,0,0,0,0,0,0,4,10,10,10,1,0,0,0,0,0,0,0,4,5,5,5,5,5,5,1,0,1,0,0
Wallis and Futuna,2007,36,1,1,0,0,0,0,0,0,0,4,10,10,10,1,0,0,0,0,0,0,0,4,5,5,5,5,5,5,1,0,1,0,0
Wallis and Futuna,2008,36,1,1,0,0,0,0,0,0,0,5,10,10,7,2,0,0,0,0,0,0,0,5,5,5,5,5,4,3,2,0,1,0,0
Wallis and Futuna,2009,36,1,1,0,0,0,0,0,0,0,5,10,10,6,1,0,0,0,0,0,0,0,5,5,5,5,5,3,3,1,0,1,0,0
Wallis and Futuna,2010,49,1,1,0,0,0,0,0,0,0,6,11,13,7,3,0,0,0,0,0,0,1,5,6,5,8,5,5,2,3,0,1,0,0
Wallis and Futuna,2011,37,1,1,0,0,0,0,0,0,0,4,10,10,6,0,0,0,0,0,0,0,0,4,5,5,5,5,5,1,0,0,1,0,0
Wallis and Futuna,2012,38,1,1,0,0,0,0,0,0,0,3,10,10,7,0,0,0,0,0,0,0,0,3,5,5,5,5,5,2,0,0,1,0,0
Wallis and Futuna,2013,40,1,1,0,0,0,0,0,0,0,3,10,10,8,0,0,0,0,0,0,0,0,3,5,5,5,5,5,3,0,0,1,0,0
Wallis and Futuna,2014,38,1,1,0,0,0,0,0,0,0,2,10,10,8,0,0,0,0,0,0,0,0,2,5,5,5,5,5,3,0,0,1,0,0
Wallis and Futuna,2015,37,1,1,0,0,0,0,0,0,0,1,10,10,8,0,0,0,0,0,0,0,0,1,5,5,5,5,5,3,0,0,1,0,0
Wallis and Futuna,2016,38,1,1,0,0,0,0,0,0,0,2,10,10,9,0,0,0,0,0,0,0,0,2,5,5,5,5,5,4,0,0,1,0,0
Wallis and Futuna,2017,41,1,1,0,0,0,0,0,0,0,2,10,14,10,0,0,0,0,0,0,0,0,2,5,5,7,7,5,5,0,0,1,0,0
Wallis and Futuna,2018,44,1,1,0,0,0,0,0,0,0,2,10,17,8,1,0,0,0,0,0,0,0,2,5,5,10,7,5,3,1,0,1,0,0
Wallis and Futuna,2019,37,1,1,0,0,0,0,0,0,0,0,10,13,10,0,0,0,0,0,0,0,0,0,5,5,7,6,6,4,0,0,1,0,0
Wallis and Futuna,2020,42,1,1,0,0,0,0,0,0,0,1,10,15,12,0,0,0,0,0,0,0,0,1,5,5,8,7,7,5,0,0,1,0,0
Wallis and Futuna,2021,46,1,1,0,0,0,0,0,0,0,2,10,16,12,1,0,0,0,0,0,0,0,2,5,5,8,8,7,5,1,0,1,0,0
Western Sahara,1950,188,75,107,32,7,5,5,10,10,10,10,10,9,0,0,5,5,5,5,5,5,5,5,5,5,5,4,0,0,0,0,114,10,0
Western Sahara,1951,207,84,117,33,7,5,5,10,10,10,10,10,9,0,0,5,5,5,5,5,5,5,5,5,5,5,4,0,0,0,0,124,10,0
Western Sahara,1952,228,95,130,35,7,5,5,18,13,10,10,10,10,0,0,8,10,8,5,5,5,5,5,5,5,5,5,0,0,0,0,137,10,0
Western Sahara,1953,252,106,145,39,7,5,5,19,20,15,10,10,10,0,0,9,10,10,10,10,5,5,5,5,5,5,5,0,0,0,0,152,10,0
Western Sahara,1954,277,118,161,43,7,5,5,20,20,20,16,13,10,1,0,10,10,10,10,10,10,10,6,8,5,5,5,1,0,0,0,168,10,0
Western Sahara,1955,305,131,179,48,7,5,6,20,20,20,20,14,10,1,0,10,10,10,10,10,10,10,10,9,5,5,5,1,0,0,0,186,11,0
Western Sahara,1956,334,144,198,54,8,5,6,23,23,20,20,18,10,1,0,10,13,13,10,10,10,10,10,10,8,5,5,1,0,0,0,206,11,0
Western Sahara,1957,365,157,216,59,8,5,6,27,29,20,20,20,15,2,0,12,15,15,14,10,10,10,10,10,10,10,5,2,0,0,0,224,11,0
Western Sahara,1958,397,170,235,65,9,5,7,27,30,24,20,20,19,3,0,12,15,15,15,14,10,10,10,10,10,10,9,3,0,0,0,244,12,0
Western Sahara,1959,430,183,254,71,11,5,7,28,30,27,20,20,20,4,0,13,15,15,15,15,12,10,10,10,10,10,10,4,0,0,0,265,12,0
Western Sahara,1960,470,194,271,77,12,5,7,33,40,30,24,20,20,7,0,14,19,20,20,15,15,14,10,10,10,10,10,6,1,0,0,283,12,0
Western Sahara,1961,509,203,286,83,13,5,8,35,40,34,29,23,20,12,6,15,20,20,20,19,15,15,14,13,10,10,10,7,5,5,1,299,13,0
Western Sahara,1962,549,212,300,88,14,5,8,39,50,38,30,29,20,13,9,17,22,25,25,20,18,15,15,15,14,10,10,8,5,5,4,314,13,0
Western Sahara,1963,590,222,313,91,16,5,8,43,51,44,33,30,21,14,10,18,25,26,25,24,20,18,15,15,15,11,10,9,5,5,5,329,13,1
Western Sahara,1964,631,231,326,95,17,6,9,46,60,48,37,30,23,15,10,19,27,30,30,26,22,20,17,15,15,13,10,10,5,5,5,343,15,2
Western Sahara,1965,674,241,341,100,17,8,10,50,66,54,41,35,26,15,10,21,29,34,32,29,25,21,20,19,16,14,12,10,5,5,5,358,18,2
Western Sahara,1966,720,252,356,104,20,10,11,52,70,60,45,37,29,16,10,21,31,35,35,33,27,25,20,20,17,15,14,10,6,5,5,376,21,2
Western Sahara,1967,769,264,375,111,21,10,11,56,79,66,52,39,31,16,10,23,33,39,40,36,30,27,25,20,19,16,15,10,6,5,5,396,21,2
Western Sahara,1968,828,279,404,125,24,12,13,57,78,68,54,49,38,18,10,24,33,38,40,37,31,29,25,25,24,20,18,12,6,5,5,428,25,2
Western Sahara,1969,887,289,427,138,29,15,17,59,77,71,55,55,49,24,5,26,33,37,40,38,33,30,25,29,26,26,23,16,8,5,0,456,32,1
Western Sahara,1970,943,296,441,145,32,20,21,64,72,72,60,60,62,31,3,29,35,35,37,38,34,30,30,30,30,31,31,21,10,3,0,473,41,1
Western Sahara,1971,987,297,443,146,35,20,23,68,70,72,63,67,75,41,5,33,35,35,35,37,35,33,30,32,35,36,39,27,14,5,0,478,43,1
Western Sahara,1972,949,294,434,140,34,20,24,60,62,67,60,67,70,39,4,30,30,30,32,35,32,30,30,32,35,35,35,26,13,4,0,468,44,0
Western Sahara,1973,902,281,418,137,34,20,24,60,60,60,57,66,67,36,5,30,30,30,30,30,30,30,27,31,35,35,32,24,12,5,0,452,44,0
Western Sahara,1974,845,266,396,130,33,20,24,56,50,50,54,64,64,31,4,30,26,25,25,25,25,29,25,28,36,35,29,21,10,4,0,429,44,0
Western Sahara,1975,1300,248,364,116,31,21,71,266,159,109,88,80,76,32,4,146,120,90,69,57,52,46,42,37,43,43,33,22,10,4,0,395,92,0
Western Sahara,1976,898,186,268,82,22,16,47,173,104,73,62,55,53,23,2,93,80,58,46,38,35,32,30,25,30,30,23,16,7,2,0,290,63,0
Western Sahara,1977,989,219,313,94,27,18,48,176,107,78,69,62,62,26,1,95,81,59,48,41,37,35,34,30,32,35,27,18,8,1,0,340,66,0
Western Sahara,1978,1069,249,354,105,27,21,51,179,112,82,78,67,70,29,2,96,83,62,50,42,40,40,38,33,34,39,31,20,9,2,0,381,72,0
Western Sahara,1979,1497,295,402,107,27,22,79,334,201,123,101,82,80,37,11,175,159,116,85,66,57,52,49,42,40,44,36,24,13,6,5,429,101,1
Western Sahara,1980,1644,352,464,112,27,23,80,360,225,133,106,86,84,42,13,184,176,130,95,72,61,55,51,45,41,45,39,26,16,8,5,491,103,3
Western Sahara,1981,1467,384,507,123,26,19,59,259,173,110,91,81,78,43,13,130,129,99,74,59,51,46,45,43,38,40,38,26,17,8,5,533,78,3
Western Sahara,1982,1508,393,527,134,25,18,59,262,183,114,98,84,78,42,13,129,133,105,78,61,53,50,48,45,39,40,38,26,16,8,5,552,77,3
Western Sahara,1983,1515,389,529,140,25,18,58,258,189,117,100,86,78,41,13,126,132,108,81,64,53,50,50,45,41,40,38,26,15,8,5,554,76,2
Western Sahara,1984,1501,380,522,142,26,18,57,250,192,120,100,89,77,40,11,121,129,110,82,65,55,50,50,47,42,39,38,26,14,8,3,548,75,2
Western Sahara,1985,1483,368,509,141,27,18,55,243,195,122,100,92,77,40,7,117,126,110,85,66,56,50,50,49,43,39,38,26,14,6,1,536,73,1
Western Sahara,1986,1460,352,487,135,30,17,53,234,195,125,100,94,76,39,6,113,121,110,85,68,57,50,50,50,44,39,37,26,13,5,1,517,70,1
Western Sahara,1987,1467,337,468,131,32,16,54,237,204,131,103,97,78,39,6,115,122,114,90,71,60,53,50,50,47,41,37,26,13,5,1,500,70,1
Western Sahara,1988,1267,323,448,125,33,16,40,162,153,109,94,96,73,39,5,78,84,82,71,58,51,47,47,50,46,39,34,26,13,5,0,481,56,0
Western Sahara,1989,1337,309,428,119,34,16,46,189,176,124,101,99,76,39,4,94,95,94,82,67,57,51,50,50,49,42,34,26,13,4,0,462,62,0
Western Sahara,1990,969,295,408,113,34,16,19,59,73,80,81,90,74,36,4,29,30,34,39,40,40,40,41,45,45,41,33,24,12,4,0,442,35,0
Western Sahara,1991,955,274,381,107,34,17,19,58,72,80,83,91,77,36,3,28,30,33,39,40,40,40,43,45,46,43,34,24,12,3,0,415,36,0
Western Sahara,1992,941,254,356,102,34,18,20,58,71,80,88,98,79,36,3,28,30,32,39,40,40,43,45,48,50,44,35,24,12,3,0,390,38,0
Western Sahara,1993,936,243,338,95,33,19,19,57,71,84,90,100,83,39,3,27,30,32,39,42,42,45,45,50,50,47,36,25,14,3,0,371,38,0
Western Sahara,1994,932,235,323,88,32,20,20,55,69,89,93,100,87,39,3,26,29,31,38,44,45,45,48,50,50,49,38,25,14,3,0,355,40,0
Western Sahara,1995,931,226,308,82,31,20,20,53,68,89,98,108,92,40,4,25,28,31,37,44,45,48,50,53,55,51,41,26,14,4,0,339,40,0
Western Sahara,1996,970,224,301,77,29,21,24,57,69,96,104,110,99,45,11,27,30,31,38,46,50,50,54,55,55,54,45,29,16,7,4,330,45,1
Western Sahara,1997,1019,224,297,73,28,21,25,60,74,101,112,120,108,51,15,30,30,34,40,48,53,55,57,60,60,59,49,32,19,10,5,325,46,2
Western Sahara,1998,1067,226,299,73,26,21,29,68,76,105,120,130,116,57,21,33,35,35,41,50,55,60,60,65,65,63,53,36,21,11,10,325,50,3
Western Sahara,1999,1111,227,296,69,25,21,31,70,81,110,128,139,124,64,22,35,35,39,42,51,59,63,65,69,70,67,57,40,24,12,10,321,52,4
Western Sahara,2000,1154,226,293,67,24,20,31,74,83,116,136,148,131,70,23,37,37,40,43,54,62,66,70,73,75,70,61,44,26,13,10,317,51,5
Western Sahara,2001,1197,225,291,66,23,18,32,80,88,119,146,156,141,76,25,40,40,42,46,54,65,71,75,77,79,75,66,48,28,15,10,314,50,5
Western Sahara,2002,1239,223,287,64,21,17,31,83,91,124,156,165,149,80,27,43,40,44,47,56,68,76,80,83,82,79,70,50,30,17,10,308,48,5
Western Sahara,2003,1282,222,284,62,21,17,31,86,95,127,165,177,157,87,27,46,40,45,50,56,71,80,85,90,87,84,73,55,32,17,10,305,48,5
Western Sahara,2004,1318,219,278,59,21,16,30,93,96,131,175,189,167,94,30,48,45,46,50,59,72,85,90,95,94,89,78,59,35,19,11,299,46,6
Western Sahara,2005,1354,215,270,55,21,16,30,93,99,133,185,200,177,96,30,47,46,47,52,59,74,89,96,100,100,94,83,60,36,19,11,291,46,6
Western Sahara,2006,1390,211,264,53,21,15,27,94,100,137,195,210,188,105,31,47,47,47,53,61,76,92,103,105,105,100,88,65,40,19,12,285,42,6
Western Sahara,2007,1435,211,261,50,21,14,26,94,103,139,204,223,200,110,33,46,48,48,55,62,77,96,108,112,111,107,93,70,40,21,12,282,40,6
Western Sahara,2008,1480,210,258,48,20,14,25,94,106,144,214,239,211,118,34,45,49,49,57,65,79,99,115,120,119,113,98,73,45,22,12,278,39,6
Western Sahara,2009,1509,204,249,45,19,13,25,93,105,147,224,250,222,123,35,43,50,49,56,66,81,103,121,125,125,118,104,77,46,22,13,268,38,6
Western Sahara,2010,1542,196,240,44,18,12,22,90,107,150,231,269,235,127,36,41,49,50,57,68,82,105,126,135,134,126,109,80,47,23,13,258,34,6
Western Sahara,2011,1585,193,235,42,18,12,22,88,107,155,239,282,248,136,38,40,48,50,57,69,86,107,132,142,140,133,115,85,51,25,13,253,34,6
Western Sahara,2012,1636,190,230,40,18,12,21,85,111,159,248,300,261,143,40,38,47,53,58,72,87,110,138,150,150,141,120,90,53,27,13,248,33,6
Western Sahara,2013,1680,175,213,38,18,12,21,83,113,165,259,319,280,151,40,36,47,54,59,73,92,115,144,159,160,151,129,95,56,27,13,231,33,6
Western Sahara,2014,1741,171,208,37,18,12,21,82,115,171,266,339,299,161,44,36,46,55,60,75,96,117,149,168,171,161,138,101,60,29,15,226,33,6
Western Sahara,2015,1790,167,202,35,18,11,21,78,118,175,274,359,316,169,44,34,44,56,62,76,99,121,153,177,182,171,145,107,62,28,16,220,32,6
Western Sahara,2016,1839,163,196,33,17,11,21,74,116,177,284,379,336,176,44,32,42,54,62,77,100,125,159,186,193,182,154,111,65,29,15,213,32,6
Western Sahara,2017,1892,158,190,32,18,11,21,73,117,185,294,399,356,183,46,32,41,53,64,80,105,130,164,194,205,193,163,117,66,30,16,208,32,6
Western Sahara,2018,1949,153,183,30,16,11,21,69,118,188,304,418,378,194,46,30,39,52,66,80,108,135,169,203,215,205,173,124,70,30,16,199,32,6
Western Sahara,2019,2009,149,178,29,16,11,21,66,116,191,314,438,402,204,46,29,37,50,66,81,110,140,174,209,229,218,184,132,72,31,15,194,32,5
Western Sahara,2020,2073,145,172,27,15,11,21,65,114,196,326,459,427,215,45,30,35,48,66,83,113,146,180,218,241,232,195,139,76,31,14,187,32,5
Western Sahara,2021,2126,140,167,27,15,11,21,62,112,201,337,476,453,224,44,29,33,47,65,86,115,151,186,224,252,247,206,146,78,31,13,182,32,5
World,1950,25784510,6889682,10363768,3474086,800692,476094,592229,1515035,1396261,1723554,2206005,2836090,2554434,1176844,141042,775975,739060,675846,720415,816046,907508,1044100,1161905,1399336,1436754,1372513,1181921,793573,383271,117666,23376,11164460,1068323,2460
World,1951,25505184,6873366,10383601,3510235,792124,461341,565671,1409174,1319929,1681111,2189675,2818023,2564317,1180804,136897,721814,687360,636700,683229,789225,891886,1034916,1154759,1383239,1434784,1374318,1189999,796420,384384,116242,20655,11175725,1027012,2515
World,1952,24935224,6942118,10410179,3468061,761233,439830,525319,1275448,1217074,1606102,2140861,2756667,2510280,1158045,131708,651490,623958,585455,631619,746116,859986,1010759,1130102,1344584,1412083,1348854,1161426,783229,374816,112371,19337,11171412,965149,2478
World,1953,24806138,6888658,10358143,3469485,802666,425078,512778,1244786,1185164,1578826,2132028,2742650,2515146,1174078,132366,632164,612622,575486,609678,730802,848024,1005785,1126243,1325983,1416667,1356722,1158424,795450,378628,113110,19256,11160809,937856,2429
World,1954,24539830,6891829,10357776,3465947,772637,408954,492968,1204037,1149021,1543982,2114382,2714262,2485831,1162286,131400,607519,596518,563326,585695,711303,832679,999767,1114615,1302796,1411466,1349406,1136425,788188,374098,112301,19099,11130413,901922,2295
World,1955,24565630,6857038,10297445,3440407,787241,404870,487416,1196047,1143851,1538591,2136253,2741844,2515866,1180267,133778,601828,594219,564065,579786,705602,832989,1009888,1126365,1315656,1426188,1368639,1147227,798126,382141,114181,19597,11084686,892286,2162
World,1956,24496324,6731892,10143895,3412003,800242,401112,479241,1187208,1140721,1524717,2153561,2763616,2552260,1209582,138024,597379,589829,563481,577240,697045,827672,1013101,1140460,1331905,1431711,1387051,1165209,817446,392136,117538,20486,10944137,880353,2145
World,1957,24758646,6813994,10211166,3397172,830225,407745,475800,1188537,1152447,1526560,2195550,2818409,2596429,1214349,139214,598415,590122,570211,582236,694038,832522,1027704,1167846,1365509,1452900,1419856,1176573,819029,395320,118325,20889,11041391,883545,2213
World,1958,24528202,6683339,10037973,3354634,855207,413286,467060,1181620,1157173,1504703,2187846,2789900,2583799,1208287,139075,595906,585714,572898,584275,681283,823420,1021437,1166409,1362847,1427053,1415461,1168338,812644,395643,118157,20918,10893180,880346,2272
World,1959,26899304,6997601,11017979,4020378,1080582,524220,514817,1290665,1288726,1645480,2391382,2992897,2754589,1248169,147193,648622,642043,635676,653050,741877,903603,1113110,1278272,1473044,1519853,1518629,1235960,836698,411471,123871,23322,12098561,1039037,2604
World,1960,28803966,7238497,11682686,4444189,1321663,639412,558568,1381680,1403816,1771392,2562161,3167747,2874643,1284135,153260,691747,689933,689098,714718,799373,972019,1190696,1371465,1563921,1603826,1588055,1286588,860783,423352,129469,23791,13004349,1197980,2802
World,1961,26232774,6591341,10267244,3675903,1100173,556904,511575,1282288,1305864,1631888,2400173,3025623,2743097,1254139,150951,641372,640916,642445,663419,738952,892936,1107811,1292362,1491261,1534362,1505641,1237456,835792,418347,127640,23311,11367417,1068479,2853
World,1962,24371884,6441805,9451611,3009806,846541,453280,459821,1159761,1191310,1484008,2250086,2931053,2703154,1281034,157227,577627,582134,583840,607470,675149,808859,1029632,1220454,1437708,1493345,1464513,1238641,848438,432596,133164,24063,10298152,913101,2999
World,1963,24835052,6805764,9807910,3002146,841786,464584,468156,1152281,1198843,1482618,2256130,2977261,2732110,1291418,158961,569827,582454,583008,615835,683538,799080,1028787,1227343,1459889,1517372,1468298,1263812,855985,435433,135083,23878,10649696,932740,2994
World,1964,24735934,6719126,9781489,3062363,814026,467339,476888,1136353,1193253,1471534,2243352,2993288,2726017,1273409,156085,559756,576597,576667,616586,688605,782929,1020814,1222538,1471592,1521696,1459553,1266464,848441,424968,132623,23462,10595515,944227,2901
World,1965,25554452,6707540,9953888,3246348,842189,496926,518102,1217821,1265752,1528746,2307470,3106005,2822548,1326332,165626,599911,617910,610914,654838,722520,806226,1048767,1258703,1524047,1581958,1509464,1313084,882511,443821,140539,25087,10796077,1015028,3046
World,1966,25248590,6582072,9800023,3217951,816615,497056,516330,1141753,1221125,1506964,2276405,3124252,2838565,1337450,169026,562632,579121,583639,637486,711177,795787,1026998,1249407,1526151,1598101,1525070,1313495,892262,445188,143227,25799,10616638,1013386,3024
World,1967,25186786,6463092,9652020,3188928,808018,486886,519952,1125833,1206757,1516581,2269725,3174471,2884200,1365185,174018,560738,565095,576282,630475,715488,801093,1015147,1254578,1541316,1633155,1560735,1323465,913057,452128,147227,26791,10460038,1006838,3138
World,1968,25198510,6447027,9513695,3066668,808772,469190,524002,1108102,1187102,1524506,2257183,3235422,2958175,1426790,182345,561179,546923,566900,620202,717179,807327,998274,1258909,1560729,1674693,1610107,1348068,954669,472121,154053,28292,10322467,993192,3226
World,1969,25347520,6435104,9458623,3023519,833197,458452,529120,1103006,1174860,1545638,2258503,3319202,3029405,1449392,184764,569622,533384,561445,613415,724112,821526,988141,1270362,1589905,1729297,1661813,1367592,971934,477458,155859,28905,10291820,987572,3357
World,1970,25451362,6403869,9434057,3030188,886080,461713,541090,1112016,1163342,1555561,2247191,3336100,3057095,1465310,188328,586555,525461,556902,606440,728024,827537,982908,1264283,1592483,1743617,1678534,1378561,979901,485409,158770,29558,10320137,1002803,3478
World,1971,26355960,6364567,9442020,3077453,913763,460228,611915,1362410,1310724,1672413,2322596,3415430,3148451,1497089,195267,724509,637901,636717,674007,787587,884826,1031529,1291067,1629714,1785716,1730167,1418284,996607,500482,164142,31125,10355783,1072143,3654
World,1972,25156942,6163205,9065533,2902328,865164,432218,542971,1134011,1131669,1561820,2215384,3345641,3155283,1503420,199998,613711,520300,536283,595386,722553,839267,992457,1222927,1586762,1758879,1729757,1425526,994273,509147,167218,32780,9930697,975189,3830
World,1973,25003266,6052504,8883776,2831272,844433,433556,537432,1142366,1106898,1553504,2192090,3341237,3214534,1540331,209040,619854,522512,519126,587772,710821,842683,998716,1193374,1578363,1762874,1756156,1458378,1009804,530527,174442,34598,9728209,970988,4065
World,1974,24934754,5936646,8714171,2777525,832146,446623,534090,1160806,1093499,1556227,2190088,3354504,3273905,1558901,215466,627408,533398,507819,585680,704305,851922,1016551,1173537,1578894,1775610,1790063,1483842,1016401,542500,179697,35769,9546317,980713,4327
World,1975,25075382,5777128,8504214,2727086,831973,463252,548485,1238868,1114008,1583783,2216108,3384226,3360352,1600275,225033,666748,572120,516362,597646,710904,872879,1037497,1178611,1585349,1798877,1829486,1530866,1044359,555916,187223,37810,9336187,1011737,4805
World,1976,24939126,5636388,8261796,2625408,827883,491924,542754,1220506,1090813,1577001,2232046,3378653,3431253,1642453,236790,648284,572222,503829,586984,702851,874150,1045299,1186747,1569914,1808739,1857300,1573953,1072473,569980,196684,40106,9089679,1034678,5255
World,1977,24652766,5506221,8032131,2525910,795653,465928,513343,1195785,1059662,1562732,2260644,3363127,3490151,1668802,239541,627877,567908,493667,565995,694314,868418,1056959,1203685,1547215,1815912,1878993,1611158,1096649,572153,199108,40433,8827784,979271,5267
World,1978,24773354,5421093,7874432,2453339,776716,453935,517691,1223491,1064947,1570315,2322274,3377737,3597491,1736831,252116,637069,586422,507193,557754,700233,870082,1081967,1240307,1536056,1841681,1922428,1675063,1147500,589331,209640,42476,8651148,971626,5376
World,1979,24834336,5383788,7762967,2379179,757219,445472,521704,1225568,1066756,1567374,2373620,3377530,3679590,1788855,262153,630990,594578,520991,545765,701684,865690,1101835,1271785,1520222,1857308,1953773,1725817,1186300,602555,217762,44391,8520186,967176,5526
World,1980,25072784,5356181,7684774,2328593,743043,440203,527040,1231434,1081279,1568937,2426051,3412619,3795423,1878538,277459,626298,605136,541304,539975,704555,864382,1124817,1301234,1532447,1880172,2003591,1791832,1245710,632828,229796,47663,8427817,967243,5984
World,1981,25151860,5317034,7603037,2286003,725490,433994,535493,1247812,1102257,1561647,2450173,3415207,3851518,1936551,282386,629545,618267,563701,538556,699855,861792,1132235,1317938,1551005,1864202,2026044,1825474,1285074,651477,232898,49488,8328527,969487,6294
World,1982,25273064,5297234,7555926,2258692,715094,428140,538554,1257828,1126338,1553322,2472901,3428097,3910512,1994178,285648,632352,625476,581107,545231,689604,863718,1133125,1339776,1582748,1845349,2049077,1861435,1324802,669376,234935,50713,8271020,966694,6524
World,1983,25568084,5246157,7532251,2286094,715731,428413,534497,1263149,1157832,1552034,2509615,3465980,4011002,2091367,299254,636419,626730,598123,559709,679474,872560,1135779,1373836,1633191,1832789,2091759,1919243,1385518,705849,245200,54054,8247982,962910,6959
World,1984,25685342,5207208,7471481,2264273,708960,420290,531317,1275509,1193569,1548203,2527402,3487098,4061407,2148083,304811,649351,626158,611670,581899,668862,879341,1130225,1397177,1674822,1812276,2110672,1950735,1422278,725805,249016,55795,8180441,951607,7210
World,1985,25816262,5167152,7401178,2234026,705514,411218,527355,1272337,1219391,1532295,2533306,3523704,4125657,2237627,319190,655152,617185,617830,601561,656006,876289,1119748,1413558,1701204,1822500,2126757,1998900,1475009,762618,260742,58448,8106692,938573,7487
World,1986,25706956,5127656,7310681,2183025,692718,396167,522279,1265608,1233000,1504293,2511252,3552611,4106469,2279146,325091,659612,605996,618155,614845,645517,858776,1104248,1407004,1710724,1841887,2099008,2007461,1496791,782355,266164,58927,8003399,918446,7641
World,1987,25821490,5066838,7202899,2136061,688596,389433,527058,1284511,1270311,1509060,2527893,3628771,4110114,2339028,335570,670829,613682,631018,639293,656379,852681,1111247,1416646,1743828,1884943,2077027,2033087,1528552,810476,275318,60252,7891495,916491,8246
World,1988,26188368,5030593,7196490,2165897,700061,386340,530370,1308013,1311384,1528834,2552762,3741267,4136850,2430731,356153,677950,630063,644620,666764,680867,847967,1125829,1426933,1791639,1949628,2063244,2073606,1579300,851431,292794,63359,7896551,916710,9110
World,1989,26053800,4922461,7006356,2083895,676874,372917,511668,1273202,1301917,1528534,2550431,3817151,4136417,2499464,369169,649870,623332,631685,670232,698001,830533,1129707,1420724,1817893,1999258,2039827,2096590,1617100,882364,304136,65033,7683230,884585,9700
World,1990,26364694,4875626,6936818,2061192,676854,373508,512950,1305798,1333878,1567772,2572196,3911438,4190622,2584119,388406,659978,645820,640054,693824,737571,830201,1144478,1427718,1863478,2047960,2066177,2124445,1667066,917053,320382,68024,7613672,886458,10335
World,1991,26526626,4739155,6802478,2063323,692149,380902,506040,1306467,1347074,1607149,2586975,3989140,4236005,2656365,405235,653328,653139,640301,706773,772668,834481,1150808,1436167,1897324,2091816,2112706,2123299,1708981,947384,334840,70395,7494627,886942,10647
World,1992,26662230,4606794,6615895,2009101,679264,377594,503730,1334377,1385981,1666747,2607278,4066237,4276593,2714955,422941,663475,670902,657615,728366,811660,855087,1152735,1454543,1921301,2144936,2171070,2105523,1740571,974384,349896,73045,7295159,881324,10638
World,1993,27006766,4484342,6425335,1940993,671667,378097,501802,1343765,1431485,1750170,2649861,4187760,4376026,2832400,447918,666478,677287,679835,751650,856694,893476,1157101,1492760,1955681,2232079,2265779,2110247,1806639,1025761,371210,76708,7097002,879899,10480
World,1994,27394000,4392093,6273756,1881663,669397,382639,527984,1407465,1521996,1865537,2686314,4263631,4432008,2888901,463963,697777,709688,730254,791742,911555,953982,1157381,1528933,1968764,2294867,2339195,2092813,1835981,1052920,384436,79527,6943153,910623,10409
World,1995,27281690,4299870,6131552,1831682,664574,374026,492435,1329691,1467800,1893941,2662425,4287546,4517450,2959887,489624,653580,676111,706437,761363,904566,989375,1131744,1530681,1953090,2334456,2394522,2122928,1864564,1095323,404679,84945,6796126,866461,10738
World,1996,27286984,4198819,5982561,1783742,658946,374388,492577,1326336,1470166,1935003,2645703,4299335,4607336,2977864,505710,647815,678521,713876,756290,910991,1024012,1125432,1520271,1947144,2352191,2438759,2168577,1855916,1121948,417236,88474,6641507,866965,11058
World,1997,27241730,4089372,5820984,1731612,645786,374448,493737,1319530,1463470,1960153,2633690,4299002,4704860,2987774,526675,641007,678523,712818,750652,913599,1046554,1137071,1496619,1946181,2352821,2479260,2225600,1837128,1150646,433426,93249,6466770,868185,11622
World,1998,27466174,4000015,5703279,1703264,641870,382637,508115,1355081,1495924,2009858,2645707,4310178,4840296,3009431,551385,657852,697229,725534,770390,929999,1079859,1172227,1473480,1958920,2351258,2535140,2305156,1824798,1184633,452735,98650,6345149,890752,12412
World,1999,27532388,3879245,5494410,1615165,607198,371184,499159,1339057,1511360,2042968,2682735,4337413,4983511,3065834,583957,647796,691261,724640,786720,936310,1106658,1224442,1458293,1982046,2355367,2592954,2390557,1836730,1229104,478888,105069,6101608,870343,13601
World,2000,27649838,3789088,5336648,1547560,585539,369633,491543,1310891,1520834,2064982,2733978,4363459,5112334,3133539,611809,633625,677266,722745,798089,935109,1129873,1289441,1444537,2002513,2360946,2654863,2457471,1880038,1253501,500945,110864,5922187,861176,14647
World,2001,27786010,3682898,5170065,1487167,572055,368043,492370,1310603,1546603,2084743,2789961,4369570,5214166,3211168,640959,636394,674209,730191,816412,934581,1150162,1348806,1441155,2002193,2367377,2694111,2520055,1945156,1266012,523571,117388,5742120,860413,15700
World,2002,28000846,3572342,5001781,1429439,559979,362064,490827,1306950,1559033,2103468,2864786,4391525,5342565,3323614,677456,638317,668633,734211,824822,934306,1169162,1401750,1463036,1993732,2397793,2733037,2609528,2039312,1284302,552547,124909,5561760,852891,16794
World,2003,28228720,3453846,4820567,1366721,548635,353519,489759,1306625,1564553,2131395,2960602,4402602,5463790,3451337,717517,642282,664343,738836,825717,941514,1189881,1452804,1507798,1969749,2432853,2756894,2706896,2150201,1301136,584469,133048,5369202,843278,17816
World,2004,28345632,3361321,4689921,1328600,548357,351070,493187,1312787,1565846,2148873,3046139,4385915,5515380,3534155,735652,648452,664335,739736,826110,952156,1196717,1483548,1562591,1935918,2449997,2752189,2763191,2228020,1306135,597678,137974,5238278,844257,18349
World,2005,28521658,3250832,4515128,1264296,531529,337102,487139,1300028,1550184,2157162,3145480,4386091,5619781,3695600,776902,642607,657421,730520,819664,960386,1196776,1509058,1636422,1916723,2469368,2772707,2847074,2323874,1371726,628597,148305,5046657,824241,19530
World,2006,28447704,3150223,4353500,1203277,514421,322367,478488,1290780,1531980,2148380,3201863,4352107,5641391,3803627,788584,637616,653164,718431,813549,964166,1184214,1514412,1687451,1903337,2448770,2768103,2873288,2377655,1425972,634028,154556,4867921,800855,20214
World,2007,28693156,3064165,4215276,1151111,504448,315025,472085,1292003,1524833,2153797,3274312,4388293,5736755,3983901,811031,637210,654793,711181,813652,972370,1181427,1528063,1746249,1945564,2442729,2816916,2919839,2473087,1510814,646773,164258,4719724,787110,21396
World,2008,29006142,2987339,4104595,1117256,505179,315072,468830,1295634,1521537,2170929,3357702,4436792,5812696,4158082,836179,637667,657967,705118,816419,976611,1194318,1546072,1811630,2013810,2422982,2862102,2950594,2561761,1596321,660760,175419,4609774,783902,22915
World,2009,28988168,2898055,3958044,1059989,476411,301293,451104,1273594,1492868,2168731,3385951,4479867,5831445,4290482,854488,625091,648503,688779,804089,970497,1198234,1536791,1849160,2088197,2391670,2878300,2953145,2622208,1668274,672026,182462,4434455,752397,23888
World,2010,29191606,2815408,3842496,1027088,467014,297492,441761,1264263,1472303,2176679,3422653,4565087,5874688,4436914,904841,620742,643521,680397,791906,968908,1207771,1527471,1895182,2185515,2379572,2901876,2972812,2700320,1736594,713442,191399,4309510,739253,25411
World,2011,29248068,2730298,3713277,982979,446312,287001,427271,1241056,1445444,2175603,3437270,4648752,5897221,4548887,953147,608653,632403,669710,775734,964159,1211444,1513529,1923741,2268139,2380613,2900893,2996328,2752148,1796739,756866,196281,4159589,714272,26825
World,2012,29482548,2662062,3612091,950029,435932,282590,420071,1229731,1429661,2176786,3462579,4771585,5935561,4683441,1013561,600406,629325,665782,763879,962316,1214470,1508787,1953792,2344828,2426757,2892123,3043438,2804868,1878573,810891,202670,4048023,702661,28959
World,2013,29637536,2582922,3503498,920576,425707,277437,412439,1209925,1411092,2160315,3499333,4914016,5952008,4779518,1061681,588025,621900,661589,749503,953409,1206906,1522158,1977175,2418558,2495458,2869398,3082610,2834738,1944780,856472,205209,3929205,689876,30566
World,2014,29720762,2499599,3388513,888914,416128,271647,405021,1186450,1391350,2130629,3521637,5053241,5955020,4853406,1115222,573770,612680,655331,736019,937105,1193524,1543262,1978375,2469626,2583615,2846085,3108935,2852647,2000759,901662,213560,3804641,676668,32497
World,2015,30032498,2422259,3278619,856360,409336,267359,400748,1170973,1381264,2114244,3549621,5228939,5997741,4999887,1199146,562312,608661,651161,730103,923092,1191152,1572175,1977446,2528004,2700935,2847790,3149951,2905412,2094475,965457,233689,3687955,668107,34622
World,2016,30267320,2355325,3176988,821663,398997,261248,396951,1161166,1382791,2104129,3577447,5390448,6038212,5088802,1254072,555023,606143,651935,730856,912001,1192128,1601328,1976119,2572498,2817950,2868520,3169692,2941527,2147275,1002854,251218,3575985,658199,36067
World,2017,30752012,2282917,3071930,789013,390692,257175,394307,1151279,1388251,2102793,3608924,5566600,6169171,5270063,1342259,549431,601848,653431,734820,904957,1197836,1624189,1984735,2625338,2941262,2964740,3204431,3037573,2232490,1068464,273795,3462622,651482,38566
World,2018,30909236,2213837,2975546,761709,384939,253483,389340,1133337,1388821,2083567,3615923,5681892,6239500,5331017,1392427,541060,592277,650717,738104,895928,1187639,1609470,2006453,2644447,3037445,3054055,3185445,3072751,2258266,1101919,290508,3360485,642823,39445
World,2019,31242334,2150171,2886957,736786,379399,251007,384793,1117748,1393650,2075417,3656018,5789480,6392119,5427752,1447226,534388,583360,651050,742600,894019,1181398,1605755,2050263,2658629,3130851,3198319,3193800,3127146,2300606,1139123,308103,3266356,635800,40768
World,2020,34316610,2081663,2791778,710115,373535,247666,378352,1093512,1443526,2231830,4110582,6575558,7257321,6137324,1629476,524736,568776,661316,782210,959491,1272339,1767507,2343075,2981458,3594100,3726447,3530874,3517227,2620097,1286131,343345,3165313,626018,46149
World,2021,37524844,2034609,2724004,689395,368133,249957,410890,1190484,1609611,2500359,4667357,7335269,8105229,6581493,1729866,569917,620567,731143,878468,1077376,1422983,1997063,2670294,3318725,4016544,4243644,3861585,3794531,2786962,1360840,369026,3092137,660847,52189
Yemen,1950,89820,43745,62251,18506,1834,1069,1324,3163,3015,3215,3648,4600,4234,1313,147,1632,1531,1494,1521,1594,1621,1794,1854,2214,2386,2392,1842,889,424,127,20,64085,2393,3
Yemen,1951,89888,43557,61870,18313,1879,1093,1356,3228,3069,3272,3709,4601,4326,1351,133,1666,1562,1523,1546,1623,1649,1826,1883,2208,2393,2414,1912,950,401,119,14,63749,2449,1
Yemen,1952,90515,44095,62090,17995,1924,1115,1386,3288,3122,3326,3768,4589,4386,1396,122,1698,1590,1549,1573,1650,1676,1848,1920,2191,2398,2415,1971,1021,375,112,10,64014,2501,1
Yemen,1953,91463,44790,62706,17916,1949,1133,1415,3347,3170,3376,3823,4564,4416,1446,114,1730,1617,1574,1596,1674,1702,1864,1959,2171,2393,2402,2014,1086,360,105,9,64655,2548,0
Yemen,1954,92743,45494,63645,18151,1956,1149,1442,3401,3212,3424,3881,4561,4448,1511,108,1761,1640,1596,1616,1695,1729,1883,1998,2167,2394,2399,2049,1145,366,101,7,65601,2591,0
Yemen,1955,94049,46169,64584,18415,1952,1171,1475,3467,3268,3479,3940,4563,4465,1581,98,1797,1670,1624,1644,1721,1758,1908,2032,2177,2386,2395,2070,1193,388,94,4,66536,2646,0
Yemen,1956,95395,46893,65607,18714,1935,1192,1503,3530,3317,3529,3994,4575,4471,1647,92,1832,1698,1649,1668,1746,1783,1933,2061,2202,2373,2393,2078,1232,415,88,4,67542,2695,0
Yemen,1957,96885,47554,66576,19022,1948,1227,1541,3623,3395,3604,4068,4613,4486,1715,85,1882,1741,1689,1706,1784,1820,1974,2094,2252,2361,2402,2084,1269,446,81,4,68524,2768,0
Yemen,1958,97202,47571,66570,18999,1953,1248,1563,3692,3445,3650,4114,4637,4478,1776,82,1920,1772,1714,1731,1806,1844,2004,2110,2298,2339,2402,2076,1302,474,78,4,68523,2811,0
Yemen,1959,98024,47784,66859,19075,1985,1272,1599,3790,3524,3727,4187,4693,4478,1825,84,1973,1817,1754,1770,1846,1881,2045,2142,2353,2340,2404,2074,1324,501,81,3,68844,2871,0
Yemen,1960,98618,48036,67264,19228,2003,1267,1612,3836,3551,3753,4220,4722,4451,1847,89,1999,1837,1768,1783,1859,1894,2064,2156,2380,2342,2388,2063,1329,518,86,3,69267,2879,0
Yemen,1961,99639,48312,67676,19364,2060,1277,1658,3946,3642,3839,4308,4808,4448,1876,96,2056,1890,1814,1828,1903,1936,2109,2199,2427,2381,2381,2067,1339,537,94,2,69736,2935,0
Yemen,1962,104053,48689,68517,19828,2199,1332,1985,5105,4334,4284,4649,5079,4552,1916,103,2677,2428,2203,2131,2144,2140,2285,2364,2563,2516,2433,2119,1357,559,101,2,70716,3317,0
Yemen,1963,107698,48996,69345,20349,2368,1395,2245,5941,4838,4624,4936,5328,4628,1938,112,3118,2823,2483,2355,2325,2299,2429,2507,2678,2650,2471,2157,1366,572,110,2,71713,3640,0
Yemen,1964,103974,48699,68664,19965,2235,1290,1978,5101,4318,4256,4642,5091,4403,1881,114,2663,2438,2200,2118,2129,2127,2274,2368,2539,2552,2344,2059,1315,566,111,3,70899,3268,0
Yemen,1965,103950,48575,68615,20040,2275,1293,1959,5088,4314,4261,4658,5117,4374,1869,121,2653,2435,2198,2116,2130,2131,2279,2379,2546,2571,2338,2036,1303,566,117,4,70890,3252,0
Yemen,1966,104000,48276,68439,20163,2300,1296,1939,5181,4359,4285,4687,5154,4371,1869,124,2705,2476,2227,2132,2143,2142,2290,2397,2561,2593,2355,2016,1301,568,120,4,70739,3235,0
Yemen,1967,103811,47859,67942,20083,2347,1316,1918,5256,4414,4322,4726,5195,4379,1865,128,2752,2504,2259,2155,2161,2161,2308,2418,2586,2609,2389,1990,1299,566,124,4,70289,3234,0
Yemen,1968,102581,47204,67124,19920,2377,1322,1851,5103,4325,4263,4694,5183,4365,1847,129,2675,2428,2209,2116,2127,2136,2288,2406,2587,2596,2412,1953,1287,560,125,4,69501,3173,0
Yemen,1969,98721,46035,65453,19418,2282,1264,1639,4419,3923,3988,4487,5030,4284,1816,132,2306,2113,1988,1935,1979,2009,2179,2308,2508,2522,2382,1902,1263,553,128,4,67735,2903,0
Yemen,1970,97444,45249,64392,19143,2281,1253,1617,4348,3887,3945,4460,5027,4298,1803,132,2256,2092,1971,1916,1954,1991,2162,2298,2507,2520,2399,1899,1251,552,128,4,66673,2870,0
Yemen,1971,95841,44620,63575,18955,2330,1267,1538,3894,3659,3834,4420,5041,4343,1802,134,1990,1904,1835,1824,1889,1945,2136,2284,2510,2531,2421,1922,1247,555,130,4,65905,2805,0
Yemen,1972,95231,44009,62782,18773,2348,1269,1557,3926,3693,3841,4428,5073,4385,1794,134,1982,1944,1854,1839,1892,1949,2137,2291,2523,2550,2432,1953,1237,557,130,4,65130,2826,0
Yemen,1973,94349,43318,61955,18637,2382,1273,1546,3798,3636,3817,4431,5117,4456,1799,136,1897,1901,1814,1822,1878,1939,2136,2295,2537,2580,2453,2003,1236,563,131,5,64337,2819,0
Yemen,1974,93195,42556,60889,18333,2387,1274,1542,3724,3599,3786,4421,5135,4497,1800,137,1855,1869,1791,1808,1861,1925,2127,2294,2539,2596,2462,2035,1236,564,131,6,63276,2816,0
Yemen,1975,92471,42039,60056,18017,2412,1288,1552,3670,3576,3780,4438,5182,4561,1818,138,1841,1829,1776,1800,1856,1924,2132,2306,2557,2625,2490,2071,1252,566,132,6,62468,2840,0
Yemen,1976,91739,41354,58999,17645,2455,1315,1577,3647,3590,3803,4478,5248,4639,1850,140,1853,1794,1784,1806,1867,1936,2149,2329,2585,2663,2529,2110,1281,569,134,6,61454,2892,0
Yemen,1977,90221,40556,57782,17226,2430,1305,1562,3524,3508,3740,4441,5245,4666,1874,141,1819,1705,1746,1762,1832,1908,2124,2317,2578,2667,2545,2121,1308,566,135,6,60212,2867,0
Yemen,1978,88664,39611,56378,16767,2412,1304,1556,3440,3430,3698,4422,5260,4709,1910,144,1799,1641,1709,1721,1808,1890,2109,2313,2580,2680,2571,2138,1343,567,138,6,58790,2860,0
Yemen,1979,87926,38923,55248,16325,2430,1324,1589,3474,3431,3724,4464,5331,4800,1964,145,1835,1639,1709,1722,1820,1904,2125,2339,2612,2719,2623,2177,1387,577,140,5,57678,2913,0
Yemen,1980,86204,38179,53933,15754,2385,1303,1562,3357,3280,3637,4417,5330,4844,2008,147,1788,1569,1618,1662,1771,1866,2094,2323,2605,2725,2645,2199,1417,591,142,5,56318,2865,0
Yemen,1981,84816,37315,52478,15163,2389,1314,1565,3311,3185,3616,4429,5386,4936,2064,148,1773,1538,1548,1637,1754,1862,2093,2336,2627,2759,2691,2245,1454,610,143,5,54867,2879,0
Yemen,1982,84229,36624,51421,14797,2473,1377,1611,3326,3122,3609,4474,5475,5056,2130,152,1792,1534,1494,1628,1739,1870,2109,2365,2666,2809,2749,2307,1492,638,146,6,53894,2988,0
Yemen,1983,81811,35552,49516,13964,2344,1291,1560,3218,2971,3517,4431,5488,5129,2188,157,1741,1477,1402,1569,1682,1835,2082,2349,2665,2823,2779,2350,1522,666,150,7,51860,2851,0
Yemen,1984,80370,34709,48100,13391,2328,1281,1560,3185,2874,3471,4425,5524,5212,2246,164,1732,1453,1351,1523,1649,1822,2075,2350,2676,2848,2817,2395,1554,692,156,8,50428,2841,0
Yemen,1985,79464,34042,47029,12987,2333,1280,1569,3185,2801,3446,4442,5586,5310,2309,171,1738,1447,1323,1478,1629,1817,2078,2364,2701,2885,2862,2448,1594,715,163,8,49362,2849,0
Yemen,1986,90618,33627,46255,12628,2378,1380,2813,7796,5222,4901,5338,6186,5709,2447,185,4315,3481,2723,2499,2442,2459,2557,2781,3026,3160,3087,2622,1692,755,175,10,48633,4193,0
Yemen,1987,78649,33251,45657,12406,2361,1296,1599,3224,2684,3432,4505,5723,5518,2450,196,1771,1453,1303,1381,1618,1814,2100,2405,2757,2966,2962,2556,1686,764,185,11,48018,2895,0
Yemen,1988,78637,33027,45260,12233,2375,1307,1617,3263,2644,3426,4556,5810,5638,2531,210,1798,1465,1301,1343,1613,1813,2121,2435,2794,3016,3021,2617,1741,790,199,11,47635,2924,0
Yemen,1989,78830,32863,44944,12081,2406,1332,1646,3324,2636,3431,4619,5906,5760,2607,220,1837,1487,1311,1325,1608,1823,2148,2471,2836,3070,3082,2678,1793,814,207,13,47350,2978,0
Yemen,1990,79051,32776,44710,11934,2415,1353,1669,3370,2632,3412,4677,5999,5892,2693,229,1866,1504,1317,1315,1584,1828,2171,2506,2876,3123,3147,2745,1849,844,215,14,47125,3022,0
Yemen,1991,80165,32741,44611,11870,2516,1425,1751,3538,2737,3482,4821,6172,6075,2797,240,1959,1579,1376,1361,1595,1887,2238,2583,2958,3214,3241,2834,1919,878,225,15,47127,3176,0
Yemen,1992,80565,32747,44579,11832,2515,1439,1771,3581,2747,3451,4872,6270,6208,2886,253,1981,1600,1386,1361,1551,1900,2252,2620,3002,3268,3307,2901,1974,912,235,18,47094,3210,0
Yemen,1993,80973,32803,44611,11808,2502,1447,1788,3613,2746,3410,4911,6366,6337,2977,261,1997,1616,1390,1356,1508,1902,2255,2656,3045,3321,3371,2966,2031,946,243,18,47113,3235,0
Yemen,1994,83834,32682,44475,11793,2612,1544,2069,4479,3210,3670,5182,6636,6583,3100,276,2476,2003,1660,1550,1633,2037,2383,2799,3184,3452,3502,3081,2112,988,256,20,47087,3613,0
Yemen,1995,82159,32387,44142,11755,2560,1517,1902,3814,2871,3439,5106,6659,6678,3184,288,2106,1708,1460,1411,1517,1922,2328,2778,3186,3473,3545,3133,2163,1021,266,22,46702,3419,0
Yemen,1996,82205,31241,42903,11662,2661,1594,2005,3991,2997,3496,5260,6857,6877,3281,282,2203,1788,1528,1469,1566,1930,2398,2862,3284,3573,3648,3229,2230,1051,266,16,45564,3599,0
Yemen,1997,81052,30504,41712,11208,2592,1570,2008,3961,2966,3408,5278,6943,6993,3351,272,2194,1767,1513,1453,1545,1863,2404,2874,3322,3621,3704,3289,2278,1073,261,11,44304,3578,0
Yemen,1998,81057,29810,40553,10743,2659,1632,2106,4119,3080,3454,5403,7142,7188,3447,274,2286,1833,1575,1505,1589,1865,2465,2938,3420,3722,3804,3384,2345,1102,264,10,43212,3738,0
Yemen,1999,80135,29226,39455,10229,2592,1612,2117,4114,3065,3405,5404,7248,7319,3528,279,2295,1819,1567,1498,1578,1827,2452,2952,3466,3782,3868,3451,2400,1128,268,11,42047,3729,0
Yemen,2000,78898,28378,38055,9677,2512,1590,2119,4114,3043,3372,5386,7353,7456,3614,281,2308,1806,1556,1487,1568,1804,2416,2970,3512,3841,3934,3522,2455,1159,272,9,40567,3709,0
Yemen,2001,77227,27288,36364,9076,2389,1552,2108,4089,3003,3345,5341,7449,7592,3705,286,2307,1782,1532,1471,1555,1790,2351,2990,3549,3900,4001,3591,2516,1189,277,9,38753,3660,0
Yemen,2002,75613,26354,34884,8530,2234,1499,2079,4043,2946,3308,5284,7525,7725,3793,290,2292,1751,1498,1448,1535,1773,2273,3011,3569,3956,4066,3659,2574,1219,283,7,37118,3578,0
Yemen,2003,74513,25663,33716,8053,2107,1455,2059,4021,2906,3288,5248,7628,7890,3899,298,2289,1732,1471,1435,1524,1764,2217,3031,3596,4032,4150,3740,2644,1255,290,8,35823,3514,0
Yemen,2004,73492,25009,32583,7574,1994,1412,2040,4011,2872,3276,5212,7729,8056,4005,303,2289,1722,1449,1423,1515,1761,2180,3032,3626,4103,4236,3820,2714,1291,296,7,34577,3452,0
Yemen,2005,72779,24436,31550,7114,1914,1380,2036,4037,2865,3293,5186,7854,8236,4122,314,2302,1735,1443,1422,1520,1773,2172,3014,3669,4185,4328,3908,2789,1333,306,8,33464,3416,0
Yemen,2006,73216,24004,30692,6688,1912,1394,2101,4225,2983,3421,5252,8092,8511,4290,343,2402,1823,1503,1480,1583,1838,2234,3018,3778,4314,4471,4040,2895,1395,334,9,32604,3495,0
Yemen,2007,72382,23331,29732,6401,1809,1318,2058,4193,2957,3427,5182,8191,8698,4434,384,2374,1819,1493,1464,1580,1847,2238,2944,3826,4365,4562,4136,2980,1454,368,16,31541,3376,0
Yemen,2008,71928,22800,28910,6110,1731,1252,2022,4180,2952,3460,5158,8308,8934,4600,418,2353,1827,1494,1458,1592,1868,2257,2901,3879,4429,4681,4253,3080,1520,397,21,30641,3274,0
Yemen,2009,73434,22445,28297,5852,1762,1268,2148,4636,3227,3682,5319,8560,9283,4796,452,2596,2040,1652,1575,1706,1976,2362,2957,3988,4572,4863,4420,3204,1592,426,26,30059,3416,0
Yemen,2010,74961,22474,28238,5764,1795,1275,2201,4841,3400,3860,5488,8760,9624,4991,485,2696,2145,1748,1652,1791,2069,2458,3030,4047,4713,5039,4585,3327,1664,453,32,30033,3476,0
Yemen,2011,76382,22822,28654,5832,1752,1227,2212,5089,3555,3960,5592,8812,9859,5156,512,2818,2271,1849,1706,1837,2123,2513,3079,4005,4807,5152,4707,3429,1727,476,36,30406,3439,0
Yemen,2012,79036,23299,29316,6017,1806,1248,2275,5444,3816,4180,5825,9001,10209,5369,546,2998,2446,1997,1819,1941,2239,2633,3192,4015,4986,5319,4890,3565,1804,505,41,31122,3523,0
Yemen,2013,79860,23691,29715,6024,1805,1242,2155,5136,3779,4262,5981,9121,10510,5574,579,2813,2323,1963,1816,1961,2301,2710,3271,4008,5113,5449,5061,3698,1876,532,47,31520,3397,0
Yemen,2014,83382,24179,30416,6237,1874,1283,2271,5750,4215,4580,6298,9358,10908,5811,613,3128,2622,2206,2009,2116,2464,2870,3428,4091,5267,5638,5270,3853,1958,561,52,32290,3554,1
Yemen,2015,99269,24907,31884,6977,2166,1500,3521,11246,7206,6074,7280,10026,11606,6114,642,6066,5180,3990,3216,2948,3126,3391,3889,4446,5580,6006,5600,4060,2054,588,54,34050,5021,1
Yemen,2016,99820,25095,32096,7001,2162,1502,3377,10779,7200,6188,7496,10110,11925,6319,665,5760,5019,3951,3249,2990,3198,3492,4004,4549,5561,6168,5757,4192,2127,610,55,34258,4879,1
Yemen,2017,103622,25243,32286,7043,2157,1520,3570,11765,7976,6634,7892,10273,12311,6547,690,6215,5550,4386,3590,3229,3405,3694,4198,4709,5564,6384,5927,4344,2203,633,57,34443,5090,1
Yemen,2018,121140,25795,33362,7567,2392,1728,4947,17885,11721,8468,9073,10962,13006,6876,718,9329,8556,6582,5139,4274,4194,4330,4743,5141,5821,6776,6230,4570,2306,660,58,35754,6675,1
Yemen,2019,117592,25960,33557,7597,2438,1738,4443,15327,10673,8220,9154,11037,13189,7074,743,7907,7420,5886,4787,4111,4109,4352,4802,5227,5810,6847,6342,4696,2378,682,61,35995,6181,1
Yemen,2020,120082,25830,32903,7073,2200,1583,3713,12485,9690,8666,10655,13434,15438,8455,858,6370,6115,5166,4524,4230,4436,4982,5673,6367,7067,8100,7338,5541,2914,790,68,35103,5296,1
Yemen,2021,129581,26382,34303,7921,2626,1854,4243,13732,10917,9820,11797,14569,16188,8702,821,6989,6743,5765,5152,4826,4994,5546,6251,6955,7614,8376,7812,5794,2908,763,58,36929,6097,1
Zambia,1950,23772,7874,13903,6029,1374,630,579,1287,1138,1048,1016,1216,1163,388,31,675,612,577,561,539,509,528,488,583,633,649,514,270,118,27,4,15277,1209,1
Zambia,1951,24330,8067,14186,6119,1405,642,592,1313,1160,1082,1053,1238,1207,417,32,689,624,587,573,556,526,547,506,589,649,665,542,295,122,30,2,15591,1234,1
Zambia,1952,24705,8189,14341,6152,1419,648,601,1330,1175,1111,1091,1253,1247,451,38,697,633,593,582,568,543,560,531,590,663,679,568,325,126,35,3,15760,1249,1
Zambia,1953,25025,8315,14496,6181,1419,651,607,1339,1182,1133,1127,1264,1284,486,41,701,638,594,588,575,558,568,559,588,676,691,593,354,132,37,4,15915,1258,1
Zambia,1954,25424,8455,14694,6239,1415,657,617,1358,1196,1159,1164,1281,1316,521,45,710,648,600,596,585,574,580,584,594,687,703,613,381,140,40,5,16109,1274,0
Zambia,1955,25818,8600,14896,6296,1419,663,625,1370,1208,1183,1199,1300,1349,559,48,717,653,604,604,595,588,593,606,605,695,716,633,404,155,43,5,16315,1288,0
Zambia,1956,26170,8738,15067,6329,1419,670,629,1382,1215,1201,1231,1323,1379,597,50,724,658,608,607,600,601,608,623,625,698,730,649,427,170,43,7,16486,1299,0
Zambia,1957,26572,8888,15271,6383,1428,675,635,1397,1226,1224,1262,1353,1410,633,53,733,664,615,611,610,614,625,637,653,700,748,662,447,186,46,7,16699,1310,1
Zambia,1958,26974,9047,15483,6436,1440,680,641,1413,1232,1241,1292,1385,1440,670,55,744,669,620,612,619,622,644,648,687,698,765,675,467,203,48,7,16923,1321,1
Zambia,1959,27405,9213,15715,6502,1460,681,646,1426,1245,1255,1324,1423,1469,702,59,752,674,627,618,624,631,664,660,718,705,779,690,483,219,51,8,17175,1327,1
Zambia,1960,27915,9384,15954,6570,1480,687,660,1456,1267,1283,1364,1472,1495,731,67,767,689,638,629,637,646,685,679,749,723,791,704,499,232,57,10,17434,1347,1
Zambia,1961,28355,9559,16208,6649,1499,690,668,1463,1275,1295,1393,1516,1518,755,71,771,692,643,632,640,655,698,695,770,746,797,721,512,243,61,10,17707,1358,1
Zambia,1962,28845,9742,16476,6734,1524,697,681,1488,1287,1307,1424,1566,1537,779,80,783,705,649,638,645,662,709,715,786,780,798,739,524,255,69,11,18000,1378,1
Zambia,1963,29375,9932,16770,6838,1554,709,690,1507,1301,1322,1458,1618,1557,800,86,791,716,655,646,650,672,722,736,798,820,799,758,534,266,75,11,18324,1399,1
Zambia,1964,30676,10203,17242,7039,1622,743,750,1690,1417,1406,1553,1718,1609,829,91,889,801,717,700,691,715,766,787,838,880,824,785,552,277,79,12,18864,1493,1
Zambia,1965,30705,10369,17457,7088,1633,747,716,1576,1358,1372,1546,1742,1618,842,96,828,748,684,674,672,700,757,789,842,900,832,786,559,283,84,12,19090,1463,1
Zambia,1966,31503,10640,17931,7291,1688,772,731,1607,1378,1391,1581,1799,1661,864,103,846,761,695,683,680,711,771,810,868,931,866,795,572,292,89,14,19619,1503,1
Zambia,1967,32322,10930,18388,7458,1740,796,746,1652,1409,1417,1618,1855,1709,888,108,874,778,711,698,695,722,788,830,899,956,910,799,589,299,93,15,20128,1542,1
Zambia,1968,33221,11221,18865,7644,1795,826,771,1694,1447,1449,1664,1915,1767,910,112,897,797,733,714,713,736,810,854,935,980,964,803,605,305,96,16,20660,1597,1
Zambia,1969,33901,11481,19236,7755,1831,846,793,1718,1471,1466,1692,1969,1831,931,119,908,810,747,724,723,743,822,870,967,1002,1014,817,619,312,101,18,21067,1639,1
Zambia,1970,34399,11664,19479,7815,1852,862,808,1733,1484,1483,1717,2020,1896,948,120,914,819,753,731,732,751,832,885,992,1028,1056,840,628,320,102,18,21331,1670,2
Zambia,1971,34533,11709,19469,7760,1845,871,816,1721,1475,1485,1734,2070,1961,959,124,906,815,747,728,732,753,838,896,1013,1057,1089,872,633,326,106,18,21314,1687,2
Zambia,1972,34485,11696,19341,7645,1827,871,822,1698,1455,1478,1745,2117,2031,968,126,894,804,733,722,725,753,837,908,1029,1088,1115,916,633,335,107,19,21168,1693,2
Zambia,1973,34354,11676,19235,7559,1812,872,824,1665,1417,1456,1733,2144,2090,974,129,883,782,710,707,711,745,827,906,1033,1111,1129,961,633,341,109,20,21047,1696,2
Zambia,1974,34369,11670,19131,7461,1801,875,835,1656,1403,1450,1741,2188,2162,990,135,887,769,702,701,706,744,828,913,1046,1142,1155,1007,642,348,113,22,20932,1710,2
Zambia,1975,34801,11791,19252,7461,1819,889,856,1678,1413,1471,1768,2246,2244,1021,138,908,770,707,706,716,755,838,930,1070,1176,1191,1053,666,355,115,23,21071,1745,2
Zambia,1976,35392,12005,19594,7589,1857,905,876,1685,1405,1471,1781,2291,2321,1057,143,920,765,704,701,714,757,844,937,1087,1204,1229,1092,696,361,119,24,21451,1781,2
Zambia,1977,36375,12295,20094,7799,1920,936,914,1745,1432,1503,1813,2351,2410,1103,147,962,783,720,712,731,772,860,953,1113,1238,1280,1130,739,364,123,24,22014,1850,3
Zambia,1978,37480,12620,20665,8045,1997,974,957,1823,1461,1533,1851,2413,2492,1158,152,1009,814,735,726,747,786,881,970,1142,1271,1331,1161,788,370,128,24,22662,1931,3
Zambia,1979,38657,12938,21225,8287,2075,1017,1010,1935,1506,1578,1893,2470,2578,1209,157,1074,861,759,747,772,806,904,989,1168,1302,1379,1199,831,378,131,26,23300,2027,3
Zambia,1980,40083,13246,21813,8567,2167,1071,1070,2073,1586,1653,1965,2562,2689,1272,161,1150,923,799,787,809,844,942,1023,1210,1352,1438,1251,876,396,134,27,23980,2141,3
Zambia,1981,41336,13648,22433,8785,2244,1116,1117,2192,1638,1694,2012,2621,2779,1324,163,1215,977,824,814,828,866,964,1048,1235,1386,1483,1296,909,415,136,27,24677,2233,3
Zambia,1982,43021,14177,23277,9100,2345,1176,1180,2360,1730,1763,2077,2693,2875,1379,165,1304,1056,872,858,862,901,996,1081,1267,1426,1527,1348,938,441,137,28,25622,2356,3
Zambia,1983,44953,14793,24284,9491,2444,1235,1246,2548,1844,1844,2154,2770,2977,1435,167,1401,1147,938,906,900,944,1034,1120,1302,1468,1571,1406,967,468,138,29,26728,2481,3
Zambia,1984,47448,15506,25548,10042,2581,1319,1334,2789,2007,1964,2262,2879,3094,1498,170,1521,1268,1036,971,961,1003,1088,1174,1351,1528,1627,1467,1003,495,141,29,28129,2653,3
Zambia,1985,50241,16340,26990,10650,2726,1410,1435,3077,2216,2117,2387,2994,3171,1541,177,1661,1416,1159,1057,1042,1075,1152,1235,1410,1584,1668,1503,1028,513,147,30,29716,2845,3
Zambia,1986,53232,17190,28548,11358,2889,1510,1548,3376,2439,2267,2515,3109,3258,1590,184,1804,1572,1292,1147,1125,1142,1220,1295,1471,1638,1715,1543,1060,530,154,30,31437,3058,3
Zambia,1987,56220,17982,30058,12076,3061,1610,1666,3685,2678,2418,2643,3226,3344,1633,193,1950,1735,1434,1244,1210,1208,1287,1356,1535,1691,1764,1580,1092,541,163,30,33119,3276,4
Zambia,1988,59031,18695,31408,12713,3224,1707,1778,3988,2940,2562,2772,3337,3422,1681,202,2093,1895,1584,1356,1289,1273,1359,1413,1599,1738,1812,1610,1127,554,172,30,34632,3485,4
Zambia,1989,62113,19373,32608,13235,3386,1809,1919,4390,3328,2781,2952,3487,3509,1726,210,2280,2110,1797,1531,1405,1376,1456,1496,1684,1803,1866,1643,1159,567,179,31,35994,3728,4
Zambia,1990,64783,19936,33649,13713,3542,1899,2044,4744,3674,2959,3093,3606,3583,1770,216,2449,2295,1987,1687,1498,1461,1531,1562,1749,1857,1909,1674,1188,582,185,31,37191,3943,4
Zambia,1991,67851,20520,34685,14165,3717,2003,2197,5179,4124,3210,3277,3757,3663,1815,225,2658,2521,2229,1895,1630,1580,1626,1651,1832,1925,1957,1706,1213,602,191,34,38402,4200,4
Zambia,1992,70400,20973,35421,14448,3830,2079,2321,5581,4573,3456,3439,3885,3726,1855,230,2849,2732,2465,2108,1763,1693,1708,1731,1900,1985,1992,1734,1235,620,195,35,39251,4400,4
Zambia,1993,72449,21324,35896,14572,3887,2132,2419,5936,5008,3691,3584,3993,3776,1889,236,3016,2920,2687,2321,1905,1786,1780,1804,1957,2036,2016,1760,1251,638,199,37,39783,4551,4
Zambia,1994,74041,21566,36127,14561,3905,2167,2496,6249,5412,3915,3706,4079,3817,1923,243,3160,3089,2886,2526,2057,1858,1843,1863,2004,2075,2035,1782,1268,655,204,39,40032,4663,4
Zambia,1995,76208,21743,36311,14568,3938,2226,2601,6706,5985,4263,3901,4210,3865,1956,250,3361,3345,3166,2819,2279,1984,1953,1948,2080,2130,2064,1801,1285,671,210,40,40249,4827,4
Zambia,1996,78294,21884,36507,14623,3975,2286,2699,7153,6537,4601,4069,4318,3901,1983,258,3557,3596,3431,3106,2500,2101,2053,2016,2145,2173,2088,1813,1299,684,216,42,40482,4985,4
Zambia,1997,80150,22024,36703,14679,4011,2338,2787,7567,7031,4920,4198,4395,3925,2010,265,3734,3833,3664,3367,2713,2207,2136,2062,2197,2198,2105,1820,1315,695,223,42,40714,5125,4
Zambia,1998,82012,22207,36922,14715,4051,2382,2872,7982,7524,5273,4301,4460,3936,2033,272,3907,4075,3899,3625,2936,2337,2201,2100,2245,2215,2116,1820,1330,703,230,42,40973,5254,5
Zambia,1999,83242,22333,37005,14672,4083,2414,2933,8271,7872,5568,4343,4486,3933,2053,279,4022,4249,4065,3807,3113,2455,2223,2120,2265,2221,2117,1816,1339,714,235,44,41088,5347,5
Zambia,2000,83226,22162,36474,14312,4017,2387,2941,8415,8104,5802,4357,4463,3909,2070,285,4061,4354,4178,3926,3252,2550,2230,2127,2257,2206,2100,1809,1347,723,240,45,40491,5328,5
Zambia,2001,81969,21474,35015,13541,3845,2305,2910,8467,8307,6037,4387,4441,3879,2080,290,4042,4425,4282,4025,3383,2654,2247,2140,2246,2195,2078,1801,1350,730,244,46,38860,5215,5
Zambia,2002,79741,20576,33095,12519,3596,2180,2821,8391,8404,6223,4408,4395,3837,2085,294,3963,4428,4333,4071,3477,2746,2263,2145,2221,2174,2045,1792,1348,737,248,46,36691,5001,5
Zambia,2003,77178,19706,31185,11479,3342,2054,2710,8188,8379,6342,4420,4360,3801,2089,303,3835,4353,4319,4060,3523,2819,2289,2131,2195,2165,2019,1782,1345,744,252,51,34527,4764,5
Zambia,2004,74452,18965,29544,10579,3117,1935,2588,7893,8201,6335,4391,4285,3757,2094,305,3680,4213,4225,3976,3491,2844,2309,2082,2152,2133,1986,1771,1342,752,254,51,32661,4523,5
Zambia,2005,72260,18276,28043,9767,2891,1818,2466,7663,8184,6424,4413,4232,3717,2093,309,3550,4113,4205,3979,3514,2910,2356,2057,2126,2106,1961,1756,1340,753,258,51,30934,4284,6
Zambia,2006,70814,17733,26869,9136,2705,1719,2360,7529,8311,6583,4475,4176,3672,2091,313,3461,4068,4252,4059,3580,3003,2427,2048,2110,2066,1933,1739,1337,754,260,53,29574,4079,6
Zambia,2007,70187,17365,26173,8808,2592,1656,2290,7468,8493,6759,4560,4136,3648,2089,316,3408,4060,4327,4166,3657,3102,2507,2053,2102,2034,1923,1725,1336,753,263,53,28765,3946,6
Zambia,2008,69473,17079,25588,8509,2500,1601,2225,7359,8580,6863,4650,4072,3626,2087,318,3337,4022,4349,4231,3697,3166,2577,2073,2074,1998,1913,1713,1336,751,265,53,28088,3826,6
Zambia,2009,66967,16663,24784,8121,2403,1531,2126,6911,8054,6556,4609,3972,3612,2082,320,3153,3758,4067,3987,3504,3052,2546,2063,2010,1962,1905,1707,1335,747,266,54,27187,3657,6
Zambia,2010,65545,16250,24016,7766,2328,1480,2072,6681,7838,6480,4677,3948,3616,2080,321,3049,3632,3933,3905,3450,3030,2580,2097,1988,1960,1907,1709,1333,747,267,54,26344,3552,6
Zambia,2011,64803,16176,23845,7669,2324,1463,2043,6467,7579,6371,4731,3941,3636,2074,323,2961,3506,3780,3799,3384,2987,2599,2132,1973,1968,1915,1721,1330,744,268,55,26169,3506,6
Zambia,2012,63629,16028,23592,7564,2322,1449,2009,6179,7195,6166,4733,3923,3659,2073,322,2851,3328,3571,3624,3267,2899,2583,2150,1953,1970,1919,1740,1329,744,267,55,25914,3458,6
Zambia,2013,61921,15546,22757,7211,2250,1403,1945,5880,6889,6039,4759,3916,3684,2072,324,2725,3155,3397,3492,3194,2845,2580,2179,1958,1958,1922,1762,1329,743,267,57,25007,3348,7
Zambia,2014,61519,15196,22228,7032,2234,1397,1940,5781,6813,6096,4896,3989,3743,2074,322,2692,3089,3340,3473,3221,2875,2637,2259,2024,1965,1953,1790,1333,741,265,57,24462,3337,7
Zambia,2015,62368,15262,22316,7054,2276,1429,1974,5803,6866,6264,5092,4113,3823,2083,321,2718,3085,3357,3509,3304,2960,2724,2368,2116,1997,2002,1821,1343,740,264,57,24592,3403,7
Zambia,2016,62260,15035,21826,6791,2243,1433,1995,5795,6836,6360,5232,4216,3903,2094,319,2737,3058,3339,3497,3345,3015,2779,2453,2194,2022,2052,1851,1357,737,262,57,24069,3428,7
Zambia,2017,63528,15113,21852,6739,2259,1465,2036,5868,6978,6661,5523,4435,4011,2118,319,2783,3085,3392,3586,3488,3173,2917,2606,2337,2098,2123,1888,1380,738,262,57,24111,3501,7
Zambia,2018,65253,15474,22463,6989,2342,1528,2098,5949,7041,6870,5744,4645,4102,2143,319,2840,3109,3412,3629,3580,3290,3018,2726,2463,2182,2177,1925,1405,738,262,57,24805,3626,7
Zambia,2019,65639,15428,22364,6936,2321,1529,2066,5753,6892,7022,6021,4957,4216,2172,318,2756,2997,3307,3585,3619,3403,3145,2876,2634,2323,2236,1980,1432,740,262,56,24685,3595,7
Zambia,2020,67851,15108,21566,6458,2198,1479,1913,5250,6662,7650,7142,6226,4907,2497,353,2508,2742,3089,3573,3834,3816,3646,3496,3299,2927,2638,2269,1632,865,292,61,23764,3392,7
Zambia,2021,73694,14591,20394,5803,2021,1434,2158,5837,7552,9095,8759,7598,5738,2745,361,2785,3052,3482,4070,4465,4630,4527,4232,4014,3584,3124,2614,1816,929,299,62,22415,3592,7
Zimbabwe,1950,24630,7526,12409,4883,1211,591,608,1521,1552,1470,1593,1754,1450,432,41,777,744,807,745,728,742,780,813,861,893,829,621,293,139,36,5,13620,1199,1
Zimbabwe,1951,25517,7684,13025,5341,1225,604,616,1536,1579,1485,1618,1801,1518,464,46,787,749,809,770,735,750,791,827,883,918,862,656,325,139,40,6,14250,1220,1
Zimbabwe,1952,26001,7742,13342,5600,1217,610,618,1538,1578,1490,1632,1840,1585,501,49,784,754,789,789,738,752,797,835,905,935,894,691,364,137,43,6,14559,1228,1
Zimbabwe,1953,26406,7794,13573,5779,1197,619,623,1548,1584,1495,1645,1880,1650,539,51,782,766,769,815,741,754,806,839,927,953,928,722,402,137,45,6,14770,1242,1
Zimbabwe,1954,26740,7846,13690,5844,1218,627,630,1557,1584,1509,1661,1918,1712,581,55,780,777,751,833,752,757,815,846,947,971,959,753,436,145,48,7,14908,1257,1
Zimbabwe,1955,27175,7920,13785,5865,1290,634,639,1573,1597,1539,1687,1971,1774,627,56,785,788,749,848,772,767,827,860,972,999,989,785,467,160,49,7,15075,1273,1
Zimbabwe,1956,27459,8002,13871,5869,1349,636,648,1571,1577,1553,1692,1997,1833,674,55,785,786,742,835,786,767,828,864,980,1017,1014,819,496,178,47,8,15220,1284,1
Zimbabwe,1957,27826,8090,13968,5878,1403,636,658,1574,1572,1589,1714,2043,1891,723,57,789,785,752,820,814,775,836,878,994,1049,1039,852,522,201,48,9,15371,1294,1
Zimbabwe,1958,28083,8147,14000,5853,1445,628,668,1573,1561,1623,1730,2079,1946,770,59,793,780,763,798,842,781,841,889,1003,1076,1061,885,548,222,48,11,15445,1296,1
Zimbabwe,1959,28291,8209,14047,5838,1466,634,675,1570,1540,1641,1736,2101,1999,815,64,797,773,767,773,854,787,840,896,1005,1096,1082,917,574,241,53,11,15513,1309,1
Zimbabwe,1960,28583,8276,14092,5816,1467,661,685,1581,1542,1674,1757,2142,2054,860,70,807,774,775,767,867,807,850,907,1020,1122,1108,946,600,260,59,11,15559,1346,1
Zimbabwe,1961,28799,8326,14110,5784,1463,684,689,1591,1541,1689,1772,2172,2110,904,76,815,776,775,766,861,828,857,915,1032,1140,1137,973,627,277,65,11,15573,1373,1
Zimbabwe,1962,28995,8367,14107,5740,1456,711,689,1602,1545,1702,1785,2200,2169,946,85,825,777,773,772,844,858,863,922,1046,1154,1171,998,655,291,74,11,15563,1400,1
Zimbabwe,1963,29124,8387,14069,5682,1446,738,681,1612,1548,1704,1794,2222,2224,991,93,835,777,766,782,818,886,868,926,1060,1162,1202,1022,684,307,82,11,15515,1419,1
Zimbabwe,1964,29283,8392,13995,5603,1434,754,686,1632,1563,1718,1827,2255,2281,1035,103,847,785,765,798,804,914,889,938,1078,1177,1234,1047,711,324,91,12,15429,1440,1
Zimbabwe,1965,29447,8420,13961,5541,1426,754,710,1648,1566,1721,1856,2282,2337,1076,110,854,794,763,803,796,925,909,947,1091,1191,1261,1076,737,339,97,13,15387,1464,1
Zimbabwe,1966,29657,8453,13936,5483,1421,753,738,1663,1576,1726,1901,2317,2394,1117,117,860,803,767,809,799,927,940,961,1107,1210,1286,1108,760,357,103,14,15357,1491,1
Zimbabwe,1967,29955,8516,13978,5462,1421,755,776,1686,1584,1726,1953,2346,2446,1155,126,866,820,774,810,812,914,980,973,1118,1228,1303,1143,782,373,108,18,15399,1531,1
Zimbabwe,1968,30401,8622,14082,5460,1428,762,828,1715,1607,1737,2021,2389,2500,1196,135,872,843,789,818,838,899,1028,993,1134,1255,1321,1179,804,392,116,19,15510,1590,1
Zimbabwe,1969,30752,8777,14260,5483,1438,768,859,1728,1602,1722,2052,2401,2544,1234,142,877,851,792,810,847,875,1049,1003,1135,1266,1333,1211,827,407,122,20,15698,1627,2
Zimbabwe,1970,31235,8979,14535,5556,1457,778,869,1769,1601,1710,2077,2423,2588,1278,152,912,857,797,804,849,861,1056,1021,1144,1279,1350,1238,853,425,130,22,15992,1647,2
Zimbabwe,1971,32063,9220,14907,5687,1486,783,870,1810,1613,1752,2186,2529,2639,1325,160,950,860,803,810,866,886,1089,1097,1212,1317,1373,1266,883,442,136,24,16393,1653,2
Zimbabwe,1972,32895,9524,15364,5840,1521,792,868,1841,1613,1783,2265,2627,2683,1371,170,989,852,806,807,871,912,1092,1173,1270,1357,1396,1287,915,456,144,26,16885,1660,2
Zimbabwe,1973,34320,9903,15928,6025,1564,809,921,2065,1708,1862,2363,2755,2736,1418,179,1151,914,865,843,897,965,1103,1260,1337,1418,1427,1309,947,471,151,28,17492,1730,3
Zimbabwe,1974,35402,10295,16552,6257,1618,831,931,2110,1722,1891,2426,2882,2785,1467,187,1186,924,875,847,898,993,1103,1323,1399,1483,1453,1332,980,487,158,29,18170,1762,3
Zimbabwe,1975,36518,10689,17222,6533,1681,856,945,2159,1731,1904,2467,3009,2834,1510,195,1195,964,880,851,895,1009,1105,1362,1459,1550,1481,1353,1004,506,165,30,18903,1801,3
Zimbabwe,1976,39315,11027,17824,6797,1739,890,1116,2844,2064,2134,2687,3284,2955,1568,208,1559,1285,1070,994,1009,1125,1210,1477,1615,1669,1554,1401,1039,529,174,34,19563,2006,3
Zimbabwe,1977,42184,11287,18321,7034,1802,927,1296,3568,2404,2379,2932,3611,3100,1623,214,1925,1643,1255,1149,1132,1247,1347,1585,1807,1804,1645,1455,1071,552,180,34,20123,2223,4
Zimbabwe,1978,48026,11447,18663,7216,1846,948,1758,5539,3223,3005,3554,4254,3313,1692,226,2960,2579,1701,1522,1448,1557,1675,1879,2209,2045,1782,1531,1112,580,189,37,20509,2706,4
Zimbabwe,1979,47898,11405,18756,7351,1901,906,1507,4691,2797,3086,3988,4906,3405,1721,230,2461,2230,1419,1378,1441,1645,1878,2110,2616,2290,1855,1550,1124,597,192,38,20657,2413,4
Zimbabwe,1980,40448,11360,18530,7170,1907,856,752,1661,1374,2088,3329,4729,3293,1690,236,839,822,647,727,909,1179,1529,1800,2427,2302,1804,1489,1096,594,196,40,20437,1608,4
Zimbabwe,1981,40804,12008,18865,6857,1960,1067,1095,2360,1856,1816,2446,3938,3432,1724,244,1207,1153,981,875,856,960,1169,1277,1680,2258,1898,1534,1118,606,203,41,20825,2162,5
Zimbabwe,1982,40883,11909,18612,6703,1882,1057,1127,2391,1961,1834,2461,3933,3605,1759,254,1229,1162,1058,903,878,956,1170,1291,1651,2282,2012,1593,1141,618,212,42,20494,2184,5
Zimbabwe,1983,41255,11654,18236,6582,1822,1067,1229,2626,2161,1887,2466,3816,3875,1800,263,1364,1262,1203,958,925,962,1162,1304,1583,2233,2204,1671,1170,630,220,43,20058,2296,5
Zimbabwe,1984,40288,10997,17167,6170,1695,1020,1167,2453,2187,1950,2555,3744,4223,1848,275,1270,1183,1205,982,964,986,1182,1373,1631,2113,2463,1760,1201,647,229,46,18862,2187,5
Zimbabwe,1985,40114,10469,16335,5866,1628,1006,1197,2532,2324,2057,2647,3738,4471,1884,284,1319,1213,1243,1081,1025,1032,1213,1434,1673,2065,2625,1846,1225,659,236,48,17963,2203,6
Zimbabwe,1986,40225,10040,15590,5550,1600,998,1223,2631,2491,2197,2753,3855,4638,1943,292,1377,1254,1288,1203,1101,1096,1257,1496,1742,2113,2690,1948,1268,675,241,51,17190,2221,6
Zimbabwe,1987,41515,9781,15192,5411,1623,1011,1276,2889,2901,2514,2957,4026,4793,2020,301,1498,1391,1449,1452,1267,1247,1361,1596,1862,2164,2720,2073,1325,695,248,53,16815,2287,6
Zimbabwe,1988,42878,9532,14897,5365,1710,1040,1295,3011,3262,2849,3195,4284,4917,2103,309,1542,1469,1561,1701,1430,1419,1476,1719,2072,2212,2654,2263,1390,713,255,54,16607,2335,6
Zimbabwe,1989,45606,9458,14840,5382,1824,1098,1364,3284,3827,3433,3601,4727,5087,2194,318,1651,1633,1776,2051,1737,1696,1685,1916,2363,2364,2546,2541,1462,732,261,57,16664,2462,7
Zimbabwe,1990,48430,9691,15192,5501,1923,1177,1486,3636,4248,3961,3884,5057,5229,2296,327,1819,1817,1963,2285,2042,1919,1852,2032,2526,2531,2512,2717,1543,753,267,60,17115,2663,7
Zimbabwe,1991,51920,10119,15860,5741,2029,1285,1630,4077,4756,4588,4207,5397,5332,2414,337,2020,2057,2198,2558,2414,2174,2050,2157,2676,2721,2571,2761,1630,784,276,61,17889,2915,7
Zimbabwe,1992,57054,10689,16854,6165,2152,1432,1827,4802,5675,5560,4675,5761,5398,2559,347,2334,2468,2631,3044,3005,2555,2351,2324,2826,2935,2631,2767,1737,822,284,63,19006,3259,8
Zimbabwe,1993,63147,11094,17592,6498,2315,1619,2031,5529,6718,6828,5458,6452,5471,2768,357,2631,2898,3113,3605,3786,3042,2798,2660,3191,3261,2753,2718,1904,864,293,64,19907,3650,8
Zimbabwe,1994,68546,11367,18140,6773,2377,1774,2211,6286,7630,8028,6188,7016,5477,3044,367,2954,3332,3555,4075,4459,3569,3237,2951,3458,3558,2891,2586,2131,913,301,66,20517,3985,9
Zimbabwe,1995,74964,11659,18713,7054,2383,1876,2356,7287,9206,9734,6985,7329,5479,3225,378,3321,3966,4318,4888,5323,4411,3748,3237,3612,3717,2982,2497,2259,966,310,68,21096,4232,9
Zimbabwe,1996,80774,12220,19631,7411,2543,2080,2738,8244,9858,10532,7699,7935,5812,3295,397,3818,4426,4718,5140,5569,4963,4137,3562,3863,4072,3253,2559,2273,1022,326,71,22174,4818,9
Zimbabwe,1997,85803,12615,20013,7398,2490,2088,2954,9218,11073,11712,8356,8141,5981,3350,416,4222,4996,5379,5694,6039,5673,4520,3836,3958,4183,3415,2566,2259,1091,343,73,22503,5042,10
Zimbabwe,1998,92202,13002,20480,7478,2485,2104,3228,10440,12713,13227,9130,8371,6178,3395,435,4697,5743,6256,6457,6654,6573,4937,4193,4105,4266,3587,2591,2189,1206,361,74,22965,5332,10
Zimbabwe,1999,99727,13336,20897,7561,2485,2108,3534,11903,14794,14892,10169,8662,6386,3427,461,5230,6673,7354,7440,7407,7485,5546,4623,4323,4339,3745,2641,2067,1360,384,77,23382,5642,10
Zimbabwe,2000,102007,13516,21127,7611,2507,2109,3796,12523,14864,14625,10869,8984,6666,3437,487,5550,6973,7476,7388,7202,7423,5959,4910,4546,4438,3925,2741,2000,1437,407,80,23634,5905,11
Zimbabwe,2001,110023,13509,21117,7608,2482,2084,3966,14209,17296,16268,12353,9464,6833,3426,516,6147,8062,8715,8581,8076,8192,6906,5447,4928,4536,4011,2822,1998,1428,431,85,23599,6050,11
Zimbabwe,2002,101253,13479,21159,7680,2443,1949,3641,12989,14881,13585,11272,8733,6635,3401,552,5747,7242,7570,7311,6721,6864,6313,4959,4591,4142,3788,2847,1992,1409,463,89,23602,5590,11
Zimbabwe,2003,103514,13417,21115,7698,2375,1839,3399,13701,16507,14130,11591,8479,6397,3361,612,5906,7795,8402,8105,7127,7003,6678,4913,4561,3918,3544,2853,1995,1366,516,96,23490,5238,12
Zimbabwe,2004,101145,13473,21323,7850,2432,1811,3198,13421,16061,13052,11289,8313,6231,3317,687,5850,7571,8237,7824,6640,6412,6455,4834,4514,3799,3361,2870,2014,1303,586,101,23755,5009,12
Zimbabwe,2005,99652,13442,21394,7952,2509,1801,3013,13162,15896,12319,11122,8308,6071,3320,722,5734,7428,8205,7691,6344,5975,6159,4963,4540,3768,3206,2865,2049,1271,615,107,23903,4814,13
Zimbabwe,2006,98557,13565,21741,8176,2643,1840,2902,12860,15587,11613,10925,8404,5946,3365,719,5544,7316,8102,7485,6066,5547,5831,5094,4596,3808,3100,2846,2093,1272,604,115,24384,4742,13
Zimbabwe,2007,97371,13849,22122,8273,2722,1866,2836,12610,15341,11035,10537,8361,5800,3415,716,5330,7280,8002,7339,5878,5157,5425,5112,4528,3833,3006,2794,2145,1270,593,123,24844,4702,14
Zimbabwe,2008,95400,14235,22625,8390,2832,1906,2742,12007,14748,10363,10096,8246,5625,3477,715,4939,7068,7671,7077,5612,4751,4993,5103,4414,3832,2919,2706,2200,1277,576,139,25457,4648,15
Zimbabwe,2009,92393,14379,22452,8073,2680,1816,2520,11247,14486,9995,9515,8027,5402,3523,714,4408,6839,7440,7046,5517,4478,4600,4915,4287,3740,2821,2581,2229,1294,555,159,25132,4336,16
Zimbabwe,2010,84808,13970,21346,7376,2373,1656,2265,9671,12684,8830,8515,7897,5284,3558,710,3731,5940,6446,6238,4895,3935,4031,4484,4224,3673,2800,2484,2237,1321,545,165,23719,3921,17
Zimbabwe,2011,78499,13482,20522,7040,2196,1574,2107,8301,11147,7820,7574,7745,5211,3582,706,3232,5069,5639,5508,4336,3484,3526,4048,4140,3605,2803,2408,2229,1353,547,159,22718,3681,18
Zimbabwe,2012,71856,12392,18589,6197,1906,1416,1901,6945,9827,7105,6905,7736,5215,3587,703,2751,4194,4942,4885,3923,3182,3173,3732,4141,3595,2854,2361,2199,1388,547,156,20495,3317,20
Zimbabwe,2013,67135,11670,17152,5482,1693,1295,1792,6049,8861,6625,6345,7734,5294,3571,704,2482,3567,4456,4405,3646,2979,2896,3449,4155,3579,2946,2348,2149,1422,552,152,18845,3087,22
Zimbabwe,2014,63729,11078,16131,5053,1584,1214,1737,5406,8099,6289,5879,7699,5414,3534,710,2319,3087,4085,4014,3455,2834,2685,3194,4085,3614,3043,2371,2089,1445,563,147,17715,2951,26
Zimbabwe,2015,62731,10749,15652,4903,1577,1183,1758,5138,7849,6327,5662,7752,5589,3492,725,2291,2847,3933,3916,3481,2846,2617,3045,3988,3764,3156,2433,2037,1455,577,148,17229,2941,27
Zimbabwe,2016,61762,10324,14837,4513,1528,1123,1761,4939,7654,6478,5581,7848,5807,3448,740,2270,2669,3737,3917,3563,2915,2627,2954,3914,3934,3287,2520,1997,1451,593,147,16365,2884,25
Zimbabwe,2017,62092,10113,14411,4298,1540,1098,1794,4926,7676,6809,5630,7980,6039,3406,757,2313,2613,3616,4060,3736,3073,2715,2915,3857,4123,3414,2625,1974,1432,611,146,15951,2892,25
Zimbabwe,2018,60873,9826,13768,3942,1466,1036,1762,4764,7284,6821,5572,8000,6230,3371,776,2283,2481,3295,3989,3698,3123,2743,2829,3727,4273,3485,2745,1972,1399,627,149,15234,2798,25
Zimbabwe,2019,63152,9811,13748,3937,1541,1079,1820,5041,7683,7488,5885,8163,6520,3366,791,2424,2617,3329,4354,4017,3471,2979,2906,3729,4434,3640,2880,2002,1364,638,153,15289,2899,25
Zimbabwe,2020,66267,9741,13566,3825,1477,1057,1615,4790,7682,8266,6608,9067,7486,3759,865,2279,2511,3157,4525,4370,3896,3364,3244,4115,4952,4251,3235,2263,1496,698,167,15043,2672,26
Zimbabwe,2021,75309,9775,13608,3833,1476,1115,1901,5699,8480,9979,7987,10444,9242,4406,943,2752,2947,3467,5013,5170,4809,4159,3828,4671,5773,5265,3977,2723,1683,761,182,15084,3016,27